0 0.06041367016673924 0.02601404771469635 0.062366393724927804 0.025035333813551917 0.03281129732256928 0.08250114285387318 0.05942827275712472 0.00012811129289108878 0.07855802355677094 0.0804836496271294 0.03230747004264584 0.013715768359216942 0.058501973052878645 0.03828892913369673 0.08747836700013797 0.09376417980442385 0.016166016306911616 0.034469120552785316 0.08115169708778969 0.0364165358292398
1 0.005928340542524694 0.0357805503052623 0.03234537067815604 0.07668496166586156 0.016037833874315885 0.07323795173563169 0.05718117640492745 0.05010103224019932 0.07483893683010862 0.07471093767886475 0.023758798106167975 0.07040927501521284 0.016024935267220767 0.06383833863977882 0.05228308202128703 0.05475568228149694 0.0157219590013811 0.07422363371631399 0.07544281221560098 0.05669439177968739
2 0.06770697095682497 0.06691134808331708 0.026193656011919243 0.048256703465575854 0.0284547094406769 0.0074633749932723785 0.08000553124459506 0.10754186236849415 0.0877959951827667 0.015886390675544614 0.001814739503408928 0.005398861143590646 0.09821209136282562 0.006959960793720537 0.03125843350174239 0.034589173048666016 0.09775995882095805 0.05529387031461046 0.07764310081612605 0.05485326827136428
3 0.0037762285060700344 0.01595591536765518 0.04017844470514153 0.05790842628702767 0.06971568977234206 0.07213611570791281 0.05855232810504152 0.07566067082552218 0.025080184628043685 0.03837506804231932 0.021508476193465003 0.07675888201620484 0.055193667426366215 0.023119683424310426 0.07980471157342002 0.04283230724935915 0.04176641783775729 0.07056747379134462 0.047708519391559595 0.08340078914913664
4 0.04155743710436264 0.06667212605662526 0.024649607076957136 0.008475946420807429 0.04858576310309859 0.015809496654605217 0.06282765462963062 0.04024773995131605 0.07451657333703678 0.07126857845597996 0.07270182212818146 0.0812072107202962 0.04222995985794266 0.10031556303784575 0.026165261524176683 0.03286962814547277 0.06478195127444016 0.06025173674128838 0.0010639051879903657 0.06380203859194597
5 0.06245020206474457 0.06101731773853324 0.05543864076921912 0.009281620697814824 0.002542065371942567 0.08072148828855596 0.058769954800104066 0.08684335634740409 0.05700445783497186 0.015367121494153745 0.03692227438562698 0.06544178013677708 0.045225003363453815 0.0201080915282122 0.05256154019930237 0.01805170509216922 0.07972528551486532 0.08608851423678854 0.0814365830728386 0.025002997062521463
6 0.0683472213248784 0.022270871462771527 0.09515606480192339 0.039308351388494804 0.009944457530544872 0.0006027042237252362 0.02060709500075646 0.06348363767740468 0.07357639462516463 0.02993817588749578 0.05127530821216653 0.0143764264791202 0.05981974636388402 0.06012590121150134 0.08432911933434072 0.05822357687321231 0.08767867881488885 0.039222185539490535 0.031306469768426035 0.09040761347980977
7 0.06651913281833881 0.0668452079953914 0.06457916909612783 0.08107209772834309 0.09776895191830727 0.06156072276491826 0.028732025567439774 0.0900090756380265 0.007837960256149901 0.056431778748025234 0.03033693863681824 0.020174469153859183 0.06137028245237159 0.03438303340605979 0.004712628851187867 0.07154686319159927 0.04720530566628168 0.05028616586811632 0.03335704690058917 0.025271143342048902
8 0.023247162922293542 0.07458640362641585 0.06270516770387284 0.005629550128349676 0.05032954079736184 0.09722183762091535 0.08280649348866856 0.024053378600575874 0.03333627512782029 0.0014645105929964554 0.09266308268785158 0.009441438150093802 0.05849788600782074 0.052972567615907705 0.08525449237685877 0.05287452213174502 0.06641228756445215 0.07748002233125123 0.028783569320151643 0.020239811204597155
9 0.08834869599015872 0.08482671290858179 0.0208170945623203 0.05538976683280257 0.04318760438794375 0.022206434301643978 0.036392339851321384 0.0688268594329302 0.08717840636079383 0.010311998339373138 0.045152180468891336 0.0795692874082863 0.012088487106810356 0.027525071966190095 0.051144929916453585 0.026664776862733896 0.058332855483239784 0.04894038341787501 0.06642140351283861 0.06667471088881141
10 0.03150065024874254 0.07445235129375585 0.10171993538193753 0.0632108252317457 0.008251909866996395 0.10209204148691349 0.05144014680759478 0.046581427245189586 0.047740547212275976 0.031508474009212556 0.01831307053411739 0.01546681853768767 0.01823799822810984 0.04634408629187965 0.10315287274058076 0.04025115604228454 0.021267005982773098 0.0385250922676918 0.06099778111116533 0.07894580947934554
11 0.0649367483873795 0.014676685182190107 0.06244159257836332 0.06879128080278289 0.053295471930660865 0.05700863012399994 0.053608090701422514 0.04155214364573558 0.0190387889121509 0.016420458156160837 0.038166216618954994 0.044560710842933005 0.0760778636843273 0.07669086625628736 0.030803854525187257 0.010145361950600111 0.07466697618384181 0.022203730712091533 0.09294968185259422 0.08196484695233586
12 0.07339981284420045 0.07562990861692108 0.04931209945068901 0.006733825531954124 0.05448783342853457 0.037449585701044966 0.07942261578932401 0.02780427871956729 0.03129067083498484 0.017205228462501318 0.041112798029611125 0.04712170375585642 0.05096620073816221 0.04586394218890344 0.07319409271139585 0.053198895233267506 0.07250465939869818 0.05132583339322126 0.0736900711632497 0.03828594400791265
13 0.05209260785778798 0.04860425702418346 0.0639107001949245 0.053146054349919425 0.05414617531195282 0.06641510614049768 0.07891131321668834 0.011965700807702135 0.07123105262069877 0.04095483782426798 0.06693644643924107 0.06919566497199642 0.001244407095037728 0.021792907986526784 0.06290881015398007 0.06881820798370253 0.036008595130852875 0.06590761368145114 0.019682784843299647 0.04612675636528882
14 0.0863771606163342 0.06114080054872556 0.058775740609831886 0.012822827676329916 0.026547998074966474 0.019101421313318594 0.02640767494869682 0.006335807186258533 0.07447747905774973 0.037954930356138415 0.07483277780732264 0.07172703203672787 0.04276817843140118 0.08602048704548361 0.0042160078960642505 0.0807735052754497 0.05763480496507686 0.042496565796610736 0.039108002802761034 0.09048079755475205
15 0.07070954969098883 0.012586737613681188 0.04674080798281033 0.06414505979438791 0.018355293254287877 0.0016009394049842946 0.050674497545562615 0.08395655009485122 0.02108583141218333 0.08096646857709286 0.0016913765173605462 0.06973799317178149 0.0400455284812919 0.07067050815437062 0.08982690974680003 0.064222916173256 0.06199419472584884 0.062202415618749174 0.018261362194689122 0.07052505984502158
16 0.08028494936043602 0.05057986634448297 0.017444367191196065 0.05557665684504133 0.07916760607344518 0.07314002673615692 0.012848644117196484 0.0790346071186677 0.0804825299440855 0.03961423275715214 0.05523844230322307 0.0059400677392432225 0.004081725865806945 0.061539702152011384 0.028154785113364156 0.08104428815306058 0.035856136256408065 0.039110389144825626 0.04434310801290616 0.07651786877129045
17 0.0032503317687611073 0.07151478563667639 0.07936581834023179 0.07150546984829455 0.005323769052117721 0.05691255866482276 0.06081734351292014 0.025158578133429955 0.061918332970887065 0.030604469780084614 0.023264470725715216 0.04814529220488748 0.05641641033739847 0.06745346033221679 0.0144266088638305 0.07584734294704949 0.027820579616948303 0.05552630777762871 0.09313283921814967 0.07159523026794921
18 0.05197322182183689 0.0800494040873861 0.010181613653714217 0.05749260258620241 0.02519443798334082 0.0626741279351373 0.04859909217040834 0.06477354584474343 0.07643381128490875 0.005609265669775803 0.02530499282129916 0.06596695958580268 0.06097205377542911 0.03595785234408029 0.06100205542520042 0.06777495679643489 0.00936733186453024 0.08261792761564067 0.06961209477034773 0.038442651963780966
19 0.05691117641644222 0.02553921705346694 0.01587875353899038 0.06520550493899653 0.04866308834034176 0.02284865941194215 0.08024337152699319 0.08147188701244583 0.013705732644807489 0.026361513386340015 0.03119222039109151 0.045398628460924635 0.052332184571409104 0.01055462284190158 0.03320739243317562 0.06387205284052248 0.09714505110153235 0.062276186262540084 0.0916030829071164 0.0755896739190195
20 0.07350744298858114 0.06649704060367197 0.040610865392130976 0.08166128073198978 0.019830160816964735 0.05347723858561736 0.07018200105175804 0.06242221221637729 0.016906173474068777 0.05144507613127823 0.041231845952454 0.07975633478848151 0.013374032113806429 0.030090353206112603 0.056282290970664874 0.030144116960267246 0.054357290867178776 0.033714950530417676 0.07817275674297466 0.046336535875203866
21 0.015300169035447763 0.07616364054904409 0.05483884193627219 0.02269474350817032 0.008111918335050627 0.03368959467492207 0.0676540406864868 0.040521919491473955 0.060268751224251585 0.008263935994755882 0.08927395096335385 0.05175379630177574 0.03543577267453486 0.0974163778198705 0.051257499797481794 0.09591420822880342 0.0637630964941257 0.0692129814058767 0.03734664554017289 0.021118115338129396
22 0.07079369326823508 0.03216426664776146 0.072701749764125 0.002545694364191842 0.07145325980323478 0.0317368844224348 0.06975338124119645 0.07504870181843326 0.07224620066042353 0.03885675877243955 0.05159378871975973 0.008311943218980837 0.005029894696464896 0.046385896106142493 0.06661161797382885 0.05023228067061041 0.03910539415875593 0.07211553590786624 0.07119773206999763 0.05211532571511732
23 0.0522096818633681 0.11185926932317698 0.0054959869798214085 0.06767615035220038 0.034348887403445084 0.03826212727387198 0.09816533718649126 0.007121134050415002 0.04279496274210469 0.0316722839358818 0.007388330755103286 0.08491463941841983 0.030020168884645343 0.05414685588160834 0.09332625683803362 0.003169577926576084 0.030119401219035224 0.048609878153186015 0.04784908110147466 0.1108499887111408
24 0.08665004833238214 0.034137514777767476 0.04647990894447363 0.0840880604066821 0.01546685659711747 0.06840998500851234 0.04989860089775977 0.07155048385384416 0.0022377853996790008 0.002765572674631719 0.08103699600122055 0.016927669453839965 0.004014160957033508 0.08118548102190146 0.050553594242993674 0.07048513347473795 0.07405132796843143 0.037224832121458315 0.07644037774808138 0.046395610117452066
25 0.005786529430367547 0.01202173947189693 0.05765302500864623 0.05085858330814718 0.09516286730448122 0.06426730469855253 0.0007409046820247257 0.07083244216496946 0.07565446559586399 0.04522397023950795 0.053125961043552494 0.06572908656513875 0.09074507866799199 0.03869411786194693 0.029663248310305753 0.073159134534551 0.009348961372168209 0.04489322947652416 0.07248240468459356 0.04395694557876956
26 0.027190581513219052 0.06935875894430135 0.10608837382351008 0.06911370678399054 0.05795766436552933 0.02996597214436516 0.06350517826865942 0.005942729055745191 0.09544431619150097 0.05238156178458992 0.049900734302050435 0.07195748554388103 0.05657423291312654 0.04271004818358526 0.047952951843670065 0.034227683642005895 0.09722520008771274 0.008031824632111296 0.01354851536074058 0.0009224806157051322
27 0.09311689344316328 0.011984739311079106 0.029488238310834105 0.00796868212406433 0.043487035971327255 0.02489987418889753 0.03977395858481274 0.027356137425918622 0.08946680756414403 0.07649197498112345 0.08980520385158783 0.09287283384048259 0.07361417480205187 0.021760033253330213 0.005628639048626452 0.017633957279659766 0.07197790681976081 0.09179769150058034 0.06982241770958607 0.02105279998896954
28 0.025461601888836668 0.03346019417939027 0.05365159737182974 0.08812891395836836 0.0171960886365095 0.03341618286279544 0.025578140725856412 0.04821070682508808 0.01697244811163557 0.037745748872560436 0.0033713125845542835 0.02117802665769909 0.022332431669123576 0.0982473065830398 0.08542209780451707 0.08309130106434072 0.0665485911109244 0.058067742253584326 0.09711952698426668 0.08480003985507968
29 0.06267492149587779 0.0757025168509909 0.05392593711778123 0.07063963542732306 0.07404347075283277 0.06699994125953582 0.03579382006164889 0.06720342761073765 0.05560926039217138 0.06025235904316758 0.010951806420395468 0.00176708953726506 0.037579250469262325 0.07475228927060225 0.00528585715850752 0.049849801459155976 0.032886464565208606 0.06484289895797532 0.07896365018918869 0.020275601960371537
30 0.05495177108809737 0.04983296852464253 0.07839775079135 0.004380567343714897 0.09747011462759522 0.007611280043927511 0.082564870873466 0.056051996210114356 0.04190671199197047 0.032781558592920125 0.03684182162123707 0.011798106260117243 0.08689025771429779 0.019242489612938073 0.021999765428315898 0.08648523797365618 0.034104411060117544 0.0615667029827515 0.08133832364594981 0.05378329361282021
31 0.04627046938364219 0.04297979828028843 0.06429663440522995 0.03399256076043532 0.044188989684092884 0.05599355823202105 0.060393538474684635 0.0409325670580026 0.0010400144613128169 0.012415605946654213 0.005469366332387232 0.08152470208619816 0.08192729600012714 0.0508727619042318 0.07763586682334352 0.0882217522616318 0.012656080465222659 0.07095560268362348 0.07054075674759466 0.05769207800927534
32 0.06597044846486617 0.07572020677935366 0.07389943128034412 0.10907625354762286 0.07552187442713092 0.009231073161969545 0.045992975598017544 0.06037698613050663 0.07384879462356289 0.07261952324155285 0.017532233085711748 0.0002490884428015106 0.03169218886180346 0.01962230882088892 0.026111787588738496 0.10190689636174585 0.01898072924798621 0.022137873574662414 0.03274526927356089 0.06676405748717344
33 0.09083348909135952 0.01368627330801748 0.039920485909956935 0.00959996267466208 0.08814187656764114 0.04840821936764852 0.043172965875700436 0.013137170581151283 0.06789240463762883 0.060533954096324165 0.0647429218019981 0.06916827932001617 0.026114297839049228 0.04932634010269228 0.049470102264378715 0.07945044461784442 0.061365882947303795 0.05530027710326417 0.06728216644710217 0.0024524854462606533
34 0.01673707486522736 0.07080491256366164 0.01915748982083501 0.0859387717067085 0.016868743805845587 0.04900720410630934 0.08613322389023421 0.015542503810235224 0.017211932832483068 0.07667111105490951 0.07906136126924825 0.08181259228247505 0.07052983049374956 0.015149558275941201 0.08822568361393152 0.06240390511786961 0.08055748654383749 0.0053153083717445496 0.03139341453969538 0.03147789103505807
35 0.07406172674596324 0.006376522557978905 0.10152951636249279 0.10243181325809994 0.05460873454617801 0.08143449177452176 0.05918051939617727 0.023457274945480874 0.010483228052375764 0.030501465893125322 0.07864738089437152 0.04821682318922777 0.06620350528517 0.06503885797790908 0.048365911730498846 0.08436537974960462 0.004236273365921974 0.04960195460056331 0.004174853417311908 0.00708376625702742
36 0.08936454590478031 0.03669682673172086 0.016079383029344824 0.06469568138313127 0.03917751663144341 0.057337409881236714 0.050387857783267626 0.023062510292668825 0.02692480036452348 0.088170132480564 0.026116821408010686 0.0850471983465019 0.08855079545954703 0.057002073103517875 0.03628113093942278 0.024317982954388223 0.05126849741418472 0.023442817270802083 0.08656546575695576 0.029510552863987672
37 0.06697981787181256 0.09015290609776165 0.08593343778781946 0.005795248132461033 0.06358150157102589 0.00028404878645600775 0.027373238793331367 0.08438845276678307 0.06679664953385224 0.011285396504957943 0.006268184189567668 0.0511351636750863 0.06299714068083351 0.07188715329971755 0.08441991128581716 0.04873920851394387 0.04382441846248376 0.07593746625499186 0.001305537417951581 0.05091511837334538
38 0.07797518236780437 0.03534901475272387 0.09837695790346501 0.016627214483551395 0.03125684991778172 0.04806798179574335 0.07472882664031816 0.057006154836898075 0.004511982716674343 0.07978459346420225 0.060213691074138646 0.032094488138900305 0.055353901008766776 0.053523562314104725 0.04514080573272565 0.025672942491526653 0.06388173428443011 0.08482442758314113 0.04523561198276186 0.01037407651034161
39 0.010210803266402085 0.0671203142647167 0.06237369875010776 0.08591707974797944 0.0070140832974680415 0.04223369808702552 0.07625088095337414 0.041893509975291066 0.014962741300134336 0.06076647002570496 0.041707437649912214 0.0003620474187245352 0.08208181571188598 0.013544820638775452 0.06104385849005851 0.06405796250286748 0.07482563426465108 0.05449748749578669 0.0519631233046401 0.08717253285449385
40 0.018280788858804388 0.07240626550439562 0.06996869738539695 0.024150980368434615 0.005617883688897844 0.07212042153529465 0.06546870523815954 0.031476878270621074 0.07695677349821203 0.014246840735792922 0.08395275724249432 0.0679126105014721 0.06216875755443677 0.0483322922831303 0.029765181654790855 0.04648067127857381 0.05595142306685436 0.011874868931347291 0.08602606445857222 0.05684113794431825
41 0.07363299413558576 0.07038809804047105 0.05394482775374157 0.04296069284170895 0.12837319462608932 0.05954353455334077 0.08133352503784576 0.008883945426020565 0.08424882047423002 0.02604335907347262 0.09046531435125008 0.06610619607893982 0.01843444817941636 0.03762155031925004 0.09402883726618019 0.020857747859546426 0.00954599995499993 0.007131606316904508 0.015092074208494368 0.01136323350251215
42 0.08198591100509378 0.014320338182652824 0.07107450611867129 0.03868066463763161 0.08492959386288591 0.02083442104899847 0.020135261439052126 0.09111396177437149 0.032009386502626434 0.07550978206539904 0.07928190210392716 0.03500314827529016 0.07165246849020039 0.06304993619431874 0.05187374204757703 0.0017653422428106507 0.03986652508399274 0.027670531588382213 0.010612565148060913 0.08863001218805702
43 0.0723728890031475 0.07924538482612414 0.0006140297784914329 0.08016271384116246 0.021537008811525857 0.07107949599567204 0.02996420814739967 0.05676569611145511 0.04640147341694781 0.03616107041278259 0.05633835043641858 0.03112092739793861 0.07850543218909291 0.07544992290068375 0.029095556729126743 0.02642012585725664 0.0819599612613973 0.05216767936992734 0.06018812031609547 0.014449953197353907
44 0.07191950311067917 0.02689735879477835 0.0435337592696504 0.06672715543800917 0.015245650917644784 0.016812148570703744 0.0975140381150053 0.11243898877783506 0.042917956020795706 0.030317385911195663 0.016955251279141787 0.0006521802817029739 0.014248252864551872 0.03703789399575627 0.034776251758690695 0.12274215377988498 0.09869704314194123 0.044218131657901213 0.07711944602053215 0.029229450293599538
45 0.004887507739193242 0.08982800010415823 0.06534050460937839 0.049067003215672235 0.019348287782479413 0.07240366845581524 0.016420629652683857 0.04962470379578322 0.06359058095042129 0.068545607402664 0.05247101524782592 0.021728056566140158 0.04028279392906849 0.026200435215948854 0.020055040582672212 0.09395239962106006 0.07937890440875682 0.027836564448426138 0.08480460283811528 0.05423369343373706
46 0.02822392412005742 0.019939566643151562 0.0847285684766978 0.06546713141033139 0.1104594737566292 0.005402523942365792 0.07716114137337891 0.03437440738736167 0.09568662772001868 0.02236139902566031 0.0822020330129502 0.023384056991638293 0.08952690475568598 0.05164189520392054 0.0006448647908679806 0.020440119882715144 0.048189943635944185 0.07013882697000179 0.03952814729176892 0.030498443608854266
47 0.06413063494989096 0.025592034147480906 0.013186178078305813 0.017900209970899545 0.0019393299393910338 0.09634075711502209 0.08412047441112096 0.05666773161489208 0.1006106178568352 0.07992464198132959 0.06259093316669052 0.02523342103143545 0.039791289786264276 0.02599494188846951 0.05126009352813263 0.03366824489091824 0.07028243343582462 0.01967838683941839 0.08176132373280388 0.04932632163487414
48 0.10774123052768263 0.05972661890343818 0.11547689025384965 0.04403900522072021 0.07194144277981573 0.018710148916312137 0.01716835360520111 0.01200064525556904 0.01574463022971162 0.0919345903566647 0.030231280276533327 0.02205534713224596 0.10256344401372652 0.02370061733181626 0.03800141004881602 0.0013384281260293398 0.0928732695077275 0.050355643992741186 0.051070878843143035 0.03332612467825574
49 0.04877979731461751 0.055234285101797294 0.057969178645419644 0.0021175304084887245 0.07450921306803023 0.01465770101433538 0.04966699134947524 0.019377716427875544 0.051716545447035765 0.0679437407912743 0.08985118461561835 0.004434177847747659 0.02747295912590525 0.00011673423022815562 0.025803575950960254 0.08488613854865308 0.07299443557344147 0.08317126432349721 0.08099055682691653 0.08830627338868245
50 0.07435238738401756 0.02657077963576575 0.001952567858997293 0.08653005660176256 0.036695010674374126 0.05823995820083287 0.013859481729484995 0.03019190919394056 0.049752627187278485 0.04870956474006463 0.10047918283739599 0.07887051303455724 0.010723963161049066 0.01770400518689501 0.09248820561698554 0.03366731888528771 0.08248177480864524 0.08348994497032615 0.025712444170913205 0.047528304121426265
51 0.08373391103867922 0.010328322966292226 0.00565144083105606 0.011616410996145498 0.01910533726209824 0.06994419640990923 0.07155702060542199 0.07226255368566857 0.0509056889691282 0.08465249170329064 0.016593185937134818 0.003222205136131116 0.08517099376784688 0.07557789225454115 0.02647756286789855 0.06968955120896386 0.06027130733324215 0.07649540604883898 0.07148884669583468 0.03525567428187798
52 0.0902201028779214 0.014210080264460802 0.006741972082629697 0.048922520130081075 0.009084453505141048 0.024666335514629423 0.08758631217242197 0.006493417375067357 0.08269471488882271 0.0034828281299463895 0.062525975582434 0.0595060679403375 0.02372860067385719 0.1010733436253532 0.10932915022364986 0.055800322490209345 0.042735368703001826 0.10156897809290062 0.053267300246306465 0.016362155480828016
53 7.487290427360232e-06 0.03133824050418158 0.09277904832930017 0.04807053277237684 0.05491771132016811 0.06252461916414026 0.04945089355381904 0.04737820968293601 0.11191945949108666 0.043738598773843985 0.05599896282389162 0.019755201899696644 0.05183681412096834 0.011554983611227346 0.0030141476628652753 0.0008588608453855842 0.09936889741959512 0.008794574000401543 0.09858500983823203 0.10810774689545653
54 0.06059919211668733 0.018518675455867186 0.07911774494502671 0.07983024476177168 0.06456764739285328 0.0774132843942827 0.005533904651939874 0.052121668161601575 0.041505352309113806 0.04561534744174755 0.042426597685730025 0.005889349949559522 0.06154209986026187 0.0810782892414967 0.01856689745792017 0.010302860927949914 0.052557425331137136 0.0709296367794938 0.05532583211660081 0.07655794901895831
55 0.035091774074060146 0.07195225669869401 0.03228566491248076 0.044437644333654915 0.031232845366607614 0.06417756196784394 0.06900187150545661 0.08303028146632013 0.06865294232526062 0.06716842053257657 0.050096591009743376 0.02186655969836128 0.055905643052930554 0.040714375634510504 0.06552064381376119 0.020412144298909727 0.0545311755490514 0.036757491211352376 0.027804262150540625 0.05935985039788365
56 0.07652800578217939 0.06879630317278232 0.026099609161066906 0.07599416483768313 0.016411003722695414 0.01354538038685639 0.03082473341440953 0.030564724538840436 0.0409010361491067 0.053558726147721565 0.0714085108664887 0.09654651894306385 0.06396056576359938 0.057831994926097016 0.05809758859606917 0.006868533950312272 0.04757117831149037 0.05021847155242078 0.05627975874532158 0.05799319103179495
57 0.007636606164195336 0.08414211431706177 0.05192591417257406 0.05878012160604253 0.0754901876194226 0.07485748594133285 0.034375501424293145 0.051582551752919356 0.004103729041360535 0.0732491397124736 0.04528763091735045 0.07329199858130556 0.008892815862405425 0.011840172939878832 0.04826386884868184 0.013418729129967956 0.07310108396630323 0.050218895888554875 0.08157963137086086 0.07796182074301525
58 0.06478845599981632 0.05073595279991827 0.04745537130088947 0.020848699521401406 0.0640679231788162 0.05794676337998817 0.010077441205435547 0.10174990291477619 0.046707773341892585 0.0804797871342932 0.03469832238975959 0.024921236406710855 0.0023321195553216937 0.08153670253374305 0.0931183927005452 0.022342655750537132 0.046650394572358124 0.08896676447810502 0.051637072457356166 0.008938268378335612
59 0.08868911515020726 0.07357735487962842 0.02356978001180806 0.01313324492892128 0.028588860272391093 0.05632336693400855 0.036681700476103564 0.08399914769455745 0.04443262262246855 0.08809929717686105 0.028109543739481446 0.09092306418950036 0.02886088577282389 0.08524242914209978 0.037170145049139784 0.05068798077673968 0.04680141671118978 0.016802434338438137 0.01233874130956347 0.06596886882406842
60 0.042739403826977954 0.058347871219828776 0.029400001450613604 0.05309548774302848 0.019437748043672598 0.1032167803317685 0.06639068221059381 0.06625991744536504 0.0846009880575117 0.08526743047124147 0.014758156268092928 0.016334304948460613 0.06362626491959239 0.07499401225704047 0.021964107432498787 0.10258165901817104 0.020172013356030728 0.0003975287715550778 0.05194758568464097 0.024468056543315016
61 0.047939086217760815 0.03545268794743461 0.009178761695630764 0.0358495291821162 0.057346889963578784 0.07235000478859005 0.05344345892481076 0.06168523455534164 0.05863789342338823 0.01407916862940146 0.08409795713659395 0.06726090533172523 0.07203243499145534 0.03318441843652839 0.026494337276920823 0.05226407661856253 0.01450301690429849 0.0888174820904668 0.05110652451757218 0.06427613136782269
62 0.058487715994115834 0.03976650555774017 0.061587882092612005 0.04842311959951634 0.06330579971284961 0.08163380788299568 0.06203665321899037 0.016765729291790567 0.023099790532801426 0.06503667830757957 0.019301411726944682 0.03857085460804534 0.07659407606300934 0.04164280847224753 0.022509117552283853 0.013306133781357655 0.09585603833789094 0.06497916057204316 0.09072964108434015 0.016367075610845612
63 0.07505393640268229 0.011155427569756866 0.0033944359521510172 0.03811571525260344 0.09701092130758368 0.008459241823066965 0.09209394802186242 0.04485864971708987 0.0022297944959605016 0.006073726240323898 0.05708023954034976 0.011377447732374604 0.060031060746906006 0.10174063448318822 0.03622178738042339 0.07497212705554787 0.08825984423349674 0.11108525291572145 0.0008715895569795847 0.07991421957193144
64 0.048987286273383175 0.08761590955411021 0.0460651490494779 0.007938221284499978 0.1014766553017149 0.09370931896089973 0.09525488154529366 0.009213117818692275 0.05502801745227108 0.03066724199722033 0.09901264375979393 0.05491512825168261 0.0031632587228653565 0.0988838147623596 0.00043275590302219814 0.031612207716937325 0.05197853700645105 0.03393220703459383 0.0088399602381314 0.04127368736659938
65 0.022795386582695004 0.052355378779324925 0.0017265833739097305 0.04275940499188761 0.06663312753490269 0.07861283524134956 0.0306277021149371 0.01817771106902913 0.02953609648885621 0.06923344928787248 0.08384865837277483 0.02233784685891151 0.024577570827178406 0.06599097927295595 0.06517380816416231 0.05433967024119686 0.07805464142688472 0.08138839945676757 0.02550421270791575 0.08632653720648747
66 0.0156720390767666 0.041803215191042964 0.004334707133627553 0.02451747079425708 0.059002602645378474 0.020783760929833174 0.07614199191636309 0.044991488309386804 0.06537725787458419 0.08316569329884935 0.019795874452614468 0.030525806018632976 0.08536576131713763 0.07317929991686192 0.0827096192995572 0.052216996172526293 0.045280171935399724 0.03874395626529449 0.06111529181230584 0.07527699563958033
67 0.02846324660552897 0.029772911854730355 0.004887244672491874 0.08495290157746824 0.062108148518530235 0.09158630785886356 0.011705687549921207 0.06160751120588967 0.05468861913690937 0.012116859322379932 0.025535057400535823 0.044032268100520786 0.09343884129582306 0.03727265788827635 0.07630311652835503 0.08215240759524078 0.06961413991822196 0.03335199031824885 0.013836618674694287 0.08257346397736978
68 0.029122172139894213 0.07272579680820802 0.040845858016810975 0.015477139919456977 0.019817201152008215 0.013983335099151355 0.04940940322753714 0.07636313640242318 0.09502175067240007 0.03574912552130502 0.08993835829803333 0.026394611017974037 0.09068364389855924 0.06454343003314567 0.004334266368088022 0.08412469342547063 0.04750389378991996 0.05814178916367869 0.017569119847699443 0.0682512751982358
69 0.04335197964696407 0.061881366317904904 0.04986340298835945 0.030728298173640353 0.0874960124721208 0.0039541003049031725 0.007262330374205949 0.07243885874512092 0.05885147907542431 0.0965910007818996 0.045687651912917515 0.033406702810363134 0.06386736926362555 0.034189034264114675 0.01636714926297016 0.060902395031165735 0.0011297930710562937 0.08893379113322764 0.05607480966232116 0.0870224747076946
70 0.010205744519506963 0.09757766722358616 0.08816911213116882 0.0022630548945596933 0.04609622329810295 0.016818468497641126 0.0689692577397376 0.007831639752624077 0.04114032073272455 0.015544305642702245 0.07736005890297208 0.08867754355151779 0.08565203599803699 0.09705060001306874 0.04170865858971616 0.07565255046850711 0.07882472820970418 0.021110218628808027 0.03296547388847669 0.0063823373168379206
71 0.026957886623658948 0.10536398378529678 0.04583473372174673 0.07243559204948068 0.03925074006105438 0.044779377500489874 0.032119038504793 0.0029035454039810934 0.10691308657475218 0.04871543902982239 0.055042219834497974 0.014122603198512839 0.03294838955636134 0.039457530308970874 0.09973365749750152 0.06453016093733488 0.06471041790531909 0.01117732711640302 0.005712183379683782 0.08729208701033864
72 0.061292968479895814 0.025347476104955014 0.028263781933606416 0.07450616073655501 0.05599450235109378 0.011118455532572182 0.055324489732191194 0.12151087435585227 0.0791654030222575 0.037905898507033325 0.04894287137301592 0.001926696053146567 0.02652528337198971 0.009507392512293504 0.0997280300394719 0.08787406053548315 0.03558095614745351 0.009975630176401313 0.10336908520771106 0.02613998382702097
73 0.08377593407514955 0.0850460787643768 0.09273570497850861 0.004554030470395627 0.03738128163862113 0.06747503624835283 0.07011575190242432 0.01239989019723017 0.03168242183176855 0.05958082302506235 0.026213243612182024 0.09305430350021758 0.023343456391555367 0.054278995039536766 0.051729178642015074 0.0779476566169765 0.075808477589205 0.016195461172545018 0.031432258259924184 0.005250016043952383
74 0.015235071397751558 0.07225916314532259 0.007682474840614137 0.028440003167314175 0.013526037625245318 0.04365705838119941 0.05482345895315058 0.05897690758921652 0.05205050071047923 0.08051842173747921 0.07984272739467503 0.07590112671158408 0.08653331093474122 0.08646970271839545 0.05586459605314248 0.01232217952320106 0.02301566022843242 0.026339608087577532 0.06223393007829444 0.06430806072218347
75 0.019426262123981696 0.10284720121693827 0.008471798299797056 0.07791475472237146 0.03378728124232728 0.03759125391464813 0.04027712203702079 0.011688000368513762 0.10508530006505967 0.020727163720036204 0.012577931670308679 0.018639732139604123 0.07597910982288641 0.10247302336319451 0.03256070133728682 0.09671608180384167 0.07821485850670268 0.062051276805780736 0.06208196602546854 0.0008891808142315049
76 0.0709786470695821 0.05124132391939273 0.07285815175336433 0.06982083375156471 0.029715484980791653 0.0002869496618641383 0.09453582147767275 0.032224357483572046 0.07862395525799966 0.021275591838668464 0.0673977890350952 0.09234927067304685 0.07370980365727758 0.07815452932235994 0.04039110726338177 0.06449659632832958 0.0332577815332217 0.015057428227202796 0.0016946300711814962 0.01192994669443032
77 0.0646891560263181 0.0673155891313517 0.010916953448032242 0.06044891046687156 0.029805992865173516 0.08707973672685225 0.013009418625190014 0.07353741265589199 0.035079053568393345 0.07196970947735083 0.028994761805590727 0.044255923392892256 0.041065287010422294 0.0626582953236187 0.08197020446412637 0.06983201652284429 0.05059420557548369 0.08055351660623068 0.002214304427478677 0.024009551879886754
78 0.09023548032319836 0.09049096325416216 0.07842573741808659 0.008715163757755235 0.0610022106220978 0.022308116632275353 0.03323803820360702 0.017169371129573452 0.008687299421626216 0.02606216041658441 0.01925300018173065 0.08435544371155441 0.07315871967527458 0.025108052955031473 0.04678242427401215 0.09812897733254942 0.10181969704751813 0.036612254207155775 0.028651158622089525 0.04979573081411724
79 0.03913760074067737 0.07868193919496137 0.0917656892105925 0.020317611868963227 0.0054608193306162215 0.08605706568159908 0.07714056818947292 0.04896496108872786 0.0735046154036952 0.058359636602210725 0.049407457182715275 0.015281676115250775 0.03667878911128622 0.05514338303339469 0.05860761671148569 0.09553160410227277 0.04015611337049059 0.01959766202229681 0.04171261446270561 0.008492576576585184
80 0.03251275068525264 0.06106106862359083 0.020333089991895235 0.032018046409231095 0.02549443505063824 0.034909170684993066 0.05902630326867551 0.0556277907736528 0.07661889534788704 0.08245637989076267 0.08177132635130346 0.034939178745506345 0.06610716287393992 0.05020618808758404 0.016516056556745564 0.05940340287437465 0.073964375184216 0.062266804533916705 0.04585229936729079 0.028915274698543533
81 0.03734595168069652 0.0746505443485686 0.09052328678246603 0.04641213526173928 0.0722150225630854 0.06848426455284852 0.03701130942179232 0.02152184448282645 0.052045460825393255 0.09653288563173286 0.039174607797524144 0.07730016204463479 0.05880847883671809 0.007662900581047417 0.04149125301158615 0.06544539864545983 0.022645426676777727 0.006495470962317262 0.041902457511273423 0.04233113838151209
82 0.083134601417637 0.07272761189639952 0.040505037130813604 0.10446327246744301 0.015966776159945656 0.05375982924794883 0.03580569310017625 0.00010848431576628833 0.009701515127307481 0.059704901068303146 0.08294925961809783 0.08725303289323767 0.09311035851410084 0.015065722272447065 0.0015636840546498743 0.05648973113847793 0.022245620670059158 0.07970867127641251 0.03427020493909665 0.05146599269167994
83 0.06772693759753573 0.07668764364781062 0.021301570936056537 0.06920191880430042 0.06459772744539274 0.06310669086957585 0.05000935204196566 0.01874580673627201 0.019943364702426664 0.09267648229123354 0.03487918787549704 0.014189334932144828 0.0597590973365856 0.05707632988490631 0.05833277469060616 0.06608758075194159 0.07583892382124517 0.008259698207043562 0.06563617665735265 0.01594340077010724
84 0.07664177522250308 0.026502880713475237 0.02018392452796546 0.035814182882249024 0.08290869970104643 0.06354132152375258 0.018284017942157532 0.008851146805204557 0.06264404693973304 0.02421447057159588 0.08998492513703193 0.055488111365598024 0.002235774961814305 0.07114499637668784 0.03762840571603592 0.058080030783420576 0.06399229882384865 0.0855668487790884 0.08146818779612487 0.034823953430666826
85 0.06914753915408092 0.03928519045939171 0.042255722814680874 0.05219204705006121 0.06252322316513724 0.07382846653789578 0.009052378135800603 0.0662432157785334 0.010143187574656548 0.10218814007886247 0.023432905560251183 0.08744016829764051 0.012861825225780546 0.03585876023560895 0.050050048148558936 0.007338477759732773 0.07541774398871288 0.07418838695679379 0.051990386135163304 0.05456218694265633
86 0.006677219244194648 0.040985882292477 0.07824033762604073 0.08125967114182873 0.015285832244401304 0.08805417055763161 0.103554544127041 0.08273477539366202 0.054506371403630516 0.066613971814995 0.006743445547890333 0.06407906803682517 0.05691838210405225 0.01903494725976545 0.013078011797104305 0.008022175309997888 0.028890567256111128 0.06916986797044605 0.09966498188082398 0.016485776991080895
87 0.020962666475045584 0.08295351618242165 0.1071244363777981 0.10013204106245364 0.022123553708736404 0.045628898041921974 0.04863859022841997 0.009136156146715691 0.0902293120518203 0.004020400418042295 0.0442829037317675 0.07432103086667267 0.019709327501924 0.05418249323284446 0.01148775087474166 0.011204504588632555 0.0023854987639952397 0.06642638987236298 0.09656911073478171 0.08848141913890152
88 0.058345295686053955 0.08065542138227304 0.07365736588141718 0.07151141676110612 0.03495011591016633 0.07376448658227905 0.0030356990857151526 0.015365660867307847 0.039880290638036414 0.07364537234457248 0.010383865874967308 0.02900062077086347 0.016844026313931657 0.0494003998873797 0.07396474275806614 0.062358262269841376 0.0734031311241792 0.07963837949513795 0.0607093216347424 0.01948612473196296
89 0.010067833066557424 0.0777782098621908 0.05859641538510978 0.01691658068695772 0.08996085032472041 0.08519737933204823 0.0956392880313931 0.07030734126481197 0.03600911718061142 0.01097035946718034 0.007061378755283084 0.02831556693547883 0.044184712288245886 0.06387217763790287 0.045795123866902106 0.047322759999817804 0.05245778563873717 0.0835264926061096 0.03750288010081539 0.038517747569126334
90 0.02916013956641932 0.06974227731002766 0.08136295064894024 0.028354948342705414 0.04534937203411098 0.0023608408069102013 0.052364948459062546 0.04216293189933343 0.05295440238937329 0.04717718468620279 0.06401028005326352 0.09717258902601036 0.0033573813378520046 0.0999643452846155 0.09393702807313174 0.015150635995166811 0.0213425071038057 0.05446266476802197 0.07590008631586136 0.02371248589918519
91 0.10241423222268146 0.026023895989678084 0.018756023720660056 0.0831375874092704 0.09567232683571587 0.09947137326527304 0.040170117718418545 0.04242435833001901 0.006668641233996474 0.02095763151696577 0.07041542172640465 0.10094555020820158 0.009585975665715856 0.05177480573165867 0.06293066456505554 0.026242397691706807 0.002745424910899837 0.0104226836486493 0.056744076348998175 0.07249681126003064
92 0.08917201822538115 0.0032983514911540707 0.026419763298587792 0.0809334880270727 0.059669315794921664 0.06832168059716098 0.09333754517800139 0.0006325065956900947 0.019381282269991983 0.053076356916321635 0.02689555217702541 0.07832546836185743 0.06488425098637306 0.07024106650198424 0.05503881800962399 0.00985697058774556 0.044790152888263615 0.06873925094014711 0.07513076925097424 0.0118553919017218
93 0.13204031633985747 0.02542304427827407 0.019130935890832028 0.09527091725454927 0.07521911199206119 0.09225231420132243 0.11701391752568448 0.09366083944405786 0.02423005561243794 0.014113389280255177 0.024095327806199208 0.006049428511335056 0.032515929162960366 0.017370516390135038 0.004291149534403532 0.017684448005743755 0.11764278490176551 0.03746245666805185 0.002763723904729755 0.05176939329534415
94 0.011517410654212612 0.0939027582608484 0.04008698044130208 0.07341897778412779 0.015819332201104146 0.029321209546055816 0.05421178476157611 0.025842551970906923 0.02828034837385037 0.0946472165918969 0.08821312517872987 0.09682735693973882 0.0720341204397811 0.040882077032243974 0.025259239628808782 0.021362460853598008 0.03637225408612234 0.0836971938597036 0.006964846632899652 0.061338754762492856
95 0.0625086718255399 0.07064743494114085 0.056878461708687544 0.04765585307958519 0.004469012732774833 0.03598959528895868 0.08132194324969289 0.042763590884774376 0.032887614113859064 0.05895153895014982 0.007908694323339648 0.07138471402946764 0.03854898571856567 0.07190899267410535 0.02734478264799791 0.05866301155941215 0.0745295088469789 0.06524997891533073 0.037089713016520094 0.05329790149311884
96 0.04074088230931233 0.06739874768008954 0.01365159513084617 0.02145898878248736 0.11213795712719667 0.06741223793337484 0.011625062584145173 0.011019278334310231 0.044783951827964366 0.035202325457248745 0.06622751614868666 0.07721499853032657 0.032183562253518296 0.00010234325689731687 0.04012232464654223 0.049677680251481664 0.07678263501703253 0.08733810065643494 0.0491017099830497 0.09581810208905472
