0 0.06888301942427287 0.07298184819184048 0.0906891497153592 0.001962654148423974 0.08276053734193099 0.07442754238530477 0.01158768115051582 0.05493138623007088 0.05510822994630439 0.009131689744809473 0.057714275820894424 0.04521655348321247 0.06913929170105676 0.03708253042823027 0.04062639355863131 0.06023574298523263 0.041866295811667065 0.025980128105274287 0.08416752068673015 0.01550752914023792
1 0.007669804230105417 0.061096092588475336 0.07852516113086655 0.011540790156808676 0.06733368945684877 0.02505578578756912 0.05589132409659651 0.07145695895931063 0.07227802947230767 0.08443227898958967 0.04321998799132795 0.0308937703041565 0.012173425194564111 0.005022124455854167 0.06982455896155668 0.03069729198882809 0.07476896307142485 0.08545299456925426 0.08744624249722752 0.025220726097327662
2 0.008963133608850642 0.0013057330664593258 0.01894154222062963 0.09301964828375153 0.012218614460615378 0.03404320384430193 0.07753876498746005 0.08677258464239758 0.05012142314031153 0.04203663456969864 0.08204453302736417 0.024836214715586783 0.08138778650336034 0.055225490450640805 0.04621371598591256 0.0930997223584683 0.03131944069733909 0.07411358185059318 0.06418923264463158 0.02260899894162692
3 0.053002573385286925 0.03222759118815004 0.05329659765484794 0.04813506198897936 0.020247261591695462 0.08874621235499193 0.06351042890104783 0.023613067149774604 0.04307345847411884 0.06388650531559564 0.030587574386138353 0.07367959638036466 0.030539447973978947 0.04184636886007013 0.07236324040153493 0.07178031702508184 0.02353969670649264 0.07629430608402711 0.008630401784113007 0.08100029239370966
4 0.09483060145125963 0.0818930467230102 0.054431275389753904 0.05427805408561924 0.01946614266153364 0.045550061257069265 0.006026954691456583 0.06182664068682244 0.05335886950477657 0.08029969885715525 0.038463661695178314 0.03943605423099211 0.07581596935707395 0.014512382707652741 0.009711928997031294 0.026042423160275885 0.04267648138469577 0.0496855571023917 0.08285977220431669 0.06883442385193485
5 0.05824909010162388 0.07582068452068878 0.007177927417986654 0.020115889595245125 0.021698053450322826 0.013920976374736351 0.047257325667479255 0.03328628469887403 0.10413769589687757 0.013845656007014605 0.05714267168844371 0.0990260539544559 0.02781843345433921 0.04531430248100344 0.013958032891634891 0.08499296634399367 0.013892629721815429 0.1018059407521531 0.08755051077425895 0.07298887420705266
6 0.044462681639921696 0.0666530789863551 0.04967858585448304 0.08297396440468346 0.07449140367703172 0.023376878461416367 0.009659073185989683 0.048756696874183936 0.05279368027951997 0.02487763432360456 0.07005945055975359 0.032823598158474375 0.03322676932237774 0.0898777046002516 0.04342197478411054 0.06626722592097316 0.0006320230073246206 0.046310468674158896 0.05542131343983811 0.08423579384554775
7 0.08570768030234192 0.019892645457122056 0.07838158109510608 0.0398509275247993 0.07257861466809624 0.04296551341522135 0.059136820547990646 0.014678703735389527 0.07877956111877485 0.08724035071600451 0.04937535617732693 0.07026814261365705 0.05324078670343706 0.04018115894786676 0.08202633034010466 0.025842734562920525 0.0008189466212419857 0.08385676815530015 0.014996104133317973 0.00018127316398028546
8 0.06659716534390164 0.035741324068969724 0.013701947338758931 0.014476240530090447 0.021084660491320337 0.08278936923817498 0.03219883878786349 0.08747748241333199 0.042198783144818536 0.024427943087909475 0.07477461246451614 0.045432247000569866 0.06731109403318282 0.004446822512552266 0.08131652868619452 0.07378658464563968 0.08460525642117456 0.07711534751899106 0.008883564837914857 0.0616341874341245
9 0.08507977525935144 0.027362094600167315 0.028452885882683618 0.04079669633801928 0.06991202682031275 0.030865863574484953 0.07263933863685978 0.0745607727267886 0.02442970566764333 0.056201348154261956 0.05010919120967832 0.05720794121141012 0.0771096065573458 0.04833193309747649 0.02065528430596951 0.03431100826731406 0.03976525258914068 0.06617516494940352 0.04606006793662871 0.04997404221505987
10 0.02105921646831102 0.04266150635097141 0.07686613103020042 0.05922584239934961 0.020921624530520648 0.08006976504095206 0.10389708093917692 0.05095750282472504 0.0029226125341915675 0.06317229020073752 0.004788037792547774 0.08910631836215269 0.03845204348425667 0.09327179893620133 0.0983314004453331 0.04632010267916225 0.019632150692290014 0.002486093409202343 0.08000651581443029 0.005851966065287535
11 0.002474482309127345 0.04755930938875347 0.022954636365134912 0.01800873704125383 0.05218898382036787 0.10758969617852253 0.05938672352983625 0.004988474484500415 0.09879988295126305 0.034446891751268124 0.11523164723410889 0.023682598749327224 0.012332627730257222 0.09559583093211883 0.04703467219706433 0.09045915629541193 0.009474665722534147 0.029145163919198372 0.019672704433285122 0.10897311496666623
12 0.08461668472119725 0.028812474369534272 0.0433899036879269 0.033320268732399426 0.08217553376219643 0.04674391125114011 0.08385532433182541 0.019443210553022273 0.02868219980961502 0.0031189381705841964 0.07655238900524623 0.04699463432732456 0.03464364989626455 0.03945977240874885 0.08904245859835427 0.058924638070359824 0.0717011857609684 0.058799753608414676 0.014154348786340604 0.055568720148536914
13 0.05371945637078788 0.016254591923484257 0.05500455116704817 0.04773945465591231 0.07345482992602616 0.05306915018565593 0.09280329195921094 0.009523648948275258 0.012962171772634118 0.0566025446721534 0.05454945703353919 0.08805627062798867 0.014064302541114033 0.07545332993060987 0.05724884836668144 0.057879994764856085 0.02839199426128073 0.07315590256029765 0.047073304366002856 0.03299290396644105
14 0.05730251566878426 0.06569081501064053 0.03835671399315151 0.015345819641012571 0.00746810988141105 0.05623358039348232 0.03102089656251086 0.08071765852910703 0.07233393483864739 0.07753132066990678 0.09181896139315696 0.0026408314526130978 0.08513796812946511 0.062901727149242 0.07202589480471004 0.01829466619173365 0.0184248889614967 0.07638579748561994 0.062309100122988195 0.008058799120319891
15 0.05021127218240325 0.07505622190751912 0.07405222534495576 0.035470355949395266 0.07266972187434646 0.0329073011128776 0.015505577802153574 0.018756064040357998 0.04710968929429725 0.04341639205710707 0.05307848471579646 0.036251554394670975 0.06888863899358975 0.042165636839458925 0.07382106253056835 0.07732536575382182 0.020690780988186053 0.061950330692654855 0.02661955264781064 0.07405377087802868
16 0.07442129322337537 0.046138011917546164 0.04445359904579398 0.029694872292534605 0.03880587168363808 0.07973851698084453 0.06206436354720714 0.039032471327016774 0.08072637365936879 0.012495666455356763 0.052434396940517235 0.047179202833950384 0.05024418658408986 0.06160542585303082 0.07595640474318233 0.056402790526061404 0.010749304954512094 0.07526436930098795 0.007449853587316812 0.05514302454366893
17 0.02814294802454933 0.0958835942172585 0.046393317985497715 0.03332905597917718 0.009639361461968312 0.09648239250180003 0.09006533033421829 0.046046337258413235 0.09679893966117943 0.051046623699574585 0.012565582333581175 0.05739720701792959 0.08249413669172076 0.028685539036790657 0.08202152568833238 0.003103026945647721 0.05782084832216806 0.04378331952483282 0.010516599555665945 0.0277843137596942
18 0.03724766603683419 0.017344005770846507 0.10223455459896749 0.03123245464530907 0.09754747281413605 0.05220678805640977 0.003453940358637672 0.05148917712359345 0.060259644319412324 0.11699274856697463 0.022479336485609156 0.09799384688159804 0.01992929810833535 0.047648001665826056 0.04771150096826159 0.0019101959816971304 0.06683895588994848 0.0615481199598734 0.0289812106434762 0.03495108112425352
19 0.06293410011816672 0.0916920310817235 0.0067028142467741745 0.09027338345138165 0.045014918228728995 0.06443126630592878 0.023930832126072152 0.009974969664837808 0.04848760450020115 0.06701145457888458 0.0017764994710548437 0.07005407972506111 0.019876099570222145 0.06821050010194452 0.0405451506135252 0.06938536532253436 0.04297422219365832 0.08831589724680809 0.004511066829342973 0.08389774462314885
20 0.10258493970606668 0.008223614520900646 0.016162777900228673 0.07935032264082083 0.021360265723215744 0.08126370132358852 0.01259472325435829 0.09291493012199026 0.04143820501450558 0.013736173645654937 0.05879593893127161 0.07863856649948207 0.010997498749043867 0.05042198700742261 0.06857024447758386 0.0032229889943673935 0.06313697105851768 0.02510768399794513 0.1016358733696794 0.06984259306335623
21 0.04817716419751728 0.042717238585206506 0.056093693621242204 0.06888504966433814 0.03377101034278754 0.03208090905107054 0.08793247763346955 0.056514973108121154 0.06382117252104708 0.0009404606337992763 0.051133501468113324 0.07417859385586449 0.051048480467239594 0.04133457199722064 0.0051985039923554514 0.005016992961190199 0.07616813365468024 0.07775062778883789 0.05744854795811347 0.06978789649778538
22 0.0721497970803199 0.04276264486754284 0.047516736155046924 0.039211782267178134 0.03660750203488144 0.026425435631323962 0.04464915108716678 0.07449249134632312 0.0666308960066893 0.06591774861002697 0.042779525799666214 0.001842738398913175 0.05228726108271716 0.0748350584654786 0.03676879498278197 0.03449820752153299 0.07241293196317419 0.07601019330163614 0.062203158318002015 0.029997945079598236
23 0.07347855579549502 0.032446798362397326 0.033091274560294745 0.0684184201725511 0.05429566549670683 0.0500516649741458 0.021585007317297 0.03347081694855922 0.08112163237694416 0.03668953309217342 0.026178777246222494 0.008471845917847172 0.07644547742677091 0.05931895172776229 0.06551168975010531 0.05996576495989551 0.08403648998347577 0.02618029782450121 0.03638113257244859 0.0728602034944061
24 0.033704180788236754 0.03030363908529192 0.027543253640906203 0.08264995939641226 0.06827969667255912 0.019720461291492325 0.061967943995192724 0.05308622973354238 0.07891685278073383 0.08015584141903194 0.07008293585976484 0.06665070809825495 0.023824487223552158 0.06416845178291629 0.03497090309525685 0.03480583127578665 0.07530170705036666 0.020966485790347607 0.023952171310214748 0.04894825971013976
25 0.01752391851775115 0.0033410354635985233 0.0954140004643004 0.1081121849147095 0.014196981116588056 0.029176340974448888 0.07135856223438991 0.07699271326865592 0.08115726906632002 0.05301231776126921 0.034457495311708115 0.04255079146242179 0.037779229639686024 0.02418989801375926 0.02506168856568365 0.08341941899556216 0.06896228363819912 0.0011995052527684121 0.03716173636740693 0.09493262897077306
26 0.05663190069127022 0.03395525361399875 0.02804891866719996 0.03172841438413036 0.01591953233222849 0.052889128884309106 0.004354862083285775 0.055890817799631475 0.07738474737421389 0.0642396147914946 0.06792883674996203 0.039563605967652245 0.05031946935247856 0.00825699181984026 0.06815780383675164 0.051811443079322145 0.07804052298399816 0.07840650533425012 0.06630662356414463 0.07016500668983736
27 0.0191270216901928 0.07822860359941244 0.03998359943108916 0.025508170710547312 0.06253938774927004 0.04370353144102547 0.0035579266355749845 0.08290700690060214 0.0035715946240928364 0.06989102021286704 0.05434508039480365 0.008264742068865526 0.0872784799587317 0.05467917602145732 0.06022762431103864 0.0905354730837763 0.02160231783443045 0.05831467203538455 0.07266697510681194 0.0630675961900257
28 0.09887998438684188 0.0938438896804064 0.08796610344256717 0.051625506431096056 0.05601938068061983 0.091357707605342 0.02637543006673775 0.02819649292226377 0.011663878719333104 0.022870889414946922 0.09952553073436615 0.022446600933079337 0.0011813175733106165 0.08975004371606282 0.03464372664295461 0.005150397119891935 0.034925481673014167 0.027504448984041047 0.08393437878766528 0.032138810485459426
29 0.06358516539749835 0.05865509288073687 0.041323073139705194 0.0006726639513324089 0.06794479424702429 0.02031466106968104 0.07038883368214852 0.0896705585413953 0.05554430485533823 0.07049018552738298 0.028687421511944786 0.06599585689091803 0.05622970120542658 0.08799047518973288 0.024892975642505324 0.07014567856890165 0.006473583593415371 0.04340281676551468 0.01801611144025157 0.05957604589914574
30 0.06870435623621052 0.02529247532135486 0.06559759986498695 0.026140194213261896 0.01622199855547777 0.014921288547774655 0.032699661941126675 0.1159902998277756 0.04411052402165427 0.0961221743945869 0.09637105001929977 0.013548492270035769 0.002701859919366033 0.02161372917420612 0.10976871083300468 0.017990809119441422 0.08630736038537207 0.021281241842932792 0.03149016195083302 0.09312601156129831
31 0.08320757991476191 0.054114231920197896 0.04551060673950122 0.0452638444170024 0.09679090223159321 0.07340004312532263 0.016087283440200488 0.016004109108331634 0.05001841932653728 0.10751022578640151 0.03414890395661099 0.02636958815632333 0.04008847925666277 0.08055196809635334 0.021081928491824834 0.02726477072922223 0.037192543343580096 0.04935306970776155 0.00791719871890019 0.08812430353291065
32 0.036434306981437396 0.0792146598866532 0.040899436909800795 0.09457747541805697 0.08844598372361392 0.09729958897508949 0.0002850294709398794 0.0033637111961453774 0.04213933137999281 0.03903517304401764 0.027473471122106137 0.0003893830407791814 0.042560439941676846 0.0869331351400077 0.02850625971306283 0.01795556038509277 0.022799142518727333 0.09329334678296863 0.0852678473362011 0.07312671703363009
33 0.021959030000267082 0.09056936591526095 0.060761216973742246 0.00934219282919845 0.06624617979758185 0.04506730673905353 0.09536768761755102 0.0211426180872254 0.06580567511247794 0.05126309355046921 0.08237572422005371 0.001064795679647249 0.08704772021307064 0.06184727575385715 0.04194684000980957 0.05541273001058215 0.06381611026343803 0.030713661376644497 0.025621989947331315 0.02262878590273795
34 0.01991386487227676 0.017229309710434664 0.07403303464886495 0.12128710236457667 0.015159198707217537 0.004588384196145432 0.00603512744924079 0.10342407750026505 0.00843511671489053 0.12340379217413629 0.08200422112401967 0.09145168325425117 0.06533459178792138 0.04601855750031762 0.02301436950378711 0.036419459620412445 0.006923655935003352 0.006783446178118764 0.033980979194931024 0.11456002756318875
35 0.032987217884709846 0.054577751746924585 0.0706764484019018 0.06302458383282837 0.053356015135240964 0.01584564065604808 0.08151172139332308 0.003865670642901952 0.0003180152256603789 0.008315604620289527 0.08070671158081752 0.05229815229157678 0.0806367418888634 0.08212310532951132 0.06373455170870285 0.059600644696892406 0.06976149646864044 0.04861246376872974 0.0016867686365520588 0.07636069408988484
36 0.05877076412163332 0.05905533681206973 0.010540531867378924 0.06913926876404639 0.08614888392187511 0.05867785529402247 0.019348304941442428 0.07004278313991318 0.06456365528054812 0.023693128103706194 0.05157500709583655 0.020375713483713778 0.06779802040314624 0.051655019678340595 0.02720602849002822 0.08085927012608554 0.06429771403917212 0.03690504137301102 0.04519761046672708 0.03415006259730306
37 0.09047147953196348 0.013071329045454144 0.0325338301565622 0.08314896421292141 0.01510037914429559 0.07805007681027919 0.003020122743183078 0.0066900387898442566 0.06221794728354253 0.07205304286646907 0.044445637567617206 0.01563783599239799 0.003915212483114921 0.031662303026773614 0.07651051995162435 0.09949485069692915 0.07183196422905096 0.1006439214631835 0.016727374121882545 0.08277316988291071
38 0.014450107281984334 0.08472791571613444 0.09525231108496295 0.02660073058875487 0.0171947583706044 0.06520512405228682 0.02624079303374103 0.06260984194570215 0.08084200536319684 0.0673035650174139 0.030085114756552893 0.10356583397581746 0.028531500137622758 0.06177251261045689 0.0424050024385095 0.03697571073681197 0.013987909901394171 0.008652180808032978 0.08882146458793672 0.044775617592082935
39 0.038341288214418935 0.06539963570241422 0.05615196407001509 0.04596360746808725 0.017513669064858205 0.02428050220218569 0.06843837153578432 0.08098775985401845 0.00019260651478012096 0.0076062009427915606 0.07126394949707805 0.04653911759936413 0.018528323910724422 0.04151833252683393 0.05777092035158801 0.0555406391743622 0.09000096978683374 0.012807715174421747 0.12050244244623375 0.08065198396320611
40 0.06899773387880404 0.028916480774505808 0.06113627541784151 0.010123899970828994 0.019081051948364187 0.06512911591843457 0.09518942865979277 0.02944784008845401 0.09053257579241338 0.06539769328034564 0.07141849122508348 0.003889352680274603 0.023898933465323305 0.03115330262203949 0.041720048368516824 0.10757234623698218 0.037847859864466565 0.06587603944370422 0.006449957845996748 0.07622157251782785
41 0.002847247065681888 0.04883826154087866 0.05264421201033489 0.0350433618560231 0.0010171977475081047 0.0717221768091924 0.047183284598141306 0.0798286612193324 0.06031850583984138 0.046525512868364566 0.04438484029587581 0.08207527021304903 0.08487560163016356 0.08582222705060708 0.04779872770829113 0.010707488751291166 0.04045570645910775 0.014217014575514116 0.05513268563072704 0.08856201613007451
42 0.006679043574143646 0.07067800307100405 0.010302502216916825 0.051683862190340164 0.08111658378742173 0.02389883445987554 0.0786269422413854 0.038032919443022756 0.02876939838193002 0.07646442470281088 0.023205052496392268 0.04152201932485566 0.04327062585110957 0.044797701806267354 0.09662081114776634 0.08740864731904208 0.0744170145177037 0.03832426162712766 0.012719455600679812 0.07146189624020462
43 0.07520840081140966 0.07970868721596203 0.04812063032167559 0.06922111422475363 0.06775096611709697 0.038408166348713906 0.05854789874915841 0.010182707745095224 0.027472041346291304 0.08523094702806323 0.032616060465842894 0.028562473942858886 0.005813766359691482 0.035507662673040265 0.02893379417120751 0.08552243681294161 0.06868140363124359 0.029121571041633595 0.043014653807205705 0.08237461718611452
44 0.06347172446940995 0.022326942388459142 0.06162082549199688 0.04650676868093562 0.02215642876841115 0.0754049217254226 0.06651027428982022 0.007970249453846221 0.08200718230873721 0.08290833848461333 0.08219867368365968 0.0027705772671365067 0.08705845014410882 0.05469690853220804 0.0019363195367675125 0.003387540717490797 0.05422142378732126 0.044465126352310466 0.08615321608109162 0.052228107836252896
45 0.07454355359007644 0.07782547258932856 0.027933936565339053 0.07172842117900925 0.05966871762000869 0.050645853620941594 0.06853012034451303 0.050866649866946494 0.04495157672286208 0.06832236917711383 0.0482717454266955 0.06450856991745274 0.07354918882560488 0.03858679332693438 0.0614554472957902 0.010462643794177471 0.04443404797231402 0.03257239923559073 0.005505587727332011 0.025636905201969044
46 0.06547310527111151 0.039509712794924434 0.04571107963574275 0.019358699355916564 0.06696291120049215 0.013076015517414568 0.10654165425573218 0.0030014887232268726 0.0469749890162646 0.018592975440676167 0.004898642745153865 0.028600805385977916 0.002521383644311676 0.08579438464832913 0.06628414739458297 0.06770328452081752 0.034584790444494064 0.11991648863780079 0.08368323553717316 0.08081020582985712
47 0.07038733971007086 0.009365520461601617 0.016534460372172814 0.06553643511425228 0.03835982798924634 0.05744935033657987 0.07425960795752601 0.042262707440363416 0.04111020592096509 0.06714098117512068 0.06447489918555331 0.01929671439763798 0.036810373614319304 0.0554268676768785 0.05271227774765322 0.05491171225804665 0.0708101394513086 0.020277783534209094 0.06779035175995356 0.07508244389654065
48 0.010404423386372066 0.01685273114852771 0.009676910170800298 0.0663097430503611 0.06309596943098754 0.04744853151183536 0.03470937852877307 0.030782727569854045 0.041447022849309276 0.0662220078342259 0.06433068478683861 0.05115303039895145 0.04516748825476971 0.06771286748458748 0.06238813904691927 0.06193791877795266 0.07637097065238689 0.06413454651009501 0.0615160772919789 0.05833883131447348
49 0.08202611120945341 0.08310323171912751 0.011856011274772206 0.0028533103378576897 0.011825916219062933 0.0057344089459208806 0.08326343553617647 0.01812098127537879 0.001572220937169639 0.06307132009589306 0.0633784642248206 0.09098340492237059 0.014096384447577137 0.07522272702143591 0.07632224331196245 0.0722260940038728 0.06875380524362434 0.04269039884997013 0.05910698263020018 0.0737925477933532
50 0.06812210969082348 0.06598279961579669 0.00010443095212711252 0.04616410931775808 0.09150242969713199 0.06996056524878508 0.0890550691688991 0.00027815456595486443 0.04028100842818055 0.06654303727650454 0.022697254230461577 0.04168293127555041 0.043612450480652015 0.06857068883828928 0.05221416927448386 0.034182926481647016 0.00455529117361345 0.013762764847580516 0.08732559350559035 0.09340221593017024
51 0.02184950072381955 0.07604780073012925 0.0837381060066328 0.02171640663327667 0.054166706862687 0.08263760160020618 0.004874123202870379 0.09063676318592513 0.018930132615195706 0.041892865122904965 0.1016522712483858 0.062371110993723604 0.0031762069148884155 0.0007676733234356532 0.10040413993195393 0.006045175093655745 0.04659356534288374 0.07067956222305918 0.024528696528174028 0.08729159171619232
52 0.07995858361558462 0.023648620253231847 0.06341187631350115 0.06187848028503035 0.01568811856117711 0.08106714438829403 0.0703604503167936 0.006457864256622724 0.016184825637131698 0.08318789511328603 0.026440825293699673 0.07361018748953671 0.004201686802154267 0.04392463614630408 0.06301362193318323 0.05082198854828456 0.06999399785685594 0.07879379693982133 0.06053496731121575 0.026820432938291068
53 0.017001212435551166 0.027795597948249696 0.030507518861176513 0.09461646028423822 0.02306933508701281 0.005717031999147745 0.01987507721062948 0.05321161971711632 0.03965219388403292 0.09616288800196705 0.03611541029546124 0.053802331022869986 0.023503410220055285 0.07951918669416864 0.07248823932564284 0.027257316910342205 0.07562267368529116 0.09659590246801479 0.05970318357836035 0.0677834103706716
54 0.062286009817308474 0.05286493920149627 0.0913528532377957 0.06244277661037432 0.01633735423091252 0.04665552718798801 0.09234734437167803 0.03680650635786747 0.04518827537369084 0.009513173654407337 0.013048624554038865 0.04127093654849356 0.09467565953510716 0.018051171717261387 0.017170659482437015 0.02733250376279054 0.08906016290350077 0.05905415766665155 0.09547602168778076 0.029065342098419576
55 0.0021150366688430368 0.03525760983425773 0.03932760248423231 0.0884295503089729 0.04334738516889007 0.02341094468168831 0.04062499440918385 0.06307998256955512 0.07436489804687756 0.018252931185853135 0.06434292708634214 0.08932121978084966 0.011352120293007235 0.05862100256904143 0.04599822832202645 0.04203795960369237 0.06471128077728008 0.09867785469839803 0.06312940557791154 0.03359706593309697
56 0.09445647925826625 0.026622011427255954 0.063917208652523 0.05626269122596928 0.06756093598104644 0.04112214600040987 0.02300002352885246 0.058023064106702375 0.09822364409878398 0.03740795589448279 0.09477656659375715 0.06393005149545454 0.04537327223505909 0.020234048802476725 0.0030596794435659162 0.022849079440348547 0.040789598087649495 0.09644387021566023 0.009152098021936173 0.03679557548979967
57 0.04344483945243879 0.017562861047718634 0.008869520821429742 0.06459718924871803 0.012627610674825807 0.034570372552972885 0.07132144318343718 0.05093685434175093 0.09053717536292881 0.030156999411624363 0.10567756081648462 0.010332972624306023 0.03580845613307766 0.012335550049579373 0.06999432612982455 0.03437406353601203 0.07309091869628587 0.06484593069361688 0.060010158601228644 0.1089051966217393
58 0.05598329784190811 0.04036630304630858 0.07052018792755926 0.05816255732946793 0.03268601120523323 0.06881549200146735 0.006717038494588759 0.0017609165521615068 0.013471347914285952 0.0387274827780226 0.01245195091410231 0.06957939355720931 0.0703142652572564 0.10282991921717251 0.06208679274242858 0.041055719544312225 0.0759519176701757 0.00026660659800403823 0.08025595820472038 0.09799684120361532
59 0.09015493568676015 0.028964149928547296 0.037943699382096234 0.07955295816931311 0.05598266399867104 0.06345200800786006 0.08310399468924287 0.03558699235522644 0.03334116998234343 0.004372108431441281 0.0650017174577825 0.08783233542771589 0.06973571378046356 0.06583085205332313 0.06821055464849302 0.0035139225710346706 0.06965412490851766 0.030814776442751116 0.015137463297968421 0.011813858780447979
60 0.05237820574237496 0.0017936776256313855 0.017346520069953204 0.03767787486642206 0.07864507759135066 0.08873287446144214 0.03330388997145132 0.03466334373988565 0.017874947083136767 0.023314496935265536 0.06585610241975312 0.08173714691315555 0.09036460193340973 0.021765314831492185 0.07639576051265114 0.05496010543091821 0.07110123720750212 0.04844956861813045 0.08117565794917586 0.022463596096898023
61 0.022182121710987716 0.004076610802401316 0.034414466635810326 0.09092766269753223 0.11627727802943787 0.09875463799263574 0.010266151391837536 0.03327356668430854 0.053678608141233236 0.01217220244294863 0.09022068186215118 0.006930761263999408 0.08362347452995068 0.05298864621301994 0.06098142435626275 0.03267413081847696 0.04348839305893898 0.05982597171530201 0.08979150577635775 0.003451703876407356
62 0.0581137682396204 0.0016166579083210471 0.09298086176169242 0.05236559082819471 0.033171439074623416 0.03802175330288781 0.05038073547044496 0.05442157044349214 0.07774865655406156 0.04716624347195175 0.07923301054306223 0.07315860007419589 0.046829550357580206 0.07115801532764156 0.08297847877121298 0.018824027836141777 0.053525767375861594 0.023271879344159904 0.02004698298097159 0.024986410333882027
63 0.09689284572364389 0.02196524517065028 0.019017365628217257 0.06922626422841076 0.07589823543499748 0.055604102925289486 0.037740110725265105 0.011652581324829417 0.04051886370529544 0.06092047697436388 0.025484118762869018 0.06372968773971129 0.007665258185440831 0.05498934458359285 0.09702121347234693 0.02056158106631614 0.06347422667906708 0.05091576651100023 0.08529377783845826 0.041428933320234465
64 0.04077973458764697 0.07748011923226732 0.075782654000847 0.07554212512324697 0.0042462654576031975 0.0681892900116944 0.067312487168924 0.0526690084081013 0.025591798633876544 0.03596914308116447 0.05205749760868178 0.05855247613454053 0.06162616620398927 0.03403284429631673 0.03688160244206601 0.07524356065667798 0.0009353826090858265 0.05315339205183748 0.07382236475623984 0.030132087535192434
65 0.060868675683334636 0.09333555463269427 0.1275268554944609 0.047234852832598755 0.032569963982089764 0.012541851357914736 0.028050078357260186 0.0035843227902494744 0.04013481655942514 0.039656831421956966 0.03093672180103061 0.04637508773334543 0.04891484731107669 0.003429454417084681 0.1033575842762654 0.0875512501809558 0.09086857497154975 0.0025330227084348054 0.030728941327991272 0.06980071216028069
66 0.03603107610567535 0.015301831037071814 0.043326616826281944 0.07189584517251753 0.04241434600770082 0.05942589025100954 0.07056493634329204 0.012088912208950125 0.05018439580252858 0.056752672060290325 0.023694337464124207 0.027613720124322925 0.07381567437593449 0.07391297923315573 0.05319872037945214 0.07352142349266427 0.07504733889367118 0.06571547255792325 0.038597646643164035 0.036896165020269774
67 0.014934860863991773 0.06937025618810608 0.03311164703652221 0.017122499291237207 0.03033492215810995 0.10706269526451907 0.045782176605857094 0.06931681168867236 0.054179784612492926 0.10129884961404534 0.04405677662420669 0.03593373766961968 0.08834053742168997 0.06145440248331568 0.07016465247543847 0.02710820312028976 0.009959875414812778 0.02372287720091914 0.007916449644148562 0.08882798462200528
68 0.06062343461171043 0.08341271333098611 0.08491217149721608 0.04616781892068261 0.014346599726741386 0.005085880998217433 0.04590791882951823 0.07623604240767021 0.0755836419052992 0.06413195317152125 0.085359073523832 0.021952898599995534 0.046458111343040745 0.0059809487673272155 0.032809233084758235 0.02882769225260445 0.03435342792234262 0.07612573808383417 0.08517951727733808 0.026545183745363986
69 0.02538661782268922 0.1036807716951521 0.011161912038774943 0.01667335007804352 0.10561070199874013 0.00766173725505047 0.08131474921979556 0.06144650897810938 0.11048341371960817 0.037630550807540415 0.004734673610542592 0.10371784268683105 0.09640734554599809 0.019975836264565585 0.023754312922197974 0.05349615172574581 0.0051795273855566384 0.034024558337595705 0.09398038723790633 0.0036790506695561333
70 0.04351268376472396 0.05548937692546189 0.08370924095382015 0.0579488401979733 0.08085627962189956 0.0008802932945939167 0.05233223600341349 0.05382083795416461 0.009884252699526204 0.04267903309748636 0.048749887052989875 0.0346040498486635 0.08358053907595121 0.05228235273521943 0.02298274541985152 0.02869923514087241 0.0742377224953908 0.08861369046268884 0.01193142026637902 0.07320528298892996
71 0.06435237808683412 0.06170898954935427 0.05514030687117383 0.10040730673706762 0.013006934042233787 0.06767880959190166 0.01138981156339047 0.07360693930529148 0.023112236926021094 0.02584623019921404 0.08145393646421041 0.01750394331571751 0.008476173667559563 0.05820077127943964 0.09308785390379237 0.043161841773870974 0.07951477115951172 0.004923474554176516 0.0666488131228069 0.05077847788643208
72 0.008759411199560103 0.009873345877410138 0.08360443629538358 0.06948256717836077 0.023446152320577535 0.04709157176918355 0.10979318129853463 0.029923521147937 0.05441059749979224 0.05467161560262353 0.007065938154369706 0.055457465811111585 0.02916085750899932 0.04626194784512876 0.06153191267288523 0.04613367904895882 0.05867526323195167 0.0934968748668001 0.10970978488769906 0.0014498757827325782
73 0.01829986436663921 0.07732789134665076 0.052173569975541526 0.08049142294487129 0.020336828735026753 0.07130031803272235 0.04184394982665142 0.03198800226179836 0.03719899283498361 0.07332772661563977 0.07662387199010692 0.05214946221796391 0.049683966911928584 0.021822484277969 0.08522303059925972 0.04804174443208729 0.013582213983112943 0.03173644964587721 0.0763675269618677 0.04048068203930189
74 0.08222475486514676 0.008382838855629045 0.08440054104568553 0.04128140302759203 0.06244372269362012 0.04609453472949168 0.07011981696164744 0.033231421893112616 0.022237461207762516 0.024168006647972858 0.07298345554082894 0.06507343464885655 0.014075527067931224 0.085342736668442 0.004341815838835388 0.03786911144153148 0.0803569101001193 0.07156046412606361 0.02754166231529886 0.06627038032443214
75 0.06340867784329808 0.04173826613898805 0.07637444454452624 0.06967762368546097 0.030210191504708987 0.0672175657605714 0.004638181121208524 0.07794951530249643 0.06367494770972949 0.050498237375546866 0.035563445106514394 0.07370355962920773 0.012869949450847146 0.044638619483316704 0.025641156330525338 0.07292097658163842 0.045701189389574993 0.05659082538545759 0.0036074836920997463 0.08337514396428279
76 0.0396296948348726 0.05369911589086428 0.01139563422083252 0.013505222094190488 0.005784053210071605 0.0318067645741555 0.003940022627239542 0.09535226075899988 0.042357530974858 0.05935254555644833 0.0806031117792628 0.08139809767169714 0.07094064006554887 0.08153352151733685 0.09376342417743642 0.043664671035960285 0.00552302774837124 0.06873271962284042 0.05841621013220251 0.058601731506810896
77 0.09207667369378582 0.035296135115572176 0.015723741344033693 0.0863648678170802 0.012582042813979647 0.09320592677213921 0.023634186612250023 0.015705637412398343 0.0681556311395459 0.02529524386356755 0.07215507700750777 0.06807701204981073 0.05523874276069014 0.06715839545361382 0.07872319832646972 0.0448385420277714 0.044003720019389854 0.05134711362834328 0.018885168225077714 0.03153294391697319
78 0.07049691886853794 0.023093955562818746 0.024349926541432643 0.04993980920031853 0.027413775523541746 0.07238647174123403 0.04243154554422816 0.09432454928907805 0.018249186336366414 0.07105921767345184 0.015826051591059435 0.02320273319516369 0.10330214850625186 0.04576786800770281 0.07147922199810221 0.017010721300864437 0.10103937543793888 0.04504801533701588 0.08084354137288745 0.0027349669720050096
79 0.07906799757108349 0.05801531664014322 0.04247834920136919 0.029741337336438228 0.03033572609642453 0.06233662938579242 0.06927182624392646 0.05356567300413783 0.0639902954614654 0.012783596718641535 0.026441782607825585 0.0421970083852851 0.010103895249007037 0.028347942861262694 0.07953470272491626 0.0377805609170694 0.0635212658344261 0.08816943155345101 0.08694433442485504 0.035372327782479465
80 0.034252593910240776 0.031415516251391405 0.05510712905050814 0.006794755020302363 0.049670901195838627 0.042122438812202824 0.08823081482605823 0.012616858182501368 0.07618632532690348 0.083616609980271 0.04296943375428414 0.08796541949916953 0.06664842291510892 0.04750407016827121 0.0260900122935674 0.04191916454152046 0.013718737625708147 0.05838455183302973 0.06055733465369516 0.07422891015942729
81 0.008625535183522286 0.0701501132750048 0.05633709569397725 0.049896589278759104 0.027247950451415256 0.02249784643699519 0.04370941349954667 0.08731080496250908 0.021241445832014604 0.08090086360986072 0.06098125878719005 0.02514041467652465 0.04816961571757688 0.05315605006925206 0.05810385624839816 0.0426640946515932 0.0656322280748856 0.08349668643901655 0.03557635262105865 0.059161784490899295
82 0.06059434672851904 0.08707649923350358 0.007809746086183131 0.023847062258741662 0.07845982291348039 0.018250807695560648 0.05703225318571404 0.099645898104016 0.0017940118239889368 0.024615200293840792 0.07849355136486268 0.024458702492684902 0.07810703045581081 0.09758114042566449 0.025452656092472326 0.055183908641011865 0.049266052396683316 0.011652545908114768 0.10595890903016579 0.014719854868980671
83 0.03913799920599063 0.052587748588508405 0.004494028955286333 0.07872635982085031 0.07558129155677594 0.052497153030243084 0.11862037207274236 0.11943609587418132 0.01906349542950937 0.003755327541365214 0.04560347519064901 0.08830767904503234 0.03559986143423398 0.07724183729459226 0.004232870415720385 0.06857230338763828 0.01571046084552322 0.06963393068897993 0.016536173980361685 0.01466153564181593
84 0.04791523913492214 0.03704532523951056 0.02170701853314078 0.09493749168518432 0.060519746592819425 0.08917857765477816 0.052927183772446706 0.02699258320996003 0.005827739749171402 0.05378516885059479 0.05982435426443581 0.04213814099884884 0.09623504813315109 0.09091193194360754 0.021395822632335443 0.07009205546635099 0.0004473442442307605 0.09766590949739025 0.024828686641359673 0.0056246317557613855
85 0.006042939855769795 0.01551483094426829 0.07841848511652971 0.05188238471678379 0.020023766985147875 0.004318853113576452 0.06064196454912786 0.08932426173409638 0.04111246061908008 0.09104404583744165 0.08927395702911053 0.05197759154468811 0.0839929480946571 0.00032225794041617186 0.06711763368795103 0.06886656255416082 0.039847760719281526 0.06342035035560799 0.04797852107980253 0.028878423522502104
86 0.09330132867861814 0.01221542371488683 0.09271140483650027 0.017587879614384953 0.005083094607263928 0.041113236975396414 0.03088713624108073 0.07059794345271024 0.03283337970252047 0.038160028095345536 0.033980854012745886 0.06151290713247542 0.07816186975778601 0.06012062106854777 0.07258415627647724 0.022337299628236315 0.055494227899357346 0.02120289633426791 0.09329226651296674 0.06682204545843187
87 0.034313246105311536 0.0329791686652694 0.02737265799378155 0.11505454472919309 0.08032066691041849 0.047849577108565855 0.04574720377998637 0.09139993345806181 0.03172139044194041 0.011153972801016942 0.09806739391186757 0.06470455266169234 0.012008644038723567 0.004275584586306906 0.01475421430417796 0.04469032034079557 0.004435314473717738 0.05916297509406269 0.11772335537079834 0.06226528322431187
88 0.08193494962263731 0.008553521182004226 0.048979486772536836 0.08841207686052517 0.04062844595314073 0.08916306975844916 0.026929798854088687 0.054901704311364506 0.019399701531549195 0.050465199414503 0.03045330723878146 0.0026197232488595753 0.013572055013117807 0.03983458695291301 0.044254508669244075 0.07769033367765765 0.07303793853968268 0.08078620953353495 0.0602501969616225 0.06813318590378745
89 0.018203694997689538 0.06316665570220281 0.02102802850600726 0.022824753761664696 0.07807470509947877 0.048632524200222176 0.02687370950485271 0.08454765697654333 0.07092036565254978 0.065543973780536 0.0849940091159845 0.05419924507836831 0.057370145654631104 0.041008461677363446 0.07277905375446606 0.00522483856904016 0.018855515467318413 0.07476664763751223 0.035078194451573966 0.055907820411995
90 0.08936396817627058 0.00035377844839245176 0.027589719823437126 0.10323196198126888 0.058847770170698276 0.06758703911427529 0.03869486309346886 0.014433674951542965 0.005505523264104692 0.06571882880344776 0.10826818462821985 0.001465867669424672 0.016217218135057217 0.06681299688326735 0.09129407820742227 0.06719610877084829 0.027822935754549204 0.03846978986078722 0.027091781903550303 0.0840339103599667
91 0.04006109819657815 0.10765879819985569 0.12980795514787252 0.010753326184454818 0.002295897223207783 0.022093978355768738 0.024720930389894372 0.03332463734739723 0.08981584944384088 0.050632002743067846 0.06086751790605159 0.08368037875592871 0.03532562965090633 0.08506672697722528 0.012748266067828437 0.03761136197250499 0.006518891202175446 0.1100449898716321 0.04010578570886339 0.016865978654945695
92 0.05031369887787448 0.04449366654033746 0.012191732905625802 0.0032681097536881283 0.08239154670800625 0.05914079062261274 0.02571529898784412 0.06617562609577393 0.06315742393974431 0.08830337047243025 0.09638838486603983 0.019168213727227254 0.09664904086651538 0.011582145773586183 0.09704613372378645 0.0080850412401552 0.0162725228922293 0.07709246431907811 0.0008672199751743445 0.08169756771227053
93 0.05175747151360694 0.08214286444846675 0.03078226441878866 0.08336910592788105 0.06386426009617567 0.01034327486504477 0.016586846153863456 0.07630568692545234 0.061741794465174096 0.039574076288517564 0.0043316951369436274 0.06740829820419049 0.08751091917779506 0.036542626975852144 0.05493506428219859 0.03152505750123908 0.06405178703935842 0.042350046333923766 0.023685551411125372 0.07119130883440208
94 0.0839456869829015 0.08279816077791449 0.06580821520953156 0.07749602159836422 0.07885052484613923 0.06815409673170598 0.02329944138967904 0.08126332813204785 0.018182738870981895 0.0730961104535024 0.07024593879430455 0.04404581903927185 0.013285317769024868 0.035660101981868406 0.0501699031811394 0.012897191431711112 0.044861380917612347 0.02938571642058876 0.022525394908165467 0.024028910563545138
95 0.03430627810324363 0.08479827678716317 0.03818063424359412 0.017757751211405975 0.03212049236127949 0.026257562820767143 0.0821192192343399 0.02716840308995526 0.03092609744635853 0.04397110578933766 0.02573772835923264 0.047003442151983425 0.0737019344470974 0.06028139803194282 0.07475724032991773 0.0892640239270283 0.1018384494308418 0.004001827445888777 0.06567206333902859 0.040136071449593615
96 0.00013133350096134266 0.017401927797319618 0.02104146154764421 0.03903113849732643 0.03654066746483434 0.01534871068868745 0.07420043875740658 0.08667168491920461 0.06304159376480237 0.013954682334458858 0.07759247394912701 0.05348525171341509 0.033357029702084165 0.08079884260869098 0.056008135396781025 0.04493653878865544 0.04393867403312378 0.0905285132122847 0.060653812458120765 0.09133708886507147
