0 0.01789568827280476 0.08107245346697174 0.08216868916423496 0.02643403346958845 0.07590797260975941 0.08579622832653147 0.08738438747382467 0.05489749045535974 0.009732935318798092 0.052062082768781305 0.02956194009155669 0.06495410166194529 0.039534487420217895 0.03632452768894535 0.02591649555623514 0.017211264549071733 0.013707515945119564 0.038955937366191865 0.07652831993526861 0.08395344845879327
1 0.011478623506965546 0.08364895244722292 0.08492707425918683 0.06504192713264331 0.04894773801007864 0.060290596536786714 0.013241205534434674 0.03704641414917161 0.013841215666569127 0.04697542400332782 0.07685138577409081 0.06632095589558122 0.054490659554812367 0.045790354622612266 0.029992006838383812 0.033224423246205045 0.05814416794809233 0.07582605133297488 0.060015465059842725 0.0339053584810173
2 0.04186535707853782 0.08076651058026657 0.04216427210461648 0.0369954736080656 0.07957417795341087 0.004345096054571616 0.09372805054418239 0.06316372278325123 0.04654657641375916 0.04056372463351345 0.06669256321436345 0.03684258131411305 0.0525482482564643 0.007989998832806343 0.04232740934705274 0.0016647743183711037 0.07550087118500202 0.026505792272478818 0.09183552111835895 0.06837927838681393
3 0.0803830203148155 0.008676992189112545 0.06896244692800674 0.06649187178980034 0.06120148552736878 0.02564205977189302 0.056063680068137396 0.001799440330178458 0.07939313293649375 0.08322400662783755 0.010491504618499093 0.02375944355503696 0.01961176500035771 0.08798529313837745 0.06207563883026694 0.08503492477989961 0.05530514730945042 0.025390625444150824 0.07993989400188449 0.018567626838432494
4 0.08733843024931398 0.017447094077220546 0.038258210897019786 0.024786515082841326 0.04544278960479144 0.04640473208309155 0.023412693186840614 0.08814322557162704 0.08845954732249281 0.061613319510857495 0.06552983515649316 0.030172725334365453 0.032219801703637314 0.03669648348101142 0.04278522954864176 0.05534337452260089 0.03129070532295596 0.08710448773554484 0.09066367579729391 0.006887123811358492
5 0.02028111539767847 0.07552565904039607 0.06123269176101931 0.07818310382507512 0.03304699423644871 0.07432529655892803 0.059240306352875936 0.031724189557009376 0.08170825673950088 0.037712857820591854 0.04223403844126965 0.011215420438867243 0.07318311074113751 0.0201089390983944 0.024671580285134987 0.062249950033682944 0.020043846885398512 0.08018781422619725 0.05309667537952429 0.060028153180869084
6 0.06588581071733435 0.01448022981397836 0.04490446621646576 0.018653813964270172 0.05192821052482045 0.015008411655797116 0.07936533109020263 0.050935385545350154 0.004919255908219759 0.08365780271369452 0.025842969588826748 0.06321420090194241 0.08393532289896666 0.07119612859825734 0.06864356676351467 0.057416692608982564 0.0716783804799207 0.023048924220413658 0.02733734664174523 0.07794774914729684
7 0.05170310575916672 0.01733828416921388 0.04422239887291282 0.03329753890094273 0.07691124577994432 0.09422822682911156 0.01788970636459428 0.05965112028830877 0.017898024796667952 0.09850187651644955 0.054563422645266424 0.0678401586984764 0.0874880034302399 0.07075788881050073 0.09181314637472172 0.019938603787850458 0.029630832400042172 0.00557117330231253 0.052077150590235266 0.008678091683041704
8 0.023184592588965183 0.10031195480117013 0.05636825401844861 0.10987052322278726 0.07138368172305992 0.014662365331283435 0.11560008001466011 0.04043950467300007 0.04427145371505546 0.02144486689467457 0.009812306439007589 0.017089983666172242 0.013388766882718372 0.06560308620253874 0.00855874505263203 0.003134610070366501 0.0721962130152936 0.0969586126811578 0.012496155911593395 0.1032242430954151
9 0.01721077876391731 0.10617968746555254 0.06494469975065684 0.08928644737518604 0.049133130750649 0.03367489006772206 0.08677081805023902 0.054325416911580236 0.03464156961558644 0.07927978163891834 0.078761456148156 0.025732437903896142 0.09555580393969564 0.029865684872842857 0.030865046043644463 0.058666195106906543 0.0052850257288405604 0.01959269494796255 0.00857789854333083 0.03165053637471636
10 0.013880180209618651 0.03437811579710866 0.007343861822294419 0.053963396272741125 0.09207342713804234 0.05343492363974912 0.06912078679856849 0.07172512229043268 0.0663095225062204 0.09046455281083961 0.07130653521490501 0.03205267578410684 0.00938858223665258 0.09497966268746447 0.01763423761478112 0.01626147569116117 0.08436257642371366 0.07556662986931854 0.0318324581374838 0.013921277054797484
11 0.0047744427790957404 0.05782943064358129 0.08675284736484502 0.00466471640413342 0.046253824172176224 0.04249282481316408 0.06264511749991834 0.016139110992061934 0.09160533171304648 0.09020886617179368 0.0376130134916911 0.0203369260054104 0.0280614426759486 0.042960816846934494 0.07666777051027758 0.04674460106270688 0.08816837905946494 0.05194985294286167 0.024326228855538583 0.07980445599534963
12 0.027848232251207757 0.005518455417227017 0.03939325305081986 0.08766264230129461 0.06240859486326702 0.06690043698508162 0.0676980581125517 0.0663750657804661 0.014210042550550412 0.08095097630625751 0.010309527000479742 0.040534250816514975 0.08757419129312671 0.06458578810152744 0.04871157711637544 0.03893614451075157 0.08266712078328788 0.06547224186441968 0.01903188338816634 0.02321151750662651
13 0.03702727022023929 0.016998921084680093 0.013697771755893366 0.08105618803413202 0.060516092281200196 0.0756538199316187 0.07071327098748334 0.006415817420932268 0.043271120069764364 0.002901254804643149 0.07135982356709597 0.08214962588099253 0.05536117761787086 0.07172740238320921 0.07310510583877285 0.04940088486915805 0.03469817511599677 0.01144985129892457 0.034836145980467914 0.10766028085692443
14 0.08206033208063342 0.011414046070255592 0.017768282509901576 0.04497736596609483 0.019569779937608927 0.026080374649626335 0.03266909857281611 0.06606489513516586 0.08269352308100848 0.06470434106407079 0.023114256988607175 0.08047900527493614 0.05629701778467423 0.05084559899884191 0.048305078530325084 0.06474131523737994 0.10937457731447464 0.05666743897374755 0.04658884934230744 0.015584822487524063
15 0.08867789253776417 0.09878804229147116 0.02867749754251731 0.056289322898457804 0.05032456278151113 0.003104248739837931 0.027638949105526653 0.059869983399422975 0.025589275078091247 0.06020385022123597 0.10916860381893607 0.017277288076554573 0.008839199609714262 0.025641897505399438 0.11580193534944075 0.02757499268045105 0.029221687578608904 0.11306492104683646 0.010242257457437957 0.044003592280784015
16 0.015793165400808357 0.09074769813406569 0.10257997770210658 0.01637194560882986 0.04695633176584656 0.0066876438433421505 0.001438872434185199 0.08427083358320689 0.10239764068030924 0.1000959346485154 0.09128788993792866 0.0170704075276415 0.033553879782094564 0.012945451985660248 0.06485620273262326 0.09592944375887653 0.03853906097593296 0.002433940953887191 0.0006881777986058874 0.07535550074553332
17 0.06145630824645449 0.08055647094433478 0.06840295665843626 0.0633126410991221 0.016041328326615666 0.02292224633463142 0.05502575838549161 0.02545388309721057 0.06844747669930823 0.06393787462947646 0.02023510194711807 0.04788157871801842 0.055296986957750795 0.027676284666558366 0.09658222680038525 0.024493283509228806 0.09710320536391953 0.02471889706541122 0.04364724209483825 0.0368082484556897
18 0.07811488009967363 0.03610214708190628 0.07356443381207342 0.07662064534724758 0.01705720803493814 0.036465447721115735 0.11214889942590342 0.02137465108711885 0.079658043055147 0.0024771631577127 0.010855608132455185 0.03833068485777947 0.014423402907583753 0.08413946670579096 0.06669229600411668 0.0663128878599155 0.09462726593729458 0.04510537821916046 0.04092646870392518 0.005003021849141428
19 0.010132630831541683 0.031084821221974247 0.08984381051919063 0.018126906326857165 0.06381823934600024 0.0850784624046569 0.027877333583230003 0.06851608923965365 0.0108395341254054 0.05564812257148725 0.09345433010133233 0.04663484479664577 0.0038856613529172387 0.03693815615841349 0.023121898420212856 0.08264189273181936 0.07770169731144323 0.01760260372724205 0.07213998723798157 0.08491297799199485
20 0.0315368786298971 0.03562041624412575 0.08433914584443403 0.07412878022503477 0.008999882464719881 0.026501381910057468 0.07854149285474328 0.057098713112745905 0.0698798585757574 0.08355613559356725 0.053541073137395576 0.04282364222679185 0.04402729608510983 0.08824439797237661 0.021798573397995864 0.042976273019346194 0.07008080430108855 0.041439894696302174 0.03447896872746001 0.010386390981050582
21 0.06526663273363809 0.05356574139363792 0.03660685154904932 0.05400724710732631 0.06626913782074896 0.05473824413562723 0.09020291551981517 0.024063903435269908 0.009158429841753303 0.0934339518273902 0.003056431744005598 0.011723991917293534 0.01902472722908186 0.05124553438450591 0.03307424488131498 0.08391950810729473 0.048296659393153016 0.03819151872612538 0.08145586636804807 0.08269846188492073
22 0.016965635875509776 0.01822135045799063 0.028040958373224893 0.0234254517335686 0.013776063715067018 0.07722106676539353 0.08492837372259533 0.059189903021905216 0.09311257038219238 0.08494529863214173 0.08226877986737115 0.01073136433238002 0.030881892418799402 0.030146414772682217 0.08675078058112638 0.04767505340710937 0.06157239003263846 0.0592908623435998 0.005080586193600428 0.08577520337110378
23 0.009236353972400847 0.06032869369165339 0.06522470958048451 0.04259356144844932 0.07908873685895741 0.04619819710669261 0.07506236524571766 0.015908604705515653 0.046820513655684515 0.07006567704330309 0.03778110788155702 0.08224327307179008 0.059007422318634185 0.0022353832503816382 0.06887310055723116 0.07975962053606733 0.01508071894207676 0.07111590814500075 0.06128640821303028 0.012089643775371884
24 0.1375120396967089 0.04348229028267668 0.034067799520649186 0.008547006466349982 0.01849717887936576 0.011294340695543657 0.00922970388713133 0.06741784594908781 0.05205758665919469 0.07730312701822582 0.1241583233591106 0.08280129302963776 0.11342685570162876 0.019241483300885445 0.05623803442395551 0.007796410383235063 0.02158407237089128 0.0021363027730815594 0.045870483233518146 0.06733782236912218
25 0.06382464709620186 0.06271833562308346 0.029298856712139925 0.05501000165166793 0.04086925218866194 0.08149255727913474 0.06629028955408323 0.08227843271176172 0.01943886404427043 0.013731431997318843 0.0024470154086750125 0.07988759696210315 0.061458373181921884 0.02612364892791822 0.03912341683625761 0.06168703868336307 0.010413398688567221 0.07080060617232337 0.05202364439625221 0.08108259188429415
26 0.029625200020526623 0.02561482748940182 0.05023736188540562 0.07114258110131748 0.010631308273842434 0.04906690725703779 0.05117276920785778 0.032858637272648865 0.05186662118615389 0.06168856948194643 0.09124964424564577 0.0522736870117239 0.017128776327714465 0.027532437539431364 0.08914902812599779 0.08883016560419288 0.08216534877858088 0.05669210966348969 0.028164480209875702 0.03290953931720887
27 0.08862127107512788 0.07439391976334525 0.09938828292562159 0.06306792539207443 0.0816684532230403 3.201966521087609e-05 0.045025924356450454 0.033717853136861625 0.10266125673471746 0.04418583869707419 0.07187344116606242 0.021155911016961227 0.003726337378879768 0.023550263042852928 0.012136615153041434 0.06148754617922922 0.061732410893248796 0.018527706302822845 0.08362707811870164 0.009419945778675675
28 0.09638666358110243 0.07965545096546707 0.010910955337532563 0.06434820012430544 0.0882193861332252 0.04805773377510655 0.031878450428129604 0.08998041185746408 0.01313736194922782 0.05709875487222215 0.027121500363186418 0.01400334157141934 0.07033542996855921 0.006070620398827256 0.07287562659760329 0.046931345215700464 0.0333042752866976 0.08483009651731405 0.029240644939166296 0.03561375011774327
29 0.0028539884237128374 0.0705268648245096 0.03385978154110652 0.03229448732091106 0.09275336049950972 0.01851706143944455 0.04089769029740833 0.09044034290586195 0.0672246200905857 0.07861829792261545 0.04883809470065908 0.049342614649281136 0.06944243690462867 0.05716564475359328 0.06325377689172854 0.0624341689473725 0.049750043255358256 0.005084106112389512 0.06453402224915712 0.002168596270166284
30 0.038611916166896 0.010889796593944893 0.08786837769302364 0.04709537391759681 0.05936540382265163 0.03581520454989135 0.003336511532519524 0.045651683144417546 0.03722044008799774 0.09377796797569542 0.07271588457481122 0.02254674235650049 0.03214988597739003 0.049765292557715356 0.11046199648988068 0.1176532104424279 0.058060603592023655 0.006502676025735325 0.0179720755443499 0.052538956954530786
31 0.05898695405619663 0.06261537069574336 0.04378602263748899 0.08735836231733855 0.05462422624223614 0.036170954953326936 0.026827595048109488 0.019404047017043853 0.06806315604683245 0.02994915096698533 0.08552898273856187 0.05608971397047969 0.06875969778159802 0.04783186641267543 0.08978636143512951 0.05847674821023458 0.01720886159486052 0.06095898799984144 0.014773484258837512 0.012799455616479797
32 0.040382586272815414 0.08681847640077768 0.014302773128973064 0.00989551409398498 0.002870365023597805 0.0042958899064005455 0.07007824632532375 0.08699456067502048 0.0596529370073796 0.02566194183110731 0.09468947813704436 0.08293940381819016 0.06894330222577096 0.08684093715495393 0.027360446712145117 0.07264230871248666 0.0506528583969782 0.029760930011680616 0.06443700789240771 0.020780036272961572
33 0.07002054138330019 0.036838273551391125 0.07889709915989003 0.07446965976154568 0.024863555885451128 0.07297164010947856 0.026052523749286984 0.03613380271536662 0.03741502134422652 0.033751924283699025 0.07186216685052552 0.05962455427897052 0.07323058138438972 0.023783655071232025 0.07651837577514405 0.03156614913666086 0.0049687307890043655 0.07085959284206293 0.030350087124042274 0.06582206480433188
34 0.05383931707049324 0.08777852668676817 0.030007591452261704 0.006260516930500371 0.10141704971551256 0.004487339943361119 0.01645139926302226 0.013887364240498154 0.020393288998537432 0.14025145238047407 0.010169996729767304 0.11671031427155241 0.05696117419625998 0.01936251562666067 0.00304598760037878 0.010626857524490453 0.14830105549603054 0.04254331170149387 0.04419209330135429 0.07331284687058279
35 0.0860975511495443 0.06187259289684226 0.06737747653706533 0.08418707123758412 0.005343697298777008 0.027204730254274556 0.0050990705480711525 0.08480087256841051 0.08063388532348807 0.03761174657834207 0.04900262826164294 0.0541647659241029 0.04135727355251148 0.047941615163231206 0.05836648565730986 0.020144842461673924 0.06020586568443745 0.06519175041869368 0.008342674425837492 0.05505340405815969
36 0.077643852465062 0.038347347673304125 0.013244257131158687 0.07780116666277957 0.011594214067390847 0.06639836043164027 0.03408257150398691 0.006850174956815891 0.008450816323387145 0.0896787110359948 0.028621387105245998 0.035058983891639035 0.07096356047571808 0.05959264106224488 0.020545569329290397 0.08439022889936623 0.09748413057072172 0.06142893148628299 0.05856338109323425 0.05925971383473617
37 0.04898310164372804 0.019277837727044507 0.04612544684543622 0.04266392605369417 0.0877804398000447 0.0388029617259691 0.03399705561891243 0.006694805552708385 0.05056106004572804 0.04538623219689483 0.072958314457853 0.021633667980124286 0.08378524337019444 0.03379790794397675 0.059038137991848684 0.04856299842074238 0.0724711039880831 0.0132095383446907 0.08909009514303025 0.08518012514929592
38 0.05739462392522091 0.019009995794370623 0.10638213892027083 0.09018367489295441 0.06275886605199203 0.014498322242614287 0.057364618174177436 0.010554515147188822 0.034102018191971256 0.026464409723667637 0.07467945779311427 0.006762491532062135 0.03676728598597372 0.05535569027448603 0.07553220799295908 0.053779075479999404 0.047328200990218755 0.090942975423941 0.040118112443915714 0.04002131901890182
39 0.093045537261134 0.0507171700325585 0.09195323934226093 0.05164881186953854 0.016324899650132813 0.017817433259087623 0.09017520949360816 0.08030104436925578 0.020313533902783218 0.02512716012911458 0.02476869466070058 0.04439230121534507 0.06182481244354911 0.032748394552463145 0.0597251576748582 0.05663020376625314 0.08154432218838081 0.029512638742417406 0.030494423101662272 0.040935012344896174
40 0.058835328002427495 0.0069148437018923346 0.0363648591002716 0.03612270382824761 0.0874946940082469 0.08697953427538643 0.04383206364730258 0.004301475496712651 0.08694151568545616 0.028950499629302493 0.09199184425819212 0.05296143861986659 0.08998735101307871 0.015629604466441856 0.04740508864612865 0.01776471405674581 0.0329833828753723 0.06235097147869295 0.04338467571953577 0.06880341149069927
41 0.08890968841367662 0.03760148246880932 0.09942600222918192 0.01943703161346032 0.08320829128736683 0.050832746755573255 0.09018271280797491 0.017382975055662005 0.01812514387962988 0.04101840576626848 0.019443429550167462 0.07386384797999364 0.017575296120848356 0.021869985778918383 0.0717221341788333 0.06273089906322643 0.0927130860088593 0.03704669496956834 0.03616445220857636 0.020745693863405055
42 0.05267045986562135 0.06191452836425327 0.07456907283103931 0.07760562925284407 0.00507107573340779 0.054188046572441834 0.07106969582101863 0.04461409240386359 0.041410089592270556 0.07373862015339175 0.07088410531992662 0.06846766397805397 0.02137628831298219 0.02619508352383926 0.02321951858896859 0.05543075905825107 0.047653633324205816 0.0596889685160173 0.0062420571567448555 0.06399061163085834
43 0.07254169983374285 0.03382560148077872 0.07773931884094233 0.03134611478809988 0.06568284161152213 0.04035841960524906 0.02343511629361703 0.048434479390476695 0.03749326087947933 0.06994275673060221 0.017581717846354653 0.06785459408893632 0.06254165067066392 0.03757950336978644 0.038411868907205486 0.07812525853123282 0.04131604799127643 0.04132726992342948 0.05911360261933494 0.05534887659726925
44 0.004596994737196097 0.01092298311782216 0.0322882670027892 0.04276409331776205 0.031149005582542032 0.012308186972443751 0.05919243476464044 0.06733807802739661 0.089097460799133 0.0546193883245439 0.053580709660507465 0.0691398328508964 0.06527449521022569 0.052763188276703496 0.03156832362182469 0.02631824100765233 0.031947300003879776 0.10330794552480711 0.11117343479350385 0.05064963640373007
45 0.01079993805752498 0.03625124462415297 0.04253573909957356 0.09063208940279079 0.08974188915466388 0.07513769549326918 0.04341618903293128 0.04600577598802728 0.05130941543796441 0.06340321209710731 0.08093632399540057 0.002957334275074535 0.008627561568328161 0.02345907095477772 0.06315757591906508 0.051451247369145574 0.01690890767717728 0.0716161919378115 0.04486272989585581 0.08678986801935823
46 0.07096668202665908 0.0667035211961247 0.033935185842291875 0.04503407612607636 0.025041688388025778 0.058725926218437106 0.010141152550154808 0.009405715639754893 0.07102719133207559 0.0329918973939819 0.0564223797409489 0.024382385830358497 0.049153605413452844 0.08414842390642632 0.014642012935528711 0.07710602341889838 0.06614462506838714 0.06793946326765096 0.05533205321789418 0.08075599048687179
47 0.07212798543684053 0.06327080146797968 0.00916020992299415 0.02478012029459975 0.04324469351036288 0.03314180699052851 0.02040467947790407 0.09109266174064391 0.09457846380423703 0.09313339551249289 0.05063961222473058 0.026434755903187016 0.081279543775319 0.029631718147278153 0.013740142338537022 0.003082937143531558 0.045403363645135704 0.04096468108157308 0.09280670501293482 0.07108172256919004
48 0.06075787704314433 0.10425563619523923 0.01632001385740068 0.1081482442587152 0.0033646284704360934 0.018876885816437365 0.02600438854854767 0.0974113084396273 0.053524829841792 0.10844135529996526 0.05961927215114671 0.07103004605443163 0.0012301384705013876 0.03556499131129145 0.10508374469619722 0.05175915433016354 0.04142737437445714 0.00028893951992283807 0.01064593475070197 0.026245236569880884
49 0.07046350351423547 0.010289986803992117 0.09238335175883522 0.05089429246631098 0.06613935458219962 0.021817476010951728 0.011372540712466399 0.011376591444615008 0.04713513514558451 0.041074972840236076 0.024916469794626153 0.031111138582708676 0.09445113670016744 0.07830465581661117 0.0940807213739887 0.05268018958410931 0.01987741088972238 0.01879864974340977 0.07443016487342602 0.08840225736180328
50 0.07760481616484045 0.00669853806169512 0.035247961327717424 0.01282907636159499 0.06532588467426967 0.0698120037535942 0.07943568646415879 0.05431498387785047 0.06922767290265083 0.03612024451483785 0.07507978611093455 0.061904878549011534 0.01999540540765005 0.0671995500837829 0.04903639173351264 0.016315247493456857 0.04019488412346197 0.05822576759411272 0.06677951012841404 0.03865171067245307
51 0.030989119695388565 0.0747680266744153 0.028651900289746256 0.00900235602949919 0.01371054482570567 0.014475704855666358 0.07957095429159292 0.031290963620844874 0.09286751060720423 0.016543619117640136 0.09835871528168881 0.022280342324786317 0.09378215967263757 0.008351913569402908 0.09276508283037393 0.07451378251663167 0.054731861565637176 0.055302916457002145 0.033259978243682285 0.07478254753045359
52 0.030898266416400328 0.07359869349241614 0.019468839713870433 0.005422828699776753 0.07264905537946495 0.08521431594364591 0.04298973605762825 0.06061245681075516 0.06292844682819491 0.07695277303483673 0.0788086398000131 0.01178301571320563 0.0798892154736427 0.04659651803677444 0.04265361781085863 0.025138405365594717 0.06049682950898035 0.021250601096893244 0.0450377554264428 0.057609989390604785
53 0.015243621668196856 0.06537149055562604 0.013681840587034304 0.10333930383963502 0.058048327400072444 0.049380094350936925 0.06623830957327763 0.0852711500278896 0.050637790754251025 0.033267253831347966 0.10322430638371341 0.016680068034600256 0.08088965539889008 0.06488297196709367 0.03359508581398789 0.01685797200458626 0.003940823740747303 0.04431603986670653 0.08842467139942953 0.006709222801977395
54 0.08105492033991042 0.026761821810752387 0.048290852025398 0.059893694710690164 0.04522385713746525 0.05916193854639505 0.0463460256361323 0.02425327492931697 0.015447093057950854 0.0698991678042232 0.08369628161243423 0.08905109750340794 0.023253744160898666 0.038093329380980034 0.03010385429826774 0.03906832017393278 0.03964625800097745 0.0771864764716351 0.015790927608818825 0.08777706479041272
55 0.03075128638259342 0.07159338155756276 0.05771754194580685 0.017117350486823318 0.008024776203725076 0.07779342413557797 0.07672246551145971 0.03694738127497989 0.030453907118917076 0.030552475522035962 0.059463068885589485 0.0713804027437584 0.08198448904504203 0.0703515739996434 0.03603553485587367 0.0741396587016248 0.006819208041233588 0.05967723171646352 0.02975858104623062 0.07271626082505844
56 0.0429702195058651 0.048335757501976065 0.07589449048427252 0.0903221502644165 0.0586934392353598 0.07035593592856366 0.015151366408779789 0.005144376888956785 0.07989088294881314 0.0949848353577361 0.029611221783630112 0.01579648415948485 0.06210433737084606 0.02023448860042535 0.00830121532391732 0.04101057118897074 0.0360270194603002 0.05941199823421234 0.07016712200107476 0.07559208735239854
57 0.04062915643764005 0.07078491779468322 0.07554910612875483 0.016239135843686105 0.016399341022385477 0.057909098754415585 0.01257922159535577 0.0589170596790978 0.015867838560437778 0.06306455568463105 0.07753125325599286 0.0683394809117936 0.008699635894592083 0.05374713590885176 0.029471340583696472 0.0830641902015631 0.07782731881355184 0.06170833810283436 0.06982978641933651 0.04184208840669978
58 0.06970191954173514 0.051515340889766593 0.022298595620084672 0.05473790672992358 0.04143239101857521 0.06255420911195966 0.06809042425582221 0.06972255581531359 0.08244907153894594 0.07134041099154119 0.015647881237303353 0.03837829069763379 0.07741619958808604 0.029711290362837893 0.05615639681971557 0.022988999128674376 0.08094114188577488 0.01329851145281327 0.02970272983117356 0.04191573348231956
59 0.04399823455161881 0.03370488857541696 0.0616988223951638 0.07875012546631882 0.019741297678926926 0.018176231533757407 0.013218392788939213 0.07489163779177334 0.07944875245062258 0.04534238362771773 0.0676469788224418 0.0367853870193935 0.0748566602587834 0.03720498528970002 0.07359931013434082 0.06684832429398091 0.06721512778232791 0.0028633289121357103 0.026688627655077245 0.07732050297156304
60 0.05134180240674888 0.06703399560455346 0.01892655038147204 0.06742947663291528 0.03662704412165651 0.04062577401771118 0.07018774052040376 0.015551731028611066 0.07948916745204834 0.015802563096300532 0.06515354969076938 0.06299168683147334 0.07801306400560515 0.03577789202948253 0.062355266778507355 0.08072079753514665 0.07155570680595955 0.027726430494121865 0.018406835222069894 0.03428292534444314
61 0.010890334449243125 0.03789254826319698 0.03751483450478748 0.028725748641082682 0.07510195541692888 0.029330195745796588 0.06523271161620167 0.02102193139688462 0.06438542481107991 0.05720058349329145 0.02276420810750412 0.02755884589506191 0.08220093096255732 0.08090448894665132 0.09216460524791298 0.05808132122116918 0.0397282072166061 0.0866679307199997 0.03778123271695969 0.04485196062708443
62 0.0023175776367353046 0.10765624140053047 0.09942623437481957 0.0090393956149433 0.0017665345229187389 0.07758660934698679 0.0030147767428042095 0.06955586600492268 0.08156757078729522 0.08362314737049178 0.06841927629643092 0.01160386080083915 0.03893764123760654 0.025261409001840752 0.03032783000869015 0.08851199052228784 0.06318025269745932 0.07518458675769643 0.04472164561232283 0.018297553262378276
63 0.0367955811018095 0.034475894683614484 0.09275871647958471 0.034139855791922934 0.0799691277564309 0.029913517286510264 0.006495763012254866 0.10069405337759114 0.08113144144702072 0.012532150539371968 0.04652444786918776 0.07705443884919957 0.11171787841157979 0.006523716420325478 0.025290832316443676 0.03265497208852322 0.04731881250137294 0.07325091609675663 0.016961202532568 0.05379668143793141
64 0.04925541696794723 0.07175013253797836 0.10012877863981626 0.04353643437720294 0.02483986062084443 0.006081315790698682 0.07282643340920897 0.06705117372846725 0.0778462064385867 0.03517767690138486 0.0006139926013207957 0.09332424490489646 0.008599078731923095 0.05396359814852326 0.06547413125394241 0.014508119651152897 0.00657519207621399 0.10619055309923107 0.0443855387378563 0.057872121382803864
65 0.1111882492653877 0.04650251022838602 0.05992593137938635 0.11472112580539114 0.021317294218844034 0.045665779803370235 0.10058627065065778 0.04108586692789977 0.023198574326953207 0.0161731276079153 0.03010348196163501 0.09952411260891614 0.02702642392749803 0.01524160296012447 0.09806863732728197 0.010732490188948264 0.048971167342776 0.05212878971814388 0.011154841518305795 0.026683722232178925
66 0.02995185171741741 0.01934653404064102 0.01148454748328067 0.03562562985391456 0.06988859580732325 0.07558767946609395 0.05159671723453826 0.011439784327471683 0.07411559525489124 0.08509001139306813 0.0886510628591675 0.07699249060576965 0.04489098223306445 0.06887910979522896 0.0650000007031875 0.06530767361302821 0.017988943857444536 0.03149187639476151 0.005473388485205937 0.07119752487450169
67 0.07702515967291777 0.01678212280784054 0.02199651185532959 0.07313590108960286 0.06426041540728568 0.05721922834677809 0.07616783903533998 0.04644904823688691 0.06009997143225163 0.07860426044372533 0.05125513711908206 0.018392183799868195 0.027312672299978927 0.09025724821638105 0.031092779778206382 0.023500183226370094 0.0794264454378921 0.021080914686928767 0.005032003920886737 0.08090997318644716
68 0.07700175843900407 0.01613636174794021 0.027094569906586298 0.08479133024430562 0.04194139776331731 0.051232691543001856 0.06556321999019354 0.05266223861306608 0.005451624663995173 0.00975106588818923 0.019686761188193548 0.06937692310683048 0.0804276010228367 0.0689606257007127 0.05158301907309957 0.08612061648674137 0.03529748559107442 0.009142982467299327 0.05994799849521279 0.08782972806839974
69 0.02187209871842468 0.04799617312600046 0.08643416942385827 0.05991138677315146 0.0183712526412296 0.050664965204219016 0.0776419312929634 0.06707680481692926 0.0792165472766789 0.06231475361887204 0.025464108189120514 0.04048736761336409 0.0002789602367218657 0.0672754006634963 0.03300151984126561 0.0631701381099476 0.04381580887461508 0.08780308584657971 0.03757786338474024 0.02962566434782186
70 0.03089238260574482 0.08681990337503141 0.02812252399360111 0.07418605140611279 0.04987592208788577 0.08522953851678623 0.06946890597776087 0.0056709705147905305 0.04430021241272531 0.03233350742971838 0.04336701256932273 0.09035678148569602 0.021982418871310864 0.0060043493009459496 0.054547396097232234 0.06726675508192415 0.0282338248839247 0.06263630112174398 0.07084818131448244 0.04785706095325953
71 0.08431624484495318 0.07861700320435953 0.0325513239032822 0.005446307044914157 0.08185799092108306 0.00529264319009144 0.042106042732210414 0.022598574583652605 0.0011114553529471475 0.07734561179067734 0.07100079660320904 0.04053950271096232 0.054544884013777946 0.07944828819558744 0.03690500735921738 0.035897889577867714 0.06606230215366142 0.056480654421559494 0.053200982498621374 0.07467649489736486
72 0.036035225754333745 0.05717885162416 0.07533404428551943 0.07750428238660077 0.0726664760812228 0.06202758090701456 0.0821836110213972 0.029936871911835566 0.03688674498527702 0.011839278683390702 0.04438060772574033 0.031634264774134634 0.08276740625906225 0.03556475909101098 0.06300094100646028 0.02365327683028608 0.027421563364754827 0.019086780780202456 0.07090066126568542 0.05999677126191084
73 0.035611882633608136 0.014446170174288297 0.06499942178806296 0.05735342614191583 0.09278734646942283 0.057567192492495645 0.026145179225477273 0.030169533761573473 0.05549992320341178 0.03824141154673334 0.010777002968143093 0.05029940054188366 0.08372066283834062 0.09083720512249309 0.0591288593790999 0.029357125387310043 0.047949514766021925 0.04457568753188005 0.056549781786836124 0.05398327224100212
74 0.0781201131457215 0.09771840957096896 0.05191833339384729 0.006325046619919373 0.012595797042688794 0.05384544362289191 0.051990642563650234 0.0268500838955563 0.09313793564117294 0.010163621964500037 0.06593589792498784 0.09032540649413143 0.057976739857264564 0.06947099199746957 0.038336572450424294 0.09213315675480414 0.011689367851088832 0.042116857281964425 0.018895270795566497 0.030454311131381095
75 0.08535960266211633 0.0033328268356763845 0.014023257885699157 0.08728629668087512 0.07908992457948516 0.02198626981697269 0.06462533283683691 0.0489091728253729 0.028426458385448414 0.07147781263356778 0.011781784104884084 0.07914466798404138 0.017800661700881883 0.09222963727748185 0.03798797123558035 0.026073734813665612 0.009188473718506795 0.08140924734898068 0.05115975893615064 0.0887071077377759
76 0.04042924487873547 0.06370797872406407 0.019047349194131202 0.08821369165124338 0.046258799251856 0.0015103984186932836 0.03909626376307159 0.05490915776154052 0.08028822118860633 0.054228142667600295 0.0197120078328124 0.033256781114999495 0.08008099682388013 0.08724346742827585 0.03922247084031117 0.060577260107388536 0.02074363727462828 0.0747006588115004 0.04993802226976494 0.046835449996896705
77 0.06888915704992375 0.0804785047702057 0.04105868639758864 0.06920873487423017 0.04086089453938401 0.06200782520970867 0.015799275165934493 0.08115664448903942 0.08206374055891127 0.013265118493677655 0.020879625006164037 0.09331318777755525 0.03357817250398017 0.03961739880842137 0.05031867139066686 0.0017421202933626955 0.04113162832824002 0.09252740854542092 0.0018437794047336234 0.07025942639285149
78 0.04076773665450214 0.06683099066328048 0.08616871406679949 0.030475745611738735 0.03696319806361678 0.04140425923196054 0.004663161717589317 0.02491218279876379 0.05995923285056821 0.10756151163797859 0.0036637451572361763 0.01951578217278428 0.0905249486578885 0.04084054227700182 0.08893916706387776 0.03406099744261573 0.09705071951952485 0.06123982430414346 0.027224909207826834 0.03723263090030247
79 0.015067986258695012 0.02777421476461873 0.05536301494517133 0.02559164981355765 0.056656674155401786 0.0795916641793274 0.07391866343323501 0.0294578736289463 0.06289996776869634 0.07089417100618568 0.04011057829642718 0.07158982147875655 0.058519651459073875 0.003521669997568536 0.08346007149770349 0.03542192379491099 0.06880763720014112 0.017527177626729385 0.05728142126649089 0.06654416742836276
80 0.08946943806402405 0.04530414775019819 0.02996725345364495 0.07929483799518104 0.08240996021242443 0.05771843126463569 0.004873531899332748 0.03398251314866377 0.038593634425006546 0.004536386367287586 0.019578509947265996 0.08965036328750708 0.0686447397481256 0.07299724840689718 0.03164650491740455 0.08019953799947617 0.008581370015118195 0.016180692826030595 0.08151150019167226 0.06485939808010342
81 0.052814817987086725 0.01827443595852687 0.0630317270317315 0.040498275735988076 0.05998630270940007 0.0392791790604131 0.06196061719047708 0.05139249952699577 0.0959208851361228 0.007553112071225522 0.012098345303356937 0.06457616438794006 0.08665674547770659 0.042113861750200376 0.031517533817490874 0.03890309907557721 0.07535772542970749 0.0891936173732148 0.05459421113352054 0.014276843843317594
82 0.055316129273024574 0.030428279016288726 0.02809168570694431 0.05131620043257118 0.06189704077966595 0.06718152543474733 0.07039267616973796 0.01924603699965248 0.03568337619935881 0.02565897716860659 0.0647121715294698 0.02224264479917433 0.046465016010152564 0.06310136548256569 0.06694015642290371 0.06903648080851504 0.044061533163952296 0.0631951579972564 0.04879473350354178 0.06623881310187048
83 0.11198417844223688 0.013988258219907217 0.028864523260573413 0.03891848704998472 0.01998875085179175 0.008107234117702792 0.06982637172078526 0.0380069354014971 0.07959135076997098 0.09434915082466629 0.013268300396615498 0.10465424731997186 0.013430174535609869 0.08449638974239367 0.043847608080841864 0.020147623781264938 0.021222095179680555 0.07563944405870852 0.017169029027630314 0.10249984721816628
84 0.044749134486167935 0.03547117207080294 0.06456855033383319 0.03479984870612651 0.0568821152625297 0.06356678342963996 0.07078813947787829 0.036753374516106205 0.05441755562174574 0.08010346499390412 0.053360723996299965 0.030081319825665143 0.07533773519973579 0.06778947917264809 0.01175403529351807 0.07468558636396483 0.025518130276873784 0.07614425516271632 0.0003221467699566754 0.0429064490398866
85 0.023013333990754385 0.012684101349744568 0.04555198696738449 0.09083348077373177 0.09542471075091093 0.08105122523746437 0.05096425195245262 0.014325086718175261 0.0046828897469444785 0.026334892476502482 0.07293954075281046 0.06097591009281721 0.07593844038764049 0.03924407783698429 0.06441304366255474 0.040763444519895546 0.03234061357951726 0.08350743089163307 0.06511823765489379 0.019893300657187828
86 0.07275278264304966 0.0479363857025479 0.061316832866210466 0.002097029790843783 0.07152257582238694 0.03303336237355171 0.016174865415053825 0.05666863638590973 0.05193319899579859 0.07363546085765282 0.10068468666044442 0.007883393111484376 0.1020045720578863 0.000912292642495828 0.0799862791354893 0.012339190329712799 0.06834537133191165 0.03818287545741788 0.10131907783719481 0.001271130582957392
87 0.025544763559083253 0.006968829942084422 0.053141955889458206 0.028347326958308418 0.02321316344832655 0.02260784714955119 0.02549803975903915 0.07020651268280005 0.05207496580654486 0.08109959330308177 0.03032454672393652 0.06147392737309413 0.016082186123383652 0.05103619920699994 0.10167119166689684 0.08314195396472478 0.08694693025046654 0.11012510564409485 0.005492611334167446 0.06500234921395749
88 0.07593180741204637 0.048048494370361905 0.06901686675091823 0.05940017334097268 0.019113066343228596 0.02119505666467136 0.04922156057704263 0.02218302268340999 0.008858387037178861 0.05359190063452349 0.047048841490470596 0.10605128574413458 0.07588210190950027 0.06502805899279207 0.065110794691811 0.08552284978431066 0.004595027887114936 0.016048273762116205 0.10009456180974918 0.00805786811364628
89 0.003742127051311554 0.09237930475797365 0.0969886985043208 0.0007547336164836142 0.055991291341158475 0.05248835023119433 0.07643229656229844 0.061801389155079704 0.06261527114427935 0.06697003885833323 0.007997962441530027 0.08167234761614164 0.06138444158185428 0.02573846950704649 0.07082892859602216 0.06311162615352651 0.020531386003033704 0.045133178461870004 0.016397561869592795 0.037040596546949
90 0.01588734144553232 0.08141260631743122 0.09223605523504508 0.047183127226014136 0.054321911327221944 0.05165999955543904 0.0955565797622414 0.017646052705311027 0.008747371531844104 0.059454826796783065 0.04737913386234344 0.009099520904789656 0.07986129859894353 0.06186795946981163 0.01783296546723989 0.022956466752937884 0.10550875976389223 0.05504672873546902 0.06991271184100611 0.006428582700703274
91 0.0713960809994968 0.012939526865754817 0.06328076710816895 0.07251982881243932 0.016108449875697293 0.06864345585107054 0.05127342111050463 0.05561427132075782 0.028418104314318883 0.061960939505945965 0.07635222673625085 0.06143447151132448 0.023141988363442147 0.0496255508225003 0.041551929526333124 0.06517154773504538 0.047451487962816334 0.037276593738371104 0.0711882836698347 0.024651074169926582
92 0.05691301871519891 0.08426069567052945 0.09005831788446717 0.07303687380724831 0.043514673019679 0.07032331303847456 0.028666235243922956 0.0002670144815679786 0.08844178873794184 0.02901717815055175 0.008981406676451274 0.0029341882567673837 0.052257135509140844 0.09716504419139978 0.06112889212424839 0.002787157980121301 0.0313633770934785 0.058995323771076226 0.040833595622223696 0.07905477002551091
93 0.020034321937706663 0.009448229929499433 0.10740226816613166 0.038309133533215835 0.03457226465939701 0.0443085640850328 0.033174200682100356 0.02182893697598127 0.04659782117795401 0.06187505660758148 0.07394392467536272 0.09962676989621382 0.028646711014845273 0.0791982059006429 0.06493089936059178 0.052842819561172406 0.002947911088577784 0.06933792032234573 0.06935318233253132 0.04162085809311572
94 0.0834887055671293 0.02953478243285354 0.0402595253810157 0.08726735585294436 0.07402927780107309 0.0470423609827317 0.03021975801611108 0.04468985596840117 0.022237668114516992 0.09445832743815995 0.050507145211394 0.0320147120497003 0.025566080110674506 0.05592347562757326 0.046914226694251236 0.07494761059228307 0.00941576853676177 0.05581495477870202 0.05726584922388446 0.038402559619838475
95 0.00969314835548921 0.00614590243087895 0.042395185858666584 0.1061110736812962 0.015714049083466533 0.12672045994668743 0.0986168796513169 0.045962055990161454 0.004602120602002483 0.033997753848915784 0.009324434120310572 0.06317364591470541 0.052724288412470316 0.013049639610997896 0.07518256002482171 0.08214094346902938 0.08469342436204945 0.012354926732407095 0.014183029932749893 0.10321447797157665
96 0.07559684091881416 0.08877312149992492 0.08507390522417142 0.015270140891992481 0.008254224136687562 0.041863584796699466 0.08545027326120455 0.07916930784236223 0.014702209468896237 0.06947064172194795 0.0221531157380117 0.004249823431726234 0.08846719269270815 0.018844377070350797 0.01066824992946518 0.025921276324722204 0.0674862871721937 0.10193839277155048 0.07797331437014167 0.018673720736428926
97 0.0037324178580052133 0.12195915112927139 0.00752245563245838 0.09544789602800421 0.02779640176969298 0.09913124552178819 0.0650273362858039 0.08162937395633038 0.021072343900855182 0.012924242012085498 0.003243589625936837 0.11942304517785898 0.05926749923153242 0.06216173732438813 0.017664470082363288 0.07402181566099393 0.08839626768454123 0.014536478490616789 0.017608630528177138 0.007433602099295807
