0 0.023806864702333213 0.09069499369538403 0.011933100148562208 0.008596795575343196 0.11425103018403363 0.05319184064530191 0.07899707465325931 0.05501419638875911 0.06186627581080863 0.05192878020595297 0.002285229315014832 0.11494396636336308 0.0156885006494978 0.11874176333736997 0.061107518994135517 0.04707253941906756 0.021870836752589124 0.030029316097559353 0.031050478066320462 0.0069288989953440756
1 0.04387769144784767 0.05661645705761015 0.05818987262777792 0.0888026711572203 0.07701802311436254 0.10255586769296593 0.08085117795394017 0.04999092446429804 0.04959137490915259 0.0012748230822362662 0.021271301966329578 0.004426645777965278 0.09502284295204037 0.05477952429041699 0.05047386739850424 0.045884970678385886 0.0025589219481075235 0.04417833084657335 0.01782096929520036 0.05481374133906481
2 0.03283060399005228 0.056997051559560405 0.005491668766694507 0.03864520293755614 0.04200143030524092 0.016195717153150442 0.0906474111843267 0.02463953098529927 0.1073134621364274 0.03015112994616173 0.10814477474456761 0.08638758222486248 0.0004964892612896398 0.04951215415416481 0.009351884654477621 0.034047736123673615 0.04160480420142992 0.05847691849332827 0.13450479424506434 0.032559652932671844
3 0.0483600601177252 0.013944126103959321 0.07064193354005287 0.006400240506054944 0.09240583674203666 0.009916747610264664 0.0024782721924754957 0.03620255135576508 0.06900594158814873 0.008698366724355639 0.056538227687838616 0.05235301677187436 0.09904832710108327 0.08961598790474427 0.05632821844591041 0.04986404249946818 0.05752228324044903 0.06836208316668926 0.030825459839876394 0.08148827686122773
4 0.0030143445923255896 0.012755454130028451 0.03240273434567631 0.0648969111543837 0.033926188341489576 0.09852630064068435 0.009884555615618304 0.08988633328181005 0.06435974339321952 0.07164380326176449 0.04150553337202739 0.09318515585710375 0.007806160124536934 0.08742466678634714 0.029495106378977076 0.02170020756243595 0.0673740053798956 0.03442282369105399 0.05992486175841233 0.07586511033220934
5 0.04679559483901904 0.04546349796855266 0.009128908185634475 0.07103625882310875 0.0695407814971728 0.004626529851907991 0.0071656375377699266 0.005276339564389989 0.05381514053658624 0.060144335358029294 0.04430405095328973 0.0687449344075976 0.07648857675759697 0.06937531573074729 0.0771187936225045 0.03316417699815594 0.06810826799800142 0.06607999076652289 0.0591671338256224 0.0644557347777901
6 0.07054496746309807 0.04766251368708565 0.006291499680835807 0.02483634635151986 0.08646489917594545 0.0610823522608082 0.0008501355130856884 0.04560038208892791 0.07498267646524677 0.06938759750760289 0.07504915887589139 0.036902680794714364 0.08430134016001359 0.04297636423979737 0.04686856736024473 0.022406432266387093 0.014169123128372594 0.07719270821893137 0.06992537600194534 0.04250487875954596
7 0.008446693895824933 0.046443552385201245 0.054882154318609176 0.05508694685029623 0.00830686699952287 0.031117069842231056 0.04376092711919643 0.10238323996747518 0.00901629289895585 0.06909616607156396 0.0771812509945329 0.05257302217720817 0.02090455130155519 0.08544702248956225 0.03279084347100374 0.07204554061702172 0.07020301533793247 0.09865506560388052 0.03392313440226885 0.027736643256157188
8 0.09422280273194798 0.0853259217159291 0.08887301730221528 0.0828160916809304 0.07959173549570482 0.007595764250986667 0.09043913300330425 0.03267366597624961 0.0072444357524597165 0.008362275423693739 0.02393225309266569 0.07131964325319388 0.08628527608580051 0.07346164573148906 0.0238953803600335 0.004402339820052693 0.055217613508123965 0.012094083351339841 0.01995919977690639 0.05228772168697303
9 0.04176392835275646 0.0629107410151597 0.047917599210770406 0.01341190640480453 0.017526873088504785 0.04168253102413154 0.06379586629732682 0.043593953817613884 0.08867226181735473 0.0760426830209303 0.051852649857846385 0.03126742881648031 0.050377125134872636 0.015940192114625357 0.07612734752180579 0.06083390440892502 0.09523361607817225 0.06992255029265343 0.00710009899358875 0.04402674273167702
10 0.07136595677830271 0.08916094701905561 0.00022237952712079686 0.06437688206121618 0.04322523008440861 0.08765183814940081 0.09030884706818902 0.02771787219245057 0.08230388659469719 0.03566013986908031 0.0026777289803131335 0.07261754095297658 0.03161383788397653 0.05335227037911192 0.0012678788170265116 0.016782866908996642 0.04789822105171523 0.08277877546952689 0.07208172365887362 0.02693517655356081
11 0.03799901148549237 0.019946698688006453 0.03626743829899736 0.04116808575850322 0.045347643958790436 0.05919750611713351 0.09531021844894311 0.05363381931672983 0.02971029317134174 0.0498452938754374 0.05914712978971891 0.05741936277460937 0.03644842689512816 0.036103674449995 0.09382955026657173 0.04124741459520906 0.007205605706865618 0.03308762533720125 0.07477737544684739 0.09230782561847801
12 0.009533270672258119 0.009190195733206832 0.01893791048904985 0.058493171512569254 0.030294167938645238 0.0691818264879629 0.04463795425285699 0.08213184992356112 0.03208321353175713 0.0960537422051676 0.10408838255848339 0.09784698782671901 0.03904395261283858 0.08904614302334499 0.0786479877170645 0.026049009620458658 0.010525199748071345 0.0766048560582027 0.010821200357738816 0.016788977730043026
13 0.057888196675364205 0.062395218007777156 0.018166247670990055 0.07493054780677766 0.04850029684205971 0.08515823182715129 0.00804285673996 0.003934609360856803 0.08629193795156188 0.05859803341283496 0.08940556831304906 0.05528535740745273 0.08274931924503033 0.030145218550858874 0.045292269927657364 0.09729258278285126 0.008575233132326882 0.0126264050017509 0.016224490193266612 0.05849737915042231
14 0.00038043473646863946 0.015520327108209137 0.015491374716481326 0.06391703121201148 0.053491248365563716 0.02893530459283215 0.09793506829978468 0.0707468382236245 0.02475783404141989 0.09044425763732607 0.05795968714308036 0.03927683188423642 0.053066592750471805 0.02695302961036244 0.0384932697679245 0.07981204850553104 0.05757374713113432 0.04329114363817239 0.09025798371506698 0.0516959469202984
15 0.012656020930914485 0.02506496033184366 0.07638005640940247 0.10083777478294248 0.0224948251545384 0.006399761386956428 0.009519943187093975 0.1139143597242456 0.05051613364517758 0.08871716900151941 0.06850927932823762 0.03287441216579393 0.050545636016750155 0.08568692469857389 0.0019161035852165785 0.08806286111846223 0.06519353554369439 0.06977642578223725 0.028125414899521927 0.002808402306877404
16 0.02789496389350018 0.06825320690443218 0.03734677268219417 0.06182366164684942 0.04096346465827093 0.07126211500032144 0.018520645702571333 0.07072818535864725 0.00282790098780325 0.07994580215041613 0.067735964650457 0.06711588426226843 0.046545063142672774 0.08237715403545494 0.025433937967477057 0.060265448189503926 0.07270932176035616 0.041572441917274515 0.05025436889533313 0.006423696194195681
17 0.06047754436227251 0.07408624204300765 0.10064546550542554 0.009821113167598495 0.017391679088968045 0.09326530764680234 0.027966079211387402 0.060511940641060705 0.08289566722555879 0.009211533107752964 0.03353906079694234 0.0387854451885726 0.05823989203285013 0.03906174013988172 0.06002721348109119 0.019113518178611247 0.09297326553509137 0.03313925820239804 0.032239719077309305 0.05660831536741728
18 0.037383770030369114 0.061408208692319874 0.07694708364689355 0.039663673716876194 0.005169935837243913 0.003907345616058753 0.08060971748063007 0.03955590763881861 0.015043019252514996 0.06652491039397909 0.09875673569887986 0.09119740347657947 0.0038332673263032054 0.09900142341184 0.017665383558564892 0.020539986719759408 0.06179926775595332 0.07225120481037998 0.07234372625982592 0.03639802867620988
19 0.06562246042510946 0.06639272648195423 0.0982806438529608 0.09896562977523304 0.082253660785557 0.07621995554754851 0.01269931622936454 0.04710456207647561 0.03424164347204023 0.03962653961008745 0.030265204102129576 0.08259135221607639 0.009527518028544268 0.007390552613946625 0.04878526897807511 0.033853489474792366 0.02075992622727225 0.03898386311065291 0.04148305458647006 0.06495263240570955
20 0.07528308493163856 0.023875075942807404 0.026498429811758876 0.0698072277390206 0.030367055607180542 0.06221948485804662 0.058150376140862436 0.0711309960435087 0.05782735239463121 0.05053459112421835 0.0851733769153617 0.03625186758330359 0.08347947280739408 0.04239236950097666 0.04724406077377187 0.01411940932669967 0.01095262970195024 0.07984568960591126 0.024392359923755297 0.050455089267202186
21 0.05833807921945445 0.0918845948456435 0.056815309726611286 0.07102467291361714 0.07780169148615686 0.007505636233915972 0.06632402878469777 0.08769465265245437 0.08032261315234003 0.08245519650370806 0.0047543315726551955 0.02086426345493766 0.0017746726208596746 0.05523367918016287 0.0559463897355583 0.02943580355612963 0.038366519735020435 0.00118353375525576 0.09115512673975658 0.021119204131064464
22 0.010884965080642864 0.006926069582972589 0.02923788518962262 0.07504871269564911 0.055522805921347694 0.030693766070354376 0.0425869310531536 0.07805540216161798 0.09325786999247683 0.017580706089629704 0.0048431793900953375 0.00963878208729828 0.062207755665038764 0.06609733657246084 0.06543519827188442 0.0660299825629512 0.059976277460611654 0.016269781455547215 0.10549974324277721 0.10420684945386757
23 0.013650713012338249 0.07451820313499315 0.019234243454677506 0.08122922124286747 0.06970048247195897 0.07102152933205916 0.04679112313884209 0.046246778201577875 0.009319403168893845 0.03442929969084262 0.030109633381184872 0.07844976058378011 0.057291848975634996 0.06561808223845648 0.02002620639177553 0.0581623602935057 0.0685691156945328 0.06970007763256673 0.07419348447148505 0.01173843348802655
24 0.036021830155465825 0.07527054770223608 0.08851451252673039 0.0504371114036088 0.03861733763671474 0.09076465809831576 0.039271275178104394 0.01209791256812891 0.02355223100545565 0.08870965198698721 0.02858640577418554 0.06300369725393096 0.0277831034382677 0.08383262357931376 0.08214364847250452 0.004955010159323649 0.04110783794311757 0.07715161100205413 0.03650276775540699 0.011676226360147462
25 0.05070016147689411 0.003230969890628409 0.09895718677255014 0.09940556884248136 0.07036030279636961 0.006629047113374157 0.017022010238244924 0.06523056478719545 0.07169839152837777 0.005448961732850883 0.026967501225385472 0.020364679239871564 0.09435918748983252 0.06847290557156582 0.09857813625072664 0.02806195913487168 0.02534981936315933 0.009738732543700345 0.04663270558057562 0.09279120842134422
26 0.0905317776350812 0.03581852147300527 0.05950038353459594 0.09047336244957523 0.0692617367815878 0.06620159811013851 0.024663482146948912 0.06850216819953264 0.014069199402447018 0.018417400364371492 0.029978880534308267 0.08386908414648464 0.014911231317024523 0.058845266309098886 0.015194924615055267 0.017183647536257052 0.08282841792781746 0.014389935402073067 0.08374700744475329 0.06161197466984347
27 0.0767304438666534 0.06532876681495207 0.04912471339014733 0.06597784056893666 0.03934766804300422 0.06525216795148023 0.0790327633900071 0.031385527596893545 0.0406008961921991 0.022533372849546894 0.04373786571780827 0.05907002081548505 0.03585084832349724 0.022064049641577137 0.04958404516300896 0.036058033825069245 0.0765415167527295 0.05241283674837468 0.011296392526259897 0.0780702298223697
28 0.09583986356201091 0.07138318920146554 0.04848861440048164 0.05222688001064512 0.07832787655069798 0.04520862366981314 0.09702698302184073 0.08249303270186957 0.016602911892872295 0.022302362270398918 0.092107960302235 0.06402680536976628 0.0012347330187739548 0.0023859039734015195 0.05453185914838279 0.015851592549549588 0.021577838340758056 0.06768303304936697 0.032824750644870844 0.03787518632079917
29 0.10635763972794514 0.10715758960942887 0.017076205374793683 0.017352478745197304 0.04097715947040376 0.06039538481299782 0.05505110948743981 0.016232674703321945 0.0820178094972464 0.022984383651497887 0.09731214275694365 0.0931288831619771 0.0035786405942574723 0.03263294058922892 0.0032581386786118484 0.044686145420807295 0.04942935787390432 0.033305577565708164 0.009170488177219696 0.10789525010106892
30 0.01975531092846901 0.10386947036944688 0.03232828236409475 0.06381626138338567 0.0058639981337347555 0.06815158828702439 0.10170574267439109 0.033319193630670145 0.0007946555284337413 0.05919407901718332 0.08236098385139531 0.056169917361816916 0.04080828892699735 0.023864309592660785 0.006848469946439493 0.015591452732729221 0.04433365203634226 0.07440785315469414 0.09533973266235868 0.07147675741773209
31 0.06572966097232986 0.0011794669017448328 0.04364978104627684 0.0768380471428722 0.05360255991743239 0.06298226583942837 0.06531362053246788 0.07482884169116732 0.04737890749800514 0.0539293073598753 0.060265447233918176 0.03999179679713817 0.07539471949406222 0.06662629908914898 0.05512944480571239 0.05206569285719767 0.054054145080567884 0.005767901495631987 0.032739106933471006 0.012532987311551549
32 0.07709672060847617 0.08628278368174226 0.033472767828825294 0.08693024603967002 0.004275173943762962 0.05931329861809382 0.05285819132783844 0.04066159462968607 0.007288135627300443 0.005510709206226701 0.0521667148978148 0.028436700112782508 0.08281927773251166 0.08089804488275025 0.07120645641147223 0.003973151084506656 0.06622580760547024 0.03550744037246785 0.06267438005424883 0.062402405334353116
33 0.06570011829379073 0.051506170973057555 0.05864177723182401 0.06300354837869208 0.0003033844034756136 0.09123350187506903 0.022182132689100777 0.053853240869080984 0.0009410487416933465 0.06159214596781483 0.04753899902365488 0.06049267248677508 0.06710128784839466 0.08087407089226686 0.02112202155180385 0.019352225786160273 0.041088400327824674 0.036218245502774325 0.08394524557482716 0.07330976158191937
34 0.007148078235941726 0.12297561336047938 0.04185636765923528 0.07001401097654113 0.09588110535897233 0.02508161728533004 0.04554732048646368 0.027031427993993964 0.02421135461195167 0.06727197110284512 0.11117365307376377 0.05869685969888684 0.019591830087377395 0.04314881244538857 0.04124547182603876 0.06307604278949606 0.0024129214024289146 0.08301690798929429 0.020507074683873305 0.03011155893169765
35 0.08515226823037036 0.0022281477672263044 0.04023710166781 0.059888844952475824 0.05306829103591394 0.03803706440188448 0.042567336556231315 0.047897976401002317 0.04339078196572019 0.11383185891877613 0.0011359174838654175 0.06076893266104894 0.08255943118419677 0.057799710716984365 0.028138560125626145 0.029105806391194297 0.040485376269869325 0.05515948819907307 0.0440600261152957 0.07448707895543502
36 0.06565177765960627 0.07100656012709353 0.08407970212564359 0.04669768264455745 0.02680836623832409 0.0032518585018762335 0.007040397685749503 0.015811390046671866 0.08611601861978427 0.02415530934491345 0.05525991862296415 0.013067448139170315 0.0656240305539046 0.020906895382575938 0.08429803037218567 0.07721455485152699 0.08032890817310845 0.06645151765688519 0.021058703719488397 0.08517092953396993
37 0.04638892069752595 0.05668746205036978 0.04443351583595414 0.04419877837972622 0.024340631879967236 0.010581523510405944 0.053062128142460675 0.018817369665290615 0.08250683830274222 0.04263992982751009 0.04064063265182448 0.02734641091284294 0.09163024253195332 0.10734633906170478 0.002032643478978346 0.035708703450904794 0.017006586430133818 0.07721099547581946 0.06270270159612909 0.1147176461177562
38 0.08598050772916428 0.057410414632805454 0.0545644307730405 0.037196157518933445 0.026922935909325842 0.04747084561552786 0.0040471999060436685 0.04827381020180053 0.09294244922023247 0.05573793740517973 0.006485255875086188 0.013075273327242561 0.03777604381606257 0.09749169953591515 0.06485998400535271 0.04768282280328743 0.053658007405081545 0.02175752851925134 0.07288588141432767 0.0737808143863393
39 0.026051100215848375 0.09028677308825264 0.04248452094705986 0.00929071478314993 0.04277400096675147 0.0615337936840555 0.07172153498670834 0.015928736028905478 0.04876964695885832 0.043189517661523937 0.0856905066956698 0.03714440792627019 0.06448253255557769 0.07624354446472725 0.031148147158648564 0.051802766135965204 0.06839349747265727 0.05466133669032299 0.04075232582628507 0.03765059575276215
40 0.05031411744340871 0.06114215991802719 0.03714911447869232 0.05355312787867825 0.055481607133184056 0.011878670945956805 0.015325063378786476 0.06877079942843803 0.03962516960961387 0.07567014869697843 0.08446143516438089 0.008742535794400373 0.04595882626832632 0.0692607106321355 0.08940753045739695 0.01738477629106626 0.03551513443807519 0.024569066517250188 0.06768662908731096 0.08810337643789322
41 0.08567658589998385 0.024953753010334687 0.03414782039025127 0.059266372204336934 0.05394502813029448 0.022982104205492515 0.0506341000482176 0.060060422300780306 0.07379522108847165 0.06528445783040782 0.012964410794772393 0.07049355027397936 0.0835439470092398 0.02079740290907233 0.02603693472040867 0.07439099332276311 0.05166006651316929 0.08091029534607681 0.003500818111585817 0.04495571589036136
42 0.10001831100467613 0.03260691034550537 0.09592747081486641 0.03819970467523888 0.0740672394535992 0.0030345261389138757 0.013063191842850867 0.05659604883299107 0.0739866659331768 0.06169687132545255 0.009012124752426576 0.039868780867596605 0.09795059577127001 0.006960077984957454 0.09186444783893631 0.09845047264407641 0.027143109672409155 0.015296020380248023 0.0371941099622707 0.027063319758537596
43 0.05400042325201954 0.05359955720061758 0.07409552279980851 0.019092650439948917 0.03362513469975491 0.04259682239362718 0.04843141138466014 0.029621480069076594 0.0012713383721230972 0.033054878109278416 0.011106781933003273 0.08831292556682745 0.06891496878017014 0.1003057929247468 0.044695065812192514 0.1048650907642035 0.059113953485488174 0.017509469896896744 0.024055403343267365 0.09173132877228903
44 0.0035436293973315153 0.0785263166124239 0.06929760504654989 0.02901831831398027 0.03812800661245723 0.06671894053133097 0.05692865348516348 0.04275694366759566 0.08231506096794922 0.04770297187050871 0.06469904553738973 0.08365565545085134 0.050493838478086556 0.07422131145698636 0.06125844573289473 0.04001148242294432 0.05502969010337788 0.025160350279770143 0.013656960211193515 0.01687677382121461
45 0.016482063131115405 0.049323444386967855 0.046848065058736746 0.07648466847775297 0.03844740315538619 0.04922202775662858 0.07524911170569286 0.06913857235916551 0.042181412937930055 0.04793563015524322 0.01695472113202868 0.03829320733758274 0.07535808132475666 0.0739419581238221 0.041246776008280125 0.03977545513316541 0.06581255520781945 0.0718970067084571 0.03511423782234655 0.03029360207712174
46 0.05253013056592806 0.0669847856025807 0.07632600401337479 0.011545812879232472 0.04547448318390813 0.031879096309311246 0.032757010546926 0.05651802525985439 0.0028344144238587822 0.08302342345485111 0.017827041030326427 0.09396842334770908 0.0707597544089686 0.06885483385774546 0.06165890920849121 0.05379521347539048 0.033552704037164115 0.07973003700583062 0.029202427328063236 0.03077747006048522
47 0.011476782718388335 0.051172984690429364 0.013245614957045019 0.0839900514752544 0.04784705504980541 0.07468874496572643 0.0146177586076874 0.021137209044033413 0.04359352836808387 0.0788525865884438 0.021113075240657385 0.08350986432378955 0.12423295572102833 0.004879819245318225 0.01641590204161407 0.005422365356108054 0.0680670229348297 0.12663261518100707 0.06323813626889213 0.04586592722185815
48 0.05825610619469666 0.054222385177998725 0.006153407878691044 0.049341976904010654 0.00779902226698808 0.028159141200465056 0.05234097691301121 0.022380373295432424 0.04535863056992011 0.08754783619831523 0.02602193840462359 0.0486596156818111 0.04282584726698443 0.00938144795445104 0.05555725664758813 0.08178125856576358 0.064094277267233 0.07540639180963707 0.07823520648905374 0.10647690331332507
49 0.032107744664696895 0.07872537512409918 0.05343964045147846 0.027326315568013234 0.009199477453169241 0.0543301790135215 0.067081549583105 0.06509139631610747 0.05989159257915159 0.07901920672817149 0.01670360258931495 0.0717529704217315 0.053981432988898105 0.02868228877657863 0.029738735123313702 0.07545149949695645 0.09426638525973109 0.07003496518892564 0.015211830153299874 0.017963812519736402
50 0.0348829605556938 0.09386254974934373 0.054244636691807464 0.00027955409457155843 0.03819061642420341 0.05721218330684238 0.10812520098139453 0.09154786388676642 0.011480069806819499 0.04020486036681223 0.0034132835425822127 0.02093476529672692 0.007868894483330398 0.0436640330375735 0.07231899254357943 0.11446919625973995 0.06645175941582993 0.05243889198664501 0.05782691890953072 0.030582768660206976
51 0.043873741971564316 0.017241766527018504 0.06673155832353937 0.051516962953120075 0.08304871966146271 0.02865679917406168 0.07698892356265458 0.057446120615998256 0.08626352371744798 0.008903773547086396 0.0740774005960876 0.09536340993428484 0.03895765535782675 0.0851714018723201 0.02494132949487356 0.011272830062221297 0.007997646190337045 0.02007408114017467 0.0836283218120631 0.03784403348585718
52 0.0423904747430878 0.08529168388705469 0.07340389669044933 0.03341232293405825 0.03903101019453861 0.01783840059621315 0.018896069237200164 0.032933987396589065 0.008696066445068765 0.02027750598953466 0.06611380124422746 0.015955544271308943 0.02761588148646344 0.05237218040498872 0.11073316044005906 0.08821305433248366 0.09699212728876347 0.05312504726075795 0.061471015428113486 0.055236769729039376
53 0.08700257730175374 0.0060251177828326 0.0693848426498584 0.06846514788496699 0.0684708991775096 0.0739845568928914 0.04759657613709563 0.06289648179250971 0.05959017999616953 0.060751229414868026 0.027265638434232704 0.037359564078456316 0.018636532014028283 0.08218929937460014 0.011004783821290587 0.05354805172615923 0.03584636177575644 0.010978864980470102 0.05815595524323127 0.0608473395213192
54 0.09472873583178908 0.007795064852084646 0.012357224138347686 0.0779305947227982 0.08706323799553149 0.01030085856667565 0.014203789058964139 0.024622634303024072 0.0003741588684303146 0.0800646453404603 0.07418923491489442 0.030678904613430813 0.07170156027103207 0.06177357997669234 0.015015196792683386 0.02986012665929861 0.032404920614886666 0.04817994620520497 0.11838767352114697 0.10836791275262399
55 0.08978865045059176 0.012232336138905923 0.018150039401173376 0.04887712758934418 0.09427346551593724 0.08166794454890568 0.032153208280464224 0.08244503155382475 0.027463335845431418 0.09774675712261385 0.0633927013394882 0.011382588524333702 0.029670455551137384 0.06523859238573496 0.06893607961400762 0.019919893251361932 0.06366449699739872 0.05747684315645582 0.019946817717407476 0.01557363501548185
56 0.06131659348072628 0.0359609325070355 0.04985655673553105 0.06458501815896643 0.038510188371718344 0.03875079907776254 0.029401658567876434 0.04612170294286948 0.06374355937527204 0.03957244341781937 0.03328844033254008 0.06364061444081666 0.02555494398538149 0.03785799964906934 0.06947151488439827 0.07074246562942083 0.0580845135293943 0.055832999763026 0.07587153379758203 0.04183552135279353
57 0.023164330521780793 0.051004323831082145 0.01914443482425248 0.04804021683397755 0.05644034036381431 0.08434186859740563 0.08494939513679935 0.0067759822712188745 0.07053792369223572 0.030398999677915536 0.03935036370998537 0.020550408307438674 0.06958247548636226 0.0930806045576975 0.003154406985347394 0.03193326623625446 0.0905439367549597 0.09297298578856587 0.022454219672157917 0.06157951675074834
58 0.03773029530711032 0.08183213008310176 0.044855481625063115 0.04498882658972822 0.06373354360670641 0.03588313121684971 0.007261601645029994 0.06494660593803983 0.05980668801929762 0.04646008913838173 0.0948538097520336 0.06221123727757328 0.005284207963027967 0.08184737239082497 0.039520324404560166 0.07936613379265132 0.055614020768661045 0.012298515686730974 0.07447099670483243 0.0070349880897955935
59 0.026155594805089437 0.08162173902742594 0.02922453128837785 0.008118994876088024 0.09727851701587599 0.05610094843445421 0.007095572866936479 0.05673177165186673 0.08330854675354235 0.07500340675323014 0.012490177383403125 0.024103378622257043 0.02673936803566003 0.005308685931515514 0.07068650243180717 0.05011040899676029 0.08694106586832011 0.09610147816483317 0.0704895659979752 0.03638974509458135
60 0.032357043610964406 0.06868269563556832 0.07159409317594306 0.005831229908074134 0.051419775891996346 0.04254359237789903 0.10117409624055523 0.09572103944984435 0.03393201154898723 0.07414404905829079 0.012738669469176138 0.09812175621652564 0.03923589743652997 0.02367155258135919 0.08569275797814178 0.01706949923887893 0.04122225798705819 0.02461436037236922 0.051827995126352354 0.028405626695485856
61 0.07585259369797923 0.06512829220029624 0.03414972694811813 0.06860325529840315 0.03227265085006834 0.07209834439332817 0.08152903728014338 0.05754884927857809 0.013215824502294787 0.06721066150165936 0.05333784923716245 0.07892734623504798 0.021996190757782225 0.07832566683821697 0.030330123757365685 0.00465288824595267 0.03349903653275854 0.0019245893914962172 0.05210384328245952 0.0772932297708888
62 0.044543739242449434 0.0510507097052018 0.05137416322656274 0.015226686314192715 0.08881960163614844 0.006422755950888938 0.07095994155218092 0.04186429685811781 0.005747305463143441 0.015188600941171066 0.020862797356112166 0.05678605051988584 0.08971554907567866 0.06292916694464872 0.06700014279436452 0.07798318568625758 0.06332388472535698 0.08818890124591158 0.010205961802480713 0.07180655895924586
63 0.05977464353601166 0.06691555789708034 0.06703669318187584 0.04298591274497239 0.039903969287090446 0.039148124102336916 0.06598844375717289 0.005769488214070519 0.02198441921699953 0.00690262363663837 0.09317734872170935 0.005914130568093613 0.07327332691589063 0.008449310107066482 0.07479661292791066 0.08047411833304885 0.06133506458869153 0.09408108295803902 0.09069621571233856 0.0013929135929624556
64 0.07536229965468999 0.05472863652722624 0.02877267415436519 0.086108708907203 0.07073975270710375 0.03088931888898143 0.09857300123913594 0.05990754960225315 0.06781205328066557 0.059091572047306355 0.019862676346740615 0.0002737150352057083 0.026012244248985534 0.09006034362415936 0.007194717037535483 0.09800966121938245 0.007946992303491163 0.029456791436593053 0.03062943936347342 0.05856785237550264
65 0.06346584905261318 0.005196759849403949 0.04477402557597132 0.029478703072535577 0.07703238722579245 0.07219573754997932 0.09871070842809328 0.009666680017942833 0.029345560883446475 0.09224029789594071 0.02567256387524979 0.03656040042733477 0.09852888886101253 0.03222712957769702 0.021942739488876165 0.07128876404037605 0.05617464583118984 0.06157762157840095 0.024436473368019847 0.04948406340012378
66 0.026984302312533622 0.05186872921807451 0.03620379132294305 0.02435853401625549 0.07060693982283509 0.04752411052533861 0.030484309995747534 0.06978604640853217 0.08455309625771076 0.03830193014237597 0.07346978044201224 0.08399330146109478 0.02715491085727624 0.06300894392566052 0.09316640544959336 0.049679969554988934 0.030069357458934628 0.021452907889709445 0.05615352830270058 0.02117910463568267
67 0.1005098455245147 0.09279291874657687 0.02037764820155422 0.040158454886733606 0.006427600123514502 0.018727065512427893 0.08183866847402839 0.02861831877290319 0.09003552089435891 0.027450155970535087 0.02006767185873857 0.026681775159817657 0.07324973911878312 0.0989629030793936 0.00274879755914895 0.029746528677779802 0.037324416138635574 0.0010604578887781421 0.10049334749807572 0.10272816591370156
68 0.053549825883425495 0.05012073031628535 0.06456953411812978 0.10584886433208912 0.02512115855571712 0.015815231920229253 0.07858820085246361 0.019289965630598593 0.0009351904424383024 0.06145833490023495 0.014745737227503745 0.08729746042122885 0.0218588756562857 0.01093699075639853 0.048147305580459064 0.05540296517498345 0.08580218631805149 0.08465290051396135 0.07635338416730536 0.039505157232211166
69 0.11976621279289688 0.05378422775979525 0.0018520603880635884 0.03755274623560266 0.036565629759509305 0.048421791293838244 0.00350466869102109 0.0027552914640821134 0.1445635502267939 0.05527547433145066 0.1251546234758534 0.02301293765371023 0.0006253003491059251 0.035735119108982694 0.0016755079989344108 0.07538893993157375 0.05775881310609625 0.0389641801915621 0.11940318263958058 0.018239742601547062
70 0.06282376954701421 0.07817674867420832 0.07052642455092747 0.08051283548044424 0.008002402417624942 0.07309783660538227 0.11730596237873804 0.03680482510270633 0.045802438799123504 0.005154781037311303 0.07300263348384119 0.10679795423127322 0.05085159295884833 0.019906931831470215 0.005070219918360213 0.006180705421746005 0.08057237483379694 0.033930339338100544 0.004549034440947866 0.040930188948135125
71 0.03473311988355967 0.0073756640626792104 0.015189142029486784 0.10685957240808791 0.10478263249535844 0.04663124458991339 0.06990613448811249 0.045858463644695265 0.03568950430830584 0.01586728037303795 0.009978450999826388 0.050098447588822544 0.019879453273211396 0.04205731364892948 0.09226381371302313 0.08344205004050896 0.08481752441953427 0.016742824769135065 0.08338234492985411 0.034445018333917714
72 0.07429357820704983 0.03727698817306365 0.07305763205859685 0.02253848983907677 0.04784736312062317 0.056701511589378896 0.04395523105122778 0.004056956034282826 0.009584423985718939 0.027461371233844276 0.05488848382844584 0.03293001129745313 0.07870645669770858 0.050137972683255 0.10463683925233444 0.021804234867199283 0.09965052660145025 0.019489996042284147 0.04015246512069985 0.10082946831630656
73 0.09825715473715757 7.314218315968127e-05 0.06307425821783653 0.04289753705037735 0.05988258582959555 0.10427763272422691 0.0503929869446867 0.009511887016371387 0.029721808006653656 0.04460798510225023 0.04616087567066104 0.08080280808182798 0.05148857185019976 0.09197029792539728 0.03439168647222406 0.08680594502863115 0.030589806330569652 0.029252220470544963 0.04104339414026613 0.004797416217362444
74 0.030477544578169345 0.08989765870147597 0.06909084296648171 0.08995598448554543 0.06701543489521405 0.005462240994534528 0.09999790103535887 0.08412879713951389 0.042100089234962654 0.06139613394212533 0.046330233421370146 0.07842657002797543 0.04687440047516268 0.0061782025533599185 0.03131708352782859 0.015561857357410296 0.022354306818046 0.02317340747208203 0.07084592441298311 0.019415385960400287
75 0.053919146167800615 0.03713827250695175 0.0288563329320168 0.06100562342324546 0.05969595240926656 0.017592061419869628 0.06519563091115689 0.07953393506259805 0.04732617688781669 0.07879212790238778 0.04427903873291825 0.06949355157621928 0.07994327648969707 0.050362695813693806 0.03332884921176732 0.05142980183397124 0.07331720978432589 0.048530678165022476 0.014845960588732065 0.005413678180542389
76 0.0735749474136545 0.0957323589053141 0.04254141033270948 0.027389821760593507 0.010703730782693177 0.0075625436784485306 0.012392888576713437 0.005046638357464126 0.10083757934489147 0.1175751756723129 0.008021302164128073 0.053419133500672206 0.019922421346573193 0.06127113210040419 0.09016605690179262 0.06754446271495754 0.11668692405600437 0.0022356266086477816 0.05814939689521833 0.029226448886806426
77 0.05697129020329431 0.01837641884366521 0.017841438672183435 0.0943441148461586 0.008095590102587506 0.05763268058259215 0.07024155471476198 0.08835449591788411 0.025328053472288045 0.07244566853577372 0.011662678823558457 0.08505111053088002 0.053316127774504986 0.09440281840512739 0.0672621631249373 0.019387970690168205 0.04321003100463483 0.07008805648615868 0.030605462529082014 0.01538227473975932
78 0.06874504940044986 0.03454584860022451 0.015281186602560377 0.08670575454752691 0.09212131106064407 0.020608197145579203 0.0015439837408765165 0.04990078743542897 0.02947413178851497 0.009288912577638411 0.021954546102026375 0.026308785649045513 0.10309737427254602 0.026244894460017848 0.0851222528210649 0.05296112260749617 0.0782496608445776 0.07575946882011612 0.05680233483475979 0.065284396688906
79 0.0815564844195662 0.022043334646261046 0.07791200818678036 0.027437271196585237 0.07466061083668625 0.06407928262781246 0.019839931768595623 0.05085341385768288 0.02986843738999979 0.03640097197509506 0.06785151440709407 0.02239744551125781 0.060450765908706024 0.0213572410648622 0.0798780805882295 0.05376524048238419 0.04599798535526041 0.0834720144580044 0.030628838888620915 0.0495491264305156
80 0.04037152641546916 0.050492484312691405 0.037572057581371915 0.025644840633330217 0.0308187417685309 0.10443731704776135 0.034262996415642774 0.10412635905497541 0.039267207230427474 0.03152366777176017 0.042092113286158236 0.044227987159653724 0.09339032289004282 0.053436825080193324 0.04609153904181023 0.011883600837470573 0.02996641566718089 0.01105033490279767 0.08885665079084588 0.08048701211188593
81 0.07240970607035398 0.036654320856447944 0.08691560991083801 0.0514207204117568 0.07935894111785506 0.05838028353335686 0.09134641577268807 0.0968550971218136 0.08715093614851961 0.092565576906515 0.06390531796501486 0.07253469786518385 0.013104805924298524 0.001616810614988976 0.006112174993788229 0.022888674662272065 0.019652951525785417 0.003570291631300991 0.0424916951104576 0.0010649718567648616
82 0.06904785650779074 0.04918417610188349 0.037921994543082004 0.10021997533120382 0.07047114242553537 0.11217769937717804 0.07254471008501799 0.013164612276771504 0.003369634228878963 0.07881732263420504 0.04603060964215474 0.09241545175923915 0.029231200681133985 0.040107342809572316 0.0165873781118476 0.008069828646542822 0.025133683629479594 0.05384423138977617 0.061023435762760904 0.020637714055945867
83 0.07191426626589978 0.007575640472749932 0.009725478119041906 0.09439929608933953 0.06879571668828631 0.052807710156911096 0.026548072724959296 0.02236126128425627 0.09341699105069384 0.08906032451893799 0.013800734432658435 0.060351311885500275 0.052389755246482234 0.01645162939679132 0.01022347950243485 0.05878644298386016 0.09412148371967152 0.06741512828250877 0.02110613098181072 0.06874914619720578
84 0.03187319086278941 0.08051728319545319 0.00996798230104734 0.11219919287672056 0.05057192380033513 0.031215800353277125 0.0026332692725120873 0.03015768926895592 0.021093644834635893 0.0827604588308674 0.03426851972209441 0.04959124669682529 0.05131090432183173 0.13448336061422397 0.018822587408689466 0.09605102251624448 0.0048585980517694164 0.013631742706729202 0.006379312684765739 0.1376122696802322
85 0.07458343693723574 0.0006655851683957762 0.026595312072442125 0.09265339975467737 0.014717593388454285 0.08811223105282175 0.0724287406808154 0.028223584712086025 0.06779611736500755 0.06016636662983591 0.028522994529728323 0.058559619109746816 0.015215022633774403 0.0808092814718708 0.007662446847497157 0.08668868244463532 0.03591710817157423 0.0503951082813729 0.017733447123197025 0.09255392162483138
86 0.03725902433760524 0.0012722318700519814 0.008010218259015756 0.04366308758857008 0.04812688664339234 0.09398024487245324 0.014756210088637891 0.08045724772840658 0.04316804404429407 0.08606556117126284 0.09200276426910786 0.08393411598310264 0.06343869741308837 0.046184563153368406 0.028883237472605384 0.03530897720619915 0.004407714245247622 0.019999185132044534 0.09241824943249376 0.07666373908905218
87 0.09110071769682691 0.00827402141047206 0.03133794615217883 0.04238965026839614 0.03418418911107824 0.09045954894856088 0.07106263415939752 0.043410482405441826 0.043969453091282876 0.07400455740998335 0.08174737539291514 0.08069346040268041 0.02306415178396285 0.060130185075527136 0.03749687816305737 0.007364065264911101 0.019340041856254254 0.036837540499850226 0.0724609067450511 0.0506721941621718
88 0.09030785238136538 0.06779096818694708 0.010639554781605453 0.034444573508267795 0.04820978838113197 0.05558159832334426 0.043253994541719284 0.10760969077615609 0.01604528244551918 0.017140300563784763 0.0374239604810614 0.008357710598036276 0.08524902989678472 0.09209892195260297 0.0772485907619512 0.09527799918736021 0.014597484113843252 0.02052492700165663 0.04956987985991331 0.028627892256948662
89 0.0894667770094162 0.011735945736674084 0.08237045603046271 0.03515447977327011 0.08943851215692665 0.02296147223337777 0.06262886908161568 0.09917405670701648 0.04943978911654673 0.025090496671965425 0.06164091953083066 0.02302892699964328 0.08597003138765172 0.03842360913434745 0.06836159395833882 0.008889649090117586 0.012108559191632196 0.017420630930399136 0.08840542583791677 0.028289799421850587
90 0.055274711633613575 0.010791290806524547 0.04107191491991537 0.006620515098066123 0.009675585212932668 0.05141022924153635 0.07392701053105008 0.028794322264677718 0.011288526905880242 0.07960998314092801 0.01179977784263343 0.07735089333269843 0.07852812219005172 0.05725838524741679 0.05508915067614012 0.06707352476663951 0.07629746385395443 0.07844936799877646 0.05539310657918213 0.07429611775738229
91 0.09582124982111638 0.07098195218748146 0.06451904213643712 0.08147132944421155 0.0963430600576262 0.021737198759599945 0.0014551547880017883 0.03975353033835231 0.009138035377769608 0.09371249962891952 0.0383427958580695 0.015406921332752836 0.026692750309804156 0.08485294310343892 0.05344782829025674 0.07342158695840872 0.008803818653988889 0.04513530389907137 0.038055249780528745 0.04090774927416451
92 0.019911756649064888 0.028759315519651843 0.05378265122750115 0.03498595883655364 0.06655582415054317 0.09117234329663199 0.026593964383311325 0.020275389706828104 0.08535381381458083 0.04687695129468039 0.02043024067642275 0.06359962608444891 0.04911417970572693 0.028691170472973704 0.05521195402284945 0.07146136808616227 0.031231919067121798 0.04819958810077454 0.07697606309776485 0.0808159218064074
93 0.0008068318236581259 0.05005458766159528 0.0035965362142910897 0.03654316364416061 0.08437453043196427 0.049730424826850105 0.0200461037954091 0.06234406649231246 0.08729686256271245 0.016409125697547336 0.03994900007000269 0.07652109920380107 0.08556041691236109 0.004277979784118986 0.0357048780353952 0.07178811161374167 0.07764040620747525 0.08119098833431326 0.04880333207939675 0.0673615546088932
94 0.0958281930658627 0.1005139810485316 0.08288892445839466 0.030118663223482126 0.012318920751234818 0.026486992885059613 0.04079042361130249 0.06973186707697751 0.06552747068738991 0.0017988013957677717 0.055098754655790505 0.03708089466220812 0.03695952524123282 0.06515905131646996 0.10001917199140714 0.030337935954997456 0.03263664384143358 0.025234497365408833 0.03083851957206127 0.0606307671949873
95 0.07195507524262289 0.03449714947824968 0.09246039968780528 0.07803444852693546 0.02864262841907162 0.0630712842125212 0.036555744076766226 0.003893477555065845 0.060455990768547276 0.01414778430506331 0.09554987784277527 0.033320395960505955 0.027711309578847255 0.025230743698768935 0.018633909462113882 0.09467669497155035 0.04148512486167529 0.08039320927196539 0.01728974317237198 0.08199500890677695
96 0.05905638115873879 0.053188991286664586 0.04117296185733088 0.008404726554994222 0.028100673914126427 0.058356524485972436 0.04148942756880688 0.022997404777910974 0.045166121737069354 0.02007622839873658 0.06714175630655118 0.06388759800352689 0.09276253251054235 0.06704418430111272 0.034429764816765684 0.07383197498701442 0.03856484422212464 0.04791957184423663 0.0799339274573378 0.056474403810436676
