0 0.0341598633146074 0.0258971006440097 0.014940416074223166 0.06938037741731672 0.0375403025430365 0.0562385337261544 0.0638872003939979 0.05679337006886748 0.05247643527761347 0.05590395057211317 0.07936075013794158 0.06483591804448706 0.017196836259166858 0.07699670540145045 0.07491541926061623 0.029851107737406256 0.0653668750903182 0.01674826915591212 0.06762357616599883 0.03988699271476253
1 0.07536141557025458 0.01399907972749898 0.030921042371274538 0.06956634662853925 0.03552934184899409 0.05324625485334799 0.00852784823703638 0.037156026602890004 0.02422008476673275 0.05372951129995434 0.0682191828519836 0.03710946476035223 0.03779942308014783 0.06474170393449168 0.04922026898827211 0.051096328014456 0.08388937845113291 0.04844600992821107 0.08192811395928001 0.07529317412514949
2 0.05305224267102202 0.0773173868024716 0.0667686429653354 0.04924501851875724 0.05610144970401464 0.061253381069589385 0.03000480989418746 0.06122783283494783 0.052420624380533555 0.06381796750759737 0.052912677860020435 0.037069829092655764 0.03475688596174291 0.0021163593986089227 0.04338589351508792 0.009342867520938379 0.07156777249957767 0.047346382869299056 0.06115902797397706 0.06913294695963511
3 0.10343528297838382 0.0901891999822551 0.07827890065194407 0.013722920428995254 0.042753177438638136 0.00994286171239716 0.09444309448946459 0.036408841707519825 0.012995710667327595 0.07194754853427328 0.016911451880952135 0.05602225216433495 0.03772389543575111 0.07697264787855894 0.004640862041495209 0.07661504452911087 0.03353840321926214 0.04150999471500707 0.02193228485083748 0.08001562469349152
4 0.028603613288186044 0.1300734978458329 0.08172358192585605 0.008539953318906208 0.027822680345199823 0.10104644873036928 0.009537052478801817 0.053508324346397886 0.017202084750097536 0.11418471287492066 0.02490467418966321 0.06666041622863533 0.0843820673908005 0.05780964914876492 0.022692119215077276 0.00033022024915252337 0.03269211763131714 0.08518162580163216 0.03839413486855873 0.014711025371830038
5 0.03010176833951048 0.06808426793713336 0.07970541584183966 0.06045206620949454 0.056239559075779724 0.07823036917534607 0.07345522720527686 0.030466431958517337 0.03899285976121242 0.08353170362462309 0.030562352449837148 0.004491150055279312 0.021755587485537336 0.015394649642241794 0.058691311910826015 0.05764613344223544 0.03374137696286266 0.08019594730041299 0.05175024134620836 0.04651158027582543
6 0.09596858115514546 0.04152205037763246 0.024123108816691375 0.0483221419704943 0.09564346662204053 0.10932384365259348 0.03808208637728324 0.038223061017451446 0.008418936666677503 0.09339773771881847 0.004814705612018335 0.04640974354870199 0.0017180723480186245 0.009842073684500414 0.08499051458796471 0.06359424558444625 0.04837166836872113 0.06317941451654795 0.05707491641328696 0.026979630960965496
7 0.06621611120380634 0.05803599846761878 0.101054228672432 0.013982918755029253 0.008935196498538116 0.005696026253303236 0.05788811586892719 0.006538744044420021 0.08492837293585286 0.08338493864955329 0.07643878194534767 0.05710879043619383 0.05898201526647393 0.016272772240201926 0.09080673597372022 0.08952053379479995 0.09657827273619105 0.0049145534063164764 0.01407278563989353 0.008644107211380266
8 0.06927844014418506 0.009361056392047793 0.03707082176429986 0.0726903559430617 0.05523147825621776 0.09157372011316194 0.011659187158672552 0.07747226739175402 0.007932863150672218 0.06216435141029144 0.03164647255719442 0.013980811548393476 0.09068362920451266 0.0804935291170729 0.04100403371384187 0.02064750724215121 0.0551268316739649 0.08706738165502187 0.07750723897168363 0.007408022591798766
9 0.09082929320919443 0.046449036602552785 0.02654607960857816 0.008299144265515288 0.04351398341152055 0.04648623988903099 0.06192341660095959 0.056667280529057264 0.018240703587659814 0.07751167519677848 0.04050599603730402 0.0797519971540467 0.041856599644660354 0.04618673335765324 0.05687615121959256 0.02807816714095284 0.09290236992508964 0.05813705123507678 0.05233838259686304 0.026899698787913366
10 0.03619090334545685 0.005131697064393116 0.04907953606686807 0.031421566487775915 0.05472127574444868 0.02725378403261951 0.08489802598424442 0.07463196059569156 0.00453783635667077 0.06212032704463711 0.0872492445360949 0.0061914686585763665 0.08168107565604502 0.08593996365046074 0.0011930079726957489 0.07508796503702796 0.08852326652391143 0.08689019888880475 0.05704054471384427 0.00021635163973303674
11 0.027978786546159293 0.07453281158327958 0.03640608072528811 0.04459817401094195 0.011577752856818058 0.07520697113068049 0.05816311902854016 0.019713749017698335 0.03611338291043588 0.060566449077696434 0.04147651024004015 0.024933531443438354 0.0510677060439681 0.05522701962792102 0.05600635597893615 0.08916812340819275 0.04272596910076593 0.03740534877147285 0.07399584955856768 0.08313630893915891
12 0.027223218123741424 0.01671609891057087 0.04882731580251049 0.0411077478924214 0.06739375927589827 0.06765851997038808 0.026148659799342618 0.07943214457589033 0.07989188024521302 0.0768387890919079 0.06170399214529278 0.05027068094403839 0.06868421748049679 0.07708793982709497 0.0028114332341493825 0.025521817553782057 0.057457531044207706 0.07954877367929879 0.006765448962317115 0.0389100314414378
13 0.05355142397508201 0.0013501408784842154 0.02683910688307397 0.00761237078408862 0.028993483207543306 0.10040682022861569 0.09936371826494743 0.06951946276269304 0.08118706465200584 0.01056377177455898 0.09641306884228514 0.06652941277217238 0.06182070319642168 0.02264301363025237 0.05416382657754788 0.02459282183147608 0.010243803567625269 0.10422944786076868 0.0229123628714062 0.05706417543895106
14 0.04433924245962505 0.08587532048365899 0.08277711620841206 0.01757377452697179 0.055683809677819836 0.07436750889490168 0.047693957089953276 0.024017296277279124 0.05636736402181807 0.008553420187509755 0.010508789232517694 0.020326888488753924 0.10103414497004214 0.07758178821688724 0.09741741040245679 0.04406227997998527 0.022163656418653577 0.011400826843546851 0.07881326426100647 0.039442141358200324
15 0.07620629043713636 0.04757524340972285 0.0645361366883752 0.047885201269390214 0.0017221322675309676 0.05755075515975281 0.03871872975968154 0.028147858471273098 0.07467765004655648 0.02716631742641184 0.0765277645368142 0.04978496686826536 0.08883514550514829 0.03769700078209386 0.02159971705422915 0.05961607609920937 0.08899197787302628 0.0776243258364699 0.02187312050712459 0.013263590001787375
16 0.060653988632839606 0.023001541319858442 0.0477935970620525 0.06963364062270481 0.08660287544835428 0.024499447673183548 0.09201516839940337 0.06218707079598678 0.06611373609047244 0.028928510587321363 0.03260603377770465 0.02356944152044399 0.02480047511484251 0.023412387938992987 0.033974944820350905 0.09151646617451288 0.029724195759260524 0.04496142826128054 0.07554058037702785 0.05846446962340601
17 0.03395077927836699 0.035331257082543616 0.02575491881532517 0.012813530160088897 0.06295131552179378 0.04384691778372157 0.047590870753390156 0.019393074855110565 0.05443739777897492 0.03897655426794549 0.07451462364306864 0.03451832325003858 0.08513988553505135 0.057496195217284565 0.07986957596311663 0.07835480761120169 0.07420735924629204 0.07693914385288854 0.03127345229694912 0.032640017086847634
18 0.05410985125058762 0.08250807299927831 0.08454447890416877 0.059591073479459494 0.0452053525922428 0.053923015752455596 0.06728535605431486 0.06418976017468211 0.05544541784746028 0.08253882506570377 0.04292704410632257 0.0704781334299021 0.018820782244712408 0.06271952618287886 0.03042083744402996 0.03041441412867603 0.00826023525633792 0.006844517165175571 0.05822554210440277 0.021547763817208288
19 0.04445196082362126 0.056555791117900815 0.015537486541320875 0.04966118171851417 0.06423111250442284 0.038032758652010355 0.021011221129793322 0.011298959382560017 0.06811623789227991 0.07637581344949838 0.014173930988489814 0.06870462007951281 0.0561435469981765 0.09183149095557563 0.02928734505568205 0.08212087366875452 0.08344911334974202 0.093323745820609 0.03415434437301668 0.0015384654985190445
20 0.020921922976509865 0.08302292955455183 0.04008372573602847 0.08901596187477047 0.037415327235554435 0.047487743115260245 0.08172734805098684 0.030633805040822776 0.040616765691598965 0.07193917052178098 0.026470440683751633 0.020938271922159694 0.025834076231004442 0.08890283198461361 0.013016489977889255 0.029944196160158896 0.06735672636608252 0.06470728466746659 0.03170786810619632 0.08825711410281224
21 0.009064963058265353 0.04791056879929877 0.0893429852004298 0.024302055900380242 0.05210649741160102 0.006832387573353918 0.07922064753544977 0.01402411774113366 0.05177225510839169 0.0464510938304722 0.048131779189833294 0.019686168605428298 0.08621314050135266 0.06072536827537568 0.05218531713228519 0.03845394698137328 0.08423013638379033 0.07509327355631884 0.0888330200169118 0.02542027719855432
22 0.002669824902246881 0.0803937326055212 0.03448740383661289 0.02124754512834212 0.004263534303493517 0.09283845645144487 0.023471413566347823 0.05227221357945288 0.07898967082445853 0.06944550072159589 0.03958508142081342 0.042126076619435314 0.05126395373911096 0.026642777085288172 0.052761451329061265 0.019437633583586276 0.11605672356911492 0.04363729613372539 0.03672588383030732 0.11168382677004042
23 0.0065052382012366055 0.021548816263316534 0.0810940995001145 0.0329866186911699 0.03167068893351063 0.0871379559508467 0.051526200424192814 0.03323105214359084 0.09340135203958219 0.07147047351592258 0.08743845984875812 0.01070604593913146 0.026051729210230225 0.048453277958155794 0.0022187332208274315 0.05227685459012531 0.06142861441082007 0.09656129856927527 0.0892193694887648 0.01507312110042821
24 0.0274281673202183 0.07385573008608183 0.04815522960443613 0.020028558926659893 0.060858952343603036 0.04153357434068706 0.014411507099940771 0.08121566050416988 0.015974479048622446 0.003769372863418783 0.09118532723432432 0.028717904717539156 0.07987450093353121 0.07821036349412348 0.036275069217305424 0.016392747778477053 0.04079018169792789 0.0814713305711207 0.07137164056172879 0.08847970165608393
25 0.08046679408144622 0.0033838607668056505 0.054044267471266186 0.0404516676053696 0.07455060421561828 0.049950360271140554 0.08935346600287485 0.06151577508958147 0.060914046393187184 0.05314877565223717 0.09260080955818069 0.04372852965668129 0.021727452667725855 0.014116380179083525 0.0669189395002185 0.025645933335013926 0.05999168862644495 0.04334865090855844 0.001892496805897055 0.06224950121266858
26 0.031022313922811698 0.042754874809723856 0.0030151500039509614 0.0069925666191449415 0.07755388669638316 0.09594534730718475 0.03342042373574026 0.0912579827618432 0.03780642973135618 0.0451703921779243 0.04420909585579274 0.056874587672333776 0.061737816862712944 0.008616632326619389 0.09624042821934356 0.09594244313097762 0.01881301028795975 0.012828549056551465 0.047271172438277206 0.09252689638336824
27 0.07113666047842494 0.007642728842114046 0.04796002848798654 0.07896136017083823 0.0078001920491376844 0.05296921525473059 0.06651691637245322 0.02562383842449794 0.07738128982258971 0.07939378637056341 0.012869997343030962 0.04871569429329724 0.004931247591788367 0.09188598745793815 0.06283892694830355 0.08004867484691353 0.06278719637551894 0.005107914677149336 0.02950853702150063 0.08591980717122284
28 0.012547898018433878 0.07748999416277014 0.07069848575535338 0.006052150978771153 0.009029041844683418 0.08801245599618562 0.047067771244534436 0.04577235292659858 0.06424744114429831 0.06439814916348138 0.08239707802729658 0.013822653670772945 0.003314955158526389 0.0750432524672008 0.04491073202309316 0.017625839018883125 0.0845089449948095 0.04367237238291825 0.06103762545630477 0.08835080556508429
29 0.04616728848472333 0.08055613961430862 0.050183994806986064 0.05833054728256595 0.0041946034747996595 0.07853700917202563 0.04276644856421484 0.06503077781953585 0.0457374164706093 0.027867795891644623 0.023663572954152702 0.09540462257147944 0.01651179741147163 0.07014343361561476 0.023077601048022256 0.007517254835306977 0.07853974337325424 0.08276530913257936 0.03444519883777282 0.06855944463893195
30 0.001172933841878905 0.07635310080908299 0.035337889084809754 0.062330755675329724 0.05346676966062586 0.010631755670469227 0.036421583796336005 0.05681216822290657 0.1002425834859907 0.08784222760381337 0.10247600629044379 0.02445043018045716 0.018136299478729717 0.01974967315999108 0.007288752195561405 0.08069595004581166 0.008009563284505002 0.09461661181713685 0.09073030482893288 0.03323464086718734
31 0.05263417613395838 0.07263884845699198 0.004564225710357065 0.05462897683302471 0.011967306991708395 0.07472667525596612 0.10505717273059066 0.10470296414971132 0.08420827673130413 0.08383728646474262 0.04757418415878812 0.0978271009549736 0.04016281215555477 0.05481550149735958 0.005905286099313752 0.006866628360488889 0.0015993535475234658 0.019163121683181416 0.050246660451975164 0.026873441632486134
32 0.05586039978880407 0.06590056213746773 0.021412773937697187 0.06150030058316919 0.06560135911174526 0.04628110300184215 0.01061637902641314 0.013903308750194817 0.015724978788009495 0.06640183839774451 0.01929844731522522 0.05505850709441297 0.08246110199843419 0.03639795885673856 0.029231114626000462 0.04406646851020505 0.08769601368621227 0.08119578786393666 0.05483181428048687 0.08655978224526024
33 0.08770441754569341 0.021170778543377202 0.001508963742590027 0.1115670515141614 0.05543724578232452 0.029381451236220265 0.08048180411066314 0.004398417339082912 0.062054725943489694 0.06214727681345918 0.012951909417945278 0.0703472299137711 0.022956104821213023 0.008572132343967226 0.023134386354416704 0.027007498477502653 0.07615151870403905 0.09260211744980999 0.10644451526786457 0.043980454678408706
34 0.03513046588066149 0.04045983678960692 0.030967369413654303 0.02173885135893992 0.07150261919089332 0.04841349476214736 0.05264866672180569 0.015289617347780731 0.07129169658382113 0.06135496905672225 0.04003164860749178 0.09411955021906296 0.0015928888242544618 0.052556931607127724 0.059577147696350426 0.06213214548517732 0.08181712324761824 0.055613110805163256 0.023719197805749548 0.08004266859597106
35 0.048562693900093025 0.038900695820606165 0.0670194322386369 0.041592318143743694 0.04660304724609228 0.029982621057952512 0.05356809912345045 0.05842690957823278 0.021391098261122867 0.06991598717253944 0.010653476540509608 0.0011045863395733157 0.007640928349260356 0.07435715095485325 0.07784958669240823 0.04349862378515439 0.08492949575118797 0.07370772364793106 0.07761128480641044 0.07268424059024119
36 0.016010010486489798 0.015982772866089588 0.03915316121514524 0.02424910992565497 0.11164308951340009 0.09105547861804363 0.04278766208040985 0.08959966998147127 0.07785467012920692 0.014371459707315341 0.08661140552588316 0.0018566524519479798 0.05212384276005473 0.06959704276384307 0.02792966502791536 0.048240901276553706 0.01329137863803774 0.033595599773365646 0.08098117370032441 0.06306525355884739
37 0.04117303183596184 0.062486767756023805 0.017623489406326076 0.06163669489274977 0.05036419373519129 0.06579643885677303 0.07047545749660519 0.0648101926237703 0.046036970649923195 0.04784778562164411 0.049582314715272566 0.0007337769916217226 0.06477374648747396 0.028720705829113673 0.06317103741815319 0.02627422598792644 0.06850406533141566 0.03688452442736633 0.06367676669573032 0.06942781324095759
38 0.05353466932501562 0.009001366425927622 0.07697244986820642 0.024333257590593058 0.0774441469960692 0.03306170184855699 0.06095258791116916 0.0020919678750994093 0.03523563206833034 0.04338199266832797 0.0025180020684324343 0.037961632025980706 0.038246913657373476 0.06343131555035292 0.08410475288935176 0.06251670780074878 0.08525964142771746 0.062142413487985326 0.0748635856446731 0.07294526287008841
39 0.05650284143615616 0.09346749170998556 0.026340426010370486 0.06279187049471896 0.09730454828557872 0.017168624795375086 0.035317151659742974 0.07625317862671968 0.08601247295529893 0.0601800620282037 0.034685745904647 0.002355795899693454 0.020628263518854315 0.014281664972133965 0.09536589163638874 0.08281646650994048 0.03986360434788544 0.0571943025379307 0.026374428800289788 0.015095167870085868
40 0.09046428738640627 0.08954545809253289 0.08439309338724854 0.06705296134215943 0.10055585876495314 0.030706495249597423 0.06758521160582413 0.07154289412762933 0.0008023829457894131 0.044824941657637854 0.0032115814186398457 0.03162771227560562 0.010243106034614924 0.012620472538375681 0.022960719224298286 0.0187667912201264 0.04549108574049997 0.08964044758620149 0.06727049394217997 0.050694005459679524
41 0.04316712839296658 0.0018191364940653057 0.01872823759257242 0.01714461411041631 0.08056653607356391 0.07818961215947556 0.0017099109738918628 8.797303973724308e-05 0.0295219446110891 0.07897954777712703 0.0881721836525592 0.071991588502644 0.02656085854112339 0.09700164960110014 0.11277354448463431 0.0021051649559530945 0.11857256776471038 0.009117448291426924 0.061663866857371116 0.06212648612357199
42 0.07475445969997845 0.027922924202043436 0.05642104743909714 0.028489731567797928 0.017766055618600545 0.040268142502045065 0.01987328093608752 0.062214564875831456 0.06975968180267539 0.06025251428250314 0.09191001648849632 0.05733367783461476 0.08814580972399823 0.05786267402839837 0.029766006800794814 0.07997434322723306 0.09318528151125188 0.01128784269846703 0.02261344072061899 0.010198504039466531
43 0.03200946337232013 0.030218626627939234 0.00465726571405741 0.039485645750030364 0.029802917481308377 0.01108915248048076 0.07314583616931504 0.04088309455106291 0.08934495173861948 0.07157704064598176 0.09048363932488449 0.048949203690858846 0.042696609018722284 0.04336747049075766 0.06657603060953814 0.05427408609753052 0.056775039182824984 0.06302850963137054 0.058230652660553855 0.05340476476184316
44 0.02103716430653739 0.06830796372444083 0.039057099814919824 0.006466514361019619 0.03295050591588631 0.08685581264945937 0.015302856797765274 0.08316816532290651 0.025996744949528378 0.0014045218179592066 0.042331843691959394 0.05680690591114787 0.09086132862448984 0.04072317404882822 0.07374727252944255 0.06832725614825093 0.0396850540350442 0.06306734652656829 0.09257404349693572 0.051328425326910246
45 0.06956166754640793 0.003766532090968724 0.05163236536105415 0.058911426250402875 0.0004940563569705013 0.0387452315721885 0.0633680727131375 0.02664733867728274 0.07273626798903601 0.08248535998855253 0.09502738929652652 0.11101099420518461 0.0911476371816404 0.0009052763116183721 0.04115541141974017 0.015219794461945902 0.08895815759628997 0.05062118454269201 0.02582327504332747 0.011782561395033128
46 0.09106974983617235 0.025890873943782654 0.08604966335118401 0.10210920413304121 0.007981553758195722 0.06730687535880477 0.06677665964997276 0.08861743118608197 0.009837493832229007 0.05028616442200332 0.0657778766014727 0.03545899294671598 0.012416132128117435 0.003945393094877024 0.038398557044104734 0.08814260764105564 0.0198031701617887 0.10668250038372673 0.008902573779496206 0.024546526747176996
47 0.0537798264004642 0.05437207651420658 0.06145374675983179 0.028615159273979156 0.053883891935498945 0.06492327501951173 0.07687228652175376 0.03146759293268733 0.06462526168340292 0.05904102768326507 0.038927820397820966 0.05927389773114606 0.0703801935234921 0.0543699111007644 0.07471285051082233 0.01178746493824274 0.048753560676299 0.007344376092711601 0.008862958117091096 0.07655282218700815
48 0.019021339403727505 0.005880595414175921 0.07710992817893166 0.0126729135241441 0.07451385122607145 0.03889735620085017 0.03463348727045848 0.03773111980959892 0.01861417148305879 0.08522441805587054 0.08620207485919015 0.027017613867884736 0.10289753076600942 0.06369879286967765 0.016409174968338196 0.08253135048897621 0.014401847522956644 0.09816776074061401 0.014414663019439658 0.08996001033002603
49 0.06586793449487602 0.050214727858556636 0.024694849923551802 0.10877123925965117 0.05316470612985857 0.05679895820889078 0.10485855031325801 0.0807105473672083 0.07775559202226635 0.020174260329524445 0.058213236112134976 0.10478549402522358 0.0025035728281609594 0.006618175158842691 0.03421224305430394 0.053870464764944885 0.027298265735042158 0.028265094297576874 0.002798234439791065 0.03842385367633706
50 0.012179700407506199 0.0838000187737023 0.009242342880734184 0.07239906656776156 0.06088121844203373 0.021880950754547924 0.06039317430692135 0.06367156375019956 0.09168002829427102 0.033432476865904184 0.006115485872041171 0.04965135253606969 0.06146489566320347 0.06915483170690238 0.03668669745259887 0.0431169597886314 0.04796629361287067 0.08919829131771173 0.032640711989311635 0.05444393901707683
51 0.07410671134644156 0.07873172425006535 0.08696382481785002 0.06582772552255413 0.0008521401929152525 0.03641197410375469 0.04176176823672009 0.08380508371812394 0.07487445173830569 0.07452845781939106 0.01623776968952349 0.027335085339214343 0.038821440640139315 0.0205527344959127 0.07161468888016788 0.05080924713435259 0.031017536259635336 0.021768227959623757 0.049407561760668385 0.05457184609464029
52 0.09937921326246674 0.04177059029499813 0.05879792350789356 0.019263459119447865 0.054670335388483524 0.0422205493487518 0.06499267964786254 0.050548802284310836 0.07406242617288045 0.03324546614184428 0.02763959173033388 0.08777548003440491 0.019161008645986553 0.0650172923145208 0.04141110317911416 0.028296318487334157 0.08237048233601259 0.05489838464635092 0.018625830308470502 0.03585306314853187
53 0.05131297225884607 0.07748084782557171 0.08195926286893426 0.04412084289447161 0.06437328473065743 0.02828372443955219 0.05300838669799527 0.038021283825129364 0.03934761330400408 0.06357424140548533 0.06933068451498108 0.02299806473978525 0.05517285265720123 0.05743355565020114 0.06403836207765992 0.05351301697166515 0.03553624555204622 0.047171165775263826 0.020761943399975256 0.03256164841057349
54 0.03535467031281322 0.04228146250994759 0.03957468457889876 0.09385846633490438 0.0732476404243049 0.02093634226175006 0.04373912069854019 0.08185348553199845 0.021589817068738314 0.0443526636696743 0.08327616111068144 0.09059215296764282 0.060857325678120563 0.07498666015463036 0.09468962712834811 0.030424585317515847 0.012341392982756657 0.023861467357394608 0.02238752760823362 0.009794746303105646
55 0.012888438422941854 0.04165162222574102 0.08033089434284449 0.008260145995052318 0.10279491144899436 0.054729342892524194 0.021737878461457204 0.025805879440161987 0.09419329257562832 0.10237801940977778 0.0978803458634547 0.09226692346612797 0.042265668296877765 0.06744714334043 0.006347591207358684 0.03447461576204351 0.012835478160264533 0.07078419504638504 0.02116025373282731 0.009767359909107185
56 0.012732837977580092 0.058131175859641525 0.06254416514683828 0.01607207745610261 0.01929585292074549 0.05215261349773035 0.0012070040840244996 0.09922427652686838 0.10527770431149516 0.09391100582575346 0.020689152061854545 0.10355958990384764 0.0015409934602726581 0.0258098990454575 0.01950493558133782 0.11627002163935048 0.027876109316749734 0.05315166659205456 0.04998468320225566 0.06106423559003943
57 0.016669776215712744 0.03566172681184605 0.07353967409980852 0.05469409456042865 0.06469547556560488 0.029520380547914553 0.06508423962734607 0.027761634871805392 0.10124111028693857 0.004628628297091656 0.08165800794522007 0.02924989156976257 0.022175140324505613 0.007435877001500769 0.050761479696184414 0.11126547252115598 0.11055351225285817 0.058857712611562404 0.038610832012756856 0.015935333179995806
58 0.06657928954891056 0.07380395591443681 0.08231934545579371 0.0515888845388735 0.023279615048932688 0.070663431373977 0.0906957516008681 0.047797307883271155 0.08435539153125157 0.044432871283290924 0.022597980918031436 0.0675626118201232 0.0760421000098474 0.025014482783796563 0.05565899141113612 0.012339171296111114 0.024084690051386276 0.04121660090861426 0.02537287388189403 0.014594652739453573
59 0.04303935612631201 0.0946634067053403 0.038452265826867484 0.0019614432647453916 0.06937066844939714 0.057942317471584036 0.10154718937915491 0.08551411165971604 0.07712278985196391 0.013406217158916961 0.002169876270226948 0.03946405947703419 0.019752557586566022 0.07612146342064696 0.019772852457064307 0.03306833532175407 0.03155874776166199 0.08737724518139922 0.06770811741867765 0.03998697921097025
60 0.06754228980050513 0.0702466338631082 0.0872479155158446 0.005850824671898807 0.03327985447814611 0.024753813917278246 0.07023656392640373 0.0549477824228602 0.02153832853006428 0.08530839712812373 0.06571597646085668 0.07870826555196858 0.033328106044205184 0.05137727768225443 0.03399171924129289 0.03233539837845471 0.07463026606725659 0.04697749397248416 0.01719311674712385 0.044789975599869795
61 0.010303861096858038 0.08843044986155098 0.045794231861697024 0.039060538582071015 0.05977387398115386 0.08941354282877434 0.009642980778356795 0.0009287522805629351 0.08921281494220522 0.03564114540173627 0.06824823122922075 0.07577479408297684 0.05179972737294141 0.08235979003613228 0.05378859989022657 0.04892014478627279 0.030627777504448908 0.08415397823481248 0.009701407573512667 0.0264233576744889
62 0.03420986249149843 0.00428032380242294 0.07087472348310617 0.06954851347886944 0.05919695165857277 0.1072437620401299 0.05547263764998949 0.00967308508088552 0.041127062991986485 0.005736844146947922 0.032646886895361896 0.07771785659297259 0.09699232338272822 0.04525417816366813 0.10071345543360218 0.028544346443236567 0.024086504851610544 0.042455967213807594 0.03468987618035942 0.059534838018243746
63 0.08686392166939988 0.023353374928895925 0.025924322654939956 0.03931300836953936 0.09478454638021401 0.004835508580439329 0.0193435681143926 0.08722973661181628 0.08635083375849527 0.05952990244337299 0.05955450932673684 0.06684460337405802 0.008474274786275602 0.06803961251288662 0.03184228387870761 0.036891845579431815 0.026784652264198655 0.07742411622482219 0.01742575625013737 0.07918962229123974
64 0.06587879568620554 0.07110688104904565 0.038519795545526515 0.06026137938720438 0.07983059921489351 0.0035697353397074905 0.06813737132423849 0.043904800154652944 0.08226383159467145 0.06253298576610497 0.09239212681233509 0.012552319151302475 0.0559637356269229 0.013210456126349426 0.027468056404508282 0.027370397345984506 0.018302561254523727 0.08634774522328575 0.08686234020766127 0.0035240867848756424
65 0.05523020968320131 0.0794125026786251 0.01780513729328558 0.019532218570254695 0.06690077752008915 0.04330372506417796 0.08912501659526838 0.0708794219479569 0.09108203786639417 0.005409894407411271 0.06161658101207984 0.07134623974094915 0.00635928806275029 0.023790568914660346 0.05263289408496822 0.06689726660758251 0.046509624465019654 0.060526112303637934 0.05712802318719738 0.014512459994490188
66 0.11408625081478112 0.04947352549474272 0.024471675214522155 0.013620132456602402 0.09468160078764226 0.052578489336059124 0.0635702683844681 0.0229823331296913 0.0702983411931592 0.034597630784680804 0.02470671245389099 0.039095907583175424 0.04301226468012814 0.019138824870418954 0.016032081700769443 0.06409587236660827 0.04620760289323373 0.11167525726529363 0.06306974608154367 0.032605482508588475
67 0.0612065772004747 0.06783588485072173 0.026369735584484293 0.03701912340236586 0.05748320574956422 0.07029956076601339 0.013425531631286134 0.01984252027312184 0.0765579962013847 0.014305850900232531 0.03886168123211282 0.08093600828499575 0.05031820345534684 0.086563162232633 0.033733433180646984 0.08139247057630002 0.005291180237016558 0.03502060971791218 0.06063561218934912 0.0829016523340375
68 0.0016118266902141387 0.047275339877146196 0.05399128820056986 0.04219708237841606 0.03965297838036534 0.009554203217439784 0.0708047571354343 0.01742411475933284 0.07331555949114066 0.07467846835215325 0.024380262251188962 0.039912682878003924 0.08354060095762002 0.06454396812177478 0.04733523590571351 0.02658982182550866 0.06980708849884663 0.0711692330333961 0.06388463401106056 0.07833085403467432
69 0.027467911249323514 0.001157914425556432 0.09687379596500657 0.07580263121262659 0.07141524265299996 0.056368984156456615 0.03353206968478781 0.007902988206918614 0.04101191177953495 0.012386445773060842 0.09649426947302189 0.008550449894194503 0.046371277157688136 0.0620399984966531 0.053649380987136994 0.016026130987027466 0.05784640203434722 0.09073494435694864 0.10566882031774748 0.03869843118896257
70 0.07736244565893229 0.02171231000449165 0.042745494964238934 0.05544206789907774 0.06572210148864915 0.07880973154575069 0.08942524429731476 0.08015804984087192 0.0034306318472942902 0.00028815202088685747 0.01206972258243372 0.018890422582243657 0.046913965196778866 0.025830471422210656 0.0422091911142929 0.023008548041355412 0.0753450478896034 0.08424847841428884 0.09553343580044696 0.060854487388837274
71 0.06841165434459445 0.0350972461299464 0.07951048743498737 0.08471956501348182 0.05558281488877443 0.026792263857187713 0.08397581302594209 0.08638774048641358 0.08049372764909433 0.05671861513020387 0.08882161214290059 0.006485852296779138 0.02636047142525965 0.025592851986213912 0.061159210235089564 0.013115249318856296 0.01577007334515633 0.021222761123674192 0.0034342621305808903 0.08034772803486369
72 0.07744242107655644 0.031448255514271474 0.08301691472382643 0.013729838413352772 0.031713037273231305 0.08704476873772622 0.009927741825846235 0.010869578132549964 0.02333195647384421 0.054495124620030255 0.0034989785918779744 0.01647641912785925 0.09890817677182824 0.10998842342776854 0.012573617407986412 0.08155773731718753 0.11074670630063645 0.05714652069372455 0.0851805931835265 0.0009031903863694345
73 0.057406943140097075 0.0900414010868935 0.05503759198608874 0.10234300989727611 0.05411800852008054 0.0752043136443347 0.008997539403527523 0.09433498893168943 0.004546694380433396 0.0511248326907915 0.04040007216340903 0.004038883451824312 0.015964588026947932 0.10427959380165436 0.011990131425889294 0.014147435318172544 0.0771677925215706 0.03246462201700377 0.10125832243178821 0.005133235160527406
74 0.049555795010429324 0.04641709538748848 0.014224961768017345 0.08523750888188225 0.0836163092605647 0.07441868458862472 0.033118509128209614 0.09368357196172418 0.0790299890190583 0.0756822861838562 0.03965689306276538 0.022427023539558454 0.023519718940335662 0.009861539868202523 0.07311876758283545 0.0679392076030774 0.005763380260204305 0.002143051343921289 0.07076272160445164 0.049822985004792965
75 0.013577837077160619 0.07378223442467657 0.07333447505226823 0.0780613519866767 0.040532544771616594 0.04673038248905443 0.0784123919521742 0.027800466049125415 0.08148269525393215 0.0668700994205835 0.04171374845841487 0.04941367287069296 0.05055257146903362 0.05919393867437909 0.044753767394366026 0.02234278829479218 0.01983995200349086 0.06692409727837093 0.062067423080011175 0.0026135619991799674
76 0.0025443159728934946 0.09192078522791186 0.06245351950329194 0.09791331026841349 0.0748957413693328 0.037021314403714436 0.07058744051028754 0.02669835023210673 0.09000147176123109 0.06076560176461129 0.036477937722601696 0.01878404743971358 0.02015913785527696 0.020829595459964812 0.030417620912674588 0.04289303787804148 0.0476228640470555 0.015802961270282755 0.10454929532200952 0.047661651078584714
77 0.06941036036943603 0.011389377476459694 0.06981300383038364 0.03898718421597105 0.016158588615704742 0.06974411441283301 0.06400111757442473 0.0604577460703405 0.03045363358014101 0.08381937964489053 0.08056763922819354 0.04026241048334326 0.042717964863515395 0.023972553542273362 0.06082366252715633 0.040528960033941665 0.03466288736172213 0.03705678098844773 0.09986935959325219 0.02530327558756933
78 0.07346869898724209 0.03387841772821965 0.013039151065734889 0.022078720590304277 0.07163691583299574 0.03925934614789681 0.03985453367360393 0.013332829861644363 0.0745742463848527 0.07278904781305494 0.08010725026832125 0.0720200752875112 0.019624181880022122 0.020021006684204083 0.08389654942098881 0.09121854515028073 0.055391886602776705 0.05187046281314107 0.04982840312838393 0.02210973067882085
79 0.0902283274047316 0.0710840399253878 0.025490800337199054 0.015119785886168916 0.07664621982789004 0.03134026378680716 0.030148244786483036 0.06007081238894617 0.07985123143101772 0.012904498352065199 0.07113589424618393 0.05890474027080653 0.08758916377779254 0.02829361026448407 0.07529591024765665 0.03266364732162427 0.017809220882207787 0.0900667628926056 0.02318208103996792 0.022174744929973966
80 0.02772148917020149 0.07952779247667442 0.04587753193289766 0.08746641734885582 0.08567690101880766 0.08424084533876976 0.016441786055698907 0.08851561636147681 0.024865900008066513 0.027787242031752774 0.04904075962868229 0.07465365408715555 0.030172363065495502 0.0354368812811119 0.008495854474380535 0.02510741454962508 0.06980943347376166 0.05698245093689012 0.016939536065185896 0.06524013069450975
81 0.038473782213323246 0.02665036143680208 0.0071762328858374965 0.06652341167632796 0.0385384152861593 0.044583239512877695 0.00034600402766878227 0.06688035214353398 0.07516586410815705 0.023074255348616592 0.06841665670709975 0.02206739012209775 0.07621134142322182 0.044910150523553606 0.0855175923261068 0.06169470647602151 0.03852921395980776 0.07534795810914517 0.07240106559489977 0.06749200611874179
82 0.10228011022648874 0.010097802348920997 0.08737582285746012 0.011384761635403156 0.006234944004530296 0.046791399216584005 0.07330838985520988 0.08520752491115384 0.09510422578142448 0.01644856070715897 0.038519432248769386 0.04576510784530943 0.07871168953876476 0.0022767030589470614 0.08763601861913468 0.06689578135853355 0.013705389744244212 0.06383426888620893 0.06115115607423238 0.007270911081521228
83 0.04445951951037948 0.05775060916764149 0.08571521067609382 0.012322893667134245 0.016712335340056287 0.0590884195156172 0.03471858697723819 0.08660919231087073 0.0760419048245346 0.030660875961929904 0.05826496154840311 0.026376237491531423 0.04228913295890242 0.08443206842075948 0.040540814219916066 0.08305267011607435 0.0311723073338215 0.06601739729304906 0.022284498563483184 0.04149036410256338
84 0.03584071456031123 0.025796893543817104 0.08261892925689782 0.05203774570331482 0.056799146486906586 0.07854493234507426 0.044859780452322875 0.03247158614791544 0.05429987166692936 0.04482025983071427 0.08572392510218761 0.06468588300573012 0.009589768475308045 0.04779396013204043 0.05600523328103104 0.0690840206246961 0.061290560978567964 0.03986854783180949 0.006420530527598141 0.05144771004682742
85 0.0005143913348033206 0.04522141491696374 0.07164208812486715 0.0013302293494665898 0.07472294055405339 0.07126792478332691 0.03345442939015564 0.06705792383642477 0.07334448232582902 0.07792341827802365 0.06934102484580104 0.0774669653973393 0.060440089448509 0.078979506213266 0.04491545781170479 0.06001836141716462 0.031461221033178055 0.010901234330785842 0.005708637774919413 0.04428825883341765
86 0.021848356508445615 0.012920452756939982 0.02143562573601637 0.06256273917701526 0.04696711360152571 0.10425187704645088 0.08254524891913138 0.026485370130997995 0.07409421302843365 0.03371108960420535 0.020600176727133906 0.0006775186587980436 0.0096644685564057 0.0782939333921406 0.03588123995305774 0.06993980390969226 0.06618760137905663 0.09195945938477075 0.08897349006529197 0.051000221464490195
87 0.030473968561457933 0.005461896293861222 0.08621842975951309 0.04040474203172186 0.007052803046124645 0.012389791484287075 0.09239819107541909 0.027220734232441778 0.0919413613572502 0.05780764957162642 0.07510901142902154 0.050616556675406786 0.06010958250632898 0.0876386361361292 0.05222796095635757 0.01881925088916235 0.03463787458036238 0.05303696956244174 0.06088061119037776 0.05555397866070821
88 0.021296753726205174 0.05996099999792907 0.022694573521506316 0.0414625383582287 0.02847997527049814 0.048253051665634795 0.08459111335914461 0.09380121752610117 0.002275148861907217 0.040979529209098114 0.0723787504561636 0.0929089410287214 0.09437425091694271 0.02534579956249181 0.05357144215925523 0.04432535137157906 0.021353774672486312 0.07262430534833894 0.036259023657370916 0.0430634593303968
89 0.055697230949150925 0.08207037075393758 0.06973276265999576 0.0864987627726201 0.04142446404944697 0.08804578068727134 0.013259879877574734 0.029148113284357496 0.028040461529954114 0.020314931819097326 0.07511769592837116 0.08913462264093562 0.05172499729053271 0.012066152604208112 0.058491194130467244 0.04122058179143001 0.0609975934987233 0.028224911481154778 0.03245637964742052 0.03633311260335031
90 0.07322270291552914 0.0897422579413004 0.03472000673208378 0.07390801234343589 0.00994827039128198 0.07560410644618236 0.08721244106877196 0.06964007767490898 0.06910653009706817 0.0173927758811643 0.000982248073294458 0.051719218242781945 0.08797538306025096 0.029774472807189492 0.006109434451335754 0.08978437716414052 0.01112898301087616 0.07528149015279571 0.036632770528417215 0.010114441017190846
91 0.06937210001670838 0.04092638466049973 0.020805047864487412 0.053222822200579833 0.08137713407804952 0.07472981625446369 0.019637101538592938 0.07179710228868158 0.03403506794505658 0.012062114723699389 0.08288515067000063 0.04475414086853929 0.03116697669223875 0.0410894302020405 0.014507276483915288 0.08122488426678565 0.04241637547573085 0.05580379513838514 0.05779158297069883 0.07039569566084602
92 0.007137718785488092 0.037447539950190144 0.10286171948558682 0.026694731368293062 0.0900611045193022 0.021082065751836188 0.05278328362219696 0.02048146263943781 0.02016897882904248 0.012152251313797062 0.03768231527950322 0.08732010765262821 0.08590035964290671 0.0007762698335662589 0.07468081837050015 0.0717371158729422 0.028958860784680903 0.06121953413248093 0.05075193849642084 0.11010182366919961
93 0.027812422929084653 0.0836284323260667 0.03459612517603717 0.014574528693204752 0.03317117079722996 0.03815888724702277 0.053749749961187206 0.09706657872429533 0.021417070849981585 0.11149843986158918 0.02847371973498513 0.035941458154443856 0.07040398309499639 0.07239740438170776 0.05077458571995259 0.0872725640646677 0.04335764352924925 0.03800551160856707 0.04546340439140235 0.012236318754328422
94 0.0959948631160909 0.07310221990595614 0.06585205708595872 0.026902307333070655 0.03522255170382193 0.012176087752643651 0.040307692495222466 0.05304102984468062 0.04709738644921415 0.07252482426759192 0.08529272024666622 0.043514734951819595 0.038720673135176485 0.009197259313892009 0.04125080881708271 0.07591250004672825 0.019428979820613288 0.05531252193167267 0.06211602191598559 0.04703275986611188
95 0.12278926117924495 0.08398436923867017 0.005070509580615825 0.007843419473749913 0.003868099563007763 0.04508132971002261 0.0025946973060496075 0.08569424529845335 0.08181736480958596 0.07617516161042921 0.04370852114514236 0.027108289582785328 0.03241323791912415 0.017741553535701532 0.05357725830969769 0.030924340456323612 0.11120496971916041 0.09521565500563733 0.005088718909739688 0.06809899764685841
96 0.022033429871449618 0.015114938691187418 0.11140203613063775 0.016765223611612638 0.05382081113853972 0.021239815061910493 0.07988050657619393 0.08841769789880607 0.05249814792611287 0.06077844761555839 0.05266978739934476 0.07280402021814485 0.005814788523778103 0.05046289448650823 0.10746743159835136 0.02235942413822242 0.07112598698286474 0.039718692881284455 0.016924604640665048 0.038701314608827274
