0 0.02167602389661815 0.05327971272800279 0.10211741318353736 0.023984094196011538 0.06810582025224296 0.07536483941067701 0.026646506077289793 0.04404012446796502 0.030576879518278748 0.07128914543397537 0.08318753644496667 0.02881113344330472 0.027032008639965292 0.02066747234635162 0.003513135484307232 0.09927497714232421 0.054334887467494423 0.030209837957560434 0.04285168862628752 0.09303676328283933
1 0.08170374872388762 0.01571293566039076 0.024753506556502117 0.09252572039127006 0.05861513859217104 0.03094904588709929 0.07548789688398773 0.033004601388746876 0.0736308163627453 0.03411504227224392 0.038344132219487244 0.029156135757278014 0.07181190289677875 0.05357634851666419 0.08601028858251916 0.02069801791932239 0.06162561812042854 0.024408611491010243 0.030227870937569918 0.06364262083989684
2 0.04805060088982675 0.059087495512843896 8.487028564364045e-05 0.05832736881838899 0.0009793091690397718 0.0007419602970966722 0.050108606534238744 0.001831688194813106 0.06837026923907599 0.029806067769625806 0.02233667583347677 0.02614232990537989 0.08570798450162978 0.03409926679124042 0.07821259079869496 0.10480304059554167 0.10884674186240066 0.09713612335765034 0.10093063408151086 0.02439637556188106
3 0.11852274129358586 0.043251862136692895 0.011164378653832806 0.006761628116413838 0.03656535875236212 0.0512119540819074 0.025313119878270812 0.07305622476749861 0.03084029296431636 0.059189073379891356 0.01206693678081968 0.11808603148552996 0.012235656517030145 0.11014808612525466 0.022885948210402723 0.0454626519402001 0.09380676735456824 0.050433008240344426 0.04510445605199048 0.03389382326908769
4 0.03629237783329019 0.07060506459570909 0.04647471312560177 0.02012900455380241 0.06909387633232225 0.04271190341379421 0.06856192519224431 0.05088129560045997 0.04107608525654211 0.04856491841371473 0.05669106652540294 0.06831550448257925 0.030934507130936127 0.04558975509534959 0.06932469763968788 0.020183376601676614 0.06921904896519261 0.05089670399295999 0.06632615637250783 0.028128018876226128
5 0.07983827770133613 0.040137758171297014 0.05484732701305883 0.016672401304984676 0.07538132613071455 0.027965762335892815 0.07996085894838618 0.05757483281751912 0.032368638766801065 0.03348106111810717 0.04136386676545602 0.06652475465881631 0.04083261808274498 0.062459428340421966 0.027600834489225002 0.04259768331833278 0.0051342646723131075 0.048401001851076965 0.0894743082221046 0.07738299529141081
6 0.03902650180784431 0.04717907376522745 0.0690453753327154 0.034899821063943015 0.0065565363355978585 0.0675255127552625 0.05432919202823734 0.06071050288475679 0.07893265857373778 0.015036679280720807 0.06971662497298062 0.049158406376177764 0.07609661977613298 0.04407294547105589 0.019082701481353926 0.02437426034329056 0.08499438780654066 0.0608672664008473 0.025308054666750953 0.07308687887682609
7 0.03448432705844059 0.019936809873927482 0.06944860318922717 0.07363580796679405 0.007923174808863521 0.08248758410501988 0.04969540298911356 0.013506099770163482 0.03670145180012333 0.019522776612355873 0.09221678039273223 0.07582836050057144 0.009161357357234723 0.04784751487428503 0.07582083371036234 0.05230634937263244 0.03168916188432817 0.07257330670291784 0.08805381169542063 0.04716048533548617
8 0.041548246407018874 0.02373286012854557 0.08887179233373929 0.06947705505212666 0.022030797496766393 0.02776594458836138 0.08230256150504035 0.05338077993229999 0.023857579637580256 0.0018537515849490187 0.027653351336329096 0.06453177334278463 0.022448237927500853 0.01446949299450928 0.08621726458423275 0.04407261857115364 0.07825670346778112 0.08189445693418781 0.07389991478636125 0.07173481738873155
9 0.027158434258091144 0.08323848314281197 0.06612063621873297 0.025780902725533843 0.020234933579833934 0.0978202333060164 0.0027431905552655583 0.06802822433525517 0.07178809576452932 0.04887662131531764 0.06810602606147519 0.10181409657704692 0.0626907924780617 0.04528380952496518 0.04108661543248126 0.027076295432233426 0.039653107087465604 0.013168919861171906 0.011810363916062055 0.07752021842764888
10 0.07573526791499802 0.10932799894261429 0.051381848949495434 0.07781579004810082 0.10489926978691907 0.09917100778716399 0.049157075945359986 0.006849359424827443 0.016164637486029552 0.024063386665925404 0.00880314045608024 0.0260524993434948 0.04120832876348951 0.064004870865749 0.10784487029990504 0.011978952053978422 0.08576108199673264 0.004263823527501005 0.035214596977280764 0.0003021927643545184
11 0.008655180458505184 0.08680762927110647 0.1081459670203481 0.03877259924112105 0.08462044521598995 0.006413376674332712 0.07272445449999446 0.04253961794162936 0.016907157273003428 0.0002964572829062945 0.06228412715921456 0.07069816334172685 0.08372570613302206 0.018611353894622873 0.06080529375006117 0.07696560167069756 0.028596716667197496 0.05567167432875962 0.023977001181277786 0.05278147699448277
12 0.005889180304742185 0.06862219119668722 0.07777199728518437 0.0724812408386599 0.06232305883111898 0.047017765976868395 0.028504690396480868 0.07864275312489523 0.04372621276716555 0.03925391344689352 0.03633640747179011 0.047173176755938705 0.002472333905151239 0.05858099480280994 0.06187570005714009 0.04333619786423272 0.03645928276390483 0.062307526927876423 0.07003307841478426 0.057192296867675387
13 0.05627993488042792 0.0358779348283274 0.05881212335385548 0.022022154909244026 0.03902011929645833 0.10100565371204505 0.05341561672051788 0.02435808963623164 0.06779397828359766 0.12390934251226839 0.07957494266476875 0.04816177629102452 0.03374835356293105 0.000692494239819601 0.048614687214396796 0.07679351503492107 0.005127856401634643 0.04542928431702766 0.05539750499655435 0.0239646371439477
14 0.06396729244425511 0.026277242606327963 0.03215832005069596 0.03613333100845875 0.07004614016714283 0.00491811601981857 0.010495631392897662 0.09821429340925324 0.09299303954337824 0.021917194371954954 0.09669791029418168 0.02876291015090127 0.027583541006199364 0.011754815264319554 0.0720215075382519 0.07664224170747654 0.1209319298153781 0.014620159553266005 0.07610745716305702 0.01775692649278553
15 0.03305808138106801 0.06320735520752738 0.011123455955941716 0.0006811443418236651 0.0982251690816518 0.009293886762042368 0.038369239401537726 0.09372527020587137 0.037333014414492285 0.07465111855107523 0.018597790387915286 0.07258995265194068 0.09793722647602887 0.03478207332315138 0.020439154432593552 0.07814548354155246 0.07016889743420975 0.09681934124144442 0.028475440845698814 0.022376904362433496
16 0.0556159377922562 0.0620238617027733 0.11810085841100779 0.08192393522728772 0.08920849475662587 0.07309137140839517 0.09788664771795857 0.04004855457307125 0.022648304438925355 0.022436028954037655 0.044632886938056844 0.01222341395138288 0.11398320204903291 0.011669672063397297 0.023250505374527025 0.015815134024436482 0.031215010491457553 0.015190370957670386 0.023273136002756926 0.04576267316494289
17 0.019242769786579017 0.026121355495423576 0.06650052216875174 0.0997718475581557 0.015423389810236872 0.03815432092856707 0.040067201657736196 0.03188367829783156 0.0056969764764770656 0.06113829991393062 0.0875563892465651 0.0843913245593973 0.013483121194492203 0.006707940431071452 0.0933587310852607 0.022092865834375846 0.08733185176310533 0.07532038088671805 0.07333350354020438 0.052423529365120215
18 0.04782795423156834 0.005026145593259024 0.017798448651932017 0.11528848956453622 0.08464782200286693 0.061456695161079024 0.040287385469002485 0.05105103939817532 0.023767359870680304 0.061952157482932264 0.002773653453917105 0.09392420876689686 0.023561823252681243 0.07583057230078483 0.11392320011084493 0.021943273027865685 0.005293964772660903 0.08542635605669392 0.03703521594778495 0.031184234883837755
19 0.015434738129358009 0.05133778168203106 0.013806974713525754 0.10629845245942836 0.023385666318794386 0.04158158430080256 0.04068568598960316 0.08491036502494771 0.10731161583994392 0.024824697964512404 0.05170395616897692 0.04505019557891218 0.04505733345614625 0.05518892787974887 0.029797600790062398 0.013595881990877884 0.037840503748730735 0.0720095102209631 0.0745581743901164 0.06562035335251802
20 0.003604667261920516 0.10540488579971805 0.04045693016562637 0.06668977290229974 0.07448743906357337 0.00660978900187242 0.026965752483261093 0.10286374242387082 0.028900934933630947 0.02199003479894249 0.05439619918007153 0.0688880199826201 0.0033098428450948464 0.0247034532638337 0.049709269907641344 0.08098342068227059 0.06090257267768028 0.05230972913220509 0.04087264954946125 0.08595089394440553
21 0.0033633975813595974 0.05782503387564501 0.07436945608728103 0.06284267709393324 0.017216739859868824 0.03373083460007094 2.8703181757639704e-05 0.11574470023227094 0.09698922359062369 0.09816074386253552 0.0734742109952831 0.05245184491687186 0.04151948137424906 0.02033289315940839 0.010653729657857781 0.0351956398761988 0.08922919532167854 0.03815983246931763 0.07860184565725951 0.00010981660652876462
22 0.004574819692404285 0.05867125693462774 0.061167133088542054 0.061300932505108395 0.004749699216546115 0.05139913553917502 0.03839238196591131 0.09304152666468911 0.046503906307360066 0.04230188465649082 0.027748845614658225 0.03217993403161128 0.0006647535226690394 0.05402544779223991 0.08723647315047404 0.09008223758768627 0.0710300304534922 0.05536725099247839 0.03706510345306273 0.082497246830773
23 0.05150181028569092 0.08412577355009565 0.0529389819111024 0.08106271464789645 0.06663558652923623 0.04334506106352805 0.032688597839699934 0.018149736804460154 0.04919973867827175 0.006895465760222804 0.0789250392547614 0.07628085528256055 0.016809803724467325 0.017250026240399733 0.07880356985687889 0.029812452547009018 0.046058311538373045 0.07123412424666495 0.014768624712770375 0.0835137255259103
24 0.041386044323195356 0.05064800669922434 0.0890243434562834 0.0699601792552033 0.0947344576094955 0.07181741320045183 0.07930816383852067 0.07013731104879649 0.045471267204448274 0.05174892666016966 0.060404724453711256 0.019778657966926662 0.022508066329681324 0.041187901529628874 0.04434553546157529 0.01223047161171481 0.05994203343926572 0.032919985019463735 0.010281686149492375 0.032164824742751265
25 0.03267039018227019 0.07551694915084792 0.047323261715633363 0.04753017177252888 0.013444338502407208 0.02505924787004964 0.06541347497450671 0.010725272424075843 0.094578424196322 0.017910538570926567 0.06001772550660594 0.01560682267498771 0.03215627960130662 0.02894832343484071 0.07643318558074202 0.07933221787459993 0.04411263862903629 0.09506079355948038 0.07739447649976593 0.060765467279066225
26 0.09809943247730826 0.032765686676214614 0.026836116690895064 0.03527679491623236 0.026545491949250856 0.015101079082048892 0.06207198036552531 0.018694428074303247 0.08687415532231033 0.06881372700440075 0.03980018332615163 0.08027399627026897 0.10337652695003065 0.07429379132003859 0.052582242139528425 0.03182189880732901 0.0011503878195191994 0.05128565489218651 0.02912968748741395 0.0652067384290437
27 0.06429153080745167 0.030383217800079586 0.04529672285429702 0.038570243684147854 0.03126185100494393 0.026148931948662274 0.07868402241353224 0.09142957735291972 0.005165969978355278 0.04505150257544598 0.03266989432083758 0.06533812162768138 0.0640897421101347 0.08247289002737093 0.0848541672313635 0.005424760088317177 0.04192571246035104 0.03762601325471258 0.08237222176513817 0.04694290669425724
28 0.00912354441809706 0.08590780193486121 0.016789448594061663 0.03043627488513591 0.0015367167975417733 0.0025545020244211935 0.07922881464934621 0.006571193964843445 0.09353485254643878 0.031307093548492926 0.05075781080174436 0.07656409350021573 0.01419042875775593 0.05328136544307881 0.09033453610316251 0.10819348089313721 0.007145131337764076 0.081136713379872 0.038460828163109036 0.12294536825692005
29 0.060502893422908155 0.007319791517048818 0.024790088056437027 0.06532684703268951 0.04688229953407595 0.039675359141638104 0.07315090825644599 0.04541139235582655 0.04364029998327689 0.08693605061678857 0.0359511226439207 0.0058221555812162495 0.0462336359341249 0.07365738983705382 0.06131813636195777 0.015723131538469284 0.00760142872014582 0.0783086225148492 0.09111456044215972 0.09063388650896723
30 0.03225842990242606 0.07819489337910293 0.06855024209256484 0.06738873444817862 0.014493502503900338 0.06238558754234914 0.07612547893059544 0.0013238133343824903 0.00412934196870406 0.08904211027964165 0.0832713471352712 0.07864652785856839 0.001525443447084924 0.050327796944493665 0.016716701789181825 0.029362134100569558 0.07515828904379868 0.08417293240918518 0.01030828377934535 0.07661840911065582
31 0.028424595647540733 0.04604501758594615 0.029102506953570913 0.09325084527735109 0.0887387653961781 0.009845533590888108 0.0302887724558551 0.0672409478927076 0.06792374912654832 0.020320276805796428 0.01621970394750835 0.0646892804951223 0.006501616352626914 0.0319829344876811 0.08972039947360866 0.05652400747050471 0.05586780616221821 0.08331144402879015 0.0827591520562973 0.031242644793259753
32 0.047897594898363545 0.05149102148270837 0.016230614738710836 0.065403012365529 0.06704739295895341 0.035193991774824684 0.04429630402926514 0.06978159546341059 0.020588813245497738 0.0738075796323051 0.030598108159462904 0.0747576402894534 0.03590560428113102 0.027707869555415238 0.07037147767526522 0.05181611023499393 0.07603149258155523 0.02896614742168516 0.07739807104578093 0.03470955816568858
33 0.04145962893371665 0.0474201899976757 0.0036100305513180864 0.0693885635154926 0.06072645964262632 0.06759483443898852 0.013080103805347918 0.046743970203573924 0.04228732569621672 0.08714099163632377 0.03830069309941914 0.0807711156623442 0.06112864367545435 0.06065410529216501 0.088568624037234 0.03242553878506203 0.0855867591251472 0.015170532060171792 0.005407849843167062 0.05253403999855514
34 0.03668663744635775 0.09046709498166507 0.007172906074912723 0.11068554373385933 0.051238290751796194 0.006025447204752147 0.03305350551110923 0.08591286228711492 0.05422558626519609 0.014001041735359364 0.05217252708535156 0.048849639759436264 0.04037324920624877 0.07467824107643183 0.01234303111205164 0.02967958492172304 0.06405208648640505 0.025992613177805584 0.05856583806572727 0.10382427311669609
35 0.10934428701838482 0.03327692260392395 0.02035819942715109 0.016735900577232107 0.031098196122610153 0.026244482441323436 0.01255217288989673 0.040075520675062225 0.008974796372604323 0.10480630127180764 0.018235071017600555 0.050279871363167604 0.07543956840063147 0.052255629751086545 0.017202405835822374 0.06685247797828023 0.1056839979751141 0.018340714923652034 0.08452208275462544 0.1077214006000232
36 0.06160106164769816 0.04738130292992577 0.05966211474653551 0.059183124902984725 0.04550247194875333 0.04243586709648571 0.033162735121935884 0.041909711226596 0.01897424818710647 0.04248429772467243 0.07058950085698468 0.004496843214738229 0.0671366076088717 0.07241708179343591 0.06163191656672485 0.0702594141467218 0.05450168021639071 0.0390418638810476 0.047175863675158476 0.06045229250723196
37 0.05686071168098303 0.09518261847199085 0.024026688078726963 0.09922300308849184 0.0033869725362832767 0.006013333294199417 0.05074181599938234 0.004887454692587867 0.09006333057654971 0.059349386217230043 0.02010131675529423 0.00883736599799032 0.07272729242680939 0.09252413297625232 0.0828197331113166 0.08209806776995192 0.0035089256310273345 0.04697759416019741 0.02552097947879021 0.07514927705594483
38 0.023852128673056146 0.019342605905981424 0.03474800973684617 0.09704217647132497 0.006835787610371357 0.06752330381535512 0.07692284365905995 0.03293071341519934 0.06239979567367092 0.03333201919848174 0.08126991335034253 0.05470000703599211 0.008321579706275662 0.09627692078589717 0.05441005846080367 0.07245633147500515 0.034056912341420505 0.08753982109559989 0.02591121968681143 0.0301278519025047
39 0.10313484325345565 0.048339174364289535 0.05171218880887791 0.018654069403120303 0.07530800812723028 0.06871297510127185 0.02022425212184038 0.08831611027359713 0.01757801440937859 0.10170972580683929 0.006467523944964497 0.03446650284209904 0.08994043552192561 0.002341455832956248 0.032211032763638875 0.09079080229007859 0.04749399084167498 0.00890001395309305 0.08166358920018517 0.012035291139483095
40 0.01664343948061546 0.11411837914237068 0.022952146643720066 0.13376155223236139 0.05886649359215866 0.009331996814541003 0.03862986428805602 0.0827616064333026 0.04851067178468302 0.05126561407956215 0.017144693956567723 0.06293603479800687 0.04501557655123896 0.007980368807917493 0.12720267746762995 0.028320690777879794 0.03997296555576474 0.04834363420673111 0.037178739637227065 0.009062853749665364
41 0.08171824052150685 0.023815163241444722 0.07069306721444357 0.0595886994109557 0.07730080035990408 0.02979525471863565 0.07628200325554166 0.043016416688760044 0.0656782213211476 0.018461041281076365 0.03844653059995991 0.025277579859055193 0.08118904711036921 0.05923834471273375 0.06394908871540674 0.07508575187693081 0.06463992002911197 0.009777891268925924 0.005340545612341546 0.030706392201748655
42 0.0046596500248651555 0.03940724769909842 0.04728805246020264 0.04490151395862075 0.1004260866580395 0.03771803219029913 0.001195923268000288 0.042528286630894925 0.07406003291700448 0.06547067779958182 0.06719105054675308 0.06117842810790389 0.06882713065694963 0.08221900681629124 0.03779347766110693 0.027278670176840863 0.023243671373535845 0.056942673334266454 0.04433212006231443 0.07333826765743061
43 0.0006487846490197176 0.04927820360670539 0.01047389257639979 0.06985220095372018 0.08826133634825596 0.08568363858599558 0.0830931700551564 0.0619946190800395 0.06905875438318529 0.06570330879818759 0.030642123146953384 0.08734098540516441 0.0721456053626903 0.04791441207637547 0.008831360892536132 0.06654404298647777 0.0016839462235076973 0.07890191657215921 0.011132670198586844 0.01081502809888333
44 0.062074805277025996 0.03962753950486924 0.11437663939038657 0.09922549546908194 0.006987969829242567 0.017720350975514172 0.0035477842375502204 0.06883506721405673 0.042900438721409875 0.06730762548860403 0.022753904344294206 0.08694447186860246 0.06589562236342535 0.07699587506129346 0.03132020390790113 0.08631127351643846 0.027350209657013937 0.04115593253733407 0.005206713162973982 0.03346207747298156
45 0.09179203700669196 0.04815684290972243 0.0865132723965179 0.09476362020071606 0.0030922193547344187 0.08195206875147185 0.061012898052203744 0.030073560411950046 0.07502484829169101 0.0507491890950584 0.04577108576813068 0.06815747409029652 0.08207947352597555 0.007714209673354925 0.008569551507413795 0.008831107727484796 0.07322395119619365 0.0015661041133183033 0.023748939007199266 0.05720754691987478
46 0.0003475311847295973 0.027175480121971497 0.10317869895158605 0.0037607770817444713 0.04272639390646191 0.06185556070192381 0.067222082319654 0.0980458162457089 0.02234679379790479 0.03738846299036964 0.0861238851522057 0.0518384471851884 0.036387245049755594 0.04585236869519306 0.08201771235327066 0.06839926120368019 0.031414975155429826 0.014462823593749279 0.010447116188040256 0.10900856812143236
47 0.002485358020881595 0.06377912310728819 0.06447399977126005 0.06324610630453217 0.066038012357449 0.003919671903703379 0.09709770515429549 0.02584295768865137 0.006366174168290051 0.06748745008980864 0.08727090065647948 0.016465712854526474 0.007818866282930928 0.09519088944158123 0.08144647759664998 0.0941223373730062 0.10113861170388552 0.03315256113829094 0.0002137377970490915 0.02244334658944016
48 0.07546492167333059 0.06977063253438097 0.06249910071050811 0.012417563039644698 0.07310677964635115 0.03339339654130945 0.05991324461029319 0.058536386315258614 0.02279346178905701 0.05079429720628302 0.07038531835118397 0.08955898132588903 0.0036106241496350064 0.019884914420560097 0.03813640146021493 0.052127669918524744 0.07594314447382133 0.05470351346753056 0.011084825505055353 0.06587482286116826
49 0.05246340545361849 0.01100462074569363 0.07548855717974297 0.07042266706081357 0.054538738193887944 0.04960409379507527 0.002017129049145255 0.07858864934335447 0.046959499156761626 0.010551508135931807 0.08479481043488192 0.1049145351559099 0.023340987964002875 0.0741856329509337 0.09607703029256377 0.024729837285334958 0.03268206451339557 0.004620465404596481 0.071019189618215 0.031996578266140586
50 0.04453635138032588 0.016426654853486825 0.03900758171230459 0.09038303270612796 0.11043125033601181 0.008300632881786636 0.006615141117095386 0.035416170488488545 0.08518306898801185 0.060657758051674684 0.04357230744201913 0.026237150133688884 0.04551089152784738 0.09028023586818001 0.1102944213358903 0.01942145684975532 0.042113301729754304 0.07344174529981697 0.033335126845857786 0.018835720451875683
51 0.05289111629718715 0.048893003855293674 0.08516531214034928 0.07630466719330599 0.0841648250101078 0.01663621257695933 0.06141970439283568 0.07446457162121027 0.01675939200660404 0.03412187197356701 0.08439312486949332 0.005553584539517612 0.06609038624363488 0.009065419418669542 0.09792121507802484 0.01651250822148137 0.04235708254681933 0.03434984904360033 0.08768327341759559 0.0052528795537432164
52 0.07843037349175694 0.08201117914466798 0.08293775769940942 0.02513416306434176 0.03824224881685752 0.06812664165433413 0.046223416722967585 0.03658540053309011 0.042630166139593674 0.09439319303787418 0.07071112673521883 0.08756094055481153 0.019325125663523166 0.022275951779183532 0.048315609855017094 0.025881811360189626 0.04437107311068737 0.04925566455786476 0.029146245662372953 0.0084419104162377
53 0.023017859025350307 0.08221501514001472 0.054173820525839474 0.024224570219894912 0.010456007740605299 0.08922075555251946 0.01540797507435681 0.048606676654406177 0.09265615107394093 0.07086849075417957 0.04397317893182948 0.10048611373777523 0.06674631636540647 0.018625722896467113 0.020769176190484472 0.043622675612022224 0.043868456314064705 0.04160041218551816 0.04024012011788689 0.06922050588743774
54 0.011119386086505536 0.04344061323887468 0.05877748820651618 0.05730883256948465 0.0571454950181831 0.08958685021524529 0.05440607555747423 0.0932072367999954 0.07108306401244009 0.028831473745641864 0.05261207955757594 0.008700961061770604 0.029501640271939474 0.05046625315964811 0.06279381028734156 0.07549453162351544 0.09613207475425929 0.009475083322386136 0.03594267487414464 0.013974375637057715
55 0.01815650321629063 0.07431632524467882 0.02145587547222006 0.02362932085837225 0.07223376379566292 0.06130048424519755 0.06429597951321447 0.08429705951406044 0.06354089686739901 0.05555895869245146 0.002508914417946811 0.06688238451571986 0.07134221281475453 0.0627715682035255 0.07725047991128411 0.03427698388130951 0.026527572833080215 0.012182780419676112 0.024313698759291045 0.0831582368238647
56 0.017507658657874865 0.03137529074180988 0.09191746850684467 0.06788263660311522 0.04041834160304825 0.05596529838676811 0.03891016253074546 0.03537131367015826 0.011635802692349342 0.028438857169127963 0.09292546427598408 0.012425124455724159 0.022888834747244558 0.04074908620194365 0.08876260087604615 0.031554665499926166 0.06599827365263551 0.06515701986845855 0.09993910526672335 0.060176994593471964
57 0.03226902256669123 0.04796128239413743 0.05881444134567151 0.026061316311734785 0.058149871471721126 0.007937869811107638 0.068555550968619 0.052287143267913824 0.05094681514651674 0.016683576178572263 0.059827734734747035 0.08325146518689706 0.08693227540716926 0.03180632578241154 0.03863029675198201 0.057627108843239114 0.03232927378201317 0.08529084447697231 0.06052034487364613 0.04411744069823689
58 0.033647647095922266 0.08064794215635976 0.06991717838729797 0.0516196508011574 0.04043766517882619 0.06756096933063321 0.0310300403193863 0.0004772844214004215 0.039037745024649184 0.03943122803970196 0.022056576324190582 0.007335547679306707 0.09309808586330724 0.04356830344001162 0.08050416233913378 0.0696614139697552 0.09509505819313019 0.019974701293839325 0.03340215541516791 0.08149664472682272
59 0.015583905609453193 0.04938456845963602 0.05694012775952823 0.05848223503826409 0.057060957857793526 0.07537090606198875 0.02020073796935963 0.037497803585978096 0.000978913965250951 0.05757091768622088 0.019329735810147252 0.07153486703587154 0.07882260722342717 0.0780765010668899 0.05076657210224079 0.04812181676372204 0.04207617067299847 0.08581045201583368 0.04714406384241188 0.04924613947298407
60 0.036617350424991056 0.01085084098347328 0.027504392786257117 0.030497955537700787 0.018937934121654027 0.03355066894427247 0.0602272050064785 0.07278420058526598 0.056131145352650284 0.1238919926847635 0.02398007995580323 0.03443408601740277 0.010254398424523746 0.06890855303455867 0.0074724948633701225 0.04830722495841458 0.1272536096153095 0.13864912817421066 0.056810040010749185 0.012936698518150552
61 0.0754409544525699 0.04772708979658054 0.009968322074363337 0.03319056244054863 0.0630809076258939 0.04031589221004703 0.04953307684822767 0.0666052691988221 0.017048166550684193 0.06448563993441782 0.05638139998879668 0.04465222440347844 0.06212096800594011 0.024292427066044082 0.058837367357032606 0.06740443188468796 0.06292445446629832 0.01858128723534701 0.06474995264421275 0.07265960581600703
62 0.03530121173252469 0.07848622796272856 0.029124650310248593 0.04600639320883808 0.002446612569316145 0.05040538316051662 0.08152285719038824 0.05387352364222827 0.020408957320376217 0.06869405459698723 0.02040009309679599 0.04344986522568656 0.056057329377000115 0.0703385540579467 0.05253581524718247 0.07452099044918627 0.06249155325398442 0.032245682236997635 0.0457646939939185 0.07592555136714872
63 0.06016630218571392 0.006106412450085414 0.09773384825838673 0.04968610009309265 0.007258897733745744 0.04793183632078201 0.025023405470923753 0.09076562272761954 0.07808871699643408 0.07604670983638091 0.028712051430070263 0.05717853683361195 0.07805738937561163 0.013946378548204226 0.09044332034291987 0.020038719743432364 0.029721032960623704 0.055793148740886374 0.0005880387135014471 0.08671353123797348
64 0.033684654848702096 0.06491038235622354 0.059208632864815466 0.02718238859817848 0.04768019340939547 0.07450088840202834 0.05496682591202189 0.02222471409660903 0.0837950353167593 0.054109402134566546 0.07446905190386839 0.06292146283874085 0.0508186781266368 0.009359976140620811 0.047526581742689256 0.05611466103936482 0.08727338138116715 0.06166801801300913 0.022577612081930452 0.00500745879267225
65 0.07106619757391676 0.0682438318897767 0.023374115781783084 0.03132952307963608 0.0617293488447462 0.053616038945819545 0.025488714329949102 0.012122792497091639 0.06176371093549961 0.05258114997047071 0.06091355667729747 0.06639434667844678 0.07257197051092812 0.05608774406633382 0.07857606705844593 0.023049540919363478 0.005534741846886232 0.05632264208926674 0.0496808491584454 0.06955311714589658
66 0.0618951722529411 0.0775784035944859 0.03251036359067825 0.04544931499719608 0.015580908764178827 0.008185746305289326 0.114584960433265 0.014088355460174791 0.035003840051001184 0.043503409043620364 0.06756193115323941 0.079488152468652 0.11264689370705508 0.0316079897626349 0.028589780942921084 0.0018841374497474764 0.030807319506205324 0.0937566145371743 0.0005456520783490415 0.1047310539011905
67 0.060616910387369036 0.037592318564818684 0.0019403903780356633 0.04914544476675394 0.09051726030592339 0.049648725073957935 0.1068705024325652 0.08345762004285265 0.07119621840361895 0.008328449599634465 0.002724877921108102 0.000438065189761221 0.03932192092593088 0.10084701988615564 0.10190365421104884 0.04034108997388531 0.007869509327383534 0.09086222744596832 0.006682824214478352 0.049694970948749764
68 0.053200111359973906 0.09891720352222982 0.012302786901248898 0.025244813462640094 0.0017691582981115843 0.0634451178104118 0.08998991268581882 0.011962158640198594 0.002543351932762744 0.09073369219169458 0.043331359326916716 0.07448631617273237 0.040447113813991686 0.05746148266441969 0.016402124205285168 0.059448607022016826 0.10173337740472227 0.09161686876016108 0.04604118501667431 0.018923258807989018
69 0.013671708358547396 0.04389406662022639 0.03129246448537636 0.09015813808159052 0.09751742810510408 0.00775562472495506 0.03116863229543135 0.07679819933863025 0.03398883685608374 0.04390942677757135 0.07995543592370653 0.07623081234701759 0.02182673679504234 0.050643252498294614 0.05148346171240531 0.056279257914981506 0.017980869450502555 0.0988328312854901 0.002039109911929759 0.07457370651711333
70 0.08907847519099457 0.06561085304178035 0.04253352978806602 0.006496675604021615 0.06640419234709277 0.048642790621797716 0.0653707286319365 0.05904696283039853 0.062147634725308286 0.03692179876757595 0.00958789016597124 0.01644418182961072 0.06565680185167794 0.007822246388391284 0.08515912012231416 0.07423943181129301 0.02822985783153753 0.04818674640371338 0.05865821823557739 0.06376186381094104
71 0.010119456460329464 0.05769039721899446 0.07019940449813736 0.0761021727054469 0.07857850594918396 0.06563673142581608 0.037458253622487524 0.05350602109181158 0.03978071530254475 0.08093074640896443 0.059530209763978915 0.02687121746109818 0.01866027157943626 0.05626172442254535 0.030074825938964853 0.07425429504312146 0.06348426941307357 0.05882105857973266 0.02405683609067681 0.017982887023655504
72 0.024052558486107597 0.03857724693554449 0.004259470960890282 0.021076915512037105 0.06932108104190247 0.015856185966953564 0.08759684261768418 0.016524044186000248 0.00918777191494368 0.029616589504880636 0.04759560516409402 0.04325905580283068 0.10699568022743063 0.09870663485667426 0.09984758579135693 0.021933043089687868 0.08247242915416296 0.09884882204297189 0.05703330977847791 0.027239126965368538
73 0.02361179808609445 0.05792886526178035 0.05952125667562286 0.08132366139836465 0.003791272801583175 0.09081462078876251 0.07509435013062855 0.016186888827917384 0.016769621136832134 0.04814923179067641 0.06582110402097546 0.024437422622452867 0.0925976680751101 0.023687011854116712 0.011287205637373055 0.088174324119202 0.03409474999899631 0.08085669496293639 0.07559640166600451 0.03025585014457012
74 0.08051509591100726 0.12078492349985133 0.03304009272414637 0.0676234974766662 0.06584064506955024 0.0982343213132533 0.03648007913249751 0.04182273020062476 0.02372275212946313 0.09247767244766333 0.03831401541149116 0.04883080201273322 0.02945327617210908 0.03166170068963597 0.03761573115204371 0.04083238276124293 0.03908008723335508 0.0310177301016777 0.01856126297146657 0.024091201589520925
75 0.06486147115147242 0.04415087708051275 0.07650973278270222 0.08542620513639354 0.049483543576420375 0.09221957720809466 0.08843912397680417 0.07689566441798913 0.0746301598844199 0.02155552024500876 0.04479058584732241 0.029341982220722936 0.005142445041774053 0.053977800753778116 0.017621196018895155 0.028718772541371156 0.01818959010864626 0.04545181986836509 0.03627012950160028 0.046323802637706725
76 0.04622269176407012 0.0008829022867828339 0.08265016149830189 0.07985904198648984 0.04471412014306542 0.06778827378710811 0.08413677486238409 0.08300318438009932 0.018206688696299888 0.04934259847081283 0.07392790660704278 0.05187007397422208 0.04961945247850011 0.032540286943514136 0.07609260778949545 0.03978198732386338 0.022762407614898214 0.03675330475800466 0.001674845347516513 0.05817068928752846
77 0.04783830983703887 0.053614773972385815 0.0737942390615032 0.0812809521955003 0.03767234598246898 0.027274354566675988 0.04763191002825874 0.017493902481860266 0.07620683500033354 0.08004158450949764 0.08528386271997149 0.06432737267991523 0.0016006629460103945 0.030722479559500276 0.018583184745443543 0.03401481474444936 0.08719342180314466 0.08244313299773424 0.02211699156058042 0.030864868607726977
78 0.07453323307418935 0.029111556469945173 0.06300121330730138 0.06689978993155027 0.0733837768723108 0.0642282750806659 0.003738856077810541 0.0632716140553348 0.056477822474266366 0.06734479109910323 0.028151775865912727 0.013526251387283273 0.07037269582952428 0.05570140691490233 0.07123116379313921 0.07408920308802569 0.028055054948918454 0.034569896290964554 0.057663738205699124 0.004647885233152553
79 0.07666298182702913 0.07642281570676153 0.05881904235585224 0.08762891144349719 0.0029299610779057184 0.049436470672664365 0.022864605058349034 0.0269395600251163 0.07241527297282688 0.05406227976982291 0.08405274654877089 0.06808029795917055 0.010232651049562485 0.07446442642492687 0.05311254595279331 0.05020672781215202 0.029224228289268437 0.08193732979593982 0.004865832840890306 0.015641312416700134
80 0.07382645606631068 0.07648047433537136 0.014959435147438272 0.0689756154930966 0.022433059083964292 0.033338136949705194 0.026854991994017644 0.01867288261511656 0.04035770723110332 0.06100178167564496 0.06348195416025357 0.061203974442346175 0.031600205947869386 0.04290383598216757 0.057950430934552134 0.07348438670439535 0.07326497035068467 0.047499634151323494 0.06847648964995326 0.043233577084685545
81 0.017317022277206398 0.05172231946903988 0.08780778967150966 0.06154908595837011 0.019827477992133594 0.032717565438185305 0.08887278377436525 0.06584418167993515 0.09237071024782884 0.001479433594335472 0.03456207793421444 0.07392527965977067 0.0026009714979449714 0.06484569509526318 0.03812719365489219 0.06192730690314977 0.046666244391800685 0.02254913902535186 0.082491145787729 0.052796575946973685
82 0.05861355302581662 0.042600756189864294 0.06781837906650676 0.08265545216592503 0.05967434247607076 0.07766286859924139 0.05394066109881858 0.0341852593465164 0.038592259719093434 0.011053201130735418 0.03060257639694404 0.03132954855892 0.05710210006623745 0.07483364507023331 0.08094791184136205 0.029909622275577762 0.006518797257827723 0.01824693713619353 0.06158153244853734 0.08213059612957804
83 0.00304665242714445 0.020088657469724616 0.0038278366158578225 0.024275799138345665 0.009762465489131785 0.04316181659358296 0.07667474756215105 0.04051681728122597 0.08500386351379036 0.04505134922209237 0.09192872652049185 0.007155481268154133 0.09778936328473815 0.08987439508095363 0.08786746071361988 0.062081606952022875 0.041713226262619314 0.06762528607520706 0.06576850966728452 0.036785938861861434
84 0.0008617714897026665 0.10371099426554672 0.005383438616899044 0.10225671007066052 0.02462306536897464 0.10679772194426672 0.024804110267793694 0.10780710040558271 0.06864145152006942 0.030114928553864117 0.011775606927317356 0.0153936787009312 0.08334315713329617 0.04335169666967278 0.041830254174947575 0.008054640454264288 0.10346969657304914 0.03779097526054111 0.036745714101037 0.04324328750158333
85 0.06312446257092365 0.06368379783940187 0.05931725201965982 0.04653885494704717 0.04382856281461334 0.0749718219491542 0.043387758085043124 0.05117589647484642 0.06569351551905217 0.06469009742860721 0.016745931460470247 0.06148525258228772 0.043942777791170985 0.048553507671558915 0.04338079108569465 0.013085015665443964 0.07435650902776826 0.03092350937843444 0.022540652010105213 0.06857403367871666
86 0.04590963869852292 0.07579579333377212 0.001972433184504551 0.08438171200467849 0.03445390234806935 0.07922953971790081 0.04070784818079866 0.04755301873297181 0.08674954142579852 0.0690196652356279 0.05419900630805766 0.003933929010966399 0.05847864204917278 0.07404696626752126 0.06338040042077771 0.008218638366958013 0.04710614323698366 0.053193324655423584 0.04174237643655587 0.029927480384938216
87 0.04382993466444327 0.05654279255208876 0.04261782895560646 0.07456306378319699 0.06565610166478716 0.07819029358930234 0.05738949923681887 0.09352122000250306 0.008940537550832699 0.035902093459905526 0.057252821940584564 0.06152276580582019 0.008573749411102281 0.09237456097003001 0.06860702394071627 0.0702393142220359 0.01186025450455601 0.026504219207087613 0.020150748772608397 0.025761175765973705
88 0.0028738606643874966 0.04749087423030569 0.05072779813822903 0.0005681328912464415 0.018261423043300428 0.04096900019508422 0.051996431491032724 0.105380491967789 0.05819880602497207 0.058869921808505324 0.015423171237086334 0.003494332118022408 0.12040517290775342 0.12618784847737538 0.09825446094786798 0.03716910280133939 0.044430983785401924 0.021794682441765453 0.07165100836131394 0.02585249646722156
89 0.05000580660301661 0.04307936069284472 0.05161267073650479 0.11490829319145773 0.08484243916322441 0.09840482517865287 0.005678732306300436 0.0028729793177808337 0.051758444073392 0.0802645976906156 0.018208406667064407 0.08882839140844707 0.03947401405479052 0.09065041868049604 0.03966218392088325 0.020759665705708127 0.013648534683956435 0.0031535594060032586 0.039008607361499484 0.06317806915736157
90 0.029207841265815427 0.06610160190891678 0.011773380501726249 0.027724167311304837 0.08146538320779072 0.03703251566652092 0.03633734427229895 0.06565013919917544 0.0516511413590972 0.07370114396423873 0.07967054679676691 0.03398453048786128 0.07103962658411642 0.06208614567546862 0.03818420378731649 0.026277686106098604 0.07250084412021131 0.010911028814939086 0.06615667685381894 0.05854405211651707
91 0.07553315007510777 0.08352137380249872 0.04170695118413993 0.004857262020600523 0.05218839439079432 0.046964762771484814 0.0315232329534265 0.056186843081439335 0.046117818803534896 0.0645212486527482 0.04887386875877141 0.025585552991131966 0.06258461053201475 0.07335481729574897 0.006665069137698159 0.054547486867158934 0.053190770143260874 0.058564565084523325 0.08469761618465775 0.02881460526925894
92 0.10652170543638001 0.04033242074737146 0.04454260929887842 0.06280975202141961 0.09964649265493136 0.010483054767032297 0.017083439080175157 0.08097593651784095 0.0604943509161077 0.01754267427530325 0.007947123504775928 0.024434476854990478 0.009420840117093146 0.04472135313417512 0.05757054703001527 0.023519533871571435 0.036675235922875984 0.08837678919550329 0.09867654696629483 0.06822511768726422
93 0.060993117033223056 0.01817506027019804 0.10986968906547176 0.04169900755443716 0.08137396657091624 0.006535054019383713 0.04959098083800969 0.042706251697716295 0.02516411198626066 0.03164865272500319 0.10983617398129164 0.038532582883943414 0.019840682406440956 0.02948939052457956 0.10109186276456567 0.042041464327976015 0.0675048530947619 0.10965580945904987 0.008550881590527682 0.005700407206243485
94 0.08796662628356454 0.003965344527543557 0.059648861449319586 0.06743742963000718 0.006879147244618763 0.08745102210751227 0.020736538046469372 0.10382107170103339 0.02055282869679793 0.05001508094452804 0.0044541616675470505 0.07391945504508243 0.040619738565272435 0.07860530809639703 0.07073514752397189 0.04662120026715378 0.07237366789617275 0.08603575429444361 0.0042224829087950675 0.013939133103769341
95 0.0757695308294865 0.06899607527098085 0.07019700263080979 0.036383942691360714 0.07459350995689984 0.054736574725340645 0.031623694885000955 0.02301726350811228 0.029456099984473124 0.06217807791041017 0.0398576003477222 0.06581878249446518 0.049475835413784794 0.028779516704961323 0.05076823202504858 0.054809565434591145 0.035980727108114716 0.06777012181281951 0.06426389956012336 0.015523946705494347
96 0.04025849725629876 0.06700499867257922 0.09205015974388706 0.018393434446594106 0.005588754514891786 0.07958869578682558 0.08352710797911245 0.07066015667550536 0.02591826245827983 0.03398323713326057 0.0424072394672492 0.06556491839890324 0.03162052246060217 0.008370710090584271 0.09202819773492132 0.06450547925479533 0.019886780408222112 0.024462424201039362 0.04297510491731784 0.09120531839913058
