0 0.08298363661714747 0.07161042832216394 0.0532195404779203 0.04831554677898882 0.008165757840883978 0.07479232213318168 0.010942352254124458 0.027514671820978807 0.05479747577498097 0.033436742113835606 0.0028577740392160588 0.03951506917081324 0.07100124340720498 0.07620401627232042 0.05406822073939264 0.07501015078156696 0.0695992857726536 0.07336453038484313 0.035664944078642166 0.03693629121914081
1 0.07504179104927568 0.01665221857484514 0.07039153212754656 0.06856385438992214 0.021027904381350094 0.07068519831421806 0.062007053280275365 0.001757835360403943 0.05959828131933506 0.062390821748500976 0.057295909287911395 0.06354729625511236 0.062164609726988986 0.020959938136220334 0.07553919805479933 0.03796840838126207 0.06454837622114737 0.06592944686375929 0.0011695906666432956 0.042760735860482436
2 0.08725164017858844 0.009693636148414455 0.08650770255629155 0.023468718899241063 0.07868152741467194 0.10463686950800417 0.054876061035702035 0.0357306812371091 0.010494343472078423 0.03758089440012316 0.09817729805556101 0.03335678219574239 0.011811196366977519 0.028564416518055528 0.0494828270513912 0.016817080665476377 0.10321701536842938 0.01465106392809712 0.030626042935524813 0.0843742020645202
3 0.06818308390304754 0.059088330210844725 0.07594036664052442 0.016929487890697818 0.05444717195046017 0.08074842865195297 0.0838999318568403 0.007493299363292986 0.020864376828291755 0.05108032728234711 0.06312449706252445 0.08466491819112845 0.06532024024264496 0.0056492540247636384 0.03908287219336348 0.02693287472368016 0.004417679440721533 0.06607089820539926 0.08149430871522301 0.04456765262225137
4 0.06913998257964238 0.03912013262025539 0.027908054447754817 0.04232276752849615 0.07122721227815026 0.013699498502029664 0.052660865140832146 0.09316720682021981 0.08516789924067504 0.03545744827033643 0.006465988757713614 0.09745295801066745 0.07952249307162725 0.03858569364460637 0.09349251497834063 0.010557853838318275 0.0023506333412573457 0.08071392012948052 0.037234388811269205 0.02375248798832746
5 0.052540063676852024 0.0008542924797342079 0.07729228036661148 0.03838449804913856 0.044254990870050664 0.062111196658122404 0.03804912954226109 0.023384050608411495 0.0797666171896807 0.07489165171982652 0.04868402767870836 0.06738885198269563 0.0380582033544184 0.05117139235970522 0.09134632355849308 0.021706296944147246 0.06214212119674677 0.038036979646140986 0.008700224698643342 0.0812368074196116
6 0.021919998229426276 0.09201804043178516 0.014555524097201587 0.02601044314913198 0.0837520697194367 0.08985291353131125 0.02951621536920966 0.009770198511808045 0.018659795645017678 0.06180661038404151 0.0490867936972899 0.055179168379629356 0.05800680697714186 0.09148143369892682 0.08513461869052505 0.019910887201294115 0.0650554199921722 0.07501356758026051 0.002089383953603164 0.05118011076078701
7 0.0900492385189669 0.08985624622153596 0.0751937053231255 0.05732845752120066 0.083862894480866 0.08543999449471294 0.014667065844890978 0.009217379981630983 0.024339418143440362 0.06553641063475683 0.024318961583515313 0.02587390118850991 0.018095428276810353 0.0345597646675737 0.027172841053450438 0.08545790687746904 0.062108425450849145 0.030074564962579067 0.02810024972065015 0.06874714505346584
8 0.034113367498736315 0.0030397431407585885 0.045045056486457236 0.08720454664640123 0.025554276894792637 0.029184956426213254 0.017778886571998574 0.06747335606041477 0.010819136182573729 0.051321657528125696 0.030691772893835782 0.07899613482456792 0.03467518147329213 0.10572170122403948 0.1013473067859697 0.001940243884765783 0.05118771817404913 0.05296359527204964 0.08893284500887579 0.0820085170220826
9 0.028046001492172293 0.017006450072726876 0.08827249127018887 0.039407145428731874 0.06227876844510331 0.08592668409456436 0.017025034704633946 0.06812376024624506 0.08923831003503192 0.054267596482764184 0.018770904783318908 0.05475237756842885 0.016307512494533556 0.07402292418194319 0.009566389607171983 0.06807771995371963 0.02543346664516056 0.08045346432180278 0.0839664384117447 0.019056559760013244
10 0.049825679676786874 0.025420446090847718 0.017787025245741498 0.009859560536125812 0.08259469345948822 0.00017422203147385233 0.014315075025792377 0.08881715172809905 0.08358317041877765 0.04574403213680376 0.042280229974444986 0.05155967959246572 0.04308769324726793 0.09915144926588033 0.09371572856360338 0.03322744737769058 0.08368437713222103 0.04773538701037113 0.048832923064117816 0.03860402842200047
11 0.045255113930179176 0.02809420138628689 0.05431929648026946 0.051810762771793896 0.06769170065828384 0.042336741832051564 0.04527342678884348 0.0810744734811925 0.018108526666702197 0.08256397005513014 0.054296972886042495 0.05832279713092543 0.01726385352910824 0.06292231103803264 0.08054130416833266 0.02763914882421496 0.04069864004292942 0.02109796011149167 0.07028779410396056 0.050401004114228716
12 0.03606449370679934 0.06782630530700366 0.08807278010684777 0.08262136728682926 0.04226784087091198 0.08835232465498805 0.08954345942874692 0.0054885613766815795 0.048381915546056746 0.0040316736664814225 0.002179613580695953 0.0008691404845491927 0.038518399826247635 0.018231656632163615 0.04187297997117985 0.09317533767899647 0.09560647127083068 0.049333545460007976 0.08087247668826822 0.026689656455713865
13 0.08249468589696614 0.06838894197401273 0.06919914240858023 0.05612509933189407 0.03190098558257969 0.012195961882128547 0.09801344163121006 0.01702406397373506 0.02680067516130938 0.016959061630358256 0.03281875120734055 0.01227760117152686 0.05977149711521394 0.07129998216546786 0.041641481767967184 0.09357169138571174 0.04388097252908772 0.06779736249288246 0.04032755331098927 0.05751104738103837
14 0.06461807151537852 0.01881597547628337 0.03436214931253629 0.04989872658374403 0.08870670115307629 0.08466013951884029 0.03316346971188155 0.020653094388784394 0.05214286681129748 0.0897468358193536 0.06696307806136952 0.0038530127852041147 0.059358208673385336 0.08720517487214383 0.10997401352753339 0.010376924802094335 0.023315653675948216 0.08560480932535625 0.0043069371446278915 0.01227415684116137
15 0.08242661016028954 0.012508467161269562 0.054611648163136295 0.011308819872893743 0.03870122296923409 0.008869391507673905 0.00025095573693560864 0.014093408694388172 0.027660609576374888 0.02483552959593736 0.03668607513702532 0.07692382434759686 0.09121485746955464 0.06670790518380088 0.10117654370807892 0.08006630260051327 0.045549321403587244 0.08696440221080601 0.06502324780659477 0.07442085669430888
16 0.013841024636303425 0.036985735979458145 0.058090568040943376 0.07943155596498074 0.07033826458679267 0.04944550177749571 0.049720253910858644 0.056651410476120836 0.04951896498334397 0.06447025880565112 0.0485591198309579 0.07501832988085383 0.08440702810651168 0.03830764349747372 0.04278699777704476 0.02900367529976697 0.02791850026835603 0.02679713543246252 0.07498110860316569 0.023726922141458467
17 0.08784049260505676 0.0023141594819091112 0.07665405360513565 0.07236238277089732 0.08220827370541145 0.06582067145237615 0.012003727038639282 0.001869929768616793 0.08492643925859616 0.058372400851947635 0.016563624179527333 0.03947135587110165 0.03292011295747399 0.012940360588839163 0.07803056929417292 0.06924401524363272 0.05584425182276666 0.07239535097095545 0.04809089953252116 0.030126929000422617
18 0.03566687880835459 0.03873281415886671 0.07745985755643325 0.022104282879228405 0.05412665653313278 0.06965283085455178 0.0582184378712889 0.010938236720475312 0.05807990443063083 0.012271254687262964 0.06075647083427325 0.07185415122188915 0.07797395319569429 0.05550012956687278 0.05553576460156748 0.0739678329989014 0.0006586461616444085 0.017241830971796865 0.07822686318082817 0.07103320276630679
19 0.029072134741294796 0.023117973473451847 0.07276695311683307 0.0643801015747003 0.006931444615932423 0.05023816975341873 0.06683813587896915 0.0793804519555247 0.04859976987095286 0.05612900314553789 0.01336373730559591 0.07139728915227317 0.08135712963753917 0.06536127650886868 0.018948235550851858 0.03664763276206256 0.028575159777434588 0.05883911622835394 0.04185573482697895 0.08620055012342549
20 0.0424680858856957 0.06555497182874347 0.05669576745598047 0.030046270852598464 0.030691423575262153 0.1266723562110138 0.01342236576724218 0.03816853926387479 0.031702993642564535 0.01929034467492316 0.009930880802242019 0.03402050878262991 0.014252788358201351 0.06251193458709119 0.07831068509043677 0.13260150919172578 0.036691938202021754 0.002397952486993458 0.08553396750346955 0.08903471583728956
21 0.03216293803027954 0.013178500072044822 0.04690128631593392 0.12105719273610763 0.09877966323863792 0.021591359714940778 0.006968249593489952 0.053820393016250974 0.06048526811113074 0.0831218304890521 0.022163593486974862 0.05584639201325821 0.015701834751208024 0.025916874247598302 0.07291709816157477 0.11097109892897776 0.012590563070646465 0.03818796740366897 0.07171109979695803 0.035926796821266115
22 0.04932213751496903 0.01331243407237345 0.03992251186792908 0.07655409379435685 0.05393223740910355 0.0604233061329269 0.08433166712569817 0.04419918653873209 0.0459689940866937 0.02083418618166625 0.06227632044340043 0.08795479497945183 0.06348349010741242 0.05105789245243171 0.05712954523028862 0.0022999491545898252 0.05036324056479618 0.06814561095046705 0.017866093706383937 0.05062230768632881
23 0.03712002000077468 0.08404887221799735 0.08544474452558062 0.022974107701075483 0.05649698793868114 0.05751343332855189 0.06439163716557751 0.007536079944321317 0.026303248331880736 0.08149408564593237 0.03745083506717447 0.030774779091529637 0.043171782618923786 0.018684138776967556 0.05290473154149858 0.08153668418893487 0.0492667664710373 0.03309906359029538 0.0546974912254444 0.07509051062782096
24 0.015770872020074263 0.05393999897934444 0.040411238007769135 0.03885712902464234 0.07864970020239831 0.0833660577942935 0.084967258836823 0.02936744683113779 0.038769437788647214 0.0471870976523729 0.04105461428257163 0.04977886245917439 0.06529889386179016 0.07780095953132883 0.03196236263541126 0.0037620764204227075 0.02053169623415484 0.034127646247130106 0.08805133135065558 0.0763453198398576
25 0.03231973199501992 0.036033769978374944 0.005278287054668251 0.07164011756891772 0.09407610102514066 0.09422005733822895 0.04876164549430886 0.09397318285483415 0.023973864052929703 0.045944775240417915 0.029185050492467026 0.011746881227820034 0.031217293374045215 0.003033092553885028 0.03103505179260986 0.08962247500108829 0.07717530521864514 0.058268586764483356 0.027463102719220204 0.09503162825289464
26 0.0037929229297020794 0.04896496452667102 0.05915652739206463 0.03954689410535792 0.03890952863719343 0.013886653497396496 0.10585383522659972 0.018074617707744968 0.019348162847088728 0.0011636734058062164 0.08623001883770667 0.011902597673965898 0.045543095995281176 0.07493686687440404 0.09675898503818417 0.08605037844503596 0.043947539441953426 0.04503098844763145 0.09656450624074245 0.06433724272946956
27 0.050053804255107776 0.057260405223804524 0.016200654377886578 0.06251889803608686 0.01926050387938374 0.045168865697811277 0.014993490567907226 0.0797155360317457 0.08794594797515437 0.07305863201809071 0.05382011171520058 0.08523108955456095 0.038583765979320304 0.0008296727227101159 0.043188926784916835 0.051009921270960566 0.023031188932497806 0.08499553083674391 0.08133229349980318 0.03180076064030675
28 0.05279158891229376 0.0256819458602977 0.02676589620054157 0.056087444469620266 0.10911836863700021 0.07322785716524964 0.05328993241407823 0.07891140500457576 0.0043969116043361765 0.0678870153990063 0.008529702660002136 0.07391946156049255 0.014458794709932403 0.015818739289977308 0.03764349462049633 0.08685933089696359 0.0577228780683586 0.0724096968299434 0.007222589880462732 0.07725694581637133
29 0.054965950207226597 0.008007053771892134 0.08136598022042477 0.01138067567539316 0.059391523243474416 0.0869297327579873 0.03256343296721512 0.06841137398013682 0.08125313791318638 0.025085586606149964 0.025041912427956378 0.0065961389782759625 0.0664139674679324 0.03296238391486763 0.08519126709382317 0.06521259909293187 0.029344882462158477 0.04935276868613441 0.05105552237116666 0.0794741101616664
30 0.060973126998632436 0.0713545371689294 0.04860536922353361 0.09423303790953903 0.06622433780410178 0.03605702223862003 0.04199258868771788 0.08908866302035832 0.05673067699326044 0.012699208076985966 0.07393285078933187 0.003962490381542456 0.06460500212080815 0.004840374479140326 0.04701408868046974 0.08814337973081522 0.04968914675263395 0.02033738625860689 0.0038903570050763847 0.06562635567989625
31 0.023934017192928068 0.062482193534779115 0.08690073598960202 0.009896449645621218 0.026695704950611514 0.046015454103319677 0.004286017074323079 0.07952481475481413 0.09209395645303056 0.08280056706677685 0.09525032393766591 0.040455399023677605 0.06332632570991005 0.10279121548571278 0.030523866030214404 0.03842860661133527 0.02204128826744898 0.03197154659443422 0.03600724155096526 0.024574276022829324
32 0.008826364109944938 0.06224043513677206 0.0012915503500727538 0.04042685004344064 0.022246076456826133 0.08799134546488292 0.0400317805909077 0.07096212074943432 0.0032358415680678477 0.02880068605205966 0.058921611527614666 0.012812798777950989 0.08330083235287802 0.058724305060284664 0.08170091101256308 0.06616329333122177 0.08506246375682348 0.06912481729936784 0.08844849603843911 0.029687420320447445
33 0.08812402923184075 0.048571501273235854 0.11290401296956998 0.08926111933630218 0.05269326269958601 0.06543102404897598 0.005776738099953096 0.002037789605669119 0.08139908009768117 0.02880678391064367 0.12052346881614542 0.053719210305182875 0.04414172095710223 0.11018425656288584 0.0031861435060089064 0.012404131512513813 0.005790528698708546 0.0185346692686851 0.034803045398052034 0.021707483701257548
34 0.052098056853593 0.08648648352085461 0.08222399450777412 0.0435226036594417 0.06520473416842433 0.053306779577229915 0.06989181897099615 0.0016723142205778922 0.08437786958768095 0.002633397890324424 0.04214858244349273 0.10033902752835085 0.008510977745387243 0.020318524776538116 0.04184835654381653 0.0579161760065087 0.0633303819941421 0.06675531363873041 0.03307187248005822 0.02434273388607799
35 0.0535589642491735 0.08172788140529609 0.03774709451333818 0.03372533651838112 0.04816578719468959 0.062344287434659626 0.07541632912687865 0.049019793146674456 0.026426621633674985 0.05520130533477029 0.039020108463423415 0.07742454883264717 0.024727991720613927 0.06370889682202406 0.012673424296862367 0.05965356889666095 0.054896100375826644 0.0734290144415739 0.01927269273437461 0.05186025285845631
36 0.015625968887133076 0.01853876922101061 0.0798716792111415 0.06398667035706328 0.070257552978513 0.0760546386454953 0.06777238943200448 0.03644123993249165 0.05899185803149823 0.07061629712438378 0.004969795669207063 0.060566743366428914 0.04226511886422685 0.06437943464506372 0.03325800269298842 0.0537593891572774 0.06644308574161152 0.05736853576972726 0.029348981214216203 0.02948384905851772
37 0.045462022617575946 0.018110392447428778 0.07356421546536324 0.07808423180841942 0.026707278744599532 0.03774529895201855 0.03262070892551635 0.01890194507872889 0.033993354696151154 0.09413664711233763 0.008526123057292041 0.08464615312558829 0.03899045782671413 0.05769173067737325 0.05280031937308178 0.05823541706881585 0.09018501758071813 0.030969446339193372 0.10718164232861947 0.01144759677446437
38 0.034763418379810763 0.07261770124357389 0.022082387663000212 0.08957134926895206 0.0997127748443384 0.051684468728516376 0.07184104398236152 0.0653276732968081 0.07739243166344204 0.007614480472039023 0.03157275393093276 0.012684675404330865 0.06568631884505179 0.005435324802519747 0.09884017775846228 0.013544112367930213 0.023820629310067003 0.056395647140049035 0.06137131452396601 0.03804131637384805
39 0.02429329202991875 0.03058430982541294 0.022238860243755945 0.10127982262104929 0.019054414267620615 0.08955942457607194 0.08794634640667998 0.01693151927123 0.007649442446731179 0.033828306940547746 0.1007063421113592 0.04419264677838866 0.03602543286347972 0.059325433597736406 0.01232022213097485 0.05212991951089751 0.09576858502232988 0.10104948043430477 0.04941036784717518 0.015705831074335506
40 0.014344625301903656 0.06599068623447124 0.08484602354591363 0.06557547571106187 0.07921009623909687 0.08374973022856404 0.034540191195399146 0.04253319950218666 0.07129356135331676 0.02502143785083324 0.07266921859377401 0.04302044351799135 0.0006652124475383017 0.03248195125565712 0.05981794996808996 0.015602267109131889 0.05263379215189338 0.0352154981339657 0.07849619889783432 0.04229244076137659
41 0.07676761061381547 0.024896861777740528 0.04500251958830151 0.07095864170714491 0.09543459174751799 0.00981207940588574 0.0074848933216815515 0.03923556121621412 0.09704772379791826 0.03750720925038067 0.007740721776307066 0.10711969647235701 0.10845888927489408 0.030853210764973153 0.00011935058910110168 0.07687540852014824 0.10083429007227591 0.002576249901916531 0.016951148408515502 0.04432334179291068
42 0.005267992063509715 0.10163517961167842 0.09819653843050938 0.0013761734854712824 0.03354002455823159 0.05951443985231536 0.011229823115318432 0.004720161590732394 0.054382020773136766 0.07332552147564195 0.07839198994166655 0.014296794055780113 0.0686332841070578 0.08443799364443474 0.023325555735188942 0.032702766713246734 0.08386566600996483 0.09468598902443812 0.0036232408681896693 0.07284884494348724
43 0.04417400795510098 0.07518113298118864 0.0055949010674155855 0.09389884741220719 0.09538485862152475 0.10136598583599495 0.045163323703540696 0.09110021012696251 0.06643825779409986 0.07586119214666778 0.039257943380064206 0.05702759363139832 0.0345075930934456 0.006272864779174972 0.014258388271838902 0.01779120841267064 0.022350474515377 0.009672731930477742 0.0018592366961222577 0.1028392476447274
44 0.07442246927143187 0.046453357110322016 0.013998075512971827 0.11264988724263904 0.11460496309381188 0.0028968841930371576 0.04326256549788916 0.05341560534871738 0.06689433995422668 0.04220200874022519 0.05729093309591389 0.0479016340111734 0.013562715819142219 0.028915135415775815 0.11207497232390538 0.0293646471325029 0.02148940604437371 0.06212482834358734 0.051958651766815064 0.004516920081538138
45 0.050043206232173024 0.06770557854154857 0.0177082211945996 0.04377534052220941 0.07679489089529494 0.07435965681330944 0.04850473589797955 0.04457807252318379 0.051072491582383195 0.0008558094589053122 0.029704923480086017 0.07076270783433772 0.06504380619543061 0.040851797483798566 0.04302379633581464 0.04422508303405436 0.05788609949627849 0.07238072009851748 0.07627070673759163 0.024452355642503833
46 0.024776367402848012 0.06847015173975593 0.07653338656059792 0.01577561241334587 0.007170412637994351 0.0787018485089338 0.03186861138392785 0.07850668465320097 0.028960652552677043 0.03068160121500472 0.07595232599621411 0.0710899516129431 0.06461126858425421 0.07521550308580721 0.07433094140046775 0.03439171593643185 0.08024108547103628 0.0001989441394801037 0.03547286992630485 0.04705006477877401
47 0.04595626437585539 0.053460240781879304 0.060653780226926184 0.053576506414737726 0.07117118030865766 0.06586417836100794 0.013056915059223581 0.02173796522599722 0.060346400360058144 0.0755913869880074 0.02335687831366925 0.04452244596025514 0.07322562941056258 0.07345882874541308 0.044792598627685934 0.03046118950947677 0.06257512137328196 0.042303694691835265 0.016826248884662484 0.06706254638080711
48 0.002074991697547303 0.06840231610866476 0.0778351707772558 0.05494285259452595 0.0006606343022617784 0.025533767807119682 0.07327456564952199 0.0747760650340441 0.0172440094905629 0.02185956628339682 0.029523165093889272 0.07425572605260579 0.07258646986549058 0.06819032292203558 0.033203089635327435 0.05705948086532337 0.060106845523875 0.06477386645021414 0.0698694636638411 0.05382763018249667
49 0.07335666223793412 0.0811161489318448 0.06450723199360005 0.009496415416970527 0.09130314122029493 0.0042563855982191146 0.016882259128249973 0.012426572222475233 0.03810339152895654 0.0831936336369193 0.03522317200082632 0.00875913534653335 0.08019082854140515 0.09493350181019021 0.02126344070244104 0.057435468234070385 0.06447069049324398 0.04506013974256509 0.06753211151523865 0.05048966969802133
50 0.07287876461411273 0.07468901546303906 0.052864667322591284 0.06170018947652287 0.09375806258915471 0.03956983699991425 0.0931597216494404 0.059883104034629805 0.04002870612663348 0.06669915896110848 0.026254936583583976 2.5911427926561837e-05 0.05688542026386797 0.0015840121039512067 0.05078245988135482 0.1037590799521417 0.04292990113550712 0.032828295104282895 0.023441864350878278 0.006276891959358186
51 0.05966361525062591 0.06801998082560273 0.0652952707320068 0.07569423701770095 0.03680804391875605 0.011204220977645507 0.042118665264441066 0.027671895702849093 0.028879078277909143 0.024193326613418543 0.08462305718176169 0.03508777578230927 0.07203743249720243 0.05695901748073383 0.037964101361386234 0.049070693648481885 0.07321767278767556 0.022518101407414857 0.0470621400451746 0.08191167322690393
52 0.056474165854588254 0.07623267855649464 0.05565698390559733 0.003592295660309097 0.03527230952948388 0.07206093116968576 0.07654158290713872 0.03241130892996101 0.09919627965700281 0.08467092515601181 0.05061009038923872 0.02682014592975652 0.06369606730171436 0.05934606941303388 0.056430874473031585 0.04760019402697585 0.0029025013811864336 0.049115871145977485 0.003265881588904127 0.048102843023907806
53 0.05311377950995869 0.008244866149381198 0.06734988626611846 0.01918948118320792 0.048420015508796745 0.0924708859112146 0.0375680360194292 0.07391171630828208 0.04929655838768337 0.07612414886726719 0.0811769955946121 0.015411347796508828 0.007434362341148649 0.07550772277591049 0.05725586309086055 0.04539204153364501 0.08618929235519081 0.022815358494118275 0.07272608407213177 0.01040155783453428
54 0.002886741331446241 0.059412135462205216 0.03487573341936238 0.03346109251131519 0.034518255194499414 0.019777554961183757 0.019454404004646656 0.0402230244487258 0.027073831933416326 0.0631708689815123 0.08055019897281986 0.1144692879029944 0.09269333108717123 0.09631832078812795 0.09867303875892493 0.00015537122964015405 0.03011382783787792 0.032519922663077544 0.030109146846414338 0.08954391166463821
55 0.057498070120300886 0.0023671479203468335 0.06014370123923539 0.018829699098187616 0.06773747342459203 0.06122730524125192 0.01399859042682429 0.06457168345732295 0.06362870822390801 0.0544388905117841 0.024927573355238684 0.03725523826981688 0.07956331780005707 0.10819526858944102 0.04231190669497262 0.04780086052035076 0.08433779722317387 0.06279002589657433 0.010657270770281757 0.03771947121633876
56 0.02112794242602837 0.06007987840241361 0.08544224427260998 0.07574513113079788 0.02529543572510747 0.01019255895225603 0.02897171767807 0.0638868123086145 0.020444109022152455 0.055554436988476626 0.041209770947034305 0.08666662132987858 0.04465721096849926 0.07532943936121396 0.006105189395961622 0.06021043045893208 0.08418817588802713 0.06129650510783169 0.06775574426171856 0.025840645374375984
57 0.07623177017079892 0.09546917581580061 0.0679473973880334 0.07133067824723922 0.05959265371793661 0.032917187840896055 0.022747593039802637 0.03906489463099534 0.1003011599020673 0.06916512573284389 0.012302564397835083 0.07995437454137606 0.003346693117303164 0.049466225738018677 0.019018998369700526 0.09553444449703294 0.0014629638462580231 0.04025383317229425 0.014399439399835979 0.049492826433931096
58 0.09256807518224555 0.0976904689922343 0.06434747931694393 0.064570582438416 0.016233677707116475 0.08863505989441278 0.06868199619292567 0.04088432989996478 0.008002101590407986 0.011792330243284159 0.00609627844095626 0.035789558448940405 0.0340789653408524 0.08838102754146432 0.09017825384246375 0.02608802912948606 0.012745005813925825 0.06267189456548741 0.023151963597430478 0.06741292182104144
59 0.022135989179914273 0.08700964690436128 0.031128636971260105 0.046734749714710186 0.04950320081647832 0.07256310869179257 0.07826288310332803 0.03346819412884285 0.08451732153626394 0.034636289659131035 0.07181079947265565 0.032237889724623006 0.037757509882085066 0.000397275752282853 0.08209162306955521 0.035817451409708365 0.0715630282227321 0.025492466193506164 0.05081142647524845 0.052060509091520546
60 0.02023306920125876 0.09475637926230916 0.07834718041917761 0.03848337472243832 0.006244606971492557 0.06808173861557612 0.009941324408159338 0.026338800224175844 0.0836681850839646 0.08097656186960087 0.05790445561993413 0.06815637655747425 0.022323626282881922 0.07594914632397302 0.06653504881844807 0.069260471830575 0.04439706236951755 0.021967993723829907 0.027393181681731334 0.03904141601348191
61 0.04973954211047863 0.07519529032749696 0.007048939344659352 0.08171893112444217 0.06440079584149302 0.07178681216698946 0.018487908590027607 0.06943100752003835 0.0530097263483319 0.07774577669211576 0.06534749652185311 0.0067668915473454 0.05662045478151034 0.060061402743268794 0.03784053819202408 0.045601267921220476 0.02498621713145988 0.07754732860610068 0.0200987021142171 0.03656497037492692
62 0.03051540872742312 0.014239951626175196 0.04337684659158887 0.09431907873602345 0.03534739755271171 0.06584414500525818 0.05355965307598185 0.0528922425353045 0.05453316695761673 0.046485017223625684 0.016561659057940097 0.06982953926188623 0.054397531053936854 0.019679096686368178 0.06358543338950028 0.04746141255143796 0.09975750934416776 0.08461207530262446 0.0434101722849002 0.009592663035528777
63 0.08497562655146747 0.009924375112041908 0.017050068645168146 0.05575848065155147 0.05201073870824459 0.0825178181405762 0.07452506522412583 0.02633889273570752 0.023856733094387187 0.09354072507781705 0.020572196421762154 0.03883018668729843 0.009510706946802613 0.033844452831163975 0.05561653990467452 0.0766303495075351 0.08205819803407165 0.03139976959340595 0.02759961342517109 0.10343946270702711
64 0.0038881630324204323 0.008016455361474767 0.049168389691044756 0.06220098383300667 0.09027099557646931 0.09768788666737216 0.013553833579815697 0.09549689098748486 0.09908348885170415 0.013903659717510406 0.06287502098265055 0.04830092692180179 0.014655630355688225 0.07792208661444658 0.006837372533264758 0.019922451737648773 0.09785132486254673 0.04266058085508787 0.05046780932297491 0.045236048515586665
65 0.06842850546099107 0.013547206219843469 0.022669473998201555 0.052833199483527195 0.0988161655505337 0.05531489095535536 0.07058399971661343 0.10050667173151087 0.010370656048810541 0.08279470394421734 0.009371668533625237 0.0003010194532351805 0.04149080766959908 0.04915715905202523 0.08579312650218121 0.02501217501691762 0.042806095799269625 0.06425563751694736 0.020043280992580136 0.08590355635401503
66 0.023367083329157868 0.03580988232676303 0.03684015488261459 0.032988089223532864 0.023230312106691336 0.03643530173785109 0.03889716250418586 0.04455586257973146 0.00030512969691721536 0.03179979743645169 0.10973999846061039 0.07076993167975258 0.027280871885839105 0.009930864176222746 0.06816576448467881 0.09387614256982689 0.0980275371540243 0.06598532470005869 0.08615712752883417 0.06583766153625546
67 0.011830458619526422 0.08651811525571212 0.0632799428032641 0.08146721368939915 0.05176335443798627 0.06087564594114421 0.059296677611555305 0.08290343945501953 0.02208389930674684 0.05799819420916395 0.010434783219881212 0.03917702466802224 0.023575068856524044 0.07196966208582943 0.029204918571477702 0.004093547624247639 0.06815452151191442 0.05826884560927547 0.07013211412877296 0.04697257239453702
68 0.05256568456020458 0.014381943374142052 0.02557346617491494 0.030962793947675465 0.018635121547751994 0.06233918953096036 0.07350509066643773 0.08544826916473383 0.07316245202594736 0.045541273070989055 0.08871878634991631 0.021267621499847605 0.07332589898373147 0.05541560607407211 0.019904387201206276 0.027538970131518025 0.066489525562828 0.02075484883495026 0.04360535228781706 0.10086371901035551
69 0.039634141120342414 0.07464515450025327 0.07449893252947395 0.004571726773679687 0.05246402862285281 0.07018647116269514 0.004314353070891482 0.0011536331324164362 0.0723863798502361 0.06677093144560109 0.01605099154823274 0.038607036909801024 0.08474866802979178 0.003807118805417544 0.07846770818028126 0.06678437437317584 0.0634835409888241 0.06563862724738778 0.07296460748851831 0.048821574220127145
70 0.030703762009855726 0.00741284027829256 0.08616067870094975 0.03992534112632013 0.010195649269042349 0.02405075952623462 0.04375455560736563 0.0008231483379022828 0.03143003906831629 0.08574803121910066 0.05019408829086229 0.06112154958541646 0.10130172669227613 0.08578574120183728 0.045923591091850624 0.039373041711960835 0.07175134343737663 0.07332443813603928 0.07382705060745845 0.037192624101541866
71 0.004370280857633456 0.08912228360494 0.054399761450964736 0.01982038629170528 0.04669793031987049 0.023120857078348094 0.04884120916925976 0.09341047760785534 0.031184576368486993 0.050494566445144974 0.04497320541159819 0.03823603529583493 0.07788223306787795 0.06850982946332204 0.0633011733529282 0.007995701274629797 0.06963177259687207 0.05355942227179539 0.043214373923460475 0.07123392414747202
72 0.04367272305338234 0.08849532005967713 0.05654119847740239 0.06634040093428108 0.03541956094640697 0.07331435257253033 0.05583493013728749 0.022143624124822642 0.05867858310694668 0.06588030562985225 0.049999806865984694 0.0007422972857128118 0.049465777204248704 0.0726532697453841 0.04273059232567226 0.036048159668205224 0.007875426442198876 0.09393015853698904 0.05664634018934923 0.023587172693665847
73 0.04900767070621176 0.07931392889933943 0.056643835489615206 0.047928461565702615 0.06377051295289578 0.04221430345606695 0.05292795186689668 0.03821196903530596 0.03214819222643596 0.03172627433996006 0.013030843732913217 0.0505404767955002 0.026525141615450956 0.06532123187756085 0.07486623341760326 0.054170896103725746 0.05173198133742934 0.08166320770406992 0.045086951471441025 0.04316993540587504
74 0.017634002097356532 0.03089473251225993 0.08150338405684612 0.01479284335856838 0.09303364854416499 0.05587986461961509 0.0861606144515635 0.09697715281229917 0.021462102455254588 0.04196906785323723 0.07325029949958979 0.09822090924088679 0.052971336285150265 0.004896245214934508 0.06995441068110017 0.025608628385870406 0.0010295262882163154 0.02623241084797647 0.02095340974929775 0.0865754110458121
75 0.018259510668074144 0.0856708709399233 0.022273254881572828 0.028047194214846975 0.019507580349035634 0.030005227517497526 0.03770496786675173 0.030379843849238985 0.04601492351419447 0.06376275470725876 0.0258869568662504 0.09058358513377461 0.08420180425617904 0.1055466529867221 0.009797575289850568 0.055210207831428354 0.03348613824095495 0.0719899897984085 0.06442431547121283 0.07724664561682447
76 0.06788440090303105 0.042754435303804135 0.057874694281226144 0.05593102339280892 0.06682952638044595 0.038194718813472264 0.06759711248467694 0.024366179814018445 0.05158595671743195 0.01338805836639001 0.05179671176381916 0.015810287594311422 0.038540827814862226 0.06461802581947995 0.06665320863504408 0.017316136520130827 0.016672237617095197 0.09762822419548257 0.0542515566462418 0.09030667693622696
77 0.031221298505400997 0.055517449308909075 0.023540348990702318 0.02085895194818736 0.021519159229511538 0.054460760801527945 0.06052698157279797 0.03412355350689016 0.09581017793073399 0.024374476307349836 0.027247250406036642 0.033959752594380506 0.04403366971644201 0.023957232970702697 0.08252586211828825 0.04031085044890954 0.07525332087311674 0.07615820991589756 0.07570791504146172 0.09889277781275317
78 0.05567097280946777 0.056884327166871404 0.05370211826025552 0.03255492205845348 0.05712076357089726 0.08237367896246948 0.034896815764143045 0.05417016981172565 0.06860684748304814 0.026907573645445753 0.06363424126463842 0.031244334285966666 0.004463113292218465 0.039005942609834025 0.08093641007047997 0.0330636421969817 0.040667436409852514 0.04120456744080729 0.06463487910882536 0.07825724378761809
79 0.0699085127789945 0.0702193338624493 0.03387928394877981 0.09773498766097384 0.009414354277723294 0.08588731761957345 0.07520911435559188 0.08926716300658086 0.019834394115718364 0.04911302703712108 0.023891936096647103 0.04934441769577175 0.056091952759335734 0.026521576587083352 0.0807448532190984 0.03629697380020476 0.030812034969144517 0.021383825131143244 0.04893154674914051 0.025513394328924233
80 0.0844976968026681 0.09202036892329717 0.05370429775150589 0.036115691623763546 0.07633842711866522 0.053000164481563236 0.015530076034752855 0.004489427198434521 0.03831222983471747 0.00453955372437514 0.04238495221091879 0.017655719958856057 0.09484200671717619 0.0251616561688951 0.06084455528925025 0.04583873844869518 0.05577793258728936 0.09270639634445928 0.051624945002353706 0.054615163778362855
81 0.07776014597505933 0.004886329187632611 0.02054261186207798 0.049346445031926284 0.043922432778490374 0.03296127477534657 0.07316963492292855 0.045732043799961514 0.07999059040769617 0.06766034954601541 0.07931687842296167 0.06181155645515258 0.03024128845745902 0.052099355085145085 0.057737670122667374 0.014455912523689274 0.03194555654746931 0.06896715318539959 0.04001391761908524 0.06743885329383595
82 0.009442279332556945 0.09455959199719904 0.02388855360959708 0.08424978174506662 0.07788361945052484 0.0867156839264606 0.02032059841358185 0.019174252823741664 0.03107124820211024 0.06836150960802216 0.05457828959183273 0.0860334755573461 0.060361112853585336 0.03683643356662406 0.01139487635127748 0.07536281717062696 0.03581241416778369 0.014031002966100166 0.09538479456097673 0.014537664104985935
83 0.03590829035833888 0.06096236680754848 0.06303596250411393 0.07275926439525882 0.03695018041884854 0.07156115222755446 0.0674075561844918 0.06409564704789589 0.05884182656264229 0.07602720304160146 0.018706674550928396 0.06146517412536421 0.00561637271989583 0.06382013084793385 0.03207180703905469 0.05727132608061764 0.025940525436077888 0.06336670784324708 0.059966656094463756 0.0042251757141221645
84 0.02787337197393472 0.019316116735827994 0.03431286966094464 0.0677017222142169 0.049494729405072775 0.008147461845425091 0.13018377828094724 0.00525323066134949 0.04879165604428144 0.09952313719020453 0.03135238064034299 0.018090141296885656 0.057476255870939706 0.006859258304633232 0.116481428645547 0.0966501492611699 0.005051249258564589 0.09461333329667915 0.06866511423113224 0.014162615181900824
85 0.03312583267447899 0.0823982597748487 0.029815092532716185 0.01564930596997182 0.04486380174029484 0.025081612324430284 0.04262711055751358 0.010828230097677421 0.08194566114334763 0.01348422422151046 0.07334786835590931 0.07306564845203369 0.09077700643284485 0.08709133914429366 0.01986410322033496 0.07410044800111 0.09822142564435614 0.03867424596199702 0.04506079089070323 0.01997799285962729
86 0.037273072762607974 0.08903630263275222 0.02706962908546023 0.032332627183008215 0.08016790045564727 0.020657800866577748 0.03839820689496287 0.10047024027209171 0.07658028548378866 0.08938342071664081 0.029604672106743717 0.039230858699281834 0.07169678104967181 0.0193803934578954 0.015356952484739554 0.09029731354404474 0.015725185374197915 0.06078918474128209 0.02661959318478646 0.03992957900381899
87 0.07612250751821485 0.015661334637790854 0.037901986256727395 0.06367348910194988 0.047956764789473104 0.027353505740732045 0.0934229090484314 0.04068835107431383 0.015461623159307603 0.08740081526908816 0.07432168135333744 0.055096290834739985 0.03372876822603246 0.07329273031716177 0.07184057442194634 0.027600777829176477 0.006952614751153775 0.04490866094069446 0.03565145021326238 0.07096316451646567
88 0.051322071297262344 0.036823691110936516 0.04175511938234388 0.013371815125469665 0.08501425951807176 0.0685896404599609 0.1137346198174034 0.03798494367562512 0.005730820195212736 0.03402362224164563 0.015043628530753073 0.09808954574058566 0.02722209653147946 0.06326750840311421 0.03682125297928565 0.033210210397318175 0.029457375461932354 0.10465676073222029 0.06706073200777425 0.03682028639160483
89 0.043619378888980403 0.060819834663227205 0.04594358615388839 0.08397931318443506 8.345157572024669e-05 0.019444500055364196 0.007286139292180996 0.00857607502683667 0.042586383989784475 0.0785796689890707 0.08052918468834605 0.08125483877521779 0.015658412756818077 0.04124324256884321 0.023432085704206126 0.06402754161086549 0.07984657158056517 0.08775341041979573 0.08520869124872633 0.05012768882712779
90 0.10897093807012154 0.07982952545482645 0.017625103399380032 0.04725271035670981 0.005122274367317658 0.006266631413289023 0.09055647746801193 0.04798437000471275 0.0713048261286327 0.02796811553329147 0.010426695793050375 0.012183170544127021 0.015418468051206499 0.004590048806140713 0.07446285775616404 0.08008380296298838 0.06914683967276505 0.11055583922351855 0.057350908567256796 0.06290039642648909
91 0.059479241733326076 0.02760630490709833 0.009845418415094318 0.06793142713388707 0.0737761169984092 0.03362858492098665 0.06557561949222367 0.038518242756466634 0.04284229273266122 0.06378497693778004 0.05174205818481816 0.030973083310366176 0.06671451536571986 0.004431965318573143 0.05852096150054983 0.030440513142049392 0.06420986649948203 0.06198171491117697 0.07161345445469114 0.07638364128464008
92 0.03234168647318969 0.08702668139813693 0.061710831215825684 0.06505781024400184 0.06211104163802559 0.01731147658028081 0.0834293731688465 0.07873818636551572 0.05621321667231099 0.0731307926798935 0.0357788826993609 0.057021532681116704 0.07785990657058245 0.03606898365368126 0.03205777552854225 0.043386864228912095 0.05911826995048406 0.007338012604424871 0.027062736675038924 0.007235938971829075
93 0.045311603824335016 0.11076424841025577 0.07047067658685571 0.04353434113401917 0.09685703290247276 0.017309705640930362 0.008929894023905968 0.07173051362407278 0.006161936053078475 0.07807002519821975 0.06208572147485406 0.00016046005323909203 0.05932939714623723 0.05322855608543119 0.009360275843544904 0.05847339882896459 0.062026100488291484 0.021215845618595477 0.07311596608268793 0.05186430098000829
94 0.0513343846374359 0.03730264041060104 0.03950850014918823 0.00759557661547196 0.06344087216843564 0.05972903495706383 0.025292298248466426 0.05087677226999479 0.09820765589975342 0.05758225901596235 0.08225548772870304 0.03670970974199523 0.05312718836400604 0.05648079327846393 0.06566481035031746 0.026853486626267797 0.04177786896931486 0.08437969413020967 0.04517134601429854 0.016709620424049772
95 0.02691241754241131 0.01975157933166936 0.056787020569880095 0.03378184957163647 0.101771957576419 0.04017933121577382 0.04483627607613811 0.05085637650711448 0.06385369390113725 0.03810229657667478 0.004341878613947375 0.010578569357803396 0.04602777624299776 0.10623309115271329 0.07936519300910094 0.07111542025755435 0.013462996156710299 0.04561035522825846 0.09275491981971211 0.0536770012923472
96 0.006385500279893557 0.0765962679012645 0.04738693350134176 0.06455897035150004 0.05599189423060233 0.011082167836555516 0.0027932187875868405 0.05390900973159483 0.06899019923325275 0.00867211720978901 0.07959771208421576 0.08252324538596591 0.012943693978463516 0.01787351099014418 0.06551935942723282 0.039469344348792866 0.05181690409417698 0.09301843410863973 0.09366464075739914 0.06720687576158815
