0 0.014256999601665132 0.08243091117046343 0.004070222383020897 0.0826443451044268 0.036104917483766284 0.0075451126618303254 0.011870229363759416 0.10539029182807104 0.058214896512924406 0.040883923206155574 0.0762281780261291 0.08571091874626138 0.08081912960445968 0.0705755071208591 0.04992199471390904 0.009937423438311232 0.1029355134829287 0.0569119366081317 0.015067144029406654 0.008480404913519873
1 0.02224667218093718 0.10729234365496464 0.017253968160435354 0.0031421291824331376 0.05481631737329704 0.10282607107152515 0.02599497165080162 0.049389087967084244 0.07029358274278964 0.00877520283916906 0.013018100663045087 0.024690261397226614 0.04072132457327437 0.10867557895540461 0.03111253266415459 0.06922268883388016 0.0013035228564417948 0.09830997318633396 0.08290334890756028 0.06801232113924156
2 0.06970466595192625 0.024174334352058048 0.008457008737489422 0.012946006347040653 0.08280139121853794 0.06863820105509695 0.0801724661952658 0.01300286882101908 0.04651218695618049 0.05740708727089345 0.017300937280881792 0.08352103625795824 0.0038016060330786704 0.029125205652371693 0.06260256548574748 0.08252788244845133 0.085144451435865 0.002610677887150452 0.08508707638292906 0.08446234423005831
3 0.06566467360061631 0.006209301212633245 0.09025757454871819 0.03518052685007333 0.09066406674523807 0.00360296477443948 0.03645753881009357 0.009242966746855607 0.0800325241970779 0.08563883858615502 0.07798934205149173 0.021910408777062934 0.04114275223127126 0.037104462905979345 0.08436720904330738 0.08997044514492333 0.037222637005970255 0.05054817892919337 0.04809892277516578 0.00869466506373395
4 0.07869526723945063 3.2874661072898934e-05 0.024575746394200022 0.029082483330957743 0.011565676709358017 0.05161856814117711 0.010248768062739635 0.08939310665585397 0.06645935679805065 0.020101635564205838 0.019379663456203084 0.06988611680871028 0.07969382510724088 0.046085567717034814 0.05533971945418256 0.0668605384590803 0.08826709662802008 0.08263728494374943 0.011139345610602055 0.09893735825811023
5 0.07883579315761655 0.050583068602561614 0.07043673625068822 0.005458880737504121 0.012680330888830454 0.08180300948885398 0.06793358107702194 0.007450682902453182 0.005520774999213912 0.061537164104190564 0.07424544001663548 0.02931741493467784 0.043227044860999354 0.06811996353280779 0.04854736087116645 0.015213040475216622 0.06194502529167158 0.07054912194475291 0.06547367694765352 0.08112188891548386
6 0.03782193013868401 0.07968325039960461 0.044158108154627465 0.01666118531250739 0.07142671649497957 0.078327528512759 0.05625217575247427 0.07295702804884178 0.03995356991142753 0.0499960946319673 0.07390639866477941 0.056923563751532 0.017586558395691076 0.006609487566755805 0.07574131329460249 0.04254441800722995 0.06654334670185351 0.044596642928382016 0.028022046446139714 0.04028863688516105
7 0.01620700147710302 0.008686021876986305 0.05879595256912383 0.0009817757166559007 0.02358104233606138 0.0060062203616536 0.06016576061250282 0.09374912181074696 0.014777336172047533 0.007966745803414308 0.025733163287394886 0.10251202944143416 0.061446169335180226 0.08839322436453068 0.053534403626003944 0.10936495896855127 0.02285859266369999 0.08416293942276067 0.058136545238958975 0.10294099491518961
8 0.056653625736001495 0.09053849246936908 0.03529535987737626 0.003652472574034182 0.10663045206716157 0.003161626413931611 0.007232647092319064 0.009340486500366776 0.0430101579878488 0.08210408326846173 0.05054047674296927 0.02333628443049441 0.036213595952773014 0.03166157245263659 0.07143240204980741 0.10489220697705703 0.060466151217580665 0.0731183979924674 0.0453795266950261 0.06533998150231762
9 0.03808480044315654 0.08655218340234494 0.014011973637685648 0.01851816378709141 0.06039472081473958 0.03321711374137978 0.014696848598742243 0.08912024666204027 0.09530937152371044 0.03814636879691696 0.07209858132202523 0.03438945741427944 0.008159077395478661 0.0008112251345806969 0.05443564009623565 0.07860556280228864 0.08279672669528342 0.0642744068156805 0.08312886297616322 0.03324866794017673
10 0.055599262251963766 0.0855664307237684 0.02351866121823997 0.01644193943924718 0.066698713574 0.08274322568929116 0.022620569921934282 0.01716868432200655 0.07178125905760786 0.0626158294135884 0.04078559364037115 0.03192311686676028 0.0062170194738672465 0.05803950421072913 0.08038065766810494 0.06468507052757161 0.07334735887592025 0.0609688684181231 0.023936891975851752 0.05496134273105315
11 0.10851394102912504 0.010962780420122454 0.07701917918083707 0.02061194048409349 0.062301079316213 0.024817575492148976 0.08532596531793113 0.005779245540861645 0.10698586729300688 0.027739480244516397 0.04925515126480292 0.025913914100326233 0.0742199461989535 0.035654828487880055 0.03610152148557909 0.09204626237379093 0.08754341347737318 5.117692708568543e-05 0.029219351200979647 0.0399373801643726
12 0.09639866538261349 0.048266369567159476 0.07285576677246391 0.032463339096448204 0.003437203998761401 0.01681420629176804 0.0669709788053741 0.06416331715533727 0.08490961241708457 0.06643593039673013 0.017263518432681774 0.05467488903342358 0.02149126136386625 0.06409888431591611 0.040176795968178115 0.04263791020070058 0.022942882706250865 0.09315459142543205 0.07520407686929591 0.01563979980051426
13 0.09484581143905092 0.04919880693364519 0.10131257316618769 0.05914081185786456 0.0028929845547707523 0.015385764765517477 0.023729449800095774 0.08478665442752038 0.02116842283319308 0.053189395507761035 0.06861910365388768 0.04558005647976951 0.09733233422880275 0.0877416454112362 0.014433171634627937 0.09590190261713216 0.04482145530632762 0.008153763706001823 0.025468876170550842 0.006297015506056531
14 0.06747320347032583 0.06637844193142081 0.06778265061722423 0.07412982535954667 0.04642003579596339 0.008626994424294659 0.05748992884306728 0.08244432416344832 0.04304886203090687 0.06178298767428953 0.020978591227156927 0.025798214537114915 0.014294624576747277 0.09217729083175798 0.09170672456554999 0.006791664936583336 0.07447664703660162 0.018254259387772014 0.06955080635483066 0.010393922235397762
15 0.014483530521565573 0.05712278632555025 0.05235581330358562 0.037927567000568416 0.04225571439901813 0.05298296670518116 0.09455292045556436 0.004742822901533586 0.06971224253923396 0.016517859665889572 0.03064772413187411 0.0009890269704417095 0.0695969150613105 0.09040901322488044 0.09730738715394642 0.0704508153077791 0.0012333431386708407 0.09910889469013426 0.028506091502542266 0.06909656500072987
16 0.019842498017371073 0.08906603625849165 0.09664757916929541 0.09010390568732453 0.01166506300998203 0.028626622672404452 0.0018974198213695711 0.027992882275475105 0.08720363715886625 0.02959387591323207 0.020374876358054027 0.019376398511123084 0.10631303051278645 0.05091142830239913 0.0477372125228253 0.04051026565200563 0.10634930023407137 0.00830636415157061 0.08409744262225 0.033384161149102205
17 0.0848136946290096 0.011843590308886105 0.08277186915537811 0.0660781283459889 0.019012646484143175 0.03837126717487172 0.05802666836221318 0.07783845104647386 0.05277457576380937 0.03011855153261494 0.09609260014144949 0.02749365907764953 0.07280799098583979 0.06493850542981494 0.007089358709594738 0.04188686239478715 0.0241946265825164 0.04570990846992281 0.0904078373431888 0.0077292080618474165
18 0.0038081581541954145 0.05898226568043729 0.06915756781660466 0.03584499993590529 0.011905778159061558 0.08183969382949685 0.047128228545471246 0.08528497074455679 0.01342934755748966 0.08302911719539029 0.019400489085009714 0.032557079462055404 0.08090076353340372 0.06509535575381413 0.032898514271309125 0.05657325352173989 0.05847653254109077 0.07584194060349352 0.021656681587682667 0.06618926202179211
19 0.01899844547385207 0.00754572339484463 0.08317589477576649 0.08813878772411869 0.005142877064405667 0.08898686534438148 0.07284545037644632 0.07179849354848808 0.030108418251804263 0.06718726929111266 0.04824255728062503 0.008051389032515356 0.08477655405269974 0.08865151319963889 0.07537765274518038 0.022751965287528823 0.04425397017735636 0.048956839526661654 0.03050602180432472 0.014503311648248623
20 0.05180463812221043 0.06667321481896615 0.07564564863974518 0.057876532874358295 0.007428922894237724 0.09144103693671135 0.10268217485635671 0.009662560463674384 0.023817464686173653 0.09857872083116771 0.09336500762703119 0.025800074930242205 0.05138957962376402 0.0034700108056848456 0.028291392376128804 0.09689649628671322 0.05901408276961709 0.03546167226450929 0.003372625425801833 0.01732814276690598
21 0.09582339981347107 0.03933016996844603 0.004756819862864091 0.0089817327876348 0.05533322456731758 0.02647210569653437 0.07342953656657807 0.04048638425347347 0.05472064696641409 0.08730178616245979 0.03256530377413062 0.06747610969898456 0.02449104348339423 0.05242424179997177 0.09085558034945873 0.02484487672613896 0.07335612602003501 0.013081542066820906 0.0548731190677005 0.07939625036817108
22 0.025693839048062817 0.018179296940477197 0.01925481703752361 0.027021128984385138 0.08173486273846131 0.01685194647857976 0.03894705891679032 0.033175044196351276 0.0800120205967236 0.07119588900030746 0.05367163537058091 0.07229214191493322 0.07541082010723366 0.07681770780968691 0.06666848946907103 0.04081354262084965 0.05892734261186625 0.008526692150235929 0.05400428528791877 0.08080143871996136
23 0.07607844916842883 0.00922403511081353 0.10863231740176675 0.01319396839451887 0.008436276433648825 0.017024423767309914 0.020800665410391713 0.08042728467926269 0.07290039580336162 0.09062945643042376 0.033737490084573635 0.03703199531364967 0.06306120527262221 0.011288896912317745 0.11364746536721576 0.07051280447438633 0.009660736817961606 0.012002018830001071 0.09277869619945751 0.058931418127888095
24 0.04828906222810017 0.09082541475586522 0.07875738185185699 0.047432353938586996 0.07545347610419034 0.037840102131246646 0.03513256231333458 0.0021460981049034314 0.051655845442400455 0.08413684101576822 0.06322129593234324 0.051776807220295366 0.02234755590315487 0.03616045564212492 0.10687584857564182 0.034571374743669565 0.03890009293618633 0.0434862114380894 0.03476800147103496 0.01622321825120645
25 0.04789841731374226 0.06422489896885453 0.01630412182355802 0.07489467470048176 0.0002798933714623451 0.08177082507492416 0.07539983482528292 0.05101313209584653 0.006865378598771603 0.0584437203946343 0.09746566574421843 0.04199257725185147 0.06634771143767387 0.0035527081213031267 0.09233100784818728 0.07298503480257444 0.008186313154104534 0.04559855026430769 0.016877365971218822 0.07756816823700192
26 0.08644136683855236 0.003357789371031831 0.002472651934292681 0.04649237820101672 0.09069626392048334 0.022049955927026497 0.04130833529975939 0.05999261639850753 0.0689487026464136 0.08421008247611021 0.07236304552641944 7.682540936633144e-05 0.07444337416223326 0.07302293295378717 0.08815570049442328 0.04603490775825754 0.00039182472016974874 0.08151802991448177 0.03919515867304012 0.018828057374627342
27 0.058181041619027395 0.0626704711183254 0.05358761234287094 0.03544529245020323 0.020067550529685885 0.010691846019328252 0.0799338607340594 0.04601093312357395 0.025612113419028755 0.1020373352885764 0.03523173842419504 0.024550164176748497 0.011646450470042709 0.07655308817510174 0.023424365675929038 0.007764669417533437 0.0864026027078396 0.07040408100559988 0.07350174881549768 0.0962830344868328
28 0.05282871792070508 0.03799750663037928 0.01484878830002258 0.11065226610093032 0.01780411678109324 0.07510419006829483 0.029089107716766188 0.027971002753286213 0.06952092495884275 0.06503592495497006 0.03372210250426463 0.003508381304194016 0.12252351824803372 0.12283653328323495 0.013637587244129813 0.02787199892416067 0.12112896999914723 0.013909229076387102 0.028979096803799433 0.011030036427357936
29 0.028188217401118123 0.01613234438171516 0.06263659191135296 0.003508292928287884 0.04871600295253533 0.0862904480795341 0.034578579103674296 0.06925088433907818 0.018994234055571265 0.0347142301417595 0.075281976619767 0.017568083522817187 0.09452154753569367 0.09570927424591678 0.03985225411720869 0.04702856764642514 0.08734704757393284 0.021118291369454412 0.03872731807680145 0.07983581399735594
30 0.05545356285352359 0.02844406416580965 0.03190362255660749 0.030898119757898395 0.07562801009272359 0.08931144734635363 0.07385497869161199 0.08845126516237387 0.018684210050519845 0.06325083310329876 0.007930822631582334 0.08978496528389861 0.029999505246345648 0.006477819212490033 0.008696679623271735 0.032913470476740536 0.10340801917203644 0.08398097787548622 0.06692332668189209 0.014004300015535532
31 0.1101269456846888 0.04483806638146549 0.022654508760449738 0.035716366106761946 0.03176823629712015 0.03575993594564295 0.0825924031491269 0.007778007279681236 0.09669394677707928 0.10656016039085633 0.03438249320810083 0.01825981629791694 0.010918044997639927 0.05970861026414894 0.06921126065995556 0.009062039750089845 0.056617181372282506 0.0957445999648443 0.05608901654572762 0.015518360166420738
32 0.0517692641249892 0.06239141138166739 0.08425038934078552 0.016072722802001484 0.0399885216672709 0.0503038507077285 0.08460959325245397 0.08762230752845729 0.08569118719398573 0.00989734487272156 0.05814248114067098 0.0031214315522134894 0.0625756022518656 0.030295897046194 0.025677066844421562 0.04824643849602981 0.04638358029133704 0.07346624131148397 0.020008837360208732 0.05948583083351324
33 0.03278941694901967 0.049755146771734975 0.07673625481047237 0.018929820924768654 0.029253280744313936 0.0009676985886212248 0.07135620745629317 0.007091327323650614 0.011340305265884927 0.08303635288772516 0.04297571240763525 0.0790457118056568 0.09753538784400036 0.03409364913797355 0.06558183660644455 0.06870001202560276 0.0003371517700457841 0.10061003673420094 0.10194979635377667 0.027914893592178552
34 0.07398618725129778 0.05996320355297447 0.03669252224555663 0.07797600884014605 0.008382803853979217 0.07026251588960837 0.05097337753258674 0.06364543305937731 0.012594844501964466 0.06260752470788304 0.04154911538226782 0.09269164760282204 0.040567037255222545 0.01634567178502965 0.03845979080487569 0.00806588706968789 0.09107089243867196 0.08944826680337606 0.0037106456350787125 0.06100662378759343
35 0.032669571391816137 0.03383994692337106 0.11262609957911296 0.02352023997368161 0.0004936201173957996 0.0047364114861821235 0.029203259000429138 0.004512171289951446 0.10392136800431036 0.032626491891878 0.06282841426453589 0.018792521333402448 0.03783240604654996 0.11004261117212945 0.05367994729859237 0.1029114610390287 0.042698899053332524 0.0751537508151178 0.034582429031027755 0.08332838028815444
36 0.023206007772916076 0.07925735880505902 0.008768683204334419 0.04139961128676794 0.07165896789420285 0.06063395709183769 0.0037351376657168396 0.015170741391255611 0.011767019288498335 0.08513564748684896 0.04094273937711516 0.057692978567599015 0.0981551712135109 0.0222145904912234 0.0722012764903177 0.09157130227148276 0.08800401308283225 0.036300330900501325 0.006515143077944144 0.08566932264003577
37 0.055769636065993104 0.0651290701451259 0.05963424260275067 0.09831008016560296 0.040007223070719355 0.0785477001932485 0.10070845435240974 0.05318467734257511 0.039829277252066836 0.03545665767421984 0.0007021558049551853 0.04988096348074832 0.02563015867757183 0.04914751169004462 0.019884429479193957 0.013757736582448105 0.00539399694109777 0.07434224709963173 0.04015803152552511 0.09452574985407144
38 0.04053382660841728 0.03236488230547993 0.09201717191334029 0.0728828630871328 0.020162794497903817 0.009664687675435765 0.06617049481326899 0.0498213802672597 0.06932750209836334 0.0813443769644455 0.03412492458791746 0.038171688155747514 0.04858838654711493 0.00974015002060151 0.07198658561905472 0.09105401779913243 0.08265016730005263 0.005065993367544859 0.02853056749625323 0.0557975388755334
39 0.056634933886013705 0.08891618517180726 0.030252249222846677 0.008554410979150768 0.002829592903897646 0.009668619288119082 0.02931417103933981 0.07288267182466267 0.09221038412240419 0.08490491102553592 0.06714894377085665 0.09166172880828778 0.049540434865961956 0.00664391290798618 0.041448098427658044 0.056094673956616624 0.04310838335411823 0.07566810442834865 0.07086314260827087 0.02165444740811734
40 0.010855634221471509 0.022702046573754832 0.021204697594551382 0.018380721376897547 0.005102723723259419 0.09373895332270535 0.06551564119516376 0.06629403733378715 0.07680792663417804 0.001267322395842646 0.0851259352886162 0.04195171178483516 0.05092948092177112 0.03586280763812285 0.06876294828455197 0.05122274919242613 0.08242399978673641 0.025464390372057416 0.09844699932745136 0.07793927303181983
41 0.0050791703809198235 0.04451274676086007 0.029250279322073344 0.11916013813580296 0.09208607541802669 0.07962594440107036 0.006610435804122684 0.017774772340298325 0.03877239770013835 0.06721705637613587 0.015349461631117601 0.11344570755417996 0.07666007719222812 0.04493328739091834 0.08148004191727345 0.048778068665103994 0.0029367528966771942 0.03728702921931459 0.06093527926281202 0.01810527763092608
42 0.058107686192990796 0.029581630091297467 0.05381168819021834 0.046536700584240566 0.08549033086632755 0.06708463008465479 0.016347842251913724 0.0815493414371478 0.07626163711052944 0.062022071722087985 0.05332889763648624 0.02004798737190953 0.016472088789310977 0.07169598140098862 0.03688039515366944 0.06419961062969946 0.05057246038523805 0.0746086821913281 0.005568414764789723 0.029831923145171406
43 0.0830387285605742 0.09804263338395229 0.03160287719662324 0.003843680725353748 0.0927082485121509 0.024207531568059982 0.0669389498504106 0.028375629787783734 0.05149764357040283 0.007732817884054767 0.06315822129274919 0.055461179031847045 0.03156307305908781 0.09689845091789988 0.09158556342679286 0.06565590275156889 0.02369875106147078 0.02804225792148116 0.019916472744017758 0.036031386753718406
44 0.032613487030207715 0.008061987682445796 0.08003959831933288 0.020769704872976434 0.011093166149561908 0.09543245271255643 0.06123857843167302 0.050646537670549455 0.08422061061941508 0.08898654734267868 0.060248085001845 0.07731977401892647 0.03867206351699729 0.006926478167294098 0.005806988165871699 0.05555997432573419 0.02824748713160795 0.07392482720753132 0.06631810734884495 0.05387354428394974
45 0.005999668014557569 0.07929322703899852 0.0353125761570976 0.08157797764749408 0.07022159765134382 0.025692445567890753 0.08006112826180174 0.05116136773511551 0.0482380134878047 0.07072620081347084 0.04083801931861174 0.020898708037971076 0.0464986261728333 0.040349212225113895 0.03353738274226527 0.03774697614980592 0.08151917267949287 0.040062552548081595 0.051022459706301544 0.05924268804394768
46 0.0031863529478285404 0.0022922934591535133 0.05661334864797079 0.0509786270706207 0.040670136150556285 0.036823964425734726 0.04185812358381704 0.08126094152699093 0.06269601803572214 0.05952020398792522 0.0013907337758880859 0.07096634455643087 0.07642623927186344 0.08032742697360315 0.0602540335875175 0.07698544733987898 0.0424466797300929 0.0756620459737516 0.054838203111087135 0.024802835843566327
47 0.01951433971658345 0.07727652719093885 0.03685397878165378 0.024241419195550014 0.0011838251763981375 0.04598956883579175 0.02096310554278938 0.08475480259562305 0.08990435370163469 0.06961917247292586 0.055886954224727 0.060815667330194084 0.04134757465561243 0.06799781595116931 0.04594315796676503 0.0029702836926375847 0.03454428338315228 0.08397935102229706 0.08671318177009955 0.049500636793456655
48 0.04422403825663415 0.06933784084927898 0.0364985010990887 0.06902644625718811 0.0692894972948113 0.04595776466186632 0.043067639189922576 0.06021628098039424 0.01792578631652536 0.021222944115555392 0.07765314924364866 0.02823964592645295 0.07439863245437203 0.054879650859355256 0.028107578254729974 0.05092540164576676 0.0733839836734219 0.01414997518137828 0.06517367464667786 0.056321569092931185
49 0.02995503376069271 0.10018887377254333 0.06983211260640274 0.015394648788961492 0.01048943397378923 0.003882887602811967 0.0663631752903302 0.010010951974778937 0.029142367539633365 0.07428344077206897 0.05476846914766934 0.012496239072503756 0.03973377696924597 0.08126009865546968 0.054929692215876104 0.05195970782505234 0.09010301466510363 0.05950523937190387 0.08066500622395144 0.06503582977121104
50 0.032222118814631336 0.05223300804516634 0.08205199674622218 0.01275506961613307 0.060340800986494414 0.05451960073439251 0.005377559164230405 0.03775051333404488 0.09249711644191708 0.012307314440491384 0.008412616552243499 0.08800545530568296 0.04791841689733997 0.06147064797425728 0.04211099301949473 0.04651370608903684 0.07636846758826926 0.07676852273200407 0.05470610552573819 0.05566996999220948
51 0.01534387435220365 0.007530853187300205 0.06588520001847605 0.11215324351616512 0.015869636128560793 0.01384518813846407 0.10833948103458865 0.01876582687639299 0.05212593078161532 0.10308687033534238 0.09896541039294565 0.05114722363871424 0.08291325552097804 0.008288397977470453 0.049821657099244424 0.03803031069780859 0.06365463332380458 0.04366254371810931 0.031942772250402394 0.018627691011413035
52 0.053297759891432435 0.034723639637956494 0.09661294935602174 0.055622498964485206 0.01438755738806376 0.07691218928452179 0.03748912408151577 0.03023348325924988 0.022759619438753834 0.07459411150105481 0.02251268398727464 0.09157247199698391 0.08091275208682108 0.06272934074265336 0.05843830156979503 0.04748780090281872 0.079705895184853 0.006310925794505308 0.04995309694743172 0.003743797983807283
53 0.10633581725268039 0.039088651635655 0.022144560875669527 0.10124105414134667 0.09360007595400556 0.05378387474070593 0.054502165890520905 0.0453450321727905 0.08997298523910956 0.055361224225970354 0.10422516307064941 0.011316560962820592 0.006496154917191861 0.03811811608857898 0.05510777238670318 0.008675440376340934 0.020768320193369962 0.028956360904499507 0.041731656654037295 0.023229012317353918
54 0.019268365901792015 0.030758251476209014 0.015415794626479783 0.00483633417351286 0.05512640503290501 0.08446609478657569 0.09136268123252989 0.09083022270457994 0.07559692788613406 0.03875290858584668 0.08251713294269669 0.027284773679666027 0.036625851341703576 0.06335870678726044 0.04584352414177936 0.029841625569922762 0.03826894411917612 0.011883022781583472 0.06484251386720406 0.09311991836244235
55 0.07592194828796887 0.07976870452543912 0.028383497935719818 0.08163983108114699 0.07482439697570163 0.06650740067385177 0.04420172317687167 0.06804301653230643 0.014023569893683006 0.012428659417379155 0.006589075851475589 0.060923434628691354 0.058941274482607435 0.0030781370787043793 0.05347989139847285 0.08891487250965042 0.06761209128487189 0.01859346963180594 0.09526729787009038 0.0008577067635613328
56 0.07039731251449842 0.0528547657816511 0.012843632467894488 0.04580961158085857 0.045925822053290696 0.0274964675164113 0.06875643651200665 0.020560742782685083 0.04533033539348017 0.057021672225676306 0.03319509178140893 0.06341176014484322 0.05559090706490767 0.05287515369526929 0.031003447232615153 0.01597231710052143 0.02405494492609264 0.0652058299013209 0.1057480274728354 0.10594572185173257
57 0.001125124630128577 0.04671365771053592 0.04348368773383095 0.1006023174262179 0.01852889906207656 0.024201360414006935 0.022190776142126428 0.07717251357168835 0.07498848043366949 0.07655182096896608 0.004119235073329272 0.07408463854950506 0.09260634648114377 0.03466423659750133 0.07451893424065106 0.02708857566062691 0.0754300747196666 0.04489760643865206 0.02839251523536624 0.058639198910310546
58 0.028836997096456988 0.037867321087197627 0.06094285279504712 0.0610292680036067 0.06994925295727997 0.02835953350494272 0.09938010572567345 0.03776068631333565 0.02945038646155032 0.022531234899619928 0.07614176637736389 0.015379894735854162 0.09769110933415473 0.05641163110885534 0.06535943455933328 0.06563190811690867 0.015118841076165197 0.01991232803862826 0.05207573284931318 0.06016971495871274
59 0.0643955299128987 0.07743732889786727 0.028957623014572543 0.03485577609461192 0.05982328947607633 0.07297390376436 0.0028606361082854793 0.048266126249535336 0.008756015159157356 0.08433738575721002 0.02627098305902322 0.06273034222071959 0.029892042216469364 0.06053508413691241 0.07637226115337806 0.09165802054394839 0.017897973554172258 0.05580003332863255 0.06644648785402474 0.029733157498144244
60 0.07217051845042229 0.04716528320953318 0.06322298763481736 0.07032917099293541 0.04794847920394978 0.03392488541868913 0.02002172844943945 0.025917097074330746 0.08026017015822984 0.02606462154612191 0.04694332089374049 0.0793786604078514 0.0238364872718343 0.03384915132439888 0.07285977993491528 0.07999186467796067 0.02107108162455781 0.07254936109188691 0.017960327018584726 0.0645350236158004
61 0.09710817568586196 0.0279135503172345 0.013787444247953074 0.03257266570219898 0.10269889260469502 0.09533828460560798 0.0494454220813742 0.011960779887049452 0.09617011575489473 0.037738412158967144 0.08985429279128151 0.015435779680515358 0.0559607177089123 0.03523045067056787 0.07096142519706439 0.003565440061608728 0.040466080165311995 0.0581401772391535 0.037835668232198055 0.02781622520754933
62 0.07589865309501595 0.053259642542381046 0.051001330377336763 0.07355532903607541 0.0497785620220485 0.04077773999967312 0.09646110541766724 0.018745549327724632 0.06696246599868311 0.0729972097322786 0.0013557887766593305 0.08028749432116679 0.0726128630210174 0.012128023168012392 0.033930909291658734 0.06335305882481117 0.03139956246913213 0.0383135585426208 0.02715793224782602 0.040023221788211015
63 0.05625211459503704 0.07650289700600148 0.0632128346410429 0.06132215074832456 0.02701578426392025 0.06495970445916613 0.08030417329969516 0.06940319404082676 0.042971205777422715 0.013643410324646102 0.07877733553020366 0.09482818439111311 0.011228596627486905 0.034987037952469775 0.004891853375431988 0.08215478234993484 0.004867342985722714 0.04748552080224042 0.04091427893759135 0.04427759789172226
64 0.019126865486224498 0.0035304066422904407 0.07152549184304725 0.0215401571727159 0.03681385586059678 0.009564318358015158 0.07569666441782799 0.05654806798230994 0.09959825726311701 0.04379641206550994 0.027815037221183656 0.0013559458579833334 0.11527444085074831 0.0073381242574471605 0.04190264897737271 0.07506304261187273 0.07620296543011194 0.09453555003509855 0.0787945315190468 0.04397721614747988
65 0.04096309944331044 0.0126048007736113 0.06958572675223848 0.01633488687158188 0.06219700738301169 0.04727998319322334 0.09455426152602052 0.08436247824697116 0.03010786708372397 0.08169848568703983 0.04792141812062755 0.07031243551212445 0.04626019174025752 0.0009661619414883818 0.035633480649009716 0.028969197101908057 0.05623909914064896 0.04678990843020402 0.04175723672877431 0.08546227367422442
66 0.04387646490941184 0.09280686031626788 0.07483836945929065 0.04604008660615282 0.02494260716201643 0.08864288753514282 0.07664409112689183 0.05551696613260785 0.05145192195253902 0.013896216242376231 0.05894911000761244 0.07062136848498946 0.06664171377112248 0.021823540820244017 0.013047774953002576 0.06739001593539949 0.04156590033734711 0.013703661805447395 0.007692899059251679 0.06990754338288609
67 0.036513881793287475 0.0559722293670683 0.06572785417066433 0.01216249127477825 0.009339827998062478 0.09897054340566189 0.005205469073235282 0.04188571330193107 0.09713782537786464 0.05066100688250559 0.06914815628263593 0.048584305755496104 0.08116182951556 0.09837262304784007 0.08492026544832518 0.027437851086279164 0.09679937620183181 0.0032163483931867067 0.015107057204434527 0.0016753444193512454
68 0.05494336203286835 0.006946805728410174 0.04597942046156653 0.0640058844419745 0.008382386786981607 0.07292831843292658 0.05588763085379976 0.030817037665512387 0.07587731388698142 0.05539268770342854 0.07890533850446796 0.01814498407969219 0.02717808937985951 0.020365552377048447 0.06964198576736132 0.052916921023990766 0.049943757827515395 0.06989408912489327 0.095676532133917 0.046171901786804415
69 0.08732681553106669 0.0785078302738188 0.03634602018833711 0.023232689417222917 0.014665524346595172 0.005599579052603044 0.06786374075767483 0.08489107468210044 0.054671470016444894 0.05372816344414919 0.010679273878584193 0.09880514715517008 0.1007347314785835 0.026124056998194433 0.005423894957244061 0.024759668248444167 0.03148328124250825 0.08038899774511035 0.1004378438197964 0.014330196766351513
70 0.08511203553463467 0.07504231027335785 0.09562586501786069 0.03750104746759622 0.08932937079581761 0.0066301577659550765 0.06629064851319978 0.09509983965029702 0.07228385678050124 0.10951488237623286 0.023625283869500115 0.006477858715122097 0.01346968136549661 0.015839286932422696 0.037195343762272695 0.0393957943583945 0.07413103613934947 0.01930835739985328 0.012981105968866653 0.025146237313268947
71 0.01534216431690388 0.04393130934444323 0.032523955122073435 0.08125511113139734 0.03930492116652045 0.11232108596385199 0.03982250829237369 0.002529654803094891 0.11955854118773146 0.034568310823286305 0.05839500429853177 0.03043153345426377 0.0057689152083324 0.011149724347109624 0.08061575253558284 0.007638908750315512 0.10553233810348435 0.07134757667940209 0.0628110018377396 0.04515168263356101
72 0.060867650354882716 0.04375901887702409 0.032782833801188245 0.04759317782050127 0.045655531705460266 0.03782788083263674 0.030190897191502447 0.041315222154111056 0.03193150446147777 0.07059254556082725 0.0639327951038191 0.0760003932572805 0.05041299761350403 0.07624260921246795 0.05058304573758691 0.07925490506580253 0.022261685440989266 0.071725545490424 0.006449303988940609 0.06062045632957309
73 0.026847263478863265 0.0036058208282174313 0.09692844482662154 0.00796170648736095 0.1033241629602601 0.04717508446269529 0.03370863884218328 0.07567646387167015 0.08185465739304207 0.02124103583166701 0.03785972321395263 0.04661011306455825 0.035088990317259185 0.01973140637256924 0.04161044087855829 0.0971370323114945 0.01864925762776236 0.031671369339040585 0.07756160461566088 0.09575678327656294
74 0.07187975514105482 0.04070989707761395 0.04172031525162452 0.0379452547480123 0.06763400916556417 0.0332885926021499 0.0036482363053800594 0.027971732916553096 0.08697281892212154 0.07393968945969888 0.057496986107267174 0.05478335959927213 0.0017862982553741218 0.08247970480978713 0.029204637030784537 0.04198195476182636 0.06503930790937193 0.05037569951293424 0.0495343026294732 0.08160744779413602
75 0.002755533842493013 0.06469465136840362 0.1059006021150767 0.06635077401414195 0.1044598579851527 0.05488239071880507 0.061562475612998574 0.014853751532847482 0.012773922032934152 0.10179305101646355 0.0745550350110384 0.025199950911888664 0.03879361019791973 0.02000582228868746 0.004226399666070058 0.054747917103651636 0.0639966803654493 0.056841477727984556 0.026033804678600107 0.04557229180939297
76 0.07649198723872579 0.0755317919526038 0.025727339612525095 0.06476211921515204 0.03887989470476419 0.06999508026448367 0.06309599498847425 0.05972837051952667 0.0019974243180887244 0.0661770120801273 0.07506854572783386 0.07617101489956651 0.04091522453257979 0.07838102158958088 0.02806212368498955 0.03125000803201804 0.004450813338536464 0.052264855874414595 0.02338384523773183 0.04766553218827705
77 0.09340427590598561 0.009879131762636634 0.08245461040599568 0.09132388134726642 0.047368402538907534 0.014475255473183828 0.016019643532017513 0.011974225607016538 0.12455613374429013 0.09646663899022957 0.0445199140916257 0.013885781969580001 0.001249034513342841 0.06705159374729061 0.03844955498621389 0.07117525725388948 0.07113622144112162 0.009555526962848494 0.0892762073645123 0.005778708362045633
78 0.04972895027683895 0.06814651991590581 0.08267206288038778 0.018749296407639705 0.026475172155033058 0.08293132529137691 0.03658767157485113 0.09193442419453007 0.05221269884862088 0.05096908410793718 0.016638423857136615 0.04000462587685287 0.03769523063894857 0.037479023408165876 0.09404125666337453 0.04070635480780763 0.017072716879288116 0.04874678427879899 0.05110314253533199 0.05610523540117334
79 0.006961263367906206 0.03536273084424878 0.045157558695930564 0.08844235795428781 0.053480847131883946 0.05658332293249359 0.062301120671089665 0.03539262153892154 0.05041982233825673 0.03987537218326693 0.05592900448721691 0.0006985183082874271 0.01214675863712901 0.06616389314044721 0.045737837659610044 0.056628976998495534 0.08516438910995262 0.015276330820050607 0.09445420947801988 0.0938230637025051
80 0.026599240008568364 0.009061507694688076 0.052968435474017916 0.0898355174285096 0.00821007564201265 0.056240912605477596 0.04523375380824376 0.029682054887621507 0.05597590028823888 0.08693586636014072 0.050007222081840955 0.011493382861530304 0.027125671648919172 0.0746231216760187 0.07957030288225174 0.06105972771872798 0.09479996830549468 0.05074133869496886 0.039972149808828954 0.04986385012389967
81 0.0620778688989714 0.06975557424093444 0.0053994002697343195 0.04890649883785809 0.07157256163227975 0.07239957183645669 0.08504817313652224 0.013975708122909169 0.0018010757802741945 0.007348544188323753 0.057421591778736326 0.05475327093000776 0.07490419571520278 0.06639118307548392 0.06978429558711463 0.07075548943372546 0.012292089477232045 0.07517217571679906 0.02785930272716727 0.05238142861426663
82 0.04256981414784256 0.0787921584579732 0.004487841285290925 0.07220675016726891 0.08859882954489011 0.10411472763204582 0.06304060554860852 0.023326155458491295 0.1029653484211434 0.03693239621352406 0.07744052658274894 0.05267394101174256 0.024812353735399004 0.040488583685185944 0.016769381972960105 0.030395782990679954 0.017493629547570565 0.044865363688931764 0.025962380201872356 0.05206342970582979
83 0.04436436195970735 0.08091003814235209 0.061858131685966135 0.058574092703642874 0.004357141900533239 0.08606566328325536 0.0016816311208101263 0.059781018929572556 0.04070909076357344 0.02067308515549415 0.0036573535130990636 0.04581173270243514 0.07459367617404819 0.08607982204522154 0.055721489530080666 0.07286451127617813 0.03897325156911672 0.06408038344573153 0.0387759920356352 0.06046753206354663
84 0.06963261140756218 0.0242112030899897 0.03628944135877824 0.0013721998297129266 0.0693975232696365 0.06917327608045029 0.060258336687640725 0.012434523032197433 0.05644860839825026 0.00942585905441945 0.009568628150912 0.044574585749219436 0.05908612211708527 0.04738035528147553 0.06529396919886257 0.08941718999332142 0.09212962209616167 0.03592053921324798 0.09101985253810103 0.05696555345297557
85 0.007963847207607908 0.02600972523545 0.025069718442143573 0.04411340160709099 0.09126062083864765 0.04933345357231231 0.03164913050311397 0.051617579601964454 0.0758032988667465 0.040104049901270006 0.009211113292553636 0.05377489186019117 0.07999281150927254 0.06167410908499748 0.0285200961682123 0.0857106519170724 0.04754568450089067 0.10318234212756591 0.025138084558174168 0.06232538920472252
86 0.07935606949824106 0.04247105719220407 0.006218815539384106 0.07054809946292591 0.034864837179888794 0.05347934432201694 0.060548173620478346 0.021096849940865806 0.03842251055790587 0.036714779932015044 0.05978078999471947 0.03809479535298472 0.004439448355657917 0.03247878869851752 0.08065193444076231 0.07100365652731014 0.057482478649721135 0.08132355045088298 0.08756632146692747 0.04345769881659055
87 0.09869724617001858 0.010454274032707616 0.007063720627149103 0.007746946846609896 0.025911855678925042 0.10356415802410948 0.012595746247020013 0.03998710213298389 0.13050696078607343 0.02400382187706385 0.09558746761994492 0.006511263676947021 0.0394700906567608 0.012501547218794842 0.033921171953387896 0.14039887354787045 0.02235243078894912 0.11062245854345783 0.010614371558229876 0.06748849201299639
88 0.08938116842970593 0.06958065147394658 0.04114769407247703 0.05342782246488521 0.015014864715464489 0.023985426331939775 0.017967641839271204 0.0373002147485501 0.047831536865164344 0.028158225402508768 0.09394469095980296 0.06994554259345347 0.08053890370221879 0.05039125848080906 0.01746507970191356 0.04426564767231501 0.08039975524859597 0.04783740628138496 0.08787120789669435 0.003545261118898689
89 0.06264120658270582 0.06883152340370326 0.033285696170249325 0.07119507405125888 0.07934742674290599 0.011771486579992982 0.04625972438837032 0.036966266561343046 0.06524179269597029 0.07065425283987248 0.08716094359793422 0.05226634927006153 0.002278155202719318 0.06618973830877825 0.006050282317634482 0.07156406206717868 0.0018884964940244673 0.04861008731323551 0.06760747165717555 0.05018996375488569
90 0.015412449075472456 0.06013777351918591 0.013177673482579342 0.01888798564632374 0.06338983637419843 0.05771811575361054 0.07440251188104444 0.08607117043153437 0.04551806652373487 0.05816902508898062 0.04620376624080195 0.021331122581221593 0.044858361176911686 0.07244426246182305 0.01829003249312028 0.07666887123443894 0.059103783633161246 0.05677682311923311 0.06195212173993083 0.049486247542692534
91 0.02297224077130256 0.052360913099077894 0.06590185311068204 0.05161018555446784 0.07781016546948073 0.07568589243183185 0.007761379055222623 0.07998417026954706 0.08442663353657277 0.05953165270153733 0.04891774523584717 0.01422117728573178 0.026800819098866738 0.031971514176824825 0.03812047888122854 0.08357982303100962 0.014185434132318521 0.07576671275972569 0.06361857721528959 0.024772632183434933
92 0.08247914088149086 0.017016889235566733 0.07653795893258432 0.02655824644720559 0.009572717711645338 0.09016710662400795 0.0037200331408301004 0.0019547997619141382 0.06691327234263925 0.09599989563926407 0.014980862973138033 0.030964111866466405 0.1033025352911848 0.036446383782071844 0.08809325185468575 0.017750401348980385 0.1024281552018477 0.03583011849455056 0.09324048473035004 0.006043633739576192
93 0.01823429637876298 0.012033324323260718 0.07598235514560446 0.046107039328519936 0.08545795180447169 0.09095784064666898 0.007136409411373424 0.051196410737804295 0.07922109822083923 0.08243366845057105 0.01548538541692689 0.056739379242146316 0.0782044657619583 0.028422112530252615 0.07962100714868928 0.0681057635900223 0.04875944746701787 0.0025253820476300124 0.01395105220217484 0.05942561014530471
94 0.01685607645420429 0.06824236835221788 0.07884337490409306 0.07398010944102847 0.0836889245192957 0.032231458916413644 0.059701105476863296 0.08598209639751497 0.02356563615907746 0.02888949377684308 0.08362441031046611 0.05760981176700333 0.04284750480680771 0.06528037376607836 0.02828977451487434 0.004433043837257271 0.0795329235123585 0.02612099515993762 0.029081299427585885 0.031199218500079055
95 0.03612388506209314 0.05947888179731772 0.07219618368546599 0.044578139733715216 0.02816045285029927 0.047431744521023125 0.0675411744973643 0.06920209850964719 0.01009523115292004 0.06140107559350196 0.005200778005359741 0.04855703800848346 0.05636447682200619 0.07068460977350786 0.01433048472965173 0.06758951926182198 0.041290635097379826 0.06425415794416098 0.07879522517365296 0.056724207780627436
96 0.047033017145251196 0.04763536494314089 0.040956351208851514 0.08322706827298788 0.06036483548177336 0.034087976595325795 0.02854917712337804 0.05271258655708154 0.004819655951587301 0.07652533171775561 0.050773603499181065 0.059975836879268385 0.026537289533220737 0.07098663409941734 0.05118078431958206 0.010347024165649955 0.051045543078371086 0.07447573098239152 0.06952774413740605 0.05923844430837856
97 0.09445624704670474 0.03551363678425729 0.05506666093001528 0.029802911900987952 0.03699421853634655 0.019746866446022127 0.04059533799025718 0.07697543707439775 0.025578954072504243 0.04232063357407168 0.04425086493971737 0.0768699518459546 0.0013399830781161072 0.08996582020957382 0.024716020409430384 0.1026226397731481 0.05309638851272544 0.09217457042907463 0.030137302833330947 0.027775553613363552
