0 0.0630875900525279 0.02336091069393056 0.010029324882052205 0.08423016217302556 0.09876121114258106 0.0806585736311145 0.005787822083225132 0.023614399470173048 0.04357206996034437 0.07233678625507586 0.04319645122219826 0.04365246439111201 0.050079262896841115 0.09657032501657281 0.014340298543240882 0.04030630533542385 0.035254367508000595 0.08890871305687534 0.02425210206240304 0.05800085962328206
1 0.0778356062604127 0.05618456375517171 0.06365030411422 0.04075181815256608 0.05415316081979731 0.029493280884238016 0.04665669192002159 0.039086646815196774 0.08674040289938083 0.08065658081845685 0.06232728579142362 0.07745181132877779 0.014497228627393204 0.06299234173591037 0.03935356225385415 0.06391830246263673 0.0003536884236742022 0.0005864766652601597 0.058825135126524195 0.044485111145083744
2 0.0649702678864576 0.01328599268492927 0.05082033305946569 0.06074859703187212 0.028675338895295596 0.028058185057315957 0.08604135397097173 0.053401649971240875 0.007579105669411716 0.0817077010984965 0.05785435847536612 0.05309742319013144 0.025941319691448785 0.06938707718067703 0.04919669217118474 0.07232847867394128 0.01134214350608067 0.053870634439402446 0.08127444573685721 0.050418901609453205
3 0.022949846316783432 0.0946197049219691 0.00313381275330844 0.019832395751283424 0.058162171553442055 0.09553368306038029 0.06765104456601989 0.011050311110274758 0.07130504075585598 0.09046746494216636 0.05816486182558487 0.0588643805471049 0.08094595431531532 0.010493007051654301 0.0021060684491744637 0.05984102957490906 0.051089135939869725 0.08585130332494062 0.02513119439531705 0.03280758884464629
4 0.08196962782501925 0.018911930604125278 0.08061369962608748 0.07794826237389012 0.0572010457103327 0.037532017761272456 0.01410679851218455 0.08588600063050914 0.08831515326456418 0.04196591600699179 0.04098569985111476 0.002887607287681624 0.016441093117352847 0.09096060111070846 0.001703657956779291 0.0008985657343923864 0.0821121509816647 0.08673709040725214 0.025275305918644554 0.06754777531943228
5 0.02234584741681844 0.02675841700148251 0.057847126919474676 0.05072791112215192 0.0600617736576174 0.059717273527919924 0.010814019333020434 0.054731806715516945 0.04804270881183935 0.08308596562704135 0.051718154667682516 0.025123295598531995 0.06820503862380448 0.08118164411735039 0.05908234338274139 0.04165856816978269 0.0770002129308025 0.06653760211377861 0.0019610137119160076 0.05339927655072642
6 0.06858601819840236 0.05010521591712731 0.0770701146453624 0.037287460470419136 0.043333479401223694 0.08908854509137334 0.06263670952867136 0.08325846943628623 0.08963808040753116 0.010238885581110243 0.0049979785892560495 0.0751971897071268 0.007422459406131986 0.05481721894277031 0.03051156329757874 0.00023221556196646858 0.018683661753522252 0.06038927981849409 0.08698337475057111 0.04952207949507471
7 0.09822691332850467 0.0722206180356578 0.017545089398638327 0.07606066005739119 0.010796637986911311 0.030500809953789725 0.0851153295260752 0.017587789269520405 0.037921121692354724 0.057308391686481976 0.014474389005249803 0.06925327914488402 0.037114421687105596 0.06742754899181774 0.05244557052443761 0.10832233229774725 0.011278357961433593 0.10686266187620157 0.005721910793954784 0.023816166781842594
8 0.022000149826412546 0.04992852469392944 0.07393179182180044 0.07946110441718904 0.0514929877414732 0.061207915677563826 0.00787150885433929 0.010678260666548419 0.036276077189143045 0.02152782507279059 0.07784741939312462 0.07467182371822045 0.03257962935572491 0.06598610183256422 0.06514890221234279 0.045135268545821276 0.05711557087247654 0.07687065981642982 0.08247503544448513 0.007793442847620469
9 0.06055802320320187 0.06454021018364982 0.019432763523267917 0.058686198776545545 0.026254778132089394 0.09113854314622556 0.05860098872730105 0.07681018092995485 0.06164063786608112 0.025132893942475098 0.07983355598825058 0.04079615982867722 0.03384733828211087 0.03590241649194932 0.032680737608357574 0.09731469539637154 0.018111121104920507 0.0998030116989678 0.006742535695076656 0.012173209474525928
10 0.06071222907397351 0.00030269288632510095 0.03871218731829709 0.02653503413105067 0.044853975992253006 0.07324325436097752 0.04785799408054555 0.08682489746424862 0.03321040429748084 0.07659913538882519 0.09141533356825483 0.04721306588425767 0.04362403910291544 0.09910314401285558 0.05654663649166608 0.023656066746261424 0.03616872261172704 0.03392474889346131 0.049448813430226696 0.030047624264397076
11 0.055110304841753374 0.08775878922042392 0.11191117595443871 0.010419808646365984 0.03538285594054405 0.047831607388601434 0.021239777912910006 0.006275297847812649 0.030510483434637078 0.09564955635554252 0.02617711055675271 0.029584066115522053 0.055581032501916615 0.0024509392775899004 0.08856335621006081 0.06854262321245921 0.009860028390040614 0.06501700374707432 0.04490412611384728 0.10723005633170674
12 0.009979439881575538 0.0841592065984748 0.08056337213802817 0.045796790893406096 0.053068817012862195 0.003546041969206976 0.047571372222375764 0.07636356899652058 0.05005463911934281 0.023835846306809388 0.03394596463998765 0.08048841893740777 0.07660648100894206 0.07211176678594315 0.06004230828057674 0.028916076080043426 0.027054815428471036 0.00997452346424911 0.08108671854654573 0.05483383168923099
13 0.08235333365433721 0.09313213204544499 0.03996147889761853 0.08634577715338367 0.01669980402628142 0.09296532527080047 0.0783384609678862 0.05586805450073417 0.01732795835488341 0.0026324620253405234 0.03860689909552638 0.035364073792046 0.0008662763874174213 0.07837102904347791 0.08259823613035688 0.04593685468750341 0.04879508158699656 0.011050720176619183 0.07346159762491357 0.019324444578432146
14 0.02990356343964554 0.01875301380567629 0.06825128507590623 0.05726946733456985 0.08064124895581547 0.04573215315947715 0.042240695856256304 0.015392691258360383 0.0427389163569136 0.08629944595428914 0.06944025050211151 0.0492798553242863 0.024578749263270142 0.07281584715173053 0.07782900811473069 0.05745771904429026 0.006399124337336304 0.07801252864549003 0.0009204409548700707 0.07604399546497434
15 0.046047103331431784 0.03363479238078909 0.06796870401252131 0.014709981221904568 0.02746361861165186 0.07846603929367507 0.04601377223388328 0.07603393162103078 0.03296788506427517 0.06758926003212819 0.07719350713325958 0.030044320580679927 0.05094821100537129 0.02824162069583862 0.051876139359518576 0.06346454216537045 0.015487076553180304 0.06906817848419736 0.05419254703813308 0.06858876918115973
16 0.07167874850012088 0.06010919744087847 0.0932814874311237 0.0798350649311991 0.07228153863161418 0.015470313119417637 0.038693685927876725 0.0678958242307373 0.08438718252740803 0.01031747447631204 0.00040671339166816405 0.08560875847162845 0.04211639539406161 0.07049693226953392 0.006988479117748066 9.273783553021276e-05 0.060831248773121536 0.09731599481542806 0.025394978787652164 0.016797243926939875
17 0.09869392907478858 0.06119671422709731 0.012214172985734007 0.08828131014341203 0.021238512525261117 0.06353053993496968 0.045289788477951023 0.06832372551863189 0.037439671720999865 0.01955397748539793 0.034618669936574344 0.016421072083557364 0.02520911443078863 0.06406626100982935 0.041287448917333394 0.0958647735019744 0.0444777402144056 0.029290708860062586 0.04338252461965453 0.08961934433157627
18 0.04142625958415904 0.11141861038450132 0.052598022338498425 0.012383340464332027 0.037251941408638904 0.10173367568713385 0.01568704635523898 0.03191486300904616 0.09354451436817013 8.581910064324802e-06 0.029140398703925326 0.10245113176627846 0.06897950694737054 0.03750276676263541 0.05935381746325919 0.018017085986942637 0.062216760440830035 0.09919708437202346 0.009783056146289375 0.015391535900662421
19 0.027100162052690502 0.028951930505672917 0.061124810986176184 0.06359398049071749 0.010253926604947021 0.021549643769685635 0.04492726937670303 0.0979988874467419 0.04566369440612654 0.09397002520944156 0.05101042256567235 0.016483171340831933 0.0012958698178065287 0.10582928070933088 0.08255693841355712 0.09579650190070615 0.009180065530049084 0.1045124965675697 0.015654212408586995 0.02254670989698663
20 0.00020526536277815666 0.08316346466854128 0.0024434870535133438 0.03346330552817408 0.03934061722242242 0.03223366412908966 0.04200047537949944 0.11177966357006393 0.013774905890105046 0.05630535874034408 0.10114160784750467 0.0641934969695277 0.0013029678378731033 0.027940715488367667 0.058053479692239736 0.0957782277948553 0.0834060829665418 0.04564178283375876 0.10021304366108348 0.007618387363716316
21 0.04763468180613799 0.08879246500757494 0.011117678232650124 0.09298102697179877 0.03206251079481706 0.007742840088685304 0.055138452779558665 0.051024095558381055 0.015830634888599187 0.02469481814279805 0.009080995389557027 0.10044615485417935 0.043160090034301796 0.0943163150974172 0.003384746644736467 0.07922824104146402 0.06633519458820963 0.08682281171503142 0.033727543410120825 0.05647870295398118
22 0.020121383988554994 0.10542531630909883 0.0162107705025119 0.011267586564488102 0.025830567970699502 0.019555003758611574 0.018819257892331676 0.00362841059202629 0.04608010568475069 0.10637022080566928 0.020214150811958785 0.09471771582100222 0.08838834523330362 0.09441305736488244 0.07421935351608637 0.004911414411366563 0.07000382101698807 0.09722380682027697 0.013513531814580777 0.06908617912081136
23 0.03771903613941104 0.0985223672180186 0.017790004316620107 0.016133713655532112 0.05204504500940687 0.09841753307063428 0.0638494740272452 0.009561770218102342 8.922921971255231e-06 0.036976918991485884 0.08938254722609436 0.04603225571477867 0.08197243079140983 0.03942091567326482 0.08600917066921449 0.0026952160706907625 0.06846280871112732 0.07475129045902659 0.023217186649982006 0.057031392465983315
24 0.04874980875709667 0.04703832597560659 0.08623996832141047 0.038259874061842426 0.06691925617063438 0.04011350683576477 0.02062109557693196 0.08293872143806501 0.04821765938999644 0.08176926891345794 0.047309978794387565 0.03880109761762847 0.0631237038367487 0.028032095915609293 0.05172134587225383 0.042841768271209724 0.04062273535470938 0.0037842087938650187 0.07236251712851448 0.050533062974266955
25 0.10905400590521105 0.07052735033781979 0.1109570341157654 0.003920970252785514 0.04949114868068633 0.02670334060131583 0.0021301137622531108 0.04046329910293714 0.014810504247037951 0.09573668572455737 0.034488278281019434 0.05745383352060315 0.019852299426467837 0.036219994943817016 0.09118937301511262 0.0899827531325263 0.07868835191600226 0.009860762825430558 0.04024721915505428 0.018222681053597062
26 0.01840651332141776 0.029263315875444732 0.058033776059336885 0.08468051941683702 0.04085943943504863 0.01776080979053817 0.028223474063579394 0.050281393210566724 0.06917252673914702 0.06396009949124731 0.06848833667447789 0.05581100101086487 0.006560091050187382 0.06130885067061346 0.06484001979237258 0.005407535958732449 0.07522729965483704 0.07324357895727689 0.08476305875146738 0.04370836007600636
27 0.03914305974271474 0.016951318580112573 0.050909534456245686 0.009903898573881263 0.007183489502319574 0.09232446540699 0.053042204517973014 0.08563826786889589 0.029784400683669377 0.0947834973046897 0.04039684403924968 0.08817249208192346 0.08116703455221493 0.014380714310609197 0.02229666120962943 0.053650734268458074 0.0724012107861372 0.04611003871505071 0.05209403634148137 0.049666097057753975
28 0.041183029859597556 0.014369671582538908 0.05393043934079418 0.06937427964762605 0.005558066684881143 0.02422548854839551 0.034927301456986866 0.09099621827234004 0.04990268755854672 0.07809465520022418 0.05153354244927998 0.0816166451128536 0.030246716302714936 0.022475038912728045 0.07543238215229328 0.09757731643798677 0.08780404223774708 0.023413775963367866 0.061399081442501995 0.005939620836595328
29 0.00671920430091785 0.04211584205384027 0.030862793538460387 0.0665589558778582 0.09385680535582486 0.0689050142380128 0.052770718384363834 0.05489846522021814 0.03809570935942687 0.0068115345957477265 0.04624195382034631 0.05633949303980331 0.08188974476129354 0.02854132427590027 0.09605508876998962 0.06524983550419683 0.07361962495716645 0.06637626835188258 0.014322124738398327 0.009769498856351809
30 0.020524038030426236 0.02126529312415024 0.01236128838546636 0.041302916560540956 0.08120834203172363 0.059115965331828065 0.02087669380421344 0.06160333280880039 0.040739804972729096 0.08002525043076679 0.06443970984513135 0.019699173928530885 0.040864092448249505 0.04671715367132158 0.052497707166663896 0.05406571396334579 0.08937338498568181 0.050356615949779616 0.06431132763424505 0.07865219492640516
31 0.02137327491786277 0.07497835717868925 0.04865536680716073 0.012622140447593551 0.07077492031943872 5.0578588577251284e-05 0.08975203642345515 0.06884111842066058 0.019965416848946396 0.11617010976021132 0.01124347157383415 0.044952356568359504 0.057339046038976146 0.043764212623658594 0.08395739843352393 0.06843255682452165 0.045976217038057064 0.03902293604420271 0.07658991433873225 0.005538570803538311
32 0.03129268932634424 0.08251025158200913 0.025916056546872984 0.0527288463610416 0.02889354590938485 0.0563643695711179 0.02256146083631545 0.01939988607220401 0.09376361782028128 0.020366687831263205 0.05155039655438349 0.04836026420850193 0.005651972061053087 0.09759748957191716 0.023722051567450997 0.07082809334898951 0.10227719085165747 0.028268659580781043 0.057180451295884775 0.08076601910254565
33 0.03917497834759245 0.05864324195131285 0.021934643457486146 0.06544953485705113 0.0795957694071859 0.028591514461803906 0.035452615984071366 0.022886936444425934 0.030442588106938222 0.01304443028425092 0.03509828771366042 0.07437018145170325 0.04954679283422938 0.08963780791387947 0.09966134602579242 0.07263230005869684 0.03209341165936975 0.03215981834312523 0.08268890706245732 0.03689489363496694
34 0.10233488776890096 0.013202244253085766 0.005772936352997667 0.016650666027402554 0.07517782083484315 0.03958255454761837 0.02366698468340874 0.09988249629010414 0.07005638711595978 0.058642513527175574 0.044812058577178536 0.016550976978328028 0.041650650646321716 0.04575569025926629 0.07086032863867518 0.08770500152734166 0.051476839534874905 0.01452847688742857 0.02583120744197848 0.09585927810710991
35 0.09450553936044791 0.014897997848975322 0.06724791427783341 0.03878548942532587 0.006622874535290623 0.0592331824143975 0.07410079637501032 0.06904406910320114 0.07029947680295691 0.05520057750644277 0.08281237810867868 0.05196645479012884 0.0354987302968657 0.029146649786658256 0.024573518203175954 0.09490973502726983 0.006529284224310401 0.023072254411165727 0.033291650798102444 0.06826142670376249
36 0.03727383890882173 0.04126547776181183 0.045856602746723346 0.0901826080050379 0.05505252862991036 0.006155061652948082 0.0837674099581325 0.01872455832970061 0.09753857373205897 0.03749600179109052 0.04251416940790604 0.07608361287647639 0.04301719241432553 0.08896931089898369 0.07383709119846046 0.029773113781821067 0.05250592718269695 0.042297214800912086 0.013547059180481125 0.024142646741700805
37 0.0161952821948577 0.06719129290812431 0.03967396243566909 0.02119150340990269 0.024589508164243042 0.0276864844592411 0.08613960777049678 0.029180772041848026 0.0573716644333777 0.004438005984308454 0.02602192969834533 0.09419663155040295 0.08939144492867651 0.0330505384765854 0.09469656420415817 0.017907338675211944 0.06926891874896468 0.02683561593173675 0.08681536190534472 0.08815757207850453
38 0.0570053862330567 0.07227469451049712 0.08206145912458056 0.05015713517895473 0.0009844809227913284 0.021058804578456103 0.04478031784123067 0.02166699419559743 0.03076881715275265 0.0770740916136702 0.08579883815834045 0.004296007767509984 0.05610987486490561 0.02673204473848201 0.0442101059576065 0.06195494309666149 0.07767666272462048 0.07724964662993809 0.04736691710291675 0.060772777607431
39 0.03318150339136931 0.0623472828624268 0.0598769070431328 0.05267707254767341 0.04249883370146348 0.08416002921339816 0.05226203531443939 0.07178733918910724 0.06485900240206505 0.05517740958113951 0.027555012026718968 0.05155784007425469 0.07509275009993699 0.045916876059942296 0.01047336534665995 0.027941271071272714 0.059792329310758514 0.05192604117882311 0.022558644675727456 0.04835845490969025
40 0.09664004685497311 0.015016433809250366 0.0995037656006578 0.01960985382985365 0.02661603447569136 0.0006205209261567605 0.06669978097517619 0.03985915606954259 0.07135406497751907 0.07058741596328154 0.006363912054354896 0.028111267161672972 0.10202954338803487 0.054050296813282876 0.06463357428996674 0.035488814398077974 0.04502407075194221 0.0414065493978762 0.07670594129510103 0.039678956967587845
41 0.00982421582967112 0.06929381416931894 0.07753677288256411 0.04048060362810465 0.009974645439562503 0.04360200649470353 0.0024653047215321684 0.06387072045843212 0.047853141745029165 0.04218308980265893 0.06895774602433116 0.07267407228575767 0.0439390431850718 0.01947973984566387 0.10357344880742556 0.016259595212317828 0.04197182118738103 0.046755541258013227 0.11232098786128004 0.06698368916118078
42 0.030183087503927595 0.08291606372010608 0.10365855953945816 0.08916059612970113 0.05668115756889413 0.019082280959062108 0.030437470808181974 0.03431100834978525 0.10018715250323887 0.060699060926168884 0.02646907618975139 0.0046781550429515996 0.09996264492776846 0.043797823876829366 0.009348001094286459 0.012222943652003822 0.016692581524772394 0.0342048865242847 0.051687256396789075 0.09362019276203834
43 0.001841644036402744 0.0542325100658371 0.10116338897793918 0.0682265008066404 0.08035224257094607 0.003996973277912556 0.027549587979274433 0.05294485858104309 0.06424524001042281 0.07511635702961152 0.09445395044835125 0.010136976611653734 0.08215584759459846 0.005905716641048699 0.012352220753224709 0.09219269756281673 0.014549813386187044 0.07201022949399219 0.07398797804565284 0.012585266126444346
44 0.08876635574193573 0.09786662817804254 0.02382935225995334 0.003949199207781061 0.010328737341312136 0.015361251118551442 0.03484683499641577 0.0212153947482247 0.09608919539178584 0.09310616696382233 0.024302437116305132 0.03729171057213455 0.099624660317937 0.03052882087642749 0.08862539905366902 0.06924937501554955 0.01703709015669083 0.09875306106904738 0.02379455993707436 0.025433769937339847
45 0.09815415493150653 0.02013030069007805 0.002403613483444144 0.026300413070191403 0.021445761263007613 0.020161599162865335 0.027263347532150876 0.041072971431192803 0.06306825474135677 0.09739889049346867 0.06084575880804288 0.09118906952841535 0.10197802498340022 0.08787041856442845 0.01111446972969985 0.03593900330026325 0.01057523971410883 0.06892173614827747 0.05968245914824937 0.054484513275851985
46 0.03579308608223318 0.07459115498983865 0.08832032837975534 0.04069021052373883 0.043525785136374714 0.08225306094366894 0.014543777046293343 0.05836551907505319 0.021983160060748748 0.041653027735268744 0.009224827023891212 0.06172569031240361 0.02782386473188085 0.041334281990609664 0.036554553428559504 0.07129919766052115 0.08812932731620304 0.054785556275930604 0.05585420432341037 0.05154938696361627
47 0.08249640232156322 0.08908917855665913 0.03837158925177624 0.06997569794942246 0.02532579226213477 0.005688212413005749 0.024490754766674793 0.09265581145377888 0.07233597809096105 0.08033537493475897 0.03358783637812871 0.00668586259271766 0.09063583630112666 0.09136551164554271 0.0412132218573146 0.0024686047581333513 0.0006496067623072151 0.027036837477857963 0.04052538273473459 0.08506650749140131
48 0.0418882231296952 0.09049162912157045 0.08217515441537696 0.09523888148723379 0.08964207263891234 0.056417625127088054 0.012181557611782795 0.057524046083686706 0.07174953014567677 0.06853825829240347 0.04650074197281364 0.01890062321542388 0.044372066533835346 0.029794882156817554 0.010815725915367986 0.07991541343029486 0.011189609605922557 0.009736201746524613 0.03510530408815597 0.04782245328141707
49 0.048787285424839365 0.010829468974462114 0.06980994075954236 0.0489738998623636 0.07721842212575175 0.0165568061906155 0.04441227978705446 0.0829426440576483 0.03801483931693933 0.04403154685811461 0.027767781752802378 0.05183038346351453 0.08338258935164727 0.05516465815320784 0.0776839531241917 0.03918706362078293 0.02259098361041192 0.048038314482577255 0.05541959571361521 0.05735754336991766
50 0.06872674305168977 0.006084098438133395 0.006695717910526605 0.06461139656714217 0.05370024976323505 0.009753494352846686 0.07574813677695379 0.0011995529470540335 0.10270475291039213 0.04994877176831004 0.08638075679918827 0.09843057397357041 0.01629885541200471 0.004485674596514677 0.053784205524225005 0.09640648540747941 0.07705908197779734 0.052222049813019554 0.02805710598278166 0.04770229602713542
51 0.07531372492902967 0.06930207650940402 0.011956461428771957 0.006981239224718334 0.039957735356509566 0.08682233449144952 0.04396503805061235 0.05303602604306696 0.09674093220093301 0.058702734300625496 0.07112572328249586 0.009328606086879949 0.06372649106336044 0.05710394260446112 0.08329193561484909 0.030488319104209873 0.01882929791232149 0.05506153475280143 0.04040904547753006 0.027856801565969955
52 0.027596369621283773 0.052846019088819966 0.037361012571494434 0.08902681552858148 0.04044459360239635 0.026582351275665318 0.030253285973250176 0.11576556496542509 0.03362278703195467 0.09236602776718113 0.0922387390696151 0.05404380778117783 0.02089514503338229 0.06318290362130062 0.007843187008040858 0.10734732437521069 0.012501409122919967 0.048875596166151364 0.026571129422482843 0.020635930973666068
53 0.026445320641717313 0.019655889467962286 0.04213190417953999 0.039066094802416296 0.012664954020854177 0.03136779474216231 0.01874897307394739 0.005179717572258655 0.07763631477549844 0.07127089144087446 0.06333481785448161 0.09004824899262308 0.06459612604454239 0.0733244701356847 0.10716458565680351 0.024561483618750612 0.0829852205529438 0.05669649385392786 0.04908636337712407 0.04403433519588705
54 0.03939978489152013 0.09835792550567626 0.05969599866897118 0.050267279107501804 0.03765373725751126 0.04382670392876347 0.027786834526838472 0.030113579883841966 0.039636539586383475 0.0938253379066585 0.08653139213214149 0.08446249723222476 0.026380975672849038 0.005439942682597142 0.08729381706223172 0.028749337710808755 0.02018496715831462 0.02476698398680216 0.014794186539002056 0.1008321785593618
55 0.07501824127908564 0.025226069694061923 0.0217695587008217 0.0350892486220028 0.06553181596389042 0.08755925687847296 0.0176510243547779 0.03341534398575235 0.060436603990396076 0.0430818205959942 0.03840101895990076 0.030376210337873178 0.06921558741075313 0.07418203209678448 0.0865869424653167 0.039687115418060234 0.03430149512578368 0.047417096882743544 0.08741613391791567 0.02763738331961275
56 0.0784651577798179 0.0028590967874728437 0.03684398524346336 0.04767753770437867 0.03561749432954113 0.03228024589870406 0.0307786039892983 0.03188826997273146 0.03843289779059725 0.09533806839295571 0.0076292375277160745 0.06245804046437596 0.06830305941574256 0.03342969837819332 0.06895739322539048 0.04318865588551431 0.07914183557369243 0.03658769113710189 0.08484400982287774 0.08527902068043464
57 0.039502116538750444 0.07978275769207707 0.08648589738426207 0.09346622056697818 0.0053977782678521075 0.07987968932966753 0.09146759551026629 0.02033666706218937 0.005221690351064333 0.07410511825419196 0.02116495650411797 0.03528352238570699 0.06524197377223692 0.02888079834863911 0.004651345123882921 0.023828145983098153 0.08686837689874603 0.029280057000718916 0.055844490873941194 0.0733108021516124
58 0.02969762933344882 0.0744683126316958 0.08676917707522398 0.07785507219388045 0.004981975583087086 0.04978074154491251 0.022278649663919375 0.08743691489628905 0.06334010096404782 0.08734096137536619 0.07851800805753356 0.044424605987672006 0.057472991868065204 0.058816973705905384 0.018198775102585687 0.003846029877891503 0.03196693314814173 0.01768194989901528 0.08421964577075444 0.02090455132056409
59 0.048534589485186394 0.013348844027472669 0.015980344553769562 0.06772377286711763 0.05735646145336268 0.0030119481082789648 0.07474262554943889 0.09711550077220295 0.09532742925936719 0.03054696743977128 0.06736829214930555 0.04095939203477545 0.009549289383037066 0.0766285948919976 0.052571606706094745 0.08253574056664212 0.06196649086657221 0.011756889946989129 0.0026338294464350914 0.09034139049218272
60 0.07237384285286105 0.032362320500030274 0.041401727833925844 0.06375593884942783 0.049712556781893416 0.08014371856277745 0.1020494936226123 0.04849949523439521 0.04884364846132126 0.03169739964122742 0.07093663406388775 0.004080177808322669 0.03138081147692133 0.007529343860766847 0.052143666141264144 0.04985404950047714 0.05149928982087666 0.06680302231811094 0.04254066716731939 0.05239219550158108
61 0.020803172515077233 0.07851598329817744 0.06936709464103545 0.001819393251119317 0.06321474390543241 0.07358103017031756 0.07478266541470521 0.06854719324707682 0.04071081474585638 0.05540224438247977 0.07678333200263403 0.04418633252931738 0.05513615348344784 0.04799083567925086 0.021107635343888577 0.06573909055514278 0.006204244338736851 0.0417978372378373 0.06052432062299931 0.033785882635467446
62 0.029448128062837586 0.06441240781700554 0.057552658429567256 0.05126267119568153 0.0444740833058428 0.04608636009032184 0.03077783600928938 0.055573355569266875 0.030369713448800763 0.07038693641129139 0.04874565648470873 0.053811624085036 0.08218809638109179 0.08242967551178727 0.05956069406630291 0.05595853585558902 0.018322872209832617 0.03996153220264879 0.06890387327867138 0.009773289584426442
63 0.014358758047288788 0.026466613527681888 0.02642661058310276 0.0743076954004371 0.02904801380735236 0.0698068721323347 0.09231612943429633 0.05125324661601448 0.06368747603906393 0.09370556367303873 0.0528190656302118 0.002257926574457542 0.07620711669540045 0.0004286446158963507 0.015173056870415943 0.10094417422037844 0.08497490351044451 0.008150676397060318 0.024563628616347512 0.09310382760877589
64 0.014106868691578256 0.07821910110258468 0.04646589558203677 0.0015222378761063071 0.026637665106312082 0.0633391841001157 0.047740950950741275 0.015642831358434625 0.03701074567389868 0.07161469595844205 0.05488985194181171 0.07433871565275246 0.05825641177165641 0.06401210541094701 0.027932046357678812 0.06441525983711666 0.05330235197209591 0.0683015939996326 0.06274219074648657 0.06950929590957157
65 0.035360969124603125 0.07735073651875596 0.031423506389811874 0.03978915743419804 0.07633875484258516 0.04151926273131866 0.06428265290143333 0.061559861323520995 0.04952122898689694 0.014830606793769003 0.046855722260583335 0.0097735360615257 0.07739395002508054 0.0629950313421449 0.04522354536389923 0.07858319604659621 0.03699046890425186 0.057200529376671846 0.04847675092956115 0.044530532642792324
66 0.015251367294504726 0.028327528308417463 0.022037953151436654 0.04085132063259973 0.02945591299730924 0.05461430274771619 0.09382869194407775 0.09805558736571984 0.01953085387639957 0.08393328347923922 0.011006304614357514 0.010278290543439742 0.06920303111726057 0.08821207526215383 0.007350938292227659 0.08279837822461442 0.10726088152238374 0.08148751797010167 0.022181906116136022 0.034333874539904746
67 0.08466423190403544 0.0920278836152138 0.08198434847638757 0.03852182866925437 0.024954555382477036 0.08607177813233848 0.005926215016757755 0.08351786958166775 0.09773763604250424 0.018283286639201143 0.03424985824723087 0.0030469399446425324 0.00030892294312763355 0.03715206910844371 0.09026821210107493 0.07682853207504683 0.03711727459248382 0.05761139597633062 0.03771886958329978 0.012008291968481664
68 0.03153643114847497 0.09029310827098076 0.08535138235306895 0.009520819366605473 0.06198788397273182 0.05902680751623821 0.020730926152472656 0.02226033623646375 0.0951852911432543 0.11341965537190365 0.051313995382288584 0.055076689900000815 0.10504782554785204 0.014805794444888276 0.014284297073816126 0.007762382894779682 0.02363302470740104 0.02076810440313143 0.09884106500480364 0.019154179108843896
69 0.05008377478540033 0.06953387341051119 0.07319993435499657 0.051736676980617444 0.07400551351225498 0.030615138401018562 0.08312285586744834 0.04936759005357545 0.08423939812272892 0.005831097928712203 0.030220626083361398 0.07980802305646979 0.01887052742340438 0.08213836221619462 0.01580473951973222 0.0270867936061293 0.07866133758624819 0.00011856177782713317 0.06520744791216167 0.030347727401207197
70 0.09448707437714925 0.06919422867829766 0.03390611915858046 0.08993256278727693 0.054748640148602146 0.04498459160542693 0.033652447420661084 0.0035242030301788157 0.0831711710091091 0.033232202001605336 0.0448863245663377 0.03268065971148339 0.06519476182586198 0.08145718524491949 0.0178891809644293 0.09900298564461907 0.01961380322202536 0.014897190986784914 0.04622089712487033 0.037323770491780796
71 0.02369480850721259 0.002218496833446453 0.04765380739925995 0.022695858680229733 0.0334830084134058 0.07709040703421224 0.028387839909033725 0.07967205275710958 0.07903732725769132 0.0645085190586394 0.07022875142489425 0.08465233345364709 0.04723243298977266 0.061102876512606416 0.06389003068269697 0.051394885618663434 0.008680219592987554 0.03207080170916675 0.06365225842026963 0.05865328374505473
72 0.07380973778025787 0.03816807066932378 0.07007824271539717 0.07438111611401167 0.08007947732860282 0.03577112872365343 0.08360576516651823 0.03945584740603426 0.01917971264709774 0.0885768023316249 0.026870679060684195 0.041581566145153646 0.010320711825712146 0.0389124036081196 0.020780190467702676 0.05850744051757892 0.029258056482235995 0.07374598239662838 0.062492710615859794 0.0344243579978028
73 0.09740843008995552 0.08429680642882732 0.053493184450557556 0.055464824318223964 0.022551205223397194 0.04458271825149808 0.09990508914488687 0.07392665836131024 0.013765969820271565 0.06414643656170865 0.057200056515686014 0.01060768588547043 0.058910289984252545 0.04083025849172372 0.08152303249172918 0.019418148595328654 0.016244586005853795 0.022219659742866518 0.004896048103232306 0.0786089115332202
74 0.06021989843199208 0.060823675464078804 0.06716042098228817 0.058211667698427706 0.0043275870867037205 0.06229915291784953 0.04542220875173058 0.05158866051817 0.03271487341496643 0.06290508246571055 0.06729970042956633 0.0794698846014588 0.013370333727651503 0.0018283946107187623 0.0796308171228333 0.06384518927988182 0.043386089848497796 0.05632079201026625 0.046589365894509814 0.042586204742697975
75 0.04155976498936696 0.0014698894713819272 0.04212657229001315 0.03148368480900308 0.03224467274874057 0.06674298888493724 0.012992724245029135 0.11087128938088335 0.10816465356346162 0.03039839952559127 0.010505601853318208 0.10251114745974156 0.033112168636372466 0.0001722640166765076 0.05305481615647685 0.10783331790575845 0.10266017229747337 0.021970447842461174 0.026169401701460645 0.06395602222185229
76 0.07384417865316897 0.0698048837427128 0.06491664296835069 0.017121943740290916 0.03423847717382953 0.06415122682873016 0.01709132952215369 0.06830096128628034 0.01492954866287181 0.05557780469895006 0.0558471228243503 0.022605363945028698 0.05657719269927114 0.07606086099101993 0.07837156465577491 0.06727625661554844 0.07750519631158427 0.021314579501879212 0.0002548535572019798 0.06421001162100207
77 0.038388726789269696 0.09445820111211828 0.014149059965805993 0.08251523171781401 0.033460829631212205 0.0756660986870851 0.04007989791440653 0.04918901278057788 0.05779125727644458 0.04120175430507759 0.015843222737726474 0.09783085093765957 0.04183895602288148 0.037375528545923506 0.047987539244017025 0.040782295552351286 0.0224808717800486 0.0854708223668587 0.05887901430892983 0.024610828323791543
78 0.08534576151769971 0.0033395959407230965 0.035914509021591524 0.01930132138969466 0.030554556998819208 0.09597269071736601 0.011049717941372574 0.04918302813140779 0.03200388802125442 0.0732245390183939 0.00046649595458279257 0.08217625255011037 0.007646138354246883 0.04799678085930087 0.0720253802338501 0.08644642744430552 0.10564116911641876 0.05393339793680689 0.049302373254903886 0.05847597559715099
79 0.0762802750056844 0.027449830075507664 0.033952300717039224 0.06900485658939091 0.08448289809411925 0.006512122778147889 0.05766720066071697 0.018208046790968487 0.03391569078668472 0.04990505707630561 0.061602731821258847 0.09059184332346508 0.07879607368777708 0.030857495198249745 0.002759711742647715 0.07524178025330255 0.006302302237597289 0.08294253678323318 0.08868531294848092 0.024841933429422522
80 0.04173423530018485 0.03280291775721527 0.10895909252418802 0.063876103226899 0.02030558407736018 0.0012129937826492131 0.10510694903526925 0.10366191682689548 0.021711957260564428 0.04332224707533204 0.07395227320984603 0.0074874226345803515 0.006842927623087479 0.02268693109930176 0.06661936793947172 0.08516757368165438 0.06700698929326955 0.028644256930133886 0.025903126820617284 0.07299513390147984
81 0.07085601457624965 0.024252329067048273 0.0668801091860498 0.0646491225326352 0.0623703423330198 0.0543674363307479 0.014578102359482436 0.012185006598448232 0.03995239959422387 0.030583329055701287 0.08673340410095925 0.05944683332088001 0.050556276391402276 0.08388000185369054 0.01649578195489819 0.07776579514916701 0.022081210230038582 0.03824843499411122 0.026681789910840168 0.09743628046040642
82 0.03842266183813227 0.0066695931243460115 0.09197217259986569 0.005836262998026932 0.10543344248510335 0.08207387471895565 0.09208849969757081 0.04252395035816889 0.015827457231771817 0.021325333650243087 0.026033306107569265 0.06999396957110371 0.02249252872657864 0.09715037629511782 0.04275214149293234 0.03418240562414027 0.002821969333676908 0.10770723551461459 0.030148548633782926 0.06454426999829896
83 0.06941065567951699 0.08177648594367329 0.06455165147818433 0.0007700819669551138 0.09177126784484207 0.08416085034153328 0.025839365721076365 0.005891952627921233 0.0685995179833368 0.048167154916412956 0.06020426688708328 0.05594487495585698 0.022061787688291545 0.022356299494352985 0.005945901339419718 0.04053700298110035 0.010482155831977313 0.055454390297035965 0.09689390934404622 0.0891804266773832
84 0.04940771809143273 0.032031108106249095 0.07368735648202647 0.07500704469779484 0.023886219320330564 0.08140390385945007 0.10528799693413415 0.004803777225787356 0.027807482759005363 0.03767409240832597 0.0962287670280209 0.09234371104596616 0.04922403178183645 0.010478369303722824 0.007484981424860834 0.03221490574979831 0.08989843103699226 0.08425279020371199 0.015826845297119745 0.011050467243434031
85 0.04923848719672737 0.07687205852858846 0.056280017809789244 0.01421695182450506 0.07517004568659194 0.08315157773486516 0.034172128321000445 0.08246204981435709 0.04000626688562389 0.08419002737155336 0.0650333752259146 0.04850917434370058 0.03680720865767689 0.0787963080600623 0.027305504622625754 0.04239067323746091 0.0012872501357275574 0.025823040127310574 0.0023356816604483497 0.07595217275547068
86 0.04128602743274432 0.024428549153805552 0.027891994793894922 0.0806897841130102 0.04986936751844933 0.07229432610351333 0.026379929291649284 0.07302865453665609 0.06299146364268361 0.05217117468570104 0.05910149869243844 0.014858716532187125 0.04604563395470622 0.07688891983306709 0.04766462880517838 0.06584605952758298 0.07073200026769688 0.06905899803409402 0.011590051617057562 0.02718222146388365
87 0.027586547860963394 0.055393688455209714 0.03357348279873974 0.0669718610071764 0.07141848802203365 0.03383623308771548 0.015411955793240653 0.06320642491756845 0.03867731331438923 0.01673141108375622 0.03908906404423228 0.07814846849358523 0.06083918499684694 0.052695809901092495 0.05426644123426274 0.0706367034631769 0.06850259307362641 0.058522340533544714 0.028476145213583846 0.06601584270525547
88 0.07585551550006905 0.09790201792567074 0.08739886741609484 0.09168114764380439 0.03425863921789753 0.06765478768684972 0.0023095513534971356 0.014809668161956415 0.051160026848650786 0.046610796746301524 0.002155685598197623 0.012897606626210154 0.04447385409974168 0.05977933902292914 0.06695565223791217 0.012618743554691695 0.07799126622635832 0.009289129685434147 0.09161438045443289 0.052583323993299964
89 0.08332638812921044 0.04351129326632304 0.0037954404748615743 0.07826625872265021 0.03367405427695339 0.08971448097611916 0.05862647867932961 0.017979814198670844 0.034699222471612085 0.02425039226501927 0.0383842816624485 0.025034288005578668 0.04310123043878587 0.07291805915719712 0.054978729578816395 0.035986338007810495 0.058595914202457765 0.04696236228294114 0.09082908376199518 0.06536588944121915
90 0.05028820468204496 0.08966245964145547 0.026926462333346866 0.07407168033952637 0.05595631227218846 0.10340813943834029 0.0474856606357848 0.021902244378253066 0.05922982592586878 0.07232185160476952 0.006006884388495546 0.06831558682152128 0.03260273498678575 0.02470277362344593 0.10708863927353086 0.0013098704975067342 0.062466414246951416 0.03648227539799401 0.014512985326234679 0.04525899418595524
91 0.06061759547218911 0.05984683163234529 0.026300072898034953 0.007347293449863806 0.08622246691903905 0.04289415022484485 0.057889421227132296 0.03459880804473773 0.07241808641480393 0.08868529867791429 0.0029344406337923805 0.035173200083456375 0.049671977215910726 0.03355425489197969 0.043395037898610433 0.05338355912044254 0.07121357203305208 0.07323277933133969 0.043187134127887765 0.05743401970262294
92 0.04920885124843983 0.02480926129426327 0.01402809856126613 0.03135438434360107 0.08772144514591954 0.03908008825153912 0.0009364271040634854 0.04657310346203414 0.08597287454558057 0.01953193325837466 0.07942230174460406 0.08741538684218741 0.03736454381654734 0.09214087884359372 0.07709506255371773 0.0837558082779556 0.02652424464536334 0.020320471757663203 0.014388294089716026 0.08235654021356971
93 0.014327505118663238 0.09411020701824732 0.07313148180186275 0.04057958837843562 0.09913378577375305 0.046486647956335655 0.02363174230839887 0.017632903009849217 0.014949593555511934 0.0634098585138785 0.031909636351038904 0.06719818883168131 0.07944590815856828 0.01607968635076735 0.045331499047305886 0.07912988787260347 0.09017347498955657 0.02928308460563629 0.06417751311085985 0.00987780724704599
94 0.051633388517845394 0.017387268672387216 0.04957428472205657 0.06264684992979952 0.07020225331134461 0.08293188611334273 0.006220132633517758 0.09295657748204643 0.05068795806014858 0.054362051178539865 0.07123239489876305 0.07614432725222108 0.004361024455790705 0.08751579605675443 0.0605378795343812 0.03625126285161431 0.033847015069411276 0.021843190065069285 0.021494739180460635 0.04816972001450536
95 0.024430529794329827 0.05830476909920659 0.03220845509060588 0.007251747643006029 0.05037997715493581 0.10005190830223763 0.09375996031322792 0.02036165139466318 0.021963869742909283 0.05472127755343395 0.01592564603944985 0.10140055414802053 0.09724760411278338 0.10151791083887667 0.006647651361442639 0.007617734261119527 0.03443193782224878 0.03752081799915767 0.03219783666663541 0.1020581606617093
96 0.06681479768057912 0.07916127055745736 0.041750548867046905 0.06289957848955487 0.03611152917440763 0.0726269532969824 0.06281637617732858 0.04437938581515085 0.00976561835198575 0.003730340538871442 0.04325315441552714 0.008352349258288719 0.06949079971537556 0.06658440558177998 0.04057874832109612 0.07692551435562733 0.023849208781757867 0.09164061518057359 0.05975531470385887 0.03951349073674982
