0 0.05275560030620056 0.030397211867167154 0.04265190061925132 0.021620645148028517 0.019995528835693815 0.05629785212721791 0.04629213790239783 0.07474570600389081 0.06698936672409235 0.05830407675984449 0.03236596480321438 0.042422100781280773 0.0022574406500095235 0.08844876850159215 0.06224721576390066 0.05780024267634884 0.06371267395421285 0.04629080062290888 0.03608507476758233 0.09831969118516501
1 0.07287065078080268 0.0705060014716392 0.09187890172014342 0.06900197723999227 0.008596150906917793 0.058133209143772034 0.0708048389057254 0.07381352051464192 0.010461529662249745 0.0411604322017684 0.10161162201581007 0.0024642983518445155 0.023720396985800512 0.025584430744258566 0.014808052361840204 0.09018902742004306 0.01024758317745928 0.040761943904034814 0.03446824096055883 0.08891719153069749
2 0.07043348280697821 0.061012107745960345 0.07735507998617897 0.01319486548501592 0.04456415381141437 0.06412426901683026 0.05225769638885395 0.028196432795026555 0.02943701049160821 0.03591692933071765 0.05984107459728596 0.08746086792318082 0.06546700121592293 0.054154421950327956 0.05608038028770141 0.029759876377314445 0.0012306899368286612 0.06676417928423874 0.07466897959301978 0.028080500975594953
3 0.015935129987321717 0.047407565223213134 0.09713546067832066 0.02958787146828574 0.10404046022759736 0.0056332715332186745 0.09924125351995819 0.043754732377994564 0.10536486764696566 0.057377501763185006 0.06078348528384217 0.013076077742785047 0.0611729978182784 0.04238493125198694 0.016620957587140443 0.013356581301774188 0.025335916249756174 0.08712679515053819 0.029263401895731046 0.04540074129210688
4 0.0337793967034803 0.004351753662309016 0.11094159433592789 0.09289026562580184 0.08141936782996179 0.039262391059886305 0.06296870714400439 0.024432885627137343 0.10184955422985781 0.015206209671914581 0.07862843564369912 0.02077663858317895 0.06644446030490274 0.006215151788341131 0.0444739504135554 0.010299551874090483 0.007767340672999639 0.037979526634368654 0.08035003669855535 0.07996278149602701
5 0.010341472009125836 0.07257531679983571 0.07767694931702442 0.021661750391162974 0.06835650573872169 0.08963250184010077 0.06187246117298861 0.016360164951865357 0.04019404293129258 0.06485991550340625 0.0414134040036189 0.012455640301270231 0.040014225034084965 0.04146604914950658 0.08734954567216638 0.040786714236748796 0.008526006086281191 0.04778459894351439 0.07539243102470514 0.08128030489257904
6 0.004981595441218742 0.06584349004201054 0.09988361812069156 0.06163916917397216 0.04814230871145385 0.10546602143852576 0.02545657511819826 0.08230297730729297 0.04797362079033495 0.0196955334840982 0.006400561822132647 0.019220028657274003 0.05350803894206152 0.10019461348936301 0.03677141181968467 0.09103343812797984 0.0625304384773468 0.04389070981979693 0.02399692307562478 0.0010689261409388509
7 0.04219788218281238 0.04579999272625886 0.07824404860105232 0.08184980166599738 0.08674315661407286 0.007832960813209994 0.015000945424291683 0.0340090755409424 0.05118385619949604 0.031100078363136628 0.07325751125939033 0.058643555057984284 0.08522011831891003 0.06922590796394426 0.029990405557627605 0.039988388954068206 0.00988514379344075 0.014780209423484335 0.06180889737156739 0.08323806416831221
8 0.09267165665135324 0.023015758589386884 0.038038471864604684 0.0173355287776104 0.061823088296335475 0.05499784917314326 0.09369441785266905 0.0907095793716797 0.007918884228516825 0.09044023398989297 0.008020928799389928 0.002126476648692131 0.015982034826984695 0.08058348095733234 0.07930292958564812 0.07791490561504424 0.02649522301673633 0.05118048743199135 0.07958761092199039 0.008160453400998082
9 0.05184759228663958 0.10593758654733308 0.04663409018275275 0.06118551394314605 0.07586142086224833 0.043383973989587606 0.0874182828481388 0.06058295277255674 0.03114524066839562 0.10438918281565975 0.030806242487075114 0.013158771280150678 0.07668628241831996 0.03467626121733322 0.01987972257549416 0.07390629700786477 0.009387738477432388 0.02843721491178592 0.0036097600369089187 0.04106587267117665
10 0.07480280914124168 0.031211905413213073 0.023035881152058176 0.044931979120597806 0.05505751875600337 0.029049502677701764 0.007702597746328135 0.010619158959381956 0.02929550562906408 0.07554968915062359 0.00441418965235497 0.10115193487639454 0.06278955298766999 0.07970019139592024 0.07720311980059573 0.1086546061313083 0.06037387718540398 0.05965923581396348 0.02539867293329261 0.03939807147688244
11 0.06245530338343251 0.016709219663461578 0.006855050263232557 0.12512719935224603 0.005220510682645741 0.07961369264982139 0.08413679276010651 0.020961564391712317 0.058059323270350835 0.015790009861167114 0.11876858910617369 0.030623368352816396 0.010613279324601002 0.011520395084495934 0.03849640841118421 0.07874947034848177 0.12320385251213235 0.07259321702392171 0.0061492150803291274 0.0343535384776873
12 0.0021513109930694123 0.014637958277697741 0.028730868954078125 0.12895588602623215 0.001118881637078225 0.06872507687676364 0.10311188356101683 0.07449442258485367 0.016901554628879184 0.05580716359773126 0.049428980454818215 0.05202574226544232 0.0465255989513406 0.03190272473849329 0.02690520284113152 0.09000567189454724 0.009614993152606282 0.0999602684781342 0.09542227173511383 0.003573538350972219
13 0.05517112561595349 0.022442562332694666 0.008556783788773174 0.08362615012426128 0.042184391336998826 0.08582120130805508 0.07179068084075772 0.03323871788800684 0.0030593005282954166 0.026577353992420102 0.06310409935652159 0.09452897294898027 0.013863448546571474 0.0529892771945577 0.10121705835239939 0.0018995158648280463 0.101951531883008 0.03267787203240393 0.0563479119321041 0.04895204413240896
14 0.026355984055445994 0.08375115842055156 0.07505503346235365 0.05266616105038258 0.042686357982868 0.00854704931766396 0.07099306649801473 0.06789512815636047 0.07732822616805887 0.06061021064015922 0.07776934861263653 0.01658325938087076 0.08339924289243907 0.02123870351082188 0.02613857740650644 0.04263934571062194 0.04401645042043849 0.08813223565932392 0.020413879698897977 0.013780580955583974
15 0.05045009763135362 0.06110369167226156 0.06729043528493875 0.02125006948086973 0.058436367809028764 0.0843464901792043 0.08903690454387435 0.02671381764727558 0.023339532575025357 0.04108237810204128 0.028978457138551676 0.03292247561908696 0.031179662334810756 0.09008617266326144 0.0695179071243989 0.02224624772582774 0.06577247531745131 0.0653347017571562 0.03662087694486524 0.034291238448716475
16 0.053940882931104855 0.027480641212147452 0.05852750421945518 0.05457407306222891 0.050299423849290835 0.05661880314408464 0.046765346429768935 0.058797024582225486 0.033896075606340004 0.07446928667156383 0.051543383606978584 0.033329803426536186 0.04894071656452428 0.03810700239463456 0.07711922331122802 0.06096200633278016 0.04135499315236732 0.0692029332314207 0.004888097807116131 0.05918277846420389
17 0.08123961778223482 0.053963592810633926 0.02225667480285186 0.05462306097156263 0.07832139602413839 0.07575455840373896 0.0717133386919475 0.03579417400899088 0.05567421319258851 0.06015600513861981 0.006002600834476614 0.05198576840475538 0.08078459632782849 0.016939347390904747 0.017129295918620266 0.03438978394493171 0.05297641460599359 0.06727007239816028 0.002843174565707328 0.08018231378131431
18 0.07190908429110723 0.07113728854969169 0.028281174337880598 0.030279352808686783 0.037238826190596215 0.022082724273945996 0.07026860058689485 0.08694001867201068 0.001961169916018561 0.06713096656098205 0.04109726775909071 0.05785887111435797 0.005646146872652784 0.04493288142036442 0.023348591380827233 0.07516832183839318 0.08883277274534175 0.08476513174395116 0.04276051574420171 0.04836029319300452
19 0.025730325567140524 0.03600450491314892 0.0755070479696004 0.025184424318124267 0.051490460376952964 0.06691390402196619 0.09252796745069995 0.059407378054138885 0.009554431591622291 0.0036844229820030107 0.006990284923976272 0.005732248477561354 0.08847621657626353 0.05392463897778732 0.08740915598986959 0.08938454586158008 0.016949175117694025 0.09119696281793883 0.04156758381433335 0.07236432019759835
20 0.09098078170094989 0.05411310105310897 0.0064343496373188095 0.07028289435849563 0.03163852420819881 0.005449314550696997 0.08798097978031803 0.05889858709363542 0.012327181704937207 0.05355907291862821 0.07314217628772136 0.05954991847669636 0.06286783512221535 2.3732096388930416e-05 0.04568213771083729 0.061106440743087964 0.0029263017901030395 0.054710808809611815 0.0916596832564038 0.07666617870064618
21 0.043137106667394766 0.029934382464085287 0.027456862364335418 0.005705311006909941 0.06258826863391104 0.04804726905963864 0.047354392568037605 0.059034634386687386 0.09569110827727498 0.005875383719563377 0.07076694033868063 0.059465876812654556 0.08137927810574147 0.04332182731739307 0.04550366408370087 0.0507726392321227 0.022779210713398623 0.0850224984881213 0.030743056820075755 0.08542028894027238
22 0.053818057708240066 0.007312558500317943 0.04927333462758277 0.038987118269917895 0.03894099491439018 0.06377129461787746 0.042477110122628385 0.08388986558362313 0.08208451046385831 0.055388742381708204 0.03763306118710912 0.07903156441119444 0.06964116141628772 0.02209929013967975 0.027129711682668877 0.05865702247186941 0.02169266740866538 0.06688334696418326 0.033280452113356514 0.06800813501484121
23 0.006161709579349922 0.07857459880779004 0.05947443010260193 0.05140953617399254 0.07054393533495619 0.0789207905946732 0.050162220239598654 0.024903628225551873 0.07997101224956887 0.015354249535954753 0.040343276725044494 0.053352954218543566 0.0700372951571047 0.07150808842781764 0.008729677229705388 0.039997591691889 0.07728642706075245 0.02278833343361424 0.045977525886543545 0.05450271932494706
24 0.10658749478154783 0.03848756452937093 0.0851950019613707 0.04245614783770449 0.02967932689729374 0.04200879444344151 0.008489763206451421 0.02272912894293298 0.056519625890705236 0.0344868855494907 0.02901636491029231 0.04780744833508694 0.04115049621544302 0.06940943970226328 0.03153181805266039 0.06927522017902023 0.049707039627616606 0.05708386883467607 0.0639895915729187 0.07438897852971312
25 0.08457165757304963 0.022368717695973202 0.11558128540977675 0.05511743567509426 0.03198403269980698 0.06723490525683304 0.04027508477091486 0.06240281400296277 0.02365216108344297 0.022994404110020916 0.02857426073749014 0.1166514301342659 0.047532721320482405 0.02409977940801723 0.03944639522790006 0.029001137979188737 0.0827632987599502 0.07060250737515344 0.00425033610476243 0.03089563467491391
26 0.051475441099394 0.022679044847178205 0.061431314461653334 0.012799319047267084 0.06386759083643803 0.11507216965472078 0.011266170624744607 0.07400547716937245 0.06922132935565074 0.003608335680348786 0.026062381328047873 0.0907475626384314 0.03801798381629269 0.05003060794827807 0.02690110473591212 0.07458088741260471 0.1101384512580493 0.006584660663043171 0.04890444620416928 0.04260572121840333
27 0.10011705400560578 0.015196369462805032 0.06650774398507711 0.08019200091183193 0.026008850951167346 0.05562738602289314 0.049862194672916554 0.006262624361548015 0.04656125854536494 0.06675572226129083 0.011513977518954128 0.03808700058457053 0.021878151782785207 0.10891904703332882 0.015908240971501973 0.051139336661608414 0.07158260228507955 0.06647103728359252 0.006976675193427341 0.09443272550465097
28 0.08268658444187144 0.04666540498080622 0.018679343011696905 0.07742537807134424 0.0029703347233356924 0.017514667075389862 0.055663286343374856 0.05570847111049834 0.10034364928921953 0.06600983696469899 0.025192104285801164 0.08600427292679931 0.03102667447388926 0.09659267702089522 0.018941181495117986 0.003815170534747367 0.09917690178544673 0.003015657796151011 0.03266641043688193 0.07990199323203415
29 0.08063895600118692 0.006185041410921387 0.07840089550665598 0.07991412455355772 0.05676436490102157 0.06299689038667994 0.07674071544649996 0.08056695940980324 0.06944623468229975 0.04620339566492406 0.04722620234690751 0.03975067867790622 0.057548336929422635 0.0088652465122236 0.008182323887026933 0.02108378968841689 0.06344351139044167 0.009239360858329717 0.07700144060149812 0.029801531144276056
30 0.0383876103603731 0.08010117926039803 0.07911034761511179 0.044657198181029374 0.08701104254268384 0.04125323987978166 0.07493245257514836 0.003794093361419918 0.07674159795001483 0.014637685259454386 0.03949634760467334 0.04453151364322505 0.05725783530087452 0.05206838683686996 0.054402965437924444 0.006284878574748098 0.08209785119782158 0.057075799734138316 0.008129975465691719 0.05802799921861765
31 0.08920528505670683 0.08442674031650736 0.07358809139100023 0.044713551544253584 0.0180357721956056 0.0062135330736785305 0.015760985378412643 0.08507496329373888 0.07756316167857889 0.06365751429418484 0.07579786604748233 0.011303088935811357 0.038223831300457 0.07289020250854936 0.004649898072687269 0.09044079748215411 0.04912697486094295 0.012753353091442458 0.040048096879016955 0.04652629259878873
32 0.07645667408826072 0.09171169380140762 0.001548662185380427 0.029903225488224813 0.03745651156740636 0.0028272018484411065 0.0810487186642352 0.10329154365323413 0.013598236926391729 0.0607469295946705 0.06640584025787116 0.10445444567478689 0.05193773651562021 0.007668747523929659 0.03861932629318413 0.014078698248603897 0.08775314346611211 0.0021045057029647693 0.08223833306466838 0.04614982543460622
33 0.048316516269941066 0.020837823718779742 0.05586662031015114 0.006788937905129372 0.01666715688166872 0.06840348031082312 0.05154805845874078 0.07093172565906704 0.00517049178747445 0.07541461626610368 0.03369876079828601 0.05809254517948845 0.08645461700908724 0.0006903850832760996 0.055920989321126165 0.09046794267304303 0.08218352385851006 0.06183971202026484 0.09236942589904269 0.018336670589996416
34 0.07524473932402415 0.0321687338316129 0.028385424366269948 0.00882123695749081 0.03595665262919741 0.07545570849280815 0.08760908656523013 0.00942601989038392 0.04964534674896937 0.03858107230351741 0.06744177946692673 0.07380895768021441 0.08760118619218163 0.004098430451631192 0.07439431219186109 0.02867955714516442 0.10181566181212229 0.028301324372995408 0.0009767407857980551 0.09158802879160086
35 0.0341124954017918 0.0848627185426573 0.06419318256782731 0.02139314081791322 0.03223481707940981 0.08316088892535473 0.04882725415509798 0.02396417104672287 0.06738005889823083 0.07943240436260271 0.04438579049667439 0.06197752891025148 0.08503233962330858 0.01114150837900215 0.053189891513984414 0.032216313515907924 0.06557604318033726 0.017265223845347066 0.01767344082881395 0.07198078790876376
36 0.017481479542889186 0.027488447276435908 0.04054269676329298 0.07280034546843782 0.06914436569322738 0.053616213291535646 0.056629665031006554 0.07378685244745918 0.0349251322582967 0.062146936149666876 0.034415226191865475 0.07358217112895643 0.023606908799777036 0.03659780283274408 0.06730970121238719 0.07569234999293452 0.06216509173761055 0.05005024976492611 0.06674663207819413 0.0012717323383562393
37 0.02258335982943136 0.0735193964554538 0.05193551042210577 0.05285988160010286 0.06310825932860857 0.048062995143037246 0.03098316274441789 0.05740649679914757 0.0237113221679965 0.04141263985678691 0.07963014895110757 0.04319556999604507 0.023185745109314 0.040645557511056606 0.11127278155079605 0.017863183402322996 0.007116386895835531 0.10968218498056294 0.06672608944353568 0.03509932781233498
38 0.00648847311783148 0.09888418378821877 0.08446663734112732 0.06218780273411074 0.07050823804038732 0.04518566089127572 0.07376504664250008 0.0480421147454833 0.010999049975534745 0.008825303062781419 0.03811601115211176 0.09450016526493238 0.08179544411567297 0.02846706694222179 0.035666002397958474 0.028501677342263 0.025885363557408878 0.06273242368639613 0.025932154738727762 0.06905118046305618
39 0.019807867747284807 0.020583985388804755 0.0050018643241499655 0.05835695527947246 0.10726633201634805 0.0019703481440545277 0.0012436942835544848 0.06585115790218617 0.11477058369604178 0.06331422903408364 0.036421756470809384 0.03513853154773129 0.040050750980931554 0.11344587958579698 0.03476286093928744 0.11778888859062983 0.0477421772552781 0.0438110084648312 0.04108074190816545 0.03159038644055817
40 0.04870388999582363 0.09234599013583841 0.07359405477789208 0.05011040762276744 0.0984382551737346 0.04101476145043158 0.019915845407825743 0.008899533882650862 0.008075602245599285 0.06518844176911248 0.012746767178420652 0.08378986654101994 0.09000778859225146 0.017894875944741123 0.016636081154782847 0.05521592791419401 0.09783826105257074 0.0037584749176033435 0.055200312669629444 0.06062486157311034
41 0.07834187329630012 0.0030365012378592874 0.08954438400066966 0.05731577606813299 0.04965311787202436 0.09083607467562459 0.024270927449571666 0.046510906840269234 0.06257112540910816 0.0224609392405558 0.011752863307775021 0.040678899297165436 0.017437324798290715 0.042704144663470424 0.06531908101952176 0.06906755200390516 0.034727845176434166 0.06710333089618628 0.07441951450729066 0.052247818239844486
42 0.005824680518511197 0.01507961709484072 0.03964088229199001 0.046916829624779714 0.02073839029844172 0.01393270109470044 0.062300962134322145 0.0837465456773093 0.028496535741446893 0.05794246916684422 0.08043771368532436 0.0477341571743277 0.09316039445859828 0.06288429133172874 0.04263577904742627 0.053557462058446255 0.029561621298309325 0.02671956657110269 0.09427206387218195 0.0944173368593681
43 0.04325173903831447 0.09442068238737093 0.024520345447401927 0.0047066655539189746 0.008184951985651362 0.05770889224772933 0.07330128784312256 0.03995686833988686 0.08588516743199909 0.03527614426425805 0.09891023819687259 0.039162790055862755 0.0062363184306578525 0.051459909160219 0.03519497924085167 0.06244488116239873 0.0979422190825908 0.056951594792673976 0.08085675777092255 0.0036275675672966037
44 0.07671384134540585 0.035280472942233035 0.02446283442975873 0.013676599732402588 0.09160513555353364 0.004906658005164202 0.07509937519581626 0.0721733121974972 0.08291752813814433 0.011149962418153934 0.07454287199608538 0.0702953220580285 0.07085677691993451 0.02820991380501757 0.029789217718906875 0.044120414569554546 0.07844526998548793 0.030661944777913702 0.06058826445026723 0.02450428376069403
45 0.01423463937817516 0.07125456447199026 0.05052912482717369 0.047987363994855065 0.0653882267647333 0.0800778500009974 0.07938801429819678 0.018005693066372647 0.03138312953031149 0.11062819228683073 0.008555773327130558 0.01806984072562663 0.09025656864579065 0.07118120089295207 0.007510479547584944 0.00990133299905423 0.018318371941158408 0.07314475580625081 0.05986564176842096 0.07431923572639415
46 0.03012230627127644 0.041446716060559094 0.07755947307417724 0.03465989717349968 0.0975103529611274 0.05477107702143488 0.05135474964514431 0.05380458867854119 0.05275192801812341 0.0729628307309806 0.08030443906108288 0.057549039319122634 0.01713631045662108 0.018593899485059077 0.021885724466729102 0.03786787575831538 0.06866207638076455 0.03442316950868579 0.05812041263809018 0.03851313329066515
47 0.08799644959335502 0.0406698101926792 0.06785115696841049 0.049269500574279625 0.04054153549387339 0.06052584520081544 0.0006331083386200731 0.04300193964259637 0.07899240141784455 0.050875426415167874 0.07677145142921803 0.07940100191256291 0.07726749557110207 0.010751628284712583 0.05840116922456494 0.07254912217780014 0.028185184441897892 0.035209621561602754 0.03487926364241497 0.006226887916481558
48 0.02676261453226731 0.08494392446603569 0.08683857836652367 0.08447813164596397 0.05446841960184102 0.02212257859931155 0.06684123591125904 0.02308664387418151 0.040796180882960734 0.0018517497017121057 0.06418036726661729 0.06418362994315392 0.04570892988947538 0.08239102317400054 0.012373948092837874 0.041511780861219275 0.03615674664737677 0.08957191536683363 0.0027666625196688943 0.06896493865675997
49 0.045011712836943135 0.043920105792743296 0.06652250554861341 0.030296665114921354 0.06989912933056572 0.033427608227462303 0.07403448602150423 0.010519590093654801 0.08377552584730763 0.05350837642916502 0.034256805612971904 0.02935306468287142 0.0813505444497266 0.014996925512295145 0.08111472682947424 0.05489816776710624 0.03931409812576079 0.06186910474156275 0.04234586021909563 0.049584996816254216
50 0.02681360384201653 0.04390534913525801 0.011547997589559812 0.083176289225035 0.03843298210671882 0.0012028426935133054 0.07797457208965097 0.008120701075878286 0.015351834537651193 0.10242485070613425 0.03978088909898181 0.0522769570254415 0.016304287890007953 0.0707562274775461 0.0528992075646553 0.11093149842690055 0.06538405059746397 0.01620805791514747 0.09011356957236911 0.0763942314300701
51 0.06324903343679335 0.0417259831330417 0.07717328160192717 0.0500684045684273 0.03950868676033476 0.0681067334655491 0.06709597206113321 0.049539502789024914 0.03882306691429632 0.07739884568191618 0.030898507033896853 0.052583394569464384 0.08072323074994056 0.021016444445999576 0.0022497195313887428 0.03975348734284113 0.07614314157717582 0.013527473673304253 0.05085308303399052 0.05956200762955408
52 0.09618124821072144 0.097970261278622 0.02744371427799991 0.09711386919334564 0.04795859369490033 0.018431364243321285 0.03341595811707861 0.0504298857479642 0.0888154520724429 0.005198566409607716 0.05423708615784998 0.07111502385117176 0.015504503936251442 0.05953307667038247 0.06172918901154899 0.04108169629567559 0.04361226310116046 0.01926156254250722 0.00510380351877645 0.06586288166867152
53 0.11233195262869769 0.06137233251275103 0.03488528579198233 0.08020702523401357 0.0071979678524408145 0.09837728211439023 0.04307564565543536 0.002800994129475486 0.03057917701536682 0.11193740683561375 0.07875082444565822 0.014470685703007314 0.012349012023794865 0.017811790197859882 0.10526383440292598 0.0108938077808278 0.08936678725249171 0.016356963305072615 0.023446931897345143 0.04852429322084947
54 0.04324508482019947 0.04893390201705398 0.02344821483291767 0.06337466020603576 0.016534077049317402 0.088892881009556 0.057075783549726276 0.037988574681578846 0.03968831497578758 0.042065345463504905 0.03727569783671079 0.07089280791634196 0.018771757657815153 0.04933333158052106 0.08415067073421788 0.03241588507281882 0.025634660095931686 0.09018446278977804 0.05036925512383035 0.07972463258635636
55 0.08602454235947248 0.05538855927073901 0.061977047446754925 0.044720663588425406 0.06797722497127058 0.07949227398418504 0.02774325994789335 0.04289565729168731 0.041540587027705494 0.014792166934253562 0.08222327775787193 0.03642815743370747 0.007501513314805555 0.05181009988152103 0.02633126816504517 0.07579175463820335 0.07843441359233785 0.026857490095707728 0.03823176740753335 0.05383827489087912
56 0.03436070582699324 0.004929521477457968 0.04087116709332131 0.0461744203247119 0.01299635036458568 0.009166274643132433 0.05526609844669519 0.05514357769741675 0.0839525427568699 0.046392873187079284 0.0544054791717525 0.025241272838034227 0.0023311052502748507 0.11139518174625739 0.09960909602973037 0.042136145797876993 0.1091225381496777 0.061557093178172796 0.07545260352469452 0.029495952495265137
57 0.02370228271716833 0.05291456614350364 0.07249379833257608 0.06878996352770048 0.043315101682885396 0.07362145283400087 0.003576625878171626 0.0704423927627931 0.07107445437096013 0.0013494975937459602 0.06968360232689806 0.05069282093945735 0.0420606165392232 0.04168261924781019 0.07115046272113093 0.07173075060893493 0.01140356557719577 0.06525380332219653 0.054400398865843975 0.04066122400780361
58 0.06613036318585261 0.06610770956635882 0.07505841144676276 0.009711855095360033 0.051980214892299835 0.05769205402793953 0.04391735045759098 0.03495714274858686 0.029290784760462926 0.06753504225486946 0.06185198617835762 0.08391853963378534 0.02733555587230061 0.05834020436793316 0.061401477483227544 0.04118561870703329 0.021040558305004498 0.028761451905823607 0.07493713832907249 0.03884654078137789
59 0.046066767871726824 0.06561030596255245 0.06760360353715601 0.051252963822488506 0.03550410798676791 0.05455041297954737 0.044461149703325466 0.05559489035866287 0.0716987469412467 0.04566582076771797 0.07416496989883672 0.06670390976297644 0.02799652218994293 0.014476475722984668 0.05979469009266353 0.031857412560143024 0.027225005895477175 0.07155991131305711 0.018569239648176836 0.0696430929845494
60 0.03670654935820642 0.039280045973552453 0.026253662968670724 0.0029663578084435727 0.08351614735526738 0.044602452545029155 0.0197764227301035 0.02015765523023307 0.097509188445455 0.01394043454195237 0.008647937084592229 0.06079805669542211 0.039521509184074814 0.09812096315054844 0.07143470990961251 0.07850899273002752 0.04589369204514017 0.07707492939682577 0.037401825301408675 0.09788846754543407
61 0.04474557406117934 0.021603762958513285 0.022930125907992132 0.06404143642696708 0.05502218657787374 0.03608281583434285 0.003929439593993438 0.058589833273526876 0.0010619731790097544 0.012028808195257002 0.023140011611659878 0.03646413264867653 0.023584252064979754 0.07032082146926642 0.112749549330959 0.08271647960096025 0.10743862542958038 0.07361269343188805 0.07636575398905367 0.07357172441432072
62 0.06283643462451802 0.07585011113435858 0.02022348173660332 0.08722432066016156 0.074285009082274 0.05065849395446759 0.08573565222898134 0.06058656888138889 0.00786843044960088 0.01882256140029233 0.08100233767253197 0.07069358283917088 0.0017099895543301444 0.044196953879252515 0.04455263980946321 0.035540774766556815 0.047630859528333555 0.07304037957960546 0.04045170064798148 0.01708971757012752
63 0.07140494410009271 0.061001947167827114 0.004188641766740028 0.08226971439584993 0.003908251913487359 0.006166980445656614 0.011912603694183656 0.0772903630789554 0.056303305058203856 0.06481275118322186 0.02161097057690773 0.04924917188837166 0.012493213563738125 0.08140952074807044 0.09700655712168532 0.08768597052756633 0.05415828088274779 0.08573351666578037 0.05872468174862104 0.012668613472292862
64 0.009327315083719602 0.11258731255116969 0.0773151747260412 0.10616921407084119 0.007599356304080035 0.01007691681653442 0.06537808138839184 0.0837239434760896 0.03082526917789308 8.764903494961533e-05 0.0012860546113034428 0.06366071148961842 0.09078845135276523 0.043598043152888184 0.031712478961358856 0.09236075978628279 0.02778594654906595 0.09295473815167772 0.03735870898275369 0.015403874332575625
65 0.0018160127070579782 0.10286503368676359 0.1180589156787794 0.09587401598802216 0.016240044999095142 0.05602355559095326 0.004905193318667889 0.11820468819839683 0.014970158778064992 0.04254924021112299 0.007986722046748553 0.03156631338191563 0.007372750091259091 0.022631853707756017 0.04786652885477825 0.07384938342907987 0.0016062697526430763 0.0771839587150074 0.03897541922768253 0.1194539416362053
66 0.09861435447267518 0.06293111131025898 0.024085250782982494 0.03836679072248748 0.03243673616079164 0.012790760246300461 0.015588745919920722 0.06202602390544138 0.055206863124190146 0.07781479282391357 0.042492636047243036 0.03278452484294883 0.09720878026416467 0.02580583297824086 0.024834474986637295 0.0546569825771363 0.05218553340081046 0.029438071050303105 0.08367779591363288 0.0770539384699204
67 0.06339911340741253 0.0017797073282279244 0.00808303226272651 0.08652249916177619 0.010759131873443963 0.09287160948822318 0.000460300463470267 0.04211975512330525 0.12058219255000424 0.09583423072470919 0.020867557461910234 0.039534435637895445 0.06925486692410464 0.1277246175367199 0.0063563724138025616 0.058614104627138515 0.015901598637487326 0.006952929348276252 0.09895621717301205 0.03342572785635386
68 0.01663025101040984 0.0539218362306585 0.056612450469683294 0.0171470304746231 0.020274272660575944 0.08246197695039632 0.04503252233235858 0.05569019020264136 0.062358550026702646 0.06732998858263374 0.05247767974151356 0.0937827225793648 0.0011360974168329039 0.057147634384952635 0.035645944697852226 0.02034227395604629 0.07981599515914398 0.05597226829212671 0.04339851346460982 0.08282180136687363
69 0.07591760034177851 0.026986483383301497 0.024401550558673164 0.07823310171761182 0.08033618203740353 0.02120070134077963 0.029622773338560848 0.0831638397658311 0.07292844876354154 0.04937582610437699 0.005538040216970905 0.005928869413000747 0.06373383516855934 0.06324326147315049 0.07224324060416198 0.0706928557910313 0.044603762489642554 0.0314617188965548 0.05420647502516145 0.046181433569907844
70 0.09122704787422801 0.04092631725354116 0.009055243103208495 0.039527916084278254 0.0832403664275313 0.04800251746189717 0.027810706130192105 0.021505439629853195 0.016902099502201652 0.07399759763558499 0.055844137499996144 0.030615447981435145 0.09348556888684621 0.07917613728876348 0.09419337160053762 0.023246063651123795 0.011476092420858088 0.06370353106457989 0.03200633180277221 0.06405806670057106
71 0.029469543519027867 0.0010644658018566062 0.038536035366582365 0.05960100915015555 0.03357755685489988 0.05308753465441927 0.07573656044685122 0.09428257348685416 0.07641584347729016 0.08019314824253114 0.03228974795282483 0.03602589127652411 0.033666655972113255 0.02989716270223875 0.06027413174298667 0.04983955011411958 0.09274761975345198 0.03112503458548387 0.04173546013728741 0.0504344747625013
72 0.05354074069308106 0.07347457215515882 0.04602240866907074 0.06486412128252245 0.044643448925770414 7.735915459596381e-05 0.016828979454552057 0.016940474131882502 0.03960904391196222 0.05175112680148932 0.06937870505324428 0.03233286645521005 0.08620410282671458 0.05646816157592762 0.0058957375152810885 0.08976879622540836 0.0717873023503161 0.05358701070327535 0.09164869222388276 0.03517634989065421
73 0.09217377600797445 0.021958318226219256 0.05711598364346173 0.00706757661680759 0.08883336746841104 0.06045650073913081 0.06246313043577091 0.08902426267799828 0.024824349163585776 0.019207033598957052 0.048455256081996266 0.021294883733450683 0.0358043052916586 0.04375170399952771 0.06473903524053186 0.08430999450900055 0.027952981008163073 0.05849960578327999 0.0030616200243113907 0.08900631574976282
74 0.018834391180695458 0.030786844306602112 0.038583669805782775 0.003082724550852531 0.08923593599899658 0.10919431517245205 0.11243145910651237 0.061227322764004444 0.039879820973138747 0.024852311232837123 0.012943747719461584 0.11699561384795404 0.0561691833410158 0.06437326503759906 0.07632996710045695 0.008594454958972209 0.05091357158084605 0.0035218922051547257 0.05692520837946127 0.02512430073720401
75 0.12570964663765205 0.028325337463230845 0.009272130505916616 0.03877550906488319 0.07916005615584336 0.10514561464858384 0.0034512300644386545 0.13287589417491855 0.0020106413101804023 0.009512042611660637 0.07744306884919984 0.033967417106461895 0.048241508764936436 0.047086428022960876 0.09238657336204356 0.05596431417864235 0.06725664766323232 0.01627716196916748 0.021953429359920094 0.005185348086126986
76 0.06510523135559185 0.028863277900807945 0.08065533915481847 0.01583378273464939 0.020623209298621832 0.030443360962633968 0.010974171648687976 0.05742527245385945 0.05977605342266319 0.0316050058496003 0.008430227268741028 0.053209134114273346 0.04449367067622466 0.06843372899312215 0.02680394597560087 0.08038457691726844 0.08670589058776176 0.06337508285830519 0.08181004853812869 0.08504898928863948
77 0.08121313320826405 0.07348463689848451 0.023684014002903573 0.01031763853879896 0.013117343224972898 0.0006908789646219801 0.02074608442418731 0.016935354627766772 0.007739415720849471 0.09665865017354777 0.010135946667946705 0.09241964713824767 0.0585429632674004 0.05606271689597127 0.0282936884877968 0.07235906818589925 0.060149837899126514 0.08773586777416774 0.09457074334760936 0.09514237055143708
78 0.051849819400864215 0.005565043662685735 0.0950560398893056 0.012799391311226083 0.02422011113994194 0.04600834763948056 0.08112956324137788 0.06958987238270292 0.07237062247591283 0.08343508864352922 0.08448062317401238 0.026329170837946784 0.0047791005854840056 0.04493220352948431 0.027462246132441095 0.08121003360171299 0.015319842012718883 0.030929806783884732 0.09236577644158056 0.05016729711370712
79 0.0390525157486156 0.044478217269491846 0.0881481440401484 0.0929032122143022 0.027268474014936244 0.003501628523073147 0.10684981840423628 0.0724574259900743 0.0342884108763135 0.013537207848895252 0.0041517124194879905 0.012098837256060951 0.04323085271886604 0.09605531055551961 0.0759783231577453 0.05742900063629819 0.05449961316673669 0.05941708177817361 0.010433568703520827 0.06422064467750382
80 0.018898276019825293 0.0035772578439895375 0.06788007321825351 0.05742994090266189 0.009698553066091 0.011627261322774295 0.0727540668799866 0.09000803937045873 0.056899283537448005 0.09074962711363024 0.10093351487707475 0.01621038177894804 0.05117303990342745 0.0007427367992865996 0.02085230320737029 0.04735041871879459 0.10396057529883415 0.07321381196436982 0.03853670477780291 0.06750413339897235
81 0.02999344738351477 0.055236220086672366 0.04368709098147875 0.10448194471954692 0.013966207208934519 0.021836585331161784 0.10931664627251762 0.031033617545787314 0.00233575422071832 0.10743783309570817 0.09349212806752624 0.10250591124055453 0.050291026923577245 0.025267925795658903 0.013508759709277732 0.047117388311984074 0.04420121079781748 0.049053506626199644 0.004078853102520821 0.051157942578842826
82 0.09944324483487434 0.0731365521647924 0.09332265160274766 0.061343304267220344 0.037477664665707316 0.08003055249107746 0.01705787830870122 0.07636862415756342 0.06549805067095851 0.0604535348948232 0.022447443775961654 0.011246474491452411 0.039065044665937174 0.005431963293326463 0.042489813983869605 0.027409764187675763 0.0695148763655085 0.03895957078887105 0.03199433001155591 0.04730866037737568
83 0.0312955651114585 0.0753613373033943 0.09395006775814159 0.05456145873226909 0.05829949328882131 0.11124067195858543 0.026611615633914155 0.06567898559666949 0.05424840895136815 0.042730700915536074 0.005377929636875807 0.10911076406626616 0.040213998996569904 0.024423064118158276 0.01051462041894632 0.036189002778641836 0.005075892821856251 0.11910060885014875 0.019959074277807416 0.016056738784571308
84 0.023648751089793477 0.0011824577676959756 0.05131221340702397 0.02984716951152429 0.09250667300827127 0.030932858386046896 0.0802822897425244 0.05049274848329026 0.021149534033789386 0.08325095190337391 0.037664161398905494 0.07021414441572872 0.06299572787370657 0.026066321558979397 0.08827267290467564 0.009454565809815815 0.08159370467434657 0.016598713504324517 0.09060031602762236 0.051934024498561306
85 0.07773678687921895 0.03626620245844992 0.03222300141087536 0.06875644798660707 0.02151850216220445 0.04355558437491783 0.08057485563221436 0.07862981917864509 0.01968582833280479 0.08978622732069957 0.038887434272872876 0.052142737193593344 0.06362827135190259 0.04929344051320026 0.0045500721175834044 0.060994439315945254 0.007660835606010021 0.08623124500116322 0.0678999190304138 0.019978349860677775
86 0.0685472707820316 0.020245077287349453 0.043218016283184967 0.08574052128835451 0.03708879758140636 0.048138211529363435 0.03905211126155882 0.08450437166543576 0.06918460001239561 0.037229243154176736 0.06496404623059054 0.06160761274116012 0.010358586896495317 0.084154887300206 0.08398465784331316 0.0017192589056584569 0.007945893728219204 0.04352727184375917 0.0570927361173016 0.05169682754803912
87 0.057175552292366705 0.0558215873385003 0.03981561718006833 0.027315305890182315 0.015604385541923445 0.0897527583951594 0.056240591713784295 0.03935472479222072 0.0013399811929516116 0.0646877021666566 0.0402098012369474 0.04136891601108922 0.09236350936333683 0.09309416091288947 0.012359400830328812 0.0878351004674346 0.08390875407584376 0.015242549217003663 0.029571697973195053 0.05693790340811754
88 0.005137449787546094 0.06252965401672494 0.0519096872683919 0.06239319009166761 0.07270166660319796 0.0753091130012591 0.03459887641859951 0.08031635960552207 0.08918556658275688 0.00891967490264183 0.06020027118364165 0.02560447432537452 0.04294299853392132 0.009461840711317608 0.054194454786833 0.038940834507297475 0.07419420039213953 0.04872045685062927 0.012074751720808633 0.090664478709729
89 0.08820957986978484 0.06764820379230901 0.02524084799798926 0.04643025164628235 0.05817807536010041 0.011357622627515739 0.036553043412712156 0.08345369137403791 0.0644951930225086 0.052758849400586616 0.0411699035925523 0.07641038540686224 0.025929319316945892 0.04825340135710317 0.03868852802338595 0.02799220143711844 0.05252047626967063 0.0655195559849957 0.07318874164892211 0.016002128458616482
90 0.0902958125592787 0.07833858654839411 0.0064470757989529845 0.10282797014431973 0.03840405088839908 0.0088772095486316 0.06492628487897753 0.05511599749011883 0.015721328903321317 0.020041056084197605 0.016186550927789672 0.08687415979329537 0.043861138010490575 0.1036411904318845 0.09875245100853103 0.05231753106728807 0.027574630042880504 0.019285346767876764 0.02536592649170396 0.045145702613667925
91 0.07959457549455579 0.05611124482788723 0.025754049486068097 0.043376119490214866 0.07107634909666513 0.0685503218055651 0.0147071802572409 0.06758639733722424 0.027124693323603205 0.06189863888473912 0.032213204439955775 0.059145015626663716 0.0397602193707743 0.028776538494094384 0.06988295438022883 0.06036728524065583 0.03779339942115878 0.01150504250342615 0.09000912201428293 0.05476764850499567
92 0.04494669485654654 0.012303090740591379 0.09493398581268507 0.08748871375112367 0.07868763252609559 0.035189310347436 0.0023246207078251925 0.0900232904499115 0.013090278209532614 0.02193046145762581 0.03436375183391496 0.0799621725884959 0.05898940413359902 0.0061367291227996165 0.007789640307919532 0.049813230226822394 0.046334758132646675 0.08218055490635368 0.06817692447836926 0.08533475540970535
93 0.029909239816367034 0.028301814684371037 0.08315508251849273 0.07749029968982107 0.05940725476052511 0.04240366382239434 0.07542370947618107 0.08196343258545204 0.039293329683278484 0.06539967700871535 0.05804951895062364 0.039435717978228424 0.059227401089960136 0.026929005128553146 0.03349842489202284 0.021042787084097254 0.05247569676178892 0.005723745679289694 0.06827130592782173 0.052598892462015955
94 0.041598816235869356 0.0854364978945595 0.035377731481111944 0.088829476509868 0.014856732478886595 0.041923609942082184 0.0061388155176992235 0.025689339070126438 0.038008105396130365 0.04936415546272357 0.09827267988427779 0.007149795883708322 0.05967485059355438 0.059813945627267544 0.08840363086248527 0.06356468577678848 0.05904661493764898 0.09639368225627855 0.02540643886059962 0.015050395328333887
95 0.04606861579045007 0.05135114631130942 0.0051921486505081505 0.05557067843817233 0.044145556648311365 0.03458259278746589 0.02226869895658357 0.08572571672067453 0.008889753048093597 0.044078654866349584 0.0685350949122412 0.021852826657648 0.021142356021359728 0.047492423500560633 0.08528550791408589 0.07211423733451099 0.08428905722556596 0.039453352994880335 0.08327024261945619 0.07869133860177248
96 0.10625411637749789 0.049916452745846294 0.002290186830226536 0.029497612497214692 0.0768141959859997 0.08630495253236846 0.03217480530136472 0.04861330222879585 0.030000798637954233 0.03782235904277153 0.04738964947575738 0.06774126830360401 0.02526586416895925 0.030745486325197906 0.05595625562137143 0.020442958636443503 0.1127001335303816 0.050742587883485304 0.01739267063361741 0.07193434324114222
