0 0.08197811660093311 0.06608817880739423 0.03205002061609196 0.09427519247100906 0.02072028837683222 0.0516922117134409 0.018757833148290343 0.049690787882905 0.08659100474916787 0.014024382760511161 0.07872754788066588 0.08306008483642348 0.013338827899734645 0.058930489877957626 0.01394869872348538 0.09929284233498928 0.05821106220508304 0.031086383356517294 0.03592564701818776 0.01161039874037956
1 0.015962955735630568 0.02316042391434872 0.08791626053897642 0.09107858755234684 0.029737584376592813 0.0906085343319649 0.021259608548364117 0.06388174596252855 0.001843490325046951 0.013778084226449445 0.08547238489032681 0.09676715093884566 0.08073989087745645 0.010234639977078557 0.02762778632133859 0.07018262541115144 0.021735051031246823 0.04297007699687939 0.04913885080920937 0.07590426723421753
2 0.057959177472790134 0.008514266979700971 0.07236713141201806 0.009338179432602654 0.08948295809339245 0.05620242620895477 0.011054769620671851 0.06078298519661391 0.0583009467560357 0.025089541958636153 0.09194539834702932 0.022568368685148534 0.07067790358653003 0.07595549401891198 0.08162315886059904 0.062026071149202056 0.03610640524462524 0.021688130421253768 0.03845576081048706 0.04986092574479622
3 0.06442934728895237 0.07459186369664826 0.08202077732401492 0.025866019670383985 0.09472662739175187 0.10453313417542048 0.036025077980345106 0.03357644940748624 0.06697642517733485 0.04432288720635867 0.043695299840709634 0.07835573024535067 0.027452157429857155 0.0027437366018877854 0.00447152263366562 0.0637473645679157 0.02216299645627879 0.017844248468374103 0.020923488185826074 0.09153484625143757
4 0.0921118577787312 0.004290006855602118 0.003982514175327617 0.056840239108554534 0.02363816974353742 0.08622078917499196 0.05460407863028503 0.023945178194574358 0.06846893121968864 0.0911298766029419 0.05575257547409793 0.01624798361244966 0.04233409970135205 0.033645243670015014 0.08490030992325309 0.06285780707107981 0.011708033419393426 0.07107919581354351 0.04575073201739529 0.07049237781318539
5 0.034383043128117866 0.03285519849949702 0.07527068307823563 0.08384360999211705 0.013526650151339492 0.04241483390487608 0.07018075131096058 0.005993747605542837 0.0442004549256885 0.021597730708570854 0.05096366523217962 0.051115174585137244 0.0776128890892441 0.03338485795020188 0.05799355817378447 0.0664489882470225 0.07651373761562313 0.019480440540854637 0.07191611862205817 0.07030386663894833
6 0.037493486842441075 0.05439582357805374 0.05400856437766428 0.06758653249396679 0.03988222232492013 0.05419586223089369 0.03762836734169669 0.06967933377867105 0.03977630198440548 0.057184859102031596 0.0543854688295547 0.01693436473980469 0.08631818780453311 0.08280864068706308 0.06652396518992294 0.006549572657092051 0.024181183489039033 0.06411694898655533 0.04901253517006122 0.037337778391629384
7 0.05064391328695236 0.024592391369492456 0.0038743148940839317 0.019108561296190714 0.07077424155169848 0.050374966626757674 0.03042660577849331 0.03302244904899811 0.06825924366203058 0.06691692171470079 0.09069932625261781 0.08586304970049662 0.025323992622843933 0.0822355762839939 0.022489369168740347 0.05090040874099401 0.06722977479334434 0.06231762225244105 0.00038693226407959694 0.09456033869104995
8 0.08093458954213444 0.011336588591097485 0.029420787509092536 0.05649155854583373 0.08362615771764965 0.03618643677742001 0.04617185901842957 0.09157782294779851 0.012970571131312229 0.027648362198686067 0.08505468413842453 0.011506475602033609 0.005093116322412826 0.007262377990467161 0.04294737112956217 0.05613204805141415 0.04124957748281475 0.10072841942506502 0.08844055091306482 0.08522064496528672
9 0.015118010480589687 0.04369630427919326 0.030567559383640603 0.021029691230677015 0.06240167776988544 0.04120790812645006 0.07970178355366206 0.03214795278550776 0.019419659250298656 0.049466920700994184 0.06519355789387038 0.06708998735241158 0.07390206464715868 0.08119695050454927 0.054404343156284646 0.05052468227305823 0.039077488398004026 0.06017827172458388 0.06015979702039273 0.053515389468788054
10 0.020593262874562965 0.007627758508084915 0.10222595608729264 0.10607104815248629 0.030192097150163515 0.040938303591587004 0.04125340061229816 0.06269572378352004 0.03628313758958437 0.06401793092533685 0.10339050197977702 0.08062486874012731 0.03148653543347284 0.02439516889769793 0.01677433673448275 0.008223881142296108 0.031907648434415174 0.05288820451658563 0.046480793021669485 0.09192944182455895
11 0.0500063009779353 0.04238105626792886 0.07298006948582159 0.05026983017125614 0.06041841519745365 0.023416997810468222 0.05991454802220325 0.08326263913552279 0.005217952911590781 0.028276118024584743 0.04216690467712265 0.04491917542259821 0.08668441791968041 0.08367256652754669 0.08686567125278916 0.0015672591992540884 0.008808535332674452 0.05724577776543336 0.09953041862835177 0.012395345269783826
12 0.04602061922563449 0.0016557635770280833 0.06846179341458408 0.06935156212723824 0.03436086804832092 0.05199011886141631 0.07662472676029519 0.031371123982982994 0.03542481087577376 0.041846534616392 0.049054365916601374 0.07561994017249103 0.04351988919015325 0.05689301102582923 0.04266641575175728 0.05545620893268941 0.034109386862292625 0.05535175349313589 0.07983595725835045 0.05038514990703343
13 0.025135719736614062 0.06273937890627955 0.07174547584355837 0.011633237578454574 0.04118429224967243 0.06462113006178799 0.036198793609168195 0.07312014456878634 0.06235837299722054 0.0016082651796806725 0.05065386117386312 0.06782450781219498 0.006413003554982308 0.09905327689451097 0.02445822029351584 0.049071874464766754 0.08526652097361674 0.06260658940605107 0.057968982001999604 0.046338352693275686
14 0.02910811851174269 0.005699002926422363 0.06760108904554074 0.07084533820455119 0.027873479338186676 0.07719827657617698 0.022039122594856554 0.07240228597905211 0.004165402437501099 0.06600010386291334 0.08390338899164175 0.03362324281408128 0.006127231389303502 0.06116846309099424 0.07414981383431012 0.08035248313984429 0.0594409463513316 0.062239018278039265 0.050182089485518284 0.045881103147991965
15 0.03519377521624086 0.057341877688282264 0.022714678845872145 0.010425581278273564 0.03776329639447123 0.024320888567303134 0.05118477952438562 0.020271977380338632 0.008700261278901706 0.07006733241706711 0.06631142191858648 0.08217078435645223 0.04856028502450765 0.09048743335817011 0.07565655376505383 0.05308983255890579 0.006782989893222701 0.0821040691420352 0.07564706035545725 0.08120512103647241
16 0.08422824594874105 0.005686268989853965 0.02730770938749659 0.09752084399655393 0.030505780412100753 0.022458967732226033 0.03706757415667862 0.05598581166538867 0.10900614400967658 0.04499387304527232 0.0014667855601984958 0.05972578435374079 0.014685686421536373 0.07528542860980669 0.0500289288177964 0.04385912342446426 0.03029881389374831 0.08074977930615108 0.06981743961576799 0.05932101065280096
17 0.0023682290087418735 0.05021984009363773 0.031368498323755475 0.03815262905167324 0.06769547440219058 0.0025393204681974546 0.049370068401584734 0.007579814182202539 0.07868373158944111 0.08933386997401102 0.07853192498178553 0.05298459578870337 0.06749955605325964 0.015735080267161434 0.05952833475735258 0.0674865885576707 0.07222064357468867 0.09129453550384466 0.029446275451965518 0.04796098956813214
18 0.021920587435681385 0.06102363567562165 0.03573607908811333 0.035061839207971825 0.0468069177575098 0.07687345014163825 0.03065494861032499 0.04900549023381755 0.08574151364903611 0.03380862268812121 0.05931860300017558 0.01453706451430925 0.07525434738493265 0.0773410415696184 0.03682401539393933 0.08027258997366729 0.05912301997159088 0.03175979620330475 0.014063442645264804 0.07487299485536089
19 0.010680210545474638 0.03256302955392087 0.06508564464356144 0.08653593792825276 0.03030099914091183 0.00799915419595144 0.0839286440470407 0.04342432469797269 0.05679453949565022 0.08459498058271737 0.0492172578194615 0.08749180592560774 0.0670071550334259 0.02356287435223057 0.04319042909227686 0.06878549363012204 0.05926524386178837 0.0655357753846602 0.01648967675030892 0.017546823318664004
20 0.06795381476909412 0.027959022295072893 0.09880485656518356 0.0871381701772118 0.0051763934910888 0.0009438751927759724 0.029130741426565847 0.02809165495196989 0.09064200387303799 0.04270539974922144 0.0979995728203839 0.028917142426689232 0.05030822279484485 0.03734067301950057 0.09925098955781142 0.06557824100348954 0.021018145305947287 0.043455538629459035 0.04652666015760634 0.03105888179304547
21 0.006349577506945437 0.0936356016127634 0.01734273782589078 0.009608076499235056 0.032402497329534964 0.026020724197336004 0.08435394520395911 0.014898434595271395 0.10634049992533769 0.09574666843616078 0.030807742346178075 0.038402080416941514 0.07298453894791408 0.015227238838968373 0.08290091687054552 0.08486962940656972 0.02647710899661243 0.0685218537704661 0.015715843247250304 0.07739428402611938
22 0.04545559977809766 0.010505683659434243 0.09238128176339541 0.030363337019793945 0.008896474867110926 0.05679736637477166 0.0823715593301512 0.07879665377310555 0.07604489637267685 0.007686785230616745 0.0133307352784602 0.005822766209787199 0.07940196330824903 0.015754780584630302 0.06809744720015856 0.09594876959237232 0.045376387093043154 0.07817091405286894 0.04496561896143085 0.06383097954984522
23 0.06315391398034755 0.003092509663113313 0.0033134992867991674 0.09590661749632053 0.10917133038914457 0.06101052705854854 0.022906027830639636 0.00972925558713589 0.007900164766797314 0.0895788669626977 0.014995724591060267 0.041621715778289534 0.06942029953097685 0.014050914113517887 0.1101278075544484 0.10187083115200844 0.077359587166188 0.021673894538388378 0.04915112663878818 0.03396538591478991
24 0.0674430980260244 0.059502677377009094 0.03204967717971871 0.039514557474448916 0.02797967847861092 0.05167003006794403 0.10064104417186781 0.00044923387054098885 0.09559706635023736 0.09688549955576599 0.09904290301980477 0.002235522711976424 0.02690221307004079 0.02824350874089323 0.01857830629274018 0.028656407663708625 0.08711299452671226 0.021181707014970245 0.04622129684977695 0.07009257755720816
25 0.057057375263527645 0.055608887829867136 0.011052113252132775 0.04253480738827391 0.04840349494566582 0.057122111865591345 0.058315546146572486 0.08830231919354393 0.05550303443954446 0.08564221031422775 0.03287778101639118 0.06981360696189756 0.07218929629562829 0.005779799381785679 0.04095127316350076 0.08176263174036934 0.04109468194369855 0.015744558100774114 0.02716167963861526 0.05308279111839184
26 0.09186770513241854 0.023218026571349977 0.08052722355437723 0.031228235202994014 0.0835028661747881 0.03654819472116035 0.040380642553849384 0.03096623421131529 0.037644702938994995 0.03203037024649095 0.05375644480405822 0.08624360682281275 0.008324063690084047 0.0018472534239239913 0.06184162525977634 0.029204296352933135 0.040925583238764975 0.09906796122797441 0.031949861978186576 0.09892510189374665
27 0.03360875369266042 0.06467300083927152 0.03492945762562478 0.005966125857381889 0.02068541017813554 0.05674208578840289 0.05847945045588594 0.06037710786385809 0.07271150322423603 0.04322249132376565 0.07950421124156976 0.06990415086822824 0.02814217952622215 0.051060890313736146 0.0701894244896321 0.02026862299449736 0.05921858851786932 0.04686785860711075 0.08687689402255543 0.03657179256935611
28 0.019414613131855458 0.05039449947478117 0.029525359435109175 0.0011394796456427787 0.04679480810526581 0.07702378480929925 0.06967376250803661 0.035660880833313806 0.06635290379727964 0.061209919618977454 0.049754979828171 0.027620521245961815 0.06306716524936973 0.0936020269048446 0.047038367460143456 0.024418403757286114 0.08783893687267122 0.019608374649583156 0.07325619119433312 0.05660502147807494
29 0.05919303443683181 0.05549226610731842 0.03487542708934664 0.0700470113529694 0.0071450056037519905 0.01193793160394201 0.06112666127083903 0.06900496334746758 0.0012580161896803136 0.07986517919290488 0.08765725406910267 0.05585605249999966 0.10375374683912979 0.014783399060671163 0.04540269927270969 0.08724703961840598 0.06015427639927874 0.004031215291980169 0.08048402345988455 0.010684797293785176
30 0.06585501201501563 0.042283548357815934 0.02130129821808828 0.08601655178883746 0.04913122545277601 0.0665257641943024 0.06245627853976971 0.0908589233808016 0.050263631153441554 0.019395759265063605 0.08362084556209846 0.003622573314010062 0.052299230811252706 0.04017257527117725 0.0397108347003996 0.058701080214604934 0.0698256588326205 0.040918499798887044 0.003039340596412238 0.054001368532624855
31 0.07608307438424688 0.0004496108359835543 0.044331098835243145 0.09127406902666604 0.08617895865475725 0.012843838061747855 0.03836078739628679 0.05792411134348227 0.08918947280393008 0.0024300517253561136 0.09420092769677363 0.04586809037256098 0.02723632327449589 0.0358517994657521 0.08473772303599277 0.015268163314461156 0.01749779708064687 0.05754117876635464 0.07186100584072636 0.05087191808453548
32 0.04640389818626966 0.057775003718760085 0.059407551903206283 0.06919924908249157 0.020362407701816816 0.09773357628457204 0.083108728948563 0.012679512334471638 0.005901772620554027 0.09736587436604424 0.07711945231532596 0.02124254592090912 0.015623087394407537 0.05832684531105514 0.05787617226397574 0.04513200763848618 0.06306659140090004 0.0715497026916036 0.011961019212889232 0.02816500070369831
33 0.05015630286031053 0.0017325862886859937 0.08507324600096501 0.035172253434085296 0.05321891005447168 0.06402236630174682 0.0506043856626142 0.011784963702494496 0.049335314452726674 0.044065074227723454 0.06172196695289444 0.04562198558778562 0.009151694133843855 0.007715515039249765 0.08196852056710147 0.0839331951100848 0.07926576494006665 0.05319085546650171 0.06828375406059732 0.06398134515605021
34 0.045520622885198724 0.06453952096448971 0.0775707821525626 0.04882333141784459 0.033004662319947545 0.0004702173319947603 0.07529225967311459 0.072624001343111 0.006627866896788518 0.056199190326476384 0.056159466942344936 0.04277251536999393 0.05963590238096672 0.05168766318567544 0.08230825234667313 0.03319346167872375 0.058868873111715264 0.0820515827290529 0.05016110973763594 0.0024887172056896286
35 0.045234409519428725 0.10092746192456022 0.008021797804981723 0.06727905228738203 0.0452986828369686 0.11546731698939858 0.009154726396762902 0.12715988066224307 0.04269370190806321 0.026062623945522095 0.0714980939070223 0.0897995308395906 0.03669561023372228 0.027740510641315854 0.049227356888537264 0.01854042963913875 0.02406097980332026 0.0011163615609860959 0.09191654124074386 0.0021049309703114723
36 0.036371994985455354 0.024558383022113366 0.008075253426023433 0.03096882622775244 8.017084296565377e-05 0.06221783752831113 0.07423336028022917 1.6042144647706908e-05 0.06260909043060334 0.0981092834308535 0.09323115858027994 0.09715464860715324 0.05982674844211602 0.016269049813797506 0.025856619229999885 0.037270016887531 0.03363584904237155 0.07790604996635637 0.06819542101220981 0.09341419609922971
37 0.06940477263284225 0.08171894517325917 0.061081376168980066 0.0719621620795402 0.024254177702047082 0.05486361826591132 0.027309204298449526 0.07208940801839549 0.06507602884910976 0.045977787515239836 0.06213901459681248 0.036140204200317834 0.013426484951721496 0.07098281301173152 0.037883442212181595 0.029518099744922345 0.04528889492851546 0.0686416292592163 0.02767130763120652 0.03457062875959974
38 0.04699096415219841 0.08589755105996644 0.020129197690824056 0.051220948423210295 0.05927759917626605 0.07745415225876412 0.04585675472164325 0.04019022012673538 0.07655921650420743 0.09053984561301574 0.017332895380424814 0.039399449651287596 0.04569214331846046 0.018691418188809622 0.04965382380162806 0.046594196024502904 0.03173029750892362 0.06127216313826297 0.035609471079044226 0.05990769218182431
39 0.0015261604090154306 0.04922507466396188 0.00667828563586189 0.08742794326308471 0.0232536988840269 0.034127448028482374 0.05724953521782275 0.07543420690369936 0.04287008972984398 0.09045503599601458 0.04929062543039901 0.04035165154411524 0.00922013898629921 0.06371232325566303 0.08117776711831319 0.03926013200587184 0.06917510092566143 0.07124351495844285 0.02520935924274528 0.0831119078006752
40 0.0793126987898436 0.00852431319740706 0.056730133583455536 0.06698904084730888 0.03137054402386821 0.10210314944732449 0.11314795506000958 0.001732796049446776 0.007868331544172193 0.07307373961637834 0.06353313089396473 0.11359101975573216 0.04516378424655337 0.005099603341566235 0.03920817158966339 0.01917520877411415 0.07117286273462448 0.02077844665140422 0.039159880026606565 0.042265189826556054
41 0.0738463236628 0.008094085183672979 0.01957942529439793 0.05014418728347622 0.08723401960694184 0.026867872393385922 0.08285441915275978 0.08054281435919734 0.05341773543878797 0.03387991311810445 0.0040539606731524415 0.09290066713021917 0.030614404547835296 0.08794050913001354 0.026567882112493713 0.08834185725318425 0.033181742467056824 0.00143028191655262 0.08368877270214163 0.03481912657382599
42 0.017156254539706275 0.015455654328495378 0.06516524731937619 0.07883771600279116 0.028684115379530317 0.05641821990148559 0.08979674872692307 0.07975123799221595 0.04063626867277151 0.05097661623179805 0.07177673901592654 0.06665051595962833 0.03958218878122706 0.026979235275950114 0.06962765576930362 0.005874727991478065 0.07835397421379689 0.008607656536813094 0.06507545168426339 0.044593775676519336
43 0.042350183675575796 0.012301045271596032 0.0684607247865394 0.03795229866789469 0.037978283311721345 0.0033102361748716365 0.0643930883479324 0.10158796512692549 0.0034636854949019833 0.0021985677364558336 0.10200829404316557 0.034499918110729104 0.007013058946886498 0.09130622135678536 0.028468762720220052 0.08014867882272937 0.07236410230579628 0.09570622121814522 0.03576960812868537 0.07871905575244233
44 0.03377179234201365 0.017853574274599486 0.014810314233976779 0.09993099746579286 0.048577259155569624 0.05400733547801174 0.003502080787000768 0.08675237644314576 0.037558779867944786 0.013351717293218683 0.02410754509471514 0.08550629263377091 0.007396711520745322 0.041862440560549066 0.05047362036867489 0.09862283855191108 0.064957431094091 0.08730685689857363 0.06003319202380628 0.06961684391188862
45 0.09097133964134747 0.0046227096740908 0.09309676782609456 0.03299577570034223 0.08837357065799438 0.05349303950139582 0.020814865368650078 0.07103406060328792 0.08149138715468698 0.03187635321561092 0.0235616814036353 0.029895213838577312 0.08543729868592123 0.014176671867349526 0.0022016182139252497 0.0669091611991904 0.04072077668406179 0.08848240366516774 0.027417670040324985 0.052427635058345266
46 0.013223066028022196 0.09343014984313554 0.016776987032677576 0.07768886767306268 0.0051094647968271895 0.043830682965980285 0.06201925444200042 0.006143917125990976 0.00022593145765186748 0.06716178800878361 0.06798162939479827 0.06877678552658754 0.08370265419778551 0.08494551187876352 0.08244981785456158 0.01806749707755678 0.04963758470090228 0.02051502398480087 0.048632786526818864 0.08968059948329256
47 0.0600394973863103 0.05502720666438282 0.016640771442892992 0.048277756305910274 0.03691222013653574 0.08713186208594688 0.0038517803255248765 0.09111418069921762 0.06401242302895699 0.06495531492806876 0.014498397899171993 0.04989223016029489 0.00012338727166243197 0.07631973671838413 0.07327989315257087 0.07616878175285907 0.009847098123522703 0.08768873432201968 0.06541370583444354 0.018805021761323242
48 0.026957607160575738 0.01912263786249802 0.0892868722178654 0.07517342808226565 0.05760696540554094 0.07742564439230522 0.034710529616691556 0.06135797670222249 0.07867463265243903 0.0026861894345356764 0.03879747983218495 0.0839913562107937 0.0733513965626895 0.014259120688202587 0.014769113945661775 0.05865153809430885 0.00041270567981853466 0.08970911825258489 0.0680081057592393 0.03504758144757612
49 0.11335591713893631 0.048351667450000385 0.03350724711832551 0.01037675830016837 0.07423687314559789 0.048919602513495204 0.020655620610761018 0.0796398977294813 0.04024933010547959 0.055396814890872226 0.0956326568111881 0.10175021150192713 0.027712396825794853 0.03139625362377285 0.05372144333158211 0.05937560829566947 0.055899116872831896 0.011625168611893569 0.017691146767033806 0.020506268355188467
50 0.08274976976920372 0.027951350321696867 0.020101205967138935 0.03897467479090335 0.09566289560644615 0.05748290585427304 0.016553768600186796 0.009067931523450623 0.06221725409520493 0.07660627600705436 0.050390422934889705 0.05574335625172982 0.08210600630444612 0.04588523624920764 0.02774110894458909 0.06828527190027314 0.004663661112288826 0.09432006531260134 0.05661837112242829 0.02687846733198723
51 0.005868634598104582 0.06358936773379006 0.07106941301252966 0.029036093118701683 0.04479650714896647 0.07114577897707755 0.046195036391278296 0.05776530248795884 0.05723522358708719 0.027532400364535383 0.06559711804713578 0.02544996711419092 0.050364481559938695 0.05695000350616673 0.055457851708148355 0.06665265331191259 0.060276319358515386 0.07793355541468645 0.030029249383484256 0.03705504317579119
52 0.08849722599375748 0.00018649957613144885 0.07852038652665598 0.047056048631098434 0.0306602849318937 0.04551886282107383 0.04174106662403749 0.05317730536841759 0.035513897971789624 0.05782464575735798 0.06834600004125692 0.02686630158391674 0.08535493036377578 0.08997089661560964 0.05845767652900412 0.014613588933781608 0.04494189990413205 0.06006879298886686 0.008387891676578925 0.06429579716086406
53 0.07435051759007734 0.05842554502058419 0.08259825826885393 0.03094778421950198 0.06522735129937461 0.003853230467240049 0.07017248675510537 0.006142705503601387 0.03954201162665215 0.06499317112559938 0.021172066814092914 0.06253313171617315 0.06857935215104435 0.049223396033212484 0.02213165676909672 0.01254131841943205 0.0334997357951891 0.09365557583259684 0.09369337702313443 0.04671732756943762
54 0.07813467416868144 0.02122754451899568 0.05803892936664593 0.06468222697285789 0.025288336169942985 0.10648605260988911 0.014779905364944428 0.09111617731885494 0.06542189707676493 0.07020111759294155 0.042232423510907224 0.024602804635200762 0.11120497856955829 0.035312712593293716 0.006632148495710189 0.07886585347052484 0.0029518814218357776 0.007794048438109103 0.004293525467030807 0.09073276223731064
55 0.0861370104227209 0.059863483909549854 0.005559152369121037 0.030370644953965405 0.006581510707038475 0.0964442324430316 0.00198124604480494 0.008490037740268479 0.017417246642219445 0.09009967611543392 0.08779591002278854 0.06748524496096453 0.05561374444004246 0.03737419179605726 0.07146185742156938 0.045069662061966054 0.05364537185598969 0.06501215225483288 0.0793971594072312 0.03420046443040387
56 0.05614520440240431 0.0697624031743121 0.03789176241617187 0.001708301620418072 0.011454866758965235 0.04460432988628414 0.08622420625710885 0.06479109021130564 4.608708026710459e-05 0.013723907276282424 0.07725366864843704 0.07302186949604486 0.07412244319429609 0.04962284110388267 0.06954677914938209 0.0403779319862611 0.09946831368697198 0.03409034510933844 0.07434763618983074 0.021796012352035175
57 0.031007217783455797 0.06813371756856197 0.12070513491130032 0.04697724235290518 0.0957470522478855 0.03948245723402824 0.014354744059676749 0.03245376931846319 0.1036117834901087 0.019899874797870483 0.07916890810398058 0.09775410014252955 0.05304785081665796 0.023550958305956333 0.006681167163191892 0.05051233887582043 0.052449800226053174 0.007034077815140939 0.03228793537359962 0.025139869412813334
58 0.04214066916283377 0.07018348937500009 0.03270445391553347 0.05777544687815054 0.11429222419579016 0.03136369120171026 0.040270914508024586 0.03108437598467662 0.10028817108151772 0.03984583877471 0.1083816890514468 0.0608437396267339 0.009439308744208742 0.050812195139505655 0.043793473480602294 0.0663870952874882 0.04790639143662612 0.0038009185147030657 0.003924234828659981 0.04476167881207792
59 0.09300655884138946 0.04889402114087086 0.02524773748629397 0.03008434756253206 0.035166403186082607 0.05996384010255055 0.04612782292772991 0.013254179670171992 0.02240539555991228 0.08227568225227007 0.0917618313018727 0.010998275749765224 0.06476748384416832 0.022920195494141843 0.0021994061080364423 0.06703978418965359 0.10100833799513934 0.05104677579346027 0.06894843511874957 0.06288348567520882
60 0.06992642951779528 0.06578632465866452 0.006805809730569414 0.018477106641018187 0.04725361727453764 0.04741691398916399 0.04404668999812749 0.03704152291134294 0.06663896860997758 0.04673119214736096 0.07143296546502319 0.054727436797593246 0.031078405882918707 0.0833882257098172 0.05109680757819464 0.04829336678243352 0.044842230249749246 0.04755039507241381 0.034637097066566966 0.08282849391673146
61 0.07348519667554503 0.035953673588918086 0.0005137039757165749 0.05809291389460805 0.043447866866510185 0.0172286132534554 0.08636455193526581 0.07904197654843717 0.013404558638332566 0.0773710369981281 0.05419143999515362 0.07455293000156053 0.023117266085121126 0.07470262906093171 0.05843925664594762 0.07019259584612067 0.021589552644618284 0.02426126347922479 0.04339399348944198 0.07065498037696279
62 0.04954264882637856 0.06378214840034449 0.010132151974653739 0.06439480060811986 0.03272642535668047 0.04509597602659237 0.02407905392153311 0.02839078741910741 0.07428290851929639 0.013778328075527261 0.07922294484040476 0.023292274706851482 0.06916336379945226 0.06981564121018134 0.06769727457223312 0.06252285951378687 0.0635427854717654 0.06504276396906093 0.028253188105553037 0.06524167468247707
63 0.06036365566924702 0.005077122352401362 0.06816223629108789 0.06775888388300048 0.05789439013078851 0.07017959323545701 0.07205692545437782 0.06470086942126772 0.04780566159400646 0.06714456567471469 0.0581538417666348 0.016093623683626088 0.028596082999343908 0.05560527029739506 0.0502327976945681 0.0006371107969360439 0.07030648987400685 0.06607567392813884 0.00014737075908378137 0.07300783449391722
64 0.03445167052763465 0.05293113218938225 0.10058717714974699 0.08484042595350585 0.004096802868472374 0.08678646171190431 0.05472383425755794 0.06457585238424529 0.07377056524076228 0.0067997574206271555 0.03444925957438822 0.010999821731442797 0.031216175940206523 0.04787253209214092 0.061811646721421976 0.01977221704401694 0.029334123526434615 0.0894300540959827 0.03597472017767172 0.07557576939245443
65 0.0963043189394385 0.026902518379033378 0.09176631179874092 0.07105716593539388 0.041124071628234275 0.026726273033997775 0.009527314561157662 0.08737815633880087 0.07310197982418679 0.0867129573883012 0.005162381135283738 0.0034934404406007143 0.05383018126571056 0.01915144008957656 0.028641015277399328 0.04308335523104608 0.10906474986564958 0.05602517834904503 0.017597182349719666 0.05335000816868359
66 0.010061097205337622 0.07310493756080495 0.010280841730250812 0.08269267921951168 0.10190554870629183 0.028441221228241213 0.036167677244800224 0.019955160343750028 0.06441323510274019 0.031248011503446315 0.10023497135928425 0.013802779297120893 0.037112098223412944 0.05586555404059382 0.022780536808080145 0.030788012274642697 0.0817862955811011 0.06274916597800076 0.08347865275090359 0.053131523841685
67 0.04467708485102245 0.07190449954543902 0.04306293515695684 0.07879648989539481 0.07362485927564351 0.028695693039853944 0.027978294480932836 0.028157015595914145 0.061748650020034046 0.018438257661836675 0.06078228713759145 0.05580007782923608 0.08436570150265253 0.03586482788218638 0.07085866153713824 0.030515004912819187 0.07497759959175958 0.016734720041875994 0.020233306857575302 0.07278403318413704
68 0.0581978826131565 0.005106082118093842 0.05041308988894428 0.027510465776845003 0.08013965331692637 0.08478755241138863 0.01818409428482332 0.07860530839681885 0.014596582726170692 0.10783159996366964 0.05125172534379473 0.08645757464368552 0.07085455475456427 0.021030861833882825 0.03185832607320173 0.007049246948138778 0.09321324078732138 0.019589196447834682 0.06341309355211946 0.02990986811861949
69 0.0186819334330962 0.024536413627525813 0.11272061946960593 0.08174275250828882 0.026182691288894753 0.04778170371023608 0.11592201767994689 0.12092616531777056 0.0731387337969943 0.023921358072432383 0.031385313854746376 0.039052129356258215 0.012425119931744782 0.03729568487095021 0.04803699096858133 0.021665155534659367 0.07398590048142512 0.011351093324152663 0.0366684480246515 0.042579774748038694
70 0.014587795724882368 0.07967994423676786 0.08690519970426948 0.06391617684509039 0.07119149885418735 0.03623254580541333 0.088163236075552 0.018973683787579746 0.11085265241411571 0.02836119552777192 0.0037110485120086757 0.025811206735390734 0.05855357151205674 0.07557297340113019 0.04898619233727322 0.007548406487816561 0.01090282647706099 0.09456845730144636 0.05768155218695636 0.017799836073230168
71 0.023484539347733972 0.06239570337259296 0.07566189036875685 0.02634259897132651 0.0159112496655097 0.021329409781795677 0.08025763287172993 0.05718178539828014 0.08154256589658246 0.03859373864807218 0.029624937268909773 0.039841323756597914 0.07903165081215938 0.014146632273984648 0.08017048447037552 0.05835229526458188 0.07519151061024414 0.06683970386052344 0.04580594273140222 0.028294404628840707
72 0.013612765143052449 0.0803756983251688 0.07548823538221304 0.0313759378470121 0.01345155914350399 0.03635848524518041 0.1130523850680104 0.02493313640995719 0.022505437299908136 0.00868294125280419 0.05230614782082151 0.07520261512189001 0.08541269799191258 0.025775852542830085 0.08096309738108243 0.03203240769199334 0.03466979557390276 0.03719191999323667 0.09842780566046426 0.05818107910505594
73 0.06581747980189129 0.04327914419316981 0.0676459167269217 0.07336579394606282 0.04021195535087728 0.011080237839845613 0.02954383701245068 0.026872498753210017 0.07750034967524023 0.050362887513033534 0.056641262162561455 0.05586653260195358 0.06756086835169255 0.05612795434373644 0.06148000337316537 0.05336332284784628 0.015286699384814514 0.04017358070843244 0.048066122417173555 0.05975355299592085
74 0.007595616282142194 0.08118621469093888 0.007570386950850431 0.0747546080224387 0.08838072235188943 0.07112159476416996 0.026434517406403728 0.004730761774575808 0.08882249924726354 0.04841708503234548 0.02879894567961268 0.08352659437232668 0.0406534567095581 0.07894536225770474 0.036603923881311874 0.07997114995565512 0.09232700359817399 0.0030387559718047827 0.0439893690910082 0.01313143195982564
75 0.023803576421696587 0.011287542285423311 0.07340515659316159 0.0035686283851050138 0.039801456910875395 0.06426236162924344 0.0034843430815454995 0.10189361891644542 0.06828158672220727 0.09331686005994733 0.006573139842810503 0.09156615020689406 0.08581573972014275 0.03200843484756204 0.051630159298567437 0.08565413867719195 0.07364110160134475 0.04910755894755316 0.0071563869241147325 0.0337420589281679
76 0.054046704187755396 0.08288799120208788 0.011122275562311577 0.02352645544051584 0.04332839709479026 0.05656500808857431 0.06020335530478524 0.003288476590553981 0.09806280413546067 0.07286509454879049 0.0005275787784186133 0.03911641164334713 0.07281759268190482 0.09028361474355244 0.0029630259855290535 0.02426950623439028 0.03223780337397625 0.09129750419847722 0.0666860636527187 0.07390433655206008
77 0.0338517818188783 0.023194835520210944 0.09678663440310985 0.009635338038530193 0.02178995655448048 0.0600501615558622 0.02711188237899733 0.01032039464559073 0.08137693041728476 0.05116700835544087 0.014902487885742948 0.023669656394452936 0.059668089259013575 0.07062805159070445 0.03828265117593671 0.10098165114982803 0.09837477441403052 0.056576425269912044 0.032567923313654074 0.08906336585833917
78 0.07151773927349318 0.07502834678996956 0.01123712323933321 0.08292099156814667 0.018440989075242224 0.07749751656560994 0.020243402002847233 0.015090991803090429 0.011095826876099286 0.00963295893325707 0.06379665611148602 0.033476904479398724 0.02263481355676304 0.08100765349574245 0.0850864482602829 0.05632430299944791 0.07369849195078278 0.06116838175448133 0.05109241849066314 0.07900804277386293
79 0.00047715363292324806 0.004969355530501342 0.0926669964184074 0.08109906032964358 0.03470179625988324 0.07568739718929447 0.0038671428710420797 0.0838439768554398 0.07136240292663207 0.026685946998153496 0.0192968659375703 0.07381469875236672 0.020758384840110167 0.06817759121604659 0.016684648544529602 0.062416544014771876 0.0501457855125231 0.08019431491627628 0.04366639517448195 0.08948354207940257
80 0.0874026143665974 0.01019928286239853 0.061600159580604844 0.05355478446179326 0.05340089441074829 0.03682818474848202 0.06519135070580934 0.04764275671712172 0.082980233370645 0.04300706762504083 0.056969084161801575 0.07447759726521112 0.06836374279577921 0.03886255885581602 0.014788419297011272 0.00138913017267772 0.05143754750917722 0.05327087067648441 0.04837741920743071 0.05025630120936924
81 0.014694046716919082 0.09502014652805428 0.1262091671444052 0.1028242550102033 0.09688495535705575 0.014092973918513609 0.01603923472524124 0.05878108431795275 0.016448085474307667 0.0008308730463468752 0.042456747026745276 0.09995378313147438 0.09017317753105714 0.040007558633560925 0.021915418272304244 0.010134754848243497 0.0014057071348539773 0.07691527587259359 0.05149325215437977 0.023719503155787254
82 0.06393590235052495 0.0032160572296052233 0.05375702587012858 0.08431976816763848 0.008913582076383948 0.030124412557953086 0.058549564618778846 0.07560779519099844 0.075558106334729 0.04373043059879088 0.04818584613193359 0.046168668901903145 0.07907926772798961 0.08402891280956432 0.02333309925407544 0.07720010766066057 0.0753012290941692 0.026013013979874842 0.022651601291818958 0.020325608152478882
83 0.02409083741114537 0.027493176322645866 0.031948918217306214 0.0705838438418111 0.07100201764347402 0.004471170894089819 0.08194382487786558 0.06866659709128882 0.07154273540846807 0.008972276946322017 0.02625452741361534 0.07922920510581037 0.08263884185625242 0.03879488656558552 0.06623269876119664 0.06585710516398294 0.08690618906130643 0.05581212799672988 0.03586953608978168 0.0016894833313218405
84 0.07213972704644742 0.07334515373969884 0.03415225525041062 0.014464562826343539 0.001206165194954521 0.004359347631179542 0.08786773593032152 0.0862458777464272 0.07655803663876261 0.028181988159239814 0.05826958655977488 0.08663530613369536 0.041197703041133814 0.029247285671534812 8.400830637553089e-05 0.08352817592633989 0.03791129737274079 0.057121189986298185 0.08405286710366838 0.043431729734652674
85 0.0037744443384613176 0.04253339073087525 0.09470975432927535 0.0065700616812398365 0.08176959902937816 0.006666109140662297 0.06219432082785382 0.024711072566819495 0.07793397003387674 0.07551928587223188 0.08060462451959627 0.05847771330427004 0.08793995709302678 0.0054613752413427115 0.05659260405968072 0.06538691176393421 0.02173579329708803 0.05482337014512116 0.0439137789993142 0.048681863025951774
86 0.009430147000980002 0.01008147038190078 0.016017060118400088 0.07651596439047693 0.07633577401290628 0.04339825722095151 0.051862195898212185 0.011292148378816508 0.0909913784015106 0.037860569028287244 0.017822506486294718 0.06640387283060868 0.08324361674374388 0.08232743897133966 0.03706835664361035 0.04551218590534803 0.06777690405605641 0.06409673378193106 0.025631208659595197 0.08633221108902984
87 0.08225179253356421 0.02499235613309893 0.025838942572837642 0.023974372972531206 0.015150644906113295 0.03994948566176307 0.04325177045415367 0.009033237545807947 0.08463555515812217 0.04152085864584056 0.03917138043135595 0.012561718172567526 0.08026527737161064 0.09497705963267 0.09900858474088545 0.07121120978220638 0.020530027391737694 0.09040508657135751 0.013869810810968951 0.08740082851080698
88 0.0659955327603367 0.06382621050527232 0.0757992519454941 0.05646344305428837 0.08613185579660983 0.06999709622065368 0.014286364062615296 0.08527189983883646 0.0036952294611855953 0.0537641477650272 0.048619645098916545 0.03432950338414505 0.0803942101983699 0.08027620241947106 0.025905625319664685 0.02165742594548721 0.05599943269408021 0.0011307238412178106 0.07264781100506823 0.0038083886832596353
89 0.01836052017775311 0.10704519916593683 0.047940029657601656 0.05793563437222608 0.08713405288719023 0.08168528292442785 0.046351804976815104 0.04568623515184829 0.0033212373951440805 0.09964252926536812 0.03745265094983327 0.08994280875913731 0.053781022489013626 0.029134056714419418 0.06724674535147246 0.03021515354445887 0.03049416791373749 0.0013681686472662446 0.0029057919655923726 0.06235690769075771
90 0.011899462661780802 0.08182485872034369 0.028357258025283976 0.06813699725246943 0.03496895031367268 0.036924990362229626 0.083752212838009 0.021589093570316454 0.02825408196204556 0.031888773690082875 0.07807015804606822 0.0734901994606345 0.08524118387777521 0.08439555093278832 0.010660372964498137 0.04319330707435453 0.008927747479047976 0.04108258963902095 0.0849546032715429 0.06238760785803511
91 0.06692548075518501 0.05905379458052502 0.03280117200171319 0.08585302538393894 0.09274832940498824 0.03204334120061531 0.07408486319607677 0.04726378601007518 0.07430228807856194 0.04577107977029621 0.0699076727698 0.08738617210445508 0.012274868872379238 0.06834424135203375 7.195717707869107e-05 0.041454898264311243 0.04740064655119145 0.004690293106883427 0.008238126944897648 0.04938396247499378
92 0.0019390328723822242 0.07225028958730347 0.031492471815629725 0.06881447451300059 0.07242981149661086 0.07324666615960512 0.08175378032893037 0.001726160686704975 0.03321198690253535 0.040413468574797204 0.07112570260522828 0.052036501524732486 0.04343115845450232 0.07439521234159674 0.07026916694096923 0.07659046820951768 0.013547680208293524 0.04534958340386501 0.026626251331521012 0.049350132042274064
93 0.0360968354723181 0.04675639535684279 0.05903274080693997 0.05807137081285951 0.04732547880622728 0.08596749191959983 0.05876720786590744 0.08655341137645041 0.04381806918944988 0.004469187963702784 0.08715034924366291 0.10043226685022984 0.021422620683487874 0.01354200328359382 0.021643307394828726 0.036808800862375646 0.06562398009272945 0.036926370523217907 0.07147013697216059 0.018121974523415355
94 0.02943991999822595 0.061398649066676886 0.023020415824334537 0.08616546570584185 0.011976376131683064 0.003920259890306728 0.03122377056011451 0.04848518014684986 0.10104324465838316 0.10176412090399929 0.021373573698297888 0.05259133683070552 0.0945120701501081 0.004969574149574141 0.012327153297210947 0.10339348895295832 0.037354612373856545 0.06871037928526463 0.044016031353406745 0.062314377022201405
95 0.030210634283320943 0.06150623621668931 0.06407471271434897 0.004576463197134246 0.02395239946467153 0.07385959789107945 0.06037654929336724 0.07614707444004791 0.05904560271522335 0.07498086672192913 0.056291320518770685 0.04380478282102721 0.036639140984422176 0.0399108092066318 0.009853353423510533 0.04887894249818647 0.05715940607931054 0.0446552717651168 0.0761998239140322 0.05787701185117951
96 0.05179614007508442 0.06886812990861434 0.06396770533790076 0.07751284009492185 0.057659844800717855 0.0007308709348188377 0.07310149476374932 0.015582043841849521 0.009703355955853735 0.015682849361587134 0.06943415953516262 0.043704074828588235 0.05306677418784041 0.06769034713138326 0.05673648174451037 0.04866762614448142 0.07815793844168072 0.03809743329043888 0.07746777849194669 0.0323721111288698
