0 0.09559121238138914 0.0825322572505265 0.06933946173231453 0.07642134135646544 0.016363979679405363 0.04214621841138632 0.002768954947087543 0.04944162192204603 0.010832226140554157 0.027051031588202438 0.016349670504042364 0.033379314747784196 0.00713937278734749 0.09938181053607098 0.09363845505834571 0.0814925061023561 0.021839133862378606 0.08226119867663974 0.01646791401943444 0.07556231829622287
1 0.0714018289829077 0.08594158893146883 0.0654962499230521 0.033133524566038915 0.0633769089947921 0.039607500044078564 0.015273746727361386 0.04764830513319165 0.058722117150179165 0.058427624935963055 0.07527716515835192 0.03401943106181144 0.08300864010758739 0.05703672929218035 0.05082168962927947 0.010911405342919574 0.023189320149825263 0.0696228513703981 0.028188794057870566 0.02889457844074232
2 0.019174854005258063 0.036202623505074485 0.06728201436445727 0.006448291622586167 0.061773044177953804 0.007062734377452651 0.08425299280006328 0.09518840159421327 0.08108338681883863 0.043351975778907315 0.01907987905067307 0.00483603671630534 0.05255723706948628 0.08865396112785685 0.08593253260177536 0.060618529230603714 0.09281557899384676 0.05190858193548794 0.03625257073081924 0.005524773498340588
3 0.08223145951782668 0.10791774696242529 0.0584413791665111 0.009337122052061116 0.09026143136350875 0.02032245714343937 0.06510422598245076 0.02831795806375803 0.0209488108242805 0.006632392651260221 0.06442929054398502 0.057946938215533074 0.0717912772869727 0.041880522581541575 0.03710977097125697 0.05977611280641219 0.03067496105130627 0.037058681566836824 0.021958134866675125 0.08785932638195844
4 0.005348961319280985 0.00724458922579221 0.033518222119479545 0.02744875559270767 0.05754890304631048 0.045808574557645504 0.0801171846861094 0.07992598501203614 0.09571525812923534 0.017151150097448636 0.013414209186963042 0.06375361670965501 0.053335829030655986 0.08474493594106204 0.08106174983002104 0.09909150502849302 0.041886590160964715 0.01229503835012461 0.019375377490980093 0.08121356448503429
5 0.08029264152815317 0.025079145359115707 0.06575804657631881 0.01624900988566441 0.08956738897004221 0.09540691867105805 0.07613448917821673 0.06317821733030546 0.017910001715281003 0.04461656704429828 0.003765134278474632 0.05835322962364419 0.054940808907926485 0.09798279814396622 0.010093406386943393 0.0655284371464138 0.005388717899381475 0.040055579676513804 0.022792053859891755 0.06690740781839033
6 0.07029654688248987 0.02655476404574896 0.06408176527295559 0.058016994763674834 0.09020415879812768 0.030949316329578584 0.07358821173375883 0.09887089124273235 0.026500942031298762 0.07160134345476667 0.015625722458768948 0.052102128973443 0.0008577322635642374 0.09007899665091097 0.02627970824732872 0.06290077178961763 0.032446606108912264 0.02974107686884353 0.027159818414771653 0.052142503668707
7 0.009801722066977225 0.09813946423805417 0.034408171907576626 0.0010365039153287757 0.06785126503499064 0.01812552700151898 0.07684712482595511 0.06035944910350603 0.0776084200294106 0.06041939061281028 0.02228021292503563 0.08590494884905243 0.021422795960675572 0.03048773792887389 0.07163664681482362 0.10079396181419513 0.0064528003217161805 0.0512822483103317 0.009706543962834326 0.09543506437633291
8 0.034188453074783985 0.01246491188458654 0.01661437081374304 0.050873658538558915 0.018106292341295804 0.08586441200503542 0.05646760223869764 0.07481506523201908 0.059485554440596305 0.09733288283384571 0.04616085858650814 0.011029132190167178 0.09067896598011226 0.04226408840934727 0.08244350958806265 0.0009886234484141152 0.058009665238946566 0.025983456525787964 0.10188017204701495 0.03434832458247612
9 0.06237452915388156 0.0734910263342013 0.07638318138203017 0.0385836088760429 0.07919325463258224 0.03524573139251793 0.014197111556900153 0.06369543379805923 0.08337237346344384 0.07725125839341597 0.01771972994197714 0.0001219657120905999 0.033765775463711525 0.04628277467161059 0.046984903695903635 0.026707314202724205 0.06899358780308568 0.031199809874817616 0.08029685115005337 0.044139778500950286
10 0.08068542561903057 0.06184297293093206 0.012746993154796398 0.011387748714748111 0.0445211188494995 0.08165352906132847 0.06811244985185634 0.005571565387292348 0.052288341233088474 0.06475948530482269 0.09805081689067345 0.0367080881362675 0.06803342442492218 0.045917073875331775 0.05320495461389916 0.047312951013419556 0.062296128080832666 0.10023487780987499 0.002236200495514333 0.0024358545518693504
11 0.0820882418138618 0.054235725113063016 0.02664176853415552 0.04737481757648165 0.08621138694161827 0.008535688568859825 0.001187620151787875 0.01924873097007133 0.05708075755597824 0.027668972068606683 0.06837284282291266 0.07361156847345454 0.07394558519702317 0.08759546394625664 0.030647865981849803 0.03904866208624355 0.06098282177701223 0.0187807839821678 0.06815743000514932 0.06858326643344616
12 0.07865434502838574 0.03729616995745417 0.11407016111909199 0.009088465914835446 0.017453074173765303 0.007532028376056754 0.10475526940803297 0.0031398066246917534 0.07896909667811748 0.04158884082761323 0.006602853367852475 0.06809582413924734 0.02798363272474298 0.04299408617180213 0.006955511220424428 0.016936942242709155 0.11434581772366796 0.035933166416979044 0.08453561337167746 0.10306929451285224
13 0.06275858525039262 0.05601918143183202 0.0399657512201435 0.015360026691828168 0.025400620036127468 0.023744460766486106 0.06813557502713838 0.006191261847804707 0.034708788534847816 0.07812763531326986 0.04621714759738882 0.08047890492815009 0.048349247976243584 0.023050882743275315 0.024709190677284863 0.06505805145492549 0.052298853650740246 0.08394165147357156 0.08496786008932102 0.08051632328922838
14 0.04896596716917092 0.09699672561300696 0.051646043504130656 0.015159791091137166 0.03164892658933777 0.0007696681317494365 0.0642086968894668 0.009220579861602903 0.006924247739541096 0.06044883912549185 0.10505101207868912 0.060014405157074575 0.036905694413490536 0.07935662928728371 0.008610096257987539 0.10619022387034831 0.07297454903280345 0.01779886616198892 0.05325474029430714 0.07385429773139127
15 0.01828853307972113 0.08939014092405831 0.06625619298619076 0.05516826488007667 0.07427455117704258 0.02101056961585301 0.04899816251389324 0.03562762193545966 0.011503184983532533 0.05292869779795075 0.033556977473499956 0.008691107199925736 0.06512483924103338 0.08921664665017712 0.017110718491205552 0.055926404269353074 0.035377181310713976 0.05026687894013727 0.07527380084955267 0.0960095256806226
16 0.020702858384960256 0.018518160048925324 0.00412997252640703 0.05939092216719439 0.04418308966259822 0.13923100069329336 0.0023972376022083344 0.05272785256912663 0.06303983074726394 0.06016398356035085 0.07612758385036011 0.10670173940461401 0.023527842118094982 0.02180162064929571 0.049869175054498914 0.0733947347822727 0.01423445214120511 0.08513741102644626 0.03621561351471073 0.048504919496173145
17 0.013322202055648977 0.021917963541281026 0.08500428802869109 0.04664333423518256 0.019851949396218854 0.07919563368715515 0.08043687002043172 0.09861337935729836 0.0931996838128061 0.07486458178524931 0.02877867348062347 0.00736301467210831 0.03584096727519443 0.021640599294013328 0.07077887646448675 0.02857955553918698 0.01731889023327001 0.07943276035380618 0.07951893030778039 0.0176978464595669
18 0.06988694152966501 0.05943026859079706 0.09324603628077566 0.04802253847976383 0.017404038802480457 0.04046564012886717 0.02952518384995892 0.04400676636515458 0.013086101120242947 0.030225143237318904 0.055215634655140955 0.04723902923441057 0.041642469477532994 0.035479550550455916 0.026835820672361666 0.08668039355264617 0.07223018530259959 0.0461867151705518 0.0823786224127314 0.06081292058654448
19 0.014580414251305733 0.0760417872955948 0.0465089093900081 0.03610399023660134 0.03808490016583688 0.08149815224459067 0.05557130449281474 0.027866236112068624 0.03174616306585855 0.05901082258150805 0.05352473696671411 0.0792354846002958 0.046520689278444965 0.06780722875704985 0.03359508759256188 0.0761072141748895 0.03390546442951288 0.043200477536165655 0.05491672743581531 0.044174209392362454
20 0.04588001480848098 0.08380708939390287 0.08900328475660456 0.0931236079138056 0.0003851322430083474 0.04126056818259719 0.06776728881469554 0.0027427370755406617 0.051444522729029676 0.03579082876083785 0.07673622192682186 0.0079822934702892 0.0815602633996306 0.06370327984079813 0.03593951150780174 0.06534941245230055 0.0019092061889705596 0.052680393660563055 0.0360119459432699 0.06692239693105108
21 0.056401689577954446 0.012030044706016726 0.06433202272798683 0.05293482782993435 0.06771430079418157 0.10466200405171737 0.0890158152713101 0.021940448123789986 0.07244471060590074 0.00795010485120909 0.007443720980317397 0.017660429111322384 0.08829276773928067 0.009852733797848793 0.06967461864329687 0.0196232422696969 0.1049254993521233 0.020588871290081297 0.04394882012425045 0.06856332815178062
22 0.08550501270179685 0.09491751193680635 0.02121539125958223 0.05325535622262132 0.028516466281282495 0.016972216150057992 0.09450147781223109 0.014243183098788251 0.05627547697789623 0.03648472521475203 0.06807116088524721 0.06385147367741087 0.04525876909586158 0.047999301398149806 0.0390129229089426 0.025052880832754074 0.06639917030875167 0.014987024818344368 0.07163378523678718 0.055846693181935726
23 0.04190535047596307 0.06815653549456492 0.0032398760836886923 0.022885889137382334 0.08778709809551405 0.05561252649819807 0.11586995465104007 0.047235317945760205 0.0120078193548587 0.06470902233516306 0.049267768848541636 0.08328983798637979 0.0028613313816091496 0.011163354697129755 0.05852644150886303 0.05676720099573302 0.008852337792714346 0.10513943952046767 0.07360006069098513 0.031122836505443452
24 0.022621930768612786 0.04418803912468407 0.0618255073428205 0.025904294014495365 0.033336911293262134 0.03194871220545243 0.0063639835327842335 0.07801686482112431 0.06819904506940429 0.0021275647887173893 0.07372095284737537 0.06827138225402149 0.06056858989831729 0.04212308529428912 0.08378464380781 0.08163383882876901 0.05978613239160833 0.07869877057319156 0.021306683362357685 0.05557306778090287
25 0.05137790472989732 0.06559450860283338 0.08679569309488733 0.026130862189947857 0.03336002309734945 0.04262849031395624 0.07182567647671133 0.004328300087617584 0.058250149355531466 0.01797578915020486 0.065045763817896 0.07978818232546699 0.07701176551541614 0.03935382477767569 0.08184037875595075 0.024776065357731608 0.06939575749675894 0.07296690033225567 0.017711920378912848 0.013842044142998597
26 0.057088230819314086 0.055051959076817376 0.04665942353474164 0.05143764096883938 0.014545655140843609 0.03893701822208777 0.018944303031220862 0.07457861137597682 0.07177188640236587 0.07182736906683976 0.012271661219576189 0.07466303840006347 0.036350596232963016 0.04789879988772921 0.0769534366147904 0.006671928260203657 0.06967363543874494 0.07345203925156758 0.010700114667648164 0.09052265238766619
27 0.019910093956682518 0.06001460787321386 0.047151732801018566 0.07482950113420242 0.07074331772474851 0.06133078767283627 0.05238169841559892 0.029329940815144923 0.06206917714610354 0.08287719705455518 0.010892345545900342 0.056430682563277566 0.056566522372594935 0.0007177254822968818 0.00644548384312415 0.066857263749439 0.08353022600697166 0.03727187767269164 0.06706886276121064 0.05358095540838858
28 0.0084682555268064 0.012933921746571193 0.008201523378814782 0.09750069417446101 0.02543559171400882 0.03373156471224348 0.08778516997275097 0.0880435111275133 0.04721040305822232 0.07317503863511894 0.06516831080083262 0.06551486005197847 0.04266020218086551 0.09981604012622196 0.06736244904316019 0.06461989888741847 0.021325274756871966 0.018964646547624166 0.015455522159494138 0.056627121399021214
29 0.045431728121708245 0.04721188080902814 0.04746202730282074 0.04062662278274967 0.03457597233175761 0.0388531830965832 0.07624795960384231 0.0604654706778207 0.03876860817639976 0.025965710247315445 0.07228454070561623 0.07518836903614212 0.07590521159351679 0.06843118121114583 0.002708527038479524 0.02889656752915962 0.04323944146078886 0.0788839668026789 0.06724072974658993 0.03161230172585633
30 0.09954597603445474 0.022396472117555 0.04144898601379677 0.036230560304259044 0.07903266437113758 0.05211172663714564 0.09415041231286012 0.005451831698895046 0.004804534622275991 0.09053212541661129 0.025884585093206316 0.06880752198232348 0.03046139861747535 0.009032745909312507 0.07208232082148927 0.08184018751173089 0.02934365836237413 0.03170371762134276 0.028269020559202322 0.09686955399255179
31 0.05285117492932506 0.044073445222495955 0.029707243436783624 0.08857870911161042 0.07628432889917357 0.03861093329950782 0.02474378254588943 0.006081786286153365 0.07092617351749278 0.019201234537344854 0.027335539914933996 0.07434903779796445 0.07208892286895982 0.08215059909410508 0.09009638591696874 0.00923628954697101 0.02290520727519533 0.021083644367010563 0.05784161314092869 0.09185394829118555
32 0.049113662659818716 0.07393514587125284 0.03544923747459616 0.058958889850037666 0.09051673810259399 0.10175348021333458 0.035711581032814584 0.018436273141390517 0.05378479819057661 0.11559759009481223 0.039847152166560644 0.06278081930199128 0.002300191093417798 0.08034322208997383 0.012606407331172305 0.027161757139473875 0.03276103876508079 0.03834563319309123 0.026718378549967944 0.04387800373804245
33 0.000829659728974243 0.08681211875231436 0.031051930023048888 0.04540962682724346 0.0073889856891951695 0.035075295904255316 0.06475255037902855 0.08969012688455218 0.02822762743776654 0.07867364864050551 0.0533739242545527 0.04717889710016772 0.09138227273655966 0.046134526175557425 0.020486179579125643 0.0452938315083727 0.09103251953646611 0.01736001422156292 0.05802458224708514 0.06182168237366572
34 0.050111978420381544 0.06324856425670834 0.05130931692677979 0.08482616278507374 0.006162996666035085 0.032189680023727484 0.06241551800527152 0.0006336741480513741 0.03743909400542398 0.05228475599095035 0.06639062559722454 0.06796038639447549 0.06500969536335123 0.005324987084197324 0.06489530885157974 0.08811137278605086 0.03325810104866718 0.06826726555774687 0.05877508380528597 0.04138543228301753
35 0.012081351688569646 0.0913900136940011 0.06344081326640184 0.021963442310684162 0.03920172661645737 0.026552024563403706 0.09715882959534129 0.09947536836051364 0.032442981276828056 0.015825441328944728 0.03735167170774048 0.08206903752249384 0.05268607975266337 0.1020728650501578 0.09119413146558565 0.02261604156350318 0.017383555263383678 0.04955468841175466 0.021535751979695844 0.024004184581875896
36 0.015650050594814086 0.050392098544470576 0.0579594029970078 0.04852607067481124 0.05358434953240789 0.07258167547027596 0.07095603300489478 0.03755781558774647 0.08305800626485357 0.08265805843466721 0.007149342193541346 0.02404183209097139 0.042608629578556316 0.06004757136666042 0.025758278200693843 0.08153928533654994 0.07968362831590259 0.010609767895083642 0.05139990182553557 0.0442382020905555
37 0.11121617550317003 0.09878815677968707 0.09847912618249749 0.03569214010325019 0.0761276036170268 0.11092965780092273 0.07849704386384349 0.020900214636425125 0.020354779031640506 0.04046357901275209 0.08663639847158228 0.01763471210444701 0.009041838445988824 0.006356540633414454 0.04176091191338543 0.003844564677586221 0.08897299130895318 0.01736967410445398 0.015890185050456782 0.021043706758516505
38 0.044614932510975945 0.013541688207036892 0.015447129142073876 0.08735861216726923 0.07883097048073161 0.06033238709174694 0.07914944631030114 0.03236990546900004 0.09972483259337175 0.06714215979089896 0.06694519257465939 0.08201288146653517 0.0018819198765041266 0.0017507015212948852 0.08357788061593581 0.019896948807842697 0.015741391132889096 0.039657977796711756 0.01129423198126975 0.09872881046295111
39 0.08878178482685081 0.025683512269678965 0.06296247198533109 0.07097491523265889 0.026735447558879095 0.005908345441739771 0.052252984082844796 0.09843496907681426 0.051248331129658285 0.05218893326228851 0.08548532824932566 0.01991300360962667 0.02912306110522268 0.012967339131830043 0.037377161372315386 0.03586006328377906 0.03858248864482032 0.0963247020097674 0.10023196368731434 0.008963194039254054
40 0.050005490724011926 0.012334920653796665 0.08551922125062045 0.08791150081396176 0.06542313941066219 0.056085888133540346 0.056356147191331314 0.0524423385962004 0.03125686138292774 0.0076234110345908945 0.08132390071275022 0.030095821406705848 0.0435309436838065 0.015739328432877057 0.04129922776041748 0.003751650335246359 0.05923110722041926 0.09132063219355002 0.09006901909424982 0.038679449968333765
41 0.07469715592998137 0.06865890414012901 0.07527352708135693 0.033648048393042536 0.06920813101332574 0.03776231523678185 0.02773287709295963 0.06132210705508992 0.042225334038735435 0.014174670213384895 0.052343134963741614 0.046543677534744685 0.009210934538707187 0.08685938457999261 0.004096452905323424 0.044163337764522276 0.06801465091132702 0.08650263407324597 0.020159170793429486 0.07740355174017835
42 0.03835294121021549 0.061624293256681 0.05534737338686678 0.03178369479294623 0.018470997346119494 0.06781057225472774 0.04407871273588457 0.024674247466775913 0.06865289691930178 0.06937407816539515 0.06653152508446966 0.020489872512614075 0.06884629489979924 0.026163764708300626 0.04501321717956289 0.050607073583344986 0.07115136358313574 0.029139171629577035 0.06702748574121539 0.07486042354306603
43 0.04838777052436616 0.10597649075691216 0.03602018754280362 0.005111840573515566 0.07639685725940892 0.09168923436357898 0.025804998451663678 0.07318292141542869 0.06588356225251556 0.061620689732527115 0.05608680897066157 0.0064568920078361715 0.06351521607003985 0.0007986600687103824 0.045609747836399255 0.06675068640329104 0.042986673525332066 0.09219500885983128 0.024579701086362274 0.010946052298815694
44 0.06034079707891953 0.05724065920860017 0.045104965634636805 0.033975236361088804 0.03605522821211727 0.0819906578191583 0.03295218531413848 0.055275139909593665 0.035909271507498584 0.07651750984462015 0.01293564955149288 0.07348668826403475 0.08065722829004301 0.014346259459956483 0.012804573607494124 0.025536369184004423 0.0628774343346752 0.08008021643814076 0.06932756575173275 0.05258636422805379
45 0.04810714730699402 0.030567225817190114 0.03219992919231669 0.07749367675742828 0.01607654501664266 0.11229773344940941 0.033689637945110595 0.05046942522264844 0.06390796211520887 0.045050350253892965 0.020828704544948184 0.022379791508129434 0.06486827845881221 0.0009482440167737684 0.06406209122206134 0.03938954488473737 0.0460283604110369 0.10786231629348864 0.06893975503278704 0.05483328055038295
46 0.0005822986076732116 0.028505679299933633 0.08096870370753297 0.01044929494927918 0.019436457650129732 0.06323596193715239 0.08540621579927805 0.018941373187489063 0.07353639181404457 0.022152379645506096 0.07007814572993551 0.06044612833906987 0.09762871149624075 0.03243168171527649 0.09121698822872505 0.057041277465219926 0.06898184636732554 0.006792922553119936 0.09328772721506937 0.01887981429199886
47 0.07493008102900024 0.09147926405749716 0.005131371677446926 0.09628036961020016 0.08691157260408865 0.03807050560391204 0.03149302015999306 0.0016556618209889534 0.004064051518237293 0.049992560736167216 0.028146693378811247 0.02212623257327405 0.028643505040830707 0.051274686333960075 0.10207604802262998 0.07681257241656834 0.09780853141535768 0.011425032763807465 0.04038470197917174 0.0612935372580573
48 0.058076783084232156 0.04263264427341905 0.025898581197653637 0.08327143532810921 0.07944120701336682 0.027907514707434942 0.03065754588089978 0.06828444769688613 0.013936182025783476 0.04047514009712182 0.019881196954307335 0.04639507608092408 0.05427262303039941 0.08287999981133505 0.048163448601162166 0.06296600322490449 0.09339998354860922 0.08173365549184484 0.02771927043519511 0.012007261516411355
49 0.06711771921983363 0.010885286286609957 0.0493593327270376 0.04568009609320861 0.046495806434031936 0.05435001562513933 0.08240245600876157 0.08814285342771402 0.08942217091845718 0.05421507039066677 0.06820490112199015 0.007490530273273376 0.003973750384541809 0.02129241022666939 0.037353096187591105 0.015609524259199896 0.07282788884755934 0.07330120040833621 0.0623140645005786 0.049561826658799546
50 0.06732412576570031 0.061401582364864676 0.009168184695734004 0.07861389379932815 0.041965255156686164 0.022102132143505857 0.01278650921688226 0.06626133606582114 0.05174370922571705 0.010999845860276171 0.06712615501779107 0.05015546146333198 0.05712489451978229 0.058080612092292414 0.07511921063467118 0.08218340945715376 0.03349097821000113 0.023442839102816325 0.08433707478121925 0.04657279042642508
51 0.0353525835856693 0.016508960079067565 0.038987381337126696 0.0861621989724741 0.020919774270624164 0.05110502421079227 0.045624113296447125 0.01082976131510393 0.0016566517456933771 0.05954168771905322 0.09458123440317087 0.028018912117559955 0.061258750824864795 0.05974323935748229 0.05801325380170136 0.014978197312575327 0.08944277696453123 0.05509502633769828 0.11097741106541076 0.061203061282953476
52 0.08999963198345039 0.07461912691188861 0.0614961838116466 0.03797514944292562 0.04973929862221019 0.0075280485795930895 0.007485899503307611 0.01101255361322026 0.06740120418196185 0.08335591821362598 0.05473679355579553 0.09798854153158747 0.08024827781537139 0.04708597881059617 0.0019240825171135388 0.0391272328834404 0.0089093992146617 0.028628467431847115 0.05221781038209807 0.09852040099365826
53 0.007795621122864501 0.015366222043884145 0.07354233431024945 0.08010985971196373 0.032054488866753064 0.07226174348387848 0.09487928362878228 0.0680889463610952 0.009225434350562842 0.00085032272847584 0.08072268030317445 0.016570170751321604 0.07438383423873861 0.03034604531487211 0.06357569891756398 0.04222855373120345 0.07352332815775862 0.013264221901908149 0.07501523931225236 0.07619597076269687
54 0.09583226841785597 0.03547745724981667 0.0024503024972709598 0.06193213262771203 0.08819880048957882 0.004556207780823776 0.08561748235853818 0.02147202940601463 0.0742341395708947 0.022973992876485643 0.003156930171238093 0.0927178493466056 0.02459580132445781 0.021904476472148927 0.07378447222595944 0.03406554763943049 0.026729633345841643 0.04273707011473187 0.09107818556786007 0.09648522051673461
55 0.07305273905923992 0.06234605511151552 0.0019314473412579487 0.09866609604861291 0.0877656497862671 0.09386766447333554 0.006794775587862793 0.07996251807983486 0.02175724576858063 0.015532572065049956 0.03350570033462441 0.04564883064766189 0.05157020742902366 0.08582848831224926 0.07791706408199096 0.00791288681396413 0.06259345401787511 0.05274780924335742 0.02845863681176873 0.0121401589859271
56 0.060807134904914156 0.04665818377883629 0.07979454272046388 0.05843353741640679 0.0938735318816902 0.07643935528631807 0.040823233027195115 0.0386302968753652 0.022952214466254575 0.0678312943998703 0.0642699694626019 0.0888817962604323 0.002176344096549218 0.06041392633689111 0.0868510537727783 0.012104677655134687 0.04172734516173553 0.031741357940610476 0.024602863064788285 0.0009873414911636949
57 0.001969628001444534 0.009866653120219596 0.06030319190253206 0.08175881077749907 0.020223479964907223 0.09914756347921759 0.09691113767666527 0.03224675853560553 0.08063578412588095 0.015278208077314767 4.3435423624207084e-05 0.04803604444178224 0.024240664280828956 0.10404976170878619 0.020512983129955562 0.07742849224232719 0.09591680712846813 0.08399557802882089 0.03023763195635903 0.017197385997760887
58 0.0493913390839528 0.10566381372975195 0.044412700987928475 0.04543747391099283 0.04704819895270984 0.025142053257405636 0.03379138327595918 0.06822852850960201 0.020338582671816048 0.028077646819514152 0.09697910185825918 0.024079155051250932 0.02079720811024923 0.05115515949712357 0.01374858334971 0.08280527208917815 0.0497870709829031 0.10715104392240409 0.07840813779096055 0.007557546148328265
59 0.009444058104411356 0.07470481083233721 0.07966225659261636 0.06754444987218146 0.03304420466305393 0.07995168511282985 0.04194484287872211 0.04852345239427754 0.006962715001392416 0.08100684549221315 0.09062423470677224 0.008937312528202313 0.05007290265688223 0.021365524094450045 0.014204754452029183 0.08723575773264493 0.028404566358802872 0.025637590975733197 0.09965195681084321 0.05107607873960444
60 0.048398294135140074 0.01917352182892036 0.060584118992225156 0.0008961317279883185 0.07187670930478618 0.09946933273838122 0.03347907623935822 0.03079093861244951 0.0963721488083149 0.0934497617903607 0.09479980336298405 0.013698690293820143 0.10317274103827388 0.0044777125218356095 0.03212999916756271 0.04767273277486686 0.041466233867324835 0.05194341931625985 0.018145085276161634 0.038003548202985876
61 0.013974390453909828 0.05772448444888905 0.03991886815675182 0.0598370900830652 0.024497920746484297 0.04017057199231959 0.049606615143647774 0.03775924981141854 0.08321757847636437 0.03769428466303368 0.06526385783109825 0.03812742271499177 0.047069526440723916 0.04968631457684033 0.08705547334792779 0.029879195624630057 0.03944062452800705 0.0906538346383552 0.023598775140798008 0.08482392118074342
62 0.008426812050693504 0.0814067042053241 0.032768301375762046 0.042979901449786216 0.06054813636126919 0.09217749093266958 0.032224744216382245 0.029868630818679884 0.1139818707741045 0.044987863260853064 0.03729360765032702 0.001420981388533196 0.03380085991686854 0.05130086955893927 0.03218832855702562 0.01664454734611863 0.10564604060459763 0.06891786598920628 0.0561114388166315 0.057305004726228154
63 0.026574959040191803 0.07003198935697054 0.07903413717717236 0.09132785920575284 0.06979932276799 0.03720724353605153 0.026259585113971966 0.033343748447541954 0.06282202388729738 0.01917533433946634 0.02275438352349426 0.014619033783944415 0.08506460024761983 0.06893407185622936 0.043748027037959755 0.0032881483896664357 0.0165107170413518 0.06573808770583521 0.08335939638378263 0.0804073311577095
64 0.07353957401009456 0.056958622611103675 0.07807372763658478 0.00031661543289238607 0.05921641645482184 0.015194253207351023 0.07624821594327717 0.07963177242694122 0.02955078112829682 0.07637934922320615 0.07906353138324716 0.022062361741061062 0.018246226698104304 0.022854350937813298 0.008214236567851701 0.03176692113571099 0.08061701129061728 0.05007601063597639 0.08530749489633345 0.05668252663871487
65 0.08070191579685926 0.0008469632417148019 0.08064745292104981 0.03052701277996884 0.054417388379031525 0.056926995090047 0.03935629882559681 0.02596868970430324 0.07635138930093191 0.056932418343149806 0.07045874224128035 0.08143718812305431 0.04178029487643246 0.07808089991316959 0.04289506002617672 0.03719431730989423 0.0015572967990181172 0.054664337784518145 0.03103531442707023 0.0582200241167327
66 0.0739743483130752 0.07776776733885639 0.06980591243607956 0.024630224708250444 0.06962317803863187 0.028955748843731456 0.05698295000268455 0.04928797782033706 0.07451752587342957 0.07180243572522584 0.07804919389864078 0.019334558654827777 0.006924823252148055 0.0055844000273048006 0.04487870373528458 0.049293325616593 0.05406941827792316 0.03601210209354565 0.03245340443676181 0.07605200090666851
67 0.09664017975144551 0.03556987722047469 0.01903280099174769 0.024152569103894017 0.028100991121150845 0.03751000976740508 0.08875507925956787 0.0634609088853729 0.05831030665605063 0.05725896411947269 0.0023549798810446653 0.09845519008839693 0.0737047694689797 0.02957996293958991 0.020298977620014303 0.06934294915416515 0.055867548247182666 0.01206027247602192 0.06998554624301288 0.059558117005009924
68 0.04218627024120325 0.011806081779141275 0.06701678218309223 0.024494783143831352 0.024683739357795293 0.08491385596298369 0.011988183288822661 0.08239950402285258 0.022054918629023777 0.05556640862768703 0.07006753225469638 0.023923523069883136 0.05805824785239346 0.050900651438572975 0.05064745202538356 0.06344020792659963 0.06869270328255546 0.07056408727273959 0.05179552643638445 0.06479954120435785
69 0.000808257785277464 0.13056890900582682 0.02632436471320949 0.038802940049418026 0.011829367807300895 0.06187679459174295 0.07848616023225158 0.09327583096283215 0.010510449961533865 0.0008407940048578054 0.048152202701896636 0.07460279699093973 0.02046635756848161 0.027146013223439236 0.06950757901887038 0.10176064560029965 0.03143197067102968 0.09536838901254284 0.00778105914811946 0.07045911695012963
70 0.03202847828852448 0.01419388566150114 0.020191883345594644 0.008885673203180485 0.008872290953389074 0.0368862016305143 0.03780243692130902 0.07089077195079632 0.022343582290221695 0.09629466675857515 0.07399055640649196 0.06646793265441692 0.09560225863870352 0.008660333246182324 0.04039577487477594 0.1031706246440029 0.012741100059195189 0.08217682000196334 0.07796552396414826 0.09043920450651338
71 0.05177517918636526 0.0030319169668792294 0.07291125756032649 0.10744098314086167 0.04497480405881658 0.10790898443787503 0.03437217464635461 0.03050075112455523 0.06768697837841875 0.08846084264315339 0.0014217321652003636 0.024596448076379923 0.012006127206861275 0.052530918018624355 0.0418200264987591 0.06527659510340314 0.05773067440028563 0.042263285356065716 0.062232222968207074 0.031058098062607103
72 0.05596490232635268 0.04490957166338896 0.07803053209169027 0.04844549383776019 0.0377605555560549 0.06511181705473759 0.07407838185698232 0.03721859619085767 0.08164401947280459 0.06129861767354809 0.013225617032504508 0.030493183536702273 0.0779986327839814 0.014884816155583326 0.07635955592234632 0.021200001389408953 0.052388994880197715 0.06320909902284055 0.03703156845550753 0.028746043096750246
73 0.023390666890837106 0.007818527549184343 0.01794688361361451 0.015044002321683732 0.06614045422115553 0.03590752152149996 0.06271310683642961 0.10348598884201189 0.06462279597391289 0.07298607867376308 0.08705183071697872 0.09991849462575682 0.018449819990789578 0.043450081333672085 0.033298263115564525 0.06207294716193571 0.011888791882447057 0.06506465889343818 0.055961720636534006 0.05278736519879075
74 0.06608843055275937 0.07814556990815806 0.0079033478409683 0.006836094084343801 0.06292618241636437 0.018004742196145514 0.011544871042059139 0.08848853409404361 0.02802710499108766 0.08803374465384864 0.08755705430622121 0.041277498759405 0.03772500790724314 0.09197619044428597 0.006137437235085826 0.1022728515051729 0.0719994001551778 0.002419807970253202 0.026026433265328993 0.07660969667204763
75 0.04859721076976705 0.08628368002960357 0.07781379314316114 0.0008126276172574764 0.08742171043940263 0.06676409669501814 0.05771385925860674 0.00676405205829355 0.004016062330438585 0.0854726764937194 0.030094779200884426 0.07499217251024409 0.008265871111253141 0.05592321658719966 0.07297607984376372 0.06166601044698523 0.07567596404891175 0.015930209270045195 0.04628227955959001 0.036533648585854596
76 0.07775942111881604 0.09192747408518842 0.048566062703359524 0.011689828193046432 0.022987657658458206 0.029663576939874314 0.023593293959164395 0.11116278545377559 0.0835122891276225 0.025347367920066255 0.03959275830215012 0.13583329616004555 0.05689749686578487 0.05846883502675132 0.003986868924656429 0.008347466415156915 0.10590371361411387 0.059092038549494005 0.0023022076918790017 0.0033655612905961764
77 0.020781743509432384 0.049774468494349515 0.07340248755262724 0.029250760405668357 0.07016786929027763 0.04940943858169986 0.07193745171761425 0.07703783267103802 0.03878257692022759 0.021282697141705463 0.06013838850333426 0.04663279219173101 0.05493113613389364 0.07434100356933074 0.07540677036077481 0.06384310006566234 0.0576947194055294 0.03533321834201537 0.0013976163518465792 0.028453928791241787
78 0.028934650805107282 0.04543271202368638 0.01594415356852601 0.0015872858967603653 0.11485358528536592 0.07916070534845171 0.00830629879523368 0.0786575648815983 0.0001905417473927327 0.008101590846447264 0.10073001694950286 0.057777713625089155 0.03668325380415746 0.07121918879251823 0.06354220656846972 0.11571695566808032 0.03978305345499359 0.09757491140170872 0.03209377805764133 0.003709832479268719
79 0.04066851106589861 0.0331644476128312 0.0558497089524468 0.02840999536386658 0.0765443039217613 0.03476991274454634 0.03346375400516465 0.004036954941684358 0.11080919623427729 0.10196305469773807 0.06560684333898127 0.006416594848943906 0.11152212109897962 0.016129079012622203 0.08752738883553177 0.04918582579085581 0.014491800436726104 0.06277144544673352 0.0611069808624179 0.005562080787992631
80 0.007613514488641349 0.036355685855758546 0.0688189374686966 0.06078890051504263 0.03261403162848637 0.02926888344047688 0.023967911379448405 0.026394663598498472 0.0660413735690272 0.07567997574714803 0.028979047555605687 0.06977392259722133 0.06044117179568256 0.0663270001489711 0.017140416014668484 0.06011568190009218 0.03209794235016443 0.07954296019403724 0.06822727112779632 0.08981070862453584
81 0.01182273311245318 0.06141552433372775 0.08828533123089473 0.06214862240222187 0.043553147527866994 0.09821776770374722 0.02384211555901937 0.010686589091486879 0.07889146629979511 0.07664495154845388 0.014892975958628214 0.011053167927013647 0.052578397067501045 0.07932273036015362 0.09114249955714855 0.008651816872407105 0.01849832517869472 0.0483480566234641 0.0903234971562237 0.029680284489098208
82 0.01770544543762112 0.009319285636865193 0.08155108949276998 0.0686232901933454 0.048568991305769284 0.024754161005603268 0.06845540403563707 0.09276357009215662 0.010425256519393545 0.05584634945258896 0.10404856117734321 0.08981115937260811 0.0689210022559621 0.06192245608535056 0.0064443310978920115 0.11703062843977377 0.0089823683994378 0.007834314160822196 0.026961256314186482 0.030031079524873213
83 0.004943004426239393 0.09230966469943569 0.03138309802605887 0.10248697853669204 0.08540804033464149 0.041595455607035904 0.01246929503096948 0.044102054158651115 0.07158189792086271 0.09209770631386965 0.0361367224060284 0.07597457955951892 0.011714311171596941 0.026059037073507214 0.03702683986615928 0.05587932614503137 0.0323857737147709 0.03674119943790111 0.015342293768415071 0.09436272180261424
84 0.0211458482384297 0.08205040879127422 0.04907312224866844 0.061520111930974286 0.06849325590322762 0.024476512725119585 0.03855780858198234 0.035093624124530404 0.09349005720919919 0.037266919937165834 0.08145918481497617 0.059398044762726525 0.038707141320056135 0.009911017883902027 0.02809971833696227 0.006219011109918865 0.03764049183815105 0.06434523324902541 0.07073815321957191 0.09231433377413785
85 0.06592457010038619 0.06048294048559837 0.08108684695510734 0.066842118882052 0.0035449361834613727 0.016719897542644954 0.06193960532596643 0.07789407411348258 0.03572942813718834 0.052915210340487226 0.0245294767101634 0.07005815975298536 0.027129420327626916 0.06333735822377666 0.047098215167172594 0.08125405926789445 0.01080243046615541 0.04086081546819863 0.04511050808843062 0.06673992846122112
86 0.03216779135267009 0.04802620504221248 0.08955459724207673 0.07008612384300975 0.05571871148947014 0.007222107560284054 0.07347388293085062 0.024857070235247043 0.08451227928361096 0.03030800976884907 0.004896786615525112 0.09342299900216725 0.05620257918725404 0.008402888869062763 0.04128739828511806 0.05505236891640355 0.060697412344901606 0.020688453088420444 0.07618224643260371 0.06724008851026256
87 0.017988597058248405 0.0902745293806825 0.04316554624932806 0.08068426344207319 0.03191707993965786 0.09250849053107205 0.05778471361303865 0.06888284286532029 0.022970977919601333 0.002521435719235126 0.045494301702723214 0.09262151001908797 0.05055563484324376 0.06888540300202232 0.013558106276897694 0.029502524076518256 0.08529587366380974 0.03684236428064944 0.010948633170508785 0.05759717224628126
88 0.0597819268013353 0.07600348536187022 0.008972135045339618 0.08233019763414601 0.03182822806699269 0.07698008250254015 0.0009786621861447766 0.08260928117041041 0.04569527835462748 0.06859237043719756 0.06564636650696669 0.03216562809396617 0.0026969458211008727 0.05655094135643449 0.0392601759195509 0.03886165309795059 0.04889969341240008 0.0755660432826019 0.029601699245046544 0.07697920570337745
89 0.05912853749275261 0.005529947109591141 0.05325836769426062 0.08895487227388914 0.009006759425655797 0.07710848058516792 0.04364652870344359 0.02557155354786093 0.09761217150381331 0.021609515515837827 0.09102696160381295 0.0421602705797001 0.10264652475672882 0.06302420746226696 0.02568893403352898 0.06219258945436604 0.059224708490884376 0.01703351511258181 0.011900965384754986 0.043674589269102025
90 0.05507549443463516 0.08238197220024682 0.04846368195931756 0.011163531930801709 0.017486225888684145 0.06851375162707551 0.07195859026909947 0.08927037343660925 0.08701508161784259 0.044478054469343345 0.03371333125892623 0.0923346412593059 0.005093488973801026 0.04338990228852874 0.027882418275270836 0.018300255503823446 0.08450686383333764 0.09007026391637242 0.02223081729144907 0.006671259565529326
91 0.06381624171433238 0.0787553003641029 0.08129525736510258 0.06859372116462283 0.05510522230909917 0.03930988749856581 0.044615503403641635 0.034447453101924395 0.06817367222669024 0.01967068510919855 0.04732419085436627 0.0009586811958559487 0.06549725882212684 0.04997549365526721 0.04904087506554451 0.0596244761998405 0.06873956522709065 0.01404620676158174 0.022564167169827093 0.06844614079121869
92 0.03556726322963799 0.04484458864302461 0.02829793400657432 0.01124724219575582 0.11018038167533782 0.11969880954601869 0.08198304206110038 0.007741161212141542 0.030495932867701105 0.006485833218140483 0.07554616636923323 0.0769985346572536 0.017815994263431546 0.032045302329229315 0.003387325726005406 0.0084864320429382 0.054935321695558106 0.09937684375788017 0.08040487460176109 0.0744610159012765
93 0.09977805859915466 0.09690351266616135 0.03135472379166621 0.012704125746163324 0.09789522591702887 0.00538790770277658 0.0008418802533932306 0.08782665110121302 0.05076553541897942 0.028355988146939706 0.09700786584958818 0.04922141605438009 0.0716457669819147 0.043035264363868175 0.01130061641486049 0.0037307217445861885 0.10091266299285435 0.06386801561968154 0.04147019102337139 0.0059938696114187374
94 0.0390820641167404 0.04311423911632482 0.019942934393213582 0.009789053688672318 0.0851045434369199 0.007603391054210112 0.04493192157142428 0.08375533914774991 0.08306139232793983 6.913151738274136e-05 0.007953108229486954 0.022658872385033356 0.0826089482902417 0.08326416899967326 0.05385004780142862 0.0691082307014871 0.07399693607038409 0.03570759755149191 0.08017308038923278 0.0742249992109624
95 0.0683601944214548 0.06674689810989633 0.08126857461078077 0.030707228819833458 0.08860994493701937 0.0203253191977545 0.07796241251793462 0.0704630253801849 0.046578882868854164 0.07137930729187332 0.014362141446894466 0.055874986013243165 0.06562738502681031 0.017927073473830085 0.005060424730155873 0.08271968259183808 0.02964535035557814 0.05160809012472265 0.0521140560266061 0.0026590220547347185
96 0.05381892012282651 0.029966048812012567 0.0636743552554904 0.007344249062492538 0.06839842736237439 0.0035467419221638322 0.07571888601888303 0.07726585511742735 0.028736128856637688 0.06631195770058827 0.06847076922153893 0.022497441833847796 0.04190119475710472 0.05862073987974157 0.059495054187624984 0.04415451349461686 0.07482280886364248 0.05231716471117956 0.04980603609261087 0.053132706727195486
