0 0.0658349655536962 0.012960970040596102 0.09778948375708517 0.0823814086713598 0.07525911199591893 0.09137427073133926 0.08906627409080313 0.07508511899681403 0.002557946965645429 0.06843936397563341 0.057539203514970765 0.00845598544337661 0.017784810917104772 0.013185924097390295 0.030223738436942524 0.047260638363209845 0.08357853789169278 0.014987457567752634 0.04266838005708503 0.023566408931583203
1 0.019027909110133242 0.08602515625513185 0.0611559389126782 0.002490539334992022 0.04061981622592063 0.03633227050832933 0.014156767805827693 0.09398322360455294 0.05528345603154222 0.06321221388814542 0.05984200705700265 0.06869418993800612 0.07672659617763132 0.05465069167198519 0.020176662715739774 0.03205779487716265 0.04378492555197177 0.006835008727535176 0.08600070858209685 0.07894412302361506
2 0.010225058276709623 0.03951164309779278 0.04317435636209896 0.06236095254966162 0.07587235874027508 0.06866140281297305 0.08397974649897161 0.07262178882855387 0.04640136505393037 0.033645508285313264 0.02751670501624457 0.02499922521958664 0.026807633529434334 0.08036232018906081 0.06786270574881278 0.07743958735175963 0.036142258263200354 0.008570775533077607 0.07600321876282766 0.037841389879715526
3 0.08245453403682895 0.010661081282969338 0.10199896389039385 0.007080192696651027 0.009031660222372338 0.05816998736893964 0.05629990265371028 0.009970410540812456 0.06274464083559546 0.028372915826084786 0.08987625709718984 0.05930854314320038 0.054918899400799574 0.08979968699461008 0.08131072444295906 0.001155283358763003 0.04274843548430081 0.09751790449560477 0.03194499814919179 0.024634978079022728
4 0.04316132420246724 0.10080540851510984 0.007337655296759317 0.06176451693784465 0.05711232192512935 0.05136945570300055 0.025286015948906324 0.029221047906842684 0.08370047274832323 0.028038106985645427 0.05768398105669152 0.002069164855595895 0.0999576898041854 0.01954753872085253 0.028391547292244055 0.017668108519028617 0.09457939847069052 0.03451388972308415 0.059535896710659404 0.09825645867693919
5 0.047959116726001456 0.06655950775040154 0.00972910591139686 0.0770442561071633 0.02050988734591879 0.04749164042499866 0.08559995247247455 0.03484415311026968 0.018083200355819097 0.09234229054186363 0.04831521016649616 0.0788922579189604 0.00856014054121872 0.023798314632695078 0.0823259511320454 0.07873098281948049 0.07612150137275255 0.0609037751711203 0.001444813157656003 0.04074394234126746
6 0.1015685021273749 0.024676572981266527 0.035209753905743005 0.06174062919861908 0.02778898476591143 0.041095028518988615 0.035380696354466015 0.0973373727295364 0.08520354112943851 0.09402638018170735 0.031164113551870397 0.039259067076718286 0.09310865284872359 0.0032246571286368075 0.021400946674141778 0.06955748986661893 0.02497129625752901 0.055344537523897945 0.019606092630853965 0.038335684547957445
7 0.05550384288464315 0.04284345687126376 0.015942540995954622 0.07687790066795476 0.08861972427311576 0.014016072996200607 0.03850604626371671 0.018966827140009405 0.07952327849091169 0.03277720777716276 0.04142078330513985 0.05588754610806009 0.024056187212602338 0.0584625029411952 0.04699579447492853 0.00998490352134241 0.08415501623947014 0.09399114547045871 0.05865395745700736 0.06281526490886206
8 0.017094180007419555 0.019335891276932176 0.055190208780427026 0.07339804492822684 0.08279947943106788 0.018276502423236387 0.09019648526696146 0.08887150329218572 0.019905261485990443 0.06649049135375969 0.08287125224266355 0.00960117054068326 0.013317064671666927 0.08862162083053839 0.008887113660905948 0.052307617370174704 0.062011824691007696 0.034198058967980303 0.08471414691336178 0.031912081864810364
9 0.016791637469202245 0.0973613457538272 0.06431555090273135 0.009439962774560832 0.03677443285665091 0.06374556995049815 0.017042118521229537 0.07842951825245556 0.06276011142577749 0.09344452787921034 0.017804559550470764 0.01907759560153779 0.0935569705347815 0.04545638967089851 0.01897163473331821 0.04927499086127023 0.047174136607080586 0.002944124794378348 0.08280308455748174 0.08283173730263883
10 0.04469208462422858 0.048659861841959084 0.05418933021736167 0.0774455975297292 0.0657470971694827 0.06336441180665282 0.0696373293991438 0.012904946850541013 0.08241734945438141 0.06342141334505633 0.016909158384565217 0.007866950756278126 0.03286095651215574 0.0647118686542278 0.02460287658643195 0.03369416010497113 0.0429301426810399 0.040254749158872324 0.08871503836371379 0.06497467655920733
11 0.0114215257626522 0.07353573067014663 0.09060613921864824 0.051600712513030556 0.047320893604746915 0.03251486507024145 0.010010526977659499 0.0034312348489934107 0.052585027389563076 0.07984840224998105 0.0363097937397573 0.02488340513144419 0.09485706745286897 0.031246151897544927 0.04730813045565749 0.08927178383118983 0.025437770394445898 0.08448700524160549 0.08627166176494376 0.027052171784879047
12 0.013750570546577459 0.04019835701537765 0.012503650263845527 0.06267890126662082 0.03157267177409221 0.07678340204806193 0.040869414796757694 0.06770216075138655 0.07132209686926422 0.018603699612684252 0.06282560206016266 0.07227633149010991 0.0672251661137251 8.915870936375861e-05 0.06231879145935768 0.03754492277660069 0.04307035917388335 0.08088392195561764 0.058415445087699316 0.07936537622881144
13 0.04884966293417144 0.02247706222375978 0.050519412497360396 0.07166408111935406 0.08099846744318857 0.04253504347879248 0.0520707133500718 0.08706080278772634 0.014406722057523625 0.06858897926184256 0.07504480271719896 0.06406813516279357 0.018068827880125385 0.034699475427591775 0.029467199435355647 0.05284812373644005 0.08627433228647599 0.023888480175061674 0.023488542463077283 0.052981133562088625
14 0.05462552832397938 0.011751684215687008 0.001076232522815718 0.07308338528433395 0.022309866497744992 0.03424469319133295 0.10475771035135646 0.10227570620887096 0.09373149748014911 0.03707103249029324 0.027359393221775524 0.006573855591516508 0.10517621519406045 0.08516537168043362 0.012464415471227605 0.04503027351174878 0.04277219799015283 0.03615453622244569 0.0966255618401368 0.007750842709938444
15 0.06155223515104766 0.039800984235494705 0.05874576110150981 0.07747442383043213 0.0035441523254445308 0.07762864546725665 0.056651492758116935 0.06510024202496918 0.06742743483448463 0.005748865345731417 0.03168792508084708 0.08436677810101799 0.035503494668449265 0.060338504108446635 0.0535380873276625 0.04682903983745672 0.07685956406692175 0.011131764915348551 0.0516233353143457 0.03444726950501624
16 0.037143817921489554 0.012732905589778023 0.009757901258017667 0.06831673140565822 0.0005406376854752556 0.03498139968076114 0.0009799198545496328 0.05830467909654272 0.05009198130956046 0.0390198365550953 0.06031060571022753 0.07846538060050003 0.09211434277104055 0.08501349237965343 0.0368770082319017 0.07512514768224104 0.0883621852405334 0.06619228940496513 0.08502273479833833 0.02064700282367084
17 0.0613283030280286 0.04571044108543568 0.00539895972557041 0.07515772539357726 0.09362416433310303 0.07111252804798285 0.031106476481893634 0.0628752035023645 0.06279502942581787 0.07296650728383024 0.03670911711853923 0.05112730607556757 0.02970034478296286 0.018006563911046335 0.018998693542336458 0.01583852807083141 0.06508035868696685 0.09211855836130871 0.07039257919009641 0.019952611952739972
18 0.016213627179881226 0.08861344482886628 0.08619929409435603 0.045458874513642666 0.001473431578359771 0.0450057393158856 0.08020825148271071 0.06374530585519195 0.05118479671040345 0.025791662689929655 0.07831021599377197 0.07376467752993439 0.08869825300285306 0.020913497986532675 0.00932549949660131 0.0021682486522926116 0.009593944139308086 0.05963992456757502 0.07406263369795772 0.0796286766839458
19 0.053674326868372695 0.007930904549063625 0.06597105235801759 0.02793782196916807 0.061859662938714144 0.045974791504605136 0.08621952627168654 0.030420336065282334 0.07800912512734318 0.07710406549109305 0.08782507151775723 0.010783146316087578 0.045687862679535896 0.07179561875557444 0.012557299899793728 0.056204504753791774 0.04695112888271746 0.07062130246712675 0.042734433888508734 0.01973801769575995
20 0.0037717445568640567 0.0022351312094583903 0.038006776525942525 0.08182587145107574 0.061783191842791144 0.01570553779540667 0.013866698334923228 0.0814121804193523 0.006843985681051232 0.036039542843910456 0.06393941672977002 0.058846317789109925 0.02453643524871093 0.08410721598407765 0.08148027877979215 0.08066478411941605 0.07964174182071317 0.07197874605643963 0.07843417741700556 0.03488022539418929
21 0.07722124431933002 0.04348930279907308 0.06553951633403966 0.028836044179262096 0.03718653801829539 0.078489437204445 0.071915695477715 0.04753189388154123 0.011893067272936974 0.023387902505849552 0.07821419550430606 0.07023653590223658 0.014946237653291821 0.03590905970034195 0.08564907109401611 0.08319920455915272 0.04347515392900358 0.03685245566812396 0.044132310216904384 0.021895133780134853
22 0.04421928273816143 0.06361316639135936 0.060721265496269265 0.041317591780428216 0.012980125877599379 0.071974020376306 0.0028422890471506285 0.07146611197131236 0.07967753556499897 0.0706980171155351 0.0716732482447491 0.04444079851748166 0.028895827420275872 0.006398928889414007 0.04499776387831845 0.08377171407198558 0.08013878414188977 0.07626202344280507 0.01108924276971143 0.03282226226424842
23 0.0035495870948251207 0.039846720960364054 0.026432215482322722 0.07805278772505392 0.036509212053285445 0.07292887352828323 0.06332553299946636 0.09667960032690905 0.0946030116174432 0.008617230701311932 0.010741412074149258 0.09800176568356528 0.017530989380043056 0.0006441750882111479 0.05380395029612074 0.07757679273471012 0.1002182356561034 0.021458215410521075 0.08253996539466178 0.01693972579264918
24 0.04696518590815052 0.004849632421791266 0.04635410424935596 0.0009337468329423282 0.105550428454423 0.0004098793762192617 0.09359016962174752 0.08387741986666412 0.10288164718708499 0.0298189510820845 0.06570885628882052 0.08643677633634936 0.07859044530686637 0.004414013817639257 0.11712048912369423 0.00793931382356156 0.01496503456630404 0.08664120997850756 0.011359099081005334 0.011593596676788564
25 0.027194314955709214 0.08202653634325138 0.07367390543881806 0.06847939995309069 0.06602208384210977 0.03108249180163746 0.07291513255738127 0.03645756717334079 0.01626043936005282 0.059736457742114675 0.07284597560898919 0.02791930096094165 0.023005206728746033 0.07401444987672756 0.04214666790826054 0.024398292428868967 0.02902828317864537 0.06965461027795265 0.011621883043375839 0.09151700081998622
26 0.050722546388347715 0.03661955827549397 0.017227809442115057 0.023258698180320503 0.09220247104331511 0.008473350665245053 0.032251823199019876 0.06720732131737243 0.03134730996125474 0.026957885898671954 0.08331278393235683 0.03743831737016875 0.09487634666959512 0.06042213883207339 0.0911481107143874 0.07022421642911557 0.01834109602157619 0.021326731959721065 0.07120993358915959 0.06543155011068959
27 0.0635015921093968 0.09066234217892191 0.0006463145108216717 0.053736759524250916 0.0562641781871089 0.07484587487858547 0.05124167287235698 0.088238269581795 0.01783289900597726 0.08333700686765608 0.013779091820836281 0.007308979246785138 0.004454581316302793 0.04915017625455836 0.02794475554367357 0.09309779894954219 0.06152604951375093 0.03371980311355566 0.08986175137785546 0.038850103146268564
28 0.05134791973655199 0.08238570164964237 0.03730961579467627 0.0023844992115210108 0.02738738363332085 0.04582175257485821 0.09375110365490984 0.07393731002683193 0.012206415530142099 0.00012286951735216854 0.009278060580718384 0.007008224028990745 0.0675716624682617 0.017507470118616784 0.06728331859743265 0.07657656916339452 0.09428128522282136 0.10206783030259714 0.04551291558756246 0.08625809259979743
29 0.010909361321400949 0.025217621634831575 0.11074155051639735 0.09909872619016727 0.07481667399202016 0.019184820181793762 0.001396296878074561 0.020434144246313228 0.09824630894837454 0.03951730749312581 0.037936315400856055 0.04247138763797502 0.09640527499211789 0.05338080282540965 0.025167486132352406 0.03414695534613691 0.013220880637314173 0.009989195643144688 0.11262840533449019 0.07509048464770401
30 0.05195512278057501 0.07415768920251517 0.01885541342920161 0.013079617618195706 0.06709826118282411 0.07320039157724302 0.04106782416910232 0.05473690566318912 0.07371229596902977 0.07087486080560536 0.053938412219069726 0.07035577464496426 0.020475942183480568 0.032279362942963914 0.0016066825827317495 0.07684189166476463 0.07669071280560379 0.004447950303441148 0.05723640174058579 0.06738848651491314
31 0.02371025831025334 0.029915475898963092 0.032734232282197975 0.07398103166138026 0.0005369768263765391 0.09831477649434583 0.033093419099545704 0.030439816933795494 0.049594066431831535 0.008758413483225721 0.06790260219584768 0.0134218122156129 0.048311659705543845 0.027520351046181165 0.09326913118722688 0.09910497638518007 0.07478297331860619 0.0594413412800616 0.0943432304485627 0.040823454795261394
32 0.014877615434913193 0.07027506127359726 0.08870046110802846 0.059988103119755824 0.061452365134569566 0.04563026424257757 0.07932987435999626 0.04825444853445932 0.06756623821426863 0.05152378885751678 0.016135535115653687 0.006554264062541478 0.041023406103415226 0.06283798426860765 0.008106331636506073 0.021228498681875853 0.044201960037225575 0.0716905702621113 0.05478487386133113 0.08583835569104943
33 0.01612799730890833 0.060278548525112746 0.00651899041774905 0.07265631816221206 0.06602936999259867 0.020593494694047768 0.03689229114891157 0.073265927484879 0.07471435871147443 0.06343312201888911 0.0775298354686147 0.03453142145983368 0.014075672938240203 0.06923691175639175 0.0771237260403568 0.048849881273520954 0.06533134285657524 0.05548565719256286 0.03150662320185214 0.03581850934726901
34 0.008969306110963584 0.00944536163344874 0.08734826195117638 0.03726674789962056 0.0448433377316799 0.004051491314814642 0.07186454210423127 0.09214370959636341 0.07032130636422826 0.05122852804440921 0.060160363337195315 0.03175139939013695 0.07667577905943207 0.002120122347912113 0.05258186753258527 0.08233474268459975 0.0985371787676735 0.00608947826739972 0.039220866386788594 0.0730456094753409
35 0.06262350829202515 0.023287834476304007 0.052424124958408286 0.00048019529598649485 0.08960848511567872 0.05812788388459599 0.040827813989876 0.058204544910281875 0.06927612477477631 0.0674013485784752 0.009219434894458924 0.06842470227457179 0.03607807196733627 0.08340803056742653 0.0025384295347520166 0.0405618902593575 0.09279635336492315 0.0719056271843616 0.022502123903076657 0.05030347177332746
36 0.08132110360951167 0.08174808187943028 0.02796573450019402 0.038071703473687026 0.03804112446166799 0.002791431795522279 0.07732644894436061 0.054531505498488224 0.07136257209407498 0.028178926049215743 0.06209275458890665 0.042298784958083806 0.06767008348428102 0.07293147424721716 0.05808447714410971 0.0058187145329314256 0.08948458702795076 0.01376609394930796 0.04583299183457334 0.04068140592648542
37 0.023279985027643675 0.06018630906605359 0.07774119828243428 0.003682928156745985 0.09045581470768643 0.028397783936926137 0.03511331950423183 0.02955998053968979 0.017133818339840953 0.04354809815742172 0.0874718915025695 0.021262906880323763 0.039597681479824245 0.06916883539760786 0.0781818485541129 0.05503885729042223 0.02101850990598064 0.042250312162397816 0.09022138802520807 0.08668853308287862
38 0.0014532811615847986 0.08136679558774278 0.03965657071151712 0.0900727084208559 0.07482641969221857 0.03870602302340584 0.013812493893438563 0.04582792159378892 0.009876978485129733 0.06840411328110621 0.009560875870750218 0.0122004000529339 0.022636843678045124 0.06480737771915877 0.07955679467414213 0.044115722652781006 0.09341106440159619 0.09395769263640345 0.04640906422324536 0.06934085824015529
39 0.07676644961492805 0.05603186933161811 0.02701618832114665 0.07442595212899737 0.026436160981649495 0.026939732261294713 0.05957997041496401 0.05687849418357359 0.017589582606729215 0.07069112104965816 0.045824025075144575 0.0680512024571016 0.05610658009480426 0.009047197417792497 0.0023626637155533536 0.07570271297301985 0.07892839476737618 0.06806159871298062 0.044772948250302466 0.05878715564136531
40 0.050660935360321874 0.07807676475395671 0.11143422373723624 0.07102265610849359 0.08039096398806839 0.10582149900554039 0.020934457125826807 0.02188098297925604 0.00701989851886689 0.036455240727542096 0.01643292852152447 0.05678940274985975 0.08732306980434056 0.007421375745832417 0.07800307396601011 0.04812097352609337 0.03948785919296461 0.02128109034630819 0.01029170729437984 0.051150896547577665
41 0.0527126493438191 0.014750256675546507 0.041930875954883345 0.06615496594448221 0.013358143748712794 0.06231890662128853 0.02809968020719866 0.06830793156177954 0.04135734302243832 0.05713247815929725 0.03341215990513236 0.0356383840398246 0.06418948021464141 0.06180246665442086 0.005097126682656068 0.05696287996870909 0.08507112356700143 0.08008971350203578 0.0741817370370142 0.05743169718911824
42 0.008837672573246374 0.03518098294834162 0.07792880395991951 0.024563816666976247 0.031148169357427792 0.07153341648529325 0.024174435320615407 0.07759242526874371 0.008439308045463664 0.023564210592617752 0.0727682826315637 0.11276788302412671 0.1110433130318706 0.07093345267848493 0.004125040957995222 0.10877029596825014 0.0033054656555024558 0.035402203263350036 0.015164766061795431 0.08275605550841532
43 0.018137169877966135 0.08349155912080586 0.031951669505886536 0.04736777442972651 0.056352369313796585 0.056132773157354154 0.004108940669357241 0.05467545923273244 0.037888631077357016 0.0822723864212038 0.0694880187326233 0.07489373172490847 0.05504792937449846 0.004613930290384852 0.05231640728881986 0.008275869653116311 0.06563136955228986 0.03769655998789859 0.07069447890285471 0.08896297168641937
44 0.03097035401777691 0.031900485686607895 0.06743908191120733 0.04041364661254246 0.06304474190715703 0.06441003776380257 0.05499512992882037 0.06627143673320368 0.06702769086175613 0.05177712507626136 0.016855555690114352 0.023505095656786188 0.029029668290421497 0.04522944392281453 0.047887512033720166 0.03598747034408628 0.06879926558964466 0.07107232808782901 0.06157391407948581 0.06181001580596177
45 0.022500538619558755 0.07725448891543288 0.06977853284310147 0.019616496623734516 0.01856456006522886 0.09004989851693489 0.05684102236139925 0.052089123573350785 0.01543777890326803 0.024858430214501785 0.06585047719000242 0.049177558369366346 0.06353305887313447 0.04635255885238539 0.0022974727326050266 0.08390589839757004 0.07994808330837816 0.050660954279211114 0.04459026797164999 0.06669279938918597
46 0.08268604928585552 0.06637864321800091 0.010742396813596526 0.0764365448311972 0.058337090022635735 0.026258478214153027 0.04102440250749069 0.039675590029063325 0.04599687116817091 0.05998396743412789 0.0035206992598430277 0.07270996116740945 0.013783061023942195 0.07450349582831493 0.05944469837011765 0.01847286722334383 0.07787025728329154 0.007067945843713157 0.08321452346822408 0.08189245700750829
47 0.02607422779608172 0.02874541502765915 0.06437725286571329 0.00858645793431756 0.06311564059863538 0.035009779180772374 0.0018459722709477013 0.02391522583202198 0.09032391178863325 0.04799966946551656 0.08225115771480805 0.09079803522470778 0.007371704885340418 0.0443759564206988 0.10428487626604055 0.07312983040563446 0.02898559659536405 0.06344356357619325 0.07527406800711631 0.04009165814379743
48 0.03719235794805467 0.04973405812096683 0.014998267152394811 0.07824537012877436 0.06186180705125784 0.06561863542796254 0.04177197913608627 0.0005881885723983776 0.07511680168494454 0.07570771945467582 0.07256073697225487 0.02592690839274004 0.05932855387130445 0.03847419294831578 0.04468176717043883 0.07331577017381558 0.019507819548539092 0.03185404345492234 0.06925874647711838 0.06425627631303467
49 0.04359561879263318 0.03283512778207643 0.04538015955597148 0.027976013258042425 0.029630428389069596 0.02268411594630801 0.051816679902169975 0.01625963649134601 0.08110522680837247 0.059331951697037554 0.0759229009303435 0.10429213261020405 0.0484805253944955 0.016440782736051023 0.0050840997597595946 0.027372589248195023 0.03438675234732672 0.10622680180849263 0.10917668326916644 0.062001773272938335
50 0.011195977496017742 0.04524212051140047 0.005362261748689952 0.07125013668519042 0.08256738341858756 0.07484874670882814 0.05228720335215139 0.02880567701283115 0.04758248757016351 0.028823934656783647 0.044842349409152014 0.04540648637145657 0.06539911367650718 0.08454359750977057 0.035698542842202884 0.04659435094746623 0.05779035465917933 0.08065653370071389 0.0734228885164777 0.017679853206429678
51 0.03611526869162309 0.01990630196143698 0.08172026913461344 0.0010149197012905837 0.01637767464911374 0.06919573122020724 0.07036210146867769 0.04841283339991401 0.05606731711461946 0.060725255307804246 0.0796734739766174 0.0518814676019858 0.0719703049882838 0.061356031463410614 0.08396613511929535 0.07537296395207443 0.04870677172137657 0.037460745253693875 0.029170637605112675 0.0005437956688489875
52 0.07788620654999608 0.06812895803805505 0.07035133544775074 0.01601511890373512 0.055073135643291936 0.004247018717893112 0.002759043728467866 0.04841394121778072 0.042406352412703366 0.02258032706885329 0.01225718392831474 0.10599140827010621 0.07784019974587836 0.04769454382735786 0.06766652198773591 0.057791627885563725 0.013788952658654199 0.07416040480416906 0.04453867178472886 0.09040904737896396
53 0.041360168434656765 0.034163157027826935 0.11505882038160278 0.07046898296444999 0.03663250280531339 0.06599517023162439 0.10549915097402952 0.054804656283961806 0.016346113067720748 0.05533750066939986 0.06113879641353273 0.018525897811924957 0.04827698150191471 0.051628888443737815 0.06973641308099846 0.023028999295662364 0.03270093603277189 0.04142540729193631 0.03902624952777429 0.01884520775916036
54 0.007009722532275248 0.08037408687788546 0.09071046863700193 0.05381860088126663 0.0028579807517420766 0.07128752110377679 0.031603231559029735 0.05251724942105354 0.05684462556826621 0.02629625341994798 0.05376954194309309 0.06820079727078407 0.018896404243078285 0.04514456423704272 0.0006710818798758255 0.03899699480230953 0.07885453905443703 0.07355982275141894 0.06057204774323033 0.08801446532248465
55 0.07761336868512633 0.08288186317622398 0.030382157271324824 0.05842555119530304 0.01629328363460364 0.07911705540202557 0.04679911009349025 0.010264560311190028 0.07465785267255837 0.033956869064453866 0.057222509795433016 0.020693740394873882 0.08368541206046409 0.07884292200452901 0.06343551185292542 0.04153226150627179 0.0644542946591301 0.014595182615835403 0.053333344194292406 0.011813149409945104
56 0.015295835291917605 0.019766638094218806 0.03940489116711707 0.08360737488916781 0.0014609407411792343 0.041038118298791275 0.03175536098933023 0.09266826634176063 0.06841616403240271 0.09263319087771775 0.08913833607845767 0.043856139957908304 0.06303344544344285 0.06629012979415905 0.041910430727137404 0.06293760775637279 0.03140558086452093 0.024345706687482628 0.029776998814647657 0.061258843152267616
57 0.053533382636022454 0.08249636560946476 0.09631044069307688 0.06662734887714654 0.010121442002907375 0.013458656611985592 0.011731063626178116 0.060234838807516476 0.0051500579974158335 0.03717820904839492 0.09157842526925454 0.09340688755274791 0.09693913833657494 0.07415436910109573 0.08777799655860008 0.023864922609031194 0.014029068399952596 0.02993503818019195 0.02764519584558733 0.02382715223685459
58 0.016235437316989825 0.021156583066283145 0.08149883170398783 0.06465592609074348 0.03615341093876765 0.05049098079125467 0.0504539893858976 0.09096759585272789 0.06789578227214153 0.000563666037187013 0.10088181576880105 0.04008681981122333 0.023418786972807564 0.03997212089584731 0.012547636551126463 0.08987435691776129 0.011556284701358846 0.05503935646591271 0.09358206070324662 0.05296855775593421
59 0.07383184296286392 0.011120454235526649 0.0338739274408809 0.0024980456088896743 0.025321789911380236 0.09378488157007456 0.08786077419818575 0.03765919798706406 0.07799368800632754 0.06281095973892055 0.08084441125261556 0.06824672196189077 0.09016024871779749 0.05772733648905504 0.006571788057347088 0.03528172521952582 0.01054600604986073 0.06151255491347003 0.035968872801118046 0.04638477287720556
60 0.09956558770060131 0.1030858082712775 0.0073864779574227294 0.013964390361695063 0.011806491389395731 0.06434365625433 0.029055539244026662 0.04833432417899616 0.0956282561657532 0.02498609482587776 0.04595609434586063 0.09258771146110135 0.00010316615145028712 0.07150950883960339 0.07650614548542854 0.06002252199782124 0.06043781792659384 0.0056705599966239886 0.04899807291894934 0.04005177452719133
61 0.01656136159867438 0.06874614355127766 0.0396621536917835 0.00997454984812548 0.032045946467585254 0.05080711824184871 0.06736650364774842 0.08897418025309176 0.04935360407385174 0.05208605345388637 0.032823965516884886 0.03754140035690897 0.08598109348325363 0.07304893885243738 0.057327601701314186 0.04400002543571583 0.06653272862728758 0.08281523219937319 0.0334576338750978 0.010893765123853238
62 0.06175610892334503 0.013322300124908582 0.04105451681853421 0.06683169580831641 0.016374747312648555 0.07006965545235543 0.0002968965863598431 0.06948932742601031 0.036347031444418004 0.08066441590202807 0.025220179598337465 0.01845684221891533 0.08119535236319479 0.05335498139539043 0.07550696213227331 0.014158502156976942 0.06900164915266623 0.06170649798679766 0.07360409396328434 0.07158824323323884
63 0.04092259499285124 0.09990725373997285 0.019318954841352164 0.10022284823691453 0.007561618656781752 0.0954301242045503 0.00902291889947326 0.03552104680201196 0.04119158698792683 0.06845477231993592 0.09962627478207003 0.08796747494427302 0.03215925883666903 0.0847041792959595 0.021191620217321516 0.07820511094374748 0.021046316071050977 0.051461510778111334 0.005868348745552259 0.00021618570347393368
64 0.018893439752522525 0.054375554521931185 0.09276895906783025 0.04558128312739888 0.10411594837612737 0.03956152005653608 0.01927274632804135 0.04274145142154129 0.0021005646623726113 0.05280881527653497 0.04522836314352788 0.03661767265486595 0.08033875454446342 0.04211380873116416 0.0359487901195 0.06479284068814266 0.05600791483449546 0.011271256369994046 0.09337496637303479 0.06208534994997502
65 0.07415793077653737 0.06033996343150798 0.08694167847120764 0.07028483223870602 0.021050179983125306 0.04839777602144358 0.05285489584732092 0.05729923810317676 0.04451994058202903 0.044026817746089124 0.031662457936314475 0.07433339847982016 0.0186632057643993 0.058660246210347454 0.003917757673848039 0.014468077363597722 0.05302359791404592 0.05714051173558631 0.06264276303857039 0.06561473068232646
66 0.031148393906365795 0.043388524664777925 0.027617863803568787 0.03607841514078452 0.07500301144104041 0.10636267585942406 0.014873262070963046 0.04632998885414796 0.06718784658740229 0.0546094610315387 0.0572403080763718 0.008530056274078381 0.0013804896828283834 0.09248842298387895 0.06544257539061517 0.05622613434455286 0.018453963110192134 0.08663527319217233 0.005242807438653131 0.1057605261466431
67 0.05736684039825796 0.07844302045528957 0.001662680691353084 0.034173126587074755 0.024648933067835773 0.046461035175490925 0.012617377988777044 0.0516484685825715 0.07890505901778767 0.04148345297960828 0.11034418205572825 0.039320727647209085 0.08134380001025358 0.006132224926840518 0.1007897039829176 0.03590449087412503 0.03791899119831529 0.10256967300977358 0.010829019765875577 0.047437191584914946
68 0.007255391191875576 0.03146547923979599 0.015542166261337184 0.004406878857953421 0.10154438754847889 0.05805199472607615 0.08935041776110504 0.017474247783305474 0.07050780528524574 0.03348836999386742 0.009507476593075385 0.1041582261227736 0.05038199518475483 0.06626370827344663 0.08358561505048052 0.06958486900520175 0.017796583660119103 0.0952563087825688 0.019988655488929072 0.054389423189609445
69 0.017638637577122123 0.037050028675096686 0.0900677707768865 0.018402233947093262 0.05590336740315589 0.05204374154545197 0.007072513537978511 0.03621612256764568 0.09449556649650927 0.07409282564176216 0.030961765464239357 0.0474465110001868 0.0600726998333507 0.05507571629676473 0.052484342160021825 0.005212986397900908 0.07347781931609207 0.024256571289097605 0.08506069899565147 0.08296808107799247
70 0.010100365032136854 0.08302103858889431 0.10793848792451848 0.016574601943514025 0.0640398893895521 0.05912313551175184 0.0021853451779479216 0.054823968432748886 0.030888016405961068 0.03538187169866068 0.010763058514991665 0.04937136329732901 0.042180450774819286 0.04932297195927515 0.05785903681244209 0.10176145727580886 0.10408944972519525 0.05692859367578559 0.05257902761007031 0.011067870248596602
71 0.11176827543323306 0.04299557623805729 0.08419925342535127 0.09945235492052243 0.013248634705441815 0.09061675624092644 0.07544786688644502 0.014134833025981737 0.013569522203573993 0.0800126349710748 0.03382038543662644 0.03356046442675452 0.005313718886612982 0.04606564425324366 0.04575322918235242 0.03861296640307311 0.02820038372634708 0.06691492163815144 0.0023803786834548516 0.07393219931277543
72 0.015349334596024155 0.08773921697247342 0.032400874219756966 0.019336819156645656 0.08187902921335008 0.023614666471366983 0.05126977072859827 0.0744092893078782 0.09596675019602616 0.08654595222469809 0.013652320175807885 0.07482401491250203 0.02316952617956525 0.02585242399042818 0.054107565006363496 0.026861383572150795 0.057261615021255034 0.03392713876899285 0.049636455372905175 0.07219585391321102
73 0.07001668516852712 0.02568009435575091 0.0039780528208546 0.058866052288729244 0.03061707354940597 0.06916797820526754 0.02439568494333966 0.07341885276969992 0.04646626590986532 0.01688861093392516 0.0526880719451506 0.04767030058303576 0.0831020850295183 0.03960647544863182 0.07655859233619496 0.0020740313107882762 0.0689712789763611 0.051929582351038304 0.06768755199281425 0.0902166790811009
74 0.059998255320075376 0.03774969377890305 0.04221632938597901 0.05548652294950508 0.06341805350907495 0.06226949131869772 0.061731478533947476 0.02485237980025761 0.05738492158150647 0.07215671122524663 0.06803767583782015 0.06515761031822608 0.036178519909035735 0.017835522170911007 0.056113744355392126 0.03974922643934126 0.06724064359604165 0.056220070971838336 0.014181312741469996 0.04202183625673001
75 0.06776408167593316 0.10296955910884294 0.01667728139579668 0.06461206245151477 0.07278453651633632 0.060272699998331264 0.07665634222725622 0.0356282376992418 0.05385774563430954 0.013586473456490788 1.4247040827295081e-05 0.029916771968770312 0.018472346265558454 0.05324069718304881 0.02377154003165001 0.009214376348094149 0.057828911624802685 0.09074798742289275 0.06145771224139204 0.0905263897089102
76 0.0637704413385732 0.0034595937399905076 0.06267676956009356 0.05625992387676978 0.0769931773790776 0.04401609557151957 0.04657574024427914 0.026259985025418278 0.08954732560429457 0.05830756676754376 0.029243863382843696 0.060467108546452306 0.013104856140225121 0.061901595767151436 0.024441894091273588 0.05305632136193377 0.0874966260608872 0.05234476350394855 0.010533310493528984 0.07954304154419524
77 0.021661847917756116 0.06736917275913765 0.05133195373343203 0.011093385394655958 0.06497542862950907 0.055005855218949636 0.026272479139499032 0.006093659510410888 0.04072213595269628 0.1090032520363821 0.08483251820107561 0.05106111338137974 0.005845927862562752 0.08839881668853618 0.09067795816336112 0.020517501493484587 0.10747492669336842 0.009216268382937093 0.010534223759909173 0.0779115750809568
78 0.046043351606441345 0.04501126272970074 0.05953450969604324 0.04520459514292113 0.06670983276617433 0.0011425323193360482 0.03309276486060517 0.04444454416851527 0.048749458793834445 0.050421065031740646 0.021277950230745347 0.10967128450950207 0.09345757062233166 0.03322233447349949 0.05121330218374877 0.0886938588120213 0.028667969730240092 0.10485698414653243 0.004495135759410439 0.024089692416655987
79 0.0636130166109659 0.05254974891071964 0.06480587522708829 0.09970029743430021 0.08175416676489655 0.034033371558865946 0.05300887197038406 0.03754649504814981 0.011561106732044467 0.0024387901539258943 0.03854952964003401 0.08487387668692581 0.024601145734819804 0.08698515788112413 0.030684336820828537 0.06515882042883885 0.06082796608241214 0.001162000197048133 0.04340350382121215 0.06274192229541574
80 0.06864059798847276 0.0028265175005534843 0.030952802669582183 0.08099992211635602 0.01747358693678448 0.07683279317548516 0.006929203357499891 0.0515223736048455 0.05514823309223834 0.04252561204106395 0.042824985612867655 0.02566037678904133 0.06828761874489103 0.0042734977000762776 0.08556774560760877 0.09005581849712792 0.09411019746056958 0.07647658263637123 0.024594528795798876 0.054297005672765686
81 0.08832082951987785 0.0773064101693331 0.05206418398028069 0.07567251665854557 0.07037843596798482 0.03409009527591626 0.010621984802203943 0.006868892340231578 0.07884756760078902 0.0602191647804785 0.020887203596665595 0.05860001761707032 0.03965172239316564 0.07420274187514261 0.014784136909099143 0.06228538108717766 0.043429071917083124 0.05977923497445347 0.00958985892299058 0.06240054961151049
82 0.07337503140165569 0.07112712875437528 0.04138996574761534 0.07233189016807594 0.016216955163158346 0.07335989065157512 0.055536792467869904 0.06385855892303767 0.07373455487745792 0.06685059777615007 0.0025295779368651426 0.03935890176382106 0.024110516949372208 0.041148154104346774 0.06288604635134332 0.04800993059064411 0.042660593519475105 0.017461771174171668 0.06727499530142485 0.046778146377564625
83 0.050354844800015335 0.04130340459374153 0.07357865131796182 0.08646507787346147 0.008020263702444923 0.08249041996967273 0.05689704070699968 0.03722390836038077 0.07058821529202125 0.05239127166942554 0.04061704956267464 0.0005074305408605728 0.04292160069435994 0.07977460040172087 0.07846361938644782 0.018717767975266177 0.02587442443123883 0.07053093616516286 0.04868714048688418 0.03459233206925904
84 0.0438755734056692 0.06179875647190929 0.03724488487758075 0.033501413107131145 0.044094882277736044 0.08306924344420305 0.07604637180736824 0.010420438996394797 0.04146390362154871 0.08169688435915068 0.08093362897627386 0.08321007552245696 0.07530530046015456 0.025902747586154674 0.042527512416555245 0.06610920979799362 0.061761828417014976 0.006576465321582701 0.005713117509740148 0.03874776162338133
85 0.04914324950541553 0.026645171352966956 0.08373764869669204 0.06532635088224349 0.05326781800856269 0.06310347737109812 0.0759141692102962 0.0467002783279163 0.06179984953835826 0.03736009324644903 0.040738247376134226 0.045114320911590025 0.07807534898378198 0.030415856280829337 0.0567629164488956 0.03251588162538478 0.06977208449418916 0.0036893959101053234 0.003416252467041111 0.07650158936204984
86 0.05314303907621036 0.05483447718442893 0.04892331895609475 0.04913601618919545 0.08196616368470072 0.08350323453243352 0.05403320609914078 0.06953473496923789 0.056461769230743725 0.026250024282232318 0.0021050179102626593 0.017667279214070904 0.02217423026173774 0.07533239574298532 0.052211279902005546 0.03739552277376489 0.08749546324267334 0.008173786072843593 0.08997997189384666 0.029679068781390882
87 0.016200044890029932 0.07006590784037323 0.0237335577727338 0.039700949838819756 0.08671468740818784 0.05768656231729337 0.01190273756556937 0.036291075190814454 0.046245600598066997 0.05462253058965068 0.002027615125871455 0.04178117824560715 0.07614523204211077 0.052864655135317386 0.0645937616204053 0.0804460147928001 0.011254009855981878 0.07264285411344618 0.06860870682455028 0.08647231823237025
88 0.00735256315211867 0.05466966208395289 0.029540227601252213 0.0678683854424387 0.015178632556481685 0.06858513365474211 0.050453098528996994 0.02351036902806759 0.08736739630168226 0.05501141101148325 0.0686563932542341 0.07757541211373395 0.02266847805176245 0.021527802392741907 0.09286375235478697 0.07224032065931459 0.033800747824789014 0.03256808723877431 0.02136300937714225 0.09719911737150404
89 0.03730213056195508 0.025173509132223347 0.1027354784865701 0.0592754732806852 0.08092044621021259 0.026913920190697157 0.03086104977102616 0.058694635331458744 0.05258128242391684 0.06403646197222286 0.09111888248629416 0.10313188693383257 0.0751399668391298 0.022503597061085723 0.06712589106678984 0.04953975164041959 0.013103043672148516 0.002914158638744944 0.002793253458387731 0.03413518084219902
90 0.031176339040010256 0.01933466310903206 0.06331315415116412 0.01852378497995809 0.03768884561728483 0.014293362063568217 0.0591546976632877 0.05905840826194892 0.08377784576035666 0.0804684421391149 0.048915060326426514 0.07157389261337069 0.062473589878570546 0.04531853776858344 0.057834776039487154 0.011066583011536433 0.0850831940344315 0.018269796369322425 0.08008630970043921 0.05258871747210645
91 0.03224271118449633 0.07312665322876082 0.05050194491210654 0.02998447655126645 0.023548632081390342 0.012379350581997399 0.00603126408777057 0.02243839469732252 0.05408611771298959 0.007487128426345056 0.08794820171924124 0.06117120417560818 0.046829826490474666 0.08119440601000194 0.043323307560808905 0.06136699639408219 0.05830964728977521 0.07293925692396828 0.08136508981465218 0.09372539015694153
92 0.04385496013618497 0.02491506922094759 0.06716751035418538 0.04880308794261198 0.08724126143009599 0.07075463221580344 0.04288627651757082 0.035801860118289876 0.06179453849724288 0.019873648927409695 0.06268131244003403 0.01535611347675186 0.06354108588221812 0.006003821624752817 0.0774736156930157 0.07317402117060981 0.0013623701086110155 0.017943758415888855 0.09476045199319769 0.0846106038345776
93 0.005448647381503342 0.070588614192613 0.01284177981213727 0.01132954493850355 0.0076789162092801705 0.0769204534417747 0.08109807310119453 0.03805268862011959 0.0482406265016191 0.08825423576117315 0.06167671332416501 0.06399897566777214 0.026982608862907653 0.06266901785779061 0.08964671842870185 0.07353622094320024 0.09381276169575567 0.059331022856621764 0.015342139964919368 0.012550240438247338
94 0.09229939895940815 0.05879964123023148 0.017333236891279264 0.003386851039805989 0.0618690067088333 0.04812976745639817 0.04153047957726438 0.04817657704297879 0.06388154367464811 0.019128203042533737 0.09619823981920132 0.03416811147694963 0.09103103364451907 0.013633991211567791 0.0032229293028312816 0.05996840211044373 0.04062808755533891 0.027852113142588026 0.1021839591004202 0.07657842701275899
95 0.07645487894376359 0.05834555161452363 0.06285940640632526 0.0746104703824934 0.05258165020776115 0.07134845339007684 0.07072994399156685 0.06906255532049488 0.02363175009089403 0.050756641001058235 0.07697938952722555 0.03494378397586271 0.0657470908332853 0.05828822967559744 0.06241050455661901 0.03708069614963959 0.01048516730956506 0.028267432201770096 0.00037630454174309005 0.015040099879734432
96 0.07018435576364888 0.07400878133222208 0.002234934598010952 0.0060830216827646895 0.07218602317167411 0.06782497956028745 0.10064232597009937 0.08343010066229622 0.04864123602438199 0.05173795382728698 0.03266080525812571 0.07898897447719253 0.041962897908001326 0.09360768355486503 0.03705167147400642 0.0156871825514012 0.027916415063377012 0.03899505797804261 0.036382893072789343 0.01977270606952616
