0 0.015379595954982068 0.0028355353703676434 0.03334845654006086 0.03792013291431209 0.08636003963415538 0.08713340219565967 0.03389142967460246 0.027355989341170405 0.1002975884006033 0.0309959664945546 0.06958241177976678 0.0289150912994456 0.04476687535507066 0.04879179344399486 0.04706491162527968 0.09964763836125072 0.0693495167088683 0.02802140875932605 0.09304389982657438 0.015298316319954652
1 0.048684122271913426 0.006234465690913836 0.09902652437937177 0.09432085077494269 0.006546926493233954 0.0935044463872817 0.08510697266723416 0.02723605337846284 0.028925793613704176 0.020756214978820048 0.0501090885778418 0.023242991367853273 0.07758543140238183 0.08808003464193373 0.009118316732943511 0.03311379530383883 0.05030347673106111 0.02790009031183913 0.04776498628636721 0.08243941800806115
2 0.04580132342402283 0.023210263127097883 0.014279884459020531 0.06780038500389018 0.0359308164320152 0.09661022180801623 0.11578451938867823 0.004326262400133196 0.025866205726981728 0.013433445095236718 0.09340786231021235 0.0872116545842996 0.0016671990219400887 0.042771904040034316 0.01720972647955424 0.05246157264960782 0.0015504480853183998 0.018894520124860436 0.12163954154856813 0.12014224429051176
3 0.050860262871358086 0.022605922718253152 0.041550643666735165 0.09324780671544604 0.0964481065951904 0.05347322362950858 0.06325034817856372 0.03256514948544318 0.055736820023875235 0.051763727675922015 0.015224615058994532 0.017746081459842657 0.09106529777254564 0.0009778152376603455 0.1270792283739855 0.07435393229425785 0.040459365141133276 0.03323270670225347 0.00038551672930166016 0.03797342966972925
4 0.04481655817036876 0.07021956052256938 0.0735004267416536 0.028330390598447622 0.08352554363788228 0.027024226723571687 0.029373653842860732 0.021718831049829627 0.06001249165953294 0.07174910852905299 0.054958362470795566 0.07453618973679021 0.04543585173088311 0.08809360394954094 0.04482251395265932 0.003521636582004739 0.060957697962835664 0.09209506329849414 0.00760658520064359 0.01770170363958317
5 0.06110495817757663 0.09129942504804121 0.04516270389708831 0.010007007009365514 0.06525800644671895 0.0878894554140452 0.055445299018535364 0.08942235936275107 0.028845966352245477 0.009563796134074827 0.028612350175851103 0.06218537058495088 0.01255951557928161 0.0521094532030281 0.0063026265993856275 0.0964405570441858 0.0236995472956811 0.06912443957911334 0.07930542609731514 0.025661736980764873
6 0.01330680354043043 0.06572055739733933 0.07422460582627058 0.06732426472898093 0.07383601535148689 0.048808192602935584 0.04178644710877598 0.06618336398665386 0.07460730477640852 0.06249025951750227 0.03250165206000024 0.048621152331489156 0.028039354907233287 0.019086371762454247 0.06704689849850935 0.08159346876943263 0.012602295914561357 0.07039796452653907 0.017123450533374766 0.03469957585962148
7 0.08229968313220896 0.05642966971879214 0.03652154190376647 0.06901378819574935 0.04652454038147176 0.09046230464519113 0.031532173605318285 0.030570643593330823 0.07055792577115094 0.023840122940167668 0.018779172842995198 0.00019026936776252672 0.07072353837914824 0.014730870941929097 0.04542536952381035 0.058504086928722575 0.07483087477148252 0.03725564740019222 0.059743507379086985 0.08206426857772259
8 0.05143235689261295 0.07506618002433127 0.022201131741163917 0.05710089168974725 0.08389231241639836 0.011205728242163442 0.06450665886738527 0.0006215030908656982 0.0018794633607424965 0.01178345995163329 0.08912527199174725 0.05575225301997747 0.020589059834417858 0.06142091577421049 0.06529069175707895 0.07270444105080826 0.039423748133978836 0.08866622414581937 0.05417174565142173 0.07316596236349593
9 0.010534211439321312 0.021239302397721052 0.08514405776208704 0.07558801079323904 0.03415847889732966 0.013264809510742855 0.04717348161879838 0.09232920783922517 0.06587254490556269 0.08552767671151269 0.06076400043323336 0.03348032697083894 0.0660327068547668 0.04512089591001269 0.037733616416333285 0.042959061112092585 0.004347440849527897 0.04236126277507116 0.07942367200016885 0.056945234802414445
10 0.038660329257775496 0.0475533325191104 0.009254339693487401 0.006690905943126594 0.1025022486339218 0.11721148158730828 0.08105068030765712 0.03583343102501465 0.06000252798885093 0.01610344262510414 0.1002999676527641 0.02930904206944584 0.010410409606939165 0.038745362056178664 0.056716722175753596 0.030487661882060788 0.06722511469159378 0.02376221348124016 0.01648556080451598 0.11169522599815097
11 0.0631309570994682 0.01616861814339285 0.006149532458537055 0.06124277676517055 0.0718345853913463 0.09910585113774766 0.08730374772646449 0.06429051728024646 0.03622188963037776 0.07013029691358103 0.038078758831686974 0.082309874545483 0.016224662890866354 0.0360175043972603 0.01503838622584929 0.03729318444443188 0.08729657042703941 0.0068807575105605985 0.03499939185696577 0.07028213632352408
12 0.06282650048677481 0.07594017078496461 0.09153099165229127 0.0741686781905457 0.04923605148419216 0.0693557031694098 0.06965551191080786 0.019103220391250893 0.037829734089864266 0.0929666681010003 0.048299034840348434 0.03049939909693874 0.017660332955645903 0.009428223268075261 0.03976009720064888 0.03270216384513448 0.03800295768670293 0.04196899353803818 0.05199148646242837 0.0470740808449375
13 0.08988833168027308 0.016318362950514812 0.08450264618871467 0.016096741707728363 0.01332272587071998 0.06764009233951943 0.09953172360148285 0.06248157890599121 0.004768250899753942 0.08108038301650745 0.06204212915003674 0.006036711878931216 0.048140482892949435 0.051504585787903276 0.06633751560762413 0.09128972788021503 0.012598740594101947 0.03760660374910047 0.017182391307221222 0.07163027399071074
14 0.01922199246639527 0.023045771327609793 0.028958182386798138 0.01433367912020198 0.10087451773913611 0.0281024447214482 0.03331929340042445 0.017427675042398207 0.028998398193897882 0.055773529830760116 0.10688029968882946 0.0003498013112689219 0.008187148476391981 0.012677269087587614 0.12131109817415613 0.10553281983782031 0.0778344608301629 0.13281855003891715 0.009392822559492107 0.07496024576630311
15 0.011622097934129109 0.05647297242915149 0.00025386360119241384 0.08569398235165025 0.04591362181237675 0.033829303374241226 0.03580530068185084 0.010037267729662685 0.06092638523700486 0.06563045158150628 0.07443486677912318 0.05225809559158883 0.03078624844684727 0.03205981581623257 0.08873686413466561 0.04702810388363131 0.09454508532891613 0.09359206160957627 0.027413952316009845 0.05295965936064318
16 0.00266448753822197 0.03014222857651755 0.009409699571859867 0.08513706306908601 0.038770591721721905 0.026668508178451827 0.010152181184722303 0.09128191255964178 0.0791424779285786 0.019083293800962454 0.04989507601541934 0.04800601750510698 0.048323948043146055 0.12450793665165169 0.12527848615667564 0.05571553039420494 0.02179823224831615 0.017592939733023207 0.016770488485140896 0.0996589006375509
17 0.07552663338979927 0.06343083659814916 0.1009779887639329 0.06474068142913891 0.03434596542683082 0.011377929386443724 0.008592535314842392 0.09718072051491122 0.016852596859008525 0.07314179318116362 0.0018811663511865706 0.05216185120818408 0.08512002957794959 0.03260964013914719 0.06494549163709372 0.01649895774302469 0.032486028472979586 0.051976380891830494 0.09612438358602098 0.020028389528362507
18 0.004353976461590898 0.010103485868740585 0.02491334925566321 0.06593382558637499 0.06919253753880063 0.03851405391860255 0.05310178334499218 0.014418417370793286 0.060893730758333126 0.01095702874822546 0.06088238646095567 0.06673702827724737 0.09465878080089331 0.09577035519060068 0.05589997339703431 0.09371070569153038 0.022532837960386683 0.07438361034150255 0.06251699757262826 0.020525135455103854
19 0.07816693677333346 0.06921494290139413 0.05579970662337066 0.02766136897151099 0.030780708988268315 0.02469587205492555 0.08517531744472 0.010927527286346168 0.04148258292728742 0.015550892821298535 0.11019013716892352 0.03727733135230423 0.003083904643774889 0.0711808970372506 0.08871774941411008 0.058001815071005255 0.023199995017831855 0.02244851795967289 0.10455399948025097 0.04188979606242062
20 0.047076137906324825 0.08099432073758997 0.06929386207155774 0.061933776326595996 0.07606587705156537 0.010812332646594414 0.041633888704285464 0.07139157828284963 0.007578861076156002 0.07974523131352843 0.08001614548156794 0.045265321694226944 0.07019348018234621 0.03511761881973579 0.029691908020140746 0.0666666319872071 0.014222624495875077 0.013114080228417613 0.028862652933484563 0.07032367003995031
21 0.0019694289373160126 0.010098622450567678 0.0782959773623489 0.09472751058269885 0.0313109581455557 0.02482115224450155 0.058363607774658564 0.025637548041756254 0.0675028694887648 0.07448214166997617 0.09215670012940803 0.09719625178302008 0.0998559304685694 0.0022119977541283525 0.024143116568707736 0.03240469806328062 0.0071867994532465946 0.06165654934289691 0.02029801610126881 0.09568012363732903
22 0.049965251309581224 0.0022748298227872206 0.06523790286684301 0.022097556698056534 0.07875258431250015 0.042264563027906724 0.015476555120296824 0.0965126046592972 0.04908401401008859 0.05772336419323389 0.04390731649534431 0.0324146227865877 0.10152213138841273 0.08620355531690782 0.01144339429595193 0.05669365122270174 0.0342963992911592 0.07841567542178575 0.07018232351056553 0.005531704249991857
23 0.07292976487330687 0.007960558687480529 0.042637694620896956 0.0784417567762876 0.026864367986041717 0.0977533396201088 0.07795917577058757 0.06593130583211791 0.06729615993155004 0.06451891285785287 0.029270553931009545 0.0029744123504083747 0.04479764806089463 0.05394226009611234 0.09027263675348893 0.04148305036078185 0.005002518061501608 0.029903592403399258 0.053996063643633005 0.04606422738253946
24 0.07276664703100079 0.043660850087657015 0.051244960988434146 0.03812714015795748 0.08615204542003871 0.06527296573718874 0.015235360853384153 0.08877172707523774 0.023842737024932666 0.04410009438221241 0.06780349998346227 0.03278012141913086 0.006497541863208571 0.03778818910125909 0.10049715786484752 0.04760062280564693 0.04719841455142946 0.026871346384990256 0.0077555742988906 0.0960330029690905
25 0.08795292872934603 0.0014534108211872105 0.056458586243787454 0.05073646170728506 0.061819928764359 0.05934764994431051 0.014250068847293833 0.01941251659451308 0.062712918327679 0.10419811134849599 0.05524727753516438 0.027402023797375004 0.018164336996873025 0.10071565297378951 0.052608126713100785 0.04851777627874326 0.0389682570217205 0.03371714338228134 0.044590931555758405 0.06172589241693634
26 0.04405763270347925 0.06584067311317372 0.007343101383317413 0.06906126218810218 0.010252773213450198 0.016352863712048027 0.055371035973785995 0.08201020421414155 0.08519876857953117 0.06881392991536307 0.018936027529337606 0.07959927124657869 0.04225877280263227 0.045917616534939205 0.08596470069433908 0.08284382945563942 0.047225316937363364 0.04963250912436467 0.024547323446836685 0.018772387231576454
27 0.07240446292795628 0.022877794294213275 0.0045762823753029685 0.015858404623340858 0.12382635209324876 0.03325860097189603 0.0007387080798735398 0.02506707180152162 0.09996651117228698 0.09963849454273868 0.023050361872564963 0.09837323245352951 0.04886494568636779 0.003507251943491195 0.001124610999368733 0.02569482582012153 0.12267180778240079 0.09246012405678203 0.06804216005605321 0.017997996446941382
28 0.04410823169828294 0.06160047458332538 0.06712720517812236 0.1241138896655697 0.055841284257823316 0.056766153358172845 0.03018403962514427 0.036481260243981344 0.0037345206446858415 0.04705734994771842 0.062023675129883625 0.0721561815706718 0.034146254813478404 0.00919947424098488 0.03435695353017117 0.02157867909736162 0.03055327182715623 0.0483488333710424 0.13945843844664124 0.021163828769782244
29 0.04830188976450728 0.025207418926287257 0.0916792754384053 0.05925035692307356 0.08793041700299284 0.02217265829563425 0.03711316557682161 0.06049257926345728 0.04564334660469112 0.07211637485926338 0.08052383705899703 0.017866422021153152 0.09961691853015645 0.04018773902677861 0.0005528952130338474 0.04348530255780526 0.1038068334632023 0.019351871239047694 0.0008220159417912404 0.04387868229290047
30 0.002196529788040003 0.04650486700921101 0.042450326888356656 0.052604447715319566 0.09800987432418652 0.006411837557983262 0.06992611470798171 0.07585856690041093 0.052608684693745494 0.028422076702979325 0.043172635946055464 0.005524625643742677 0.037734738235009495 0.08970993552279716 0.062150729870035254 0.09658598634758785 0.05123060966292972 0.0077819886174683005 0.04100522764575861 0.09011019622040085
31 0.03631265038500967 0.0420309307908564 0.05094532478615953 0.09221852284082761 0.04711258233040968 0.024299739479966012 0.07195219219408353 0.005104314020540116 0.031216148066809567 0.041846252262806284 0.10102231878268178 0.04619513218903269 0.04892287171647894 0.09409433963372746 0.025659433637563983 0.09955028365601842 0.006468807259388183 0.045816194290761086 0.08800695127493308 0.0012250104019461486
32 0.07277344474422227 0.024756455038821013 0.03572990254015606 0.02159683933859564 0.09416151099522989 0.05828636911589415 4.682634578022931e-05 0.05771115671819634 0.03941255800688707 0.05314993489200334 0.05797090071571167 0.05002697912880932 0.005982278861581169 0.08649673723955908 0.10382909148225895 0.0013892978409240752 0.09233885451732592 0.0017318602508834438 0.03663574640993863 0.10597325581722179
33 0.060732922571643096 0.027622491920554094 0.009603772195764535 0.02187048427670607 0.10447589450048925 0.09320980496580415 0.06472126646852619 0.017468992695806106 0.03363970804282745 0.08080611528356606 0.061305117020813996 0.09552322953263612 0.017821110775508613 0.1028677725626687 0.004589629764130332 0.04225699395487995 0.01354484667245593 0.06305089331532288 0.02327069851298723 0.06161825496690955
34 0.07342945540032292 0.06658849187474825 0.03289172470489739 0.021602232355807483 0.03452521974983802 0.008526007059347496 0.041125231336782954 0.04612433936497552 0.024974554264287154 0.03497991839715917 0.09330447585873686 0.07793998744945607 0.011055561129136684 0.08522157240505297 0.04008922870427434 0.10183447869410163 0.02585243495819996 0.10026083711158286 0.027546082232187144 0.0521281669491051
35 0.06791937404689037 0.045994258781627315 0.0697749314069042 0.07739390429826831 0.09358419668342073 0.06495280881791249 0.015522451288278375 0.07535776653668047 0.05867619879699107 0.020699371390636934 0.025207491256502276 0.08751016231816025 0.06228075820437381 0.020585686361649008 0.01778443164075737 0.005151844870435793 0.03102573964193694 0.01521884526986765 0.08810831264878322 0.05725146573992356
36 0.0861527143194603 0.08054071308032053 0.029697162705782126 0.06468559021555569 0.04654894380153019 0.07067204929005966 0.00621297329012358 0.07551725468484925 0.07558004482243474 0.06385657537171693 0.006765179543261299 0.015211634558655329 0.059148625021412056 0.07522465266200071 0.05872715537231664 0.012979656939964876 0.0012483352688090477 0.06477149777844254 0.037658981400941795 0.06880025987236271
37 0.058663804489974915 0.053733689950799975 0.0580971329867341 0.007684344523725532 0.0191719975190497 0.06938840729519306 0.027043980508415034 0.0637412644376641 0.014066640983831934 0.033055681416543345 0.07992516301603604 0.08549674518912058 0.042955117199991365 0.04384105934964356 0.07184084742533804 0.052317532466146996 0.08208146394363251 0.08199636219766251 0.023246237147101338 0.03165252795339543
38 0.09873624160106172 0.03971490678748052 0.0014749009094604515 0.01754445254109021 0.0596943772869825 0.08989072861985237 0.033340428016788146 0.04519166316418381 0.0037588273560246175 0.038687572343352794 0.03076413817007414 0.0862646797475935 0.09469691654268422 0.08188261409655334 0.04865373090847244 0.004693061491433796 0.037114903478174865 0.07840609919241803 0.05949014515745802 0.04999961258886035
39 0.011960475481430878 0.0386500487486302 0.0692921618261389 0.000754181763900709 0.009368078844912779 0.01601572567367169 0.09604199511392998 0.08608291493010446 0.08596802771312372 0.06016522368104766 0.07237906195411285 0.0768786535520628 0.09968879378108113 0.07067330512727456 0.07165979350092053 0.023082767745813318 0.00878777757289594 0.03447887903900464 0.04385412058325034 0.024218013366692943
40 0.0018888364787277433 0.059638387965276804 0.025666664254849578 0.027877784708131324 0.06326924450146214 0.04208777755192466 0.0923976045376028 0.03547145857314317 0.02101597484336983 0.09264066046181442 0.09486953926372656 0.016335448739739713 0.04564585287361778 0.04745462025112333 0.02239078448657361 0.0469344885282714 0.07330596474185568 0.060260823284990155 0.06488796210064222 0.06596012185315733
41 0.07130491674229333 0.034357014492409785 0.0432697481858248 0.06347413979248795 0.025325589132085505 0.000610221387340965 0.07816531494839415 0.012497372011515767 0.022371982790455713 0.07343529303127903 0.1042675359413094 0.08282350160550646 0.09029068924466269 0.10477041914461051 0.03617360686508478 0.031074920695750276 0.008545382999955399 0.012069562054369294 0.09860810394623026 0.006564684988434193
42 0.03700529454447288 0.009083454789501734 0.0862752581539747 0.05062779379293724 0.06387874672943795 0.031100727304392048 0.04421009225935142 0.06322859543888439 0.010057830017103416 0.05753546256129682 0.034444566459365715 0.06081998042620485 0.048151591690277225 0.002393650921351465 0.06662100405439295 0.08254823930242611 0.003441754639527673 0.09629029516403666 0.06784367203603787 0.0844419897150269
43 0.026516192938303224 0.012299068159227305 0.08474569278141368 0.044237213052339755 0.07162869270050494 0.030450180713361308 0.07689388006090005 0.049845875433207766 0.03466600511469607 0.06647761297798412 0.07435561892988594 0.01879904412060708 0.053480930555290455 0.0616655943286741 0.026713445693071883 0.018996558555377 0.08840111347356842 0.0381353771307513 0.05069221138930298 0.07099969189153262
44 0.08583807016305693 0.0012214702267307992 0.00482927119146735 0.06500101484145834 0.07738555313733733 0.06269248512663719 0.06074444670957032 0.031594794358110544 0.04946639593333858 0.08736059911085203 0.0593228648414864 0.0417925260708845 0.08547872048952827 0.04248705664680567 0.029966872558913556 0.038476896949519813 0.08528443033273406 0.02341703893480511 0.05390967350452251 0.013729818872240623
45 0.03206510517399452 0.025617671490881826 0.07187348889161967 0.09170206834028605 0.016992462784991728 0.04375257678791283 0.049690395097819834 0.006788036096989551 0.06876547973599478 0.09823280264693224 0.0038891631734410408 0.08383603394450079 0.022751913189960067 0.013718209696397492 0.10470982674003829 0.025838573089570837 0.04231678635570962 0.06440908788127994 0.07345820627726479 0.05959211260441428
46 0.034024793308910915 0.11135979275077622 0.0028741060864934274 0.03412186173011376 0.038542469861494046 0.00763274868140587 0.11382791923180434 0.1017904120923446 0.01512197413649458 0.01747611970859955 0.1129358129353939 0.03542989360256757 0.014394169284030547 0.1059624838731178 0.049097490802342485 0.05431364676249347 0.01633869249538732 0.04654840354727662 0.06696616109412318 0.021241048014829768
47 0.08058479810247496 0.0251430235238166 0.0076454453850939 0.04554713782762372 0.046032391581275575 0.07170530972708594 0.0036423761877387856 0.053783729114617214 0.0022677015825224097 0.12223692996815132 0.028731262987120542 0.09987908382348477 0.032029356624135245 0.059581258553904684 0.05639855361492818 0.028588326195066457 0.035017785965377406 0.1259643925057555 0.028594407957536812 0.046626728772289856
48 0.00018764953720107387 0.0860644133883688 0.05624297878401249 0.028290514789581726 0.10272691841736785 0.018579815152074967 0.01944394079832318 0.06689892274422987 0.024858547852460326 0.1099109351237982 0.08482237862953822 0.023317784498448197 0.04110997511647455 0.061886086761235526 0.04838049856271129 0.06708740289099198 0.05310256100758338 0.07652826178741895 0.00893688077081465 0.02162353338736471
49 0.04164738797579427 0.08444397758899402 0.09479591085058714 0.06438551643721277 0.07124601071911299 0.0037042777582750987 0.025830276724870888 0.024054273730407198 0.059902883012180934 0.022207876935293767 0.0607683813137699 0.023835875872540453 0.05196816418794181 0.06642482840359795 0.06537436404645022 0.017094082832717405 0.030076896917908196 0.071403648649376 0.04553181480997844 0.07530355123299051
50 0.0922082035848735 0.07891284635968604 0.05865863878787297 0.029007003751755554 0.02126767195253568 0.04490910063056147 0.016190059168417564 0.019319111128674852 0.04008520314386292 0.06866355441345381 0.10238515613308087 0.027793743918496597 0.0055916696651352096 0.028263973189862342 0.09128575973621364 0.08003313840606857 0.049446146893312795 0.06959657478504903 0.054770940469865366 0.02161150388122129
51 0.026457251436003523 0.01908106190157183 0.026782463827785354 0.015317044983154874 0.0055308102588807005 0.10083333227072715 0.09743699515010519 0.08385161668721586 0.01293208159629341 0.11720904067382193 0.07585334465511044 0.10149220078456386 0.04710080338428402 0.007688258505745366 0.00037001068389867054 0.04050712970927435 0.04434419227294505 0.09143262093252746 0.011362131701325637 0.07441760858476532
52 0.06469918143143548 0.038781876066634885 0.031691704489093 0.04027663955108861 0.04105772133039202 0.01662408115152783 0.026161590612127576 0.0885289171456527 0.049121999186715476 0.0832819103778413 0.009339697875425115 0.07495711045239903 0.053154539125778534 0.03145757260436505 0.08543547913495407 0.022882715490875536 0.0812944555668785 0.07186247334696887 0.009757748549993592 0.0796325865098528
53 0.08785997115770916 0.017136908783764497 0.049030635514559856 0.05168909377503923 0.043805412770742 0.05699242714202365 0.05491897451117541 0.04783845714205071 0.06736582540803172 0.016969169216409032 0.05622370642538847 0.04156259130192775 0.09144169612628471 0.009773538329095872 0.04992749110456739 0.08659474847150299 0.0020492305575577647 0.09386347475900232 0.030650392270131895 0.04430625523303569
54 0.0855735203186679 0.015241855531126641 0.026338355760919172 0.04636854445269941 0.03848794825388347 0.07400768111338359 0.03743017568632927 0.0010853747775914672 0.030853726480777246 0.0921449745272189 0.057298948179290723 0.08680156592107892 0.06300401509901274 0.09096135255585157 0.036208122379238275 0.04435099264315861 0.0008197789095873233 0.05080196872668402 0.020497541134910733 0.10172355754859
55 0.06389841819485922 0.09524908201027553 0.09724432700438893 0.02240972281178116 0.07204459006498684 0.02667207932453878 0.05418841049205607 0.01900889218743986 0.0780052926881385 0.0715277857379387 0.08375992585969885 0.03077555426330272 0.08662760771873178 0.011367857959375961 0.0252367273989711 0.02445535748321859 0.018573873394573504 0.06794493183549187 0.018379653332904457 0.03262991023732734
56 0.033039375453445 0.03953586090836242 0.039534365938851616 0.014790840992900752 0.05944205393333333 0.038646187206538674 0.08115809534560793 0.07970211410295445 0.0682650745991351 0.061237685031826056 0.044100436221761456 0.049873265969376884 0.05846472355784854 0.03712317450541416 0.0077668287981031954 0.03584894690840116 0.05904897333781986 0.07634048121194775 0.032166872343286676 0.08391464363308498
57 0.0078115311907323865 0.02868816108932329 0.023247196479608247 0.08583314701086549 0.03352679626026461 0.07642732047012855 0.023684280735571106 0.06050791271115348 0.002616971677415551 0.05018325260131765 0.0847500160412538 0.003762908023262681 0.07650835624111607 0.0782269336184914 0.06930217134903072 0.07327429068704013 0.04706328483897191 0.08380354475175084 0.07561238931521262 0.015169534907489577
58 0.0435749305101453 0.04737225127390757 0.061755013360576615 0.09939204261083945 0.04065682251201071 0.051303199788444914 0.057114715590594875 0.0070638324031171845 0.026008302521565135 0.09155251146816396 0.029338550940749577 0.044093018134885795 0.09127408422438676 0.08808211223293949 0.02604741758224874 0.011608982252071517 0.00029742112318910076 0.015276353047237057 0.08424997020297448 0.08393846821995192
59 0.029158272115782095 0.04671819796655834 0.0664924830215864 0.04722855409895106 0.09482214346676221 0.09017971421869926 0.06567995057302255 0.03869342955083133 0.018819312522977357 0.06375725304023307 0.055461185849125176 0.018879796850513702 0.02873043805335946 0.09939637009976938 0.03274251421134099 0.0008063729912043024 0.11353881372561674 0.06470995880449158 0.004785744615418922 0.019399494223756104
60 0.004464836144626697 0.08652541455355606 0.04188531233810554 0.07692264132661096 0.07962212488134927 0.01923973527384628 0.03739275497326347 0.02604613549052467 0.06698761879949726 0.08914386450803584 0.010901498467442376 0.06013907109038269 0.08220674400794109 0.0006935733424692761 0.09600081827935433 0.006041894813468946 0.10420820287047777 0.02011554950389564 0.045336206110376795 0.046126003224774934
61 0.09089557031094483 0.04619612172445265 0.029844141328320653 0.04752814662561594 0.05823841679850719 0.05456282614243261 0.083197392151075 0.06591894881831704 0.07378245487488283 0.03724047551039007 0.009295204367812903 0.016962110913830326 0.04874269662529254 0.035069724032601404 0.0711524449129926 0.04193512032720138 0.013280750973298495 0.03327482806342619 0.08936765493961041 0.05351497055899488
62 0.08743804890331536 0.04492916822763126 0.07351287624428987 0.0052132852462498805 0.0029682551507777765 0.048218192916235414 0.04928477171395685 0.09355188628590584 0.023972352905332502 0.10369976159339946 0.05200177475865784 0.002166366785066884 0.052155546073067605 0.04739667223785004 0.10042965577444699 0.02086307494105683 0.10493515246190155 0.06279096908853718 0.022536781091163943 0.0019354076011570754
63 0.033707339133359646 0.026592145025193106 0.04406359886589774 0.07086049280821563 0.012992995939683524 0.0529475848813032 0.032776078602718535 0.07194044916505622 0.013451943711416987 0.0931303524857522 0.053417848440641215 0.04733029423725819 0.08006053059545071 0.02001783705441736 0.05571705004210009 0.022424290040202938 0.08660286364944168 0.07131790611475652 0.05896775222150218 0.051680646985632316
64 0.00017259790875790774 0.006337320542826149 0.043245733654142304 0.09321653581546469 0.006243009843489695 0.07698062065456357 0.04309498816719229 0.02152319381783519 0.08649129138135003 0.024289905776476727 0.027609631134551237 0.0264508444109906 0.01798630745695918 0.10305202748245983 0.09816869853328687 0.07082238914332756 0.04730578050132913 0.09768804800349688 0.04836930919963136 0.06095176657186882
65 0.011514411663787338 0.05733625957447253 0.04524207633184346 0.0134599937259701 0.04668690499753248 0.05650118458495437 0.08159220546372666 0.08580522110760137 0.06753655201243336 0.07150109104202568 0.015018013522632784 0.07622497067664784 0.015261532064821365 0.06699131228534269 0.07984512554062316 0.04146147858127329 0.06502077243434258 0.021062334353350982 0.06724304792267939 0.014695512113938422
66 0.07359842936996036 0.02312868903282637 0.06483929341864673 0.046851502102400015 0.04749493312374591 0.04170051076370836 0.03647045611676992 0.061699171024646116 0.005130546688968219 0.07392494842852695 0.05032350953936261 0.06856889465612094 0.10230964873018272 0.06817249187685367 0.03494005638885742 0.009752804862686216 0.016369814213723726 0.08466673423037083 0.05732459575447917 0.032732969677163666
67 0.023486890523505083 0.005876193277354762 0.05984824705453068 0.08464973052541525 0.0237682908588718 0.06977808724847849 0.08804687449473929 0.08652049940130746 0.07883908669993174 0.048841625860877286 0.005579399900314188 0.08770571053571079 0.027820030970293157 0.07035739101223402 0.05412767559432482 0.03643345363206235 0.009703853234508331 0.001075587020666702 0.06910635084185046 0.06843502131302338
68 0.05964174825713246 0.0608871468139874 0.012065062229095385 0.04200232522696643 0.014373596045840688 0.036297488672364195 0.08996957258391723 0.01511044765293481 0.01780949719807602 0.09867295789611161 0.03114498185533707 0.07201887788613752 0.03773795739224733 0.07975468915961365 0.017236882450161237 0.03787163390499056 0.09334409531601298 0.09541497196461235 0.07120220810016448 0.017443859394296636
69 0.08077682435692557 0.07345331588664308 0.08436724854516536 0.030133053914324606 0.06375572877103619 0.061038150886920974 0.039553825071412 0.05995028090947778 0.02882151316208038 0.012575732921784913 0.02295537728293363 0.0675883408965538 0.06763545077152266 0.06287058895954001 0.03402525149665261 0.08525997280758096 0.005944641891039755 0.05035865506560116 0.05022509672273062 0.01871094968007384
70 0.06603255402246343 0.04115952730707343 0.07639094757294297 0.07991033112500547 0.07599540313935153 0.0038677872001691713 0.005875458258971274 0.03401212519550495 0.0020979766419383615 0.026898165900840407 0.037534424726833125 0.08348050941126836 0.0690014696623209 0.03002090183458061 0.053036386226756306 0.05648121448709348 0.07000659962670938 0.07301504751744756 0.07197874280661244 0.043204427336116666
71 0.036910143834547375 0.06187994863570052 0.08377211872002381 0.04987405795735964 0.05453921634305543 0.06666588444259812 0.06814232335446176 0.05324972048372737 0.013997448373353248 0.015225800149241318 0.08353011455348894 0.053993478889493386 0.008645326192212291 0.04659020782235609 0.06674316437046181 0.05143985950290465 0.024208074590597616 0.03963357061859583 0.04691383311772686 0.07404570804809417
72 0.038059040213051225 0.008345747546716575 0.1077837133007708 0.08194572698984505 0.03125299260001413 0.14550116306138344 0.011468630851626832 0.06907298420095766 0.06089272295055375 0.01491819542710021 0.010467200168770766 0.009761510729486366 0.00987820322923212 0.02520857550251426 0.10262094108067744 0.027161615613866506 0.035379290448895574 0.017005001691236143 0.098649439371068 0.09462730502223317
73 0.09429065513255591 0.02449246585003632 0.08744709479887723 0.02555646606194018 0.0017038349149350008 0.06773896276741516 0.06126036529437957 0.04636158186012868 0.02296470802979419 0.013769374258287155 0.040953915983609784 0.05026311802740104 0.03644042068232564 0.08847820844060594 0.04399937569342817 0.07387638492723761 0.03866928084928022 0.0665590333599654 0.03349012723639658 0.0816846258314002
74 0.05332561581939532 0.002629269713468118 0.08147390754329165 0.06612759906301341 0.049942552349891825 0.0798434816135243 0.041778898568281556 0.04160036641621041 0.07646603259616218 0.06691440411239516 0.018782053807103884 0.04608761564050803 0.06831309671749904 0.05475575227656593 0.002596445781703572 0.004786230597677519 0.058021526150331355 0.07438589543322288 0.05002271587426937 0.06214653992548429
75 0.06925001565237046 0.05423982049066337 0.003346396746047144 0.0037694012950227466 0.08193912593286924 0.04285706170287592 0.008069429495960597 0.031736036696617745 0.03519642425696346 0.07515624702309981 0.04169781636045184 0.07302939928762248 0.07840593922556609 0.09308771950750729 0.09798691407807182 0.06645638416574082 0.02807175828998281 0.05611788277806235 0.03849523619640447 0.02109099081809947
76 0.02423430775071648 0.03312121517450211 0.039939928550066915 0.06814178002048515 0.027979681782963676 0.06375371110072449 0.0016323224594604832 0.0483403149735071 0.07433551157873693 0.02909752222181481 0.06084428541284965 0.03128800826129495 0.017161409477909145 0.08388389155698169 0.06632521221677914 0.033639897620318084 0.08118632426437762 0.06576354529938559 0.0735906346532423 0.07574049562388385
77 0.06288587413042064 0.05769748441186946 0.09842287426956225 0.01879117085703468 0.06167149842283859 0.012101684391687828 0.03172855819337961 0.08331432498799307 0.0004765792287206248 0.09614682599366521 0.01760117204849521 0.06342969940713872 0.08852359452767038 0.0003822838844594896 0.022349919679899598 0.032540626681813394 0.0007520572545500169 0.10367248137769763 0.07357245110544686 0.07393883914565667
78 0.07655094507161175 0.1050184594641595 0.11002979510043441 0.11417125083484124 0.044265793192226566 0.03697859369952387 0.021031055328998398 0.047236325910752795 0.005894117442464987 0.10825351600145824 0.006838794651625805 0.017617348596277824 0.03599664884321172 0.030163123790280032 0.06542637100809602 0.017835693589790404 0.027094608026686028 0.10386784304723293 0.016519215980404626 0.009210500419922664
79 0.029492751627340313 0.09385231817961401 0.013785329018971287 0.04765711760203291 0.009266426292769926 0.05332578473979583 0.023429099743842358 0.04099646429759166 0.08938272029783163 0.07751661675111618 0.03701104686428105 0.02565866905534532 0.052007931302926455 0.03097647857427326 0.00048378367666807406 0.09170744641210123 0.10013168344841256 0.09726515104261725 0.018584664195603152 0.06746851687686575
80 0.02114823957440074 0.1000495803865732 0.06510021778306026 0.0005588371596312763 0.0889125402526502 0.023373600229086713 0.035077969487392766 0.010985086901295354 0.06491611185519831 0.09349893786449191 0.04373087594749119 0.015076536661173316 0.06887146523087963 0.08666926663045794 0.09403736903954915 0.012363311680906031 0.01625403678208392 0.0743489692771903 0.024892303601928772 0.060134743654559016
81 0.0668045212501039 0.021754204471072593 0.02163347009647554 0.0440281932462965 0.07672715886944469 0.05801805811409143 0.04965774944069149 0.041895476179079384 0.06316816832738022 0.026071352522956042 0.03126805780836415 0.00625321644157404 0.06807452870770934 0.0817805859560463 0.08251712022249004 0.053565401771401996 0.05980880382012928 0.06443099384300914 0.06340442486165078 0.01913851405003327
82 0.007047768960964722 0.09132946892420009 0.025683617772523506 0.024231589756038768 0.07794825522889667 0.032917289278684335 0.021003431451907806 0.026921287135318304 0.034399133490662884 0.09292806686546941 0.048386509304486396 0.022609036920582196 0.06641479942707523 0.09849973428485818 0.030758362538357672 0.054623492834601224 0.0467679012840979 0.09203866353723082 0.0676479251928565 0.03784366581118728
83 0.0782615206220486 0.03738334718115995 0.06861813019540092 0.0048273113442348385 0.07538567501725642 0.06764984962234914 0.04525069692586911 0.03506886831197179 0.04709348491209482 0.07750457940948181 0.009776968426650967 0.06891747724553664 0.07183412126593217 0.011223942416678966 0.012781944345267636 0.04608884288513658 0.02045453535575777 0.052344319495873766 0.08555638645926013 0.08397799856203794
84 0.036966158613228134 0.08812795579352273 0.037226477685829935 0.07581929243508982 0.09097362215698787 0.000923260439464116 0.01822154260802394 0.052212278795164005 0.029055282180608634 0.0135018458352862 0.03651278443261461 0.08271702459775845 0.07864238325664587 0.07107798056499584 0.08158630214592402 0.0809792276178561 0.06006365009585571 0.014363010419714722 0.03770302303037854 0.013326897295050677
85 0.07493617464673157 0.10261096869582044 0.10290485056473324 0.008725186049605389 0.017626377506554727 0.1001915339897875 0.002520505817123157 0.02783765985691374 0.03497393030863904 0.043883979291360196 0.02933713879653515 0.0010137331970200712 0.031582582062599486 0.06487204570075406 0.10780258545381659 0.07035229914543376 0.006634269829425732 0.06701560204403359 0.018875996139275836 0.08630258090383679
86 0.052227819466689224 0.05384007949756271 0.09474440367345051 0.07768074941632042 0.007027448563442961 0.09694068069292167 0.04448479136534922 0.025665322442358723 0.07485688719608107 0.0799434059117711 0.03362007277977823 0.057531160423172384 0.03978463320680914 0.05999455440824267 0.08639715028518705 0.006213021663430756 0.006496773260690791 0.0705156579961344 0.017220861014181525 0.014814526736425694
87 0.04488685021321249 0.051970624487523154 0.020134079458027795 0.06584441133117691 0.06066319035134352 0.07885607290452454 0.03922893069035957 0.07788481916194413 0.08008071976303821 0.03617222044982291 0.06940225051239682 0.0691902104241804 0.04704513599076317 0.024515352673041252 0.015423866674877886 0.03677492990559992 0.049604699375133295 0.07147987453491753 0.030255157119051752 0.030586603979064958
88 0.036322715715597635 0.008209144760202377 0.08923777061289014 0.05499817457683704 0.07645024030228345 0.006150892339564983 0.006294820980677335 0.007233940182805955 0.056562161385539746 0.021067135253432838 0.03105569780905076 0.07055555774954987 0.055585632903710436 0.07743261144951627 0.09299457337634157 0.08165105699967401 0.09350342187493801 0.005705285095732117 0.06784157982539663 0.06114758680625867
89 0.010555266582891576 0.01786183030780402 0.015583715793353528 0.08530179618094985 0.02319173031353352 0.06790022199800683 0.01927234622184194 0.09548058874461111 0.08715557568320692 0.0878324299039144 0.061008062510804095 0.09728709540922306 0.11167608123974758 0.07840971021653406 0.031442142858483714 0.027164186915604863 0.024257048492105727 0.022191726630078686 0.006756912948284632 0.02967153104901976
90 0.043280942974355134 0.013561523957635508 0.05244062621376478 0.08558614620733164 0.08219085717082932 0.08847385604676596 0.05203819529983429 0.07908260840662504 0.05192061913014195 0.03670331171117993 0.06708207539434141 0.014706894930149478 0.01797857243208002 0.0107042022015491 0.03549440594935726 0.050358108155726465 0.09404518992523427 0.03498670473207499 0.007520175048981791 0.0818449841120416
91 0.04941660359826897 0.07956165027932174 0.009190993100032496 0.08240481889492417 0.0657059624439497 0.06744061738166134 0.04237906794578437 0.027347598774808163 0.07443724669057092 0.08486491676182573 0.01916592810385305 0.051876090024756544 0.07372658825602699 0.03330349013654164 0.011129367617794364 0.08087276699939758 0.02882827540712568 0.041701412361311634 0.014493767533970229 0.06215283768807443
92 0.0793637369664525 0.026479211499958324 0.06164665608627689 0.02187343243145269 0.058391514061103995 0.04472704346261085 0.06346162454081862 0.06311818757529733 0.059301248393293274 0.07553112784785102 0.0008843461856622597 0.06691143250064777 0.06205283245409601 0.05949174799646272 0.02281566230218244 0.004189008608220399 0.07254919937897998 0.08206288677048405 0.007751458674694464 0.0673976422634546
93 0.039586694152738654 0.08243111977664799 0.0804787586704755 0.014141225580120568 0.05985386071886623 0.06474971974913411 0.06165639812745887 0.0431558065411359 0.04532495119338726 0.06940389377322623 0.02249784707449997 0.03914284256911512 0.03083671296922765 0.07026546238901392 0.03147390630664399 0.02772660574079819 0.062074526966334205 0.04204098574486912 0.03672983390161197 0.07642884805469438
94 0.039720668677274786 0.005876218295393535 0.04380360258574883 0.11740894586751918 0.07357715597406181 0.09206931612170502 0.05738217986236369 0.010282316846157121 0.03388483599322825 0.11274949480452627 0.017642090946426377 0.10695138125833298 0.03982163550700909 0.02213749606259322 0.11783341482218408 0.061556131105675815 0.01842979299841404 0.004537038082425542 0.0030544358728625074 0.021281848316097977
95 0.06398500010159505 0.013185639659848319 0.037311209393477617 0.04645078075442957 0.08034009169839908 0.054997330022024796 0.06799834309714335 0.005244553969141777 0.07571039846477819 0.006337186523024496 0.018500633729824568 0.033876338664325614 0.10434840019770358 0.02256687033093186 0.032306885035002245 0.0959431789076069 0.008781743277039662 0.0664304048272919 0.050307200951441464 0.11537781039497001
96 0.040084796676341725 0.05477658609707242 0.027574796720309425 0.03985103329590544 0.08369779187760995 0.009610208028458479 0.025846396338008372 0.0732653441868589 0.0906617434888979 0.09056005158400685 0.00270125874746709 0.005407925503386278 0.0859589404644556 0.06300043914932664 0.05797937172949055 0.0952310744169977 0.044943248623328005 0.0364476766653972 0.05441776202727449 0.017983554379407178
