0 0.05799053745090306 0.011900445116255516 0.03218767905007657 0.09521746252488951 0.08907172742984566 0.02597778608613652 0.0859603874189332 0.08613691937567808 0.023448261450715144 0.022360433091112575 0.0650655235577298 0.06341379990186327 0.014974431515333318 0.033127472559770034 0.036466895103022375 0.07242429393972487 0.03781707340425825 0.07547548767368197 0.011961887999130259 0.059021495350940194
1 0.04111700537874758 0.031563762680595235 0.07424524901855498 0.06336526796677852 0.05228264382387499 0.04767967270333343 0.017889690580033108 0.024846277215774298 0.05780522870062381 0.0794698787369101 0.06463404297495617 0.07279478119876069 0.06331741680265925 0.027736177528393607 0.023521068609436483 0.029160895495926823 0.07340007358379154 0.03674030250609339 0.04044401519414427 0.07798654930061184
2 0.035559577422731185 0.04686550782619057 0.016070593186015326 0.08700509880655379 0.04583432442977821 0.01666500818154724 0.0510574204582126 0.06390073738156325 0.07225424760658067 0.0780659515148863 0.06728979543215002 0.03184917467099594 0.0039812308294594045 0.03854249117773227 0.0667947803628784 0.0030071077771851346 0.08274984440494426 0.0721286518259438 0.05247381471782422 0.06790464198682748
3 0.034528384623275676 0.09267029715913866 0.010951728662620175 0.0853347052363986 0.01676684060222873 0.09614889594970666 0.04075045229474551 0.022956047484147445 0.060192612039184766 0.0005734469496102197 0.09899959657027048 0.09101877278920924 0.041265978397738774 0.0732445909949821 0.0350027493636367 0.05953126827029432 0.01239684841957466 0.09690138171539359 0.018784082795604545 0.011981319682239092
4 0.0347673263225394 0.09212710891073546 0.033998627300850015 0.07306925376150016 0.042840238611249595 0.04960679608043325 0.022144058843539243 0.09377229522925207 0.08330829539146731 0.029686315570584407 0.021307679302328734 0.05703225503870177 0.06650056034559988 0.02613462186658636 0.04861646525224224 0.05213296490596657 0.03349587692337234 0.07312847553582366 0.002017104769119121 0.06431368003810846
5 0.04213900288568645 0.0995009523625827 0.0060899332700383715 0.01839574295806389 0.008710626316934885 0.06297813282088112 0.041133016620254995 0.07910106871519135 0.07707170632805115 0.01351959491775751 0.08430125693353083 0.0439936772257428 0.09686341275744059 0.01678139671679522 0.04270020965028949 0.03498613866954957 0.10059172125568609 0.055113054959536764 0.04441098806389452 0.03161836657209162
6 0.04858785253178751 0.08719111550239633 0.0072757905630463655 0.05355669739058708 0.0664023463905024 0.0284838104091502 0.08361074814282096 0.01889101129765563 0.02068006401008688 0.08445463510195499 0.06553139237774301 0.05433587177609645 0.001965385034441976 0.02895508156772573 0.05851560826274168 0.04990944377264332 0.05638271086018432 0.07608386947109307 0.03413446192911122 0.07505210360823075
7 0.08245122285604062 0.005087568236325723 0.0637380903016607 0.07195820892539463 0.00281840845951073 0.06144598342091056 0.024654191102697058 0.0017517362444383186 0.062115265680650136 0.08414484666127463 0.04935517739414493 0.03854249798270879 0.0909929889866231 0.06623296288103901 0.01444831579469613 0.07451808725867932 0.050945779488145514 0.019224405284838895 0.0883628391931808 0.047211423847040454
8 0.0643446069730764 0.04327547020725912 0.07004756096542389 0.06674216944749367 0.07068479975656453 0.04106571128356465 0.06520437369093028 0.02690398535970577 0.07288635244258132 0.06671962150878706 0.01652178045498248 0.06108020160958 0.05614861239664363 0.06883159601361707 0.02733619178590553 0.03206888617431267 0.01079721128696426 0.006770276211015591 0.055039942478820617 0.0775306499527715
9 0.07596184711408757 0.0951529564232438 0.028467375304425238 0.038049112784192436 0.07582088328798758 0.04718574819598759 0.04707125141802419 0.011249411900779856 0.04411283847784328 0.06990991295004646 0.0796543944788893 0.0375880638863523 0.06201417277408179 0.011288593661427256 0.08798896723066134 0.025414089552445607 0.05951174555142243 0.03024298639945288 0.013467356766067657 0.05984829184258143
10 0.058627228117013104 0.01368130196367652 0.004397270512054135 0.016939711023410818 0.020151376135965047 0.07815665197397538 0.042733209700877836 0.0021485266027540524 0.07859599761236212 0.0594774133308247 0.07676352755822075 0.01352566142196781 0.0974566529730393 0.04838914022218273 0.09959936875377265 0.05774387814612715 0.03722166121650778 0.07220904550793912 0.0130938560154415 0.10908852121188777
11 0.03426110479159154 0.022055460160110844 0.03402641709560675 0.03954979926002954 0.009785317056885682 0.04065847688715697 0.035442423810025575 0.10592418879838143 0.031449293067372805 0.03440790708487238 0.08265831797239427 0.04556964931848895 0.04822886073186183 0.00287357636168812 0.12397810350739065 0.046387518887108806 0.036573727687577384 0.04078822175663475 0.10068860355210377 0.08469303221271794
12 0.08785087023567026 0.005201116773772094 0.007877570625516217 0.025964232795882742 0.07502986978639511 0.039279175422985334 0.011795646082083276 0.002760797601024777 0.04023831104695109 0.09471935846478098 0.08607252699728733 0.024414408261005962 0.08638115734299236 0.05648755819375101 0.0896621101916154 0.04773280603517156 0.041746705955875305 0.0024844813957235544 0.11059948517352554 0.0637018116179901
13 0.0034604201971337512 0.02828529272679899 0.0053326352323663185 0.07641155430462238 0.036851137066382766 0.003597013009861973 0.09093657327989296 0.0010639395430470167 0.0965408756423152 0.09113870186910247 0.05012279193368619 0.07193239473726305 0.045329832793477694 0.08007082868976759 0.03382439780778929 0.06021931345426381 0.06216544168858525 0.06415732845357704 0.05370079007859602 0.044858737491470395
14 0.046697747039076844 0.030847941576515506 0.05195601097978158 0.06124997018300264 0.06688196189638697 0.04133736719567889 0.0810937468816409 0.022384267688821475 0.06725636281285724 0.06520202462872282 0.06257642919026317 0.06816957838198365 0.019544506320521945 0.05165298740524921 0.04289686249975458 0.0502474834297552 0.037477232986453675 0.03334844612938001 0.05794718347315675 0.041231889300997054
15 0.04770810046530908 0.051342844996037175 0.02528203227429793 0.036833120579310354 0.06086118874890127 0.0742751826989849 0.04673793570729478 0.07352336566173706 0.05632556478403421 0.02326281871609986 0.05500587958442991 0.021500154848201773 0.03747979850751902 0.0732804589961456 0.06428210422580771 0.07178618794121575 0.0317895749585148 0.06994619836280559 0.04309892935135605 0.03567855859199717
16 0.10972705819427751 0.04014061289625284 0.06609787718678642 0.023985827215939646 0.08857974392177885 0.011185281428555882 0.010659001789944686 0.002075912585084718 0.078243042703399 0.03432014897509949 0.015405401956662838 0.022196771876223133 0.00994925218728921 0.0849947884505243 0.03680992937449309 0.10295578585168651 0.1077647462652792 0.014338910206900686 0.08877196677233982 0.0517979401614823
17 0.02870281117999033 0.0651369590116613 0.04929392584554559 0.055313955866109446 0.05206473382190133 0.009315880285757144 0.07728114400030414 0.012367193659308886 0.06367863871379506 0.003975036942110173 0.08361810030933453 0.05985408000103431 0.0389650622077246 0.048346170720038946 0.019923946805201993 0.0827529462471292 0.0819864083365208 0.06002142604595749 0.06367415771844935 0.04372742228212566
18 0.043233861968203634 0.00416673182946585 0.037302779830655566 0.05315318378727308 0.030256840525350406 0.044209411542014417 0.0866950819889392 0.03280453701115068 0.06253962362049742 0.07483296731130948 0.07764483424082005 0.03308457890363084 0.07921468217313098 0.013116809485140636 0.0690613984254637 0.0818723169012749 0.008759964271538728 0.07310093465034577 0.01012005580179841 0.08482940573199638
19 0.03504928483707579 0.027489541390958095 0.041524257420457254 0.06499216590917525 0.07234055504653504 0.07095748751844763 0.07142091714057748 0.014621285272202864 0.053668656062192656 0.0005026834865576148 0.07513993484646841 0.07551330454186254 0.056756220422566325 0.06968421745719507 0.06380799889394713 0.0455211770469266 0.034462618268484776 0.058096005658209965 0.018335771203495145 0.050115917576664504
20 0.010989817283505362 0.012756720861932993 0.058041491554583394 0.04389160540173025 0.0802576538278899 0.0784376599917247 0.025873994751360693 0.09357670980002664 0.057988892639450985 0.012319804734700934 0.008982559739547213 0.028552245375956596 0.011065645108291876 0.024329946929623536 0.08790719342126341 0.014814941209749029 0.06853728854469093 0.08104204557836348 0.10292191630148606 0.09771186694412194
21 0.0789097544947298 0.05156723512224203 0.07954372608507146 0.012132875694769065 0.05288404987642617 0.059304614842739634 0.010402687076065464 0.0841191154316492 0.060533107946815067 0.04965507379069402 0.012296266095904031 0.09298853207604355 0.04213308438692768 0.07715392534122704 0.04913280523135466 0.06699876067607569 0.017928591417110566 0.04178860370534977 0.020676049052663875 0.039851141656141224
22 0.08411612008335519 0.04869017557917935 0.08859408298384996 0.02913751806092584 0.03192635492160736 0.08977623531481337 0.002435644837349503 0.09561530679385741 0.10709463069504392 0.02536016483208115 0.09441905103331608 0.039182208429648535 0.049008039994720254 0.0003257742642003653 0.019478381049857284 0.011182252079243858 0.040370055451183336 0.07513669467246135 0.06034933531893156 0.00780197360437426
23 0.07627099828434465 0.04348408507364846 0.04754276445163554 0.03896328836226137 0.02670398802758142 0.08013800753028473 0.038159928367097994 0.04220237138804196 0.04331624342040438 0.014773413110389303 0.049530380098276684 0.04582453624519752 0.06750758761125474 0.049600986415790096 0.03432877239999908 0.07736333136419589 0.08405440156548799 0.03818319266579129 0.05144620182325993 0.050605521795056986
24 0.040693729110550636 0.0709706977921602 0.05383794083554598 0.0017589140440222827 0.010212436109784773 0.08528361984405565 0.047669782018294485 0.021147775769385105 0.017925709722555725 0.0603781982934195 0.07807771597846477 0.06496801987302415 0.08526955135693742 0.05468347760926322 0.07467429298585698 0.06580692896303801 0.019597748055371626 0.07623373770444165 0.03110637747941419 0.03970334645441369
25 0.03465548212052969 0.07118006565864828 0.008059395231502627 0.10288016067667698 0.0008159445979233438 0.020456404304986436 0.06623315362121188 0.03948997840958175 0.05972962021227442 0.04268553530840165 0.05259270501301401 0.06020196528705462 0.061816125326621243 0.055672939161604346 0.006459065132912922 0.07035671951862954 0.06634238290014645 0.09096362769819086 0.029889977632038628 0.05951875218805002
26 0.10181028168859597 0.052459300078373065 0.017856187171399644 0.06306514649646185 0.06900177398572681 0.004906548490667528 0.019030125545615947 0.0030541171446229628 0.0629171778972398 0.02467577303189945 0.09993710999276768 0.003649450617242166 0.016779259013992597 0.032205246490209984 0.09559678117401946 0.032671880444233074 0.10108738439435327 0.08240006923427394 0.050600971945625114 0.06629541516267962
27 0.07972991935880448 0.08062181031383586 0.003982334937602537 0.025324875187003573 0.0800201392616775 0.11376212852875243 0.012002134233333317 0.05149336771579917 0.01988569765521867 0.015312479307311274 0.007612169287901022 0.032997481775445696 0.007551826147090687 0.008444560914790277 0.12153961965530079 0.033815488461863226 0.04336589141959155 0.11579945834184188 0.11469096363010317 0.03204765386673299
28 0.08642487052059371 0.0016244084430210091 0.015241198214921935 0.07675319691334187 0.08464631735964956 0.03376487833103435 0.06575334854202176 0.05639993715493512 0.008987530534318161 0.07927552612525961 0.01855539098386667 0.026804344554685677 0.03112221015161319 0.019580715290264814 0.03631735944153953 0.07141671970713959 0.08689233240713894 0.0738298766980126 0.05770374805408928 0.06890609057255252
29 0.0796806233611522 0.06988345946993417 0.04603771238354773 0.02785936870291082 0.04685509422106657 0.08362628446002897 0.07263804275341113 0.06801534913670294 0.047850808506263436 0.020146289982722942 0.05768681256555445 0.07030310581476376 0.08057300011138499 0.02864228174778876 0.05590061861498105 0.06772141454665072 0.03145156041014588 0.012467907414772635 0.011947396900945952 0.02071286889527088
30 0.06410301902189568 0.04396978481428736 0.03522786869297815 0.08938545611111766 0.06544045304933321 0.011869187502590577 0.01944266147342779 0.0029615203979856107 0.008723362988507632 0.03552209995452149 0.023516203975708087 0.07411065371296272 0.07975367534359423 0.08748176836078847 0.05714301754768647 0.08014001817321631 0.05903486658493838 0.00712078205726583 0.0681335500377437 0.08692005019945082
31 0.053331102799530385 0.08361124742731002 0.0853335741467817 0.04962940795578383 0.0851201682497912 0.04396965414624225 0.057835720051904675 0.01742087345433095 0.07567085926880954 0.035354373448624014 0.0862876100402129 0.02560639521876547 0.06265016541332473 0.071177580262229 0.013728814216544587 0.048235665082213726 0.04226003312102039 0.002684479796215131 0.018233106600033466 0.041859169300331955
32 0.06967764303211993 0.0638931554257346 0.010078648475328507 0.0941954830849033 0.07683978388422878 0.08170233467647307 0.02510739073723302 0.03900375524684289 0.0010311250303931493 0.018369460842010125 0.07842573196178074 0.038057985011320405 0.0818522684128713 0.07902924793901833 0.08121916684775612 0.0683531928019869 0.037882104479854586 0.027058467149999436 0.007890000715020528 0.020333054245124226
33 0.08167628681473404 0.04594085009210849 0.07584774652879538 0.035926563576396627 0.050082483599463 0.08971069103446347 0.0931841637996276 0.05445283730834318 0.036801408257039564 0.04980040424395751 0.010384168449780467 0.004069069523231461 0.04751212932554532 0.02199785603491649 0.06140979233555638 0.03774172563973202 0.04362844503605316 0.015395586246848862 0.058560651243707004 0.08587714090970001
34 0.010665316017539749 0.05508565082671349 0.03398957508704393 0.08745291519763512 0.0689962799156446 0.04010074875790695 0.10135015597535214 0.021396535067161264 0.09081159357449399 0.08850628737781503 0.027847838439249678 0.0017568467027869418 0.03588169083353454 0.0035515413534331964 0.0830487282204442 0.048937281841148594 0.041712277410193906 0.0046480905898014 0.09209473588278513 0.062165910929316365
35 0.08337673384373438 0.06441509051649306 0.022844337254802533 0.0475296335640356 0.06260934900192491 0.0016499693352364229 0.026514481862362 0.03665916333229788 0.013520493391459668 0.08008737138279162 0.038601447281621466 0.0007090413368497472 0.059469270199161005 0.009574134624406613 0.025736680264971997 0.08979644698440246 0.08831125221571388 0.10021963932005604 0.0601384177324213 0.08823704655525735
36 0.047921521662479274 0.06191772907780042 0.06352558740843271 0.05025001920755184 0.04530894759523444 0.026745349934095518 0.013212572640437818 0.052883655093109716 0.04542833794774593 0.06671291065449503 0.05867861430914301 0.003593115867515192 0.06418006305110521 0.07679157849285283 0.07065947193959647 0.05936951635828032 0.05353371924619617 0.05579045403429759 0.07207759123023372 0.011419244249396722
37 0.017197083897179485 0.020505794101597086 0.11954217755590081 0.043942386413645125 0.06815002801966479 0.058464577893954026 0.05972140908002443 0.11901998775931433 0.03610552338242734 0.0005340511033286796 1.8511327211482793e-05 0.07373746231737753 0.025121658958786642 0.04088121404517739 0.040904002875578736 0.11123661725961013 0.05035759077767933 0.023474321135813932 0.021845143795407876 0.06924045830032084
38 0.07109521781189196 0.04365746807710137 0.031317203023230725 0.01934417627527767 0.017999282464844415 0.0306959102966846 0.04919018111490021 0.06649552935187825 0.0715226523152594 0.059637377445784845 0.06077503275001981 0.043011998309350055 0.0667913873145223 0.07049613383805077 0.07077104444532906 0.005391441750239292 0.063742256744902 0.00637685321817597 0.06588271654926826 0.08580613690328885
39 0.01828715617112116 0.021902714664937813 0.0673837171030306 0.005549852070155053 0.04898880812277329 0.03324284378645603 0.07239078658152225 0.08956617276646134 0.03342767988178922 0.0446608309183473 0.032444146447793115 0.04677491995166254 0.04605017040132934 0.06015731575592693 0.05398507562300926 0.02474978286103982 0.0496813057747854 0.09056114379181088 0.08136633468966248 0.07882924263638628
40 0.08822916007690919 0.0020552776417483644 0.06777324025869558 0.0013944176340382126 0.0448402052370602 0.07378276548975203 0.006287176771124662 0.08778116450256647 0.08336102144455254 0.08986016651981193 0.062894481180779 0.06736149102377528 0.02177056331117463 0.022157647863629976 0.092347192586787 0.03592502168239057 0.011798722698781676 0.03892126852724932 0.039438407175146954 0.06202060837402605
41 0.06903908584719709 0.0828620960883314 0.08232495062355691 0.02317794015876217 0.06396279887996931 0.08053082354957607 0.00023003071081373116 0.04952917543209066 0.026167849456333863 0.07208344837080025 0.014585540905467282 0.05518819122295985 0.07378499473767695 0.07880535462168961 0.07724339744068241 0.0001269123859281875 0.034262663038985654 0.0446655351598078 0.03541627485933673 0.03601293651003403
42 0.06047053336933242 0.11559414942243475 0.07630246487206518 0.11389467589391211 0.10137065796483627 0.015650002103455227 0.03087567690570447 0.009961170945959903 0.09045812626772383 0.05153797593284662 0.009041554142384008 0.014193034584278308 0.1065194674662397 0.015377074178846307 0.031095466670657795 0.00854989646287825 0.019883033023193466 0.023436015242036392 0.04593239537393286 0.059856629177282294
43 0.04097051541262792 0.037063634221172106 0.03886910702459353 0.09201118522763083 0.04183122225785541 0.04199943775234063 0.0833525703075315 0.0967747877401057 0.02297354939084107 0.05101107865572144 0.015885558345050173 0.0324213461170761 0.05751212464135342 0.03791191311075032 0.0906238852056793 0.10527565707203519 0.007233482627500086 0.041027584312066635 0.02573766724740812 0.03951369333066047
44 0.07868397496430833 0.059750058524352286 0.018994953681209296 0.06102048932966965 0.03661794204486929 0.040483143369567945 0.04632312769875226 0.03963722994439792 0.05534054810393112 0.0384757199573409 0.0001494306504598524 0.07043221724570972 0.05640318083837297 0.04925474137444778 0.04720670846258012 0.028704973132682436 0.07649395636234325 0.037652982110803875 0.0766315318478929 0.08174309035630804
45 0.012416771741974812 0.04290476669135119 0.07822038145604666 0.08659625388628639 0.05704108810730886 0.05732992150534237 0.06349904512359998 0.006493713806408738 0.0626701991402722 0.012550959232911682 0.052141280205959026 0.053312257803938 0.08552412301523156 0.07382380166837531 0.03833094791717961 0.019115148801400507 0.051194780185811764 0.08227639957578133 0.05585508228603188 0.008703077848788486
46 0.05251282682444356 0.07979452894605008 0.068010121699328 0.03205188356013232 0.06373643263297532 0.06425088600873641 0.05599168529072244 0.09489084029269584 0.0483458764872931 0.06149060825919676 0.07576161512216328 0.08273224444496698 0.010335153319379477 0.03538681707273371 0.03514920992336327 0.016847979915307395 0.0022699336063398165 0.005862509188883567 0.04025117667610952 0.07432767072917916
47 0.054737597718117835 0.06982008191924385 0.026440850361837992 0.03519361029840902 0.06165769869103687 0.06023359608938905 0.07323461999786472 0.04839716675981989 0.0719789498183927 0.06478735354629073 0.0655993355289079 0.0051665212438739665 0.005688946343286813 0.07282191755529545 0.044808804800576384 0.07732700446679422 0.012365055808855566 0.08279939354226462 0.014306894663042817 0.05263460084669974
48 0.05015684548970755 0.06356489215551586 0.05843963251597342 0.06588439491523289 0.07660153104068655 0.00190642628135695 0.04550818910659594 0.02448818943288671 0.02387760560433302 0.09511229246005863 0.04048144003496164 0.07314587751102568 0.09652796277471312 0.02888114138029433 0.02002206909907371 0.08761208355034736 0.04797848286603259 0.036675606563927494 0.054168540316814874 0.008966796900461822
49 0.051492029198087916 0.07939139525418004 0.053034736951993025 0.0822389121146592 0.017382143186119834 0.09051414995395327 0.08286735689117777 0.03155567241802458 0.02134152000142966 0.0570048714525371 0.019561849963589357 0.0505514262000889 0.07801676144073906 0.08786659496551792 0.010432000382672937 0.03569979085428154 0.04473740648448085 0.042628047943428116 0.02485721457698729 0.03882611976605166
50 0.07255528882056306 0.014225594376401725 0.0006431756432655274 0.06452297043234763 0.010163529307834374 0.040980117037471196 0.024112903322796517 0.08209483476725664 0.022113828009801308 0.06995720502764463 0.048258372855060766 0.08113125028080675 0.07952198181486024 0.07596406853685117 0.052789068711422305 0.0633726589583963 0.06130267308457437 0.002992670275992701 0.06112708713391034 0.07217072160274246
51 0.022268861767822827 0.04627743380566854 0.06566070340781224 0.050195924486467015 0.01200164795339023 0.09189474867474608 0.09775281876250821 0.06915845975674903 0.09266217550997691 0.07436549061407347 0.01128929103863553 0.0432469106026654 0.045144966966416164 0.03177915638717537 0.008163612844578984 0.03912698448590968 0.054687416470546306 0.044013254251301884 0.05778242384826462 0.042527718365291484
52 0.07638194035455044 0.08510257952905018 0.09032806105908264 0.07755937459577335 0.057840498145436764 0.026983929004004897 0.054522720641490975 0.05193051447849267 0.002015429407829179 0.0244789543674354 0.08285734635307578 0.02933159099585248 0.0069565305940156585 0.03545387208578334 0.004021076249809969 0.054498165128266815 0.08102635404183103 0.08133837544097287 0.03582404334796325 0.04154864417928229
53 0.0060978801531896415 0.07325581150309363 0.06593270874330805 0.004186333544095964 0.0038543621183239948 0.03396074470012706 0.09216721359836538 0.06614307067061488 0.03913391624929637 0.0651066635355638 0.06705663651157173 0.09128437505544543 0.06580920287623256 0.05594616491283285 0.006062996348996012 0.07985699991817781 0.08618057378898401 0.058562794390565796 0.0361718923936405 0.0032296589875747935
54 0.08813170160339218 0.0696688745797177 0.09340964772908157 0.06717700307182276 0.029260945323920633 0.06164635262816549 0.005583118417022434 0.040081679449693534 0.034496400320347516 0.027003982981155788 0.05146663517809684 0.051598195198340274 0.007727125301230882 0.017975079028362078 0.039510012570781405 0.0407159995102788 0.0512414011592432 0.07541566669814471 0.06887853939198696 0.07901163985921524
55 0.08359190721720484 0.04869567999934949 0.022634746939779557 0.0128086146936172 0.08359961381559666 0.0758415404177391 0.041803436682144195 0.035068107259330454 0.027096718370694165 0.045910664367531356 0.04627379786703244 0.031174160906756967 0.07176185365727253 0.0380096522067027 0.012365192731246415 0.08174454089348476 0.07164195843679406 0.059282596071638785 0.05935216411211845 0.05134305335396595
56 0.05969573365569296 0.047929587138556 0.0699385473365857 0.030333494966646727 0.0035928099892603193 0.0927137974324926 0.05393330892630812 0.07738738428655736 0.0783648095978047 0.0856118478381798 0.017360250817099215 0.06905922362418485 0.04798097702444902 0.02245983129517906 0.019260213906377506 0.046796578668448274 0.051325882532583286 0.00965913558578104 0.03538411584334536 0.08121246953446805
57 0.014001504860323623 0.04869113928245733 0.04109902331207635 0.025783076314653926 0.015662715937400293 0.0024373796721304055 0.05097647579144779 0.00738546245116076 0.06278193959681994 0.033464886416755185 0.09784013176376871 0.032600713223262016 0.0546330999824025 0.09000581132626569 0.037999289732476786 0.0799095067226658 0.09364080649002059 0.050474268587059425 0.09555477704153956 0.06505799149531342
58 0.07951031732000395 0.043355838905263594 0.029647398005861917 0.0170593867340176 0.005016382652703971 0.10887577413188426 0.0636962780274072 0.02640019263664958 0.025120549932605693 0.10720770461931618 0.10209699138777271 0.020637446333299336 0.03587182374990652 0.08794909558604622 0.04724483326649601 0.035667484998339834 0.057336025727127315 0.05898598533445085 0.02276600344495613 0.02555448720589132
59 0.042354551235895335 0.033834161233050185 0.06337077892721522 0.028740805093332822 0.03145317351060382 0.02667251555025395 0.02145356173645689 0.03808608623953741 0.07355553802542461 0.08513866968563434 0.003951154900401877 0.09895521895449996 0.05011105918890253 0.07131238518485478 0.062425360947082696 0.07637448548880468 0.0076234756492740705 0.048407080839602344 0.055335219849927175 0.08084471775924525
60 0.08660792849908819 0.024939174470539217 0.05294377276205965 0.08904592376113442 0.0797530909334086 0.02498754027039983 0.09158162884685192 0.029997971984215648 0.014668570937340236 0.059040831244674186 0.07056916447722754 0.09327540030173619 0.0933241688767986 0.007957176425543904 0.050965070989820734 0.025965123072226638 0.006263351537455542 0.024582128591521077 0.010969702234747409 0.0625622797832104
61 0.07288965348234439 0.06638694411515031 0.026935600367876174 0.004939412423782044 0.06402637768416226 0.02026778905522516 0.03869928440447964 0.07483020879103588 0.043232189984572233 0.06843626211193161 0.07077963561784788 0.05936739588604262 0.04814786707266772 0.05256040293546228 0.07261763997252631 0.004482537226925185 0.03807379525048296 0.08368187882892292 0.013836616198370498 0.07580850859019216
62 0.07540079305982747 0.055606082845934324 0.050996411706185095 0.015074293979006038 0.09535632150142845 0.08692047461055583 0.014024855594634912 0.06499284841180959 0.04871036698551538 0.020670319951435232 0.01018562121611003 0.02416363318613254 0.06767276690317964 0.09429919886418214 0.06386695903509296 0.05094901513248305 0.0012262699407982367 0.06811356425225884 0.02052092461525319 0.07124927820817681
63 0.08162466627005789 0.04496107897684037 0.030203163021595664 0.00035043672953170477 0.06960110130174645 0.07018487772388986 0.06680405145170255 0.017975266331652758 0.0491844141043633 0.04726842844016756 0.05030112575548863 0.06890970903846222 0.07772804273067634 0.0021344500160146193 0.049970155198955736 0.04240946592463913 0.009996695583942944 0.08027923877390443 0.07671396187036662 0.06339967075600116
64 0.056755263753695585 0.09262672351655961 0.08068594638087447 0.08362440134938337 0.0007359680599489346 0.004574071358614712 0.0653458071596411 0.08001638494477033 0.050943433143605055 0.05548389000141099 0.08704034332935617 0.07267827801343114 0.052876782667776935 0.06005531658830431 0.00029108238328616405 0.011262281063483297 0.050495570925913565 0.004858643404329132 0.001253701662097309 0.08839611029351777
65 0.07761334854115698 0.02629763457498928 0.08348637394622978 0.06876266854896905 0.021567071011712867 0.03874864800484688 0.09123076963231613 0.049285789651004094 0.06115338804624029 0.01259148158959593 0.05884947957899223 0.019899985771697437 0.08258492545142926 0.0374836667187892 0.07586988048138983 0.008062986323664766 0.035598407437911324 0.07609365902790613 0.04340096151271114 0.03141887414844716
66 0.08806614919968421 0.10852852096122088 0.0867027353350496 0.04544860446711402 0.0016725250970792663 0.037204113915612895 8.180876305379863e-05 0.10183535212296466 0.0022590989795942796 0.02077912059020614 0.03499939526870032 0.10007923943667431 0.025982449885528065 0.07137424726280919 0.03349516294437099 0.06854756920727342 0.05676728884615421 0.03699971642285032 0.06172070005128299 0.017456201242776276
67 0.02777406664341141 0.06843673684460902 0.0981795851992167 0.051080156360370034 0.02285069377244166 0.016263330938773576 0.02915144564427098 0.014624047774948743 0.03750696043791576 0.001579351312338552 0.05706637381563957 0.06744846490492012 0.07392780934162342 0.02449879224891872 0.05695473053487031 0.11239232512390573 0.004503921755697732 0.1038907448419529 0.0742630652093845 0.057607397294790495
68 0.03657937807208875 0.06521213635034669 0.0397378458591212 0.03405380820217272 0.06990550649962131 0.02617762179733551 0.06207341553309223 0.04382568278579504 0.040552759184007664 0.0700866373025199 0.0758971140195973 0.08000688784605849 0.047922798347245006 0.047581233638055095 0.050638715386496815 0.019219497902090318 0.0716307864899605 0.06863977957627501 0.03248128598897699 0.017777109219143373
69 0.0365346551430815 0.09606505602443445 0.006049155839127286 0.04178753607779821 0.029240187300047297 0.10146208106960253 0.04905360138472511 0.010501842177468624 0.07759841482504892 0.015602693282073272 0.0421072037312413 0.08263074817028324 0.08465785552718685 0.0859104027117781 0.023403650245678517 0.05621588304413944 0.02850344116530031 0.04395828455979517 0.07073648049358623 0.017980827227603736
70 0.0751917038897663 0.07547853736095972 0.049200306013906805 0.06104305382452857 0.04820769572270625 0.02329442714505205 0.07420468802150772 0.0406722050273938 0.08345344712296197 0.04392676888025455 0.10942358807166046 0.09507777260080595 0.00760548431186404 0.008250558453605575 0.03539589676527355 0.007963118126400978 0.023244195208499453 0.036723605743963265 0.08880474285852392 0.012838204850364814
71 0.046157184872413215 0.04829730953591851 0.07475016659410848 0.06280247537311147 0.025668058598095594 0.03693820049489877 0.04377747943186784 0.0020846713510482722 0.04744010750812267 0.067180698389205 0.06887495608969285 0.021628923861597874 0.020986598903359972 0.10238508824299021 0.04883382716156563 0.08641109670389448 0.06844523324536528 0.03811942025268603 0.07275883150985718 0.0164596718802003
72 0.009201779862019246 0.09423127912878582 0.08744725037072873 0.04355721104183984 0.012228999602813463 0.048083107200018994 0.09317279402909148 0.02999245883833188 0.011717444766214537 0.07278134272273264 0.06447773072388335 0.06599820131503434 0.05428702327022956 0.09355299739849472 0.04824467413836096 0.04967821050562453 0.0013495557474278825 0.00500386469840465 0.07034493210055874 0.044649142539404704
73 0.018454176528019964 0.03340480938306328 0.04660265321463648 0.05858862041291533 0.0009262160463175367 0.08504446054463846 0.012036555202974107 0.02973257804748631 0.026530494363064556 0.07190460842731694 0.07046097260121192 0.06382778526420105 0.0154193293256381 0.020936101821512086 0.024592577182928316 0.08189100461731541 0.09776913383541991 0.10696922669588065 0.09144924411998975 0.04345945236546975
74 0.06552960764944206 0.04752239654614781 0.06512133233908579 0.05621669518730495 0.014704708421752819 0.005717075625879259 0.09861518844061679 0.013257012486265252 0.022905810871573094 0.028556503736580956 0.09034403963422132 0.0480336436707767 0.038210557414165035 0.04218344208375868 0.07210778290503471 0.0832866681451113 0.0887504742409094 0.014352126072653354 0.043062468190480506 0.061522466338240274
75 0.0359546515791306 0.050396331424464175 0.09037966523885504 0.039531418535879666 0.040262639011985325 0.0811727333312019 0.06369999082999805 0.09248503364432 0.04542937594217862 0.0307410897935815 0.004240226081578792 0.03435463080223148 0.004253996847925534 0.06837541957319357 0.06380394254956308 0.0849648983669633 0.009417892462201104 0.05529976553573147 0.07659676223913993 0.02863953620987659
76 0.010607204956352105 0.04838785187366236 0.1136927928847331 0.0636699530635049 0.08561398562793364 0.001284468289701614 0.012982522583856657 0.1139756915349561 0.011979760667045175 0.009903267014528906 0.05597298476607113 0.007574021658087006 0.004681813742386617 0.10991734212889341 0.08994798557666858 0.04328998585426428 0.04855725969184288 0.045548369832667544 0.1024236496871473 0.01998908856569653
77 0.007895879981865524 0.09510229698960752 0.06643339498353083 0.08722198281876745 0.08181544163627719 0.0802216408938372 0.020787813344230216 0.020580813371895428 0.008609598668491791 0.05117457768061207 0.005015140812678859 0.04215343580486491 0.018931241221834663 0.12146986121417133 0.017395699947522526 0.019283772098039356 0.08071850309629319 0.05861789913763747 0.020094048367769145 0.09647695793007327
78 0.10298298957446952 0.028663254095037623 0.0875876017943804 0.06964044491911282 0.011885937841603203 0.011780702075253512 0.06393038830715483 0.02341241409208202 0.031322950589292124 0.05776075191829618 0.005572173570218356 0.047419565798310824 0.06965279013319503 0.007557978481026206 0.02702561038591533 0.07175955864835297 0.10836370596316862 0.08126353254692913 0.06060508496860072 0.03181256429760066
79 0.0900128697959556 0.057538480520863584 0.017420915665527347 0.0572529515809383 0.03763210574864194 0.028674601167526476 0.060487585733243206 0.07381451037437373 0.01248079012212419 0.007892710240907808 0.07538647288039231 0.051138998036347194 0.08408059451111541 0.058378627645469486 0.04758812019720348 0.0628211783029877 0.05576004604846427 0.00720228563631687 0.06525050348095245 0.04918565231064872
80 0.05204038182548797 0.05552229977657769 0.08483277739951543 0.0035793199312541906 0.07374132860532312 0.07433429332943436 0.059237332583170536 0.05944120979520001 0.027478909785358017 0.06198712776583374 0.03933520386218885 0.04961149374475295 0.014320917747429582 0.07096979265156092 0.07895245754479495 0.016378263207196424 0.013549824332092638 0.08993916984780284 0.06688392098001858 0.007863975285006956
81 0.07611484785832645 0.02051451102666664 0.03691542909924253 0.07518921364868202 0.061023546040580266 0.06328397840626888 0.06446760494275106 0.07029474681291073 0.02531352560093388 0.05653061518736615 0.004489663854396584 0.05600026699180303 0.04966458368655055 0.04199087124480555 0.07202674054842832 0.00853959807340184 0.06870914416753582 0.06970404665076425 0.06699781558570443 0.012229250572881014
82 0.0398557296389143 0.04012183129491602 0.05220600942079383 0.06203487577579659 0.06992411078674944 0.07946404482733035 0.053573527479735275 0.02778201014085939 0.05577349838882265 0.06648657080035152 0.043232582785369 0.0386610072552583 0.07781566679049212 0.047741805461513256 0.023178356607205162 0.0684393995478937 0.05564166578858957 2.9844362463246027e-05 0.02690415969762187 0.07113330314932431
83 0.018272722183345247 0.03158626216447804 0.07518549890472478 0.08387429636427506 0.054056323235733186 0.08177793957178087 0.07764049126433238 0.008861600625804359 0.04164792601800082 0.010715039317036771 0.0909792663472827 0.062138715652196065 0.004188020716602638 0.017507443799060645 0.06730243863385231 0.03343839328733813 0.04652734580468648 0.06858442424505086 0.04239786736415255 0.08331798450026619
84 0.05106123848535099 0.03092430887242126 0.027592455384271387 0.10124168550161293 0.024431785777823574 0.0333868235572709 0.04563979458502149 0.04202517494293594 0.06966861632617986 0.07253977001747092 0.017927114854929437 0.032732782862437894 0.0640842463820545 0.09091883694835229 0.09502737286588726 0.06906967398665145 0.05718183757895161 0.016243501639936552 0.03263008738973228 0.025672892040707433
85 0.08620772066936222 0.0788550711030402 0.06106285969112204 0.053447394278327745 0.0321699135350338 0.04814493151710324 0.012686474766984956 0.0018140790897123098 0.027448763261200413 0.05750643495885924 0.01287178613822114 0.02685269741324188 0.08362991287010207 0.08234062338875815 0.07164030023964174 0.03348507161552267 0.06864302750795953 0.09195514261240713 0.02859132738737649 0.04064646795602305
86 0.07601186838494162 0.05657710154125271 0.0506783771240874 0.04281851876511094 0.014579550661408704 0.10404981584606084 0.0004144768882519896 0.00763770647469632 0.027282144958383808 0.08427402703805555 0.051803868403778396 0.025082214634197086 0.0797727190176616 0.08584263945309907 0.043887665565014986 0.0887113950489253 0.047835258426452136 0.03796736908549089 0.04601366196540583 0.02875962071772483
87 0.025709930445160546 0.04820150964243037 0.08269385755640096 0.013938888965196742 0.024904095157426514 0.014176311487820096 0.07915389587749025 0.047223322592398365 0.024087351482754395 0.04807225595856624 0.07263240674005188 0.01316248841861626 0.07420474692235712 0.051212341810787806 0.08038294131379385 0.06316150180680455 0.0803401041434181 0.006799800013095403 0.09118447205415976 0.05875777761127079
88 0.0735020261338913 0.0028130099250997416 0.07777355422159153 0.01280838138272075 0.07093500115369923 0.005978190899051823 0.06818775534676749 0.03277505098299399 0.06845406593296463 0.009961209789284796 0.0901336207832474 0.08988652169056184 0.05411864826117221 0.08097201733112938 0.014325578493506061 0.03597662966565606 0.037509505145441206 0.0291305580664449 0.0793641988930839 0.06539447590169192
89 0.04162848016522099 0.01625315189343788 0.07940761337211995 0.00768470089137055 0.09475781342163479 0.08634761962721003 0.09755068840692412 0.006997993021928379 0.058491530544837474 0.05379813391322498 0.06236418042585304 0.0858944686383715 0.03796841196381412 0.004908860994419406 0.0003000661043103114 0.04521666277069586 0.0061402492536176655 0.04094901889859706 0.08672793662180645 0.08661241907060517
90 0.0707221876300559 0.036537882632936086 0.06517286264777841 0.02245711903792008 0.07916670016233367 0.021238920891586285 0.029429603469755254 0.0681700412939245 0.028735888656061092 0.07171483080659288 0.022920478564703257 0.0649128030722084 0.06661189804605519 0.07206607202111084 0.08100202150602558 0.04679584194288576 0.08043292788567126 0.034692518910880946 0.03216903029843067 0.005050370523083945
91 0.007317161694008836 0.02468496887239362 0.09779133570098134 0.006197520030623194 0.02717578102573429 0.046243253981872665 0.024235253488331564 0.03163184656362447 0.1032613740132821 0.041213898755584566 0.0258144604548208 0.026276979832876177 0.07802380246024775 0.10047997406431232 0.10383716204149648 0.10481729385479158 0.025051290501628274 0.08195428188439059 0.008003274821326109 0.035989085957673236
92 0.0710689688487408 0.015982118654861637 0.0748443953449178 0.0941645616474042 0.06671350389794342 0.0194807941268723 0.05496863477216059 0.030246450813253375 0.03620569108137031 0.051617741039252624 0.0684228026190579 0.06685694565177185 0.07155347454832627 0.06683293205717057 0.07134387182760396 0.04695443609818466 0.025622665711566555 0.015236577561881811 0.025767586482620276 0.02611584721503897
93 0.04318490410871646 0.04565615014477706 0.012252992062453847 0.06188757270817695 0.01781413293826026 0.06964827718070413 0.07624399100517204 0.0454870722829579 0.022154511203481737 0.07302572410745516 0.03948743864544328 0.07058635206285475 0.005832479173283713 0.029080269831905037 0.07897118455787873 0.07246871965816684 0.0317391546674795 0.05874542333726748 0.09941230499414389 0.04632134532942113
94 0.0865213631945603 0.0299721236587677 0.019991452957783973 0.039330837822881555 0.0015441717616674754 0.0590548368671314 0.06517832349423039 0.06230777102247682 0.07307788543924441 0.005643052071988411 0.00167114984943305 0.014544784400883345 0.07463481576985309 0.08198516677407061 0.1018560242623718 0.007476802306002222 0.021476103734284272 0.06991178301960556 0.075204491858564 0.10861705973419965
95 0.012015647386987795 0.022062446304682737 0.06371683747490328 0.061209574292124536 0.04601934233179248 0.023566144941403112 0.045990046090644755 0.07871455391364818 0.04280508640397151 0.051290230106226804 0.055603413191297 0.06157916935821525 0.07754576926803176 0.020949848765218698 0.07300245213185744 0.059484056722789815 0.08666498382475728 0.02157222235247705 0.05688742554689007 0.03932074959208049
96 0.07223096607587201 0.04028860445285734 0.013591816642095753 0.013467218446304266 0.07199653215453487 0.005638949738886652 0.02814532505261087 0.08199272252943762 0.08081705157514842 0.05037705674821269 0.030390073439400346 0.054398673544876375 0.07680766313725833 0.07308902183441841 0.028692405427388136 0.06536138275982976 0.059759454299098964 0.07380622658668187 0.006686518902220685 0.0724623366528667
97 0.027796539453533897 0.019062336957094535 0.07771412090039721 0.02285507785714068 0.04116915315721794 0.035857353565239634 0.08838078487133606 0.02253171640985123 0.030194762978947045 0.09411139107968498 0.08980855487820975 0.06245146310579359 0.04217607232691932 0.060009340512752446 0.04347912474122308 0.028114707499474707 0.0917017124712329 0.003982635741596005 0.03100508659514809 0.08759806489720681
