0 0.07018112144687608 0.006045935672262251 0.034033275852832695 0.06425787688702604 0.02815874500109478 0.06688220038541043 0.052211530123971506 0.0010465157489219295 0.025082176076855256 0.08286648565059426 0.05283032795217897 0.08005183669328551 0.049398894497706416 0.05406138307152097 0.07474859217982559 0.031631855530412964 0.0814250126680771 0.06744074319813816 0.01890552200406168 0.058739969358947465
1 0.07443785770801294 0.07611336612258052 0.06704491471715975 0.07072190209056381 0.06086405423646747 0.0040578244399821104 0.03420709995454778 0.026108204668643747 0.07213257585548871 0.0443151054913914 0.04731353447569918 0.014979127883921441 0.00010769920395771146 0.06188988545701058 0.0370505136984052 0.06812343030758523 0.07970568918349424 0.02252362351244106 0.067298848799811 0.07100474219283592
2 0.009146392901251993 0.10485054086217449 0.10204566755538363 0.01897585773536081 0.05522559763645638 0.055228546782547815 0.09102323893103383 0.05706125028206195 0.05553977340807171 0.003022233893232644 0.031835190647976824 0.0665634953362278 0.10965979887323347 0.040858644497185036 0.023044193066673702 0.030715588571456686 0.08301116565798948 0.02262986361223159 0.012967124967041284 0.026595834782408904
3 0.021486834904769502 0.06948842847814438 0.06402136669239589 0.10523491653853198 0.01615158392954833 0.05692944588436737 0.06324965719694756 0.05969596058457374 0.04412856351704761 0.12218177349875288 0.022736913864874177 0.04643279246133885 0.05948749702634224 0.0211629130817318 0.04399095619450721 0.0980181015535999 0.005592179117857051 0.00781576575629253 0.042082034502632565 0.0301123152157446
4 0.0769893940215183 0.016801140888325603 0.0408932877831799 0.07844215669106346 0.04166296094695768 0.0945881975101601 0.004925264404658089 0.004030480532835444 0.09478627182192377 0.015939863915403935 0.0695471493790267 0.07711685462247289 0.03615439927703948 0.08992495078954463 0.024585991190743145 0.09132858505169048 0.01923329558550536 0.0655739419917913 0.01330848285925771 0.04416733073690219
5 0.055536855080265554 0.04186717954225667 0.08878920959807866 0.04928641546938216 0.06898152217186015 0.01417368119660895 0.02032957408537217 0.00309129878833638 0.09269577636408999 0.03476756753640912 0.0864092439276928 0.0026417651141561714 0.09110381370166917 0.07058423843059511 0.057777059112203474 0.06815180683002553 0.050821275442828266 0.05150539552142199 0.047286051180718186 0.004200270906029567
6 0.050365605069627326 0.019194163257737932 0.09775421997032113 0.006262547400078839 0.01914723391340299 0.07089660017512629 0.015207861933601907 0.0494948659933272 0.10774916958404851 0.032675401049305296 0.04735347517058024 0.14716129575109302 0.09721203513066891 0.039342062652068466 0.01229197831272802 0.011522994831738364 0.06062454794832221 0.027078627037671922 0.06350014693889569 0.025165167879655878
7 0.06810056730219158 0.028756290625085938 0.05241282786410591 0.054274375529796734 0.025420253545754376 0.059222931180669305 0.06932669738082123 0.04941940905241631 0.039537142354377816 0.07621853247066308 0.04165622753056047 0.01907533980420275 0.06792630697662619 0.07015726535112282 0.04990386003352545 0.06811072293689659 0.02780557757183413 0.01277764981386559 0.039455455226997914 0.08044256744848578
8 0.023880368850174256 0.08126577410837856 0.04211121386367669 0.09565211079886295 0.09561464932790448 0.07109444345398298 0.005794402480505712 0.011998572829981418 0.016050903648494673 0.02203311377808662 0.06523661034090156 0.05826232720336415 0.0744904557443705 0.058114367503410494 0.04241459425811431 0.014704571518496098 0.007169007986190277 0.05578601992331121 0.08214518896554975 0.07618130341624324
9 0.06260372692870803 0.0779001580278615 0.01723505496914864 0.07761852133493222 0.0433111916408158 0.03243472993792486 0.006739468146700245 0.06354743580499353 0.04759335569686591 0.04333399027394597 0.007127518421587592 0.07305296563998916 0.09131547142574165 0.01621616253329977 0.08522309635750305 0.012266871613582572 0.03828162194348335 0.051391773526829165 0.08806463132756949 0.06474225444851751
10 0.0513599801802816 0.05979599397528503 0.07580744022323331 0.05231413682804718 0.0549702272424258 0.006046559701540592 0.007124936715898431 0.017062827838018137 0.08625117612048755 0.046097794362949474 0.011755349300633173 0.06474747436728617 0.06243563901501711 0.055609595417992735 0.08558964580493086 0.04433288121493711 0.0475206360479213 0.08557228344153253 0.0014354441421662826 0.08416997805941566
11 0.017525947327374034 0.002161135333899137 0.056916444037217385 0.08725702772301423 0.02267054073672102 0.0130347724117237 0.07945624720922016 0.04027196761183784 0.05768903797287485 0.0488475411235282 0.04730415715584803 0.050750946361586925 0.11074597102944188 0.07815018710197655 0.05108376562354994 0.03278557498891913 0.014568667425418125 0.02212659587777463 0.11728742742739136 0.04936604552068287
12 0.0421630820278762 0.056088320188208966 0.017624397874248042 0.016046080721698452 0.07183140029083315 0.02510444289680557 0.060452847175250755 0.09315578989077286 0.04406480094721642 0.03848077513553023 0.09381830000398818 0.06803429575421904 0.03163147451527179 0.0018033725520298605 0.04663054636558118 0.06916913432673319 0.0417910209329577 0.06091332487616641 0.03384297730904049 0.08735361621557133
13 0.06184054088829921 0.06306325702490151 0.03009884071383515 0.07578891125234126 0.10428313460955016 0.013868168889915076 0.06387293586585265 0.0456232666651596 0.05712306270934223 0.004386088955598653 0.08060765873673097 0.04441166446153926 0.05372256931670652 0.008413107542055334 0.020287790946819047 0.07187987905120617 0.078560489113252 0.07522970202887429 0.019180839077444257 0.027758092150576865
14 0.02528936810877947 0.08142838518131311 0.0795628252242932 0.044554281760905284 0.0033193850423209642 0.07347827474692518 0.032953852168506735 0.0397681748872628 0.0544931974124752 0.04033178836859139 0.07019790582769775 0.08477112470690144 0.08650822319414479 0.06465405158115124 0.01797979456728527 0.03188168710508428 0.021101919638751795 0.02488893147646656 0.054846675472910195 0.06799015352823341
15 0.06294863507093011 0.061023932414529365 0.01903306171199021 0.045320472420962356 0.04977867652671521 0.08108324617321001 0.033677947264313474 0.0884918800968396 0.07032754937809353 0.08820687062237718 0.09641901418754288 0.00522833842751456 0.01799353014113773 0.058278110780543464 0.06679796682124296 0.006962126948213987 0.04262121557094808 0.03747538853854974 0.04795717448960679 0.02037486241473874
16 0.040192287392891005 0.06708318376640905 0.06740523628232678 0.0429253411783259 0.02493215058644691 0.05473574937052794 0.0793274944834358 0.05859492414249892 0.08410914614185003 0.07296908619473175 0.059005317778176594 0.041115275489570016 0.0134453749979868 0.04661723149982909 0.05824230014190666 0.04401677546750636 0.01891984494857932 0.02317082678507915 0.08491358720346151 0.018278866148460252
17 0.02045487524284127 0.03813516608857964 0.05147590239433353 0.03966587446065295 0.0026262922671767388 0.04695308662105012 0.04945702662702962 0.04800748557861997 0.04394176282207778 0.06909854801969487 0.05507367443961809 0.06459018603505086 0.05152881148881988 0.08438182198296691 0.08063338342078241 0.0823252972189885 0.018339128821473524 0.06476058036577029 0.06344612727666127 0.025104968827811835
18 0.009423820246631123 0.0819571917089833 0.0469447415529737 0.05541334508295849 0.015136599710834463 0.07941592466733903 0.02461266728168719 0.048644166266316964 0.025410058795255052 0.07327111038202987 0.030433084857021217 0.07160386546889903 0.07491384302212693 0.05125041983772036 0.07195920678172608 0.0671611717297457 0.020670943629854527 0.08164312336598359 0.03454478297898998 0.035589932632923565
19 0.029529074643582242 0.032828582688414924 0.02538004822364002 0.028859405824174414 0.08064920710303573 0.08627906628404332 0.07734880262250139 0.016422410749502042 0.057419254613818124 0.09654567232081755 0.015708775359763314 0.09005612022422413 0.07097842860617408 0.01947346271269457 0.07247202482143048 0.08958227853021673 0.005576985321001017 0.08352969581759326 0.016443533716032403 0.004917169817340409
20 0.025524540984755102 0.04530585963617937 0.12994887029380636 0.03572927330336262 0.10479638910627925 0.04558993100454419 0.09175709315736164 0.023284207443003375 0.005277348553991143 0.09922572808839776 0.0774221201248091 0.033022075323278284 0.0449725756485959 0.01019746801249341 0.0019388299924802555 0.08468478290181795 0.031229602511699674 0.0300839872301595 0.003406878228779286 0.07660243845420593
21 0.09497271457232302 0.07371666456991545 0.03768306248613836 0.07847550176504851 0.01630789806529725 0.08580309204625647 0.04810090691011929 0.04475284404937096 0.04487606656183219 0.021079537694600376 0.028053875745995698 0.0742807344950872 0.0019361226454088078 0.06157213367580331 0.09463448450447781 0.07935849069255842 0.016818939794511486 0.024238387571364508 0.016059270167873785 0.057279271986017094
22 0.09480225151605985 0.09427752065165602 0.0033145909334530545 0.040756391545554535 0.06218502125011973 0.07749369311845926 0.008231580787903614 0.041437734009929915 0.031221221412915143 0.09020725381946608 0.04950945037187932 0.027393341158603084 0.03802075211572548 0.08715126430148716 0.06442068191385666 0.036303433764857194 0.007605501727265866 0.04939410938179984 0.06693121952152675 0.029342986697481477
23 0.05795359697160617 0.07732195150917251 0.05944104514241243 0.08595936585253999 0.056287790269404066 0.052638024562776255 0.013969434174253715 0.007088038745076465 0.017358603586349344 0.09070300994010164 0.02681601825697009 0.0089699116349052 0.0403091027879893 0.056597733716319897 0.06694649001775717 0.02136096776265856 0.02154955995278954 0.06783464422869917 0.0800610984209634 0.09083361246725503
24 0.10208873995478732 0.04982574336972911 0.08503213464263007 0.06563876822672574 0.04232964784490947 0.03726951237758866 0.11712501473415358 0.006985479907139594 0.07951193865832414 0.02107725442130981 0.11878934587249065 0.011210511264277433 0.05364525314985504 0.00644711030399977 0.040668996058776545 0.08633390840544396 0.03891328452367684 0.02985543808669941 0.004660982364651933 0.0025909358328309712
25 0.02833818196930828 0.02970857278274398 0.06607223898539161 0.035415595726034074 0.031135195638881605 0.04965966144760708 0.06664055317002231 0.03425557563799347 0.03215338172858846 0.07128780009548266 0.05084053759951386 0.05720487375924174 0.06384680730087888 0.06580920249463731 0.05781396276420409 0.04078441392944368 0.07284034592859405 0.0522237881835284 0.028359425872553086 0.06560988498535139
26 0.02250062804389876 0.05943279026702685 0.036145303812953805 0.00533235960056075 0.07359790087134319 0.060236730480843784 0.03011854059964839 0.0732904561624862 0.0848844207793177 0.05853176335358116 0.06613877873179516 0.04137153520787237 0.022631468610255362 0.0076117466281223215 0.08605081982160868 0.020461854009859858 0.030130405441715823 0.08670565427082316 0.046737675938365045 0.08808916736792176
27 0.05244895451443239 0.05762303452190933 0.03395991893792009 0.03881615399105063 0.005458311108828444 0.0724335345789498 0.0389808966816209 0.055743628575147225 0.01375897153673919 0.07338669577658893 0.06349646345506997 0.06528297531194595 0.06555140699637439 0.05964388039635305 0.01836548274241883 0.074532727037846 0.06959894240186634 0.05622600270684665 0.051464204855679166 0.03322781387241277
28 0.08273783130678172 0.051469123313799416 0.0888951195529527 0.022764195883206478 0.04177817185912101 0.021990874883773725 0.07286380515546768 0.0010868911828512498 0.0903100249622584 0.06720891607397295 0.08376764552268101 0.06341249683378639 0.020606556008336586 0.01810229663157933 0.07847070935586789 0.057502116063574645 0.015312293994600839 0.017240402195029574 0.06022094566073717 0.04425958355962113
29 0.028509499983430484 0.06060645796181199 0.00750288604790255 0.05933139167991765 0.0647011799965631 0.07417318263645538 0.08815479698858236 0.02538953864483647 0.05416320811818952 0.08278817010750279 0.07674508503420228 0.008782238022265361 0.06336081104820276 0.04461269899110968 0.05671667697646408 0.06924442171735198 0.06756177137386526 0.028923385591991112 0.015487736578611147 0.023244862500744125
30 0.029212422703649574 0.05335868188365762 0.048940858293794035 0.04182941651627512 0.045773073237400395 0.0797023193939315 0.03902295472994444 0.026226102295171177 0.035802519750974315 0.020591158003081415 0.06813883649572879 0.02609909436507391 0.08395368765095067 0.07861359295025551 0.07769225565713557 0.009610009401339646 0.09260526181525652 0.02719409806440189 0.05662209013687743 0.05901156665510028
31 0.04707525101867228 0.05988428801298047 0.0630615506409161 0.0018580643302766112 0.07268300030126107 0.07547117977632398 0.05838925262864273 0.08553489564816687 0.03366393423318591 0.042423955264652036 0.04665253792921707 0.03357976602801181 0.06212046925915476 0.07061688426822521 0.047798242076237576 0.03775219493679602 0.034909238787121155 0.010374781002297865 0.040625068443409795 0.07552544541445065
32 0.06337292733930106 0.07021542792055346 0.056702928998237624 0.06923553446276462 0.050943353062793524 0.02681892620219016 0.021618226449086925 0.057092097608991 0.055566519851673865 0.07699478203135653 0.01039702247609559 0.08125544746670522 0.04401259255355406 0.010777149285156822 0.03710467162986777 0.0169819293384656 0.0625040087167709 0.06306305506632864 0.049401252978499684 0.07594214656160694
33 0.08532516608349484 0.024865388229244396 0.027409920320716825 0.04778626569485207 0.026091646846179786 0.039001378193811345 0.08611694450170133 0.06940855005749764 0.08140581530994016 0.0472541189705136 0.07061527146486746 0.039924202425188036 0.04883118441532124 0.009547798429604905 0.035076494696563265 0.04201349288959611 0.07477066341519338 0.04232139977599558 0.07341127118839312 0.028823027091325008
34 0.08666077177330812 0.0688071753413194 0.011988085641340702 0.06323661788065171 0.011980474835939768 0.0283602727086522 0.009933655985625777 0.07438937774720804 0.08458340829475772 0.04648288915524663 0.053414618403745374 0.066341196571348 0.0581617862575262 0.0904314223936753 0.0016034643457753107 0.04695123952660451 0.0419271653430931 0.025984874210257147 0.05969745932994626 0.0690640442539786
35 0.03273572331461246 0.04707793654620503 0.054986585372097434 0.029413145942645404 0.07907819460684946 0.011605975398579469 0.06924853072853461 0.07406381366858236 0.04369177569249125 0.06648256627746138 0.08056681417085199 0.05620137560614102 0.028979586443364434 0.050871310980656496 0.026323781769902032 0.025594589616669276 0.07353021556055135 0.03844453194434173 0.0677028914557256 0.043400654903737394
36 0.04711963144878096 0.08703719105681251 0.022241083588670132 0.04271607543300756 0.04158172309151926 0.05457190056472978 0.009393212462476604 0.04177362252684786 0.06782554167152052 0.02488953159514332 0.0719600662594898 0.09716130865545866 0.05508276312980328 0.06894248876038318 0.014452784360450692 0.035000603460604886 0.09561544021376255 0.06176447269790823 0.00725871899629051 0.053611840026339556
37 0.03482110099784349 0.012955273166420549 0.03971324694244115 0.042289367156350816 0.0026998082273009287 0.08619221084104653 0.06943366528937897 0.04359500710827188 0.09139055693337043 0.07647373752137747 0.048604738971269656 0.0054580129206794805 0.0214652824107205 0.061173328408356716 0.048740593442035636 0.08152084258590252 0.06021191853170675 0.005257084623822905 0.09521483693581505 0.07278938698588844
38 0.01878285051524327 0.03611258606849815 0.09622654604946972 0.016416839123546863 0.00015434016408721315 0.00255661023109816 0.015189196327480085 0.03282539803421717 0.035351197924056776 0.05436774126358687 0.0950111000230272 0.06002597081030086 0.04390749878189285 0.07731276470935428 0.034169332607697604 0.07222950897476269 0.052984381533046444 0.0841255204377838 0.0859240990199014 0.08632651740094853
39 0.06703937145266566 0.04347389871430802 0.022876355834332795 0.06421176011063705 0.06040810935571242 0.01634288196709977 0.09022218477164935 0.0822506115835154 0.014376821177778196 0.06747413975086775 0.07141608406679002 0.08041253072646908 0.07519733230009745 0.023247237549930015 0.05233596611984095 0.036477781228778504 0.04848768116936141 0.056874288403703274 0.018309953528784086 0.008565010187678886
40 0.02745487238079938 0.04549217152266507 0.0716355275594543 0.02608995859888124 0.038695124769923976 0.026631159485167515 0.043395005392139266 0.0006510869647669001 0.058394491425393394 0.05782161626692595 0.048953491721481335 0.07412035320289169 0.06433416794430302 0.0431320034304131 0.07594324101511513 0.07284382570312274 0.07216376520037747 0.031615483893846115 0.04342508425327586 0.07720756926905656
41 0.004939708273676776 0.003926738394849647 0.003786770589187253 0.03360850281427987 0.0605537095742865 0.09028789945121328 0.06766525955828316 0.04671609516689154 0.07376038768624035 0.008915469846316216 0.09665609766714722 0.0529696436893833 0.08977240584968238 0.09606299465503908 0.08419361627394956 0.060252869002745416 0.03839490557655287 0.0532086202875139 0.0016898476779309253 0.032638457964830773
42 0.06754191062416992 0.06723934666046927 0.01484616497730998 0.07033920925866795 0.03385794401968575 0.07585099719622408 0.07220191900264404 0.02731570819556953 0.07090061773092336 0.07983866833740995 0.05925827608695824 0.010623061837942968 0.04618767374555563 0.006955304563630393 0.05152413433335123 0.05550010317506966 0.04803131525930919 0.01403912973395347 0.05280877450923651 0.07513974075191887
43 0.07130621157008943 0.06324216264634658 0.048101167171890495 0.06816803118622151 0.08648949091182223 0.00904905053210401 0.019641967792708003 0.06407425215285559 0.034299034101607666 0.06214843713027062 0.009615535835437259 0.03932192023443717 0.07310589040942718 0.030917541196905197 0.0632703630019622 0.024631093539609034 0.07277451408547818 0.08340069051700208 0.03548730749097765 0.04095533849284806
44 0.04239430425264852 0.05464940478455692 0.008416332549867803 0.08202555735710312 0.02734647345578462 0.09958692303122595 0.06029101384923018 0.044969435958053555 0.037163340206024666 0.02700769636299786 0.0727091529946689 0.03186651030128835 0.08299578834149546 0.006003906030410942 0.060218259584760375 0.027284745344769632 0.10693047538067536 0.0021770229040318726 0.049622765836707515 0.07634089147369832
45 0.017636715509820898 0.06382640567585351 0.04330527130675131 0.04647238370559968 0.05552602140867413 0.053632590755016085 0.05938762182153443 0.0567349205493717 0.05788279525898098 0.05090838155956518 0.05106405000025847 0.06649106180609808 0.08557527992722214 0.02000468578528202 0.008318014907431056 0.07233400866293661 0.05400470432450396 0.03605938076036252 0.004851618291417489 0.09598408798331985
46 0.07752890616153142 0.018705027628280697 0.06082627164240603 0.018789087850376758 0.022851378529924315 0.03912495536848644 0.03136571672512599 0.04856508365847885 0.09676303331420018 0.049976914389126055 0.04918001576396944 0.04947124576770188 0.008381135019531175 0.09565086188132353 0.04975968701381548 0.0748768776401419 0.07814119761853473 0.05789847034813094 0.0161276538128645 0.056016479866049684
47 0.04170349973118131 0.058042279485181446 0.032023273281126544 0.08930707209458522 0.019139526420496017 0.050234070951994794 0.01253655983746275 0.052205846180330695 0.062142272427119796 0.03317607013346288 0.019944346205477345 0.09709108960098278 0.07413030763701067 0.038315950681294994 0.02186520335478701 0.031825287081024216 0.08540153780873241 0.07883629181501002 0.05377298505098932 0.04830653022174984
48 0.03817124080640735 0.038568725063368954 0.06439432270977903 0.06808622320075315 0.03496242961083941 0.0723192438064677 0.006718405305827644 0.050738248989062304 0.03183898829571794 0.07265857475498827 0.04367409500647572 0.07296928862046644 0.03687099525665932 0.018199198758409547 0.04266774130946953 0.0826975644715516 0.07978222062210238 0.07791816712804599 0.023350146328027867 0.04341417995557997
49 0.06848570062327843 0.027141027803240465 0.04564888706379488 0.05807444922926427 0.06893883606180044 0.07828725806704886 0.07228513583410913 0.0737310458205515 0.045290252014537825 0.05555960398753557 0.012128826596454333 0.07277599295515855 0.012661080276345214 0.05001490480035763 0.012183496709148282 0.05734851084998566 0.07965346669692956 0.03841290645063127 0.0557952576493074 0.015583360510520849
50 0.015861313965875715 0.06974474799484114 0.022349566678896038 0.08898363602505599 0.041190905252647146 0.028164598594274108 0.04313388449507305 0.04707239858757947 0.019724536901452983 0.021439859567222944 0.09414981928063534 0.05007286907474281 0.09134138803358526 0.04329230482575334 0.09148650725766604 0.04065151618095097 0.09036159163588153 0.032399591669636865 0.04559390561114768 0.022985058367081507
51 0.07901932244052025 0.031233681860673927 0.03937118457739313 0.0029554017771177945 0.041518512677745076 0.0019693292934477285 0.04251056478697207 0.07004617006873957 0.06665140906635948 0.08442444677430107 0.07104338649109287 0.038117485710347045 0.07928451206025082 0.06378216927549689 0.02660986496339249 0.06138431782588342 0.052649431161703154 0.07404395750650958 0.0047937281434727325 0.06859112353858103
52 0.06863683216815365 0.053450520882079695 0.08236430850146947 0.06666292977224042 0.006976810660400771 0.021671103471949966 0.06738841495843052 0.012796700946660298 0.07412294319672126 0.05142426158652648 0.037185432718373455 0.0694599878520267 0.08609774996690912 0.06687761358966851 0.05699426384792867 0.023054863564625293 0.0682095448263518 0.03115549564155477 0.0029510460222062886 0.0525191758257229
53 0.024538540206296568 0.08617609181939628 0.10324752362600215 0.07436777525248793 0.061456275506639346 0.021993957377968852 0.04436110776346033 0.08648199516278607 0.02407151562608459 0.03997607383176841 0.007166697485088364 0.0982738095822374 0.0009133309953992914 0.06553398327035502 0.06852963888711827 0.08971141524605487 0.05939487592546605 0.028022352417600975 0.004181327308111619 0.01160171270967777
54 0.00823841553359841 0.058016398941232 0.0903224167920066 0.05829970854715467 0.039761579574360384 0.06175297793107984 0.050819034543177106 0.0924555044129887 0.027669852178447463 0.008014970090796894 0.03098209837368267 0.04724305761349775 0.07687224042733845 0.027129101136635376 0.041521552552121144 0.03840695764326407 0.0723939469396565 0.037516209774434914 0.08733224787804066 0.04525172911648635
55 0.05198814351930445 0.013571378321436326 0.009223779300091777 0.0018561998274382438 0.04916465488106633 0.09572972897475988 0.10124125468385409 0.023483322192229702 0.009949724774768928 0.013417521432919943 0.07319380469369088 0.07900948909676249 0.09390980934484129 0.009575996715224267 0.050432790416916506 0.05925183927471783 0.09757624046841228 0.09847860218558169 0.06594580547794578 0.0029999144180373758
56 0.00932859780226546 0.05266197769704223 0.05700172993814682 0.039704985336729635 0.0657581947396653 0.07146454195613998 0.07225244373330103 0.036288588409095594 0.0693223062585463 0.057481775596009387 0.051095100233132615 0.03147098832536196 0.03339323287471971 0.06081879291051734 0.03759091804616509 0.0536831298251748 0.03898991181670575 0.06214101543068425 0.06152163548221334 0.03803013358838344
57 0.06372765504754213 0.08880438533352557 0.06430684902346998 0.08005522593052837 0.05383947258088085 0.06373176633073972 0.05978870343579502 0.008654629385408251 0.05720498804194818 0.012994374491661105 0.0048044345051044485 0.06325400214412458 0.036737087307496565 0.037871787504059055 0.04382327956853616 0.016055790111219603 0.07014823564057493 0.07320607707027843 0.06298624913149785 0.038005007415609436
58 0.026089330153419407 0.06989119289065154 0.07116737275182637 0.01827188084158144 0.0744205298148992 0.04143715183741079 0.05681188689851526 0.056800558833709436 0.03976599678866046 0.056881309203856534 0.09490919069380224 0.012435931870275382 0.07647491973290485 0.005964401130377602 0.019855220449112726 0.048922159883866966 0.08894088416148963 0.07596964813395195 0.048791131620185335 0.01619930230950294
59 0.022623627893393543 0.0739325330623528 0.0631353666933837 0.0837401153157739 0.06777764981267613 0.05778869578280685 0.016303888028062617 0.08883492850581691 0.026521987873103798 0.06648974483624655 0.07409387659281344 0.041547681956416886 0.011233331711246342 6.32026748084641e-05 0.047378665118335196 0.06388862807058288 0.008067504235299618 0.08239004921153957 0.06165368391057503 0.04253483871476604
60 0.05216604380504347 0.04267326554629865 0.014434463617165761 0.0786458198638697 0.08233824568071449 0.06904225026635918 0.08312898838595736 0.04307383803568221 0.06698016621642788 0.018404055100931564 0.017432820049644488 0.07373169581478062 0.04487061467356304 0.03369772448978767 0.07144004844489991 0.05389799286728252 0.0701136562515213 0.003691967603008735 0.027865111285978194 0.052371232001083325
61 0.01882163968079801 0.06637134627321403 0.0070954818013634425 0.04675240740828783 0.06594067012315159 0.037625776636916956 0.0805524019494571 0.001012584091831869 0.025268864678072045 0.04784027451583775 0.004318571120221515 0.0754578448516515 0.05229430257284535 0.07494841220268009 0.07579939760869568 0.04499807751192322 0.0493034151477815 0.08670077165063235 0.07842920154512738 0.060468558629510755
62 0.01021826895646132 0.07219088546229567 0.029042751432840883 0.06387323536998303 0.09200471510418429 0.09275545848585769 0.02647085353318983 0.09209779016036311 0.08080655644696666 0.05157748056159285 0.0176624570989009 0.004135742231493578 0.011814796111791015 0.07381687159851646 0.03480238817929706 0.038442335213108955 0.00013749127240489189 0.08608277171815826 0.06712198990971761 0.05494516115287609
63 0.047454683212079796 0.01921514972406737 0.10714486617618697 0.027603190133858025 0.04895468445769965 0.09738868242040814 0.005692839745773989 0.03888853080294284 0.013082742222195708 0.02106319086285485 0.1100598787645691 0.014498822697476196 0.05085278885858674 0.05610838127207862 0.08296374685706531 0.03535691168900836 0.04699638432843956 0.001374747286951449 0.10640926846055114 0.06889051002720609
64 0.007986439851535026 0.05599863225880523 0.06618218519435787 0.08128589470375318 0.07614102356715412 0.05012176518123809 0.06825276279787382 0.007297205096202524 0.08210125203245995 0.04799006866881901 0.07506608720605268 0.03157101269683304 0.0444469080493593 0.04941182082114386 0.027738617297500077 0.026092190360315726 0.03994944532170862 0.07541520806111042 0.02151146092206254 0.0654400199117149
65 0.06404035557754384 0.04639780154867403 0.01356755191411517 0.08813171720395016 0.08309386726379352 0.010163608138532688 0.04338013201280562 0.053912809587494476 0.0309948083990413 0.01613022241639995 0.028252906117026806 0.08790558204273109 0.05042024081737799 0.08210889880512588 0.08248872141738918 0.05860859694673291 0.029463538946529342 0.04361670383171422 0.07588035521202446 0.011441581800997384
66 0.03788272838806161 0.11797503700787261 0.00372965954344519 0.05967682878204231 0.004976231220271294 0.05911958937212494 0.04653103793184342 0.06671856808006969 0.0803692316886666 0.020177503766528757 0.013044277244075166 0.01933612252402617 0.010020569256730364 0.039343824218229385 0.049192664093456476 0.06626427174044489 0.009936936140256473 0.034649632022564276 0.13532056890180338 0.1257347180774871
67 0.04639309771251217 0.049587187650761755 0.01064410742627448 0.10565515344774955 0.014625606207281735 0.03814451175380855 0.026601643357743822 0.06501409175020918 0.10186224146195627 0.0646065108405025 0.009700271535846615 0.05334365318168694 0.0813364943749838 0.0168357477434347 0.0046015497040270675 0.06933324885738014 0.08104215758581823 0.015176865422706924 0.09137685204343257 0.05411900794188305
68 0.016477720781605622 0.06301663945047048 0.07356531769728382 0.08381326466233194 0.08766299953816638 0.0018725072872834553 0.03921789644456115 0.06495869328159953 0.011235617663334741 0.03696786986041878 0.0066520196896084904 0.049490582924627075 0.05356334254598529 0.06350148052961 0.0657303785261011 0.07208935604201548 0.06167504262048659 0.03215759179453756 0.05227220010150637 0.06407947855846614
69 0.07045087404615522 0.016331580090197827 0.09351090272472266 0.09153259394350918 0.0995548501192324 0.0444512169741274 0.03633783762488784 0.04202528157085652 0.019583975737440425 0.059308773192749464 0.08229918703460772 0.029898055115387203 0.06326702088904608 0.010324012913120992 0.0028713653609355374 0.02832070424670967 0.07162675137295534 0.06996890407011767 0.035212794475092124 0.03312331849814855
70 0.02858122939322563 0.0370478546473079 0.08376073711078624 0.03752885025821249 0.06162092375050256 0.06269800727817829 0.07669640665792084 0.03170584108517142 0.08393684996526093 0.010980794997995372 0.03361343904025119 0.05469192371240893 0.009346521888955676 0.09006791735618996 0.04373299183687008 0.033137776308046867 0.08289608927183335 0.09614919530335532 0.017416820926927045 0.02438982921059994
71 0.11853866110981699 0.06167252559043269 0.0680851563893382 0.016168549160747933 0.0709144664536534 0.027793033906752734 0.023345478319389792 0.04260706740329813 0.021601492644588854 0.03536995432572526 0.018060770773907435 0.03779777671917416 0.08728299996464406 0.11177312166126785 0.05297851322819003 0.011857312970667156 0.0055445904126203436 0.056949945660516345 0.08003443637754898 0.05162414692771956
72 0.047471039028586896 0.053374224901258975 0.06567375512021409 0.04274035595118247 0.06891663013808992 0.08442818524134646 0.021690417747693425 0.014228362133168049 0.005102110185916896 0.015299497887428064 0.07887307951790506 0.07253002808687531 0.023671280995440892 0.009413746811260632 0.06910248977560354 0.0794936968651047 0.055930441381924316 0.04739160473736507 0.06704174715252928 0.07762730634110614
73 0.04478730504809516 0.06497762946925102 0.05200019253704751 0.04224790098095518 0.016291450378872814 0.07622187839394874 0.02040433292927274 0.013235086849500827 0.07224377529806604 0.0702926427502665 0.053267016887473886 0.03583624345986867 0.02647909833907037 0.018038932747576553 0.07557596063190733 0.08172498982265045 0.07851580719823682 0.08168506676442536 0.05370686506720214 0.022467824446311714
74 0.06246948890296532 0.014388412642067432 0.03771102529380754 0.093097523178694 0.09390064917031955 0.06027632858178617 0.028216249662470803 0.0016432264255599436 0.04795625257398122 0.049584878960231546 0.02407774839566953 0.00743073732788661 0.015312026139304144 0.09098819760513562 0.07611248484828731 0.006788452167329756 0.041973401564773985 0.06812334016951065 0.08674886463539717 0.09320071175482184
75 0.08648392308549205 0.08717635346479517 0.07901364649367373 0.0025658093126454955 0.06994048064811982 0.05317011341062841 0.017131139427818555 0.033863958592996395 0.0849216295338221 0.04416669564474166 0.03652876795082691 0.061825318535550976 0.03117509718674429 0.011362245290406192 0.02258995440491367 0.04797662267534415 0.004960546385620594 0.07163973754320367 0.07200930314733726 0.08149865726531909
76 0.006595102533169302 0.07269132865027748 0.006128018908710412 0.07196734219092528 0.03795513644672379 0.015127210469503343 0.009624440877768592 0.05903414698299653 0.024666054590555667 0.09167226452954112 0.08993127663751468 0.0484135384548393 0.09272096801492635 0.03887169648451292 0.08447453065428397 0.03534275993688284 0.005404733517286754 0.044036480515411563 0.08114630790616924 0.08419666169800076
77 0.03426799191074581 0.0769266443025817 0.07985037534502622 0.013327077606834705 0.013168837579955944 0.002112668600850718 0.009782033907898322 0.07425699810224881 0.018629685254773445 0.05666718032137032 0.06983485616164625 0.07720156689321281 0.07782708119736761 0.06811105731858594 0.0022253359670185422 0.06831436929478807 0.07639202799510042 0.04849723378936315 0.06968710887661089 0.06291986957402029
78 0.06959034611024337 0.07172194061640054 0.013444006170547433 0.04462333043824517 0.017275683431324785 0.06957108156064597 0.045163700803048386 0.07643893234423917 0.06487317234538596 0.04202494767195547 0.05337004020277296 0.0694146439856337 0.02621610969287601 0.04890103920591547 0.0662263621256667 0.014345623562749136 0.0767771533031681 0.05784977144310778 0.04089145515295212 0.03128065983312179
79 0.08219714945153962 0.014377276730156836 0.07242113055001609 0.08259882867624373 0.0018056844160360592 0.005137411712236252 0.07529438378432994 0.07417705106204618 0.040174936351650765 0.08375115411144209 0.05311122224411128 0.029906300070397195 0.0703044932772242 0.09183086066104215 0.022011968160983234 0.029132014795373817 0.07727702787903033 0.08828811331782221 0.0010633744462769077 0.005139618302040976
80 0.00445021330571291 0.0814367798996362 0.02968722598236954 0.003961710267383902 0.07702651257941791 0.03602313226870505 0.054530024160172295 0.07425337522408075 0.08129327417743439 0.06060664700320396 0.0014523087370738156 0.03833126793291068 0.07005668761774583 0.018539140621636616 0.07747221969138716 0.05568071181041821 0.05209615259308972 0.04070306230623648 0.05957004449075722 0.08282950933062726
81 0.06049101696059838 0.027424741491497824 0.07748478962300197 0.04284456361818849 0.04378016086617345 0.0372775701272658 0.06759856133645294 0.08248047878406829 0.009785207837921816 0.09039918389344433 0.042496140965010136 0.01303509940832021 0.05130808030790814 0.0959535322864035 0.03144356941882181 0.09072689059059608 0.07221358887116254 0.03379846580349861 0.011624535275841145 0.017833822533824546
82 0.09924783669331515 0.015332094633973148 0.01762219357169742 0.04311832450783971 0.10705508878434417 0.00581500161670718 0.09025240144394696 0.018485190483835016 0.09854205637877039 0.08672905463881256 0.05359667674596145 0.06541009343263654 0.02003465836023287 0.04584990852979342 0.07492358893317554 0.04933232218913994 0.007512065850865618 0.005943900892538676 0.08256921806707139 0.012628324245342873
83 0.028642197235819726 0.01157625898345826 0.03494046887573494 0.015431640786885893 0.06084372389443704 0.040697490164160355 0.07137823340900307 0.07023646897806612 0.03240435467371221 0.0779094029371576 0.03937162309956396 0.05647148185825906 0.08402610822409061 0.06623947655042614 0.004937195064882969 0.07423075722573884 0.03074504945376501 0.0708398423946947 0.08708130990896817 0.041996916281175314
84 0.014920807241320779 0.10664360900480033 0.0016049709380206922 0.034956898172717375 0.03260227018121913 0.031722744103387636 0.07634522172862558 0.1114623756152854 0.03434362771993586 0.03922776117576139 0.10255342205599836 0.013308458028185305 0.08755974357722161 0.10319779777988979 0.006089804723710909 0.016401621061208776 0.08275960016419298 0.036263965821104555 0.002479933424744242 0.06555536748266903
85 0.0975413586946884 0.017197800846168496 0.09785048658091566 0.016722350470047616 0.01770697147592514 0.018257697892354485 0.035040224423453954 0.09980150148901991 0.04990251361240417 0.0751370555827123 0.02942930949496612 0.05543144847105661 0.08381074779731491 0.017490368553215424 0.055033779672507194 0.04040105803634007 0.07788971836058964 0.010424071478440655 0.0426168888805468 0.06231464818733253
86 0.07857705058667379 0.07887407044001365 0.04458492024966089 0.08734963845764956 0.00807496914876741 0.07512229934452623 0.09413446235233622 0.03113691409564135 0.01743259088236899 0.032067600195579055 0.06014217163724423 0.0776416043976747 0.010838356029648086 0.018438203651651747 0.05663217070085698 0.08368758038417674 0.0438278419178782 0.006185802976207311 0.07216369613416866 0.02308805641727623
87 0.03456896797678614 0.005016151278670651 0.0763110679945827 0.08060728460612683 0.016319624969079388 0.08815659127549051 0.006299379010900947 0.0414574604366786 0.07152278314773491 0.03216282652200701 0.054769903454641146 0.01758248839509626 0.07910219304064826 0.0529704065809769 0.04328462599506381 0.04140500630422225 0.06869700253184519 0.026649028971298526 0.09728500975338787 0.06583219775476179
88 0.029500659828764386 0.02073669582130368 0.04847580111815079 0.08332243128592337 0.04823967835371688 0.027600330429536805 0.03820942589753805 0.05885471983158678 0.07413935621536055 0.05230662793352693 0.01576766478151451 0.09415157234530956 0.02413722521307659 0.039038589491417884 0.051575741357783304 0.07636438212013198 0.09385551480108807 0.05061426722716519 0.06344469185636845 0.00966462409073618
89 0.11137576122445761 0.047968224172836846 0.005421159557544307 0.06683428097985457 0.11434271170416241 0.07264907188855847 0.0946690754891719 0.0624378583124191 0.02805932710078991 0.032279753029081856 0.029876545691758884 0.0035171019079221107 0.05779893012977104 0.05679177113795225 0.0498151344453058 0.026887161691309825 0.023157580927479462 0.015423297538884934 0.037118534488851794 0.06357671858188665
90 0.09611004756084879 0.043672931253012685 0.0413302468764014 0.03856009784969277 0.052555057016441274 0.05376138406845343 0.04569543692530536 0.003065834646741624 0.04854728258155235 0.02804651537684268 0.041108550786815135 0.09347423069793387 0.018287301310317344 0.048726415090685496 0.080187028743991 0.020399073515623888 0.07481287129986543 0.06556547597235339 0.04313981972823362 0.0629543986988883
91 0.07239757302492705 0.018253925847245885 0.036416276835664965 0.014251741919840615 0.02703374941421901 0.021451912993422338 0.07109757931704731 0.08864324441644698 0.024302956670508222 0.05271272498113512 0.039749478506015526 0.05411738665378573 0.055816845721043416 0.03673576697373102 0.06955608916674542 0.009213692698137597 0.07291968795922972 0.09290218115251915 0.08552312697173149 0.056904058776603546
92 0.08922120820077317 0.06666973100030346 0.004560515658850735 0.08363494427375749 0.08924644255033089 0.0630281714149467 0.04782638099073551 0.018903256538555926 0.04874359017262165 0.0065736559360780366 0.07183148287353008 0.038192222713502914 0.05269349965108213 0.08054827760279902 0.0017835534619434698 0.08704056180767528 0.0018263082280303854 0.023327441597227678 0.04971003425048746 0.07463872107676808
93 0.07312238186927024 0.06944695163780094 0.06899177251015097 0.014477611703883939 0.061959043011768605 0.006028023151697916 0.022566528035363586 0.05371205910522575 0.05248814417083052 0.053709339164831796 0.03681988844091991 0.02408477746375357 0.0727850220296351 0.08158900491485914 0.08843548655097587 0.07931031028578592 0.05939988227807822 0.024297109924876055 0.033335824707992574 0.02344083904229954
94 0.04830108989588153 0.02433496195403268 0.023744860642328128 0.02030559644618728 0.048856308497584704 0.06870040721788834 0.06441021700489866 0.07906595923474408 0.07330354436657158 0.0069079025613095315 0.07390061765530348 0.07904237405830368 0.05775044303724802 0.037465253107425 0.00041758828438530045 0.07864609425908438 0.020601033400816194 0.0754348987497846 0.03234309249969805 0.08646775712652466
95 0.007618889940280514 0.05239527363767593 0.09444505043080488 0.011358692127609121 0.003135970249874284 0.014464035224346729 0.09733611499128157 0.0034353614434239595 0.016248097072300634 0.10437964827588117 0.09145146774678783 0.05899598157830019 0.08202096253187632 0.004962030668609019 0.022334995664007477 0.08923173777407951 0.048687489127584624 0.10226054153102848 0.010660931312312315 0.0845767286719353
96 0.06539971163504929 0.005565025628002127 0.08596044759934364 0.09010968009123436 0.07435002997402443 0.021478156766872095 0.0650907592360056 0.053509281732240406 0.07233390648605839 0.05018596167145208 0.04961039905598144 0.002961066382834433 0.0745472885856545 0.06126111791984705 0.030824819601411257 0.0035841317035179556 0.07375893710778098 0.027536019878480256 0.05307537294640294 0.03885788599780674
97 0.04782793160920765 0.03804786288525364 0.028368443049921525 0.014839556876337598 0.09534906410588592 0.061975575378894934 0.0977490141941808 0.032872120346389075 0.011351073576638608 0.001300099675375079 0.09984715290362883 0.04390440575207953 0.014175871518960336 0.03946528664377616 0.08516253491495741 0.020624338730278552 0.03123762095002094 0.06275216888587065 0.08631382171168546 0.08683605629065715
