0 0.058157279142282865 0.05460553664520276 0.05519591387762724 0.026349603881292122 0.019833701369007296 0.07339665492235864 0.03616334492667849 0.022223659355386453 0.05070337934573507 0.04454301788278837 0.060698050452332106 0.07198131325568814 0.07362049660649744 0.05925011270215064 0.06959054433609456 0.055839530520496915 0.0304111372082684 0.04935175444226042 0.07542324426360361 0.012661724864248271
1 0.013233454834601303 0.025454014537215023 0.0773563997533971 0.02391568796468165 0.03835906815686708 0.12051187547303985 0.08374130677027714 0.04896455654677628 0.03627162375175342 0.05233000616935188 0.08474632641575314 0.03005963438294466 0.006195988935434151 0.048739003275965684 0.06585249258200863 0.001461466154239842 0.04086599489697629 0.06557163729723046 0.006965970058421242 0.12940349204306523
2 0.05925624262210738 0.05537147995785361 0.07140614038487646 0.020105600579841988 0.04834299569744781 0.09580292952289145 0.032445660783560246 0.018659549049884715 0.08176395054946148 0.04444740688082993 0.01680882685905764 0.058152012766582474 0.024737063524044502 0.026908285297740222 0.028592286204869657 0.09346062786984298 0.05572736574552854 0.08990627197166264 0.050703904802448775 0.02740139892946746
3 0.04390538805772788 0.06710517179644675 0.04222231254557728 0.07914814782192134 0.0014217929031988224 0.03156292113848036 0.08828394033409846 0.032066188428731615 0.060541265417937196 0.03173372954139715 0.09012419566770373 0.0351246406536407 0.08073043946751673 0.016457938568197446 0.07650825390232938 0.008274027819903489 0.07461916454039155 0.04537130994927119 0.06636529705466612 0.028433874390862996
4 0.015278594457795848 0.03657260901611973 0.05690197602760207 0.04994049216709979 0.07483570007656268 0.014335391695192726 0.041340712354052046 0.061968371178800316 0.04871622855475228 0.05468252669839575 0.06507815317985279 0.06808232950944514 0.06433617951221098 0.06012886532761555 0.07968249247579999 0.07557824776182485 0.07374638364053969 0.0007715869784120958 0.03703734008612257 0.020985819301803006
5 0.04344349858610543 0.07491226830809045 0.06599213835121759 0.09887253593733733 0.00883939200520959 0.03288875536932216 0.014216412232940625 0.05214873868409418 0.06970243379894774 0.09731528108069692 0.0723776005891343 0.07658944453213129 0.1050148111966364 0.0009433804823682702 0.04724736041787061 0.02186379076772869 0.021502645688342988 0.03395746030266564 0.046517228191215496 0.015654823477944352
6 0.024468479838352094 0.0018326807955924309 0.07915475361115522 0.02843228007661002 0.032106532488987496 0.0729787465000027 0.04157453914286386 0.03427407049880275 0.0703987507028044 0.06636659441860791 0.06938340905373691 0.04296139985010722 0.01916751670854216 0.026759870731501243 0.07695662146652696 0.014192673124120406 0.08468818868334396 0.07414990669488045 0.05970052746784372 0.08045245814561826
7 0.007532226051445362 0.08276248159621416 0.0017082553040975047 0.070690103209915 0.082455390496569 0.04479661980998105 0.07467961272591296 0.00022611535931377663 0.0544602699897703 0.0797862820190604 0.05959649317123052 0.08872442451216057 0.071218416710167 0.005732773231631871 0.04544603328370178 0.032298890309717686 0.07303259963315709 0.05424878189549899 0.00014699371977441115 0.07045723697068042
8 0.03758578197683699 0.08511657008943191 0.019757523833741835 0.0408701479593091 0.08427234361114418 0.050868233150309285 0.015005612463606086 0.00753522974931694 0.057568463390916 0.06970671050586065 0.06653168694040353 0.0719964012830204 0.030341695864246197 0.051382625131254855 0.07608350026956845 0.004624135364671083 0.07694782969749417 0.04066155799013152 0.07683211451270074 0.03631183621603593
9 0.09892182240170652 0.05737440233588544 0.07519975380453706 0.06359015445307727 0.01835924890503786 0.0016917310577794428 0.012137826169233033 0.019434026273811512 0.022057701269666895 0.04667015610819286 0.07122004017803366 0.10032465024486792 0.05734613886953138 0.058746415537387985 0.026086862540641555 0.06601271162955702 0.07348139310537406 0.03758679716659626 0.06851509913583483 0.025243068813247376
10 0.0038671101582440446 0.012551161870266869 0.05506340050106068 0.03603953366720476 0.03603627797723811 0.03573541308494111 0.011511776162737047 0.06131345021420784 0.041528062555349264 0.057062375205753385 0.0876203352274141 0.0187164902903057 0.10242030754826084 0.013365387822685716 0.07117773045452891 0.11922662188190214 0.1160122093817067 0.030503657284742493 0.052151129957458506 0.03809756875399179
11 0.10950322124882479 0.000672322229043046 0.11380849926489453 0.05529093035200786 0.04896819778396404 0.02454820052512225 0.014686097532082188 0.014783573726818124 0.05045534409833505 0.0029108527510390224 0.009593611571995748 0.010260120831377662 0.061580930581965024 0.0638700588246193 0.0007407420038104971 0.01990232193232204 0.04125130745128343 0.1056510345643182 0.11784639046203794 0.13367624226413946
12 0.02811124458655549 0.06867160955184876 0.05246366590974242 0.05879485322053694 0.023685673292509573 0.027143067026602952 0.07208675087423357 0.08471110313826591 0.039306377351309416 0.06575938616433531 0.03284941949703759 0.07922401840145582 0.014436739211157542 0.09280805512622635 0.03427558102638732 0.006294817533611181 0.045793050335471736 0.06337224913504623 0.06168592112758955 0.04852641749007632
13 0.08735269557333163 0.05244746413063051 0.013820315248439685 0.06547485853430152 0.07119509795641032 0.04510731002533937 0.027184425711785618 0.004398444489591518 0.031183211879363352 0.022009006572237876 0.06596354661701097 0.06007907946326331 0.009266844110037222 0.010401177443118833 0.09267205549913271 0.0774869591896519 0.04559518063846328 0.09353699862882991 0.04725133256251802 0.07757399572654233
14 0.008603640423359243 0.0890789485983792 0.033397972212803405 0.01699135585930972 0.0821640560408782 0.09045958737981855 0.06288747212092662 0.002146921307046941 0.07304424814342209 0.08714897896131399 0.04533731799617726 0.043706544082427905 0.038171072801498375 0.05341024080674491 0.021365743247281906 0.06954760571305929 0.08545785880396689 0.05606791869428273 0.0264185358011843 0.014593981006118553
15 0.012661755703001024 0.04327505710481921 0.07367071440770537 0.06793978347198304 0.04323280190466936 0.05772787795298437 0.05391999332992401 0.0180371235844179 0.029295395869906076 0.04596948891791038 0.04227736578431064 0.08097793920658483 0.025178234079118206 0.07500254512644844 0.041475775595728924 0.04182428103470545 0.07590509707838698 0.051567033530817645 0.045120376719554975 0.07494135959702307
16 0.007627321584222357 0.05089717133599886 0.02298406603084142 0.04928053979981445 0.04177639359043198 0.03949729027824757 0.03038815795807782 0.0095783880878664 0.08258447417609913 0.04647494556040279 0.0721363246983352 0.06811122220265008 0.03663220636047716 0.010007384361587901 0.08697100871500346 0.07755744272116845 0.09068436327847942 0.044316042562278474 0.05297318634309213 0.07952207035492481
17 0.06055091979083075 0.04101327859790494 0.048801907065009226 0.023614192446146258 0.05768642420087269 0.03701904252163171 0.04816113730980015 0.10642322058268268 0.05592659028488173 0.01614317604761293 0.046502036484135395 0.030950628964283147 0.07188930495076655 0.008776952014307875 0.06681551337534691 0.0277166105215791 0.03775372813161851 0.1079853040330433 0.01167551106008179 0.09459452161746465
18 0.03082913168392566 0.06997123896202298 0.04852338582285082 0.10675919440984778 0.0884562212144956 0.10111491325634357 0.023953642737372324 0.04764703715854629 0.06731719734244179 0.0010157465729424312 0.03756147844077222 0.08022619973413614 0.03414459675880791 0.04676916682788554 0.04931129111301172 0.05576098730047606 0.02798451886317486 0.06781694123697199 0.002889002674014177 0.011948107889960235
19 0.008098508496023856 0.09869921466193739 0.0663838160973776 0.06818567004015554 0.0297998245347486 0.015096180626675958 0.0224425804488753 0.05933083811300708 0.059647252581455104 0.09660417833590108 0.059237449647976545 0.09551941060160349 0.027460132505428475 0.061658752284738924 0.03763971595437663 0.08807567308314071 0.02780445310273863 0.054736006962758155 0.01667132099967021 0.006909020921410813
20 0.05196537441965628 0.05948458093367484 0.06298929235957787 0.09714376689142495 0.06625638396418279 0.002313045458149386 0.016592962866216483 0.06851621965495491 0.07113935649816369 0.04862303687583442 0.07253182591690524 0.09241363047459836 0.10094951860037175 0.0022559581660390143 0.03324360832705348 0.0002565660988634182 0.040997855246448604 0.012198467710555475 0.08330930951283802 0.01681924002449099
21 0.08109544742995861 0.08289166608440135 0.02748459280226041 0.04936057018955496 0.003929001313587137 0.08850233963706668 0.0007426686492042196 0.038272570131333526 0.06499958531385525 0.07155135230343547 0.036857525106048505 0.023916714399433932 0.013308097484314342 0.07107210318308112 0.06393800478027409 0.05723499915514709 0.06227693001945746 0.044640604490450965 0.02269282829029606 0.0952323992368386
22 0.039015602548918026 0.09638487636848583 0.027816064713479638 0.09351053221015017 0.01565893630508087 0.058268497798308165 0.09716343487384096 0.01910686718458854 0.0039865894708990225 0.04980709162215579 0.04986423156104038 0.0342881914203855 0.05535413683574939 0.060261397205236676 0.08129002446930095 0.0324389809273893 0.07220699813547875 0.09269370034256548 0.011079253750088022 0.009804592256858336
23 0.021346571159283373 0.11459712154155564 0.08363765338220988 0.0312906636334685 0.10216218509671156 0.028687911009977324 0.0360627648241222 0.06727276013807942 0.06308582636613302 0.052817939578540495 0.011003304046567578 0.07093456803414847 0.08501963071029074 0.0015574647272349966 0.1054562774910266 0.004321632208681816 0.010075333318416736 0.030100951102329004 0.07029203448294541 0.010277407148277445
24 0.0212844267237902 0.02272621868282807 0.08898816152123053 0.012196470735947262 0.03808762885296928 0.07241577454592465 0.06271031557362358 0.05234547626170683 0.0656062464096129 0.03970624743160086 0.037959234048959886 0.06677492367087018 0.08511688039733237 0.016455082838500154 0.0809387622066998 0.022984136451332824 0.0714616357968884 0.05405869631618813 0.003185420222326665 0.08499826131166745
25 0.025185556412912254 0.07321673614504565 0.08579215450548264 0.06638089599734022 0.06783385336245781 0.017200239232423774 0.04237120145670061 0.08224960115629155 0.03436606782015044 0.017149660981914186 0.057890849719294396 0.008077126250814942 0.07872611881635573 0.08540314040697523 0.028559679956743217 0.07100437184242199 0.0029132859868337534 0.06116762464064731 0.04790938663619672 0.04660244867299752
26 0.07693254918441846 0.05212613907327168 0.05774905764601434 0.03886075767094188 0.07354437328264923 0.012048256138412799 0.0445634350783217 0.013178208888204165 0.04523118820591527 0.07311726672007182 0.07925042918049909 0.10219048992514561 0.03901582245414485 0.08474697625214578 0.014532216971906263 0.03634767443092639 0.024747511913800747 0.0806373581869249 0.004329467538081736 0.04685082125820339
27 0.0780930431740929 0.0464567454655684 0.050016633447776085 0.06209360460934499 0.011863741598456908 0.02588299552882875 0.07341470490974818 0.08997994820364578 0.02628920216940945 0.08286770019932321 0.0008959833160343075 0.0849989925268075 0.06671143783042947 0.005578264058438352 0.030393478527387524 0.0736524464183565 0.032430446243697175 0.04114646213834812 0.02949654198413475 0.08773762765017179
28 0.09618111658729404 0.06652886135199158 0.04843090687919383 0.0029989738676823646 0.04351582714194367 0.09470282859940403 0.03214688899120047 0.07084607080044997 0.057154372408739 0.02049958064936318 0.06994153171339489 0.0024254848820656166 0.07055196289433087 0.020731695621300252 0.018705826832091148 0.08188705178668594 0.04817359300711937 0.06870077508552755 0.00838381072360105 0.07749284017662118
29 0.035242330956540883 0.09404750933476833 0.005393205538376787 0.06447935372546194 0.02566546974584198 0.06219808747246593 0.0007936852651973697 0.08826820469253312 0.09312131586043616 0.002659426364015099 0.09269404481392415 0.08504672986685377 0.04098060952033423 0.048148407891837185 0.06994976076283047 0.08693792680337907 0.04249899521498184 0.010118156471763352 0.020420437825522345 0.031336341872935776
30 0.057829438263479103 0.0016967761506156522 0.085733172040541 0.07332152509857963 0.04396500116499806 0.09627776903155057 0.08356631144308971 0.04906559907256844 0.0649418807916002 0.09296405085865538 0.013471305682507338 0.07342058031474766 0.0771219417869678 0.06899645876497634 0.000607203755594364 0.0396268750961775 0.006384609227587882 0.028271535723249423 0.026192366575185318 0.016545599157328603
31 0.00797727329665782 0.0678569726946316 0.08213758067596653 0.004026535545907128 0.046493425968465875 0.060667846567345134 0.07794060145864228 0.08289132538662924 0.025618930673169643 0.03101159034203962 0.04252169093246632 0.026752019510027314 0.0811023393915086 0.05083666289350122 0.028853672506359167 0.08191508312507878 0.07310758289448774 0.01095378254252544 0.057554870190749334 0.05978021340384132
32 0.059770967249896285 0.0602557537027688 0.012399929224782589 0.050595654992155716 0.06034383120853867 0.005741978784233399 0.07485667047645327 0.08600352823643247 0.019670577293513968 0.0546153461843045 0.009686914033242915 0.052066659936606995 0.07518850206121291 0.04973414268467316 0.06927717626948203 0.07636340923044971 0.0722860900406462 0.07414849177316472 0.004618980557096034 0.03237539606034569
33 0.06490297220057133 0.023428287875074318 0.07621700466447691 0.0792273824893692 0.003161579687617112 0.006601281149222907 0.08845996559603392 0.04496874691000537 0.08077616093961344 0.08409569180998067 0.008239661420629553 0.04291432712399945 0.06888412566084146 0.03883587435582256 0.035644240606152275 0.08998738337445036 0.048902888125288764 0.08279436847756137 0.0043479428370600285 0.027610114696229187
34 0.009912998922945627 0.025516723225967045 0.025707558245626812 0.033507827894801646 0.04479421111870524 0.07659924703948516 0.03846378328408383 0.029930124167146528 0.07482880019632965 0.05122134277467687 0.080876469613521 0.05270892259036487 0.00562641559157239 0.042627605954390094 0.052713903221731175 0.0907408627533306 0.06934896085107264 0.04450723174370633 0.08664842915125913 0.06371858165928332
35 0.06158825129506368 0.027227265516407705 0.05038871390643203 0.050224821849533044 0.059845512113703314 0.0676999582471102 0.08114912607096475 0.0163927318182247 0.028751753335582966 0.043815899572538466 6.293367290225391e-05 0.06673529188115877 0.08236953600360901 0.07623432862524661 0.08984466304519839 0.057662683701006856 0.025804006277479224 0.03392465301168577 0.03771041272183013 0.04256745733432224
36 0.04500907286501726 0.028589666863874284 0.01614709174128829 0.09243540735813432 0.08142410309062223 0.09689457059376405 0.04476822356676018 0.09733551530180298 0.004466235976307968 0.09314883131255258 0.009170270333838682 0.06165164562331391 0.03542322805030465 0.02114065417041114 0.02147734884552477 0.04430512805885667 0.023388492888318166 0.07185016734098217 0.06981151211489725 0.04156283390342849
37 0.08187449178442684 0.021144656508272925 0.07601303790671222 0.002279354244585136 0.05326446950649049 0.07946931038635645 0.0337102370880606 0.048423057921339434 0.05117752671222422 0.04964238670976538 0.028693201419487106 0.044934323620152254 0.08973567980653163 0.051511689217976095 0.06487845188127703 0.043485036018008974 0.05454661322404973 0.06487254965726708 0.03723459064133561 0.02310933574568093
38 0.07225782780072289 0.040787264475842654 0.027720245948729242 0.07182596754804198 0.03481967058109157 0.0023788673144260293 0.0814998678375022 0.029125910539950322 0.04032390659439356 0.03594426069238218 0.03363713710656349 0.06367351036613979 0.0843762180266926 0.03584247408116369 0.025744392644387208 0.08211418701499355 0.08077056724851803 0.07858894230109431 0.07663490306790706 0.0019338788094575203
39 0.014907131972629101 0.0548862264463505 0.04181824670355512 0.09574051761315752 0.05187159573689869 0.0863986533063436 0.06900905895568364 0.10871902102911053 0.0022316609768683418 0.06142045728893027 0.04798607782604944 0.02290550532543599 0.01936912303025518 0.034596775596935594 0.004260731204599956 0.10674717570340204 0.08501074287134441 0.01021878204086731 0.05463707848954381 0.027265437882038994
40 0.031803477932787115 0.020024860960632638 0.04861801590052609 0.005491380046829527 0.09024883280821495 0.03072710819071872 0.012698606872639816 0.05513603626410859 0.045022842575666425 0.09287298735583353 0.032635896869224405 0.07877279736621297 0.03416849525962432 0.09696676651169546 0.10682746988786967 0.08911100208210947 0.020476570002412195 0.05385744680435078 0.019872098635214587 0.034667307673328485
41 0.06066370025294293 0.050997684527667474 0.019152958247334744 0.03619394090368538 0.013913948031376291 0.08117411020106802 0.05035719884478755 0.017576736898161097 0.08851555473954048 0.07057538732606215 0.04168456507260337 0.047532248589006953 0.08464452836144422 0.07614280467522401 0.06011997588286219 0.03192808810235724 0.0013953287574223795 0.05348017926635985 0.02366734504143696 0.09028371627865671
42 0.007110003486181587 0.09165436751703654 0.057166986654778595 0.07084399032371795 0.015753115747896007 0.03868572336779605 0.052834250295916346 0.06755059284843373 0.0922460835343525 0.023111608122324514 0.08136672243720185 0.06201131678529881 0.02389652101328063 0.012490349156705237 0.08244762517217168 0.020910097593030384 0.057334366710278195 0.017934309438484227 0.04153888579091474 0.08311308400420048
43 0.04716185108046563 0.011676683194271675 0.04552404106507964 0.09376677894928068 0.004329202227355172 0.00017194473393453803 0.08027172113091927 0.06324783105217001 0.09106759895704444 0.09051198277881468 0.09431711106244267 0.01709861901215378 0.034538156138304875 0.09813909541182685 0.08889630865054618 0.003545555429156323 0.07133093853812304 0.0024603712868425023 0.05525365284532519 0.00669055645594273
44 0.028875002564487617 0.0346903486246944 0.0014059373925088805 0.045061981704676776 0.03839526444043173 0.061391035951466014 0.01195532288691499 0.08553301235529287 0.0888951792843441 0.08623610562210761 0.005340234058843653 0.03723058618051588 0.0854695413190985 0.01970716454945455 0.07227712555152281 0.022729578982272243 0.08676460243443666 0.07607189361445535 0.05707906457749655 0.054891017904979085
45 0.008064774222215673 0.06369740275276539 0.09919705358026719 0.10180223074235123 0.06313634765666647 0.016278919470949144 0.08284511767539053 0.06920618425656488 0.0271298569537226 0.0312685767113767 0.01325279722056483 0.06697123538772239 0.10832547724055701 0.006959883339814743 0.003794369508737774 0.10851058026853465 0.0024962398100491895 0.006200558999623908 0.09295578577902086 0.027906608423105054
46 0.08890843409106232 0.061812735272384796 0.052995002596268916 0.04350958140886925 0.009645011395701002 0.012275443325022738 0.06501532218613695 0.002740029541557054 0.09145096192243557 0.008725699206145123 0.04531505050907686 0.03206889364011212 0.075800202587773 0.03229324858684596 0.09910627090040379 0.027074858671401036 0.04085813615544732 0.04566350171582482 0.09509329626958782 0.06964832001794356
47 0.027010595819015777 0.0022482089868324597 0.03749576928022988 0.05232841636379416 0.07453099028510478 0.007882180476067117 0.03453397205631217 0.050224380401100346 0.027352540648196855 0.0365908086303094 0.03918491801426547 0.03515587824586741 0.11457928611744089 0.11712291053496134 0.014852086083587119 0.09977157310213551 0.09985596186900378 0.012027623424474446 0.04826258741207676 0.06898931224922433
48 0.13353937446971734 0.037947361123969583 0.02509133672491723 0.07307436957630081 0.012073793000772952 0.05463166392962873 0.08719918810075668 0.023121195047822295 0.00048259214440978665 0.011329366158403345 0.02646932400896268 0.08828783865372075 0.011254642872552779 0.029137603323297952 0.1353236902983458 0.03988191606509086 0.04454744455783848 0.10775322938047277 0.05516744136676365 0.0036866291962554818
49 0.004740925421120485 0.06934589289273652 0.07872124340481679 0.09050022012191679 0.06308547319467672 0.010710905888118372 0.08738774930291711 0.040308527706336965 0.010355186195577116 0.022333985812379994 0.07643127262237163 0.010760534972972524 0.056548651118068956 0.06765887576004617 0.008583296106391065 0.017411702892884264 0.09488053976980634 0.03391757717399457 0.07702704820546794 0.07929039143739984
50 0.0720782140669938 0.05876180329651846 0.048040941837077134 0.07270597586356897 0.07788067823172784 0.0643836068714198 0.05898396199955397 0.035842478406809444 0.07957477638046234 0.023162650195454094 0.04277655380683292 0.059700014386581395 0.03504511608205684 0.056658625223774316 0.0024875660290050107 0.04364758077884999 0.06504240099943749 0.03005949246597514 0.033378559063272466 0.039789004014628614
51 0.037950256352781146 0.015653471693421864 0.05615162310678402 0.04653809222837525 0.009516529397538049 0.016515902187923627 0.08155048492212973 0.07279406486507484 0.06683053820836862 0.0786468892635843 0.027575951602114224 0.07778081558964116 0.029145233197276414 0.07927624929251732 0.021589944542222142 0.06980809046392282 0.07621137023034877 0.07423992304001749 0.04229757274674751 0.01992699706921075
52 0.039203303654735865 0.09266700493026596 0.03265608466230519 0.009977564936632051 0.034042718537675216 0.09121974170386955 0.08514252081966592 0.06350858290113538 0.08126209742810048 0.0958961990069362 0.06941671246005596 0.0021028151699482144 0.014839187615104757 0.07483899645854979 0.09383008294945454 0.004702105623020811 0.03208525673568939 0.012871233472737864 0.056112967125278 0.013624823808839108
53 0.00776662064890517 0.0380003038063611 0.08944857638543095 0.07267849985307498 0.046959684027073054 0.0569163422715583 0.014192834776053714 0.07475942831603105 0.00804091583553043 0.049748070858410105 0.003177917774792337 0.015873796018859503 0.06090754957476046 0.08406367874828491 0.06118269304903938 0.09063010096207093 0.09452170920878512 0.004686263199733774 0.04421211458424107 0.08223290010100351
54 0.08237400532072664 0.008953423257961774 0.013762764431736955 0.061635665482852396 0.0077926476625480145 0.073049193206703 0.0660068103926688 0.0634603805292793 0.034845468155522835 0.07166606879697689 0.012832763590899967 0.04802968876559638 0.07856591625776585 0.05308128310080212 0.07399787795761292 0.013930344457675792 0.038841912619838874 0.07835206864760456 0.060478616768579366 0.05834310059664761
55 0.038932459639460806 0.02703919936245551 0.08489476063433825 0.07468640688183933 0.057513191188325964 0.07323122804740467 0.05961474096900896 0.039792679802780194 0.0014222653789321285 0.051692983083956465 0.04641102986291573 0.003117613771657228 0.03678078035124066 0.05967391490465607 0.04297295415729315 0.055663899360613285 0.07161640299845477 0.09027300449870315 0.08152945437470716 0.0031410307312566724
56 0.08370302261790247 0.09736465379496358 0.0028955463499562187 0.02436869112758092 0.08313464035822683 0.0052384037533063504 0.029750835521688446 0.06427612395293181 0.0581987024354396 0.06934688130034092 0.029574890181499874 0.08013340227771601 0.016633783737274015 0.08014652300456597 0.039488207513662964 0.004509484876537782 0.06371260495390019 0.08130716332632452 0.07375461791011927 0.012461821006062232
57 0.06798030753346997 0.016511213118394222 0.10225477340515578 0.0071421655553116125 0.08035994904760678 0.018260945486582022 0.03397660833853866 0.10037019931431926 0.04621744526725066 0.09102533551623646 0.10453581082622534 0.006218577252477342 0.021000037203058153 0.015719513951162976 0.07954802407525523 0.02023312636426989 0.08827714223268995 0.002803726399656145 0.014972112096629887 0.08259298701570944
58 0.016173972560942614 0.026194239093207384 0.04969543885192717 0.06782587411437371 0.06187304782806412 0.025407650432758448 0.0689984929122586 0.07373810224360182 0.05232442179669677 0.03099972818296047 0.02973184110497539 0.03648911932233525 0.06398764462840412 0.055707239161485685 0.0169115585844972 0.07014425710426006 0.07034366534069829 0.06651851908404634 0.07601026013304353 0.04092492751946294
59 0.023246068052644207 0.0487099183446008 0.10045392322783041 0.06516659073612126 0.0013424220993991825 0.08039787312424951 0.09101110945242503 0.024117314377016835 0.009796122828072698 0.006095401168223448 0.04472492767250856 0.014575010205935933 0.10431470213042 0.08707905066986987 0.10637376561610427 0.03293879084814371 0.008825587743918485 0.03690002193223348 0.04745034662763554 0.06648105314264692
60 0.04025643185193531 0.00034659600144593464 0.009039678769639296 0.01029609165452785 0.03950812087092384 0.08085045325542506 0.1079314616095827 0.053939879013444575 0.03421998380745091 0.0161842814532502 0.05764862407890536 0.05128931227807239 0.09710024735468689 0.08795587623125059 0.013162931453471572 0.09919754160934822 0.08838351781183502 0.0075318932089225065 0.017535005388521624 0.08762207229736012
61 0.05946414234038849 0.0834883241072065 0.015731994384200747 0.047608263605501515 0.001032031223236728 0.01258319599070647 0.07590799131844317 0.0005736914316769016 0.09597076243939753 0.07976998273870262 0.03287796200575058 0.09408593898775691 0.09220578638839239 0.025790976306715355 0.05411594074120407 0.07532947483126104 0.08166625360791098 0.015920078011498723 0.005016619195962806 0.05086059034408645
62 0.08044703378514317 0.08644783842333316 0.08903861598828121 0.03972848802834595 0.05166863012279962 0.04963406638745187 0.04686984582034997 0.0504544894052009 0.04561924898931311 0.0672706216942129 0.020662736181958616 0.03889898403177785 0.017908591163739107 0.002274394377503516 0.09445434861092782 0.04794337805463229 0.08762690394431363 0.01568210032721975 0.033082973958617264 0.03428671070487816
63 0.0633260082780244 0.06725065048065554 0.024864355065232036 0.07551371009157587 0.05415539555903651 0.03737744329609721 0.03820975311915033 0.031590563215534745 0.08531278440089878 0.05605119042491147 0.01762816360032623 0.07449114977209427 0.014416581092872256 0.054531195311927835 0.08293234724874879 0.004160691280279869 0.010915438885545768 0.08555604846263545 0.0582461391268799 0.0634703912875727
64 0.008327131089704995 0.0401428219524543 0.06222722464804674 0.007089402413736259 0.08157886454308401 0.05045432304791748 0.0873226144809559 0.06818558476522117 0.042530158188234315 0.08746492207857777 0.06292699927875797 0.05852366352184812 0.022232118760893663 0.030289305102012457 0.004083401636046955 0.0861444184935313 0.06699276151290352 0.012340213387625176 0.029542857871113038 0.09160121322733462
65 0.022333111802612486 0.0060334747858856366 0.07148214392904621 0.03712619861136033 0.0773971416393724 0.01912878230784263 0.07280955450962952 0.08425062252176689 0.05823005777661998 0.10613892735120305 0.021678609038113403 0.08218994721351804 0.045742510784038626 0.039702000964981554 0.00932683631645308 0.034897525928246846 0.09619134053070072 0.052737858632756145 0.044309997487802864 0.01829335786804976
66 0.083140225616968 0.055681807585642666 0.03149402521543702 0.06455128968344477 0.05629652457804116 0.0017147272703908686 0.08214095650597672 0.08164310189378936 0.007364135135383528 0.06721367981501901 0.0521568104162319 0.049405617056316006 0.0603815502203981 0.02698848341600001 0.02236687442192079 0.06721266003517602 0.005220239145214576 0.06591735478769668 0.06857880949380368 0.05053112770714927
67 0.029128313594843684 0.08865574701312967 0.04121955024894728 0.11396938416768092 0.015778649479047162 0.04415315604214427 0.08184289728716165 0.0528339773397039 0.04695837748659205 0.0017520676091971553 0.05146713635790675 0.10590349401920694 0.02580271315758875 0.044599163368565856 0.08859421637592772 0.0534676238693215 0.00982845332500011 0.010669387060088745 0.05039482889007882 0.04298086330786705
68 0.030421531661759118 0.019524717990585614 0.10185144755855406 0.09177250266748102 0.0002911101600613113 0.09753981473016704 0.0017746298973971195 0.026572273148928842 0.019669738641380507 0.09140828658629258 0.05803579141937711 0.07091918795114797 0.02801061759545077 0.10205106671660386 0.00968610878770563 0.09406069053419869 0.0699933287850315 0.04739592991363607 0.000810845311188674 0.038210379943052396
69 0.061353106863389344 0.06750107273787834 0.09130845226584543 0.07079231197040811 0.01977687026853534 0.09680515218643147 0.012452869891814392 0.07171261316667271 0.002802025823659514 0.03427874866226357 0.07789512465435475 0.039295021144405855 0.08212225114766433 0.062079864376302515 0.0855794025393071 0.03995336323486758 0.018919678312236454 0.01397526510393192 0.029605339356666507 0.021791466293364873
70 0.014843570053348548 0.044039249478364885 0.0656858574937202 0.02087209356114397 0.03877386270836996 0.07750478839466932 0.07353978009069881 0.07264792015593446 0.07266109116473027 0.04346243394039285 0.046227692828567146 0.0023368725855110422 0.03237539944398861 0.04838264276121261 0.02005515724650336 0.08788361046557518 0.03094354180824727 0.072899754586464 0.044941059338964154 0.08992362189359343
71 0.07238694499167651 0.09762436264519135 0.08721153326131972 0.03531927416068243 0.00132337031529324 0.056334017507894844 0.08811762319316285 0.03642085338661511 0.049522864375045356 0.009607487719041213 0.0500683355636813 0.03849899852688608 0.0009300584602694356 0.06745803455406386 0.08473477761627676 0.00500704610926449 0.09100314777945231 0.041668168192528436 0.06136493796393428 0.025398163677720458
72 0.05160414393079648 0.04232134050879069 0.0480905377792577 0.05862359169676066 0.041352018935204904 0.05699552947575725 0.009638171423224227 0.0695022347905414 0.06650899562504525 0.09223641202899932 0.04370701684728272 0.022519340484042423 0.090717368579202 0.08970836183163865 0.03097039405056673 0.07224122827101016 0.010541503474693056 0.030133929295979665 0.0029143166372185723 0.06967356433398789
73 0.01863602596064983 0.04876950860811904 0.06611844812205368 0.07793437062064057 0.009076783045165597 0.07475098328114052 0.04315353073826625 0.08254768183893817 0.04568377492712199 0.01664584793985338 0.0883282512731629 0.03116279629989072 0.059428650271917724 0.06777227874651881 0.07696972676853955 0.05186863358416611 0.022061526736730612 0.05137692724414009 0.019726987695113996 0.04798726629787046
74 0.04105801840988323 0.07579388127753782 0.06500170081999655 0.09144992713291235 0.014272182311242469 0.09804372174142716 0.06644562251981045 0.08224492844760216 0.058813314497666226 0.08713408382541328 0.053017271826048394 0.006829874251217954 0.028201149380871947 0.05385864632725934 0.0224341595256179 0.0017205990087158886 0.040179271095160285 0.05062299609439176 0.05562825031891408 0.007250401188310621
75 0.07184817344729635 0.06570194967632736 0.04982116698493055 0.04327132660703395 0.07548857547012451 0.04725112601009902 0.06294951966754604 0.026475464789851442 0.028406098382850086 0.046850833896893124 0.04147983142909218 0.059100975578280035 0.03768190964030573 0.027933331022434855 0.07324569976230812 0.06529746651108263 0.016303301377031728 0.05347505801542128 0.06603484690793855 0.041383344823152465
76 0.0802750155023983 0.036642996698708886 0.05777734499192471 0.011876108316004969 0.09189873334910406 0.017366788262492792 0.09416756876627481 0.011787772514099105 0.030399856752645775 0.05808187136139754 0.054595301323830475 0.040261622937455596 0.044304172430739204 0.05166313092945816 0.04715281592140657 0.022578365331772526 0.044135425678189386 0.09634293339859587 0.0957615783254526 0.012930597208048787
77 0.04728417644546492 0.003752639602314497 0.10003246714003379 0.06777970302351931 0.10021735809996311 0.029564857211861226 0.08988318160639748 0.002341939718490935 0.021552522397669714 0.0013392780355258073 0.012829462026504299 0.0013054194473809868 0.11101636312002194 0.05391070012505549 0.015787409878769573 0.09462071513205503 0.07119076186987558 0.05530567139382825 0.030683198156451593 0.08960217556881644
78 0.004811559089063109 0.08710262922811289 0.03970959143270167 0.023689326444220785 0.059907662101114076 0.05358379938756357 0.01841504745310389 0.025470377311189285 0.028666437886510267 0.004147244687944361 0.10045735326793372 0.11221986141434882 0.06228824463411844 0.046193951540892654 0.08616575534187387 0.021667775068393805 0.103052835117559 0.004687801605065089 0.11151751766145879 0.006245229326832086
79 0.07595479587712377 0.018445649723269716 0.06644062018219386 0.029400160022025265 0.0018616938163242712 0.017819970133862866 0.07691747592338727 0.053511841026977536 0.056825870227340036 0.039755078245713116 0.08903416051759527 0.09833998821209378 0.03145664253729996 0.08766512957209432 0.06597549030738006 0.01304479119698931 0.05090343111801065 0.0029956458063522223 0.07814197345424874 0.045509592099718284
80 0.04831328392754076 0.07176401247727157 0.0171835780736291 0.0404134635641941 0.06390100805644718 0.04754191072324117 0.09239974815363733 0.07680795032305529 0.011546762420096938 0.008706531165323243 0.06808686555816199 0.06964335841676635 0.08839327862512532 0.003790664512181048 0.023442111929500384 0.07407242048336936 0.027519929635113696 0.05439084835853808 0.06467956877558362 0.04740270482122351
81 0.03674326051138334 0.06007047963070135 0.06225578642823544 0.06018322306819642 0.05242897967208276 0.08440786294138951 0.01072946330684536 0.059501081234950334 0.029886529664447225 0.057023142531410775 0.0022042436527639955 0.0554341159326003 0.07183973072358606 0.07291663820547924 0.007067071126625267 0.07033902605320186 0.007576295528213044 0.054052575392808194 0.08176807107245168 0.06357242332262789
82 0.08856859482143109 0.012514205080763353 0.01241602934933609 0.007756315928395422 0.015678535997189436 0.06433739244651913 0.026569134249935532 0.07005669201904532 0.00255396098640342 0.11564584799608085 0.0061452658788961455 0.05404534373642958 0.10083235462233112 0.06572941207391327 0.03760599741416133 0.07582580057336565 0.03991883960981126 0.10385665966251865 0.09201113594778147 0.007932481605691979
83 0.021020878735735615 0.05601796491366147 0.04647800128606809 0.07505769452906354 0.08061272236772456 0.07839939260829688 0.06805245506579695 0.007717685205231555 0.05506672029147866 0.06933050457659064 0.05004820511207592 0.049090282966386435 0.023752605633851464 0.00331155144207187 0.04629734989567649 0.05089046939341574 0.04414974209505109 0.03212537766504405 0.06462475932932872 0.07795563688745016
84 0.034304232960401915 0.08046726000610709 0.09691856624939486 0.06949015777913534 0.06741594781489277 0.09048141490470582 0.02801126795342055 0.05124866514995943 0.09581694912024734 0.004872034434491237 0.07772608539920757 0.012531300090049716 0.02587842655708179 0.015418587122912402 0.09913748089904098 0.0046350241903705906 0.02508743865876438 0.018163464493269256 0.007956231328356713 0.09443946488819026
85 0.07114366837210923 0.043987300925570044 0.07112639244617845 0.014598943436176461 0.08623554797769442 0.04992989613112252 0.049188099819968474 0.0488936632018408 0.007552069517895214 0.08258789326510273 0.021012467864905775 0.06167265233183303 0.05538856428105428 0.07481881206532913 0.038533723872149886 0.08220695065575918 0.004857857338657706 0.05544410968398847 0.07536049111346187 0.005460895699202507
86 0.02257416221453878 0.0662245391289842 0.017079244504191946 0.06202799827557103 0.045810815552814445 0.03901054738380659 0.07902827877600742 0.03605235772873713 0.04827343592109067 0.0682900859042666 0.05612985420432439 0.01244377549248125 0.04960863015517193 0.026231386704122842 0.058672230774565896 0.054165392731371165 0.07108627842231743 0.08256510466959982 0.02553496063832048 0.07919092081771602
87 0.020632466748925816 0.04259967617681653 0.04916316534497984 0.016206705355543114 0.03792637031231492 0.07572671262407085 0.028987734050584735 0.07192106803036082 0.004401392460672757 0.06027931945767949 0.08038310101582057 0.016066708349407426 0.004741679670739405 0.004473003327502155 0.08561677970786491 0.04019464464235169 0.10474449453081569 0.09369678148251408 0.07038296107316286 0.09185523563787235
88 0.04424179716292221 0.007223517666267091 0.08448253239590187 0.07542465116572508 0.02767640649861955 0.03689200690718102 0.05091452346565984 0.08253173369430197 0.07176215329285617 0.004973900983027367 0.020526016398604557 0.07908450235951775 0.08888306732730492 0.03739356966868124 0.05082646225298357 0.036917586526256076 0.05770122737833651 0.04340173720490987 0.05812945458435122 0.04101315306659224
89 0.08266687010460796 0.0685787889772139 0.010044707967504398 0.028041329949511102 0.07930439253045106 0.0544785381237312 0.04108097439160835 0.020309393124110488 0.017302260385617316 0.08353031420290798 0.01261767331054488 0.08218266354436286 0.06054738058479753 0.012715567342723834 0.014513696079627566 0.10249628513219446 0.047000356769195104 0.06551303671545754 0.028939405199103457 0.0881363655647294
90 0.11352106899312256 0.04275707271907664 0.002562369642540776 0.01733661099873515 0.031519328052354474 0.015923075640208405 0.08252540061626897 0.06261026983772111 0.07307866708916542 0.0749765100448693 0.11189887527760739 0.05357784235226897 0.06497672465550017 0.031783577761113624 0.009403365936563634 0.08631483649719059 0.021510433613403497 0.022146892914298572 0.03428444791093287 0.04729262944705799
91 0.06654243247319835 0.04444398589446451 0.08738416055132567 0.019122836276665174 0.07722111058221216 0.024157918656588933 0.029667502187406377 0.06851835335104685 0.017296755039773147 0.07201250086160826 0.04846119677146045 0.040583368740915074 0.039703461126687184 0.07187839445212325 0.01605814768916158 0.08911403906620231 0.06538696455800147 0.029740044552952965 0.05195604506809534 0.04075078210011082
92 0.055725936783643557 0.02642766014761647 0.007082938537003313 0.0058979816568457515 0.09019010447356153 0.03767478746317142 0.07756597290130024 0.04449014232643327 0.043198652864793394 0.08578294240773107 0.05293965408173226 0.055850423215117705 0.04159634891801252 0.04688731671958421 0.09651438142645392 0.053782247383849416 0.016118449705758875 0.059795474277904055 0.009415654231794576 0.09306293047769233
93 0.06753109957016447 0.06358855604287063 0.024522101934275384 0.04145313560516278 0.014125014662376761 0.03340928045083215 0.08847372126559001 0.060891834121999 0.07386942469836638 0.06651108973846237 0.0118711341402805 0.039684167600385345 0.07814874419985555 0.035616241783766475 0.08006978745432297 0.07547752552197487 0.015175602818390449 0.018738177697350228 0.07547662236774855 0.03536673832582499
94 0.08921531843409122 0.05766501646034501 0.01803893131708505 0.061293351219057456 0.05748732359117241 0.05357006926183261 0.044378351308051976 0.0830789635910357 0.025381586734729733 0.00861615669211286 0.04666335418538316 0.0055428159932046205 0.07858668430971741 0.10241627506529913 0.05678675482204418 0.09659866243775027 0.02165382960138861 0.07550851279275565 0.01580054257488398 0.0017174996080589905
95 0.0671047064569546 0.05827311096436781 0.004906222649719706 0.092084903429501 0.014172270090123056 0.031048803138882478 0.021315368424336577 0.054164116855487394 0.0696145278100186 0.008530677101115845 0.09283775624662514 0.06084074135684161 0.03477467491004701 0.032256394693720915 0.006360612679777956 0.03420142380137173 0.10147704253048774 0.08107493053447254 0.053380275591731446 0.08158144073441682
96 0.049325118085296285 0.02237859408656428 0.010764432553637591 0.08551984896958692 0.01918963101242823 0.0469249862478744 0.08105197886117944 0.06201873548488368 0.0653824031173247 0.08429232447500272 0.006969329068623688 0.040148662869830536 0.06588008488152286 0.07742016506643684 0.05454714707354773 0.08525201442103182 0.08427457010479575 0.047493196448536404 0.003312248543975018 0.007854528627920838
