0 0.003695083445820189 0.05948629000512304 0.05496905414065717 0.05878204113767473 0.05248614374872447 0.024021655206685453 0.016977181405921166 0.038376171200938336 0.08699734281741654 0.06573207509587613 0.04565780454320773 0.05085850247199909 0.05157565902619728 0.06382112688560138 0.07185802041051177 0.01990623705594107 0.010682253101036899 0.04916444906834546 0.0854640310564197 0.08948887817590227
1 0.016154473695635146 0.03496069227407065 0.0008753900854047249 0.058127893494879124 0.003748194900714442 0.06883848596028846 0.04482735890550922 0.04176067553837218 0.04158082378953865 0.02528283517807885 0.07491380577100937 0.07222397474020095 0.08995628272504658 0.08114490449303348 0.04946950790975357 0.06926312898996358 0.052103340097300097 0.0436751824572577 0.07618532076199495 0.054907728231948345
2 0.01903806560585172 0.025473603932206657 0.008186776244563626 0.030287513984169494 0.013659286555136279 0.03312658976251425 0.022992533802363015 0.08603198571588955 0.0815677612683859 0.10641106584412967 0.027672413189762227 0.050145734180543605 0.027550653947414218 0.10748007087268825 0.07565840225354384 0.09167824920115793 0.012019392448815742 0.05609439928848697 0.042865557773128934 0.08205994412924805
3 0.06011669903168163 0.08732703267937018 0.07186524046349985 0.10454809371445838 0.07397617206789757 0.020040570093530698 0.009398657341496433 0.06369777322787383 0.08785762503133779 0.0453448213771717 0.02780468520771775 0.02737508943992458 0.025957358603496933 0.03180630730232305 0.10227007383827791 0.01468844763694686 0.007488319805006766 0.0473145613721502 0.0763833917652793 0.014739080000558727
4 0.09824689057023729 0.0381798659614407 0.002206027509283393 0.05509058320184364 0.0340991967738333 0.0432487895360128 0.03644985115187601 0.033666613218606055 0.04182669172398564 0.04694396079694555 0.05090051388350157 0.04001260843364701 0.0279617810126344 0.07557779579521214 0.04857391614290536 0.09819405510257331 0.0832223782166117 0.01647582155567629 0.09823050342145742 0.030892155991716234
5 0.059850540481324314 0.05739546859901182 0.03647982982360511 0.017663840639001577 0.10703284579364986 0.010814001177754261 0.043162934673607566 0.008113113663882031 0.06707426321189912 0.07934344220116142 0.05686405462361213 0.09393590267962698 0.0635043456347373 0.06683995971421851 0.03411790904587557 0.04447794061035481 0.1065215915048088 0.0015175434274848465 0.003767679998609298 0.041522792495774605
6 0.034653597081002435 0.07271398217704747 0.04940578741577921 0.012932173512871575 0.049733971229364224 0.06527333396245841 0.014092107861198341 0.04348857440201252 0.05991643366645055 0.04619821909890685 0.06891645916557844 0.03586391145676302 0.07131452812937282 0.07005560821413608 0.06780550573908685 0.04705502660629639 0.016788625606779024 0.0650990400494375 0.05479638047237478 0.053896734153083416
7 0.06794690362813688 0.05431915017242723 0.00935269194420897 0.0300730679689068 0.0928578384980931 0.07381638731719567 0.07667234421449222 0.017476388968390506 0.009128778269752677 0.11657349808486658 0.010947799451678529 0.0045321834567397246 0.04309349255119098 0.0005519125090306721 0.04262817438960963 0.08415746645573098 0.028753129156973978 0.08236378053446652 0.054585929965115784 0.10016908246299264
8 0.10503639877538808 0.012354125236370415 0.06003215358506323 0.06929910459839839 0.034026496411944905 0.042765069221464044 9.653663038397114e-05 0.012982591697447183 0.019324357008256948 0.09366926021492382 0.003940436655426001 0.03725131682768327 0.05407906718539346 0.07070597071404046 0.07236815026926392 0.05263697047807882 0.09433773001197039 0.03815037839267661 0.08538288740028267 0.041560998685543464
9 0.04634247677249333 0.073753156778658 0.024248889455699734 0.06637512481893791 0.04935698350818913 0.01705498053622562 0.04379419256959278 0.05426528837442912 0.03292740407938633 0.02932665294349952 0.05291487146132876 0.07890174358884156 0.08030819706194976 0.07423441102687751 0.03876278288664011 0.06237335554540413 0.06687186866087075 0.05116085142367839 0.00524988922880911 0.05177687927848858
10 0.13240995486809026 0.05332387328348397 0.1287092864409632 0.03139988698160808 0.012398783584683139 0.06295123951646114 0.03019117249076535 0.09245032084460277 0.04197431280874782 0.10444085149828662 0.0035598982710257597 0.000680113367065038 0.04714687328380346 0.003662273822613579 0.06667117077461386 0.06859905846195008 0.07725142160421761 0.02915139093389829 0.006255589402834399 0.006772527760285519
11 0.02371867023836632 0.07549635769301553 0.037274561293636585 0.09329878076957246 0.04443494605676023 0.08025336001569647 0.03107569109230638 0.09295679703784851 0.012337186740448775 0.08920156418479643 0.041204161057887524 0.021732389880817018 0.03707095227239335 0.0840690870527354 0.056558296117121 0.00727617020776 0.08823684494635561 0.029385406984652956 0.024251160847901267 0.03016761550992822
12 0.03161997516156665 0.03962076130328146 0.005203454616898095 0.06761032769893024 0.03816892304191203 0.07555400146960137 0.09593252563591835 0.027758307810738007 0.0733646449213828 0.05782159142832412 0.08344990223120655 0.06310035970104552 0.048852784043179984 0.05484373261053493 0.06377278503847894 0.09343187818230507 0.00863543623621864 0.053693328841997325 0.010504755392117954 0.00706052463436193
13 0.019316224059823212 0.06369539142486683 0.017995998494017736 0.061840852619920283 0.040620225231458154 0.025430448048750158 0.06325932047712164 0.04288194881755191 0.04098994509360278 0.08586569220934084 0.05083131529780837 0.022249212560319993 0.08506752944575928 0.006913483232899891 0.08490475959133423 0.06597880517233687 0.054991300835363674 0.03299205028031604 0.03263274710150621 0.10154275000590192
14 0.08406223844320102 0.05759314546909476 0.03166284806181464 0.02757995897438879 0.03927070183976924 0.06649922251524006 0.04965008191503547 0.03821992576678861 0.001418281947629112 0.08191175293848137 0.06571112668313432 0.07324699483135495 0.0655423607671925 0.02627894304990062 0.006109498787812549 0.011727504104318408 0.037968569791381336 0.08348368501695477 0.07493570074884076 0.0771274583476666
15 0.023177796693597177 0.022222700242314528 0.08143434149986335 0.03677631515991225 0.09351249665579843 0.11528671683280012 0.09411104436925044 0.013903394125873027 0.03135369643314703 0.0051313850372100124 0.027923437537928603 0.07099636024487047 0.006648852114773676 0.010951780546895364 0.0630819876787524 0.07583624963187081 0.016752960950182808 0.05620083936695863 0.08969929544376248 0.06499834943423854
16 0.04038030553535032 0.009488396286861682 0.06234408066287847 0.038391539043462014 0.04510335062845278 0.07523801441750089 0.021898089324085036 0.057335313388545195 0.004582012226503321 0.07458792270572502 0.06013435095885021 0.08716742351010291 0.018546745747850348 0.046127441068782374 0.08489819030495048 0.05381084646438902 0.041472122998806774 0.051848202814968596 0.058463487525215824 0.06818216438671898
17 0.01590523814447173 0.02832530633828569 0.027114122465334112 0.07951114168534139 0.09302755197531513 0.04719829574028105 0.03298594237812937 0.016657681022137688 0.00439051078591593 0.08307390058097948 0.08742247171922204 0.02522311580482358 0.015568011105434617 0.056453076211984185 0.07660343809948716 0.08231888383328849 0.1027256170250838 0.03734545402676957 0.028124841376028942 0.060025399681686145
18 0.05246348149714128 0.011276726732165732 0.001348833563629346 0.08245524367474032 0.06356703200999417 0.04506564946577321 0.05704570053637137 0.014094389373752817 0.0760757925125952 0.0526320740673184 0.07404394355143841 0.04886257143287113 0.034485647290391955 0.021608949254624036 0.05601116102486081 0.010277874828361915 0.0876440233043598 0.07622279370713343 0.0940997337178538 0.04071837845462293
19 0.01349769464857514 0.03787722880751808 0.0852552347720657 0.08258292555662398 0.053013529006000586 0.06186969137689297 0.05477322075863162 0.05455028558001292 0.017188314787353016 0.05080101568683133 0.09608846088132227 0.018166304969713186 0.01988564738231854 0.002763260121151938 0.1116599393530575 0.0009976985456633565 0.09778262138386376 0.022314724438090103 0.04287618120473217 0.07605602073958184
20 0.01562066179531813 0.09457724130866112 0.09743180802886327 0.021391515730419364 0.0483289120244234 0.07987414819943166 0.08148468922667719 0.020941250524297083 0.06295075929213001 0.01292356159007304 0.010085574497514066 0.005423857352158723 0.008011165021177612 0.09393505792687634 0.04692369198248831 0.050442988723519294 0.0563002030173141 0.09047257400496962 0.07695627597771658 0.025924063775971094
21 0.008403062141831607 0.031812823340524155 0.08660057314549223 0.009723246005780397 0.062136224003639856 0.007889303490226362 0.09760738502470584 0.09070083796157308 0.01605948120095544 0.04667558892645438 0.03753368074144293 0.06756274885411048 0.10595010225491033 0.05742876080355701 0.07535949128055028 0.07479667620748234 0.07473521063617662 0.013346689818106855 0.003309598803377031 0.032368515359102665
22 0.055460752222197526 0.019776651732763915 0.04990409507512996 0.040375111434825466 0.05126837967294805 0.010843160716195214 0.06160686196119431 0.004569739170608747 0.051151080900139825 0.02435626220839334 0.016517042152553094 0.09597681091637975 0.09983646112181223 0.0899910011806594 0.06354132546232703 0.06031718633299241 0.008314176092591765 0.05654019033140545 0.06380830976487582 0.07584540155000648
23 0.06358964895993262 0.02538266036324707 0.08292789867717643 0.035357039354424455 0.03045974116316424 0.009745291946889112 0.0680092772659109 0.08023618325814771 0.08698019127176737 0.0016058081549224557 0.04547770585758165 0.08690837956732857 0.09418747434447775 0.023300708359936386 0.04936726784169224 0.0029399501765677576 0.06396297398739441 0.03747571920485904 0.06446412797989412 0.04762195226468553
24 0.030973921316669283 0.008680549127458479 0.04588768319680876 0.09533404208094097 0.035287025424659946 0.08187468150187702 0.020660315984302027 0.08057101304240331 0.06563324670271665 0.026794403838342362 0.06004685892472175 0.004859987573410994 0.09384493077503585 0.06499625788877236 0.07312669694082338 0.07285864455868168 0.026615735540148934 0.021091157115519673 0.06843062786350868 0.02243222060319796
25 0.04362391985016151 0.013634397787717354 0.09742472306312186 0.028463427930489824 0.010966442588066009 0.06859512152630713 0.071308850731511 0.09265752111622459 0.03997783964566825 0.0857175804483496 0.09338182188900351 0.0214387771127506 0.024994298038357083 0.016008723018834454 0.03835734374291749 0.02523683275779232 0.08995705650819803 0.03735393973312536 0.08118852282211082 0.01971285968929339
26 0.004133094768637758 0.040925723547856445 0.07171813957100998 0.03785025712648699 0.07079486639728864 0.04762479547140728 0.02343990466976251 0.027127599567417594 0.05840533155669799 0.07815269913598437 0.025430071195918717 0.055623608358978796 0.07822061810406361 0.08638838200903586 0.08530333312904353 0.06908174348440253 0.002997108783798114 0.04741406082987096 0.054275162754112226 0.03509349953822612
27 0.06253842415966343 0.02211741853194381 0.05097329845260679 0.023555008888275747 0.052688407291189114 0.053208024221954746 0.04176031052771928 0.0334844891064716 0.052913405806419345 0.023318758932884546 0.06905834464292757 0.03764119539627754 0.07401884803998866 0.07997466550165183 0.0728908295437729 0.07979719132401185 0.07068727387061838 0.0023461220157087116 0.047636028786170403 0.049391954959743745
28 0.0741091177638307 0.08248783703654868 0.012709259661582822 0.01880582799923056 0.08800086365345094 0.08420411231712366 0.035286754368768845 0.03190665456776479 0.03628307288033039 0.06652044604494499 0.09606342422902846 0.00439706141807184 0.050421917417076405 0.005604173385864412 0.01079072463445914 0.05205160812887804 0.043408649034047966 0.09037502022585542 0.03091051849064146 0.08566295674250057
29 0.03712522550626963 0.09835991067509152 0.05133484742619649 0.021920728483072076 0.0015889721329443271 0.055769299126339635 0.01572638214094109 0.04522441307827375 0.03560196436330173 0.1001986963228595 0.08412962140805383 0.03797622208590158 0.04415113288753258 0.030138348196049325 0.09349943706828458 0.0015284094688353981 0.06987325674026112 0.04323886187690559 0.0866207725202959 0.0459934984925902
30 0.0001362805911432107 0.04346718135347304 0.07172567020799589 0.017010286232701954 0.05668556493745453 0.06404487128685728 0.08735791909234111 0.09561437015714563 0.053071521700047045 0.05430879718964173 0.038224901137468924 0.04158407657288578 0.02342303343855479 0.060754667704716346 0.020141095235973253 0.05913410008839715 0.05775447269429553 0.06905730596893082 0.052191626816458836 0.0343122575935171
31 0.04645766312966388 0.0460702087767884 0.04863714610763659 0.08459792957629242 0.007794779080857918 0.06451782758134779 0.07145566666917559 0.055001134903705354 0.003613995616257311 0.00562692677625726 0.08179077847096278 0.03166808384376431 0.08373836700603621 0.0766700442979993 0.013295328111603784 0.07156476476240706 0.0006225701335297916 0.07618741980606993 0.07433978592006403 0.05634957942958021
32 0.052453405786244287 0.02154163184128528 0.05268317014539446 0.03706096633290199 0.018997238563307615 0.08802738438232505 0.08489291229804813 0.09379446446640473 0.044485576427724986 0.02210068036995465 0.05375598226913612 0.0070058084712861434 0.052926037142063675 0.0013451941214461343 0.09324772589879247 0.09155703509693888 0.04090950128551058 0.0580674335385813 0.00435727075067889 0.08079058081197456
33 0.06526387821383366 0.08134750644044755 0.03336280813835292 0.08180120847226327 0.027255977975651303 0.09437460637037358 0.0017004076999740405 0.08354961695793596 0.06855203389358898 0.056221817405144286 0.03246423667670747 0.04058185700179856 0.027758857782818502 0.04329712134994884 0.08190111928193747 0.09135905136146139 0.0011898192683829252 0.0005569389282341865 0.019559687582473086 0.06790144919867207
34 0.018264919587864307 0.03349214975532729 0.08958948048998576 0.09068835419013263 0.032387278620925275 0.005395766952312836 0.09401196962368756 0.05453102920262062 0.019567704831140717 0.055830614543627234 0.006037629697216655 0.016892362138740517 0.0022491381011854237 0.06458243740332592 0.07026977145619705 0.10118186064855156 0.05903952997065156 0.09942248472784997 0.010498946757338678 0.07606657130131839
35 0.031084819115649618 0.03594869010887248 0.04057208053378554 0.09511189665439841 0.02107033118122171 0.08020832510198735 0.056331743979869786 0.03449218975456028 0.055278919884389606 0.07179666102873197 0.06234024335129827 0.028281449205338025 0.017601331141652327 0.07472432872219192 0.003367660458552031 0.08061816924126261 0.08213647242658381 0.02823660068605037 0.07612992216740658 0.02466816525619735
36 0.017704050266324434 0.10895081889003205 0.05782104763292715 0.036273116570980674 0.0999975880322894 0.056304496936093705 0.0993993790409397 0.04901371003047529 0.029755685825668968 0.010809672017314989 0.07015281217540975 0.034847429661367946 0.08976500721007352 0.03774096301608086 0.016117342525386224 0.04099446651515522 0.0031462360887779457 0.02998489517129034 0.06822944702627642 0.04299183536713537
37 0.052630830836148154 0.014417264166501012 0.08603378873379314 0.016307754315495925 0.09634256625628614 0.08336084664590548 0.046028514244996835 0.04001049568255593 0.01456506370363204 0.0034182954567323707 0.077361020755807 0.07110687514530088 0.05585386587832856 0.002285522519829592 0.08074978236017971 0.035044591928491214 0.043881016016646276 0.07876719698332532 0.030511489502723907 0.0713232188673207
38 0.050212618222010376 0.089594099496173 0.029442452565328226 0.10413319470405906 0.004380982966985881 0.08178883969172131 0.02383239373790826 0.020805202597722665 0.028081681585053562 0.10142174839197772 0.042431527584688156 0.04271275268238253 0.1060589742373143 0.05393372660010786 0.009268475432342096 0.0008934723579445468 0.07866781828345304 0.02075222583242844 0.06560143605420461 0.04598637697619452
39 0.021210332868159397 0.033412152518056876 0.08426642163821524 0.011007561425897403 0.036459577335642784 0.08127355046309888 0.03938858987530654 0.012073790236783071 0.04799692761077758 0.07824187604591042 0.05505160096839986 0.07281710738323428 0.0854385074853669 0.045748783157282084 0.01247908292804245 0.055577486096381176 0.08632747293750541 0.016502018845145214 0.050139166151130586 0.07458799402966393
40 0.08537513251175138 0.08499469950655661 0.04279644192768258 0.043782116386778674 0.07623384354954293 0.056340983019781736 0.03689695528562064 0.0035520662960841927 0.041769880221173 0.010352863131100225 0.026889726737075164 0.027673599051513172 0.04792126738221315 0.0789253961677427 0.012887784723158548 0.03579593329182663 0.07301447820412309 0.07898406724832878 0.06464986917070427 0.07116289618724267
41 0.00505938995708121 0.043010798466173596 0.10178480588598339 0.01851300062702362 0.10410855494144969 0.07682282559316835 0.030124763299686434 0.012675184815194272 0.053169307409602865 0.005488384835431256 0.09383801047749621 0.017823714019153843 0.038982337643795814 0.04771259271933704 0.038876773280830765 0.10129221339004357 0.06067333884245258 0.027173844415284754 0.07188780349645148 0.05098235588435919
42 0.018974432758885086 0.031260704440266726 0.11063676674733092 0.02924825739639912 0.07609376735630617 0.03359395554382503 0.02375633534082199 0.024113812124294837 0.032141270552705 0.06450954721174718 0.11046224412038354 0.02943778366323642 0.012515614428098424 0.10803384010100987 0.061399563769756325 0.026307596935576126 0.08240626424252073 0.015194770786152148 0.014967226830027422 0.09494624565065694
43 0.05171343615199814 0.04785841107962353 0.07717671763940119 0.04694693626311684 0.08412224894698254 0.0211686091559813 0.08437310449262651 0.02519964731359843 0.05555933507600204 0.09528275364207581 0.04430842257796456 0.0479216770421916 0.03544101233427378 0.06928171644715074 0.07886325885202224 0.013970657201735123 0.013328067223655942 0.08540936692586835 0.00823581384317643 0.013838807790554991
44 0.08696384046860882 0.07155079629173583 0.00027252823430291953 0.006312382251031277 0.08066791025857502 0.07114985242282279 0.08402719006620017 0.01253483686203612 0.08071224452357185 0.030746718726843758 0.03317067285667278 0.06881206334435297 0.07815575077029337 0.004297304468153319 0.017229147984973936 0.02282138270625094 0.06826465988289906 0.05617207847460965 0.07106399291350392 0.0550746464925614
45 0.05348189015902632 0.08021843457944779 0.09430885748834032 0.03229943079231418 0.06480300980348762 0.0363177928736293 0.032825405850673416 0.04124086633547583 0.06379272761690798 0.027431964101549907 0.009011389912948217 0.04098216879950648 0.09793093127193511 0.002054136314311938 0.0015738572714730401 0.002995793091164442 0.0940715812933929 0.053776718504386894 0.081808777598124 0.0890742663419044
46 0.01979245329593812 0.08184366481003229 0.015757818896490222 0.08398292168623465 0.06212886272982438 0.08122585925551956 0.04940105357962485 0.03868334609295317 0.0801953316049023 0.06832037032568058 0.05198346239938116 0.05664702917540516 0.06647188924165516 0.0429800212180108 0.001068476324663067 0.01658095560559993 0.06646525099653024 0.04142265625566747 0.05602029899067237 0.019028277515214662
47 0.05069964485867604 0.06350269018387122 0.037681901040140464 0.07281916690468827 0.07348314516728832 0.014979061152129663 0.043883462783873124 0.004714018715869672 0.04227691000456367 0.07832526694033 0.010254112870271835 0.045107941530409305 0.08355556572137615 0.00081705191444394 0.07865002956425626 0.07846726221509011 0.007460717937296116 0.06593781005732764 0.07902736002287501 0.06835688041522298
48 0.02401641892613079 0.027205447305707047 0.019076850750829984 0.07905032307005275 0.06121054060970164 0.07568851520364234 0.03211778430614638 0.050809971498110326 0.06924199974690116 0.08920136105845597 0.02881343143661023 0.06073516791627377 0.07305235813655526 0.022230871536903177 0.052300571349325024 0.024937317971656617 0.033422283230457685 0.08040872868035509 0.018333223182651476 0.07814683408353316
49 0.032998629171075454 0.049409414853593035 0.057277135639968994 0.07193085220381136 0.08330663779372557 0.04522517744725439 0.05013505013960793 0.07267624064799767 0.026514278826010974 0.08493092255482619 0.052309817492189374 0.08452843711366229 0.01572624182294764 0.007038364848028236 0.07207983238355589 0.025405863122819464 0.044538262363949456 0.013180232280747531 0.04294038764701953 0.06784822164720902
50 0.053593636506955936 0.06682267755731965 0.08095971908472398 0.05680930357035877 0.050652713386401746 0.012392513291201484 0.06442204019091544 0.00917846088362868 0.05012889566100582 0.08473947069770461 0.051237196105933205 0.0655338472743709 0.02755879057908554 0.05706472415584513 0.046322235921513195 0.03247701571362445 0.047117282922256164 0.04405642519223977 0.08197217872769678 0.016960872577218775
51 0.10297809387176089 0.05400278451515303 0.05737630429298928 0.06078838032241754 0.0028983471955219124 0.05990449469239311 0.0304746599299094 0.033480897570928626 0.03372843025076557 0.006717307560273207 0.08521621629103607 0.032923081229058224 0.010336290291301137 0.031740656432313656 0.09050561361615243 0.07767203228431452 0.07270501589959068 0.01920732341793316 0.09147699170043798 0.045867078635749334
52 0.06486573873374384 0.07068482065231074 0.04994630813836894 0.03695659418569677 0.08252568052616373 0.09751082414404502 0.08877843426531362 0.0038542022905874713 0.0659084404790916 0.0011480657916811193 0.026120700549873147 0.05319369093075819 0.0156056650114438 0.01568645510506737 0.09625759994937162 0.002577495503341054 0.09282168119939636 0.07109146238500466 0.01927942129014057 0.04518671886860036
53 0.029519892104242964 0.011659250248794618 0.045723462147835084 0.09151706600956633 0.045118398025319716 0.05656832089816833 0.07558134892637589 0.0841926534024794 0.03903025579868571 0.028967202354862144 0.0016419579936136608 0.046197855836841 0.007475103152875941 0.08279169486700895 0.05798010034097635 0.012241920470380592 0.08082494637088558 0.1085087484482445 0.0834227772557814 0.011037045347061755
54 0.02109795884894587 0.023490509161785935 0.01606401466781691 0.007676475781099062 0.051895184527777846 0.01599632223995912 0.1263172186090599 0.07937961476115261 0.048828263694767136 0.06553992658640986 0.04694967377561903 0.045103153391104676 0.021569696323054867 0.002277467955604478 0.030166299605057942 0.1086867007914143 0.027350470107979467 0.0935583798612627 0.06072822632471714 0.10732444298541098
55 0.012171653905587347 0.019222636540451324 0.07983946274384558 0.05249922189683779 0.07961546631262552 0.016821461532237996 0.03058960798427763 0.04813160234038504 0.0035212410980265396 0.07302114520683038 0.08551199526123207 0.05414190490915782 0.009133264136761372 0.09097000049253763 0.03214642703876209 0.07021968928859589 0.0761468482523946 0.027582655092121336 0.04997013998377198 0.08874357598355988
56 0.037240951311040514 0.02396557860983561 0.07115668566693904 0.012960546288194865 0.07227731349387681 0.038684540767494766 0.05953822260283526 0.010874518243722814 0.05776190141875002 0.07802179558111999 0.012396164018051924 0.08812041665344264 0.06263293386556854 0.10956248672920436 0.028673611653798524 0.09283834309590926 0.0376724577708754 0.07349831760852578 0.0019448054636518283 0.030178409157162134
57 0.0447127935311568 0.03712104317313368 0.08125972247052357 0.10491823704377491 0.1363483851741694 0.02616182283416677 0.023196356311765514 0.008462555993356172 0.009509121360791337 0.019774757541515475 0.03690630499403977 0.027821178231642325 0.0090698501179054 0.16770514064226574 0.011255576673132891 0.05965080602532693 0.04918617223996434 0.0047861614683253305 0.07503749147239341 0.06711652270065041
58 0.06645205088466272 0.05183889080809848 0.07946094090864073 0.059546219158870935 0.007072889662688725 0.057859189711984546 0.05128081958466852 0.07294422061197676 0.009921413956054469 0.01641178578776158 0.08182456691636887 0.07272663417029135 0.006045628166062635 0.06722404605393105 0.048677687453714126 0.06289199881931726 0.049306273313464745 0.08044234468283241 0.031937147013678266 0.02613525233493181
59 0.10470464728496501 0.031741910672246576 0.0489042398616887 0.07749464756533934 0.033467960725652786 0.025388667919410326 0.00038324280829912094 0.012687847442948229 0.008128395037729661 0.07056256114124311 0.09452052631707424 0.05016680532900471 0.01834746481609927 0.02772898299087419 0.045122840617929365 0.005218056270678705 0.10130140570509956 0.07999856526360903 0.11250993644113255 0.05162129578897551
60 0.10433899143689775 0.007526136884571377 0.03877025160043599 0.0527752374431488 0.013583449853433438 0.09610668377610176 0.04204837813228335 0.07605005337863742 0.011654811291817797 0.005076293139241746 0.055588479022826404 0.03782888739803116 0.05697568740061633 0.04980936731724331 0.11017896042000933 0.0903935218644335 0.0289632341926693 0.09864951870207683 0.010123119257110279 0.013558937488413922
61 0.012758943652220035 0.050018141197715874 0.07325581200248193 0.012905128726630397 0.07631799702779621 0.04182395480470625 0.058474839597719874 0.08223784142616913 0.056946197575641774 0.0677779823616616 0.07811013460535614 0.07403303828073844 0.02412817662294089 0.025634453048549583 0.04144772298403886 0.07950373225760171 0.032446229839633835 0.04422213367697965 0.03675669592594143 0.03120084438547639
62 0.016189075500217164 0.04551661995706501 0.031043127483485165 0.0010310960593807202 0.06376628737906868 0.04314474446376867 0.12873451172514502 0.08698476120598848 0.0999725826144784 0.08406402010150049 0.040875374594196816 0.07140982458250947 0.009844883955156427 0.06839558259241076 0.030219469380341805 0.0858991398926504 0.002862718715875902 0.050908529572586736 0.005887149630334818 0.03325050059383881
63 0.07386970352722934 0.026934603961739963 0.03770670101680464 0.10424716265243776 0.012341857186885075 0.1072610019348065 0.024466971249562892 0.008844478107072128 0.07937411119108849 0.08194281005040961 0.054253451404904715 0.05440800385798615 0.09903996121148849 0.029333416868176806 0.04595887283111772 0.03321067048172107 0.014120334504123646 0.04476250386743014 0.0358088923574885 0.03211449173752634
64 0.083318141732379 0.05102938391197853 0.08550637795206667 0.036347620855516106 0.05512563012915329 0.06992358635726256 0.019416527728888612 0.04033275242904052 0.06918564227874548 0.0567820860067125 0.032974732580293035 0.018815039518018512 0.07196225954778443 0.0402178562094988 0.026623689615757645 0.045153460747342916 0.06235731609833833 0.021850662979294302 0.08341251684613789 0.029664716475791164
65 0.014691219293401682 0.06283732808425184 0.0313954200405481 0.0990781626202386 0.03258581269004003 0.05728172214130416 0.016322735967869758 0.07114581037243523 0.0883431875983601 0.0397346574002884 0.048552550131779344 0.053937390937203615 0.03685702234423131 0.09680472581297307 0.03515844732081185 0.00651823524237817 0.030747214370025134 0.0971841563540849 0.07303620525799102 0.007787996019783753
66 0.04595563116746302 0.07593092691762678 0.08743535812448325 0.00901113994588 0.044362093458910845 0.08815676325100184 0.06165754346097407 0.029045711673355182 0.05525859574128919 0.01953324616878757 0.021850976186281804 0.08622020985106191 0.05574010614727114 0.01798377097943893 0.04710982654729777 0.05068565700985831 0.07723502685179158 0.0585256478133394 0.038904969511599115 0.029396799192288183
67 0.07248051106520624 0.07843049919808341 0.01085026326528445 0.02025929291117443 0.02317740459826226 0.06171905529717382 0.006253028001952231 0.008116451462353678 0.08673190410022108 0.043718881833988206 0.05462905442553388 0.09271496510490397 0.001666122551765592 0.07731939026087736 0.04513052809428222 0.038086644226460915 0.09506569932599238 0.04870334818698565 0.03389689621719779 0.10105005987230024
68 0.03297902361181562 0.07777364837893652 0.05524032349491952 0.038651882588780925 0.02827303420145349 0.06555664113292473 0.10774657759393161 0.004746382896521234 0.07787096999978514 0.037147982588091065 0.061519892237956404 0.029619978624672454 0.07396673485527293 0.04651323868191932 0.016726328208280454 0.014522716479327543 0.09671287095734851 0.04409090560421592 0.02345801174570833 0.06688285611813823
69 0.058245670254705804 0.04300707527758126 0.000919061959787487 0.0207910170069309 0.042015027024439926 0.06672096913908812 0.11470704982643462 0.006003668265192776 0.04662403776320322 0.07634351905945408 0.08901504869031969 0.09026595035926552 0.07478906208870033 0.0007123939162427495 0.085052244642393 0.020763889286246465 0.029809893738347335 0.07295232004049348 0.043104895712164026 0.018157205949009173
70 0.020744786467053876 0.04048296488962449 0.07956845308782784 0.0840516048257942 0.05050650332019057 0.024611359277216593 0.06301089344472048 0.056165654621150626 0.07373474197323038 0.02255030197830068 0.030019959734364887 0.016331866558589155 0.06620497472389707 0.050612960141636715 0.06077247830369332 0.0763356812034615 0.038347379758867185 0.0373444302903895 0.07048748835907333 0.038115517040917445
71 0.03820443860742253 0.037081421757314735 0.03861168699082045 0.07167693524263412 0.017052490561985854 0.01898180191254843 0.0747970076009498 0.043913712453725946 0.07747413230600135 0.09695513208044892 0.08382042058682142 0.09132247534000834 0.0034024861928996434 0.059317878777286795 0.05232294157509786 0.016284135521792448 0.04554675619067554 0.10437202724854036 0.009171317148668708 0.019690801904356698
72 0.01345562007042017 0.09323571960236375 0.0945053392502256 0.09567413739206261 0.03699201288962962 0.0183574148792172 0.007351308094922186 0.027016596558060182 0.08894873438794632 0.021158685135231767 0.02069249237644051 0.05459474256024293 0.09585117852135817 0.08597561372442278 0.0010610655924777723 0.014806032280153454 0.04998168981236331 0.025098594811339754 0.09296166085579181 0.062281361205330225
73 0.02320269611608283 0.065218497031436 0.01484507651109952 0.03356127234834454 0.004502471158339187 0.014281037745672819 0.02617511005175793 0.05364398468127481 0.059829938106091156 0.08485284017233284 0.08121660510193983 0.05782995916524585 0.07335002426278499 0.08468891170341841 0.035072121284860105 0.08350684663851181 0.019150701110770177 0.07752041009458688 0.08358898628901962 0.023962510426430925
74 0.08043912316138525 0.04833474611044473 0.021828351263414057 0.03691876610992682 0.008411170550332485 0.07710633925324731 0.029610377283148418 0.06869220493157337 0.05531227652515148 0.07845789018375343 0.06003587453710302 0.05586125941210337 0.08365156880261884 0.07558437437265156 0.04171867511172795 0.048516386575619075 0.03285857950130906 0.06496036361311487 0.019868332169078698 0.01183334053229637
75 0.03567528658726929 0.0011499289896843227 0.11711350170630809 0.013871112658538095 0.01767547106873671 0.0075523063607797905 0.07396516179873884 0.09412073361904247 0.0178450501602151 0.09212304567334241 0.008464346227574585 0.08630465848057492 0.038395065473391735 0.05827738390143281 0.005812014958828746 0.03796524097624815 0.057147828141094946 0.11593968835951421 0.0914733705713339 0.02912880428735104
76 0.09526234529950463 0.02419213058420612 0.06304283639313883 0.05772944118517382 0.09117125699120164 0.011224160414978222 0.06777840458645218 0.037364861966609215 0.03522465323245293 0.07371221206244924 0.059236779315749555 0.05697478643020369 0.012243629921753084 0.004787067285986212 0.0261047739464059 0.038018858044925705 0.1148517966504445 0.023695935924239027 0.029648859786932363 0.07773520997719324
77 0.07530362232735836 0.061851578063342905 0.06315473549075595 0.05375374567993333 0.08712654398303776 0.08659861542879499 0.08652388691132228 0.04818409564546188 0.03575175324264457 0.07624228545728425 0.03966112816435384 0.05665606207120524 0.024032302933179265 0.08982787313619947 0.010139242107367743 0.022297417004379434 0.015562112590683531 0.007182703695165182 0.019943208258060473 0.04020708780946967
78 0.013966697185040117 0.045078660383165235 0.026149066560721326 0.0041806282867987415 0.09117224772813423 0.00799299607727409 0.03502438633292853 0.03617492032030317 0.02696374320303659 0.00034262963722558296 0.002797339459045283 0.03897118612449619 0.083487335640686 0.09111243617247458 0.07369772186293555 0.0956836436882765 0.0988632344509246 0.07219289814049658 0.09640062556069165 0.059747603185345305
79 0.0410569196683886 0.053723970390723214 0.023783659184512522 0.023892696487510374 0.08472639759075068 0.04480478929831826 0.03847818488553106 0.06420446225343757 0.035222586925915504 0.08657286870079142 0.03149083965334684 0.08082852709549392 0.038219601633054066 0.049897903578548 0.05788975553694094 0.08349148244824892 0.029658686490264766 0.03862252462061969 0.073179661366608 0.020254482190995782
80 0.055449158193807156 0.02988458641908354 0.077655378156049 0.04602580187172588 0.013557823295927795 0.032958711451274034 0.08635199262507416 0.03336722599415037 0.013595235333920066 0.01983101764131848 0.09831417050480652 0.09276776795500467 0.009384331547702953 0.10818342990165745 0.02684484336977713 0.001141686526723215 0.03179976148823203 0.059970580069650586 0.10392974015920609 0.05898675749490892
81 0.033738270600581516 0.09090486352065333 0.05020365359658995 0.06757427348266132 0.05187090884280139 0.07497933036507487 0.057724873147534814 0.0581867108232896 0.06780585768300637 0.05881678624559852 0.05134859065416509 0.028244165306799136 0.0605731377483166 0.06573059859073614 0.016126836889133644 0.039649259666613465 0.0011589866551299345 0.045978044733155594 0.04220199886102277 0.03718285258713616
82 0.044100241200833515 0.05255376689382685 0.06315757374079997 0.07378293583838122 0.03225837550815714 0.03977925260071883 0.046688877017913966 0.028852349749180883 0.04017833673821079 0.07510155997063456 0.06928266252487872 0.022584755299507746 0.0064238132047554925 0.06081530978677003 0.06605268438129437 0.03584260968249593 0.07042133374861137 0.08081732129546353 0.06149055937493347 0.029815681442631563
83 0.07023898863184021 0.040036007856406916 0.041464963259404006 0.028451967190111994 0.06458511876495049 0.0553086530715794 0.040948712199342 0.05530396464846876 0.013093875533052348 0.04109644707733194 0.031746709446323636 0.07699506772481564 0.07566564343723776 0.0631583021029239 0.04783887958104189 0.024316429042330147 0.026578911767215555 0.08195108746800536 0.07449665989590097 0.04672361130171703
84 0.08893836868659717 0.0885051280330765 0.07172069293749957 0.01292059215727492 0.05124842877668106 0.008358272001448196 0.00033077727460392904 0.055689118217849706 0.02437627810546243 0.019556972417396627 0.07988121677953676 0.05836075721267559 0.07787042376990487 0.03395343017382134 0.07047238262381615 0.08494396176513405 0.04664361055070403 0.00524912707996526 0.05930765791457617 0.06167280352197562
85 0.04938152214602389 0.0355618310530595 0.005324488249427294 0.07593461186732775 0.04485418046779209 0.08348270840172067 0.023572239221961166 0.06495211553558838 0.046018188711085775 0.0654783974171043 0.0519503623257586 0.06399289384466213 0.017668258596699748 0.0833680685461584 0.04786109128187959 0.0362929401289024 0.07593492494447034 0.00038442808075169155 0.038920879128931773 0.08906587005069433
86 0.08928122934908748 0.04616821223357849 0.0655375409270359 0.04965036607286431 0.0009754206372712517 0.08329583188953855 0.00801158475209811 0.0636269688360346 0.04902999866771445 0.09011900664077509 0.043198200897262624 0.05322805023883043 0.026195290298436643 0.06792650183682075 0.031774250735028195 0.08968340940152193 0.017365579050488616 0.07318260381696892 0.05009425281730373 0.0016557009013399508
87 0.04049722447350588 0.06597293387803235 0.06863224239958862 0.030732148070076397 0.0861034012822673 0.09737507049628737 0.07516716406812374 0.04456888631212081 0.009447391579866307 0.006721347773258525 0.051496280067362066 0.01987239675792748 0.04293743548464986 0.04715457692831312 0.04166267518644332 0.08824541967844378 0.010011642335194231 0.03424169239183653 0.07304644981454177 0.06611362102216056
88 0.008611904565574893 0.07969075755076033 0.05639503710187647 0.07333100382870376 0.007032977964119501 0.010458528999362098 0.0827666533938045 0.036809003459542536 0.07360585883318514 0.06793705722363147 0.07011529160715044 0.04587120578573592 0.0767556030490297 0.042954695903239554 0.054053287051158264 0.07117713909669082 0.0788572393885914 0.006782165343094554 0.05596237710311701 0.0008322127516315162
89 0.022190589630501856 0.041348367434330784 0.062182155273045936 0.0001384307620490804 0.07780790282802491 0.0677285344418029 0.023090584969571556 0.0746335201738033 0.0077533849482705934 0.08728593787030725 0.09320924424091077 0.051894959310022824 0.01359405306292379 0.09193200927901714 0.07627850039404813 0.05258546949580995 0.0417607536445802 0.022624583710807403 0.012615430837018722 0.07934558769315281
90 0.0504114211302603 0.05128495350268259 0.06537194066154277 0.035475033284907906 0.08396005866155357 0.03990835487870704 0.05445541422411999 0.05001417086961242 0.0499768091363267 0.06705848366751385 0.026380239707386777 0.035866252842522935 0.03699331041289316 0.04439031419190299 0.005627326200628798 0.08108450250675128 0.057374563522273346 0.03385408910461958 0.04367992581146565 0.08683283568232843
91 0.058292662803434155 0.08998971488403967 0.029038985954282885 0.0131200266765848 0.012482171092661346 0.0493234068617795 0.049487881704211784 0.0345963459543933 0.08917225448583381 0.046618697018323385 0.027378135328891565 0.07998949397826301 0.05187472576048888 0.030318797140408287 0.07557725684206529 0.06952790525837112 0.009797964996025754 0.023128400827407 0.07014446631609787 0.09014070611643661
92 0.042196257523233305 0.028113280383736686 0.041274286422593495 0.06196414509103753 0.09373053555490626 0.008415129801053993 0.07236279852908162 0.060609305122963315 0.06368141926353217 0.03428631340066327 0.09556057097743302 0.09061880918236682 0.0724820468923614 0.10453167577682727 0.021651223541758132 0.02302803393094318 0.027489981169244723 0.009795673169857896 0.03125266574059037 0.016955848525815453
93 0.022434145363077487 0.03401788134417926 0.07944188527799233 0.07581975626551736 0.06993111842752554 0.009326514207261976 0.0523946792235135 0.041472182615907696 0.04281498569339021 0.06776788384483706 0.0802170982239352 0.018578012499283036 0.05792009978588968 0.05699178817077963 0.0454011066072668 0.035872100995088696 0.01987588419045876 0.06254923539518513 0.051525093407283756 0.07564854846162693
94 0.06022675819011402 0.003848339242562134 0.029408799981809505 0.014791477769978708 0.035136735202073166 0.035170423577432344 0.09673738171139559 0.05241447257774758 0.06919214908600095 0.0823339450378832 0.10490344016280341 0.05697635956201054 0.012858521849716883 0.005269167279059452 0.12140888466734116 0.017035397173293602 0.05110495659558468 0.042884347640203546 0.050457777665146405 0.05784066502784311
95 0.04447643149002629 0.009856680890929125 0.017578791515201253 0.11829280690555784 0.06159950183512719 0.04661530962175106 0.029231900776582987 0.08963929762625739 0.004910235560003431 0.11799355284854551 0.03089955473897337 0.03725192966333072 0.025725853212331135 0.03732724094998033 0.03963734956963023 0.10998681393316602 0.004090797546309977 0.033388772323135814 0.10783394102880241 0.033663237964357856
96 0.051084953466634796 0.06149595301654744 0.015840547824205287 0.016404624994048964 0.08583560719739135 0.09193928567626285 0.0893549812417265 0.028227081495114045 0.05367417466606696 0.08505339449791272 0.033883396328934015 0.016523250707975053 0.0393521254620495 0.03860393913141546 0.09828363659270083 0.013559365838059764 0.059387106084327616 0.09590522643532783 0.012357434341397643 0.013233915001901365
