0 0.08060668555518334 0.06281934591375977 0.01358987545200118 0.06322272267625122 0.06109279882536044 0.05821330833905702 0.07669628735409886 0.034904542098480644 0.07415427280516286 0.06783218738299171 0.0008910557695651767 0.07748966387740848 0.031461563189492524 0.057189324746973004 0.05943998412075754 0.010529250835786656 0.03142093217300684 0.036899350827623446 0.07904513669145768 0.022501711365581694
1 0.024453260175193465 0.03396881254469136 0.09114650930794625 0.074119567677224 0.07666664595136698 0.06994072574060745 0.05287667329049512 0.09371721045025612 0.02744807982541599 0.02719756330216253 0.057913395034303365 0.027935690719257316 0.005068958661959072 0.02563824306770821 0.031696663703008894 0.08808432544992832 0.0023576503309907086 0.09558399011533761 0.07755108206522622 0.01663495258692101
2 0.027919424206662567 0.036045402080256736 0.02412268867268282 0.03546963622778376 0.04119824959158119 0.11671931248223652 0.09514312861492832 0.053580072613558856 0.023885067946282958 0.02711856177325797 0.07029849809523382 0.030133254468985092 0.0274388944665512 0.019536558912639373 0.0430549596835668 0.0772494308466423 0.09389644060920241 0.0695383437241405 0.0023672623389934437 0.08528481264481344
3 0.038944430712719656 0.06479966236019823 0.02202072157538215 0.059058986979441876 0.03551930850619024 0.02285457424132338 0.10166884184356478 0.010928491172821528 0.055714288260140445 0.07537585125910992 0.029061539560995813 0.10211020564417364 0.017244375762840634 0.09769639400138326 0.01094192887366272 0.06517015468008053 0.08070014534951088 0.0575552047540952 0.02580845623408423 0.026826438228280826
4 0.005953177483155722 0.08700096504472682 0.018172322535369198 0.054745233661629436 0.046078123011151495 0.04013526988311566 0.0490290013406071 0.01091490640892972 0.0807633280344355 0.08508574320655488 0.03619525182912498 0.06536374765234448 0.05017377933810715 0.09868781820340525 0.05558174465947447 0.04236379600930519 0.1015046492838179 0.041071455952720354 0.025385554617385134 0.005794131844639649
5 0.07504959326084631 0.06413935009296319 0.046376762441290915 0.0727767480038107 0.0359174950548404 0.03172246496667451 0.015884068813729696 0.02554015782276433 0.07427905859576185 0.02543180071610888 0.06992783104769502 0.07781482194204183 0.06928179680611589 0.04839133054489131 0.07305312838751754 0.01728373881417993 0.03896893624421399 0.0727352335330601 0.0475822908120511 0.017843392099442596
6 0.07067471508226247 0.046682156112056325 0.0508775346827891 0.05640778647632674 0.023485039612538346 0.08013190151771311 0.011247881296560229 0.06273491886000443 0.0030145122997675224 0.0630483075197444 0.05506421899466581 0.045622128104047234 0.0458455423433752 0.051116783637332755 0.04587861676307726 0.022612625995521655 0.056075168568671625 0.07367019077309062 0.06397556253012462 0.07183440883033053
7 0.08524801512536502 0.07873208484772616 0.014220420758443276 0.05301250052510438 0.029301385675383134 0.07200357711018389 0.03576449729849293 0.05380210323030813 0.02595915688550707 0.05972412581666125 0.012885724888000683 0.08297005486867554 0.05556285865437232 0.053894604791716524 0.012479921761091231 0.09551246128679361 0.07156382818098615 0.020681334535130946 0.07804061256335056 0.008640731196707115
8 0.0204817851664581 0.04347730569852244 0.07119179812394394 0.09036847126931895 0.01942241730961704 0.07684262682653498 0.07930141813846214 0.06444197143653112 0.07270741042594304 0.003638358630646962 0.05340773979561777 0.009149696451664814 0.09077021932038801 0.028202016275676194 0.02721053112061759 0.08390167038424053 0.036804660921526254 0.0006085680274244688 0.0719514384442291 0.056119896232636565
9 0.05899169082727216 0.026835273018534233 0.04243393500445228 0.06500588832873792 0.042853011260607754 0.017507091902754384 0.066879072920729 0.0019025774944168082 0.09351838658114464 0.029057186416774468 0.0839386442252424 0.0537393343648632 0.07205321370435575 0.0890846746394885 0.00017981310646064604 0.07344784930382985 0.056671633688427474 0.08934757726064381 0.01829445176760393 0.01825869418366044
10 0.08054732395758211 0.041352559227374366 0.09178179137765638 0.021527892130625986 0.026516222869107185 0.022023080066518548 0.024476624651952123 0.03423577480441042 0.05910477912099604 0.04021919316492297 0.02014583942621451 0.058733607885290605 0.04049601686386717 0.04286321211906555 0.08809375103854801 0.028749426465452924 0.09051196558157176 0.08671951282653358 0.0805806792886482 0.021320747133661676
11 0.011213025186408357 0.012059767091230413 0.08281451674991885 0.05348687797149944 0.0008261294589114112 0.08177483721839439 0.09165555988441108 0.0077553732770518444 0.10035998960212407 0.04942780961845297 0.048265293901749357 0.08283746362898022 0.018516212470294086 0.05717120832809701 0.08583532826139811 0.0033686440309357536 0.07936905927192704 0.07497956436830622 0.02806632801163177 0.030217011668277612
12 0.11142086872444049 0.03290096817279813 0.03995363478824612 0.03996679706441484 0.019164966070982368 0.08253642044014767 0.04541978388239246 0.0358249368036738 0.04246014151979544 0.005980665153949804 0.057004612080489556 0.07813560053598219 0.0371591936632905 0.009017648629416914 0.031664136902928464 0.10739963797687166 0.05024780806408279 0.08305515587324466 0.009627670628321944 0.08105935302453035
13 0.10146575375403628 0.09245064692621387 0.0619283010379375 0.05903246546822747 0.012968389757451175 0.01741997685637259 0.057779214062572096 0.07406846209799711 0.056354244660777264 0.032719784180818966 0.05170538403645781 0.04492316465769347 0.005513570927344285 0.091985581166616 0.036309611666563074 0.012416822729699984 0.08204298343492064 0.063492404160865 0.02136739989573821 0.024055838521697438
14 0.05227827501307123 0.026333291600113523 0.058711184519285434 0.040639709123831906 0.05767364479974881 0.07229803009554056 0.028409366957240046 0.06444288155716325 0.03540412708988537 0.03385827695331487 0.07599977309077453 0.06872306198234569 0.055439454213455225 0.0009160007204044101 0.05928029286945278 0.0633007926277293 0.05459899388918792 0.04946045943867596 0.028090251695262195 0.07414213176351697
15 0.03775634489219135 0.08358127721518455 0.07618286709237554 0.0483677612372051 0.016241391526290675 0.00922147362535336 0.061301163581769555 0.013371703590900393 0.04894807892679411 0.06492707781135694 0.06702819365104058 0.01459403711182154 0.11314223757326211 0.06355668988001284 0.11458168098767742 0.004263447152513749 0.08650551163592593 0.035069074391053626 0.008378903283391519 0.032981084833878994
16 0.0965582096690702 0.0849774291309455 0.05861877779132239 0.011522715435262947 0.04894472523015431 0.0389836853489512 0.06432308658782507 0.1038645467985179 0.02905952917816174 0.044808611124239624 0.07448206440185437 0.02347711735469473 0.013327757650059162 0.047194654166012866 0.02088729780043125 0.036726278888486896 0.036727404969446764 0.09035473180956319 0.0271966057529094 0.047964770912090234
17 0.048085169896421656 0.09470064011702632 0.08383810627539749 0.02358045045977404 0.06482851744520154 0.02940859693703618 0.028538188065725265 0.08435715394909363 0.05368143502509848 0.06834920332102341 0.060492630327749465 0.005828929884128117 0.0856678793805524 0.03677725147704358 0.012524271895981444 0.01522448391135169 0.0009386173122357287 0.09418439138512998 0.09093956706308182 0.018054515870947793
18 0.02018690998528509 0.07763465228806185 0.06202448239539189 0.06541630067768654 0.05092019813516326 0.04290101670523223 0.06984372056726419 0.07572668270289183 0.0043765780009638235 0.01840626939784523 0.07720297331877621 0.02507777308204071 0.04180092692165292 0.04438079890989378 0.026703353990859168 0.012855531776490039 0.012562174112880053 0.09454498339615118 0.0871662941826859 0.09026837945278428
19 0.03957892398094337 0.03757638218164738 0.06907868878476264 0.07314945140081097 0.06475292335415643 0.003748002711994739 0.07163197634565288 0.007860069588557509 0.053184430522467914 0.0668223744152116 0.033139829480172356 0.023436023620321947 0.05764738763257763 0.06643595166563093 0.0657406158150175 0.015720439493429633 0.07326664230353346 0.038145212314316876 0.0688765700103532 0.07020810437844105
20 0.004785574733148143 0.07250084402514716 0.06885142653023847 0.06759884394593918 0.056469612116565454 0.02482772633164395 0.0926216719149747 0.08844551345639462 0.03973861731688195 0.02193296343961319 0.04995616219809661 0.053523098801830316 0.07353708860705682 0.03944475599147507 0.08436502796208031 0.033992394395485945 0.07801588795537318 0.019826753324318564 0.006069628160998577 0.02349640879273781
21 0.06555542316741285 0.08317036797162691 0.04651603012946787 0.028526314575243215 0.06906481658978972 0.05641255241350057 0.10456881397503365 0.08261905082952972 0.030555844093733502 0.046787929966218916 0.06815768141159041 0.022744155778031544 0.047877527463252564 0.028920585089471908 0.009169129839445534 0.07595059088094848 0.022254976104743883 0.059583567913236844 0.027462698021028274 0.024101943786693652
22 0.05001475561733304 0.011503120964627966 0.07826623059788096 0.08617046694463334 0.04090404270732225 0.05904402371043071 0.005198079535350071 0.012536132890237953 0.03215444971981789 0.0720010300709229 0.09173914567522891 0.06396510165226657 0.0285431369664341 0.09679095304431042 0.02815868334143105 0.09275565015842537 0.07856842074858722 0.017565678311512442 0.048901457950308584 0.005219439392938247
23 0.03587023723786902 0.06679222642695513 0.06868610403351008 0.06046442377218937 0.07151804276154085 0.011884924940249503 0.0505918566111821 0.010336193334901538 0.0412951734530557 0.08337965720519903 0.007237032128449301 0.08090126593529468 0.001945020152436687 0.04922485679167825 0.03169647918209042 0.05033034246737532 0.08050124686206409 0.08215106469125764 0.08143149634529499 0.03376235566740625
24 0.03372063272504098 0.05581417951226671 0.07389362483263791 0.07574199819137009 0.057915334370794255 0.042118275722119965 0.02381969877647868 0.03643953680799196 0.03927539856274541 0.03733517304244132 0.044753588540797064 0.0031413014069111953 0.07337084346509187 0.01884734214071904 0.064298971334267 0.056580464856410155 0.07477592466142252 0.07448213204747764 0.07693215311083534 0.03674342589218088
25 0.06882183095868342 0.07380838805866131 0.027054841599034297 0.032401855195561935 0.006479628536088965 0.0034895670645813813 0.05269737588741677 0.03344266607881713 0.07340709231167608 0.032239390788777356 0.09861058289564938 0.08395451426035129 0.07002769563971782 0.018980529436322804 0.004814679375236529 0.094827747116459 0.0740164380885598 0.013636903665667555 0.07858919920480943 0.05869907383792785
26 0.05983623211192022 0.019477329640369585 0.03488411146650217 0.01919239945806957 0.02111801434456167 0.09795711409167183 0.07223364140404621 0.04166745877981118 0.027082106251416268 0.03916772829551361 0.045413854425515814 0.03543510567782977 0.028693143322641255 0.07514885550494423 0.08300082082800446 0.07054697570115945 0.0038014023339654965 0.05176220597128196 0.10281493819597022 0.070766562194805
27 0.013335249201275757 0.08457761800553774 0.07142540567919548 0.0519702342438547 0.027891822615339016 0.011695744744409249 0.03233829539932916 0.062132188734128506 0.04761400201102458 0.08496661929886931 0.022123143078008542 0.06633880670578758 0.03121578424046726 0.0081456057542555 0.09461122991532067 0.05119734065571787 0.09700473602855822 0.03991980545594907 0.061353223767618696 0.04014314446535316
28 0.05365024152809298 0.04149824270864925 0.017554464874882516 0.05132474775228045 0.004440648158330242 0.08106455116912761 0.05089475576352364 0.05292875772824386 0.06589150850374044 0.08183668139509079 0.029740357602882607 0.04400461493335953 0.0788922536606279 0.07060257865091232 0.07777086507901089 0.08263378011505126 0.006432740198972514 0.04084319701215864 0.04767450948956287 0.020320503675499736
29 0.012045000127464563 0.0034479017923971914 0.08532580019392028 0.08853951612902146 0.05136608926805759 0.01489040874923562 0.0216533126331992 0.1251938405601946 0.03538255400188263 0.01947385289609852 0.04819444102981802 0.031024767573926252 0.11193740621770429 0.09118488004385966 0.0058948068468583 0.03655442049364892 0.12238804235148534 0.005866642305256558 0.014109282233742443 0.07552703455222833
30 0.018979089386393883 0.07271063501590086 0.09524010989808894 0.08237732905534904 0.09088698809965015 0.06129288998904829 0.0873285441221073 0.07501726246432952 0.06962178733329474 0.09106616269181408 0.032373802114928005 0.004794904647317428 0.0623539525531241 0.026004973779130632 0.030006948606866965 0.03810482445341286 0.0024434982142615166 0.050834151409072395 0.002199095137328316 0.006363051028580964
31 0.027060555682660508 0.06415560941010595 0.0382050272300201 0.02901297463475445 0.035045763890404376 0.12766774279818396 0.07058829158151236 0.041031406423416544 0.019200274653728467 0.07663092198272306 0.01989217845848459 0.051451639380974926 0.005360665493187236 0.002293408506595503 0.10916416320080036 0.06167150490635631 0.02636343204230294 0.0435283812170451 0.03178979963313471 0.11988625887360879
32 0.06607186093187695 0.05578511435125053 0.0951749038158293 0.034413967922731006 0.07869397367412909 0.050216159577240155 0.03512348399060972 0.05961631813747671 0.025101628927422705 0.01974864897321558 0.05750846957774149 0.07427972605401105 0.062316411552422825 0.0818301166118675 0.027898472344660842 0.031020173433968103 0.03613435129223291 0.004175595303266935 0.04498986415018292 0.0599007593778637
33 0.09211259461942894 0.08448676289436263 0.012741341117647282 0.012390408608138781 0.04151673963063467 0.06752264430033512 0.06200379280175751 0.06379526384151465 0.020502180282251013 0.0470766450966505 0.0755888712671622 0.09132186618278176 0.056059993217608926 0.005830029708571884 0.00232568895587044 0.029738838245436536 0.06415422685383866 0.08373999140414866 0.008351660768494903 0.07874046020336481
34 0.0188746005341884 0.08863755509251131 0.053142705215029104 0.053422347818574946 0.007859768230934677 0.1023787488800104 0.10338112967347521 0.003224421749584505 0.050586921947206986 0.09647013483083759 0.07255830686535217 0.07295079065796144 0.048245376304497094 0.009967543110565406 0.019141895877030857 0.033930032760383935 0.01150921478894631 0.10224196508565533 0.045504015706763136 0.005972524870491106
35 0.03787659094482257 0.028850949404967845 0.011278258262392548 0.0923768218187194 0.0018622528062445076 0.10653032413901155 0.054997188607799334 0.02776807094603637 0.03679701478817435 0.01350914663561327 0.07141381040170955 0.10034664359594213 0.028250464536931377 0.08803424190035676 0.10243154047095572 0.05444280339921919 0.01648905752403633 0.02272833544249866 0.015697043879731958 0.0883194404948367
36 0.0107305525060031 0.013037617704670726 0.05547767264396622 0.07707853675753246 0.0211922995009569 0.0660258353102805 0.014049969373938449 0.021617090690806227 0.05487812455007299 0.015539297467561008 0.05067104088642535 0.005624298143103408 0.05365321696736943 0.09055759664205155 0.08319886455803883 0.0807241482211183 0.09436564516619825 0.0918868318357131 0.03748000782178678 0.062211353252406586
37 0.08566449607956644 0.07172093426087711 0.0322606149919387 0.05937369880152476 0.030360095757114066 0.03869684297437279 0.026077461364084772 0.08060913558856893 0.03092575082289331 0.05423152383820842 0.028775166431917014 0.04738202853865284 0.084216814931321 0.05741460795897834 0.08189984613526777 0.05913468689926432 0.039522188212719266 0.06623704124902154 0.002784038802021064 0.022713026361687542
38 0.055391100774787545 0.10098039059736053 0.008898465553275434 0.061583034505600036 0.04553601688569416 0.011229124130364445 0.05202801535328944 0.00012886533096961102 0.05541663276580371 0.008173226484620431 0.06678457455412797 0.08349845879283117 0.06110659011272694 0.061779867341283067 0.058340691753666664 0.05346153553419121 0.03968616528140757 0.08076554757580541 0.04349488023205087 0.05171681644014368
39 0.045580282403220616 0.05913291439582135 0.04522249943326949 0.033721294613889494 0.08760063108738585 0.0697646286551681 0.07470251456819584 0.04704501759185431 0.0071656921210039885 0.056005105633307066 0.0024256015658133184 0.06066873457607334 0.0017480858986756744 0.052687443725796965 0.03894925138158675 0.06235802806206682 0.043156562349674445 0.06941992173811898 0.07532772598768497 0.06731806421139253
40 0.06868923766216793 0.01969409209413191 0.042787371917568894 0.09734193038892835 0.025063480515172515 0.1049643526311156 0.0019083734485387143 0.023049440013197583 0.03726817490131709 0.009038643005388057 0.015565160582309475 0.04738140919530321 0.0911730635983313 0.0162644460648792 0.07367173622506405 0.030316581594873045 0.0782346949685625 0.039336629379353144 0.08255772480120778 0.09569345701258979
41 0.023133037499522845 0.09144771637143449 0.03133849920212045 0.024889880226179505 0.0860691593585148 0.03585026108956662 0.012950171034821198 0.10328955517269157 0.06252142333485204 0.08122909883166221 0.015189719624208377 0.044925025113619885 0.042305681120382445 0.07961583178985278 0.09441720881528837 0.03995338644693948 0.0032810554433677745 0.0070183822926118316 0.061479457743304745 0.059095449489058656
42 0.07203788636968393 0.08956301902977146 0.021084545042239784 0.0977827743607646 0.02378840054780954 0.06577735992811536 0.016372652599799697 0.06964169041014721 0.04756752968986369 0.08589282574332319 0.05089842046333684 0.04307668551291444 0.02655072519225449 0.05697473736012596 0.017222034416764738 0.03611875343085208 0.008177583612342944 0.0452766754415859 0.05505514670410214 0.07114055414420198
43 0.014576566243765595 0.020806229038974906 0.028595419965431655 0.01773237359913189 0.07473213619589962 0.06955386940500285 0.050094120893866646 0.08344070631176302 0.049324166170611604 0.08226928203757347 0.03767844186062728 0.028337798071746273 0.08751384721396419 0.07422642688446211 0.057760437721390286 0.00036540439150895254 0.004967939188555526 0.08425126530337662 0.09055753644985029 0.04321603305249708
44 0.05861899227279325 0.04627843173622298 0.0719915878791902 0.01015374489521483 0.005226796266986732 0.06799155198540581 0.07574113769826069 0.07541448803919582 0.0520762446847765 0.04181195160922869 0.040054284784263684 0.06301835280134899 0.06920853723373431 0.060192703530470786 0.019734074466491294 0.06035578817890195 0.08012891301219813 0.029714594612774623 0.06118166528977365 0.011106159022767086
45 0.05628845932989129 0.013686914915701096 0.03353097098860451 0.014117483151171933 0.08882618624500781 0.032988117078938554 0.05924139505017582 0.04935990518608577 0.03122811046843998 0.08081168871039877 0.03320773555343772 0.06826406951325843 0.0032920351394595693 0.04989715912356949 0.07767992286096154 0.07903090777558405 0.06115625219380236 0.07767171401337948 0.031874377950537706 0.057846594751594115
46 0.055124575416740464 0.0009310855174977877 0.07110566289598694 0.029690119394606192 0.06925069956516791 0.08012536557749941 0.05073781450502572 0.08233460429854877 0.03948918253386204 0.08258775594157375 0.04404694221282081 0.044951426684967134 0.06096399723720591 0.05136512338580177 0.06860578366741317 0.01656991636101888 0.0475449082980051 0.06932756241217122 0.03338356445431483 0.0018639096397720036
47 0.0001722161765192546 0.018165401994472766 0.03543269707358888 0.051618660492332574 0.10470906724377141 0.030950766007311097 0.046447744403737945 0.026036887683227185 0.08832253699391583 0.07605090646204084 0.026869037557080182 0.04248935258643797 0.06298609830335923 0.04561214756644787 0.07857536063934546 0.05459948121364435 0.07951789192245409 0.0507821558565508 0.027649862335745408 0.05301172748801676
48 0.006393753358565654 0.038590274858612855 0.076931670736163 0.048317738811425995 0.038136287782164414 0.10332319402237422 0.054269043861344304 0.05864661847085346 0.008959996980477425 0.014508619642550754 0.010865555525864894 0.04065263154719534 0.06264217254874316 0.08541931034767253 0.07699886614610447 0.03279485844862468 0.07006809237895557 0.04482514914614059 0.0994050413433536 0.028251124042813006
49 0.08012573157530214 0.047236617823383294 0.036271945774712246 0.07671783818838993 0.04921864749617003 0.07715098526683298 0.049808814296617564 0.0053889918411168716 0.03955118921492377 0.035369859478101 0.07448252184286322 0.007660736330434748 0.0146079203901531 0.07450791180623378 0.04536896586669498 0.07995521180635493 0.06837952503587869 0.051441346666670884 0.008508122622861287 0.07824711667630473
50 0.01954732849270611 0.02727766453209531 0.08343628310536316 0.028700893870114652 0.052975630425710435 0.07352115735296436 0.03159622674748524 0.08367160889420752 0.07424588203865727 0.030775598829813875 0.08517486399526818 0.020347901173970815 0.048234195872718086 0.06633411457085514 0.009639472119241325 0.0738434740669655 0.05383240268213838 0.046013276662738835 0.03592865005363016 0.05490337451335581
51 0.06443062342381072 0.011082632814653458 0.04569646009311895 0.006574416850236244 0.019426599277666323 0.08338028448285592 0.0198608894230633 0.03999072870028357 0.07352197393753916 0.09530637365716618 0.00695377513548996 0.08211165292271919 0.0711078020069697 0.06053077298064209 0.035929855991140465 0.04072435754029936 0.07401838370457614 0.05982900699169906 0.05540810958764416 0.054115300478426234
52 0.06849754089206285 0.039044481063020185 0.02728015275387555 0.036017215705980335 0.02295433752233609 0.06510224243623601 0.07177328135611787 0.04913989564407697 0.05191969148486757 0.003666525127528825 0.0717436126960621 0.03407040138800389 0.06640935953896908 0.054901374876557496 0.06657290110601218 0.05636128206690299 0.07055502519186914 0.03258176615569292 0.0701744891337321 0.04123442386009578
53 0.051706034219119956 0.03739839235784314 0.04158436223171947 0.0734075587468698 0.004868366433762296 0.0929917483646853 0.048027046506617765 0.012927601264457644 0.029478442475734824 0.06470228518435621 0.0323290767869821 0.07002905277084635 0.012389321719494074 0.05773719611089998 0.08468772856340166 0.06939048758906091 0.03129052811017238 0.08969928885894991 0.006989107879835131 0.08836637382519104
54 0.07450636754514949 0.02092951282160511 0.008394085788257746 0.02602431263709323 0.056774869445806946 0.09281467131215825 0.10329390610532428 0.026235715803805616 0.10234131669552739 0.05592139917423954 0.03497335893409692 0.04263675327928783 0.03275179337345757 0.017573774916347134 0.09997051958687594 0.05543037415227068 0.03759604169283034 0.005053668939915626 0.061863470915140766 0.04491408688080954
55 0.08106565754839491 0.08019079515469141 0.04069613824063555 0.06232732688714407 0.08821460000824134 0.035174256362512944 0.0731946986129208 0.08370787457650516 0.05816301161934624 0.019630151952736076 0.0485430533143688 0.06772823463112902 0.044179604124038575 0.008213539281419156 0.012782354678780158 0.09731397367080145 0.01994669275244568 0.050506877510895 0.0036072845429317565 0.024813874530061793
56 0.07356920572266747 0.10072924218191821 0.07464258211892547 0.008788262012706882 0.009661865204906498 0.07536363954232564 0.015474896452161586 0.0659309212722535 0.06220997103887091 0.004516607271036839 0.07938820275172723 0.07356077220237077 0.019543534082153036 0.007857002458624857 0.04152105420782562 0.060658019567767 0.0899985087320648 0.07356239816543755 0.027884096445317936 0.035139218568938
57 0.009109398117971802 0.054414140975286754 0.039997187873101664 0.004860375491391801 0.022629507000328234 0.021404638629991164 0.047363803426231484 0.0829710549847387 0.05387863172202306 0.10270520564990213 0.08451576460175665 0.05867470659876429 0.0032786562595708622 0.02483066455322076 0.004428101818715414 0.08017983267044464 0.09995661212553557 0.037539333778853046 0.09911773443968289 0.06814464928248923
58 0.08449454632304237 0.025463694643279647 0.08918667438134421 0.0511603060377209 0.029742565503016315 0.04704841798279326 0.02568671081641685 0.05889667332543839 0.04841002632349212 0.05546337823427177 0.07602688568855565 0.09579683117688349 0.005186371457977542 0.06727764271156805 0.03527481168597377 0.03364101886318037 0.05531006397871357 0.007230617875279913 0.021852653371899712 0.08685010961915193
59 0.07322675635219258 0.02012549882312662 0.08425800323597148 0.03059464890355277 0.03748922573081075 0.0298867957158034 0.03015567601315537 0.038880786321323066 0.06262958861427502 0.09027001825467987 0.05258364332013326 0.035061662368038135 0.07622194961973124 0.022588358887244937 0.06893813390835894 0.02712542070948161 0.08295487376648168 0.03790709046345228 0.02571904035063304 0.07338282864155404
60 0.007224626116498274 0.07259912487819008 0.001433903354354267 0.02887318367390829 0.03752996364686013 0.010808320735556886 0.02172451740673606 0.07230044407581923 0.041996219550878074 0.0073605045256235554 0.09458207495709099 0.03407265499389686 0.05199594227167901 0.03708107990108843 0.07171346330637221 0.057220151657944654 0.10159103766310788 0.0850616322887781 0.08016997085120016 0.08466118414441712
61 0.06788058423950934 0.07106688511912904 0.03462990096618658 0.07649891043624499 0.088658430354344 0.0686364680784012 0.05935913454148065 0.07031229871328785 0.03623972108696357 0.011039091152027305 0.07745074718540107 0.04007137701720427 0.08410186517395482 0.024166772658748007 0.04879963811417567 0.017184401033997515 0.05955878088054449 0.017971619916128483 0.04175358349858066 0.0046197898336902575
62 0.01000334822762729 0.08256725921924435 0.06525008889875256 0.05565435195957021 0.09765241468255899 0.01938104617862004 0.07117472483073309 0.007817701045434639 0.11584530915595842 0.0008552698843883751 0.08507449691929954 0.0068198234779576145 0.04761502224212959 0.0012864667963447735 0.057391249377106 0.05716303042364048 0.026460723859036733 0.07697160124665793 0.02910241589553657 0.08591365567940275
63 0.06432871229268218 0.02236090148047922 0.025375375760223487 0.040818845012775454 0.0421708415369548 0.08547864193822859 0.07258447783610862 0.07176793529542194 0.028936148753397346 0.06869580430971205 0.08341615220992554 0.00429425795473737 0.08698510976320849 0.06722249760823877 0.009178233495423559 0.03066465093975608 0.0016098970385082856 0.05168938266693783 0.05191903743260567 0.09050309667467475
64 0.09517723952499642 0.09951766875139328 0.0004811267027544492 0.10405551009765972 0.11633846615609354 0.0023991051831870258 0.043098747636590086 0.011151592358906047 0.021849156561206676 0.05743839684340795 0.07488137669287781 0.04018994175877441 0.08318341403224534 0.006911036013639577 0.0020598006455400586 0.0003636365036028183 0.09421869201198015 0.04509427110167515 0.011522492649918285 0.09006832877355142
65 0.067965257642435 0.07475190899591648 0.08538202056476728 0.02574097390170929 0.04495381833109899 0.022664679586252012 0.07716488359634653 0.06704528408328046 0.03633179420826673 0.036633111576946376 0.044864527666714615 0.0795540086440876 0.04741907122055478 0.03909893097825908 0.0021436837695829806 0.08529743443569329 0.014008853297940856 0.040216997417732755 0.04183763522574235 0.06692512485667268
66 0.027381453177600018 0.0515150299399095 0.07178046535724378 0.08887361935998955 0.0957578241472705 0.03131387067996589 0.039615284791958985 0.03928444377959487 0.09412124352359535 0.06878986935061163 0.029394463028070927 0.04098831156023222 0.09300392512905574 0.03497698311402356 0.011777046614118417 0.03749312633497766 0.0893099752927955 0.008731226007530133 8.671519953798322e-05 0.04580512361191758
67 0.01919450169016818 0.05472691628049087 0.03269893089466646 0.02347244965233675 0.08040258518416875 0.03776594521013752 0.07311979904192872 0.04565496374260056 0.03766559783086748 0.023364232457516374 0.08265620750968418 0.08831843502514568 0.03986783473157468 0.0905375567804661 0.027729094758503672 0.038920366543885115 0.01841818055643417 0.03902097772743114 0.07881915527788148 0.06764626910411194
68 0.09177052140448616 0.07412199872519462 0.02453388758433231 0.050643907373359665 0.06431685306480926 0.0007452212881919442 0.011180174812707779 0.018272337594085468 0.04456108020755522 0.0728364468180141 0.054488022820940944 0.017348212282189017 0.025331187995374496 0.043800636962205014 0.08797994049409257 0.02466415195453197 0.0937993117947209 0.07012055615944959 0.05630848394444649 0.07317706671931246
69 0.05340950498925098 0.08764304084296058 0.011866006287921973 0.08760863528767843 0.08538071143160221 0.07418182069719842 0.08757495760769778 0.0865149129305335 0.040355688573158854 0.05140823765439122 0.015418157171218645 0.03863597118916712 0.030311934642676126 0.07990292812213011 0.00982292081654517 0.012228831672318806 0.09175675659315848 0.043508001109413365 0.0014257145967863079 0.011045267784191688
70 0.004157952769066159 0.04613347208888907 0.03284743797070568 0.057728297680854024 0.05199407364795684 0.08280808653798286 0.07504660840138652 0.03398762621401315 0.047960668674704256 0.017524094083511854 0.0790033386959583 0.029808599040447036 0.004592097830233585 0.018513463856758516 0.04837839259625317 0.09954081387220576 0.07584387688793445 0.059329878743769465 0.05328971291025399 0.0815115074971152
71 0.042289852353211616 0.006741866721516048 0.07644557746560289 0.0388839331530972 0.09418832623935451 0.021174488268686203 0.11609215470638001 0.05666095152375226 0.11684862731556697 0.018084719135434663 0.0240621674464357 0.05921542073141049 0.10542815610142584 0.00708963386664211 0.02353722841008999 0.004842511301544442 0.012958749350844354 0.03423877035500787 0.02898594792660343 0.11223091762739351
72 0.024119565416421768 0.02158098097503891 0.0032926305706089897 0.07758087959473071 0.0203282431698341 0.081619390437283 0.06253446137522775 0.07009423504822178 0.07349739719436048 0.07379593803848727 0.035983857558889554 0.06860432565794364 0.07556786272472117 0.047903348182466075 0.0431229690703527 0.04296167933577086 0.038760682815645625 0.02530286392773011 0.07583056071160199 0.03751812819466365
73 0.053185340589920145 0.06731352215117985 0.08285946324928163 0.038966447882657615 0.08434591058288528 0.07227096364280641 0.013675738630119574 0.058756905570451906 0.05986867890216985 0.01451798814182245 0.061018933231731846 0.005301148757798234 0.06496086453702682 0.044149829776823364 0.004001286778063514 0.06264690276082405 0.05147699094970662 0.06153362440422304 0.08016736583656854 0.018982093623939263
74 0.07605774021232166 0.009642798423154884 0.0011185816351799108 0.06940781737794573 0.09276877323920593 0.0822845820809093 0.039327838241877675 0.08481610588836823 0.054238154884805524 0.03561979901680637 0.04049669453311972 0.04005526486357853 0.02484083588962175 0.05926381396137756 0.0675272228699999 0.048048351270880835 0.024569041079633196 0.08980858416670148 0.02053426873814408 0.039573731626367625
75 0.00031410610967623113 0.018824084886189186 0.0488443964416378 0.08511737920750201 0.03436117718821737 0.07663813630368312 0.06870146058331549 0.013200488937460047 0.0781450369197196 0.06485609588317684 0.08516908063511897 0.0579673800112265 0.01298956546539108 0.0003945431073146961 0.0673073381020283 0.08287886810665651 0.04823768076086379 0.022105229178255536 0.08194210071716233 0.05200585145540453
76 0.06927988911301103 0.06872966619266105 0.07466068398001884 0.0031763679672992566 0.09696828313419262 0.04538131539021039 0.07330261297750014 0.05688477875952122 0.08309916900536142 0.00011513810650143955 0.014424314825918124 0.07498407001442371 0.00045281554810843285 0.02833759853420484 0.04310651595750158 0.06066888866346568 0.01913280382044937 0.07208683627586994 0.09725195684840733 0.01795629488537345
77 0.030582540324507343 0.07626971637561318 0.06343530137529084 0.06553796776633788 0.04448867170922267 0.08578147847439443 0.08395782709780507 0.053538352375672 0.041353524072244144 0.04037425034369375 0.026198500524215705 0.011418875440592375 0.07089909387755312 0.03494611089085714 0.05853572975413225 0.03978580703642679 0.04001207108525191 0.0008885948099796587 0.07860265738282601 0.0533929292833835
78 0.02942228205892553 0.05298687614381997 0.08482675941069391 0.014604021765317029 0.05736216579484146 0.03984767155280721 0.013118390484409279 0.02021847001510731 0.07344556663043672 0.07000675409958924 0.08396196060954268 0.017489823654632752 0.046706719118516205 0.06659700998435089 0.0522129995984802 0.0048551104617199714 0.07118179525970768 0.061228643000086125 0.07603312552235039 0.06389385483466539
79 0.04679146954174252 0.00853746223271532 0.08647037093804633 0.00040890806452443526 0.04487080403932825 0.02149871211402602 0.017856948048942743 0.026144076991167307 0.053717112668214086 0.09783144698099344 0.06987406150598371 0.08043315911064905 0.05574155577622666 0.10161456873539658 0.0642133122376841 0.03863583525628999 0.015527658730050922 0.02685314841575992 0.0673975150120356 0.07558187360022318
80 0.0870203588467972 0.09256742460726652 0.0318467988121904 0.07924903862224761 0.04458419166833793 0.025556296343203132 0.04544881894649375 0.07681525839373667 0.08302718009911997 0.04800565658014585 0.06645800944012843 0.02466670179946656 0.017920168304110425 0.001627935014767645 0.024967570933008408 0.07670330412406372 0.000878266601814132 0.07962875687408641 0.013387520812141845 0.07964074317687338
81 0.0906897244975369 0.06151575690926911 0.049713126240361165 0.08771393373744943 0.029733035459748234 0.0976693483600851 0.053099316993554975 0.01522113008176144 0.056704118698175314 0.03410496134074074 0.032964975678546275 0.05496348362906515 0.0904971554042864 0.0047847937350666385 0.06186425984476359 0.001101190847237213 0.035516514038877726 0.01888284851313859 0.07531660141834652 0.04794372457198945
82 0.04939956554597643 0.07752746613836509 0.07532646555391591 0.10941659752305107 0.006840960095468727 0.058473653641193404 0.03693936487150388 0.062069608065852405 0.08583385733667423 0.0028518440589028566 0.04239570010453431 0.0023332389976212483 0.1015087772815374 0.015446911771182008 0.09127725005318471 0.03730013913623774 0.07307958363165765 0.004652609209547486 0.03348084064488271 0.033845566338710796
83 0.05243371699430879 0.04438530547669423 0.0630921305232698 0.060905190325264355 0.027692357699241752 0.06368829277440828 0.05704139608492586 0.06082093695791356 0.022638448435263813 0.03144003666515012 0.07701951862172408 0.01024906574952988 0.07691857598587519 0.07463103577606339 0.046292643087773186 0.0771484514683111 0.003370459601454125 0.03656865826793671 0.06435045512423007 0.04931332438066181
84 0.024684862817091795 0.0038191630097884695 0.05289870365227341 0.07537618063463912 0.07079950411479859 0.029111533937090248 0.049005505097641504 0.003948563144739121 0.0656275564619354 0.056638534178488756 0.08298295305815136 0.007256126644462571 0.0335928124894565 0.06799021736372333 0.0548528726427408 0.039820102014781415 0.08173981780555492 0.03244390798637332 0.08440171414814433 0.08300936879812511
85 0.06431092965845905 0.09966580401219818 0.006827681015903981 0.06190018691040989 0.04113258825214702 0.008928033186189078 0.024644995547402623 0.06857875063028636 0.021908554612110796 0.0006590115377606835 0.08699964363207979 0.030915439144784583 0.028787316236148237 0.09922932722627326 0.05857117068193921 0.003207629181295537 0.0031714759731808007 0.08822188739588693 0.1005667039191428 0.10177287124640123
86 0.07689979478762016 0.09583932494209957 0.026763830808758996 0.02272867285995572 0.07578999984663606 0.07477076901283917 0.05120313489263527 0.08439431606858468 0.09658387299024426 0.03734012904045824 0.003461562935273439 0.05232608681468398 0.040698320717115835 0.052750926188148535 0.01945962211726203 0.07871416992847485 0.006220163276848295 0.0050566866410588366 0.021107432249823685 0.07789118388147853
87 0.0850460558048955 0.009764547817072101 0.08282444511594132 0.08365016058039393 0.05163972820789226 0.09184606130117796 0.02254589368658854 0.044144906065068344 0.021032570407714512 0.011600010665982603 0.018263659112268436 0.025498675126934673 0.05640669161222189 0.04073511711553744 0.08356036984676893 0.08082259809197036 0.04996564211723883 0.07114959582946889 0.002576182955256627 0.06692708853960694
88 0.005920406811537781 0.0695282382576831 0.029298306142483046 0.04432686112169278 0.07941076060235912 0.05537057420550628 0.08374042255805686 0.023083954022539526 0.08668862896467373 0.0661793104555823 0.0578151317721342 0.027421107713023505 0.043954005611071205 0.02104856865342744 0.08439829768442382 0.03545348035414753 0.05313969457884928 0.0849869778887519 0.04062836708464183 0.0076069055174147904
89 0.0018457490940864837 0.024924822221312818 0.09307134313794134 0.09572309317635627 0.025484741396499946 0.07482769643265987 0.07883197536757376 0.0887340458302458 0.1031385190002539 0.03576810480809333 0.060565503287812 0.08360025009119212 0.050461771941980205 0.015581473572590635 0.04583533480112326 0.015648631665539585 0.030017734108998283 0.04184336927365529 0.003793804507988567 0.030302036284096494
90 0.0455947867370822 0.09661986271956768 0.024547908270900677 0.07773141295986677 0.028362044258172365 0.08513184642062925 0.05830535529243018 0.08269770976398944 0.041359095523604054 0.05739149449003412 0.018655675266248773 0.04783642238558453 0.042728037911554946 0.09383707507962616 0.0306887303265685 0.010212501504195315 0.0770374695740547 0.02097705570249218 0.044823204061620686 0.015462311751777176
91 0.04250794822159758 0.04751344190627779 0.04345997789551861 0.05913723756446455 0.014292170838485371 0.03636615364241951 0.05249289426413056 0.03292061427212089 0.08188766986618007 0.036841324018904234 0.0669122666536137 0.053922201988865374 0.030838446026983712 0.07310415029864993 0.007172791537142586 0.0649988693747186 0.07122444494200936 0.07160040609719209 0.0505822990117911 0.06222469157893438
92 0.02895301573881879 0.0316207071811787 0.0839512811326206 0.018834983014990227 0.07790596200452131 0.019206616962087537 0.058711148983429225 0.07578630477080592 0.014425064654871715 0.06769966048820797 0.05753516109028153 0.016168584835072348 0.03450066655607015 0.08289441339379529 0.019934060460045054 0.08556395543321142 0.0807249290762889 0.0648653189822209 0.03884339035358395 0.041874774887898536
93 0.07083042930763012 0.08049051058282589 0.009120015799747753 0.05166396131043666 0.0008677395969414332 0.08639099683894409 0.055538992412175685 0.08985142341554911 0.049021890628548885 0.05448220191923075 0.08468441097617987 0.0782177414002986 0.09494639622172524 0.017960209315846215 0.042456365859205605 0.015527666250029222 0.0029189816461517863 0.06796027591705668 0.03894773779178705 0.008122052809689381
94 0.06612892328538 0.04187317475357637 0.054935460284232074 0.07535843541401309 0.02428888903581532 0.041005308099071845 0.07399710073813696 0.0198317551035998 0.0416318953219456 0.00638850936984603 0.017611708658538228 0.05754010981470485 0.05748611251544959 0.033952329949264316 0.06267530113538808 0.0670824651669645 0.051808647042763147 0.06404370930828204 0.07307857192755299 0.06928159307547514
95 0.06570385928419165 0.07765906980152677 0.027083690728992523 0.07971615761361893 0.05842086760305755 0.07547192569115165 0.01953784758453483 0.01840435090213934 0.09009093103495416 0.015352646557834413 0.0941682059573347 0.016400378124403366 0.057422122980382774 0.049064604693220756 0.006439437555204216 0.03458657075194396 0.018696509279484113 0.08570229033023595 0.08225184611932947 0.027826687406458748
96 0.03720557669027863 0.07980913534378183 4.275363617094236e-05 0.041950296144433845 0.11004246212794629 0.056880002762401405 0.10970168236365588 0.03358863456061208 0.04097872194668549 0.05896121460017159 0.03196339988353197 0.0679416840542257 0.006217128199710115 0.0051933878336863585 0.06538067530099961 0.004543966424560632 0.019740019099684182 0.09346534017233 0.040487363514407904 0.09590655534072554
