0 0.08164916041950941 0.07735585215937305 0.030898468022460514 0.06389557117343288 0.008212243121844827 0.05956450431068659 0.06362701733652659 0.01752216925857733 0.06522304288927261 0.051624629103419674 0.07929321970127373 0.02668188958527085 0.07320793395460318 0.06531034745190231 0.03384556102506956 0.03984686468666869 0.05345673116657619 0.002224147514814005 0.06180654511964719 0.04475410199907083
1 0.00690154258587353 0.018832613798408372 0.05449002893371937 0.03552058447888441 0.031136026896268727 0.06614636697422765 0.046375274759099076 0.0063511252810318245 0.07699215415879712 0.03252348604529161 0.060858619329989636 0.005748084841687986 0.08031350786295265 0.09977923955135277 0.07221383867196457 0.09217574785253708 0.048836901852050064 0.022181661718679867 0.03931809116881515 0.1033051032383685
2 0.07127699130643478 0.01619523320458119 0.09774966912581957 0.07857859392318232 0.08652090647275182 0.015802685897235394 0.024719430144930193 0.07230048926716269 0.042871871197632354 0.038966832635151924 0.08098567921279683 0.07163910645973766 0.028576462226793633 0.007132089910731627 0.009577958267288873 0.08221681951705302 0.06513709794327775 0.08591653784931266 0.01811880069968256 0.005716744738443213
3 0.009345531094038455 0.022895339584329506 0.09001261495057927 0.044155689343853666 0.10841545345181945 0.014051814338948636 0.08752275455787213 0.027148925455953647 0.10570938644278861 0.02902393585287121 0.02784977805767185 0.10817932529721366 0.027070597139846626 0.05139450879466264 0.044812271513477865 0.10552666161030679 0.03549465163955364 0.030587128059878153 0.005772989776045536 0.02503064303828872
4 0.0785365202059241 0.08787230145264731 0.03845852554344492 0.05417927686506009 0.08938197658338001 0.052870060987106185 0.02473749912099846 0.05666567008458347 0.025451474256767723 0.027711180138944965 0.03204121624736448 0.028160720486658273 0.06384462613254532 0.05550969006741035 0.06183631827946393 0.0321652628473566 0.015056808845528008 0.09862988771238705 0.01983988228517282 0.05705110185725593
5 0.05407585549642174 0.0008882369042584859 0.06009369161897222 0.046350255908731486 0.07723323595262277 0.034873372947720686 0.05982364377494023 0.04884658715534563 0.04763099366136623 0.051071256046837314 0.05073855390540377 0.004965764723975376 0.05930808602452497 0.04029940768699964 0.06578107244147725 0.06332056859201901 0.05121684573237218 0.06214617398878086 0.05130346792004608 0.07003292951718403
6 0.018806609145417107 0.02852767243680782 0.08159473300439962 0.05981194889360541 0.008509820668830423 0.050677762071874036 0.023274490693351996 0.10654481040959077 0.11413615678283481 0.13111305788433525 0.06323933440714312 0.09418272727487396 0.04092053651733996 0.017774110425551472 0.008627755335280568 0.04730125453728393 0.009687383763192217 0.023739636676636523 0.05361694972129085 0.017913249350360053
7 0.07869762648397885 0.08014691178639911 0.022999143734445168 0.03222697014695919 0.030459021767380485 0.03408909871267999 0.08676816190853005 0.056313155383476116 0.08260939034685982 0.0663355074298555 0.08819222820559941 0.03860004072049623 0.08186061973055733 0.060398525846168734 0.014795556644117748 0.08738584369276273 0.01737684274887088 0.009867222314843313 0.016194395237004427 0.014683737159014928
8 0.014181377352377612 0.10893484294561968 0.08358744535540745 0.05033251417444865 0.0550411282514479 0.09693523349822128 0.030084865148037772 0.049154191921555374 0.029906240290152233 0.04012603628210951 0.059418640758521026 0.005663164864464512 0.07296297691060293 0.06524524427877464 0.012745328554747977 0.08364875759238131 0.004659270892172957 0.056206254135131035 0.061288791911274974 0.019877694882551093
9 0.025770781519327435 0.08186485948508 0.05106424806449381 0.020519446973217316 0.07521301729360266 0.0026079313993909465 0.08216302269747804 0.024390292659251772 0.06827252025527533 0.006591397737465888 0.052009707955528686 0.081788700478636 0.03025954274395156 0.036325021766863086 0.09678826434412935 0.09248275053605652 0.08532926720016981 0.00347679414077688 0.04681945380779439 0.036262978941510884
10 0.04653980599497915 0.0814610406655183 0.06310481344270573 0.05876228419254485 0.05458906939861142 0.09714622540240458 0.0710196925699233 0.07195586960305536 0.018363812608342554 0.010175780948808735 0.05742216097292877 0.08470248655298349 0.06607471513771206 0.03784583446890732 0.05952917536254819 0.00022214503768789627 0.025892958720439584 0.006213901234611288 0.05413879612720834 0.03483943155807913
11 0.07790240557738762 0.08146326190288597 0.004954240630200579 0.008485301818234977 0.05749987952190108 0.09365226887599648 0.02733373242850318 0.05289676280800751 0.011032099457218945 0.013897921292694869 0.10226774674782534 0.01484027210680656 0.03495642968586412 0.09223613583049932 0.022211703854830202 0.06395149615685342 0.07088170865146663 0.03097686343996359 0.04698754836569929 0.09157222084716024
12 0.020609853917310208 0.0885500018584603 0.05630962158409355 0.10551045180036993 0.03372233490389947 0.03964591429317425 0.06721632326352162 0.001751753437239791 0.037722800413012625 0.06446951319455788 0.05148650736678457 0.089974944669307 0.02881746417299993 0.006176825787738356 0.10546519706120087 0.021959106627826273 0.04704954779140055 0.03466456161082407 0.03590972325250495 0.06298755299377394
13 0.09471408356028838 0.08017774686474338 0.013244751763798331 0.06760670659698155 0.012709738269455527 0.059901802601968666 0.052250898274802574 0.05326009284057598 0.004998562873106325 0.024089231490335112 0.014892546156399832 0.05298092545069779 0.015122914844670408 0.10827880997485666 0.017571737075664826 0.009291843005255892 0.05472979958145023 0.07866111315385621 0.08807076939336855 0.09744592622772388
14 0.07421149680758792 0.056908283425371506 0.08008069600332475 0.03283598488850229 0.02014383702482249 0.06772171782855617 0.08274292410646224 0.08427929374820017 0.05542565048122249 0.04036289841510874 0.0343524958846045 0.059011329319665615 0.04030096077356291 0.033048342851274864 0.02555304407865079 0.02980161832804669 0.09094320327753787 0.009947180773004409 0.032844868181782665 0.04948417380271067
15 0.06071914341243115 0.007872182945061024 0.02569269387668262 0.0024736416466848436 0.0820673918837532 0.04980059422748355 0.05196595980831451 0.05447981314647729 0.05326410236025582 0.012383078339940273 0.08060798343471981 0.09084224713061596 0.01167573945260475 0.013503584037122205 0.07797492487306495 0.07807699108359514 0.0550936909973392 0.09731153114075303 0.0450777925763719 0.0491169136267289
16 0.030507669728366427 0.08778697287507693 0.04238757432419749 0.07644102823529576 0.05854769508102631 0.08856532848339645 0.00446729616526903 0.07753473324773368 0.006576901429621257 0.045106244511653036 0.02350445071495746 0.09182115284707132 0.08674076396229931 0.003902084546692641 0.06488288758401761 0.0060152504529413136 0.016466357245564785 0.04204134347187426 0.10872480820783807 0.0379794568851067
17 0.04054032721749536 0.054289382814514967 0.042650819480437856 0.07096911681963683 0.04079725287294445 0.016661269614594697 0.06923452717715452 0.06319775142883495 0.04833025922676488 0.03993069098392881 0.08537937601129955 0.014723965510622607 0.0426367062049873 0.015950474106363615 0.016454203770077256 0.08379316133384807 0.07585934436721879 0.08092402669019864 0.054696326312644226 0.042981018056432424
18 0.0609816105207842 0.05388031900284125 0.06032089974267778 0.003533157232936301 0.07365813910195736 0.05814554730053423 0.0932253355435412 0.05733325414222318 0.08113686631629806 0.010279432355840034 0.06633641300968195 0.03663601019452581 0.02072059240991869 0.05271889736891108 0.023490271539990473 0.04241637772109061 0.07245188009748302 0.0016670587062426847 0.05178367386242434 0.07928426383009782
19 0.09619800363193656 0.04720632072950989 0.01688683833087682 0.06437885600537827 0.02002023136693448 0.041084762376942446 0.04757402924465428 0.09595350069426131 0.04780352162185592 0.0230310371449377 0.04058605973508498 0.03665008437176939 0.08561973347776491 0.038923167237567405 0.0931867043815226 0.03281372632581119 0.00924095802643796 0.02695627352231779 0.035273194703598944 0.10061299707083708
20 0.00012732001591202874 0.05510513829562814 0.056020697680035696 0.03890550181291212 0.07150744077176503 0.07126310773714101 0.012012711907485641 0.0173590022991786 0.06091414676373688 0.06243911253795722 0.030558236116088315 0.07939141221367021 0.03558512081238311 0.056972475780244045 0.04425818724747739 0.07690526067551264 0.05878137413209369 0.058380496441444864 0.07465076538931288 0.03886249137002058
21 0.04976189018589551 0.08872533106769853 0.0333857274658354 0.009662216516269568 0.058608878721765637 0.049018928609815354 0.0787245942524603 0.0856889059288056 0.06650574179382159 0.012988528158817283 0.05350264513788148 0.02292032961898791 0.06592822563309485 0.05488920042944035 0.04456883416499051 0.05307009934561219 0.004397863394333755 0.054871567828457125 0.06497823045005026 0.04780226129596674
22 0.056495418945901515 0.0654015526812346 0.005621824040641419 0.08222417645591232 0.014098437345808568 0.05889420660767982 0.07331247801429788 0.09329062794763657 0.09602734845176254 0.09217480942479256 0.012415133441709374 0.007560514887952776 0.01162651970044924 0.0008594973808873213 0.08902509157514311 0.008690666267911706 0.05832686054781957 0.07130629480729728 0.013344382092974854 0.08930415938218719
23 0.03865835357294515 0.09406848060368501 0.06653399065209335 0.09491534003910305 0.011760917697196933 0.037983049960520376 0.03604204902870207 0.07801283276871217 0.06779052109715146 0.008613769497441937 0.06985723787481439 0.012708528327605901 0.028061759772476026 0.0932698068591058 0.027427690790100885 0.1062889322480889 0.07709875897176702 0.005586968067777345 0.04373050077716272 0.0015905113935494467
24 0.01974956057928599 0.040640999484021084 0.08871445704675583 0.036588683611084125 0.055431707523819464 0.0907300881222618 0.06700588638115226 0.0002717844092917214 0.02681097247970008 0.06475114708977088 0.03594934802885965 0.08115626918183148 0.019860094967739526 0.03626471842644959 0.039634301342531694 0.08697512735770098 0.0779126207012989 0.05998234921081312 0.008595940656544216 0.06297394339908742
25 0.05752605321267197 0.05818899712954512 0.033357153815129666 0.023494006873292693 0.004891227514779741 0.004976504651487281 0.05666744554958038 0.010035090726717391 0.08217509859479133 0.1088686845053832 0.004767891347214326 0.11516095855238963 0.04055105866229821 0.07872917974745006 0.07637823423562434 0.0634359584797345 0.05852015506046324 0.04141721982142684 0.049603755090954715 0.031255326429065595
26 0.0814009776422461 0.07950888710583875 0.020010885273507858 0.017513353777333256 0.007634439728444806 0.07827298850985155 0.06551924983171277 0.037519146556164826 0.044337040650828434 0.010615432209614356 0.021682903715194803 0.07465634863550365 0.07561339532306444 0.03191091237179433 0.04243851581773724 0.0757949167430906 0.031638606667670634 0.045678069164857796 0.08340876580001697 0.07484516447552672
27 0.007967034004569898 0.013406604672830169 0.05981837837424225 0.028650035090626448 0.005110642541694234 0.07683979041412758 0.085058047017658 0.051489709617305306 0.08611114708940922 0.07946884506717095 0.042916872665929806 0.07449668125115186 0.0830373302207184 0.08709017204238464 0.03406027575935534 0.03680179506360967 0.0002458048971850312 0.03798215685668443 0.06139067210591715 0.048058005247429744
28 0.060179900434661454 0.06379255192437863 0.06809749540913931 0.056326391078269596 0.04470082288002451 0.06604880114068096 0.0460870473855065 0.035342778528612916 0.04736222912600378 0.015448111802365017 0.051399498821074134 0.05962694548205827 0.048954492827127896 0.062479515531550615 0.027391128093933355 0.05583744890658609 0.04716418960184741 0.02716916842376444 0.05945425431324835 0.057137228289166765
29 0.10790760057837405 0.0744511872314038 0.004131970531259062 0.009813849640364745 0.05852320302421381 0.10869255059958495 0.0183556694394057 0.08160422261381113 0.09005783007683645 0.004915021701562487 0.034488120915109464 0.08621521887288437 0.04037136359716084 0.021059038071614418 0.09132173315965077 0.03144478277160409 0.003664450276808479 0.015751967580046284 0.027593989503383008 0.08963622981492217
30 0.0464339870094176 0.048174485973579144 0.10335947884601972 0.017094205518465296 0.033204015545517065 0.08087213122230047 0.0746473374982501 0.0684918627437104 0.0034982413708446103 0.09717328471131575 0.03355043288130827 0.06509333558066666 0.08147264371547773 0.07394464041175153 0.03322745222741941 0.02598576205482721 0.0013453079478131802 0.004613941285623117 0.006944039208349916 0.10087341424734296
31 0.040215144334430505 0.02897844323933997 0.01450814996991705 0.07460977323414833 0.04853420578421218 0.06666849410585712 0.0677789315541223 0.05933012314598902 0.0562176535624015 0.04377551517906044 0.06869012366636516 0.036143047493757824 0.0698464071249163 0.05702706832670115 0.013565734199655214 0.06406624602824443 0.06796412139702311 0.024647714069138384 0.028042601306301082 0.06939050227841906
32 0.07140833852713649 0.01818745580324194 0.03204210393932264 0.038616937417540166 0.07819861537472775 0.07342365879402855 0.023758810715550423 0.06358425681058162 0.013398415067704594 0.0162413493041663 0.033011922307545224 0.06966719033207064 0.06280481504219522 0.04086741399458823 0.05904731795166467 0.06626133514954459 0.07725484906095095 0.06327518232741584 0.07626722395131834 0.022682808128705954
33 0.08544139801569342 0.04580136378467734 0.04007868413824251 0.06954465039246348 0.03361445609027255 0.07615080116003609 0.053651632165038 0.05956371672428527 0.06466009893808009 0.045890216535351316 0.060492249765873224 0.018229802496005962 0.03199520708732271 0.009078253274926954 0.0746187063795348 0.03852403306020699 0.03604063004186507 0.0726687118116986 0.07148867725665838 0.012466710881767406
34 0.043381967653456345 0.004589028187555737 0.05676052034862841 0.07920847256820897 0.0810197901964711 0.05664255568217975 0.028261792662541165 0.09459042702447697 0.08410588500563361 0.05982758932988219 0.08626926189830127 0.05345776083404098 0.03604757593088628 0.024292941965133714 0.038845917910351836 0.09114090217331557 0.0006680610667511765 0.00347248048215797 0.046670814504227456 0.030746254575799693
35 0.03257193662572102 0.03450313269941254 0.027925890939701957 0.07717612291438979 0.06099719938444341 0.06191416655423115 0.05095495577869659 0.006301221170980771 0.014638099032989148 0.07214039034847293 0.029644526880380002 0.0863557104585397 0.04421479878415169 0.048638427248633584 0.08291031830107459 0.0875938376255761 0.06590214116383779 0.0033169065097604553 0.08637378579989104 0.0259264317791158
36 0.051194082787393284 0.06128388479522707 0.0640536279308783 0.019856301409174205 0.07098803044080126 0.025014804932848654 0.009621766578402625 0.06332315999529549 0.0007086208094263248 0.07032567049488504 0.07070003095674866 0.03853996940803744 0.02346827098670911 0.06744139526801814 0.0601172422158267 0.0846603204388551 0.04435781138031486 0.047807611797739465 0.04465468974832183 0.08188270762509625
37 0.08971725326671849 0.08615335169916223 0.10274099685213449 0.022058021410963993 0.0014568446835569178 0.059551668557214874 0.0235824489594585 0.030090349828087566 0.07454261734866566 0.12161873599496624 0.06370973831243583 0.017432910597431763 0.05943001881158687 0.03577945543017661 0.05727119327491097 0.03917751050569384 0.0349780025627789 0.04160014057451751 0.01939406847201787 0.019714672857520883
38 0.030859576535662847 0.038895621832435334 0.030620622652368302 0.023041253796587696 0.02385505791127701 0.08058827944835516 0.07657013951409025 0.08030700117458686 0.08700697567484243 0.007727969624952306 0.05226311251578106 0.05061797834638995 0.08801703639973801 0.092747063174972 0.03133449906803444 0.05578444511519216 0.03706876000769435 0.003967054430182836 0.09176665082999103 0.016960901946865795
39 0.1087888375625221 0.052493296805744286 0.01429596352707722 0.0008903562547301247 0.001708983725650983 0.023839202040053145 0.038907352596696684 0.04513991207557544 0.09260613299221894 0.06445187721878516 0.0636202108232043 0.01026699329997871 0.05782603542712231 0.058931122795391325 0.02424360877323168 0.10127714402196959 0.06906755291981384 0.04522392307056406 0.08818101369150529 0.03824048037816458
40 0.03996121225673691 0.08705010286540543 0.06100094786561384 0.03263034434684333 0.07735902952219173 0.05471529057850732 0.05192725552885611 0.08194815427852117 0.022195489112136948 0.024094692684774398 0.08594378755815141 0.04214442819094805 0.024853548135529653 0.01260484090260937 0.09190514769605894 0.09073819587095441 0.01193603169822953 0.01273705723979748 0.029127049501695944 0.06512739416643819
41 0.0960369063616656 0.06176013612878511 0.04441568061652183 0.033682655762039077 0.06780974926832321 0.04574466727203539 0.08128540138932223 0.026767784422613183 0.07880307997817107 0.03562524092423137 0.015727756164029643 0.02631917260396024 0.05440479261371389 0.06625137907414536 0.0360379206499202 0.03710912982151751 0.0760342564098917 0.03360088780882871 0.024389738813559523 0.05819366391672509
42 0.0822025317177295 0.05640690471257246 0.018039498737297432 0.0872756606795491 0.01091342641487401 0.05509301214543189 0.08173801376901871 0.09265635820303862 0.07302336159379404 0.07059540284939596 0.0677413658660786 0.03426346830212439 0.00435465391384389 0.010110176969012596 0.023298187273924385 0.0013414324418258724 0.08403532224091805 0.07036355042168073 0.008640387257086012 0.0679072844908037
43 0.014342713523378273 0.09791171456935156 0.05451190264485224 0.10085937029152116 0.06416381126872224 0.03836098152563672 0.01863410777111873 0.028469015672668133 0.09994689593114252 0.018384492944940906 0.059507162769205736 0.07002206975231615 0.029710579812151278 0.04760104704169056 0.038776719554489074 0.03362090106894221 0.019794868041450347 0.04760161357087804 0.0866328084133152 0.031147223832228992
44 0.05900573313756447 0.0504842709562479 0.01865072439988465 0.03135610537724791 0.05958482895417941 0.031232706950661493 0.04550683454478039 0.07180910543033901 0.008560438116502407 0.09516749297097653 0.018882106506488167 0.06780328837654542 0.08860791697825282 0.07026120004558518 0.09741954763766561 0.04754123047078872 0.02333759694827039 0.008945073827548155 0.06433538782523714 0.041508410545234124
45 0.018210014684902014 0.010863247494457747 0.08362343532055269 0.0013416438002618975 0.031222038186559258 0.05056854851110204 0.05338456150078677 0.07894533834579436 0.0887043951531321 0.036518633768937374 0.08056245150543556 0.015738394489232685 0.046620665312599625 0.07396942729198346 0.04002878904218897 0.07409836121999927 0.02794543143493623 0.08799785005164625 0.04282219871019344 0.05683457417529834
46 0.000922314448730409 0.04212307997059904 0.09801186852992189 0.005069887040726734 0.10218174777530425 0.04542235495444537 0.0539858233238965 0.010880340294747728 0.08346052995457275 0.028666776540910918 0.041561727519167896 0.02655862345928057 0.038105344016147395 0.1095372185239331 0.06955608924614877 0.07960574185867585 0.026482021318937215 0.02149639930336312 0.10412768254926225 0.012244429371228334
47 0.04464649763201821 0.10645309681213697 0.043478416366360524 0.051350116154955563 0.04405889831454889 0.0017499240201161478 0.007654247521166721 0.05798045579906809 0.10368585937921926 0.05955106566258472 0.10497448185310325 0.025221082156967993 0.0825159315357422 0.004279090368155477 0.061836044005679595 0.07591953243481907 0.07537760579526971 0.02025776055540692 0.027996980428292514 0.0010129132043884053
48 0.061283516432830004 0.08959044989076675 0.03420595457699525 0.02302197553131987 0.014360913936855409 0.00220336140021266 0.09348626749221976 0.02651206629646885 0.09797670545346743 0.04300691636706915 0.04970420171991312 0.019311957137835116 0.018544705281950815 0.053030739677131684 0.09434994792475618 0.06757411893491819 0.018807942429254154 0.08996847548021493 0.005041012417652851 0.0980187716181679
49 0.09046620101743554 0.04682181896564803 0.013591777082293685 0.017027389596913967 0.029731549755866962 0.046557905461860526 0.003548365237221261 0.02932265364250774 0.07361681520076839 0.07173293622545007 0.07941430810917639 0.026419933806936448 0.032322915582165795 0.10854375776269214 0.10912341956710132 0.06547344184723176 0.006221302188378698 0.08816067653358092 0.024367886147154936 0.03753494626961536
50 0.029379902196812024 0.019791233997118043 0.048608292422726775 0.07479838399945776 0.013263501152902249 0.019277102000728002 0.06570649392122746 0.029588535367116434 0.06735868805973318 0.07825376413422229 0.05368409513817127 0.0374462930171778 0.07315404208711485 0.07926513225064129 0.020774721679456033 0.030678918340798476 0.0867482053709608 0.035737801449252024 0.05528969234842244 0.08119520106596093
51 0.05496580224112444 0.03204169169307826 0.08715235856985722 0.006635313682417335 0.09253809905895195 0.05766690616539093 0.07005979237739404 0.05142701613700653 0.0572771121943103 0.0685905921644901 0.001373528835211473 0.0207978828112903 0.0565921558325835 0.08014579924749102 0.0076695440868891655 0.09844889170521844 0.09642250092817228 0.04547412064152996 0.009557825030570637 0.005163066597022058
52 0.05518180512653304 0.09298360738772025 0.007108298459269668 0.1008825594016328 0.038226359045134536 0.0460450705814009 0.01856065053501061 0.05257154765969667 0.0885972709332924 0.09709876866003875 0.019194374031400233 0.07638062970983939 0.020251166575330725 0.014836465870017572 0.06930081755271784 0.037504245007747454 0.03333696324790046 0.00587755744367921 0.07290202482254296 0.053159817949094475
53 0.035306483955612505 0.00512409434166961 0.0889104878540394 0.008988706099281154 0.09239200031301918 0.06323125346711245 0.028942842495003757 0.037544168088075563 0.08180155514513479 0.07261648075554655 0.10646436127012698 0.008846216550414558 0.08500564129653121 0.021702518622755747 0.08362714654632344 0.03368129585834327 0.016628947981669955 0.02384187649591796 0.03586662371260419 0.0694772991508179
54 0.016693880245201406 0.014624731121837395 0.0446879093410845 0.001643313869268368 0.04028811362909864 0.02660328454333169 0.015991913291425484 0.0798958711752979 0.045586074638016054 0.06214790034711587 0.019903539244082568 0.10014250922818421 0.06393055063238492 0.07520171041769598 0.05600869964055368 0.07939520629111009 0.024122801740540996 0.07344759454158857 0.07403396112550874 0.08565043493667304
55 0.07770885232803768 0.03407711780375798 0.05047289502117724 0.07340691676342366 0.0511481671837109 0.012288673759862994 0.06344613114224663 0.06823417329808511 0.05124966774383785 0.07649522113285807 0.033997826580234126 0.04921419302285412 0.02552436592363101 0.06105247032892572 0.06581706677287251 0.012524490183871265 0.06307750355275445 0.04670638722395571 0.07450821224765837 0.009049667986244597
56 0.004584625987105395 0.0051786528439227136 0.1056761436763024 0.07245631083193277 0.09378455713899794 0.05333671055164484 0.026296353968441034 0.09956584371180996 0.00240295378822226 0.07373740506305544 0.1031666445217349 0.08995957750823208 0.0680235285155159 0.028553649890684714 0.03739919440253155 0.053640059957434434 0.004948849400743465 0.03255851004326494 0.0041669296860830035 0.04056349851234048
57 0.003789479206056812 0.030813833434992152 0.07422865170208177 0.057737611015270494 0.008768306493386174 0.024450144150921872 0.06786159646339426 0.00394692444196893 0.078648115086383 0.03877511205069264 0.07391865033312678 0.035315195448120895 0.06496527572702188 0.08602991004059792 0.04186362969366315 0.07796373940340474 0.023069565382443705 0.06614096099008057 0.06701934566659377 0.07469395326979845
58 0.04057073727119056 0.06408668333634883 0.013695540464753084 0.001903086169331902 0.0394036592132678 0.031237198523278352 0.020698001323840146 0.07371787015586566 0.05994208722396304 0.07155606900878288 0.04224184805997935 0.0904100047049645 0.01296870638973545 0.04530107891443605 0.09534423971670523 0.08719383109800351 0.03959328604320501 0.06606179901633255 0.00871920638941554 0.09535506697660054
59 0.07255588941477967 0.07439186812021771 0.004165157278057962 0.04314534813316748 0.07605322132246109 0.044261995707492334 0.05104602230260129 0.0033942142834966194 0.014583980207854006 0.019354542504805172 0.07617510924676539 0.06358150710586055 0.06790458511541891 0.07628834309550483 0.039343110928097925 0.07431406447539059 0.041849671091119825 0.0661772972441731 0.026618688898233343 0.06479538352450252
60 0.04612868570420852 0.0060326412940813045 0.046137003962771546 0.024842616601489224 0.07851506314111469 0.059191427263092566 0.0104028725613171 0.05267791261365913 0.07901384089661066 0.09206144851331906 0.025658362971634277 0.06657313810683006 0.024976196796584298 0.06286357680128007 0.013075866306582157 0.0648024341192454 0.05309965562341914 0.062452285595777784 0.04660793832999533 0.08488703279698787
61 0.09731037123494575 0.015482771370561171 0.04987452039129461 0.05523718171466286 0.07860921205996486 0.06322054976752203 0.08962280467652678 0.08056797289101322 0.011828591826555159 0.03267000197425672 0.07913168861912558 0.059603009610261944 0.06995283506087928 0.009740748773060524 0.03628623434893592 0.07164100813234055 0.02055924663662615 0.007720188764626354 0.029811549910034523 0.04112951223680618
62 0.0149504059585821 0.07221112836501901 0.09948115443946715 0.024199708409167558 0.03216628090231792 0.015224661234871864 0.04899679033918796 0.05345360717433183 0.09715971578294236 0.1105157562959654 0.051731747612167645 0.0301568636287173 0.03213613328210058 0.01961999440317614 0.03173705299326228 0.0986752965710941 0.0008046282642976156 0.037375469467263625 0.09643190396224023 0.03297170091382746
63 0.06395492266422916 0.06380641584497895 0.04710897327440074 0.021027827537503287 0.08394884936688855 0.08178628361888043 0.056330768203405636 0.001860710878551053 0.0812657947744157 0.047981509842698146 0.03741106450724211 0.05285665443476672 0.07330386423808508 0.0935762314883607 0.0706278359071671 0.02757967538369207 0.013353981585299548 0.0015913076400945816 0.003570750046772816 0.07705657876256758
64 0.006631168880927675 0.05438698476827727 0.10812280778954834 0.004557130918008611 0.009615302942204052 0.0036049890958317313 0.007373062557752043 0.015594589098559737 0.0037344754684575385 0.08491745393074726 0.07045970051298543 0.016516534522547657 0.06291198016314664 0.08769500267360947 0.1110622423104926 0.0466533410009474 0.0018651486885197291 0.0938505090445599 0.11224469037432501 0.09820288525855168
65 0.03520418222314625 0.056013103847920416 0.019416021741782412 0.003350063258241609 0.11179646821035265 0.12400800167410848 0.02254185940697189 0.10156382448849677 0.042865217025495894 0.009233022974219317 0.08342141493012001 8.905444245871117e-05 0.04070938973169572 0.039129263430344716 0.07518500329566587 0.02818971211609379 0.0012594363149675345 0.07516227840355073 0.06251232027637678 0.0683503622079904
66 0.06307549953579468 0.031247275649670055 0.03195067978253218 0.07065894261845673 0.08814606637628594 0.015255966317537763 0.05525399480325806 0.06046467672459038 0.08045181161905987 0.08007598355017691 0.02921983026155272 0.06031161733256796 0.06180282165036865 0.011605131621946397 0.02742419903278834 0.06947361034825653 0.05247029084804181 0.03551485433646097 0.024679367363452363 0.050917380227201686
67 0.06648834819441586 0.0659989033845208 0.05425832130714616 0.007049542308548977 0.07698151919467229 0.05124834434076423 0.041698263694315306 0.01461558215038622 0.019656006108617764 0.06386393669738627 0.028106454027555614 0.06779306323022609 0.04435489874487482 0.06902535199268563 0.0792489083915792 0.04835861042613086 0.04524425692621466 0.03968451293273921 0.059502312771766284 0.0568228631754537
68 0.023804026276276882 0.06253907644480687 0.0701758292919481 0.022857777774698558 0.043865947092974894 0.07109655518140096 0.01950587645983661 0.07564162121228202 0.060711700052973716 0.06258747788779671 0.06435017880198947 0.05067209284639218 0.005415980128331563 0.06804006391028139 0.06984701443476503 0.07455830752588875 0.028268370248837504 0.044111521770100796 0.036913750342265975 0.045036832316151895
69 0.040558579476888845 0.009086006071327925 0.07912823434788427 0.016944780480569115 0.1030147630480477 0.058379825661732096 0.04065626227853996 0.023732783568503498 0.034800167248111455 0.018957867990659585 0.0978482549799692 0.10592463313480101 0.016642245139781433 0.016328545139382207 0.08609995501426448 0.0629988154123432 0.00852443830441774 0.08547258546396914 0.03530808104222305 0.059593176196584205
70 0.08125418867804851 0.06038055777560756 0.08626268992659683 0.04857224110494379 0.04064552020156388 0.06285629370130782 0.08575929221615154 0.019168009479063258 0.005796462686982311 0.013991422443849507 0.0671158750776668 0.02164929494107609 0.03443409807364135 0.028645498415610798 0.061533946865979135 0.013631943387956053 0.04466253608774602 0.07275568077752248 0.08117525612537024 0.06970919203331592
71 0.07041515495932278 0.06712515975888539 0.0034861666135833345 0.042607630961609154 0.03038458576325519 0.06778848528478633 0.07696555353676347 0.07439946733832702 0.05926174037325902 0.03856491462777593 0.07959150272142351 0.02388159382623123 0.028343785099073922 0.03411175245968102 0.07582420686790944 0.016750176418655116 0.012737616386532508 0.06815795654176775 0.06563997422195726 0.06396257623920067
72 0.025183699433843482 0.07682296595380385 0.02744753566795221 0.007516974362051094 0.050289779188531177 0.07146520521871885 0.031445052880179 0.021457731792045354 0.08171176905292285 0.03609634632603096 0.04883298782526108 0.027518176420637683 0.06347800691371064 0.08488133118508306 0.0758361451020972 0.07350176506655627 0.01503526069417813 0.07977322289254186 0.03146853280482776 0.07023751121902735
73 0.100820341986416 0.06091231701188387 0.06628005845503017 0.07115945601044565 0.026901809438798736 0.017678129642281167 0.0626278989537205 0.05331832978556511 0.08474942887468444 0.060800341179423706 0.042796307381724435 0.08748251623672432 0.01504514827139613 0.06062455892524597 0.06037348176587806 0.03416689935173727 0.0425156324361081 0.0027867300466589955 0.0033440814963477477 0.04561653274992951
74 0.09790369718776229 0.04046131475897752 0.009270021618184297 0.01781862112111469 0.07278056074626278 0.06305654349897769 0.07676219953181156 0.04088562534041767 0.028105513474094627 0.008538632570123566 0.08921069046459865 0.04607451019856574 0.07244904389706897 0.030558761512294735 0.07598052553962376 0.05627064257713006 0.008058638576544536 0.09600294133407071 0.0038457540538192544 0.065965761998557
75 0.0008872885671894308 0.03479764452552174 0.09521351212580244 0.01720889796398572 0.0621328745747913 0.10330964099194014 0.026395774177724454 0.013051415803842958 0.02313015406451983 0.096453697568629 0.04206697288869077 0.02314123070899535 0.06283603313502065 0.09225994471188884 0.06693579418156241 0.061755639724834555 0.09397255639791605 0.007663507163654844 0.014572369847629767 0.062215050875859594
76 0.05934920367701647 0.06526433320146907 0.046772530306565537 0.06530270778713874 0.053412900314275605 0.06872558896204764 0.07894460812613632 0.041356349784203175 0.07671566538426912 0.08831655178580128 0.026817725437481232 0.020285972399211812 0.0056597557828410834 0.03345164608355151 0.023973165819346647 0.01527525857259448 0.08210939784169449 0.03937942861281694 0.05986054013386705 0.0490266699876719
77 0.0504698567706842 0.06322639607197626 0.004230365850596461 0.10160571740347375 0.0006235202676543828 0.03466965549613746 0.0588778674003096 0.0454820394183846 0.113719707006778 0.00497296225401687 0.06211469579817193 0.01728156281421954 0.05742860125031095 0.03670260096689342 0.06439698165109371 0.1297803639780809 0.001287338033799137 0.0714434487978248 0.03223310465217314 0.049453214117420694
78 0.024522457596159675 0.04537070896931925 0.054763375187404935 0.06386649393239158 0.04057959089235315 0.03449583366725557 0.05021870179934585 0.022480378574065527 0.10185562028693602 0.03972522420194208 0.004355472011175322 0.0672593342056525 0.07798121132719624 0.10395852613605414 0.09750440875951244 0.06100086861587284 0.02368045629487778 0.07654129286329998 0.005541541753610001 0.004298502925575006
79 0.07860875124286719 0.06797222032802894 0.0006133063634475477 0.09433626259669643 0.0005361186437443849 0.015127138731167965 0.061117114599190704 0.06000887550994537 0.06726280799094053 0.06196102077712131 0.04662882974816179 0.03978220417333724 0.07201436675445885 0.054858132861815165 0.04486228742047824 0.029135792866295026 0.037814433708711716 0.021318446505842 0.04793392657412309 0.09810796260362659
80 0.0411142748402814 0.04528762991147311 0.06583890158365949 0.06922159180715942 0.031006318043571852 0.041590918725445826 0.00907571461088786 0.04033422504801334 0.03163827427116379 0.08391677252736648 0.0638072089210005 0.1079036916782184 0.07812298428272064 0.017502206382859365 0.12181752109480781 0.03493527022252101 0.060130500109325434 0.04554960583481925 0.00448524304571135 0.006721147058993557
81 0.05625378657112729 0.009424078429688435 0.08890925181647251 0.050627004046627996 0.08700004325061715 0.038942072476270274 0.0012947755037703847 0.0014821093056152411 0.05611638466243122 0.014148432225207015 0.019640738261457784 0.09089869582821379 0.01996093050138644 0.09524469451425181 0.01882324289415716 0.09458345966854109 0.09504489283036942 0.00947502176513389 0.0854717142465184 0.06665867120214261
82 0.002970931223125977 0.04620141246225358 0.028478704290087566 0.10579198701577644 0.08072681222572138 0.026346665108636477 0.026662171385586263 0.09299017476994126 0.015023390170034227 0.07598469512840175 0.0018146859984704857 0.05060368189405321 0.08745513883920861 0.09416317146716016 0.02320828017826713 0.08204412366464653 0.06593514979290559 0.03146477876108821 0.016798562181440966 0.04533548344319409
83 0.05719444285932327 0.09229093825189386 0.0965987053884158 0.08968488274945949 0.059890192076818456 0.035693838876198626 0.05952599832393679 0.05266288630342385 0.06666568139454714 0.03876604194329696 0.021315678309386847 0.02382244745972151 0.02600029922819229 0.002688741997911724 0.08530054161914344 0.014010006663893456 0.085885526760862 0.060980163092632274 0.012555157166035603 0.018467829534906645
84 0.019589846150937326 0.021409075958762562 0.00027238344510953214 0.0788537181612267 0.050951196380916296 0.08156754992701153 0.08190524526028835 0.012226680512662702 0.06588203333639327 0.059964631402218214 0.011060018570988322 0.03104313671580652 0.04371291833444483 0.023433075477430055 0.007484530549086832 0.07725428684774639 0.05706379425577638 0.10678391075055466 0.08328202678435868 0.08625994117828101
85 0.04252675517023329 0.09173230999333268 0.02431348026125413 0.026122522551805857 0.08874481125316941 0.053014837511155516 0.0023644266691625723 0.04164448620385106 0.016640462014979658 0.04840389003457572 0.10287749237714845 0.10255064260212528 0.026761007399934766 0.02634581012436109 0.053927861452428956 0.0466522556638559 0.08091040568461176 0.04958482653850122 0.04847737361932294 0.026404342874189912
86 0.020292671219418842 0.08189393312914642 0.06199217505024949 0.029204631546433844 0.04467757904142405 0.060065681219711814 0.07642785123060432 0.032248700941063184 0.03481165985524275 0.042501622699483405 0.042659816910745274 0.05177112983650469 0.017648617855336397 0.05806035430178504 0.04107665438398924 0.0814771980055038 0.008896009830433215 0.0757248860107782 0.04785494464599123 0.09071388228615473
87 0.005466230949483299 0.03798753070180256 0.03872356431721655 0.04115826051332207 0.06505522719723064 0.05469832265344277 0.056582825019290975 0.07915057131827506 0.07214350166368329 0.09017379565379154 0.0627497033458946 0.057690328046342325 0.03593742393288605 0.022316166857307543 0.009290358172006455 0.07115642848977938 0.0425003004361878 0.06375402714413628 0.05493723602403417 0.038528197563886854
88 0.0792636485792544 0.08821687787791686 0.08134530023545253 0.0820212196103126 0.08053061956385645 0.06734748010821158 0.009823749251917127 0.036494728679848716 0.0032060985778428466 0.02541091629241167 0.08849503854432336 0.011692298167890634 0.0903844146229587 0.0539168442766372 0.02970263567427797 0.06260036146331463 0.05094279441581604 0.03715622939264049 0.005320245409893555 0.016128499255222743
89 0.005976266713895138 0.03957485146052864 0.07361537052874417 0.04317910376108763 0.059374805879412025 0.06619846493387989 0.025690196315125046 0.03367187754744909 0.018646948795528324 0.08919138632096768 0.007422146992487971 0.08627416092765285 0.05185884781082228 0.05754313006992215 0.08113884649717437 0.09773721688664312 0.012054460741187635 0.09983634616234477 0.004928680579341499 0.0460868910758058
90 0.03762080796837492 0.08254011558833071 0.04893274969622039 0.09581232681799731 0.05794391122219417 0.06037342816434871 0.08295074291323848 0.06307170861519752 0.0674347655452032 0.06522411140397315 0.009164511702729325 0.07541792831248254 0.02605000065432927 0.02586615280999997 0.051796405695988194 0.07225148990462518 0.0402611693142359 0.018315963867368328 0.01377548323339263 0.0051962265697700965
91 0.04729939136006945 0.0035925308204211733 0.03562535977062151 0.08315849713092628 0.058438555001944864 0.03266668649958873 0.001908983855479656 0.07224812617706819 0.05558944085527552 0.034240308309720933 0.042305107371339606 0.07616699505773616 0.008929859702377769 0.05313077411779127 0.09096708991483621 0.05647643200773561 0.04952058476500735 0.0792294366399836 0.05654746088730046 0.06195837975477577
92 0.058102959859137736 0.07266160717683283 0.05135738808095336 0.0664968214898586 0.059038892543664324 0.03404186063967699 0.0466879427233935 0.03425007644028723 0.03728358358913851 0.019682155499957707 0.041962959859652066 0.05211065992105578 0.06233497489718843 0.07476717234622356 0.019533045136472416 0.06985663697961411 0.04163355494966621 0.06619816695132051 0.025286554568476657 0.06671298634742959
93 0.08472062970037543 0.0049550449476425 0.06550267993865709 0.07647535178568314 0.09288446793685903 0.0812894512849751 0.05009194385710814 0.0023505828450793307 0.00861006483389904 0.04547970461508178 0.06323140894166004 0.05462428237795897 0.022302199967633694 0.041143926538464576 0.03919997912997194 0.08848284349209427 0.02141724290427336 0.06220149625002454 0.08388645022922973 0.011150248423328438
94 0.09426991213739316 0.026523220811633712 0.04475525478771032 0.044235088429628706 0.05256085584571155 0.07779185949683609 0.03526481018550917 0.017863424285069738 0.09427000399008571 0.033740822320742055 0.08329744462106635 0.05478693361480009 0.03587367773826084 0.0460209049129642 0.016529414244279002 0.08468201665469315 0.005565232893962003 0.04395051554145056 0.08222313150407408 0.0257954759841294
95 0.0005210003440986274 0.09585718095688232 0.10538077942669855 0.04620154266145301 0.05260958542584077 0.06890787436792276 0.10245222411583593 0.04808706163185461 0.10693464340617306 0.03898027436689446 0.06969550005279163 0.0074021627639054765 0.001140716496128814 0.011506220069715776 0.021689782111702763 0.10025395458052465 0.008040587899701546 0.04177282627834777 0.011213772055915932 0.06135231098761154
96 0.0536386169892506 0.07369687385049561 0.08914153067348272 0.07945362770532019 0.01171771953334513 0.00037470632197352807 0.09220603602538491 0.02574019249747748 0.06237912229897748 0.014356789703057385 0.06789815048545031 0.08570033070113799 0.0017835578233040468 0.04671246340595552 0.05795222926325821 0.0578948535985872 0.04057612836516619 0.036628759182749215 0.0897770693875771 0.012371242188049247
