0 0.0883555106418949 0.03968546250865299 0.017404715038579616 0.07617581608262579 0.01665644721984945 0.025513704663958813 0.06247642933533769 0.0400267077888859 0.04340957403510436 0.06332151135154804 0.07694763933533487 0.030067998152782154 0.029107171870940484 0.021040702462577825 0.08108749430394019 0.031141216384764296 0.045224932528915504 0.07326254405963441 0.07459819065562998 0.06449623157904276
1 0.014720454217982272 0.023352435220288237 0.058251320926568345 0.046190725196559215 0.10190753625488426 0.07444385115868132 0.03908788763435511 0.012145287537246115 0.0567091910942591 0.09227441004610056 0.04192482552595131 0.017787835892068733 0.05615777367985114 0.03826383743596748 0.07164427881278347 0.016912424962166724 0.0008470301954836522 0.11577090186966524 0.09657891110632538 0.025029081232812358
2 0.0364062979164458 0.055067806261775806 0.0017734243227568612 0.030349461558692413 0.08365435691232115 0.05454539461010242 0.031978774236344105 0.020724293870356025 0.046296704126275644 0.06933253966597921 0.09203107456084367 0.0378764772407867 0.08631887320870414 0.07663106209878727 0.00875636303783669 0.06898824854015093 0.0781636775584874 0.01889203232714525 0.024976723255683137 0.07723641469052535
3 0.0024166340288891025 0.008783386955923938 0.08846197402590404 0.06166582247194533 0.0657529992655969 0.0055601998088160515 0.08018442050789347 0.05008124694533864 0.08129511654046903 0.05500959880640809 0.04813250248674555 0.0352791575989896 0.1223194917906943 0.014292673589901163 0.015604778943947635 0.07227359398362533 0.04847140940260321 0.04035343461413377 0.05964459070146934 0.044416967530705447
4 0.029631098434044458 0.07065278535024899 0.0019750144808616567 0.08980191748537449 0.0029919929311038266 0.03964925000998632 0.032308029277535476 0.060294225792301384 0.0007252691632896858 0.026293674425671404 0.10716803934065221 0.027526344783426276 0.08513337107139257 0.08802035667599409 0.05505954238111521 0.006126912494356624 0.10531867724945376 0.044136701395755616 0.03752075564325072 0.08966604161418505
5 0.04163435725502774 0.07504977211242317 0.050514283576950744 0.0957516608034961 0.03165004147870704 0.03239440866422558 0.0821179774553585 0.03104249599539169 0.05321443220415456 0.024073247213688444 0.026488041153473668 0.0287036473098606 0.028714125945230286 0.06050853165347813 0.05154416204469514 0.07692280662328144 0.07603394766445186 0.06683560692206034 0.03657216975716944 0.030234284166875437
6 0.04071365586007391 0.08478002561440585 0.0027356060948211937 0.048598087838530334 0.0978185220470076 0.0946464685957235 0.03720934735947636 0.06169493173862758 0.0005177460626930608 0.05669825546146824 0.05672725053542694 0.00912538275851676 0.06464872162552492 0.02968106682227754 0.04788916892368532 0.06807577226260514 0.029872497753640592 0.06716717528825986 0.01829557664027131 0.08310474071696404
7 0.06827460729931387 0.013442676252224398 0.058813333357277155 0.08807530490533103 0.023067117854040153 0.047772952964917605 0.0890961473028307 0.058477453807567234 0.059302008388260066 0.028002794573292744 0.016548160824504488 0.08823391909699108 0.02590776279199624 0.06227921147095597 0.020859417102393016 0.08327619389699024 0.0028430147344493807 0.0828173250361675 0.012264920755288601 0.0706456775852085
8 0.010398320699266236 0.006971187330088383 0.06558075163713503 0.0776791192808833 0.0763956544966129 0.06985352559527735 0.01353128450990792 0.049486241476821194 0.061983719550050866 0.06775185080426648 0.060916357938426674 0.05820210131095352 0.004573114172885954 0.05978949844437274 0.051731543025606876 0.033366942812082946 0.041594370704597004 0.07778845139452865 0.03623749658999059 0.07616846822624526
9 0.07067023858988553 0.0017233249531372816 0.055883834287803 0.05661560202028464 0.09007585866205774 0.03378979518805265 0.08753157118370244 0.07932774377606962 0.07554333257865768 0.08191830647246694 0.021641705921299607 0.07369408500600107 0.01797929263161973 0.014195355225883275 0.05801033575862451 0.0022925679997836557 0.0400379243971045 0.09051763682681488 0.047198837408630366 0.0013526511121210224
10 0.02456337269622386 0.11864060220553878 0.014845522096977244 0.12391348430288777 0.003540478388133201 0.04721580870506208 0.055685932950861466 0.0425214571732967 0.03793352157207186 0.032294580678195725 0.02591512068981867 0.005408210253083522 0.06107072126844566 0.0320764669503036 0.09313329035956171 0.01190626928334995 0.07753151395454286 0.05693741202225118 0.08183539575757305 0.053030838691821174
11 0.06501636097562864 0.08238359999311703 0.09218994669032139 0.051392663072812435 0.090177806972622 0.07791552696623333 0.03188140946472593 0.0055746742332361005 0.06702192603811041 0.03787312627878382 0.05451819165702375 0.053940564678930075 0.06374095797048238 0.07404307877506311 0.04650837210980023 0.007997857192889972 0.038222906498274103 0.019660683291641244 0.02235731950019402 0.017583027640110136
12 0.03499630543887845 0.03182537869179489 0.014521924558601008 0.08733416727036841 0.035774506208201225 0.043330278818667606 0.07262230067464928 0.08625830362925675 0.09135692907826148 0.0033760232001890486 0.09123099985756107 0.0814155105811487 0.07180474862225739 0.05128452589338922 0.012784052074501695 0.029593813261675546 0.05325703231377033 0.05700561864468605 0.0008629935678665169 0.04936458761427515
13 0.06888351915225248 0.000273788927167568 0.07051426218364978 0.05184015825122305 0.032838703292638896 0.037435493029595195 0.02225728138508307 0.0653085600772227 0.03770884265312156 0.07381808393927573 0.004585765985566712 0.028734700159540216 0.04828204530374802 0.08298514984915567 0.0911473158901924 0.001149794196375451 0.06417970668262148 0.09180584180002685 0.04041327437884721 0.08583771286269595
14 0.059587789496399056 0.006470933596781489 0.031693034072796916 0.05309757372409607 0.05639168345807066 0.10295166595049272 0.11077220589044537 0.054326852540137284 0.01097296395654304 0.0454330561190068 0.05239938684939176 0.0016737368203544331 0.051953189273774625 0.008705960703830623 0.0007914518655594663 0.07116970333587462 0.008888811633178298 0.10305160264782408 0.07664736064002457 0.09302103742541815
15 0.01084241813984563 0.025969616082825355 0.02918491528813541 0.07064435655632835 0.010005209415543056 0.052654388662216826 0.04414769186266777 0.039196815339197305 0.0670534313921948 0.1084052594461442 0.04505476812913582 0.044228804127907105 0.05010149315790535 0.0908342237225074 0.030835756553018602 0.07154898710912139 0.08443837408021589 0.10102848060501378 0.011461516119198557 0.012363494210877426
16 0.00063011230893552 0.013046131915895527 0.010778533491498087 0.041121066750441866 0.022248847097916843 0.05691586779661691 0.004489254330709752 0.07493306210759426 0.08723157139664961 0.08364587626789413 0.08298849816864996 0.047438617467770325 0.07439673711705361 0.0653146528615997 0.07552394821841224 0.05435443847467432 0.04310313026754217 0.012889700885330235 0.06562499058437957 0.0833249624904354
17 0.055674194867434225 0.044341229267186553 0.028840155333263624 0.06663945381041408 0.006923683926190871 0.005969129843554109 0.025279366234043366 0.027350733494324278 0.08339602193676025 0.06995610329530695 0.08600120437509362 0.07194031752448232 0.0571283396172454 0.05198981067216045 0.03458031393047724 0.06796455356708411 0.0322856277638156 0.06799118480554284 0.06468380636673522 0.05106476936888501
18 0.08962954174172473 0.009179216503594484 0.012241555956254674 0.02747197482260335 0.030197342691995074 0.03602671704022887 0.032488260242071285 0.10428044335395562 0.009409179381549905 0.07829444788293109 0.08097536432752138 0.00580147176741251 0.031409142176968774 0.08806940835706761 0.08376071983319607 0.05511919306539155 0.070092206331068 0.033665196187663 0.017530274976986972 0.10435834335981509
19 0.08006128561827636 0.0832839548680742 0.04937967916199419 0.010776392583328624 0.08550298879800296 0.04278117194169112 0.030755725285618284 0.0915966341247982 0.01908590754741582 0.07948817680075831 0.01964096325242198 0.07623806923788987 0.06475311234520133 0.0922458603360968 0.005657635240400375 0.07528942332996993 0.07496013580532145 0.011185694244080582 0.002911511321831556 0.004405678156828201
20 0.01169859704599291 0.027670325688143066 0.012329113451776367 0.03336580643272524 0.01886334743595331 0.06016086195855397 0.004752368051410962 0.046569214007503565 0.07846208635806062 0.08879165795800777 0.059294129221676095 0.058614354551641296 0.06676778417748709 0.06934930801573129 0.03139354400075982 0.07258065298208444 0.09529161757052071 0.011111813219388448 0.09602793749241152 0.05690548038017143
21 0.0850552540443776 0.02313735699202162 0.04344706345690331 0.06615754621597403 0.09344210037259884 0.019960048134743214 0.0953872131344261 0.0715755045148822 0.0033567097444830375 0.07197780783289398 0.08185836781856126 0.08481015876958126 0.013021332849191328 0.016877047944820058 0.05550002202957603 0.01607311095130899 0.07826339353724689 0.04381148898269846 0.005311300984827238 0.030977171688884465
22 0.05348291791541119 0.07942120744725725 0.013421312664965067 0.010051356978135612 0.08018882136838897 0.01857508031130995 0.06635964243018126 0.029362282729827285 0.08147911686548137 0.025484229079506655 0.05581319768467595 0.03811565731388681 0.08059116089879066 0.008087217360014635 0.0711230683458403 0.07520938573244053 0.05444601379808569 0.07671038530082885 0.029800430700084344 0.05227751507488754
23 0.08774734778216087 0.055064471589169314 0.0864999742027606 0.030790590871593394 0.04844622767921205 0.016966933480915766 0.07271993884128757 0.005110747347210828 0.01547617496817465 0.023761192084744805 0.03260445149079356 0.08670677834203798 0.051625832852902176 0.041530559134689435 0.08447021958676637 0.03230161183813408 0.08263497470319367 0.04726427977817297 0.04909416391532506 0.04918352951075493
24 0.02483550635690598 0.050959813427952604 0.013263242299794947 0.029742754813587305 0.05464158516363409 0.10906673657995747 0.045829797035668834 0.013954139959072822 0.07979251802106578 0.04117356149952492 0.059446397217727515 0.06588100999800264 0.005403771183623946 0.014685264540288496 0.0958825528535214 0.050193035390925456 0.08391119775273323 0.06531312107690936 0.056775306203925575 0.03924868862517789
25 0.03804323446665421 0.05132778259638231 0.10704328357117944 0.020392333223729246 0.08193325278692003 0.023023228491156542 0.002760231663194769 0.018542948383135156 0.033883772936653095 0.03933193053276982 0.04565745197537321 0.10371705703662795 0.09004210990556782 0.0062624684735057825 0.10743154234106304 0.03158762142264788 0.0706897314389155 0.0707991073607082 0.05655339831853274 0.0009775130752831401
26 0.05739312352621569 0.04860589773264001 0.046617942347478916 0.0038746005322511643 0.035653355275896415 0.036211733446426426 0.09700691230458709 0.008410544664769943 0.051339834193404266 0.025116099693135403 0.053823052698229 0.002330425634008758 0.07335990793033223 0.07544151355835803 0.09507612701255344 0.032531680937049584 0.01800840365745779 0.06447766946035044 0.0981139716547745 0.07660720374008075
27 0.03858833149503356 0.04933220633794155 0.07852103833954606 0.04576338315220591 0.08472720181918654 0.08223091567311377 0.05137999887631595 0.028830510572980715 0.001681239477807854 0.07512612534269046 0.03294946031140237 0.02415504627806779 0.026887868241157763 0.054599090982785474 0.09928385528693909 0.0759089604441107 0.0038015991304542842 0.0046330844184465205 0.07237497118482243 0.06922511263499107
28 0.04974661434504583 0.07312095930636699 0.05572884990671795 0.05852921115414185 0.017724094195267513 0.014500039186661906 0.02395263297190136 0.08623201048107337 0.06637562707956682 0.053289761930515656 0.03870687814536906 0.047615431822822483 0.04241310021409912 0.07185006032520595 0.07920968285640993 0.027579375494697113 0.02331867448257047 0.05484505498149534 0.03420323556288389 0.08105870555718729
29 0.033661602884938836 0.02008969324280902 0.006253025930531646 0.06078606394559837 0.06666945961184384 0.052972169147037305 0.07815523891162628 0.08280986358076578 0.04548964073389601 0.07367626058497666 0.008994342093883343 0.03364257236507632 0.06519695067116 0.035260743598223496 0.029211604253409865 0.0707560205728357 0.08567215234005535 0.002595053669341749 0.07067960997708059 0.0774279318849097
30 0.01011185827562394 0.0530180282595008 0.0844327050953461 0.012243694377507568 0.09205524432965316 0.09609684286943476 0.0521342158604175 0.03594094317565742 0.03488654294046184 0.09462535302154597 0.043425687686322996 0.02817473147201574 0.04823688298039397 0.04848478516468404 0.07882221336546363 0.03375972543948044 0.07495567022377501 0.04393828777483628 0.028933900098744445 0.005722687589134297
31 0.054136160060591465 0.12632833751791672 0.00932639594462629 0.04706363922586833 0.11512273324122653 0.05731852525044305 0.027938081873073405 0.034411573072999906 0.11623847294332865 0.004941169656576162 0.015111872858076154 0.0008861280307220774 0.009869715643676068 0.043760706423229795 0.0948346956446306 0.030384464576450256 0.0865778661239079 0.026447840484290153 0.04009532563058722 0.05920629579777918
32 0.007911745766589519 0.04508181479970051 0.07083489913917693 0.057138770461783714 0.049875349260973076 0.035126911750938135 0.05234507490550918 0.05196798154225811 0.03925474098100686 0.03874883564471846 0.06234623046585108 0.03851496792920212 0.045475132118783776 0.010946072045996664 0.025189043823284765 0.08704378665546056 0.06817177232371989 0.0659754023055163 0.0837973727670707 0.0642540953124596
33 0.0995624987615483 0.009939857441779009 0.03699429997706653 0.1034360022843181 0.0299497993835164 0.07499787214501305 0.02458910927948943 0.08235408877587881 0.015673171736305634 0.04125090193513632 0.04911545546327675 0.06786350419103213 0.018524508963369105 0.034393620382306714 0.014188960983105198 0.042675658250204515 0.08291187743109693 0.013322567053933003 0.10043852620444 0.05781771935718411
34 0.02407661278514091 0.07064499426377135 0.07590441826763214 0.054746567626977 0.02195356100149654 0.08324761638030015 0.04216873831246438 0.07317498174723651 0.09068857528669638 0.002049054450181102 0.06484300922392727 0.01355860244557211 0.05851727243077859 0.012014434814588696 0.006178996699850981 0.02442953907385352 0.10368852580092205 0.07360580745445715 0.0389655623248871 0.06554312960926609
35 0.011351872506811474 0.07551917367510351 0.02013995062993298 0.047188682653131205 0.12984936199680094 0.03677289134442287 0.036089311311756474 0.04386982464231159 0.01586252546129844 0.07852300883437273 0.007761562891067412 0.010250326123712395 0.04004038650781633 0.04759261321711289 0.02465618190251078 0.08385835821761328 0.11069961955227992 0.09576287006687398 0.027068587059255026 0.057142891405815945
36 0.07907721802256476 0.07127249773148135 0.043490999503922066 0.02538665313685283 0.016081275852485893 0.07741154464383515 0.03331202655641407 0.029933131708958186 0.045607609753084956 0.04554416088222542 0.07413696528263293 0.03655007090082135 0.042072441667492175 0.051434184407153895 0.04960364530338334 0.048340156818985416 0.08137119607376851 0.05361193539835993 0.07894410308817008 0.016818183267407714
37 0.024551277523922103 0.06913910743065074 0.019776625576571966 0.06950740171068187 0.036936885308358314 0.04742048081752677 0.06552395035336409 0.031900752212139144 0.05245527936654498 0.047527626125535266 0.03022400402378487 0.06243154168787154 0.05691541492319052 0.02502494303331226 0.06580243774321987 0.06314303080770986 0.038502330081641334 0.059385628846074276 0.06613975563926844 0.06769152678863173
38 0.045854247262269554 0.04078466525021289 0.03838629878577085 0.0036236364706046516 0.07883747948535608 0.0941559396960792 0.012878888515078494 0.00789239380167343 0.04562091887239828 0.03551459822612416 0.09713894379159728 0.08474106835226812 0.07916432113271696 0.08054020739222317 0.004654876476525274 0.02891145523972417 0.03466338824822589 0.04560906059456318 0.04041026002351562 0.10061735238307269
39 0.011367863780873613 0.03711299583337908 0.0625531850111326 0.040573419839727044 0.059479668456484426 0.023668406149808294 0.04878934499906202 0.05587032515855497 0.09361225526654222 0.07686553969634932 0.03148312763205149 0.02336794464568183 0.033553014846189416 0.05816133487300905 0.07150097886938549 0.0406406183267385 0.08374342802298755 0.0063785121143972705 0.08446050581719598 0.05681753066045003
40 0.07689952912997375 0.008590427438183149 0.08292582196372661 0.011774679420139997 0.05695572908866768 0.07210703169219809 0.07007674573933886 0.008857356112147155 0.02728835614825408 0.05528029810898956 0.0694044271867634 0.07965446154572195 0.01947828326996781 0.025740732147673244 0.06599342477204692 0.009854319030829737 0.04632474508721289 0.06052856916232043 0.07514696513299093 0.07711809782285357
41 0.056485801647900284 0.06439902050785198 0.03856945619110271 0.0771057225216829 0.02171100028858268 0.055321721485011 0.07366290679994779 0.040508716785590704 0.06095895969138053 0.02303479127290092 0.02446594267323654 0.05954560832324608 0.06263691679057067 0.04944425864847598 0.06266443257162842 0.0790104198324002 0.06688215833290326 0.010989095726690186 0.06409553580330396 0.008507534105593195
42 0.02932940512263568 0.02955418080840882 0.02664254600019014 0.0057146154387515075 0.03242591307439964 0.020355972150314594 0.037553862072282916 0.030643437425697067 0.03458094797363156 0.08312220813662628 0.08246092164982127 0.06153154107694455 0.08315989626382092 0.04250199867060279 0.07101438918473092 0.0894658692627959 0.02787870990547345 0.035974741613874824 0.09773573264819711 0.07835311152079986
43 0.09111987491905162 0.039581616642814316 0.007703096318339353 0.09413115130417073 0.08710639894792435 0.03566485898748323 0.006106407353013937 0.07415441210104423 0.054383799637009345 0.0708853955446103 0.008665282109560399 0.07204348774267992 0.041817588424227 0.0021623671768954142 0.04735543165266593 0.08286094005860017 0.06374245819180098 0.03558249074785152 0.0038123787533392737 0.08112056338691809
44 0.04100140457350404 0.04911046526835911 0.07680329586274146 0.011826939033582465 0.08714612885014454 0.05436828172609054 0.03611292970154696 0.046873280458538696 0.0066347102035720674 0.04008560962224846 0.06617234529047039 0.07014984306334755 0.06545830071801825 0.031672109006421936 0.06140023398963474 0.04019306867802595 0.0821292357877712 0.07674920732834246 0.045034919468283086 0.011077691369356156
45 0.06462106405643597 0.030852390333536144 0.06394271686987558 0.04860590312185399 0.06683596307401439 0.027106984747637505 0.0421279663093337 0.06792645990463171 0.008715683775424206 0.0006931058389485046 0.08480423852185122 0.008429351059620194 0.018229917704033163 0.08385594951921542 0.04798946399756438 0.08208135672514637 0.03726136127869658 0.06193871272785766 0.07176706541211135 0.082214345022212
46 0.06677102509555638 0.009342438437167809 0.03971031646479016 0.07449374759290121 0.04181532512714099 0.013890805082011 0.02993812784086385 0.04823767118377862 0.012630366576814411 0.04596906474526186 0.04598777219531262 0.06447732475911684 0.054880570373985624 0.07949943567360211 0.11461723849185287 0.052933845515258655 0.0628456230089358 0.00023868310363779003 0.12011651516200865 0.02160410357000269
47 0.059627632002250464 0.028145015621408684 0.02703251625628559 0.037162128549017695 0.04569337660540519 0.09144283306886489 0.05365078795345355 0.08726214483594975 0.02869404556970847 0.025825409711379265 0.05467125340051949 0.08946320082073334 0.018565369407249045 0.05659753195065437 0.05281735139270103 0.02704720543566221 0.01584148948508775 0.06738295513439763 0.08485078919955362 0.048226963599717905
48 0.13666589104897595 0.04827881985797293 0.035540624748006136 0.00965381004418327 0.028712492108540356 0.07649956475085214 0.004672735323806054 0.02010016448294112 0.0284762228728435 0.0010374176098271986 0.07459391727038783 0.05726179867902359 0.026275999872616015 0.09570965978043065 0.025160438202525816 0.08646892957239685 0.08118187883210996 0.006332943400457963 0.07046235333972316 0.08691433820237944
49 0.08111392059576195 0.047623645233307636 0.05775113788671582 0.01640266635601425 0.07540871494283961 0.03590073516603332 0.0132687329834456 0.0558768337681437 0.07412256553299451 0.05484374958888601 0.01742311679863956 0.06265920217085462 0.03578083017451544 0.054013922625174876 0.017457820484536535 0.03942222038519144 0.06427756244916494 0.040354229235879766 0.0816466227184652 0.0746517709034353
50 0.09339779551153403 0.017838731150604907 0.0778415693166213 0.024292886886182103 0.06340524084937615 0.025752864986454183 0.08724812275710467 0.08551011948029885 0.029240578093472074 0.014103900431611336 0.02142264311848447 0.005709031658371284 0.06564721372055436 0.030432296113476615 0.05844586394339616 0.035673000832801005 0.07707347942026245 0.09312079653416874 0.061355153228565766 0.03248871196665936
51 0.05518843908989844 0.08417135000699139 0.05333108741446486 0.06716254384283948 0.03289692067133846 0.03493279469346553 0.09021723243258536 0.048289513442275105 0.026474575207408355 0.05256742149808042 0.006455934544342438 0.004662060020375558 0.02551905009116341 0.10068906141460247 0.023045059888882426 0.07251822817177982 0.06959921744426811 0.07953754989382075 0.07065564952422244 0.0020863107071951814
52 0.06851566400164932 0.047010434407551906 0.0020371319187209446 0.019825727414833693 0.025761330371109704 0.08983759492085394 0.08452992054430522 0.05967402090636599 0.09782447013068164 0.007063643571183044 0.026467194405760862 0.05743134053151761 0.060340679556994695 0.0432326269234263 0.09166210383372228 0.04496490528431731 0.0018827870482932393 0.07315221737401961 0.06388833537920052 0.03489787147549223
53 0.03509352770846998 0.08938641090309644 0.01369126369945549 0.02334522779540484 0.020447494393509697 0.06442339291439586 0.05095156717980373 0.010274177812692482 0.06339822335882027 0.09337803182996411 0.0713285462874516 0.06824101942756777 0.030502704418655737 0.10773325494843289 0.05438201172538255 0.0487831012560744 0.07884480687581513 0.00012525794316546002 0.010534381431753378 0.06513559809008822
54 0.08965905254486473 0.007676687635611747 0.09000453700676408 0.007433605539304281 0.042279631467319174 0.022582440392627086 0.066408578105008 0.014822048273240603 0.09222013677189349 0.04322488790583256 0.05379764115175923 0.026155201873501992 0.09608746320828844 0.024046692763879288 0.07698773482072711 0.057069856640274225 0.036107646030423005 0.08837284609754911 0.045112247835856364 0.01995106393527561
55 0.02919020489294324 0.07355001183989639 0.050049080665537655 0.05234856667719181 0.09275986517911985 0.01628718455307801 0.039727223243754155 0.08113234785373574 0.025929229566931847 0.0767268882343618 0.023340249770735365 0.07262706024866956 0.009238362128700682 0.012005316968709847 0.060344207719716055 0.044972011322958326 0.03993598505821113 0.09547787639351993 0.0908010983996511 0.013557229282577594
56 0.028056397184717714 0.06188582200531177 0.03590203145533224 0.06873823828383872 0.07437815924691309 0.044225032535668916 0.056417591308543305 0.029539834024841765 0.0037010678530825414 0.028810517748820513 0.03175942862213643 0.08165675973066076 0.07306561428856496 0.06633699989503918 0.07231712368162549 0.042418849472703406 0.043469775870456806 0.07261280274947975 0.016119602028636958 0.06858835201362558
57 0.07637332571093325 0.09734235038078949 0.059366198299337494 0.05852362522355906 0.0710876526994118 0.02847824833559905 0.0300584009992268 0.05150119001895087 0.026331589979328534 0.021460651600054094 0.08658169823987166 0.035537861806999714 0.03471793131094725 0.00030716396430761813 0.0747123394464033 0.019482886345595883 0.03454094941414141 0.06243675798565816 0.09234971426273396 0.038809463976150725
58 0.026364655039336053 0.024794741561203273 0.010396687755322818 0.06194316069125007 0.014962352199840915 0.008425909095513464 0.01146371976097713 0.05943147996067968 0.08647642030348612 0.03899450278980493 0.013898440442970393 0.07244784449717823 0.017166830656777352 0.06512344317540798 0.06978289308741806 0.06283555847190851 0.07843703921532479 0.08434176571353937 0.0929067403902252 0.09980581519183558
59 0.07886951362397114 0.07506865457101594 0.06063676079074338 0.077533421882441 0.025846664395112053 0.042974267390420075 0.0717373877245059 0.029816611721069638 0.043651402480696676 0.050981432586870504 0.07233157366448639 0.014464926346738642 0.01701258916285625 0.08811828279465102 0.05505856511169863 0.019261830852015698 0.10038852584229775 0.017571846893974424 0.002423585148816938 0.056252157015617824
60 0.049865369443529955 0.03612735785775968 0.08066176042197908 0.020383978782970262 0.024266593836735163 0.03039570131470654 0.014884329599951687 0.09768487359590988 0.03211407153639202 0.02838092067493835 0.050483544806550776 0.07454836028711825 0.10123190646369923 0.04200074270170248 0.10578066171434755 0.0932437884611032 0.019617319914386557 0.004204878916673577 0.02864199088070936 0.06548184878883653
61 0.09433240556449496 0.0007211505540537536 0.07989257769240012 0.07920388423861355 0.0648737504405992 0.027606468167750444 0.05192164732140233 0.02973397758514672 0.04018588196851953 0.08516217459391452 0.0685451345822138 0.08217998189397344 0.010711949903805558 0.08282440276451693 0.029546433758162443 0.07755689855457423 0.0263358226256231 0.0013073723828781999 0.0008450167541819342 0.06651306865317547
62 0.11138181245239138 0.009460950135344972 0.05926011579037427 0.02509561184192649 0.05222441075577483 0.11046068079563888 0.1126099745678303 0.008120987221515302 0.10619372564219673 0.08868918964317177 0.047614457118937345 0.018262097973157358 0.031131197581953363 0.08424196243228163 0.022783481365731585 0.0026723523682519283 0.09601590793816069 0.0019662650081903334 0.010982109130556849 0.0008327102366139964
63 0.08152262490666638 0.03367524698911067 0.051206811489256314 0.020547555512958372 0.06444770391903124 0.07395311395121318 0.051624195755757996 0.010319228762724163 0.027996893830911754 0.06416257046297419 0.0691069149370941 0.03145667146620847 0.0818026466952275 0.07250630070128157 0.032453331287097716 0.04780793037904424 0.009370146277592 0.08382274983379334 0.029396865006461294 0.06282049783559555
64 0.09351311849823783 0.024340433062328203 0.03694611583270521 0.04055100405080126 0.020073808273121017 0.07491416094021963 0.07647368065914541 0.02237864482262924 0.03303859847515479 0.047791838772880214 0.0053500403019347475 0.026045805995151095 0.07620558234053097 0.048182467087001433 0.06576603508212604 0.05426646225506583 0.05848999118632236 0.038255549678830034 0.061429235272967966 0.09598742741284666
65 0.0399339471612887 0.07708316316198995 0.05588738755898927 0.07945090160384356 0.007300839948971017 0.045051801026008316 0.0867558898586771 0.029972966199431995 0.09821747710241054 0.02429327722050153 0.02326305509350127 0.026561886571856097 0.08368846936340152 0.09341878065204347 0.002912115613226165 0.061876861552455927 0.08793642691787384 0.01670688816720454 0.04877607171311856 0.010911793513206543
66 0.04628144531696311 0.009030422787046698 0.060759475089461064 0.016757955535370826 0.05588336436267592 0.06294676852022145 0.004721799492285603 0.03709648114496217 0.060634490550686974 0.03882429468436721 0.008508480579774234 0.07066399691929068 0.08572803488358642 0.06224910792454636 0.0197417843978529 0.08665302545615713 0.08590656400287433 0.08479564400675962 0.07120135135317487 0.031615512991942325
67 0.023116447459976815 0.0283581131393258 0.06515259529918953 0.07991319028707146 0.04114376997006158 0.04872117105137243 0.09172094511837357 0.09640374773838216 0.09546630823989835 0.007638849485074367 0.03412946361921394 0.029852369184521797 0.09983093336704367 0.02787834538647601 0.008997210328872194 0.09900622188404458 0.0003040210212613429 0.0011298039919078488 0.08120446192139295 0.040032031506539605
68 0.020486295774839475 0.04334075562012581 0.006364713798493308 0.032326806286991 0.023530838104235594 0.06995777938290622 0.06250763160861988 0.023568398208846406 0.05566210272761548 0.052568735877643734 0.06720637236439597 0.07867040218464588 0.08237609429471277 0.0820274534901675 0.06537093524641942 0.0861795370840854 0.06942691780911575 0.050441120900356885 0.007524482063919366 0.020462627171864294
69 0.041407478792102256 0.08556784759035421 0.023058688729385116 0.06477801361440044 0.06422033036031899 0.04106532002716268 0.0060841889886016605 0.08250313123464204 0.08702938360162588 0.08475252877100606 0.07854399009048396 0.012434436763784362 0.0520376471635808 0.03959939167157624 0.030622773352752958 0.007345494479338707 0.06935785267091357 0.027401263501236908 0.07592959197791133 0.026260646618821895
70 0.09978877181051245 0.07567048430647501 0.0341027262263619 0.05911893034966573 0.0040525401588118355 0.08607992662600522 0.06362660491946377 0.11193374703648813 0.02138728234933197 0.011213991292808428 0.08054821488367622 0.01611117314212182 0.043193008070640616 0.0680232249375468 0.04452767716987048 0.0031579662781295197 0.025915196591302345 0.07172848305453024 0.07574404983396399 0.004076000962293741
71 0.0544307826240412 0.06280605376197951 0.03403153177248084 0.014852632847488388 0.054030204028555386 0.017166038171007255 0.025732513220153828 0.03977473996161031 0.051164498445943236 0.0935733222536938 0.0980765240725267 0.0020111943524806905 0.0022288651007515365 0.0923316576118816 0.08441855382025806 0.08336565311320165 0.07226719512501022 0.02819630412660274 0.005048239347683927 0.08449349624264914
72 0.025814657454548078 0.04500405220445038 0.0032025685765509956 0.0024420716609420854 0.1013142071673947 0.06292540509755164 0.10363252856008384 0.06453164071228452 0.06285434371055908 0.10189653045518661 0.026356387560143572 0.06384780240535595 0.003482848297066432 0.009674956515120202 0.05006500409953667 0.028911685511840358 0.10919435433096558 0.07537910810708812 0.02155210745728128 0.037917740116049946
73 0.035358988880497835 0.07742996520142165 0.041136877192873164 0.0008164396379317148 0.030699395013823075 0.03216427456387598 0.07373180342542118 0.028772971484890764 0.044068874465295345 0.07791718193135337 0.06804291719922642 0.007045033050584485 0.07812937895973514 0.0495522919181186 0.062286383097745465 0.04836547804731965 0.08100201930507826 0.05289704351014671 0.07556818397805462 0.035014499136606606
74 0.08005479197729805 0.06097466759285415 0.04336764017266013 0.05196612964048724 0.0700926421402104 0.05704687933732754 0.08035641943483958 0.0008987198426097921 0.01316555277830768 0.07009863804647422 0.047320792449625095 0.00929801015975198 0.06688735207674976 0.06876644906036435 0.06445833574475639 0.008414353781578147 0.07662261043749038 0.04220844435646965 0.03945521780282874 0.0485463531673167
75 0.02229878361942207 0.04953037543210401 0.005497131627351488 0.0033959843958873003 0.07436025931573222 0.044818574821816184 0.020918254185944386 0.06619581713034231 0.047646853445350336 0.05317503095333916 0.10144480204957042 0.02433472846809132 0.07297233106343735 0.032464784326823426 0.009468996365158815 0.07580495670618809 0.08169662202417718 0.09325245819951145 0.017318219722429334 0.10340503614732319
76 0.10515414791875975 0.06467546305828563 0.06132180571604635 0.0652765122323296 0.06434579388218675 0.006287612696286716 0.08400758243979589 0.07978470521427908 0.05145384375208851 0.0409709834676135 0.018573575699420374 0.05037953862670414 0.014886740314384531 0.02298516762901576 0.020188095799598665 0.02535216271341711 0.09923568880980581 0.0779921308811834 0.046121063650597434 0.0010073854982011218
77 0.06630285189424244 0.08002413384880205 0.05524972260724845 0.023565139531549106 0.07940307009273607 0.022242514505092705 0.04649325113993751 0.04103088331998764 0.04208600717677928 0.08258873269112808 0.04453676339009204 0.07601886820359048 0.026912345842527132 0.07291002822009214 0.01507546385844492 0.05237837678745624 0.08266784148249509 0.06493131287560903 0.007063318162750081 0.018519374369439654
78 0.02516051143258691 0.04150132112497549 0.012229154899144746 0.1339515060071876 0.011263162623442109 0.058543591903300225 0.054976024918206225 0.06215304216077791 0.08357720614269937 0.06114572787163288 0.05013350644018946 0.03855862097616215 0.045954007857443364 0.08696096555306225 0.06287469250078198 0.06660078642563624 0.0011434372658247723 0.01605883570437874 0.019001513783172136 0.06821238440939556
79 0.06920503018407154 0.0328853030003336 0.012155855642748981 0.04451388593775126 0.010185013575083786 0.026166269163070705 0.025715182763947526 0.05711216249140305 0.09616085076014845 0.02717326864262434 0.03882219494932158 0.11408055015549749 0.04288637284283316 0.028015824730744654 0.03581893032391783 0.0676042150720856 0.09983338811868854 0.026707762181087686 0.033090809993570725 0.1118671294710696
80 0.04043233576582283 0.0407139039086149 0.021832214842091423 0.06260756002112591 0.00020772018872342485 0.0806094668155038 0.04350433786246484 0.08551903142239081 0.06442859447665622 0.06210852827616005 0.09560283530177732 0.07381364298032903 0.037807480599373514 0.03498505181669128 0.016221938441136 0.062039792833209914 0.023138765706281345 0.07178066180781033 0.03730425238122088 0.045341884552616084
81 0.03487109744019408 0.005725061115926049 0.05598764031691077 0.10616624014971618 0.07487618795760576 0.06414742216971264 0.0483911607832472 0.08826824216271068 0.022600193905956103 0.051691657323745574 0.10192802043403411 0.10730203332528662 0.010325997667504947 0.05960294450570914 0.06690525998416623 0.006249146791531491 0.01428078800190865 0.07795772743056319 0.0015131009623735817 0.00121007757119703
82 0.08784513459499455 0.07406809245107251 0.048626393383281105 0.04207358983043263 0.038084372398650236 0.06038846323264886 0.08615177330928672 0.03513565181137103 0.02858112405446405 0.01723853052948776 0.003768650963603419 0.026006813639182405 0.04953288522347724 0.08158532932586457 0.08172050875860863 0.05238378914014235 0.05736952957617487 0.08037759470387407 0.01099191047684725 0.038069862596535546
83 0.02637094572766948 0.04191986723860375 0.01979544242106198 0.03164720917562282 0.07237240424158888 0.014498892928269138 0.052911009231729034 0.07500402767642067 0.0854156693688543 0.03097883999324867 0.06087564446317346 0.086378968985857 0.023260540703843136 0.03440256245915482 0.05462954666780602 0.07006130836663468 0.07404849632919185 0.06298327759365943 0.03882673126233575 0.04361861516527511
84 0.02514708391382652 0.040346168706308326 0.03251853304013597 0.0026882603254924594 0.0784935448738746 0.09513658500760629 0.08813661108596416 0.05652050323031218 0.035453548757620516 0.021308313040409723 0.059473228605378015 0.0331788608052091 0.08562124486412886 0.06401589326661992 0.02130518316818226 0.02575361737103045 0.08390467084802256 0.03477571416837432 0.029423440085391307 0.08679899483611231
85 0.05550008447210163 0.08208902037436926 0.02977134925837115 0.09776176432118823 0.05375128495451618 0.10335309857965579 0.03616837598815877 0.05013824747600493 0.04827894511451383 0.016488259721946057 0.03333075210138071 0.0811127799017202 0.06836842866585467 0.04486194143887129 0.041980896701214736 0.057762377860171264 0.008790085519233423 0.03153853043444372 0.00707437992813971 0.05187939718814455
86 0.006122793069910089 0.08653402663566777 0.00035280048725082656 0.08905721582831994 0.06612751793150552 0.01134433995786731 0.10777779572913186 0.07142824827420614 0.021051071044425423 0.02664878062227361 0.04419350674568885 0.005194011737455257 0.06353628544189814 0.037804123047907916 0.009496487312488061 0.10105105512825656 0.12235580997161853 0.06682567079171291 0.0326639524835824 0.030434507758832923
87 0.03182151981657606 0.02318973538173964 0.02847524948063924 0.05854036076288046 0.08403444152419412 0.11070703840120905 0.07147876209660742 0.09194244036235949 0.006207611683820443 0.07695134816207581 0.004143583731162042 0.04756893173634126 0.0980672331261843 0.0319854335945468 0.02774926291444574 0.04858106008716166 0.003099265948829326 0.10215076117372385 0.003159391839578202 0.050146568175925145
88 0.027704925207592747 0.04011659706316877 0.0870659376106586 0.0486899110195876 0.036992177047640636 0.07778245923931709 0.014023719109874433 0.060664076478610815 0.04733126547215803 0.03548663691090333 0.0570133332713128 0.025152167333063736 0.07470328052437862 0.04882593693909936 0.0518900324726645 0.07439522361305752 0.055202789819502676 0.023215876483039414 0.055394121067602074 0.05834953331676728
89 0.08022194114281359 0.08246654401768103 0.06212820381784798 0.031206535355726418 0.07075102344552607 0.020215025091086698 0.03932604010628395 0.056360318362786446 0.01119919405039185 0.07216184863512523 0.08563090818662385 0.05176766608585203 0.03539308728420103 0.012867835114271238 0.009448221304963913 0.03534438025505194 0.05679468613330804 0.07176337072293743 0.023582778317206097 0.09137039257031526
90 0.04147798703314832 0.07112844001803736 0.01876577414778421 0.07154539548299538 0.04257723701131173 0.024952857183344793 0.0514331880829477 0.0937681873726922 0.054911128654493956 0.026412246945470678 0.07693117438734286 0.007676740398532459 0.04291076661024424 0.08344006819369792 0.03282221707785376 0.01620868452996304 0.09242805320118964 0.025454215701461468 0.029416625358188574 0.09573901260929958
91 0.03897131464084122 0.04801731121618118 0.06822602799524663 0.04713153663635134 0.021136937503840558 0.07976573272698648 0.0826109022503235 0.0537105196531058 0.08548568917060458 0.052344695027721995 0.054131930018624735 0.04855005652952048 0.025469039362471323 0.032520645684863604 0.06932669531408604 0.029059279828646443 0.019539567826314986 0.03398507349053801 0.03678828031989379 0.07322876480383737
92 0.03480148082468765 0.07366711029407569 0.017635713208860346 0.07298140884089777 0.07371304926200202 0.034001828997205885 0.07008722792437493 0.03846040468315174 0.004511483048409721 0.026180266810628468 0.04156208279543981 0.05625460938677196 0.00954891777943044 0.07349643687661435 0.06761136028637822 0.07229945008965966 0.07200950921289502 0.02829981027786829 0.05882534995821373 0.07405249944243418
93 0.07788189479577409 0.04178701174367417 0.04527050553997548 0.07874134944574904 0.07687086843436995 0.029901709857781855 0.062282410659991884 0.03541736457333314 0.008886964409888754 0.04452321264129451 0.018001382284792485 0.03873785394247794 0.060381684642640696 0.008851442739749043 0.08929898108496982 0.002669606201112886 0.03964921370799074 0.07809860509252836 0.07523127937636338 0.08751665882554177
94 0.09224868070491682 0.0052000864935166915 0.04598483832375019 0.11114620268272772 0.03388127389543531 0.02977779876551029 0.011010642679340552 0.06342068999648873 0.03222971933692221 0.0008952423957039759 0.0912952045880102 0.032499100355274056 0.044327207196937314 0.05341172188269093 0.044752687278190956 0.026384224654127087 0.08659867729600289 0.0532448187507216 0.08884362629105955 0.05284755643267272
95 0.03817927641383724 0.007936281263138893 0.08169265366434306 0.03950792473622528 0.014179946841777794 0.004250949423651264 0.02099066297358494 0.0656792124833143 0.08928363042947327 0.0560135880774485 0.016549339536075593 0.13380697089396149 0.027987242658220533 0.029319776356015247 0.07943532569316704 0.0851284179727454 0.05991298837900637 0.04878978824616906 0.09186278190546975 0.009493242052374885
96 0.07572319501910228 0.037854433065430466 0.06095397335563433 0.07795627349034642 0.024693939095554288 0.009556488842420439 0.07708404110133033 0.05158821499604029 0.06781623576385787 0.04994096795738621 0.08093999889995884 0.00820371029911567 0.06595687515552029 0.04701213806179861 0.009834882219581438 0.04439735496043687 0.031719891283341094 0.03276664732818059 0.08005285571737471 0.06594788338758896
