0 0.06468812525854682 0.033445814816380474 0.08424769876719487 0.0711050683980395 0.06604645403787457 0.03595982306542171 0.041277844243701525 0.07187432992059618 0.04737450349481921 0.033293796973985414 0.0770603024948497 0.02659016317213825 0.07604940628761117 0.054881782005260504 0.006185024948447005 0.018114145823696786 0.036720301080057936 0.03554677509380213 0.048985706033151596 0.07055293408442481
1 0.06954200364315986 0.056540115788129244 0.03213466415266703 0.045857893888465326 0.0666899084484011 0.0642497135856805 0.005098877270604241 0.02446756965870308 0.05610523266731149 0.029604586879702677 0.0705208943853302 0.057165014033090225 0.07347080681235424 0.00785416171034744 0.056409495961468964 0.07424486028137366 0.04965294526052957 0.06020514279154383 0.03792781839797513 0.06225829438316209
2 0.06499303305003835 0.043964350243604525 0.06305858376841537 0.01674055096548708 0.05613788566534581 0.06956301698648473 0.050664825914258936 0.015261228117553403 0.0066632479158938674 0.06266393052007294 0.044824379074990366 0.0493529155070996 0.07709061805944986 0.07084670887850239 0.05497693817242471 0.04083288458029362 0.06925741284270281 0.0007584080186163886 0.07880759091980663 0.06354149079895852
3 0.06199461196221957 0.033815172394400426 0.02447218619194853 0.053291203194907925 0.04939105736826163 0.08471893912093881 0.08124488194268939 0.024833899757950816 0.011246626448948133 0.04834193302693432 0.07117624261078898 0.0060407287620704965 0.07925189545743822 0.07560260081072173 0.03831135956607385 0.02801751070245169 0.04781181905859186 0.09093304277507112 0.03141224376367517 0.05809204508391746
4 0.0776647361061158 0.07357461036202166 0.06276646221232053 0.005419096723469267 0.040513933950663245 0.07136105865925396 0.07410695176916561 0.06885121825519322 0.057765571288189016 0.01812038494118735 0.026252948984920487 0.039480879651477854 0.06792633356395872 0.06392253232678861 0.011207143598269536 0.029696403603255022 0.0745423956149175 0.05325731176174132 0.03255483149119682 0.05101519513589445
5 0.003162090212190976 0.0878730722006488 0.04470043345207361 0.02703321409044127 0.051969076524208346 0.06680205222142294 0.07142573674922291 0.012513542189520832 0.009547961217847336 0.08589869433125696 0.01847741423846492 0.0335464341047686 0.004541745159054225 0.0560186937000396 0.06877386365125086 0.055850311162144346 0.08302869200458597 0.08804767129207118 0.09033405670138826 0.040455244797398184
6 0.00983420185487349 0.0011346159555900128 0.08777858219070891 0.048508018103710616 0.07873386241609692 0.022553448708431487 0.08300886035724907 0.04094216218737347 0.011226773837761259 0.029346341166627078 0.039458384522482425 0.012991627358880294 0.03809775793150138 0.09637697802468166 0.08003835805308888 0.09171609516301418 0.04036939595520696 0.07147218980683974 0.0798413680301874 0.03657097837569455
7 0.036227525506969054 0.08538768080674455 0.08641885958069488 0.079923946916545 0.016770562953688745 0.048949237987298465 0.02215323437141198 0.046478231826503215 0.07954237554257697 0.055351209450787656 0.09127195071586752 0.009224482474705873 0.03532234864104568 0.006134857041099644 0.028412592016761246 0.07359408089766241 0.04149618245800453 0.07698135121465262 0.011120863099900161 0.06923842649708
8 0.047506746587509016 0.044890564400066384 0.0344051462960293 0.007342813214526258 0.010356636662024282 0.007462837395947673 0.10731427531555504 0.034197642268814075 0.005197241142762064 0.10054710584061007 0.02342477597905106 0.07080071028185018 0.061308492305376674 0.05681251936140416 0.0017678170192861624 0.0220750369878778 0.08787574967547797 0.10332084451530547 0.0679594852854158 0.10543355946511072
9 0.0976455870258454 0.0029976507154452644 0.03548835741713662 0.0706214403884888 0.061300361642461616 0.10293186261938535 0.004942600390272089 0.0013694717056514595 0.0250759458219865 0.027039795916832445 0.08617857155556324 0.04528208270685109 0.028195301534517544 0.10055032218744314 0.09933174842671548 0.013117698666443673 0.014323729314181126 0.04741896402057294 0.09147561876922584 0.04471288917498032
10 0.030396077316288978 0.00362134274028975 0.024223064073279066 0.03825633774079935 0.09787026319626707 0.08089750368125588 0.060641792165804814 0.10325174723756957 0.017044802743230447 0.014511976246597788 0.05596155179247778 0.03136012009546959 0.019361355859950132 0.053319508848203086 0.0458955581620955 0.07036268242283511 0.048050037401744454 0.07234904392905551 0.07555812861250005 0.05706710573428595
11 0.0178261766324568 0.0943766160041604 0.040907715508032134 0.009721254598609485 0.012840497710785144 0.059769001572334 0.024101411312253986 0.058547325748146646 0.03384175998141255 0.09301468202090386 0.03886649396352458 0.0623906258074033 0.08034867417190482 0.08024185689413176 0.024276852240386233 0.009369973285473274 0.07543139750891502 0.09553866028243813 0.06809736180147066 0.020491662955257416
12 0.02083383391197097 0.07645348054762084 0.07498947338607427 0.028759180608820316 0.05102531017942401 0.08557159869258148 0.039146846463597486 0.07797332313522136 0.016177193568606363 0.06444138210899057 0.0689296871219014 0.06409725955590229 0.05452048262815731 0.0073469184445420395 0.046041107841425864 0.02434778388688487 0.04474518810679478 0.030553737470826223 0.07099142315071603 0.0530547891899415
13 0.042565848543056506 0.0811794153486648 0.06294767197777451 0.017665508444283634 0.07160989619244847 0.06999510427141481 0.060653644952709945 0.05432575075380236 0.06635376651298129 0.026972843009015802 0.09000485147070406 0.02537258751441241 0.005707647748732076 0.05550812876029745 0.013531964118802335 0.08949942613157949 0.07017795422182807 0.0031253918399845983 0.07541904875810608 0.017383549429401415
14 0.08308057772669857 0.061551472054269564 0.010287279239151454 0.03880469279137731 0.013829667778662373 0.07911253042907232 0.0030245191430302294 0.05015620120734682 0.07334048911832863 0.01735096223650752 0.0751867802503731 0.019989573164108015 0.003256357550986134 0.11038391300305343 0.035785537604112176 0.037125787695988316 0.07190928869924768 0.029369107119543963 0.08705173430113781 0.09940352888700435
15 0.055901830943075485 0.010333502700291968 0.07111981933352308 0.0779115098640962 0.08169203838375885 0.04088292388088306 0.053041379539598664 0.009850787066309484 0.09289489622114853 0.058068317616043946 0.06303643018885997 0.06716201052704367 0.004267613439261533 0.0010038737826525376 0.04832271016843466 0.06839543506558247 0.08104317450019578 0.02107107500533725 0.011330403753169627 0.08267026802073298
16 0.05870142682489843 0.03376539620360715 0.064257765477228 0.008800830977526285 0.0032705419622103414 0.05598822961804413 0.03992882501617917 0.09982317922764247 0.07877931121593659 0.033012481311080207 0.021041512714917665 0.08599398101589682 0.05661508577058132 0.09680324636761391 0.04926484112746257 0.043183608383692104 0.0617235804067199 0.02678667280051945 0.0649179665931337 0.017341516985110012
17 0.028271914973342572 0.06558410766327534 0.07765129468321154 0.004575467911402509 0.03194042051197067 0.08682336818014487 0.01276715055529559 0.03164989893207516 0.07377138207578644 0.08740446918654723 0.06028867195788106 0.0479099699608853 0.06610264145649057 0.05751999667286141 0.04014620362678081 0.04133791806843495 0.086604982186697 0.017242352592664673 0.046556002972506186 0.03585178583174638
18 0.0809098833586829 0.06893710874264013 0.0830011373642984 0.05020344837105733 0.07754215322027617 0.009404204512296857 0.002840485186946545 0.06771841959112619 0.05352884277724953 0.0727321291299382 0.0812645737074696 0.07809229372389478 0.042928314559531534 0.012294818753154033 0.06349627596353477 0.07188894363716732 0.001981169163899278 0.0031221488107596954 0.07392049823489603 0.004193151191180719
19 0.07693432633916934 0.0837804747437013 0.01794422598117285 0.007105801993017671 0.07134680885223019 0.07425106669550556 0.0850781468678617 0.071032615247313 0.08218093548332288 0.012662221378624256 0.05416174733517558 0.03867558830585742 0.059195363623101786 0.012205121676421501 0.032143586009394584 0.005418361340841328 0.04823947814909623 0.07118963199682606 0.05239099816490563 0.04406349981646123
20 0.03968656319939077 0.04357995080824811 0.06345187987444482 0.012002057847020731 0.07160914215652378 0.007039488063656774 0.07926315852473222 0.06840733149154377 0.01545868823694108 0.04539941844529323 0.005983609083434994 0.06309324514505842 0.08128787779207727 0.08271439410572656 0.0757910059036829 0.07894525109064748 0.08192759233135283 0.02220781449925266 0.05224813666115392 0.0099033947398176
21 0.0924240624795025 0.030211494700030112 0.08552026931115922 0.09284488565233132 0.029422563827399207 0.019239702861864938 0.01987216839906212 0.0839692225176534 0.008664880107327532 0.009396722763732584 0.08840985881259857 0.03599980648124462 0.09610235185186172 0.015477370143840517 0.06754226555444262 0.07377703950422383 0.07230878760423198 0.028765367992535814 0.0480613135224429 0.001989865912514513
22 0.021920482455316054 0.06518457448381808 0.008115748611050501 0.02246882843996719 0.025201865913944493 0.08204137212349664 0.056516081114348506 0.11533864726692236 0.04687987823226242 0.040129227559603284 0.0974918023170282 0.0651951452715782 0.0655163519675283 0.07904054325733713 0.01089757221076618 0.08899997150102996 0.03708098078260862 0.02564164112255129 0.007407838310092178 0.03893144705875051
23 0.011857902015399425 0.03141568868348011 0.008318263384573567 0.027735457307741487 0.09641964384547295 0.06275601717497527 0.059297895834051366 0.004360004602971991 0.07854677340586418 0.019816188671027673 0.08102384324189957 0.03854879227104965 0.007124469314283991 0.07930263775754569 0.08215889888293712 0.027096179586841112 0.08325635996494447 0.10484759998335724 0.026184475186449827 0.06993290888513332
24 0.04789759332838607 0.06885516906358752 0.07096365895039482 0.032327747751870244 0.0846890433793769 0.0913850261900508 0.08337989141231454 0.07040847269866596 0.04068799747394861 0.030214680769859236 0.012109509904671937 0.07094956704181608 0.03475990372700131 0.02289310288591936 0.029166970245419827 0.06404643526907244 0.04337107519928372 0.06549582056252318 0.03608705509693414 0.00031127904890332
25 0.06291137828413763 0.010767405213266586 0.030842319637126605 0.03483524224171762 0.034774864309777165 0.03345396122336494 0.07316021185621058 0.06765989546881619 0.07910822381864889 0.09241769352365543 0.08120740176833655 0.0029488232432468052 0.09449388353005324 0.046499739591310284 0.04527787763642051 0.05681376264112802 0.017438428482323628 0.02035810067179279 0.02564032123338511 0.0893904656252813
26 0.048316301179015954 0.04823057664216537 0.01608510846920845 0.04110330842592018 0.05459834935341833 0.06522077443323841 0.054669397381993 0.06408188875977563 0.0652448103707893 0.05515354168211331 0.03765959688626291 0.055473527182476876 0.06813574797115284 0.021453004176556066 0.030420093152351602 0.044064803059787626 0.04870516125112121 0.06716701999596132 0.0611778264021745 0.053039163224517315
27 0.020115981757915333 0.005804632500603016 0.054566797011092676 0.013298044831900988 0.07211299949795753 0.05151722087332591 0.00916907072048669 0.10809978816501394 0.058743648469691656 0.09425860223483282 0.07010487198929322 0.016429913459113887 0.008948888150833851 0.017755742810809775 0.08773298539022494 0.013399681764552928 0.09346870750419148 0.020281084579948472 0.07796431940180346 0.10622701888640733
28 0.01550552634754477 0.05366632642065158 0.016928450479950393 0.07152950163552174 0.07692616998066582 0.08355774645232455 0.003586817672157277 0.09601521164948452 0.06352932532134788 0.020829143577083688 0.07358229895705284 0.03585820639999438 0.039000157961968464 0.05053229081433487 0.060784530957515875 0.07362016893117047 0.06521297721748712 0.06129494587367861 0.015413139076938677 0.022627064273126503
29 0.10872147291247476 0.025211159902772128 0.11253289502881782 0.007386023716616999 0.10610190081358836 0.043399643845992424 0.00927011107800711 0.05516164749652627 0.03964598914256914 0.06371279351969751 0.03739977906702288 0.03597644301030811 0.05688766280019436 0.06745139960180913 0.022646471765445767 0.0911901954483082 0.027898385026487758 0.07939899625432964 0.009684294520132067 0.0003227350488996132
30 0.0040576295270542675 0.06237563578352461 0.027022705088872917 0.03233663927573581 0.09955096948362269 0.09168798291485564 0.03668964888534896 0.037841252055052614 0.10395828214710401 0.012982263882053934 0.027598736834983442 0.05216860672829183 0.0704397704514024 0.025084764395001104 0.0712565488343506 0.0336594262093546 0.1198077915835028 0.013197084297890328 0.07082333745978531 0.00746092416221225
31 0.06555199535162579 0.04161332156169304 0.028000420475900067 0.06609970894387757 0.07091220468679549 0.007873695525867244 0.01756154835655757 0.030509660209816086 0.07519928009957322 0.06737871295304915 0.07569468992014783 0.04273605695987538 0.03572544715678873 0.07363358187233691 0.03394284299472755 0.07673803171611947 0.04559119816527383 0.030680385763346706 0.04131768123366212 0.0732395360529662
32 0.07640414102527111 0.031605832824065164 0.04529009019010487 0.059698500079065284 0.08291296600401284 0.03484819895400244 0.041387550295155756 0.025612566769294885 0.051662433437831494 0.054136861409111 0.10873264611752735 0.017459462194812474 0.0417637512156656 0.03473000682787847 0.0010833959582799981 0.02777362555303932 0.010614500024542194 0.04881550810426085 0.11567806907031547 0.08978989394576323
33 0.023102159337209154 0.015049492936690894 0.07303012315006109 0.016879418051729524 0.008866142321749624 0.019882395130821393 0.016766440326275136 0.07706375098261926 0.055861283175838154 0.08326310806992981 0.07639480533344115 0.04681354970763857 0.035735286567787135 0.03664014081315626 0.07328957046879317 0.07628026770967637 0.051196102492786465 0.08323185313412064 0.040836076328844124 0.08981803396083211
34 0.08971369359880119 0.08612105816500472 0.0190999879315097 0.04324096412273706 0.06877076181099877 0.09595327809983464 0.0344085012156099 0.0071380934926383414 0.046656724262104717 0.0009369713105194146 0.028695249268191513 0.07194324096785536 0.03310017393048431 0.06390690345904958 0.06608546594824885 0.07471553963863835 0.038827922753473874 0.03772111121124276 0.0762603529628511 0.016704005850205917
35 0.06819776077187584 0.047779100433643154 0.007951887422781204 0.06820761987144368 0.03501355010504325 0.011526644589209387 0.06431251145501483 0.009527121223007097 0.014419713479778164 0.0790360602453813 0.006915236601888913 0.08950195316394678 0.08271916344777927 0.060060463693993295 0.07775839523972912 0.03097717632791677 0.03840757435632168 0.07056737795005662 0.059673906634708014 0.07744678298648178
36 0.0689731574601306 0.030693289764639593 0.03913103390172879 0.07267205349962852 0.08109652649070223 0.006742035448031198 0.061733670063235095 0.06670234482439083 0.02421016871773298 0.04298888564059336 0.0779788402945766 0.03571328257159538 0.020920145179061305 0.06417225505991872 0.050647256661512687 0.07741053777149753 0.06239609816913841 0.0030821878004026423 0.07507338584547978 0.037662844836003705
37 0.10175663643581902 0.06152837319920614 0.029589411873605663 0.06388728520402487 0.06345623173377453 0.0217717131015275 0.04346221334803059 0.030641406903117365 0.05297115502321994 0.10251914111559797 0.0003473294622248757 0.03000462916180333 0.09361968044332247 0.08678585247517906 0.08146186650080771 0.012445060501814558 0.02522178039141636 0.07146598376648314 0.021777604116622537 0.0052866452424025785
38 0.061897299270796804 0.011816029436801503 0.042354749284495216 0.05017280350168919 0.010866034475860206 0.05194729176360158 0.0683819279584777 0.0733849517149262 0.03503663786241618 0.06484930605463284 0.022329631847291073 0.014097035111092518 0.06078152674724175 0.021797658019607726 0.07240576512768314 0.0792493084818938 0.060943324222889235 0.04339943560907915 0.07277162878753299 0.0815176547219912
39 0.05961709623965586 0.05990709876979992 0.0011158326737687801 0.030342609831791878 0.07717243684248132 0.06546602131998433 0.05902309827361603 0.009067032603355342 0.007119365487913454 0.06648040114669564 0.06382323349747848 0.009943826772772653 0.06962946187995925 0.04825172067335538 0.06096263312867814 0.0361101805739888 0.06121746837481635 0.06583964894147881 0.08389794954835972 0.06501288342004986
40 0.10026390394365473 0.02971004266127481 0.0434967081731084 0.08345375692488231 0.03117647961971986 0.028347387237284773 0.024587714191992682 0.014239517477363612 0.08031167353020274 0.05050416985279163 0.053173821849165595 0.029275375316112556 0.06363733874460928 0.09311000766287589 0.03167638987798223 0.10283477493769674 0.04743846078600618 0.005988626148563274 0.047589459004879556 0.0391843920598331
41 0.03291876530625894 0.044075022739164714 0.008321078927331941 0.08896663096548385 0.0132163599159504 0.06857558603912135 0.08468714268518299 0.0423371437238146 0.058456254180236325 0.02656641148428532 0.00418017710170375 0.06902043031953896 0.013406638425866623 0.0532217075772863 0.08016349171816765 0.03022226878306362 0.0757321484940246 0.06143696218985643 0.07057725959045491 0.07391851983320678
42 0.07177049599782655 0.0419285642262112 0.026403303286445634 0.03885318143970409 0.08336258067867292 0.036728026784149555 0.00812848653360391 0.005784510267689914 0.00482185061371815 0.10585503033304927 0.012591927002699746 0.08602974514818644 0.08908261983898375 0.03646952676387838 0.059104135897263405 0.06479085110375073 0.024775264928708657 0.04512497087167064 0.08495014291606054 0.07344478536772657
43 0.030546522787201758 0.003948758942041543 0.025119572714453014 0.1069360108999688 0.10278533874591732 0.013253558992618843 0.004901941373076425 0.000845321504584004 0.008385895645116595 0.018176377804361408 0.05268778412467528 0.10880433757239227 0.11006870763280002 0.10963298938749663 0.03446002680655896 0.1133566871419396 0.05287484376583798 0.011500813134722137 0.06857019815254875 0.023144312871688513
44 0.028333835514457468 0.027951602167570148 0.051984890814317265 0.02549692785241283 0.07328845314763872 0.018423086523990564 0.027320918518902677 0.08412697612378314 0.05905945719019844 0.03251363484711332 0.03343545401038306 0.0200383811474613 0.01004637474776845 0.0712166672468423 0.07389016916355806 0.09989494802679916 0.08257578832670885 0.03853137412493842 0.07849868445128715 0.06337237605386878
45 0.03242972845298859 0.06450405758132503 0.018964427194381298 0.0953294223565622 0.07169081606481652 0.009569348062683461 0.03767283558254448 0.006342320852985005 0.05040107279288501 0.03141629678930157 0.03154722364245174 0.016405053424084454 0.09651889960382722 0.05435125035570431 0.07924879804768331 0.030096557811789642 0.05842861718210466 0.08338354181372597 0.07582433628150462 0.05587539610665118
46 0.03508159601337348 0.04757430247420208 0.03936896666782627 0.04923370478332626 0.004840317294631945 0.08820642518918798 0.07710343241501441 0.07196251665040411 0.03886676737964755 0.016036133860359788 0.08114157576163653 0.053203693172914776 0.009376051671963473 0.0225426788061413 0.02181644334639011 0.09509348623709414 0.07234581001564346 0.09897241345361768 0.03469884891174452 0.04253483589488003
47 0.047587315705541935 0.074147120846946 0.049723707119988546 0.08994144105183507 0.00792002601108823 0.08679146999855179 0.07302120993070567 0.03079599548421309 0.06363291581452833 0.009124579989458807 0.044728093405072306 0.02421179260001745 0.029814529231635925 0.024962969506507494 0.04320745976180651 0.05763022313341491 0.06300373681638795 0.04916366024175061 0.06907128506266189 0.061520468287887244
48 0.009791665823562848 0.058617928773573906 0.07238535064785542 0.06572135872998158 0.04828077326970966 0.07258735333183364 0.0372870527452338 0.012014473790196142 0.08538201902097305 0.091125821118828 0.021384466468603695 0.008060104175414709 0.00040110902377071643 0.0490582432028694 0.05118645863240511 0.07354826867436487 0.0590353661173912 0.08048248181086762 0.07528723656451315 0.028362468078051463
49 0.003666490555545215 0.07990325666584788 0.06792337427887425 0.056250152538007345 0.007457799274111128 0.017272351689529113 0.07101013803297217 0.07541507235574794 0.0541977288283553 0.05569799193407636 0.048951227857198534 0.03738669474680385 0.054413075847246306 0.04920930794021965 0.00690810389615936 0.0785887790342678 0.06949039048868576 0.027427753471392903 0.0651306891806826 0.0736996213842766
50 0.07716972032558639 0.06542337905797184 0.04858816772305172 0.04476314953576956 0.06898647002292259 0.0801009757602731 0.08710752183400725 0.006803927295897722 0.052208524713702575 0.010800576126398278 0.057267978932830664 0.05500837516691139 0.030555679751827606 0.047826670942213365 0.039786124368940856 0.01854244357469627 0.062486456199811746 0.027814805476650703 0.04672513075188798 0.07203392243864817
51 0.03312988902349323 0.07681495880417105 0.02384289784871401 0.05629252240880399 0.028201413203884355 0.06588246351075906 0.07229832486348159 0.016657132435595485 0.0714578710408366 0.06118667231084005 0.044961151411280785 0.08696897261525055 0.08180885899588768 0.06640084146534403 0.024920023596353095 0.08023869036413103 0.008070427840410973 0.011549446835294061 0.08595286125998712 0.003364580165481259
52 0.005327081566545863 0.06392964985560375 0.01935650936568638 0.03753410360188109 0.07157400980830879 0.08712119391606228 0.049892415561078395 0.05530219655966689 0.07633463618850754 0.01845654988904428 0.006478785332251272 0.09116505768329174 0.07200356727398326 0.0012754170464515104 0.04768999454147925 0.08985699802456856 0.07292089603403305 0.03727312171873531 0.025626120275319235 0.07088169575750158
53 0.047714113486942954 0.06780133381411486 0.05548703540146865 0.02741327797492095 0.08449236543030877 0.024081367746282556 0.0681622109813882 0.05582675509767852 0.06144953419249701 0.0466730333640559 0.06701355522521175 0.07637157110907618 0.04816797557835116 0.01903674057366811 0.022205950892948672 0.06172980636454548 0.0037754821779764974 0.03612986024162756 0.041642617152573516 0.08482541319436263
54 0.05904684236447879 0.011339052742436469 0.026143280257225034 0.054998715184513075 0.0387956503721199 0.002832324335278316 0.09135257266421075 0.06998290955436268 0.010838778683604807 0.08546978381051282 0.04005478374480736 0.04989164124365159 0.0926916764112652 0.02910956432946529 0.08916876219666198 0.03704491088643316 0.022958866456804495 0.07511573064418299 0.07035031225847953 0.042813841859505576
55 0.05706063512450694 0.02766545461004577 0.08432954890772232 0.08743788831846097 0.04662671883712868 0.04864391102854234 0.06477935673164498 0.011249387908994267 0.0938901609452544 0.009009356861059461 0.0487145208647913 0.04865282672769274 0.022220868621880788 0.07610747782910929 0.04524155612938853 0.08770742003064744 0.05013472713873605 0.01138886514740596 0.04263253649155753 0.03650678174543018
56 0.05933912349331532 0.09341608745203704 0.05372184624925064 0.08592418148007464 0.050199195707688965 0.01688873402248101 0.07341806196926964 0.08088418101697742 0.003013053680932542 0.09104768816628937 0.024422787842750093 0.02623365172333512 0.04124316023665139 0.03686744872982543 0.021267856600254393 0.021644643410933865 0.005770116637507056 0.09702092478969152 0.0907464521479072 0.026930804642827336
57 0.08251204064959147 0.030728020574027175 0.024610370820277304 0.0630168321126146 0.03943569695744734 0.03566424849808621 0.06732960774922671 0.02649132841571047 0.05152989442027679 0.06130700821619524 0.03402368589314544 0.01302018923863436 0.07158569002449862 0.10918018691335007 0.0009561392215252705 0.05609040856074597 0.07448512813329562 0.07894203174183924 0.05322011336844805 0.025871378491063995
58 0.017637344312936492 0.06788008251548792 0.0688419154399999 0.08670988159299446 0.00815038874498964 0.06471168849656699 0.07179574249452415 0.06816842328229245 0.039412095511507324 0.05087833553725185 0.005929120168458742 0.07457612573967584 0.017637958339555088 0.049888131760976465 0.00035075389925731714 0.06565448395182491 0.07181859101764936 0.07180349502269551 0.011997563755598066 0.08615787841575745
59 0.0956479461176877 0.004024347467077233 0.05812400188230343 0.04478234860077522 0.008643715511281593 0.05129834279159554 0.04673744919835077 0.07879609367405956 0.0008776592863099616 0.0615946500541432 0.055350092685476394 0.11099279189151852 0.016981155154979645 0.06427989877322882 0.05444000839216983 0.01325185260116959 0.07600212973235226 0.07133244067222082 0.023558449016312034 0.06328462649698778
60 0.09323149177851361 0.0435322062068091 0.009518225999390739 0.02920411376692812 0.002013108857213702 0.038192915593963296 0.037225631339222374 0.015204894003102693 0.020280058937105543 0.025093157902654904 0.079104978632217 0.053596665450115114 0.020622779080703053 0.07516972598071371 0.0466920062949615 0.07544479484450713 0.08476719362211943 0.08056055829932819 0.08568540666971455 0.08486008674071624
61 0.046473484232252636 0.033795958024761937 0.06049632857064094 0.06741214037110499 0.05644395316701489 0.0733193381802854 0.07653400332545342 0.07138763086557554 0.07794135179196193 0.006667942339390657 0.03549728889658127 0.03422420459859555 0.041681397310333955 0.02151919092938131 0.03348965716948381 0.057381138968408546 0.0684761506020905 0.04793356558008715 0.03608479606257616 0.05324047901401949
62 0.08110772119707581 0.09744361953260493 0.023913311346830918 0.06459147546171355 0.02046717655635005 0.024310304237260928 0.04877284422973863 0.06875297678772348 0.09155923718974389 0.08188924779080607 0.08541220977563543 0.04624644216592062 0.01954287788992877 0.07157147609586256 0.016084239646821864 0.001250290813321295 0.014351462083414746 0.03608333111960757 0.05822595945990902 0.048423796619729724
63 0.047291992159070116 0.004121496990216759 0.0949493546630848 0.028260216358197025 0.06706240124690023 0.00566510237729277 0.06402465027998391 0.06421192651905988 0.061905096000681004 0.0028373918859343544 0.0658448403075852 0.010933116092993116 0.050763440546766334 0.0219287059639534 0.004260677172535044 0.06804418667428429 0.08669221765190256 0.10434710500634983 0.06137542404514043 0.08548065805806916
64 0.06877551250787878 0.10377296664760823 0.027742588710701833 0.08515403870272556 0.03299967893045642 0.09289264185378127 0.014799595826498068 0.0980120702395828 0.023497904900574938 0.07235394273585406 0.0336287480439496 0.0012650414206815412 0.10805186231279808 0.02110118718470018 0.014988816980021183 0.019382149700129008 0.07329693977640032 0.10011964560678668 0.006212694623104098 0.001951973295767612
65 0.061921288109282324 0.023546898085637785 0.02498194404811377 0.05730229549572188 0.0849429729041886 0.04694493925437803 0.021331881160726936 0.04402279230247079 0.023928679796326985 0.07710743855028854 0.07555732649747908 0.05491023016858777 0.04183460063517505 0.06307109391428221 0.07216228758472618 0.07383494074854845 0.06883174617812082 0.04433623897741077 0.0364324394687082 0.0029979661198258306
66 0.04974153376877165 0.09103681422987624 0.04489896834862041 0.06955820898276445 0.09273082692071166 0.025263734741955302 0.023183898324331285 0.029586742393873645 0.07499751255894069 0.02001870177887112 0.05523438912000839 0.02079944682406987 0.08370632752340541 0.0760962463169381 0.06973390189003573 0.056264163740419114 0.028550343670912005 0.0012218680699766775 0.0072354365243332405 0.08014093427118493
67 0.07995241877632361 0.09764457215785913 0.08557198842790333 0.012168720575000482 0.07729365815050813 0.052005891422872735 0.08023293750159678 0.017373484227532755 0.107009266102147 0.00871841483327125 0.005143496602006422 0.0069291052555721265 0.0236615362456727 0.04406208930571055 0.013816047421857108 0.074801205123628 0.061822289826550636 0.031243541671815808 0.09639821911393695 0.024151117258234215
68 0.07365140557977025 0.06762405296439034 0.004116538154232755 0.06506629201518692 0.039639628112255715 0.092190740996904 0.0023450948953141165 0.02405148962115752 0.03387021935643318 0.05220547459150755 0.10227240264803403 0.019867868468138858 0.07408922738573821 0.012959165409572157 0.020456743971460325 0.045857818808813046 0.0776380025848283 0.07031667388782174 0.07603071699230474 0.04575044355613614
69 0.08262953333435556 0.027851753102873317 0.024938426122415664 0.07845952294188369 0.02963104290016323 0.020946746568242025 0.02085801656805162 0.006387307146570538 0.045609284310385294 0.07660836141964178 0.01684846569942468 0.07920424554390988 0.08620574694348537 0.08669719534889679 0.03018821555132397 0.08564600900118034 0.026222602187391073 0.0378106195985451 0.055565703212677627 0.0816912024985824
70 0.07478495783680357 0.09763017932311217 0.008159696985782543 0.01834133369974352 0.001988320288607527 0.03368644089540073 0.036073091942542775 0.05188945813351449 0.08143292299918596 0.05512842442633529 0.0486223276606017 0.004828769497583769 0.0483225409019285 0.01016711473166105 0.0844695150976228 0.08315681533978697 0.029192919734283933 0.09905011695680087 0.03886434546724247 0.09421070808145948
71 0.05085836415071671 0.012067353585834113 0.1058538790591926 0.0901667459151517 0.026868597806544423 0.017400456911810462 0.003968960445494882 0.06388104090604257 0.02494555871532878 0.09073978271602329 0.07246565969754239 0.0408687157736897 0.02618735558814557 0.015578850446848666 0.045509241356852435 0.024795087165288478 0.02539312891685325 0.09951695824033162 0.10610847693903346 0.056825785663275036
72 0.06252116635130334 0.08194889378325143 0.022550308026301615 0.04342468307813044 0.060709965191664654 0.02568216766425484 0.0580745951224294 0.009339548637612017 0.07400023260144778 0.08938411649390678 0.040136501221976345 0.07425271080402335 0.004999960958237847 0.030730143929888216 0.09179413788518342 0.08955845092340552 0.005377716015936811 0.030106161990942647 0.03645270457987554 0.068955834740228
73 0.03902337826049449 0.007800249332448952 0.08487427369226258 0.046180688308544576 0.036191121729211 0.010436124698715486 0.07748066619180653 0.015552097359995517 0.07986229820953887 0.05231362707851179 0.07994711296497949 0.046934818009441534 0.08589496737741029 0.05428791856435861 0.06246968005872422 0.04489795593622238 0.05559909220190777 0.054770343987388594 0.017284015652178412 0.04819957038585888
74 0.05573441947903213 0.027885264189692373 0.01393060932797542 0.07616658168313475 0.023729724947302095 0.0008343068324448779 0.08975933300082982 0.013581571744483153 0.08516781194529306 0.05725721156366482 0.07217966138318244 0.039554144027849 0.052108350784955154 0.036310807452889414 0.10007141027576257 0.037521735530458726 0.09670098462672382 0.027222277009382814 0.05716586861780613 0.03711792557713765
75 0.06839773048454426 0.020945740431534483 0.05987237400438553 0.06305458918586246 0.08737337261052992 0.05871977412208765 0.08742857603884785 0.009785574211334596 0.002539575184385153 0.07276835594786206 0.024608269919176844 0.011552547854295579 0.05918882972215876 0.011583876395875131 0.0944079170975848 0.06013149894684977 0.0861326727348247 0.06669807358674971 0.04302253955629627 0.011788111964814578
76 0.03983145599586524 0.06824129930708599 0.02406261782632466 0.052371438734811517 0.05764217074363491 0.07220446013539106 0.017840188821058634 0.07845402362967677 0.07665944557663945 0.06938106777033204 0.06284977849775389 0.019557376689794268 0.053703667150136206 0.051028494587053726 0.07325416276201333 0.014978261390641854 0.02770439726174594 0.06162759667723981 0.05800704558181951 0.02060105086098123
77 0.019418262950783353 0.005827770965744813 0.018617994829900827 0.02791045934097443 0.012071453128888174 0.08923142748661796 0.09508629605232771 0.060691887670043285 0.012801571598469024 0.09541011955994079 0.0958111377900127 0.004496722340758725 0.08406555658035456 0.010525037363954123 0.041240933370339475 0.08793125751836503 0.0744252726550211 0.04799832466318818 0.07195329322724722 0.04448522090706849
78 0.05990555904577678 0.06880706480574902 0.011186707847283296 0.03685149958077857 0.016921308463483397 0.07387193730476876 0.04699198122123101 0.02322963244462512 0.07882069077040357 0.00820246673392548 0.07392556766876396 0.02776745009949043 0.10213132216817827 0.10406824687469671 0.022661653843664722 0.0184532679847623 0.03673925697993751 0.09937792086327502 0.009583654346639384 0.08050281095256681
79 0.014345655468720696 0.0015948929435904292 0.020561665532105058 0.07501584127043502 0.1017013171089435 0.06402669571474161 0.06685003153974166 0.02506468392552042 0.06731922866478532 0.10620534220251422 0.0022229250450768764 0.046544202945129357 0.09071606371653858 0.006557884129668915 0.08406866993043145 0.0142929867170752 0.10316323015253889 0.028322523284784667 0.06284191826060369 0.018584241447054332
80 0.04874003212958013 0.06910955522685715 0.10258352531774292 0.017768916837909467 0.05711712754752492 0.0967386433962653 0.009173984105024327 0.07905028974835679 0.02064451324220111 0.06931709646510799 0.010394453070549321 0.004778470585359167 0.0662292595951294 0.09053906639439534 0.00234605131680152 0.10553988539562567 0.032192479677380856 0.03587536512078759 0.0270607910418018 0.05480049378559916
81 0.06057670784274081 0.008168776094121139 0.048689520877597134 0.06324615875260348 0.06997144250032826 0.026304055915832975 0.08041022007702787 0.0031943804513365317 0.024367193413165716 0.03843239765402105 0.0697416587506954 0.0867452998448444 0.040547022718156245 0.011702582479743215 0.09086313775824922 0.06717493802013311 0.06350138791612957 0.0834709493457935 0.0056611561129551406 0.05723101347452535
82 0.04062036888785846 0.04547311773870112 0.0626236291295823 0.057055742563937036 0.07744689562828935 0.029355343203943993 0.07423567552229003 0.005421380362044061 0.07202605251665134 0.07036893867599023 0.0034944186175261804 0.06319505388082629 0.040172900008699934 0.08689804032258393 0.05513518811610462 0.04540942866488622 0.01605215401239843 0.08352550184549018 0.07104713896000674 0.0004430313421893725
83 0.002620260059024455 0.07034551989541797 0.08466780009223433 0.030041419756852403 0.03731332205838608 0.12064217005391797 0.0026511162785812672 0.08083778424646401 0.040077362984910145 0.0034260980583966966 0.038626180526053586 0.03923139996970787 0.01566944782065464 0.03066922609250641 0.07721858768743689 0.09907665575666412 0.11577167992344406 0.01925209904449705 0.06668941428001975 0.025172455414830402
84 0.06169020770101127 0.0646043618648786 0.06939531302132476 0.017022518493182225 0.06274042116731073 0.04393802732232789 0.008739053786576568 0.04860937823892238 0.08397597659299845 0.020245769112069805 0.024524950484392724 0.0035936485796764276 0.07662561786232264 0.07027132996909725 0.0766221180380282 0.04759736289045894 0.04884727405648836 0.01877719605975978 0.07016171421386726 0.0820177605453056
85 0.05291244950692951 0.03136186143517516 0.08811339025784402 0.04017057284977306 0.024441074733500996 0.08120550188974231 0.07115627155091277 0.035785201500931986 0.07085975860104406 0.022936217326143184 0.09119131289762515 0.06765297910170702 0.04564463421803913 0.002819383852073414 0.05532791419236603 0.036066497375970175 0.05544830314429926 0.04606019167621719 0.001396033585716884 0.07945045030398885
86 0.0010301351651437252 0.03866678224150931 0.025899063551020427 0.011294412056109997 0.026028304485957 0.09693084913220458 0.03637689729838959 0.09143816439549875 0.0950164142650182 0.05574048148423778 0.08852052472245485 0.08658309120126592 0.06598812729308885 0.042871611156844014 0.017200743331785086 0.06782314162709643 0.05887822660421507 0.05709837789965025 0.005673319667033191 0.030941332421477116
87 0.0629439385328657 0.03261500402694671 0.07341730016218992 0.06687029222662134 0.0733359421272548 0.05436131602846825 0.02980454914106889 0.07066987677510804 0.04289610543161193 0.0708069248238134 0.07282881496597483 0.011535401371150906 0.03462835222317827 0.01741956055870418 0.0746385309993067 0.05965158947609246 0.022914143769268213 0.03816396727502602 0.06498218808243188 0.025516202002917397
88 0.02332297947872041 0.03909921781605529 0.07285804772262754 0.04829873722631102 0.08715704699891415 0.038928847247088776 0.06677819029779283 0.09569971789807487 0.04106094589825854 0.05593477169654284 0.020842668482897148 0.020924415868158956 0.0767721294857476 0.0011402724603365882 0.019463319436304114 0.033400098361593036 0.004923897751700046 0.08667202595363972 0.09054974202387298 0.07617292789536374
89 0.06987315172780557 0.06792285922057606 0.06341756005412237 0.0985887516541472 0.012136380590416154 0.008867966882127066 0.014329556391272204 0.075609553456246 0.03296034620412959 0.018314753983267748 0.046409144221712016 0.0834391030234798 0.07813028542477442 0.06412548903190324 0.02568741760037497 0.0008929221800224956 0.0945608523767875 0.035787763526172495 0.04189701177977902 0.06704913067088399
90 0.05255103925467458 0.10700216004647653 0.019217592940192284 0.011128184871650532 0.052897101719964264 0.0024140464722670987 0.10689216566479912 0.08257586983254041 0.005176833652822282 0.04844272937559097 0.04102387700896624 0.0003877841714615985 0.10775617077306808 0.030593558590825232 0.059652096504739016 0.007408832137013769 0.06320110357942889 0.03079527005795452 0.11079363063492483 0.06008995271064
91 0.04065145441625431 0.023721601288573483 0.07712113398594964 0.0012979341676792662 0.058521513087005955 0.04349723359163925 0.1039075280770302 0.010220357698636683 0.018916409471629175 0.10209018085392899 0.09399242636723583 0.0865441030255792 0.005347391313300539 0.09742210732874274 0.041984485994457844 0.022418053025032383 0.008896264246539541 0.07998458489610266 0.004524727241098604 0.07894050992358376
92 0.07333908760979942 0.03974154709305608 0.0428370677732362 0.08817803362820494 0.025445147823274294 0.0809013103211868 0.0419519350896775 0.08967583521036535 0.01953387564234367 0.016691024180144367 0.07907746526731724 0.005482121106620654 0.10240436305148116 0.049339989356654845 0.00502152925821263 0.04628320214731318 0.05492263173058218 0.0067157896234414675 0.08643442665496424 0.04602361743212363
93 0.0007946516340727439 0.013954964930170148 0.009050110771988456 0.027198708887762223 0.002337162075931343 0.01625263512599573 0.10634215456344238 0.015546207480138562 0.06405350966135177 0.10698790900142197 0.06645781403651761 0.10110885536052057 0.07673858109679327 0.09601803882844273 0.010753158636394526 0.06378570918387293 0.0035172764961323515 0.020805680853902747 0.10816734203532957 0.09012952933981845
94 0.03487402978660974 0.05895112336953991 0.024607545946369973 0.008451067444418953 0.09800247436251032 0.08722844766800542 0.0867750420439907 0.08047974632668799 0.06616513787076032 0.0034288622157177726 0.0579204370037584 0.04329346137976581 0.02203447622104451 0.09345471092829051 0.062046310284754214 0.00040354246604528185 0.01060072120490069 0.10254923709743102 0.05268309500957535 0.006050531369823111
95 0.05852217044273213 0.020720301077291364 0.08499939554384747 0.022237811116520536 0.056113828012446555 0.08483322775470126 0.07471671081755499 0.04046333019646382 0.07792979582183121 0.06180000560079461 0.05752551492549047 0.00417265100610568 0.00681698302741858 0.060384190481153885 0.04620754771717765 0.0742924019635712 0.01933503577817014 0.031031291530491913 0.050243221514805994 0.06765458567143043
96 0.05671806551998817 0.04699061506631298 0.03748955244515955 0.03779410550392315 0.033992590877348766 0.022574339117479646 0.04206275027634709 0.07961576130287848 0.07342892152460113 0.07635633147738062 0.032283957629792165 0.04504396149691396 0.06927857967089138 0.07545602585525973 0.01084184856080883 0.09013133185512648 0.01991475074200837 0.0946789636209329 0.00172687581980868 0.05362067163703808
97 0.04531836709346807 0.030036398916972802 0.022474371051846867 0.03189948236535996 0.04616307163115667 0.06572033930782253 0.012599875220365483 0.06250548255150377 0.07733067222179461 0.04830272076206712 0.06931683261763606 0.02188300702185478 0.0855184880264072 0.06923041978287114 0.07436109181140658 0.0006237128617611513 0.07453111721465926 0.07852941325272562 0.05066253400928891 0.03299260227903141
