0 0.09091589754285062 0.014987976362487623 0.08014365391744205 0.0663492066533065 0.05667473406721578 0.04984458747163418 0.023351455153616613 0.010113420954600173 0.04180673381323394 0.09534664604552279 0.10002841851705492 0.09902124972972698 0.02480705814032672 0.012218467491340408 0.08916718767270773 0.02108527157907959 0.03852735029832703 0.012365875659585475 6.314168826142653e-05 0.07318166724167943
1 0.008363364695758225 0.05080257004184527 0.035054594678482084 0.08181623026769905 0.03735768182852801 0.02566374690068736 0.09198249744746706 0.024943070456190673 0.031944646782445824 0.03495995171639584 0.07986939846728637 0.08236630816361495 0.07551433056431013 0.016242833471245534 0.0813550246661284 0.031509083676279734 0.04753041088049737 0.0027240504839765468 0.08876066597466 0.0712395388365013
2 0.1034719275857851 0.013389254925510049 0.0795951361486738 0.0018327672966095467 0.043389013103102725 0.04231041838684766 0.023851115217689966 0.0015276959743463778 0.007608618775653475 0.020769295322334572 0.001846528197114018 0.10263802819739315 0.07610053857790242 0.01697799277599315 0.10232170373058547 0.0750326939813778 0.08835215558147919 0.06901126543863562 0.08109847250095095 0.048875378282014895
3 0.03265541676300961 0.08353474254174559 0.07506211344229251 0.00635494911505185 0.05553250931261329 0.045084845090272704 0.04029899663774889 0.03784407997661234 0.042176844862766745 0.05874125214473441 0.054549699264992195 0.045525111044219864 0.03055864706518227 0.06313037471275426 0.0778060861064991 0.047347941874797454 0.03749134994044582 0.05287609679541474 0.028105029833691966 0.08532391347515435
4 0.04107062082739872 0.012427454580158879 0.0990592994201618 0.09620724726136698 0.03151885208231179 0.00023585074764126174 0.0849362930556483 0.09190230103278073 0.017923989152435003 0.020016412231871263 0.06270008708396574 0.006634673339739421 0.04967960942017544 0.09530694177341477 0.09870875920479859 0.03786375322199745 0.03270418635576871 0.08020788241712477 0.023519830432630565 0.017375956358609786
5 0.08176829585630224 0.04001899272025549 0.07173523818537664 0.010005195807521855 0.03984076842537563 0.0503909514012549 0.07006845061383864 0.02841934130823963 0.044608707896631086 0.06304412882447112 0.08054420923943237 0.07809778709301754 0.009894598586997544 0.07593680007190798 0.08865474521080882 0.06487246705740493 0.025445691173623244 0.06181822889446537 0.007100606882813321 0.007734794750261527
6 0.06346873117700748 0.05004140069676675 0.0001458088177398361 0.008514550302984899 0.08305145662863385 0.02038503191042199 0.04551048050417065 0.00685714186892935 0.06477573683327852 0.019402198070173814 0.09996065109840944 0.09462590163502942 0.023352125606753683 0.048985206501828804 0.08563252935073341 0.04756028985292656 0.09656294205031968 0.03268648756478808 0.05443881108705131 0.054042518442052365
7 0.028508323653446466 0.08833034997764617 0.029864700714971625 0.05561300100152927 0.003392512847564024 0.023297227471791044 0.060703226696871455 0.020844011582867996 0.06351382851856206 0.03250301315854174 0.023707385702092923 0.09113901393018962 0.08989268961455711 0.06696656944203189 0.031111539187063175 0.06227624343333859 0.06439470208853702 0.06953131368044545 0.03972992489850339 0.054680422399449084
8 0.09079874255771272 0.0705718619919999 0.1043608290436338 0.042280521563212554 0.036320595914232076 0.11780951606953802 0.04265308415700325 0.04540122153758756 0.025902578514700934 0.07506911453019591 0.0825176570360199 0.010231821389098325 0.006737091829308967 0.0541955769000437 0.005072975147914025 0.04352634059450265 0.03130866651866622 0.03720786550762353 0.0213922433147904 0.056641695882215265
9 0.08236213310340808 0.052368858262656026 0.07114952985751065 0.04380174648735159 0.0781852665100206 0.06134643513600932 0.07827151617897267 0.021422207862043387 0.026145136760897077 0.04672561415029319 0.06339938698534504 0.08153660621052165 0.04684830865500605 0.003079320691285159 0.002007420820653741 0.08354367877927044 0.06403485615502702 0.03928954494122408 0.0022365792054926453 0.05224585324701157
10 0.07356241369176514 0.034863471969566406 0.08113294790295579 0.02710787024986239 0.09242814812550616 0.08827835657754418 0.07947770207620342 0.08450996872781791 0.03518705297486986 0.0016899546499161274 0.03714643231368116 0.03615563723457275 0.03667142760173105 0.018201395360414485 0.03307506762474365 0.07582289401966831 0.04316789907520328 0.08896212204396471 0.004890390601313669 0.027668847178699694
11 0.06312118130506701 0.010414539345867863 0.012415827863087665 0.0255117988244954 0.02968423891224734 0.07918439731524095 0.07987574306776643 0.04888194613497644 0.07740907545225831 0.07660178970343516 0.031240249732741535 0.07025554940342198 0.05813765626675121 0.033973602698245516 0.0685185911171498 0.08902527320004412 0.023404580968918794 0.017373463386684565 0.05012818059619258 0.054842314705407194
12 0.06701642047744268 0.04976290504724629 0.07727909902387983 0.08381693345516286 0.08094430125590743 0.08188413188959962 0.029891995445413138 0.023630450129569647 0.058501732980449465 0.026979337350755406 0.002809934203764959 0.016758769734022298 0.0808746352186224 0.03651319590005183 0.05915573137304089 0.050076236671670764 0.054037957363153234 0.014156217769576757 0.07219845212478955 0.033711562585881046
13 0.03943882320940913 0.0640022143117842 0.07455988192595789 0.000839677066659299 0.06440016538292187 0.03896990724709908 0.05652440280625025 0.033691792403875404 0.11346591381848174 0.00015171635533404705 0.07629786300755366 0.010115283759256688 0.0026749407249708466 0.03549121515824968 0.03654022296736691 0.08686481982776911 0.026929513875725185 0.09632444798769743 0.11004864414921589 0.03266855401442188
14 0.040820974334353353 0.030153296476588293 0.06637849339436967 0.0867827595266855 0.019390316887222273 0.0637874577323317 0.060322249747523156 0.054939066095111434 0.07317962214680868 0.060126650544790175 0.042939650782496064 0.052338273359753724 0.02959317918477131 0.09193368156165672 0.014661116155942 0.0866044159829793 0.0021555573866938187 0.03194069010597221 0.08832900025150822 0.003623548342442352
15 0.09203704521769637 0.017495791044967617 0.0772413140516892 0.02797444927639607 0.036882305812532705 0.04012419202367068 0.030788589644969822 0.07619266121311719 0.033009398637551327 0.015215169144763887 0.08953817920553103 0.0015311636720662081 0.08179994379998162 0.07835887832790059 0.010212808668693837 0.05348047327895789 0.05809339902423866 0.025723783773672765 0.06670741511177584 0.08759303906982681
16 0.06384703492119012 0.02369243995494781 0.08114843430859882 0.06019653300330328 0.06114945898561979 0.03570713707861572 0.012055857446310264 0.033183819091125014 0.009671448720290413 0.05187951156541868 0.0956032249409842 0.037011394376371215 0.09541640429899445 0.026806690560217162 0.03977953615936849 0.01588564675433514 0.05583127609405327 0.01026903066653814 0.09251626016182082 0.098348860911897
17 0.094904360203649 0.002483407333560788 0.016884396538700237 0.03275810968624794 0.0949291745220544 0.0005780808966508823 0.08899198847712173 0.031241078964272737 0.021930912526900208 0.011286774032801655 0.07655354698160217 0.07097307396820723 0.10036306945351227 0.004048975877686671 0.01860939770865061 0.0625685011334036 0.05253938669505664 0.06307241170316048 0.0628666782895653 0.09241667500719539
18 0.08089862129019304 0.04969465019208611 0.04620342535337681 0.07259534689079174 0.09628511214205483 0.09892197050943265 0.03107390167172555 0.04278828371046909 0.025909248707173715 0.07185524596254778 0.01518497663962655 0.09759113876677013 0.03337917231808963 0.04635396210463086 0.011812610092204552 0.037573272374801556 0.030710397530982134 0.07266381889814763 0.0037262404832270083 0.0347786043616685
19 0.05517062682824623 0.07617168684619839 0.06319520521994737 0.04279747217137119 0.054521906695838646 0.026337173647556396 0.07218800228004928 0.0729509131445087 0.02027242006185093 0.08221816211004924 0.054959935224630475 0.04643581321820962 0.07075398060808345 0.05845569399299861 0.05828002650884258 0.006228578357752364 0.00456821916704666 0.03646148987850512 0.08082089288389249 0.017211801154422172
20 0.08119008090353838 0.09026952178027212 0.08959255832518438 0.0541751182401382 0.07401419619250418 0.043934928543095234 0.08974055457251683 0.10102292716630895 0.0005650101120921807 0.00867484284292364 0.05111097635318182 0.017929105147862508 0.010709170329765963 0.09729875742330557 0.02835686475424656 0.008165797753212887 0.04013131356472659 0.05577648460600318 0.020874529407502035 0.036467261981619
21 0.05962654478256179 0.08473904305472878 0.01815360414246258 0.07008916449049951 0.07189486000495593 0.07497122164221505 0.07329760912679678 0.01104924497013483 0.04792490913357654 0.08855175344059514 0.036766347209032456 0.054032749930131435 0.00025144290993117137 0.0263836097187917 0.09510749008921494 0.010697991551328877 0.03809927690659884 0.058242754765439615 0.0198894359879045 0.06023094614309958
22 0.07056010330733734 0.024115997978690223 0.05313065305318617 0.07366279620735318 0.025985551913753464 0.03381309748497214 0.019493350154836775 0.06572051724063264 0.06927502861212619 0.08701648755341265 0.05290869608016871 0.009809434823403946 0.08115703345838295 0.039643845542397804 0.05853435982864413 0.07784520641431786 0.005536405278648267 0.06131991914014942 0.054870818088204286 0.035600697839381835
23 0.005211724104495874 0.09032022782378965 0.013003807868421249 0.01889028977380123 0.012387549576519486 0.009128781848285068 0.10030336310617884 0.0455265216932776 0.0283823406899766 0.08442644971677109 0.061450307713032226 0.05347081042730365 0.055689537670328644 0.07848742345753044 0.00820202068133011 0.00840394221796435 0.0974814643274269 0.055180834526887934 0.10162051053602962 0.07243209224064924
24 0.021961296254837094 0.07451919061261314 0.0069078261808704034 0.01568316728128498 0.02367557525078496 0.05482915259041515 0.07260572811984682 0.07012140360964396 0.07909170797510665 0.00900680340850346 0.0719510876792586 0.05617564671283601 0.07062338446808339 0.07305247859724157 0.07383903165560733 0.02157315410541115 0.05486212025244226 0.026156633619959357 0.07943978029820938 0.04392483132704437
25 0.0344276703164108 0.06369650377920483 0.05489749924651241 0.10410754601624922 0.0820365979733769 0.030663839972794083 0.015303311588999259 0.030435016000590676 0.0447882600974912 0.04036177539213735 0.02629951931031628 0.05534523039534803 0.0019697332786309195 0.04022834125983306 0.043820323898721106 0.07936205859746918 0.06513432732416727 0.04169320703762281 0.0792588107371891 0.06617042777693567
26 0.06378679332850998 0.0030888187193063954 0.07136374006580848 0.07547034693777092 0.0687322019346845 0.03042789660951899 0.07300033933263073 0.01816059073579189 0.025711509808476047 0.04077829342997102 0.07465513169748211 0.07675606069406929 0.04732679412398197 0.02909136712642093 0.049696280957400966 0.048558882279817625 0.07853851662686528 0.05049679304785474 0.006740130980768261 0.06761951156286972
27 0.05164087106744029 0.05202687550358373 0.05833519179628985 0.04383571299807402 0.024998979261101232 0.09212639744767469 0.02838161532656322 0.029921874639684695 0.0692220684731627 0.08871622624548595 0.06749413726920729 0.027052229857316687 0.01468904567359204 0.06124241168212825 0.03428787907283665 0.05632959802771682 0.016514512939956358 0.08111755130231041 0.018875667637356108 0.08319115377851875
28 0.0722530097382041 0.06733240917176188 0.051285448533566626 0.05678801616255722 0.04992470511519288 0.052224805236091396 0.021618173118198886 0.01670678361651348 0.016875703411692485 0.08842731631711877 0.015692965016668736 0.052862871051614004 0.07051260467987606 0.014703358319446745 0.09419921102199429 0.06779509861704565 0.03315360741009003 0.047141847635885574 0.0907066777643028 0.01979538806217856
29 0.013789985984004452 0.008500278681902996 0.010404801806021371 0.03795199888249339 0.0880162354052504 0.034412390570148235 0.0281591271855111 0.00914308864932834 0.06137963373613276 0.08969624792974462 0.05968709407574006 0.07947408320736024 0.06985288904449106 0.053956558800832694 0.054695104795544236 0.07956481348089954 0.07366251063189648 0.029074196035888476 0.0678196896351827 0.05075927146162666
30 0.05312748886268227 0.07626787193512646 0.04207100606866426 0.06410229723235848 0.041224781449758684 0.059639852952224744 0.06823090076748298 0.04546492538638628 0.047352777896293385 0.02321452595712368 0.05335049604109544 0.05401575957491008 0.04856438807253444 0.08038896593861576 0.013609702660497184 0.051356149495469086 0.05393624126318124 0.033836399220509863 0.08908121716822708 0.0011642520568586033
31 0.0645343138352685 0.06748669312607398 0.05374788258716618 0.020658821544414535 0.09136037470713945 0.01766541669566043 0.011782013653867707 0.025940537202249973 0.08267143496966636 0.0552209950001795 0.008190241586769152 0.013399701345704805 0.045847288727257705 0.08998885889599928 0.09003415020272203 0.08190575630654898 0.04015062759809573 0.035080254006377945 0.0910225325239123 0.013312105484925703
32 0.029424992115884462 0.07195383228813902 0.07898322834343428 0.08389106097895963 0.0719580295819501 0.0855650643652668 0.026868541810607813 0.01835264634723675 0.028553318387842277 0.05652003703316783 0.03124329491403453 0.01500124135634947 0.05124908380803117 0.026260087188845777 0.026019250141910102 0.0973890818644485 0.08598411356353892 0.03851695818848293 0.025549106397016897 0.05071703132485257
33 0.032742618621546586 0.04337053190676658 0.09189508901131235 0.03697485687310238 0.0013599088213760754 0.0885517610941335 0.0547081507795762 0.06261573597536498 0.025372035785311 0.07090820457704207 0.029470826607432735 0.04362482744672432 0.05412985992371962 0.05063570596924652 0.0803035789360223 0.012025321894815215 0.061641312474765106 0.052781178955821136 0.02918784565385081 0.07770064869207043
34 0.07935707232119336 0.06602881645932848 0.0005526266185812833 0.08471728422719559 0.051393604007969544 0.055471862363148314 0.03857278024882972 0.04408184064397156 0.03885424849435056 0.07509808272123933 0.05525701765108815 0.03247548235147035 0.05930600215715994 0.05866351424114472 0.03930816111444107 0.04903971148585584 0.0843967300272957 0.05152349229382808 0.005072107781129506 0.03082956279077884
35 0.049721465095669715 0.06888317841229373 0.06033303580299528 0.04301303573869039 0.06188189504580393 0.07725136323937151 0.012626048045875709 0.04569587877549843 0.0644612522081125 0.06801259358033367 0.07178068090895688 0.03152394581152085 0.015579982343893687 0.05994639635725822 0.0040076420631693635 0.06937510218560483 0.07067100508305901 0.062454350840852574 0.051439243705682404 0.011341904755357426
36 0.005152582673159011 0.028500966988071207 0.026229866508942958 0.04434410445696128 0.03776087607560506 0.0972287371120392 0.0956564761069871 0.062258026132405705 0.019800319960309457 0.06370141682006664 0.05679759544693651 0.0547781303071662 0.01329901554355808 0.08087115058708495 0.09605328875692412 0.09118785824543256 0.030152250563466196 0.07458797856994918 0.001359669783436254 0.020279689361498095
37 0.05967423914998966 0.029398601328097004 0.04514507565507701 0.06805497431890149 0.07228465909834031 0.08513315648921557 0.05776294307410667 0.05999264684067771 0.07571128817489474 0.08512542319624468 0.03737770942661254 0.021550375099901084 0.02880373826784863 0.061017062981011554 0.054874600224537926 0.0391385651792327 0.06914014940792022 0.004059365380145926 0.016904408566404086 0.028851018140840373
38 0.05259685388454736 0.03385362693202511 0.05589590296794224 0.0056312712333929675 0.03712507164627736 0.04194869535189409 0.0072074987773267625 0.020429773238852485 0.00509190934798057 0.07459387058608152 0.026811759675801766 0.07991864763285587 0.10782074997932167 0.0653700973310411 0.11259353324767721 0.10849114411274999 0.019937281267968784 0.06864099669537355 0.01756103227619959 0.058480283814690115
39 0.08677391496888925 0.08464044114043971 0.005055107347043505 0.013347538588363735 0.028258635677305875 0.0021323365248493925 0.08611946148649066 0.05390530912079669 0.054982525551975726 0.029955280164303325 0.0677154262962573 0.023946240335311383 0.08575108141626732 0.02740651624571042 0.04277179749502495 0.05103813003858911 0.07905792704379942 0.0818429596517207 0.013546990747181964 0.08175238015967942
40 0.05370597170523539 0.07577920255310407 0.025225421171019932 0.08381914547854322 0.06833418534908278 0.024423180622095527 0.0877895235545161 0.08738426908976034 0.04095097067921073 0.041374587909229925 0.0002043698279404586 0.07604605556354582 0.026010626551764022 0.024622059085325606 0.0672059539751644 0.06322224701373728 0.03378946762084102 0.0261049535952627 0.08710386897638123 0.00690393967823937
41 0.027780889025553174 0.08111318844939323 0.08044100704956188 0.06279916150056838 0.0723227806911929 0.019451266620603435 0.09004848370835629 0.08329679512714022 0.00027780438552333687 0.05851688178209855 0.03592389020030483 0.015817202866483207 0.08684983245716987 0.05813284547319215 0.06183331990681021 0.08532237805355966 0.009572184915608213 0.004079128619621641 0.05710281478519843 0.009318144382060314
42 0.09281820223943882 0.037964517527818833 0.10174636527161432 0.03025169868415168 0.03688824114479874 0.004831080023075487 0.0483842994904716 0.10917823955590653 8.862728451092158e-05 0.0982882762975601 0.05239218988252416 0.07484297132987193 0.02329371935054929 0.0657443195432351 0.04803814747503531 0.0199024638555394 0.011602042037688961 0.029951571076787163 0.0365759595953663 0.07721706833405562
43 0.04593305001363328 0.061902631850800784 0.03837040896955653 0.06553982004131287 0.0725075818158133 0.06281444878417204 0.07817550840202228 0.02868596748644579 0.06244680485725391 0.014464936446863712 0.012865900167207518 0.06282589200872286 0.021456054534971545 0.025839436815225714 0.042960295838603925 0.061297127646734555 0.06637414694815767 0.06203779238250219 0.07266868771057627 0.040833507279423475
44 0.0033097891816858275 0.031717154031512186 0.05383853071252653 0.015983322761865613 0.012537623711792817 0.001379207527029109 0.02438559064399693 0.06937791496157887 0.05207561954190885 0.06991483434201848 0.05209080938227153 0.08938585639222399 0.07195731512323178 0.08821505551390282 0.07394483911649964 0.06674142961634007 0.06362547705241713 0.00013157053527637633 0.08408276707738989 0.07530529277453149
45 0.03866110474637935 0.005826570629321435 0.08126127940475765 0.006375658043061544 0.05765828069389657 0.08347129018841688 0.026054169243880647 0.048464212396011605 0.02788994925032104 0.03735957567555736 0.04859997798256016 0.029477443417561828 0.06517429589154457 0.04135887365579889 0.044768855149210925 0.05767180873257691 0.08038053397411717 0.05870751673239599 0.09165421113115862 0.06918439306147094
46 0.05379533809554301 0.06537454201758597 0.00035624761900661037 0.08579742567050734 0.03589896043650595 0.015428540085649159 0.07967892804661708 0.03930756605245702 0.06974227459797154 0.08543591672689548 0.09312317233898035 0.01743128368212885 0.010785971749982968 0.04471197863097972 0.014430377677030634 0.044888177412162215 0.029805198632461803 0.08253960507612745 0.06042027323403103 0.0710482222173758
47 0.05934883191422607 0.047107516947487646 0.08690250264837111 0.030968924551021383 0.052490773722557615 0.0226969250067865 0.08469996043688932 0.063843619305201 0.033517926256208856 0.0219749084670584 0.027518752264336623 0.00195605225922194 0.081369283070167 0.05345375184793993 0.07337966199424312 0.08333028124275056 0.06342645096228033 0.011886948359100834 0.027074081739230173 0.0730528470049216
48 0.029200032036309994 0.09429235929377029 0.047851855285160914 0.028125645221932283 0.08302868936751504 0.040816696484593976 0.034354966131883456 0.002359314273540194 0.08607480694609042 0.09453268550127618 0.013900562301850444 0.0834990002665107 0.021627151244646366 0.08233935532699437 0.044838670862786825 0.03818917454110025 0.007278569694893913 0.00402898029590926 0.08765632341046012 0.07600516151277521
49 0.08935960270911705 0.03445115674698311 0.01085422245000993 0.02164193074492528 0.07875230092567495 0.017822015792333112 0.018006441745661517 0.05816003366632356 0.012798303275936472 0.04032975505572794 0.04850314942967306 0.05089573437675581 0.04123332820141164 0.0910215074914506 0.09170572314111884 0.0011727936986232475 0.09332064869044483 0.08997851715568361 0.06518199642679269 0.04481083827535276
50 0.09644734826148671 0.0867720833519844 0.05393969454204378 0.08142369260880615 0.047364240877218744 0.07190032781446848 0.03235802552219356 0.07111879882517451 0.0015168442015120749 0.04883459682542595 0.058123014437724024 0.03418536526371117 0.08127152868565374 0.02342252244143337 0.053585865505331724 0.005222260701809952 0.04345784523333045 0.059248190796731964 0.03157739535537327 0.01823035874858615
51 0.028212234707446854 0.05894138453897143 0.007515512448045554 0.02041302632985233 0.09206500117178908 0.07110873157375346 0.009900091632932952 0.0799039942761532 0.004369358262437469 0.0856514014339243 0.08057283052813799 0.03322286139235836 0.02837653172510005 0.08470914896574012 0.057233408284631485 0.008759432958197111 0.08114615573323905 0.02594072873685241 0.04998709240249691 0.09197107289793975
52 0.05242638569285847 0.03835231931276312 0.008518471950456253 0.05944059424269924 0.0036869472640567746 0.001139043433885974 0.09713805989415422 0.02832728317623888 0.05754546849814199 0.10810388190404874 0.018529261988824604 0.07844979401278297 0.09144034466244251 0.09675036615239814 0.04315255583858284 0.03531786002369193 0.03574068424340934 0.06861478655534481 0.008470345604591655 0.06885554554862743
53 0.030582883189974118 0.08680200613341894 0.030255164536034707 0.03529988239807254 0.03403985770298452 0.07343045051983388 0.07469087430358377 0.03975388647306084 0.08834911917824298 0.023999756059738992 0.02132022521672437 0.030834321541029615 0.08304675751079325 0.0819573168963868 0.05474334072955791 0.06492132898675664 0.05191878050174882 0.0712585993693866 0.00011131111822950722 0.022684137634441073
54 0.004118439006728229 0.03450856311298917 0.03345363608891763 0.03803554513443494 0.02155549255727716 0.018006441908896973 0.10675770141541692 0.06821048105890706 0.0008382094234317749 0.10194526267442246 0.0004956401380575586 0.07130666895618627 0.07888884015900532 0.024648325314956775 0.12621703071012835 0.09493937897271511 0.07958992934233682 0.09359624719427517 0.0024311289187881734 0.0004570379121280169
55 0.03404823292022813 0.0499143907884869 0.0001427010820908957 0.07228914481072497 0.028840001957138647 0.08775427436115495 0.017014024696610373 0.11429180349023883 0.03374676020000484 0.020354873678730605 0.006186910289928363 0.10505376833709248 0.06477573335819094 0.008128126478408874 0.04476484664548964 0.10600863891190897 0.01953372832193635 0.003298635029418083 0.10683618542200524 0.07701721922021194
56 0.03218458065249829 0.05892022297792992 0.02765638154179474 0.0749856925250045 0.09217792584568989 0.01973715418000505 0.05447000963692734 0.02515762452115595 0.022592792035735634 0.09226438709899427 0.048335161465203544 0.07824105182553845 0.01339794754223226 0.00027194227044442484 0.07282817843821973 0.07102444360936569 0.0661611107578021 0.07070324309523669 0.03447183380481795 0.044418316175403594
57 0.07360785915065379 0.03971377553102951 0.012008752146377661 0.08538212364160644 0.010512901285054034 0.08748701397495895 0.05976290514340998 0.00627274476359207 0.015771806986229372 0.065688391414633 0.0866740730349209 0.008809306147377535 0.04077334037762325 0.025558848837771535 0.06659007818280553 0.07568650093871788 0.0890120202947236 0.022535482087088003 0.05005491174589915 0.07809716431552806
58 0.034262670684949766 0.03647225107361474 0.07813084140409499 0.036510688902275844 0.010236340390358393 0.07125430924160944 0.05846103649072352 0.010953571132977282 0.06128681995286342 0.07554088670097321 0.08007466378662356 0.03260225756813902 0.006311340444340196 0.0810230842507222 0.04875976412412649 0.05634256179180599 0.03213456173887007 0.05154621232804616 0.08219473455943231 0.05590140343345337
59 0.1009676393946769 0.04078374296060784 0.08484667222796548 0.09640764904781221 0.005069975554556694 0.06597913238151853 0.011277270983993785 0.10648269950468679 0.02283554317090706 0.04136953966952833 0.04450819965719972 0.032505151774347346 0.05766676112081567 0.021756456033855166 0.04885310499437846 0.05930185247037919 0.04046783998981023 0.02628337972985194 0.0598595713086876 0.03277781802442104
60 0.01771344698828705 0.0676458290041885 0.08938908998735288 0.028425609243862997 0.07288407342212365 0.05871192640283894 0.08062785953140714 0.034111563209772586 0.05206357758386737 0.04470878721232686 0.02557172925451481 0.036112823474606336 0.006474929057112064 0.022516620268393978 0.0959865982506271 0.05220106412252432 0.09457489562873306 0.04050922085698528 0.0059882536633459 0.07378210283712912
61 0.02680083556879722 0.025162827111512832 0.0018405927681073226 0.05168401635069609 0.03439259625135565 0.1120801542190433 0.08110155227425292 0.007502715541178425 0.012395647704505878 0.07322564051030178 0.07327434787916373 0.04798889869974336 0.09018110960999179 0.053644851232873776 0.03754611433873166 0.02857939682845547 0.1004692455292932 0.09433075778192848 0.01819130536464015 0.029607394435426947
62 0.05814839331111299 0.017729805928593828 0.08924785332299218 0.045698427379272724 0.04615362814167621 0.050179017211062854 0.05778240055889958 0.04420576930041373 0.05634320273320346 0.04697383880139382 0.0792642842203996 0.08268752207038513 0.00904086461196277 0.05179306255127849 0.05025252707224358 0.04519382141504049 0.022192770405281333 0.007775977766050747 0.07575012705849872 0.06358670614023752
63 0.009239530843952785 0.006027320871506066 0.0014819688886007188 0.021976351414940306 0.04751511280549774 0.09571392772316285 0.04335980138051865 0.06004606320966629 0.042421971678211566 0.04368088443339539 0.01689550378134098 0.08318054480263691 0.04374900691354006 0.041195767265220104 0.05502318644679278 0.10045881425883102 0.04814270474274546 0.09271624810593816 0.05610569176343841 0.09106959867006384
64 0.05089580508253324 0.03054332145157864 0.1014969879438075 0.04064452896615559 0.0034958069969514994 0.0014624099832101015 0.040168059643118904 0.029067347659511026 0.03375636360768305 0.10550246948141348 0.08829072122306195 0.0038579406594738026 0.11152730056186315 0.10726436963287814 0.02367886289240974 0.03865915847382359 0.03550889218823934 0.0685569029248527 0.03568532904030229 0.04993742158713232
65 0.05716572263758682 0.004969497491315689 0.013905749865995846 0.07973873786364732 0.07061324480806513 0.03404861373187664 0.024443042124844758 0.03121546601897128 0.036833668993860195 0.019481034171964905 0.0798927513906887 0.04542081265156079 0.09630729643902433 0.014623851037905679 0.08796203454160274 0.00478608659976869 0.09233594043568277 0.05411719053323734 0.06204907736464836 0.09009018129775218
66 0.020618996433012852 0.0724414087361432 0.04016662193951903 0.0647865929005435 0.0366838139724178 0.00946130912730789 0.07878963686841181 0.04920779820964082 0.07220474310138733 0.0757471949475462 0.06553937291220786 0.016997154628159553 0.055109125704515725 0.024095947686084168 0.04303631635305443 0.03755219479212948 0.06576268390301065 0.07323968778579801 0.04416686056522806 0.05439253943388153
67 0.053892526273222906 0.02546961872193246 0.026274112058466716 0.07984171990673529 0.09242635259141493 0.01304538765413795 0.02894717339142771 0.10169935063707247 0.10707548910129826 0.0031994664308954758 0.1077763544829426 0.10127005155441611 0.019662290037041574 0.03430765919243804 0.04322592345990304 0.031842238674613416 0.019186193255672918 0.002305146924692847 0.05852759666646813 0.050025348985207135
68 0.06817100456638793 0.0007048509208892927 0.06255116899465298 0.014083189709010405 0.051867376117394066 0.035387986093685965 0.043766418495343726 0.053070151155423566 0.09738154970722256 0.08460688747050107 0.06376279200045218 0.049140166705614614 0.03593227095883251 0.08094350362069923 0.030731741172595434 0.007246720141309621 0.061076303023464625 0.010247920272383807 0.0788549738413825 0.07047302503275407
69 0.023760261599606595 0.09082934791981911 0.008352699252505119 0.033073372841199655 0.10324118278670136 0.0251147709806112 0.017388495604708835 0.08953386621772119 0.009553411979952468 0.07543565835811115 0.028289739614535386 0.0640621110566942 0.0666273608798839 0.05026908963480382 0.05735750166220581 0.0348688149825394 0.04221452840513107 0.057113051246052544 0.09723943793187823 0.025675297045338982
70 0.04498065393719891 0.03825704355091646 0.0292888958988862 0.07564607760195197 0.09834132829728674 0.04976196526696653 0.014369407706230266 0.019572756623894523 0.059568165519110323 0.08640151611819029 0.01932484024546324 0.059922703828345775 0.008533411011113741 0.032394933628991124 0.08341292519582666 0.03164425412977527 0.09936855155896669 0.03682912184770295 0.016796147623035933 0.0955853004101463
71 0.06627391135105422 0.002919311333326316 0.08898914349348869 0.06741104840330324 0.04882223584348519 0.06589488213588723 0.061746567678625935 0.041886789419387456 0.0845894180134434 0.0701780426008001 0.05363228806882924 0.05276632587749119 0.03192730211615425 0.08009129584488187 0.06719672997931374 0.030926985935508834 0.028400439941984514 0.01676154236015019 0.033562952111667634 0.006022787491216748
72 0.043662429347201666 0.07361883711829073 0.050002998680309906 0.031899658847318685 0.039486511485773264 0.02064745320847754 0.013582025161960219 0.017035723084269552 0.004237170036750662 0.06711891855114317 0.005665518305233581 0.03295057559808835 0.038662392305716414 0.05366144935693329 0.055758357144628554 0.09018455551263642 0.0945832733946325 0.1017823537779327 0.09900130569904655 0.0664584933836562
73 0.0399902789095064 0.018993155253834354 0.026405558300449123 0.02693037402822777 0.07832071224233011 0.010058006452036828 0.009330726331418527 0.09034783545019391 0.07915030118947386 0.0381286060530416 0.037089135821333 0.06480313653333003 0.10330001832277369 0.03493851482085736 0.02014538664494821 0.09563270129865473 0.09675433311557922 0.05084999922887317 0.07657006517298265 0.002261154830155497
74 0.01785721803355422 0.038791464420280655 0.07337181866726238 0.05256658206553617 0.044754971341197484 0.014027486867059626 0.03190654080351645 0.0487509736379767 0.027989002722174295 0.0897688025205483 0.036304899248547254 0.03743885121271218 0.07379207205303967 0.06843175331435941 0.09287364175394859 0.030389502832403853 0.05659776702877872 0.015555916722326972 0.06371902737230177 0.08511170738247535
75 0.07734647716312516 0.020148810308339996 0.055905666672698216 0.07180580214562882 0.1050881250596941 0.03524752350096871 0.028651549921792335 0.00036380116233120335 0.03460175396109155 0.06561353692606312 0.02517933560740314 0.07233556452866977 0.09869838812360958 0.0670927825173151 0.016475582212924233 0.04120504837731535 0.03627617653914043 0.022930549778245657 0.07882838830091023 0.046205137192733454
76 0.06500270511470187 0.09017282829051056 0.06823893155799973 0.022526303855770168 0.013669578705229196 0.04016323002163014 0.09345816647428225 0.09192808663517868 0.03615526883349367 0.019121801347977006 0.08069852258466978 0.0328837108515438 0.04014999347459917 0.035950685647959696 0.056270138844750676 0.018498274104174386 0.03024006020778678 0.025273095112568464 0.06083874135957205 0.07875987697560183
77 0.0040060764892203195 0.026877521724200104 0.022888168530032296 0.07767653353072806 0.05792098685241777 0.01053813700995452 0.023826035370045132 0.029922213892606492 0.09548217167363862 0.05938324600771834 0.08339924145802279 0.006959861490372089 0.08395728918070726 0.0748383903265421 0.0580402532838191 0.0808602990266725 0.018541571916890248 0.0917584781200348 0.04404076981289524 0.04908275430348215
78 0.036870461134085084 0.010106785840255154 0.09769304896995408 0.07096850038714386 0.01929388071345155 0.06337892954247233 0.0591569322922507 0.02631255472882728 0.09602784493996253 0.01628409440977761 0.08409660917757925 0.010663053838049195 0.0651980877620326 0.03904154100140595 0.0665606905052079 0.07062814637487466 0.02673706601703525 0.09296694482674929 0.0320009979595667 0.01601382957931916
79 0.0741592336723051 0.13221750516944844 0.06046637782806396 0.12363603911415237 0.03485613669190969 0.021880880509519127 0.05619123195267434 0.005633671415837347 0.013399193356390806 0.0481828167188681 0.02156484519625141 0.023020211390355896 0.0028861898257580396 0.02796811324148116 0.011929884565245972 0.013143241318094006 0.007731181153645657 0.08726891245062374 0.1269159760291663 0.10694835840020862
80 0.011398715552512787 0.07107664633638042 0.021029736450719712 0.07343049884002796 0.07744843214745314 0.01970713214603882 0.0639412861233638 0.07883534540824606 0.009189398390890896 0.022728770143876125 0.007484147665453746 0.05711380659980259 0.03969820853120933 0.07557164475859801 0.06580751561056841 0.08200659251601693 0.05497351001260482 0.06717592347659375 0.055984550295038335 0.04539813899460416
81 0.06326500866473302 0.01408045232539875 0.02691034620731985 0.023499653971236812 0.048209786204450204 0.05704241589042584 0.05792356572596234 0.034236000071827775 0.026788967404321178 0.03192960446839825 0.0009857232039155624 0.0650389632422696 0.08148939902099207 0.04806800118351009 0.0904350075394266 0.07715669249541572 0.09152511025573251 0.07824181450013334 0.07961295565326316 0.003560531971267371
82 0.05104705942565554 0.0603954042507666 0.03768985423036465 0.007156636245600654 0.08483461071535624 0.094774991643382 0.02054800328347149 0.04224557767731475 0.07739308337721301 0.005011877311946574 0.0935064665395283 0.0662060895215289 0.09093817236264984 0.059582548493876265 0.008983215826897635 0.06889557551625804 0.01898874166628081 0.020052420939333494 0.05103094710965212 0.04071872386292293
83 0.07541566492165634 0.10551627704735513 0.10429693318837918 0.06926728875609436 0.07011563616377998 0.03308954893886926 0.027806012991136376 0.0032536841943970134 0.02106107684000936 0.028961951394138166 0.01388514176973495 0.009664739356879172 0.02367343897517485 0.03072046506990474 0.06450461761135348 0.0815626050797859 0.10847834266347568 0.055007674255052576 0.07260323133995635 0.0011156694428672265
84 0.04489559251208599 0.07813999396247362 0.02088866265591595 0.06393774722330715 0.09551199594855997 0.02557167219754329 0.09787880793728095 0.05290067065054966 0.07630266026188581 0.034575993229723996 0.010851478995603714 0.07640409187323703 0.06432777831889382 0.028686864226564305 0.06572648738593165 0.0805744259700914 0.025168685175640415 0.03307154744907213 0.003474520436833573 0.02111032358880535
85 0.09701466854043454 0.0380203009002556 0.022405157383961424 0.0016481230361678884 0.020765454962695468 0.03533986115327319 0.12394931514539141 0.008836466188975082 0.08688908371434716 0.04879496141161887 0.1089097188257556 0.03804396662109067 0.00011334603019745139 0.12517267393214362 0.02522792255233293 0.043486133033474164 0.11037903746782309 0.010467123588537386 0.03781968386327723 0.016717001648247177
86 0.07666646542013114 0.05701903727619079 0.04576225594445052 0.05325015448089235 0.060229986778867275 0.05820147529834151 0.011302408360969901 0.011094349564528374 0.04930555071468443 0.07850486254605463 0.010526579504098932 0.07417018851962155 0.06869220478548609 0.08951576239165483 0.022394226798148193 0.046278038168497036 0.0899035204750922 0.0025482152330251833 0.023916752024219667 0.07071796571504545
87 0.07603212498047353 0.020074548283067536 0.06539149893105956 0.06742573193090867 0.019265664268280327 0.028734282030067324 0.07608314061702359 0.056630533855720686 0.0716117610629428 0.05669311649037371 0.03612006316498861 0.06151583528872446 0.046536468003477834 0.06426795891874545 0.06752471750998021 0.04327800210063064 0.04479160739662563 0.034823383388671164 0.03427426667659865 0.028925295101639742
88 0.09650081869238047 0.034836069745968264 0.08203777654519732 0.020624282921535543 0.05946673080689885 0.0800004540267075 0.03685606105861958 0.0329696603184635 0.00772287230466369 0.09170535092050246 0.061056943071409464 0.02742819332132975 0.00998462907487189 0.08415685279915491 0.0638101489152122 0.022090129198310774 0.07268024165342153 0.008578681240805335 0.01852592679633048 0.08896817658821653
89 0.007041047525615987 0.019264026855637183 0.08384975152470428 0.08206346802131897 0.005509023070319066 0.029033367976754328 0.09284927768806615 0.044900742384516565 0.04547594434888777 0.012449102926393644 0.09506288749014594 0.077625799279437 0.056613448019469645 0.054503879156602326 0.07039308228634213 0.016242843928105287 0.09489700617282315 0.08623609065795464 0.01897783188994596 0.007011378796959962
90 0.07584198051488977 0.012631410866175634 0.011489691132211865 0.05146086594557176 0.05842752868332431 0.07181979734712708 0.06903795270201589 0.00539833544979475 0.0460179332326936 0.04058852512148753 0.09628360389470585 0.08982694530385119 0.08954315609702977 0.012723450330676324 0.04939092975381914 0.009829582456308113 0.01674745790152901 0.06730863143493179 0.005607385466396415 0.12002483636546024
91 0.04957705186538478 0.02783457365804883 0.04633568683927521 0.02825209230690281 0.04252888191857261 0.04653023294716545 0.09902422399563177 0.0007034390386155276 0.06015749649345404 0.05522711318060385 0.01624966726964636 0.08645963906250605 0.00151712359870881 0.0859941277428202 0.09133619131964552 0.04030480920341253 0.06543895553776495 0.024721826138314425 0.06185180975172674 0.06995505813179938
92 0.09952645584165355 0.022474518459442552 0.08058945332012146 0.09251135513152715 0.008630075958654617 0.0977374058080793 0.007113025388470298 0.08588241950218777 0.011874306868667773 0.01106893060548621 0.0358850795063553 0.030734524474706197 0.10131290916202718 0.01649491593570446 0.07144893661580416 0.1026228423106099 0.05093901557818762 0.01164595962430626 0.03676898136227225 0.02473888854573589
93 0.015544896356065319 0.010671674639231929 0.061036914171566724 0.07504120760702367 0.0625371548906941 0.0484058844337809 0.04707180024594675 0.09754084133958348 0.009684471154367255 0.09607534276273294 0.05654826247525892 0.09799972727338242 0.0035961361122973387 0.027665014937108077 0.017126821019913585 0.007577950909974658 0.010833828005628486 0.09113582320046222 0.09546590585700579 0.06844034260797528
94 0.11140131894225708 0.028056639025767854 0.07946289191358341 0.1013262018325651 0.05199625545098671 0.07922412042703858 0.018137120593991904 0.051207490323585375 0.026044965245442493 0.07701855517104114 0.04734439031581929 0.026416884362478913 0.0327967463146301 0.050517314987436335 0.09503840498551173 0.038003923001860736 0.006177669179512279 0.005677016435708287 0.021455343413530826 0.05269674807725174
95 0.09239494960512652 0.07636341092383943 0.020079341419984496 0.11765028646646046 0.06277036914225938 0.04384270935838436 0.004984624645656428 0.06060226426116954 0.044727611892058976 0.10041577878383487 0.03233643619440754 0.010732719463265294 0.036483600242129106 0.034721560656504585 0.005610126071133708 0.03253931384289599 0.008482395492989452 0.11234090708158641 0.09294354123771553 0.009978053218597991
96 0.07960595718855978 0.03441867192357599 0.07482336920654718 0.011465568996447175 0.014455070707631483 0.05851485142115229 0.09519073431999908 0.07283250329450207 0.030629308508822332 0.04346767514545724 0.090888488365711 0.045554778891249224 0.07087100286703762 0.0018347462145847054 0.07185193834990379 0.0738806505229607 0.019932984323639255 0.044144348874966634 0.020273841504756484 0.045363509372495815
