0 0.056347930911661716 0.03150507361685748 0.008302980546796384 0.06075618361596137 0.048091876243526066 0.09613045205798838 0.013780295192121053 0.045573879464476164 0.11247015528085905 0.05796512093712442 0.08319346198135391 0.005219464222848856 0.044045852792174184 0.025556412570859423 0.022335943873235113 0.07619030262243164 0.10809509239503348 0.03652183296831688 0.029206685194809262 0.03871100351156522
1 0.061840364494278655 0.010446070074024967 0.029372251856167084 0.05067716686363884 0.056687586577136066 0.005813596207563641 0.03584250909852025 0.011276324918979185 0.052248683701728846 0.038854308251705126 0.046803359463865886 0.07756242796193187 0.07322277705315287 0.04745555944678668 0.07826649378119302 0.07373408980383483 0.07393238750415397 0.06508441013632786 0.07519673029697863 0.03568290250803165
2 0.07258678772691059 0.07939085854092372 0.06528136495850909 0.028417011915648317 0.00838317778839252 0.05880665769637274 0.0839110691808271 0.018203574210970352 0.06794233721941131 0.006027669803678973 0.040826846736731044 0.08730528619671557 0.021470897346348192 0.08062529005442672 0.058100999144922824 0.004688159895964164 0.08301462203867982 0.06996974588733237 0.01279558428960384 0.0522520593676307
3 0.05296334553418988 0.013013472527007634 0.06443172430301426 0.09553550073796967 0.1000253023295053 0.07332564262059074 0.024130007388062362 0.04725246347319971 0.09972473780444419 0.10030519249874392 0.0404817299999016 0.03853155489771396 0.006802470602831629 0.07669383413934472 0.032711413108667944 0.04395491940548265 0.005961933417907057 0.017807418564567086 0.019526946260589085 0.04682039038626665
4 0.08295858332459669 0.01128061273647356 0.1020707569084387 0.028296076878443623 0.0371034083653945 0.04895506840962088 0.10300595038800477 0.035635226821845625 0.08867200734548658 0.009895131670727258 0.0021570140861601706 0.0064943159180394375 0.02256689700358422 0.11026173238715135 0.052853137251377594 0.0396508672687653 0.050179546359354954 0.006233115641708689 0.07827754087803991 0.0834530103567861
5 0.06006948817826723 0.05316285019480456 0.05352641150023255 0.036221014502421496 0.0907472454222068 0.06952586335282074 0.00604180018550263 0.08249201911236384 0.05668849838820934 0.021640934952484262 0.004612122994981234 0.0676558847138088 0.015796770715441662 0.007372138355330372 0.07987805673814309 0.09536706195430104 0.07049541026541671 0.032867107405995875 0.002520804611524553 0.09331851645574302
6 0.03900747299360876 0.044564123938741484 0.07151835506477042 0.05000537277968121 0.06584046498725978 0.06998279906932285 0.0503903589441488 0.016949576182180202 0.08739948879343123 0.049232296014366496 0.007285663333656377 0.039918851645228924 0.013978084890921309 0.038673245395469576 0.07304735794235029 0.024084944420336755 0.06970777137214378 0.08478291698540885 0.03808085075069043 0.06555000449628261
7 0.0506116651969685 0.036205807616566006 0.019615437396382503 0.008450824322867367 0.0250952305081084 0.00526679198127154 0.07757653535069801 0.07903021482598045 0.05505055021643379 0.07384342242836035 0.01466070587822952 0.006098975201623487 0.08449201796430414 0.053946388010559 0.09361446845360105 0.08512648283206457 0.09356823146940207 0.024608175804277578 0.09042092805678571 0.02271714648551575
8 0.0942572578975477 0.011606143672716816 0.05655889317841865 0.09621066096733197 0.0080438251292098 0.001289121485108882 0.09399790679440315 0.08566999312517894 0.04509588803637013 0.02479690650470216 0.02850985078083925 0.0698101885028505 0.08079654904755759 0.0012389228769211797 0.09235928341215181 0.014233695837478697 0.02568952453164902 0.051576790698726185 0.09648347352718589 0.021775123993651727
9 0.022513092012044527 0.02286685629844409 0.09321744463717901 0.08354698148083053 0.0690078970277955 0.005342587695204844 0.026534824296879835 0.08331893701219466 0.09937299471654383 0.02445350173170105 0.04541711565497949 0.09325221282037552 0.0673989694624181 0.05503383547958531 0.07613644447760377 0.009388642349953942 0.0757902355665034 0.00320970874575387 0.03687069951818572 0.0073270190158230795
10 0.07086539982838062 0.07470716578562467 0.06564965718371588 0.014700221211031258 0.03957714000720144 0.08881849396646752 0.0903920950281662 0.05588634283835164 0.03386667565643408 0.04964328471097026 0.0051912612110797144 0.003031786824393395 0.0844466881549506 0.013394176328588728 0.07263289672155582 0.0723898652667038 0.005464168481801301 0.09354127559596422 0.017577815527877662 0.04822358967074115
11 0.09074968324300045 0.0314118525609953 0.01046322234780247 0.010360415754183883 0.0015506427082320057 0.06158316596711125 0.07108615978364982 0.08132986392062418 0.08764262923382692 0.009869602925271323 0.09478510875307279 0.045512935467325794 0.045104973939294836 0.09727874720758994 0.009305310279079925 0.006424338973281397 0.06871893662310405 0.08959953155927533 0.03617312219973507 0.05104975655354303
12 0.07595723510196666 0.06305582033499198 0.07220926797598128 0.10720490311551202 0.056902887177986215 0.0489085143395425 0.03689108173620092 0.023087288400257706 0.03285506016194128 0.01989034124009803 0.038692572892271425 0.04298706666239775 0.08058145854240563 0.07785420861794701 0.061920722159754873 0.029637726594154402 0.00855412325124284 0.0936929433407349 0.007117687900829842 0.021999090453782993
13 0.01584621006368518 0.025330592256156047 0.08400290532439407 0.02879758205518576 0.01848106574173218 0.04692597108305134 0.06874792801410565 0.06549024847957324 0.07267554664325891 0.020916103818558282 0.06821775775300631 0.08640071409826953 0.020485043234969233 0.06111373401231284 0.009055938518941242 0.07347942643386081 0.06356837593147553 0.05008488482550154 0.07165750838733966 0.0487224633246223
14 0.04723529586342012 0.04477788589842106 0.024111140639802447 0.0049409703564882715 0.023287146072844093 0.06719690531467258 0.03172397869560845 0.055185839984247434 0.06791281579137473 0.04921817581382537 0.025147837114942822 0.056701440022339004 0.06841059230820934 0.06996139881541646 0.091097977762178 0.02014682807566323 0.04253734944380527 0.07367759732256539 0.08647204273006014 0.050256781974115795
15 0.0841607555340585 0.02944541768258804 0.08226561034527988 0.0635086640812038 0.09036132938106989 0.059853877041753975 0.02296957564087683 0.09286355286564285 0.08138068731198327 0.01143006052427483 0.025068074103116532 0.04160588618527074 0.004189919630421373 0.06288398210403631 0.07066111220877525 0.07956381082529068 0.001597544240867408 0.049044577932325646 0.006833323650332058 0.04031223871083193
16 0.004296025253943444 0.020417026664778008 0.08736439613741524 0.04188343891556544 0.03460349999547941 0.049531569307592144 0.002039250428861455 0.01763728911904038 0.08325447427292226 0.03607138948623553 0.02813365752600389 0.041871588838286414 0.07230764515268735 0.07903771738372548 0.09224773167860326 0.05392565170424688 0.0704214979956301 0.08436926290570156 0.06409497098714695 0.03649191624613492
17 0.013200830962861303 0.13034606646916116 0.020645778419078612 0.06017297316081244 0.056508579583626345 0.02019390011999602 0.10277446691740992 0.06628841792938427 0.02654836804125731 0.007464091019294154 0.017295925300769104 0.11747061979239624 0.042691775838707195 0.050092191491662406 0.022009202892975623 0.027194311425417502 0.11801020455123255 0.06149122865883811 0.01340608880321947 0.026194978621900403
18 0.017922635459205936 0.04261539698155893 0.012213367011295405 0.06609244099994871 0.07088278255838615 0.0772217920261046 0.07712511267053869 0.0782131603990394 0.0003748544121826419 0.056190496498594276 0.03751596084263911 0.0803943227736197 0.06943016628695686 0.07695303772087593 0.052679400508407886 0.022427537161778865 0.04882790552726516 0.05415122934606558 0.021174206996108936 0.03759419381942733
19 0.05615145910893227 0.06096120766338355 0.059929717858208637 0.06183998716635321 0.029572207214531396 0.07656680374695678 0.07486507611273763 0.07864106395641199 0.027807568688459714 0.0035311378425532092 0.04123882425508906 0.05236714972671234 0.002709859597118486 0.07877918193678951 0.0473221842237328 0.01536725726696616 0.05348847068670181 0.0641446638432144 0.0772819971058876 0.037434181999259464
20 0.06962481797259434 0.03809625031829663 0.03675946757766118 0.08027907297612431 0.05577079099071361 0.10516142374288305 0.08716700156114177 0.08528183161376951 0.015522858953468263 0.022640401275328372 0.03181049628152185 0.07438418193426752 0.03891566066697 0.004654582719622117 0.07142418319705536 0.028725258261856974 0.0545426336717559 0.01625192048804461 0.07142490032167237 0.011562265475252586
21 0.018038632722347597 0.07080336963494678 0.026295200001733222 0.05913883082809054 0.04302208791193957 0.08442232738816917 0.027922391997145694 0.03937459049190426 0.009585192803434504 0.042153351962512936 0.03473300573603592 0.0872068591618076 0.029815213154484693 0.07210943332507518 0.038841476687561764 0.08493996556971775 0.07307311408063175 0.08269557669395375 0.015519468030452555 0.06030991181805464
22 0.05387646937404892 0.06104288223463205 0.04279491222865528 0.02929479765355415 0.04405227555344491 0.07239907887727591 0.04840121211196655 0.05807170404436188 0.08209074338658057 0.04005270343667651 0.007305358919948572 0.0351488040637701 0.0034911021249680657 0.018257647498200965 0.08618959258279639 0.08237893654556651 0.05073277072387401 0.07004503987752816 0.041708646180368056 0.07266532258178256
23 0.04537695843496935 0.038524154768020034 0.08403747259147691 0.04777656260564588 0.07912316338916375 0.004900406716946865 0.03932727977310425 0.06371268537520822 0.07153178228540451 0.03754341879096961 0.08042291492953771 0.03894481177733853 0.0012450597478266552 0.026179545155179243 0.07702123965504372 0.05930158710062825 0.028654858528711274 0.08516983421272338 0.010849312862808545 0.08035695129929346
24 0.04352310639236813 0.07675334658771173 0.06260316864319374 0.003758430361235233 0.06243267760196727 0.027363255127229515 0.007120154795003979 0.07977571575251419 0.06311506690182424 0.09486409726612205 0.01259097079026999 0.06936115273836696 0.0866194631840847 0.08338406605940121 0.05876250016900025 0.017120628376389318 0.04258481239688826 0.06539501906039002 0.02268808852534066 0.020184279270698477
25 0.09924709459453292 0.04117707456382907 0.016622772720063028 0.06612480922947468 0.05116218178484761 0.05149688176009308 0.016149573167084916 0.05685495898105507 0.06471843664981386 0.07244598875972418 0.04847818418634003 0.08329507161639602 0.008913701213084305 0.0017177742121850168 0.05308776624849626 0.024335778686749358 0.09200562753629218 0.0701864116829219 0.019306118882127632 0.062673793524889
26 0.09454478791086311 0.006627321299293131 0.036410782829863673 0.010056726357679013 0.027481105732800895 0.04085366295591418 0.08360471234908429 0.02682155532508584 0.05175290038670406 0.06947884316977093 0.08819315112596189 0.034838149291776734 0.045419007986032274 0.0867910038341874 0.04630989170306289 0.05248545296171485 0.0016924807712049585 0.04273184714326962 0.08442491327780377 0.06948170358792655
27 0.008631269077590386 0.027685215708423666 0.03515960798392949 0.019518771494893946 0.05374126768135615 0.023750266726562483 0.05809150335807523 0.015168091858162173 0.09560916987465001 0.0539931105625016 0.08301652028377532 0.06922966603006621 0.09708773954744342 0.05637609736954384 0.030634021327043997 0.0819213201336775 0.01695267020779417 0.03429862845807715 0.09489176192198097 0.04424330039445229
28 0.05211017924994184 0.025423566347047403 0.04884574021109753 0.095972458853548 0.09950269811595729 0.045090784455372075 0.07619888438631663 0.03737365943460493 0.0016383796438972525 0.08737151540181842 0.0890851699697528 0.03137323645323123 0.002138288876435474 0.030160972945406473 0.06447902077806314 0.061855666762662964 0.039854386848352234 0.04607790179784287 0.04725308348051387 0.018194405988137687
29 0.09654351864560895 0.07568591747738675 0.07304050772439491 0.08117759783509926 0.03367933243956363 0.09818719615601629 0.04330950523662564 0.08401226977960555 0.0658013284440422 0.013091449670560713 0.03126015617624178 0.012267557622938822 0.054786502836486305 0.07476839508903649 0.018185721816449514 0.01903620722004436 0.028861033713361954 0.0251676557991277 0.0077475371185726175 0.06339060919883666
30 0.10348443587691106 0.06753758926430914 0.04000439784157 0.023882019738728118 0.04161486484504403 0.010056127956559953 0.09349124264977897 0.0019341511285011772 0.02925232738404405 0.10644498237764732 0.016981967359650532 0.061084438864590945 0.05048212086059037 0.05325262671305597 0.06616269351692339 0.07972255981838422 0.01585977702900051 0.006662917760817658 0.06356064189556491 0.06852811711832757
31 0.06994369082615397 0.0832356435510209 0.06985907194076849 0.08635006851063917 0.037575965479666476 0.07355084683558057 0.0009651238517121426 0.02022195167594233 0.05873796081500116 0.05740824619039911 0.04847434049344963 0.04349987460696208 0.05228671774232855 0.024748201759085577 0.08651972084578179 0.06041834384869522 0.0075676281626062755 0.08471782812067245 0.0038682904227540665 0.030050484320780037
32 0.009488022873876475 0.034963022659361354 0.010254303554466425 0.07097769570745635 0.08091901341376961 0.04661935539267147 0.07905819986227267 0.03028537144948124 0.0984448048583575 0.009097777408577321 0.10276426659571813 0.01654874454498256 0.03406427630244249 0.062168805887283754 0.055169141203620965 0.07172472609792055 0.07247333926991076 0.0768742892798605 0.019899870393787225 0.018204973244182552
33 0.010916497126499464 0.042422184626222215 0.06916715930264365 0.007884085496477858 0.044717149920970686 0.04890641359236378 0.04648848602209638 0.08354272942899618 0.047900105885775056 0.07261876738751359 0.025754368903574194 0.04539729481027372 0.07747488115347397 0.05875174600447066 0.04811156328090876 0.011380398680807762 0.07314436748850817 0.05605356696181533 0.08655270873939094 0.04281552518721751
34 0.07286662912652303 0.030673070566858744 0.05589475669253187 0.04507956978152295 0.0031167081719664976 0.04250287181836075 0.09239069925063789 0.06434068756984587 0.004531615856560616 0.03305660391117701 0.0023296185431268086 0.03884996565673296 0.084517759946451 0.06357487176859258 0.022867911292608376 0.07267222146829326 0.06622111832782612 0.03445769927124292 0.08130837547359526 0.08874724550554579
35 0.050400215151677606 0.03525434940132823 0.10455323290438856 0.00572076866037553 0.01452173672500799 0.11048861321404253 0.0640280197575591 0.011354266322588303 0.06408850464274463 0.01999446440708591 0.05993651793452591 0.05365171228552303 0.04185300509298972 0.075619355872879 0.034779566067278306 0.06171444124173206 0.03896785450812522 0.06844856386863485 0.028742752192441882 0.05588205974907167
36 0.047415619609298 0.039002337539291235 0.04053994686497453 0.06858397324515805 0.06470707989799905 0.08744465634987436 0.04189543411089443 0.05270870691543724 0.06035103584092211 0.07105638576190848 0.024170313945540756 0.002292013931612684 0.06808819637601182 0.019251662608425372 0.07680379095247884 0.03368723836782104 0.03926605946860535 0.06880537260632132 0.039490016605773344 0.0544401590016519
37 0.09427819681907731 0.022682397122548825 0.06464435746980961 0.009621882011539615 0.0614631364723796 0.0939543045778753 0.022124108757265285 0.08619417039637349 0.003703265654326883 0.047807708364963244 0.050314430759887466 0.0024957680700002528 0.07994746693485716 0.08674933447655224 0.0016197932293827288 0.05614121756711728 0.0762267273384834 0.043858745331420805 0.020432939507543726 0.07574004913859575
38 0.028651387832439312 0.06321867282496352 0.02946221442150345 0.038289868064672467 0.018190084086473095 0.05251210107523649 0.004353928083135827 0.029092651646398415 0.06621609184215546 0.06936757790842991 0.09493927010839992 0.001559481466858398 0.030326984541801518 0.09542865004480214 0.053257457684258325 0.1063382112108924 0.025959403377614633 0.08753122523380388 0.03994997998628369 0.06535475855987714
39 0.03374483970877154 0.07304325517945269 0.0061335834152905725 0.05078715014093389 0.06087510342431034 0.023638009025742833 0.05838445935000985 0.08245010167805705 0.08508637365168065 0.04142822698287621 0.05561834281671927 0.03526834455107453 0.06786835438041373 0.03599275038204067 0.030202319479477248 0.04925892606901512 0.0010264414119953201 0.08577854304489627 0.03673654281340138 0.08667833249384052
40 0.08563137590407398 0.06039152064557711 0.038132704860317404 0.08957236780768954 0.08494283445597449 0.01703278915485201 0.019085380504606148 0.011302919285894561 0.04911963839535533 0.01631840888612111 0.02595666775241352 0.0512083625057706 0.0352159397046677 0.013942151408097708 0.06467394759410709 0.07292035903883824 0.052127449472009424 0.0940761044756199 0.03443700292311886 0.08391207522489533
41 0.026165987233068795 0.010868521389518628 0.07683793095244111 0.0804825839326537 0.022315163502913904 0.005590781618413783 0.022199714950411283 0.05614181099398943 0.017058973816002514 0.03231521451011384 0.02186503404079611 0.060896807460627415 0.09561195785668188 0.10473713168428668 0.09974124916113497 0.029476751743309267 0.054177443509619796 0.08741890117939129 0.0506592268333806 0.04543881363124518
42 0.06184048826712257 0.01775570293089419 0.01337382644450305 0.0041426860690767725 0.06630609222658942 0.06805248985731831 0.08392562544353499 0.0455694369192335 0.06940160962209341 0.045906687318867205 0.026673426720256858 0.09711877979690314 0.05174362609232115 0.07425784025340784 0.09274011457869132 0.0009450098036289257 0.07348154096059878 0.016613678729688507 0.04778615509458033 0.04236518287068982
43 0.02765722358009021 0.07648604028663959 0.07843781478526406 0.04897661552368407 0.05532530324454925 0.07694697707269045 0.03798342898426964 0.06392614554566475 0.04720293043762163 0.048595745287457255 0.03477850521043064 0.04175161381800407 0.031854802973304015 0.004362227641972724 0.06625493225677978 0.013190551480781888 0.04481322832062667 0.06633395638345126 0.07323820963638854 0.06188374753032943
44 0.0807371889780869 0.09092722004000534 0.05994467157964489 0.04977953027512208 0.06521156931262473 0.0006522532380195764 0.013291270784062064 0.04247388437557667 0.07713254853691838 0.05814856379559463 0.08739705981981026 0.02399659007775946 0.029636866646740055 0.08000526935713329 0.01728095063157231 0.08022832524788188 0.02158093358118778 0.05563090128257529 0.04422364416637674 0.02172075827330757
45 0.02335508507480503 0.06718296783387756 0.04567055803181598 0.07408044312281387 0.020016658110058438 0.07792762879807288 0.09004960807569819 0.07045288797841853 0.03467824753565895 0.035777760339631655 0.04950080142377283 0.04461113272974058 0.03852790349880622 0.04927790395999596 0.07915899505493791 0.017651590357629515 0.08892517714605636 0.0030464379038787942 0.06690655889492225 0.023201654129408552
46 0.031032049174506016 0.050218742703998585 0.07655335691549067 0.07592971970661413 0.0651159163634819 0.042657566769881985 0.014556867325780582 0.08238234888106684 0.015149495171056295 0.07459343987726794 0.050016183770846205 0.03616123657519505 0.0889245952091155 0.07816395890639138 0.04911484162996357 0.035525260672358644 0.05620833839923206 0.012092242394644863 0.03013302213800383 0.035470817415103974
47 0.08296505295424281 0.023920851520098277 0.06348392472698311 0.044392369038818394 0.03282381798998573 0.05226219719146942 0.0031656634694947478 0.03909130940403323 0.0366310243686906 0.003807023061860498 0.07058587206765707 0.0823077890035126 0.0668957069665788 0.0021895735817920535 0.07454529884821015 0.0796275293633451 0.050425019264670086 0.07654881777315824 0.04303019074828716 0.07130096865711179
48 0.03982527831888454 0.07250410370687216 0.05258169020922753 0.06277479197224643 0.042230904662748196 0.02321833948716414 0.05906734618287533 0.004579942513814107 0.07423313185869558 0.039006888349262074 0.04467921280637691 0.057933327972121765 0.0684020917155346 0.0011122661165224271 0.06953183567728216 0.057037061116587545 0.06912476942580018 0.04895946967287052 0.07660801249504572 0.036589535740068235
49 0.040902297955914026 0.10711553600104998 0.10420714062529991 0.03863490552346184 0.0316324132778881 0.03521868214143386 0.04820765258620168 0.024722911835626776 0.10453539858102417 0.041357822885649376 0.010111210923893684 0.004093088104982143 0.002920233554246765 0.013995858547885496 0.12178390128287359 0.04103966490380391 0.1092816915054337 0.0551889008481954 0.030980414595602367 0.034070274319533425
50 0.024571827954381904 0.09668618884581168 0.06340676086169282 0.02940333325380044 0.02345857864531181 0.0392160039572985 0.08791094305795243 0.02970282931505226 0.07927536422916967 0.006925567559946037 0.04236010491102634 0.056553662318492307 0.10615439968122853 0.053147047527565806 0.06147138795285606 0.0026557919921218896 0.08842752765702402 0.035055435822754985 0.002461141639373056 0.07115610281713965
51 0.004363081926959943 0.10488442761980966 0.10382923013190763 0.014265997166086187 0.016125899790689385 0.07374467640826253 0.0157578162516103 0.06057976358878697 0.01655635475316124 0.10192277059869334 0.10527185063423312 0.07113148734617124 0.10693516970729891 0.02099940892523769 0.07631561841311475 0.006713833082177704 0.02950497540994379 0.05603368640099332 0.007641982235876492 0.007421969608985545
52 0.020388325151596002 0.06625952803821006 0.035064696930965436 0.07663713370438474 0.07023225938728507 0.00885928684627319 0.08236357374308409 0.08718866090107978 0.06674389083744588 0.04068549619916058 0.043381478550949586 0.0947397813387267 0.03434319336218078 0.04246507282058947 0.0426008572556624 0.0015917076376931324 0.048933558352057795 0.052338223822036435 0.01445063808832037 0.07073263703229857
53 0.04240127974704111 0.07853048178404418 0.05234788134514437 0.04766870037833138 0.06062928155405327 0.03929849109497289 0.03197559387178918 0.06422732581919807 0.020450927668792137 0.07772380284256553 0.06266257959772706 0.06837774481984328 0.0388783135156647 0.08798623822988727 0.01739113748381195 0.02631043152459225 0.02437687396302782 0.08174729558328177 0.053533625101015114 0.023481994075216756
54 0.03354074371133352 0.06342081525227489 0.010946356205349167 0.0347238691794174 0.006782479676937729 0.07563759669191115 0.04160238702216717 0.07766466686774386 0.008018323489142611 0.02662006132743086 0.05830987212959464 0.02166100313645239 0.08263683896757308 0.08193425114046764 0.07468585874277998 0.05829427448189168 0.08981616845923097 0.046996534916479 0.09372473678175253 0.012983161820069547
55 0.013503170307521494 0.0772443671926374 0.09690721920727752 0.05950913883079873 0.03252087097610168 0.09662937928511767 0.08871942441534077 0.052215665501142615 0.035280690210331034 0.03487833915369729 0.006588802394000069 0.0707222802229289 0.01182032144739938 0.07107630759818935 0.07301709819254029 0.04370383580564091 0.006250385001040793 0.004115426307714997 0.07841372390038792 0.046883554050191005
56 0.03518423479857283 0.010946388447487403 0.06583486076274697 0.024925858379070923 0.0037850628070377687 0.048495427275619465 0.10970477447475475 0.10029293650821255 0.04334244243188793 0.07309818916020178 0.03331079019785449 0.052009895957935884 0.04859611808428649 0.005871643233479694 0.03789589252482166 0.10881096306458568 0.06788983724884605 0.06370603263986714 0.029579479131918815 0.03671917287081167
57 0.05684419923120831 0.029079245280238013 0.011649925826790827 0.010642240279336931 0.024971119146838867 0.06470056533078243 0.07477994298874426 0.053056380149754494 0.002894425260957699 0.051845771102665195 0.02810290649671162 0.057477661090694486 0.06748767760008079 0.06696007130421794 0.07620154213023603 0.06881198575102869 0.06798909282232632 0.054213496250013496 0.07956080995491953 0.05273094200245394
58 0.045270000626379585 0.045720425350384106 0.0003356549816789883 0.07324949036723905 0.09075120203108009 0.06695803735843438 0.0705662455485245 0.08057095445716753 0.04118047481987131 0.04215663143142788 0.06625753095232327 0.007921100566927323 0.0916070406390403 0.031245112181974403 0.021681621296208414 0.04901488177225737 0.06787081537994402 0.039298317683468656 0.046129362018620786 0.022215100537048182
59 0.058072091761331664 0.06856772959204006 0.06168820540212466 0.06664005463394616 0.061537030413286106 0.012657655175447972 0.03083416471095272 0.05619702910012346 0.06531045765891905 0.07607992849687682 0.03703199233035213 0.042887155900195824 0.0728753933902433 0.024737432245941746 0.07206582028971335 0.03549481670380908 0.05424509906902583 0.031159696555541606 0.03460157028560067 0.03731667628452785
60 0.025349073038268957 0.03008040688917086 0.036012874788088824 0.07580997642073717 0.007955624385002073 0.04627622305728418 0.10119347081795335 0.027503128360421344 0.10294985463852978 0.07984339800390557 0.04901095868508049 0.06438583619832006 0.07043635717756265 0.06777117878586458 0.0794668608028641 0.021632530827890427 0.006905032305611881 0.008786274683550104 0.05415873072072862 0.044472209413165036
61 0.05176357634134716 0.05791037271992105 0.020156845762561403 0.0697832184133752 0.07115374120719695 0.060900529370758204 0.02610823088778326 0.0326766161386688 0.08624554999675922 0.0907734100918982 0.0007408743103291534 0.006164176745520322 0.006605298662389338 0.11319556579188256 0.04832018375018364 0.005006163118068832 0.05236088306230317 0.08192023489526237 0.0028652777059236588 0.11534925102786753
62 0.015520444184062513 0.03493529629942887 0.07497555666346493 0.06523272048434217 0.09362309812995254 0.044023860918964444 0.02174942975438421 0.021046510318367243 0.061278896899780166 0.0014380380280980386 0.10157814765922467 0.02688364811329082 0.045999684570292076 0.020479607290764576 0.03546929530951527 0.07911228777857406 0.09630975067318921 0.04222888893761361 0.07358740366038169 0.04452743432630873
63 0.08676376670587771 0.03087900465835412 0.04758239977763451 0.08063924168540997 0.06884164410943219 0.0053159134615090205 0.07467389875261791 0.037097550284616705 0.08211534380730304 0.0477713510925413 0.008055241858166839 0.03986102443822118 0.06027185774392695 0.02419642399666381 0.09169507344826375 0.0007207602167353069 0.07491094184839964 0.0589844729436887 0.03459336938301789 0.045030719787619654
64 0.004460565301952135 0.07529047153462697 0.06394347174507403 0.07764902718940793 0.06820955575910458 0.00686620668453982 0.056132833410498 0.06601692370055605 0.03016526720042184 0.046541597242388155 0.05763809200832859 0.07591355587541251 0.0647432602122881 0.014795852525207346 0.048415224487405914 0.03835176895880218 0.04665478123803294 0.060990533693683596 0.07717646893648428 0.020044542295784763
65 0.029194463601712125 0.04635049984039814 0.04207510376206375 0.057932616016471414 0.06419873730232553 0.04154253706860884 0.024109662802259058 0.049394506962581734 0.06357400856460955 0.04948040654361594 0.04668313053680537 0.06455392607588295 0.03671462549683035 0.0573646260325135 0.07117700669733304 0.043864359446786884 0.0797062303808829 0.05159846607085865 0.007545294634997417 0.07293979216246282
66 0.026865728980053762 0.0599633489926887 0.002990419545000391 0.07648408039651912 0.03750265184681364 0.06648074388589074 0.023824174334770885 0.07752369107444042 0.06908678215896444 0.04237931973903309 0.05427960283828955 0.02383837924465927 0.03935233652525923 0.030384863476513983 0.07417678810624166 0.06073682544474939 0.006532288994143816 0.08252297205575897 0.0809486025874017 0.06412639977280722
67 0.09395004600628719 0.11245709324022124 0.07785070945215523 0.028977989580809625 0.030943751884881 0.024493176232507335 0.010451461609584996 0.07213412893516519 0.03561265892799753 0.06782240583869074 0.004628872456393107 0.04441263259769976 0.0368437811106151 0.10773456491980872 0.014363559517717044 0.06684133530937941 0.037156403005063614 0.07256413114364885 0.05466473526980812 0.006096562961566587
68 0.031519228948008605 0.03461740090516184 0.0636958533129258 0.06267908657426842 0.05552347911016482 0.01621441928086165 0.01803659107241115 0.029627432736084213 0.10035824437467178 0.018168320424140946 0.08629683876852463 0.014239979791641811 0.004318414056476301 0.006324023677230483 0.07501823683049477 0.10949584086376393 0.07417641280286234 0.07886410192091609 0.03178816208410435 0.08903793246528612
69 0.07864523916306748 0.09640759822563738 0.0191402435126457 0.011965559302869718 0.04720576665723499 0.06175404355780873 0.0273441535524936 0.029770392960231595 0.09414007912631638 0.025421033671133002 0.0006993610861429887 0.10053363992717909 0.021252171880532748 0.06556805151619197 0.029020380828127745 0.04473849287789937 0.08343074187755563 0.011564734771945933 0.09984911254966752 0.051549202955318306
70 0.03667225154381385 0.028036028385804396 0.042452296624864785 0.04902188656126527 0.0617266969268012 0.07980416479030907 0.034866672803338494 0.03717013344294941 0.05730277841621183 0.07987737207240594 0.04364441747319281 0.034070098418882984 0.05263885289704834 0.034060125814502296 0.08766857711751813 0.08640605028006634 0.07006550511918706 0.03436343666978719 0.01309229236954676 0.03706036227250373
71 0.09106266590937535 0.08843648462116267 0.056766421956992184 0.022273372575581776 0.09267531794134008 0.019871223509963568 0.0009350736567546035 0.013648997992604007 0.053712195731455706 0.08130193444863092 0.0028351592295867848 0.08665465658097864 0.0989343005432283 0.030821706967156425 0.08069280773380254 0.04921201991435733 0.0995830787202068 0.0067311725764619195 0.007364358357240473 0.01648705103311982
72 0.04346181404467877 0.07573798880093913 0.04664292148129295 0.024475288790474795 0.03634356242377929 0.053222691587774276 0.08695489862485031 0.03324529027374188 0.0582218908295359 0.027073226996506577 0.0026203004734971125 0.08455173419046663 0.0818054808729968 0.04850945105114591 0.08684509408316825 0.05656312089575031 0.03566921526110901 0.03597093073340977 0.034024566821658025 0.04806053176322423
73 0.053217492066776555 0.03507208377921833 0.0732242577494528 0.028725068967079482 0.053051087949304 0.046880885702571096 0.06261240699384053 0.05300241270513075 0.0735893406083656 0.006495313960828041 0.07846268316965521 0.06837694336439082 0.08466148014491172 0.06326774377175863 0.07497821669311731 0.06110492486814438 0.051888787902292004 0.009739052000937849 0.011610302734127336 0.010039514868097624
74 0.030556361586228323 0.049106425683685895 0.06848024170120127 0.04157099441175653 0.04960672592073822 0.03138999285303358 0.0539180139697281 0.07713008945727991 0.021445830744739713 0.02645117304361849 0.05115538251651296 0.0707389059263144 0.07599332450493156 0.01923165867980782 0.043218962274038826 0.0016117831081489615 0.07289920845856977 0.07895151218656538 0.07875317069960257 0.05779024227349761
75 0.03555117199183384 0.04221530658037641 0.02921394865281058 0.0494334141944095 0.08893033951477215 0.04318111032797818 0.025648647582040347 0.06432903171105406 0.10824545388970147 0.05308810348586268 0.10375382683941876 0.03670128544815014 0.09413055443733964 9.871137685729874e-05 0.10606849205214314 0.04181323393373399 0.04354383036718478 0.007278750161165106 0.015348251478434218 0.011426535974733604
76 0.062567458105794 0.048711277662527766 0.040195793535359146 0.023552178510127253 0.06558148962546227 0.07788251803884821 0.0662775556492391 0.04907699144011833 0.09913741112151307 0.047133881075131646 0.007934465940241943 0.01841565527995116 0.03754521425341227 0.035384066764617084 0.04816842474398378 0.03720164995482911 0.0402311210875977 0.09491213521084921 0.08050079618807587 0.01958991581232083
77 0.05607865183102143 0.0822252741937379 0.0651143253981095 0.10851781005561548 0.09948037070685248 0.04168700718126043 0.0016698089207451425 0.04269348551180305 0.005263269244587944 0.10789023125988102 0.0903519389047634 0.02115752885836054 0.06937957144931349 0.031097886562059408 0.013125349296860581 0.001053884965011927 0.0027009675977200556 0.07613868537674016 0.053076962079568614 0.03129699060598721
78 0.029659965545278125 0.09600629075994947 0.0695968875327619 0.034297289025484165 0.0028833114918378378 0.08978439093985273 0.09948137965073608 0.09734307604496001 0.039441341938772315 0.06545211271083586 0.03025093591737495 0.06932482166340172 0.029683394811559783 0.04043955278907194 0.02076132617724527 0.03768815436593136 0.048555933631490064 0.017363329881671177 0.05414952335548347 0.027836981766301932
79 0.09495709505578778 0.06838582620696924 0.040682704559499606 0.04910153915860445 0.027627088086477517 0.04701881256632583 0.01836507278925079 0.10358065934458208 0.023722585293547014 0.0773549555612773 0.06050280789644864 0.0931570655347071 0.030593202905807814 0.007334709532103744 0.05298682414375266 0.01916905080810086 0.05900022838120578 0.009613293561947662 0.05227788959940458 0.06456858901419966
80 0.07361529215844126 0.07138741449129048 0.06332975917366757 0.06132524556800153 0.00368798040802691 0.012041593527254889 0.07595483504419205 0.03994067401022623 0.03678480776135907 0.022516772049605234 0.054361793217054685 0.051845508189727316 0.04810845615482528 0.07634511237126267 0.061100412079247816 0.02529927167795211 0.06736205421702844 0.034538303690487535 0.06726235720362994 0.053192357006719024
81 0.08299943783556749 0.05638761202066648 0.06771422875253118 0.004248131614866049 0.039417904776846986 0.0055328636862698915 0.059460928971796105 0.020405750323687966 0.05796247829445228 0.08422600924372163 0.0831661332674483 0.058367575666884185 0.05972251760657355 0.03543743035289755 0.0529915001839095 0.024895512970191762 0.028255241315286464 0.07679443616740243 0.0866504623224712 0.015363844626529018
82 0.06832992375481914 0.08093570675179702 0.057427378275626176 0.007544210532850571 0.003936160111064518 0.012924376307900097 0.022167971001011002 0.0016885462360288566 0.03844973889072937 0.031774040935159016 0.03341978627682815 0.059776180471302814 0.09042878807131852 0.09797346072939536 0.09178332180908656 0.01699927496051297 0.05766809154990744 0.03350198482459347 0.0925363184225153 0.1007347400875536
83 0.021818632986232312 0.0864263784527831 0.09015943564222612 0.04086977289341324 0.06557784320566976 0.04815791137020165 0.08510935589381848 0.05411480049384567 0.0007574291564055635 0.06396730736742658 0.05396551081933911 0.05649425082854699 0.03881203274956878 0.062111872945731526 0.0018063854972068462 0.07684023564701051 0.013151013869820188 0.06371302726775434 0.005181439238175145 0.07096536367482424
84 0.01785635754444726 0.09891470995438678 0.005710808415853197 0.03361562865272251 0.07523272123574368 0.03152712777959529 0.011400049703572543 0.040011600466683596 0.046659694325823765 0.023043726266166416 0.02245924356465593 0.09442605538163305 0.0019651265806915666 0.07906410623471816 0.0012052276403716376 0.06958206657426082 0.09637918421422748 0.09737493446517789 0.046918049875766345 0.10665358112350194
85 0.0032041579531264094 0.0499780013936046 0.04459334152337467 0.07425963239666257 0.04334948056109695 0.0823455851663241 0.06412765334252417 0.0819951110939439 0.08471826085218041 0.018733643740560246 0.07444435815775509 0.054886552666170166 0.015917278210628615 0.05696295429267056 0.029376990657141597 0.004629640926916372 0.05685822014820866 0.06830808467918956 0.06975651877889273 0.021554533459028555
86 0.051994304550141014 0.039622646128896696 0.020655104890359037 0.006055218389513776 0.05303247665274159 0.020864563103362033 0.05321256081519127 0.010643498140065216 0.07270790399942889 0.09575892376699838 0.09372333103717088 0.10259390952301613 0.08944026065180051 0.032251480730837376 0.039340089002870386 0.07788503868337093 0.027658457768531444 0.09148086322249359 0.006776880102973089 0.014302488840237743
87 0.05664818721981127 0.06672682444461185 0.09534241796525271 0.08172827343969301 0.0011530669393162276 0.045497269517332614 0.03258156656210115 0.05216895878581088 0.07127754409873642 0.03214767886312515 0.06864154453265053 0.051865243397962155 0.011689855301306354 0.06495486353327502 0.06778405271706536 0.07315942738748717 0.04754070601081052 0.023291283767248698 0.05055181202511108 0.005249423491291891
88 0.05847352907043135 0.012828347253688636 0.0037148600925733955 0.008506657683879806 0.008599285370989198 0.09191151274959597 0.07307331032853642 0.06055029082730839 0.07380262007260871 0.03758061435812175 0.06192345079777452 0.03401940821630388 0.02074531380943609 0.06043490470478308 0.03907750816924496 0.04241082487933438 0.061883725935422976 0.07499445658883079 0.07733967193840219 0.0981297071527335
89 0.08023524528044229 0.005185128829228781 0.05368106487852256 0.021486089982152432 0.012842191885660988 0.01836329804924675 0.0529856489032431 0.0689889347073165 0.032076533173712965 0.04455065010693003 0.07737213926041096 0.06833619050071128 0.0678108664896382 0.051761169598949705 0.06553080187233717 0.0838203531461337 0.0653026716007594 0.07288564733350641 0.04149242657774645 0.015292947823350203
90 0.06699217440808909 0.009774617700799036 0.06753299617487053 0.019095343493783487 0.06434770628878538 0.005358006319558275 0.07959014622963173 0.009091118040363668 0.03352084001802611 0.0063519173130520325 0.05778243121387449 0.04285399114669186 0.03921400102313609 0.088564623491333 0.07677114117268158 0.07378940166248925 0.057667243700234634 0.057371078243518094 0.06839848355812775 0.075932738800954
91 0.02076662036286113 0.056559584091099166 0.08384763868341216 0.053506591258682415 0.05782614732651341 0.0363440440105044 0.07620434003513064 0.05882817801263216 0.08599358418471915 0.022119213506806772 0.00492049224808494 0.08154516167326101 0.05524046850127595 0.0784445688593379 0.015158990641715206 0.061560858167320716 0.02606761585912518 0.05768722487339015 0.0627946611354189 0.004584016568708786
92 0.04802276252053916 0.003815042093437819 0.04755941802998143 0.028686489008006896 0.017081991177453373 0.02264204984153888 0.030400628696284498 0.04018935609216945 0.036578503141932145 0.02615395558897729 0.029387038428097707 0.09304573017070486 0.0820787690308 0.06777903562169887 0.06637937665261906 0.07620234416469744 0.02757068205883402 0.07421058231057032 0.08686086430007765 0.09535538107157901
93 0.044869247500350005 0.06718235692040912 0.009812223668044835 0.05425321638322291 0.060940926068164564 0.06562327831288861 0.05333261598386596 0.07289423879776954 0.05413720077953388 0.02077932356860203 0.06041739949685408 0.06618827381258115 0.01958580980646332 0.07925120444282582 0.06073557325636064 0.0920160820188738 0.020534492279687015 0.06033695060569092 0.012198685649373337 0.024910900648438542
94 0.09618738531050547 0.07199421071199835 0.08619102572313789 0.06433539225897975 0.06427203077102706 0.020949572777202437 0.04025522806196388 0.05148287779230671 0.08282482633700028 0.031864275549973294 0.051263990065839975 0.06130391328593894 0.05489478704626416 0.029389800919090152 0.023347458328067127 0.0025644000451109624 0.04797648418713631 0.05212509847900279 0.05872697039422642 0.008050271955228257
95 0.02711506261706663 0.028401529210712567 0.027362490210043312 0.08819284018125965 0.07204600012791912 0.09877094964538183 0.08363190587240196 0.011240838505675909 0.050220227839068245 0.05835537889407221 0.014761695372362351 0.05129715487186412 0.0653594664707735 0.09239665005387311 0.07611328810764627 0.015546880551797985 0.04768222719292482 0.008652333576810453 0.062339345176908215 0.020513735521437537
96 0.06389984214511917 0.014599938130170529 0.0443500099295451 0.08234599485263397 0.011922791215655364 0.061741175940104275 0.024024589017783177 0.07595830584954476 0.09064621102810311 0.0592168767680659 0.0683765656521318 0.049784660730451895 0.007191003127073024 0.07713393088728727 0.055250494548520566 0.04953432499469092 0.04389868188364785 0.04601392524534238 0.018394343552315295 0.055716334501813757
