0 0.09573469427270327 0.0185628434909472 0.0536907905539868 0.04184932594169269 0.07715552092121783 0.007774537397413774 0.08626669361337434 0.09201534477755412 0.0492067114075415 0.009223087849439473 0.04366191343072543 0.028310200358450097 0.09746325214836032 0.024823539104548487 0.07819492186927572 0.02995643557493434 0.0502930103772401 0.014038206518789972 0.02682304933634775 0.07495592105545656
1 0.06256567989766028 0.05869826698165289 0.08711739585359746 0.04587372848761963 0.03312458612294712 0.06896256908029232 0.014154088034152959 0.05842359402614783 0.08102723837606347 0.08044115722303083 0.032540077540319394 0.020984521303168167 0.029435863285139523 0.043259601160026376 0.022737610635502014 0.08909214508038422 0.026768793773264146 0.0491430732456955 0.07108709734856644 0.024562912544769354
2 0.04434543958130133 0.07447395715073157 0.08296944487933021 0.028960280083643746 0.07127236829109503 0.00746401846800129 0.05038739762582332 0.004057756054504087 0.011951240012697765 0.026595426332499374 0.05380727366551282 0.061029279289541105 0.06561902455474594 0.03526721935191454 0.009795281978281169 0.0683921979257589 0.07528188816605554 0.08768984827700542 0.06487354263682589 0.07576711567473106
3 0.018640242082401597 0.08074217872652086 0.07224939278141378 0.06747987791787842 0.00033884267414660817 0.006518787616564475 0.06707625424633167 0.06997336067630279 0.0423189293590595 0.06763469357380653 0.04288714760319701 0.05442877623723166 0.06728395551236482 0.0367358272641995 0.0500847210806737 0.04866155540688881 0.07178991708489281 0.043736215818737226 0.05728267193869581 0.03413665239869237
4 0.06514186767332407 0.054677390373255065 0.09005853197186149 0.07905678715078054 0.026078630195877285 0.022661579981193215 0.05271119038431704 0.007459340583126051 0.08440591686093857 0.04001890322431819 0.019992301601882107 0.07062830318777244 0.07461003674236003 0.05984962922525533 0.07481049077634144 0.05121536530133937 0.021742175804581577 0.026883625296112754 0.0343450752728917 0.04365285839247179
5 0.08623784838516499 0.036565919358472185 0.015870979900555613 0.05687945708359612 0.06260236477466594 0.006805654850938693 0.08093829157558201 0.040734244023957866 0.07366245038923436 0.08141290285933196 0.0672392464647072 0.00016385146951809822 0.011962726716335166 0.06487927827353639 0.016686776808929254 0.06040252392499099 0.08653085118308054 0.04554286637071742 0.06955094794896775 0.03533081763771759
6 0.0709999160136481 0.004760562854326191 0.0005130483050020267 0.0731702427325837 0.061699200674275034 0.0410654232190043 0.03255478478572329 0.06960142666388339 0.049856737372803446 0.057229681319981365 0.07235030394678642 0.004925011534832147 0.07161971893943529 0.06530896632538372 0.07865623286210847 0.08100014323596032 0.04040676339841941 0.07396826342509746 0.04669835490909232 0.0036152174816534775
7 0.005386267327440615 0.03368236328957839 0.06958274954494215 0.018301766580655077 0.004680883982601931 0.06382458054116279 0.05807067515534748 0.002113926930511355 0.08564033845461524 0.05476463698243178 0.02255731385567105 0.041282343062020915 0.0716878463021744 0.06595611693926698 0.016680727379844867 0.06194195013183273 0.06391426948053468 0.06914491792502632 0.10290915996147994 0.08787716617286138
8 0.08886783270964026 0.0939992219126058 0.06727337709112367 0.06057004847424389 0.03412086906376563 0.005068644252608801 0.0852180126448297 0.0029750514543868986 0.03602242511630329 0.07025426110119176 0.06793266635178927 0.07557474025382845 0.03006101456155245 0.014010045212517565 0.03499069324693233 0.016172616307211837 0.08441894523832785 0.03187791819960908 0.04592285282503652 0.05466876398249488
9 0.021662931360456942 0.08439734268670772 0.06269681349997135 0.05177419538423349 0.04973199977209338 0.07151412970652776 0.07082576786944593 0.01765495515170282 0.012347796163487053 0.06321721756461485 0.05315699093732004 0.029922376778875145 0.08575477690015264 0.03471798162118489 0.012475830982394805 0.06926365071417089 0.07824655426146658 0.053454759551565624 0.060047621032730356 0.01713630806089789
10 0.011816593764914955 0.06948863571381071 0.05135026565715931 0.07706681156191514 0.033035209252995086 0.06784006922431617 0.06058221867330638 0.02721360186227789 0.042317915374037146 0.09209025822780552 0.007724946160083492 0.08223796343830611 0.043841785723491435 0.046456509522756276 0.029248037878661377 0.049579737543261254 0.027485847110500148 0.08943977502283809 0.077789561392757 0.013394256894806306
11 0.09877185471618222 0.002032081934225553 0.05060917306381588 0.006852920781755364 0.036776163857481406 0.08806290682069522 0.003885987653642738 0.07884414305033734 0.009788324767013327 0.06131348127453378 0.0838792413600004 0.11151955716470681 0.0869501319203628 0.10027857583613495 0.049358469306952535 0.00020465928555476117 0.05306181180415367 0.007497214740183128 0.023841094121107673 0.04647220654116034
12 0.03965525732775292 0.06498746298596245 0.024089111085271963 0.0035606921411717677 0.014565711116156987 0.06163449323210569 0.01904981630387924 0.013322614037171212 0.026777058605757482 0.008448775910971923 0.061121409560979036 0.0825766485171824 0.06678087211058356 0.02858207994783983 0.07889820407008599 0.10084131154474787 0.07192624342835957 0.07764048567502153 0.07625491254442442 0.07928683985457428
13 0.04211773066351487 0.024623402843426845 0.05271787760918177 0.030945365492937325 0.02570797126292846 0.01132931212970723 0.13178209406911937 0.04298728683175301 0.0015911128106533491 0.007504876870962356 0.015858680734661276 0.1185715915328569 0.01387334643092987 0.12574247861716484 0.09324251751660145 0.0470874896473653 0.10866093667237692 0.003484189771393493 0.014515402865850667 0.08765633562661465
14 0.0938314615183896 0.09579510325394675 0.08449073706758199 0.07186312255476653 0.04473344136762636 0.022167087667531914 0.039714007319302594 0.0042556292505227244 0.08066480515660245 0.03973066246179899 0.07739263108152625 0.06547296386432244 0.048593231693891736 0.013896337355345435 0.019489182146453125 0.05720201704561065 0.03363660324729563 0.01432140034480553 0.09075112600093946 0.0019984496017396987
15 0.0493704150777784 0.07381714086734835 0.09846565813104925 0.054496713754828244 0.05402075439420098 0.026376653409794993 0.042809754170399505 0.057586428475572 0.03773675420754083 0.10601208643216896 0.06265058876383352 0.03624398657239251 0.007813395849881544 0.004903327602376179 0.09839283456371918 0.020962895182517777 0.046902658088755676 0.001563652418247147 0.08873110711942638 0.031143194918168613
16 0.08885785515116441 0.02409397807662178 0.041392513720533826 0.07520523978615855 0.029375153163020796 0.07751040196569497 0.018949993430781895 0.08628847064311647 0.07183640816365292 0.03714250576760575 0.012690717778196069 0.03512156540617911 0.0425288946843802 0.06959615663427114 0.03685602232571163 0.02103624579076542 0.060174756944490725 0.0578459760096056 0.04375620448971367 0.06974094006833498
17 0.012062950134624098 0.03335728464840876 0.013292787767627877 0.06498500705722819 0.09081963334288992 0.013825179977179653 0.092320841599273 0.07732615604268858 0.003136342785474021 0.0899942792383618 0.04619210583390981 0.055373510658086655 0.08972368904515239 0.043646606381935536 0.04726299376429959 0.08484195663116484 0.02347147693104157 0.07802715716054341 0.02295623343569316 0.017383807564417163
18 0.032613547338129496 0.05968666694037191 0.1333226555568023 0.11773959218270964 0.01145638132266608 0.002255802747659406 0.07565354824125646 0.014597174726227966 0.1069653614843514 0.09146125297297149 0.04110532039534142 0.05643024406041867 0.005464514467887053 0.08110159685777904 0.0017464313073626116 0.025125256880451422 0.03160865735766404 0.03429924683751973 0.06821015298359577 0.009156595338833989
19 0.061812224733497984 0.07803599144656866 0.03172201879554415 0.033226577536740666 0.041858942424418684 0.04981483444682237 0.04074293092735001 0.044568812675583276 0.037275290611166384 0.03575850262707379 0.06373074923652776 0.06522570092044444 0.06803203356641711 0.034397865876859494 0.0724215339050367 0.07629722097868549 0.024951132016756254 0.04333722179835977 0.03700545475541349 0.05978496072073361
20 0.04175408895218658 0.09048446710938163 0.01710317169153067 0.010426250669522973 0.06973293481429482 0.06562681352224957 0.0733655701281352 0.04614223232435031 0.06299857892123815 0.07178069898077619 0.07462142534247966 0.05759324923246735 0.08093330715381596 0.02193964252801599 0.020294579316018677 0.08727730394659136 0.008998136670279502 0.06818066742842657 0.0071268723915278625 0.023620008876710945
21 0.001973514759471638 0.029477318683181406 0.062097830310165865 0.036261512902779104 0.07781006874661021 0.06725266479609364 0.04373855965142308 0.06203928184808265 0.049865180678962215 0.04067704907324098 0.06605076373540442 0.07952039872090157 0.027926875532939634 0.07701078814402856 0.05285721733327781 0.030027237865189748 0.07958738294222704 0.060419444084799996 0.025448065320645828 0.029958844870574527
22 0.05737918164461799 0.09322345145909669 0.05540486229214188 0.04185355148147981 0.018666005100300573 0.03574354144050574 0.023221900006009797 0.023917249819911005 0.0073367988516243685 0.05996255809650772 0.0869036190948731 0.00782880050690002 0.013001630150461905 0.054441676481610884 0.06396496591315837 0.05979762078484449 0.06214606823197251 0.05192901395337652 0.08240717782119478 0.10087032686941164
23 0.06151777697466722 0.07567849892161915 0.02008402980969809 0.07326327884895463 0.04039021500817178 0.08645850649186045 0.004519864596961997 0.018403695945459014 0.04007625519151601 0.06770856353362065 0.04878031971029095 0.07078075324308243 0.08593465020095281 0.08148729892538252 0.05339188058430504 0.0073124511369085324 0.0512442605744063 0.018018419075753044 0.010248972524172586 0.0847003087022169
24 0.044809564543917726 0.08517103519564359 0.0771428124615735 0.0572374738796642 0.06628735732704488 0.09470643338479204 0.019448694081372328 0.004102105883966948 0.04431350733251487 0.002910565380954186 0.10248740575506128 0.04381191179011953 0.06762452022548851 0.014512219614300449 0.019588280631796906 0.058586193278026305 0.08809950621038255 0.005852906343471148 0.029657936948828355 0.07364956973108078
25 0.09468938814210898 0.023112530876401114 0.05384624396316513 0.05130964146597758 0.021058452927429087 0.11360232299976179 0.03151557680787485 0.11491774359804349 0.012188146631772635 0.0557881446480663 0.07811719579658502 0.06549482439224892 0.05196231241950819 0.053763885558514586 0.048982322647967945 0.030451623860364017 0.018822506994154758 0.008298045899844588 0.054617659176518146 0.017461431193692735
26 0.0008727568148303678 0.07348517082835694 0.01854231753264721 0.05663486455258868 0.016388493418034483 0.10395725494894832 0.047940922467808525 0.057260831814246745 0.05163644745037814 0.02522240018365079 0.02892220225019139 0.10069066043291774 0.024919601303874394 0.10333098181757222 0.05259747416480616 0.01212702090935802 0.03526670367181484 0.043560504972969656 0.04176539981442744 0.10487799065057793
27 0.06656335639157598 0.05056680517935984 0.03482871760829695 0.04271073636311293 0.018868396307245003 0.0077712621697567635 0.05993235232583859 0.09109838161311694 0.11241155614243319 0.0666547418362594 0.01723313196162256 0.019840317956280055 0.10711176369208612 0.01558425933235849 0.055645716762993506 0.08427818779131811 0.04579559227176129 0.04341581427615544 0.004659035777750263 0.055029874240678386
28 0.09418678544537695 0.04428229994293495 0.05235985238911944 0.022119407873552523 0.03991145729878286 0.06119010728780385 0.09885903960998764 0.10822885323679021 0.008544203272180471 0.022732675919749947 0.0001280590867022838 0.10659538918294771 0.02488394876995972 0.04974643755253539 0.004229485402319877 0.042457430481512695 0.05040233140050889 0.014807731143260902 0.056867335718773525 0.09746716898520029
29 0.03761856641871305 0.011504604597021888 0.055681894529181805 0.05336827428093626 0.007317476286838685 0.08855444820535119 0.09363450635687227 0.07176900881586094 0.0013160508693982784 0.0440813066408582 0.0982568160377082 0.010469750590022503 0.08479207471817207 0.059760462021093017 0.004372608445588783 0.010473233702492412 0.09366934947977008 0.021248884464578916 0.06822427611009774 0.08388640742944359
30 0.07743184959598841 0.05568873105505546 0.0926874635670811 0.005851754324775508 0.07858837688379501 0.02209453482896233 0.09117190116476202 0.009521081215598188 0.09192775833296783 0.03130918533638763 0.09555372965482051 0.016884903015479045 0.07112483329870949 0.03910308365560127 0.030720274541868795 0.061798067519059335 0.024438635527901428 0.061229655248275 0.018993556253903948 0.023880624979007573
31 0.0007901522188669584 0.10019510327429934 0.0066318696736690705 0.059981228684632404 0.02935785232402198 0.03998030305832644 0.08477251518472045 0.07770080106309053 0.08296565977321095 0.05373982091335273 0.09922837397500464 0.04077302948250376 0.055244599583415994 0.06560321065151851 0.00033557182697425736 0.08607878640925672 0.007198605230087755 0.021216150295025576 0.006135555888034954 0.08207081048998678
32 0.05758237342284184 0.005856440505033439 0.07254016444145937 0.01958869710732609 0.057559379738641364 0.06415196852072477 0.0015803542667380123 0.04798491455719774 0.07021182411181612 0.07196088672577121 0.04045950758010895 0.06556838556979233 0.027013880110092117 0.04630450056123385 0.07463177168996982 0.04818892417629662 0.03518300131626365 0.0735085226140618 0.07246136454434887 0.047663138440281916
33 0.0002458279947553296 0.06702651979395355 0.015208826939901398 0.021761912329660085 0.03308511340252082 0.09224817743185322 0.03080141690574209 0.02055777931473617 0.08336848161045578 0.09751866148873264 0.09982354812728306 0.01944379277477918 0.024774123624340318 0.028474892239226345 0.09298604264875399 0.08218236541583329 0.04195141698407812 0.03971370781657784 0.09457901451486743 0.014248378641949506
34 0.021496821675319133 0.10127225636102793 0.01015020841761984 0.08583189363030806 0.06841884379091276 0.09315431328574482 0.008375134297681204 0.016024023879255323 0.06439772393099052 0.01244538421589721 0.05363688226367697 0.04532391082586796 0.0790598564768253 0.09968888938319881 0.004094884433880362 0.07812049844541351 0.07423535284033157 0.00276894942426524 0.06652382773564594 0.014980344686137577
35 0.01581769013789927 0.05681987975613491 0.0180583594169516 0.040750052514540384 0.08444602505675322 0.090949146062512 0.01532424207331093 0.052132055890028305 0.05281695998628639 0.06516190656810855 0.039930381958304006 0.03215640776137581 0.05809708395935304 0.057771099856794295 0.08923631625536411 0.049614229031380776 0.07959713060026209 0.010952545665692818 0.05044069494386312 0.0399277925050844
36 0.07350595259957292 0.055041159960092206 0.045634659849451836 0.0824574618797927 0.04646697913595798 0.00860404458147655 0.0296206989235533 0.03698235940551073 0.05699325391277877 0.05261917584928855 0.045795870377444266 0.04350003111704375 0.0826496331270294 0.061996560876737994 0.05054514860526369 0.007183153610229045 0.05871200872075427 0.0611498028474264 0.026778201640729023 0.07376384297986661
37 0.07042490230572777 0.003554542210312515 0.025211388627072666 0.060125360605212314 0.056448202588756095 0.04737365661218915 0.011873810409217759 0.08743509394240298 0.08224684048488454 0.08921738083213401 0.0538053950809566 0.06931889991328052 0.03961903515902432 0.045396734445538454 0.06988517191643799 0.05070167644904831 0.03618037707905568 0.031927869025876715 0.040995108018367844 0.028258554294503854
38 0.042653407455470145 0.09449437333845671 0.029840710637641626 0.03529127533147279 0.04490041867260257 0.06848249076989682 0.029170213993898825 0.07093254327542924 0.10092240851663696 0.07955444288649564 0.02675665668255707 0.050239496141125314 0.0014763173019444412 0.0694132138973379 0.0869250306732754 0.029983177711128167 0.0274558349620223 0.03273342849681718 0.044710176070618744 0.03406438318517217
39 0.0014275248650997532 0.0680440120597711 0.011986843915392146 0.07666164410242184 0.03378038061993441 0.025967557473890884 0.07747212409863649 0.09364625119574588 0.06219781839356774 0.011905833736924292 0.10563390258932828 0.012202307552932628 0.04755956643330733 0.10996797176601457 0.028839120411626996 0.10718983434537017 0.004427387880413523 0.0650691106348158 0.008817477504827531 0.04720333041997866
40 0.04781530951436036 0.02344579111322027 0.019961272589135593 0.08818712099692157 0.06728219151373138 0.07081124937775372 0.014306640310842039 0.051041788489772984 0.00398380625914825 0.01127408892228126 0.05105239718884631 0.06494343863377301 0.06986267733534124 0.09413522307539203 0.05107591153873128 0.0928257790427281 0.08100319516940255 0.07427900250588794 0.005958461326685131 0.016754655096044936
41 0.061351550410406706 0.03815571859820483 0.01232298149561464 0.08935400530318614 0.07904220840484442 0.04931344550723743 0.051048969281809464 0.07546592646857478 0.07568645133032711 0.06092114504623618 0.0969136891989512 0.010867024843474411 0.04731244213065758 0.0008178935709034134 0.012010851378808836 0.02908789614908158 0.07599207539088754 0.07832441404301979 0.039046897092994665 0.01696441435477939
42 0.0013600232236853813 0.01807636264270217 0.020732329629289066 0.08288048870173907 0.004973829654831154 0.05633097161510967 0.05073655639818087 0.03260841877429697 0.023480969806136735 0.0458625534642133 0.07728731309920855 0.04220397324684757 0.059938937189625834 0.08259353308960041 0.07315596059341813 0.02607037550137678 0.06283344956577396 0.0727346092433388 0.07814602167533839 0.08799332288528727
43 0.05654935292571262 0.017802236085461248 0.032591777591724894 0.03840970652880123 0.0654024940502948 0.09153254994236432 0.026125008320683183 0.08735301389797247 0.057636526960095316 0.017722833668208177 0.08066450284770967 0.06704434227317607 0.08222097670133467 0.016566607221949452 0.02440249541180522 0.046432997340982496 0.03240608348941411 0.06734886074160902 0.08317380540607638 0.00861382859462472
44 0.042345075018122943 0.06221968704360294 0.06740743872672751 0.005897746611364773 0.04285353259630017 0.022639589586073906 0.03285073006477375 0.0742480384908833 0.0014534138881629446 0.0817710196309828 0.08312026691917068 0.02161233510407636 0.05308015546652563 0.08711421617561245 0.02525259864156844 0.07008173723901406 0.049247652556677755 0.051117022301210194 0.0804861483651138 0.04520159557403567
45 0.060881502255493325 0.05385651006499159 0.05934418414549615 0.026114595563023 0.005770919263066027 0.004028546913782586 0.008393441815982974 0.11920120675233828 0.05380521216369642 0.02979955246150321 0.09464120632021095 0.0011288232434436434 0.07316585754656484 0.060900791844152785 0.02089716539462271 0.023279741060993165 0.11342574350305873 0.09273977370355582 0.0010807433151953504 0.0975444826688285
46 0.0587249805824265 0.05353136673496831 0.035178406917901854 0.06176117487101827 0.07007420322195772 0.0438459555522458 0.037011806483236084 0.0022339350233459335 0.05907048447456852 0.05122400434419403 0.08080984783083486 0.08280785762206119 0.014404144173959034 0.0003378489924870574 0.07985918863178808 0.022779683960735216 0.02547397387957986 0.07293197761953069 0.08322148835047687 0.06471767073268408
47 0.08645366716154354 0.05480414629833547 0.05203834718861365 0.06288480128209474 0.09772038691581712 0.03417016624474061 0.009029086560954271 0.05786254576303188 0.03003458734706565 0.035544016683439233 0.10715900434034764 0.010205765513101976 0.011928737516161124 0.04737220415403819 0.07913065245239415 0.04494129467961363 0.08094366020687205 0.02823782626642771 0.024133053012347232 0.04540605041306012
48 0.07057205719278828 0.03107501569476439 0.06036469865584227 0.00046816583771064053 0.06722981585119517 0.028133237274875985 0.07894703937978026 0.07408918324674867 0.07229799593563607 0.05190565003561511 0.06726980006062895 0.06627125958078463 0.06199004617357745 0.020944406940850868 0.09009374185633277 0.021152338373716197 0.045549343931715634 0.04129518242190408 0.019375534907803894 0.03097548664772884
49 0.06785004147355413 0.02934634403863062 0.07959557367432507 0.029047777522797854 0.022566088068063202 0.026183348483799173 0.044402086206167146 0.035456005828057836 0.03808274245630213 0.08372806182096268 0.00841394451049557 0.08504993050048404 0.051238492853705936 0.03500071347040376 0.062412891011587986 0.05030890785465469 0.04099298038794488 0.0923418653660216 0.08561899843671233 0.03236320603532958
50 0.014106708636680731 0.07705706917605143 0.07768418271837224 0.07900763879917934 0.05104586706641619 0.08646734414420801 0.10004444823111162 3.742664164085016e-05 0.059479608729513404 0.03886117841805543 0.030333703617525618 0.021969358730390756 0.02037457327545446 0.07084380599757388 0.0006249463166961515 0.07367153440921909 0.08523867822915926 0.05726901929882494 0.021902066120245506 0.03398084144368106
51 0.02166823150869949 0.08261270329887205 0.04101150045124549 0.08976436057609918 0.10764769067719701 0.08529467174962667 0.04931250341735837 0.03107350788271334 0.02794701488510413 0.0029801988429927788 0.053362947117381536 0.010458374478282323 0.05211432850411766 0.026943416577852642 0.05351283519126513 0.10436538832258083 0.07902065881495889 0.0110985045281415 0.014204071001435392 0.05560709217407551
52 0.04330902420282513 0.0490666755776205 0.00341405016206927 0.008692734922486404 0.08685995589235088 0.05366146246762094 0.08395738012557469 0.05375300211161622 0.061787810306711745 0.06637142859183993 0.04765548678511895 0.04958728970707455 0.03967979726666076 0.05504477729997942 0.09424445526511326 0.04950267761759301 0.02986199939854389 0.02914890510487513 0.048895510843565346 0.04550557635075997
53 0.00948360518029369 0.04678157233944929 0.07330018222389327 0.03020944629893021 0.028585003273199044 0.062084525436652396 0.07670721376204886 0.019120954722419953 0.02931194668363318 0.05886356522315914 0.09139142857526963 0.05442004529013002 0.03043436753422331 0.0426335749003632 0.013279426593692491 0.07624195701500981 0.09551906492114752 0.03859908374812165 0.08013822506191293 0.04289481121645028
54 0.07202745924241893 0.01608820991688129 0.06628992670985046 0.008763857350308173 0.05681933322892908 0.10705366768500124 0.01874238071220704 0.0055106008998570795 0.0021716445262580973 0.1023929383040724 0.017297626154087357 0.09745285330522269 0.10378446690824836 0.10399439770262839 0.01630522951722674 0.016445555595310888 0.07202377864472084 0.08481604449200829 0.013921154874093618 0.018098874230668957
55 0.028043302323993404 0.05476139024349067 0.03686799007423795 0.019963913823862613 0.05057030103787426 0.024418418115814258 0.07282601578512127 0.10379767498950249 0.059960733787094773 0.014133889418675816 0.07807243869428172 0.04988175058330042 0.03780948580747345 0.05019723531342585 0.08541305537264213 0.06293471068007427 0.011452191666937516 0.05529644667068536 0.07458925271763937 0.02900980289387248
56 0.04086392338718066 0.015501155777265326 0.040866724345373535 0.09457798715672394 0.0008755695596286079 0.060531776105688245 0.0839579235912308 0.031466082619283346 0.0176972616009243 0.03394436799057536 0.09923418501505456 0.04373638027299822 0.0734429416871218 0.08566724886007764 0.05678388581187547 0.051536590024708014 0.03751545992567022 0.04327207900291775 0.025311462180248424 0.06321699508545377
57 0.02061004715569044 0.0761634826479108 0.025704143622228916 0.059837956152370454 0.002696943573504162 0.06420711149426162 0.11054810385069365 0.020659260071379307 0.0894347566625095 0.04618760261483525 0.11307444586968979 0.009379726629360468 0.024547783212986247 0.06271910730741824 0.08924226678567813 0.028691355335776977 0.034155321894771204 0.0029742403918497713 0.09885022000736425 0.020316124719720663
58 0.0015283042367440572 0.05794343600001668 0.04413926881467971 0.02789320400068555 0.054246963250852445 0.06076131761463718 0.08973131887405661 0.037265327449145964 0.09351964318453941 0.0839890575316041 0.06583891112561374 0.0950091767592548 0.015483137651633302 0.021842400997981733 0.056158686567731105 0.009260338139378583 0.033241468296244366 0.08085158887329202 0.0009951164793161717 0.07030133415259261
59 0.0774544466520677 0.050280015926273285 0.09358389483477167 0.005713243085432012 0.04609547790226939 0.08864170084181126 0.06424090858513491 0.024024115461115245 0.04692423121585019 0.06991786801746092 0.06787630657279384 0.0066565756926566634 0.02110865988391613 0.011140534681119736 0.008136843701591973 0.07521152573508613 0.05103394540318739 0.06740313382372187 0.08338712980328611 0.04116944218045361
60 0.0244957896436849 0.05498878021429289 0.03635198699540176 0.07971049243219273 0.06285882485188171 0.005118844735898548 0.08647989035381143 0.04876551176049933 0.024903176753318695 0.09156935567223745 0.05163792953596107 0.013028718557232343 0.08544890025954999 0.025674393663155177 0.05412451494087559 0.03512835049865853 0.03658939857995304 0.010247343217009739 0.08994217031740938 0.08293562701697563
61 0.07552070846292532 0.043384416569762004 0.06624893346754684 0.07536985271177933 0.06917837280583186 0.031596124974405754 0.06683671335719929 0.03891521712402334 0.023889383976086757 0.017467562020143546 0.016177860007894403 0.00044592440639647647 0.08688032010181647 0.030934096281238686 0.030882595160094575 0.04033678621049402 0.08513030332204817 0.04168286002209995 0.07578764480930741 0.08333432420890594
62 0.09446722327632151 0.0662474614162883 0.09779783968168973 0.08030613993749848 0.06155205507307008 0.07143052509825146 0.016801842554460822 0.0995717382335671 0.0010856809314960141 0.016121459710628522 0.0034966897115947795 0.07053564666171534 0.07063924034764454 0.007854489115859441 0.032392534826276305 0.07486027012153842 0.0036323193639884862 0.08289799053922639 0.017105341949730665 0.031203511449153405
63 0.06575589754009707 0.06334128301401308 0.0524003267025722 0.03316474973121663 0.07836300976296286 0.08370058488991725 0.050442353363127745 0.010882527023382355 0.019733401861356723 0.04935587949474083 0.08113668500621966 0.024687737738709702 0.00791895956392935 0.04099939084386745 0.0857426213998349 0.08031990955948644 0.08007286700650801 0.03959976190563686 0.049313194973115905 0.0030688586193050654
64 0.10627366796055841 0.08986629199347239 0.07607315588579283 0.04653183851944571 0.0043988583489343825 0.055611268213424825 0.09407104063611402 0.09558810263606744 0.02749023118293997 0.012520934866691695 0.0037081616954782576 0.07988726887857632 0.0303154835251484 0.08871899683540051 0.05864079405280941 0.02589237987947888 0.0066890885306407025 0.013929469153823893 0.03886085891419661 0.04493210829100554
65 0.057093172930724086 0.008697584242192035 0.06850153138016724 0.0744487919506726 0.046627836325257944 0.05201287144248507 0.07125295008233919 0.07746916913732473 0.06686412620128714 0.05928751487039319 0.0011784116630058693 0.0601818490680368 0.02907600533349166 0.007442191088326837 0.07524541793965987 0.0646164364995086 0.02755390916590443 0.07075641814512315 0.07623438139367708 0.005459431140422507
66 0.05953192643099126 0.015942843500805822 0.03273000539594528 0.08702054975750079 0.0056422003672040874 0.00270353769901009 0.05970354385578279 0.03770375996304679 0.10689437127336122 0.08569734144487971 0.004777643603446751 0.06709554410447208 0.05466762874264174 0.07884438143353133 0.08900873834067216 0.05596000553643089 0.0432149950395777 0.04772189048664452 0.040738854393994654 0.02440023863006025
67 0.14423470597359395 0.045384437007984106 0.05638822799618986 0.09457881192434486 0.03003293242881012 0.05456241302779129 0.007692297262073524 0.09071940964231363 0.019134442582561136 0.07645740578641057 0.03590632828907156 0.05127769423747045 0.014246605732325852 0.00450066813639865 0.12132993214355439 0.07016933027150157 0.0031617453845968453 0.051293744127619875 0.018475775805445804 0.010453092239941888
68 0.07205879871675792 0.08635096479951886 0.022635903360184256 0.047743914602835454 0.04230280500547547 0.0026154087120011317 0.070075228002988 0.09817024946200589 0.07390098118945193 0.014162463183021374 0.06367050832961238 0.0026127521737757823 0.04662606419249774 0.057544311537381494 0.0659485460947682 0.0659427363624607 0.04390345503810423 0.007889770521774246 0.021870260068169892 0.09397487864721529
69 0.08638789200808203 0.027156721690692134 0.05825766451350173 0.002792499757865476 0.08443415841272264 0.039423879657773477 0.01610129216559529 0.020917252825864062 0.048481111128947874 0.02017812160334977 0.031592944942839075 0.04180966844060203 0.08886377238344416 0.08659307892528038 0.01485398690348172 0.03800936681594811 0.08673454205242513 0.0581873155014973 0.0794504398908851 0.06977429037920231
70 0.0493725719702673 0.04560132952587435 0.05211622369457829 0.03471676348059832 0.026062834268361663 0.08376525429319677 0.004757820054928291 0.009925720526955518 0.07666124453710323 0.10320719791302774 0.10757952301596764 0.005030962227555763 0.03008227505242047 0.025527581985544383 0.0958977282159139 0.05822156901686791 0.06135412089134664 0.015517376234506611 0.10065742731915173 0.01394447577583328
71 0.08755946206154926 0.07898193486753823 0.027805507730644545 0.027840202664707617 0.05150670814266158 0.0013810279685087998 0.047394880428127735 0.10090095857612522 0.04960548020505493 0.014593705575888584 0.051734782226047035 0.0016059961881990323 0.06357235438500755 0.08112190875980614 0.10444906308891362 0.043744146426754 0.03791451155641201 0.05913311014204615 0.033850230543905305 0.03530402846210275
72 0.07581484154990283 0.05672352480284626 0.047059610222511816 0.00221305625391341 0.02627204082545749 0.0913374754315353 0.06353541319443524 0.046728952868176236 0.01137700492454822 0.06930049697457606 0.05189467907452024 0.07489568548338128 0.015471123785241375 0.029694808928247756 0.06074402867075878 0.08961188161929483 0.05649630564787492 0.0820467554970564 0.021166960545330033 0.027615353700391365
73 0.0936775855000002 0.017776688112564477 0.030338455962817413 0.11049904260757193 0.06248917931872894 0.016726432407471126 0.010683263888850048 0.009209551083251256 0.0947339273165101 0.015983193613374632 0.049844366886786624 0.09079535581588652 0.11304493985448452 0.05403538718528019 0.07565936707159823 0.0051474108838951 0.03147516652720225 0.005314644079635105 0.026929831460678656 0.08563621042341259
74 0.07035708881741587 0.054475290707622144 0.0705079626378304 0.08020180961806347 0.052760600695660444 0.079741831866542 0.03219365341234517 0.07003990037443959 0.04821383235683986 0.006729813570443535 0.052398631083637244 0.07405649181690103 0.08310052111867734 0.06219049004793752 0.03115998631638669 0.015595116791268005 0.05290294604367189 0.04820787037358645 0.006069157811589367 0.009097004539141711
75 0.03853888263269107 0.08541498531670623 0.029868352877373938 0.03793165673930565 0.0681692626422534 0.0816742968514671 0.02602289160546997 0.05349298827550523 0.07830550051378744 0.014163654355867866 0.0670769543994605 0.03957258388150936 0.06645185750505204 0.08841114723140953 0.005295188329249013 0.01624248682658255 0.05061503966427806 0.07092707805934034 0.030001790721921977 0.051823401570768535
76 0.018981523824072127 0.0753361091588285 0.055775053525661644 0.052377415276699126 0.07240607159582316 0.012897462995706922 0.04143170834177827 0.013308919422384895 0.07153298754872965 0.06454854153467175 0.029548561942528178 0.01970246924115147 0.040495612592229134 0.028605464385213403 0.031060133206473287 0.049490485489521265 0.07861785427908187 0.0696064640787382 0.09550797297429925 0.07876918858640798
77 0.0780225078557849 0.034930944222108275 0.07321015591924805 0.001206894392999196 0.03146923902265381 0.06401876401674084 0.05626391183959697 0.044772837486005995 0.034640549157578714 0.0780147163715196 0.041231834650636415 0.09237258972815593 0.04521465860102394 0.02178604773196433 0.008446861050292727 0.030159664056044175 0.08051265430775895 0.09797688029809125 0.057539716142096284 0.028208573149699757
78 0.04716611427901995 0.07695856933443254 0.06625043644359534 0.004113709488406538 0.07422099888677512 0.060538642516342375 0.07514720094441585 0.02696938602841828 0.07293895670048661 0.0444404016259473 0.06842424279002547 0.0020213169272561226 0.07260272743784765 0.04333071735972851 0.06463886056839556 0.06930025379743386 0.020659732151006683 0.009125158765105038 0.06279011222127134 0.0383624617340899
79 0.05334927500387718 0.03410679720035379 0.08130394351318729 0.1060642161416943 0.042813225862133826 0.04777896867220991 0.017694244477056552 0.052710574584142925 0.0031505894816920323 0.07005520328734065 0.0555153973945157 0.06261554487095075 0.049998539873416015 0.015905721963014395 0.012387287835245892 0.07410179714519877 0.08775957142445334 0.04070818209869093 0.024078587443240616 0.06790233172758481
80 0.03383449717378572 0.03771211663801418 0.08334774294835846 0.017561981415831228 0.03823888939063626 0.02475960295771676 0.002915920924423885 0.07178394744038384 0.08892853117330095 0.07170055177848592 0.0867978603510337 0.03136421730381911 0.012351802368273539 0.03663907200299311 0.08708069585714467 0.020676674059613216 0.08441232784543092 0.0301318696791816 0.08790186374045864 0.05185983495111408
81 0.08254939913363017 0.043774359177767674 0.04822284013357935 0.07138050170885553 0.09722676918626201 0.05742996547693395 0.027158084608034906 0.09506986119892837 0.05540547388970087 0.044386967798359364 0.01935781536300116 0.0072084006012381385 0.06578181384246361 0.019239708716437872 0.045533039741842966 0.04727389864557009 0.05271026557390812 0.011814238626925929 0.013593454661767028 0.09488314191479269
82 0.04185194855154792 0.07320109460641616 0.057216223106855 0.04506655320056486 0.046542309686783 0.005652814506836688 0.08035531976125453 0.06482266268794924 0.04602904242167462 0.02482400315978008 0.07276987011387091 0.068073960429093 0.0470632172732079 0.0012375162891390496 0.043223058190622915 0.07743922184756055 0.058651967566611826 0.07417165163883149 0.02216324135788203 0.04964432360351826
83 0.054625892530415034 0.04309536889038121 0.05795190764609136 0.08369090721880648 0.007200407132532315 0.09877978856992557 0.024572107759442394 0.06521869853638466 0.055974369609651194 0.05093636540958535 0.023941956316621094 0.05266145682134493 0.004068201231883013 0.08059278398458056 0.04300566447033647 0.10170607855154117 0.0004484765007327349 0.07487164395185264 0.06789718423510964 0.00876074063278204
84 0.0879056809186358 0.009029443432294282 0.001279748908255301 0.03634492134028557 0.024182021938273693 0.07834926508614368 0.057683408083198946 0.10403910129359548 0.000732496157686145 0.043788270700053825 0.08409214481330819 0.10091677526121628 0.07495428042662172 0.04146404281982569 0.03099988528086261 0.015911538139210684 0.05494768435990086 0.023237310438924387 0.05529476727124652 0.07484721333046045
85 0.033181694701235054 0.0768392736040009 0.08870511399295078 0.01334932936160184 0.022313461525729664 0.038582187210537314 0.008596597378766974 0.04174769160989299 0.08700449699163093 0.02884275500087723 0.044976259356879794 0.09920662798780251 0.03008921731635236 0.029007656234650698 0.07824990065998484 0.0800410705315076 0.07965784216091422 0.024367054768052794 0.019096263869992 0.07614550573663964
86 0.024748739372083543 0.01349882447206545 0.0929986646783814 0.07294614982882525 0.06705397657728726 0.055738850547391396 0.00031102941779241584 0.11717663716678459 0.014932045229080282 0.07370911346809965 0.08183360035556896 0.09890320509690176 0.05031100352441192 0.09398146857840205 0.004844757748694821 0.014953711116759003 0.025683843110186524 0.05154079331926529 0.024689658264377096 0.02014392812764136
87 0.06952543763601864 0.005624590542656323 0.07700281889895122 0.05654204151269933 0.07775870094473618 0.06659491776948383 0.06831929285733875 0.0345022714378463 0.04196828416733838 0.04403945358964729 0.0648749638755256 0.0034753822064863436 0.03395239530845024 0.0644045497433292 0.08077690474045064 0.03285494219691047 0.06976578513232434 0.06797273902922335 0.030371231143208784 0.009673297267374644
88 0.08483992748568087 0.022349989382390054 0.027251032072718333 0.044225221724477584 0.05202851420869007 0.054274531717463305 0.045011739731881585 0.04518834570709014 0.02407605910827137 0.04473686397449327 0.031247183785214266 0.0884886158212095 0.027527986741457386 0.019010057640755522 0.03473842091454623 0.0794347729150522 0.07901725732704712 0.08288926725560654 0.06490199078985831 0.04876222169609645
89 0.04735535359974738 0.03221363949186742 0.08611838998326259 0.06636486013806187 0.07712251922229293 0.04884146690849195 0.04068426906297899 0.08745384664442686 0.0004025179918434195 0.020503018289878133 0.06971108099912368 0.07157712170366365 0.07710890847101147 0.0033391829287906807 0.025013665563177554 0.0508172385876817 0.0592896302993586 0.05342561469690551 0.024455965946252142 0.05820170947118343
90 0.05927846354504573 0.06254883820275586 0.021384565506165607 0.05818660617991146 0.02308266036640787 0.03309180181276256 0.04288275077834651 0.027629197645209016 0.008937415922342535 0.005341731219375505 0.07077570816561148 0.032915449865776054 0.09128500149511609 0.07097576006003196 0.06584948535705853 0.08442071782675427 0.0896653465627173 0.0862822718349007 0.0288258541665608 0.03664037348715013
91 0.05571314431903568 0.02021687471773272 0.003995712726800731 0.006965904605008109 0.03024266985806751 0.035243801437414665 0.017661190426705917 0.11313320828884305 0.09251114409038562 0.0006303642000619593 0.053883025675987545 0.07437442379471128 0.07819301598845238 0.05523334844744777 0.05646601611347298 0.04347868510562593 0.10338931094514126 0.09772972681025181 0.03656435728996202 0.024374075158891152
92 0.09413125413056517 0.006838203215280681 0.031002348510385323 0.041461256941491435 0.07165331632866916 0.02699812696830372 0.05180575155960235 0.07920328406159008 0.024074656446136433 0.10203497331746027 0.05570832756177482 0.02898231390886238 0.010503136458444981 0.06132936292203874 0.055955225899102685 0.08751499432838915 0.028302526557375925 0.02497968666964669 0.0654630187652168 0.05205823544966323
93 0.04586213690188266 0.07907983181490108 0.04423246171638986 0.05775629525340836 0.016526471231729317 0.0708598937209239 0.02973014593967839 0.020878013930831715 0.005602975470855465 0.08426885397067033 0.023087662509881576 0.06920761701668668 0.09671962523992206 0.06738534902728983 0.007128899190331235 0.026479883284599826 0.07449749226146253 0.06398193689729201 0.08603878030793806 0.030675674313325074
94 0.07846895261591444 0.07628058063647698 0.007701322976916044 0.05712088070032546 0.055436807217043214 0.03952648219364728 0.007056784822422055 0.061930928757654415 0.010920024419151913 0.08491362865106605 0.027806018840274827 0.06823598865563171 0.05877929720659416 0.0544904052520365 0.08429479868114347 0.025845292225462807 0.013028911310590913 0.07667002092046896 0.0692236335826875 0.04226924033449135
95 0.0320675002266856 0.06985814948381872 0.06038528126717314 0.00452917078525067 0.08882161813624982 0.06310969230853695 0.07946978002799464 0.06498270309146069 0.009577908426231824 0.04404954491511771 0.048185548002150164 0.027882603726073162 0.09528520914870652 0.009553558530776335 0.07442485989259576 0.053525650851885126 0.033812729182281905 0.026658058821179297 0.016316471684179885 0.09750396149165194
96 0.09296185239845085 0.07111757519628943 0.015927257080561225 0.04963256938794629 0.10268392520727851 0.005621102259397668 0.05557022794491947 0.034929207560671895 0.020490565719390938 0.022915682812969147 0.021609025170974114 0.0116505667039792 0.010333849568369923 0.05606985414875416 0.06961378408913761 0.10595137345619952 0.0024647193048510296 0.1002144031396 0.06612371220411473 0.08411874664614408
