0 0.07795438227194157 0.0011897831257448824 0.047947698920390164 0.05008965184190804 0.03947975569637652 0.008765798889956754 0.01702949738022732 0.07753250633747114 0.030733068180631738 0.03582092332693865 0.10625764295801712 0.04176656623663127 0.004060629169154956 0.11142517271082761 0.0445211102195158 0.0635632902746148 0.0660852722325714 0.0949914228982797 0.04596035059910246 0.03482547672969809
1 0.0212394225943341 0.06078834637136797 0.07993272254069865 0.01168782953674853 0.0882967552384483 0.04059380130685624 0.029779603280322944 0.03754474867567415 0.04240999399787638 0.0743015606315709 0.07273033283294619 0.05952825578071106 0.09215761656610533 0.10267749532092159 0.03603361267648491 0.05266325609935272 0.02368559215213702 0.002848078075480264 0.017172804785920343 0.05392817153604228
2 0.06192598888828263 0.029827778169425626 0.010361409351353672 0.08553121655785702 0.08707504610437514 0.06386101830184185 0.024314815271686715 0.029545233220251477 0.08318840141596263 0.07415532518478223 0.04167124786989141 0.0420900481301809 0.07775133982449069 0.05343804776075108 0.0709477282073815 0.04723591885152177 0.01009632654711197 0.019892604917774656 0.07659758550611821 0.010492919918958767
3 0.04778824045191617 0.005935836997327974 0.054169863425389264 0.03387781902056733 0.033886132793089434 0.07185344134125406 0.06658782456497038 0.07208734697634095 0.057433859040042265 0.08257028616120672 0.05245030871860302 0.0644359166046987 0.001717200083317531 0.061076741653698835 0.0382953696066484 0.04857837938003191 0.053340362751725455 0.073257387061407 0.00831175997834319 0.07234592338942146
4 0.028586198852161133 0.07173029852587035 0.05924597134575815 0.04623008597174242 0.03198085864419929 0.04549871613445849 0.03322300005121367 0.03790548511001867 0.0706755171029102 0.04271872088623273 0.057635532810475856 0.027760554999168085 0.06209336400491708 0.06137095545442006 0.06215441423722716 0.06825561711844863 0.05598047580135716 0.040412793137495115 0.01223082459594558 0.08431061521598032
5 0.004609085233533052 0.11133166660942828 0.06331289402809155 0.03705225471071366 0.06802570574699718 0.05793792192224593 0.11439137132204973 0.05664016537700857 0.010196889836867774 0.037724447915214294 0.006885005445374136 0.0004480037336402269 0.08682638274599269 0.032353295691163256 0.06043430253421269 0.06336274838502141 0.020649824287418683 0.0786323431571932 0.02068969939144252 0.0684959919263913
6 0.028721085328817543 0.018817918157326034 0.027784284425592352 0.0065134999647146275 0.06472284335043563 0.09706356477306935 0.09662067933456961 0.039609973089015794 0.08527723663159728 0.06663680915343186 0.08841162501120242 0.0784425629908362 0.06357619943447673 0.019039667663487376 0.043726548012864706 0.03087096950749139 0.008686301981679448 0.00980084386316944 0.11240620010078597 0.013271187225435962
7 0.02210924893011031 0.06437400772917916 0.08463790834071878 0.0038223584631989524 0.10383450230832714 7.748648520010104e-05 0.017010013936905797 0.013585443137945205 0.06660365128507115 0.05110883986683265 0.10421283040289536 0.006604874977777597 0.03132970454035394 0.10674160560508504 0.007054255318461413 0.002890785595981595 0.09896482450521622 0.08315499386493932 0.023198887286610653 0.10868377741918964
8 0.0552906230511667 0.09403968344198936 0.012022280453454394 0.08719616928469943 0.018328077546225074 0.02245693212409213 0.05640045719981603 0.048464065931058974 0.010636248032422586 0.07761489496798295 0.08344290716754602 0.005124301728174422 0.04464442057352722 0.02353045370689947 0.08275586795104327 0.05220735902799113 0.0640599670617018 0.04635725761101074 0.03231821697175238 0.08310981616744573
9 0.031362740294751675 0.05918974347618098 0.05257007687573443 0.023086961265360428 0.11313458518530815 0.07708301000680787 0.010758367234317206 0.038259877327254804 0.01048920593237459 0.1137006628488043 0.053089065793413465 0.01069559318195869 0.02425456647324635 0.002227604911164707 0.05147974600503792 0.02135407143913134 0.06611775539379225 0.06348927749264033 0.0863824869017131 0.09127460196100765
10 0.0947592371913054 0.10941244050447999 0.06178097414217823 0.002780160006404227 0.09988752535456462 0.03214370094008586 0.007152476971238296 0.04618112911571159 0.10287512836138507 0.010011242288842669 0.017424536957211394 0.013695057138268917 0.05428334693007347 0.029123930211757066 0.015079000400407482 0.043817591641096575 0.038703036785611114 0.04116773090169665 0.0751956730775941 0.10452608108008718
11 0.09762365474577765 0.06872815621392593 0.0248778848597568 0.07266372558080504 0.031941227246803434 0.09856008038408781 0.09779918513546118 0.06116633759251459 0.04304901175665418 0.003981027474915235 0.02910143555345488 0.01867391084968608 0.0530616267982967 0.03571131096817432 0.07033010363322796 0.05777648582517454 0.01905741533163926 0.011769546360626961 0.10335542454012694 0.0007724491488907225
12 0.06639923203017276 0.08466053206170195 0.01932413530370213 0.07417435411171779 0.06821235076493697 0.06467453215203094 0.01453900182618221 0.03531028838985859 0.07400056342897074 0.08745436392228408 0.0018483170571810376 0.03803169270503461 0.0816872096390192 0.022364801207879963 0.05372986374908865 0.05938130177898833 0.07218737530781238 0.049391998051768644 0.017618828535753982 0.015009257975915229
13 0.04785925618487664 0.07527452675019136 0.009325363859928786 0.03505009175020547 0.059519540784763805 0.06960716579035252 0.04308713701234114 0.040308689722351056 0.001270356206270311 0.01437757378108364 0.0947646932540244 0.020328972769273673 0.02667007736027195 0.09707427407011873 0.013623482983166386 0.037304925374124734 0.07517282358201383 0.044904274403552755 0.10216083300247375 0.09231594135861497
14 0.01431304174474227 0.03423095592609442 0.06671039755743306 0.018524399534354696 0.07672717474896137 0.01060809760584712 0.08585324553184834 0.02958218414426539 0.04440748322256966 0.05866439624382687 0.06044921425213996 0.06222232419307109 0.08845432070746656 0.029387251762007606 0.09494945253676253 0.02089064830772009 0.07561688120982883 0.009271882509016954 0.04555885821167778 0.0735777900503654
15 0.08801056626191911 0.005626347634194002 0.058574706910520954 0.06174685040828101 0.03454957650079888 0.01313652583742672 0.05250883655008899 0.06996870235857974 0.07041634571970139 0.1113565093023094 0.05421793703881164 0.10818575489933101 0.009375009867595336 0.05966064530986151 0.10412155293862606 0.004128948042980026 0.027073485056092528 0.022469847372508775 0.032154109401113955 0.012717742589258778
16 0.045544783333914776 0.06163607196510927 0.03388170363135831 0.0409479693925876 0.05231545830987059 0.03133589465617386 0.0869107542572 0.0118054885865736 0.07221411798840276 0.015100717097585786 0.09458970815455603 0.07698108048385588 0.002421924750222675 0.0624559348233614 0.00012761804036631787 0.09560106310939638 0.025284669391571014 0.0925737404801158 0.06311464745947912 0.035156654088298975
17 0.041489514226700046 0.021671180398725204 0.07866203280401367 0.07029128409219046 0.014627098344699186 0.05034126692847256 0.0452940556421463 0.015367299105552096 0.08335395260072051 0.0654869419694855 0.05299229890657202 0.0033946107917541325 0.0749461620716862 0.07270428166916222 0.0809195006686616 0.0733478936459349 0.06613399274917234 0.005793347222711683 0.06076282547836164 0.022420460683277656
18 0.07065848510588968 0.06750614703993413 0.007891298147260426 0.06310537176196662 0.07036539440908474 0.05161152982010053 0.023217018737706263 0.012180960123565043 0.053955048451153065 0.07326336458798352 0.07510249014171029 0.065508308465122 0.02338477977486478 0.05705078579750592 0.01699367412571656 0.05904517216359027 0.07048324550063156 0.0036329928118174013 0.07240408900355334 0.06263984403084406
19 0.0845700673847492 0.07308625663994012 0.015513462545354576 0.012762109939972007 0.06180392203487129 0.03472254475180539 0.07035199928607645 0.05954052518279765 0.05467543310893015 0.015398594289924 0.06041596431901794 0.06625723171087913 0.06503206941816148 0.03035665745200537 0.043299735213042624 0.03904833493043322 0.06888605374570528 0.03324054986495559 0.08601242797658142 0.025026060204797387
20 0.031250364454199736 0.028467821480552515 0.07411105783121112 0.011053588388305443 0.04348427170272244 0.029955173408885268 0.08733857909440296 0.04889842173575826 0.05482470535189249 0.02112152023529254 0.0327319794132836 0.08352945225622943 0.05721179098162479 0.010146324816378718 0.05880079300603152 0.09313419511181359 0.08718756889405009 0.011868229341105088 0.06105071907677086 0.07383344341948925
21 0.037688464184112376 0.067228848467134 0.0834167657162182 0.0015913692362498032 0.07226732003826113 0.013923635754277476 0.055224059664518266 0.003100600773837034 0.0946868269842007 0.01964688379655674 0.09581642090197345 0.07171303203482282 0.08560606267104551 0.02098498696018113 0.05728079644733716 0.006536351468749402 0.022840700154879455 0.02073699718030215 0.09143616551714495 0.07827371204819815
22 0.07281456088452982 0.040624028714513184 0.09821408652090871 0.056054531522705814 0.09386164156585608 0.08369509364028302 0.05220991599273819 0.02381716237205808 0.03632473678335363 0.07984078399481954 0.010579600750981053 0.018615906266484596 0.052489045362857076 0.03535684402569989 0.06784024816725691 0.025596836841248423 0.04178331201928665 0.07575389878250509 0.0097587564563401 0.02476900933557415
23 0.06983786064485384 0.06314216200155028 0.06594768458249986 0.03252885359897618 0.048849075627499516 0.043084772407206505 0.038823411559781563 0.07645295731816473 0.03523266572326261 0.022198100228219816 0.04019333064157381 0.071256156017127 0.034683202953471465 0.05508026637170943 0.05173147129284246 0.03706393503881594 0.04528701751460088 0.032164976173766506 0.07677816141386462 0.05966393889021297
24 0.0367755216849602 0.03203899019462151 0.038433879389831706 0.022639272672184532 0.08450232988520988 0.04116643028764555 0.08071750581194377 0.06609810056209915 0.01927138292573245 0.028984956265648436 0.04830560100810749 0.007197220989426113 0.09141440934969532 0.07300631529458687 0.08168731913257306 0.07350416935126797 0.01727849960570343 0.05727494727114405 0.013123925265811957 0.08657922305180647
25 0.0332359019902162 0.02151110092411662 0.035234490029096024 0.02681283309396118 0.04973996816142179 0.06184690588205448 0.047006977637389986 0.06083189242401247 0.0022164008887617923 0.06077541257439896 0.010853936068945474 0.08914232423217368 0.08836690299950989 0.08527218111259073 0.02887391609738077 0.07476941715599623 0.08512087962436103 0.034866646231790484 0.0777911875743576 0.02573072529746445
26 0.09795922110725548 0.0004927118183432908 0.09675047565325873 0.04689568991673586 0.05935974842948985 0.031664243669874165 0.008438287820776309 0.07477159085459117 0.030673891310879154 0.022875371474571724 0.08516673272795136 0.06856626618141656 0.06226845170382743 0.05398993270700578 0.013204129392272177 0.0766142724566839 0.011138458127328405 0.08240924242760343 0.04784370114293198 0.028917581077203106
27 0.08447094694132552 0.001556952565356313 0.036781220776450185 0.06878048790547375 0.04886195169419072 0.05130746130073576 0.08955859084423269 0.030168154305722967 0.08896877921338286 0.02665865038554506 0.04386307778522124 0.07626583167969449 0.028132238450660853 0.0445351398481682 0.06279460586556031 0.09183240126332864 0.07131548183949923 0.01729690783792856 0.022867136388065926 0.013983983109456921
28 0.04284152225906509 0.07291461191400839 0.06039270814064118 0.07888532046966712 0.07326221093169556 0.012927540435508842 0.08652299560254656 0.0603896433378455 0.037817200578571436 0.043296011971932495 0.011424026724580687 0.0455699438102269 0.07634771319700932 0.08248382066560525 0.02990817846543827 0.048003467583617135 0.044538287220320896 0.020225403943575127 0.015031555567111641 0.05721783718103268
29 0.015296230885867032 0.03883228133940466 0.06389530212210787 0.0641434978160425 0.009413978270127308 0.06354537069041685 0.03528723809315118 0.08004012850264822 0.04389581239626273 0.02140458735689055 0.04269137903226292 0.06668264819317024 0.0890114091179342 0.06596720031942045 0.06722414881265244 0.02412672671883724 0.017859821614972685 0.06509044860447886 0.08106510429711876 0.04452668581623327
30 0.08505270633994157 0.03309785447367847 0.029748557693442746 0.09109356880587832 0.0801111302526889 0.10012205725932743 0.06203095382265435 0.044637165047875474 0.09020504261695252 0.03529340494161044 0.000566850658064433 0.03209793122632366 0.008616465965918812 0.05023630070914359 0.029808535997727575 0.028321544646645935 0.03382751847451609 0.04005839947885741 0.0874439472541151 0.037630064334637135
31 0.024075094348596057 0.06812086530118833 0.07378290811495493 0.02250855050849261 0.07264719019807547 0.07098518291696958 0.057113796815345425 0.03982273795691598 0.05298560345379996 0.015315598306106888 0.09717944482724301 0.08521767612208286 0.05808473920668299 0.0855463482567932 0.006855532839999524 0.04758124233018527 0.0514606639049221 0.0014665731787440002 0.041612663626590045 0.027637587786311722
32 0.04955083958724078 0.05599523386738733 0.019946000684435725 0.0559593734012806 0.05467342698227887 0.032986265035895704 0.050192279947536486 0.06069522907259428 0.08802012094375722 0.08731699785591372 0.08802312551529998 0.0031639424567081777 0.03177063482428783 0.01624267854639632 0.03297635912762282 0.04854933045580898 0.029797635145686875 0.01569043388400435 0.07926168252261154 0.09918841014325232
33 0.06100460017046455 0.049915893470127225 0.07707921986648074 0.029587660592137875 0.02422758791858862 0.034377117468747054 0.00459646806904403 0.01784140128137789 0.025030647162966897 0.053899290542780316 0.0657637472308095 0.07160139786612973 0.09209138962520097 0.09155483366420342 0.022768388002689807 0.05955170545815623 0.02977205936221698 0.000638192059062717 0.09365192018397431 0.09504648000484109
34 0.00047990438969318074 0.023960047668309965 0.00197917756544813 0.07481304937470604 0.03953060941053073 0.03660158582257309 0.03060211166611057 0.04698211704051517 0.058393892474715915 0.08521702190502467 0.08698853930911456 0.07978382475495814 0.0655091657131292 0.0200399969095934 0.06692004030196437 0.023820368596674427 0.01327801734654775 0.09220565414434186 0.08478764889015745 0.0681072267158913
35 0.008779685903598948 0.08427730207536932 0.018589685877557396 0.06209207590114343 0.0855858981466917 0.004660969201825905 0.053082060484184256 0.017354347457031162 0.07724335206597913 0.05771788367175781 0.05069467861552769 0.08852163801252394 0.07654735359156681 0.044681375979121855 0.03930791107485184 0.03489887585999461 0.07143687244681682 0.08142200001984964 0.026977157495734476 0.016128876118873394
36 0.032374356775795254 0.04160605856373853 0.10136688367842858 0.016941634801717863 0.012726506950278407 0.00872737455535181 0.024654875921824394 0.0988625720586992 0.04968565726777647 0.09843702244535309 0.001388742987085542 0.05308026712052185 0.12100246194677101 0.0342256140492428 0.08795221590435846 0.06846245663064508 0.03070972988277098 0.10551057578799124 0.0005237269708389793 0.01176126570081039
37 0.020546795449257 0.007350939159456526 0.0794837795138821 0.03437503524528628 0.05796251852082687 0.06154069228210011 0.05920455845321687 0.08435600522659087 0.04631208170471611 0.04139165490215479 0.018260845223309268 0.021830868483330945 0.06546515903066162 0.05444297678173506 0.05499877103846559 0.07606787195204537 0.0469479512077212 0.05219879680486682 0.06697819858900915 0.050284500431367486
38 0.006257523221107356 0.08279603984647943 0.07684059923381376 0.09532441978356959 0.0006392121755560252 0.005345582994448702 0.05907728717550977 0.015718882980962568 0.03374621094255491 0.07830775788901902 0.10635227937214663 0.08659316625249226 0.08879136011014888 0.047583331331226185 0.027234365322644487 0.010954680759365912 0.0872836437253045 0.030290030385046556 0.055431945509121706 0.005431680989481863
39 0.009833876573914541 0.036707405847238445 0.03738614743102213 0.1148349654448988 0.012822167350580936 0.042900701450448886 0.09241634346394552 0.009542411704767334 0.09328933432407611 0.10709348481537745 0.02848355320922299 0.015467332329560097 0.06362280219571878 0.08067896260017138 0.07245721880780129 0.04833445802373316 0.01428021566092153 0.06658066509277549 0.028377117184569797 0.02489083648925543
40 0.07469216384719675 0.047386597654281666 0.05074596905637194 0.026644292620017967 0.00587413064288738 0.046193323571856855 0.047290190340524285 0.07707062182398754 0.06895773704358553 0.013154870846273597 0.03665941813254292 0.02847585678513632 0.05357953616672557 0.1103287552386941 0.07802305253239872 0.040408569447658124 0.02146691262700612 0.06880455874902046 0.06735631417010317 0.03688712870373095
41 0.09182299300418333 0.043072732287599544 0.08551735950012054 0.03567018717753773 0.014500222416402562 0.06633141203693395 0.024681862285545753 0.08330700054349688 0.09102560610551338 0.044857861724829695 0.048182872901358545 0.023544375034082087 0.02430935153563206 0.09754650693076744 0.05631469431786939 0.0008821446562373501 0.06820069456881611 0.073193083510623 0.021076947479015336 0.0059620919834353645
42 0.06675647957223667 0.041495222301416175 0.0046402426634677375 0.06557246800646956 0.013538919215779446 0.05802977866288122 0.018457615893688058 0.09658824762307575 0.02049692222049828 0.02593087404606462 0.015664067148062788 0.06495428251134264 0.05595127111442346 0.029986732743002082 0.07363209182889568 0.0655000227644344 0.0583148373557416 0.0954585181847464 0.06390365478852546 0.06512775135524794
43 0.05782249291409452 0.0263411640578466 0.025897747202387796 0.051552464892358596 0.08726066543718274 0.08630031244044117 0.04912767182619067 0.05720522854078264 0.01596834187659193 0.061754855098670784 0.01582596700803414 0.08396743455950582 0.048372429011746154 0.056528880377974704 0.06766699636133923 0.00213520511469562 0.005341967227731109 0.05984472813308156 0.07052192550695002 0.07056352241239434
44 0.07588539144286187 0.03401212124356149 0.03853643633741501 0.06006376950646888 0.0762762767718133 0.05740543703360303 0.08087400040828846 0.03318536811046875 0.08738834194973129 0.06052644137814938 0.04565265552068695 0.02001342752694987 0.08075815604246352 0.04256453576653219 0.0012682463160659649 0.048929532563112166 0.006288793975541486 0.044121816573054556 0.04210595920759939 0.06414329232563254
45 0.04832455264990424 0.02535473787253515 0.07004836499053174 0.07248096095396406 0.07704831586906676 0.019960274491790178 0.04766736896781664 0.05573115882359379 0.07754224378936496 0.04464688019698698 0.03368412894838708 0.06858794655406023 0.04131214788595269 0.07643766926258533 0.06719640617755719 0.05027348113477199 0.013969305568998443 0.0694579916632288 0.037205887047528786 0.0030701771513751415
46 0.059806672663950726 0.026378353230282058 0.027760182361826504 0.07307766862863206 0.08890244717244376 0.0620020764706793 0.07539393124464602 0.05058094189799332 0.04141236695659504 0.0935732149951057 0.01871443832093627 0.011020061482329459 0.09558633061118149 0.0005350620458206591 0.03016727362854539 0.08213424669036028 0.014912287787975886 0.041283972069301546 0.06797907375624736 0.038779397985147214
47 0.04857735539402163 0.041735436276866454 0.03161073554860437 0.04778588120699237 0.043184325396281226 0.02988483766303417 0.06954043727943723 0.019221033779030387 0.044599436453269616 0.061191691273982766 0.07816992568363941 0.038132608062191355 0.07134892747331387 0.07857534855176658 0.041148055602495674 0.006310770678792282 0.06690193224196352 0.06719381226448502 0.052440277189965745 0.06244717197986631
48 0.03302641655251611 0.049734560973800766 0.03273685995108638 0.004857191644716495 0.05075069492122785 0.08226760587395114 0.005781933022613398 0.09705112780938566 0.041854359877289596 0.09925905786308199 0.08002080580676713 0.058455247961304885 0.08625646458316095 0.039369530137871 0.07806252246968799 0.03985258179913409 0.01924691419636233 0.06932209264857703 0.0028673324142904273 0.029226699493174642
49 0.09353255718753514 0.034264582093072274 0.09363295352452972 0.059562648764177585 0.016557955240536628 0.09322373212772975 0.03564834098075738 0.0785950075452716 0.04297929138409715 0.08768817614100939 0.003752537172272793 0.015280155002393037 0.0008789412215755746 0.023072121386010294 0.06291651014541501 0.015019328931176985 0.07035676475334204 0.05907329208541273 0.04173772987822517 0.07222737443545967
50 0.004226250804805256 0.06886153107727423 0.06259099044090706 0.0847512128210431 0.05651121804730687 0.03641266323734118 0.021240618562506086 0.06989798988996185 0.043501980467435676 0.09957829027307079 0.03520697839560641 0.04750964369185083 0.022899595345300172 0.04340731125750459 0.05656406898811067 0.013990505118803606 0.03485537754978698 0.050680540604005266 0.0546722799285043 0.09264095349887523
51 0.03938857912845018 0.07168789350154414 0.06965151104360542 0.004283717885359805 0.07062485597082505 0.049196233983441064 0.014695420093550057 0.08791151859507715 0.05569220389541955 0.028297552499500726 0.058287299388487375 0.011092206626705486 0.05091985870053827 0.006660037064767278 0.0741020461999647 0.051078844489037184 0.08492348551943223 0.05971411972061677 0.05327223953598642 0.05852037615769108
52 0.0714336681186652 0.06018590203174076 0.062077575230332915 0.05706409210831835 0.07697796855213153 0.00029061061673397065 0.025353222085513456 0.03337968994700048 0.023387594444193888 0.008596659223873395 0.06759828315288285 0.07627117369238656 0.07731443655243325 0.06681979276619694 0.0550773807022873 0.07790887609648108 0.058884156828380045 0.015773545053651722 0.06830232551012576 0.017303047286670693
53 0.06550979194582572 0.03958390534656927 0.06499767985994757 0.10064531314393307 0.07865123941650248 0.09448281727633652 0.05819356459964463 0.024535269689070074 0.005396438614553903 0.018087822129353934 0.02881894024209882 0.046813646142257824 0.004848725612683393 0.06623320350532137 0.0912313441767925 0.012076855957962885 0.0510255601255509 0.01710274093056843 0.02348796716622904 0.1082771741187974
54 0.0598031331113443 0.07948701144873876 0.01678277253744859 0.001495412184751473 0.0834763637350027 0.0736937073784806 0.017247511708317603 0.07307247682345884 0.0734370574754325 0.005334815658600694 0.07393080599400495 0.04557337588531218 0.039331804313019345 0.06632620225924099 0.021991895182127144 0.0751400965989409 6.04634871165525e-06 0.07837953142272769 0.07336708630226026 0.04212289363207877
55 0.05518125642535483 0.06317239081981554 0.04733841331618749 0.054930922150364055 0.07050644324204532 0.01778302110518853 0.06412192127449108 0.0062424461868955715 0.05639342397488651 0.08899393940460489 0.08434107790894162 0.006696243420583673 0.08840856572911285 0.056870033756283016 0.011082041087448122 0.015704391672188556 0.03313614127546542 0.0727408142667252 0.05833107849159171 0.04802543449182616
56 0.029977135730246733 0.012116079838744888 0.09143855994787452 0.013871623512497069 0.013098078462778624 0.04402565472021127 0.037271646712915364 0.07578099314677926 0.08588623405634958 0.049256907352095286 0.06989665637545522 0.06550600304361151 0.055837103793785814 0.018058141584148438 0.047057117360361826 0.07158157247849437 0.06495156811348644 0.02136053008668761 0.08534899169343407 0.047679401990042156
57 0.09835104456827148 0.015674194964664236 0.007476312184836919 0.06072265149347272 0.013689681727980301 0.0007005626480313287 0.04858077089287624 0.026358139808334735 0.05566578809991207 0.02246502601413081 0.07861129950485198 0.03320409587464097 0.0181786024356808 0.06216620986723231 0.039338685812533976 0.02101164915005422 0.1349219665620802 0.029623726253136497 0.15056110155773797 0.08269849057954015
58 0.034292966837640035 0.08016310174850474 0.013289242270424498 0.08685048275552193 0.04323310504884494 0.030214022842820557 0.012870823272555546 0.051736388804866446 0.03337769407310418 0.07601088417766896 0.08649362210848804 0.011838268746243396 0.006057866441322756 0.006471700003504599 0.08589314444106919 0.07891218111924726 0.04417805383391939 0.08775684260238818 0.04997101254946112 0.08038859632240411
59 0.042765250550957555 0.08072802541571669 0.03410008655882793 0.06543198548176478 0.06665307681109565 0.01607281812281194 0.07908739430591048 0.03062127578107619 0.07082699364680553 0.049044553227559615 0.027412303015643586 0.07890754740055476 0.03436399581258383 0.04354490800746775 0.11586860633204442 0.010323968464455937 0.08310440154224918 0.021076843015829964 0.023939431420152812 0.0261265350864916
60 0.05036088707097823 0.06301784157921506 0.08245573661700871 0.052996772440097685 0.004214361746444643 0.06961816457578864 0.009240503093602588 0.040528580385851644 0.05703246298385505 0.0011637330922217343 0.03399156049758347 0.05410141955671737 0.08834407848800546 0.0526264587262695 0.10058583469863729 0.08442469178257186 0.024069892844987905 0.05304738618822525 0.05410644941197619 0.024073184219961793
61 0.07260669920182967 0.0297393320856847 0.004326670573515217 0.09270048597284264 0.08369047085401432 0.02597259475348135 0.019862894907430352 0.07247864263219508 0.037563413039350284 0.05209520469087912 0.03538879945518078 0.06282787151916047 0.046369539642840234 0.015515645374477544 0.05647621420639315 0.0853069891549685 0.017564397628041847 0.054061294053933444 0.03151024748282338 0.10394259277095776
62 0.10079742929795144 0.004176224396287007 0.036012745613648575 0.043576180733199535 0.03280125073994195 0.08673089111173425 0.03009192090611201 0.024739315954449746 0.012094740053570684 0.04982244545507981 0.01340149726804264 0.06751227866991909 0.09163817021966623 0.044073270691003724 0.08878227387769905 0.09115336370476435 0.01679016757664659 0.059327763905652725 0.048269581436860276 0.05820848838777058
63 0.022951901539963578 0.01458490136279461 0.0017113176048932685 0.06372173297709798 0.09468272917126282 0.05436325324449541 0.03672842621751405 0.018062487471379163 0.0933181773643348 0.04348106017437125 0.02057393865325634 0.09587941572364658 0.06038732224763894 0.07255465575236866 0.06026286956270447 0.04757508161690506 0.08145290038211078 0.07534706012426788 0.0388429035040287 0.003517865304965882
64 0.09842167915478715 0.04137796321265334 0.029676318615859763 0.011194210870640485 0.013678710871167298 0.10090700827986318 0.07007867146589543 0.06293676121989433 0.06524767855718773 0.02071877096880593 0.06409989019997117 0.0567916873423974 0.014033299526282135 0.020115724162209664 0.06613843868576663 0.08820748936737821 0.0013961690300396345 0.06075250999509139 0.07913799246805174 0.03508902600605745
65 0.0587358942805412 0.038088274402760774 0.07598271191732626 0.039886705774900305 0.06497040160686389 0.01296694086440645 0.05033937923266413 0.043105382329359766 0.08353575361072975 0.07088723039163008 0.024246437787327622 0.00379705599269666 0.044225389886319716 0.03146475661828568 0.058029322098673154 0.07010411928211004 0.03458173834359126 0.046889975852410344 0.07742027714969875 0.0707422525777042
66 0.06994213069477985 0.06233190953254971 0.01773657083407913 0.07668686226948196 0.05837309164388459 0.009652568028539041 0.021218926789922366 0.05618929851486548 0.0976870262000561 0.07719337881688343 0.105160439901291 0.05522260159841692 0.005858639052517196 0.04982049455284487 0.014465531322614857 0.007127412414868201 0.026700435887989343 0.026103081321742078 0.08936047195066493 0.07316912867200902
67 0.10076987742892846 0.056618363626399146 0.021812615028534394 0.09385900254763764 0.05347315551426004 0.10623955066097286 0.036301849838378655 0.01596168221409151 0.030671001607773044 0.06341365455178515 0.05624148848588774 0.007743046372659576 0.07703339061263907 0.005465755862714564 0.04954829732633286 0.05415823163178174 0.09572479365657922 0.007394620024307473 0.029408162631057454 0.03816146037727963
68 0.024803619331757076 0.046225446133255646 0.07322460294186584 0.05120012097880567 0.04410698279260196 0.08476311726441553 0.03840863251470292 0.05881104888124206 0.04513980683169648 0.06357691952572972 0.03747350947527763 0.033073700702475506 0.08647003804712317 0.011817996858522355 0.022573583503114034 0.06174174777709247 0.005475540380464432 0.09395251191423869 0.024581312623361308 0.09257976152225775
69 0.04324911981280721 0.021110518719529202 0.04109837784871066 0.04900589250981462 0.016249082564103758 0.03202577915108052 0.07827195816075562 0.08389708081417943 0.05924844994876643 0.03898772280840405 0.03940585840431995 0.03778381814677305 0.00911375157156234 0.0002366346396974484 0.08168242008312714 0.07951787753564056 0.09921911281427881 0.09171694005246808 0.0021896483821823138 0.09598995603179879
70 0.05213919935191692 0.023014704269802864 0.08025197948925701 0.062194347771303365 0.06833241042402395 0.030426564967585203 0.0632077656599573 0.06032201095432231 0.023807883161111904 0.030293964279363376 0.03791493335158163 0.06817359010122413 0.04069701435506955 0.07147537546703119 0.06954082589586547 0.045003392829689515 0.04286602111125524 0.022069131742804733 0.07118073772645697 0.03708814709037735
71 0.09391806185665155 0.07883913503168079 0.05288415057992706 0.0004574161512893417 0.02100707201740947 0.011019766792896431 0.008418982973474357 0.0054369214217904775 0.059154135800590715 0.06968312210363212 0.03442733156226657 0.06879585413711237 0.0018764636199660335 0.03551261360138477 0.061365852430349505 0.07755949434219499 0.07354347185666954 0.05963228691193018 0.1037139821419363 0.08275388466684751
72 0.05506720381106085 0.017941235972173133 0.03972609720949954 0.054551722875353176 0.03148092852666184 0.06830163750836407 0.09037907362083641 0.06902876463373482 0.017987274582696805 0.08174585766317274 0.035780142363724905 0.005432854038551184 0.04420106287075705 0.06901749488987305 0.07910020206609907 0.042276224964897566 0.068881134171944 0.009601287580103566 0.058369898596592876 0.06112990205390345
73 0.0433697510884096 0.0946226833033366 0.002802154041311671 0.04792896363510144 0.01133929444084824 0.03851882598094157 0.04737012645639814 0.009169848198831652 0.05477679589317893 0.01747431357949929 0.033218991294220936 0.08317235016689328 0.04190128331437096 0.09372837688266887 0.03418064722576643 0.09594009977602692 0.039891464217951714 0.06751965539223412 0.026399345793677392 0.11667502931833229
74 0.015394157425273775 0.0430117103974631 0.06134237439827499 0.058213932437018924 0.07189253207403032 0.09768508964877255 0.05023713999338941 0.07337664595435649 0.015329760295816671 0.05017906666382895 0.06710363934347044 0.03447139741369388 0.03017633840914027 0.009046393109930145 0.050116400013640997 0.03885862940931398 0.0516623901414195 0.023866564874269938 0.06630701969835372 0.09172881829854192
75 0.04358800940707316 0.03113693287892317 0.022284768497485917 0.020499223425689952 0.05632886898520034 0.0838044658822212 0.059963404032610516 0.04937418869093376 0.06091168128915146 0.005469454665314736 0.08022014646925454 0.07957880881090586 0.051920788675387866 0.09388230945493609 0.01345798074779166 0.0325220005941848 0.04158281192270373 0.03684412443594525 0.05402005363760553 0.08260997749668048
76 0.01865842961679776 0.056167714279348226 0.04126576168464478 0.0005501143034662926 0.07900785329732657 0.04977650247660013 0.02537583297138119 0.06886204364879228 0.030332823351396233 0.07766618854569936 0.037823404153148533 0.049531150896299475 0.05914639136501068 0.026754994712858082 0.06376776150990984 0.04061735958768071 0.08252560598525298 0.04275215046026241 0.06328662913280467 0.08613128802131985
77 0.08409382597986446 0.08210773602821342 0.08308471656592228 0.038297469040339906 0.034044773756573825 0.06911612769702961 0.03806389598744665 0.006246870051805373 0.005563334808782305 0.0029673207459327096 0.07325388602735548 0.020310623072812138 0.0225005281656243 0.08129808144271419 0.07037390830292103 0.06967318493577855 0.08027280401979482 0.031092880787638024 0.021682892959935546 0.0859551396235153
78 0.03157351042832435 0.057179342349330815 0.003087452596158746 0.05923888580050752 0.07379950194264359 0.03660055224631605 0.06636071010371207 0.09894971355316402 0.06955974161513612 0.10335501409374258 0.02883460420628603 0.04431635235574599 0.008429339198708655 0.025645713041964977 0.02201594297007259 0.09948991519338324 0.02205050220778739 0.05881058130009836 0.0024510115692212083 0.08825161322769573
79 0.061850134223460196 0.035372233121309125 0.04281199646635124 0.05619594497811823 0.058309586631738346 0.016329845858548825 0.08653335451371108 0.07122518394017298 0.06936643696321408 0.02981399063436635 0.0045699031036745075 0.03490442267023976 0.03945150830914574 0.04853436647039927 0.07544385770897429 0.054468996480368966 0.07360194125948921 0.03417301325771355 0.06756488582901882 0.03947839757998541
80 0.008044161478335561 0.04282599231671203 0.015390987945978351 0.030582829990631336 0.06196267276919337 0.017009525674430218 0.07543322142032251 0.048328111668511906 0.08174559661105388 0.07137855524360376 0.06638959743053394 0.07142595749539886 0.0797394327087353 0.003477115850012463 0.07749401030448598 0.02837222340283037 0.08418985955656687 0.046165788404134836 0.0049581424108410856 0.08508621731768728
81 0.01475893052613063 0.09487843659967021 0.05524220123245144 0.0649524401858789 0.06595278093448512 0.05723831019161433 0.033937378682242725 0.02896151217489259 0.0675506361934462 0.05879869662401664 0.037790908469454404 0.044546425256413044 0.017473025765914117 0.08397660739628457 0.047617254059061254 0.09008871371411487 0.06968601314722808 0.003769435047110355 0.06242146968222713 0.00035882411736350937
82 0.02971992742077518 0.08546011461482975 0.041179110268395845 0.07758517140008898 0.03733268757692744 0.019346035855639203 0.07679990541797337 0.011984155859514923 0.05298820477895967 0.03453607592459309 0.05659094237842478 0.07244086420976728 0.08884291587572979 0.05615018610345322 0.0584071239924919 0.03227187332099691 0.08046921828293739 0.08336883046076228 0.0018000635654773758 0.0027265926922615626
83 0.004010427319533934 0.03608193661392459 0.04979704033579683 0.01158164584406569 0.03206062844742213 0.06065059614874147 0.05314341946351099 0.07750872070761616 0.0632290327583571 0.0590235319931576 0.07146916192777532 0.00651058797190126 0.07782138186286251 0.0475475446430478 0.07282740199086507 0.06460164396504055 0.00048135053786971705 0.07654081834414621 0.07313012388409919 0.06198300524026587
84 0.004735369543409179 0.057821812980502624 0.06249092417975203 0.07589892990909519 0.012415323736952909 0.05771956410126014 0.032453762437936275 0.03606003735331139 0.057645381999110124 0.02996353415823822 0.07416504475963052 0.0701149783605976 0.07948833631136326 0.0017348369947226367 0.045377127973081154 0.07674624632400333 0.06854309295964851 0.05497610506112697 0.07441589583504175 0.027233695021216052
85 0.043966796918405014 0.01790904176915457 0.06458769856529767 0.061258110655118415 0.029131993985267633 0.06996597002951803 0.07251064436287878 0.06494666731489522 0.04278495619008062 0.014426640327813751 0.07600856240946145 0.04390521317627878 0.027268300463700476 0.04477612103537545 0.08840565344744244 0.08069157410209829 0.026127037758098565 0.033936396548937535 0.0694684333763712 0.027924187563806227
86 0.0022388611129857965 0.009205179903480729 0.025388483349163996 0.06200287799060718 0.08348352253449529 0.025823960431510192 0.08936109792436071 0.09829706239918638 0.024133390090356085 0.10048898574832059 0.06208964127589895 0.006021185727106132 0.04765458100940766 0.016951692648867565 0.03027958227081685 0.00036693915710325835 0.08184054565215353 0.08276722723776984 0.05198513486983894 0.09962004866657036
87 0.06643234828901869 0.010757833186990091 0.10102181202448948 0.015149748229197325 0.03268517683554582 0.004515204255331396 0.05631070648144274 0.00011646737112686366 0.10153918184161623 0.08694393440033725 0.10150843571531602 0.04281023203204321 0.007859558185974844 0.01229730384512407 0.07302123049975309 0.09961836609854606 0.029355761300881376 0.055114467839573474 0.03463223571491328 0.06830999585277876
88 0.011397198915096772 0.06444604453747198 0.059261659420265844 0.011711206035612418 0.05961831382968764 0.004358590828418561 0.02627951131321336 0.09515133198915936 0.10789957816598865 0.09266097872359051 0.05518282767173484 0.014198902227939306 0.07636130423792342 0.07966642879109538 0.012062736043269923 0.02905784221449621 0.04447233048664076 0.050184968424765615 0.03724499531114858 0.06878325083248102
89 0.06430121574845543 0.04333880842048002 0.09202452087997662 0.0033087711385063733 0.04309283628422891 0.04779526657110465 0.04903860278901202 0.037782443223919236 0.0004607811572470743 0.0725189902716384 0.009303750872225973 0.07597385866056774 0.057631676117528334 0.09679482994995128 0.047878660094089844 0.032725708442543 0.05825845455219923 0.07724444169257685 0.06962039518495454 0.02090598794879447
90 0.030703460432660798 0.040848914480925744 0.07117353180387337 0.08025733457569467 0.02845835239323509 0.03579975619064416 0.08102084071159084 0.060047525688783424 0.018648757175992813 0.013027061588226729 0.005283667248551645 0.07359610086871109 0.06859010685013556 0.023834245550382667 0.07482652307332778 0.07548558568943456 0.010425499949200221 0.061233135875479634 0.06878832751241952 0.07795127234072964
91 0.013720507230239473 0.02446814938301575 0.10272981297435167 0.07464448918723378 0.05924817509874916 0.04086717343726188 0.018786045888828484 0.06859926485746631 0.0756053087176511 0.02004089347106193 0.09066967795007592 0.016865427387824147 0.030589817169128324 0.004079415645052263 0.04266110951464039 0.024173820764322885 0.02372784045710836 0.10850771040611572 0.05833376991655885 0.10168159054331379
92 0.019899125902116174 0.06794324840251525 0.006235719733901102 0.005570307730759372 0.05416159596565105 0.03531719408094052 0.0908008538276419 0.014295582289971282 0.06848996513218907 0.01212800943005893 0.11944676592842202 0.08344340846556196 0.013668428235928886 0.08319925434172415 0.061683561389176786 0.01578400798665538 0.06416171550406546 0.0605886801777577 0.08230567030383432 0.0408769051711287
93 0.0939916522953867 0.09012157629354202 0.047548934299108045 0.03481941970620188 0.05595320632788259 0.013920775365823928 0.03971623079221185 0.019955115386964803 0.02021858658807198 0.05888597869609024 0.061709461199760736 0.07018598802511215 0.02923291317467365 0.020573486833502505 0.02904858808953265 0.05061375116010168 0.0712843541781664 0.037596097545974934 0.09419813040370138 0.06042575363818991
94 0.029675535323589804 0.05991998450149076 0.02649185404060711 0.02383364311685138 0.0001773393540498715 0.011400479515841064 0.08490663363730572 0.09536700219028439 2.1430470948394133e-05 0.059928278104729414 0.06660304225697927 0.07820554376929398 0.03168132661794931 0.09052391434854054 0.04114780855155855 0.07306880720026143 0.004774436171375286 0.043228932265655655 0.08661378597718342 0.09243022258550485
95 0.009147850647633814 0.057541797892325136 0.05325299536367714 0.08050284338474617 0.06815754116047379 0.08462690887643433 0.036333439284714955 0.06756341315836073 0.026312035837634737 0.07328366178774531 0.05208643929054126 0.05280989666911387 0.010757499893355166 0.0866637458764266 0.07183167312280778 0.042733177542553236 0.001548740845408844 0.027147817823437174 0.01721962714348112 0.08047889439912896
96 0.07615352858504731 0.059997675311560375 0.06051586523687154 0.04257426699387382 0.025860709107564366 0.05277516627836896 0.01857573956593474 0.08165717555165788 0.0017414455710165358 0.03926893906871981 0.05838431947066113 0.03199866795975887 0.04153507843723263 0.02624506675679043 0.0671131408212023 0.07704649764940236 0.056481391406804415 0.08059003633748077 0.02089793903662186 0.08058735085343
