0 0.06899337206693577 0.09112159035343176 0.059406907475432896 0.09520465537815319 0.0326917105061235 0.08695464355986181 0.0425246337639438 0.004920845220343627 0.02124895959755047 0.010326104720808747 0.05463257509940502 0.04105955644626686 0.07759860732053792 0.0807521974560278 0.02261380609734855 0.012198199846315696 0.015618269077221384 0.023126472113339867 0.08714249894509753 0.07186439495585388
1 0.08582763373577704 0.06518202721034787 0.015562406975204912 0.02003050006736214 0.061584499249687896 0.04923071352968972 0.0013720323336180178 0.011000230659209412 0.017625349077153952 0.07109638904519038 0.10222702403025954 0.08684858753917189 0.08204928631395064 0.033465108497421354 0.05514580071279219 0.09693521804838927 0.0013482311300098701 0.04696781406627428 0.07019654473716008 0.02630460304132958
2 0.10237459294587165 0.03080481408101768 0.016834870444096404 0.008433597497149814 0.033406975932448506 0.04019955420266804 0.021296730550341328 0.0204928864492424 0.08537441391135288 0.013355927806586525 0.15395721609046412 0.04356423208548848 0.007515268605449367 0.12779717755459113 0.006713077368092537 0.01089838507112525 0.05806804191743038 0.02470456594619923 0.0458852335744212 0.14832243796596317
3 0.06705339116116392 0.09840929346834647 0.0013478535853878888 0.030085047616571894 0.04288127825452528 0.06837181304370478 0.031461610209442055 0.02328243510804184 0.03880955404550124 0.08582568222004201 0.03628529268281295 0.039620668202283896 0.028644332251658685 0.0520960223879067 0.049061928618863895 0.009050222025983545 0.06159015226038798 0.09504753422536763 0.09276504926457117 0.04831083936743629
4 0.07714777676346822 0.020529613780334018 0.01148700168258059 0.09445058564038844 0.008045873101063125 0.08010765552074053 0.05735149841817051 0.05405624510610553 0.08022552186071373 0.027202599674101546 0.03982909445957011 0.055557340618561823 0.005969758936489356 0.048154764493143064 0.0969006251291451 0.040794201153232755 0.06992432624594856 0.017122252841195874 0.048471796223419635 0.06667146835162735
5 0.09647965961100784 0.036061304546461496 0.09719938267457762 0.03704207114633503 0.0478277189546903 0.010630594468607788 0.03906156477115108 0.08853355119263281 0.037540567382780415 0.017916458187489038 0.09012717003199176 0.09308660146872713 0.05413321950375769 0.0370766440861659 0.009297321964510542 0.036043131319625415 0.004275000350459938 0.047883792826893465 0.09279939390793832 0.026984851604196457
6 0.08033963425417491 0.05711173685543497 0.06073868191459014 0.05387393737607072 0.022178950237384077 0.0863587941185431 0.002233829541009124 0.05752467551455085 0.0929695763242159 0.018435558979817922 0.039534661628775745 0.08768924726882862 0.044826997146565725 0.030541305196294333 0.06855453683619485 0.05586813722437752 0.030056264631319298 0.03132752543962393 0.05846709070418265 0.021368858808045853
7 0.010567699350149567 0.006671181280498325 0.10483200807921417 0.10378047977094913 0.019398522511405877 0.004357517570552749 0.04855863256335021 0.027538797475550943 0.05629472027678285 0.02070023258462591 0.03046842223267518 0.08963070321770462 0.05857235433041058 0.010366412575915385 0.022307894696824905 0.07603880934535491 0.07875284710852873 0.11608759331759363 0.08641834835849901 0.02865682335341348
8 0.05832376898217025 0.08046489877050307 0.06302743470748239 0.04033673032691609 0.004140223898679621 0.06553884729374623 0.045830724344446364 0.04730745379857565 0.03892162536683886 0.06124953698108789 0.037639475908469104 0.07847456851172821 0.08744771908636556 0.06894398270793792 0.06603624177992791 0.02259143733001089 0.03883761280941076 0.008370711979530668 0.04509107142107423 0.04142593399509801
9 0.0013542435991449483 0.014916009440557178 0.10219811079077366 0.005916086647724403 0.06392263751127801 0.04012733956651669 0.01506127108567007 0.08272818619475689 0.009818639856383319 0.08202756296444792 0.00877943870078938 0.04400966448399905 0.011227789596072107 0.0168806588923936 0.14062611026043373 0.12562852674491945 0.1328275759671399 0.015133773472124194 0.06780540038490629 0.0190109738399693
10 0.0581513648903442 0.07955869137290332 0.011034090518842 0.07882798904508664 0.07999878480673782 0.06936957179001496 0.01440204448244473 0.014152929576263166 0.0905380939792869 0.010592970664062982 0.08012490755996286 0.05632956929170652 0.05171301721422389 0.03641314191727415 0.08355757082396573 0.0907267006322367 0.04617791799270041 0.00202642987730035 0.034087395191757894 0.012216818372884646
11 0.04519738489911564 0.09243578494561668 0.05155138983931755 0.07289877362741491 0.026357653025543416 0.0013592014097243957 0.06656211153642905 0.04780938294129222 0.03195864370757133 0.08625371570330477 0.07809319698224781 0.08437938562185632 0.021432171206149812 0.02541150271908962 0.07614146279829763 0.0333449282443456 0.02555203950698685 0.05323049371255708 0.010744118628181587 0.06928665894495795
12 0.04974617268643925 0.03740416885470233 0.004382752146483152 0.002631530635944945 0.09091825183734634 0.03263271194674987 0.08007212706685654 0.023048784740450596 0.064033358561909 0.015634506017093923 0.09897868421946046 0.06980446197132456 0.07463578563997364 0.06539558985229615 0.032014205820712044 0.013006261078632859 0.044010346325035636 0.07524498584718502 0.04743800571031295 0.0789673090410908
13 0.02896434690100253 0.06370440989392073 0.06200859872296313 0.09143926009867544 0.06384049734542527 0.0217478318925708 0.044894301572935336 0.048086244934387165 0.05032618142304459 0.08677497021354162 0.039268263435488386 0.03283896928453301 0.09666506008725945 0.009170756045933058 0.009030030001754584 0.10649510681611254 0.04223770936533544 0.035933450272984994 0.023111231006693943 0.04346278068543795
14 0.08885821225184277 0.06273458709585693 0.08490750630325436 0.08139240233517704 0.07123282442653005 0.017689039885594154 0.039681304334813434 0.0022182422355415668 0.06912527774046813 0.00747627707763974 0.03255945737971264 0.02777958737039938 0.1018479369114831 0.024124748747808525 0.02756172924340184 0.04993303663997 0.009361590962715514 0.0015087607711865524 0.09350597866329685 0.1065014996233076
15 0.022320697001490458 0.027697013923599145 0.017527605825076613 0.025797311954631415 0.08460765025773068 0.07990533875226123 0.06001257452720537 0.01214773455780211 0.009994874967159617 0.041875127273940126 0.0610559974542156 0.015158679121193777 0.03361027200917281 0.09223969934054725 0.06406241552826825 0.06886532151545133 0.07302757907567654 0.041613132726175985 0.0705655059643836 0.0979154682240182
16 0.08619097744642444 0.020477578621623565 0.10527703734971662 0.0168320428251588 0.013133693347763346 0.006116231826645804 0.052835333909698745 0.08113628269590585 0.052093127236046255 0.043136473762586336 0.012421094771334127 0.10417193610581336 0.10045471595777117 0.07628378283170156 0.015822837775483656 0.028587696049426677 0.057291103127406706 0.011978180692700085 0.02919814672568682 0.08656172694110607
17 0.045977775759782916 0.09264448884302005 0.007757286191703962 0.07891016530402858 0.042198574850739766 0.06904112942445405 0.04821289875858202 0.013579365973313967 0.028007622354714583 0.04122895220121012 0.008452584443672874 0.03820906998127994 0.051435201573189135 0.004199419436052707 0.10773004150459108 0.10408447653933582 0.01888879259179061 0.005965474839844545 0.10149167287308421 0.09198500655560912
18 0.02023074649125797 0.02711521611212356 0.011196436693933198 0.035003821010081204 0.05569515253514381 0.09191564730120777 0.05391855865119802 0.04440091532257521 0.04225497127178732 0.04847143254708115 0.023891828417745852 0.09154083746523811 0.01334314036916423 0.08416569443278595 0.04147142088601384 0.07169840419589887 0.09533587227913827 0.03689134614096402 0.06734830778656382 0.04411025009009781
19 0.05314197232883059 0.06508202065245904 0.07885082292770942 0.04366688266570263 0.08202522056559663 0.050771304682096 0.04532497064228207 0.016821941840714363 0.04825541186037648 0.07616771699864777 0.032238076191965725 0.06142407250678284 0.021563039764917292 0.06675572889815859 0.07438278368603807 0.07130384353173484 0.023454692160184382 0.005880276468686347 0.05872669143258995 0.02416253019452674
20 0.0526293053321767 0.016387449723688687 0.037085461974524676 0.030455953023962295 0.10482053921060658 0.053714901557715786 0.03247837674535145 0.0565198703740641 0.03295501135730667 0.11061575778560317 0.011093222610435534 0.08336495566218288 0.01334309907786628 0.07431224153308132 0.08924531590918827 0.03617541537228621 0.0064459272979175 0.022306559241239643 0.04797266075833803 0.08807797545246418
21 0.03934835485772445 0.08855953369000812 0.022046916184308655 0.05159967462256307 0.02227532809767981 0.0983512155264374 0.05424532576964683 0.06952869293121226 0.0168286704423825 0.05600870354513957 0.05241476852184939 0.07498859917266008 0.016381389163652508 0.09315813048915571 0.001941731012091771 0.01315457255620608 0.06588359273147096 0.003579306757457246 0.07284817993930774 0.08685731398904606
22 0.06835769675529836 0.007687710065731836 0.04331265285524815 0.08666431804288142 0.07278577738556315 0.04343149060753956 0.035985861152715924 0.07848948997475441 0.02376939773152517 0.06399818052029084 0.048189560903583666 0.07998527862893899 0.08627478007879189 0.02899195472711277 0.011866966385921393 0.00018840946027588683 0.10537108311337325 0.015193590947985365 0.0963898290023763 0.003065971660091935
23 0.05704323087647293 0.07003401335146248 0.07793597556504413 0.039636949543239534 0.07652002662525624 0.0045173894237491175 0.06900979845104624 0.02457442365218221 0.049123492264035194 0.07256789401258132 0.04583085967619164 0.05351369256425209 0.06487038869674103 0.01601395698326319 0.028772082757318615 0.04758668650716325 0.042857360566022996 0.06837791454111147 0.025751907847757004 0.06546195609510935
24 0.020352519099552085 0.07640693878317906 0.005846995202811754 0.07363846277807706 0.0437803066808856 0.004631546836051067 0.08023341859087046 0.024330319789868837 0.07640322017739527 0.04643743155129461 0.08433559833235837 0.052309499610264966 0.05581185235675119 0.05498498249787884 0.002318579054364712 0.034878768960156875 0.07954132540324127 0.09244088419521822 0.038241433243591055 0.053075916856188655
25 0.09956634843935323 0.05306498172599123 0.04656641266101491 0.033150797671370136 0.04891076932847161 0.05092553973498333 0.04723877798772277 0.10006642528859377 0.017043655404572155 0.013832899827743772 0.04552761635075947 0.01766528135838819 0.07848738415801663 0.003500171341558943 0.0691217011612388 0.05054593144106527 0.09267405822186192 0.029952278436518397 0.09469723659612177 0.0074617328646536425
26 0.08181920405203935 0.002733515578759499 0.009353798143031545 0.014874951602349286 0.0864814180894455 0.028156010229241843 0.10581519419664222 0.0026718532991507884 0.05191365416550093 0.055193430754493254 0.10030140523240431 0.06223067586530632 0.04781114526791414 0.036057531897710236 0.09280370853362034 0.02107140469952585 0.07985202623893374 0.013730840390730054 0.06803086376115214 0.03909736800204892
27 0.10026331271478227 0.020032171646115877 0.07370549245117625 0.09161571455908583 0.04762020204643839 0.0928124499138714 0.024305087952277853 0.09285135343255362 0.024808744102108964 0.014860553878570671 0.006788266528054001 0.09259112739090285 0.06314270442461602 0.06770396265971074 0.017247709886483803 0.008901386611595225 0.047408978146188344 0.056451035085233366 0.03305448849281192 0.023835258077422563
28 0.08329158175822246 0.04095095784528876 0.06922477489509596 0.012342806182974267 0.016954837696683916 0.022227014239242362 0.07722703630125248 0.08696316793522259 0.021769469583954513 0.0612127575814624 0.019987507048112904 0.07874873675959299 0.09034540592932606 0.03769671878869243 0.03804933432516058 0.026808643296024604 0.05138585025721928 0.06389386727447002 0.06601414709104686 0.03490538521095448
29 0.030400727827129184 0.071027367076486 0.07066466859521246 0.040825450804274965 0.014413903580326425 0.06183222157857998 0.06978891447051472 0.08238863370117964 0.07180513535474493 0.014837320634633196 0.0426963725238968 0.005748499704472408 0.057587124332372626 0.023822247118781 0.09528008450319102 0.04572414814929559 0.0665257592154943 0.014784173868609885 0.03513906200931795 0.08470818495148708
30 0.08122573888703763 0.06821246614012094 0.05587343046659753 0.10081586099478287 0.019442683888579292 0.09900432568774323 0.0374477268597336 0.0589370085619682 0.0023505586662902703 0.048386707226312636 0.02412208741180752 0.025840929654219746 0.0896519607481091 0.01536274598255337 0.013069140563509909 0.021555534668507226 0.07862617265851787 0.033077585034832505 0.014134536175963407 0.11286279972281314
31 0.03891231570229305 0.10277939357723125 0.04469058255128695 0.07649186467012714 0.06323061072028234 0.06968304419147704 0.04823566011144326 0.06488154627038165 0.010476369543834192 0.04409364962128308 0.05458374504331739 0.023686041444128378 0.01777930441078982 0.02715074311276311 0.01418739535513706 0.08435679835842083 0.021403236103709502 0.08616515347327479 0.012666274975666554 0.09454627076315267
32 0.06300619050320506 0.09409942949326608 0.0903032135422725 0.03344611594862726 0.03608027176346912 0.09262594258693777 0.05509479789521414 0.019071453217566682 0.025619596540410607 0.014110683154135214 0.07709432361194914 0.05548480536169094 0.05203775471726271 0.02940068814857866 0.016927400891393423 0.033779362926501855 0.054335543727687695 0.05967827256621532 0.018564873050339624 0.0792392803532763
33 0.001813713255824567 0.0915550630604409 0.051990525503279254 0.04803633118115854 0.04173421988828688 0.0450528415759449 0.007028042275506325 0.02352392978341436 0.025863938825389458 0.05998876252133667 0.09947209782608876 0.10620359289271054 0.05601321660892962 0.051692183533426785 0.0125456809807308 0.09193481977864157 0.0229132239442181 0.01355912316833389 0.07216889682547732 0.07690979657086065
34 0.07645521715559131 0.00428134718382282 0.01443821876027815 0.04193998301230858 0.008468063320390014 0.06161874834972702 0.036258876684447036 0.07849837634607959 0.03288364914523758 0.09509948522112088 0.07479477693935092 0.0023643038096611882 0.055503470127729895 0.051403355968324106 0.04984619112449345 0.06373442102097966 0.03275665872099701 0.07761336873013741 0.09262330005843929 0.049418188320884036
35 0.05372743679009827 0.04758306812955916 0.015473424585850985 0.034323089139010554 0.059093933484644215 0.05512174250916308 0.023116355902736228 0.049931559518851545 0.0664213999557032 0.09399248984597067 0.02188160480879933 0.0290062590422832 0.10144567307549622 0.08533117641986417 0.007446992932893167 0.09168172894445006 0.05403880507800265 0.023119294615219693 0.05745953578023946 0.029804429441164258
36 0.0979999978269294 0.0665938884944357 0.07996750523120866 0.02294433456685221 0.008636348198702211 0.07445924066748816 0.05577466261278671 0.020506819327327397 0.023096518195193445 0.0010652462932123782 0.06802565408702745 0.09993162815352091 0.005653685354509184 0.0654280034393929 0.0216764630355979 0.008503797370478313 0.015426278830979342 0.0713101344645275 0.09816269116074738 0.09483710268908287
37 0.06671559925313808 0.038613485812849575 0.0318584792163333 0.10063837594094407 0.04682325676851228 0.053894210438662146 0.006623123236609386 0.03040595748178251 0.05898656121196572 0.02556236468515717 0.0795635623148518 0.05165522465463051 0.047817316525782416 0.028118256860822022 0.03722848323635565 0.07656444458540368 0.03612008916798953 0.08623076366365591 0.07843469053534378 0.01814575440921064
38 0.05045489225209422 0.037232261185403105 0.07944356713733076 0.09383408776959411 0.06290923885323539 0.1177710861359587 0.05308151882880327 0.07346527047990709 0.013688033136417203 0.00031725416682492345 0.03987850574048473 0.018147739366957585 0.028146507733174626 0.041967487594648786 0.05931446777967827 0.054344926914536414 0.008375487431623283 0.1062651864978543 0.028162130542689446 0.03320035045278395
39 0.06389771799361632 0.08592979846159633 0.10324503117554881 0.004435681865090594 0.018622312770515282 0.07885551950581134 3.333728518946505e-05 0.03858788384795474 0.03614149991196157 0.10074824031003858 0.028306743961761884 0.005578313888250142 0.029351184690926936 0.07166197839485182 0.10235271826782057 0.015425286206344906 0.03956052048994785 0.06698358789757437 0.07859329896136004 0.0316893441138385
40 0.046627447839279856 0.040737689015020194 0.06294961822744344 0.004684168854905155 0.03234220901586341 0.045588525377302465 0.06487852539414209 0.0312517930669793 0.09762206374827376 0.039229080460374315 0.04476836466380039 0.08717297246055915 0.07587955568650523 0.036740027314320134 0.03830116976150583 0.08516335587352078 0.02961876249315524 0.09479499025716946 0.005194673299346262 0.03645500719053344
41 0.054782253189468055 0.08258129547296564 0.02433664162122564 0.007966561419040093 0.04339126716860333 0.029568912920197542 0.049443311013994906 0.10241787225450981 0.052832988418198605 0.03348199280599206 0.013727911972725935 0.06037641713446337 0.08501107642423564 0.02282347886249182 0.10043884614017441 0.05412398678564569 0.015915519725813974 0.08363429976884147 0.009161772796404438 0.0739835941050078
42 0.08390969756614906 0.020510389741529647 0.05591415494733431 0.008236541120955607 0.07655752461436148 0.018110239038994183 0.0036917852525377875 0.034255886352679676 0.04755258598151898 0.04041971649756944 0.052893646843644504 0.034713384184330294 0.07069645756977334 0.08774533957807792 0.05634835739488098 0.04830844559869841 0.08225459828141858 0.07879867648135634 0.050562863995690516 0.04851970895849888
43 0.03399998871161029 0.05418124924691428 0.01684799847223572 0.03148937016217684 0.0681903308613398 0.0020715349039966886 0.09409481890314583 0.02160623365191551 0.07858751326917467 0.046048717547064626 0.012109190613931018 0.07570690574713052 0.07565917357155065 0.005863222137387112 0.05424529169690653 0.046592371365953844 0.07423301743494301 0.06359550011216626 0.06924667723898809 0.07563089435146876
44 0.07072667665813907 0.012223656104740771 0.08428129452362526 0.037015150528824294 0.09943896915413093 0.09048141109239594 0.02501170340025655 0.008864930306438853 0.02725530533350472 0.005273526902098285 0.04967515873470148 0.02016750661265115 0.08813876997905133 0.00934531612043888 0.019931537777633644 0.054990695222293204 0.0973271661719256 0.021741574109328532 0.08978397691593058 0.08832567435189101
45 0.052942640222053826 0.08589938216308024 0.07113870559081094 0.02841194759621877 0.08303195997307208 0.05365297378406489 0.05982504618885772 0.014404109728798544 0.06315218497784995 0.005514996865721429 0.009240928741458859 0.08107001874524077 0.0031763954391318045 0.06983228542931194 0.03112951079864788 0.07518715735394281 0.015392963216848606 0.08383959548623711 0.08172380128593361 0.03143339641271803
46 0.026281715324059696 0.0008648167178922284 0.014149027457265559 0.0782427710305373 0.005694018027234311 0.08660908451307138 0.05794962737425558 0.0407235902437999 0.002380904518592789 0.05203726319967024 0.08767571695579322 0.06695455457074068 0.06520148841245603 0.06888121162708807 0.02360321229986768 0.04693439960026437 0.06389013502509121 0.0617076751336993 0.08001058431070338 0.07020820365791712
47 0.09335850799668005 0.05813016319268812 0.06706831577651295 0.007641510262344453 0.08750346465737505 0.04896430300233552 0.06261180329567619 0.0031894932076171386 0.05439716295647891 0.0166577781817357 0.06374821735636683 0.06963946511997911 0.002112993326031432 0.07163148278240625 0.03505981997595086 0.07859818663508285 0.04357204109462015 0.03223871855145928 0.06284973330091788 0.041026839327741225
48 0.00921083238357755 0.0036346457899917983 0.04224646462817589 0.06493529698357323 0.043160998733042945 0.06295811971634219 0.025087808508852005 0.007827600059924271 0.06718547279132353 0.01554017381864156 0.10334918765756564 0.04784709827604767 0.05432218996710221 0.07427740302263554 0.0054361633890556435 0.07275212185726457 0.042777784052298096 0.1054206245824391 0.06088930340816977 0.09114071037397678
49 0.04707168717943782 0.10799133303645647 0.023093185143696442 0.04061521101601264 0.017463874720565487 0.06989415284947673 0.0018722003416987206 0.053212205556404726 0.0857386073040617 0.028444187178194063 0.05529646544449844 0.1037862228976066 0.11793922989298322 0.023953314901151147 0.004615450207115293 0.06034286184765007 0.017518791083013952 0.06238948879161965 0.042398391324000965 0.03636313928435579
50 0.07954818720328082 0.01209028952875481 0.057467704571855044 0.07213860104402207 0.04648332050694165 0.0036512922219326524 0.040181139177735886 0.07021454338810143 0.07185643601094654 0.02837153165077988 0.023916403646446784 0.07033995449276027 0.041350436419963846 0.02933471880168783 0.0454505879100483 0.05787261515201188 0.06083058535590589 0.061753485355876506 0.07460268471134214 0.05254548284960585
51 0.055777311258902514 0.010112723845663488 0.07530367840803322 0.019407133195735442 0.0055783954354672125 0.07568728759760913 0.049797160990795244 0.08892521298515464 0.007594375395491213 0.042831763186826376 0.010754891488497176 0.06867160528501232 0.04283460883227783 0.05209759209881708 0.08771482420120792 0.029150080238104708 0.046926251916025244 0.0847451518140622 0.06449075429114864 0.08159919753516849
52 0.09523117121207417 0.08976387399543313 0.07258739129920903 0.03320809261647428 0.0362180874527397 0.012812153193902488 0.02048123906363998 0.01995857166166101 0.0379601232113854 0.010219244051362786 0.060343493696399034 0.08935417203173482 0.07861779101552933 0.034294007949318125 0.07237416116165579 0.061471415211919206 0.021511999293276147 0.022006249373475718 0.05229099213686182 0.0792957703719481
53 0.0740321986470724 0.008257997761913112 0.05424943902221098 0.04391255677456906 0.049052873170007165 0.03573961691086159 0.07421598737285195 0.027287913509928374 0.033036254382335976 0.07209652791911281 0.05183406233352656 0.10675094216027677 0.0543101096047727 0.06111854610207553 0.0016041773933032919 0.06276569708657041 0.1014501914844638 0.014935974202370571 0.026039547301699436 0.047309386860077504
54 0.004540543208900717 0.032442279666527386 0.05221097671596859 0.059077520716899146 0.05389283828018584 0.055040134353196345 0.021162186873246742 0.06239035159900728 0.05228557760822126 0.045825347638930966 0.072502197960392 0.07936903125736006 0.004945506339422651 0.07002606778657677 0.05324454321534973 0.03528187798956047 0.06428848353122842 0.08308659799709768 0.09335760432680715 0.005030332935120695
55 0.022283407055895155 0.02224074202898498 0.02484955743587577 0.02259830156262986 0.022869538037079265 0.03652078623448831 0.090420354600949 0.02002550483194616 0.054985543693294135 0.0898898844156781 0.0573174478482364 0.036674410027660476 0.09155172120829712 0.0630034354658328 0.07167203163495987 0.07948353090495476 0.04598711588625346 0.029554401339368 0.04894504896483392 0.06912723682278252
56 0.014033344719107207 0.023638178409191513 0.049056162711567146 0.022746333024840547 0.07086474878098874 0.11022752373049485 0.07387200237194097 0.0578266610718962 0.054974706450364556 0.05914143238324051 0.023079337234436333 0.012228581948805878 0.08858247386608575 0.11653505792267949 0.05178600872193145 0.024176196496795095 0.027809088600822048 0.06127666992736761 0.03201065901676676 0.0261348326106774
57 0.016855888930725413 0.029265876152706424 0.03137804542035766 0.07447789626457804 0.06562218710158899 0.018690673671858865 0.0550748909656878 0.06777664283137316 0.047963310819377575 0.04993908626236191 0.071515404878106 0.018911663232331354 0.026279599506463355 0.08432283730928129 0.0369952855260776 0.06777322043385285 0.0757348605594757 0.06354623799604668 0.0331481850764357 0.06472820706131362
58 0.061292453654861315 0.08312069635194917 0.07875212032033162 0.013405898676777116 0.044447069393116705 0.022122851130049494 0.0225896265084063 0.05888951340452102 0.06219081239440206 0.04858916980237451 0.03410852243732095 0.06275686548665334 0.09071996323792927 0.06918896314668219 0.022537561411363812 0.05395869241793465 0.055972262120408935 0.08218777539368263 0.005721599701020475 0.027447583010214306
59 0.08180348628687822 0.03641538572160792 0.01376654690340784 0.07076880285558275 0.08607569567719553 0.0326664886298968 0.11689221443181239 0.005949515811761633 0.005466973117778248 0.009092436816178714 0.05442851277621447 0.023969162321737635 0.00039114251586815237 0.03896351518500282 0.0810148197775168 0.09336878783193486 0.023660367055812762 0.07650983308923294 0.1211188031362808 0.02767751005829863
60 0.060633722027987155 0.042442632258768986 0.028507282537263035 0.050161611465050916 0.05400603201971458 0.07974824244449395 0.03627196510667875 0.09713022339229258 0.02005712721918 0.07922141982106526 0.0392214195520261 0.029215645474393405 0.08939897329189643 0.01620332454480946 0.09299176323834718 0.011708041258049296 0.06744292912895195 0.021585517088816328 0.044371890033017884 0.039680238097196625
61 0.07644014221181024 0.029284153676676635 0.068967905671073 0.04157938340222688 0.05965716663448653 0.12077022335088149 0.07105043632163228 0.11100848350611789 0.02254922736982269 0.00882261750154547 0.08054491469123926 0.030852211517073874 0.0023262814231361636 0.01646768294691785 0.09295997035298482 0.02382491851731525 0.011504530806831966 0.03662683554858757 0.082524623247736 0.012238291301904134
62 0.08277133192455786 0.01988729992823721 0.08376805944939131 0.08960535372441308 0.0804843154583367 0.007693029831301188 0.0389501445822905 0.07087701256782676 0.047587654666160106 0.050075602537649526 0.029208679195715237 0.025106463200655658 0.03024830087540478 0.04559492297358804 0.02844479588506436 0.05913635985903331 0.03228000900185725 0.01403290729717986 0.08141593772592175 0.08283181931541543
63 0.052608909446124716 0.04300195877359356 0.002597692031900226 0.03639042552983327 0.06169248595647539 0.09248812177436734 0.0014794620316965791 0.07938538200700844 0.07165848208262608 0.0006577737705256325 0.059173194674971015 0.010710674208552453 0.03463381279553126 0.023615420388958606 0.03322469303111176 0.09457226901097501 0.07141581876291143 0.07830319079814418 0.09803734443549615 0.05435288848919668
64 0.07587174937835058 0.08278757036536445 0.0694476470558337 0.03759195320830545 0.008675980789254188 0.05591446064381129 0.045987219384408695 0.08052265440193765 0.03363250713408431 0.014649936015844836 0.005869178773841932 0.036502936864360895 0.032244373658078765 0.040668248840090244 0.07456242949127072 0.07953869285779314 0.08010221667991735 0.08376084158018227 0.0016094110305391119 0.06005999184673051
65 0.06864292512640964 0.0716236988191452 0.03408919849970856 0.05793445377517759 0.02653904317558442 0.027794757261632733 0.033268834835953526 0.02596018466018933 0.030034501837505622 0.047179339857359774 0.07196615642598926 0.05121021550008717 0.04341763913148991 0.056446052642769085 0.07367939332718193 0.052525772756528956 0.03708813523890437 0.03304781980014092 0.07495616425055532 0.08259571307768675
66 0.06887216004286216 0.016759864139681738 0.050258919455071834 0.061827800145457405 0.08256561081359962 0.02252190268853439 0.030877016248766074 0.07091902545287423 0.01892126859767372 0.00625238928027644 0.07672639133704545 0.09011861316532704 0.029669824922654717 0.043778917385906384 0.06941933130892983 0.001413480240800755 0.028585459817201182 0.06423816690434246 0.07879138613088439 0.08748247192211024
67 0.06317754422842893 0.02315021515873189 0.045752843534989214 0.045239657201006464 0.0657373133339159 0.06481229459358982 0.11025091781671416 0.01950143853744533 0.04796102597859351 0.08757787207371766 0.0014263271320848786 0.0037290421121202815 0.009094870800450554 0.044528029006602965 0.028288133393728043 0.06619377327885449 0.07961986433129342 0.09508168003748771 0.030986981603736086 0.0678901758465086
68 0.04226175582478277 0.0035421108808786797 0.0740229587712535 0.06290852019823165 0.0725914829392787 0.07161138934978466 0.04441801502638037 0.026417108099898997 0.04147610680933406 0.010086110680612069 0.04401462808747645 0.09735417093599776 0.0363350681945426 0.09026200839075543 0.06660400497649628 0.023351440147745067 0.04589102647422949 0.04190470971841883 0.05283309506652758 0.05211428942737511
69 0.027837593077497846 0.09254344287334487 0.09640444315834955 0.03205507726742208 0.0035313456361773057 0.005702628151605955 0.06545104285459875 0.0953200288402525 0.054936637385741824 0.009408488879096542 0.00019824283776687405 0.0943262676966876 0.07953576412844707 0.09686999202784788 0.08411955538272155 0.03826650026441643 0.039408139408511324 0.0013424119467514597 0.07967562514236831 0.003066773040394282
70 0.06249504593077878 0.028371782774846813 0.029651189771390016 0.026431618766797085 0.024346726050926516 0.051394786425342814 0.053186689391462365 0.010942275816959383 0.052223289371000375 0.06662070649520495 0.06893958127104452 0.05855236014804512 0.07892506768354711 0.03319949850839693 0.06795867675608022 0.0006310499807045864 0.07650970275280067 0.06366674392343089 0.08544204488316134 0.060511163298079367
71 0.06898991789012529 0.07211095820545031 0.04319823887712636 0.09087760760878077 0.08772913839675467 0.002746272999745378 0.05491022257109815 0.07366458104511618 0.09588727519408091 0.009306071005533966 0.0026909437183956627 0.01746871893640434 0.06625263501693486 0.010290151193239915 0.010672066212777387 0.07002322407198212 0.04663701092283306 0.06177491540951034 0.09088666695390468 0.0238833837702056
72 0.06833433970478314 0.08112147114522121 0.002488124928455935 0.062257975179059184 0.006600565574120135 0.07608461224914 0.02241505344955082 0.029889290351820686 0.09497791903414747 0.03020724541133746 0.030629321022232477 0.08944359827546755 0.04367439693491237 0.06254298047439256 0.03862669012974917 0.08373243927490398 0.04745298031830132 0.049903611219943876 0.043941770640959804 0.03567561468150083
73 0.0012044749015208695 0.03400389529970825 0.08465571647412058 0.06828585242556194 0.07007756046730607 0.032024104975297014 0.06287237981383503 0.06500852865498191 0.035509833776417976 0.07835636807173461 0.09971627857536346 0.04170893829919255 0.032220987760463456 0.0007338930981871858 0.035178101118419625 0.08045133518356568 0.02151184429437265 0.016543837896050396 0.05182271568879943 0.0881133532251013
74 0.07969186227051493 0.07022491772683856 0.03715544105531799 0.0021279554557074166 0.09854966011327324 0.07264543025125957 0.0782838577217804 0.028748880663788744 0.041403038879020054 0.10231218462220963 0.0019327611300909587 0.010863453546620244 0.0045263205136804275 0.013495842300583946 0.04999506190658974 0.046846985233939174 0.022546992398136106 0.10429666628304542 0.05700788178739596 0.07734480614020749
75 0.003802853581762635 0.09097059553867788 0.005418679195072491 0.03830726220394236 0.06134985978393912 0.02629920647059233 0.0616259547823293 0.038237590177676646 0.010834588380717528 0.0277593548200109 0.0991211995890483 0.022805007194087137 0.07061636851020164 0.07684006218559707 0.05103231405012034 0.06156205163357145 0.05434453453786703 0.034349049129808906 0.09359762742477627 0.0711258408102007
76 0.04891439810704396 0.07306033000972849 0.0790489051500011 0.0427844413963521 0.0028416177005890163 0.06194722615916495 0.08943604508585168 0.04865966135494187 0.07650595385806411 0.06639838262727416 0.036144622991870684 0.04350211731953148 0.09938453834548208 0.012389138884458717 0.021481325176737003 0.04486844509313654 0.033129878194807755 0.09421842862586179 0.015930798550684928 0.00935374536841746
77 0.06952340942623625 0.03550197931429318 0.08634855430985339 0.0282159156337175 0.05233750906062757 0.08542379308409986 0.08646627258755245 0.015616039112464 0.01495726749971368 0.08539348464704709 0.04635009000987602 0.048935037546373766 0.004712486211710698 0.0797670846050301 0.023837240895163533 0.042689646189327246 0.07608425702236522 0.0034502510989932868 0.06043679725347678 0.05395288449207836
78 0.04780837009579164 0.002315480135551483 0.07307092595834802 0.0523686719289723 0.027038140656051014 0.056492746405851654 0.020471956549116436 0.08985108294011189 0.008582204330022181 0.037705828007892586 0.06326137114225737 0.03860347764824086 0.05495802865331459 0.017059972300201027 0.075354753183502 0.05214406843766935 0.08250259708845281 0.07383050511148752 0.06885442105918428 0.057725398367980935
79 0.0943430498861359 0.05611443171281636 0.025602989700398707 0.05984431603731027 0.09513175311526308 0.004943158391460734 0.08833315342909678 0.058632873169236925 0.01585201336652293 0.08162665650367573 0.04336049374633904 0.018534434613465645 0.007320503597023593 0.06711241494359844 0.09610805884468289 0.016301839170835816 0.04697936981053131 0.03730515118019782 0.06543054555556317 0.021122793225844937
80 0.0558437132982283 0.07749513138805883 0.015049528342375813 0.02626262074409582 0.05281228595230998 0.09006344548181282 0.08545950473489464 0.04063161378565762 0.04033925614681954 0.016945591730294803 0.07840103557343027 0.0022063069605665155 0.03452528376731615 0.057756436157661566 0.07594101640795815 0.030636426308127292 0.09537026713142946 0.0512100973173867 0.013408846719410712 0.059641592052165016
81 0.008530479405985095 0.0660228114486704 0.08128534549216232 0.021275182799909063 0.02161354624540047 0.08334627507091089 0.06606923132679206 0.020235760330556133 0.0767968425082828 0.014577956624490648 0.07157246937742773 0.03875746396677396 0.07145491794702218 0.017393232346646154 0.036306762748419145 0.07348197132639013 0.029468552788226975 0.037396073550990436 0.07559421376349454 0.08882091093144874
82 0.05650803582575611 0.01832158953262017 0.047779087605709 0.05631785747216265 0.031804784499927186 0.0775449372044146 0.0566598857394289 0.0822752036790058 0.029017397402835814 0.059305520330324275 0.0014414632855020164 0.07470207559645993 0.07979228833567871 0.017324116011782947 0.07619801311869355 0.048442746460062906 0.01798740003322711 0.08400155528864241 0.02257724789389786 0.06199879468386806
83 0.03944462172922932 0.024553791863620552 0.04599042564749766 0.04013014556170684 0.06796149368030664 0.06694069058444281 0.026155807982092164 0.08111552208817191 0.05914998500985244 0.06258755743157964 0.04124580643650561 0.020046610754787874 0.10031190065731882 0.0662080818930391 0.027014066251247044 0.11625749672643239 0.028282444787609145 0.06123265992862669 0.02396287207434086 0.00140801891159247
84 0.0032916225434324905 0.06028710429898237 0.03211905450654211 0.06799675943116162 0.045908660912685834 3.3264595206893035e-05 0.015322418990232442 0.012502507655460604 0.05454573657169804 0.09591375436528123 0.08134972199523909 0.019969751448288716 0.022206979975078728 0.03337797452320172 0.09829459688535296 0.06041964715686129 0.05367086212076748 0.0787968135090309 0.08814290857654893 0.07584985993894658
85 0.04243494594626614 0.042169837235967976 0.08132838790518601 0.014478026585092145 0.06957466391939787 0.01486918816307725 0.029832508632560203 0.07719114122693195 0.012249033059990061 0.04998761457790464 0.0730817175980838 0.09161542098194962 0.04995516217579973 0.020312597013576517 0.06181538540175227 0.025326254629869493 0.04271045882039943 0.07751879863499961 0.047641005166799165 0.07590785232439619
86 0.001992625021139521 0.06576796008669156 0.03002837392811587 0.052597582910636244 0.033142641210403036 0.06221897703036989 0.0695221706159751 0.013333535847581545 0.0972820715187669 0.046146604028519264 0.030551177098072757 0.026684913760757725 0.05286371063333034 0.053940509250304754 0.07499526291095339 0.09028456851838944 0.08049105754943628 0.021826306469470886 0.0718322020681248 0.024497749542960634
87 0.020628714313813197 0.06481758924757301 0.009541573080461793 0.07641235707758606 0.04953931529242315 0.0694291393974096 0.03264337988483708 0.07565820847203183 0.026175846368302273 0.05849561087038383 0.03748692612892694 0.06298833186854917 0.03491913207589942 0.05360062084339319 0.0600839394813279 0.07018292702919637 0.011036045786938491 0.080257372567277 0.06274840448608614 0.04335456572758337
88 0.01959661368409318 0.09528567493536837 0.08054659808350727 0.02816065622283857 0.02490213464605869 0.09852083223139821 0.07353809888005255 0.08970293931509257 0.07781933294575522 0.015193269510212472 0.07917529844129267 0.06018755151304312 0.041025228235380025 0.020687163451452193 0.02049897218897251 0.007361485621522184 0.008719501985980633 0.005618767759635809 0.0685326836549482 0.08492719669339538
89 0.001442043025264498 0.06222627430345323 0.06321642177788551 0.08920683192156152 0.03162636058938866 0.055803355915988326 0.02889998038810066 0.0781502995332924 0.00014910406565687563 0.06186104217632693 0.08746853324376266 0.04016001242637459 0.005566891373710057 0.07934791286717853 0.04408563265466602 0.03529738120313395 0.04642004680985158 0.061890111141632266 0.05119863737280907 0.07598312720996281
90 0.011607869778838924 0.06712446858404729 0.07561676697237792 0.012730973658740468 0.06138314977896449 0.042932084209413246 0.05063293464574403 0.03738021923163373 0.0036879932446296747 0.045625639623127615 0.06879428786964799 0.0756727290582471 0.020570283495811595 0.07180659958945705 0.03085109747218413 0.07371870609771543 0.08296423864115995 0.05813894008731936 0.08740694342251482 0.02135407453842511
91 0.06459373348904336 0.041123745300325684 0.08858405819177699 0.10200902797006142 0.09934566670165519 0.0048666979517015315 0.017910980444629913 0.06941812061562146 0.02615357340922089 0.014534364573249465 0.04400917662193852 0.0651235421775567 0.006410731879167599 0.08048325287316864 0.009528472486910983 0.056316009621054194 0.01684724806318963 0.0855318387144206 0.08532243181482016 0.021887327100487165
92 0.07248707712531366 0.07779736169650539 0.06256445743392827 0.09209176638008022 0.002513850037170615 0.07036616253561843 0.006293948581659573 0.08276836185430898 0.048005383520660985 0.048269506825548744 0.014546105445747352 0.05264781875507422 0.021475730031448478 0.039112260081519606 0.06538240787445208 0.009982362092258602 0.061219638652263916 0.08483612746650154 0.07825292835383227 0.009386745256107184
93 0.038855979093304335 0.035903276813442554 0.03885577126004691 0.06510145092537854 0.07131528557957698 0.0763595544210772 0.057904394330731856 0.0489610265413049 0.018149168236682254 0.045081735795252056 0.08301927146090227 0.056980386360622144 0.07237613392040936 0.08727205648771891 0.021990844249013226 0.07732308981403696 0.03249287821949203 0.040381315139633035 0.022432468926870366 0.009243912424504076
94 0.06128161909813426 0.023109525068439628 0.0667768030661848 0.07214875307403361 0.04397069432609918 0.03613891118008445 1.609898662698755e-05 0.0789566865196234 0.06859555563352773 0.001138998680843788 0.008794698409991092 0.06362401093170036 0.07044368921898887 0.07073786988885522 0.060882197623357365 0.03657846118921436 0.08347783630563307 0.04708531237009966 0.016129514977700432 0.09011276345086172
95 0.045510975526752664 0.06781310370712768 0.005410942581603811 0.07586443637694627 0.042206271331887944 0.07270023270265609 0.08308818130496588 0.07712004066718309 0.015283616227881188 0.007009701742576474 0.03680334828219494 0.005037183970895325 0.04813613649362493 0.07570954476195155 0.0004893147244270218 0.0778264633467371 0.059579855384924114 0.05253661286243702 0.07428161973954095 0.0775924182636859
96 0.02017736238393882 0.03340778521284617 0.08238471801902716 0.08444223104337624 0.08285028322999394 0.054726121958830615 0.03845136445084871 0.01164076240339917 0.06964119809529351 0.028853730861512217 0.021853642792167893 0.05035281216920751 0.02235121318235231 0.07433667779558813 0.011595199560209869 0.08317121237131678 0.0797371419532978 0.07187824022353484 0.05842698394363514 0.019721318349623058
