0 0.03497950621043426 0.019529727899957706 0.039712006250904645 0.06556511637257657 0.06778245433171025 0.07855024135580992 0.014523501362559508 0.04796686770375272 0.04486805628849868 0.06683608431973091 0.08106427377021716 0.037641535381290725 0.02188261566897934 0.04974754223619512 0.012143763188787945 0.06403553298781228 0.09108560579114633 0.0705413065585953 0.06501005080408587 0.026534211516954807
1 0.021631722380574592 0.010594956322853998 0.031253776248999866 0.026776697001723193 0.05405393680568278 0.030480994898156543 0.01591252851915116 0.09824555280120456 0.029124825820314827 0.10032374642004578 0.09900412981248384 0.07312168364877335 0.0390952343136603 0.03564519448173776 0.03815906136584248 0.11272104452174073 0.0060728370155414095 0.03244588622276265 0.10717507759534635 0.0381611138034037
2 0.09171890877495277 0.04025643564735748 0.0432325806540508 0.10757224907237693 0.01586883314983962 0.005532197269446228 0.06487897324894142 0.021340146449418246 0.037334588827703685 0.036257928233507 0.07996201519794782 0.09623361972118202 0.049248200392061625 0.07141968830968504 0.007012900128299671 0.05451524376974773 0.018359258890069917 0.021681647747609483 0.05250911403981808 0.08506547047598449
3 0.029336818978679444 0.06719980100165439 0.01798655429272815 0.018094087600207427 0.042491063459761724 0.02990043375379144 0.09221693006026822 0.05896861399955837 0.07574077825645008 0.044317193278837506 0.0020906147637895552 0.08320885752798907 0.10196833064709748 0.01989803498168159 0.026580124793021312 0.0237385209829899 0.04430928649583242 0.07524076365507018 0.06254124281125008 0.08417194865934184
4 0.06679727969258567 0.005581476460847992 0.04362012671879912 0.03372834580871156 0.0877863913187424 0.07692676402623856 0.08160141004599214 0.06843811678068075 0.0032094440150538194 0.06593435979318138 0.060233602530825874 0.00748688693087746 0.05052115160916976 0.039235274561603944 0.012909836035457492 0.0381719929026749 0.06473526692459636 0.08240757166988574 0.07091647397067576 0.039758228203399096
5 0.08486637625036127 0.0338894708050941 0.10334441859074313 0.001275850377857316 0.00859906695209497 0.009697404425394464 0.05505232028199935 0.08216587672094383 0.029025551132469483 0.08166910673545943 0.06336231658692891 0.09137874743025921 0.09291384008367308 0.012753164377978346 0.0444469399576132 0.05495754424394767 0.02357467806314652 0.05440541948223365 0.03634383552792146 0.03627807197388062
6 0.07328437292121903 0.07798781205511009 0.005112676515436543 0.04396450925164494 0.035666638811424234 0.05440544068352769 0.01790583085382173 0.045219044581782775 0.04641302083672469 0.04912250505523416 0.0698734007090868 0.07305016962993449 0.07094953590446458 0.07263737952200677 0.014625431192236561 0.07458366891361463 0.0045741193373997355 0.0429869161502006 0.07596538707348349 0.05167214000164621
7 0.018565579823484377 0.06258112132620984 0.046069807428376686 0.005374506406394877 0.05656527540981159 0.09827391080728569 0.007432650380111466 0.049551446790581426 0.08322870843099811 0.07292092176453713 0.02761665029475689 0.08113254569470886 0.029763205255668487 0.04882766008978572 0.09173224280417287 0.05436934492100488 0.04127230742648742 0.02489470922570921 0.01907880933693776 0.08074859638297686
8 0.07831911952874175 0.09107488223684763 0.08118054076766504 0.05784612899369819 0.05006582483376945 0.04748229943278745 0.00947376023131684 0.03694040229188344 0.034615324329827536 0.0726453804960304 0.05417336519089245 0.07809873305531594 0.027657221917203444 0.06789389922731545 0.028128083414806524 0.0005947418893829967 0.0336642801823432 0.058626766645001493 0.037711047213106426 0.053808198122064534
9 0.030726058554598475 0.052032846881423254 0.07722211255227511 0.014930802027246429 0.06959672817844419 0.06800650589544573 0.029091257204338642 0.0451666157206889 0.02701364724454326 0.037036575963542 0.06872843383702229 0.0036995789565187945 0.09217677994222234 0.07507177265752801 0.09766639300522158 0.045622037944947125 0.0048800999382351325 0.07687378968452038 0.006354659658368924 0.07810330415286958
10 0.0489370841363883 0.0938783086659836 0.020815568214461046 0.013050035900655307 0.028179871122821193 0.04455458099390427 0.06853950043117846 0.06401292306509238 0.0535465863964659 0.03397555973284223 0.013902997123999368 0.027206022573676356 0.050327491920346995 0.09460920824675012 0.06115065284097083 0.07609374389243317 0.001033898322251519 0.08987883966956964 0.04315625218601811 0.07315087456419135
11 0.07684939309000083 0.06549618853384317 0.007215900021969239 0.048770117990652374 0.0059362284571841265 0.006822170002015187 0.06579722324598197 0.012181209080752995 0.01626250213444786 0.030881141522719223 0.09271694249871026 0.013024460393693696 0.032062073559665887 0.08290107612421874 0.046879643403274524 0.08869745019737059 0.07540819866079437 0.1020872834038061 0.058765509652891394 0.0712452880260075
12 0.011077127400600408 0.10346279484592781 0.007075676379794119 0.09498991269687379 0.017692422432115242 0.047255053425034284 0.036313133414096116 0.04982230102297681 0.1096253217206678 0.03359192772686616 0.0707159274899349 0.053951287014515015 0.017649979959793984 0.07651189196859091 0.012215184778948321 0.05130588447597109 0.0608070156906146 0.05230678109688117 0.023860284667945278 0.06977009179185208
13 0.10791328137967118 0.037899792457103954 0.02339446482098744 0.10281428121171331 0.02777463791780812 0.08226700566459058 0.009950631091809043 0.01271470162074286 0.024200357851179893 0.037906446232834276 0.05953998919606057 0.08269849959307242 0.040381996987795044 0.0654156301324913 0.03416075800310177 0.003268152342241368 0.05479789343219858 0.10379765451402889 0.05765380442888521 0.0314500211216843
14 0.09317895279943247 0.029020636810770644 0.00519339158376068 0.04685858605584942 0.0034685442335058735 0.06554868470321018 0.08194580589088231 0.04209317307431241 0.07081244083970858 0.08258696052843438 0.009573488561100083 0.04941902749953498 0.09513200611227612 0.014722421486032476 0.033134376310224645 0.014237209369116976 0.06892835764704995 0.050040015978040045 0.07600418846161142 0.06810173205514641
15 0.07081595280139998 0.07205737412115612 0.04740997703224503 0.07389986323338354 0.03012288080633357 0.030096412193278146 0.029684073525686895 0.047613408951295434 0.0033501075542350625 0.03966715057679034 0.014106891138229442 0.059313129680354675 0.07097839810068636 0.0704962296826296 0.029024547717272253 0.052672097204330345 0.0780522440677758 0.07409327543906961 0.07955719609027002 0.02698879008357781
16 0.061203434550474986 0.06931688079438235 0.08274066997955518 0.08006361415124205 0.020522887594710996 0.08003357254524317 0.06727662940419159 0.025379279168850116 0.027754759794916307 0.04385837712216199 0.03829514620363778 0.038556714060439534 0.0763657923801918 0.020597341241485875 0.08272709726686567 0.03147005912902666 0.070701630975388 0.023879670331442688 0.052979380875960644 0.0062770624298326885
17 0.023390390879854513 0.0863007797431193 0.041090242433534326 0.017683117903545837 0.050736621914278794 0.0385816357988266 0.0816043060037834 0.05731930701263065 0.08169446055017682 0.071762730734266 0.017260102682915328 0.055104158171942426 0.04199106147791289 0.05308936977966423 0.020170016530626136 0.053392440625119976 0.06595654730899511 0.050725375865340226 0.07889664971931228 0.01325068486415507
18 0.06976631615900125 0.025362522112599505 0.0922407380460985 0.01003548698399365 0.04523783022251749 0.08331071184593186 0.021183256832461916 0.05950864984132205 0.0012029361663282027 0.033652973470494424 0.09482132730697107 0.08071922824388837 0.008426313244665045 0.09312029244290428 0.10329534694672134 0.015996934858648493 0.02224302851360884 0.10127823513654188 0.01797861218817631 0.020619259437125538
19 0.020790351674903184 0.10057622937810798 0.014417543176657421 0.08415098871676537 0.054780751586312806 0.08347705694274411 0.09215083620968488 0.07579200413957314 0.0400125273958572 0.02007525215990039 0.02503936951823664 0.08623759168896074 0.00943384284767249 0.02258466906652696 0.049709601056938536 0.06922522758237619 0.027550879608397423 0.07120318816968493 0.02615114996762988 0.026640939113069827
20 0.07009287569572428 0.07731715609756165 0.07511371268562213 0.0353245367461534 0.056027730265549726 0.06596296004922894 0.057749032747772815 0.05057424082930181 0.023357619202508367 0.044255049518271326 0.07572758662091342 0.012842980907342587 0.07900702199766077 0.053212468789204104 0.044208508169138454 0.06661718450061097 0.01486949690125497 0.04199142556229905 0.008550092776483921 0.047198319937397266
21 0.008307811470256037 0.05550260958299283 0.06011449903982509 0.032916271763359616 0.05379365371768436 0.008978215382311 0.08200674613242973 0.05068571188385354 0.08117412726651922 0.04331592856014163 0.02336840416297174 0.012090830705977494 0.010923814584386175 0.07700440097858682 0.03982247986888809 0.073018449709571 0.08143360670518568 0.0778119643612505 0.0661781504409628 0.061552323682846716
22 0.031798792892114035 0.041638750486773256 0.024085669104902792 0.01119050259810366 0.03392232413032252 0.05558617346366164 0.09277025613718785 0.10098460354501039 0.0683648597601241 0.09371484663985452 0.001754674216253321 0.03260859013412702 0.04894892854070958 0.09383280433918013 0.09903014281016612 0.031565459129921564 0.017947946471983518 0.04277256459223218 0.06705584532130457 0.010426265686067356
23 0.035983327110621174 0.05392342078827631 0.024382894839085064 0.06639932728014389 0.005255911720622565 0.0941967633629684 0.03418045978561823 0.020738184727658548 0.020493784720283893 0.06900838100689753 0.07885892099349141 0.06736054341787219 0.036129538455048425 0.06379393299320944 0.014706690508539877 0.0335361599048461 0.08637415075125845 0.08062626868455205 0.0369147958699253 0.07713654307908115
24 0.009478406492009775 0.06028439638501566 0.04611698500509557 0.0759232586830008 0.00949496694663127 0.003625662452197686 0.07808212111887983 0.06752114594772929 0.06442786631443355 0.07379564608847103 0.007722898603732405 0.0379599622947772 0.07393309585231331 0.08003657787540845 0.07465509604688962 0.06770276856366177 0.033888652161990974 0.06144103914669109 0.06384781710499712 0.010061636916073646
25 0.022880814518603538 0.06803320327687333 0.07459826746704434 0.05484768790886076 0.06322807281829489 0.015758983859940554 0.0797393828183708 0.06738289719073677 0.028404693590989794 0.055071509852489466 0.03605189630554971 0.0629870392244452 0.03809959903923537 0.047206712168030136 0.003174784503753655 0.07790657609707519 0.05694192541897853 0.051098893025234966 0.039647521614850675 0.05693953930064232
26 0.02305747539357062 0.027816538309438327 0.06677525224921167 0.07053505646742851 0.011116394866914365 0.06043639129143441 0.0662294071390767 0.012681264572459496 0.08064464803889176 0.021789573665092165 0.07348364346694523 0.03841315985130609 0.09422434477282376 0.09406712617890135 0.05670032655747668 0.02265628134378843 0.021574149266388065 0.0410846621043302 0.08915052136682913 0.02756378309769309
27 0.023664809357677185 0.08370263864851905 0.06724946461735003 0.02838421059513684 0.08603280220960137 0.07755046488767436 0.05432539156919596 0.0776670616422354 0.002301631336902021 0.003506019947182179 0.05542408329947841 0.05750737213079125 0.04208955680890723 0.05184774285356102 0.055846043437867386 0.0454564087282254 0.060227773370994955 0.006935695518540755 0.052447369230110306 0.06783345981004887
28 0.003496879653362668 0.0822282860792547 0.008409788618523234 0.10112365130964132 0.035910682762271495 0.05487805479248948 0.06342615126169697 0.03358515813418219 0.08627630208713062 0.024366005290413637 0.06881220831056631 0.010145928337701494 0.08842592294766893 0.054433891382010616 0.03257161267853095 0.016709300507147022 0.021773859551372458 0.08299833993382506 0.040614675204512486 0.08981330115769826
29 0.02653133471163776 0.08604356596494728 0.055194132083992785 0.08632240130067058 0.053260990967799335 0.0033935176976729025 0.034034502878438545 0.01343952079710842 0.08143189017203087 0.0326911468144864 0.08213281481213097 0.04368215485594058 0.04674354827868538 0.06242804396644304 0.017987735799690034 0.058263047697080475 0.06860151347292676 0.0785346351630161 0.019297589211256048 0.04998591335404599
30 0.10075865870122543 0.11361706214310872 0.03544473066841339 0.005733159902589336 0.05217535897924958 0.030633940708824636 0.004437788163970188 0.10963603071328487 0.005014468001574249 0.10012561560150449 0.027767892336590144 0.05534676471036751 0.06870115060399791 0.060370045482381854 0.010524879542392477 0.06459876007017178 0.03861314969711985 0.03279981142054757 0.014289202077384244 0.06941153047530192
31 0.006390464145961671 0.09261556923223134 0.09498090157366926 0.05109685225525068 0.10523933925958567 0.010309189700029562 0.004155250142161404 0.04030527695848233 0.08173912238991568 0.058123424838273686 0.06682541576137324 0.04938892302860753 0.05013331526336334 0.0571157257056209 0.054697872620441186 0.020644675976769777 0.002877670224989463 0.06407233510295747 0.07600255947438021 0.013286116345935607
32 0.07807525067921263 0.010808977160390757 0.08066865715842875 0.0553762373827741 0.025648299534456263 0.06514519689192744 0.055998909858438375 0.048331797299721785 0.02951040804938439 0.027285248528583782 0.05266414883516439 0.08348803539698493 0.020773648231892927 0.04792504507743852 0.004234417448153455 0.0706336598672358 0.05071446317751564 0.06847949698058477 0.0741151891565315 0.050122913285179795
33 0.05576895477227883 0.05801831590908646 0.07411871638749899 0.019638926001867306 0.00560360811177809 0.023431750179223575 0.03725997486678964 0.0873908499862706 0.043974682325549005 0.09642855152988636 0.022142043988349486 0.05952177040186816 0.03119192161715418 0.08977925594665165 0.012133199706565288 0.01761595023375323 0.08505327918856635 0.03892647017342915 0.04467764872262463 0.09732412995080905
34 0.06732489435682049 0.07420012370189435 0.07012521255700994 0.07644436548075112 0.052788458331166445 0.06636952711897287 0.038484624804930215 0.05174228307581669 0.044912905469574646 0.012866125022501958 0.03230395752261492 0.01489822742305663 0.0758178354191617 0.08520939600665811 0.020652007513488904 0.00977830365957744 0.05917370779906114 0.03822513922511271 0.08662555259175629 0.02205735292007325
35 0.10045832196922316 0.08824316972838517 0.09095093237653396 0.052216916052119804 0.008358287735961593 0.0028374894570481154 0.0559659390096488 0.03763108376774299 0.06759836076888366 0.02519988010708281 0.04451561546548871 0.0011181455546020738 0.018483376822481985 0.05620113554630215 0.048404827037926944 0.038083678500731556 0.04099381182637677 0.09287799714637782 0.07271764824074174 0.05714338288634004
36 0.012050649295295675 0.04319047779639544 0.06327569119001682 0.11018448914762673 0.03823118155216494 0.10147333832456203 0.08911930218554182 0.05372771248072473 0.03520602772118811 0.029824325141439203 0.09871015355263274 0.05541350839535952 0.02871711035603359 0.0333014482244282 0.024091288785194034 0.04979081615492558 0.019840962571770968 0.03533899629129237 0.06985004602850864 0.00866247480489863
37 0.07740637804052221 0.034574667132947205 0.010302967589630707 0.08057808682883008 0.08347095117325648 0.05221684780821269 0.01210629896441257 0.008538828645651194 0.012582051348354592 0.027910654586409574 0.02954867340631569 0.021303908695615933 0.08738444082433479 0.05424721023366899 0.08270668653206564 0.06962357059429498 0.0763975208731091 0.06329449073552014 0.08031401360990648 0.03549175237694091
38 0.0983627780374403 0.041532300181282684 0.08822030891108999 0.011306004748253438 0.024603496574504728 0.001353497046041987 0.05345250434285625 0.08580648243682916 0.002407606346172325 0.06127026066557923 0.07114528258473984 0.0075297851921165004 0.11560034453444727 0.11482053045498049 0.1098332286629737 0.03352100721366096 0.050783995492616016 0.008002862381915783 0.008859217762594357 0.011588506429905032
39 0.1023712658336836 0.021444089037001537 0.021207033957883734 0.0662899087562494 0.09406916047630767 0.047931585584312014 0.03976024437328918 0.07626419573478094 0.04076909770377426 0.07236333159143524 0.06534266328675073 0.011603398014625555 0.06082790769953424 0.01749609266747348 0.05746284856440324 0.009230762739300903 0.0028278615842906984 0.0829224292920216 0.10198295982599093 0.007833163276891143
40 0.005741158246220418 0.0798627718675534 0.018975832696263517 0.01893832941129009 0.07187414481244657 0.05492975547342404 0.07855479868603737 0.053548265098958804 0.08292593525609557 0.07417800234041164 0.07107201030810659 0.007072960376596051 0.02424949671117647 0.019973546742785137 0.07221280245707842 0.08305702018560593 0.054961270792183374 0.05745950092905222 0.0376410527927534 0.032771344815960904
41 0.07006106345375508 0.058851473627204214 0.04866672637668636 0.033461598220252686 0.008260364996128556 0.08518326115456472 0.08655992010147034 0.07591265351296414 0.06589717337611266 0.055104352551410114 0.0586310689449797 0.006275224132930713 0.029122153353742773 0.009377719716155536 0.03982395728373312 0.08476343088770437 0.05777765353602427 0.05795596944674763 0.021358477445245775 0.046955757882187234
42 0.07511689384715466 0.08669824858771132 0.0048447844183417835 0.06503033366071706 0.06438530842127216 0.06289124025396141 0.0503939136706003 0.06276894789480217 0.050574155069177895 0.03252433683749028 0.02927722539196814 0.06150937205158542 0.036565206283013574 0.09174582391870637 0.01974953600402567 0.003797731572669313 0.06999158082582298 0.031136001875515996 0.07001747920947295 0.03098188020599067
43 0.046516720562996106 0.05439365781130694 0.01163834600120768 0.057445393673266995 0.09466597583135875 0.053188783098901335 0.07017204048738093 0.060677777036999204 0.0063952715862747485 0.026992230133090683 0.06981687549364932 0.03135510657182215 0.024958149168464196 0.08695942949659377 0.07661574987255268 0.05695333726716122 0.08056250508632536 0.0541437262458878 0.02198329474893778 0.014565629825822407
44 0.0171143304515257 0.07783580889591028 0.06227623778600832 0.013413358271515121 0.010895986165470588 0.06959943511883304 0.0465925234441356 0.0784708029770554 0.06323092833117176 0.05053883170973176 0.02131952734667395 0.05944415061491006 0.019929792739675198 0.060988834200314875 0.06361732339227374 0.04542871978445453 0.08640671402634485 0.07046279324729966 0.06724566746554926 0.0151882340311462
45 0.037326997381813866 0.0901420484701495 0.022787141523810735 0.07429354696341096 0.001061200024077672 0.06170495293331664 0.040302470277369405 0.04957904607767986 0.0010701498174403659 0.09153632734692994 0.09636461602334757 0.04256311943771225 0.010874719211060405 0.06747449384306659 0.0601510443417324 0.039637912995440706 0.0899322125848203 0.08019171044404526 0.01311136175371007 0.029894928549065388
46 0.029721140005815015 0.020205982424254913 0.029043270982653725 0.03255333530408966 0.0564425000479752 0.07731314326702893 0.08992719361820838 0.11146433110975427 0.10839796256905915 0.04761491845214876 0.040933036373149004 0.012793044677998164 0.007240219457013368 0.03066544752300392 0.014398966409311164 0.002625939891154874 0.06063974427600104 0.05577850393185117 0.0772715156620723 0.09496980401745692
47 0.06312962497330266 0.055917441678405545 0.07292380958834294 0.0786742674614039 0.03659295859994617 0.0553813859310036 0.007577242024961909 0.03301847920913757 0.07138713886273697 0.08166573626965053 0.011964766392593777 0.04670842460294938 0.009156223570483879 0.07259009015903058 0.035463342648096106 0.030470835771325547 0.060363789446567354 0.07491644279638685 0.04709529350304024 0.05500270651063454
48 0.05470981735908832 0.07405596994455615 0.09275953384881379 0.0677523842508408 0.09031336257512203 0.04970067383714193 0.07376595297646568 0.06967960397314671 0.012527655164142 0.00019470931669083574 0.01483997751695504 0.09727760438915813 0.06610010922663438 0.016392205399332928 0.03723860327987991 0.03819658717634405 0.021792838135717717 0.05383474585775377 0.018694209064646708 0.0501734567075693
49 0.005426058084033388 0.10215972134196304 0.019634096415419005 0.11149866123099579 0.05486890969023078 0.03448709651641393 0.0005749021022195427 0.04031591218083068 0.03733481547930029 0.016803543367098148 0.08027161163102821 0.07352212910045355 0.11316792043261507 0.01637777847492892 0.06293200076184348 0.010711399766972942 0.08823440646364276 0.072575881153162 0.0046237284257963675 0.05447942738105216
50 0.002774133523337867 0.05847058440994311 0.07051475959934073 0.07451596882773934 0.03383036730402036 0.0046103447048697725 0.00019201456739928626 0.09044491804744856 0.09145954290098886 0.09104352123097571 0.06203651875705931 0.09243079110559103 0.029845688996522412 0.08230647381106701 0.011246788731774572 0.0011907213987157209 0.05812230605223948 0.05505475813940767 0.00823787999772789 0.08167191789383119
51 0.04598948357932032 0.10229167715331713 0.08104015981761671 0.09661644030173411 0.014690664032861896 0.008946997263519687 0.008191073106812358 0.05760269695428018 0.1109139721138454 0.011385422018163541 0.03803438515424228 0.056503544780329464 0.047396800500156364 0.08301478076586859 0.016693146774178325 0.004213807793206357 0.05018577623172141 0.00887217785968275 0.041729395479733665 0.11568759831940932
52 0.03481223962498064 0.045068885193880824 0.04766416747034522 0.09092495746267251 0.05182943628583102 0.07675100750809943 0.03248806437541816 0.017825817726808735 0.08409886378631232 0.04943162068270521 0.031228210175229264 0.06771896304974753 0.01169818411893186 0.006687824289446379 0.03551348250886007 0.07512377018971542 0.0773876117704274 0.053018242655034915 0.03215170615303899 0.078576944972514
53 0.0471944735543249 0.05565065987231945 0.028757124552125382 0.06505950118708863 0.08939249262575953 0.015242909148105839 0.06091658262239619 0.03437034628104464 0.07803417910171455 0.0417415174165203 0.08165664876666322 0.07110946316515135 0.06136422810944965 0.04495967271114515 0.06030168424590942 0.017060275169441332 0.024807616694202422 0.029250822794313326 0.035593287909410604 0.05753651407291411
54 0.0327816662641006 0.08606139268805477 0.04739131292384147 0.08445574642253084 0.0429263207729653 0.08949614706951169 0.056390275719020534 0.06420233035670445 0.012518986068638391 0.013843706191731715 0.024690923047022372 0.020856480964717535 0.08769699610655357 0.04943768807333866 0.0740681629018149 0.04253345298698217 0.07507678531836566 0.03792757674628643 0.0027705296265935022 0.05487351975122522
55 0.024051355170567612 0.019650143880130654 0.07655062280334843 0.05465337209999366 0.05746291789583343 0.028856959188109557 0.04066214365093058 0.07641575658348317 0.08094150087682889 0.08110708198520249 0.05747221061859413 0.03935600435028055 0.03030359338719866 0.018621123529585122 0.11243863236657488 0.014999154330625373 0.006152575651799467 0.03455116672405503 0.10569255903597374 0.040061125870884805
56 0.009349518044422005 0.029318606695194115 0.03244292202191569 0.10613943441117536 0.05219365118709116 0.09257202806531234 0.05254106985618538 0.054303860645748325 0.016717102320358338 0.02987493535792557 0.020967456293483098 0.08443678696554703 0.004449043742546128 0.09072854744920701 0.06656705340732963 0.0014164115311528702 0.017431756027653116 0.07272133304557157 0.08236871195883408 0.08345977097334718
57 0.06318036991591341 0.08445116536196337 0.0651196604475109 0.081335128836912 0.05978980868331376 0.05236696660836768 0.050758426590989766 0.042350443038611935 0.03416860456719626 0.08360256461116064 0.0028494894806740416 0.028849959807590222 0.014960957900219354 0.040885859402728916 0.023085159749133163 0.05380252834605644 0.017695044434425048 0.0840330594258908 0.07418069595606447 0.04253410683527805
58 0.07047648870147669 0.020517110039455576 0.0014703931915073336 0.03609873951891264 0.027511199922172224 0.0482806376757838 0.05236972231082204 0.07903983551579971 0.0432091624444405 0.08267778064113314 0.054760345369810226 0.018219638981100045 0.018740606072145654 0.0718145356120304 0.06332898784288568 0.017346224729759527 0.08332895906162567 0.06756976625181937 0.07992291906597392 0.0633169470513461
59 0.06323097305854147 0.019250859393243797 0.04755457985992571 0.027764185451434963 0.07101062756399872 0.0577749784116436 0.08291134082849994 0.08180293710563642 0.016350861990031905 0.0054322776386540265 0.03068586267849329 0.07857836121708923 0.06403990426449677 0.08032432669759193 0.006741255253348912 0.017958261138557752 0.060095917470366834 0.031659286494771136 0.07385733287081954 0.08297587061285419
60 0.02324374143622628 0.009618256290390386 0.009043317375055246 0.09288202855729882 0.05825149312556665 0.013812341936467645 0.027338935282109948 0.0924280195978898 0.052347300873249694 0.037439107084944453 0.09430697162488214 0.058901961199299066 0.02499731355304851 0.06956502305354219 0.055916612379400474 0.05601707827261017 0.07975928765613058 0.013452744668489587 0.06983018634716832 0.06084827968623
61 0.04109564224955598 0.0507972035907325 0.041522700042588144 0.023323846878519832 0.07734892855784745 0.04696961216098542 0.09449254761098005 0.0357723004893307 0.08250371366407827 0.07250237170505115 0.024902552349876247 0.03830362592567888 0.01616889654282193 0.026520412572626318 0.06422346751019725 0.030079246314189415 0.08259975643342468 0.040235225701464476 0.025090956111482862 0.0855469935885686
62 0.08104618764498171 0.09397282780989859 0.08395217738746366 0.09014451858000219 0.056624904232144314 0.023575395375148273 0.07895066884630449 0.019922807716977974 0.03255663196313319 0.09283036061550916 0.059405729273758784 0.00024742895958451634 0.04161755513738323 0.012845163662153597 0.014722262740516304 0.0191055925832041 0.06219227252746199 0.06405495170471971 0.01871622259106975 0.0535163406485846
63 0.06824682049647117 0.015024705817905264 0.0007594935005568057 0.02604471913097975 0.03681496847139241 0.058805025923243014 0.06994803595798488 0.03425715647085089 0.017939310164263818 0.09185403464027612 0.04193092923882276 0.08666990184556154 0.07537574484583001 0.06247630171667657 0.09956433771581301 0.008823111371419768 0.059539267984653636 0.07406413259888621 0.04897007950973151 0.022891922598680836
64 0.016495203771205124 0.01761950287637701 0.04459342801439016 0.10144334254404092 0.03343358740429468 0.00686244704243484 0.0762096710491724 0.09710986357499794 0.03673639535159906 0.10320125444481956 0.0867738490066767 0.09198211237284754 0.04886267521444715 0.027484188007867703 0.07939481738619694 0.0032760748165714944 0.018837579576837085 0.03229112262662389 0.019994536220668758 0.05739834869793104
65 0.007147231033592419 0.09301654273187415 0.0043931596652622956 0.10535702575035473 0.11661078776531839 0.018330332792677265 0.015261108893263752 0.033704590500412863 0.04714664233056964 0.0059221720635596895 0.053302317134869034 0.10987545408325529 0.01635061740088283 0.007650332973041817 0.029739603612248932 0.09400762772216648 0.06768221636608701 0.015284948389475523 0.08565588417086183 0.07356140462022587
66 0.004275352711746169 0.045385816543833314 0.0891134049792381 0.05336566936178388 0.012871829661041076 0.03941600133327307 0.023187624389056166 0.07633135590393983 0.050220317719434526 0.04216752727649417 0.036051264735151606 0.04469276294415835 0.07705978166000889 0.08054270864594625 0.07660024016765404 0.07009543003960446 0.05401400334827084 0.039817159601684166 0.0768313371492299 0.007960411828451433
67 0.013953012270913417 0.02221963159405155 0.08357634154713434 0.04525610421134133 0.09491126984825024 0.027436424365007907 0.0346035605212826 0.07903472687990405 0.03988383950851484 0.04885942330034979 0.0674262686912465 0.06665335224650512 0.04830398564408546 0.05561967494824712 0.04427911733471055 0.009414398594621868 0.062077425289149855 0.10225766088538496 0.005815465179793068 0.04841831713950555
68 0.07643374236699788 0.09080974881420407 0.02419090440840314 0.05362237980823157 0.03294870926892048 0.08832814235429078 0.02504522897573136 0.06437700752332144 0.022180787904127214 0.003515453543028349 0.0639240725704335 0.07442460332688569 0.009691142111091636 0.04906531595662161 0.03419142757017403 0.05428518505480777 0.06018012854304606 0.08975165765195349 0.054562239451796446 0.028472122795933783
69 0.0824725088416182 0.05982467666388959 0.07158987437262175 0.03752461677836845 0.03892780794632842 0.07511634256899659 0.08115202476474032 0.07208274163774092 0.07764919466524706 0.0033872782623659303 0.0027180156224064704 0.07984766458706873 0.02646738439903872 0.02242865933898291 0.0016205726541137118 0.0009203056030571007 0.07641862431374917 0.07264572574813179 0.04081267041972391 0.07639331081181035
70 0.04930064566335107 0.06081992600543416 0.06363741873473243 0.05887628211593495 0.016199258572913995 0.03234189935536506 0.02688904403765069 0.0836852340205406 0.07824325784932724 0.0308449660534717 0.022641454272835773 0.014448683518733497 0.015498149279865633 0.061502033127543605 0.043353343405914 0.07902910156025242 0.06312627706802364 0.05888142779397863 0.06628779734240686 0.07439380022172405
71 0.07588191547887219 0.035446825955640984 0.07333892285166758 0.08274138401635792 0.04364966958141124 0.0845585245253303 0.0141934146555986 0.02166943324008695 0.021148255234607186 0.08254396285643999 0.08216388407222984 0.03543885905390568 0.03730323257604868 0.014789010911395799 0.023312911379385258 0.07631651052564842 0.04184049082883461 0.07005480019895322 0.041354234559306514 0.04225375749827896
72 0.02948322279570203 0.06952862708129642 0.032952316714482115 0.04200469799662273 0.004969514045920043 0.04084376250093085 0.08391633133581998 0.04291547107892486 0.08024304099186232 0.0676528060015375 0.02550238668891904 0.09276102295271275 0.05647746584097898 0.04097692505381743 0.07914673321069386 0.03820026060521992 0.05577496835184543 0.09933164605157462 0.01136381231843603 0.005954988382702946
73 0.07124580250307708 0.05790156223530654 0.06894849906029353 0.014741466830045747 0.04096161416769654 0.05857100532954956 0.05747956443248776 0.04961811376806705 0.005398427670265326 0.08317746267058547 0.06445201972439825 0.03664735801721453 0.08222025384203342 0.0835925984119795 0.03565218210365574 0.041849167717197794 0.007167134220808682 0.06702763287958687 0.06917137795197943 0.004176756463771081
74 0.04058375476906309 0.03494809928539294 0.03868273412050656 0.021904002823002065 0.08683061342589368 0.05925097445634067 0.06566958168577046 0.06552020825429604 0.07937890811431468 0.00514547730847656 0.044052404567691064 0.06287266609677093 0.010598099254015359 0.030615524251137997 0.07956370044238945 0.07375905756677203 0.09014410201227033 0.061058486120056474 0.017031655430581563 0.03238995001525814
75 0.06480462322087654 0.058330551438074946 0.02436031075407241 0.01469313249366465 0.021943657279657986 0.07245313172980797 0.05502586535410391 0.07030089225106298 0.05840707747406719 0.028240701247894556 0.06445103611725277 0.039161884925166916 0.018198612684905403 0.07699644167540162 0.052662429347296126 0.07959651225022354 0.004519620052302899 0.07516773309728433 0.06376672905966452 0.056919057547218606
76 0.08291204124990798 0.0027819748128765412 0.03960531159488048 0.04611878501432785 0.10224099705995754 0.022624123477418753 0.04338600408178797 0.04339184479627065 0.01123841230466804 0.08977670838653264 0.044008310869661095 0.06142156348132717 0.021358835021099948 0.042472696817918376 0.08378910865745452 0.11375981155596417 0.02123132850588592 0.04538422048934019 0.044469744948780615 0.03802817687393967
77 0.09751069957275246 0.05365946921842437 0.07013951837252304 0.023920213854811995 0.09548147608893284 0.07666272296788156 0.01054627407463495 0.04741719572272497 0.027376520442122236 0.03132979688883631 0.09491870756767651 0.0364598182588275 0.01521124653535897 0.05033664721833122 0.05739061212451314 0.010253241210313875 0.0859911887873051 0.05293454809927589 0.0005716724603338003 0.06188843053441944
78 0.04759249815025269 0.05618406333950996 0.06011668921442582 0.04142184178109889 0.0369722648501197 0.087085897124784 0.023893624467673815 0.02494892081694809 0.05753650126850458 0.05946978394288636 0.06606480866327973 0.036783971823260576 0.04828396504656029 6.634354450938365e-05 0.08545642417574077 0.081895910990297 0.06032855341293814 0.06725462103324176 0.02213549448164856 0.03650782187231995
79 0.011192651206618656 0.010612347273880478 0.05729042170769856 0.023178525682476026 0.05536675765163195 0.037764296922790055 0.010979499286613915 0.07899396966080727 0.038351634145648475 0.038236693982863425 0.07468493320924004 0.07082084085759904 0.08160938054850995 0.07394103416843781 0.005160716222284889 0.07551490800519517 0.03671264628882618 0.09051145151412053 0.0705345893130846 0.05854270235167277
80 0.07466396149496123 0.021445476073675373 0.08130871557349371 0.03324695544991256 0.049899614016005615 0.07284480843095342 0.07982223498825532 0.02555182007941417 0.07953757592755534 0.05232707292180209 0.04777978530093818 0.07534163467290818 0.0074855014640117555 0.00782457389670809 0.058300179814682614 0.08271743385033607 0.06993564635436288 0.029683567126919053 0.04416261172328775 0.006120830839816558
81 0.029463581004847483 0.03035594613930554 0.03007569153030425 0.09459657137687431 0.07235676639747779 0.08011223653344053 0.05792087868107681 0.07427348327717362 0.01363384047525117 0.08737495340853507 0.0003206005986194814 0.04494487665093015 0.0183601875696784 0.05934445109294801 0.06709143396565277 0.037350629170542986 0.06225662760451696 0.06345941928544974 0.044233180152610165 0.03247464508476483
82 0.030998659949809406 0.06793419921949546 0.005502418053753258 0.06980372527916898 0.09416235783369548 0.010001753697764206 0.03767662663884438 0.039018008306569534 0.08646696237714634 0.023093274884235286 0.09535995692856153 0.0835604394860629 0.05312374584430206 0.04879856698720902 0.08667576538155349 0.046124209592140204 0.0021010979995300678 0.01243437913684223 0.06376899442811963 0.04339485797519643
83 0.07985376073673482 0.017365107671819802 0.054856662803725316 0.034787732273395953 0.062141502189485186 0.046739950389364654 0.048207028792214494 0.07021233236569088 0.07411131929966452 0.015513979997380016 0.015886803353167295 0.0778380823136261 0.028774736108293137 0.06744964186973608 0.019854745773333324 0.08321842104995804 0.08129650725935772 0.07681998694659344 0.016012414368740048 0.029059284437719515
84 0.06374984775065821 0.008758405873796069 0.06083945816049535 0.04887762454089802 0.0783187446955179 0.04677533535113529 0.08512986071718791 0.030603964478617206 0.015017683695139488 0.03548081607795258 0.08592612604140762 0.024976098368515432 0.10816518929505065 0.04555710534590347 0.0818302169766704 0.027513306712860154 0.019504996052742894 0.03055374821762352 0.1022110551421194 0.00021041650570830677
85 0.09592196478513165 0.10141832056485944 0.10341491851938985 0.06176146881737627 0.012172116144118767 0.065484176493707 0.05866493959684603 0.04654358693077004 0.05521436230428978 0.008725230249729632 0.0026240650144994707 0.06867952074661035 0.011707322329982098 0.08760910041112038 0.0580685051045786 0.019586343228618512 0.019515365555068963 0.030149993472285825 0.08415825533621873 0.008580444394798577
86 0.10337409986224602 0.039475710384869564 0.07875428349467554 0.06692653127779612 0.031091326304401586 0.05038484247525719 0.09485799016884437 0.04269296442219882 0.09675054420148366 0.018790789172229514 0.03116461055468346 0.042568297986681665 0.02986527046772102 0.012314095286931996 0.09694673681888366 8.595263951036798e-05 0.026924917482319687 0.006851021643419892 0.09383545569914843 0.03634455965669724
87 0.04122006606846285 0.08232504915983198 0.04034835410267181 0.08378911161209908 0.014498495036824115 0.03311393408582356 0.07684611288909729 0.06633331487782136 0.02963624715774302 0.04776700080776001 0.06978187195543449 0.07278194523362869 0.01000457544293336 0.032572105674332275 0.06017403585029867 0.07873634592710735 0.00417526654065204 0.08321865688656466 0.045925318240818434 0.026752192450095014
88 0.026200388432402376 0.031235180680988368 0.021713675638255544 0.07820964175432348 0.08522422888326311 0.01635952049141362 0.003891075310914364 0.08444837250406446 0.07677983873318128 0.0725407454490896 0.0246724374671877 0.028530689082033107 0.07709412479385037 0.030920668665617473 0.04001505547071268 0.07719434090181208 0.08393518387573497 0.05146478351838711 0.04118969522904223 0.04838035311772577
89 0.048989341249669124 0.09384214525000005 0.05522969484282686 0.0018376223149923609 0.017518571422994195 0.013970295431468422 0.10296536875511966 0.05161392533210093 0.03347056588915945 0.06274442728848363 0.024381050393896667 0.08865387448986513 0.019056426782299126 0.06295085409920474 0.05222827136108953 0.022004202658145653 0.011418057366893884 0.01731907894213586 0.11548347657267088 0.10432274955698374
90 0.06650041853537993 0.08178474948901099 0.02066973745412851 0.003104982188889408 0.05398462169612787 0.0946344917800267 0.05665695322347783 0.03429577608650698 0.01608577191653048 0.05277870369996285 0.0025922006901236885 0.08486919326332294 0.03724755446398008 0.08999832049962525 0.035293344055377825 0.039500189636050995 0.10590540105333597 0.05080381998143632 0.026729488838651724 0.04656428144805358
91 0.09308866147153429 0.030279804470836242 0.005872423424067231 0.0544782866687616 0.1039713951039263 0.11291499001829362 0.026627764277607414 0.08498427510474271 0.06897905033483272 0.014367644901953476 0.0522553000453702 0.07449194491746651 0.01928317705463763 0.042768807400639645 0.002006876808379429 0.04487023461113637 0.04269200529073957 0.04102004881161746 0.004709671016205365 0.08033763826725228
92 0.04612712076510217 0.00960576827656051 0.05527997960038286 0.06222423366406455 0.056418157955486256 0.01686692950977143 0.08248910024105278 0.08177047597100903 0.027659354289021696 0.07388325412950446 0.00666825645457845 0.07423438843075504 0.060214514988729144 0.027025212703898415 0.05898681041919406 0.06002148222336993 0.056050862383638385 0.06058306808544995 0.06628536333213048 0.017605666576300354
93 0.05184794241285874 0.0463102434994453 0.09115631141734944 0.024263626894138697 0.06456506261805399 0.041237142311374174 0.10658463904771776 0.05596365713692619 0.015995775466906514 0.028257078544059247 0.08772291357965809 0.04743165248093796 0.09150351858596456 0.012524833236336817 0.06412046300211074 0.0022433990542514138 0.0015433130972080727 0.07983548479029959 0.06860357562244995 0.018289367201952688
94 0.09273897653366044 0.022903015223747103 0.03741861997689175 0.06820662289326361 0.08643184738662849 0.08953562701946216 0.009484942474570613 0.06029040880149558 0.042124467689344275 0.04422331631867024 0.062342178527655334 0.018939755355205437 0.030098086821195944 0.07802463035427956 0.06863191227819729 0.029065766760690892 0.017452974335680566 0.010057195235214271 0.060388481391161174 0.07164117462298542
95 0.011730664191514919 0.08616878703050594 0.06580701723593098 0.05157680230439811 0.06985254091743254 0.050538463450651896 0.03918572478825 0.05488489939072408 0.05022782250600274 0.013475749734522556 0.032695399094099284 0.07790588285157014 0.004868247541517195 0.0571508071032104 0.07705579037567713 0.06735761352999749 0.06401996938515456 0.04762780744801725 0.012865127038010854 0.06500488408281221
96 0.09160621796768777 0.0669077068325164 0.03073226509817018 0.012630149841231945 0.06317341264531126 0.12398549922574272 0.01108948333397056 0.09265466742493939 0.043404571952238756 0.053848189791529326 0.054476562798572964 0.06879873102830492 0.0672500585061947 0.003699097108741996 0.01037241219617172 0.04139666678959291 0.024219000076439914 0.04274723268949069 0.030482345981758655 0.06652572871139313
