0 0.05118814611795798 0.017910508205740895 0.007721367572986674 0.0028097102304327627 0.04268821850494574 0.038936649593633396 0.06816919930369689 0.09003034452356345 0.10399526159062683 0.059062773429188496 0.0255614230879212 0.1158646396934599 0.035868600919574264 0.07795162015435812 0.04591515385674163 0.029084770971668283 0.050379138777856394 0.03218176418855602 0.09889726514360019 0.005783444133490833
1 0.008541342283302654 0.12126044956123017 0.015065432243283779 0.09507670101138865 0.07258266236352583 0.035745801587938816 0.08116015844355094 0.03350643819095319 0.09752742657476014 0.022309933030066925 0.007420629596465539 0.05408847838813213 0.04586608431392058 0.03357532882413289 0.017281236052029005 0.021922530600133276 0.04011065264722344 0.03874877932450468 0.08794652364063119 0.0702634113228262
2 0.05474284728978247 0.019668246972183213 0.02449840751341858 0.09524226784489236 0.06169252288932168 0.0970860523241822 0.08255570618712471 0.019690165784962053 0.046574802222796904 0.05010325421451096 0.07865915356714946 0.08045285528656565 0.017354505489966955 0.002661242114352283 0.01941224456661575 0.0004534360503537661 0.09412383194853743 0.055192019278131485 0.028340775537285954 0.07149566291786591
3 0.06993397520270758 0.10583072444327297 0.07986558931152406 0.11734110636337836 0.0723793415345231 0.0036395608466349536 0.0072788196690744674 0.04671316315122716 0.002196865431228753 0.014126133926376015 0.00033688055504101994 0.05369461871483561 0.005196598660646356 0.07602383649513382 0.09069875531151445 0.0997563935117274 0.05444508962360047 0.045126240392672226 0.004092926853443793 0.05132338000143712
4 0.04950478549395959 0.011729695405640663 0.08515229430114872 0.018954082280763347 0.08550386962929875 0.07972852389168195 0.01266448525029936 0.07693005949338123 0.07687913546579789 0.04289832978564183 0.04178422450865182 0.024136963363180816 0.05482889257975059 0.07803704935311503 0.0781639004792626 0.004212769887078224 0.04397748322880102 0.08207883238253345 0.016981730349438208 0.0358528928705747
5 0.07324569896262587 0.05932630781480118 0.0299607616687183 0.07552389260552483 0.06702179871515494 0.04770216733381962 0.03731914073953258 0.036977119751205864 0.06282895085519702 0.066274202644214 0.02096863257082804 0.026658577011838727 0.061982488496886125 0.0606479823861334 0.009790292237687341 0.074524876593622 0.07448198770169556 0.022229565238374358 0.05036403962223334 0.04217151704990698
6 0.0804523183026825 0.022911966237871353 0.050345803356597114 0.028510886477534723 0.058749517482464965 0.09721393243920264 0.012251707786066263 0.07919965282948105 0.000552540165167148 0.012464575841264362 0.08142832998154023 0.07066488329539243 0.0919509159898883 0.08159228520006086 0.041975064725937504 0.059306996044271885 0.01385668411986095 0.008382864777421452 0.09537587305151368 0.01281320189578064
7 0.07919247183175733 0.033436100720952155 0.06631113716903643 0.03152742044546154 0.06389584094505389 0.061287271858879534 0.06786659481834027 0.07627337056889266 0.07026727463378957 0.05418165043489465 0.0017492098691497685 0.06872583768239701 0.04004260774388495 0.04355174826536775 0.05915878135641093 0.03155501788710092 0.029045650085432428 0.05332058390099216 0.002808001110739253 0.0658034286714669
8 0.03978442526769686 0.09042523667133077 0.09889602296868602 0.06912824791649462 0.007147595341265164 0.08192432140358673 0.02435251829872954 0.01006175559147411 0.018525849427108262 0.09376878668338066 0.023598628512531392 0.013038449820828924 0.054157182240920754 0.02869281309214217 0.08371376398013361 0.04013613749468581 0.07970062648200514 0.04059375688206747 0.06523572931712328 0.03711815260780883
9 0.05956031216577741 0.017739383119333776 0.03203622859015986 0.0941304233770502 0.039493104948334266 0.03282005746107134 0.011934978545542178 0.11161071109891899 0.07263790852022636 0.03174408893268858 0.00388998021988623 0.031019779719009637 0.022089282708388006 0.06956697085533368 0.09364745895849434 0.008142856608437733 0.0321293294970083 0.05052780104606159 0.10854603669069086 0.0767333069375867
10 0.07644670269465716 0.10076233968475132 0.048644102764010766 0.05837256102674919 0.1107458845348449 0.013360726556977244 0.09714609528378221 0.07607214342731332 0.006302665516299124 0.06366171581258426 0.028042336955282198 0.011671157570267064 0.0332636943207849 0.018839412316613024 0.03847007956211582 0.018525671586451666 0.07232652769988543 0.05327108868322244 0.012430888855316312 0.06164420514809195
11 0.07553462940048519 0.0001321284052248793 0.05947684478212704 0.04350918769010942 0.007618093762173227 0.01195259399543949 0.03874991120569162 0.09680834382208411 0.09897766448681185 0.07370707634677018 0.019913441652422675 0.010487105492155828 0.028493251385314493 0.0291262226425191 0.08136799811383774 0.0986635986403525 0.07282872640995529 0.07977703281864253 0.03942475150285428 0.0334513974450284
12 0.0012743093192121352 0.006028695807623218 0.08026201122811708 0.057234793002450456 0.08006729805587505 0.06816754500094337 0.07449158745971975 0.07989130119653347 0.023069896075309956 0.07564224364873079 0.07547759845148883 0.028777069708469098 0.004165559670606328 0.08719978738657558 0.019249863210637073 0.0015554578499964084 0.07727162514254143 0.08459785297398217 0.030086869089607737 0.04548863572157999
13 0.04198931931125504 0.0010753981471794468 0.1087884817079708 0.03854443639074652 0.05126284238705195 0.045614887633423834 0.06082759750420289 0.04712810958707877 0.04103078113752642 0.03016518241172297 0.10098965378463315 0.05349762561959934 0.005115649995330348 0.0437803170520724 0.004877777398891098 0.07573424976510351 0.0015629404204175964 0.10105557554601413 0.040848436974735634 0.1061107372250441
14 0.06849068358371851 0.08147723398793165 0.0003145963527205376 0.055776030699505125 0.07002594930122537 0.018662982259640096 0.009626608763856589 0.06929055362581175 0.026409403045797336 0.05020617165201456 0.09546502669263668 0.04479327822004878 0.0627558673391082 0.0464434844576695 0.06037680945610129 0.07222319190390095 0.057076389336822124 0.02719822523417246 0.05908810281290427 0.024299411274414325
15 0.062300356091678465 0.02229898037080551 0.05990856921748975 0.015862193882593318 0.07509776530837137 0.025881264887010657 0.03660355347372846 0.04065520303212436 0.03210609447409409 0.09786763845846316 0.09940384521849834 0.019522952817368985 0.05133536770892434 0.009925136014977284 0.04230385493493296 0.04135542629282614 0.06280533994993436 0.08775226441467705 0.029207605411180736 0.08780658804032059
16 0.017128862528717564 0.04759402529280781 0.0592315278273217 0.04077272544388141 0.020520096815231988 0.05411101954070654 0.053969872756978794 0.020470143670352034 0.05913731691632848 0.05139353700987022 0.0628840700601511 0.10852946311788807 0.08001122907892204 0.09522352362106164 0.009356223196357599 0.012946272515017452 0.009082634718350701 0.07390333107333712 0.08345168263840602 0.04028244217831183
17 0.08435752682126338 0.08571712940218003 0.032027865351770976 0.070492422340146 0.03272745507680819 0.07421133312549083 0.029987744500118155 0.043940640668326446 0.023415507389362496 0.05080412206207239 0.020494305333057558 0.014135959247315623 0.0619824764975989 0.03465619607967252 0.05943168414303741 0.0802486373114216 0.0700766372606501 0.03785527358857093 0.07599350359998878 0.017443580201147883
18 0.0813469759609073 0.05797294750601239 0.005243750321924869 0.012970425164952825 0.03892354898487775 0.07142812518160493 0.05804022123660374 0.08744002928969451 0.018675847711002013 0.03894990638900253 0.06786230424428505 0.09146410587280183 0.07684520344134668 0.0043308468912461595 0.06710466010067381 0.004970243636277638 0.010721738556998709 0.04803838731582903 0.07539577633021542 0.08227495586374274
19 0.08783446456453914 0.0066326990375302495 0.0003645792606874677 0.030096407032093358 0.0028477622919299158 0.10967465790775949 0.034988789522329984 0.010853361061084149 0.020501774059360583 0.036430862433449514 0.09209745326985136 0.11797443246032334 0.021488840057840363 0.10052122399974922 0.028773763090062812 0.04997182353132693 0.0011566814500956295 0.09550757667675053 0.07828472212171823 0.07399812617151756
20 0.01969541023714699 0.07044359800029888 0.04570486208476004 0.06275626259772005 0.057783813961637634 0.08120461018926933 0.06814838502055023 0.029120890171096186 0.00867921749765726 0.04623773066527922 0.06499090188395862 0.05217782714442851 0.0787046645025752 0.056169829008377505 0.04550351910148925 0.00019456323775624508 0.054343448415809764 0.031792484689487456 0.05572827340694942 0.07061970818375235
21 0.06020126555979201 0.07385342128972665 0.0061870357937044455 0.04228776651597022 0.023923267788536935 0.05651636786331218 0.07899811247183602 0.04854267565996338 0.06398402258981087 0.0824845087760665 0.053131544046312734 0.01245269401124592 0.06428089311649189 0.04114426699056647 0.0661805787284723 0.07064555458484541 0.015455884752091502 0.05731939300464511 0.005127455807862108 0.0772832906487472
22 0.10260851375831964 0.06280567055935583 0.06077252538978398 0.06334356236699905 0.043931565069975094 0.02399946040831203 0.12524695510728817 0.04066456259012382 0.022412662798187245 0.005437286640979682 0.03132468414279935 0.06867933066327281 0.0405855592647407 0.017181844456366925 0.037676590279859985 0.02676672904488702 0.04059123506726055 0.05484322873248952 0.10807936097091234 0.023048672688086438
23 0.07411627064504413 0.061850478108840604 0.03364249211502087 0.009933942788890796 0.09374744450591893 0.005300845359353573 0.08091204293459647 0.08010919932234 0.033747744349478366 0.04777856075179465 0.019385764398891676 0.09475895132192923 0.07488818248220779 0.005034725301626721 0.03103195336772818 0.07800459250677369 0.0552264158853453 0.016996388039969335 0.08000021379788824 0.023533792016361507
24 0.0757700703741885 0.03667053300065807 0.05431680459123218 0.07676254357079874 0.07071034261497854 0.05181930834032981 0.047169933548739704 0.030084054934754165 0.07024814656284409 0.011132210809693191 0.04415466053727551 0.046728106542054 0.06518740680789141 0.015540860201993481 0.06954288182760053 0.02570486614165712 0.04794129662427935 0.08097683705088543 0.026585273635522332 0.05295386228262391
25 0.10067542197516251 0.09952758487745621 0.020890362684366153 0.03354646598784532 0.041558046582434685 0.05517875950112688 0.0290652568891054 0.02948132862940943 0.01325384142556688 0.007651322053318078 0.09525069125687025 0.07818949582050648 0.03681454934709902 0.06732519604970892 0.04003455534324106 0.07693667624088578 0.022993107648427897 0.05710502934868025 0.04590949650774986 0.04861281183103907
26 0.07938614357980336 0.08105958514227762 0.07192129382062598 0.04593366029294228 0.07730574439118229 0.054985018154154984 0.021808300145915106 0.017940195553486804 0.04503539520809384 0.061120271656497145 0.014243997727354327 0.02273457627956085 0.05259983390879336 0.010463745802063442 0.08513062596609938 0.012818783988905494 0.08462678534294821 0.045679025485084894 0.052666493198066364 0.06254052435614424
27 0.09229715759645618 0.028461427880538875 0.08106413120783587 0.010816876571271209 0.011168454775986967 0.05726537638277689 0.061561984485141344 0.022031333913682026 0.011122933539206615 0.09469073381293995 0.0063858781891630925 0.10117075874736502 0.04808419040175541 0.04424274784530896 0.029868937395989167 0.06734564065517754 0.07531478853877406 0.014443165630920914 0.05360640713153827 0.0890570752981717
28 0.0699239854349877 0.011093057805959353 0.054767484360713777 0.020305797640145725 0.08229054330487824 0.043573107071222965 0.0555121524110662 0.038428845912642076 0.07446989507928614 0.09860153087799059 0.059941760009462566 0.021608785012644034 0.02068530348101317 0.033069548573734016 0.0072050788238163 0.04009403575168406 0.03329307128434584 0.11199550039561032 0.11478707651504211 0.008353440253754693
29 0.032470105633386405 0.06822389222752988 0.033879506058746345 0.06335235396742664 0.06948288311343523 0.06334617847536375 0.05276584717713475 0.03159367285926336 0.07485600552558261 0.013639018936724244 0.04157197684533181 0.01577503862984344 0.05794220468808975 0.07025989332020094 0.06975986099074356 0.04944982135898053 0.0207188589329457 0.07570168303183764 0.046323043646861226 0.04888815458057222
30 0.036655994109325754 0.036883348134266795 0.048153733677157445 0.03011261017826687 0.03158119210755826 0.060521429961646334 0.05657454463545819 0.07566045489357229 0.07789185731449014 0.055228302083945836 0.05452124028999439 0.08743500286527607 0.05101991306189329 0.0833835516792145 0.010754887305165202 0.06682993535217652 0.08254544165725997 0.02714476452669455 0.007284405367496132 0.019817390799141514
31 0.06391629521821313 0.06121955388459659 0.02556753068596903 0.06624163831845975 0.05269304732685032 0.06558086671849565 0.06200637049958826 0.05391794817892231 0.0497705466897455 0.043321538204846834 0.03862112099741792 0.04657627245520057 0.06971740031856309 0.0413245485135299 0.04303102964958239 0.06026350380474864 0.022858155457824325 0.031160298515873167 0.03778986305429475 0.06442247150727794
32 0.03619339675747054 0.02774324028112877 0.013972695825068647 0.025478544111545178 0.09732900297469103 0.08686759687283323 0.0712292004115014 0.09191800740939478 0.04534204543885054 0.034726048580440115 0.04221728356333613 0.09302775326004707 0.026304901757376264 0.008566128053054825 0.03185404553186525 0.06164572538369998 0.09727339200759343 0.014738954496998415 0.0006562187119440545 0.09291581857116021
33 0.04623941908742968 0.037368207976416025 0.039077861777689 0.0363378452308064 0.09029679391778343 0.01522315042832413 0.07578133082864372 0.0454451729815863 0.05783572615601915 0.0016084603073014529 0.03654318143544536 0.04759328403619757 0.05660167557312497 0.08913745315762726 0.07918629538156378 0.05748351756780532 0.03682452954184569 0.04071630843816207 0.08964738259892717 0.02105240357730152
34 0.09919344992628931 0.040205177448505366 0.06534732802195685 0.03187895593233428 0.00860810954047254 0.024410736174444867 0.09135711892244563 0.0017056294113817424 0.012509999110547612 0.04076426523977233 0.0925601713838702 0.09628222943796376 0.06132996942880196 0.03791510813070598 0.03653879138170956 0.038053766409741854 0.01457573814347432 0.06986656140028658 0.07799037775911181 0.058906516796183674
35 0.010615310119841945 0.09455974206977917 0.05163236423147867 0.10536308442657492 0.07123373682436136 0.07322495226230945 0.011384654277394352 0.05221080068810657 0.08990541707668975 0.021971760387892676 0.11046125991428031 0.07124224701256102 0.0013914206965574137 0.037457800443062066 0.05812492809046363 0.03950015172860682 0.018276041922636512 0.014182065799397322 0.05308681408248138 0.01417544794552471
36 0.04353741666898658 0.06697862436060852 0.07992710102685796 0.08257100803397513 0.024178990964388927 0.05111981960019459 0.07539341111738537 0.07846571827670851 0.03652801424492488 0.07170408417157333 0.03765485747866815 0.08761788403310256 0.0002231927134625174 0.06324761101938813 0.01907512384078326 0.017535873149588113 0.03870099565624999 0.018860301336573435 0.05601970812566661 0.05066026418091354
37 0.05001936437069129 0.015384704423496355 0.05340644686398461 0.005491366146425618 0.08954234473791123 0.027170752484393407 0.0025468858555018517 0.02063960015591674 0.02464321041216663 0.0569574662360889 0.06874995152821667 0.055986713397737746 0.08266439396070245 0.02689958601996362 0.022912917758153507 0.07972542034445017 0.07952346545557737 0.07716744354602052 0.08200645755210685 0.07856150875049449
38 0.05810776489899993 0.08242691691972034 0.02475114524264994 0.00012272769348537619 0.02743375239405151 0.08666292560908131 0.02752018256376469 0.09059265087093349 0.060521055271799795 0.05782010735023313 0.05423863741316854 0.07127987572577611 0.04324848215695701 0.04345745036402946 0.008025042741000835 0.05951897675209166 0.030444653073415883 0.05910990464850551 0.06048148744322841 0.054236260867107186
39 0.039122817160620715 0.007348607965713839 0.0411900535992738 0.08809016017417372 0.033090838574019 0.018474074568832793 0.07899148869919657 0.06256470406807767 0.021483289160533613 0.0328317753612657 0.0029062623979018236 0.055965376607680035 0.07581459617390433 0.02802862068899903 0.08941146214217101 0.06218231879954689 0.07274131507645444 0.09708969725956997 0.00603266811451239 0.08663987340755265
40 0.061420880627048396 0.04860306552581785 0.05094350955704923 0.09847750042502894 0.08873454862990518 0.030173732859998154 0.027958126863132714 0.045049226097818494 0.02424993389664579 0.08106410355193429 0.016301486659289034 0.07716701945995946 0.03992363640189825 0.017979088310059527 0.015214476432113332 0.060651556613513895 0.10456879359601982 0.07410639816853418 0.01969926790441221 0.017713648419821287
41 0.0401027493539071 0.06908968032996315 0.08938541756518796 0.06303119467323645 0.013419171497383257 0.0718362454907304 0.06325242145025063 0.07077013616618866 0.008292639469063487 0.07878952293966777 0.0032890616172995646 0.05296963229629621 0.042339404882228884 0.01710320908022617 0.0721111424847828 0.05084382821953643 0.07062675571637161 0.025332751050503564 0.04932622065980873 0.04808881505736725
42 0.06303286090291503 0.06504035556342104 0.07201379919300555 0.10641184296948991 0.06964602197904697 0.05188667556039982 0.04798320538031185 0.012036877198317381 0.06542013175966173 0.06602092080840741 0.08338613922036522 0.006469706331573758 0.046174023185826404 0.03137226974991108 0.011699486983269244 0.011835550451391105 0.10398914879680138 0.030308036924245014 0.010587262649196348 0.044685684392443664
43 0.07547513620954178 0.0675070240895251 0.017012931108372653 0.08674642611083973 0.09703375061556781 0.05156977144127068 0.08319451009484621 0.005156295638008225 0.08112831452215394 0.05515841152978923 0.026883193018603094 0.020705305331302506 0.005242000342024556 0.016423393329369308 0.010450176482347558 0.08438688961477442 0.07291105435829548 0.00847275419280243 0.06704743618287645 0.06749522578768899
44 0.04800675387954055 0.10050425601182626 0.0007597879659181129 0.008225770031144112 0.009049930607337914 0.07718626614320273 0.0465800792305661 0.06970714532906891 0.037324236440000325 0.06604643057158824 0.06098664838827621 0.024630251424165972 0.09357348319171332 0.09252442023915765 0.07487052011833993 0.04034639753924269 0.044413165397901216 0.05934194611444974 0.005884510506164042 0.04003800087039608
45 0.034309243008762286 0.004597918495473212 0.07111686248683542 0.02005304152058465 0.051703254393037565 0.08035359330373153 0.035263372104745 0.08259459309515557 0.008628448507062353 0.07249543800761717 0.04712772389650672 0.080414973292423 0.04299269567789376 0.018302828388795753 0.08616102567225821 0.06019196658480192 0.013716846753774062 0.08561041094994415 0.08422688908552821 0.02013887477506965
46 0.071650191704518 0.0417504217325252 0.004529494368155784 0.09062836507060683 0.08672290802210758 0.00256386994015058 0.06253139402728058 0.009742034272586263 0.024309522588117926 0.09674418306140867 0.08041579346907933 0.10304373048081183 0.002289391972535488 0.07071054228637982 0.038650493827087136 0.07827755120552554 0.028239815481973 0.05481541364960248 0.05220469890350527 0.0001801839360426685
47 0.036308978135389844 0.038065442673950345 0.04710330736718493 0.0841832642017934 0.057335012078877055 0.02786573682657529 0.0823865019568337 0.07889706395127365 0.08831014592698451 0.043266155623166255 0.06399407312546042 0.046718492925496485 0.0629333505892907 0.031466827796300625 0.050026065664822074 0.032523842334340025 0.005402793610568438 0.0338678622090573 0.07782609670985502 0.011518986292779912
48 0.09124182407705617 0.023612758215310097 0.0949304875748445 0.017221875364547307 0.014740955088478159 0.018807438171710444 0.04848868112315023 0.03836966067741393 0.07105346781971196 0.04843527737383146 0.03783344305508688 0.02857390291522142 0.08510534764108564 0.04919591687842272 0.06603594464815742 0.016589066811874647 0.09508270699301678 0.015489558272879612 0.07898240081592994 0.060209286482270835
49 0.0747971070390001 0.0647625070702693 0.03637241033942054 0.06942120472396926 0.07958600504161224 0.07882047889750744 0.06430677331111774 0.07057437815147538 0.016673648744503333 0.031182905149211824 0.06936230464561725 0.011198569545246076 0.07603914868755209 0.02740821175466738 0.00020073971090667792 0.07802243261208923 0.027861242142960953 0.038689722335315 0.028477817337472164 0.05624239276008572
50 0.06770533468533846 0.0031086095545398997 0.02759330641606852 0.08817335801112242 0.007462748326082406 0.0827288536588362 0.003605457583011375 0.09735625570253084 0.06356900687491344 0.09442982772316691 0.04098844095699139 0.0634048658385337 0.035970337696556685 0.08186250063987971 0.039444905137851566 0.05951046534482336 0.0481286508243297 0.015617443543912996 0.0098033480430247 0.06953628343848572
51 0.03102778109062907 0.018603850735067616 0.05879310589833528 0.06523298363895444 0.07734927574734815 0.0020704983813811294 0.04096022920713557 0.06127609281660419 0.08478424971918384 0.04050176022107081 0.08459664407372204 0.06324149088462767 0.01921205345070568 0.04113050329361916 0.0011809843602226824 0.08643153647863609 0.0582195536385972 0.07189099847672419 0.07169765696933647 0.021798750918098762
52 0.020168474119712714 0.06780586472516098 0.09881739204349937 0.016412060457059098 0.041976648049013195 0.0011775371915182392 0.019762883584698836 0.04868287522731265 0.040381630193309 0.09070498452007943 0.07458337637731181 0.07863806055833736 0.04334147055699924 0.0005865314032775733 0.054902275383651986 0.06425132627655246 0.07759465796403991 0.02525642200222099 0.09849405724984807 0.036461472116397206
53 0.029651994328126235 0.024060302415799054 0.08282481249406846 0.05314377017239228 0.055902214780274656 0.032149482525583625 0.000589288626038604 0.08955521830043005 0.0034664747969199825 0.010460685439831176 0.0510819388040063 0.051457841668865044 0.06744650527242196 0.06905639406323465 0.09587538465729349 0.08110203123453014 0.07248325542623431 0.02542259476157209 0.09417078611636591 0.010099024116011825
54 0.008927956015003883 0.023354561671551557 0.022084711091573023 0.029463791878299544 0.09739051024370439 0.06938553011145972 0.06420791747099304 0.08915405118264888 0.00031539979328933326 0.06545073575823288 0.08013540617874798 0.036046164120948694 0.0016968098223672282 0.021336953529844466 0.08891236101328728 0.02466804630709487 0.015197839036089757 0.09666512902887503 0.08792558199873812 0.0776805437472502
55 0.064059535912874 0.06885685903998218 0.08128112953346185 0.05457135275272176 0.034283539304929986 0.08165537601671824 0.03603169746389705 0.008029030842348637 0.052348622778377187 0.0102636478712276 0.08213702050931986 0.04579079302512815 0.034912759173788326 0.07047109174929148 0.00777383365796553 0.036437393394589915 0.05396314068835689 0.07874738656319126 0.01998867198272634 0.07839711773910392
56 0.07542606680262498 0.08612432473394863 0.060921308567100416 0.04507443817883862 0.0031029175828842207 0.0008151402891933902 0.005242266326731801 0.05631685174889786 0.01246064567667135 0.06736482039538852 0.04836676430593792 0.023218009099944877 0.07084380761443745 0.032968665087334086 0.10152782356643797 0.09804115270975684 0.09091665926242185 0.03135500999125339 0.025156947081713663 0.06475638097848227
57 0.0172031363751193 0.007095488114559698 0.049824007921683816 0.004404943542150093 0.08127835234316125 0.010947473211527645 0.05388671271984531 0.0716098535373882 0.05197889620013884 0.06334445320086245 0.06729608344130276 0.016820921252624705 0.08577863058821464 0.00011676042222852765 0.07380238050777282 0.08259939434388215 0.0588990260169607 0.07651056111683384 0.05064898480408878 0.07595394033965425
58 0.09073625511716937 0.0179772972033672 0.028683166299803508 0.061350968056895876 0.017862797309425724 0.005556452053034531 0.052870524293581286 0.028004538981861043 0.02481974776556798 0.03738591245058527 0.05038059720590483 0.07811892143556362 0.06845439943161223 0.058273908596345125 0.050988893409882975 0.06585359638923569 0.057354131766979344 0.06945199903740822 0.07305970257371058 0.06281619062206556
59 0.04343786889916433 0.018269510178800148 0.08313498713294465 0.0009463630192340074 0.051227870904828283 0.09016390819112308 0.027326140128290623 0.051064377595789086 0.07238174103339529 0.06828521210766865 0.05851284980043417 0.016538856687101717 0.04978759425131194 0.06404775473599784 0.05485178493890845 0.012888171516579191 0.03033580418340485 0.07164864848769323 0.04402699342777077 0.09112356277955962
60 0.060086104661461685 0.02537524428142263 0.07924523328364552 0.08188341872359488 0.029384048379177446 0.055442551162844814 0.09067392085386011 0.03958719094946824 0.07259751867606679 0.03581787967359157 0.007107152186415447 0.03897886656388276 0.06267189209196791 0.020612584640341727 0.04676266005967169 0.013675563504406237 0.027054310443344477 0.08822340333517942 0.061511353916424906 0.06330910261323187
61 0.015628145682982417 0.010595333371340882 0.04646222955402867 0.02135124475151733 0.00498832668780519 0.030113276035048934 0.0885110884526385 0.1041223086733556 0.043170551106435036 0.06705398736065019 0.06716170269228296 0.02576272145335138 0.031037313999029526 0.11724076180405167 0.06072564475927869 0.02933759141545556 0.056881867554475565 0.03449586029801205 0.025033597141621493 0.12032644720663828
62 0.007272821843200569 0.035997206468642545 0.04205969912441277 0.025553032419855626 0.09243033955139367 0.06245233131037494 0.08646971269383145 0.05572441698996185 0.0019392378182695302 0.0385324843004393 0.00944066863365576 0.03237724428929783 0.06332014121343366 0.045161101734938314 0.05160619555837226 0.04491553618814669 0.08041188372549714 0.03662219723281125 0.0995091273646191 0.0882046215388458
63 0.0301274610458756 0.03579371488051075 0.009566686817104148 0.06607037173575389 0.029565758639213447 0.08763688260007192 0.028393842124950525 0.016373931235456857 0.11114930082716831 0.00945662295547456 0.024346124700330155 0.07854479586351094 0.10522922412005768 0.009353209014561829 0.04949162597443089 0.03953149024752905 0.005530102354705909 0.09378005450679772 0.09837210108331894 0.07168669927317695
64 0.05652953314576309 0.023798792681620738 0.0018714885842982475 0.014577142409201821 0.041429292462999416 0.06946327977422848 0.0403780575557688 0.05231573047152001 0.05208229539547577 0.030569736581863103 0.052863825076925434 0.0994595711357254 0.031764959828826655 0.10214922697017759 0.040223423385862676 0.02810040573543577 0.1095944442880873 0.004074207380842991 0.07871091098916405 0.07004367614621279
65 0.01573620425878435 0.06436962252738745 0.059152617880994046 0.08233143189935417 0.014718734594209495 0.018750732031779148 0.07695234435309473 0.019785143975748803 0.0907447163771685 0.010177891137073044 0.09224726709879044 0.0912538205194397 0.032114110661987445 0.029210598607120542 0.007127151363181673 0.07953094768449508 0.04986683053272502 0.041695166930670144 0.04313267448650439 0.08110199307949151
66 0.08929297923430475 0.04867011596717507 0.0697611275634662 0.04167608295526408 0.06107866129756716 0.0478497344750115 0.08501196514431368 0.01023912887227128 0.022764771548346417 0.05982303538648825 0.06520940333139207 0.07231714381242217 0.025411760349629994 0.020707696516450477 0.027269470094620798 0.05093271723023067 0.05925260459079222 0.014902918059800707 0.05884908489744143 0.06897959867301122
67 0.027776688503848374 0.05126000755306181 0.10288747728483111 0.060404315822743235 0.07270341682808584 0.08170484630541 0.012153650432524032 0.023087860384749304 0.057073529087700976 0.008546345112443267 0.05091993252172831 0.07155839836110349 0.09857867609860606 0.002293491542236574 0.01605858653314392 0.00458138492876793 0.10225881666260343 0.01121313050983126 0.0498635739089658 0.09507587161761498
68 0.08962924184849115 0.02312704393822014 0.04193616544535199 0.06438713552292555 0.024569435262092057 0.08318534924189111 0.027200693706199406 0.078090938577482 0.03404650511451891 0.043844485026317555 0.032826338948997544 0.0676606142469063 0.09158636314425919 0.08040623278080321 0.015659684744874745 0.03828785348406229 0.03559854411000614 0.0468916036241492 0.0004165496542092343 0.08064922157824232
69 0.04628184373711872 0.11243623946642854 0.029645472177844207 0.11353719694267392 0.08975923185131628 0.0017439536375184772 0.09008802905960565 0.03075345682763392 0.03686676088251593 0.020537784272868398 0.0005654587600386004 0.011446637355360074 0.08008856235626574 0.028758534019231816 0.021832682036372127 0.033684666593814916 0.01640639853435106 0.06735631789667794 0.12085062456503194 0.0473601490273318
70 0.07787584539022221 0.07636254621792074 0.032941638601484226 0.02591767929559947 0.03634340474999296 0.04529152661224285 0.05911804772799748 0.09150683166151738 0.009649435899032463 0.06891166508683037 0.003962961040657581 0.034504611339695214 0.001677931218661873 0.024797798526574245 0.012971162911083526 0.06892426052367454 0.08947244667016242 0.055951854199436074 0.07059570085011338 0.11322265147710088
71 0.07085328456669988 0.03123895697081739 0.06557216371809878 0.010389699612570328 0.04551143650644445 0.00011996571434734496 0.04770247472612139 0.08256085687849636 0.05551475431236722 0.0049217438200920656 0.07674159267197737 0.05771923374842697 0.10109623156965634 0.038000808130784304 0.027597144193539185 0.02855675820679223 0.031291353942229455 0.08790755549995793 0.09548660233421148 0.04121738287636956
72 0.044654451342825974 0.003456698491934724 0.029429724721950445 0.09451890625777411 0.008206250680431881 0.04567620640194988 0.0002509467076144495 0.016896927930208878 0.06670767681743817 0.09359979059624865 0.08112145959750612 0.05369541486553435 0.07189542260098002 0.019179078604879888 0.05872829477475343 0.03667877716926163 0.074375552144299 0.08052843557030742 0.031693706188207 0.08870627853589402
73 0.07656261543184209 0.05995262447245595 0.0758099628258737 0.01982391253512282 0.07716925075798593 0.004920156663581201 0.046780699031896446 0.011090951605896945 0.0076743260012551795 0.08235509433336702 0.08363841451244697 0.08092787759673888 0.04235818510970432 0.08302733961826742 0.04513927275709746 0.008843649041455784 0.012103110112879605 0.03943665168335677 0.07372383759557398 0.06866206831320153
74 0.06420273275442549 0.015903660186584977 0.02701241788088118 0.012688346111541519 0.023381418048507335 0.07898319723687014 0.017139263865692225 0.05135926210518187 0.09102524881695968 0.02072526974943552 0.07996006507905438 0.06405778914119899 0.022918974519126247 0.08357088719373758 0.10414344695065628 0.008000658663802528 0.08357322275618541 0.06774361585099985 0.06841431583025097 0.015196207258908037
75 0.002887724250803082 0.1016390767383242 0.03392066500492101 0.08379540741024873 0.05486421639894039 0.06625526083374626 0.02615177972892842 0.10078147799175291 0.03777249681394154 0.0909117165088567 0.018022731111402415 0.02731967688854906 0.023726486090988694 0.07583790513423519 0.014927643093674326 0.046077986714502035 0.05412589719853192 0.013625080592637874 0.057041015619646314 0.07031575587536887
76 0.05814838875277492 0.007446941772988195 0.10883506649199698 0.09035329327960996 0.0330827715799251 0.10448686000707995 0.11475019664431729 0.05553484090329069 0.005301748850973927 0.07056323427295874 0.04754171444574845 0.04484051475616299 0.035032746636131686 0.020680429788994217 0.031985231562808816 0.04024447055645242 0.03684874364690834 0.08226658837390859 0.011746838122611411 0.0003093795543572998
77 0.0017793039044027028 0.01099403503608623 0.0931491735300455 0.003805188001775721 0.06712096096401662 0.07510793834022304 0.049917619096627 0.08492189061893074 0.026980747070826237 0.02689786510378353 0.044006938400235146 0.06855021039520524 0.04606658232143478 0.0761406483186807 0.029927985094708582 0.042279171477454 0.08827637157010823 0.07511473304996985 0.015700143444321055 0.07326249426116489
78 0.003289147689417909 0.082385728364411 0.03619176278084721 0.0033617963383419124 0.03483986608834908 0.08770580677275555 0.0918283435867707 0.038477236382438086 0.06360180073221065 0.0031632514093345786 0.10013176643760667 0.0676397954202095 0.03558862252444867 0.02283249842349693 0.06657553369376192 0.0981908833509949 0.01853406207767282 0.011559512956771578 0.07635462054962203 0.0577479644205381
79 0.0377292465888384 0.10958234407134869 0.06210558353203829 0.04242736781034487 0.08064478265993978 0.07863666281391167 0.039876514552600044 0.01093183390031935 0.08222119466547463 0.059579019192518075 0.04562882767213193 0.04493263374970211 0.009753822877331824 0.023143754752655264 0.02356250639844372 0.08920799512952479 0.06952379506267871 0.021092707762788133 0.03164269237814986 0.03777671442925999
80 0.013372867961949753 0.04965521966986748 0.05994952415608916 0.07025923227401781 0.030718244743549596 0.0356899837800178 0.08458698060586298 0.08750182761202993 0.02276726022950304 0.06320201608694836 0.05389272953114966 0.032963953748943585 0.07101813420036467 0.018565305641556923 0.022320879885790193 0.08349399405784252 0.009143414237162906 0.07856401638442351 0.04040574662802964 0.07192866856490075
81 0.08530879582245997 0.08952289591441025 0.012729610036966568 0.018749031772056536 0.09116500498872133 0.05403564967992178 0.069345737895879 0.027260718769463902 0.06340208640744335 0.08622098763782615 0.07525799939638761 0.011158018806900972 0.05442503245891588 0.02204698032984267 0.015755246096637057 0.009336955371745732 0.05687833241915781 0.0176183379625745 0.06217612213446931 0.07760645609821958
82 0.045244999931438094 0.04506561280528698 0.07086466546420946 0.01744413564232319 0.06734327782456205 0.0787118603893926 0.020441588559983966 0.04414086189923966 0.07323146852363684 0.01978954347051893 0.047681082367627865 0.08702333515947103 0.06350840749908973 0.0566260877917414 0.011493818073973053 0.005919293670053711 0.06157020016950115 0.11056376776264754 0.018674719228715365 0.05466127376658756
83 0.11121748945507495 0.12038018689218292 0.028884459552873727 0.10752208210033332 0.003203934185410455 0.0070472715495735975 0.011052143817019728 0.07324130863058569 0.04811735911871405 0.042902141807065655 0.013371537879024314 0.09573314305253171 0.06177576405625685 0.004191420561223421 0.1030765975891775 0.015344362098287687 0.026265482315968973 0.07047277253327605 0.05530047819699252 0.000900064608426473
84 0.001982462977633242 0.013527774604480148 0.061645324489230297 0.10281111466162868 0.08801687697900804 0.08559401315668357 0.04810690185802541 0.03977095229098807 0.05671523757735041 0.031409764935556535 0.02430362604999213 0.0857050352091336 0.0734838307380108 0.0841210270582194 0.033147189712241044 0.00046884842648882034 0.07188942337040695 0.08244036256285905 0.008369849872405766 0.006490383469657965
85 0.0377823737994793 0.05261396404178818 0.026558492702644973 0.078024095620163 0.005332641104389401 0.04021649386389988 0.09628834347735318 0.0953549534090056 0.03179022505725095 0.10190764988155679 0.04373548265191613 0.03139925882219454 0.029359270186557932 0.06184027453912736 0.02967558628610492 0.08228394713152523 0.016553016458117284 0.10312625685155444 0.001092491353365486 0.0350651827620054
86 0.008348331942032043 0.07824605350018658 0.09506651963530743 0.016076475656729913 0.08052128264986134 0.04921762208095582 0.064418782485986 0.06545339885663992 0.060686852815932335 0.011786758896970497 0.09156561888123348 0.026174140787509972 0.004660697479049971 0.04384719884854445 0.07148795606727174 0.01444413368848188 0.019810613436559134 0.03316022348678343 0.09053904486355631 0.07448829394040779
87 0.009871397798461242 0.0050804357177226785 0.0967292438472174 0.05426316707505045 0.015755102107284685 0.08256657690155447 0.03836785246483119 0.02704224569916841 0.07548296831305457 0.07814661441800663 0.0867702998763416 0.03308567488178412 0.04165304252339426 0.015935635654654796 0.06792311490236506 0.009412152143212034 0.05966929586224255 0.045340946167143584 0.08743434186442803 0.0694698917820823
88 0.04803275081455878 0.014118821194623973 0.04674850688437043 0.04511557480271499 0.02789132316976755 0.06171456116656199 0.05777264329598738 0.047029151174930804 0.007716656061351927 0.08572705482299935 0.03503152823583778 0.07028764031135867 0.04684034934155089 0.06184178696979243 0.040197491114547755 0.08942066473494636 0.08754322397206754 0.022954671025870576 0.0653378814892029 0.038677719416957836
89 0.0688014322511082 0.032932694465483546 0.0633965802999386 0.06864468143949926 0.08145505474326006 0.10265587028149692 0.02821119220821921 0.010244453914501782 0.08413137000424613 0.03634982870844764 0.061240874473016724 0.07627674644224604 0.005038065244058216 0.044619135034978316 0.005837927400990387 0.05076408568959764 0.023302515462041873 0.001536904409239503 0.073464809993723 0.0810957775339071
90 0.0981117964872558 0.04317686387586672 0.07309574937663017 0.058890732866208884 0.04810443854898752 0.02296272430234083 0.09087587183362855 0.07791398654232556 0.0022122382045725118 0.02081959478752318 0.02401804833995114 0.042766406025152325 0.11540207370897836 0.08114097552519084 0.021819024369252846 0.052253594699163346 0.012006768325207013 0.041478051941180885 0.06749230350536976 0.005458756735213651
91 0.008426582537628742 0.10824724093561129 0.058340766707501615 0.10477803517413097 0.034023066464630956 0.03461395332121895 0.010093603676637787 0.07134871953608761 0.028902946024994967 0.005975129769893425 0.04086780123815278 0.022243647143386173 0.0988147048631343 0.05853949060721271 0.007062312935438535 0.03003103047895264 0.1025768299891617 0.042964609527415036 0.09347028703512363 0.03867924203368621
92 0.00899811328098882 0.08172931187492974 0.11228227526497832 0.11228641759029633 0.03601675511636461 0.05067063213483476 0.02287635651717088 0.04835846740074176 0.03323044061572273 0.07682767438943229 0.02593991614085912 0.004648267350136963 0.04297264113586357 0.023528324824216972 0.051305578114623135 0.02408109209872951 0.06845557019917123 0.008756837574054375 0.0812451795985237 0.08579014877836132
93 0.05475014545382271 0.00752982475047154 0.0008095343433669076 0.0898082722450121 0.10480290673198303 0.0668263363410817 0.05979664952037655 0.009256712154398864 0.07919466576383277 0.06522983734393258 0.0017014146197494942 0.02835994669212403 0.13315243224041462 0.04371589617448204 0.03475049523987955 0.005673551043830021 0.06658314046526163 0.01476508432978735 0.010555780705933536 0.12273737384025885
94 0.017221021956894234 0.09053738453446317 0.008212707450962729 0.1099823172514523 0.025789011733160776 0.10079038837645048 0.10483322786514272 0.031148384344297248 0.010232849207261259 0.06062216564232941 0.03446782199096923 0.06032011849611034 0.0610912062461 0.05444507361374069 0.01788139174429356 0.0774356381961527 0.010503070143110648 0.07221371753245452 0.02330308396126244 0.028969419713391526
95 0.0350144922152445 0.05537532083156738 0.04362303122660543 0.08421544776697665 0.06990593403043074 0.049042228108522226 0.07121983729390975 0.02018706034158082 0.04656628254121733 0.02511435893119882 0.07065185282127232 0.09684229630497933 0.022622614194481933 0.03618710987699842 0.0021423212856276934 0.03563431697898019 0.004461386318795253 0.039585363647573805 0.08967468616629758 0.10193405911773996
96 0.0047569804465994224 0.057405636324977305 0.057247525138904916 0.09175845049176758 0.049455739121841036 0.06811675111641771 0.07132096688790199 0.06770219289657513 0.00944205165933511 0.05024561383511783 0.03885722149361448 0.031352807285100495 0.08811053555982516 0.018695748624987775 0.052489306400293805 0.009803575040966838 0.030605581008358834 0.07802562043101323 0.08182902858908969 0.04277866764731179
