0 0.054664684072609875 0.0655564488269404 0.0884133577177586 0.0836890665337555 0.03056901562162858 0.043319250595963366 0.025986292428695917 0.06005284771249721 0.03612723133602879 0.030440262057249114 0.06264468867080791 0.05219243906551812 0.018303113613564674 0.08530230310722238 0.03835418584443933 0.03723740805785749 0.035748333732515805 0.061338714516501226 0.04424087195170451 0.04581948453674117
1 0.11248384850998049 0.011876277723909716 0.039612706569735714 0.06353875575006349 0.03460326106468506 0.006944329328675454 0.022685883130579725 0.06374733582538787 0.015163283780697263 0.07027309631702941 0.08740365279393647 0.08453661762313426 0.10164567060796127 0.08412728180865799 0.03853582100999084 0.009037518332086186 0.05472652693027082 0.03897477078040972 0.052800706526954816 0.00728265558585336
2 0.11242585529938512 0.049405237291341844 0.0025421446004397353 0.07106259725657872 0.06766532320301212 0.021949795893112228 0.010417692321288531 0.018866818207388492 0.06988972173174002 0.017232269464268986 0.034028567024178585 0.0776335433585679 0.018817908179416865 0.10625760251310447 0.08210813925048108 0.017247379807632454 0.057507455870661535 0.07264749036857217 0.08400778830554458 0.008286670053284546
3 0.038094399598520644 0.007465668595129092 0.010549873401036398 0.04618104222986461 0.025724655415559607 0.12626317535742865 0.00016689287134066 0.10644434449022665 0.10273843145549241 0.04069519884887019 0.10728072715322394 0.03305019919311418 0.04328561635534413 0.06471676172673255 0.018659910224907428 0.011985812148146039 0.037443826514457004 0.03564793019991791 0.10469966270160612 0.03890587151908179
4 0.012179583965232063 0.07317836482515104 0.04332474814057111 0.09144611964387125 0.056665227238440856 0.030933857782974663 0.08994144879765234 0.009826209865647272 0.06624176492611825 0.07771735706203528 0.019587232282029292 0.05622867065250597 0.05181375223446252 0.08297108767267425 0.07626205616975905 0.019042897676446117 0.017438107750111023 0.011095851112312757 0.028204423745891185 0.08590123845611379
5 0.037944241786135896 0.10462407437403966 0.08423368674180608 0.0037856411481974 0.015303360131538086 0.002645548974673719 0.05243891475016263 0.05545060934955744 0.09127434670696774 0.08625650864783777 0.09160774321563943 0.0782814906882034 0.006263818528405488 0.0034103618307291584 0.08771303738044502 0.01928479442002473 0.10195243688492056 0.0030452919313389217 0.0028631532106310484 0.07162093929874566
6 0.07362225859308968 0.04997490709209697 0.08469652128706558 0.07753530026940018 0.05892513900229895 0.006052011765972474 0.04678009365989879 0.08197393428481255 0.0219256664398949 0.031994187515806585 0.056373881244294426 0.04782030327500686 0.05431647686409697 0.07871365874220798 0.0017637348247148059 0.08900385488967544 0.05080092632764246 0.00947888848004464 0.06597708929450286 0.012271166147476656
7 0.10514621417436838 0.08769380000012002 0.022332317633544426 0.08147467079559878 0.02349249044050368 0.006335158520358924 0.05609597597709744 0.03575544192802708 0.06804510338170931 0.07623106409991764 0.10895113160707022 0.03568024259051883 0.0897967618346014 0.0015914920046502272 0.0544483643142056 0.013820351657261247 0.011629151189427152 0.014038441240664664 0.023401852077496843 0.0840399745328583
8 0.059818614201105944 0.003988893622911101 0.009949187181234461 0.03834824084583855 0.05734409262680273 0.02711851569643338 0.028509515448868077 0.026968781726090584 0.09277284566787122 0.0734145834180503 0.016122393522173636 0.07540427565870905 0.006187550116040445 0.07446080029123496 0.04052097939703791 0.10370399505345002 0.04369221496983829 0.06278787068177213 0.053760711627844376 0.10512593824669281
9 0.037790064852987824 0.09907813772988643 0.06472625706641713 0.004199841967908469 0.029326980671844475 0.09967209228870265 0.04385333625690648 0.0026434150908785123 0.09911141175901872 0.054104478069655605 0.013417143230168904 0.03369525986733214 0.025230336315605402 0.07800826756190944 0.07696956167352716 0.06058255896154413 0.09342215715294766 0.028568326977687186 0.04950634625762447 0.006094026247447358
10 0.040091456097409606 0.08017499378771191 0.03459606352833682 0.026876734938112073 0.07937241454664938 0.016237982462037656 0.02783168913083405 0.07307903931884964 0.08092238354012993 0.07582762719541312 0.0698173047256002 0.03593890676196663 0.051736711831250795 0.02164684817829662 0.07962566422106206 0.018150370372154136 0.08031870643381223 0.0091950327328027 0.07013020866425873 0.028429861533311576
11 0.0745016331840875 0.030299637883807913 0.07401813188067266 0.009091808859679817 0.0479538784084813 0.0060528911316302895 0.0473020405708628 0.07917128360382426 0.08854883109829258 0.029756411736069112 0.07694344204027122 0.008481182667340104 0.06066048517047023 0.06469017002393965 0.04662678871607756 0.007103112043282096 0.08866278380542984 0.014916756069370147 0.07979768821515265 0.06542104289125827
12 0.06197293992949319 0.038717100235999016 0.02233548279098132 0.0839384216416196 0.007296553844630578 0.0625140211226259 0.07633085393379893 0.05246766135964206 0.02792314448892342 0.020422552496550228 0.08682674594242332 0.0019154395551767768 0.07988434780758999 0.04887726478343467 0.05012819308291326 0.04530161815653413 0.06601496275362115 0.057404539500719894 0.07101005474397121 0.0387181018293516
13 0.022416501068595843 0.008126144027569181 0.08466961647990115 0.025622441694583786 0.012167186577054429 0.07619659577431455 0.08209655949201479 0.006928957537003325 0.06938063274619634 0.07469278948182803 0.012969393917842787 0.050792502875708904 0.0807982699640699 0.00911257031545762 0.08056042337308497 0.07978640873767645 0.03108190331274464 0.054804659508934594 0.0586570475304342 0.07913939558498433
14 0.04703043702042513 0.06557163274989611 0.009191278765797922 0.005780803202566403 0.07025051439370787 0.0300626139803308 0.023537248491603956 0.07489361411293723 0.08675715679985617 0.016283762976969155 0.06599140969003557 0.044611293753866105 0.08465528568050218 0.08404189334210747 0.021354671101610503 0.05590352557247819 0.03571354716341511 0.03792211979623025 0.05430912240003208 0.08613806900563196
15 0.016843422470398797 0.08709532043192758 0.0270765808689349 0.051639851250356174 0.03209742750683753 0.06329865880620919 0.08188947112255582 0.08634809440691193 0.04976894669875172 0.07435595645680189 0.07358646211561397 0.09564626497834712 0.04868262285399699 0.030435326517340152 0.03881616073898081 0.0021368974744551284 0.03564699053813526 0.07939467633729952 0.001100066684934499 0.024140801741211075
16 0.02127379987848585 0.013824504703037808 0.05434110448443167 0.009373403381529472 0.11998754286386397 0.10262287542647226 0.07546218218916319 0.0690641584172322 0.10753560626722086 0.013169049014778132 0.0909955824912277 0.0839361446573169 0.06916808584153686 0.014540635008779746 0.05126065991231733 0.00731586132923181 0.022042867227006827 0.021597225867095643 0.04631217942374749 0.0061765316155241255
17 0.011442097401704526 0.07931149350821623 0.06384440613062693 0.039296596678641084 0.022095905351939154 0.03723870333209709 0.0269845786889581 0.10189947567403387 0.003574045076488513 0.08600293565665705 0.04837862348523853 0.09768347538881472 0.03959697881332606 0.04124237024814539 0.061759025776323175 0.017433701076325463 0.05412954900906095 0.03314560114972435 0.08405477499562868 0.05088566255805018
18 0.05953263103587447 0.0794938245644744 0.04610747477334767 0.0723198053938369 0.0707015895946077 0.06024728589867999 0.060110057487963976 0.07569040675991998 0.009158884078595128 0.05443784439393523 0.08195463804320437 0.0019480822513530077 0.04411143090223037 0.07191818403593332 0.03895162964887758 0.0393403886097691 0.017160460011652032 0.008275665865124075 0.06743347148112287 0.04110624516949782
19 0.076464700268085 0.003522373023295868 0.06675066789546545 0.003742314700944224 0.09253458323912025 0.03163379377924579 0.021995296005077866 0.09821083896109783 0.03441344564752736 0.08174474708545418 0.08121674998751346 0.08629864577982832 0.04891341257635058 0.04354296999952912 0.08365297532183712 0.023489442197008967 0.015252687297607271 0.06296176595238194 0.038252078029527355 0.005406512253102145
20 0.10255261672991679 0.037803831801435574 0.04290547005913271 0.06440547260618976 0.008287679658405874 0.04695500283530164 0.0318772271846737 0.06040913180765748 0.06594666732378669 0.0913691375192959 0.008131653899813362 0.07826165734349255 0.013818736054257201 0.008604506942711755 0.10161342401734945 0.05383705035724827 0.04274018504991188 0.01571053411345301 0.0658897854733573 0.058880229222609194
21 0.006004676285399573 0.0025565053255531232 0.05999077303188338 0.08088052533227018 0.04511707454681296 0.0742491888224667 0.0796951104791997 0.059903234531587815 0.01599706884032763 0.08192119942662786 0.027982743586654615 0.05627639133943966 0.01072048786870139 0.004259193079237695 0.06509621750081497 0.06552897259609991 0.057104661801054356 0.07058607651009793 0.07818712409519872 0.05794277500057173
22 0.07440814342293252 0.011844461022632296 0.06963806538033795 0.06582807262575104 0.04770829385102346 0.08585339464296868 0.07032106502184862 0.02978654128115783 0.0341652576238889 0.06155673351079559 0.06939716370719029 0.08398579089437741 0.028925836869002283 0.04303421927312643 0.004731125460270932 0.05000391250272353 0.07386517070150028 0.02840265376857009 0.03147661793986105 0.03506748050004083
23 0.007016720811890256 0.006181191560812537 0.08053247605427831 0.021361475597965692 0.09297030721976511 0.03511277609974196 0.06348086869659308 0.061162941536164826 0.10514661899607564 0.013881729604795152 0.04944344560358008 0.0797538937456561 0.03341296525345976 0.07700650582917366 0.011686201626547077 0.06258596582068937 0.03410995927133853 0.09314645763158327 0.05222848739137971 0.01977901164850978
24 0.05951337781525003 0.04465176513928813 0.01735051731166548 0.03491305266476579 0.06673324128441796 0.03418731841795183 0.02988864107969935 0.07885354486780465 0.10796686716159216 0.10864076454895938 0.021484605400578068 0.004138753664998185 0.07719386766137683 0.06463124864274068 0.06617460784463318 0.07335787805597607 0.07106859561225573 0.0031143257304691273 0.010505032771333361 0.025631994324244095
25 0.015250129401601737 0.0868740824800118 0.05651174680648139 0.05118532362199981 0.05730138765823411 0.03093888353587263 0.06953254388592106 0.05267308640551657 0.09051065516353221 0.023220963878175713 0.02302402595359194 0.060399671666763396 0.006361753114675917 0.010506040490244681 0.08786573747075946 0.06028888492934739 0.022470025752837654 0.060886642060439075 0.0902347086458621 0.04396370707813151
26 0.08476887060342077 0.010808708052323745 0.06375930395696736 0.06833859859937232 0.016093493782227367 0.061910273998794306 0.040311850401247885 0.0862267625691373 0.027371867456042528 0.017433504977906106 0.07110106640077904 0.08143755940227092 0.09290339860027069 0.034228121717588766 0.009752285481223024 0.011496911561110148 0.024123894157106952 0.06222059276241753 0.08906875341819226 0.04664418210160087
27 0.012938839790153709 0.007432261479429424 0.08683714442730081 0.009140448558769504 0.04006617786411644 0.05832726394488872 0.10171783166929352 0.0026824281578225733 0.06197509337020224 0.09349431157496774 0.05891925980722544 0.04109189219867463 0.06474475667962036 0.08762341930111035 0.05590613799728556 0.08790070040540796 0.002795269311085241 7.437237044724021e-05 0.06960256611900802 0.056729824973190686
28 0.060009715695180384 0.05023066975575818 0.04701997933978403 0.06561193561029979 0.07915629180987024 0.10008561455368585 0.050624384075427374 0.015013572922349852 0.04996018572270163 0.04670607008053008 0.028847731742154745 0.0714006818303941 0.026083685796632616 0.08662190801672906 0.029870259453317696 0.022102480832057948 0.041760643427501555 0.07009274256034782 0.03659348084510847 0.022207965930168713
29 0.008757839088487707 0.05631308803093389 0.08292893430279087 0.06489849870472886 0.08541827709953204 0.03128555857162681 0.07360250552398125 0.05717725656666119 0.0006924342185839078 0.009814126000603284 0.077717700923821 0.06234353608119658 0.06039672779145993 0.07600392864169334 3.8696348681993885e-05 0.042462347336342514 0.08691951045435016 0.05828836654791897 0.00025909254725342573 0.06468157521935211
30 0.02937809746487322 0.062451359313726036 0.01446113964341018 0.0706970936599336 0.07445367208871741 0.06910734337309483 0.04040912705799386 0.08062685139149824 0.023626371738565966 0.0318639682752222 0.09051104595661624 0.04010708418448008 0.0036863887632780593 0.07146007390672776 0.053632374221207556 0.007014037575705782 0.08556725226476934 0.034554006546917995 0.061330221317530846 0.05506249125573079
31 0.07512065443673861 0.013128620230112555 0.07796200094869901 0.06639260952469479 0.03289457824470384 0.06512739547353585 0.07857565758122077 0.05681489420803482 0.08095086677111811 0.06094324741196793 0.07808470029947281 0.028892907414315234 0.04315311347751887 0.07285127571422972 0.01942332452257999 0.008868334596036037 0.04885445343644775 0.06342809451288557 0.028260289760620203 0.00027298143506742305
32 0.08736649202542139 0.021666703739257987 0.04707729423682664 0.04783046304546978 0.04345030019801113 0.00979446754779718 0.0919073823689777 0.04747415760494957 0.051715933928595074 0.029417224773015647 0.04925688258227667 0.09539487026098979 0.03314075111592773 0.04409895141207915 0.028009600293773123 0.036496582006344626 0.016272857204023543 0.09598754239727483 0.020463290051010673 0.10317825320797794
33 0.0364118839893697 0.020844195760364368 0.012687673926135458 0.08221647814034325 0.08067213071183167 0.09589758212203467 0.10508665877533506 0.08830182166454772 0.01787115255098062 0.09889841386559434 0.011566457415731951 0.05582691595638546 0.018228559060114443 0.02144669268435936 0.03543152259920793 0.010600127013499907 0.04046155669886524 0.023258758299123578 0.07508643846949511 0.06920498029668015
34 0.019860952973950702 0.04873541564084261 0.05965763831801684 0.06975743213411632 0.04841017347363173 0.008286462961007322 0.0825124894924243 0.002281831242392012 0.06568247163866228 0.02421196415144769 0.012930099933646503 0.05727636834330745 0.09564950194574522 0.013060643082516248 0.0938335098954374 0.08753963029331092 0.017814613958487633 0.060012089528922036 0.04014305472668151 0.0923436562654532
35 0.009651376323231157 0.004640681314924842 0.07992291134141986 0.027665761697829156 0.09804519557341641 0.012786753017375358 0.013861814772313616 0.060913765392324994 0.02221423057081291 0.06241997654042159 0.08239986416060387 0.027537846515488594 0.05952713057988885 0.08226999705687442 0.056482009218733274 0.0019846347836990877 0.0756914932890142 0.08501620158173834 0.04870325804502142 0.08826509822486797
36 0.03773985840707632 0.01855277390943757 0.03424709553965943 0.07031043248172168 0.08033494070668533 0.07650643256605767 0.007701633854584349 0.07133604199773727 0.03594819818005186 0.06985410548403924 0.020601987618548374 0.08692873805919847 0.019277248535682273 0.06990290675778472 0.03751793804737441 0.06702480777159987 0.061618219501022004 0.08362105578215555 0.048736694621796445 0.002238890177787317
37 0.05503012070065567 0.007076569726318435 0.09095355317555387 0.021404235902276338 0.01669718010720593 0.03735720836563815 0.09341032619432794 0.06476221804394221 0.021636018368747206 0.09349656555676376 0.03443877167858723 0.06892796087022475 0.02009082228609992 0.0005126521281374793 0.04914567797147321 0.10049838061603265 0.10021858788600366 0.039242624500296426 0.05946068473703369 0.02563984118468151
38 0.021328504631038508 0.04984801201064264 0.025023898342360417 0.04365051072094093 0.0693575620454857 0.03530763398612816 0.07800606728198825 0.06967268749664683 0.0029335447423129903 0.05881134034505759 0.07131118181356903 0.06633871333884023 0.014013520416886204 0.08105375444940953 0.05431497503317457 0.06968225618529669 0.08194322428310719 0.061530839106350856 0.0035060030968636735 0.0423657706738999
39 0.010716285246872216 0.012085023233801433 0.003265336450768181 0.05990570275605 0.033675336736097114 0.08449194270500077 0.08577687125366311 0.025873723809250383 0.054812165069646354 0.03780601289667687 0.0018945520390517424 0.016642379001791108 0.07301068867224063 0.08209576590399174 0.08083093496312609 0.08348790871855045 0.008310642821279678 0.07862865671020589 0.07642667841281425 0.09026339259912178
40 0.09534041380565904 0.050578816857382025 0.06115238539328282 0.007155075889925515 0.06811948590044604 0.08938364951329977 0.01924262988404462 0.04188690606609496 0.009911450288179515 0.05035980612077146 0.012703807147717839 0.07366186886376322 0.004095264422370876 0.08657894437856763 0.04962241491167894 0.07194267462707689 0.01579228127709992 0.04770511210730232 0.07075791981543739 0.0740090927298994
41 0.0015685907963949352 0.04174949572848751 0.050613259956611936 0.06580572543918688 0.07681391333431252 0.0837869597712423 0.0402982436757913 0.013936185876913719 0.036740865613402146 0.08061580819122482 0.07052635443823313 0.031310234905226234 0.08407430082369174 0.027702577159162307 0.022173954136437263 0.0536539772405363 0.07113731953693006 0.03445449829525224 0.05316486294163317 0.059872872139329444
42 0.02399193829549004 0.00970424252941644 0.0048213281666347465 0.04988627246926646 0.08602775642656497 0.06420297974655019 0.005110870458763081 0.07211322153248119 0.02180143620651085 0.07791697933659875 0.09046616245276907 0.04878306796633836 0.045696737755685245 0.05248203116176182 0.08140116174932792 0.028997369916824046 0.04167485176385225 0.0960497185538167 0.07564815683729245 0.023223716674055546
43 0.03963923667763166 0.0070931820396653465 0.0005226694838483753 0.06850837384480102 0.10170051496910965 0.08340732053148006 0.010881595231247427 0.08121258604771885 0.03158546670755515 0.044779206349428786 0.0023411796599289965 0.0885815258195773 0.017533774156928743 0.07505759327085036 0.04306780925436535 0.10118477907526613 0.05868333488662231 0.05957141424462413 0.05777137123718615 0.02687706651216404
44 0.017714502349970313 0.005423929112427399 0.07670069607867228 0.07292065926143196 0.08935382762794745 0.10005585656585911 0.003932839943807521 0.025500813256032213 0.03432983625411603 0.0061637231038035286 0.008782795844569907 0.0951204644756398 0.06930708870501803 0.05258440907015054 0.042874336246514995 0.10468660479051163 0.03335811451372928 0.0057370992544712035 0.06654739513983557 0.08890500840549091
45 0.043936253172422064 0.07556827361564165 0.04625071538339392 0.06684978388956399 0.06619163330792045 0.03983810638888643 0.07920540844017067 0.0787758679477816 0.05348932000603529 0.026851273033753974 0.05121714181456219 0.02202675646240778 0.07357631921138401 0.015569261440347594 0.039571891525986086 0.03397375517292112 0.011782552696240057 0.04488645886537404 0.09473748200064185 0.035701745624565226
46 0.01968221397542267 0.058971568611932985 0.02618688981193082 0.12741943638699343 0.11511154409950708 0.012910470778875364 0.12740180248930139 0.05685392874083608 0.008119085378836342 0.04474290840670631 0.021467365891641596 0.07159458660213505 0.01865757977034246 0.07506053884787672 0.010267529471591093 0.09188137933459442 0.059616522996410355 0.0352281923681892 0.0041219841194233345 0.014704471917453358
47 0.08827319256698239 0.0008419005580628141 0.07826159352950024 0.06868880492319863 0.00031431921129333436 0.03301241459712461 0.10848886154571404 0.0005565140384480038 0.09750708936053386 0.019378253184447417 0.11617581498609937 0.01811185854180044 0.09367700942872556 0.07413168966036816 0.0038189015321332823 0.031645710372061646 0.02207102830504388 0.07970125750234318 0.011660266712051217 0.05368351944406774
48 0.004360622902761883 0.02701258928857319 0.08377759287413375 0.021306645173140987 0.08582148706585398 0.004349790938121261 0.011308729392120744 0.0853282296643692 0.020097160476467806 0.07300456723588455 0.09360482831971155 0.08933110797493295 0.05317462891957285 0.04035737885578915 0.08091703562567906 0.02820850693733004 0.0019343433711710195 0.06516740281884044 0.08556488934651311 0.04537246281903232
49 0.06446397461252487 0.0037199789659618536 0.1153411327422614 0.07510296985751459 0.00010596538676544097 0.0011973073273599695 0.04271637202179982 0.015039904875051507 0.07906488971322853 0.0790435512779054 0.09093912877780234 0.04496741215994655 0.026927545012462726 0.01705664477254725 0.1150854587613064 0.0170537275356745 0.05136792276348017 0.10366674467682366 0.023146525905402855 0.03399284285418013
50 0.09348252152290995 0.009065920894203392 0.047394654986218754 0.06132055466341111 0.03203532465351368 0.06539024624345684 0.03404252904091022 0.059084267161282025 0.0077393342578709595 0.08817754223313848 0.059101257346846604 0.02609551845803903 0.012108709312608741 0.08503136797266776 0.062330754100034795 0.09214125943151634 0.05238429836180152 0.05462810668804319 0.03633610076999975 0.02210973190152696
51 0.07423002151400418 0.07712973531682983 0.013729799515006481 0.07904214283503821 0.04921248337756009 0.07636294014176175 0.003221711047893439 0.04658529592254516 0.0762092855677815 0.005092557966710991 0.0030529215907832918 0.05693664567197405 0.07250171109255632 0.04712792188691169 0.04575645699171929 0.0661182640083814 0.06258515541736227 0.028334449865040016 0.038093986127200746 0.07867651414293926
52 0.08418029335594629 0.10203244643866607 0.06741497221207757 0.002465419390205736 0.08087080057702871 0.022553829396682223 0.0335793798304374 0.04322599184092428 0.07730843877731086 0.07111092734920041 0.051632968031227335 0.005063816018033226 0.03975726309013729 0.0005935553623053389 0.09185856397697383 0.02344319767359571 0.08329223273638317 0.015360331473156325 0.09905121785682337 0.005204354612884802
53 0.00827579847389448 0.057084396798582675 0.0006726608075202368 0.05938600669730642 0.09457420393590964 0.05139618670736886 0.0031050571672593327 0.05347355416645581 0.032731336374291486 0.08450064835410055 0.08188488275686064 0.0456480564648217 0.01530616005860344 0.0954699671548115 0.016974603262594153 0.01797393668258991 0.09134814241671373 0.043202628122850244 0.05067047018221795 0.09632130341524726
54 0.07438024531786347 0.02623238873104895 0.052957859551347644 0.07291081500452869 0.05587941138387113 0.008220299534559996 0.02506866341547898 0.0652046377130518 0.03838368787705546 0.0763243049458749 0.06369304017580524 0.028127019988983173 0.0626170367488638 0.07207031680126866 0.07008946326692254 0.03292835052235736 0.03373006494239577 0.03808504607297345 0.04981642594576658 0.053280922059982215
55 0.020940176601046565 0.051233606622804885 0.06195136995187972 0.08456437626515863 0.01888647567462525 0.07539032433758715 0.017926402796166436 0.09613208582558799 0.03945311364319842 0.08214977627072495 0.07843861594354674 0.05523051462396354 0.018760324436357598 0.0529348914053956 0.05893734238160998 0.061368901244522406 0.04737066662887981 0.044140738501034046 0.028399700318898734 0.005790596527011637
56 0.036697566479033876 0.13215231402160102 0.03401599477470295 0.012627405947218192 0.026454453647505653 0.018733307304753904 0.041458294708085874 0.07593490505002592 0.06668844861486933 0.056100195201079936 0.010290563091643912 0.11737825471009293 0.01076820918926213 0.006355874064363345 0.04628109521604745 0.15100512472210276 0.04032550223156772 0.05829332043075321 0.050514710289756674 0.007924460305533086
57 0.028573654925966353 0.03681877433484966 0.049980527691335215 0.08491001997865147 0.1186217940479213 0.056396828902156936 0.0052483648934595626 0.03814616824983238 0.12053920411458555 0.06794867579981435 0.01745389741159599 0.03956550147096456 0.025154072279864298 0.03013905663032406 0.04779607727162481 0.005446378992886158 0.05027790937427157 0.07877979678948671 0.0006906005207355827 0.09751269631967352
58 0.09657401454656588 0.021045880842706265 0.08827122450087978 0.03443977026086938 0.004427666580604657 0.06694788001851337 0.05359398156993172 0.011430004477083207 0.08554048965685371 0.028796523174701338 0.0603794411288443 0.00944213944738987 0.09264201778062477 0.018260175712535187 0.08180785166263478 0.06613805688442269 0.0255701990796856 0.0688558743046052 0.061451142249516456 0.024385666121031713
59 0.008101461673490032 0.08109481860330897 0.047845562184304836 0.05639214224259703 0.03128132513834886 0.04849030786271897 0.062438716405381484 0.07148281764289881 0.055132162401546024 0.0989992935424885 0.09485707791210535 0.011779546660397244 0.03098436636138994 0.09118664448574892 0.008470891215517105 0.06775664158597416 0.0016791604721658753 0.09695390780572467 0.03119065800536516 0.0038824977985283766
60 0.010948177583096406 0.034452393353362865 0.008306380540699486 0.08582565526147555 0.011317085143340701 0.039962779250428494 0.0993133491193142 0.08174818377046679 0.028798220273370714 0.03667120483893089 0.06388315832535493 0.07053558944812406 0.07145116105427872 0.017139164037586415 0.021001138840900397 0.07080486999732744 0.05332032443454539 0.08707573545608341 0.10220886789621757 0.0052365613750954415
61 0.08282806243996886 0.01927806506068687 0.02148179179183222 0.018888348796355 0.10646759889929425 0.08553652052606292 0.03159553538649802 0.03904073565561309 0.027627452846318238 0.034912025803871545 0.11077213253787911 0.05013795400406277 0.01569507376156716 0.03368735436718043 0.068793230894564 0.048720947774291715 0.02133516857320982 0.03615724575000175 0.055238566344257216 0.09180618878648518
62 0.03924665755531378 0.0641452942278825 0.05772796780778769 0.08402193628341735 0.09435461842752707 0.04014663953862101 0.0691388254112135 0.07072798529712113 0.00817416076899711 0.007789175397210747 0.08500409937680403 0.031840170155979924 0.019139308267032033 0.06605401476100876 0.06152357422862965 0.04295217855405973 0.026453479832602465 0.0316904714747387 0.026024963545279268 0.07384447908877387
63 0.10023327293083892 0.09671344819988004 0.017108681299852813 0.011154397359348261 0.10506915662308415 0.06299226164071091 0.057949870303030074 0.055084197267890114 0.05692675549312842 0.026734583009679957 0.06797960969226277 0.08776111878325903 0.031003052994346973 0.013647462588636774 0.02641444714440501 0.04260441600440735 0.04267881013502926 0.012721221817255445 0.02631997599360394 0.05890326071934983
64 0.052885492702171216 0.08365076751950472 0.054237963963246975 0.011359884163893509 0.08693438962693321 0.0005953877330246023 0.0170122208663435 0.04234868144201572 0.02694580783532186 0.0987759450197881 0.03377888808128462 0.044556880319258314 0.020055600614750695 0.06392594434483449 0.07404229980501305 0.10104908387813454 0.08151525379428912 0.05025196263833985 0.002636365530735006 0.05344118012111687
65 0.03421023118401189 0.08721060216155332 0.09340074138105373 0.06226256705353407 0.020510255869657976 0.021364857966560204 0.05413450100259678 0.008640013519928496 0.047925097846233056 0.08998092476918412 0.008927840609664546 0.10161743746296922 0.05488185280398578 0.04795261765317761 0.05231936442301698 0.06260602895245425 0.022441351859605767 0.0231220863516243 0.03753362254402074 0.06895800458516721
66 0.055321549542287456 0.06488602477187749 0.03505017775608264 0.03151252222599325 0.08098935809999774 0.06066129867266388 0.04786502943552766 0.06657462114655484 0.0038602564139030137 0.07092627600115373 0.07566919729323121 0.07444963186304866 0.058699568744589835 0.043792990965664434 0.07222799064949569 0.07031880869783003 0.06583735994984181 0.009032597892507533 0.008407375273665196 0.00391736460408407
67 0.09647792732388161 0.06101772029390208 0.028798046786565605 0.07829767432197737 0.04256063367999836 0.11070103848739221 0.04927531664065584 0.03563992946554407 0.05254527777572071 0.002419371051836315 0.0005293020799269616 0.0631432519129321 0.09271499961742882 0.05660580672478541 0.10301834505118497 0.0175212599575529 0.07608878506051332 0.009418975153215256 0.003546746955486568 0.01967959165949925
68 0.029728555665053627 0.061062755932320266 0.02175517524147725 0.01801786090175273 0.005347328005454346 0.059183949581918215 0.04481101205880544 0.005542913140878694 0.07333811023948592 0.06764716201433353 0.06819582715561075 0.05992329815871448 0.08654736258015096 0.0847009883876845 0.059909777173374784 0.05104405148486004 0.04798484820187187 0.06520087692354938 0.062216821045234114 0.02784132610746914
69 0.09372181244750728 0.0895015589184272 0.029244151133322044 0.05524188513309821 0.044976831240433564 0.0978346291171956 0.08760658404811573 0.05502496352748411 0.02897480858055945 0.059991950362114445 0.010003349792753484 0.06652024219790949 0.05406152718837083 0.05261540295809615 0.044660920756332156 0.008019500645471416 0.06862951249435521 0.039608225710731436 0.002284407691634602 0.011477736056087815
70 0.015549057077910473 0.0828106708131097 0.10286023497228274 0.05440551439466623 0.01814362401485391 0.017260906489490278 0.02018838439638987 0.0056486399506268025 0.00970558531046128 0.09188682165888791 0.039200349317618385 0.0010011726681001137 0.08017503355299244 0.06913436383960825 0.06696000085523028 0.0829524971415633 0.04086992982291638 0.10372627851305383 0.04489897957451138 0.05262195563572638
71 0.039863819574955835 0.0285702515391472 0.06297123520724916 0.0706535090332212 0.07954687606065936 0.015785294945677545 0.05142750201801742 0.033415768516689724 0.06259412966301084 0.06694717787563427 0.061127808160481 0.07148673341403483 0.043313774435182285 0.04298208694204675 0.02366113417591649 0.05340060129817122 0.01895193667877442 0.07651518719365534 0.07650514189607546 0.020280031371399783
72 0.04000854409645662 0.02643905784390028 0.045664193308798305 0.023557426438854827 0.06474198250221329 0.07561701831758692 0.009019806793300942 0.015759470508070434 0.10512744998100881 0.031008526318138725 0.09759070108801796 0.07879125861131833 0.05863589808389182 0.08596446218070576 0.028690947862237054 0.041288031499621035 0.007888384877506375 0.08929460771281979 0.054349250112292816 0.02056298186325986
73 0.06226211333272853 0.06916736464052112 0.00030468608420790533 0.03390258782295158 0.03587156502198122 0.07503313577267469 0.07336242041610365 0.054323095405254866 0.016858050701266798 0.05046506655100617 0.03581320322709977 0.049339536109457294 0.043759435589924185 0.02893246856412977 0.09838812322171775 0.03404186253216528 0.023099357229720046 0.06270067609639811 0.0834182674734043 0.0689569842072869
74 0.10614903753348331 0.02995917739039174 0.0010298292521065612 0.03465754696203701 0.05243328441641543 0.09330847307091339 0.009147058821586704 0.026139046521015525 0.02919990160427219 0.04538660052065111 0.05896852554119633 0.07110971238645777 0.006763194073024353 0.04707213104110301 0.079533824292876 0.039777498520720135 0.0602334853654768 0.08852341242188838 0.07752793155110456 0.043080328713279714
75 0.035832206546067655 0.022185133918145177 0.00654830706891091 0.04386084510720488 0.046762174423046934 0.03876296588587517 0.06469465562723895 0.05207184161907295 0.05663986358307131 0.0505328526514223 0.07649521317294922 0.08308707734600389 0.10276555931603881 0.06698659058311185 0.09852401252321337 0.0504454364139285 0.011465560916435165 0.04661465319178715 0.00480399702264717 0.040921053083828304
76 0.036384817346806604 0.10549324766711529 0.0038903409863879006 0.004469902816118326 0.01803823683646723 0.10408222262532511 0.07193598958691917 0.037441023289334754 0.06251354036879728 0.06809299777888385 0.04538892418053841 0.08112668860365592 0.008924439548628997 0.10438597757147694 0.04989479618147882 0.0327030891472301 0.08950762579673821 0.029402004698358037 0.02421135685729806 0.022112778112441025
77 0.04201055023958526 0.08214788375843995 0.028717973548165753 0.019039963651726895 0.015428009134012715 0.01738914153643794 0.06569345978960339 0.040408801133996 0.03610938491918466 0.029294856769006464 0.08545162615894195 0.07934101615367233 0.014032400445521712 0.08756561329426667 0.07459397304887022 0.06612735434740748 0.0511237712657373 0.028480599869211327 0.051762067574544074 0.08528155336166797
78 0.020610650312238108 0.08293842189165303 0.06284869396594976 0.02139952731033511 0.06538420816686691 0.03137029681008323 0.029129288894055822 0.07545396035326762 0.05099400534073212 0.0035027132072069167 0.012091498116422019 0.008820976327989411 0.04893376827635127 0.0947552657577679 0.04891730700949193 0.0472547376593182 0.06299371085732303 0.053704244007965266 0.09058736702637 0.08830935870861237
79 0.009881389567084833 0.06349780147425282 0.06771812505552256 0.03207943507633674 0.023754497199716385 0.019516488557163907 0.10101358814846308 0.11290671223566703 0.008255762337569356 0.0005475466400912026 0.04656516624635954 0.1079330286796348 0.025964619349266742 0.040778384219093536 0.019833225582795416 0.10824668209459287 0.03632409400379932 0.05996535574638787 0.03922341291702651 0.07599468486917561
80 0.00908032436150872 0.05399050403593209 0.07062222201407307 0.09608979992313614 0.04900678704410565 0.02925501766577522 0.06928036772933258 0.013115342719616853 0.053367100969560294 0.09493813349908027 0.07241769785024792 0.05092582932722832 0.0022644429509124336 0.059399227966188906 0.012589932851111577 0.051519320366529245 0.027774443416938296 0.08346242306731373 0.01780853477982013 0.08309254746158881
81 0.07276912585603837 0.07577341282612335 0.05380294637919465 0.04151695328941625 0.03569480600733776 0.05282080589227277 0.02964341951019993 0.06850196251898855 0.0358017952802057 0.08064417141811138 0.08092093966579762 0.0264149874685497 0.031043901981651707 0.0249529159352344 0.06921987086600292 0.0729057938115562 0.03204735804230685 0.03548494778747659 0.0740237727965438 0.006016112666991389
82 0.042586202225517726 0.0779648563394789 0.04022323723900232 0.061877695271026954 0.0017920679395344774 0.09027346197850751 0.05943687658900647 0.058427456731101786 0.055716127960147015 0.036771621036867104 0.044149443048323016 0.025258659923245413 0.08719253003873247 0.02008843706570427 0.073548802058408 0.013668801338284034 0.04911165896620507 0.09458810507762591 0.028259473228223274 0.03906448594505831
83 0.03843480326019513 0.022452294045472165 0.07690730833147334 0.07801801688215976 0.007404839948029538 0.004037850293557169 0.08039752342190501 0.027274222024926194 0.06602148915936025 0.07804220556297052 0.06827433561213621 0.0542856934438919 0.07438193826900542 0.013961102646197772 0.033146702028061976 0.03990825376164144 0.07250002391465171 0.05641782974271557 0.03331636122377822 0.07481720642787089
84 0.09736199955541995 0.06190109694744104 0.057959153754861846 0.06056333504760229 0.0779425186743765 0.006997791923565878 0.01708740660871435 0.0075973340443988525 0.07502670194024173 0.0420685550230424 0.03704557630571214 0.04904770754030871 0.09248870561347924 0.07194568861279392 0.05801862328188762 0.018338030931871637 0.005580705064690889 0.017725446873521292 0.0911733837112949 0.054130238544774605
85 0.0355177352077061 0.09653648648818083 0.022053341227810778 0.05007297183909415 0.026152565360552032 0.05345419777678812 0.07178166605706622 0.03584988130821975 0.10849684858362248 0.0658620931314764 0.04144467091637353 0.019840711017184043 0.02583010982583029 0.06558089795853171 0.04026382868532079 0.08639981351988212 0.04555879537491562 0.06533038349484874 0.013518954471912809 0.030454047754683414
86 0.014519752638728971 0.09105024046991075 0.02699999726952679 0.08741869640841757 0.037784613639897206 0.09290334701654449 0.01439561347628626 0.010258101234175783 0.02508813792457505 0.10322380326850701 0.09073236502090255 0.00410751526522199 0.033045271969018804 0.06132580354098544 0.0038357182118779615 0.023214874226193737 0.07140293831919542 0.10811756521771786 0.09591026437505701 0.004665380507259396
87 0.08598510891991387 0.07779509549001536 0.03411832533924531 0.10348263503486911 0.09994450398548385 0.005736625119058188 0.0049374376298486865 0.06830525170147306 0.03339002874560836 0.03550240016025491 0.06160306050795523 0.009452126002850633 0.02301148768368322 0.06852066144635369 0.07469883489204225 0.05133871312554295 0.010360911307828258 0.01692455939273051 0.08922387219871247 0.045668361316529966
88 0.073011160672075 0.06077942464792451 0.07309147173241583 0.07893317685838606 0.021655140426484188 0.0833124210643095 0.015776876094959934 0.05128332551423129 0.04298367690811732 0.021826336389862772 0.018561561572398595 0.07499135004431075 0.0029831782080471957 0.024100253837881964 0.0497704340457625 0.08037969112393022 0.08739975731708799 0.036485250906929424 0.04900737185912695 0.05366814077575795
89 0.02255643079194576 0.05761430503046193 0.02642991695739806 0.05458943188550201 0.048396825026864924 0.011561498921656187 0.03755682350541048 0.011758232625711207 0.05083132518674842 0.045681500120919864 0.07484614200211198 0.021424344225545226 0.04917462703297208 0.07131161126625264 0.04564431764187017 0.06700570682276695 0.0644701737593463 0.0617851831156631 0.09007010443522333 0.08729149964562934
90 0.084652695354768 0.01818329100687862 0.0021124203698787395 0.033746908427923564 0.057094679531723556 0.05755863653045815 0.03706488678366851 0.03232243499708159 0.08318731946892456 0.04759805268497759 0.059610788486282366 0.05690943855997017 0.08145089037909448 0.02147599416889933 0.06907291078278913 0.0010861809740992528 0.07657495740911772 0.08839471628034441 0.0685572756384219 0.023345522164698533
91 0.003719096355203634 0.03938186865856921 0.07030252000133162 0.041660338513386595 0.06959896415779014 0.05311032908265959 0.037360339021207375 0.08442005165931195 0.0734055660512685 0.023012095936399815 0.006540835716546999 0.027436219748347798 0.04354370981625378 0.08182905894744533 0.06933541027128176 0.07280328903305261 0.0702282801730851 0.06212671151094862 0.03473001039001044 0.03545530495589914
92 0.08051612485038706 0.040287592731948534 0.0032076680798677508 0.10151281039630743 0.12252709111428593 0.0435573671814455 0.055336284399322616 0.0005527832478233127 0.09580402836422793 0.05198077157248166 0.02268299605994237 0.04528695067849457 0.08521201472469965 0.02497263733304237 0.10570367821865662 0.07205338280172216 0.022294733168985538 0.01017758467994099 0.00429227976171021 0.012041220634707962
93 0.06903604937600596 0.0066804272410295575 0.07455857995266994 0.0271314239544269 0.01232953745243096 0.07106156569643246 0.03957419315238768 0.007706072843794481 0.08352464435120582 0.08172493717073986 0.06904541773544293 0.058763554570855456 0.04707930980413367 0.036531202895529157 0.04167686377434411 0.053092255920919415 0.09643497722895679 0.01847310624281966 0.07005071616469474 0.0355251644711805
94 0.08489152940736344 0.10309982811543437 0.09426797621138883 0.09109024654719332 0.0787465091455991 0.038648864274392826 0.0003011141528812026 0.050093746832164596 0.034157569642469396 0.04792300999215124 0.06530726624944048 0.015944806553791605 0.0414280451389232 0.029586077057928484 0.021283704532240405 0.07618926653384983 0.01178071452461454 0.05945250786472365 0.03469899227929302 0.021108224944156352
95 0.07297622454882412 0.03329255496302608 0.016261826781810946 0.09598687640745446 0.05064704650219243 0.021487676237771522 0.08959853651036354 0.06660979783347591 0.03178476300981207 0.050632876766049655 0.06524036831455898 0.06869466779788984 0.01185677729458706 0.011171545018549804 0.05059468890136697 0.05085385981489494 0.061565067029282855 0.05949493530459578 0.024626505201737096 0.06662340576175575
96 0.07055056986102327 0.08676752813993013 0.0051078724557085675 0.04629204770951084 0.08100323109241776 0.04044765638544808 0.06393079155096724 0.04038598501186323 0.07959441147190713 0.06351173365739872 0.020338312832027666 0.07415932468170994 0.05969563966811679 0.04958441064217239 0.037711283502063896 0.07262677873173766 0.020451850081375397 0.02015594966799559 0.008176847751396956 0.05950777510522887
