0 0.017645952360401174 0.09639331422108484 0.002364100345526807 0.027349890114894877 0.08139567127195306 0.017241964441994186 0.10851988926622766 0.08535155939150314 0.06629568572448095 0.01034692646325306 0.022833676994082706 0.0018535745464938675 0.04654851784184523 0.04001911846868955 0.10330271363417866 0.05954666874646773 0.019099777186734185 0.06175656512711963 0.10650032494495 0.02563410890811868
1 0.05149773883277177 0.07367367392963917 0.037815248273406044 0.07436313173032294 0.03721400526310196 0.02937092509489559 0.07765669223013033 0.0682565920434772 0.08050764824105736 0.07835085118465021 0.037823839066338995 0.0752717261752254 0.06904419309368581 0.023623280949987537 0.0037524445078596144 0.018092002688920708 0.07861117016640827 0.015223962865887126 0.0342661655854445 0.03558470807678943
2 0.0528212338095093 0.09781151380663658 0.09462627591729211 0.042951222350907065 0.07582815451637276 0.05649801887510552 0.05294658219130391 0.09615109374685239 0.04552366335808277 0.02595330661933287 0.06039032428883325 0.017399018746127 0.029422806341132285 0.04814478194238226 0.03342811750496662 0.05221160287309446 0.022622690134918157 0.06588765191655983 0.016402926734903966 0.01297901432568667
3 0.10317370521385323 0.07384742955975926 0.11200766355136534 0.01989935219922382 0.010339394549706143 0.07303363994602897 0.043529309102099116 0.09527292208309206 0.03135145414066044 0.060762940153434204 0.023842023638264712 0.0157890853207428 0.02485218636499174 0.007105025981766454 0.05086135589222635 0.004108255783847621 0.04463510396256457 0.0347070605164379 0.10916715822611822 0.061714933813816694
4 0.07394027214485478 0.03809220314203326 0.06566440221660419 0.03673128712468918 0.07226649740838849 0.01148499740152951 0.06255463778090503 0.012924314615230113 0.05801953250647195 0.04442315584951766 0.028525468100731057 0.08089497893853301 0.04411007170225461 0.017665658494012432 0.07899325895391879 0.0806699937328846 0.0055298285170419376 0.07639385223674641 0.07470127795262846 0.036414311181024506
5 0.0726758673055805 0.06356864046812263 0.06847468065601903 0.011951534754980406 0.05809911511194701 0.031186195095521986 0.0688946357359316 0.010115108109628849 0.04858554739329422 0.07968646297598823 0.001731915530214327 0.04878883429428759 0.08361687009224293 0.052479916198595926 0.03782564714241244 0.04916198162461338 0.012610458522203962 0.04625449477644949 0.08183105595259363 0.07246103825937199
6 0.03409799613486646 0.016820832292347765 0.07258842652909742 0.023745553608660108 0.050062453863708785 0.07213120403865152 0.02496792074056538 0.06780131827236474 0.038698427284431514 0.030073310914689202 0.04807207066989806 0.07786515469057345 0.005032998361948047 0.04385301947110571 0.09756282381880453 0.05693534133120763 0.06679505712983075 0.06857444505207994 0.06779759084866444 0.036524054946504556
7 0.0417103099280773 0.01715466930922239 0.0869589217430011 0.0708857362257833 0.08125769173162171 0.09017588355379438 0.08939324163380827 0.004051064523506711 0.014269539828269237 0.033950726769006484 0.04977392560872286 0.072669246213105 0.038441432736680554 0.07353726331450301 0.07293513270081817 0.03391362454769522 0.042462479167924276 0.01727153845988935 0.007444822784277894 0.06174274922029273
8 0.04279002341686976 0.05341977126999216 0.04830746629614367 0.0866967689210975 0.025732591221626692 0.056934005626161285 0.07722255246785756 0.041120571317652364 0.04214042782330541 0.07690376022364588 0.05276872578561026 0.0425770037893502 0.041598535187407935 0.030243954577195007 0.07982978753658752 0.05310371995686215 0.011026260707659108 0.08587346969074297 0.03165995597482307 0.020050648209409445
9 0.0690390233505022 0.014760314738433885 0.03912991466879874 0.07530966727614483 0.02914726221558419 0.10921146058558738 0.09228210522175517 0.0015342555247014357 0.014824262416716732 0.0006886893347439858 0.006349641952678549 0.09952817261319881 0.07956391008336731 0.005055874365688495 0.10103440967428369 0.07554014581522343 0.02679044890108692 0.002617967241950944 0.09208235339559416 0.06551012062395901
10 0.008869116231311135 0.02449198768164256 0.08769330531195112 0.08064540009334986 0.027105050567415835 0.001628462752246503 0.003387572442104533 0.05605621040052755 0.09174653839591362 0.08880413006909912 0.02437541295560794 0.0563543880478003 0.09688943632256074 0.032208917598358956 0.10272529540502484 0.03829202339578447 0.05340113204607917 0.03599088118963745 0.015831822842069545 0.07350291625151474
11 0.06330905306194069 0.08609783968365681 0.07524913793971477 0.07775879716516494 0.0023812832683636626 0.06427188943855083 0.03328032744099312 0.011475595497639353 0.014764638598517196 0.08794619096308043 0.06003646516417432 0.00046927333036043967 0.08881746310062816 0.00014914006375369698 0.08719789205938665 0.04734790490657476 0.051897414275401774 0.04195028376874254 0.04320670216604117 0.062392708107314766
12 0.07203833804334384 0.06406802750640274 0.07045780756137038 0.0274120340105171 0.03718765509785465 0.06797084209158655 0.06231625163635086 0.05150908363318611 0.05313892353561927 0.058801476557001464 0.04694369520685343 0.029436252910082707 0.034665863144433054 0.002074648964702418 0.07370730482593084 0.04445706768264083 0.023052669740348624 0.06544217985237326 0.06256250273210404 0.05275737526729782
13 0.09059571242961917 0.08209071788378586 0.07633191064330809 0.09056444955494417 0.04609430281453102 0.033737054246605704 0.008913516541223554 4.248688113616605e-05 0.0016046937942263714 0.046288299072798716 0.06490110732446373 0.09065124900431352 0.0758864349828161 0.02232045925589017 0.020446153128632745 0.003546595181943828 0.010020538145993555 0.08421578802866324 0.09458010611806246 0.05716842496704187
14 0.0915088306663167 0.0722925345181784 0.021147983629060188 0.014298036977514842 0.03806132013534048 0.02134030131899519 0.08233564515441134 0.07359571883838176 0.09385062045956322 0.08926504569017368 0.00611844319997569 0.06862378820007162 0.0567971950984825 0.07767890484201065 0.0075105708640662095 0.008779253066580492 0.0214527306090666 0.04428652617600692 0.09284107575405365 0.01821547480174985
15 0.06098955234956561 0.014307578107852579 0.027978237052755876 0.07462481954089126 0.032098868601506694 0.06729861670281774 0.06547126678361284 0.0711963370349954 0.025928153578060716 0.014909462433282707 0.07000901716549546 0.0463608017658857 0.06599963420346626 0.049003995295750405 0.03220120129786187 0.06806307078072113 0.05819878978500848 0.06704333423546176 0.009059255314094064 0.0792580079709134
16 0.0010127877928288052 0.012127533091038482 0.023039457963562854 0.09581395636476708 0.06825295403570716 0.0785479499258227 0.00892820725188751 0.06441943403082315 0.08902621038340333 0.030502361922881038 0.014938859424656534 0.03175387444582203 0.0678202297158606 0.0652197327587428 0.024065305323097398 0.09113849357917524 0.028170888997716876 0.07255623430738461 0.048904138439014956 0.08376139024580674
17 0.002674183129987815 0.06410192317571041 0.006072867864107561 0.08607007480657923 0.05053523153467023 0.0674088070551647 0.018768081691664253 0.08732292898322394 0.07146274090950099 0.025243475690547384 0.0408128819495677 0.007211123358818469 0.05349931414129996 0.04476564040014504 0.11120512719722508 0.000521935734113524 0.03432025854291572 0.047180638311476175 0.07810677345657684 0.10271599206670512
18 0.05994576052378919 0.026524186719798493 0.015898493586157473 0.04288399709526323 0.060993640668022896 0.060268134355893316 0.009761360719279102 0.06387951187343517 0.07464749707649893 0.055649312360636805 0.04671738895211906 0.037776064667605025 0.08963192762300566 0.0021757798064054043 0.0620002437208705 0.05907648961308851 0.037041740805921236 0.022818865956631077 0.08594543822496412 0.08636416565061471
19 0.06015580381326309 0.024021797416311746 0.014354426795418165 0.059662162650557654 0.03767880222022356 0.03466051199514173 0.06042984078312268 0.07893672623601708 0.03963206178613966 0.016948449974673388 0.05407958738345149 0.06821026367688178 0.07195384056882234 0.050693439462294126 0.07945638775598116 0.06901876715239744 0.009693586830450783 0.07920232292992171 0.04494775409641776 0.04626346647251282
20 0.07672406878505647 0.015805996745480583 0.10270746926903132 0.008618756188609517 0.042013008780456086 0.07408668861094957 0.03330206027205164 0.01382118320493276 0.06211731061912801 0.06731704087686562 0.06487981874083414 0.020906514002167056 0.04008612415995991 0.03304296552150542 0.10561876892869233 0.06472463234591218 0.044098287162919234 0.008078374410582553 0.07737135785058433 0.04467957352428148
21 0.03680051829303674 0.10675524364004117 0.06545444392080738 0.028165729449666086 0.0522731606580192 0.10016934365104918 0.00804799882447604 0.01312095655922232 0.11903305461714299 0.010095576807814062 0.02033421682599442 0.01680645246869806 0.00031407684341440173 0.02295529156208905 0.0839280779937376 0.04637207602416239 0.1085593073552849 0.008464329444692005 0.07627086824113724 0.07607927681951472
22 0.0400929286235874 0.08642195769919958 0.10017481601020267 0.04805454431574091 0.04212095814288617 0.040070854778587225 0.025400408685299244 0.06834490757815238 0.08217462471734549 0.07495378146198978 0.09878988649969868 0.03319000618045934 0.021542146143359545 0.051485959245955774 0.031686337583862516 0.0020723255318112195 0.01300862203243752 0.03670502703234421 0.03657569083844127 0.06713421689863901
23 0.02358182742211641 0.03434859808531525 0.06996006135472854 0.08126191678130926 0.009377078248309335 0.01842867202448782 0.027569154893776412 0.01754259112706876 0.10662292757940764 0.04924122801891219 0.02598632111664368 0.09514348069871299 0.036209292906314694 0.00995777239736914 0.09359630511650209 0.08533222858246861 0.07028957574904275 0.027640272688654304 0.010808980122704499 0.1071017150861555
24 0.06216611586151434 0.03614597093753413 0.030876697348691383 0.07892027062613269 0.044102324379152895 0.06386329363434808 0.022713755772357958 0.05120241223625837 0.003877498563244791 0.03180344271953481 0.018850729556720743 0.04149535532778628 0.042443092966905835 0.0818823879991921 0.10301718717398227 0.01965336446695306 0.03915827233514609 0.10520867266437409 0.07286765790574504 0.04975149752442516
25 0.01287290744844053 0.07837915936810314 0.02786175336115606 0.010054337286318849 0.05428115119236379 0.020245186124209863 0.06981429100883438 0.08109226216202348 0.0677750181361588 0.001994531154166309 0.06365614333555027 0.09778542318984615 0.037811820785962104 0.053788337967004114 0.0971493209312631 0.012332384058987633 0.09575399421550766 0.09298631031821389 0.007503300991569185 0.016862366964320672
26 0.015585382052134767 0.014316384436274655 0.03522997106881831 0.0100897515417421 0.09157972722382347 0.006485403030579035 0.04512007398281662 0.07899250297491849 0.09600179305550631 0.09441332627420065 0.05651120893223537 0.025924802604810303 0.03694025483715515 0.1040095298330342 0.049645493189901496 0.0040477114990429925 0.0318037553769635 0.06881850712353844 0.0866651000581589 0.047819320904345174
27 0.07894196389096865 0.02643352201028604 0.07890071594693496 0.03192733590153519 0.056761092433218946 0.051755378187611174 0.0837444053142589 0.0728997640781144 0.08082859934791349 0.050956699047616696 0.04823013343973282 0.06278604560005784 0.0010692099800834424 0.08943606941127671 0.03340276478522927 0.03133001182732046 0.042289846420877006 0.036499427592422674 0.00995199596320529 0.0318550188213361
28 0.07517949021176475 0.029684118037633888 0.01984766138107828 0.03864453634811738 0.044667692108575976 0.014096661922518643 0.014323272689693222 0.07348136652173773 0.0184444032866359 0.05807774456354552 0.10902064869084088 0.045810226295652574 0.06802602047046451 0.07125770441021044 0.005120718188864304 0.053248901604424734 0.05878081492847155 0.10781608568021558 0.07983488073108475 0.014637051928469232
29 0.08804966627340431 0.04232238111162903 0.04566154085525606 0.0231548860777424 0.03213558119086412 0.0691885956068462 0.07101701298462464 0.07319117687326951 0.01567998885990841 0.06334318314896817 0.022633228099892662 0.0745303672357018 0.01944933979109783 0.08126503769150256 0.030511247085781065 0.05814837455509279 0.08781579033065523 0.011352715440340763 0.0789904165918798 0.01155947019554252
30 0.1228295501278702 0.022110812703048457 0.021419680513726242 0.05751275474285317 0.04179162516743202 0.10256679684705519 0.032895156243130504 0.0864933186558945 0.03030157164074246 0.05414612347389289 0.041041227326547164 0.0021177188409065646 0.032022015949730254 0.07743052191456899 0.005065392984813555 0.02244104154191439 0.04931044180371697 0.11003354544375012 0.08023609603241413 0.008234608045992233
31 0.047144596563282966 0.018669982867340187 0.012913683636676993 0.02847663680823887 0.06703090814908035 0.06356095111393233 0.06342189481585458 0.0737016426309719 0.0016763958242626646 0.02136414887156082 0.06525704204612148 0.07411424449458605 0.07156583644923228 0.07123552607650377 0.06586865547465762 0.06098170030608041 0.04977367929487417 0.06821683974098025 0.06435819295976788 0.010667441875994253
32 0.09073437549035242 0.014481796308814111 0.000194395090427906 0.06004908479408815 0.06381979853091502 0.04379749845305251 0.05329697887170707 0.014174756644737165 0.03564843614165767 0.06855351496672368 0.05434463203672068 0.055258144145421864 0.024131684424667132 0.058156065088500346 0.019900405210822265 0.09524568767461795 0.048006491690049384 0.09552245470204995 0.014347677115446364 0.09033612261922831
33 0.055389648268573705 0.02896157241637996 0.04291399692405559 0.0513714689309198 0.008125370774847339 0.0645251330099786 0.010495526665039364 0.09995124710278457 0.08690115169745524 0.009684965928727893 0.07354825556947295 0.06653217252325228 0.09954464108527138 0.01305726880481013 0.02723423210563648 0.0056502120712242825 0.062334806504261125 0.09114467402453429 0.05551721364527242 0.0471164419475026
34 0.0372117929054363 0.04423818834208072 0.0624932316576824 0.08782543300829633 0.043456032650123017 0.03643467453395738 0.04259263092496761 0.05120978237849026 0.07933986958334502 0.008685447408437933 0.07059662408109221 0.0035832765187008763 0.07399296082183746 0.021004708658372683 0.08525565090718075 0.0819397064863542 0.008117581907819601 0.07958486779846831 0.0185675948810818 0.06386994454627504
35 0.08844103922103032 0.10405091902492918 0.0003306948766596146 0.03664771210386755 0.079203889943763 0.0799000921358841 0.039052732062695855 0.07854768902908739 0.10169884710270068 0.05440855244107864 0.045404559919788964 0.011523157248116395 0.043885713667034136 0.0039040345349438997 0.000690090151692914 0.014026186093906318 0.023749098719329894 0.02679841091507917 0.07125486892538997 0.09648171188302183
36 0.058261944244572206 0.0880109280507537 0.005869368208578466 0.04396895976792118 0.07183694181551631 0.07476909970705614 0.08944212288475778 0.039908548687058266 0.016124877926466434 0.05867322968511586 0.08606727868359894 0.058475799662364034 0.07789886792397359 0.0037858479077323643 0.05354743041629085 0.019899570884591787 0.06448045112750339 0.028040060936988714 0.05347006088961083 0.007468610589549125
37 0.061253116334179306 0.06822287223971142 0.0786760037864933 0.029668098920296575 0.062306953777667685 0.031057367927659875 0.08595598450296581 0.016583091958872694 0.03122293466960069 0.07333833674104329 0.04962570276427466 0.052354383664470316 0.06707984477124894 0.03662460516491728 0.016326047542704298 0.08163758690744631 0.06602730862868315 0.056535302381756 0.004773252475437401 0.030731204840570993
38 0.07282717664963705 0.055598794931750725 0.0005627040598885969 0.03524457544504855 0.032241941428294014 0.07580847951297635 0.01073480289663567 0.06829421638996326 0.015269585098239075 0.08510950797295515 0.050681146148566225 0.05551036500985526 0.05622376598711165 0.012090630829299768 0.02165599577015122 0.07619115248128949 0.08112962502429596 0.06062371103280961 0.09046389360466867 0.04373792972656363
39 0.008192493295600414 0.032560225189314486 0.05700313888100468 0.00225819173969436 0.09626457581880961 0.0434247334348187 0.00023012609380620194 0.046758469452689175 0.032925878921324 0.05483413652376454 0.07628723542415118 0.018737432166218045 0.07849799014592164 0.039624348705860166 0.06680850329763026 0.03681169394928389 0.08677922061451922 0.04422230951900623 0.07871516050152237 0.0990641363250609
40 0.08102392825364228 0.017463591449247997 0.05268647644171636 0.06212565278884044 0.06800889090066257 0.02001943291549867 0.0400830364975938 0.052468227028052095 0.08674120190209622 0.034051323056896184 0.013420682019556143 0.0662416546291745 0.047733225483236 0.018739800553352195 0.0910890786872208 0.06184697140636318 0.01751613081501635 0.013743811570245587 0.09286081521648673 0.06213606838510189
41 0.04821787965435 0.017824622167793066 0.08363607501408855 0.09413167946297463 0.006944400195484388 0.051183497522726724 0.052093107115516867 0.01086348139734207 0.026487015048040498 0.0511184717868697 0.04337763743159416 0.01842643248583702 0.09014351984289427 0.025290615796457142 0.06887864130387665 0.04080184945283927 0.07709425970206295 0.08467528910873875 0.013975736640181329 0.09483578887033199
42 0.0605741912337024 0.003983776267623763 0.049515517232965475 0.056520327853349955 0.007766534615643998 0.06580040403148232 0.036368527240055085 0.10137747850359839 0.03797706535126457 0.0478152584197507 0.06361428737262355 0.07967306566229336 0.01989711203145529 0.03059539419089828 0.03724734406915852 0.10303356623979532 0.0779389940878065 0.04711057333195196 0.0008006583369440149 0.07238992392763649
43 0.012826228609474053 0.0187787833216749 0.06064021021356274 0.05288598891349847 0.0800679574014865 0.10031645574526935 0.043926507181712995 0.10205689875769042 0.0029284689508887324 0.08679978015619523 0.098343978934208 0.043252942433796376 0.0005304910421216694 0.022950273358669327 0.0008872977470745578 0.08823665106420867 0.009010083952570877 0.054263867254546606 0.07633150441271591 0.04496563054863466
44 0.04671596227534645 0.0053117544909595735 0.059614510663100514 0.052913709231919126 0.003542855731904542 0.04882377468673648 0.03749662912872129 0.03865517939824213 0.03294577657887844 0.07060304231912222 0.052677456807239675 0.07908796591921197 0.06797333666597248 0.06754260926209542 0.06841744678882139 0.055879598743132246 0.07780172646126177 0.013600901647771368 0.07048794466839403 0.04990781853116891
45 0.07757927953474247 0.036567001774299 0.06262469640976542 0.01877496660300907 0.042770564014333844 0.016822229187655257 0.04274532051000182 0.0277665293014959 0.05563876408284673 0.05297087688680247 0.06374818501057714 0.08697424748305617 0.060117496887950934 0.04134491495568424 0.07743187725623664 0.04797234775763935 0.07080682990750513 0.02382111373889678 0.031208824023196018 0.06231393467430542
46 0.09527517035547728 0.11278857325838598 0.031497481540773295 0.023532168632651444 0.04404940939834018 0.016517027472059593 0.10604115825115387 0.009662337045567673 0.04649930943952983 0.07403296649906435 0.03674389548795059 0.0027644570018794967 0.03588938442083318 0.016162790625455056 0.06037194938198071 0.054308657644243044 0.011496711600788747 0.056010066640714985 0.06896056779032915 0.09739591751282128
47 0.01733652475307798 0.10018958512656562 0.018053508929441995 0.0538875556639823 0.07720026585735193 0.04634842989179361 0.08847405041859249 0.06715625307020363 0.03983766009489033 0.06398969296541265 0.061609243338982295 0.011844811482560636 0.04506956860760758 0.05333464856282301 0.056979712884546056 0.10002280019503651 0.03952132292881493 0.03610827688326544 0.021456414009836274 0.0015796743352147473
48 0.0533582418742549 0.04572770327023517 0.0075465763799754115 0.040544271148788454 0.020458180471181267 0.0939147858814008 0.09583457274723178 0.08549677602056234 0.04228596130525585 0.008749046957223379 0.010721905526396902 0.1169577291074739 0.038735202548820395 0.0678199723612261 0.07471577722400839 0.03143011059054871 0.047118305447856945 0.004599728054022541 0.10614747261772424 0.007837680465812567
49 0.09914390267161712 0.02872935883717354 0.015334496562241484 0.022807430375150126 0.012938382787269418 0.004627215721899837 0.12566930156707684 0.09022305538959277 0.053066297276510035 0.07099962321257233 0.0825877972701488 0.029272848454434463 0.006078892713514349 0.02706617481370184 0.04947751510698802 0.056174609448284694 0.09055584657556695 0.041311621136742735 0.08733681543365959 0.00659881464585479
50 0.05103564832129242 0.06842117384535078 0.01217840387374128 0.06196613243023109 0.08513162548108023 0.05461393399940772 0.06549451428858766 0.04961801769927753 0.08890065849929742 0.06787696915344375 0.058053060875601824 0.025009234413839742 0.0035210985586618267 0.06352546286915552 0.05924386578487582 0.002189675401546103 0.05062324274936108 0.06366483971051365 0.03354254189101338 0.03538990015372117
51 0.01717546183817264 0.06234564434516591 0.07105493938468224 0.004028655285102506 0.07333357145263526 0.09411635187234506 0.09674823639989301 0.09907148127650596 0.029313110058932754 0.005074347253441486 0.050238300801618986 0.06549559513998245 0.03125136941373273 0.05185549682368009 0.08651311422702719 0.07040386407221673 0.011483773263576129 0.021207404799262478 0.02303196949283992 0.03625731279918632
52 0.04613279286449973 0.03802985655900613 0.08622634751211215 0.07406402112982792 0.04532042933651205 0.07608821275657017 0.005954613041834097 0.029757588979076488 0.05751416830030381 0.04765875045594833 0.06631932498035399 0.07967514702497819 0.06412207698745391 0.023383543576087896 0.031959098093212485 0.07109385454799107 0.006679311647992957 0.08038365831677115 0.06596911253607969 0.0036680913533878295
53 0.02345356074789632 0.01564544333694159 0.06750968930891078 0.06612754442677536 0.03517874419177075 0.027740286284814186 0.05737084460219043 0.09188018394367056 0.08185100682417644 0.007408082338267549 0.0823022159943507 0.06796043892078335 0.09671174686679429 0.03344150712697689 0.05376189043627505 0.06579942091535156 0.03243762790040126 0.02143342109223538 0.029811839706423995 0.04217450503499326
54 0.05859557197961129 0.03831465639538817 0.04630988540491872 0.06502662445239031 0.09467425106751479 0.02005638240120768 0.04210815188703422 0.02502079183610331 0.010987927963242956 0.031305769524697984 0.04340115787708221 0.03222628877557709 0.06932888150002606 0.08156855842710518 0.05205655863249277 0.07339462803962243 0.02530886890417303 0.03023708384511393 0.0910193965726065 0.06905856451409131
55 0.02091874528497844 0.01838948891422786 0.0012038658458671905 0.074406552497014 0.0597711020858714 0.024414366159175124 0.012608532342252952 0.10287163193947385 0.012849623235131854 0.09776784231694062 0.01609871035053532 0.0838773859264319 0.04610437918275762 0.050435980552273565 0.08883527763129734 0.08549796794033875 0.033376774539045174 0.042620279769367324 0.08062821014715929 0.04732328333986039
56 0.037553516620564116 0.05062259378870711 0.05885339780585827 0.05570259992490275 0.03484143539150068 0.018748144824379174 0.046809187452926546 0.06877046901655806 0.010860654053945684 0.0776392498656712 0.057127098354948606 0.07132069566339677 0.0468123751150689 0.05506326731231318 0.056283671751287574 0.06786462219484679 0.03670618560686967 0.08326950866617651 0.05592427832556078 0.009227048264517623
57 0.035674669397693204 0.022516147980294318 0.07189294307043326 0.0008466043269805864 0.11276945576513313 0.014859014790260396 0.00045789992403431564 0.06786685293094344 0.054498381925839175 0.08016659237733151 0.029785682737805057 0.0131668936652128 0.09176970921646271 0.008722862626660707 0.05281123104411358 0.06793849007763095 0.047267884481390895 0.03966263045459012 0.09164420007315485 0.09568185313403499
58 0.031048081450667463 0.035168921863470655 0.08697395268485517 0.09095710943408261 0.06032547421105434 0.05950707849851454 0.025342950171008377 0.03582968046444043 0.010374883145297187 0.03882458270547694 0.00604569136276196 0.036977761252126554 0.07004769186042198 0.05526524137785668 0.053447825740393556 0.06548544778790656 0.0683633615063071 0.03868947640481931 0.0384418209849585 0.09288296709358
59 0.07927305085780123 0.0712292577905333 0.009381021820048066 0.08269455786304379 0.004599746420696412 0.004029913734224561 0.017024903525049026 0.0717314401858023 0.031441951296830556 0.10157275289646636 0.06938382662801267 0.016484435901988073 0.07691678889684891 0.040642640880139136 0.013026974518576144 0.0856223001413839 0.10387577312633757 0.0651584800787924 0.030681285075392466 0.02522889836203335
60 0.05147878726150607 0.04781189276634937 0.07957110400920221 0.04195054442692325 0.0683935572936164 0.023299147141722504 0.0851716257085873 0.051102545375366466 0.08322436777052908 0.011826662842294354 0.02361345782518421 0.08642356654818413 0.07570624354861849 0.02437828721883273 0.03973293371511912 0.04100619050763263 0.01682361165942848 0.05351198144181153 0.05111710207002229 0.04385639086906945
61 0.02252503427346664 0.08089662085726818 0.0359598594431028 0.0991155413079374 0.042598039325878516 0.0005947591384672232 0.0700495088322666 0.05261336764196054 0.056655175264884554 0.07576675879758425 0.05547982894606442 0.07934114214349158 0.0011295751984498326 0.03789208841582815 0.056986894383812735 0.05754553350213059 0.004505776440381729 0.0869074031838768 0.03634944204181618 0.04708765086133122
62 0.016250869563241375 0.06633114283001627 0.11590461753090398 0.025350393031361593 0.03963420809512052 0.11265135204737184 0.060677256217476765 0.005040449796384347 0.11568972062641966 0.046515049715711715 0.009335344310406024 0.05261742248464105 0.061530519997078564 0.09464429866904929 0.011463939954200923 0.018560752570148362 0.0027535142715752197 0.07669659264180956 0.038380813718444824 0.029971741928638322
63 0.050915096905371354 0.03537740034578787 0.018182147590804502 0.07543297228097999 0.07786267789296047 0.012315585827401934 0.06678915024087025 0.03663586792513942 0.016574241310115083 0.016989671471035844 0.033557653764878376 0.05430806349431725 0.04407618438025088 0.07379114804263502 0.07517515019254908 0.07570900497203231 0.07132340632440645 0.04959691497360196 0.06833106003378989 0.047056602031072065
64 0.04396620047829294 0.05016770654629279 0.04922145974123284 0.060640240180049265 0.07911355505358705 0.02879942895082006 0.0744999956288533 0.02007800645085175 0.08939273579774008 0.006664810554808545 0.06659100864202196 0.007100337667285648 0.09956494161655431 0.06063734047476096 0.013494296857152659 0.059010617376600655 0.037909026586340294 0.08327586789696406 0.018418815566952712 0.051453607932838104
65 0.011085625976134283 0.08360674862972037 0.023673880851912417 0.013536494452570479 0.07080121730834099 0.04316898557015861 0.014350895277316835 0.021464269976279326 0.058407020623467705 0.005089048312302185 0.022007442234965337 0.038415746859050484 0.10167157166591365 0.06911571881352965 0.0974763527994751 0.03379650828142145 0.06503815853561637 0.09049818281587113 0.06986456497943658 0.06693156603651697
66 0.04719349360330115 0.05929252991366807 0.04492726144762759 0.011130395884228783 0.05608253630950149 0.07779942468950034 0.047366939487733524 0.06092348799762801 0.06678751166172016 0.07709752349114884 0.036904586438450356 0.06016822632589464 0.005455998974853384 0.09428403848191318 0.06295712736232108 0.06617659821485221 0.0442484098001948 0.021391221818647613 0.04907990474320793 0.010732783353607013
67 0.027440754018340067 0.002816268687530005 0.029267602342963717 0.08029204785036245 0.06141387744949939 0.08756101621929376 0.006975129027604689 0.009069204196445245 0.0779953305198125 0.07437713674123468 0.038596169262458735 0.054619723541565926 0.06122737114667881 0.07613159330437866 0.05491590572188321 0.03877125251125443 0.032495846774547844 0.07843185696005679 0.06632146905662113 0.04128044466746786
68 0.07176490612518964 0.06461724172330473 0.05268871493650467 0.002054634424641685 0.007192201235133648 0.02277079918981854 0.07439461810115808 0.04551573914266213 0.05035661198356205 0.006242165838635922 0.07136900027776809 0.07505377189470082 0.06023550242942791 0.061719176868426574 0.08197386359463561 0.03255340909861324 0.018137776698180053 0.0573862960974166 0.07165767289829841 0.07231589744192186
69 0.09215355500207381 0.031540945751946874 0.06077656028913843 0.030743734197154107 0.03489456845945561 0.06038444845784228 0.09525411601362281 0.025916877329673235 0.06663608020837189 0.022018874349000378 0.03639862297839283 0.024234677662928417 0.07326266819530985 0.11445028219187679 0.03007748229227094 0.009956128775260411 0.025971277842843737 0.047310282962533194 0.02530917250009817 0.09270964454020647
70 0.09879471849087744 0.024210105234487904 0.01053723497274305 0.02844305873349219 0.07011893168702894 0.05803873407034784 0.07809366544310008 0.07135565242433349 0.08773346750195493 0.01819374508302899 0.08272857921706447 0.014863272812740094 0.09425304449722706 0.057885080755807394 0.09432669231033587 0.006806784494436324 0.007033153264515898 0.05823692484330302 0.0025040059337827244 0.035843148229392136
71 0.05248319262773019 0.00876477581798019 0.07720137032654659 0.04395031217087957 0.08409751261370431 0.01985685817285251 0.05528101773322443 0.02232351673032601 0.03184985065735606 0.06424375648060278 0.10304455355544889 0.03958228844906739 0.02027239857175624 0.06448225452912101 0.07546051806506511 0.06682096455545339 0.028773588337334195 0.04498417185842671 0.09307813235729866 0.003448966389825751
72 0.058408816998638854 0.07297406382039963 0.061970156103032054 0.006319734613099247 0.09979520416928253 0.039919204195098736 0.08428964954013413 0.08302592786988128 0.006239115291394389 0.011534417636430459 0.045074633238265625 0.029846880722884668 0.0802697184337175 0.05466285914260989 0.04621189283398838 0.04163811952725205 0.02063643080018296 0.09750450635024765 0.0035015415684457457 0.05617712714501435
73 0.016824700203736772 0.07813231434592981 0.06325513723423261 0.005515312121153262 0.0898788087321368 0.050489606868806804 0.009330885087324402 0.07246570902001548 0.051077563396784494 0.04763123739238575 0.07866277134994992 0.08883457525932245 0.03943889999041981 0.06620696537733235 0.010296932873016012 0.05952760906515494 0.03167558425320243 0.06182863364977338 0.020868713431223183 0.05805804034809932
74 0.0712497624961242 0.02593205929013726 0.0534506028921444 0.054614405961519064 0.0434006638865151 0.07094629244185956 0.06668645600019693 0.07558682386779926 0.06211549565998046 0.01290490560380662 0.06576891564195889 0.039571136557367104 0.06304115279026445 0.06335551827863213 0.019434832905989668 0.04867746772317145 0.04654318362679774 0.05573715719724697 0.023072716966933898 0.03791045021155486
75 0.0770117608017163 0.08519240598841406 0.0840594991198529 0.0288800305055051 0.03497810052809469 0.06946933692111468 0.0029537202642992205 0.006048482803461398 0.0657414565374074 0.06905192975617173 0.04146213274352612 0.04887632127618846 0.08216942067237502 0.027117803863622128 0.05049345233986145 0.061325463832316435 0.03563561038600864 0.08244510856740732 0.03438970471078792 0.012698258381868862
76 0.011236727269439887 0.04922686523558955 0.07228265437776438 0.07687850767519847 0.08175386224156539 0.0772496898830827 0.03198410800523528 0.011886063959323508 0.06464470906834245 0.07293291880192941 0.02891040966462636 0.05596552857333712 0.05865288659913653 0.03892744325707657 0.06372838770198369 0.04424644518080037 0.00583690518157706 0.03013442554375603 0.08329554029229218 0.04022592148794314
77 0.016799049180258544 0.07959301166836358 0.07913160271786022 0.0731691041629456 0.00439866821692422 0.023285180825032035 0.05677094202314614 0.018447511313034088 0.0772920182268629 0.06917784335028297 0.056092851284631984 0.021817622169331113 0.09135990117852141 0.105013510744707 0.0048285779607958315 0.03507278240870031 0.006408157005967731 0.04348530976943777 0.09093323502956853 0.04692312076362794
78 0.047049658115096454 0.06153941259910862 0.055402376967349634 0.013583159275862516 0.08862419790723325 0.006503997715733835 0.05029956860052729 0.01564556739203492 0.016400211520250937 0.07077721609426958 0.08254497230026445 0.03461935647716722 0.02830504557477063 0.009228837524302962 0.0761108741686785 0.08035969009878502 0.056157647548131615 0.07186257719537907 0.0900533793527417 0.04493225357231183
79 0.06461690893507717 0.03164310082166308 0.07178610652306308 0.005409859282297539 0.04564878259661576 0.049830847025295805 0.01133454750085335 0.059148699022405514 0.07861269564555984 0.08398640931999855 0.02191273307626766 0.026137718637777422 0.04084310661635001 0.05596192792846264 0.011702067515320852 0.04105940719994073 0.07518629401523544 0.06489373827747813 0.08789453978522407 0.07239051027511333
80 0.08817852019891959 0.06327906922464344 0.05026690754195442 0.05449349786396815 0.07607754971438406 0.050835777279711815 0.009428023142564792 0.023336659556496803 0.01474711529032705 0.08512345347876385 0.005210655810276953 0.014054469019306692 0.05433426591842869 0.009491427667255508 0.05731986984252651 0.030693897673811494 0.08741355884883563 0.08626868036748937 0.056535471136359844 0.08291113042397515
81 0.019856348613481015 0.12512635887910878 0.028376375005389608 0.02716275291495461 0.12365432737590903 0.01021268160839888 0.06106542740803578 0.05963064022641595 0.11668833313542626 0.0051209797271970945 0.018604431901473827 0.06089831791682869 0.12071024814709241 0.014734471515720432 0.037719609937415556 0.08398396415055716 0.012836930943389892 0.014022642720752383 0.04406611993253402 0.01552903793991856
82 0.037757925730604304 0.06775585936405157 0.016160033041093647 0.06635298208040855 0.06941924667972325 0.0060629665806363545 0.09403522881151014 0.04645038920139692 0.05090620689408072 0.05598702402510944 0.07603562002146981 0.021852796876738644 0.04930583027656928 0.06090465451659655 0.0839994492747879 0.07123607675589395 0.014608442359394508 0.049560298012408945 0.03815314296209658 0.02345582653542892
83 0.0610613451964352 0.05909337172326287 0.0747139870298233 0.06282380727744512 0.008194648925583812 0.06610242196740694 0.07130965616534807 0.026126426858179844 0.05586396551714581 0.0330977290211402 0.02807038062316848 0.07857940354072403 0.07298220447325048 0.015333608119858075 0.02611168756010162 0.04852339738730656 0.045104161040661804 0.08116168756423729 0.06911342327574545 0.016632686733174924
84 0.07934949084297686 0.060676830746032265 0.09257238516633165 0.047295622887270246 0.07132875687116037 0.058870641008077616 0.012094278364934666 0.031112672249075997 0.0411049830500368 0.07686810283969288 0.04874038083900634 0.014578100154284384 0.02910814394745074 0.008869269414015089 0.04666746764174474 0.03961424340358576 0.046615682619225524 0.06424163228118081 0.09596697087608601 0.034324344797831356
85 0.041421967827645706 0.005880087052327011 0.09024360095917787 0.02426979352783667 0.009535313753956406 0.0855902383230186 0.05894034889645642 0.06738473304164536 0.05325254854514935 0.07406298504339767 0.08878089120601712 0.015435877976171793 0.03377578367041044 0.09710092516180086 0.07781869902992786 0.05019323235401429 0.06575294243138809 0.0004841401590520289 0.026343787452040107 0.033732103588566445
86 0.07546623934664978 0.09103382988644067 0.03219228879346411 0.08627682064173096 0.0843345782359919 0.019115277373151652 0.003968504676337529 0.03122099361786803 0.05876407200122704 0.0625811859687186 0.03673949509256099 0.0020168725603699404 0.002747543521140667 0.0446124206355685 0.018376201284816398 0.08474813638269871 0.00878603033903735 0.09631035748874413 0.07986747406398705 0.08084167808949606
87 0.029352637157333133 0.04776655907557262 0.08057480986211467 0.029545821466732812 0.036563036660719576 0.09385784967172107 0.06010954600956922 0.095345957475193 0.06539800517138238 0.06715063638661987 0.027541490752984017 0.03945304702072567 0.06638972641967697 0.02954147991110471 0.002127976645408134 0.07555998260213452 0.012768648277328376 0.10603658004152505 0.005483547646475575 0.02943266174567868
88 0.03368584253162942 0.11318210345501105 0.07385933740212564 0.10935453245128882 0.02022036455633133 0.00985550756587078 0.07344353910563821 0.025863039242619807 0.058814150153837515 0.0034191641643505997 0.009278038980614012 0.0926958278262754 0.07800378257297619 0.002342227662431492 0.03763225508921922 0.11023875168741903 0.04054492049750859 0.056621381686956275 0.03237076833822016 0.01857446502967655
89 0.06872435292004547 0.07652987856480542 0.055631387372742855 0.024763895494710506 0.03788898676961775 0.010788090180734702 0.0726543384258188 0.07072239034184633 0.059203370315199864 0.05857877290643313 0.07084571403217296 0.020861545112837963 0.0596656228535751 0.006271534120242906 0.027239974479433854 0.030642147228121183 0.07161298168877787 0.06327558680581069 0.05191416557878374 0.062185264808288794
90 0.08201286780239936 0.006706201401252449 0.08321440438852612 0.027183329909321055 0.03977417009374467 0.0644673161959582 0.03485657924195939 0.07995938613998876 0.08430101680942668 0.03309845984907231 0.010020070472010827 0.05732205377220489 0.0349390677217849 0.05455632018226422 0.06962981221267049 0.08049167640141898 0.07053636564404799 0.008176722551214847 0.07493518250010982 0.0038189967106240248
91 0.022858760126640416 0.0896833605216027 0.040274685290423884 0.024595908903984977 0.07568939754702653 0.0750571611109397 0.021410765190419432 0.06321742481260605 0.07002455946852175 0.07298917845350973 0.007817731536561533 0.046954234764668784 0.006174810228219678 0.0660500609147608 0.03553246257578451 0.06184714443137481 0.04921723951997912 0.029510741032125785 0.0808657165999428 0.06022865697090703
92 0.032844882733646726 0.06957981103665045 0.07004616274886825 0.0344849268962263 0.017483660366754496 0.033297567890274105 0.014171450972224336 0.06808554196385593 0.07995053874817833 0.0701289801068231 0.00879174196514985 0.012712252099035124 0.060736080444755786 0.09553676068677311 0.038270842718042486 0.05643034848548773 0.016624226081339552 0.1037260719448163 0.05409062219580577 0.06300752991529232
93 0.09002550481561343 0.06514886354524481 0.08096692288196497 0.07189208564511503 0.08733213127265899 0.06685349985644391 0.006576948889226404 0.057107485223925884 0.06679019662218412 0.0546505768736623 0.04966085099118585 0.018769241569168343 0.007091926583975266 0.029593352917379318 0.04574594945887022 0.05810919091238221 0.010155321619271787 0.03530864515735361 0.0461968243096802 0.05202448085469346
94 0.0012874965735217977 0.12497634320072813 0.09773609333153122 0.06992558927097534 0.07984218260716097 0.0018776740036330014 0.013358344567966366 0.05436273039397247 0.039718069905675044 0.11727143654597563 0.041469752060649616 0.04440471746108516 0.08206468788575189 0.050605947728509175 0.006285900129387829 0.079897555120651 0.051307341015355896 0.0003891570837206028 0.025687301231980784 0.01753167988176804
95 0.05821025895568073 0.0008160327716643428 0.007429186094547751 0.05950549857624791 0.0450921308917404 0.022659011594757212 0.04594718463679912 0.06363191959836646 0.04208856896509138 0.04797176664206655 0.052226303224606 0.01687503762470394 0.06963348647723583 0.006741234228915359 0.09953911781589792 0.07865820510453064 0.0481077628160059 0.07625439875610279 0.0801889197179704 0.07842397550706928
96 0.027537232720316808 0.016003583785256095 0.009307897140636092 0.017278591771151177 0.021985696187657718 0.07963012984067261 0.060967262206457304 0.08782309002737893 0.04344920752458398 0.005069782056988974 0.11378544189319034 0.05625400830817319 0.025656184027718115 0.02150595183592357 0.08117562129506853 0.08941822199863819 0.028996800785742783 0.10762695840472553 0.06009027765638478 0.046438060533335004
