0 0.026736190916402787 0.06216675788509969 0.06859223026837588 0.018642008432651635 0.07701253697256481 0.058335572782205435 0.07071147103287534 0.08989475657635654 0.0578986070210171 0.0839452764085405 0.01514907359430671 0.01590942296420972 0.046874050695807204 0.04875225546208621 0.022220042028320515 0.05484695480899864 0.02405068225077821 0.01775946699880891 0.0939401496545266 0.04656249324606763
1 0.08551267774971305 0.05837238315699834 0.08511937063649329 0.04408710491708535 0.008843778354055833 0.08183624394951579 0.034724870138748316 0.03262507794327778 0.048648971643533344 0.05591015788690924 0.08715165038534409 0.0011740868282819974 0.04429243744893442 0.08249879247751324 0.07381206478777369 0.041941737023550564 0.07363175012522705 0.008127782008610349 0.04268543229123355 0.009003630247200536
2 0.07115108467865504 0.0635561013354566 0.007964580661651647 0.0566750959303106 0.056697206695517366 0.06009762677994268 0.09386269612166326 0.0393215690004546 0.005971539470143551 0.043960484410264754 0.06295284399374412 0.04707686501075162 0.0752599814256174 0.07877907652070519 0.04706302077875471 0.008223110911644108 0.017987367915854396 0.08376887643320366 0.025089236945544255 0.05454163498012044
3 0.02164631084832735 0.07972722900601927 0.06381796001473403 0.05578831590699819 0.07687636473523 0.06787463549462731 0.08663321997455273 0.03489220677295562 0.022368129417999216 0.03482149737874653 0.04471869429851443 0.09903131931239709 0.04833718044184681 0.0005081404006068735 0.0293209092396733 0.014123293970322802 0.05591448166175201 0.027941899025534508 0.049616870006619976 0.08604134209254201
4 0.08498197698802822 0.07323429049216176 0.010838825094183196 0.022212247441743226 0.04546967654162825 0.05135239997002393 0.0018940377115128477 0.03417950786523746 0.07850729276464657 0.012062398952992619 0.05041762268209159 0.07677746708579733 0.07398673367055984 0.0173189705165017 0.08848008561030174 0.068242025026222 0.07630814605580019 0.07395587650671791 0.036514336007973096 0.02326608301587661
5 0.06678141372419391 0.06317965512729325 0.05498409879370978 0.022993001768342566 0.01742506771882258 0.05780304854367655 0.07250930703474807 0.025082271621336617 0.0761405527146983 0.02185229254328618 0.07196111135916487 0.020146075940092868 0.08026064673080072 0.06775323273312635 0.07666406719024198 0.04038574510506549 0.07776794181231599 0.07736792491313478 0.005191900739419866 0.003750643886529255
6 0.0012113474696491785 0.05239603550968603 0.025371751192205378 0.11787123021019934 0.09942880387242448 0.08459878125643877 0.060745280324969606 0.03758690740554348 0.005614885477608617 0.024355257355725326 0.012154407759154415 0.0921828487883442 0.004801682725972204 0.02030817211141393 0.08469331266274881 0.06355268676859291 0.036565330165004385 0.03151418378791386 0.06861167895214929 0.07643541620425572
7 0.059336918588647224 0.024779108094098706 0.012245333790784723 0.068956551733845 0.10135886553189535 0.08011624540456468 0.04277586924853028 0.04777994451584507 0.07744257555918098 0.08376290095556026 0.09865512055856034 0.07201663909835246 0.04518657921986339 0.005795961497591181 0.02454396003489652 0.03330063478170555 0.06652521960853656 0.0013811143690915357 0.0032523928695984083 0.050788064538851846
8 0.07657081517184544 0.08132102188228484 0.04091793732506376 0.07706503537665196 0.025042769428734714 0.025538181794084843 0.06943612666283568 0.039305788733982515 0.06651070372143697 0.06346846163958857 0.012858559683102 0.07597109607570071 0.06243828475092801 0.00034617546933473405 0.0031838270206402536 0.07624824321724115 0.0834967713003727 0.08118761752945171 0.020468380277143004 0.018624202939576565
9 0.10025829067829252 0.07132594459006421 0.007555961303048156 0.07171804347150613 0.028235481981452582 0.061402463120688235 0.007713366587830255 0.05609585237343755 0.03414299871397734 0.05156499578130686 0.010253090381260368 0.09395678299077687 0.03799421488575586 0.02094143318563904 0.09006069058050897 0.08764858067754035 0.02734783578262295 0.047302910664938726 0.0035992185020573973 0.09088184374729576
10 0.016460926099117593 0.021165144720619932 0.08218527362506746 0.06318329316216571 0.07623222748330409 0.0855667693281269 0.0650370071915191 0.058009759858938546 0.056596293964598955 0.027357875072247878 0.04494417253701146 0.09864838330015346 0.024492284893990756 0.014451911928775547 0.03694127079653182 0.05496067016845082 0.05563483769262474 0.05209268272012949 0.029487627069745403 0.036551588386880385
11 0.028413719194418638 0.06843601827967365 0.0069177006344378926 0.01806203233262905 0.10891732522320972 0.09814030480776866 0.03785194573434053 0.06778050743743808 0.039838459027765324 0.01873028713853791 0.10035262864730975 0.08042554380458826 0.023131199244276528 0.0924005805762221 0.011419697353272282 0.0497242991157861 0.01600485680516561 0.08760666596012438 0.028875923201222776 0.016970305481812806
12 0.016562270462942962 0.06523162397818012 0.05227790156900595 0.08761197376530065 0.08446198459594653 0.05674628409326115 0.06865334710265292 0.058145274181910366 0.0052151119692629 0.018755787614519747 0.013368237899628644 0.07192902326634473 0.049099470579945924 0.01169536837875637 0.07085830029471343 0.06081027311099371 0.07296240492748528 0.015862234218253335 0.05795997435007375 0.06179315364082154
13 0.061233544354025254 0.0131972945522496 0.07787023450611144 0.06286296968249505 0.0031881760184116394 0.07497565680408803 0.03947496405717298 0.07149714178350038 0.028198170393184358 0.05161716672364906 0.04302339140000191 0.019227497483654217 0.06906407763901685 0.07237716651670004 0.08277920446452455 0.03676453372252933 0.07262766204271728 0.03234669157644227 0.07196397264222654 0.015710483637299242
14 0.0005929157999171468 0.12247099787167226 0.045213702161848654 0.11991389840067905 0.11963503281083973 0.05806128359961246 0.011880609228577055 0.04962852160789224 0.011242605528785476 0.039583821437424664 0.04229104905257966 0.11639152698317032 0.03846313671787933 0.025475909909360023 0.049655087394059216 0.022660568673508845 0.020989437243095894 0.05015544288131497 0.016980452803705286 0.03871399989407764
15 0.0293825807222437 0.07699366851317695 0.07882252779315096 0.08989108263187114 0.04601975372495051 0.03374183845917447 0.060052505010535114 0.09270489380798441 0.07336102481385616 0.02849600252062211 0.026728077985159193 0.02988997876513344 0.08738947126267993 0.007994012666558126 0.038550317774175794 0.0043389707426491776 0.05386499949728427 0.04659687033239088 0.016200075829450402 0.07898134714695332
16 0.11603331074354152 0.0556422202705234 0.07075334329728969 0.09345465156410551 0.01791434919249622 0.0629532443134713 0.08529484744489296 0.031230778569336783 0.03362765195007566 0.01698964594352693 0.040421649490223345 0.0738531988290057 0.0668226276199228 0.006288078604530806 0.03293365228207538 0.04043610937373644 0.04732545870657028 0.03290877852564965 0.033507274287670974 0.041609128991354806
17 0.044853093179164104 0.08712734681654127 0.07952691010384122 0.0668076408412854 0.07863316065845698 0.07322931035940064 0.007731994025808241 0.05123953751068024 0.04123000247267597 0.03704530444804598 0.004356329779329453 0.007284958271656301 0.013493329596115041 0.0036603506057608566 0.08037475931379517 0.09075489540356281 0.04605245630080985 0.08949356189316623 0.08032121763612005 0.016783840783784032
18 0.05490339254658442 0.015705418411425337 0.006276059958788005 0.07650192901689722 0.011241532708418999 0.11074293777199162 0.01836427824010117 0.06119603872009559 0.02792257360595451 0.013367673057066076 0.04317944406597758 0.0024965258367172774 0.052985638985237594 0.1096711149567834 0.06001204167372233 0.030885046932315207 0.08857402588777549 0.11001380917711541 0.07035942385904204 0.035601094587990996
19 0.019403227958272203 0.05265800130836515 0.010430119989494956 0.04911808801753246 0.06008468666117207 0.0822877052903283 0.06689714686321724 0.021899959022467275 0.07964353853534444 0.03727917843742045 0.05954634353382964 0.030595904926291086 0.04716451603813859 0.0758894747588514 0.07357176439608987 0.07823639142748254 0.004121609671353786 0.07122616831197266 0.07449250677109476 0.005453668081281082
20 0.07151948987936585 0.012430969014615644 0.0042084229862749825 0.05557680601546387 0.07827362937686175 0.06506931982794739 0.10760524044506344 0.08277974302790374 0.06056495294116569 0.00488306727090171 0.03276854146775496 0.06315670719787218 0.002242267125552841 0.06066389981015719 0.059104317729102844 0.02928830932957756 0.0422361800725737 0.008044984735186477 0.04287422579676638 0.11670892594989188
21 0.07377307171830348 0.04060947409848784 0.053961934611413624 0.05624592845572418 0.00843243386427564 0.02838207102868142 0.09557456739758625 0.038494691468139074 0.016914696447456273 0.09090633759634378 0.03582328609293806 0.07777478585508583 0.004090985989622507 0.07731963647083716 0.0514415952808232 0.03926868985502293 0.02446459577105446 0.05083681382226289 0.07380614201307349 0.06187826216286776
22 0.06427987268184722 0.06434596717319885 0.016929267314607435 0.04685769377661661 0.04479598663696253 0.038689403200276036 0.029912375153407236 0.06365307874631057 0.048668601526431085 0.06139608715461968 0.06859056640133845 0.0686836662433318 0.028434337726123752 0.054204588371289775 0.06659525527640589 0.0523631133249112 0.06783219741644939 0.0236807992005987 0.07245953061685896 0.017627612058414805
23 0.017678184441573336 0.046146521233852725 0.08934532743496931 0.03809943463688425 0.05320837255603682 0.037432817746785835 0.047178306725366534 0.005483959986912945 0.06202587672976529 0.09048487484467202 0.05149066330431809 0.0025482208748244728 0.0530618405966943 0.029474353385134943 0.09950496426660004 0.0925297453169633 0.07784454924726548 0.040052880652222934 0.04684360361522203 0.019565502403935252
24 0.01711157114121121 0.0730624588897579 0.01838536262175358 0.028957201461528314 0.08912277781378253 0.0005438897390578871 0.08595593795365021 0.05503630112065895 0.03557595868476353 0.07515294194265387 0.03995432257973245 0.05049395474784923 0.05006166840036844 0.04287660891547572 0.04705150289032307 0.08787280456124572 0.03278246495481068 0.12049159097377253 0.006283204307975255 0.043227476299629156
25 0.0007616005268945641 0.04062503407840151 0.09001840942897327 0.09980050491678077 0.01917419312153411 0.08344574612439638 0.0752249728217795 0.011265307136814772 0.050105959563918764 0.026339248631516574 0.026098895150256103 0.025685370815634285 0.07249178628382569 0.05083381407452462 0.09012616469274312 0.008365739582121378 0.017240426266863333 0.086991873260643 0.07796369711702543 0.04744125640535278
26 0.032507528971670176 0.03479739285608742 0.011403591939059732 0.07301453935401947 0.06107125235530454 0.06317308617274725 0.051741695332862 0.09981233087667206 0.06148277736165665 0.0945323743650838 0.011867341586898865 0.03856919300531188 0.05367925834260627 0.02660750417676408 0.016502957582510344 0.012596054092389033 0.03126066701588894 0.09759276505049852 0.06274948284492768 0.06503820671704137
27 0.034605292761136164 0.045693762553101896 0.014965748273146813 0.09179398124839894 0.03498781735882805 0.07442301628446403 0.03038592244682721 0.07571474994919172 0.08491215221133881 0.029725664994884136 0.08349742178835651 0.009163013169344885 0.018556057412416286 0.04744315345515608 0.08043686414746201 0.051714959707817386 0.0395658049083356 0.0750194828226147 0.05599643799431864 0.02139869651286008
28 0.07526661545491893 0.04351199422367724 0.09295715936750934 0.0743746108583924 0.009776377625540542 0.015533471670666148 0.0033768851823574343 0.09462068621773055 0.05623789919292067 0.02567203747887147 0.03353745495452001 0.05985439275462893 0.08817476058902143 0.07156948552534076 0.08079929856097097 0.018935592155102984 0.035313094102931895 0.053661054501125356 0.04565405309169585 0.021173076492077114
29 0.055371128668626764 0.08882136182378243 0.026085471652400667 0.0496575887691344 0.002760722257438248 0.07732621535325244 0.031324574942791186 0.04980460776277795 0.07627927409087477 0.0038347180940162193 0.023687744229708475 0.0601576638508854 0.0259999291904367 0.06592374367291295 0.05085795112523007 0.01977572139947384 0.0623882664585384 0.08950436829892033 0.06974122438445893 0.07069772397433995
30 0.07637984445057538 0.05523274773088732 0.10771692408900034 0.026380075717895645 0.0065513461540837505 0.060805961310796686 0.02618283721599628 0.09822840248577301 0.08079618684378155 0.07265947160283795 0.0116500588484037 0.010744954883002518 0.08741411539017517 0.04779025420102902 0.06936372974761991 0.011864945342104066 0.019193297091259685 0.08713826265662386 0.04198966602473398 0.0019169182134203433
31 0.028159405530155886 0.08286272878599743 0.07974530199832473 0.001477779951935826 0.01896919500803782 0.03797089488849191 0.07945889472146116 0.07074321420614615 0.004368232499136481 0.06499033019360163 0.0804959328982777 0.015224613633131889 0.0192827158349883 0.06199363377734845 0.08783283717046884 0.017826982349026996 0.09516649409071964 0.021379988034876084 0.10647297185025159 0.025577852577621518
32 0.09048568187772425 0.012495156582909383 0.09834771355276216 0.045237646846783656 0.00031364214894919395 0.06459790494706674 0.09549833239917076 0.023048691573490203 0.060794914071295 0.02366034544733319 0.049587345723537755 0.0008346890753718361 0.09539356299952932 0.0965777240147287 0.003409588076054993 0.015136771089951713 0.006881849495850552 0.011823985048552223 0.10162768191773909 0.10424677311119927
33 0.013311206943409247 0.07362075592615204 0.020199235122423005 0.05990352272374839 0.03693223372274311 0.08053655046000084 0.02188075277876428 0.06035187404662619 0.07170465058723037 0.08390130346077737 0.09105281614692497 0.07944200228146035 0.025710019709613972 0.08141706842931766 0.013648957465903156 0.0026891970478753638 0.05848392534109699 0.050614875223071426 0.04847599637887156 0.026123056203989897
34 0.06822066583989221 0.09026335962006211 0.0006245926892016293 0.056479311964258656 0.06421761752394997 0.08005368909270508 0.03877308124394185 0.0451967749651987 0.10466926732633892 0.013243477391924025 0.022722437397468962 0.09952180755458832 0.06773767436354405 0.05139764647685566 0.08960311598861931 0.01989403380568157 0.04749874176507816 0.0042284530848182055 0.0053627660378663235 0.030291485868006347
35 0.07369501305745911 0.08180906298083195 0.05272055064780357 0.10138259147218298 0.06279946986240338 0.02975148133857943 0.1002078927345501 0.02237093647279976 0.0733359648678501 0.031898646237593246 0.05671541352225655 0.06509793912657678 0.05993020484794562 0.03451447865278327 0.027257394147520934 0.004621829762459951 0.013209026291508724 0.003885255523578324 0.10037664963381929 0.004420198819497076
36 0.005178208723182602 0.029302756620156776 0.04860895448374999 0.05843032964767777 0.02943986771060255 0.016826772255327863 0.07980745362186158 0.060868169875252 0.07459366109924231 0.030560444399637662 0.021213579832273476 0.10010769590886143 0.04555733409157046 0.08701440387183715 0.07830768897258528 0.04980043439356919 0.006049987851308644 0.07597831398310562 0.04934298893905558 0.05301095371914187
37 0.05413276189444153 0.06354433407979164 0.04526140409289334 0.048536747445462686 0.02227298390302452 0.08447354306034123 0.07665471207194158 0.06838228961852745 0.045592468907980535 0.080918044443963 0.004923388402442705 0.07492994529749747 0.016504177642517794 0.05556977178907245 0.06024940116489259 0.02462948885372841 0.013072151807155671 0.03959246552191972 0.08080667985635125 0.03995324014605446
38 0.05174735369690249 0.061627270028757175 0.030598751514317492 0.0787048334385524 0.014902370879792804 0.003096736707619459 0.01736445670730011 0.03153962328969451 0.05194984417760557 0.07332114612741872 0.07982189507173233 0.092295987964439 0.018000134318368687 0.030809528481550975 0.07705078066962892 0.09353300458908834 0.07714077805153209 0.04306102494110376 0.059541558771387997 0.013892920573207278
39 0.058848166710505086 0.0072574245012135335 0.02699614477731507 0.05237173472556603 0.10450074065912027 0.004629706721543722 0.006804011906198428 0.05139303337291158 0.05839665374188731 0.08732303676756537 0.0018639957024096042 0.025951419206888142 0.105409788936915 0.0740358158740051 0.0878003501312059 0.09624599616696282 0.03346050082724952 0.035153139324367415 0.06913714189402388 0.012421198052146431
40 0.06172597803494097 0.018815775054698305 0.0514390786772325 0.0737363956898216 0.02991615411599702 0.08433675315265318 0.07887107710960073 0.035859607885163125 0.03180030367466676 0.012432942420195426 0.08517411694702476 0.004556056912196687 0.015089136013062863 0.0780775190899391 0.08914368716672835 0.043275410497701096 0.0829886790910535 0.016558235656028025 0.0694844734122968 0.03671861939899915
41 0.0967318632854907 0.06104163619387605 0.0831780771678419 0.06155685161220135 0.08882491621289426 0.006428112079616707 0.029048384631735983 0.08939768847573268 0.02757149455175569 0.01257488205486107 0.0871808298684117 0.02484196842624354 0.046031199159686974 0.09845565056023156 0.01927338255216463 0.04701373530430455 0.03654317906498572 0.001432412460658833 0.058295168248533376 0.024578568088772505
42 0.08609034538236601 0.06543614054107282 0.0519823980049391 0.04661000418167123 0.040406034395182 0.0768262957350638 0.06461300870851529 0.05864412294194304 0.0412352895551753 0.043183593056933804 0.057624024703749464 0.05946241315968709 0.07868221074626627 0.004814761581209489 0.005857436265163559 0.021592348903030634 0.06768169196200703 0.020684204372887764 0.06869630024448577 0.039877375558650625
43 0.08885831938151396 0.013783281117623484 0.03730672959708879 0.01655997768887791 0.024175846881414616 0.06471155085717709 0.030787506441265794 0.07174307003711482 0.022177012465615747 0.02070219058743025 0.08465119939211149 0.11143008767167106 0.08216336592207048 0.05765339241663964 0.03121263864657554 0.051188822515220445 0.05677355706408202 0.06390443347368165 0.0311462351038329 0.0390707827389923
44 0.04734427836794743 0.06098277560110083 0.02927205140250935 0.062346080359537245 0.061670904905948475 0.06765633854994116 0.0802927002852024 0.058169398471193894 0.03238894267939505 0.028247027868466647 0.03864860299218611 0.07603879961126421 0.0643932032493653 0.07365418817523502 0.013215857698638147 0.00793793242031833 0.024530537132870588 0.08650873842946669 0.03390378074800158 0.05279786105141131
45 0.03968668963746988 0.0731896704994712 0.09923132892829273 0.007712633001094663 0.07446285006077268 0.09378476127777235 0.028525887778640367 0.06110256962872121 0.025569099772164053 0.05960404746641123 0.08984268808021222 0.010867573239361604 0.06174403828297261 0.02482421053783897 0.02263301905034104 0.019106763135846503 0.1119755524162438 0.03959921517046831 0.01507065372297451 0.04146674831293036
46 0.0654788363966955 0.006883851835549658 0.01172220385235905 0.08978199135228125 0.04309833488996175 0.0031230208191172708 0.07080756564807868 0.07475963978625186 0.09539597462910765 0.07193808267892031 0.027187456519467103 0.0011133646475838788 0.04544649462670316 0.053747557437034105 0.09444848808018266 0.021629649602361974 0.036841369101396945 0.04492355443716164 0.060561661451775405 0.08111090220800998
47 0.041935188779517095 0.005645611163518962 0.005481496297198759 0.02515458142453485 0.09263320313510971 0.09879026949529317 0.004163019843142089 0.04696431818819414 0.08113755214915298 0.0709980891935281 0.08255462061000432 0.013619243081137393 0.08861815930262162 0.08801491353562751 0.013231767541663986 0.10637367999168772 0.020279048276303342 0.038719458640397025 0.0020974369857744545 0.0735883423655927
48 0.0883492548948031 0.026685985248795945 0.001408620520231858 0.02705516246176602 0.10238874194702001 0.06829682909652356 0.09766416701885902 0.029250701061589196 0.11044410186051407 0.08377009089974685 0.10213499784408492 0.012766652166452357 0.004969773535067774 0.011994693866443428 0.06769189105133094 0.016749506062955777 0.0010547768986822437 0.00791934575764405 0.07969621846538387 0.05970848934210518
49 0.04216938968926431 0.01241095659898219 0.06875544961571561 0.030559245818807007 0.03795681991801489 0.08773348600290137 0.06452039786903296 0.08732744046793256 0.06854186223741435 0.051049873220336044 0.035133088944948695 0.06898453212744389 0.048433375784751334 0.07705940018388842 0.0817189136306848 0.007319497810215305 0.07443905624525013 0.018408635076511644 0.023956653022620882 0.013521925735283737
50 0.00697295957216518 0.05837407843178046 0.06528081890245828 0.08216136832990086 0.01380529664687681 0.0772893871814296 0.04798433323362352 0.038579689116158285 0.08978011619170026 0.07478982423862993 0.04296773359408931 0.02705233054311517 0.08365227461855236 0.07794373749409385 0.08130912540037709 0.0033435870301401394 0.08553584693260971 0.004722766785318092 0.03266437951005217 0.005790346246929088
51 0.07100476065105997 0.06201966163335749 0.08123962563549225 0.024223844323332706 0.030289931056541753 0.026300213031883807 0.088521893932644 0.04816764706212504 0.009367758366518177 0.08256980071278912 0.020793871534817095 0.09505977761151133 0.09530077724624901 0.013283274248461888 0.009124608418895138 0.0967981783023765 0.014306819895369341 0.03013388807699149 0.09050072127770165 0.010992946981882162
52 0.02614360497076883 0.0474319642535046 0.003477207832962151 0.03791055404041055 0.00044347878573331985 0.0490460990300616 0.08656141389684043 0.06182978135749508 0.039916215805830595 0.03440445382345026 0.036047133705441506 0.07304216150451646 0.08731347725940584 0.05562241617259796 0.04441608017358985 0.06087233164303357 0.07227279082790572 0.03918648813476447 0.06690303670031822 0.0771593100813688
53 0.06418609067910483 0.05158568118603993 0.07333150509230259 0.031830781347361205 0.059564456576909175 0.08071651650376988 0.05836967785710991 0.05060985927149137 0.07332426719584723 0.017332538400608652 0.01874785338952921 0.06925209175177656 0.038487240989525086 0.008495800018321726 0.013377005196896068 0.04364255738178123 0.06640035097517825 0.030600383289416742 0.0694175791136547 0.0807277637833758
54 0.023929900433307363 0.0077449818194711235 0.030340031720966564 0.09587810433872991 0.08882943612068976 0.0519601415367743 0.07932093257872276 0.04334247964601453 0.008580094663291382 0.024837475103432868 0.02003193966008173 0.0202427009437855 0.009944099453514344 0.09934387467635719 0.07961784562165312 0.03760645214203897 0.05525269569937122 0.07564260756103965 0.057663111046450735 0.08989109523430698
55 0.016096519026237557 0.055729855090998925 0.002908989425603251 0.07688501529227995 0.08669808316581218 0.05576568462607171 0.05792224608303481 0.0695656650293096 0.045579574389774 0.0041351755486105785 0.024095892973146297 0.08547884846510298 0.0650782888592946 0.0002672446480667736 0.07496651859621857 0.08580768285407392 0.015407734887508077 0.05027710097338151 0.05027510149717501 0.07705877856829975
56 0.08457740895866252 0.07591987093341611 0.02840990709283721 0.026900038796890825 0.08192682191990774 0.10073446915687653 0.0387972108579737 0.005000448539149123 0.042994486900866095 0.017616041739803634 0.06698983800814286 0.054540296312245926 0.06646700059509908 0.02672005692395949 0.017150836791951056 0.030964699887239128 0.060846332890221747 0.06999952973141005 0.03748736088476878 0.06595734307857838
57 0.06414008297703616 0.05957619402241161 0.028301104555897922 0.04237199834577561 0.0068458079395774234 0.041668467004012257 0.030810958859102414 0.055260344118537225 0.08414649988961995 0.05881430303226291 0.08917575625991139 0.09240335375431055 0.07286954703419982 0.016863757315888152 0.05290269769982723 0.04805390302120011 0.03664117364196612 0.08408159296667124 0.028916936326411527 0.006155521235380227
58 0.03716443070564587 0.0014403752532347327 0.0879072962965633 0.054274286285430386 0.09660517877190901 0.09841443034593238 0.06965456201958926 0.027825523177618248 0.04064427539675674 0.0944957647489528 0.034674434158073114 0.03749185396248022 0.024490929432977655 0.008466740870577777 0.07286474322765747 0.02015313803157265 0.048568601236929805 0.06213805232721915 0.019408281572998003 0.063317102177881
59 0.059495154118813204 0.05285060744680267 0.07644658142392484 0.08136298607059525 0.03826378728639075 0.010307056076279223 0.03279274334651629 0.014625588042535134 0.04962513642866034 0.03649997246053885 0.06330663650545945 0.05804675448234121 0.06740382082343586 0.05223153129542629 0.05145850318380562 0.021284820081199994 0.08249747520631256 0.06497105163805113 0.04878089264966396 0.03774890143324744
60 0.007157848573611492 0.035084985587096794 0.04742910583847224 0.04618128322869418 0.058402123150422786 0.03914817521961022 0.04220974541487558 0.03514167976590352 0.056266551047030086 0.004462755603153162 0.08379589281764094 0.06747294983540954 0.07994809422359868 0.08617494116482771 0.07999905597212936 0.023239828373215924 0.020148971330715488 0.07181835035725657 0.07806902876984348 0.03784863372649228
61 0.06079997027218564 0.011598204152132596 0.07656128440026634 0.08146885850488265 0.09561037268292609 0.09879793462778581 0.030927756490617922 0.014934373151025316 0.03395361421495252 0.07888246714266153 0.09684627719388707 0.047941395261542355 0.0780326667466315 0.007665914338928459 0.02140990102659101 0.029082289707225845 0.027386893774195446 0.003362874327863299 0.004260530183530896 0.10047642180016764
62 0.07419826635515714 0.018244415163268697 0.08961089234312655 0.025826088058105108 0.09460835571600355 0.07126965714539793 0.046513266896938604 0.047351188691280625 0.051399691844477235 0.08983356123254257 0.04639944228168916 0.004091572926954365 0.06491005983214283 0.02442681570818533 0.03355243614894223 0.04488518955542663 0.011500572878988117 0.06090686067450214 0.003791939840797641 0.09667972670607357
63 0.0082714244416955 0.07230104719258595 0.057905589053552545 0.022016016853964284 0.05570320905799647 0.06810930871399898 0.04130741952187649 0.05012328813617825 0.08175721276002752 0.033775259052103136 0.07816630064055106 0.034702746043081906 0.012094043949349393 0.05930455569336297 0.029169082945714724 0.02248476452366183 0.0611879752770831 0.0808065825224998 0.06191658468077725 0.06889758893993869
64 0.04059859657064671 0.03878604528447233 0.01684358950030763 0.06903859050262967 0.039902780516890723 0.03823371974049838 0.04122495463350219 0.06344669261644127 0.057892964000477054 0.03757189523048446 0.06473074623736655 0.00913939194644125 0.053641507017335256 0.014817200045794104 0.09589768847889917 0.043526068545593835 0.043999575041949714 0.08812085775402348 0.06460118244137826 0.07798595389486794
65 0.05562140497454456 0.017042730413171756 0.06163530777986122 0.006806479793060974 0.07469543376069233 0.023121414775665407 0.08130073415581383 0.07057808695288323 0.0023041941071829494 0.014783898279208722 0.05959918623181703 0.07943501374377984 0.05988293376106639 0.0646279725343123 0.07520278421617932 0.06533217367391139 0.06839495690962268 0.041839664883370084 0.0026648569634057477 0.07513077209045056
66 0.0838367261599004 0.012973100594479807 0.058607546796555256 0.035493846512072755 0.05730099836350098 0.08505582512208992 0.02275031167602314 0.0013203268754174964 0.0357781917031025 0.0021088929944326966 0.08254793818491861 0.03247357341916435 0.058909107726706045 0.035984295162452495 0.06574091699655413 0.0034278613498491535 0.08427289244524054 0.083272954777051 0.07941297264101074 0.07873172049947805
67 0.06433111271499269 0.03794019169989176 0.10853155152013179 0.026133504657410024 0.07548554210936963 0.03225948582243938 0.05995554029750151 0.06827125391391452 0.02639900620408344 0.10690268429803294 0.02311572182102275 0.030351539479667223 0.08823410273924545 0.04529746650329963 0.010788496065234165 0.00883448933084961 0.04987359981439346 0.04223551278693614 0.07732963649894944 0.01772956172263442
68 0.09204370877469546 0.03779911473260616 0.026075921235466853 0.0731132309015454 0.05144227237885723 0.08233961732316161 0.028930278269612957 0.0039055585500832736 0.05772455238520143 0.08001724151033011 0.08077617337924671 0.04288985389728471 0.011859521227629293 0.07152480708394329 0.06276250392140134 0.03604224356659478 0.00984450744670446 0.03621901208464865 0.07742888954082168 0.03726099179016462
69 0.09248810989923553 0.058384922689722916 0.09232550657786548 0.029888262072844375 0.07172050879874567 0.07118197706593465 0.037775085669431156 0.024269333728835864 0.010452023252053176 0.03737632787634627 0.031121579420925142 0.09280593981176158 0.01268248361106736 0.07436817349281433 0.05803844884879382 0.023093710151463286 0.012095061802520455 0.09005311299044053 0.05032796940243428 0.02955146283676416
70 0.048898413507707295 0.06015278615375308 0.07852712912918093 0.019601720631550038 0.017319869435329486 0.06156083127223443 0.05421941918742571 0.07672258762791878 0.08217685523881407 0.028155687513958663 0.0016953898169940298 0.08068868414161623 0.0355927361421843 0.02393793509324165 0.08557852579620397 0.023142494143260146 0.054016271311437464 0.05578778043362081 0.050075394427055 0.06214948899651414
71 0.04464916867184498 0.04801118562965772 0.07976046877438737 0.07112115260711771 0.07905717360080379 0.015574302228182223 0.037398106702756735 0.0756589279571155 0.035631888265935455 0.019883978991809794 0.05555829227846378 0.066449272237302 0.07598141558870174 0.045168806270177206 0.04328424752218634 0.07235829486953221 0.027777241842532652 0.01318361696477535 0.01400508149375624 0.07948737750296113
72 0.03669192207796244 0.020495141551632977 0.0383590236114255 0.04105975162917334 0.0620579262315649 0.09175518803256423 0.0561950201551495 0.09850212681490562 0.001000654271847931 0.038390203526851636 0.058162519082442715 0.07366093881774215 0.06626724560358134 0.03623755299202668 0.03148037571871678 0.08447524401770044 0.04691111847409501 0.0241824723875227 0.07641338120391132 0.01770219379918274
73 0.04359512288136347 0.07186062391419024 0.07700104952569974 0.0738833232250604 0.009475444267033018 0.014360725389785188 0.022685142305676087 0.009529253166699416 0.07832507535356537 0.10493358325514669 0.06217241047651483 0.0315133775175628 0.07944527338996629 0.06017901558273674 0.02718600846320807 0.030568534220624485 0.09309676645067849 0.0035331062573572777 0.07505535182969096 0.03160081252744049
74 0.09705292591433447 0.049445428268999135 0.014341893952291856 0.02376168345490322 0.051945127540918984 0.023992061067677695 0.08101700737487776 0.02764963125206268 0.07627954950815849 0.025014208309254462 0.06396857839970439 0.05094953092120312 0.07818761559565135 0.02412499058287036 0.07547775732181232 0.08678587936865162 0.09809739586982903 0.031168771681126098 0.004893461472354914 0.015846502143318175
75 0.01845849018079686 0.07747677357931008 0.05364270655150209 0.04160970656774071 0.03676322457053409 0.07976765333503978 0.06417721094547968 0.0013526058257946677 0.013147691228896512 0.004771392674329898 0.09267043482404425 0.009953249460120998 0.09126648513062154 0.0741299730990183 0.06253112778090995 0.10363819635357394 0.004819128249495611 0.078783610783524 0.003391359804915818 0.08764897905435114
76 0.03697865231412808 0.04505547974625915 0.01965104933251199 0.039153658998461856 0.07778861938267799 0.06266767943018507 0.049838493783338954 0.03587077687830349 0.08074553562887937 0.06806986410967909 0.025064796047807123 0.01333517136888159 0.006702388720494082 0.016431499194263875 0.02256046885680947 0.06670192558006384 0.10743851021419437 0.07578749757417022 0.07906138004818417 0.07109655279070605
77 0.04421587272335752 0.048856318548662 0.027072231676775867 0.058026163239178606 0.03440352515372945 0.06587502152620944 0.0106508044943998 0.08973460474453662 0.030910539481397357 0.009400153583579061 0.04135754154223496 0.014982053119897218 0.036241605878243426 0.03334950092460823 0.05369851579408306 0.09103087395107574 0.08551584879254459 0.08717820254064071 0.10235293015452777 0.035147692130318375
78 0.028429929383337587 0.021785965116287314 0.08512368897429931 0.07352133337117059 0.029112729245572424 0.06335746131246293 0.06896107188060602 0.030671039373590392 0.08028863479975411 0.028112778439617216 0.050366542870656096 0.06425591152729954 0.017326449673001138 0.0570758101118659 0.07561101542159894 0.09044882969964033 0.0829840741269685 0.0006198175495289286 0.029213964533017923 0.022732952589724978
79 0.04850027241205709 0.025933668744515234 0.00767720042625928 0.07605783725509925 0.014194711802849326 0.09714473712394918 0.009245000387258197 0.08404791657318225 0.09903783958810926 0.02259339296926994 0.10238010239554043 0.024789376417930845 0.06297839957127739 0.050826083009247666 0.051922228879862364 0.051476809589410324 0.05427319383797431 0.08429969425439603 0.01667838048825797 0.01594315427355362
80 0.0028827962756937425 0.10127097497530937 0.1007753869435917 0.034016339897404026 0.017808846112705275 0.136510537135909 0.05696598791452585 0.0882364461717934 0.048829288356288206 0.04929298683377376 0.04157988023830042 0.029993445493611194 0.003477448515173784 0.04508139510582206 0.06959545410088512 0.00023486040670662133 0.029434698744465353 0.07714082280097645 0.05437160327655572 0.012500800700508989
81 0.07385527354265913 0.02095148163634105 0.09064177037110062 0.10571086653388706 0.007867778325192977 0.038559732022180965 0.09224017518303221 0.11110276225887016 0.0515250235635458 0.011057133461773228 0.015234865371781767 0.04438232012768414 0.05407116923776336 0.004131626164554211 0.06792864281053934 0.033223986117342244 0.08450222223449184 0.02327099426250618 0.059885865546261845 0.009856311228491762
82 0.006506494410764366 0.09574061128822561 0.0522141540617367 0.032372206701828166 0.024352942738160972 0.04150884630820666 0.037809969262087656 0.10939044111238026 0.03267658098673716 0.023447396631921115 0.10331334716957605 0.025880032499867686 0.018870334923410465 0.0038926928904482083 0.08547938279323324 0.10383754384056153 0.0796590294774372 0.003464689239711324 0.08628466977267493 0.03329863389103096
83 0.0756853431475401 0.06864465204974135 0.07572720870653193 0.08225128331013729 0.03362056748794655 0.0567524364239476 0.04214589962048739 0.026983098180513317 0.05883707004075898 0.06106559487900039 0.06896916030252644 0.025951653665662582 0.0824019158822943 0.025416250516931613 0.010605298866904842 0.057803134165028434 0.051793311054217396 0.007704060614066652 0.03721630304815595 0.050425758037607064
84 0.0484596433049359 0.08544808056544134 0.08121873173223293 0.047216466565874006 0.0775782466651784 0.03696381345701213 0.024719001229179756 0.07328338689802173 0.074332834391648 0.07280025122647385 0.06410951574873622 0.0390449053795466 0.07212188721526329 0.029983378398463 0.03094841083191875 0.015910273678111524 0.06647572344315558 0.007306582611145378 0.014722560589868648 0.037356306067792944
85 0.030957347810613236 0.0563985742283107 0.030557383207304372 0.08145632209457107 0.058617424001521666 0.025634543019217405 0.009229856508290045 0.0410340817487653 0.025945055175265103 0.07875068318850653 0.07184079417136177 0.01767513158477073 0.05495878255298757 0.048021429931216025 0.065782498641657 0.05485252733843537 0.07927550008419794 0.036774110312458114 0.0627465663841343 0.06949138801641581
86 0.025927368064677492 0.0567685317816425 0.10180377680791636 0.029143617045041207 0.03415600643226851 0.09839944443958698 0.0037040415806070654 0.012741894945961443 0.03234675568586554 0.08978153138191212 0.07822745046996439 0.06170376035481989 0.032567468901320895 0.1003999913683932 0.04347486237400447 0.02733045058639615 0.03663435651345816 0.05754736749139801 0.012981978358377309 0.06435934541638827
87 0.050686675189685115 0.06736278941229595 0.07715072726637567 0.05810582745168428 0.06274460281619426 0.04305897636041171 0.07751559424968792 0.05357614915873479 0.059896393468631653 0.021032504973140468 0.05457540955399028 0.05147057512463969 0.017878895018128452 0.02990198085970926 0.06860688939153256 0.030542065617903496 0.06110440570102626 0.07568824166738242 0.02566043090536509 0.01344086581348065
88 0.016820163083057303 0.018371480739091287 0.001471091769709398 0.07360114027981778 0.0540005709271009 0.06498359800187035 0.025165415908162087 0.08660151648733237 0.0903856864275905 0.05715179876819982 0.07828848689078735 0.09305406445725992 0.07907702155548739 0.004451323407084255 0.08941833350872104 0.036552988243218475 0.014331308158721986 0.0007823384796964559 0.041638936194633124 0.0738527367124582
89 0.050904218767076945 0.038053211538513806 0.0651527766263271 0.04566798778630363 0.058130986054013845 0.040842868644177854 0.06220125574968639 0.04514565052323037 0.06503602048279282 0.05034932108510718 0.04223410996261033 0.04068308041723108 0.06776088481405293 0.06256591618961505 0.03945692156581777 0.0641355552778139 0.055596791821438354 0.009442126856225542 0.026940437678932748 0.06969987815903232
90 0.006198200841339766 0.06508769786824029 0.005580764507840742 0.04384741268480504 0.10017110800760065 0.049602752197497234 0.08135856050609692 0.019378460491361358 0.09205376703421432 0.009268552238525745 0.0291399828041333 0.10950265326556848 0.09701853658980959 0.03227576554322627 0.08428609306110606 0.024181323479835974 0.08983168758450803 0.021337164066688244 0.018723574590405866 0.02115594263719615
91 0.08797113041737757 0.03248921013981049 0.06119512302085554 0.047376500396946436 0.07768496273548363 0.0073615366517065 0.028726107818147287 0.06492671683442397 0.012389618691446672 0.021511266951143634 0.03871239539679916 0.07205881608763953 0.0267489372991782 0.08647135347491908 0.06656312630729769 0.033709449852157194 0.12486124510363493 0.019613608633871057 0.03741392001482234 0.05221497417233927
92 0.08056493694661067 0.044518010687201306 0.059198584530836394 0.006489498170846695 0.07690460266323422 0.06044391594765873 0.05394449805385761 0.07670907298170906 0.02761482060180256 0.01859985452591329 0.04279296050636827 0.08370237177269113 0.005040662929118239 0.08406797510319328 0.009150510582832002 0.07913366260008498 0.011482820724522107 0.05426414067720543 0.041777081950861564 0.08360001804345239
93 0.01976972426383862 0.06311316883549185 0.023166438054954632 0.06644498893248134 0.04083237172548203 0.008224071563900747 0.08219144280339606 0.08302721615982185 0.03949837145410103 0.0168477663960362 0.027761887244035322 0.058250283482799925 0.03806507974219774 0.06191969416869052 0.0781221345855342 0.01575809784377109 0.06470628141702381 0.07950191140910781 0.0722593681555325 0.06053970176180294
94 0.053574775445467356 0.08789387457265257 0.0736050996444149 0.04864266054431388 0.0489530796477032 0.0856286518252082 0.04063257809142943 0.050751775950444014 0.03828173421642636 0.035035895771115454 0.08782363906792977 0.039500666372675235 0.0546579148850937 0.010991785378619926 0.0805949953124691 0.019623485599670143 0.044997938405343704 0.02172736621109703 0.051727197329304336 0.025354885728621702
95 0.08068216945592295 0.08258041650447472 0.03459532404764636 0.0065497556700635 0.06565089308858295 0.03981562270786442 0.03971968218222162 0.09100350248017998 0.08045370801842547 0.04797491076406993 0.016930346731821276 0.002565926687586484 0.03459915568883435 0.07317458174996423 0.08678284539650176 0.05247355807435177 0.04217476655411182 0.00132639645535466 0.05588636254863906 0.06506007519338286
96 0.039005670493968324 0.0358032732781821 0.0046687281412159986 0.03141432789726773 0.10449174138447859 0.029504483260227275 0.02678199267204562 0.04701998722677641 0.030619845124634112 0.03735954667291255 0.12020489834777986 0.019759624545912954 0.04215191570618718 0.055443731497076466 0.053412448590416176 0.00925195864714586 0.00988331719809814 0.10508438716992799 0.09444086679817706 0.10369725534756964
