0 0.05436270971464295 0.05228629264716372 0.028580094366661625 0.022756720661418203 0.00877679955439023 0.05707105125606646 0.03109387549376479 0.046709468664753666 0.0658374093456632 0.03328980838981639 0.0790675209473819 0.04566752604039165 0.05706926151540428 0.07452952899311234 0.03479837695148479 0.06722015062088585 0.04677932529731193 0.05787559400439338 0.055926609307988505 0.08030187622730413
1 0.012826307090028842 0.07887306922346388 0.07932117205258524 0.025769517077647387 0.07960050166401426 0.05613147752522135 0.0652726366243713 0.02326937879119226 0.06005896541250153 0.009862602661850628 0.04969294774162014 0.06351073004062671 0.04433351508074315 0.0653798505715742 0.021517325865158185 0.07260035299984813 0.07518782158435017 0.0629059380419051 0.002558472697574008 0.051327417253723466
2 0.027195244794580742 0.01886859760892199 0.08250090319919674 0.02853116785315389 0.025490727216222375 0.09953603560577058 0.0546193971204541 0.008453951384066996 0.10293627432832404 0.10167445394064993 0.030252150480039094 0.06716524774356407 0.052534272203617394 0.015163564192698376 0.03603065366529775 0.0755273691087897 0.04886684286164859 0.016528924196738706 0.043078267133636536 0.06504595536262847
3 0.02927270004275499 0.011342992093534968 0.0647245986059853 0.06114160270396424 0.07875198062695003 0.08379994970455627 0.068602473917856 0.08358252452896982 0.03402747495585022 0.08996516190778558 0.04345103539338285 0.061552229890819786 0.060745383635887655 0.08777017497586098 0.016109536676905616 0.0073570850735736855 0.012275619595553061 0.036685782378643436 0.06530335581159784 0.003538337479567724
4 0.09729708552346902 0.04874374678087476 0.0033753470841442314 0.044408033000764846 0.08103502308540676 0.02952217157869197 0.02132992139191885 0.001165721152647603 0.020825739359352488 0.026595739899890287 0.01616884445375186 0.09881051294651859 0.1014887693813037 0.032405082614686075 0.027227726890521296 0.09651516616240301 0.05062822468295514 0.013990078045708705 0.0925542717349049 0.09591279423008608
5 0.0199011409705664 0.014043673979034796 0.009632246582888625 0.026351429295964648 0.09882973421839238 0.05546075327194383 0.017953082980563684 0.008622849768614792 0.048575091798417826 0.09806801971654755 0.04646210990471561 0.027888703409509146 0.07353169823007723 0.07513881944285576 0.019141312085891815 0.0676669631982333 0.09112401942871795 0.050676340938580804 0.062197858942307026 0.08873415183617668
6 0.01635589043411439 0.027474753947834184 0.09407863014407553 0.03122145881085715 0.08020577869295295 0.02949937649394731 0.07774622403378426 0.053682937095373855 0.014006149334590016 0.07462451070908242 0.03215875608595452 0.08704450919707425 0.0890606390863454 0.019784835494888162 0.0691245408203805 0.06496888791991116 0.051499770898625834 0.005273172103098882 0.005410918411940011 0.07677826028516906
7 0.06878982056220755 0.0766645966638816 0.04066304698436286 0.053765393001094404 0.06915492192708604 0.03472932764182188 0.04318699833203384 0.061359324544569084 0.013086634554312578 0.06720132917346068 0.037839394951720964 0.05070638122584131 0.05556453706125784 0.07775374399512204 0.04838553857715231 0.05240850903833039 0.0749221892945512 0.03181902113496095 0.024633574044770415 0.017365717291462242
8 0.027491408411745032 0.07925536967063081 0.006335178550119121 0.05504659311528488 0.010978175361215058 0.07357320980211092 0.03925554988450762 0.06847054288067252 0.011875174391828803 0.04377693040103007 0.025945492601855323 0.08588274709430628 0.027276216187218413 0.015381711145704543 0.10964244732384688 0.06074468652250071 0.01027334262554424 0.04158172404308651 0.11526115745377125 0.09195234253302097
9 0.016829424229813518 0.0071287341766583115 0.03411026909641307 0.028047363101470556 0.06306641528784816 0.10589240277184885 0.023015563664907937 0.08702033417952393 0.09716241515325018 0.0748067114641284 0.1032750492388614 0.10096492730086945 0.03663861392848284 0.011228185052388507 0.011422316798395414 0.030202216199183785 0.005379465729483262 0.007240498413930977 0.09188943525478319 0.0646796589577584
10 0.03112957923188881 0.0579926621535675 0.02485262487034884 0.06300043797607224 0.08066341732899472 0.06216170160882599 0.09557960650508306 0.0563062606308412 0.040416270463511504 0.09118143976443671 0.05196872851557181 0.03771533063641552 0.004727235595799321 0.004222335188803927 0.01510195621279236 0.004071365229129195 0.034259941942354134 0.0829525463527065 0.08761798412419766 0.07407857566865918
11 0.03326885499859641 0.03549511048725281 0.005882010214521683 0.0914394735316514 0.0656974353749202 0.02511222060201797 0.088722354479974 0.008107578022286942 0.026210432110741654 0.07871321596361656 0.015039221600429307 0.10728509164155145 0.07450267651094716 0.021786024591827133 0.08266110023088268 0.006365488443004557 0.05882878526219956 0.04623317977365439 0.029435675691086044 0.09921407046883822
12 0.08483032740097576 0.07148401746431811 0.0032216136867213633 0.03994090866532945 0.04982611350673792 0.052732529321566114 0.03197668461676227 0.06246173965970218 0.07544867805796103 0.012790685766162236 0.08460636170857982 0.052229894171165296 0.04192225287346062 0.0037893840535227993 0.001336315362133384 0.0378813032148618 0.09069459536594902 0.0717524611049759 0.05144920702099387 0.07962492697812111
13 0.07758760804099706 0.07756619923498034 0.05173093220339227 0.04525744184762311 0.047977381567347044 0.08313840280024065 0.009933060633916649 0.01248991994316954 0.0459221043870583 0.027543594952907806 0.039271556416778736 0.053890054111268994 0.046091503132717655 0.06925633635107782 0.03005966507119207 0.06908837735597205 0.03426543663753493 0.08510849159484192 0.055278554096158956 0.03854337962082404
14 0.09116369166838073 0.08542326411674825 0.007976974032381505 0.0935502644390241 0.007632570229814033 0.001993738418083097 0.070821409839555 0.031440340293057915 0.04332328666270702 0.02522844422998795 0.05422126535445748 0.0408664773507372 0.0702759281385527 0.06128127050373477 0.07739127185689372 0.03616876197577061 0.00011836174239419565 0.052678547860830316 0.06220168264628855 0.08624244864060082
15 0.08123590521844455 0.0894047467886379 0.06787257116960593 0.09101866797564129 0.03815809017992853 0.010614110442944096 0.07575759246466877 0.08815714069432445 0.0010683003356030628 0.02011426156363407 0.07943473836690335 0.04567474894062206 0.0014224867664601856 0.033515384248601676 0.039909049956250685 0.05721377301677559 0.08033301584264323 0.04571138459221484 0.03507968883015881 0.018304342605936986
16 0.07674272922867388 0.003952214810072689 0.03669857994630046 0.02397336595646264 0.011413500327434776 0.08309383243832691 0.008602411955584342 0.00853123562053525 0.06945532538752107 0.07846058654883525 0.08571613952218556 0.07181289294881689 0.012387429304241597 0.027427606928681066 0.049616332092728074 0.017983966754701267 0.07540783312951543 0.08862757469282713 0.07949723773567825 0.0905992046708775
17 0.06224787397341777 0.07235470794654744 0.07171022275541343 0.022068590705532645 0.08484612355111189 0.01402713927578492 0.08585271441225269 0.05254537104408767 0.02625622743449407 0.08148192010072591 0.08530047468051075 0.08639851041111946 0.08080209926990091 0.05259446398319625 0.0069000590786739155 0.028675190339349507 0.03537662841805319 0.01220779355676672 0.0012562191181410695 0.03709766994491971
18 0.13015654480620475 0.054167837570479424 0.09076420037857795 0.00263813513426543 0.04085364944289929 0.040381624442973905 0.08058863893619655 0.01953074687302853 0.06149223090445258 0.007153993000459724 0.06473373308357648 0.0029150211948795676 0.1030521369016137 0.03942338450462732 0.050950774052871683 0.011313089074605528 0.004366642787522643 0.0402098128986958 0.079897006749153 0.07541079726291597
19 0.08671158984130319 0.09131305694242065 0.013944613346193421 0.020249046536814135 0.037468574881299205 0.053169520043151175 0.025746805278597764 0.09165045301839615 0.019474044113965267 0.04585603137120872 0.03984754357874829 0.06160349130614963 0.052227353882089204 0.039631894563508255 0.07476797206415232 0.02193110420551409 0.06978568237265656 0.02752488072080316 0.08906778447142721 0.0380285574616016
20 0.05894084615166831 0.049663349554950297 0.004094975600828106 0.08555845676321679 0.040442682074874434 0.03407472400442799 0.08959117310799884 0.012227379252375591 0.015929191450577047 0.06517914981786391 0.10171361191916505 0.04713723929357259 0.002023570524804153 0.07607388589385744 0.04191461917460662 0.0755838804162482 0.0696124438555051 0.0123383508960582 0.05755942214124108 0.06034104810616038
21 0.03798403631763525 0.0812148526186329 0.04526552942466649 0.02300556452667311 0.048279285713460504 0.08598823250287756 0.05925461251400638 0.013311343567981165 0.05398700889735645 0.08134209977117754 0.0055483879369868745 0.051702642153403734 0.03777679848793026 0.0383972626040748 0.06731350920334077 0.005224159619485699 0.020658148074725415 0.0809462025369824 0.08226864178374121 0.0805316817448616
22 0.07351085882252387 0.009765737497799968 0.09215241301755109 0.048479138639093054 0.04054358029440339 0.0672696910426664 0.053626133007636974 0.0371458348652019 0.009136235561582157 0.06830799514290273 0.013807468406358337 0.046448200709852984 0.05020531760110139 0.017830589325752367 0.029462573598543283 0.0472525717364872 0.0792804051513477 0.09112518083777191 0.07735966026235913 0.04729041447906428
23 0.01320799835827946 0.07851296561626488 0.021139444708732733 0.010383124395231856 0.04508766543410471 0.0072027326479978835 0.0732478135008416 0.07672512261787438 0.06287565405597381 0.00666157968957233 0.03684895270049082 0.02661103326971136 0.07698920626464509 0.04700613473044341 0.07683089098721893 0.03940435079174587 0.07871149633851553 0.08539082454331783 0.08021876283882175 0.05694424651021577
24 0.09945852733240056 0.04557477604137458 0.09476601685158692 0.02200527935691205 0.044877354482292 0.029157073938615254 0.04911361367045166 0.021259355238363795 0.0025295273359411297 0.0338956530773998 0.004248152833028872 0.011277631376311582 0.10472115985546647 0.050271267206037286 0.022855733543789582 0.03760955408017383 0.049129848750838784 0.09363926434326095 0.09342422312248239 0.09018598756327237
25 0.06871239050927591 0.10342939790647734 0.09937641141362978 0.013344890226062637 0.10369697565843228 0.033316008572252385 0.12318059452407071 0.01752816277064546 0.008224631203341557 0.015226086430401615 0.06526333516493335 0.076162528609094 0.09517634980685427 0.0028027492916877406 0.014656587024054528 0.039137869597191906 0.011750509232886988 0.054303835459318946 0.04427090205338378 0.010439784546004905
26 0.0803464935680643 0.023196998500587797 0.06649656483283421 0.0003783895343660743 0.08016458512952378 0.06312207411382825 0.010836786897575675 0.06691405020656915 0.02343137002525664 0.003901812734715809 0.06188156915464252 0.059291580062093195 0.07052955677420457 0.019884910620207624 0.08923770877056053 0.07522818972164168 0.03777797400112112 0.07316343541252021 0.05488412763912701 0.039331822300559906
27 0.12063477690749286 0.04726092129332255 0.01583805594500781 0.09505130567961365 0.04353610331974038 0.06843749690758938 0.05461419972629372 0.12399375780117801 0.10147569264963067 0.01845633024216689 0.0025934937260308592 0.023338457735701073 0.023375735153116584 0.10140775251231565 0.014249233089235 0.030493192484904372 0.023864434943386022 0.03775970412577738 0.019012025294350313 0.03460733046314676
28 0.0718749486164312 0.08756837069378295 0.08204413962370648 0.053033111188553424 0.027218620664395034 0.023575312882609705 0.005651582844832527 0.08640772699208189 0.061824786408767034 0.05445071393853637 0.08201243788069257 0.0579353493541918 0.003865785581786315 0.06794780724109413 0.05183870960829555 0.04513366009063631 0.0912065416736729 0.04079621807352922 0.005368036538366797 0.00024614010403782057
29 0.08522458639822798 0.06662357346998085 0.06505761129329317 0.07510616459593576 0.0012265411777819266 0.07695849900924853 0.0477643106102426 0.08637891781460337 0.009635604497746154 0.043611499452641866 0.03758703855677847 0.03612190930430927 0.07677597999946914 0.06065112644814419 0.0597727478208551 0.04160450401482866 0.08314558069197037 0.020498691582804807 0.02198768630860496 0.004267426952532816
30 0.02026814296592143 0.03982769266331935 0.09429221796836677 0.001356703434564369 0.055577032879236085 0.08064917865479519 0.00701725870498332 0.005609460011712643 0.006511359159751991 0.07341987959912742 0.024355704446158755 0.07706165788958828 0.10560633797747525 0.012032377005946551 0.036012407679509785 0.1274101514244922 0.023452102946105613 0.12867891878643534 0.007870082541544986 0.07299133326096469
31 0.06228760404970058 0.04026104976338954 0.0903591658588645 0.046914603337532 0.032190371031162526 0.07736640807811938 0.06797268431155386 0.06178902038116709 0.005315032013040751 0.053794354009205174 0.033595792764807286 0.014395703221595653 0.002502666670062914 0.08487270337556317 0.06465282147402941 0.006000981269601103 0.049631868662178426 0.09914904685684633 0.05834440640027097 0.048603716471309386
32 0.04905127387953204 0.08334384973103576 0.04033882397734579 0.04678722499526705 0.02718601558406953 0.038406144803779 0.054340508959335544 0.021357413512066787 0.08888884117481012 0.02272830169411202 0.033041540523322685 0.08142804174603575 0.06120342675416392 0.02689051492201829 0.0025278224100078015 0.08409580077031216 0.07443916668543317 0.05572562220858959 0.049339470668971055 0.05888019499979239
33 0.03167222720992229 0.03597733587131537 0.018852122904675347 0.05471008866587272 0.016344820990006566 0.034646915533247315 0.0597230576532544 0.01615840718017924 0.05608610084230976 0.07149861772657189 0.07368821030469841 0.037666527505811974 0.07751232571688856 0.08881590137752185 0.09037950130064418 0.003687528864268951 0.03929934544136349 0.07862608518825256 0.08758783679460277 0.02706704292859214
34 0.07237772207917124 0.0872672586301095 0.09726497838120364 0.08011991679681167 0.051013421138729524 0.04537544408695161 0.010141564896151705 0.0657537914332959 0.013768222851692895 0.04230506696715236 0.04670062364463674 0.07002447313669463 0.07381130927315996 0.003008668331184657 0.018206809857946846 0.01474113676142751 0.01436741733430609 0.03488226981819837 0.09494386819118282 0.06392603638999249
35 0.0955290180804944 0.021595420486597367 0.08455749395172774 0.05828669705116419 0.09583742949069982 0.04938780743552801 0.03222592085003154 0.021315109836128377 0.10069682117652932 0.0491960529332185 0.036151538431396534 0.031110310676052133 0.08046707321623302 0.04484231297383263 0.05437069222761253 0.07006013620451311 0.03125573696508614 0.028187635315786143 0.0036478803840802867 0.011278912313287993
36 0.07887252343001999 0.07650374061991264 0.020481943836701405 0.03964704771059714 0.09229357861710354 0.08754859962218234 0.0384744342913531 0.006055911083040479 0.06941699169771579 0.017220911739962725 0.0014458108946107913 0.08017948630702575 0.005792105582653123 0.055221396382203816 0.047659704186257264 0.07802626028993977 0.08958693676431854 0.03738328605254052 0.056295268675801945 0.021894062216059194
37 0.07509116403506075 0.09228822051388927 0.060805993739699464 0.009451007899940618 0.045783890425972515 0.0016518929168007983 0.03998245927736771 0.057544580368546795 0.03744321551911723 0.02529612487553563 0.054151182307399175 0.00776877760740126 0.08604963907652408 0.0846857419604158 0.039246366341093186 0.09398810221117673 0.059842413565733554 0.049461139850738106 0.023336160353077333 0.056131927154510056
38 0.07946261569591932 0.015216563184324166 0.07807477674324668 0.015619070414668456 0.07501864121465275 0.05421090714450924 0.026762043802591486 0.016356091230653902 0.010420997819483857 0.046827289300321234 0.03347819088969444 0.012785029489612881 0.07226006547684535 0.07301032623069262 0.0818989973956132 0.0733686681843937 0.04679854597763888 0.06494103330311805 0.0886131861071936 0.03487696039482621
39 0.08065141709724334 0.03787767062750326 0.08078551211969986 0.021292576027485535 0.07494368106117272 0.0033644503318472625 0.018903671351954504 0.04662500766532168 0.0037914979969520474 0.05273688545077426 0.06660674243981919 0.060981162215292296 0.04188076006801164 0.08452200468659381 0.09312665757812533 0.03043714737793179 0.1001025404249328 0.0156639870330704 0.0009970015684239095 0.08470962687784425
40 0.00904494145027856 0.035619011345976906 0.03356239735840996 0.03879125843916285 0.0744321406938055 0.0740033612123048 0.02926497094601282 0.027492033713547363 0.03968205755623798 0.06733461980791718 0.051931726116157595 0.05100060222986064 0.04273197278166364 0.0794984393399259 0.02997841592572553 0.0763827202208161 0.05828206681415211 0.06375109541046715 0.08041909674832119 0.03679707188925623
41 0.06770305015181093 0.033574117423314606 0.043820239365154716 0.05481732276882873 0.04941836477408474 0.028388920495604385 0.08783754521218384 0.031875602527391814 0.05371335907936843 0.08372071912887141 0.06318227442772877 0.010514342600254616 0.07174977272589055 0.04678839222824939 0.007348383620775502 0.06960985922538733 0.04334550956643869 0.07231294471693375 0.06634978359892499 0.013929496362802704
42 0.02626839510230767 0.0006595646670380323 0.08950474182166902 0.0284314377038633 0.06317707238848665 0.023317894240285977 0.06306040357676147 0.006756636358573914 0.08727204554836102 0.0118111779326403 0.04694745786347085 0.0006537306297225386 0.04111356519695898 0.08888733381450964 0.08982677678775124 0.05161357566288558 0.09359332918332827 0.057309626075819964 0.09151053160007569 0.03828470384549001
43 0.07056771331886455 0.009246545768255926 0.06631342805659787 0.07088743717721892 0.06615732745744465 0.06842935412454969 0.010018065587230673 0.024784111032994452 0.00250342410447849 0.013216167428262548 0.10467775277490249 0.0971436803865453 0.0419016049539209 0.0574316494580688 0.0827259408325231 0.08970321538760986 0.011574909973035223 0.02889006346034127 0.04204034571815312 0.04178726299900211
44 0.013757539207459202 0.05455244996240149 0.09869556246927515 0.06760483642276648 0.026223264462766613 0.06118115371388407 0.008079791554455311 0.04605648200005855 0.1078840948995237 0.0014430131591626092 0.07464335113997117 0.07637241402136369 0.040949548506449995 0.06100525012351178 0.02156283080860887 0.03197626168549341 0.07224977170385147 0.09176232289184809 0.021127995565271472 0.022872065701876675
45 0.06085621436793204 0.017589480890271042 0.07652516650003889 0.06813252932323173 0.07785969520493911 0.06523413769995155 0.05955303324808947 0.043560945112184474 0.07430644554803263 0.009731356753378778 0.04856000832827015 0.04508932254484786 0.024700045612191933 0.06400741040870415 0.03788894950598292 0.0055129615714620975 0.04840262728279638 0.0644668268573055 0.05459734278310406 0.053425500457285245
46 0.10079849968039935 0.12136988569259181 0.04278906832236755 0.021474519178624692 0.009307505601467394 0.09602132132921545 0.011484837659958039 0.01859831454017892 0.08385033806975821 0.039014803142177604 0.02293002250285238 0.0030956037301078745 0.03413719969636517 0.06676949428361915 0.0047625303048312575 0.04418257800240228 0.09731574671569805 0.029364548761768753 0.12116399113824426 0.031569191647371854
47 0.06804308700174405 0.08689273213718751 0.08437493650061924 0.052067836912797254 0.006956907139493256 0.08553799141619453 0.09207481135953703 0.023546030534777836 0.03958305557663424 0.08511577539364643 0.09075540109397275 0.020730404413312104 0.02834425904720171 0.018059111792511854 0.029265724039987926 0.061057083813120236 0.014812160441775643 0.011698408085432765 0.08427694133071557 0.01680734196933812
48 0.03516655203469499 0.07785650549082315 0.07430194898381046 0.07467110594720647 0.07598069232414885 0.05901289611394547 0.02598919302853929 0.08825538989864697 0.04050862352457615 0.06951349761730931 0.010898896519973618 0.042313340046116255 0.04908036559957833 0.011501333483095162 0.08399643426422225 0.02265748766564033 0.010326461919910462 0.04532026744197379 0.027815247035520137 0.07483376106026855
49 0.06042634842941961 0.017286086975424535 0.048401455294627534 0.0808116047855169 0.028819182159740348 0.0692473521115978 0.03433184864106346 0.09299406836485916 0.09792641431475436 0.027266711922916263 0.03504139915721341 0.05272801914105163 0.04381488173958038 0.023738389669322877 0.07387894267162827 0.03149274066182134 0.03447828238777778 0.07158809729644525 0.07419936354423429 0.0015288107310046013
50 0.0915726592794734 0.040938547835141205 0.0007917683925919944 0.04874850647288129 0.124025321727713 0.01674388273275601 0.039992272423398145 0.10612175696604727 0.030624201619235552 0.11554714596176034 0.10509373779559929 0.028335753822700944 0.05717232188664216 0.00044213816251908496 0.005629950289821118 0.037043313820089956 0.009957749458501903 0.015111458747845856 0.08665461697888055 0.03945289562640104
51 0.062255809219183424 0.039527793020448294 0.05057440338535714 0.05593046288994651 0.009837379596513192 0.029952495980618155 0.028315101304977934 0.0958952693924156 0.026828260666894733 0.03512656723358684 0.09378880254036204 0.002109814998827355 0.012820124021310228 0.05372331997140818 0.07400675074557875 0.013256698356204173 0.060709976477397926 0.08406510908565126 0.07437372020281093 0.09690214091050725
52 0.011985649215750469 0.06883057160238602 0.09869572050479629 0.06713805695583916 0.0660566490501675 0.08636722777064185 0.07561983264188257 0.05096862663013752 0.01024280964963745 0.0937232438579979 0.018251606362971125 0.005574336099674104 0.05458286081504784 0.06594847342670607 0.07005877987223925 0.04501735745326694 0.08428606452137884 0.009706282706121111 0.003144259860530843 0.013801591002827206
53 0.015814316266207395 0.05631046945278671 0.017231749425332902 0.05501186158154989 0.03155644442169687 0.06362812205433199 0.02565728921285667 0.047450868402504995 0.024277978567629768 0.07122546468623771 0.030485375579758802 0.0902840923711835 0.05732449662542088 0.08547021420592638 0.04719653197088332 0.06046364070729018 0.06241799880839624 0.0010752445310349982 0.09116452344468942 0.06595331768428124
54 0.04811725105564681 0.10638276957045506 0.10704718653298054 0.013245055355551658 0.0023519294504889304 0.03655390626825118 0.0970929615510552 0.066423007955763 0.08342571787580402 0.0038356216627074002 0.027625957471596317 0.0318447199971966 0.11781778397138384 0.038163396546403716 0.028214770270420086 0.06921025916055358 0.020878500888564945 0.033727249470441666 0.02114013888110558 0.046901816063629836
55 0.09537902023566266 0.06790243337448586 0.09376614003973097 0.09379325644580377 0.011114439384794065 0.07221977576670298 0.00305616309138949 0.011973394772164608 0.002848376265084703 0.06493287994432591 0.02469716487431442 0.06628543527194185 0.01637324108730406 0.07632768418425764 0.008496011469497602 0.0654044353860083 0.0718241736855958 0.06117163718847039 0.08638779885262027 0.006046538679844662
56 0.08351318027002372 0.03923774578659528 0.05835632507027559 0.038046800915711776 0.07621118879943264 0.028176300983595127 0.10972778312132545 0.01404375685702889 0.038934551444509 0.055655779908095906 0.022954982348629093 0.10214873316050839 0.07073233001632327 0.06635144323332848 0.07374956767514068 0.009974162660360074 0.03675723748229319 0.003919124033979688 0.006154465493991267 0.06535454073885218
57 0.09857426513783032 0.02931553472014086 0.06998181371708125 0.018856334825083525 0.057472274988627704 0.030192283158024455 0.0015934679902720901 0.08755011327267402 0.08403339588404277 0.04229590134422546 0.029630660564608866 0.09175841200367481 0.05731036041418311 0.012035502588011766 0.019144056479525644 0.06187987290963478 0.05865254261036758 0.097899182808343 0.00247564542183214 0.04934837916181568
58 0.0919680329890486 0.09936022438339849 0.045091727562829066 0.042191600753430356 0.0006200426028297088 0.015566358991641546 0.07893078018699602 0.0656516150218193 0.006977004408011589 0.08281380378756649 0.08099230361208856 0.03809344346763424 0.08302619447512366 0.03738998720899198 0.051891762916214 0.052414676783492056 0.053743823503236095 0.013593326733310953 0.005193203561829479 0.05449008705050784
59 0.044783858070186935 0.04714421024728835 0.07216790273396329 0.03173968432942749 0.035055826249013156 0.0375176045228263 0.05982337269579653 0.023292469786479468 0.07631220140967188 0.04104096862505378 0.06642519345925535 0.08764039904554517 0.03735509919915234 0.08878524579388271 0.07172489599434366 0.021629051835176844 0.02686638063970824 0.03131094015517457 0.008027907233936421 0.09135678797411739
60 0.06621270965475279 0.04974540652589674 0.06931396247590699 0.01077076890304874 0.025517244683430536 0.08069459630336352 0.022606936116454028 0.06822154752699548 0.08710397434852875 0.08587528216856402 0.0041331603867793346 0.04266638482196984 0.015323087652854178 0.07401000796577778 0.005448790157782106 0.0635487941955258 0.023650689903696606 0.060474913596314406 0.0732512986905296 0.07143044392182867
61 0.10398113568473394 0.09399075599602215 0.060739768724556616 0.06745162854633267 0.003330614814151943 0.027902033085446098 0.011954612492455937 0.04218974859513769 0.015461728089851766 0.03281004662830231 0.0009047165759161232 0.09718345191299492 0.053813880409551366 0.07102928744743837 0.0793218435867016 0.06515361656373189 0.08572952712835492 0.06685671479266528 0.00542889156134178 0.014765997364312689
62 0.023498799785522804 0.03415900350548714 0.03323062300883394 0.009933222350859515 0.01630051065620322 0.04509979050472289 0.08677884402918719 0.029991350611010312 0.07555733478710185 0.08687720003179342 0.013487336797557719 0.060787757159356894 0.045310787372737645 0.0797381139531152 0.013637600244517543 0.07940544143010854 0.03623714172156277 0.08175291008540334 0.07995138995555937 0.06826484200935873
63 0.013342118113131114 0.03695459462458682 0.012666659214389779 0.009746868851646186 0.054469010392705616 0.032035830178415055 0.04859185107514399 0.09067860518551946 0.12004880349516926 0.09954780619183022 0.028361894579100443 0.03160179928371433 0.1173690202477159 0.05160651570189242 0.04797966739027145 0.037220783269534326 0.025483172798106263 0.011945304651361604 0.014876902492600633 0.115472792263165
64 0.0632526475422386 0.08487632849397435 0.0743992206116684 0.026712087434178366 0.04504661558798554 0.0545904848017363 0.007693036023506173 0.0025956380948750743 0.06488400511331434 0.004417882520800222 0.02724171304350985 0.06307777430184809 0.07067742141649744 0.0698005313577678 0.058316153540448924 0.06910935645981833 0.02348605044899445 0.07845442478471386 0.025573697135401332 0.08579493128672251
65 0.05869407737080824 0.03907061574677972 0.0469740356487533 0.02688218767797585 0.10387096543031232 0.09732603267265813 0.09880536718433319 0.01472281679724454 0.08425415299634623 0.08587770923973256 0.0008356333818397851 0.027100104082047598 0.014094180732657736 0.021695737298196963 0.05106538004322998 0.011807801437381483 0.030474644211961954 0.05519550585877163 0.07913502484164822 0.05211802734732073
66 0.04434314852254763 0.04254623591148079 0.002765289197534896 0.05970194167397204 0.1034349480502923 0.07692325827525269 0.06476199842372571 0.03884116289968955 0.03724618070673861 0.08787269540225466 0.0050367555098424525 0.044139799167147525 0.04584179994903545 0.05600514033802651 0.02287121687426211 0.05489135838417172 0.10292031005049983 0.05578720973658306 0.05249393165160473 0.001575619275337604
67 0.06446889112221528 0.04490531618611985 0.07715249727623068 0.02461469710474431 0.05079145328250743 0.027186236700150107 0.02785203378813439 0.007699106906137317 0.07253708999614503 0.052798559293231226 0.05037191739076911 0.07087567820420365 0.06654867240818553 0.05685854016052826 0.06321908283146808 0.051899284121319916 0.02425455602451084 0.07695520787470404 0.045794464716752296 0.04321671461194265
68 0.06894896182284392 0.038704008699910496 0.07673935681069237 0.03324931780111565 0.03889882655446622 0.0741158134503705 0.055497539332229895 0.07716599810444057 0.05352681428294467 0.026769339542341397 0.08549370964116358 0.03683336297407605 0.04184388891543575 0.01790749405531171 0.049905109782139044 0.03457774034016313 0.00042634390110696756 0.0822293204701784 0.05238052789421474 0.054786525624854816
69 0.021239012249146528 0.03615134662856421 0.0864952017954927 0.04360680043817906 0.039353441794557194 0.03197380649008781 0.04712701324986919 0.0011818964358476347 0.007271242864539645 0.10797196996448641 0.09775274551872021 0.07222845037013974 0.07915656323832364 0.013956084049397797 0.09932394811245458 0.05067934017748453 0.05448685459989372 0.05892726204085404 0.03731622344835552 0.013800796533605844
70 0.054450836531161236 0.0789922938468717 0.014211336080136312 0.09461409532951923 0.07110647338715403 0.06294129668777039 0.05920633918927357 0.02982051628610019 0.02311107637536796 0.04350990019007332 0.0018866854198831536 0.04406218121819004 0.06091676219513389 0.010793592171358632 0.052365889314555256 0.09739973099903568 0.09995022185282242 0.047769573450996285 0.03748043442380642 0.015410765050790252
71 0.08198423750780659 0.12903969272454557 0.11332990387794198 0.010026692751206968 0.045171839319925654 0.001760781679401542 0.09659482382065201 0.05611417213541574 0.013020737019602976 0.04662111310972529 0.02900146328591417 0.058090993077504406 0.012282673840835437 0.017717418780832526 0.09515337180046406 0.014373874700224836 0.09102476142214817 0.003377335618871828 0.03135729362518837 0.05395681990179176
72 0.010632278439491912 0.05766554294937208 0.07787396015904655 0.05787593527955327 0.07074468580500219 0.04790490079888907 0.04872379324848631 0.0329785612333197 0.06701792549809214 0.04766812313185506 0.06536668166618725 0.04254736669813456 0.03238234105554054 0.021748628777507144 0.06909963559297368 0.048990752844389585 0.07056501896528772 0.006489969884300452 0.050291443979993126 0.07343245399257782
73 0.04447975564250909 0.07275732803608867 0.06789110335981734 0.019673549149047082 0.0028386156275636816 0.0632930939136287 0.060112172114812075 0.059990771666281674 0.028581747217170165 0.040254024358672806 0.06414572637685582 0.01892764523580986 0.046468460079007616 0.06978686143262583 0.0687912123850565 0.022646764486764136 0.0442098998391532 0.07096211752076138 0.07015649260842313 0.06403265894995135
74 0.0507593098150406 0.05302631180372434 0.12261652913272592 0.0031084712081835496 0.041716214847529694 0.02652804998964761 0.02595445703035673 0.053947970853854235 0.09560282431917759 0.04114296751960378 0.001137945332242117 0.009618038927505323 0.06328508354436302 0.005071233949630562 0.09852409461108345 0.01508689789585359 0.10440161323287869 0.01800975523115152 0.10864104578135646 0.061821184974091226
75 0.09222207303338455 0.02277270828719666 0.04637390467555677 0.047031175690024254 0.07106532838513563 0.062114906062916565 0.03156505363379419 0.06244679223512944 0.05752497464903591 0.037577275613265924 0.011228350717251388 0.0026834086184375125 0.026682289001899808 0.08512206957517582 0.09180744749779891 0.08806536435899706 0.05909531601537132 0.018911661731174007 0.062349088155940036 0.023360812062514377
76 0.004117289041394633 0.04205200840427753 0.07157369341735605 0.05325160179925939 0.0826163282585247 0.050264296866750324 0.03773168282912106 0.08269230023312817 0.05186563018992072 0.06807545289681538 0.052494240048207616 0.08093053790500901 0.03573032980861158 0.0692142981801482 0.022474053050127216 0.006399085164539791 0.025767182915178388 0.056559418437736174 0.039875108627145696 0.06631546192674828
77 0.022334094272878528 0.09033044243280369 0.07938796296748293 0.01807640043970511 0.08768546750828046 0.07970767678329113 0.037057343646924666 0.04044346253213889 0.09030319424721552 0.01476536533024557 0.009680689705444905 0.0805262287102128 0.015665105624188706 0.00021116717683111735 0.07410414981376885 0.0776633235890385 0.05199405707291415 0.001966152522751659 0.06393993858451376 0.06415777703936908
78 0.07511561984162965 0.08303202291809131 0.06827971504897795 0.010470013201616099 0.06631647733268282 0.026297437580244224 0.01440376986812124 0.07447346894155202 0.060926999864965505 0.034676066886348604 0.06544693352714463 0.0386126651138172 0.02903118667188976 0.08842361556355849 0.060755194507257006 0.02342139993734654 0.04759568804806523 0.03162951412931546 0.0073148465526270195 0.09377736446474927
79 0.00911801662312765 0.06476127937993029 0.05627360317077264 0.05775160427966614 0.06682967219126296 0.019094997466436548 0.033705503331355816 0.07915989070154196 0.012140824879751898 0.036660777948282174 0.06888469551504307 0.08076782364402889 0.06389905547715688 0.05132895768746457 0.04071823479479069 0.0681599175620194 0.04391497734319064 0.03850690646142419 0.08126149136868291 0.027061770174070736
80 0.04798300883192817 0.062177085342017005 0.032533785307868844 0.05864680036388463 0.08890465585012136 0.037653393553535516 0.09080924522720094 0.02461040916789092 0.05606865013087333 0.011548659591098177 0.04684435246691678 0.07121703207190139 0.028635430467646928 0.06620279401413937 0.042615112040212864 0.03902553156767432 0.09257985440305638 0.08457066967665537 0.0020850500218248164 0.015288479903552869
81 0.1141583263252557 0.024629460351076306 0.01940426764682885 0.042521848424797344 0.03798837243993456 0.06577551614386527 0.09311067790714231 0.029879144345562797 0.027063021857088868 0.07788482455906649 0.018612987360176112 0.017283232200148956 0.030473421311284665 0.08039094874564015 0.11810198439345357 0.013669391656081916 0.10711271477702677 0.02884323822572788 0.012631791070766358 0.040464830259074776
82 0.02331124306145473 0.013455628960300177 0.11362109925066688 0.024313408207458476 0.12801237688013437 0.03375553215875539 0.02045212700988117 0.0326326042187761 0.023253727671340964 0.023021965674174194 0.12709623282033805 0.13160670090098173 0.01754747575443181 0.07278732582003128 0.056017905440022414 0.02755309936361522 0.03243438328555215 0.017980110604968933 0.0668102448346057 0.014336808082510078
83 0.04661289910828941 0.07587578937298169 0.05550063464370004 0.045283495397786984 0.023532680065701965 0.07089746114117072 0.010934016938601576 0.07289317853170882 0.06561457972710713 0.0772280478647227 0.015260976570161582 0.04443277973542716 0.07009433538736058 0.07487648029093857 0.06385753535141495 0.036344552432178386 0.06575200049711107 0.02820586160298986 0.008924997297452598 0.047877698043194125
84 0.03512105091505041 0.0072642372251954385 0.08865502113237551 0.08572623897688446 0.0374618520992992 0.11361059803373941 0.020781937260806675 0.013253391943746121 0.07175076355521341 0.04014511192985133 0.0050551087672116995 0.001570269804853677 0.0652925589908532 0.056977051252147026 0.01130529482121173 0.07122183720271406 0.11241190585546466 0.005280136666919766 0.08288676477793663 0.0742288687885253
85 0.023958794299596527 0.09190810780874549 0.1047465984865404 0.0041638171579463385 0.10516546549915023 0.0038986187797912407 0.07506601136993786 0.09691404588701812 0.08013755082778215 0.005353994993650787 0.02029939689162471 0.0009361731988024929 0.005270765429884006 0.09281341318417663 0.02201409240179204 0.033457250580919196 0.03926287430557253 0.055186957766856365 0.07678715587954398 0.06265891525066893
86 0.05119362199654005 0.04664059346781543 0.05477811150217082 0.051957856489818904 0.056087052749016715 0.07669355277466645 0.06459594386520119 0.003388759542495907 0.06938937502717492 0.043256408987701826 0.08110401652229579 0.06390114111042838 0.03745356497789628 0.043582376157405386 0.016686813207022283 0.03325646443758319 0.07846207320525583 0.046105799327027 0.04088857255605852 0.04057790209642526
87 0.016018163411364524 0.0632715211145563 0.009731375088490436 0.07533481416711682 0.06901410373944054 0.10121598314614104 0.0703399612830354 0.05656442193762311 0.06891969084276146 0.05265012834426093 0.07660675840142527 0.003822099842524512 0.016132745578842023 0.06264342190536 0.059411984938705864 0.022079163780710637 0.05954634608429642 0.016026004725414413 0.05128967336849771 0.04938163829943267
88 0.0338512657212567 0.08586879183411825 0.01375655133098358 0.032945975782814725 0.06398402583429823 0.0483682308698781 0.0005867840410672204 0.07031470611160477 0.09685108448720862 0.06576338567026112 0.09568688759725359 0.06826357524256892 0.009663482369450058 0.08444603378808452 0.039368014343686863 0.0575628459186631 0.05812984642255782 0.056293454455474914 0.008163433081348374 0.01013162509742059
89 0.04833700776383666 0.04330187229050162 0.0417732460248286 0.00302865487071595 0.04034141485595247 0.01552212055224486 0.07114447809003932 0.034982062504857234 0.06374345481323779 0.07303170794583924 0.04292778430068072 0.06981207833432906 0.06548831317087173 0.04288315309288976 0.05218314375471569 0.07769650091858935 0.044157325543722585 0.07649627030410479 0.08328963310768339 0.009859777760359416
90 0.08544900488472318 0.06706502350836738 0.037590856759267835 0.029834306888315495 0.048742894492582685 0.04446497957574023 0.04582782388448339 0.020227305772827796 0.04591211035380983 0.04649016219293697 0.045208180818748195 0.05540427923166961 0.08718210442509385 0.06192518320129463 0.08538559952429077 0.0014159657840714555 0.07348685285938003 0.04637191729253896 0.017621186550847254 0.05439426199901061
91 0.05178190826090679 0.04873283276217242 0.053019472990394 0.012303023362275574 0.043611314046898476 0.06851586649474924 0.023283515400098594 0.0813987422474962 0.07052477313230993 0.04994024135405797 0.05322469739031409 0.018811932621070133 0.0426858940874296 0.021282933262788108 0.06761304546913412 0.012179917176408138 0.03236119969826435 0.07195055438003713 0.08952765226294353 0.0872504836002517
92 0.006910441176044503 0.09682688113071326 0.00956484644286687 0.009020493146787488 0.06953881493095347 0.07954913725328108 0.05834283113315477 0.00981592737873939 0.05174938255453198 0.135508007388879 0.056662782067680974 0.0014291535634917516 0.04530375081046584 0.07165428413794107 0.048996348688784434 0.040252608475451215 0.06670192477644062 0.022953939845526215 0.03318330589452787 0.08603513920373843
93 0.03263947959325367 0.07574414793771919 0.01607570982542119 0.08285161224911541 0.009675673589834332 0.09105740394323301 0.013043211580806933 0.08254330585265172 0.08447910977298252 0.04536391729776171 0.09780255778215693 0.09518024155391837 0.02714832446658414 0.05816324530281253 0.07093158562689797 0.012918344944463124 0.025709276375657848 0.04257447939998878 0.009103750545506717 0.02699462235923397
94 0.101915659917566 0.10896889646156514 0.022252239129575243 0.07985689297848743 0.019166896128558035 0.04565123685200009 0.07172732041856267 0.0030134343814827024 0.09505821672310108 0.043748630255405194 0.0484470727211329 0.05432426490211192 0.0770581984408452 0.01918058449006474 0.04847712935438442 0.022623782670422043 0.010457862692052781 0.07891410167395432 0.03299320227401602 0.016164377534711828
95 0.06995655486082598 0.007983997941614824 0.0037487921940809114 0.12605309457524724 0.06153235915969887 0.001513585406143661 0.01751292179925244 0.06636781524133523 0.0021721389493594852 0.029854152632439537 0.10060724784647469 0.096774966851961 0.023843185380560912 0.0347666559908472 0.02816772074143752 0.06291041459791448 0.11547785914707208 0.06377708842579984 0.04259993635835588 0.04437951189957839
96 0.0770389754536173 0.08449861837292232 0.06942468667517629 0.07666383117273012 0.08078419518208571 0.05785983601801949 0.026884363077485186 0.02448665004017431 0.06986068775942683 0.04236606557524223 0.0009956361155567923 0.014060806109974247 0.02338037991681433 0.0733400974128201 0.04041438141764073 0.07624346620490167 0.053933119887590336 0.03346338342977465 0.014402588798135555 0.05989823137991149
