0 0.09530653267178903 0.03515654152975146 0.06899742799589932 0.025101115301310234 0.06290025951979974 0.09345542900770863 0.017386322777736572 0.026967506435821877 0.002737203033583276 0.09255641226878603 0.08388548313213133 0.01740001433645869 0.006306940429688759 0.06958606884977617 0.09089560677191691 0.03592485860086619 0.05272141489684466 0.0001472361351008412 0.008160119844196621 0.1144075064608337
1 0.08294479423900343 0.0979258217065043 0.029207282564576557 0.04605984106542309 0.018817887167676437 0.11684878527631318 0.01728838640581996 0.001086021899519751 0.07396346827015793 0.023771173765798546 0.10749247534380457 0.04914531703588776 0.004719926265508381 0.03071238383609557 0.00286273998995355 0.06613213163710757 0.033100623383894225 0.025357883090081444 0.08101935542383788 0.09154370163303573
2 0.0034743193625348446 0.07635200601146454 0.07855200572095022 0.008375934283182484 0.07648221568926514 0.014237071831610213 0.023263914813833067 0.06676197019380901 0.04913222783054982 0.10001923302647896 0.09835923990373206 0.07554235969577622 0.050905544870456475 0.00914341138474668 0.06864347782051503 0.04873527591066798 0.050308648247715394 0.024994287111875582 0.04800724369193581 0.028709612598900407
3 0.02710694189898737 0.011841443767514535 0.06493713443299651 0.04168371529408335 0.08784553359570535 0.018247418228147967 0.07223440814686262 0.08099662951713951 0.02586543268946987 0.06716940475815625 0.08888818963587052 0.02823712815977292 0.07634845164993496 0.0226739199894076 0.02261736798963268 0.0899247015912064 0.06650375355911177 0.01963327947011282 0.05712311541452574 0.03012203021136141
4 0.07591598077078222 0.06070875360700455 0.06050651118956363 0.08550003426953644 0.08897767167054219 0.054579714483943234 0.03959375718386316 0.022577237811181178 0.03284899251691712 0.0006079960685629815 0.03054972493011855 0.038937610290223135 0.05774624419131042 0.06477250634455423 0.03251413950097484 0.06449194224720999 0.03360723280932458 0.05430098790805918 0.08384435973126013 0.0174186024750681
5 0.07277534986796312 0.03494568915045684 0.06890639754147679 0.07393103846729521 0.012786245430662924 0.06025409276665918 0.0003016310122529461 0.05488658504025184 0.011885505006487678 0.06553594971038089 0.05586052022276855 0.07320484446819304 0.03734643468047091 0.08340709199354378 0.0732857569083477 0.05496612736802182 0.025347618680259677 0.014681933652603651 0.07534537732278729 0.05034581070911611
6 0.055400698915648264 0.06493391235913912 0.06936559483780845 0.03815977241986808 0.05323258562717077 0.06527941220952826 0.06357512700735678 0.07019588547192492 0.05397359896859225 0.06521913591285064 0.035619666488998815 0.06135593782577094 0.021950709334504215 0.024551277337840998 0.008808028210758692 0.026984873126422615 0.07959558813791542 0.07105542487169625 0.015539043486199729 0.055203727450004715
7 0.06469506875980503 0.07536939163672393 0.03264737187003058 0.1036760335613849 0.0071761340971191875 0.006884053353442972 0.09794763580142275 0.09217452539284351 0.09360540554129972 0.07287976213714965 0.03825726465848824 0.027434060100061598 0.011985602375019236 0.03226877464483154 0.008204894764682698 0.03132818058095171 0.04520786760959168 0.030602599312780053 0.04563999480902667 0.08201537899334459
8 0.0033515691665160865 0.09009265443308162 0.00542164988630347 0.10321124050914536 0.03340409712141529 0.09624879704349153 0.09454637044535522 0.057264521550949785 0.013684319699040862 0.09384097581167973 0.030343959368612308 0.02112431157679042 0.0744141447954631 0.06057420696715727 0.010359407268863799 0.06707301069967161 0.006158195634912638 0.034278974205388356 0.0066445388445141125 0.09796305497164756
9 0.02839173004413958 0.09474647946552472 0.10112566018399495 0.009481500253941668 0.060460494649576334 0.061926379613891185 0.09238601819403203 0.046331208157580274 0.013224043084894872 0.0691317643558264 0.045558167320240005 0.032380058662693584 0.03656834936760147 0.02786804759556432 0.07145359150019005 0.03254833147955709 0.031163498748604766 0.008519749605426126 0.04895120157211717 0.08778372614460342
10 0.019706335566042947 0.006033802813787422 0.09143881210413779 0.03890088089466258 0.08735966895773828 0.006484525672337013 0.10097765775710567 0.10773389959467516 0.0020485351257053023 0.04463842310150167 0.06803264234836368 0.07004763048310347 0.020512207649746574 0.09365218133444721 0.06398545384636703 0.019621706014648226 0.06955234614329177 0.019996352357855327 0.02282394456608144 0.04645299366840099
11 0.06643875368128277 0.04717744826092268 0.004807226564608732 0.08440695761952673 0.043290489965895594 0.004049477807011476 0.07249230698874866 4.872085112432956e-06 0.09012016383078061 0.07910864823481671 0.0713703696396333 0.10483987156765417 0.03539648503829587 0.012232801717100622 0.0607609341855759 0.02083355456523439 0.0958062017886207 0.023518789868788543 0.041935006157429115 0.04140964043296109
12 0.03646789755726566 0.06053375807816898 0.08962755971467609 0.010506149990836903 0.09237901812668031 0.042458045019374537 0.09434744240718276 0.0015059762964659553 0.02536627018435088 0.024823411585252208 0.045590575301293124 0.08931390084783333 0.05097978171336675 0.05697953987674459 0.024912065323217436 0.05472125829929075 0.09472803086321066 0.07160440306616546 0.0031619440191738295 0.029992971729449553
13 0.08017166530825191 0.05697214897889136 0.005596731049655819 0.06599706233971259 0.05473751694987521 0.04193588357804233 0.07827509694767705 0.01726241929326721 0.029956701597867588 0.04354479619421845 0.07522126058269946 0.05894706230217686 0.06302406991347508 0.05667115539069259 0.0376561856285877 0.07552183636402396 0.05234409447129962 0.04400239271111933 0.007963709607675902 0.05419821079078988
14 0.055959928896579025 0.07365550662635094 0.03306220285668356 0.053990735521488864 0.04079613738792938 0.08408073803843226 0.02792446664879437 0.08020545869901169 0.05701643513847659 0.08145314649611678 0.026396325553186266 0.05690367606372624 0.050460681487227856 0.0065238503500405064 0.05226525249783568 0.03385770153441873 0.05958763994778823 0.07596817517156321 0.011727075542888037 0.03816486554146194
15 0.06639557788467386 0.025423591732058062 0.08627897212198858 0.10736245297940232 0.034517437827732096 0.04460150670874947 0.05204705874619531 0.07343600770643312 0.09748425404966807 0.04514649595126601 0.04896246583949208 0.0496609298565377 0.0034733214778528013 0.005793563393771263 0.05665209731761138 0.012580492075861106 0.001178004057990423 0.07188521921127843 0.053781155709493905 0.06333939535194393
16 0.03175668321448018 0.021312908938071376 0.0644072779306467 0.07379552029948645 0.06333726240850153 0.020269027174688196 0.060888033727624954 0.029152925423344894 0.07541600199421125 0.06608245206297159 0.008396170458094316 0.021344814132396042 0.06626613879618282 0.07811472559903303 0.05518360003759612 0.06044152283472482 0.011319554543219748 0.078909236030842 0.04954369907947035 0.06406244531441341
17 0.023055766142180682 0.08625377700361593 0.09165550425903217 0.027436445966107455 0.040713659686911374 0.00026914426026488427 0.06722320877894519 0.00745414814353588 0.0764112316032526 0.031928842438368604 0.10074457297788666 0.02238025643466893 0.05947530975299765 0.018383410103822204 0.04455633870476632 0.10188653976222034 0.08476686987851365 0.015648748083016258 0.05421671993438338 0.04553950608550995
18 0.05465332957697299 0.015212091008354632 0.04852183157443143 0.07917286536070607 0.07881726866435905 0.059110002043205996 0.015158573349521825 0.0453282967832451 0.0742356188833626 0.08322026414839118 0.07628700510018384 0.06642518674491096 0.008752950134094896 0.02502370874032519 0.013893855470992995 0.008532737688419969 0.08380834146921341 0.08728784028888592 0.02357631447781136 0.05298191849261069
19 0.0746292090373311 0.003258620706518845 0.03999915623235197 0.04487070506047835 0.08373886894173799 0.019239567699040287 0.05467598803618021 0.07788781538505447 0.004133520695945015 0.06290652086285858 0.08624935898025067 0.06199737318013488 0.09310735641638183 0.09804655083471213 0.019664545843112273 0.03320094970573151 0.06753252784476053 0.0009438474950013032 0.005751178529798872 0.06816633851261905
20 0.047932159089419994 0.034184467253030815 0.052984523501782226 0.04766691595792657 0.0024230539885217233 0.011582610785753617 0.10736439208974141 0.020241373341668402 0.038583672134798984 0.0846901801469921 0.00605428528103296 0.006290146151693232 0.09092147709334542 0.10611991579388735 0.05224900048395852 0.0010432601347085096 0.06013858582252145 0.08240947619561341 0.06470538855731356 0.08241511619628958
21 0.09585581584180722 0.02403966734037762 0.09707587374617214 0.013963692499022906 0.028094090555934544 0.06791524354904337 0.06425642035876247 0.09070723357058966 0.016497233490851554 0.018849090200976255 0.0620749148595019 0.09641884231658547 0.07518840049630016 0.023256196008028113 0.013146725711409901 0.04990366675810266 0.06784847685697795 0.00982259168780367 0.018011012628990568 0.0670748115227617
22 0.02511273109174855 0.048275512805368764 0.07041258167315463 0.08402885681359133 0.06977439411166132 0.03914808384096501 0.028787408876122262 0.0031178334677588347 0.04557728268389718 0.0630219111382883 0.08010972763282727 0.08170149269107359 0.033617083100226805 0.05413757897679961 0.005495662591147908 0.05493188359984674 0.08958021516267495 0.037827325945137984 0.07099046478357172 0.014351969014136972
23 0.08289463587142319 0.04618659156306426 0.08224490427463292 0.02708647084602204 0.021485413986453643 0.022702640068727034 0.03536037216909681 0.06261998103388457 0.0314953933074196 0.029200485477690337 0.09099469792160032 0.0180918067407603 0.07517233481274024 0.011088592086727805 0.0737478907715554 0.02870561545583718 0.051000166900770166 0.05266054238011515 0.06919938851461498 0.0880620758168641
24 0.04371132538203543 0.08457416401597521 0.003560070736620991 0.012318719231961229 0.06668435651121117 0.0340073837891962 0.0395732786195881 0.009652973500635653 0.053398890543022395 0.059112744790037725 0.05666523085943139 0.03892525801722908 0.0629671920556007 0.08474470673269807 0.07573594094972609 0.02737361201547665 0.07402210376120301 0.02959006122895521 0.06416717162034624 0.07921481563904939
25 0.039320027426522235 0.005792066679868484 0.02569799590133972 0.02867310241215755 0.10602755164241104 0.06394197952419288 0.11302478106588726 0.03151082015046624 0.11265589332331752 0.10037431106945299 0.09179248360252591 0.022636394819695576 0.03351080647525378 0.011166817586112952 0.04016590164302877 0.051139858332212226 0.030988650621734278 0.01872855761361177 0.06564693525384316 0.007205064856365745
26 0.06417147322373039 0.05119769071727695 0.052789422684934854 0.00879205742831916 0.062280636052659925 0.03583605016882833 0.047205744825593414 0.06064403319357754 0.0447260547067813 0.06375797506891909 0.06628473751944787 0.04764062387211451 0.06894558235331769 0.04066189920534091 0.05576932592717681 0.05276076863292274 0.019331602142966874 0.04515613114634872 0.07764182908679933 0.034406362042943464
27 0.09339170675230499 0.06868080465645679 0.05138305087649503 0.08848782506806073 0.08738277182756499 0.016228112765783773 0.05996260811364856 0.05203585783868263 0.04126565892889288 0.031177845615237565 0.04932068533352212 0.012601027850153044 0.06702556042151674 0.07160253234621666 0.07689765628612298 0.05651859486991269 0.010857613618721491 0.059335509171516254 0.005492371858219115 0.0003522058009706808
28 0.04293239824411386 0.0571568245984222 0.0561040836128182 0.011579092398650584 0.073718158174284 0.03826714092336009 0.03970933970028653 0.02166862093172583 0.02683449293754154 0.10715721557626418 0.05909860460458255 0.07591055047176182 0.06702470713009069 0.007875216279707367 0.009571046648981974 0.05431838496320734 0.06306684466942106 0.00891578089342133 0.10298616275297623 0.07610533448838258
29 0.011576379894651325 0.07203429548396788 0.05311767712741477 0.09034754571583474 0.060413784691532954 0.05067651146879352 0.07405666035437694 0.06293098508838142 0.019384539761118487 0.022397361448421582 0.030825203539928143 0.029972176733877694 0.02610046456292456 0.02511124614973563 0.09384253948000505 0.037038280547166 0.08595987842448445 0.09171398155478888 0.04050069967979025 0.021999788292805602
30 0.08578841366061159 0.02756769687703448 0.024137150548271435 0.07800883663652078 0.0017697821468866475 0.07062195738563891 0.02638903836822941 0.040981735477687596 0.05312595088224503 0.08790837242287329 0.095620910299292 0.06433129934004969 0.06372801668056365 0.009043196360483126 0.08249455164839901 0.007370274233339874 0.01183988604457116 0.0663498735623166 0.07740960203116717 0.025513455393818503
31 0.028162307699477414 0.008251037576539257 0.07666537185238693 0.05362312831685447 0.02447121433239006 0.07347978145579909 0.02764342727352774 0.005716448353666364 0.07537175291742908 0.03826887310813512 0.03895958757922119 0.11323134920047594 0.04671308935809179 0.028370620463664738 0.009842144729059582 0.1043734573709394 0.024473789957896876 0.112532704001049 0.06283441262715919 0.04701550182623679
32 0.007279099017653724 0.05205922818390319 0.08383054532603303 0.003994255977464923 0.09595302152712297 0.03367536547248447 0.10324737305156889 0.10129206426796321 0.06646718063351559 0.042960745872599425 0.02143133837460525 0.009095879375449437 0.05355083970705299 0.06232455272381877 0.06009327434281233 0.07811324935236671 0.031535638318140685 0.0230694962720662 0.06525188500949322 0.004774967193885016
33 0.05464881714126848 0.04702199744145613 0.038996952511517975 0.04182748754499789 0.008100027763949852 0.016308695592136976 0.06716534600974541 0.06155460835346316 0.040895879572695686 0.06734202374433142 0.08394079127568914 0.08902927181238286 0.0769120140196454 0.013349223020217542 0.05540321334890809 0.04567059344212563 0.021973213679911816 0.07704560138735593 0.015447886748863875 0.07736635558933677
34 0.07867694341766504 0.05417164706324672 0.025422185627941726 0.0012623290555699787 0.03310886082544079 0.02592170031016728 0.0785586572472062 0.07187730667255673 0.052473543082010694 0.025730434523599837 0.06149046409894817 0.0829038625394537 0.0039981095853673055 0.0193060797182986 0.06322754661961938 0.06670625844075942 0.05488969699080953 0.0733867232045346 0.05993976070143838 0.06694789027536595
35 0.01382462577263146 0.025011610652493233 0.016935947272064718 0.05823830717337209 0.08890421652132527 0.07701456595463203 0.06532244167288043 0.036464132521202314 0.028772696899237303 0.047366997042123764 0.03717669424869325 0.03420376614469679 0.08965811795326871 0.07713117133469463 0.09038893129141237 0.021134314423892533 0.06375022442263635 0.006110098509857417 0.03877395775137758 0.0838171824375078
36 0.067460381903118 0.03267486166416824 0.06569719278658079 0.07394748543675483 0.05173792761685259 0.03228988690433716 0.0102669334485744 0.06676792351717052 0.041592389142876406 0.037321621905992405 0.010909254873687808 0.0008362117790163078 0.098571560904858 0.00022587373699219435 0.05289202966516648 0.06002630137761604 0.10347994209677495 0.02758190162139744 0.10900506234378318 0.056715257274282255
37 0.06431961303786406 0.02640125324303155 0.031875507099626076 0.05639252355336314 0.06263167256678837 0.005018198597983605 0.06795434004397127 0.07616569522315189 0.01685427137846106 0.05080259039842411 0.09313261423895501 0.08694446586924526 0.03293734663695588 0.04291502356446916 0.035985540158558885 0.08842763132191145 0.0062645378761430025 0.00016342539487905136 0.09176912828261066 0.06304462151360653
38 0.001121870101670659 0.03884548884271208 0.024758362593973866 0.015432954674934262 0.054472102324947924 0.07526839616220031 0.061685942680899046 0.08195362610811341 0.064197813128928 0.052955635155853345 0.08218059319806542 0.0568978043446515 0.06597363944059574 0.06798773273251636 0.06512978835734339 0.047160367510039006 0.049293052199897665 0.009619747898446102 0.030995337003885733 0.05406974554032622
39 0.058228068373827324 0.07805494549037495 0.0821353295300513 0.0020096293202807097 0.04980482423855388 0.08843898430087214 0.00731419684437645 0.024106144899631782 0.031537117115880836 0.051410038296276134 0.05478896813689829 0.03324823125859687 0.03063673780472618 0.035025328827512504 0.0879333332538447 0.06388566848607038 0.05364464883736689 0.06614591155067391 0.030972714424747992 0.07067917900943671
40 0.057338540975091494 0.05233670436443877 0.05874942992617125 0.0504458736678697 0.004166974785969254 0.08515447878645753 0.0353770949306409 0.020460022885728395 0.007134021858992709 0.007230090634187537 0.10294289327977468 0.07835157413832752 0.029054202556636093 0.018677661956459857 0.08004247830476127 0.06987560808203437 0.03885891706898827 0.07826079034892036 0.08947824118503175 0.03606440026351853
41 0.01728626770914368 0.0428220007912383 0.038110544817892826 0.07601498196216946 0.026228908320391618 0.03518917695209329 0.06899971390398903 0.021632731947663488 0.038918379406109926 0.053823191328419964 0.0962517883541303 0.05967328404317204 0.0469390756934922 0.0501088085702664 0.08656489993206745 0.051634200832730834 0.06641511546015336 0.02656589167477091 0.05955723193108813 0.037263806369016786
42 0.06263785755886188 0.04880203359905537 0.022434965796098504 0.07667277919952878 0.058092198144866256 0.008556289508402674 0.030430768344820527 0.0462959504161032 0.07445296871175726 0.07593433889247489 0.020312330692911232 0.04208539603280935 0.04287217244164813 0.08219143600075016 0.024923365805846004 0.02718458406017872 0.10363567395904641 0.05625584300481258 0.08789905768323712 0.008329990146790917
43 0.07437397099766935 0.08876451128081732 0.08235258473976476 0.04513335747882757 0.08541043101122074 0.034622744356505704 0.03130304001910005 0.06830735443305996 0.03637618910291454 0.07167771325157851 0.10221192724610623 0.09046533776161719 0.019716963509174328 0.03228461717201556 0.027603941745670706 0.023892003365325154 0.01560731699419912 0.00041720060247186987 0.0023632209304754854 0.06711557400148585
44 0.044733887192159594 0.01683257431167551 0.035994184418292836 0.06549593115064908 0.09254503625619813 0.08834389407574843 0.06947945150935717 0.023156271998077408 0.10741393096530905 0.05316314584049832 0.017494565404620948 0.010420154698225149 0.04546742683449641 0.013010009196776468 0.018936737354621345 0.043083186874958476 0.010396555927984715 0.11272172394597135 0.05601228395684493 0.07529904808753447
45 0.11039216041311521 0.0685703857398455 0.047081047569004275 0.08981632769025868 0.09194161718923945 0.06351307249776762 0.007944066157101299 0.036303317046373455 0.06465105774904326 0.01753304016413117 0.008908633636765466 0.04446202675157076 0.040655621391593726 0.033579935089615924 0.02750579350426846 0.05342918905389567 0.09617532850871713 0.0051101417640502245 0.08994497916904617 0.002482258914596523
46 0.01806975194588557 0.041163056171687855 0.05756102469452356 0.05945794926954629 0.032060956339470426 0.06968724107184247 0.07168129304252428 0.06821251767078736 0.0003573266803726909 0.011723414463874746 0.07711254564517367 0.05863669172145935 0.01842870584450061 0.06508338075067646 0.07236398114224632 0.07296727717492144 0.01955906142111143 0.06827601831749523 0.0675572068817889 0.0500405997501115
47 0.07707027352761495 0.04402451638018166 0.008088189065182695 0.0857853888408622 0.08453214338481789 0.0911740264026416 0.010068331299472502 0.023412188002264415 0.010536500843057895 0.05656034719099833 0.07628886429165954 0.08574381489976357 0.047194674616360954 0.06498602723416204 0.047881444762056434 0.010524062314758439 0.023387334495058903 0.06773755593038383 0.08270618961016381 0.0022981269085385245
48 0.06593696429873637 0.04306714179283393 0.0236338130947331 0.12164958261634946 0.04617020193982906 0.007757530534765378 0.01615193731275787 0.02476314992583086 0.043829888453694774 0.06495107507971831 0.10548213356897256 0.014270939286470346 0.012018122030490783 0.06602770409453554 0.04921468391229069 0.09944235968852469 0.01789170244122475 0.006734778744768938 0.133898989934514 0.03710730124895847
49 0.09415561182821088 0.04109644356773628 0.08330438850604757 0.026877668069579613 0.05742043729253863 0.011382819896848695 0.04821707779599766 0.05848436289263276 0.07796571251494172 0.08657322623833627 0.03000034510487346 0.0846084007253744 0.00931220528708961 0.0024950497491110714 0.09378465708194766 0.056177826199537755 0.09152304940988171 0.02955192207398806 0.0055891105518217086 0.011479685213504343
50 0.059933491443238146 0.07076669760186664 0.03201854525956348 0.059804640366598834 0.03955229838504976 0.04664400060651671 0.07482294339465244 0.05424938823636373 0.06436575722610795 0.029811644169013884 0.014075396748272757 0.05017658048948215 0.06282962956178627 0.013402496554258039 0.08138180303526159 0.08283289806447687 0.024940276294519285 0.0834675483732923 0.014016357581200583 0.04090760660847872
51 0.07135136412859695 0.022265423884138887 0.07508905382432965 0.018720385773999745 0.09379700761165463 0.05834527772081686 0.04445286388545381 0.08088931389743106 0.07377723212538828 0.00464204808823602 0.06882097686858483 0.051351418714580474 0.057478707764989395 0.04802707536907593 0.0326130671137919 0.014052014197426696 0.023035339192879922 0.07128733886555531 0.001426532647980383 0.08857755832508936
52 0.0423338453281453 0.06472678563409877 0.07571434773602502 0.06362739810158076 0.07630323059887205 0.05048945750449287 0.031650543780442346 0.05795709921812052 0.02961762336740231 0.006090923312788759 0.062247242462062834 0.04911240763969389 0.04752327398436077 0.028453891587238107 0.017190839680745706 0.015058890503562877 0.07719468991065614 0.06578589458381237 0.0729902023404546 0.06593141272544407
53 0.028415758422755923 0.042304105058286696 0.028148629827678157 0.08956912919313026 0.006612063650521609 0.028942619677539763 0.08192937793534313 0.039008919875933946 0.015500426389898247 0.09180491537845203 0.08471699688168716 0.0652012419845837 0.016867396360601153 0.02550957741933207 0.06404928652294765 0.08100823168218121 0.055484590119066174 0.04151192752232845 0.09208238038860382 0.02133242570912893
54 0.015853000576948238 0.041421839903505675 0.10614252483806262 0.004953632477296724 0.0003092308424837214 0.0861401123957175 0.08047529886785715 0.03417775990110452 0.09011618506190813 0.0830800003784802 0.025585707739333052 0.07022578213919761 0.02772042699189757 0.08709404986674174 0.06799460120436737 0.05985354995858491 0.0005814241986377912 0.0798437642925109 0.02155074974849639 0.016880358616868214
55 0.0573218700476467 0.06602316652019717 0.026156299740620094 0.016886252019959642 0.04160208479293716 0.009329338417987686 0.06998040863788867 0.04232659936652692 0.06279637459739443 0.038939824210788065 0.014717732953737388 0.09126039898574781 0.03776179482779751 0.000977560228675288 0.0693316403762964 0.09361508473284504 0.08687824016676973 0.06014831905142978 0.039729798020322914 0.07421721230443179
56 0.05143205507452417 0.05167790913404083 0.10785622043283226 0.03564790626835262 0.09060149351259732 0.008861636419563234 0.07118159416588912 0.03560310359905588 0.022715021294177396 0.07849545946026679 0.046361809163972194 0.07061859762185244 0.028425783805055612 0.08290835740060183 0.020361012442052726 0.05327127591628681 0.021400881913439723 0.028938167753773576 0.029998866668451144 0.06364284795321425
57 0.08383487072658334 0.010380904481251797 0.03442016919719023 0.0736839104010534 0.07623259319565127 0.06688315083662094 0.06280520317749794 0.05455332200297775 0.021272021613961238 0.050575065290433506 0.07943025491544332 0.05684333217735503 0.03199244447947013 0.06171273365340818 0.0786450512878202 0.008157825338778136 0.047294505964074786 0.02691545049369768 0.06127009008551671 0.013097100681214292
58 0.04944162592030603 0.0018914052238667453 0.08190932810016571 0.028660887382824025 0.0920216079681148 0.02298193714060984 0.0618355314459741 0.051908069537709496 0.016323978991697363 0.021448866233420363 0.07494107789452083 0.08635487336988745 0.05706271234102963 0.06799343918288907 0.05442835557723268 0.06007500168024699 0.06274189929124166 0.054376344703312915 0.01004179881712898 0.04356125919782115
59 0.05592619036957763 0.11037689571509493 0.019485496759499562 0.07031507972553215 0.03196420539402567 0.04647383635559991 0.06428818935067786 0.003291454364474832 0.04574771864402411 0.10591221680962681 0.11284980031718632 0.02465492422274322 0.06417157223981905 0.028867980740538257 0.052927754455327866 0.052605068544459774 0.03654984761395487 0.01232903338018069 0.051754323262893774 0.009508411734762691
60 0.06928077936512546 0.05738324590789051 0.03311037268529217 0.06987425804919609 0.07018775288954329 0.043372476756128896 0.0077467870015087105 0.0003580592566044261 0.06060185799519977 0.011114298776417276 0.05119201862404225 0.0429440897678221 0.05697880956671429 0.07604841465891148 0.07088426439354702 0.07332610434393895 0.021579310970489214 0.06892181026484051 0.04427775853251362 0.07081753019427392
61 0.08930760563817465 0.005233426693727582 0.03845520233476982 0.03184730862985723 0.00562472455152183 0.03418946215181975 0.033238458586882264 0.030990747415562767 0.009351594545095609 0.023696349632877506 0.07898248174545473 0.08974183371734049 0.10885046566124616 0.04468861039407275 0.1069834075620986 0.08652004346016498 0.03693231105527437 0.05985909691257772 0.017051599883202047 0.06845526942827913
62 0.08638750197617212 0.013314540335325177 0.01134728031690435 0.03836132806588993 0.05869645441960247 0.08380149971169272 0.00795798787957848 0.06612354767509551 0.08085997226915828 0.07482571278317601 0.06978041657081144 0.04523010741566665 0.034252685553163326 0.0299534565653399 0.06314286211626899 0.06467944543776542 0.07696470506085816 0.054953256487457414 0.01361761837349401 0.025749620986579513
63 0.07766961894333292 0.027044774625915424 0.027242506696402345 1.7476670025366654e-06 0.02248490882125733 0.09474888918341928 0.07907295162820784 0.05125646170682862 0.041253281124156514 0.01837003742052624 0.09747119680406419 0.08505507423287328 0.04312459236620397 0.025053772520546292 0.0006130106888128689 0.07196857338761325 0.038054587375047286 0.023621134203154412 0.07799970272057649 0.09789317788405906
64 0.03413684681087195 0.07959846017260074 0.07004554819150834 0.06861191717933632 0.03437858967649981 0.06883235344437169 0.08854872013704705 0.05123148716319355 0.04020209381098838 0.06329053422390296 0.06785230064654407 0.007834656364233519 0.04063853384262818 0.03140288925272136 0.0656607939052719 0.05137216631470577 0.01381711443414795 0.02881942747926068 0.01892860811435222 0.07479695883581364
65 0.04748306658605092 0.08807392288576596 0.02864322611478987 0.06577737036713045 0.06333422292057313 0.04918629406411797 0.013451472371904905 0.0012912945220790624 0.07591382981216185 0.05920090536999407 0.09020527563227565 0.03427292114379149 0.028993969326913078 0.0749325881529533 0.01958865957338859 0.08161046577535169 0.07582020198066877 0.003571073748941586 0.04685860196849102 0.051790637682656834
66 0.054508715574387245 0.07227921973734108 0.011092065667577568 0.0683896410720186 0.012383469236842179 0.03137495039741909 0.07362248049105871 0.1035614679738478 0.02221358141283611 0.09789580311947692 0.013506344608613868 0.00020623665741253285 0.08210782344607875 0.016247931639633496 0.05448362646966423 0.08620700284638175 0.059575580483847666 0.03572214063998929 0.0384519680993573 0.06616995042621589
67 0.05762623450388052 0.061260799073985246 0.010118296920019256 0.015427285655954127 0.0022147216984978266 0.017544263317933035 0.039525768288884315 0.09649009486222283 0.08774924404524154 0.07072079683518148 0.08312445847655771 0.07356321182823208 0.004697263904378285 0.05527961485360289 0.06546895623977395 0.05957242561491079 0.046303386856701774 0.04955618403948199 0.029085675057824396 0.07467131792673588
68 0.005009897967083939 0.06505899837740664 0.04458821644314279 0.01276911137099098 0.07328605152544264 0.07368043713293766 0.07267869065175671 0.020494490427723284 0.08308456690535264 0.08114673430623824 0.01264088709690774 0.08470437493443195 0.005467724554355212 0.07201282413036637 0.03660009024926937 0.04496971950427014 0.007896500728015968 0.07386282083305641 0.02487874467351994 0.10516911818773118
69 0.00589608841975377 0.08216466916991236 0.021557664519559983 0.06396063869180527 0.08736653640660275 0.08783515576390626 0.08883768161830848 0.0344089914245167 0.029591199674133272 0.05389203588553442 0.009906188857835504 0.07327478773706798 0.029954545770176148 0.06985010384920462 0.027593379872184572 0.08285124694689196 0.024849372983137094 0.04887765196105065 0.0225229435370777 0.05480911691134038
70 0.04620078256491625 0.020803593624944054 0.005424518129646094 0.05615973660970867 0.07858377963805599 0.08028171810778083 0.047009517751057474 0.0667187307847255 0.06636780960859386 0.052100601045107955 0.054766946104348596 0.00838282975509973 0.02970007841077851 0.01613133745345989 0.09159735189843841 0.019603924740489685 0.039836752205627574 0.04823819963882824 0.06966537863435504 0.10242641329403751
71 0.010623549721442853 0.022611381973859864 0.061004011187991876 0.01060405208411535 0.015663011997876484 0.045814488199584606 0.0938824107227622 0.029311537673839632 0.02725412635441199 0.05528591435621682 0.028975860289191243 0.03569067126180553 0.0940498554302331 0.07239324043764872 0.06915140219749369 0.08783341575052005 0.0625721954621411 0.0794738560716776 0.08116758774465464 0.016637431082532548
72 0.08179800738153789 0.02415377449228213 0.08935578507498596 0.059291860352322874 0.04905292152068259 0.056362699811347464 0.0010692454852313429 0.03508421234596492 0.05863133612840334 0.023597226006238547 0.04188828812819101 0.081128234627541 0.042503058325838665 0.015365006228691917 0.0416094299291172 0.06308679331466235 0.039558121260333146 0.06482520455574516 0.050323891902081544 0.08131490312880114
73 0.07543688262636758 0.006149619217909813 0.024723446287289882 0.09337333592348585 0.06710798803681804 0.09481189050297206 0.09529163461910141 0.07398596536111132 0.007798173330842188 0.0021156655923756464 0.039510622411674454 0.08889764707148928 0.045957251795328426 0.023797553074851163 0.06291762010968732 0.036804736933216155 0.04241282398442047 0.03875631126001332 0.06157047085434633 0.01858036100669938
74 0.038764844785276004 0.014749050936922489 0.07489802374415792 0.07037979445150673 0.08841856161015099 0.0006001147463897235 0.07885102570264686 0.011242663697186656 0.026047846278558016 0.01330043166977484 0.008947975383627519 0.08225681550023631 0.06617465772456535 0.08428693300387499 0.02300173760210967 0.05973431174787818 0.0638132715692104 0.04159226411608711 0.07842711758030152 0.07451255814953885
75 0.04136086205715154 0.0743239775947457 0.023410449007985647 0.07579361881409814 0.07580949248726057 0.07325886780010467 0.04417146633112453 0.05346368738173791 0.04765800548584625 0.031683373288144974 0.055706112226251644 0.05578084815485857 0.07074314128149253 0.020990609228272242 0.031417154321245186 0.06577249604658 0.028323631697958426 0.044813128930706256 0.059275660220572554 0.02624341764386244
76 0.01961979866042663 0.09888424996626712 0.041145260406650355 0.010229995945403015 0.05953223539151535 0.0596374266241118 0.0468931737781042 0.058326483533063585 0.023628316101901702 0.04328007901560087 0.09192181675606677 0.030481976464479078 0.030529044221797225 0.07344570983026225 0.007865215777764114 0.014919964945444652 0.10661554115633176 0.015010654597524643 0.06490188742924946 0.10313116939803559
77 0.028028451291525005 0.08189288516163337 0.06669000342022575 0.0016601388122114275 0.08106960252665708 0.02771222235267446 0.03516896611168773 0.008610753116668122 0.07493608985200619 0.09480575469114703 0.05257467062611976 0.020758169470128766 0.07407446144037297 0.050773432937747005 0.06326195107546753 0.07147705861166792 0.013360094147988683 0.06076154903809853 0.02858023623518566 0.06380350908078702
78 0.053420826616999095 0.06295991141385683 0.06579072171847254 0.049137903086262216 0.061507387968572975 0.08170169044685105 0.08635091013365757 0.022801202084350793 0.08606786749025538 0.0037867918788411586 0.0037809058607315644 0.07705921500235564 0.018336152902507383 0.08016148632178409 0.0678830757229447 0.04298684321211443 0.01218942199405362 0.025487182606382962 0.050439829312280894 0.048150674226725226
79 0.015096938615338566 0.010429811379313307 0.07059051634192288 0.03222789944118033 0.06031942894801081 0.029026974032846032 0.021587425275082166 0.09484968455596805 0.10040065660184873 0.05613827757792998 0.08754702656329579 0.0620168166184184 0.095885495294802 0.07307034359708975 0.017980740961331548 0.06894120324347536 0.0014576041449289958 0.07240508652200808 0.0234752920730165 0.0065527782121926875
80 0.037823399297820554 0.015589641673911924 0.011202334011805277 0.08383644552953999 0.059314794240906 0.04299752672500093 0.02374531675437925 0.01925382024432448 0.07967675246252313 0.07417311916653199 0.048075052566605145 0.0744949185786901 0.0056942920539935086 0.030431537270928448 0.07983580873165155 0.0778181978509078 0.07747991270356647 0.0578165208959818 0.02542041837408026 0.07532019086685136
81 0.0830641437412889 0.027158167787663764 0.008679311963785493 0.036838824905529845 0.09530864119630325 0.01989842306908923 0.08930298043364085 0.020348575588939054 0.08297368612026086 0.08832280005918515 0.053181982485898026 0.03131451222690046 0.029626156340765628 0.0751488928390908 0.08262984661954396 0.049589809329619754 0.02493558595271253 0.04609624587081076 0.032164733677122845 0.02341667979184872
82 0.05742760977727307 0.04707782112233864 0.07890713669014347 0.05533026699803645 0.08146954462318681 0.054505720796579754 0.09147665427210215 0.008625650023209277 0.01513596510047318 0.06664842202865724 0.005740532927455347 0.0298047589783705 0.08731065879949092 0.017548554621501743 0.05195021110243319 0.0721688148057263 0.07681818623130725 0.009392428953976614 0.007427422452474734 0.08523363969526337
83 0.07416827228772797 0.08579193928910461 0.010695974902825908 0.04269017974746111 0.045889496150576636 0.08750374464999594 0.05282016381825536 0.008139933551822518 0.04873397324740286 0.05356123857341919 0.013673059062708942 0.04132660479372777 0.011750676956670819 0.07958684953419333 0.006565670300755691 0.06545974649638069 0.08148288114413611 0.033648213361508514 0.0680906148446079 0.08842076728671817
84 0.0063162926467151175 0.07718721425039592 0.059283824055860065 0.05627726226798682 0.058622539357724615 0.029079453984845603 0.06934665804693951 0.0260811199760754 0.05678258388428406 0.07480915917753382 0.09077060364656721 0.042532919167271296 0.020078782687303127 0.06593858490777023 0.05310308749505038 0.04027975850624343 0.07448224443337577 0.08821603463962599 0.0019250253807203779 0.008886851487711189
85 0.06365823019138987 0.03299928649460434 0.03906000270431773 0.043815982360827524 0.025693190135512137 0.07682576518844604 0.007125704434012615 0.06877340628365379 0.0610378833490319 0.04370830025492463 0.06688605996268251 0.004485811877074229 0.07697798008405314 0.07938867494118307 0.06978022755523075 0.05697867213523376 0.06281270907013102 0.02448406658928105 0.031054943691188858 0.06445310269722102
86 0.023202523314238162 0.018156055861559776 0.06499001592488497 0.0649521972357396 0.10028839664064379 0.04931113211274403 0.04330518945195882 0.031370364828435755 0.013949527751213506 0.03598683116630959 0.09799720237554577 0.05093909664159587 0.019889893053674928 0.0132946319122737 0.061052738757347236 0.06318073623552377 0.040286862824546264 0.02379496547078493 0.08914480224723673 0.09490683619374284
87 0.09127678496173428 0.0607968444928833 0.001057866367291402 0.016778921497502253 0.00588632399424664 0.07291353876864053 0.08870875193563302 0.07265552209046344 0.036574223640201346 0.009853844818837703 0.0815619128836249 0.01772568977921696 0.011870403031146991 0.10795265002606114 0.04074662302186351 0.012915421467573403 0.08101608848683355 0.10761779841642702 0.07821478125403206 0.003876009065786643
88 0.13075271078635148 0.10003838675274766 0.03347170806288286 0.0032831896787927283 0.022678342687839956 0.061826271603909945 0.051099162541692895 0.017274649294218302 0.01558039074791673 0.042331235218913285 0.08630404747856067 0.10328778665887899 0.01535795065614395 0.1298329726079512 0.02878601053542801 0.08169558601767495 0.03507206060180011 0.024882558165669463 0.005079411757315386 0.011365568145311467
89 0.022149894479338697 0.00947892331771459 0.07127864953918545 0.058204565779157155 0.03307506906552816 0.04045330207457222 0.004837988810677271 0.0864885779198421 0.05759140719827152 0.09520536991516224 0.0527026339463493 0.02182284795231547 0.041063803609495034 0.07832287789312822 0.05917032060759181 0.03227354052972299 0.09478921995858354 0.01754345471015059 0.10167862781599069 0.021868924877223007
90 0.016507645152894376 0.009161822099937664 0.06812546118727544 0.06083119456462916 0.009682299564371888 0.02750252015376402 0.00024596559648623075 0.018331100962348253 0.004199389052660854 0.098303956776179 0.037745458603681205 0.07439374743017992 0.09637365205185484 0.09228423280700138 0.08343553885474608 0.018593081817078663 0.06510292486931774 0.10339412410486716 0.0835297881591184 0.032256096191607804
91 0.10165625701551764 0.031004818043581434 0.08766498619070127 0.08578035443897013 0.045051241285722556 0.013420293775500365 0.01447079567570278 0.05330899822623745 0.03248318925294156 0.0027606856747529303 0.012274182393285654 0.07969881886346392 0.04603624197126009 0.053545471715329925 0.036079536635811774 0.05224025421640492 0.03278018336976189 0.014209270410984558 0.10674212046825093 0.09879230037581799
92 0.05935382937685368 0.0324541629271461 0.07351256079943776 0.030420212038238463 0.041899596285808534 0.040926823156256814 0.04531050549805545 0.0675325207555132 0.058066242730576284 0.04488614682163021 0.08124642824253443 0.06920632422704291 0.03588501756623989 0.0029870178648324173 0.07978046433454113 0.047344583740898914 0.003635691955423819 0.08989451713247537 0.06319229408515527 0.032465060461339464
93 0.0812209704780584 0.09056373331225535 0.08151606121738537 0.05838123232125843 0.08339174531835002 0.001686538365371685 0.001209764937916882 0.002693188656012471 0.012743277346556179 0.0470371184946839 0.08435769081984482 0.008613076419682893 0.06382287451677318 0.0907390869913389 0.05346426883009501 0.06258347608441873 0.03771446563383273 0.06026604464082541 0.03330826057983877 0.044687125035500846
94 0.06100542668485386 0.06503800320811805 0.009874336027403138 0.010640978507933182 0.09137047966953687 0.003682159054227747 0.04811565842344379 0.08837152823201246 0.04543221329898265 0.0665482706240368 0.043321995187857044 0.00013203457392755487 0.05132278765661136 0.05511822681238838 0.06663450151489309 0.08526168205267134 0.08110299678134705 0.06334596680741297 0.018245144303491303 0.045435610578851315
95 0.07754192375395062 0.00695509566240576 0.041571304024959906 0.05967108000659261 0.07832849619941284 0.03662637714219992 0.00651863026944841 0.008527167670564297 0.019359985841120912 0.019421941915061657 0.026017471867877385 0.022041438797833657 0.09532270509475319 0.10013212862452592 0.11454550456748462 0.08923517926749194 0.09360156745326496 0.015301601584337396 0.016954968542159526 0.07232543171455451
96 0.06880434138651646 0.019530979852056898 0.0008793922584064112 0.06101720542329488 0.06741534887654144 0.06837778196375235 0.025091780247757184 0.015608552580766832 0.01795109167116906 0.028241824677873433 0.1000687668616317 0.014233763789686472 0.0020703963968104126 0.10948656270182468 0.07459715721045677 0.041651876312450986 0.10769324234058945 0.059864402075850955 0.026428312855933323 0.09098722051663018
