0 0.042200805257821744 0.017691874776553405 0.015201133781214194 0.0590029495769549 0.08890790508478835 0.05140208061495701 0.08178411833424432 0.06895816509135508 0.07862445408499925 0.08529211975313392 0.047287210286624644 0.0009640240787249484 0.08160686909220444 0.0020856853268675295 0.021031928087147645 0.035052564503483666 0.037502615634448545 0.03773340908358299 0.05587802041393776 0.09179206713695572
1 0.021698695470302242 0.09864130408353347 0.0937616308351936 0.09664907893279875 0.004481656035680853 0.07842665772423457 0.10095784311449348 0.0001679303263653074 0.003999736305256613 0.023811614488019512 0.043967556788839526 0.07283705840151752 0.06619048607018276 0.04737870422711271 0.08836347504798471 0.034786813949984674 0.084024063044631 0.004414838131781782 0.024563611343546204 0.010877245678540846
2 0.06686810419595605 0.09016086963422695 0.0962726119014786 0.08778627398847309 0.04070496399467191 0.0013021314458349091 0.06667492708689633 0.033742035762433634 0.0271607681083385 0.08683617859948739 0.08782342215748497 0.09876525973368491 0.021594372630749023 0.01759286338046841 0.01518792413645222 0.006019469301477191 0.06709633356451682 0.020105250993569346 0.06437846335680372 0.003927776026995886
3 0.11464523066974473 0.0027460249084852086 0.07233790559631285 0.06294854882507232 0.06040966402916221 0.019261556779461016 0.030570525320638205 0.082999839990102 0.00910320827138845 0.028819844117467675 0.07898856294426251 0.05041736830647062 0.0029709912758218346 0.02810189570822343 0.09524560777612183 0.08448939124416859 0.02372556445547326 0.010001784607415166 0.0927838653822157 0.04943261979199241
4 0.07206393136596591 0.03231332514239916 0.095390454373177 0.0706296702343439 0.021609209378679196 0.0801378812131624 0.08510837178135652 0.01800432049522552 0.003312433992404013 0.032307464735616256 0.05869476867241247 0.006369705412946508 0.08322335931619111 0.0773390138207289 0.01625296625603504 0.04047212057555781 0.022007841034310516 0.06422473520036699 0.0255748113885422 0.09496361561057862
5 0.052766531522046606 0.023375942980054645 0.10052845292945277 0.04959238393991694 0.03070529569135357 0.027350147458988065 0.0994138537546953 0.09808358018181128 0.016004997648404153 0.05136358015580478 0.028594861746013122 0.0675568650662437 0.0531412459042776 0.017845287009864555 0.05428293741900444 0.07928922191667914 0.024461318022556418 0.07276871706703228 0.03300645254692322 0.019868327038877344
6 0.07011355276661116 0.0898488843079937 0.08143198479634625 0.11134645908967894 0.08422573096908806 0.06384845002402949 0.030073798312998275 0.020553672108219116 0.08970373919810809 0.07237113867411762 0.03651924516731723 0.041372774621027654 0.0311980254148219 0.010093703778726142 0.022100278746743775 0.025852221807029195 0.007122642883506187 0.027158708164127066 0.03916059283796184 0.04590439633154823
7 0.05972861681153049 0.00498147898844219 0.04685224496161665 0.09180339060853134 0.0057716008860799065 0.028000981488963312 0.034292178957583325 0.0481696024651608 0.0692921237409203 0.028254097521121502 0.011273560718493437 0.09510106024213962 0.04404689926922851 0.010246135822373437 0.02200222612233219 0.07840753936584222 0.04603572235513334 0.09551426855831328 0.09287146211478149 0.08735480900141257
8 0.06267580551729614 0.08171579169574593 0.046585243303196515 0.007390485496536333 0.08782396378615345 0.05594240302164912 0.045524084635358016 0.026436358011307868 0.0015994120827392045 0.079905128625113 0.05156773299090615 0.04539927841384973 0.016588062785358234 0.08598732621258481 0.05029994862571827 0.08390269042760061 0.06084816318728218 0.06746640437316331 0.009213141227000022 0.03312857558144096
9 0.038431846519968095 0.04283488109518648 0.045514599715238205 0.04367708699969163 0.058420663311820435 0.032133767771465545 0.09297264479890568 0.04625592026281564 0.023155447542466814 0.00835416127846953 0.05985516642655192 0.028072634538029852 0.009958972687665605 0.020511233777979258 0.11982830779303957 0.044470572582923085 0.11931125203499626 0.09187493410788594 0.07301413622523721 0.00135177052966331
10 0.0022745372128390997 0.09944939909183277 0.0038525318853478464 0.039620181363463305 0.04569013482709605 0.0068396213996723245 0.10492766671290513 0.024902378283863623 0.05666941984101086 0.049051576383086055 0.010811951637237489 0.09169268372274768 0.07149862721506421 0.047456195434387276 0.020504637017443306 0.11085299598918183 0.01376576321114526 0.10328645417594878 0.032694067451394325 0.06415917714433284
11 0.013007887160092992 0.030681035081756368 0.079637533149406 0.06389960120373964 0.07063604925877309 0.03472422625659669 0.06206227292630689 0.0805450786007701 0.06208394180273505 0.05622885557538428 0.05263551845453374 0.031915819747618805 0.07966465834534107 0.032669559948873335 0.07142990549975434 0.014104339738389206 0.05093714725647371 0.02876778812088199 0.0075745149109056765 0.07679426696166727
12 0.004528833510662353 0.02695432075991131 0.09486896310791479 0.05611678858254407 0.06079804959970803 0.09467638933430002 0.017401819446187135 0.061754950263871136 0.01291477993537646 0.05495685653627289 0.06246792645210466 0.048693716864318344 0.030634561752003547 0.03540260010591764 0.07213072358396931 0.04412218597124078 0.09227732871945785 0.05071365897378537 0.07382561980021918 0.00475992670023498
13 0.10128679325436933 0.09541198824890179 0.046584155550028324 0.05005005486574745 0.02940376669922979 0.09450406360976234 0.09076751845703544 0.0007260774507451216 0.0026199476139254505 0.007685360990388347 0.0021561404518990425 0.04071556387829862 0.02675699398467169 0.05147532546719151 0.06884617484876009 0.016868289594091628 0.02831454966334013 0.042051436754848716 0.09545365963226896 0.10832213898449625
14 0.07771490524496913 0.049631328905068994 0.05718724121603037 0.05080593518285149 0.06811104586646538 0.08473996291127855 0.057291353161922715 0.045650279240801124 0.06915204870615015 0.05409089037244816 0.014803348528151293 0.014655228187860029 0.019822877645266967 0.006121524018467157 0.04121779377988103 0.021624185541395988 0.045375675371307794 0.07926089867939504 0.06679855972082237 0.0759449177194661
15 0.07295697171711564 0.053138218866141736 0.022312076105423993 0.0721960204988437 0.050768167686728385 0.03698193882969838 0.04210634090668707 0.06551714443378372 0.05169254892447403 0.026473277920467383 0.05900533880020972 0.06642968838107448 0.06260376431690194 0.04785770443600689 0.05956640878716611 0.017018151481746596 0.059794915107020605 0.07122752107680874 0.0391901138489269 0.023163687874774096
16 0.05117158937419596 0.05071394165335574 0.027680885010094285 0.07772420000527322 0.008474713450003777 0.051506815623286205 0.03678655887298031 0.08328985018010726 0.1016039317143193 0.005838897473166114 0.007617163711357209 0.06440940722763501 0.018436605194629762 0.028701716309251706 0.08918570339734544 0.050284792777702036 0.08502277364653826 0.08155788191510178 0.06300381363513992 0.01698875882851664
17 0.027190663196399463 0.00283941492058637 0.005583035182771034 0.06977612530982577 0.013976997455703659 0.08324020713207292 0.005378667837270018 0.06392696533735769 0.04847674835960084 0.06344567765002279 0.055242999311716674 0.08793305545031463 0.0643519477481766 0.05122537844953986 0.05780118393962555 0.061894179211081854 0.0360664054598816 0.06576931468761871 0.048759703741827844 0.08712132961860623
18 0.03215135437515309 9.293381613606303e-06 0.07284780935936255 0.02614372041207501 0.03238547699417137 0.0719819090617289 0.06947384512914934 0.011645243301019481 0.011780021601683607 0.022602589322290062 0.07768980443431171 0.06570134511982308 0.08381373843173422 0.06462813385239777 0.07569885165028287 0.020606997560515792 0.07591972696258639 0.06211307968820542 0.06107315689251674 0.061733902469379
19 0.019783421818762036 0.0672675123097616 0.07489215383116077 0.016744099669322835 0.02842971616361157 0.10069989582987958 0.0009526777076070478 0.06020232864380987 0.09360366681293152 0.05950185507688025 0.06652435850480003 0.027797103277829114 0.10135873901464616 0.00032051792552269194 0.05424373721846711 0.012125795718572033 0.09013898045166059 0.010189770866355837 0.08745005918269691 0.027773609975722494
20 0.021848765429314902 0.029010887850625288 0.021671959522675754 0.020937306769768384 0.09079305355138668 0.053070818992075754 0.008245070778016525 0.053673342969640825 0.013601580850854821 0.09188596667199891 0.07695646761439362 0.09198318117195739 0.039775951525722164 0.05670848209299181 0.08806269731880256 0.07830293525770445 0.010333010557568223 0.048785404220597045 0.05266657823683477 0.051686538617069996
21 0.07185112078577703 0.001263534271360587 0.07876367735205923 0.04689701571838891 0.06626169474788585 0.0971150356560899 0.002467996147153441 0.0786176031576137 0.08251766815827094 0.09974432699141997 0.029269054829469735 0.08256348257046299 0.08420706265328132 0.024616665580445 0.03323085914364734 0.010279749414930768 0.007183851087792661 0.002740901303896996 0.04562722125873491 0.05478147917131862
22 0.12506454764349648 0.045289232526658806 0.08438996532411179 0.012478777689408437 0.03281636224812805 0.03630290056114238 0.07080581238907936 0.10920053944408306 0.02132587608856575 0.00744550086845831 0.026509986147973685 0.05119382944474578 0.035672791201564656 0.027881291168554933 0.0053016808277519265 0.08230654324551814 0.07151676955649118 0.0037323909325478657 0.10019901456738943 0.05056618812432995
23 0.021048254698790476 0.08733161043501085 0.026391345457800402 0.06787906887119008 0.04191516020729845 0.006554496678116547 0.01786164012860927 0.02658115706698153 0.08398363434417408 0.04392586605774157 0.04964328381783411 0.020799240562770886 0.0416774883649393 0.024618966067722937 0.03955294944948032 0.10614949997183076 0.041003776701662886 0.09638840567422767 0.10136508580540211 0.05532906963841569
24 0.029847518729517793 0.0715344143625708 0.08107974180845734 0.013714911373776157 0.05294074073731844 0.11174191331219756 0.05584537709252113 0.010547083756633572 0.06341638784746213 0.031086058375983782 0.09423132392102332 0.11032538801226006 0.0007041523063222782 0.0745150407818612 0.014572655528588599 0.022908539417260947 0.03110371983603572 0.04734215950867898 0.05521742720734411 0.027325446084185946
25 0.04665014475778404 0.008216376528055723 0.020105612165919596 0.06595298621567881 0.03563647928105792 0.06235138904738024 0.10332540486765315 0.08150922156927579 0.00421128709468154 0.04953725664172582 0.05613625271698633 0.031165582891505547 0.052048048334566936 0.09173530170181711 0.032326226417089966 0.017942066481412423 0.008151391368139636 0.053111389599136305 0.07932295891411473 0.10056462340601818
26 0.009015274774549449 0.048422163737546375 0.07600655394250674 0.10913485501073758 0.10237151423913261 0.09937789013749297 0.0068794033363564384 0.0027683111528825485 0.01598165685803688 0.021308305359726287 0.014513949885775392 0.0806325797585118 0.04371628444726192 0.043336441032869336 0.025931438889967316 0.09248520542006455 0.07890701079696737 0.012547010334971787 0.06164017752063899 0.055023973364003526
27 0.09761545873186776 0.036139929504689444 0.025590104126656698 0.04193862146567173 0.0021852084696324446 0.03061602818583947 0.06568448314140674 0.10229068923519652 0.010107457214290074 0.09243713381757612 0.0163302853489804 0.021662199622442833 0.020237838231019656 0.024762589827943285 0.07407425371192042 0.062094748877368496 0.0610829646076002 0.08300480611516503 0.05015910846539456 0.08198609129933801
28 0.0880434404308923 0.08773981147983366 0.053464891139476056 0.03452916776252016 0.10091774645565195 0.086571724787243 0.09344000560017969 0.02021174726191888 0.04266361465341045 0.026517938287295168 0.03525500114804327 0.03334315436602267 0.05994260652926728 0.026015567193903587 0.007984556295245566 0.010802884339009692 0.010163241659692745 0.07767187347758206 0.05688393652208932 0.0478370906107226
29 0.011447523086298818 0.06692721835470054 0.09095584806070571 0.011193120028567979 0.022844071737197873 0.08144696746667733 0.05027160599281168 0.04124176256177772 0.06390014119878211 0.03592425108008489 0.03754687126663076 0.06580950702458785 0.10152193191694987 0.04790303329519704 0.10253138349490135 0.054002460795753486 0.061519809606258254 0.01180335207459824 0.006674906826664075 0.03453423413085439
30 0.06006998156985043 0.07200044156133069 0.04679531859125433 0.006197113393780179 0.01450608877256603 0.07697707885174761 0.06744237704622001 0.0806783391621796 0.019305903346814483 0.08579142168585671 0.08614640199681241 0.05533069577075044 0.02854118317604552 0.06320020252963086 0.052014075179931986 0.0028661238886145022 0.015302581038789875 0.07471270361284627 0.03277805337918453 0.0593439154457935
31 0.030290722621669767 0.10771412600379461 0.03049926063346986 0.02360007171338457 0.03030560277804229 0.07443082044520881 0.09987942498150444 0.010580961257519698 0.03516430037618542 0.0579464250362415 0.03142403516764362 0.06410462541745142 0.004072689732686916 0.028444229489109078 0.08799378728115365 0.031639769560196186 0.09251008816973168 0.010570581985047647 0.08168543180030427 0.06714304554965447
32 0.09458330355740083 0.05445948519379827 0.021531165195386316 0.07861201361592435 0.09410524743701267 0.059165837584685674 0.049843442203632335 0.06913271629566933 0.0006660543395183092 0.05166695812917292 0.07190212816061654 0.06540949582781226 0.014532048174622817 0.027722866925595332 0.057136526847374074 0.09355581538129587 0.038036467872575766 0.0016692986635351318 0.047056877748830626 0.009212250845540533
33 0.04065282417983816 0.06327789751897897 0.0030941532828914816 0.08165869515297067 0.006274152801000546 0.04735786235428059 0.08760795577323109 0.09514466188949543 0.05316530788716552 0.0073121582657742785 0.0240996919687909 0.08904603795488449 0.03218808372552899 0.05010897536109454 0.020821498057905577 0.07717033076395417 0.02927117894118569 0.058936107050810975 0.05032489715987811 0.08248752991033995
34 0.06985138440245603 0.013518445204594732 0.009057811843564224 0.05991510439362111 0.03561427929947953 0.07072281020952541 0.08058026890076089 0.08925988507876892 0.0549416698017204 0.07045556881966694 0.03407275441294433 0.09056331610814833 0.04739908171040366 0.015114935632454213 0.008474207926900833 0.0648603985972187 0.02528120692552175 0.0856123285468066 0.009340604191262179 0.06536393799418132
35 0.0025057396895936963 0.08371938801093419 0.027483936129307995 0.10763873566603167 0.00018204358863656755 0.025626869448123844 0.10489740118556763 0.09143343570198774 0.03614284456823814 0.012802579691867403 0.03614026989666067 0.014892080332808038 0.03435077427277152 0.0865886841136511 0.06846349336528534 0.06903886751011079 0.040850936060637624 0.08639753245443438 0.03533362237649304 0.035510765936858424
36 0.03712808607317687 0.07057924130162395 0.05106075346315389 0.021021653554682804 0.07013228631905118 0.07218076388357575 0.0012238067291472138 0.02601593906472461 0.06024691933750283 0.012823654264559576 0.08278639069833166 0.07635100417515982 0.04374708480758699 0.029795113386374538 0.08196386436432221 0.028297122472804172 0.07790997878412455 0.06153624881565448 0.07104146146693327 0.024158627037509747
37 0.07849943789604578 0.08034326909462075 0.02028224237514866 0.07785097728530717 0.06019904857808467 0.06648797999645774 0.07745343499347707 0.08636681198015564 0.006982775864158151 0.060853620898889835 0.04578394179980391 0.03203582880270526 0.0006512637832595282 0.050283562036875416 0.07787184846680668 0.046751494901090804 0.02436872508584503 0.015366095230019213 0.0104984940187027 0.08106914691254616
38 0.0700065063462477 0.08943143572064854 0.033514390243706164 0.08537487086619472 0.003052056204581452 0.030973409723235968 0.021880716908302244 0.029701848324823543 0.026888559732395408 0.049715696455588106 0.012338689791985696 0.06300528511673412 0.08941265933061043 0.005112834489483807 0.09179982146274245 0.019504214621507435 0.07909618752506078 0.06171920821754317 0.06885830172500519 0.06861330719360303
39 0.019774967105475858 0.06171920398580681 0.07271935780386166 0.03133606440100188 0.02591029673193701 0.05338840000689006 0.08335036633019592 0.02165038823993435 0.06519558105694634 0.03279436929586053 0.009527559585307268 0.08913182401131314 0.03193525311568482 0.09280372708112032 0.02303046077076129 0.08716615402163264 0.011091381084488745 0.0618734287592185 0.0527348898419248 0.0728663267706382
40 0.08494166232354822 0.018675865559108745 0.012785328162538202 0.023180713385982737 0.0650142336569949 0.08032959121958755 0.06115006585566911 0.031200080829204627 0.03228025297826296 0.011476754655038822 0.02260417658046487 0.07258453644025689 0.08285419918847373 0.009609568763708543 0.01846805314564334 0.08560822569600605 0.08092593588911678 0.04812936358670324 0.0807340375514742 0.07744735453221657
41 0.043781267525346224 0.025728433542306986 0.05617383613352402 0.08206896667234512 0.0761252022194408 0.02444815778762841 0.028344255086599008 0.07679312039990538 5.670466092807995e-05 0.04550605003172437 0.01808417234316028 0.08524732564594746 0.069103436106459 0.0593626552474909 0.06346983772671182 0.05949147330265883 0.05316805887530961 0.046272640082947764 0.026695457332338454 0.06007894927722744
42 0.07113249793073834 0.07175053127760857 0.010688274139147571 0.021386890104202746 0.07634173397875439 0.03807779797261452 0.04219660548969652 0.03208827221527622 0.059497772931510484 0.05453776046208947 0.054714598122918796 0.0589064086883205 0.05994342873864717 0.060068845298589635 0.05660318912382362 0.026026155061705244 0.06009061859282724 0.02804746049080496 0.06523343149022189 0.05266772789050214
43 0.007041311408045558 0.05073122757351675 0.020861413882876517 0.09450956502512106 0.06133717627058015 0.03512968446438786 0.0055417935567253175 0.06763050540980373 0.004979854035201116 0.04221737195272157 0.09602623814772081 0.06105509528602188 0.0518646323853222 0.043316248478664804 0.02782036580432409 0.0960892953902902 0.06472750468226482 0.08019628001751761 0.05482001620409417 0.03410442002479977
44 0.05175582664107853 0.08115092679532701 0.03293259501567348 0.07382490381530657 0.013796341489295257 0.048279775548434226 0.016720444127729318 0.008855173768893054 0.07861979096806161 0.07019253127558571 0.04917579585137064 0.07350898275119791 0.06986923556830349 0.06601399733044234 0.046675164132713345 0.02660569159282154 0.0754472204609984 0.0658297964755777 0.03243884441661214 0.01830696197457779
45 0.08478825898966216 0.007459831155448815 0.013308927536785083 0.022286779259537155 0.07173816635060001 0.03395672760445835 0.03217322773353767 0.03664888355603646 0.08975605128950671 0.02759030986115638 0.0659270542237486 0.09786989276907593 0.04243684976813138 0.02086834769462365 0.03693674972984958 0.06842633348747883 0.08095197217535326 0.018122373725783077 0.10538962009442554 0.04336364299480125
46 0.03622552677007801 0.03492939298997787 0.06850300832158301 0.05032276283103996 0.053975046375489416 0.03579366139198053 0.05354621217673643 0.05841756870334844 0.05950790643720968 0.057306380399902795 0.05873240750198287 0.0907916865308285 0.0899695255304235 0.07057800468207275 0.0481372766027742 0.0005050154187427003 0.02903567931320542 0.07450130478055875 0.016192934925642544 0.013028698316422737
47 0.042173032765970814 0.04575805676390399 0.053693106389419744 0.002556825512417074 0.000741082114258531 0.07915446488800855 0.04580438089653895 0.056658006592923624 0.027157569442557258 0.07277385953240643 0.08795944710176612 0.03501807903106239 0.06073486060413787 0.022132391834171195 0.06585043270477985 0.08129980444274477 0.07981976992592354 0.08973546775897079 0.005783413253863505 0.04519594844417486
48 0.05746935470490653 0.08852944902973582 0.048186942827318044 0.06649268576488811 0.009134605434493811 0.010778858784336117 0.06910015480962525 0.06669459870821925 0.06142445312661149 0.08470979656549742 0.049246121816187156 0.039195465143476244 0.045971762843548404 0.02214565463721949 0.06964757719656221 0.054292837058006214 0.03512429665245621 0.011679570230657233 0.06407170782193779 0.04610410684431751
49 0.0029802065900900896 0.05578203879180628 0.07898108339366601 0.06854929578147848 0.05628493482149457 0.03260268584438045 0.07005975714912115 0.016903119188833228 0.06611294044688605 0.02303880143597038 0.07501791612388786 0.01522765140322537 0.08701514495762881 0.06463740612891601 0.05360268517650005 0.045363270694783145 0.051697238874109167 0.04287813660131977 0.01479058494940042 0.07847510164650273
50 0.01141580440840432 0.01890581052640023 0.010924406683336609 0.05245329301870121 0.04160280515915716 0.02446500688516013 0.08789828434949644 0.07885131320898686 0.0021500162238288875 0.03334203283161776 0.053932865963164815 0.09352632081904948 0.09210701112294525 0.04175927542129327 0.021561406586699198 0.0824574897425969 0.06496364728379013 0.04717475573642163 0.059369820049193486 0.0811386339797561
51 0.03215452967535608 0.04938581012849654 0.08238858709293939 0.07329412457752946 0.06690745786131835 0.02984324316780251 0.04999358580629566 0.008783597926539728 0.06588452492855972 0.014511473824227386 0.07130159970352219 0.05321985909159444 0.00506034113207356 0.047037880267270626 0.047612481589300724 0.06791603725537779 0.03488934297104052 0.04410465710625417 0.07615560157174825 0.07955526432275295
52 0.0421359477170042 0.03921130934768929 0.11027000500161432 0.009844999780604411 0.05088926643138305 0.10945047409545491 0.046644768277423226 0.0071835901143576224 0.021037475949701945 0.11938772575272148 0.006798757917716405 0.07782632946791461 0.046772847833633405 0.03727992346211044 0.12610068878837535 0.018001065514432386 0.05619463747453062 0.00944700447467766 0.036471626934535116 0.029051555664119703
53 0.05134497022090644 0.04887684882198096 0.009135141604118172 0.06769464001603935 0.05025898819139318 0.0011736663085522372 0.08563479890127208 0.05415574637030389 0.07237259163143815 0.07654226823924971 0.05404835155291233 0.08657480831186268 0.038983832052674784 0.09974076128091361 0.023019818730584896 0.01541641530955147 0.061439381036148245 0.008146901959434185 0.041690013373637765 0.053750056087025905
54 0.04612731878719951 0.08253997013901257 0.040567989767274056 0.02734982826320145 0.047442382792444164 0.0074001858176665 0.07152744351284887 0.024513707508465227 0.0726256261262287 0.023894153490138178 0.04245054163677584 0.014519882469598362 0.07699982958836357 0.08014323385423058 0.031106130251256157 0.10250504689198087 0.01466242738524436 0.09723428935173632 0.08494198275902734 0.01144802960730736
55 0.007194888495741199 0.015792940901137736 0.10288700690364737 0.005695691656699625 0.031207609815731282 0.08935381627364292 0.04808656075588372 0.06525447961729398 0.03400171850986608 0.05329278921495406 0.07262791426823868 0.02817440526293048 0.11685650672636624 0.0334777292583233 0.014154850259454179 0.058731318094204114 0.051899713420416244 0.02866008728966369 0.12190070280113605 0.020749270474669287
56 0.020530891662333305 0.09538311921971264 0.053506494291428085 0.05419594824372021 0.036026970903443804 0.089176496189893 0.07643899847194943 0.0798878511921591 0.08360521910613986 0.00879251455633973 0.04538203605023703 0.043315358852907854 0.095917672396436 0.04110852360089425 0.0008644443950880499 0.0029152549255413982 0.024677312292406356 0.08628244612144265 0.015058717459557718 0.04693373006836958
57 0.018375957193017878 0.038093020874154476 0.0890998605647505 0.054156464527378025 0.06513843947926527 0.037407369742563874 0.08359498132716484 0.03135207204040569 0.0017589052276699455 0.047574491535265766 0.03950021161500359 0.01784439909637776 0.01798304511011872 0.03538062763214239 0.0641581179670357 0.09751925838062006 0.07451872215960968 0.0889065847369374 0.0894130279630473 0.008224442827471217
58 0.0601167401378626 0.03212519064161739 0.10444825482920597 0.027318495537211038 0.0020821153653039896 0.08744763622361398 0.00767645254733027 0.01877922073847033 0.007924018824241714 0.019101551231382286 0.03762060199933326 0.05370975507276907 0.09825073604079952 0.01795646997270343 0.0958161866792258 0.057708327491170865 0.08687681200660738 0.03581460350205765 0.08025837369776129 0.06896845746133196
59 0.020960594865746786 0.008217142768682056 0.09525698660376895 0.005979155053187291 0.07068535059988741 0.028633221277484397 0.09928582732116815 0.08029191476179968 0.003323541022077837 0.06642939325820071 0.02895855640569326 0.011869853764421649 0.023229646116754245 0.042161358082081386 0.11077631271380972 0.07320816388674857 0.07537722553011247 0.06849365616219417 0.05591954536018411 0.030942554445997247
60 0.052284880979420786 0.08315484227908256 0.028644753876111873 0.03167831687627925 0.06684549865538525 0.013856480741165886 0.10376285168780322 0.022607705292539294 0.08212334342211847 0.0895256180775144 0.0319125601145287 0.10573910905755002 0.05625380241235633 0.07445597621990929 0.012219907937511562 0.006443026674775451 0.020003351860237606 0.061635192636514145 0.03645635123002274 0.020396429969173107
61 0.0028174827104321958 0.01600938486674201 0.07727453242924286 0.04602948969126348 0.10790999813050559 0.015245852618567313 0.02051165126266365 0.11706033348923126 0.12120066001946313 0.029642077918469897 0.06942680885194273 0.046744743571778276 0.0826829656795222 0.051407578516201646 0.00846466323806816 0.06489454469572356 0.0025331985955862305 0.07928033448815117 0.04021212050890647 0.0006515787175384997
62 0.08170472917868721 0.06312092986169293 0.04151914879850538 0.07797383820757432 0.06772989404507584 0.01722806245952958 0.04656359024675274 0.08033411317369372 0.06968287787849646 0.003013035672131888 0.01528541339138055 0.01363597572447991 0.062137608556065003 0.07390547399423558 0.008423052427663487 0.0708726076504642 0.0313420106748715 0.027805408010790893 0.07887202161015157 0.06885020843775722
63 0.05284781962040987 0.04576781240379849 0.047649139313902994 0.07309535210252889 0.008756147167922383 0.09011293578075674 0.05346320051559928 0.07918740132448636 0.0010320638080670566 0.03326539216060181 0.032034128161123415 0.08477935657285736 0.06914574895164935 0.04190977748148343 0.05558421219130904 0.04989383155512338 0.012503096948077146 0.06434840325214192 0.029287168663810988 0.07533701202435014
64 0.001918753678322743 0.05204189948841471 0.09599394288597089 0.006252027052582836 0.049476808610867194 0.05652060993020958 0.053561266391723095 0.00453914006821712 0.020994997752552265 0.049237528373803616 0.0871594654553003 0.09567532675829944 0.07399961333157624 0.07362532259595826 0.05227497963614573 0.0671510755310851 0.051412106522230494 0.03842280997906305 0.04214486364595493 0.02759746231172254
65 0.06674972068340879 0.07139237647909227 0.07779244456118839 0.07127899173277213 0.027819762583778874 0.06473757133056622 0.0034065924615466567 0.02334106034400542 0.002405938362322405 0.018339735939219386 0.06958184823507936 0.05600807872805414 0.07261417917405798 0.07187472849467404 0.032480461741016035 0.06638889040186144 0.0049050005700275135 0.061979474255395135 0.08043928292266884 0.05646386099926485
66 0.09550397868974628 0.07571794960224393 0.0885946722549562 0.015308378947795897 0.005482709719789756 0.05774244773206257 0.07008197419762599 0.018203109664406483 0.04307270535328771 0.09087444401764329 0.08052942272459676 0.0862100906158211 0.025058973792861695 0.04477075509638823 0.018427103584097597 0.002775220853090826 0.07331256942537381 0.0293142308678115 0.073013591709234 0.006005671151166162
67 0.04605536757173437 0.049987311547479193 0.03840212232792611 0.025459282809145455 0.07180563251024344 0.07181677255294151 0.06822098629690504 0.07280087111169772 0.04516895719387561 0.07553739481911313 0.043727572810042026 0.07859914498152033 0.015082741519849887 0.0755401072594035 0.019722969952691235 0.017154438363202972 0.07191658108129372 0.050545260771148626 0.002124479454224173 0.06033200506556184
68 0.09276991172167469 0.09204445638661375 0.0525250312819328 0.029197455252448382 0.06507415193403036 0.0990759415563875 0.04190518356894318 0.010382891876079183 0.0075731298000374404 0.007925530684862903 0.10142091053302035 0.05881158946755167 0.035953130356206876 0.0014649725703921135 0.007087855779192357 0.03154272628615339 0.06391282853381748 0.05310060310757955 0.09498395066857238 0.053247748634503704
69 0.0445024320343134 0.04544887264581302 0.06805124698088973 0.03358853554712255 0.018050130438915162 0.06609271869502235 0.009606420257933016 0.06614348712416301 0.033463959914841315 0.005357350034087495 0.08421262022500439 0.06395948862224128 0.08179873865308766 0.02035265581781929 0.08575583744796937 0.006298529670913539 0.07591581365767786 0.04350995954633862 0.07736474590176688 0.07052645678408026
70 0.021845430104982164 0.04639662106123404 0.027543414303908356 0.028579326059020894 0.08421202392422805 0.05289136070713402 0.08448712375724945 0.021554086206049088 0.08560395158915858 0.0753478576853539 0.05404106457837875 0.07454813804262597 0.0056101454552504055 0.09143716322635861 0.07395993995887148 0.04548284489924263 0.02560066616734186 0.01581255314361729 0.08499192886933153 5.436026066283695e-05
71 0.10767055732128662 0.04635982681477364 0.003833527124967044 0.004805351446127482 0.027658394068180544 0.03174570629865296 0.03647972141874596 0.0007416093104515289 0.07792277479848689 0.023493725151206422 0.07605887262901401 0.03131684788129725 0.09088346676460113 0.10590066236716544 0.013577126547210404 0.051559426733094646 0.10921847108579635 0.06358772635784589 0.040700692019265405 0.056485513861830344
72 0.015460023186107646 0.06181068613378478 0.08618521574207637 0.09096513550779559 0.06694216816869221 0.025753206392170762 0.09456223740491518 0.01944537581562859 0.0361741937570052 0.04756954848574371 0.07501449268618612 0.05853603552172967 0.06088801392275787 0.07722300094442776 0.0023749843898976507 0.08368216205870425 0.02319149093485044 0.0021922692921187794 0.055224762126417144 0.016804997528990163
73 0.05628035937416948 0.05460597027690154 0.10880661367260169 0.06836635576674381 0.07448772620716192 0.030812340185078294 0.042915260859121576 0.02102254632447988 0.07742693228222818 0.09459585924293078 0.0016744064809075824 0.026560725715175197 0.030406004428402373 0.10695178494897571 0.009625146695612518 0.0008682859556170947 0.06410627445342218 0.08522444728856757 0.014561225991529337 0.03070173385037329
74 0.0510909928725405 0.040276474527982505 0.032699991893730726 0.004035414175938715 0.05335223530097858 0.025902202422119394 0.0528255540421347 0.06592035723007061 0.0036161327376266904 0.09280355175427615 0.030392685814805472 0.08750952723957969 0.03637839211120105 0.04533531256382959 0.05536927556609784 0.07611008523219495 0.09549113603427545 0.03221709446111527 0.06282487218717958 0.055848711832322435
75 0.045405134384018574 0.07772942989757604 0.03465692205055653 0.01950962758795027 0.0726586961444275 0.05730462614979556 0.0666114115602719 0.06090245779857634 0.05395689091785565 0.07102558185198221 0.04205171670309873 0.02092401968312616 0.06134471970665785 0.005263328339462095 0.0410992370067904 0.0538078384993647 0.04122145690328594 0.03476603135449412 0.059037221952551594 0.08072365150815794
76 0.0650880254436193 0.03472609812694639 0.033526431177036436 0.030431984695554852 0.08171820099985405 0.038320427566676134 0.059495362252982124 0.03205966076477125 0.051852111922236745 0.0489152415771091 0.04759087715809205 0.07217005883743717 0.05447731972059356 0.00779502472146328 0.031071317426683506 0.06463675851945024 0.07283531337381717 0.08042516737181021 0.041560875442736976 0.05130374290112937
77 0.04625388989805113 0.07632548592924093 0.01157202488744857 0.03524283134265053 0.03726276894957086 0.08068552369435028 0.08548582881176903 0.03853272887110975 0.009711529959333456 0.07007631783461843 0.021002480643318125 0.08653953424023277 0.051968039375710866 0.08155892602205002 0.002299653005213752 0.05485662427807332 0.07488838697636756 0.03895355716957065 0.053512104752981036 0.04327176335833909
78 0.026939131644189408 0.07750311317682493 0.07873642132041694 0.08710991881140537 0.08706389758908836 0.09435980549609149 0.03927171965178024 0.022658989919961514 0.06257303544829244 0.09707963762535227 0.0066334296090693095 0.04665010995819561 0.05034432982216591 0.016393900792610473 0.02194426152504235 0.0007304447961620608 0.09077794011444089 0.01856180562590333 0.05061791555342281 0.02405019151958395
79 0.038467139465067336 0.060483689846482835 0.049453373729097284 0.03890537843468982 0.04585761764690641 0.007070518390365901 0.06954351948241407 0.0002145982686757102 0.03370708826013662 0.04126546588548835 0.02495381626447662 0.11061750434514205 0.02859118860227775 0.07529856382915479 0.05728368192409489 0.029965065189558812 0.13924889503182514 0.04068577677980144 0.05154163896580683 0.05684547965853729
80 0.026678610271075966 0.0766281303857532 0.045679098712460335 0.034234817088216414 0.035797571418642815 0.031434308482079294 0.06059439951550141 0.008578200100517077 0.07873972137958242 0.028080137028294743 0.07318907558886112 0.05684735702130966 0.023792406225748616 0.06218676107370147 0.07233999596985616 0.05463952013662917 0.0481728713038853 0.06633306286180965 0.0793349867923297 0.0367189686437454
81 0.02304613810930755 0.07835690506962814 0.06897567940956742 0.06993969254141193 0.0025714827916471657 0.06093580487275532 0.00038215059158958325 0.03068053702965267 0.04786516848921158 0.07276594699710157 0.07838431572859282 0.06545483939339748 0.08173441275451458 0.04759661239802788 0.0011234530715594551 0.0791618399760396 0.02801710300886845 0.08898282103793892 0.009856513491848951 0.06416858323733882
82 0.005609980269518748 0.0395943132889422 0.0454851965053687 0.08088943454874033 0.05114822028653039 0.07275490794668046 0.05945817449247656 0.04496418792265888 0.07396308163718408 0.07210936844272617 0.06852631901830439 0.03537132153818874 0.05133688054677375 0.013027981121431963 0.03201930783391258 0.0317677979023152 0.0810747012736635 0.0010158456063282947 0.07134477191449563 0.06853820790375925
83 0.03648566366688169 0.03730515915204907 0.09836126065167136 0.07763589049095881 0.02789926057282755 0.023514825812671253 0.05100075276105592 0.06546515002763538 0.04889260046587723 0.007748775909053131 0.010219254647831391 0.02829502090093779 0.005168459730604051 0.05300451633091587 0.062157521877605114 0.08491918240189635 0.09575790144391497 0.05751092046934139 0.08434434894811 0.04431353373816152
84 0.05381620025729408 0.013185230209388023 0.02309755743960678 0.057066275811833655 0.06214995362751245 0.09907975743295273 0.05372920741922188 0.07019370698804611 0.038157375892570185 0.06729397368217009 0.10824088959977063 0.012579238487992287 0.005793523219346244 0.05024621274473954 0.08757122640251508 0.09688009307043843 0.022653566478306044 0.03224890225612831 0.0017864605260926197 0.04423064845407482
85 0.073953575442397 0.06617087497447906 0.06757878372471288 0.0027687096327984133 0.0035962222057258656 0.061618468730604455 0.03134965242249661 0.028552784553686424 0.05597915035398817 0.034923906134808884 0.06224919208775721 0.08023894540298221 0.07052682184772954 0.05298908692119845 0.03109054205788397 0.07773386481771125 0.055198816221292295 0.05687360259382887 0.00728470913691671 0.07932229073700177
86 0.00880254515551275 0.06767271586276219 0.018924938388463118 0.06701552772557545 0.020076089247212263 0.08304653502620848 0.009943508459206522 0.02654249445734929 0.09558065113386172 0.04951450338529102 0.029487859551330375 0.09280761238608563 0.03691779394422284 0.07375677057600012 0.1035714974690277 0.008334091505241125 0.10044849447446137 0.06097254829128397 0.03835829008305857 0.008225532877845363
87 0.07213468579419392 0.06471329160092931 0.004182031604412088 0.044098234221633455 0.057576872061894775 0.0805920900814036 0.08594934787250365 0.058737287089239046 0.06249969310209162 0.03448435193610166 0.05905602430077067 0.07874589944886227 0.013935348870094065 0.08142690746591873 0.022132735341123675 0.08501085908776443 0.04933854391456056 0.00022367478840152995 0.007787538258491923 0.03737458315960908
88 0.032082594444984645 0.02192117921022304 0.04313127629202094 0.00687834949252898 0.01336102310776144 0.02045148692476778 0.07969237710039007 0.03729689255512378 0.06553201903973224 0.08210771624577186 0.06077580047248096 0.0917670838268548 0.0063913394161069625 0.07046609700589125 0.011373526150319148 0.017926684241317305 0.0971821705916884 0.10379682329506533 0.08177858573527277 0.05608697485169859
89 0.094625080286684 0.10416840720891096 0.017219476078010963 0.016418746127816707 0.049279737492818075 0.08296830759629605 0.040338366161707155 0.024730118935258793 0.01179109506046147 0.010037104836469376 0.04627277870074221 0.001833434660163721 0.05478399137137686 0.010561863917774523 0.1035217648006274 0.10998832669315152 0.06976453916803571 0.042387941392722325 0.07458498383241396 0.03472393567855824
90 0.08023441657168255 0.09061549290827069 0.02756659012679898 0.0673701027648558 0.010623193090337787 0.08249027648768564 0.0568164478809087 0.08206854956126776 0.012878983920354725 0.004514425603387762 0.01707678950711885 0.07576804499189799 0.0489117980610476 0.07039237691190603 0.01800080558214321 0.10532156867942466 0.032395357225591316 0.03978558979706069 0.026307096760416978 0.05086209356784232
91 0.03426538395575801 0.019384236921779034 0.06342263302216071 0.06751617744002165 0.04886180843952704 0.10488727464434543 0.059801540727079175 0.004724688469945139 0.05781789514552144 0.05755128867632636 0.01888597086870634 0.09754915741812469 0.08091270698780847 0.05519092101823352 0.017298113859705158 0.0057394534018556315 0.013498252501877212 0.07921880816016934 0.01014388738413247 0.10332980095692317
92 0.09791134576630214 0.031621439518942994 0.0003729264967783969 0.09705292022083033 0.06604897193008129 0.01196800296691586 0.04997588579692494 0.04215900051568362 0.07470618325391186 0.03536795773764122 0.0225932850913422 0.029569979091787952 0.09726522169218983 0.030781393390784142 0.016811188010226456 0.024645953561936714 0.033589197164908095 0.08964177538081479 0.06243449195211773 0.08548288045987944
93 0.09345584511037447 0.07519669528144264 0.04999542618258562 0.03800955477431187 0.031353570039835535 0.04492833222596115 0.0047797596809483435 0.012290237605975281 0.10144774909874307 0.010512009698837558 0.08841999408411208 0.04691416788598061 0.058184038122319884 0.08645454005799705 0.04340583102229158 0.03809220014269108 0.08186318423261821 0.01442876803193903 0.009934317008703362 0.07033377971233164
94 0.08980485718179006 0.0005996619208517603 0.03825306883726269 0.06232162179171004 0.044639821198843785 0.07095366509002192 0.04050888178374296 0.08891550183423419 0.005861887516322544 0.027430756611010985 0.04731384600909653 0.05760169564497749 0.0549956030111194 0.04185256374662308 0.0720193569021339 0.08218348244602287 0.054705898606964495 0.029788981699720895 0.03472051357855118 0.05552833458899909
95 0.09354254451139804 0.08980727755923502 0.03993704732779781 0.00596465898298663 0.007597106836337996 0.008411596505956829 0.043703583170512955 0.08382293855840368 0.08476158533624417 0.06145685049431478 0.043075405956838876 0.09280619719871135 0.025807089157886178 0.05231423607688078 0.03531361943458115 0.047276157664189335 0.007466382966398542 0.009116474670097597 0.08773139174068498 0.08008785585054318
96 0.014389842341146231 0.07585630897164966 0.030120779794178487 0.005044543603186987 0.06292591786519042 0.02218670018566021 0.026870043476799343 0.06811001174485465 0.0659832447596447 0.0483639225227877 0.041590066756122035 0.003973780397255343 0.08372428796818765 0.06991952673492856 0.08261134291368566 0.07562435457142358 0.018595868192587947 0.06717516083149058 0.060538838260788395 0.07639545810843186
