0 0.05182163803341463 0.053707030593139665 0.03761944351892077 0.012224083019385774 0.04738963559058494 0.027172479455141067 0.08352043967998236 0.022731380171766995 0.044878973837144974 0.006243062821370931 0.08075551513254953 0.08760581771636598 0.05535348574860124 0.03971681051448366 0.08801133315837804 0.07709324310012894 0.013808773580557999 0.031176473801451433 0.05899816490980751 0.08017221561682364
1 0.07563883863634512 0.06078883903004781 0.044828255672416724 0.053613531287731976 0.026005175453969603 0.007495651991481063 0.007355267136016045 0.05280850601016964 0.06824020831401811 0.05075837610452719 0.07787708178736334 0.060272999997135916 0.041759554940755464 0.06828487810882741 0.06492772514658982 0.0688976369994445 0.033380519748249404 0.06140169806444623 0.05625906072183354 0.019406194848631132
2 0.08379664498095911 0.010374486726955859 0.04921219376912015 0.036661592935998265 0.033824047030041035 0.07833763712426889 0.06861199501633093 0.07067945042708226 0.0029479133299524798 0.00294708669929114 0.07732082518681009 0.06733957237299187 0.025035483224395687 0.027069889557709597 0.003263774961383983 0.07842996551477659 0.0751187901884725 0.07641944129133267 0.07978384388260286 0.05282536577952403
3 0.03435056649073863 0.07227560246326942 0.04875414524302626 0.1009420534446125 0.06684304039813461 0.023475529139360005 0.01907605413426911 0.09711255089492926 0.0713687218439652 0.03336039691407351 0.05642922573902154 0.04434804192097842 0.04152352590821438 0.09874144811530257 0.03494388476521422 0.011506112058844038 0.010153632125507305 0.03750115739437428 0.0823584572961917 0.014935853709973098
4 0.017950204662368872 0.09502760430309741 0.05395364892582817 0.06855521013085061 0.01667751433367737 0.056422117605975805 0.04491755071291983 0.03834686746553317 0.05648772227431446 0.0891365847297784 0.027386815239675212 0.068488022979765 0.07883084704685611 0.01371141825282663 0.04506910001648782 0.07714807859241095 0.03719876312789088 0.07755490543155706 0.012027506337699605 0.025109517830486486
5 0.020182504209639764 0.0880441668140978 0.0710483082561826 0.03751117890406493 0.000722172096957353 0.08395391083781531 0.006165503427287621 0.04037679788637904 0.015306493059584758 0.07227132058466319 0.06393242326345386 0.07717760384998562 0.06703744613654189 0.009450691359248573 0.03682858272543534 0.03878115214157913 0.06174481914654111 0.07623664329736125 0.07307290852533493 0.060155373477845865
6 0.05167562565780775 0.0373474645021639 0.01997290358816816 0.05188337910700356 0.10021950065860158 0.12415545205344077 0.10700219508191844 0.010392851386654776 0.020625939163637405 0.0026222021560574913 0.03561882984623727 0.00013459989988855457 0.040330572126548184 0.0942897009799431 0.02959598395919018 0.07411181301622986 0.0819447425773038 0.07790900960997331 0.01937404486131229 0.020793189767919894
7 0.0958790357313156 0.09641950230815376 0.08629590398714262 0.05675141192962455 0.011021981578966476 0.09837711648517457 0.005475406078812781 0.09517738543632645 0.04237436283349794 0.0008948607488142873 0.031157737559091934 0.0038312957327342424 0.06046541456125783 0.011641707329787886 0.05151425184633408 0.04606072512873424 0.07953305677440488 0.004423983546934497 0.02802962847283987 0.09467523193005128
8 0.07525698557703102 0.08457009958779342 0.046371347609028446 0.03144660990157227 0.03431774804067125 0.08772563382886008 0.0018975797465079344 0.028883844824395006 0.08381604027575053 0.06267839662157897 0.08337243844886288 0.05338125636169782 0.016078422939283268 0.05875591917479704 0.06727505108636588 0.0007815687615283768 0.08800519117817192 0.0009444210098288154 0.023984881114804256 0.07045656391147055
9 0.05282636098340609 0.1004712267050404 0.060113578049159795 0.029884317602323688 0.03931643115900131 0.05806301925936587 0.010296005934525197 0.09323681851530485 0.04965576654976275 0.06541627245628874 0.062344238532841434 0.026795824265763928 0.06302014607607581 0.07178766982610653 0.005112430443938049 0.062366178676796516 0.011740915067219129 0.03471425985369699 0.005445519361623301 0.09739302068175963
10 0.022867078462486118 0.004524648255317158 0.050289588462203924 0.04647700072925609 0.07109509522287087 0.03569061107919385 0.04389115825894733 0.06564220334054215 0.06663116033405349 0.03733204149520093 0.09332188027246503 0.0761868047461817 0.006934173818759578 0.021115485454089464 0.07895977349512665 0.08196573980540747 0.0711546497378013 0.045486580161604916 0.06511671502009005 0.015317611848402052
11 0.03574573857655015 0.04174862336164638 0.01430799727383282 0.0019828650258150644 0.09082153738122538 0.07378808548725439 0.015657481335308785 0.088098492510328 0.09428388971910759 0.07020837827446422 0.06446514551139049 0.04507482847788874 0.05987847604025739 0.001788445743662544 0.009461558014019747 0.07886837494106817 0.05866360210118357 0.05651275264795231 0.05958667047761899 0.03905705709942521
12 0.055531244919036805 0.03229354850618636 0.08472331234747166 0.04268773480254595 0.08027024269912623 0.050184764229778786 0.06011736820430217 0.06392816561025674 0.05080696610900513 0.07770256717140463 0.002407281243085811 0.017045878079326008 0.011193398269755055 0.053385895242743904 0.08350351789148992 0.05367510034080303 0.05344171672899859 0.03737290689229994 0.031203213537936286 0.05852517717444689
13 0.07153910730092497 0.02980634498442054 0.05669505144276073 0.07018687704126396 0.0717269064069285 0.008765171080630244 0.040269531193406816 0.05135112491100141 0.0023066922975428 0.02546227149547835 0.060752629783698414 0.039187077599014894 0.03486079003625717 0.05368567504028083 0.04109398478022318 0.07707196563412085 0.07817798644813649 0.053906323635084324 0.08151276995186549 0.051641718936960124
14 0.006627102814952726 0.006729927623554561 0.08015082356489125 0.07597154397033748 0.026054932545249942 0.022537852963603257 0.03615964835049227 0.01781889526661506 0.07660967878436643 0.053867856649571784 0.07384529514736293 0.003920027056844026 0.020920693524511407 0.07006640162110415 0.08006205940363312 0.07894929753016527 0.06460352423617227 0.051684198021195844 0.07371046627332117 0.07970977465205487
15 0.04457484744054718 0.06806778638615153 0.06538055197415221 0.04186524475676188 0.07228320911411566 0.05938192170002537 0.07019183845088639 0.018404001056784632 0.06861458647721239 0.07311018252426733 0.07150177882529363 0.031505735141590184 0.008841508458771139 0.00019988645348326128 0.06838744644773191 0.05090177353066167 2.9981291941653543e-05 0.07758155948487729 0.07738073281680216 0.03179542766794245
16 0.06649129381328903 0.08847487819029468 0.04625753775231798 0.08428209725580975 0.024642564621021542 0.023705890311689806 0.06698795040646245 0.005887637861832084 0.05725294427637152 0.028316640148745912 0.03962534851931902 0.01255639613886967 0.08606107891839375 0.0856458137397115 0.02298458051391456 0.002523882967481663 0.08004773077583544 0.05945500504151388 0.032681902180809526 0.08611882656631624
17 0.08851409636814503 0.06422815619729007 0.015897544601272177 0.06832995826346147 0.05465749551738241 0.027060487681547202 0.0070733459951256746 0.08738457285772543 0.04157748895432717 0.002380492544374906 0.06534060321474022 0.033969580999420816 0.022250524859016026 0.07398865535574954 0.07960214573977917 0.048688012727175975 0.06630067359138728 0.04836274418500992 0.04788456819968085 0.056508852147388704
18 0.09351721790656813 0.033600789372671865 0.07045157003008388 0.06559703837298393 0.04879358047852995 0.07599850795256108 0.09117163604982696 0.0833528421768763 0.00338912671256582 0.00022068836457580243 0.05767143342111438 0.009838334329029357 0.03906608231937057 8.489752095718106e-05 0.08232903046212381 0.029144378873128273 0.06449706230026393 0.05599002991980261 0.0732661842485137 0.022019569188452402
19 0.02625695546049074 0.0630172492663979 0.06956856039343709 0.08277716700424667 0.04917397366614803 0.010176309534591279 0.04753470028466356 0.07875409796377786 0.03507788009758781 0.02077646115903965 0.04043868429624167 0.07341593679895601 0.024789633332238502 0.039602964042718986 0.07026828084396683 0.07059078114120698 0.019215587844494893 0.06939211062459927 0.062188148509502515 0.0469845177356936
20 0.0625376860082854 0.03191932225638169 0.07687157810790758 0.0341465238824149 0.019282644061375944 0.04019154938446325 0.06512633776669928 0.114708902748823 0.012429252675231641 0.10119183391943072 0.05298526827916021 0.08572348885387894 0.09212295759174335 0.07465532723555497 0.01203506959059655 0.04795294863623259 0.05034972321197261 0.02247607174392891 0.0009617116035616985 0.002331802442356751
21 0.028347550959366016 0.07534033526706217 0.09621267005960085 0.006716843173574235 0.07735227143684964 0.04480957996442665 0.06873138174377577 0.07212853608939387 0.036982214772639826 0.03055339298367463 0.018530920935843045 0.08514048687125086 0.0805085082420079 0.018312793564647805 0.09682800074964885 0.03104754196421617 0.07196885705685652 0.020578324994310355 0.022629503977160393 0.017280285193694383
22 0.05923035436880221 0.07873165371856143 0.07193276558850555 0.033025864783975734 0.02298354215842928 0.04282318842542863 0.06922286097557175 0.04698427396407614 0.05512717554467705 0.07568674550516397 0.0439012581870651 0.06277005100271964 0.012469317689594537 0.07671492390416589 0.06662581434101211 0.004461119875200079 0.0458495308268954 0.042757874757216305 0.07748546086673476 0.011216223516204325
23 0.05909896698269229 0.006554437370418889 0.02673943659820826 0.09219044138273945 0.06947953410981454 0.03912036313535268 0.0014249581851424364 0.05422958359714678 0.014688805969656958 0.0285202636521184 0.05286386480626116 0.08081586797215483 0.01341540201604632 0.08468858173541295 0.03342882463953696 0.07313385022582797 0.08877474209294464 0.06019202249347455 0.04732153793441976 0.0733185151006302
24 0.10114856332043447 0.019659483250065286 0.015370988065131753 0.0406376558430893 0.0940934634906202 0.006935127714616841 0.06051588484707656 0.0861944925998527 0.05346075573520816 0.04538158384039307 0.020276507384478736 0.014862939172853067 0.0743589855368027 0.08022707928447159 0.025049126654283254 0.05321050704781262 0.07105032215405863 0.02516342490397692 0.08674462430522127 0.02565848484955296
25 0.006033813992541696 0.041005859832162296 0.016071426855181405 0.055807754267061346 0.04857774527765917 0.06967613878143492 0.003980456609208559 0.0708014882619514 0.07364551051551932 0.04724705402258433 0.011123254811893028 0.08710640498695144 0.08111153715197021 0.040230214779017864 0.08849428940701791 0.05261679339127597 0.030383571871214904 0.051081771198408406 0.07375093331662283 0.05125398067032304
26 0.005485140518055363 0.06340821358403427 0.0479119075159105 0.035965214020766176 0.0100547240328466 0.00048013619742835734 0.08863466086570246 0.0003837056962086079 0.04891152125521232 0.07524376919349143 0.04424202541788046 0.0537596542469727 0.07016746941054562 0.04289411128061887 0.0023346397759140135 0.09113926110558747 0.09047748468362989 0.10105429528451855 0.02817493656732392 0.09927712934735229
27 0.04678645289151145 0.010918107703583825 0.0028560898876638673 0.09195796400153522 0.07297383348078797 0.13005508234826343 0.013559283379919967 0.018634851771463776 0.03347741411995068 0.0034862213884530773 0.006201425873688224 0.07063164471668636 0.12045688700625945 0.08441276072688021 0.008401437240313153 0.07786684236428813 0.09662091239697189 0.022425968239177918 0.05466334023351864 0.03361348022908273
28 0.01969142122948781 0.05870381107479426 0.022665434023587817 0.08993685142181079 0.08490884186907433 0.03601597671799949 0.03976350568312752 0.03739373506484748 0.07581495706916586 0.092044606714489 0.082306286787578 0.04962759585571836 0.05754151313380205 0.030729155042467284 0.032626365578448856 0.016204877241711407 0.00034315714711080446 0.07566675151880062 0.02393275201255452 0.07408240481342371
29 0.08948156473398976 0.06123864395553336 0.04250991645301978 0.08174502152924933 0.07946933169488722 0.003275507926113141 0.029284296127540133 0.06175688480354312 0.07340801458176602 0.05677895959735954 0.07644244158862275 0.004988592651778249 0.029827940056461975 0.10005329539265194 0.020485751910631688 0.007084186188875814 0.022407178971438322 0.02988289073275536 0.08997404245156149 0.039905538652220816
30 0.07690351256605368 0.07251058784153283 0.05421826447300228 0.07032569079513634 0.07448204554872455 0.04705153867545725 0.0004971471435552544 0.025727443583869174 0.013325171427260156 0.004270009044174882 0.01178097579798574 0.017752093086340244 0.05748122141222963 0.13838336393275671 0.14495860963070692 0.06489378799712948 0.06347966046164652 0.010303288195583352 0.005664529186025302 0.04599105920082963
31 0.064057562318989 0.05026179966428184 0.09243412688322368 0.02841020349101708 0.031114056156214452 0.0652461307747004 0.008933340791307517 0.08912186838683014 0.03113852673169224 0.06310946740515458 0.0937643048864342 0.02038409749600103 0.07270260668643892 0.025546588475004888 0.025412562281971956 0.07234968697870417 0.07119792371680926 0.060268823491899215 0.026331015706609277 0.00821530767671612
32 0.062398033444701045 0.004271464455041203 0.04063517370926755 0.0602191825880322 0.039198067027686787 0.05213270378155246 0.05568227894003437 0.06885037439759639 0.06918869576263495 0.04520797137506893 0.0794056848507204 0.07414994956499955 0.0722796468523366 0.05387444975398025 0.07082929008085609 0.04389109712727984 0.058194141352599746 0.019848392687346568 0.020902203367853006 0.008841198880412224
33 0.0500358665458841 0.07155992279013496 0.06599979006141242 0.03048230214376416 0.07271347892584971 0.034548779913127645 0.022543575202257114 0.01948665239867532 0.039787947521940925 0.07185147859608694 0.08760694223377155 0.040726142274829555 0.053317321318032296 0.08827751193314522 0.00884700540165744 0.006195973870389776 0.09389595514765094 0.03721230376850563 0.0212721705454264 0.08363887940745794
34 0.0049180302344191225 0.09371288979013193 0.05924879230611788 0.09543421482753449 0.03736804350142658 0.050275021037094456 0.03393567607047468 0.04122418094673753 0.09530624068242907 0.0033368995880328385 0.05918410070404972 0.09040573662857852 0.018358898088288795 0.038450575477793 0.01805610152941179 0.024255480882640578 0.030738496279519214 0.07631081901135234 0.06821364008627973 0.06126616232768777
35 0.0554586286043398 0.049590936135798305 0.01660941418151163 0.056667627272443795 0.09382311237212841 0.04905807224870464 0.033791538483489224 0.002941164988854192 0.0820680844909761 0.02989722517758931 0.06099419603555538 0.08197469632614444 0.049947789396097536 0.06677104264442894 0.03860734044952107 0.060466573995856664 0.09512770941404208 0.041210814104380086 0.030241483490396705 0.004752550187741578
36 0.003387123515568031 0.013186818281125844 0.047367223270572904 0.08799314856885668 0.034812304363931235 0.027405117403699768 0.08140328429400713 0.06170232696298835 0.08117821430502059 0.01069541828297077 0.007956350857033967 0.0217766716596828 0.03506715574709227 0.060602491976038474 0.07714334566570163 0.08083455619983666 0.06360797290422482 0.09599811765586998 0.06472078499496933 0.04316157309080878
37 0.0673310239745638 0.03867245788719623 0.06944341660772323 0.06552581545570632 0.020352703505793875 0.08799981223775016 0.01633233271076319 0.03131869337025947 0.08646412800203238 0.05934558301641578 0.00811956753262551 0.061569689590060137 0.009783304770814204 0.06786063375878745 0.0340432584788188 0.059934961189897676 0.024659525949420703 0.05367755500083943 0.08699693518028445 0.0505686017802472
38 0.04398053360763607 0.08042917143869667 0.0646591041928672 0.04374450044282507 0.04827170541983976 0.051349631003425066 0.038481437130859275 0.009352325771702337 0.03261271763150966 0.0464594978445468 0.09000217367655428 0.015832567836056907 0.04756786693676549 0.07415759349042256 0.047618306558494375 0.0485552849165976 0.027718770281169477 0.08467578705510323 0.06610809263672524 0.03842293212820289
39 0.03409562912475099 0.07470219988611904 0.04995303346720867 0.04045127021286086 0.0064837687772938656 0.059974918237931864 0.04906574423955516 0.06005742490697865 0.0820183401312393 0.03863903458398797 0.0012938303442780988 0.08298531868864585 0.06322446579936544 0.046944458995320425 0.030427638708160256 0.055227853749504015 0.06851016773943558 0.06566435454617432 0.05710642967899246 0.03317411818219745
40 0.07039147640370312 0.03177420456807012 0.06898377860008549 0.011865156657279309 0.07859221159776751 0.06355429866587017 0.06057501203257002 0.050502018762710287 0.03825502446559465 0.05521636473410309 0.006460088175806142 0.061448644084798526 0.021654630373896453 0.07252062630106512 0.07214229031342778 0.04763483353283476 0.07571149247999734 0.067946370205552 8.023255431168341e-05 0.044691245490556385
41 0.06823597876940846 0.047755490430011364 0.02258524342673701 0.09050658779112854 0.07352801126885705 0.0574051994135228 0.0034976484285296466 0.07562781562368229 0.06237188559708916 0.03435820420318676 0.07827385651010879 0.04224861240357298 0.052796208704617445 0.009861585570243098 0.03961554866718263 0.04172584261463666 0.09053935989298725 0.06249950065876308 0.03231301397998906 0.014254406045746166
42 0.08396610224005002 0.08916950375499803 0.08751366903054886 0.02087518210918319 0.09523442511515368 0.086720126173976 0.0008008558289798635 0.04599576025016861 0.04223640127793257 0.09343388739316576 0.011854318211416887 0.010025748987682166 0.043370805725308124 0.07336660499405034 0.019969713625453613 0.012354837062646626 0.07601536655031106 0.01128315356036964 0.021751030405715733 0.07406250770288922
43 0.02821847303046462 0.013933071221009573 0.07669135733987632 0.037158998701284744 0.03131140514078643 0.07693838400225109 0.0543287652744744 0.04664131953824492 0.09406554621895398 0.05145181018700741 0.09308271571764544 0.007889433980251031 0.06816570451995993 0.019211960478751625 0.054831521725296054 0.06478551185553459 0.09518295874379384 0.027563339529127626 0.05072764283161382 0.007820079963672509
44 0.06368213637546756 0.08943676899331451 0.04141923859110739 0.004214422053234934 0.04965133890661353 0.017506072642322873 0.03844898278986883 0.03165426037767214 0.08175833031657304 0.11354993308026629 0.030803847374854105 0.03835543626732512 0.04547132668696896 0.06703811318176973 0.006881822673199167 0.03885262129326387 0.07684730151136947 0.03251638693336469 0.0885365510688888 0.04337510888255482
45 0.05333364384647136 0.05627111927604407 0.04538978560472384 0.033206198984166616 0.047746025136467724 0.09351783682977607 0.04466098139375901 0.0462352850050543 0.06914670010862792 0.03359872546346274 0.003920622112599426 0.02157208732421199 0.02787866619030166 0.047577424543568725 0.04394011356504547 0.05183899634194879 0.0945572013904812 0.05546112625309017 0.06390924929403362 0.0662382113361655
46 0.02564037191436285 0.09512968470721365 0.0895577676739571 0.03492303963775026 0.08138835291210784 0.025709326921694788 0.04439082931943741 0.08828414918385659 0.024541225249435857 0.037600944215759206 0.00762711266108896 0.0431878661994183 0.0748114562981808 0.07237915923560789 0.04399612557620813 0.01610459221410284 0.06384009232086299 0.045524095157578374 0.07078565470722593 0.01457815389414999
47 0.055014489108634 0.09016671694091152 0.011220887053912589 0.0702437801879928 0.04437121803063713 0.027866205194975128 0.006738581462629978 0.07032219227158296 0.08724889036639204 0.08399745728719463 0.07696490960328009 0.02452384654683266 0.020767387781936843 0.04992539929481351 0.026322783500086523 0.0020626523132469014 0.0990705705031677 0.01705149551894803 0.04399668969296578 0.0921238473398594
48 0.08681387165374507 0.039502391035751636 0.031200463700029924 0.023081663202661227 0.01228602364152887 0.0862021205104113 0.007670560339344524 0.05487287889727548 0.08346320009299472 0.09096480773511695 0.05766993484349739 0.03280212230602642 0.018850594481550166 0.07096510180194468 0.07418723751477087 0.04247618737442339 0.08191161732599211 0.01223392932721265 0.0457132982636542 0.047131995952068455
49 0.0622707658723123 0.08302112926522694 0.057483910557184756 0.050410167177180366 0.06578081870737082 0.06714013166807482 0.0429283907703809 0.019285323134148828 0.07587427521053577 0.05612404513005196 0.02565366992877785 0.052479507004742396 0.07703332224383738 0.061225888784134416 0.06558135372519586 0.023073858124964052 0.03573154344876652 0.012616549222050712 0.03620069977001689 0.030084650255046634
50 0.018583489702545582 0.022891321920112718 0.042384739441546526 0.08502967339784735 0.05422690061757079 0.03689032931323079 0.05117794008814859 0.11430667485894155 0.1192885846469031 0.008100422593054457 0.10652492383379447 0.10498071167683834 0.001214575926700834 0.05390933174246414 0.008494948209491792 0.014759683541820076 0.08091687001966556 0.07269444801169415 0.0035117201010143348 0.00011271035661472834
51 0.05259927950625641 0.05328509145899794 0.013711894290345063 0.04415433202740255 0.02311954049483861 0.04107131129074947 0.051610710253889455 0.06549117942788012 0.0401246243007054 0.02785137311112768 0.06013358156300529 0.05519982059322893 0.08070156833168908 0.06628659904027298 0.060015313137682935 0.07887673255724328 0.06991524978607186 0.060759229954620214 0.02651520868895238 0.02857736018504032
52 0.07087689260087884 0.05415737175127973 0.009506380512859186 0.057316339369959036 0.08116261600523923 0.002089210703004576 0.053376373846068484 0.03331958570930525 0.08312058061499741 0.031057424191035958 0.061947518516144245 0.026306565091716402 0.03712943574400445 0.03599785726316468 0.07991025278589714 0.08059708733203778 0.05977745132248264 0.05055588126755982 0.026914216121467736 0.06488095925089726
53 0.056416937936587384 0.02077614734367922 0.01618465811381642 0.012682943535071782 0.0714168027579735 0.03979935761884147 0.06182313657839087 0.05262003390395181 0.03508207690669487 0.05692241491035925 0.08675072776143868 0.10342721455448464 0.0732929504641943 0.025600756968611745 0.04243505265443978 0.07025144254353892 0.02249571879828397 0.05173574259332456 0.07075913186672 0.02952675218959696
54 0.05448522501003814 0.03112490117131981 0.06604890479068437 0.0394510940525991 0.08772941349005925 0.08274397611106671 0.06514854756258441 0.0009753371594937498 0.010107417613650568 0.01374471991169974 0.0638362409718917 0.03220469702479155 0.030793113732579536 0.04571317327939145 0.06788753065538367 0.08750532369995337 0.07545722287049403 0.02088364579604487 0.04361390993058467 0.08054560516568939
55 0.08770058863801188 0.031798881630884145 0.02810703502135019 0.091312952703853 0.03375613669541741 0.06308967147583865 0.07649118063950552 0.08264379333324896 0.057942888588229026 0.06873458025711847 0.014224038019423296 0.07368684126257737 0.022208605614535422 0.038003750958049566 0.049637555053613204 0.06968978388485653 0.01637491474623349 0.05168852341880632 0.009133587753002744 0.033774690305444596
56 0.04623654371442734 0.03707104992093201 0.03567085189749985 0.06679145332182405 0.0679095351362832 0.02578262926274999 0.05425192823149205 0.050354496187048285 0.036591240357350174 0.0097496105838173 0.04227825482282166 0.0826829341666088 0.08200354240730878 0.01838768808617014 0.061145928747182964 0.0741579685529 0.07888079398362766 0.07040555457762626 0.029375469253747902 0.030272526788581552
57 0.016840855008884627 0.07895066390424657 0.03268562604051699 0.0733658776418427 0.01692714532587741 0.029634322186920376 0.05807210431461035 0.07797639287668287 0.07973358296004748 0.057641966967190296 0.08091253818924521 0.042340637638132915 0.04895725950254682 0.060270830506509505 0.005757772024541444 0.04996220985391788 0.019426414442550534 0.06397352950519616 0.07093712003532482 0.03563315107521523
58 0.08314941207087863 0.04944135230612444 0.06809275896161347 0.05746285475174071 0.01764557309023019 0.06779969620185257 0.004011074316696322 0.06879416375184895 0.056857275142621955 0.07747050238740176 0.08795923798034086 0.043173479622373924 0.009088656167686136 0.01756934387117019 0.05813183412268258 0.022646663913801216 0.0690922850899959 0.031379700673330145 0.07840223735247236 0.03183189822513785
59 0.013527154921340389 0.0016005869012468293 0.06285478408276267 0.05435609848846258 0.05966234240581957 0.016036734633012428 0.09267632668138695 0.051171726947716024 0.0759625031827655 0.001199883289697714 0.0858207594386298 0.003838949347782916 0.02855389072610912 0.009260525156245458 0.05549207116795449 0.08415889986262837 0.06177850744975661 0.08884843334294625 0.09162386876602753 0.06157595320770894
60 0.05678928560864551 0.0415826999468351 0.07862539275274179 0.023782088331357712 0.06256164011189518 0.048858244950527804 0.0752370381740525 0.06599156445804444 0.017097263832346787 0.011999538548018317 0.0374989957399453 0.09097939241965075 0.043027582884798604 0.055526234895144334 0.03176077278035136 0.008976930650497521 0.06593811582977596 0.09527361570185491 0.05071996821970642 0.03777363416380966
61 0.05239425885313909 0.0559342562883313 0.013363534911321888 0.0427374332117274 0.06952987273085795 0.06615990246105981 0.004435337440406166 0.12200833609707817 0.14019519162555935 0.0989410645130893 0.0008718083847870066 0.01688185105307746 0.05630773999365992 0.01583402398602252 0.010729292721533517 0.09961443685977948 0.060457637434971755 0.022730595919753207 0.03611038811295245 0.014763037400892192
62 0.0630309587356559 0.10724785287693131 0.016944764761256795 0.04102729607736277 0.012748121942695263 0.1037269933263937 0.030236862692799335 0.05455657229901638 0.09573125388427735 0.01837232946897844 0.07404345366855863 0.06360168706440655 0.01713998413818188 0.018515850183349742 0.010600512675297508 0.004304536131764183 0.08134948716011901 0.09856187526149136 0.0527836734328159 0.035475934218647955
63 0.011754489094534056 0.07630765138417588 0.041476002298488655 0.038035305826879806 0.04776909304656859 0.018323291525170603 0.07339474318156522 0.06676764001603175 0.0031113780175385784 0.028332905065165198 0.04389883039524064 0.060464507105564246 0.028337297565870546 0.07273670941500267 0.025735526670116384 0.027519062150186388 0.09107383870688071 0.09319139633167713 0.09947840930076182 0.05229192290258115
64 0.09271716013412547 0.05698010679615767 0.04809954864533345 0.020901140755013797 0.002995837655041519 0.06658362646799362 0.03397856602820595 0.020465109154887876 0.048519281779549665 0.01387562885525632 0.025859065162193585 0.09334207339998765 0.0636747091328116 0.03784920600323315 0.10566348078361015 0.01877956100645118 0.02178333315577464 0.09179648020466749 0.03550398184596161 0.10063210303374362
65 0.07617267396865941 0.05350703599467221 0.035995212533245426 0.041621514445946244 0.0006264988709599203 0.07861869577227085 0.07246432772169242 0.0760247124023222 0.02997584602228729 0.05185779213492507 0.06517299367856894 0.004146965459636266 0.08260569121121836 0.05839892932488269 0.043546758683853576 0.06638208532108619 0.015341191123328646 0.05679023645528929 0.07656313410175485 0.014187704773400154
66 0.0224556604464773 0.07540447469156521 0.07557187214656425 0.052749385133482166 0.0688629784401068 0.05085100787496005 0.0548587705110632 0.07407658871886148 0.0011184360303455858 0.0037246675794919467 0.08051055439442706 0.0575219622384836 0.08221219239302213 0.014271339256770274 0.06681651091028575 0.03465352298055361 0.02507704679563416 0.06346294077722096 0.039050991269752 0.056749097410932293
67 0.028362424731202675 0.006828685340957574 0.017932496264833134 0.08364595306364729 0.013549739739252328 0.07682303590935778 0.09211929650587933 0.04227387677885264 0.09120515051947048 0.08185357439124806 0.07113710962619367 0.028475454506488914 0.036113107151256395 0.053567240505192154 0.07923320541410184 0.01166865944826061 0.06906795112766692 0.019107214553686733 0.024873598098382483 0.07216222632406886
68 0.0056744845844249716 0.060988614700641104 0.018907169446246458 0.011598029617576677 0.06651471712800396 0.04422253311075288 0.11677172486356113 0.0056691239385356015 0.06380042384618966 0.0739361149108253 0.07129425776825836 0.0143441837111242 0.004126526476326502 0.06472653187081588 0.07380814274392881 0.10784429430213778 0.08005959251445612 0.05303407275452163 0.03810438591093417 0.0245750758007387
69 0.07788746337783736 0.05934895261578376 0.06463211023083817 0.005949396782852913 0.012275458837673977 0.06713599422553095 0.0965422625592869 0.09789434518267016 0.03351662864945975 0.10879399135269212 0.021905432372219032 0.018663758170250237 0.0470032612354179 0.013505793228887411 0.008958152959107598 0.09486661826011562 0.0539292182825279 0.10119379047462178 0.0021572623152752908 0.013840108886951034
70 0.04268700515109858 0.03959888858151025 0.007920154843550692 0.04689526660500072 0.04403346220188439 0.07461491589617532 0.0553390273720091 0.04078498905041632 0.07047220854604028 0.03760845060194154 0.03434757342294859 0.08085299610486431 0.07244728961046719 0.03781332035281535 0.026837331388878432 0.07509777871573395 0.053644651131780734 0.05814937673789494 0.029632943240088052 0.07122237044490147
71 0.026438473629971305 0.0810706369423655 0.011080797405668696 0.03698364995277452 0.08817964837013322 0.07767639210580186 0.02639933905634306 0.036206111440800375 0.02791263122618879 0.058304362250372055 0.0410534718633828 0.08673130238411927 0.031643087062097695 0.044495172064896796 0.07516425752128458 0.005115101258116411 0.1003175976863204 0.02929068337167223 0.07452455552490335 0.041412728882787124
72 0.07458874866904107 0.08332019608149056 0.09584729890482395 0.0062445351098116535 0.04774866799572073 0.07291034500954853 0.07257529232700351 0.07458072683392543 0.024189392685670653 0.09246097869995437 0.05173440286672722 0.025259736050636392 0.08978524479548854 0.028836427504420472 0.0725838205911392 0.0023924536144351665 0.004473467131667312 0.02044278616344081 0.0012770175811078442 0.0587484613839465
73 0.044629773991584215 0.023383626168456725 0.08545935304711681 0.008880706729467877 0.02749736300399768 0.09633178592340552 0.03696444445079362 0.09159728350802515 0.03044955626087244 0.03315708539951415 0.047385116717126856 0.01604832307675632 0.03550960099739951 0.053766093837378286 0.07070711003017383 0.09498321498874349 0.049639235213565176 0.026748815652590387 0.04401974704233908 0.08284176396069293
74 0.004148332188536931 0.02225787647806007 0.10104596027091424 0.10349749174000195 0.024150280481499434 0.08807963883400172 0.024255692063416247 0.094813075133297 0.005576164055827788 0.07594273389518731 0.0017872194279812106 0.046285647873527874 0.002764632450275674 0.027766942322924298 0.07529435472371035 0.05180022638119864 0.08123881346440562 0.0652889047378488 0.03358452530427295 0.07042148817311203
75 0.08984873940153927 0.01783424455513301 0.04366821885371249 0.07183485676147752 0.058913531608458906 0.110513827047358 0.012276714913437525 0.045136226373649994 0.014452659747321695 0.10407347616254989 0.10783397150857378 0.010383769132437963 0.05243457225181931 0.006718008768782963 0.03854531499135549 0.07696203934310111 0.021066653197049152 0.04211424677721773 0.06065503690076793 0.014733891704256276
76 0.07270763505310118 0.04861137575245941 0.03522005826727475 0.04107606192218396 0.060758853021111794 0.0383225956392322 0.043392124074044 0.05785365711639111 0.035977487653036544 0.0011040333366375053 0.0798577632127871 0.06072522024346835 0.06377498088733811 0.057590145804567956 0.05449767664194541 0.04357175707478292 0.05588859693253571 0.007464107222826849 0.062478906618036865 0.07912696352623834
77 0.007824130486204941 0.0573370983992466 0.0030182569241100562 0.009327715871659667 0.016419861721523786 0.0743392550901541 0.10947385435086061 0.06080856223067609 0.07134988590698634 0.008972100463196138 0.04109160705034737 0.020073977423324767 0.07039913884818191 0.08084468767837898 0.044282263542581274 0.012975785280174826 0.08190509691237936 0.08188373545261206 0.12229559545492552 0.025377390912475564
78 0.0507160439963667 0.07355002382328742 0.07854079132254174 0.0861983791445822 0.013174416092522375 0.06185542187502069 0.06142218003672754 0.024410605575722853 0.042502052280363946 0.006044115044829191 0.06765359754377348 0.006845982549747092 0.09315265078917791 0.026298457509445226 0.041151256144338295 0.058282296418430884 0.0772571299807082 0.02212731728997205 0.04168365529030353 0.06713362729213859
79 0.021885470276512758 0.06367402116280502 0.08135707584846345 0.006274041216809935 0.09072072474984706 0.011092340430025601 0.08115129003645226 0.04555005730316489 0.08294655303118352 0.07428503817116146 0.051172996436813736 0.012025158227826896 0.01750048443109931 0.034618367589571326 0.0878826702244802 0.06416787963130326 0.03975969291322291 0.01547433810685462 0.0654288188992482 0.053032981313153794
80 0.004470676941752449 0.024725646596177212 0.06204440935673581 0.010918101983552813 0.0562631858482939 0.010589991129795239 0.012532382763758652 0.05342311013677073 0.12746254008859703 0.03242433654221054 0.024757536086613095 0.08293116039500491 0.0310265285175486 0.10687181146366685 0.05152806926550774 0.07135897305961593 0.08424488970415378 0.12227287443964058 0.024339764119328693 0.005814011561275563
81 0.02043376753360944 0.07861279075783155 0.0887132276400958 0.0506732770211738 0.06355663633706336 0.038290433707901604 0.026757098018040364 0.08285672553846049 0.04835494935539557 0.067540663405358 0.07766222580661256 0.016489838929624537 0.05350381903850021 0.04780365264182355 0.03976201332178281 0.06894974737339563 0.062131184644439647 0.007120802646850847 0.030570462596575317 0.03021668368546513
82 0.07059183817415907 0.019835965874451935 0.09848673940668601 0.045274525268081664 0.05584799084273263 0.07006137292058914 0.01371639054434299 0.10551801612994482 0.0098523803678793 0.047970493892030786 0.016647004086351377 0.09359529415054718 0.07796953414857784 0.03536213270592308 0.01942379054552721 0.09798902948171784 0.01338805721838049 0.06892613848626736 0.038841829110928754 0.0007014766448806534
83 0.09450798148953174 0.023193773858380572 0.029819184171764122 0.06678321109437013 0.05919056136820671 0.028036040249226613 0.10196552105217727 0.01581188726470968 0.006514400611629909 0.05641346784993096 0.04670697271547948 0.031022693979072365 0.06800208613249292 0.0848711076834458 0.04541064434287134 0.07217240824107761 0.02676965147375439 0.0022321161383749245 0.06254410659090492 0.07803218369259855
84 0.052204041209512324 0.08459857780019923 0.08708490051380428 0.06553105895550379 0.0412231246896572 0.08782726514954978 0.07578464349535104 0.05305880585673257 0.018140642048627073 0.040719864241491946 0.046471930473887375 0.06378997435663995 0.02020787223114694 0.025960561842859976 0.07505835879086002 0.0007876119311635106 0.037706478761533775 0.0526751260221319 0.04896419933930744 0.02220496229003983
85 0.07622526023165531 0.061756659680725315 0.06514846414976361 0.041413337973112405 0.024144928480147078 0.054253503286998295 0.004810720868550538 0.04358358372615934 0.07132250408047197 0.0737842831645159 0.030320024838968798 0.06236513510152164 0.05056910983251018 0.0562022248961601 0.06435200231344616 0.06409740869812584 0.006045035314225857 0.0795387286226395 0.027282987974655924 0.04278409676564625
86 0.07460899413140733 0.0726421092637325 0.010642238685760672 0.05552597225319878 0.009789862881183177 0.0780216827508716 0.04077300616807042 0.026953295469580255 0.03519380875519623 0.07162538631068324 0.07552383395240421 0.06375858758365702 0.019834302932935255 0.07863940163093468 0.07688028794117269 0.07644582351157511 0.0011810439757601013 0.0431868453645139 0.07474480559004074 0.014028710847322132
87 0.019257117452813558 0.06710937371271364 0.02978244529490211 0.037988380033153725 0.026249216323837306 0.02796317176084059 0.042367537444441335 0.04693912901152558 0.08255211561652828 0.00030910162808142036 0.08341727867563162 0.06258582337312506 0.03970019229077949 0.005525066416100541 0.05462542590183254 0.09025572582921938 0.0714824076289376 0.07394616547740991 0.07566830409576245 0.0622760220323641
88 0.03386945159157454 0.03679048103249364 0.013750961048827219 0.06845425817132018 0.0713592380461322 0.11019049493188254 0.09625630597008009 0.04492057543526289 0.02835984197673972 0.026117803351419902 0.08801446746620384 0.12078651328048767 0.006151337659521593 0.09723284122405397 0.038265777020046236 0.02758472610902053 0.00863100864787925 0.009726899473441408 0.04895004086209519 0.02458697670151728
89 0.058677537316129805 0.0865410077528428 0.07192818627765563 0.021762980991129572 0.017191303815410872 0.07096213700825943 0.0754440049263454 0.03846103131838949 0.034295151933516864 0.046863744601023105 0.07747246196330577 0.035648081495440055 0.028841533874400693 0.03298525850273094 0.016886621433209546 0.029503762444497796 0.07657192210593639 0.03995697663010206 0.10458495604430987 0.035421339565363814
90 0.0817614231928236 0.07058049647982437 0.030188378921311765 0.05319965453652433 0.11078526217540162 0.0702214509177838 0.024989598711265035 0.01983450569267468 0.04927984674862468 0.07191910402563953 0.02163889185069621 0.08102842267343664 0.04898767928926247 0.0027078083386040384 0.026098307047453487 0.000861220327106175 0.034463930349911805 0.09446797219530698 0.0999567892966307 0.007029257229718303
91 0.002358410500381847 0.046505280612585444 0.0992414243729392 0.016837402100874678 0.07244365708825555 0.018041607611890817 0.03144522833227138 0.0746584674190764 0.04388705402340909 0.038609150224874204 0.10003070571986912 0.03673893213295229 0.09938957864045427 0.09547030908765652 0.013550403668309093 0.08267073093455299 0.02287832755453149 0.019742468827173506 0.05782764372732664 0.027673217420615542
92 0.09555931951547485 0.08030062405867888 0.06022715466504949 0.027829481083708946 0.03418428529209382 0.017088777031172158 0.015621557787431694 0.017538909256996194 0.010382035495213215 0.048750638482570184 0.00063997452029785 0.06825665868329805 0.04202608461075843 0.09270792799751043 0.07121071803080478 0.039951452361285146 0.05477132125298674 0.01875764201534895 0.09882213629227989 0.10537330156704021
93 0.031219446694130376 0.09300268508960272 0.008257093131426555 0.06965985400556785 0.058465914721883144 0.0747686112069305 0.049250257821272916 0.0367383197572222 0.043002172703348295 0.044121946924992474 0.008379573209983669 0.02313919338160267 0.01994601633884667 0.036192793580469104 0.09267614627084232 0.055552089696794774 0.024318153840173135 0.08274360744465444 0.08078863795256061 0.06777748622769547
94 0.027504627456514424 0.05905233369878419 0.011000381375415839 0.025607481940270054 0.01770486254576475 0.04950698463537085 0.05604626705852906 0.07650408082912895 0.004561511589394633 0.03247302785987866 0.05672102339269404 0.040227782680542584 0.06450167029285538 0.01654277979425824 0.07726173475268384 0.09196821086986762 0.028763786685042706 0.07785629528203697 0.09385925954217121 0.0923358977187961
95 0.004134563612035862 0.07658984364022219 0.0046103732407390755 0.03237777739585072 0.06640857674092908 0.0481197497661732 0.018451882362912727 0.008001025698358004 0.08988708760979769 0.044823346075069 0.06492497276649341 0.0028865261050648387 0.07445645186418326 0.0463443597209966 0.06466871396190217 0.06935135481090483 0.0593933455898653 0.07692698333833342 0.06381638445417208 0.08382668124599665
96 0.043040487748660636 0.0036206664956270726 0.04067130675376189 0.08448314502188826 0.08098046918415111 0.04150094689585214 0.021051501640026463 0.051578340575398535 0.025893208571272357 0.06696568863738998 0.09128245218789215 8.502679021718037e-05 0.07582643890612065 0.0754896512284215 0.03483806151759139 0.06716779349102571 0.08463734185726342 0.05520177404957157 0.014937513750413491 0.04074818469745439
