0 0.07097546161059906 0.04512170584812093 0.06771578816124556 0.09453267883979002 0.09522158728422038 0.03556047610111937 0.021143820462678882 0.06492988578664187 0.014068937929667295 0.016052331119729528 0.05897243182333833 0.013701422429498107 0.07266133920453377 0.03473525280940983 0.009961720497689624 0.028320730385594982 0.026480985346995525 0.06402587902666916 0.09100264954786079 0.07481491578459698
1 0.09509968016910919 0.0659428622951433 0.0588893588783037 0.07500888611930881 0.04858419715938782 0.04014235765545079 0.03621975930642336 0.0596389723843226 0.009391231809299133 0.016468470408281023 0.06732425540956677 0.06140332975221443 0.06980737774785283 0.009209315200317633 0.0015102626225093833 0.07486546947138673 0.03403636297290926 0.07130324366954573 0.08889527515450636 0.01625933181416088
2 0.031199611727433754 0.06667923148976657 0.008830186796171749 0.007866110851422031 0.059981772888739744 0.032538098925117956 0.07261476956624878 0.0738402497798125 0.07724924748821263 0.04954493548181408 0.036825282792163745 0.004660676900888365 0.0034436730666211513 0.08010366803664423 0.06008049599506687 0.07781464962624805 0.05470743000601412 0.07698378627994104 0.05816999687777682 0.06686612542389592
3 0.06339193964527497 0.06886219638293811 0.064968912977299 0.038170172775915036 0.020936027396419473 0.02470145309144886 0.07747730644782458 0.029870227127146994 0.06383590334966277 0.07590147915102892 0.024470358686638084 0.04079160876066458 0.007271417551587263 0.007760135274682119 0.039344265853252465 0.07159475968177101 0.07160554868587744 0.06327361207079202 0.07152513618101321 0.07424753890876308
4 0.0023144774315158496 0.06928431017022832 0.07187366301509716 0.06603624265852769 0.06483702346416685 0.044162560204425064 0.014728912562050712 0.012154251455388326 0.03222353169268005 0.0658181340136722 0.05824760616882892 0.08958663915463037 0.08410677779921676 0.06647027911954093 0.03511503965107411 0.04889456826717833 0.04542933630412011 0.06840122952134038 0.052727190584381134 0.007588226761936634
5 0.1000391559827509 0.054006889359985336 0.03658289619220981 0.01163228504117198 0.04819204741168019 0.0762381591152917 0.0206160171487585 0.04059454512038881 0.09153392070406988 0.029367186045846067 0.011623484606228023 0.048638640046184095 0.08999649436469132 0.05105966405324767 0.0463841196087947 0.020409417248611977 0.05580093406341829 0.012975382190149954 0.07273140546574655 0.08157735623077439
6 0.07490819270175572 0.0939888778210828 0.09124508756601653 0.048700465239668325 0.028554117315922205 0.09136527418525905 0.011136518033285484 0.021788725868944526 0.03847807562115645 0.04259511947268929 0.019659101271509737 0.050206018404708334 0.07634524802638717 0.058298557422877685 0.0207465621057876 0.0421572147545098 0.03246728993362375 0.022779169272597106 0.043640359365455135 0.09094002561676334
7 0.09524264659228182 0.10195044955681662 0.034677182922689176 0.03614503947233639 0.02372217181898817 0.006485544032811199 0.007839769285454011 0.10076457805209371 0.08239075895692455 0.026241377492017506 0.05992717792258691 0.06064584031470755 0.043341787028677616 0.08304449073498653 0.017328289997176855 0.08630387192640113 0.013560679053397575 0.05328923003616564 0.034353985641643825 0.03274512916184323
8 0.048455357368857505 0.008130813189296496 0.01761614792736022 0.06198802952850456 0.0692694588813497 0.043886626979616664 0.08453799754356489 0.03784709565868813 0.022603597934419115 0.08140108472575314 0.02852590309203844 0.07287643007050461 0.08224730654552956 0.07662559556382036 0.06791047444925373 0.03647544772123009 0.06552503739986938 0.04354191240659014 0.04641613603251076 0.0041195469812425
9 0.01349879381490495 0.06709206154917761 0.06804092337998244 0.025282044218208646 0.04018931036069039 0.028206021668398435 0.08613467891288837 0.029822489828800248 0.06649313439352143 0.06999367084026518 0.04399246948482883 0.056106966948236504 0.0335966701160634 0.03834930468382025 0.0665090233381411 0.05520089662665379 0.05906260945103184 0.08717252895884531 0.04787838504465067 0.017378016380890583
10 0.00829795128805143 0.0044011129551211805 0.022727819191599646 0.024188642405668054 0.09533568710267212 0.03916728437509236 0.08521633838645203 0.09293396129965582 0.10104050062341392 0.09888435497374888 0.04786281743762796 0.12175747628145428 0.011606306674223318 0.006479113492799688 0.07367813325105776 0.017359860548038085 0.047387966389980954 0.06016962149359684 0.019744686585066815 0.021760365244678663
11 0.05740935448442789 0.05007737254217939 0.013055855701789566 0.05433956388501757 0.06996518230009928 0.01344496694791625 0.08333825852343021 0.081546488991388 0.044172216635227086 0.07583495012962957 0.017506990408944004 0.0648457794914641 0.02853053872580496 0.03598517548210232 0.07870112701638365 0.030553063941107777 0.07885608654670404 0.027573528771773652 0.011107050838859838 0.08315644863575089
12 0.08289450591618777 0.044839752803313614 0.06795113841480689 0.07709965442125326 0.01887196432242574 0.0005222533198451011 0.03243607462522622 0.06456502738488341 0.08378146882648509 0.023680809155914303 0.049463463753026404 0.006082407713550089 0.011371283112739989 0.06823397515795473 0.010349831749271319 0.07334685962783874 0.07723390496210164 0.08258451418498601 0.08107583412544493 0.0436152764227448
13 0.07569268350718518 0.031107222577693636 0.06836901983729243 0.02190979217099278 0.016487849640845015 0.07212125018551568 0.057748022026258616 0.04508595438860414 0.08390150519606875 0.05421658078691738 0.03945815018290439 0.04304979486600943 0.053022622890241754 0.005890084138563379 0.05518672160076418 0.07887202037543874 0.023338336725378033 0.07933341381504867 0.07225519657050176 0.022953778517775837
14 0.0532044077396161 0.059215061013426655 0.0947678018840772 0.05272719761760443 0.07172439641356196 0.023953118148765967 0.044686761954251926 0.08168995454801407 0.0009721080344459149 0.04899216302531928 0.05945485562004598 0.09158793600026348 0.036649979697408776 0.08457942322022896 0.016397729236309964 0.07368015417495967 0.012693751550855989 0.044008107557092814 0.0046238295369540406 0.04439126302679678
15 0.10901107257734548 0.05300732793790063 0.041608152054011166 0.005464858744915141 0.05341196802358268 0.09247657066550487 0.04814509334158701 0.046320565972716304 0.02001288223530019 9.936129838960494e-05 0.07859943339996577 0.011912827722800563 0.0904341433112484 0.008771113399353983 0.08346591922426883 0.06857925779067167 0.020900550734737094 0.044654599009681065 0.12090426148660081 0.0022200410694186486
16 0.05500960356091955 0.05331569465475219 0.08577534213934294 0.046797371740127595 0.01773442497452233 0.021543435606204957 0.026842700513693488 0.042901014455303595 0.07330635648265807 0.01810726765224474 0.0909850239027273 0.06135810918221849 0.004860996410072833 0.09246996250615994 0.011858812425323903 0.0651413411736139 0.04263145024617163 0.04928000126121506 0.04339857474932218 0.09668251636340518
17 0.030480569161241405 0.07534523459399074 0.0435927563561169 0.06307061347940691 0.015358238061759075 0.08299191146948513 0.0017490326433350148 0.04933393052771028 0.039788728070335455 0.10571638908739255 0.0618904635801137 0.08653559602412286 0.00812327490674074 0.03485563896112143 0.05182321591042596 0.005192212045572978 0.049161162192047775 0.047002316455402454 0.08987259528983604 0.05811612118384255
18 0.024272473052659328 0.0490873048856719 0.03535125946737655 0.015711906656119514 0.02260552768686307 0.06815452790053829 0.06397864669321376 0.051945989932381725 0.00264883052396086 0.005751103903624846 0.10112824922915946 0.06825522007385951 0.022055755089259856 0.057642196651455285 0.10480027111542929 0.03913079713819452 0.03126750106257989 0.06066987535831609 0.09588992613643015 0.07965263744290596
19 0.03495466977600173 0.00792785324594684 0.020150520457469973 0.014953410349111554 0.0612049506673941 0.05377173687572695 0.012145220231828964 0.05883547163272078 0.0005610627629406798 0.00492984486372076 0.02044449623889032 0.07715224996206588 0.09202462619404338 0.08028675139409813 0.036908229782921805 0.07905821510386105 0.02825297716126794 0.08796144489166194 0.11868370834807106 0.10979256006025605
20 0.09252759774291654 0.04714280552997088 0.037719891544101165 0.016763294383308654 0.017831564532294078 0.12171066942065414 0.02867980405806606 0.0031875474677803017 0.11869988851605909 0.06294560474811177 0.0078056823642868615 0.09135043222183124 0.0635529726592725 0.05790171377589629 0.03428333825188021 0.03937740490299667 0.05213140295620647 0.029060822751061897 0.015448817403430761 0.061878744769874164
21 0.06399784565506837 0.024373050513206894 0.0399014795863879 0.07314093525218972 0.026832618898183662 0.07453364955847219 0.008616591157403977 0.0945991244283221 0.0045826677451607754 0.10884361790789002 0.016898524155909162 0.03940270404700141 0.03455775672518797 0.07700146842275446 0.0748016026548628 0.10208814327635941 0.06982296339363481 0.03798421501062794 0.021744423251638372 0.006276618359738122
22 0.011169703220304519 0.053107138380861514 0.019671412781484356 0.0842259680828306 0.0453187313567204 0.05401890701180168 0.07602236828423391 0.08424760503813941 0.06278274072849736 0.04182453090855503 0.03757997828634234 0.08297434861826813 0.03654707147588702 0.06455201897259648 0.04149385576811875 0.028629105171726208 0.03650632011353298 0.04025730856104847 0.05923416261976595 0.0398367246192851
23 0.011195041440633213 0.054740978091828305 0.055169935805553565 0.03357956313430947 0.020195541497070976 0.0316303998940396 0.07829950067722818 0.07483380815457098 0.06046098884684259 0.05683818856292263 0.04496737576871684 0.02388544326762858 0.03870910981233822 0.051357176328367886 0.04023072110022399 0.04747979874765847 0.07207342874982721 0.06602501678811977 0.0737415049484017 0.0645864783837175
24 0.022273547315533108 0.02444923704548729 0.04325914786942241 0.0887093763369157 0.06872763736101976 0.09089807719276344 0.07054212714208903 0.052593172364013244 0.07525497884002158 0.03797416228711414 0.01639767191865198 0.005962059866260723 0.03588891946389331 0.07787219256449131 0.07775755251984849 0.035868342105457765 0.0013045935440872119 0.018125238755526445 0.07156479036550244 0.08457717514190065
25 0.05558511362291246 0.10162485615251034 0.007758293847760957 0.028639018851673814 0.0679896151957237 0.014869272926402676 0.08876806213605223 0.06995367447574831 0.07591123705126476 0.03494634762118194 0.09569399669485529 0.057080554665474494 0.012668225242846335 0.07613034841378255 0.08392342731412357 0.03334135141736931 0.04270826143619256 0.010431713339154613 0.04072353619808545 0.0012530933968845064
26 0.043566374459772274 0.03924919726757108 0.07271079518710379 0.03715610699724235 0.09365170678733793 0.024436355630878294 0.0016622473749935197 0.0637702722034615 0.010409863646955071 0.04722312978154796 0.09849849900363948 0.012416153916361401 0.03305246670682124 0.031363121421299364 0.01013713877337906 0.03221513941606474 0.13526851425288836 0.11004649893894548 0.04462785197008296 0.058538566263654224
27 0.07493572481124985 0.0810626953702604 0.04638710730766192 0.027506636083077622 0.028229484530528946 0.01989231076916816 0.03242857686668888 0.0743136818212339 0.011168982495372185 0.02702882377673453 0.06582856134127385 0.10676000627020808 0.02627821031587956 0.04770422419823383 0.10660815381637682 0.027311289940928914 0.018092774406176387 0.033342131311047775 0.10533695038841778 0.03978367417948038
28 0.003478295147711833 0.06735009524787122 0.019617845405582188 0.10462230685288501 0.09167040652380175 0.003502628617735505 0.04466081985695828 0.058782586367668636 0.11542647156755761 0.008637625361070898 0.0031933560328252356 0.07395732672102638 0.11241259342078472 0.04850563605104011 0.11812025385060464 0.013992177780292383 0.06570411699986585 0.016768628443377894 0.021927006697844136 0.007669823053495843
29 0.08879645820186549 0.09307263615853083 0.08306926556167595 0.031643168868325 0.04052170887992954 0.03318635312702163 0.07970807115587142 0.06043650024444696 0.11318521387805022 0.06335343844005434 0.020962820430423423 0.03330605444519394 0.011418433782381604 0.025113303144252405 0.07596603210924743 0.00020610834489637197 0.03285756673188027 0.03104802980321494 0.005994955001445233 0.07615388169129289
30 0.05972607080382337 0.09003996084104574 0.07923033514941967 0.005934831885710578 0.08272513831257727 0.03257731349627451 0.05126778113793634 0.09081914066607033 0.013304477705642425 0.02932501473095185 0.09249362060715162 0.026158281262959524 0.05628560953203411 0.021728923385891358 0.03946135331242252 0.09488657584857543 0.05392457425419083 0.004107640958814189 0.06584103205099771 0.010162324057510412
31 0.07227722679394608 0.04715680462117973 0.0950783750548399 0.029026835397754937 0.038559584686954876 0.06381096819761606 0.07907751644802716 0.07543934438458592 0.020275893693113087 0.025862432248851014 0.03061180171241217 0.0833214075530597 0.01396740023407939 0.07358014214972416 0.04911190419690466 0.11003912633706937 0.07338384009481407 0.01069465409986154 0.004944023750311024 0.0037807183448951027
32 0.09399387536999344 0.023978260228170147 0.03521842062811677 0.05444082452138085 0.10146197900050011 0.04860361252177356 0.029727202270603638 0.06226012790079075 0.08681545080476032 0.03506960571945412 0.08239016872776676 0.005127551135402998 0.06258939868005257 0.012586071206791984 0.02009208496638067 0.009197700424655045 0.05895213776680595 0.07842570331809187 0.023314596310336184 0.07575522849817218
33 0.07843850970252803 0.0747854450109322 0.021348546135163047 0.028153576636873606 0.039311114266251966 0.07284394076631107 0.03792680396845056 0.06103130670996333 0.0008633304511296291 0.004290480118961064 0.04668872303373014 0.0829903215661448 0.07801443595762761 0.019446849049895548 0.03334649738919375 0.06446114918521255 0.03133978451137155 0.06645013052546572 0.07015933720987444 0.08810971780491934
34 0.024889414869962538 0.01436636855815822 0.049509057179999864 0.01705464837016735 0.056277029861682794 0.06752920717165965 0.0868040609870643 0.06982348843526981 0.07506765739632267 0.10015301852794893 0.00939604570529972 0.03647717429990937 0.056991003836305384 0.0021563235850535463 0.0398254693839456 0.06417768932066274 0.08063727951769845 0.05564607832461958 0.036572934609417754 0.05664605005885167
35 0.0006502614793585393 0.09198188107076061 0.10195588811713907 0.02727711968921973 0.021075316189649862 0.0164635187531369 0.08090623345140611 0.09909410420883116 0.039568040242093705 0.0822315656004456 0.014187570171408785 0.014224219039264352 0.07595028947368639 0.0984295091879445 0.020007227676296757 0.0024715090278399294 0.0825993540167569 0.04103805985794153 0.06982482290225733 0.020063509844562264
36 0.009184873788526704 0.0680546455603612 0.05122060935242407 0.08476296855782338 0.050471417770796084 0.031144970064553554 0.06478018145247434 0.015992681857241803 0.04743447259439494 0.03396811643438644 0.0773237027851015 0.030585446918058957 0.06556665964453502 0.026579962473721023 0.04771900839935246 0.06642771525509468 0.06306975126812323 0.08749664046850657 0.006578374499312969 0.07163780085521101
37 0.006795107323621088 0.0011905419446034144 0.014663119161484162 0.019361607621770336 0.028245947267278918 0.03034832727123689 0.09489505912409865 0.036940380288852895 0.08762436248148499 0.025728904255594605 0.10045814739295014 0.03287923165492817 0.039827157169988935 0.08048110760015702 0.07526854785312957 0.03759585080792253 0.08247435502554161 0.0631423870388958 0.08214551622287261 0.05993434249358773
38 0.01904892737919073 0.002078488440491347 0.02315746319225804 0.008908455655495726 0.062376858853992 0.10393155380042736 0.023687214108671768 0.04512204355734104 0.05038969252234676 0.042757799276331526 0.06394121598703405 0.014975448730702426 0.08074357485418406 0.11157649127982254 0.10756915651158956 0.07968537420291535 0.03257234796449012 0.0199716207982867 0.10564698740336706 0.0018592854810618033
39 0.03196831968704632 0.07563804133282212 0.005068864522036282 0.02767054505382659 0.07396066796688655 0.07069505498238828 0.0275680314523721 0.09449621673171534 0.06811761371980435 0.023360801516526 0.0877478268921781 0.006920799482521295 0.10455606999062524 0.03010304729422891 0.06292125644886849 0.06524819697105341 0.08870759046693098 0.01555434233869282 0.03186930840971402 0.007827404739762716
40 0.050020372589568526 0.00911997638603421 0.05661574678798249 0.06817148812792978 0.0004229761119592088 0.05370349699457323 0.09336992539275119 0.07703144632996149 0.04043499670665799 0.012434579171459357 0.07640086809861601 0.009168495942392984 0.04840084527152194 0.08360857354709131 0.029329832844975697 0.0006789196200510515 0.09322710039272146 0.07163793454986023 0.07498835553060124 0.05123406960329047
41 0.007171349548381845 0.0028817686077411116 0.10247261255601613 0.04320394735301738 0.051686373882995885 0.0015195220893909447 0.02339674516248008 0.10633945775140756 0.05679264243720648 0.03372763701014695 0.07580867556095161 0.019091989529743603 0.08511384346410021 0.0647824856173677 0.05646854574774245 0.05641531235551524 0.06476408815052773 0.00947287657609592 0.09439201498043118 0.044498111618739886
42 0.07218807999691398 0.05504693671488926 0.06829118615615966 0.029867004198060595 0.04811407978011604 0.016200839147011606 0.07767647688680004 0.052741704786404824 0.06619223077985904 0.0358178976378372 0.02583918776001438 0.06459015553548668 0.015848498976870354 0.09478535473442656 0.0427849356376684 0.08830748835700108 0.03049273591076939 0.04054035113898091 0.06959853624087314 0.005076319623856627
43 0.0007017692734162611 0.014809037534569284 0.03862289998415579 0.01827894590321561 0.003592860128691452 0.04912263403916838 0.06685028750206506 0.011067103000374416 0.10745029844699674 0.11877046513579646 0.013719433199656354 0.11409396780971637 0.07129805395430404 0.0226847545202942 0.07904384036093215 0.04778936761511847 0.06082389996018544 0.011589766682335372 0.06685442978673298 0.08283618516227503
44 0.09369418230428185 0.015889678361529744 0.07882467059931438 0.044185297728908564 0.07226975960857629 0.008508397585247796 0.09088419933653885 0.06279650108366563 0.015831086626917835 0.026042868089890658 0.07887701063685156 0.04885683363626677 0.08797885227737325 0.05390194217411375 0.0017661666480381355 0.07262863250830492 0.08411125529787201 0.05917748176162901 0.0026726025971150103 0.0011025811375639568
45 0.08297234260416375 0.00827343341373477 0.012247964519770244 0.07395072524745991 0.02817969432401566 0.06202823626608468 0.052213408038842876 0.019114125045467667 0.06867382246846325 0.0801309808530889 0.056921856246594286 0.0627002942003889 0.02994317313321939 0.0048392766943325055 0.0799804412800762 0.06941620736059882 0.04601764497713812 0.013665102356229654 0.07246534648165627 0.07626592448867421
46 0.02933140619317062 0.03367729310619342 0.02495098535542177 0.08348044911547066 0.04901760708139019 0.11418964125292003 0.0925372207924311 0.01683949609508966 0.07120365179150434 0.02057173980292267 0.0016567012934492044 0.10494263646704555 0.11257178896750239 0.03880403936016209 0.006231353717865087 0.010258808358884366 0.021565175263761744 0.038760644161797815 0.1177129573925742 0.011696404430443123
47 0.08081282106327013 0.020394563074633124 0.020049675167074475 0.07168968422548454 0.09437012700099025 0.0924869451248744 0.022535361595208487 0.06954712293947037 0.004775587380490317 0.07204517977234406 0.011420825172931519 0.06825001074366091 0.012408942099679113 0.04483975404790648 0.07638232165364428 0.019174857424851036 0.07380186481345263 0.08220641567091956 0.004053370984905346 0.05875457004420901
48 0.07449459052205123 0.01439058869630065 0.014986652299137001 0.09217295580634335 0.032261226694557193 0.05245092172959205 0.022900801538352437 0.04879976192655546 0.08476891358833406 0.04948630489970965 0.07734040428187546 0.07425434028341325 0.0540840604009999 0.011429488753087061 0.0297886896353926 0.0698623876663748 0.04419131024361527 0.03090360448585825 0.043675782582497116 0.07775721396595299
49 0.04809993582582972 0.035441931808309846 0.038984168535425676 0.09095840109330965 0.06002397259653947 0.10173608745615295 0.08173825116220919 0.024599766612232808 0.03707268099383042 0.0009577334259796364 0.10260002557251434 0.04136221652431799 0.023186763282778723 0.07151053761402727 0.045901098877685974 0.012697793929875243 0.07379396846702099 0.0013976466895391775 0.10071267467108545 0.007224344861335493
50 0.035213577122443475 0.005712265016179194 0.056212595643850755 0.010555466899619568 0.10110800401634341 0.042086381825612744 0.07981773289449196 0.08933645798509585 0.06123976143770209 0.09279859100792287 0.0840862601063161 0.03277978621078772 0.00827467887057241 0.09867743252360639 0.015544209506763634 0.08956917912276902 0.05512970904501811 0.0030005049964718167 0.023523975083097847 0.015333430685335084
51 0.08311779477910301 0.06773649792010647 0.029820843078407107 0.081404880177652 0.04678194101138435 0.0714139639560123 0.08752226131511535 0.060413095817222366 0.031555189884881756 0.05762082851414468 0.046340514223407084 0.060476491711996136 0.015696524222241628 0.03628397710831215 0.022177777435167724 0.013710838448592498 0.010871380847422821 0.044709979057344126 0.08193883061124164 0.05040638988024493
52 0.028279987142836187 0.00958885371117665 0.07791719989776666 0.005914859946879071 0.09170042632814865 0.04272662406158945 0.027559054384915453 0.022974327662067903 0.08643658328146422 0.022916919258458974 0.05642301236213757 0.08078883180619578 0.058413577036582225 0.0924015062857845 0.08097123068958022 0.02947149525057732 0.04367526063108494 0.006755236988052546 0.038044391673385414 0.09704062160131621
53 0.013188568706148922 0.07853566557183278 0.08570873776464402 0.07536085553624067 0.049928963391665346 0.07993241994220524 0.08967841216926435 0.03306724475015071 0.07146991671745424 0.023080009113331485 0.008369086732920469 0.03242786207666222 0.020859093914017694 0.02217262933829066 0.05863433679743395 0.05710388989372407 0.05304189188050518 0.04491659869700042 0.04680461641183266 0.05571920059467502
54 0.06223318642616318 0.09712055649425728 0.0037484053492014813 0.0822713888428878 0.0132912227305746 0.07125541148192893 0.062862910329925 0.05667498530818637 0.008445323797793896 0.006126356452507582 0.0943799437827672 0.013978818485790542 0.06399498380684299 0.03645864675296586 0.05560140200554894 0.022885476390083842 0.029937448432184644 0.09849865105528689 0.07853835704254691 0.041696525032556025
55 0.03317571407333496 0.0335825998544567 0.0050118886691125405 0.08579423220627 0.032927179287497554 0.046281886128798265 0.09431986444960666 0.02527120751460483 0.09727521113879765 0.07645086355374835 0.03866987203403345 0.1099946550594216 0.0005171731061623788 0.041203413846814474 0.024646328155282626 0.01739993338254064 0.05848070026829532 0.001114348453437114 0.09273700321704234 0.08514592560074245
56 0.043855758829265 0.0391082411362871 0.03740239226625245 0.050601226745488705 0.06302362015213532 0.09134050358036752 0.03970369702092927 0.08481238693829596 0.07762563161790566 0.07168912658666417 0.01867468755368873 0.012032787520536697 0.036183020532291124 0.00868821441166086 0.06347245263639223 0.083429266247017 0.015088474448475029 0.08165658612951071 0.014304407025245365 0.06730751862159105
57 0.05779779894879941 0.04600679126254167 0.08682330932666511 0.01252423451875399 0.038183214571827814 0.062124496860004 0.0022036058024834356 0.02542902487488327 0.05861800922485255 0.0472955009806134 0.07936412722556745 0.021890419382861438 0.04037952882771684 0.04604743734331775 0.08204869855085199 0.1040633740861054 0.06376648001247934 0.026325566575642632 0.06743758818551565 0.031670793438516906
58 0.05719359559622083 0.04428084646837977 0.08329565763161172 0.04145318729709828 0.037608018751737214 0.011773726209609465 0.04069806647809727 0.10062916067557742 0.0013986849224459032 0.08661180469175107 0.009369412776356025 0.03814009659963941 0.025195070077698622 0.02891206512750577 0.07986043238261879 0.02147326046378569 0.0950918693807622 0.07753042140281753 0.012120725058667525 0.10736389800761967
59 0.050047474171765166 0.020512933445671205 0.04453128191694014 0.10407149131406451 0.051949094842201914 0.03117454741633727 0.008641408023875329 0.029801473096139064 0.08712116598926188 0.018579232915013046 0.045083290790152934 0.07396319039030087 0.051685946929399575 0.04836714110309418 0.004195968967261067 0.025801074450075852 0.08814597606659914 0.10242514194205694 0.019329347420007317 0.0945728188097825
60 0.08682072591379097 0.001679608605183346 0.018580731498480572 0.0029065268709087514 0.07510478619422 0.041058901951714556 0.01825508295954709 0.08513856200058188 0.07990515182161713 0.00354100368826493 0.06756760696027554 0.04458559030071551 0.06248137360480355 0.07655206558522085 0.09195111893276586 0.05269130741828428 0.07131788129477876 0.00679815927261178 0.06450042215123475 0.04856339297499991
61 0.05905651179333451 0.04135184479893766 0.08460711427303276 0.011808982617155883 0.06742708504907224 0.003998890665482988 0.051005907919349405 0.021509372917872416 0.04098057773268963 0.02371156701390228 0.055626277390100384 0.07914901834374254 0.015362412638515226 0.081662893616752 0.02380781848235879 0.08315967707223006 0.0757030102211962 0.055166923560140316 0.08648307018510018 0.03842104370903456
62 0.02619380855871824 0.02709498502718013 0.029551551495582775 0.004284403303123782 0.0018841851055238562 0.04115166054960514 0.01209480717193277 0.10054524193260135 0.058850949824279936 0.09839837663841484 0.05380016781406996 0.003920314049657037 0.08327424137611264 0.09415251758047172 0.05431217239231272 0.07640516012188671 0.03933561629301949 0.05331228884976502 0.0603468384793497 0.0810907134363922
63 0.07115682770282299 0.07790100017657531 0.08042893791682783 0.07915699174929494 0.028723946081730553 0.03989562135358991 0.0704670779080494 0.04135162579139876 0.01861269364502693 0.03143790067365571 0.07164739281570644 0.05611976708659805 0.08208158330512143 0.029062526790780207 0.02415940822061265 0.06345510164124955 0.07543968390908394 0.03960752528505676 0.017116624737198976 0.0021777632096196932
64 0.042525250711883525 0.07625409394342887 0.004009621719599577 0.05233470100381152 0.07500078941832505 0.05895849865069972 0.0696932958236138 0.06579380304996851 0.051630203853741535 0.07591486701190507 0.0854063730211834 0.04513882425719324 0.06702458463029132 0.05353536580957988 0.0071176623726485555 0.034808848108076156 0.03445419944323358 0.042234839798216066 0.04107833955912251 0.017085837813478295
65 0.052679625475608484 0.059156081829978405 0.08799081131491847 0.07378531515231251 0.02192507653388314 0.07298920844800605 0.07652923995217546 0.027249376111498354 0.05073827541536921 0.0485121174203035 0.008537673549223483 0.07579578724978947 0.09012555395705994 0.003538335622161051 0.03471167407631878 0.06858429845230632 0.023889303932658534 0.05301995622608864 0.012046785052496508 0.058195504227843656
66 0.04204971849409417 0.08206142501067341 0.038815311864782806 0.005365234701722314 0.039842811274844354 0.05416082399992711 0.03511213650091144 0.08725877131606279 0.06693275192484335 0.10371990073550456 0.017880705698004717 0.014138517978058268 0.0013125899937369344 0.09600026803425603 0.011970098664952786 0.05966428368584147 0.09397389615142929 0.028575206955050322 0.023390838911718902 0.09777470810358492
67 0.015169278028485967 0.013081626891805951 0.012991195310619635 0.06438766203278128 0.10169263524151856 0.04233566855742178 0.0458452605753165 0.045696780024578616 0.05156400380350138 0.05726317527955635 0.06823469001804822 0.050854840834317634 0.024447698955109374 0.08359436098425674 0.08367827667902365 0.04749346160553823 0.10333875557469804 0.020858959723780216 0.003949062785539823 0.063522607094102
68 0.027582813762220888 0.06751838696884337 0.0644886972598231 0.048367663313905386 0.0702774249054721 0.002658391630482127 0.07699705713557956 0.0003345814328473943 0.028245148736506496 0.06608433007966795 0.08498344595044924 0.07398468473080454 0.0738322812268275 0.08273966222772101 0.0013697204372399813 0.01299096548713333 0.0674661340924892 0.08376014448338327 0.06305456286707865 0.0032639032715249326
69 0.016920193237729964 0.0431264072090675 0.08703696749199608 0.08548595499808435 0.004677379084890611 0.04619226517703676 0.07889584865168658 0.02146436120952929 0.04006748375325822 0.06723815113000034 0.0418004342986413 0.011936894274503368 0.001409418120888049 0.1055055080105901 0.07756575043954238 0.09398765970265414 0.0018894212855220698 0.04348686406849022 0.08071532271208497 0.05059771514380377
70 0.045521664559593916 0.06379637989133291 0.07106141400978365 0.04223633207978854 0.023720576767994054 0.08210241956979111 0.04478764622275025 0.07778333298827801 0.02456522952944098 0.06971691692228735 0.039730622115609876 0.06630535563051654 0.08143609598332721 0.07829660335646539 0.06106056468894009 0.031943630296540945 0.005928046641977757 0.06282130757151445 0.017401971092078902 0.009783890081988296
71 0.06623421607285357 0.06309095040979354 0.04121564205443265 0.04521314466466967 0.04320558609706475 0.03974623682658066 0.01745800392900061 0.013977949007238932 0.04123506629622914 0.03503183370998179 0.031178598635460648 0.06989077196470991 0.06772769635329261 0.0762948826726221 0.07141640111369364 0.07536411909878873 0.0665834944557421 0.06564119367704428 0.04036575106980778 0.0291284618909929
72 0.04232800510754084 0.07639820397921221 0.03640659599776497 0.017352111394373485 0.09573613012226655 0.0406123137640339 0.07338582936695981 0.0835299660296943 0.008126706514044676 0.030794268682157063 0.06854929785062812 0.06997416557118372 0.0034161958746144827 0.008953888612093074 0.061175900024856004 0.04002183317427004 0.07065905663068692 0.07600704489669664 0.004426724974881805 0.0921457614320416
73 0.0063245535259299195 0.03848445489286441 0.004994863250511158 0.09395759267318787 0.09110080007817632 0.07876413188253154 0.09144756717681064 0.08616521319857985 0.014998589051278209 0.04609022577719964 0.06671971423090631 0.01563570429790807 0.0026236875529245056 0.07879120828179109 0.03602805635179063 0.08848655975583024 0.048591242858779464 0.04013944272037379 0.04808583180877868 0.022570560633847422
74 0.019174875508686594 0.09858337735259645 0.08264644593970888 0.0039945418858439675 0.019337102558296283 0.0566270139270985 0.08955525742819669 0.09558385249256719 0.0255841283495492 0.005257956973036589 0.058284892648440036 0.00335928864325176 0.09568555903468831 0.05551207210284578 0.07738401621738764 0.019073746241600846 0.003009068257508256 0.058151416843960274 0.09021174609312219 0.0429836415016145
75 0.028815644644763154 0.0016428724770120092 0.0380017975166664 0.01231073797409515 0.05901862337671937 0.04839721392926127 0.08304190201223158 0.03986199924887562 0.036006575787105394 0.10036593342557354 0.0020481057190461114 0.09107570498074986 0.04145500340552848 0.043174107946833844 0.053063275597331885 0.006871499846917948 0.09807624590981127 0.0377482810053983 0.07034499585627872 0.10867947933979996
76 0.05967845767375504 0.08314035787513196 0.04352971695644503 0.0711375704819026 0.01771411631192375 0.029082935387787973 0.05549510079137675 0.08139115093849583 0.05409366835652193 0.07795050044056684 0.0382120981798589 0.007306146869123137 0.06569340000596054 0.05149654567368052 0.04656686178694785 0.0713281613135041 0.029464044246173472 0.06250507753883755 0.031047461050666386 0.023166628121339846
77 0.04486280059454323 0.012236619003231025 0.006350589567912609 0.11501759281423825 0.12304520393076232 0.06271603156921937 0.0781083159311392 0.06115613335837472 0.018496921223940206 0.007131050204162922 0.01542934402640079 0.005652315173966326 0.04986806644048717 0.016187347248193904 0.10597937173247497 0.06322204716973247 0.03234114299725902 0.017711584597804843 0.045037473855962955 0.11945004856019363
78 0.07981964979608296 0.06238969925486082 0.004670161941046313 0.08011105078853795 0.0594952801326443 0.03135577941023494 0.080357197487976 0.08239292450814803 0.06722499022921254 0.010403988535651686 0.017152385508409203 0.06458985315328238 0.04082656561441139 0.0657370957505396 0.02329150759388982 0.03432454378793674 0.03143108190236834 0.021287151092243366 0.06091484795738559 0.08222424555513799
79 0.07897173566029464 0.08786427022244388 0.015139379436348101 0.04746252622981165 0.004344854021644015 0.054702098085452844 0.058460937197030355 0.050480642802636776 0.0695339783772591 0.004595007877712434 0.010201261498297335 0.05876254561007557 0.05585101824972145 0.031350839222764645 0.08434780112205909 0.050868531334721016 0.03338911688228528 0.04607898743149966 0.08516082162144717 0.0724336471164952
80 0.0673042355601465 0.05845005066353444 0.04770692768955143 0.01871801075139832 0.07886348322571247 0.05403560256179756 0.02378904335883234 0.026378736334633817 0.07293096480697614 0.0828618755400538 0.05378638601389139 0.05172348649458353 0.04070601142133163 0.08211697705243606 0.05858871383488131 0.028410380217086414 0.041216731086987576 0.030724802516466303 0.049824831705217704 0.03186274916448125
81 0.03728334270946057 0.008728953711195019 0.0006555056617556112 0.028621695833178168 0.10450045453341934 0.052167749477198266 0.0886057044775075 0.027447765126777334 0.027988083496916397 0.0503019719274922 0.08198649767073514 0.05958391394342181 0.02410342219209793 0.08489671799470484 0.012788567165290556 0.10606643217139823 0.06601129982964017 0.032865235959254405 0.09721332414432718 0.008183361974229229
82 0.09454548413069036 0.014997586221276449 0.07383761252994094 0.03549113141613213 0.05755418845878951 0.03268683516370892 0.03203824974556441 0.009819257403614471 0.06993970434002555 0.02337607809921673 0.10865871010038905 0.06933208661345748 0.0213493024584553 0.05327223422006104 0.06951860869463347 0.025255653293816568 0.0796781425223227 0.040288499020143385 0.004198704670246705 0.084161930897515
83 0.03975301136732796 0.056383693546999104 0.07642021298162134 0.022324674654642804 0.09020420869491068 0.03298338693635592 0.0598627349606943 0.03304722566441393 0.029930600462513866 0.02169605970130357 0.06975946090483268 0.05217549802115563 0.041536505897132446 0.0251120286501443 0.049011966678966165 0.06934281909147225 0.08508214706908897 0.0006532062015962444 0.04777381542427261 0.09694674309055537
84 0.027154039350293077 0.06542799140201691 0.061070232483993375 0.0765483861373132 0.07976005898807403 0.030055919959739847 0.030678308406243686 0.058126954250046846 0.011892180659168234 0.0843160134435797 0.00335909842557503 0.020644133902453322 0.051222575585991206 0.046532967455257625 0.07979123753379867 0.045073216937452226 0.009484309513105993 0.06528432033668508 0.07662702791158527 0.0769510273176266
85 0.1021456355849415 0.02612026448766749 0.007643830013995881 0.04960730174206088 0.010673625937044379 0.04792211127755169 0.019730186701206062 0.028275962618067543 0.045215162200514615 0.05415150590425862 0.08647525185112524 0.0004016028086133053 0.11522576673343074 0.020897716090371065 0.08566662573663276 0.023647208417361225 0.0931683760980118 0.0818238856161831 0.006843254629410456 0.09436472555155152
86 0.051417705759385805 0.0407026807004475 0.0874065473641272 0.04205890036947055 0.04659644105999454 0.03379039787686053 0.014362034006417342 0.07120465899343446 0.00777199968416618 0.042392651105661025 0.015505891619121429 0.046784715442570735 0.08949304264937095 0.041841857079631194 0.07576741645721738 0.07990559479167988 0.06742844748388094 0.05961670936445159 0.0148968415732275 0.07105546661888325
87 0.0900359469951488 0.04259655507973693 0.08588553050877011 0.004020879889116276 0.023271054980092576 0.08015926543674863 0.08817593918875723 0.04496437838958535 0.059950086606093765 0.07407941275739628 0.00616543606244341 0.00900630625107633 0.05887169891898439 0.004834758718750118 0.08370654432060116 0.00570986650732776 0.043719308803108606 0.07911274151602848 0.053910483054971724 0.06182380601526202
88 0.046971001172198885 0.029361559454569947 0.05536490824153181 0.003547386242347486 0.03367069830924513 0.05126533311868326 0.08353919162766323 0.08527662815341536 0.086716735971834 0.027362441628408504 0.01848802362442954 0.08451777719914984 0.03693030138090605 0.009811973330216706 0.05597337390455838 0.07390166698039916 0.046895952448107646 0.034045021334981045 0.08024056562101328 0.05611946025634049
89 0.030388903392121913 0.0094359880283015 0.09220714878404468 0.04283489976460717 0.08526831898825882 0.05838830997737196 0.018070126003498173 0.059698652316437326 0.05024487609945758 0.014971268371159837 0.009355156131964214 0.09998147475928225 0.017050623023181704 0.08849479941987204 0.007626257966590264 0.0864602781410923 0.07552414071373205 0.07197444239227067 0.01124371270396935 0.07078062302278618
90 0.09399527881189257 0.07632923878902367 0.012090449033267895 0.06828171577353068 0.011134239693876226 0.05118031646471306 0.08819515412672574 0.042858064089047895 0.0032691574298938943 0.013521922703629605 0.0452699279200182 0.041329991550638746 0.0482945384757555 0.05308764215949516 0.03322124844281713 0.014049095351883787 0.08169811219779152 0.05768933861592797 0.08045297057292769 0.08405159779714312
91 0.03899641339531106 0.021104530064077944 0.05345101464698421 0.08772211561361687 0.03141084520069666 0.06543583188626813 0.032688430112508535 0.0764520268340239 0.06567805977098957 0.025009206425721634 0.007004877012066019 0.011750992973144296 0.017744311235572106 0.05676042445210196 0.08734287001183108 0.06767439930822024 0.09007878435622028 0.04808430425407176 0.03177291747236444 0.08383764497420904
92 0.0709744117720863 0.06634743244852376 0.08329109700921768 0.024576665431109267 0.009336795278798157 0.04669839093020417 0.09257823702016901 0.004454931607992958 0.03371300904720381 0.03313819272130584 0.04876091764720474 0.07007835733419779 0.007216957014903359 0.07196884110666238 0.044339474302845086 0.05407668760150346 0.09328493097546378 0.07429339553272439 0.06561518666772051 0.005256088550163725
93 0.05644240013408578 0.008968911577258739 0.05325985568238776 0.023621754527404684 0.053136222283140716 0.05770885208576479 0.0934470446394245 0.06243763337644405 0.07732380107734561 0.005010415837058812 0.0708624101593784 0.06228301563578817 0.009048178117765211 0.08040948784945157 0.06622391505822177 0.08659910376988982 0.010808273281260326 0.09100093864843674 0.023099057117180865 0.008308729142311727
94 0.0526500266391003 0.04245233645685123 0.07730008791412477 0.08625094457965692 0.0026262941372913098 0.06298852516451055 0.06616733273341233 0.0726392297604745 0.08310018906329217 0.05958591713199037 0.07563165713059553 0.0012738385443642312 0.007483570450054131 0.07811015575330969 0.03270098090121583 0.07189975850172992 0.03167660013655434 0.05912523966552672 0.010214741826370562 0.026122573509574712
95 0.060362729348936196 0.0656962041767596 0.045273373282742016 0.04348150630591306 0.0850783380425639 0.013509423395090476 0.0806815703519422 0.00020906767267286092 0.06473959565410073 0.018683813533199936 0.034708553639118046 0.05163379748403229 0.04646983288333067 0.012600794028455495 0.09066859827347121 0.05587767731208377 0.07543819758088087 0.02678277065451116 0.08907760449972443 0.03902655188047104
96 0.04654283399702211 0.005428748381811283 0.09582140746922796 0.10199697549927159 0.09111242656322738 0.017560231615838136 0.021247863281466713 0.11484383148504848 0.07829780108698199 0.04383570521549898 0.0535628993965713 0.004258506962374 0.02346549476521118 0.06118187004521576 0.07590868542033842 0.006086243630782953 0.07634864475124979 0.04338457619215674 0.03204157863584763 0.007073675604857462
