0 0.03264904059146545 0.08214926343410432 0.06028342267880623 0.01661121263754046 0.06025080994341075 0.014777195061613239 0.023158840042144416 0.052573176728578475 0.04554176835300053 0.037261699082331 0.08348682759012681 0.04207871882539689 0.06762913014674546 0.06902049022193321 0.06023153108159328 0.03934873784704899 0.06615712862369816 0.06187838373729809 0.017751440098828678 0.06716118327433555
1 0.005073298339878177 0.10174086356008352 0.0191424284136552 0.044228128423812414 0.014312924512726342 0.06441988273683964 0.018138840017994477 0.08234893942154825 0.0682738215975366 0.07821181760531457 0.07414343877600994 0.09814980046440056 0.09780593217767118 0.05210312788492206 0.017042644911349568 0.005612244099962138 0.1014150565462114 0.024137163858256434 0.024106263414288162 0.00959338323753947
2 0.05806547503905087 0.07188399555457364 0.0027667645086454353 0.009095680265898227 0.09674360573150598 0.03756794315832144 0.033023310604424434 0.04185242077104691 0.0828404767643083 0.06799166697581593 0.03750954098942504 0.0998717758753027 0.07976416236749735 0.02309255126471978 0.022917485568737097 0.03205112569265273 0.07319654879532433 0.03387257082659867 0.010662169236951081 0.08523073000920005
3 0.016954088123558267 0.005985692361856381 0.07910542963968238 0.036573213264863354 0.030424138006633517 0.059341646580775974 0.01760690643404348 0.006493085975594932 0.06441376148995195 0.07512911001932805 0.014188966492739395 0.0968981618421902 0.07346040142191784 0.07599959268427892 0.0842680982648714 0.021425877272477325 0.09435015354901587 0.0022227264100726746 0.03665638586869212 0.10850256429745621
4 0.05917916385363618 0.027078490121559426 0.05072313582849986 0.03596458419314904 0.04792327383110538 0.019335959776598247 0.008129556385660668 0.031196601970598 0.02999083243308923 0.07624642411902463 0.05200837995868756 0.07502826062229451 0.010137405286862265 0.09671169065682732 0.08717480808121489 0.04608173753768664 0.07248781472554507 0.09307350103714396 0.016257024327785637 0.06527135525303149
5 0.06610811555429603 0.021825667213083034 0.08297196743542606 0.04356118988811986 0.030858312279620492 0.02345752422212639 0.030627574824012325 0.07506529329138288 0.07674502846620358 0.04337165350630933 0.05098241886749805 0.009032047441184658 0.032217652632918224 0.028835202162243452 0.08965324153923185 0.056903946875900814 0.07860101175750775 0.01658818908753761 0.07217495436598444 0.07041900858941316
6 0.05994437369168638 0.07146874152592114 0.07584702937419267 0.07943611330679459 0.090458920502497 0.06361714284905873 0.0022459195567590554 0.0765215755479307 0.09182910057077946 0.061493523391002246 0.05632236757398021 0.028670894021949035 0.012895716270899776 0.006830919546613772 0.02374065234259659 0.004908255930683602 0.010786822004134597 0.07752181698577691 0.06025518939145166 0.045204925615291734
7 0.04831062003553586 0.07136999000494965 0.01716075925575863 0.04877481447575356 0.05486986011187544 0.046852552318666335 0.0008829752303630749 0.042137138893021044 0.04445653100190752 0.051536242584042206 0.07166783385185059 0.07371586592651445 0.011888313834749182 0.07389370233944456 0.024041958340430037 0.08009854324646949 0.07818200957361747 0.08180314987112156 0.02672455920293602 0.05163257990099343
8 0.046980973783914755 0.06809226911016238 0.08393775550096007 0.011699082853037833 0.04361198370437419 0.025712541120344764 0.08760290222986675 0.0900139580939459 0.03490389474333471 0.06196116014161264 0.0666897998891908 0.024597750939251206 0.033471584610676064 0.02144386724968357 0.03787721293346544 0.02361915185134254 0.06885132305171242 0.0713842954958094 0.08366040587943495 0.013888086817879793
9 0.04919204985176012 0.03787305329127715 0.059383915266067205 0.0979811063419037 0.020328203332549703 0.09599864337680702 0.08229664077408264 0.03300019094979199 0.03087759369279046 0.031658611961228926 0.040161760681922405 0.08009439784237458 0.010045544503799323 0.06742345516566033 0.07049807314945855 0.09346791576213069 0.028797689046588616 0.008823187035286412 0.020738116271179146 0.04135985170334108
10 3.837851183680441e-07 0.05388176935752416 0.08562784423696049 0.08419755656478188 0.09899048032026189 0.007308937742301721 0.09442669368037848 0.0008823744824873161 0.006527576540759421 0.0523102283539993 0.04772593613592486 0.07821359653968836 0.043560418898205215 0.013201774250149928 0.07990194698716309 0.025770739804254223 0.08597303887208989 0.0850981262289222 0.030585422185051725 0.025815155033977678
11 0.10627175382599524 0.03520912090166717 0.036112489566739917 0.03815139922059447 0.01208474239811795 0.004524769349198316 0.049101550718890274 0.008475958472244043 0.05491290273150122 0.04785670539527748 0.04575875359002677 0.07807564696112512 0.08329187869086542 0.07108421266300659 0.006371958419368098 0.07357377555203626 0.04598334697579378 0.05900409899468971 0.09885214808858718 0.045302787484275145
12 0.013499208848960373 0.0073589889536414465 0.06986393276514109 0.058256434455913976 0.014209626264103735 0.12066383023387682 0.05524389007379772 0.03993829082971131 0.036767124825646785 0.028898446177179522 0.09832793671947727 0.07888857548114118 0.07470609965362279 0.07370436057768197 0.019977849885642145 0.04690290069951939 0.02142026738039551 0.008485662245603452 0.08891782129289215 0.043968752636051274
13 0.06994030080572593 0.09347941464255678 0.07453512979458074 0.07176067086064068 0.020654432553482163 0.09549851748783574 0.020631483678661675 0.04205727280165993 0.03809483812102036 0.04087900900956413 0.02774427997271631 0.05719698135203475 0.04175954989194083 0.004618233691357118 0.004843864096147938 0.10668879465868696 0.002284872768344885 0.11777866728474136 0.03590329605223159 0.033650390476070144
14 0.014639117544040799 0.02359300837078716 0.10612517750153985 0.04811810179606317 0.09413542849160875 0.10535482104449603 0.035180023344713256 0.023151998477494728 0.07419970289706548 0.06974701704491124 0.0036805176858348493 0.002453782168010648 0.007979239894848843 0.10496192877029774 0.05693420810860262 0.06973714235121901 0.034197844726224745 0.04307640647278723 0.07236778313182377 0.010366750177629853
15 0.03705263338667221 0.04534043613923473 0.057896312739650194 0.01760978553077258 0.07055461911467181 0.04605598146081447 0.032314861260125574 0.034950529729417104 0.04227262264248576 0.04747532941007502 0.08430411118581722 0.03104922329047796 0.08103843737865143 0.07355189514990483 0.028339948745650885 0.07344995942661037 0.08312365596353338 0.07669192061601679 0.02117693942323874 0.015750797406179
16 0.006525673805366608 0.049586655987634294 0.05837217124016867 0.02663777719326104 0.010325688987080589 0.0872821122353063 0.054590450207296665 0.026144566380220908 0.049096717246537414 0.07234310496863461 0.04769988095785941 0.06430538914699589 0.02591548462792043 0.07493053568926897 0.08840207262294066 0.06583676545715253 0.05799837993846713 0.02444558029018468 0.07489941736992786 0.03466157564777528
17 0.07822664591366502 0.018007480533730937 0.07252675796392914 0.08332660684819049 0.044646051847662446 0.01643466970385665 0.08678910364001335 0.01332959184154075 0.07975202096819008 0.07401192123695408 0.09803904268568923 0.01526597761021656 0.013642766990739835 0.002491374089668655 0.07028003674098804 0.02202996370616649 0.01368516566627771 0.031100517881273895 0.0710628556980149 0.09535144843323165
18 0.051648778920210366 0.06400029711686343 0.07757935239758515 0.05632278319161659 0.039031712636197674 0.03543122785583187 0.03483284774683386 0.0825848024960727 0.05906883779360758 0.017034975961064264 0.008281101059612788 0.08012271778908259 0.06814518846934957 0.08472054150771571 0.01664469323738629 0.06144122788105636 0.050881457361214674 0.02510160362279029 0.05150720561965055 0.035618647336257594
19 0.08443563545853316 0.06419065894693 0.020208307352377174 0.01127817627728926 0.09142216494301168 0.028697494738369824 0.09032609667092381 0.08245998121664147 0.031032591867708365 0.029105966642526855 0.06657344998287353 0.05491914594061324 0.011907146651186671 0.05939360933849148 0.07930037080464257 0.043094420662194995 0.034569432014475536 0.10828806865251672 0.003027310135586568 0.005769971703107151
20 0.021770676895364525 0.11073566083656401 0.0028240744062185004 0.010456447644203296 0.056184731502951835 0.03358376708305418 0.014463349481836812 0.015063884238913614 0.11602008476901865 0.03239183557165469 0.013825650561433964 0.10311755221906668 0.034578032125745756 0.11247473311505411 0.04111173733806023 0.07110334861734112 0.07866115361320801 0.057952276528905104 0.0559209439410062 0.017760059510398864
21 0.052924927039580315 0.02998806751571274 0.0076958906674763185 0.06904155174926871 0.05085000317830613 0.007562384987860839 0.06337709186442621 0.05820878586925058 0.03693567718695921 0.042984244653467944 0.0755305865695819 0.0798097612819436 0.06089359868723242 0.028538003616024096 0.04718543034335411 0.061355491888470004 0.05061548945971328 0.07921158157958634 0.04786463080573952 0.04942680105604572
22 0.09038092984605309 0.018165776228168017 0.026497747779727736 0.008560007241556747 0.05711303425320799 0.06515340914092232 0.04347235428237049 0.0557310073381445 0.06598805216659158 0.09464731893948734 0.03233430378443804 0.02100159115033701 0.030078102959882492 0.06164411836618666 0.08046837135512024 0.009577579629333746 0.027395559828083737 0.03524158855232474 0.09322414905782367 0.08332499810024016
23 0.0319028254585243 0.055802876323117416 0.0042721604661206634 0.08136975669273211 0.08594424809513157 0.09930355960821037 0.0008684862804972303 0.050955870961862146 0.012677847989286407 0.04670671605746345 0.10301691613135623 0.009087375860952356 0.003631325549951397 0.013273602340388532 0.0628762766042858 0.09664345058786392 0.05005215495551118 0.09579226927737426 0.04798202338521621 0.04784025737415439
24 0.02237239975415331 0.04658870729830114 0.08115300998236634 0.05091958712871263 0.10697932290575872 0.07251350951380682 0.0958930071420183 0.09312836831029582 0.026742602236313362 0.007739988334886658 0.03207780030553445 0.08051759411497293 0.0069638837494199485 0.0768948215933302 0.06481565194817639 0.06330033677007285 0.012829951581362423 0.036823398947534426 0.0208921267474045 0.0008539316355786839
25 0.04628461687042004 0.014487038664997709 0.0005833837161625327 0.06428703063658396 0.09368966338439394 0.06643081511527439 0.07121232922916247 0.01270411237016935 0.054934248244338964 0.015623342613675435 0.07875652812627466 0.07799867825979896 0.007477416667949645 0.10015031646867606 0.05126097263866559 0.04604132902479245 0.082575338921968 0.07997504114097047 0.005762283470251175 0.029765514435474077
26 0.019040747243441073 0.09936250658523124 0.08544641113542811 0.10013493615659588 0.008157163473336511 0.023057654262435456 0.09457144696459638 0.027140407408511636 0.0380248647392916 0.061608213433812044 0.0030451452640425252 0.03530356166539318 0.0865358322382498 0.090486757016455 0.013623338735934442 0.04104123956473884 0.05563257666701293 0.0014788745869995078 0.01639073521256821 0.09991758764592529
27 0.06595597007137241 0.06687946690619889 0.0770760912350048 0.06207992973732898 0.044877817701856906 0.06092081105516176 0.027447270787200436 0.07423490243309999 0.02365440820928046 0.05624075364262498 0.06386785694286398 0.050645962035861414 0.04190185317387567 0.02445278113790767 0.02777011823391153 0.03886387817132567 0.04287401070778102 0.07170168030851415 0.0036235657710759783 0.07493087173775334
28 0.10027031422076034 0.07372468651663043 0.009826394241078807 0.09209028264635775 0.05125872102939791 0.07290906137368401 0.026920874177752123 0.0059488973595416845 0.05991146323880118 0.08656667741611428 0.011632595667646179 0.05658877540756337 0.019239680414061218 0.0257759564360517 0.037882920048067176 0.07004939195666773 0.04495391881150707 0.0013305474012812522 0.09386136095141803 0.059257480685617724
29 0.009257571189112416 0.08426697110648775 0.02632943950062483 0.06831100214510238 0.0986323349792967 0.049351137072205245 0.006389104814927837 0.06452647064077399 0.05990838780297542 0.09220984923303721 0.06507492302171392 0.046821355449218664 0.016271946738748762 0.08017102622615076 0.005862373952471063 0.09359489308382256 0.09654148998819449 0.020104950066889452 0.014530162669293275 0.0018446103189530012
30 0.009448454516008672 0.0725281914527837 0.08262987613104093 0.06823859432829034 0.10594587356861891 0.0016437124847513964 0.09319134539228992 0.06187070915604439 0.04591675993731461 0.09289264756087136 0.008561264839945296 0.016097143918979352 0.04661784319670472 0.07789958841498247 0.006505729187083777 0.0633171840563177 0.07696126330165275 0.00028127682627984 0.057404671654548586 0.012047870075491138
31 0.02630340257774608 0.0015484561855085668 0.08277995019282786 0.078686668018251 0.05052364522160129 0.060782317683251486 0.0517698639307432 0.06717916188432371 0.03868933397022249 0.05458298958060814 0.05614722336671771 0.026058775731918726 0.07439055471729272 0.06331271046161711 0.046365902397884406 0.014764427694056306 0.06382254649631205 0.05973432191665088 0.0066809850534406325 0.07587676291902559
32 0.024834289794160545 0.05978026513757406 0.03452514764116985 0.06969108340094739 0.06886531260891789 0.08408255884260064 0.035620182930877396 0.07016755047145341 0.02229382652734048 0.08513761860869504 0.044742392548968876 0.056810271286892235 0.08253248608036462 0.017953388746709743 0.08330416223727558 0.07950864371585667 0.01028731339860877 0.007173613717479052 0.005121130605987822 0.057568761698119926
33 0.047269825946706735 0.06055418399453011 0.10553395602506781 0.06767653341203868 0.07430504101547777 0.0016942656855074858 0.023918408627283397 0.09501029754783795 0.04228778885739112 0.021892766737474183 0.033481493834227646 0.004859284719342595 0.0487170983898951 0.04022194367181034 0.06887498065035859 0.020276946779650692 0.08754265172378858 0.023082011525991913 0.08721062783892873 0.045589893016690704
34 0.08996711796586404 0.06279326188462905 0.07259491484662506 0.07168530639993054 0.048820105837463185 0.04573860143200039 0.07196855901632211 0.10756706578490664 0.11201572627799514 0.014717981963940491 0.029909789286389758 0.026979290448491008 0.02947658367687411 0.10664972795175874 0.00982490843337484 0.012417011532843296 0.0288466756244325 0.020015844137969124 0.021269175645067986 0.016742351853121926
35 0.07706597634875005 0.03949590787387048 0.0005326833767120807 0.01609949323469827 0.06743328903470507 0.06034102246847865 0.07689921543539913 0.06193696724153077 0.046337556178837315 0.06731841031551832 0.07574628331177291 0.06170453887067197 0.07342810623303071 0.05977139687372946 0.032586255975878574 0.08348016105153519 0.0016062627779491357 0.010387657828966947 0.021897740416248923 0.06593107515171605
36 0.04998959123690466 0.07269261809215558 0.055024655850258786 0.03175440371850686 0.04090199381200298 0.05115485892362201 0.07389041425047711 0.053029731970195296 0.07156919835781499 0.07477094481849444 0.07125451991683346 0.022961614143551003 0.06814301783389007 0.03648960830071982 0.008247228181832428 0.06989518319097786 0.007159103895003694 0.01718117637000785 0.056412590625312294 0.06747754651143899
37 0.022140644179690704 0.020426012453031335 0.0018210727864169545 0.08236440604731082 0.08235559199912289 0.06364859368478826 0.05797706186318592 0.05431416239473774 0.06488060936555133 0.0507735301226585 0.04559646316362473 0.0018822562260501108 0.07386069857641658 0.09080122288300416 0.017980956198987163 0.05615117956118629 0.0630628804394107 0.0018468420892777614 0.06703730646249542 0.08107850950305265
38 0.058576544011006156 0.01967127235650118 0.05158549311165393 0.05003567298696023 0.03967156663741054 0.01685673655174292 0.0019072788904720224 0.026176917517721145 0.05291488767398401 0.06874527197200976 0.09830871035854052 0.024421224688947456 0.04510070038006359 0.0485924113324794 0.0770464903210188 0.025960593568343692 0.06538051661768836 0.07419492508397584 0.07830971893875752 0.07654306700072272
39 0.026242363227323873 0.0009920692766318378 0.03955987828952074 0.05225024491736154 0.06260498262866855 0.0505657446353096 0.08180402334254638 0.035327544064877134 0.0500404931341013 0.04612939961870435 0.05091827849623059 0.06858048192401399 0.02471162020425869 0.054727672031993024 0.09780109329518316 0.09588377100605809 0.07052999373329373 0.04733797584144953 0.003780221775571578 0.040212148556902465
40 0.027061157852082338 0.027765140979102657 0.023689697331157878 0.03630859576202536 0.07548584695510664 0.049653040414676476 0.08319910121624362 0.025567043270116878 0.07992270408717916 0.05118219235113724 0.08947596940407955 0.08288106556518571 0.04093376678793285 0.07590187689200018 0.0076046956777120495 0.02404321585151166 0.07745791257091271 0.05623778870473289 0.05970182472266587 0.005927363604438434
41 0.009902922882278401 0.04198142200580169 0.08218622962850064 0.019055989745761642 0.05331838659228436 0.0879013010490598 0.07218672140956243 0.07589185939018014 0.01035778639823513 0.03876020194436775 0.05479974097781426 0.07892101529491279 0.06291643131491605 0.08402647375305433 0.01484120646989288 0.03616255451010878 0.07412463643672756 0.04580627797195393 0.03679389515854448 0.020064947066042744
42 0.05797899426792301 0.10078478482982893 0.02712836180546968 0.09477951243996732 0.05068485073721422 0.02227677789133582 0.05727033826276526 0.032286720810946974 0.06539116552390331 0.03731978259435937 0.0013839173061711194 0.07243786804024782 0.019403922483609847 0.09785553560111444 0.03073201886355157 0.08478500638304616 0.011729197352126635 0.07451120922580991 0.016323572031602417 0.04493646354900632
43 0.10954149714313045 0.005971377912721839 0.09373401910522826 0.0268976153565228 0.08402276672083825 0.004724306351187111 0.0726319174141824 0.015247188329270968 0.03454556497261894 0.030836713138012038 0.023030477802225776 0.007923528479951156 0.05753829971350014 0.05727618846736734 0.04220704197751865 0.0829281691155814 0.09437982234700654 0.05546317678760766 0.053598932942700926 0.04750139592282715
44 0.08181616083802798 0.09161243113006012 0.06755215510612451 0.05033341883635451 0.010489712587870048 0.08478616749541354 0.03163013440987395 0.06509688314145776 0.05468919109770442 0.010886724786325696 0.029967399946716187 0.004935951731913753 0.00985224960508916 0.025008523160112716 0.07365933438798128 0.060350682080619666 0.026008579663550253 0.06954173617305094 0.0681400059293296 0.08364255789242371
45 0.07602106893842815 0.02617132364049234 0.08410257663172188 0.04547611248771065 0.059010114378705215 0.025886877798243762 0.06533627277883111 0.05653686955070113 0.02814545931184631 0.04258434064090466 0.02721489750940873 0.09946077078444743 0.0868964838572801 0.009138197949676597 0.07389996852237864 0.05357281384526619 0.03172624636809469 0.031417751240806965 0.03878306844216326 0.03861878532289223
46 0.07134342056997091 0.09735792821915944 0.040942399966228324 0.07969826469695668 0.05127687873748098 0.02092368186993256 0.0795197394154158 0.06038176019902346 0.059089053816575116 0.008763007243591171 0.04633055626260093 0.10892436388844619 0.03467737443088151 0.006474169607850116 0.02229031652259828 0.010807499468824118 0.06330596203601302 0.015673858545014224 0.04614710243005239 0.07607266207338481
47 0.012963841002368 0.05854378421739363 0.07906366768249466 0.10130213297763034 0.031720771190666686 0.08011500709507435 0.07540177289365155 0.04362289300017867 0.0035013994465429195 0.024358407855066797 0.04091701361058994 0.045107465929540784 0.07785655011226232 0.06165375584211906 0.00972347189723548 0.03122796003494389 0.08316336449881452 0.06292928967688112 0.028419713597308903 0.04840773743923662
48 0.03367293012326721 0.02700964112817715 0.06251621541002772 0.001970772735699458 0.024564437592607992 0.05581293430626285 0.10361016907382209 0.05324330798888058 0.06907066972306287 0.03248596354052081 0.08329460907479834 0.07750615267067608 0.06934716284934528 0.04594040773950638 0.012775997492577707 0.019571857771860917 0.015608372394327743 0.08102879908048151 0.09166614838779434 0.039303450916302954
49 0.023606578051225343 0.053377447652276415 0.003020947468121855 0.07936575815335324 0.018717956723818336 0.08172240514972408 0.05720098058072117 0.058269887879208386 0.08174459315445494 0.008747828571905564 0.05529467373428984 0.048504346036298364 0.0752409002294178 0.04292875084160289 0.02084888099677168 0.05412838549705363 0.03841717549671402 0.08228370243752552 0.08163976893692594 0.03493903240859101
50 0.04442735913487187 0.028112078196134597 0.06571459011090529 0.048366563929871875 0.058992422457045536 0.06405232952461648 0.05065461573241555 0.07253641166815346 0.0630096371771471 0.017577736558198925 0.09667919220338239 0.008319554462173615 0.07904343888407227 0.015317446288331761 0.0379016624255376 0.04131366796937234 0.04066847130922667 0.09318816413603277 0.005413482290163441 0.06871117554234646
51 0.05989971776436927 0.015753289604526582 0.03954560175662161 0.01050382075861344 0.027878613819458716 0.04048717220880605 0.1018783870399234 0.08337207837279774 0.07766941693189439 0.0063620135844612655 0.0417447897801471 0.022907043108333594 0.05732564784323432 0.008112222091699654 0.0196178366922972 0.08640275335481193 0.08342893793967913 0.07391017938939146 0.07043583775845905 0.07276464020047424
52 0.07050985939886736 0.005049303423227843 0.03911178972840139 0.024208768818633895 0.07812922421480874 0.08247338416345613 0.006340533123337535 0.05843898445910341 0.08019209741413694 0.07769064842522481 0.07366167669216345 0.09044797262713018 0.0024605286363748673 0.0445540044699443 0.06024613211183308 0.0404512320762339 0.0415192346264766 0.010469822047238973 0.038663246987311946 0.07538155655609469
53 0.02674321315988583 0.038698823493103066 0.08341905101752572 0.08859817876822125 0.0623584458159812 0.041850722718142705 0.06418464354997692 0.08958389099193824 0.057778337280841384 0.010564288830715867 0.02994070088969228 0.050690787286170436 0.004271594630467805 0.07291811258902325 0.017887881611712383 0.023506233792283872 0.08191064972923122 0.07616116847823029 0.039959481165502436 0.03897379420135384
54 0.07121329004908374 0.08291175179431173 0.03570659650542843 0.045884700404451605 0.009582034677059453 0.04134925362612177 0.08942463825203623 0.02198802002622154 0.027051457674946842 0.06307158467422222 0.027755364915126618 0.02002337284666958 0.07368635060582003 0.06897795645627876 0.01991978405649674 0.06776094875958527 0.06694902041084 0.05263951152649622 0.06055183474533861 0.05355252799346467
55 0.028872934602054173 0.07519240047361422 0.062476927209193484 0.007263373477615898 0.07714403687613254 0.10089083417099273 0.0189378063326039 0.06912201064944484 0.09308191877586713 0.013945008764653674 0.07059829668861281 0.03610027315770089 0.04581685403250731 0.06627196656509085 0.07997647795031032 0.0423885869739663 0.017645962160384075 0.054538883503036865 0.009138616486793772 0.030596831149424252
56 0.06602956157274502 0.040455270656417706 0.045450960362391 0.062427474306270145 0.04153612733299268 0.054366389396535375 0.06633406937059196 0.007688810929597727 0.07189427659677197 0.07807989535876306 0.07238665221218128 0.04067828274400178 0.0033358836174647187 0.08149411525584524 0.004939193744202209 0.08207558984888857 0.05333329064454847 0.02417229015271828 0.05965506020993521 0.04366680568713773
57 0.0213609565358422 0.07883786845063365 0.052071327335789716 0.0908128877335957 0.08210935556628124 0.022783655562569494 0.02349675198214009 0.053407184670855895 0.060775934668142934 0.026128568644466648 0.07769380128343052 0.026885037764232157 0.01878048461060471 0.06409081572953958 0.0017865742399379525 0.05960870224868084 0.04314967170689195 0.07638419901381763 0.0559644101845028 0.06387181206804425
58 0.011193876038518015 0.011915272794793855 0.009382583260183345 0.03411898991080938 0.07846443531752571 0.0103854035254554 0.08304431333110493 0.09769822210001997 0.0143729248901464 0.09328002842063637 0.06320971104304718 0.07061362967277374 0.05578701976285692 0.04478837228329 0.08889833128561322 0.0061832342872042935 0.06987357050870563 0.07013454036202102 0.04879304990757412 0.037862491297720506
59 0.0057097929624942215 0.008123091688608216 0.021159968051466558 0.08304364292612225 0.036673016575978885 0.06052717707614236 0.05993086919336181 0.053432774991366665 0.006105688342955125 0.013577739242988104 0.08131836449450806 0.07953759004166386 0.07999869405720238 0.04167096542647428 0.051201474776729136 0.03085691252184261 0.09756448773101774 0.08506318958454588 0.04569827906673778 0.05880628124779393
60 0.06395719926013053 0.11450327011039721 0.03761630685837766 0.013116088699938348 0.04146143871575515 0.07395549482261843 0.04432940655216763 0.11331934604442813 0.04859925022225518 0.029830159890373572 0.061183415664933724 0.03183527435354926 0.06210092244001961 0.0071926477796745505 0.101426339514504 0.05352801044394316 0.012715793614629666 0.023483131858998755 0.046567818555885127 0.019278684597420357
61 0.006887572650064417 0.06041602163086211 0.0774144378291322 0.035087029799496745 0.01693141306948327 0.012553669302183166 0.07514907830676569 0.06858768436547633 0.08574633967031765 0.04621272800202757 0.03784123624432944 0.05874459806493175 0.07051731919368132 0.034564400596958825 0.013950122143474538 0.07280972941022734 0.04161614576056706 0.009590496654827734 0.08897715169482338 0.08640282561036965
62 0.007019777776151582 0.01969408157592747 0.09211722701790452 0.024257145477301567 0.025330883660327836 0.014920984387583217 0.09674068682149412 0.02150185371578421 0.003026746000241131 0.016403129959962414 0.020269474312962575 0.05719213281687946 0.04958071409051308 0.08851346352249391 0.12453316904872849 0.047727925489082626 0.006642834806539205 0.09965587384059425 0.10429292606656376 0.08057896961296454
63 0.059548077723592885 0.01242978901512106 0.10705540567734292 0.010075061047499518 0.010564313018102183 0.0027672466341684826 0.08390039049494714 0.09785861419365846 0.0034437897572278083 0.0367533562246688 0.023381110647505515 0.028270830145505466 0.01794213678283744 0.10247956762495404 0.09118405589966848 0.10084150150538837 0.035098222525478874 0.030746450536125104 0.07655385902784728 0.06910622151836003
64 0.025915505784177756 0.06322137486498565 0.08301339196235845 0.02719799174455759 0.07807754878330922 0.05014404791577814 0.0787847943934332 0.04514539155245797 0.026337201065764954 0.03690692125998842 0.07594164005981953 0.06719457822530676 0.04895698115269027 0.03384636960191581 0.09133229211589734 0.07429738904210127 0.020357165419332853 0.024683920743799128 0.04758572332667495 0.001059770985651015
65 0.09100470887284974 0.03416376889720904 0.028469846491298047 0.04357252211387203 0.05837657843848543 0.056729049547085075 0.055720663842708136 0.042765686155486274 0.05813770642070842 0.08516229849289388 0.04075920631536537 0.015753753374459303 0.08115096327999725 0.03491857432647469 0.08387420144476039 0.05061603221095415 0.07438440117560609 0.015459677239007255 0.01580710645359553 0.03317325490718394
66 0.047013538172831645 0.003487359421456767 0.06001275574319936 0.024601965327274534 0.060585599064459025 0.050199734041729026 0.03258903877155035 0.08539821837511956 0.09466097264731627 0.05014795415547553 0.048059035517619926 0.004739260467140823 0.038470227978039825 0.09690305922614083 0.055479061122834385 0.07837061735183472 0.07849517033381444 0.016107914065523726 0.06264884418048346 0.012029674036155784
67 0.0706215707246675 0.05407095913327044 0.09176835667766399 0.021435150066470614 0.07794916400115755 0.006480386868636819 0.018253117996145204 0.0817678604685969 0.008049158460648109 0.08960920966645233 0.021213191787066408 0.05625962214586287 0.0852660335110746 0.03785908488370868 0.07869184431314942 0.06320892262768864 0.03414161860978767 0.0341316184814716 0.006617451960139072 0.0626056776163417
68 0.08550744597734691 0.07212782072506417 0.03711506254016834 0.09281313424832427 0.05897352342563995 0.07459895222927528 0.008128836315381218 0.0472227959381909 0.06258688958230649 0.02577498605721456 0.02805804389354919 0.0631645522382163 0.06438669198288566 0.0057491339685271405 0.022257023713436803 0.011069601478340256 0.029611852730773238 0.05645867089016358 0.07220614220091963 0.08218883986427607
69 0.04451728187066075 0.025404164294508126 0.00623039918531551 0.06151357401879537 0.055730447618788675 0.07447955646288973 0.0621788499328136 0.018867967504990056 0.07662157875707123 0.07134386617556734 0.012994501437461453 0.06026830437319152 0.003908146644482475 0.007284213775039961 0.08561886741911377 0.08502693532194748 0.0727909612411985 0.0626730842715332 0.06281349098483255 0.04973380870979902
70 0.016624226282489177 0.007039509160936037 0.08171924417372242 0.0082988330976011 0.057732525799565414 0.058320645901388454 0.05482837545498443 0.03552728189879087 0.049839097896405046 0.08823985144694645 0.03800919468620696 0.05392668067789747 0.006132468659154906 0.06366100018605651 0.07835428369254462 0.07462425285851369 0.08403773658797248 0.06112053586736469 0.010799762651105306 0.07116449302035405
71 0.027940477866398507 0.017258025469862433 0.055080905089697756 0.005686910134229305 0.040786554583739754 0.06449318302192353 0.0914198858951827 0.10173251623170321 0.10701007016919473 0.024174242039308583 0.09637585637909059 0.0049565034030840645 0.03257429307746788 0.07410920294319075 0.08944877467469681 0.009774617908075153 0.07609100300916961 0.01362877622300027 0.027723857251845722 0.039734344629138524
72 0.016010008411558422 0.03804137667817722 0.08075128292545218 0.042121548579939945 0.0728157875450048 0.010381397453171503 0.04154827076523734 0.06537721567676719 0.013524152185575206 0.07451487646731517 0.09302312755145016 0.011711561320855638 0.09960035585392786 0.005047785800380817 0.0810097760794589 0.0821414898404357 0.062353321850058895 0.08375921905250072 0.019643908506083264 0.0066235374566488954
73 0.07784066462823395 0.06504527901558867 0.02618203873017449 0.052219884069093406 0.06864057149607136 0.02897696740774638 0.015888018861418142 0.0064852194542768865 0.07834255116800554 0.0035955993916974953 0.021435934204695674 0.04677303266525094 0.06772890599251205 0.0760484325268194 0.07246142585486622 0.047150788168273526 0.0747834402261209 0.05554175202868237 0.06129488404723582 0.05356461006323687
74 0.08395427832680241 0.02772965298066541 0.07519626431283857 0.06191032093759228 0.00029046472180755263 0.047248474585418636 0.010771292762200995 0.04851024390665618 0.008140288187533281 0.01501517268369644 0.07515315270940036 0.023262889547673683 0.010617589274489076 0.08312676499388652 0.06977890334896263 0.04548484811866375 0.08889172607764148 0.08740166891386206 0.0906011179464042 0.04691488566380452
75 0.020896112385666625 0.0007674441171023498 0.000526435196623411 0.09634996839742559 0.008566061405039765 0.027268823617990892 0.022881034028186125 0.08992759576418388 0.024320399032309536 0.05390070570586353 0.10729707289898205 0.07403590291225216 0.04467113640990882 0.05730756964599393 0.09903239029714553 0.00890263208766989 0.008305695190065618 0.07433765345223267 0.10874467519254621 0.07196069226281132
76 0.025773417010387267 0.03550791217210688 0.008054058127104632 0.07149800400788012 0.00446498780299554 0.06865951531117317 0.04517777955087737 0.05629475679617437 0.08786931400578692 0.09802147913612176 0.028914840188317997 0.05313923556282597 0.08844396750853784 0.012319169277340235 0.04569151609127937 0.045128487036460135 0.016531990464100706 0.09238015174903273 0.056509130638884436 0.059620287562612735
77 0.0027874565769443636 0.024304335273515845 0.0006977971573996812 0.08175994381316848 0.07853443564379191 0.04553217274168875 0.05692346995410661 0.03815443803551535 0.011750807033136617 0.05342691218810431 0.07816658303372075 0.039747656352299154 0.08275492583098164 0.08431731465522507 0.0054055122409653895 0.08797511619795077 0.038287579394297125 0.07006213972776558 0.07617653743236988 0.043234866717052706
78 0.07077540164947221 0.013679764401294325 0.07853123222819106 0.08210818302820884 0.015218444160846197 0.052105635831757056 0.031943979186231916 0.07334387152968182 0.03068069889021793 0.014157698247304687 0.00028167127188821615 0.04169851705388462 0.05828202615550055 0.04592369529496069 0.08790573692234072 0.0901250922250038 0.06967427846214831 0.028758168405659673 0.061853854805236315 0.05295205025017076
79 0.05161776748757269 0.06532122785126547 0.056508705728660014 0.09056803167945571 0.08516982423519248 0.07682076857484205 0.083462285747651 0.007335174693984875 0.0016940511033029398 0.032538782342816146 0.0670106019953563 0.013496026249406289 0.05950544814430879 0.07697440332871931 0.02384268664225691 0.0031227728269978355 0.03479381901152585 0.0033171776626534535 0.07723468847258141 0.08966575622145047
80 0.007879238673581132 0.10245691947887405 0.027603726047472688 0.10547274912448448 0.012350610186569988 0.1122694232447613 0.0018630242221604168 0.005104929877362603 0.009009471133278235 0.060468773323915634 0.10217302932394266 0.010642617074723762 0.0640718265488586 0.014306283158446119 0.10465073352053275 0.08131984302280738 0.0397535416310454 0.06503011719754105 0.030668364192834155 0.04290477901680763
81 0.018825829170594447 0.05140887425020355 0.003198898609130559 0.03505211244128913 0.07243969119843158 0.07929886360227527 0.0968565008521383 0.032228673741957786 0.04925947168709941 0.06527130403572526 0.009220716522029744 0.03823318499366219 0.10663634510494527 0.036731645869211356 0.05014043743751379 0.03032263041958729 0.09195879078215617 0.04109646238361751 0.06231165373520344 0.029507913163228146
82 0.07445014460970119 0.0653925001691362 0.0700762531036807 0.011297063248603603 0.042513035450399715 0.07109321519153597 0.03775413097881594 0.04583176984134865 0.07291891367673016 0.0583813532072502 0.05972973072382241 0.033111143758607915 0.02505165823199963 0.04905501058648683 0.016514084181828443 0.005003215279149819 0.0573654653097361 0.06252580621002528 0.07364435591696034 0.06829115032418102
83 0.07451446758442838 0.05012532792082366 0.0028644669769040355 0.05344418192358294 0.04345438444427794 0.09424882099429288 0.056547868841236686 0.07589734022955627 0.03733515704152189 0.07236745020066487 0.04065310866356899 0.020148873467897125 0.07116588852614776 0.08197591458716161 0.002429477287379366 0.06168268199178673 0.03586364038489375 2.520711176330726e-05 0.08270472029527938 0.04255102152683222
84 0.031368590447641204 0.05315561955649383 0.034297846079064505 0.06679723266579188 0.015435151650282357 0.06047413456350219 0.038772834392788766 0.025252825658762464 0.05920826294800579 0.08180374906253449 0.06756769027408047 0.0839850839547123 0.090578557742103 0.032327888336003245 0.06420444653974645 0.08210898620158222 0.037669943636835734 0.0027531475410310854 0.016776435895967917 0.05546157285306999
85 0.023515543821992956 0.08367302365223586 0.0559973650879504 0.08420157010395526 0.07290734934235976 0.0035809735262628452 0.01804151691845966 0.029905324406142086 0.06151305109880489 0.040244905141235875 0.09401758578517731 0.02368975395182126 0.011563133824233034 0.07534829780978503 0.00195677159067339 0.03675450474865156 0.07954960837144603 0.07138750927386148 0.04420514030117248 0.08794707124377893
86 0.03724117721375271 0.04481093460251339 0.04477221272569331 0.003257470253391912 0.044369720898972106 0.08237274687103295 0.020582519116251516 0.01343011689958015 0.06526789915708249 0.056783793778895815 0.0695340776578713 0.06655160943810318 0.10145159313394866 0.08415836307804675 0.026194681013554443 0.035389475827322055 0.04716215807442985 0.061429188814329704 0.07010272453350372 0.025137536911723893
87 0.008381316488800195 0.02797326899069292 0.10387895654482081 0.054062808384998044 0.10011510080886567 0.022985658620109827 0.017455787873775143 0.07780712237299191 0.04120979416082402 0.06191908581275102 0.09695768698301149 0.002626363038857387 0.04713153446830258 0.04262448198268577 0.09485857789113206 0.04029183889902021 0.019616724079654087 0.05304625740508967 0.03558174636020235 0.05147588883341495
88 0.055769876301128084 0.02913432707150241 0.03274000827579327 0.01682392142999857 0.06107732767549044 0.03866342294429381 0.0757946591865504 0.017252650507124687 0.05722988725011036 0.07438003336822827 0.05257891366512917 0.02920719885124819 0.06730156631912991 0.054313435188854134 0.06389482836484044 0.06602775062352997 0.03301173182793284 0.05507538718875665 0.047654651717752385 0.07206842224260605
89 0.07144975262701425 0.01371947141920996 0.005245455664059882 0.04603963667699971 0.03173059590788933 0.01475632463332201 0.09070431598652523 0.0772866914679408 0.06277751493279382 0.060241691881896535 0.016694046677857864 0.0658607857965048 0.08499701862772858 0.00998207682503644 0.0670636070973099 0.06149654262500001 0.09072696717603618 0.04466019257275001 0.048710511001311324 0.03585680040281347
90 0.07034270554579283 0.031216139608664484 0.054873263137469666 0.03444302564216882 0.06387285235220876 0.050693734742176116 0.052856422151075756 0.0026590954185189805 0.014290048524608141 0.05689466137268312 0.02172141704103549 0.03891282414720396 0.03878461773852809 0.08212146854416671 0.07940795834847499 0.09723015517588451 0.03413871968430384 0.07084348039721025 0.004102043739402381 0.10059536668842328
91 0.019993911061641795 0.06626893552948863 0.05946461460157982 0.020117055893968203 0.06888261640830032 0.07690247641803058 0.016993616000272983 0.08718996616715749 0.05443861225013412 0.08532020396937161 0.026404474919941263 0.08961562386859527 0.03609690495261688 0.05629584999302952 0.09633567021496844 0.04351430342444588 0.027328976634512992 0.043159168330633955 0.010990262774852648 0.014686756586457676
92 0.041136187663349505 0.08100344543426909 0.06999256760548614 0.1038798433138995 0.026552375650762156 0.08001744441435993 0.09424552917503089 0.06156007740242218 0.019713550967455955 0.04112727959037164 0.06386033713708886 0.02614766336617042 0.007859529610313583 0.05825260338194287 0.027482154073252135 0.006306716352830398 0.016804008565582514 0.026094619954624122 0.0983458220786969 0.049618244262091216
93 0.08106247712899334 0.08252907508885005 0.07359299287156369 0.02119151664166746 0.03451126362532021 0.027161383502210003 0.06979335566940205 0.048652654928196204 0.03226268611531856 0.03498272368551483 0.008044118168223877 0.056689947789065116 0.030014317476975787 0.09262960238004429 0.09216025092278896 0.05533282382061558 0.08814308473528817 0.01694615683577496 0.05132950443639227 0.0029700641777944286
94 0.05843591992010755 0.04537212264297106 0.07321781636681553 0.006732042056854241 0.06230189169484809 0.057759031855140565 0.053929102505770245 0.06594679450508761 0.0822500295249159 0.05180431816349726 0.07983640662451248 0.0008360115502442073 0.008661306488276996 0.057071129786955124 0.04010800752253988 0.03308989466709713 0.06833798763395281 0.05561878817738162 0.0735782103409425 0.02511318797208929
95 0.09886951499471425 0.07895811111818235 0.09536799742414988 0.028723897409384035 0.01546464942120565 0.10336698421384301 0.07952457536354399 0.09603735385318453 0.05627559196631479 0.10966955307915582 0.11632421354926854 0.0024870433459789607 0.05218038721905309 0.0017904779288730663 0.01920946568846027 0.005741486584438485 0.0028716226411249273 0.009033769624088125 0.00039582957913724385 0.027707474995898946
96 0.07932336873864904 0.06387096690295985 0.012082879100799759 0.027255719118459816 0.03960531692442964 0.07599241730573243 0.08598837478744467 0.08529477823798062 0.05548207698366581 0.07716619749473985 0.00293842705655705 0.08576403691772701 0.050261165335803576 0.045733695992123076 0.031025000114594508 0.016154887377475165 0.08616669422925398 0.019036053689809037 0.006973523321057563 0.05388442037073745
