0 0.033343939074140794 0.0034351049998874185 0.10661304444277835 0.03562391374891627 0.07470805318122603 0.03483462377699001 0.04044931711479642 0.1134327783247684 0.005888293133307885 0.044686827688764204 0.09468395376890046 0.04844372758251327 0.06251782010380318 0.11086333759670237 0.12012802971373264 0.003576294669624517 0.012594400782514698 0.04076413710761839 0.003454029288708929 0.009958373900305852
1 0.08749245139343952 0.06283822659828674 0.03420844872324592 0.006357498985598612 0.058386531869841635 0.08781557909583963 0.057187590294372495 0.06602375534353733 0.007507512533904657 0.06601945758177961 0.0017660760934795775 0.0349959777673255 0.005579593307772053 0.06807622046460267 0.07632059242512362 0.08023529117924989 0.0653723909150646 0.08758436479646395 0.030164851664519605 0.016067588966552443
2 0.07089808883110482 0.07397557236375808 0.04628569945596718 0.0343533293298037 0.0843176345987376 0.04684226847190241 0.06362048723464611 0.01739603989079306 0.013871566579752073 0.07444477985540615 0.07372561772657175 0.012312987611166665 0.08052398683692255 0.07651734231044292 0.08343867283761783 0.0007203889172025666 0.04848042123924957 0.003155357733035076 0.05076436030748492 0.04435539786843507
3 0.06596267470475939 0.07272884618022275 0.04390118903284844 0.07804248015334891 0.07297648648648906 0.046280558756086214 0.007068441080253901 0.00920801953793198 0.0520721756416265 0.07677858040249823 0.015115441603500049 0.0808521645703928 0.027560804344571574 0.016256630925441412 0.07590837242073237 0.0780741201484682 0.015124426256319228 0.04161281723732236 0.0582704045066887 0.06620536601049803
4 0.08369338126960622 0.024434825098071673 0.07157860419556261 0.07340727677046617 0.11258960716032464 0.04485970108005254 0.04575315102496833 0.03275437841574842 0.004502784742364738 0.05020994092115406 0.011224112816599765 0.05431886470422307 0.062304847976059195 0.003595959193609479 0.07298998713993096 0.07934750257297365 0.06098516344360404 0.018479853783375626 0.054691537396429894 0.03827852029487459
5 0.014648869387312588 0.047125535062451526 0.029482190316551027 0.08120273665585308 0.062160709827800024 0.010879046029670091 0.06778665147221043 0.032471607473360115 0.07667024416747606 0.01234438295799587 0.0005910707743325619 0.07245996082554464 0.07666904563737764 0.04810672412370274 0.06229054593276597 0.0847818230139802 0.07452355761967999 0.025206061629133115 0.06432757095933983 0.0562716661334624
6 0.0020141407297112443 0.0063396692341634855 0.01402147235615282 0.038689763977394084 0.08342381660514761 0.07583426937060415 0.00921917976339207 0.07950816952594777 0.0880867258644907 0.08520227475121153 0.03725064461113603 0.04640466245131643 0.033267042610995244 0.046112486525658615 0.08574084088931021 0.05124255485863315 0.029072549563422485 0.09758367066012015 0.06983277919952384 0.021153286451668436
7 0.0067662921914915545 0.06551146807791411 0.04304183308900331 0.08006864576024475 0.05488385604058233 0.008205203095407641 0.07687091228275554 0.027229080231984518 0.007255961950053358 0.07354237931757808 0.07209576307067253 0.08294084272199914 0.0616922837139186 0.08479723782028548 0.080361527343422 0.04663840997834036 0.005260303799693006 0.012975128250188265 0.06314362822416597 0.04671924304029956
8 0.01717559183926143 0.01609779109291781 0.12065341045397433 0.09128928454428051 0.10796226469077397 0.10299420980372354 0.10023711952894217 0.03811862156797719 0.016527997991483877 0.03131446066452839 0.016158073161546032 0.054009287144757036 0.031115274532576814 0.0005494537104888862 0.04876812133702081 0.07656227743639672 0.00038573424168483706 0.012279169694767871 0.05064733534803225 0.06715452121486563
9 0.015583441325536861 0.08185113863700022 0.052077106195815105 0.008168509764165386 0.08029636012591253 0.06085263756903288 0.0722534086657034 0.04099086105203626 0.07774173945655732 0.018224406367369977 0.04715667116902197 0.03419898218404326 0.07175317151840031 0.004681680122206676 0.03633225251841338 0.08237735753400921 0.0687831577885391 0.07848656252741884 0.010074549853960214 0.05811600562485705
10 0.07992990894736228 0.0029666656256257264 0.03976705415548783 0.026054898195344036 0.028368883556836793 0.04098812820719014 0.01889857234078446 0.02738829733058701 0.06738828708068645 0.015163556370929022 0.06710337833816121 0.0772734812056129 0.0553380080814537 0.07191796652115459 0.04691533822952188 0.04268310548397753 0.07066185632576735 0.08038644841297746 0.06373996360238644 0.07706620198815331
11 0.06456227914836501 0.06819692136663785 0.0346858855445215 0.018554203672146066 0.023223105240054286 0.08532622599220234 0.08384591580957909 0.05671417514318102 0.06788298819869423 0.0034526150472843223 0.05698369308419645 0.038935190681462575 0.0803601403939814 0.07595228334037067 0.008943126101640882 0.03901997090037873 0.020338416139766384 0.03288398893810995 0.058606140845687334 0.08153273441173986
12 0.0040871721917400605 0.07631409200758668 0.07266765980504863 0.0633270259194724 0.08402405979986663 0.047406428128889705 0.05578309442285711 0.003995170143574997 0.04451075162251771 0.09266608223581799 0.10184404475112951 0.01366433269528858 0.053812023423827196 0.07803279187624897 0.0003356476344244915 0.008657475262663994 0.06567620369372107 0.031559211063238106 0.04510076435035154 0.056535968971734386
13 0.024023350225333032 0.014983595199354622 0.002872283749799992 0.07801822755249462 0.0650790594715593 0.08766572081985131 0.0006365315483369262 0.05604517848702622 0.06662049968412594 0.09120349743132213 0.081665854353278 0.0631256939901784 0.07172651598114328 0.014209529734788416 0.048072968428144236 0.033501670410294566 0.04010638290232531 0.00874857626262501 0.06954518177214906 0.08214968199586982
14 0.04788059817664218 0.06726130535152577 0.048687063433431155 0.06880596846592747 0.04641825394930521 0.039641844653736866 0.0879923570243612 0.001720557674530505 0.08226141559017039 0.012016354607180584 0.07582209825921166 0.0781984344784696 0.06263248814608029 0.08306541786281109 0.018860092835795372 0.023799793716131817 0.028208433730487273 0.020816834281008834 0.07827322436426391 0.02763746339892889
15 0.08671100103896368 0.07063829045614861 0.06363037600441025 0.06877922591333296 0.004460682075872824 0.05895139603742823 0.08188648620653849 0.009352122769425507 0.048505571500705974 0.028784856966992057 0.04416809018353432 0.0786581935527414 0.04586518178589978 0.058294802345861624 0.07609588567671176 0.017880562821925367 0.04674211100165538 0.06774876069606374 0.04159478550775252 0.00125161745803555
16 0.043408058977838615 0.0799856074335392 0.07266334938116613 0.012820825365919448 0.0892037701245434 0.0793013357607483 0.05803154328433022 0.08908809291406486 0.015040578278736434 0.05682204365291355 0.04488029949736048 0.060868813202681914 0.03237846513633236 0.04201630680609445 0.015996006610827056 0.08389776851663867 0.036019064905918996 0.05393191884116999 0.011465300153190477 0.022180851155985372
17 0.029385759784435816 0.029402600075496433 0.021194262428710902 0.03762288322675624 0.10111543407782479 0.03276587857543179 0.007216297139255233 0.02806460972650159 0.10181781341694793 0.10073088351353135 0.06137261909861284 0.0930210945424587 0.04892709902840676 0.02167274573348966 0.06344931303107126 0.02670858291962313 0.022902274467891937 0.10553503998395403 0.03855893400818902 0.02853587522141058
18 0.032278923633156376 0.0634410251756004 0.04828630420779548 0.037192985367800434 0.000923589311073262 0.032958250110464896 0.005117077339648722 0.08366184201090769 0.01695594274382122 0.05039082062457588 0.021256720497258037 0.08016636258606546 0.01800633430541799 0.005347285869696961 0.10728735614017332 0.10536883904145199 0.010255943968856766 0.11198211036953627 0.12032435904129173 0.04879792765540704
19 0.08298738865182394 0.061231852175075395 0.05580421967055353 0.06179321152412916 0.08112126629968336 0.072565355294335 0.005507585520996137 0.0017557308996871818 0.005255004099082571 0.007397598945153139 0.06622083954826515 0.0743797710074222 0.02405295651570234 0.05380432672390793 0.07489948163580014 0.015455460642693482 0.06287508527287529 0.03435207663139034 0.0798453138410382 0.07869547510038555
20 0.04227838293703649 0.05078547035857322 0.04127313858205892 0.06834019772594761 0.07113254382014864 0.05763210688823713 0.06390765681082439 0.048213772683711874 0.009700494933193046 0.0735059306619529 0.045111854465298466 0.023744308897338893 0.06876300923294261 0.028792593198608232 0.06393350428157875 0.0711326838667047 0.04798762272988008 0.007963265964917041 0.0468393103527782 0.06896215160826867
21 0.03845519286200796 0.07214180819486936 0.058886361258558714 0.018239515042706034 0.08642869107597152 0.01840619235525547 0.03228646279958675 0.01197372021318779 0.011294395174954149 0.0012505119091179699 0.08809612973319042 0.06725436944110307 0.06259921584021777 0.0730771666196131 0.06715087488478144 0.04056092436188792 0.07205480848575217 0.05470088483257356 0.05458773897886878 0.07055503593579598
22 0.06353091851769545 0.06572678906495141 0.059901798625788795 0.04728818192847939 0.0517585349133061 0.0063713746822512424 0.03457128246351488 0.04527781838758055 0.03503676687474019 0.029377497864029604 0.062396236090762607 0.061786877260845086 0.06710095392444566 0.03800365209424892 0.03323631931589733 0.0551735485717712 0.06415590521397486 0.054976743495531805 0.05895670364834556 0.06537209706183918
23 0.05859961193280442 0.05169724114100922 0.016628528970164064 0.005446943981308968 0.021872805637502463 0.022204448582279938 0.02358480509972441 0.08331593928027071 0.07141654579058918 0.06353780242041787 0.07674285391320465 0.010358246246156519 0.09951492211247882 0.09946617707648815 0.09875730756398908 0.0365688298259211 0.0720072948195004 0.012981327960737594 0.003911799859123941 0.07138656778632838
24 0.03712399072069983 0.0759152812143415 0.012403321407055388 0.05214061840551797 0.041389583218249204 0.02680903985678285 0.08186228896261272 0.06625922754605966 0.03862145815540584 0.07967923499153995 0.08191795374584242 0.0656461388001369 0.05637163868020389 0.07411955822710173 0.011205694570256004 0.009200413027392896 0.0226737888537525 0.03709848178310253 0.08318790134889811 0.046374386485048
25 0.06837524336684679 0.04483116196365708 0.08055005492328304 0.001988097261858457 0.08510671866705227 0.052591461385279176 0.010898038175846536 0.06601191561020536 0.10516348173365331 0.08836098069176782 0.05278818930393655 0.053383233185178444 0.027263403150556597 0.0026995943643013938 0.046390844789488864 0.07960481310020895 0.06485044684595376 0.019757699866596232 0.000586637516428335 0.04879798409790115
26 0.07179292640361354 0.07698989604353161 0.04287909754783624 0.02511573699014562 0.02618183514192282 0.06954830609258482 0.01766837178911938 0.06305480090129471 0.0013301299083101417 0.08124031579956285 0.06320431812220302 0.08516136612907912 0.06640379526094659 0.03881002672567381 0.028165845886981584 0.0624691868833141 0.0027569214843883713 0.01705019763926449 0.0835227954796496 0.07665412977057752
27 0.006113724472551749 0.06769652788496393 0.029352744120882738 0.0987338856717118 0.06312464580310218 0.0013656983012879586 0.015174455923073716 0.04872992033015647 0.03606981987278595 0.10238678721080938 0.10743306035819761 0.06884946489932074 0.059536764623983086 0.0961786085703399 0.011145713780147904 0.020359884746325246 0.028778402063071428 0.049782565579586845 0.08245780145624423 0.006729524331457107
28 0.04756288120986689 0.021985059251260052 0.021119135906518448 0.004794517373878773 0.014714307854380505 0.09217785346727743 0.05390400558048435 0.08854169491241701 0.058975400220111135 0.06951986673591168 0.09057827381632494 0.045030591592990346 0.05935273940052729 0.0639143063152126 0.060212147895944416 0.013878584205095353 0.020637149250495247 0.040901462205523605 0.06672014833621327 0.06547987446956674
29 0.05443755105885467 0.010566520468365129 0.0728318561574543 0.009951861728961446 0.05583027504635998 0.061991698976176964 0.034698281219318755 0.05818003682253516 0.009311867495109715 0.10974511329094717 0.06251157336586188 0.027215503765168524 0.0388478053276434 0.0767642563943535 0.09630473869921516 0.05748607137094166 0.0472883723731527 0.07393462228758825 0.03685619814675854 0.00524579600523319
30 0.07239909691989324 0.0695830415536674 0.0484235810152024 0.019660759135516438 0.07385679986159452 0.08075478483449315 0.06213863770013301 0.02489316903046236 0.0613097394568253 0.028819452315516227 0.05145669229187787 0.05996393474025377 0.011670251189086812 0.023639839769096033 0.04619999928596195 0.03800037899603714 0.03922232573014726 0.04566480629546514 0.06482554944825283 0.07751716043051725
31 0.010130120561957008 0.10889479741299726 0.031610798786745484 0.10059541204168311 0.07729288594034431 0.00889083354956634 0.04412215251440157 0.06764095920646682 0.03983717555374983 0.04895879640699454 0.08030871742880973 0.055529817323610134 0.09095615873879385 0.02937965339640544 0.07157063521582231 0.01602071191205806 0.00713143066874655 0.05546951095095606 0.046754356938894466 0.00890507545099707
32 0.012564324843606606 0.05713671030785963 0.008560458381541718 0.008435368623651874 0.08667933558524384 0.07703649923205684 0.10130656253331509 0.006281094677401094 0.041998819012360945 0.05624317692430522 0.10345117174858792 0.008365127366489509 0.07095084132349631 0.022332890873119546 0.08625298605460242 0.08661370893462733 0.05791189802603827 0.04874542993979548 0.005815594846799212 0.053318000765101126
33 0.06500606138877314 0.058821904432211684 0.07462064138478912 0.04494425710802946 0.04941701020787625 0.004261615566559591 0.03878275523527747 0.01037590240394335 0.0660087313006305 0.059724118409386004 0.09750981810569412 0.05024719699120664 0.0589137642859777 0.028907155121308918 0.05889811094928876 0.07398713288037595 0.047625734124698 0.023191705017553965 0.060858638696258044 0.02789774639016117
34 0.07246326178011074 0.07531187780467671 0.06569881795084595 0.06460438178000552 0.03256818854725229 0.004658801229269521 0.07330911301046623 0.01423562574767099 0.09583418118217449 0.012188848610249658 0.0646839444314572 0.06065064547836769 0.08513190847121253 0.004941024694705514 0.04469926211797646 0.0142198658791773 0.047329474956357365 0.0865147985566712 0.023898882152232594 0.05705709561912001
35 0.05821047591973074 0.08806465821685129 0.021421798133921442 0.002052413819122505 0.007654809210662787 0.08744600863534956 0.05607426528532572 0.04524035114918955 0.06954370621130912 0.03799477231668204 0.055987757794697834 0.03273454084554021 0.10272085928178935 0.05246577264128414 0.07244653984523033 0.01006622517687855 0.0002462080379916392 0.02479165276708828 0.10935759547366511 0.06547958923768983
36 0.07763996579229732 0.054529492213670296 0.056380739135771976 0.03282456061003331 0.050705604005407835 0.01948096525606485 0.08893996163323566 0.008777778237557175 0.054197425884160634 0.045354112807115605 0.04968615494782376 0.013784267492442734 0.08378305955370187 0.0028139588976336086 0.08358763787943523 0.03799197802628345 0.07240991765982713 0.02457644460660843 0.1049233543918896 0.037612620969039626
37 0.051176715605003156 0.0064783232470528185 0.06506037912787538 0.0338240339929607 0.05020067379977609 0.06866395374025781 0.07207182005756456 0.04456079224201352 0.044193419990375765 0.06984486700127956 0.030487639274465395 0.06923581756380684 0.07016261960331727 0.023961722081129788 0.05441367433861872 0.06746233069394879 0.03919143929734531 0.07292140511809882 0.0038829280983660257 0.06220544512674377
38 0.0025299677727356274 0.031875838924634185 0.0067375732798013194 0.06410373225006778 0.07086793165572172 0.06921989593278802 0.055946412548764826 0.06391098865473671 0.04382819937999481 0.030857970575138005 0.08615134545035458 0.036351402190761634 0.017412652200094077 0.039040312145086034 0.06438594992423917 0.07606995292656686 0.06882574751395223 0.0692036147685092 0.07556716951775443 0.027113342388298767
39 0.07316814415423996 0.10054422032154536 0.014067044306136357 0.04401507084977561 0.019919677519253887 0.055486982104667015 0.05087091020470166 0.004252101731644642 0.03380081502448805 0.059894356185523655 0.012409031673271486 0.046721850279739234 0.0946366968421187 0.09305315943233429 0.022553323582732144 0.07800723176815594 0.03739265321884004 0.0014309065280944822 0.04682288272880625 0.11095294154393114
40 0.06465474159283223 0.016899840864386794 0.04877994022693815 0.057638570160369905 0.06479765209037122 0.0514050796010228 0.06599639552144597 0.06546253326349995 0.05699691914598489 0.05867218508427365 0.06531095572126216 0.016910571478892546 0.05541154403317632 0.06494445230760802 0.05410528598641563 0.04022038499823032 0.04956800304555675 0.010829162702621886 0.022077152005152673 0.069318630169958
41 0.010163802381556047 0.08623015711511815 0.02580025507430483 0.04490861277706432 0.08781983576746591 0.06253504610507966 0.08820623309285767 0.08024466463793566 0.07835011305238813 0.08948933820020497 0.0590500771126008 0.00017367779494380616 0.010438367506883366 0.08039302317342772 0.011607365919235368 0.047087307923116925 0.026035759816190975 0.060572968483586176 0.03483108331330448 0.016062310752735023
42 0.08826097050671532 0.06884766113138681 0.08204745075834355 0.08075672742159963 0.06117083916020114 0.05682435062376339 0.03974240690617543 0.027562064368834023 0.041542811977791985 0.014903958103825027 0.05262555979650256 0.05236011853203552 0.01682558299361871 0.05190735415110534 0.0065704931588370895 0.07254933830197936 0.014614518836553415 0.07231635724905991 0.07212564064755075 0.026445795374121107
43 0.03442780529876738 0.05299381568016354 0.02335985150444328 0.03307170748700201 0.030612667142165928 0.07318895884908788 0.016885366819766934 0.03221419167676392 0.03238211561012463 0.025414007235576554 0.09119443008848928 0.0785278479773811 0.09091610859861131 0.0336670738392957 0.08353056119176067 0.08157109619697 0.0742343704574857 0.06034780399043009 0.028812990933838118 0.022647229421875994
44 0.01666435377369094 0.04056031875638122 0.07826080642070095 0.017684217688831536 0.0434373217682797 0.0771865238880139 0.010416273885160159 0.049158251720563644 0.06293832831006108 0.07014815905848414 0.05521456952396388 0.0016810922791843901 0.07305575432180841 0.05512745433227299 0.04465649920266444 0.03647381006383365 0.06210237570154744 0.053166143317966846 0.0677358082523284 0.08433193773426206
45 0.1013182140129262 0.0025201023590561214 0.09076088190071889 0.020802128239032575 0.007677858455738722 0.10000953536436902 0.09389559551411047 0.10220405035213811 0.10171715872011601 0.07725057887004728 0.022704519962311834 0.03369488282631514 0.021012611763163516 0.009639848630833102 0.050061971042561514 0.002233377583827171 0.028859637217501535 0.030958144895423704 0.08827428812352425 0.01440461416628492
46 0.04448568613162337 0.08518610339777816 0.05767678200973759 0.08983508479574859 0.06374416240234325 0.0194083521754799 0.05768084627857142 0.0017213306226720754 0.002424926396684152 0.0687302873460535 0.028273276893676477 0.060112374827554396 0.07742630626462713 0.03463034286791728 0.015557087418646018 0.08261151034674195 0.07192804764083456 0.04515579885721245 0.05813167354143061 0.03528001978466723
47 0.0547108874150619 0.00217883959196793 0.07010592708168127 0.030211649760348774 0.007320632547796166 0.07230652989278893 0.010525915233557346 0.006296942805806538 0.037399573074004044 0.08705961988194233 0.0856663312291393 0.019018075849797117 0.07305089539284698 0.10033136673093876 0.054704296550853 0.055618835300543776 0.08167535195828136 0.012457363818025724 0.07835423289409778 0.0610067329905209
48 0.08362716455197446 0.055449555108099575 0.0392886832245504 0.08251523645407924 0.07759376986240367 0.05285950314597399 0.012604061110822656 0.04920048214898136 0.005253247102340009 0.05019995569065257 0.08525146578047565 0.08750428129232862 0.028148418884038563 0.009644076950721435 0.03716189781308041 0.01984150434618994 0.07628113571923066 0.04126893558098719 0.04863848031506337 0.057668144918006176
49 0.03905081224318866 0.10038064146368701 0.001970860163997903 0.08461670502825754 0.00580160872369389 0.0324535959837487 0.0932152041904118 0.04606720015797885 0.05916401221651172 0.03228347749558047 0.08319772714577622 0.02783485067763992 0.0493291114231079 0.04529422586601954 0.07208026648832433 0.04915604269198893 0.06321398419103749 0.031240485044030986 0.06378361503673685 0.019865573768281474
50 0.06438434739941408 0.03135145266566644 0.10523683985945667 0.012964173148770478 0.03136085128899057 0.057130120551640226 0.010211049959902822 0.09643258024334171 0.025230177173536508 0.0437992276108338 0.07878191248696474 0.05222616727289143 0.08242722255510318 0.0810037091935413 0.022613418949625617 0.05632179389871234 0.02254792479906911 0.042685175263980926 0.055432476814287646 0.02785937886427049
51 0.05605604504623044 0.038928534794799255 0.002210005160987174 0.037249364314631335 0.07199184197709958 0.034330269671851064 0.08313661928902878 0.05708344318677413 0.06534887847045608 0.04226637042260958 0.06309842398209158 0.0703635742207045 0.03382639514358905 0.03478953975169942 0.08523612055505786 0.04511270933722984 0.057352725735272045 0.07463239532074561 0.03795062967002655 0.009036113949116168
52 0.08901984697417276 0.042699111662486196 0.039020377969257426 0.0010558115666002227 0.00841296527025235 0.01011062866628097 0.045230667247703464 0.0754305129869393 0.07407640898999847 0.05224166371698247 0.09738219358334532 0.05754322558006393 0.05128467415320954 0.07975756038390092 0.03057833907714659 0.057069991991877074 0.023188273590969838 0.047994470232182125 0.08617291679312511 0.031730359563505894
53 0.021159036418350423 0.09281332441550845 0.01569709264243484 0.044103650083696225 0.018915913561771552 0.11340942612491157 0.03081496526289649 0.1147732842635251 0.006478724913746343 0.030065435860810463 0.023306337195449525 0.0010769897182246815 0.07029340400813816 0.0622603463908733 0.0534723558426501 0.08476036582205311 0.002228369740471975 0.1120353437136484 0.027135307815900334 0.07520032620493894
54 0.08708019495511088 0.006184523541594969 0.006150465276703951 0.09171815389296896 0.010217531048226756 0.09361792336639559 0.00865719186120089 0.02548792496691556 0.07392897131405045 0.02019990917029857 0.1067106695448833 0.10139634692894241 0.06894893383406296 0.034865545216687444 0.023743340416686635 0.04768858648579225 0.04325264606473907 0.015149740431627978 0.06376935173724659 0.07123204994586467
55 0.04044184441110629 0.08089798812494864 0.07288053963607112 0.047509605522580295 0.016770460159553587 0.08044333400181221 0.015818779781620676 0.01565385952394598 0.08509174568615008 0.047687434850291345 0.08013270795327701 0.01323968649330224 0.09727019127669807 0.06425647189072696 0.038559457344302044 0.036511355434933467 0.03450911996691025 0.06236462809775629 0.021748150112324702 0.04821263973168879
56 0.06555478244516257 0.010917315602692431 0.011133660727025013 0.03670247339329656 0.10449527567648698 0.07106453456401654 0.0208956193089821 0.05391598946697871 0.09892125996733475 0.07807187677480293 0.014669345523736927 0.12201384353712008 0.017291283554776257 0.03322740568175553 0.012079245403807214 0.051380521324156075 0.012176778705016945 0.03184066206827616 0.11997627387773861 0.03367185239683749
57 0.07694896360029566 0.035637946636640216 0.05507844355020393 0.031147429034643428 0.08034647895628817 0.04301499034973591 0.055218532589104266 0.06705097757386315 0.07353467481575775 0.08960955392887934 0.07344454743909243 0.04928533116338286 0.03723820507566076 0.07599724356527705 0.05402351815239159 0.004890809432583191 0.0067774520943292005 0.010693080798997319 0.0016987480158882676 0.07836307322698585
58 0.02616117658975069 0.029128888322958887 0.03637943324129054 0.06289351173589629 0.07259821778667597 0.06847878653059228 0.012724111542633783 0.059872703788359655 0.015167709440940053 0.04580970427970443 0.06506723510780564 0.04775569337070538 0.05835205742289751 0.05004573806776262 0.059173036965350374 0.05581932295087656 0.05826379265406204 0.05156241772060539 0.07140211054167087 0.05334435193946114
59 0.048645197002450985 0.05638672999307989 0.07797670907320078 0.013574555302304038 0.05682971980600766 0.05163494515866214 0.0735283671428382 0.01712287756539655 0.08206859082183023 0.0743855483088704 0.08100145403383802 0.03281696182368729 0.029573074195229376 0.04569495664769697 0.07391401829765536 0.05424740183691323 0.02045492734147048 0.06761504439608042 0.02037139415852037 0.02215752709426776
60 0.08105204232464883 0.00911421953666459 0.07614017062780208 0.045367800736782316 0.02454518262865533 0.044203047144341874 0.03324568013142116 0.01655446673536775 0.054171452972837326 0.03533300788142234 0.035804103504910686 0.02721439279038227 0.07074696563110056 0.02317642973392912 0.12012695407845093 0.00935847950570894 0.1149151092907393 0.1047524838448344 0.01129842816989332 0.06287958273010698
61 0.0671760440933108 0.03346365462434646 0.0204730358087544 0.07634700621647061 0.034384560436324686 0.0609343782022525 0.07639930083968356 0.07520923036149665 0.06991241771204397 0.01909835859858598 0.0281916962585663 0.04047440486310283 0.059360198780599505 0.04073119166558987 0.0714081039719965 0.07368535383726706 0.03355927364701357 0.05112245779718353 0.007732592850257743 0.06033673943515352
62 0.0141455022948116 0.07898686424757859 0.023918547240124412 0.040490483261175325 0.013375415984730183 0.033117149923913944 0.01670984730108029 0.09981339375102088 0.06120194953968044 0.03562303695873982 0.09830153778654818 0.04778892931954736 0.027658057223899447 0.06784006152564666 0.07659750759562253 0.023119780063958713 0.017394721383894477 0.08476737641077653 0.04259884769657866 0.096550990490672
63 0.03532360913416583 0.01619379782683263 0.04125495965064011 0.0695204172881226 0.0748668546893917 0.025597303883716137 0.06378537126461653 0.07670919778258314 0.06374978637038144 0.04336979107957451 0.024183752195705017 0.07453763475691616 0.01127260786013733 0.07720823209775216 0.0375041141085701 0.0800082848702351 0.06848167299719113 0.052458204016665386 0.012231443228136954 0.05174296489866585
64 0.08163658946037743 0.037771624928431745 0.035839646339953415 0.006532496316515202 0.052113094970133035 0.11972401458538418 0.046612794422431984 0.07845439330918895 0.004901266018365513 0.04562249433203847 0.07606949478764388 0.029737174576979733 0.0034703922360030367 0.0003971971118458763 0.08786121990025599 0.033643524161920145 0.01145172399707852 0.07161177070589403 0.08891046199348351 0.08763862584607539
65 0.03151971178102839 0.010137978211307182 0.04448754561186974 0.02505090372315391 0.08589288000129103 0.009769552241759407 0.04871039924258246 0.0765117407794943 0.054177548433612215 0.025172974642215493 0.08322835938831426 0.03512591733301737 0.08926908425579018 0.01770497935288445 0.004551875563586971 0.09289733008006047 0.07936880656696867 0.06355732217790594 0.06084212760990062 0.06202296300325719
66 0.022530040934976972 0.07105183636439984 0.07122253554922975 0.06345126289353022 0.0038995789217661334 0.020956911737710835 0.04101017898936634 0.055179675068794044 0.0949902093313261 0.03519974123392588 0.03736002773353128 0.10162339677381856 0.031482332596816806 0.051781653868577325 0.09733041797116031 0.06855084679128447 0.03373075834533537 0.018499028130541054 0.02501803754341827 0.05513152922049031
67 0.0314915105799163 0.06548187557115441 0.015889249048892513 0.004591766050849257 0.08277481387476282 0.08740371393094035 0.05359294113118854 0.04382489314654215 0.02590755741143026 0.07621798884773871 0.05475650779761253 0.027708337846423316 0.026747488462692457 0.08677552888708648 0.08566053566783553 0.043310047745475484 0.062148865222492515 0.0012273004867969554 0.06758858933783596 0.056900488952333454
68 0.012573609103367826 0.017322653008351296 0.013300387259904197 0.0202314339961503 0.14445268874516765 0.025507136998028982 0.032898805370019775 0.11705441100635997 0.0532820289074122 0.07185151356216231 0.03753896165860131 0.0805783432919936 0.09934808101833194 0.09422208572188298 0.011594916888874186 0.015865651426091257 0.0713373757333248 0.021371667646482233 0.01566867393498981 0.04399957472250316
69 0.07984440407171166 0.05185442896919528 0.04850752562957528 0.0629079113040829 0.03869149296613362 0.06656155791310715 0.01605275653614598 0.025303556276239644 0.032256477193918234 0.025235017255280108 0.06964932690614345 0.08583966206674323 0.018234118300653225 0.046003546519173856 0.07033969842715862 0.06970862793047156 0.027251842661625215 0.06896983465779824 0.026267058331039123 0.07052115608380365
70 0.049846590721035595 0.0501832349338879 0.07904772134680359 0.02629229587292563 0.056169041885917426 0.07586019659292831 0.05289294723740633 0.06460452357467872 0.03577400534355637 0.026043100339637148 0.06557147512196798 0.05211577281906705 0.06788716191911581 0.0291899838160799 0.07419407399424212 0.05532441407386543 0.04812928524613877 0.07123331394830347 0.005424259281630998 0.014216601930811569
71 0.0021547642297339146 0.04116709983178331 0.016184871759670885 0.09806882383505447 0.059751148599879754 0.08912133294706842 0.027984465501610642 0.004735120902568142 0.08840207770797094 0.021001801220526795 0.04777527991801362 0.06675103103999942 0.06578752190546078 0.06317440342869612 0.08479636372421287 0.07208834600996371 0.04597712896036086 0.0923414911205816 0.004909933129997122 0.007826994226846821
72 0.03352671736175327 0.07985967981817896 0.08541352591015512 0.021535288054189076 0.08381688472265793 0.013008622029653718 0.06216953709570064 0.03582086289632493 0.08911866724739809 0.018918970368116714 0.04239928106601047 0.10108862850469992 0.06049287615123316 0.07764859924008029 0.0040877022186210435 0.0029112935702523927 0.05923948244226057 0.015934509491335194 0.09917878031280837 0.01383009149857003
73 0.08457818877806718 0.005892231929783711 0.07868293911601469 0.07652934783888392 0.0255984044736295 0.02024583674680776 0.03744662399911882 0.019288997144283695 0.06763086544358675 0.06397365406016765 0.08636154277132903 0.045638743743967695 0.0031446674100205465 0.03491437997365054 0.033569212688574226 0.07885151229816381 0.05381320422241448 0.07376081640462337 0.0202308059740968 0.08984802498281583
74 0.06644604457997898 0.03276334616308362 0.058406616286617384 0.07170524127656563 0.07725112920631909 0.05620087369834581 0.09048395163491012 0.09202869496208747 0.07525342278804392 0.026129891328689182 0.08003925269195523 0.05692301949042409 0.04316079614764628 0.010604203746625344 0.02650594710965944 0.01423636187334641 0.04676334446943283 0.03420361312735798 0.019061974871613208 0.021832274547297907
75 0.042147171976510904 0.09378478631440332 0.08701110857210557 0.04378404400139397 0.0006514158793773144 0.030342529244386716 0.029181599306079775 0.017025738538040194 0.019535855349676105 0.02778157088973169 0.048000743958677206 0.08715543049981302 0.05791942847692149 0.09810918507818124 0.05928219335151893 0.04694067388670343 0.09902672154484822 0.07813208394101322 0.012578728864619446 0.021608990325998334
76 0.06866609605427411 0.04388454046611414 0.050315364627139265 0.05708238922421498 0.023479011015827948 0.010847737202172015 0.023428889750662627 0.06066248041744635 0.03623685515373005 0.07996866086934597 0.08950585332660344 0.0765607013790395 0.02557097381628531 0.04608940060638523 0.06076120902644719 0.010518102016722434 0.06327915690405661 0.10327732108930833 0.050128314945632975 0.01973694210859158
77 0.038409143242630193 0.05444550055552619 0.024192253056863375 0.0037831017437845197 0.05709774633594598 0.007170528995539609 0.0653742990561739 0.05281603171275656 0.01902496919437478 0.07082427267461554 0.09300718355086236 0.09430952301395336 0.05219152772602224 0.022579231447611616 0.03835361984358856 0.10672187819942842 0.056981264396558255 0.07062240430458801 0.017581900066646228 0.05451362088253018
78 0.02917504946404368 0.013184281483013613 0.01923253905475402 0.05005988635884038 0.08217806791928906 0.03457817076869822 0.07537408741309855 0.07518476985591784 0.05217488386731083 0.03815499898307754 0.035824870233535734 0.03766123803727027 0.04746499938980588 0.07688912581556946 0.05349750007141098 0.08252928773838693 0.034590047014552705 0.07254868811376584 0.018716357859927906 0.0709811505577305
79 0.02876207220981164 0.09426142364076269 0.026323563848514517 0.06414291829158666 0.11176198702635814 0.003374406587670831 0.015657535043951454 0.06371090652542861 0.0658608508325153 0.11128973931843099 0.06651845804853322 0.014260710701647597 0.042196404951520224 0.048737376873374254 0.00968058353434903 0.03723241028566455 0.018809813599360552 0.01336867287074044 0.07891070979049684 0.08513945601928247
80 0.02797581046209624 0.007338853216812716 0.08656707326807815 0.024469218651858755 0.027393703841501645 0.013120304493359162 0.03721658559494457 0.043148035721579485 0.05644570550937381 0.07443712202763984 0.0907693777205708 0.0462768659239391 0.03884274121644096 0.07495529026579054 0.01793332972797691 0.07867849833490653 0.08970573447071611 0.0695472975506306 0.08080677248332231 0.014371679518461635
81 0.047589494417989354 0.008732449376961009 0.01248770812074245 0.07688551520771035 0.04681977550647542 0.03811553778395221 0.001120637240949974 0.07275417167413183 0.07782663665141491 0.018532183804163386 0.027798234307982686 0.09612359002839807 0.033770963575760066 0.08716636493700158 0.09858307613871164 0.045862642703232016 0.08347948615651668 0.02717457245254607 0.025995774806750718 0.07318118510860958
82 0.0632705194394091 0.041428355110070994 0.017295081820539297 0.04379001288004513 0.06666327885698081 0.09324814271299965 0.06044482267037619 0.031369386195541374 0.012823408731048404 0.04925166955116752 0.002123620576180663 0.06749861498015922 0.10368412143309223 0.06093966609568293 0.05901371484364737 0.04707872522945164 0.005310270413721415 0.0648105105065023 0.0063405975437395845 0.10361548040964423
83 0.07642630594976565 0.02673239980097372 0.03257133396335197 0.007456003565085522 0.052044585987737584 0.04215324519348625 0.06896385546870604 0.07961712423799816 0.045347241880544675 0.030801953372973298 0.02655849851124361 0.06961791475825484 0.07624687955751563 0.006192008763955628 0.08047184389749973 0.09731260051622913 0.0047118842562733874 0.08789349862329819 0.03903351772570622 0.049847303969400916
84 0.08571171531766365 0.04355449970607854 0.010413070838375385 0.08113448902918184 0.02145098066517608 0.04498825707621189 0.026183768094707943 0.07180619864276365 0.11388482722449339 0.07801236906614564 0.0875190864234827 0.022595360484131695 0.035040073261215 0.0690222367252484 0.022296641561495405 0.04533559127668382 0.030680428877471074 0.04912065811951813 0.02367962277503099 0.037570124834924924
85 0.08418729894742512 0.09962494789278044 0.08307038939737237 0.002728372949479486 0.0949207435073761 0.10139774368927203 0.00941244040193776 0.0038482714129846707 0.030259437664909572 0.07222462275974499 0.004784502740518424 0.06403527962984122 0.09016639123865522 0.0033763633315931994 0.028705844312797824 0.0067079530137889665 0.0354853763277152 0.05696662633936098 0.10131654908345339 0.026780845358993204
86 0.06643241289105084 0.024714197300579853 0.006944779175015375 0.06995292212285012 0.09053320314059525 0.0037986346688431492 0.03465742774604216 0.07606470872328011 0.024902779837478073 0.03399763881436401 0.0543120392152549 0.020877052878559288 0.08477986908451124 0.06768236803116474 0.08019845171188039 0.08849408637501921 0.006341265313247909 0.031009001944450103 0.05504093135217144 0.07926622967364183
87 0.005208331283938054 0.06889742446490621 0.019634744231576434 0.005881953357593676 0.0072245236413425624 0.08405711986310538 0.06111913015497534 0.060076720774383106 0.019467645714169292 0.07783126429599872 0.10004343148778905 0.04246019075045033 0.04317397748791305 0.07405861682688221 0.0365200004002087 0.10513400828965391 0.04280064388406162 0.018235187179529988 0.10100770926123068 0.0271673766502917
88 0.08162722477966051 0.07633783684084286 0.11267417098999667 0.034876593613717824 0.07388207283165732 0.07562426286275865 0.0415380115167991 0.04835100655389716 0.09751503439490371 0.015857912763523767 0.012945343928672045 0.03876289775260422 0.03251596116983171 0.04824016573887236 0.05096963499370468 0.05317389623945196 0.008272173279058947 0.03692882045534963 0.025014703593510917 0.03489227570118611
89 0.0380445237167487 0.08303330019400783 0.011747037123835008 0.035545401831978386 0.006419746234187248 0.028448980182763237 0.024066984324862938 0.10223373704168286 0.09241751220704415 0.07300334725769982 0.002223005696842645 0.04707252682183709 0.025229723657895994 0.09795602892648059 0.05242343997352838 0.046343007468607186 0.0944154685021649 0.06040299268588482 0.07729229183207997 0.0016809443198681634
90 0.01691134027207034 0.05128721485507804 0.07018788223526688 0.02681741729313642 0.03202226889229147 0.01420489036914009 0.06870438529305524 0.06857506087832056 0.02430510970344154 0.06626265485682935 0.08002657636237868 0.04998604833336668 0.09490104903532043 0.049212769106501415 0.004728361220122994 0.08120217385226546 0.045040944041196754 0.05950565989461798 0.031961597651826025 0.06415659585377381
91 0.05022164617613192 0.049642374221695235 0.09054423383152936 0.0577301705797193 0.09665930895421745 0.027848740190148262 0.04194118663367552 0.026768737440094427 0.008128372414960233 0.06482148886351963 0.06786871168896022 0.04544087464931413 0.02025535603702243 0.08888454163513221 0.05448605681616978 0.0498160019556454 0.06561767863280477 0.04321881370866359 0.016636213850293225 0.03346949172030294
92 0.08633585620737325 0.029311559910682006 0.031132575765142088 0.0200119027298701 0.02761223899797016 0.035459871677527 0.02797744578978736 0.028124369692771812 0.04906092846723247 0.00015944972943579777 0.08605682060944021 0.05791092285814938 0.027091695902664047 0.09808144237981103 0.0983388455095285 0.020886591340656423 0.08440891627392777 0.017673551589148163 0.09342930680634193 0.08093570776254051
93 0.05316749514507712 0.07101228046564298 0.05032649518411299 0.06240066251472181 0.05447461190247444 0.051013002317743514 0.04262653134526128 0.03773309719184244 0.04935726210540492 0.0025142209559465612 0.0560287393098043 0.06428030741877158 0.07734378117384078 0.05132108671017103 0.001063316652860676 0.02470847316603821 0.07905887723986824 0.07658374150443269 0.05024011872642135 0.044745898969562825
94 0.026673804937341776 0.10676586229682192 0.03688610961050819 0.03164279692236662 0.06139250506772931 0.09100542413105561 0.06369408478350663 0.04204079833834375 0.016675677132414374 0.10571607974150525 0.06983884435339745 0.02496289988727845 0.09774906432775346 0.0335362306985827 0.006810049760128316 0.006430385470061649 0.029539869242545414 0.05806534417973285 0.03453353137634428 0.05604063774258193
95 0.027364076380883857 0.01461283219451824 0.05057264860971974 0.017193521596224125 0.023895417864284344 0.008161789733272815 0.05281718567983505 0.0450893543984315 0.10473714086730262 0.017555226125944588 0.028821026813606307 0.08659040821083604 0.032861118026084934 0.018444210004131083 0.043894344569692996 0.10373584946526498 0.09333959262716598 0.0930408660439053 0.06173810069433432 0.07553529009456116
96 0.037947432391369086 0.0064702916198825676 0.046933189150096845 0.08639633786200905 0.025739304874829914 0.0396567944923591 0.05257920502076257 0.07862959081278081 0.058714270271650874 0.06749247954026934 0.05797480372631213 0.07441705956075373 0.05218190858051532 0.008597800228195502 0.06891131639220183 0.08080768390072392 0.008512589130965755 0.04227744010302865 0.0724822471153315 0.03327825522596147
