0 0.08733767894410152 0.0840504228309835 0.058876819224334215 0.005986665380097334 0.015297453546302613 0.03975204769128887 0.019994638115338494 0.03977224576845434 0.037070793176983814 0.036923173258332026 0.048263483804198724 0.10083716732492458 0.04088977738360362 0.08253407304914093 0.028669931633579337 0.08666116663182005 0.0684601230926376 0.07458256298979551 0.01361295680127717 0.03042681935280577
1 0.007526274251778796 0.07291796083776689 0.07779496033169714 0.01195237917313952 0.07201767398746656 0.015578804269255371 0.11247687472083219 0.08596985018822695 0.03248718141585039 0.10511448569213866 0.03474696912518163 0.007332448631122759 0.006185259328950861 0.04121134045928693 0.0933759084224989 0.012433306030708371 0.05675039140311738 0.053778143402819806 0.07856290886738469 0.02178687946077628
2 0.08251786007845416 0.07048942379812301 0.027056222265797628 0.043606070816836345 0.025886016957470972 0.07468308021170289 0.06281256818628328 0.05393778129916527 0.03762660397820806 0.003350493948011608 0.0697917950851094 0.004198408805483778 0.04917175882929139 0.028624815606030286 0.04717395880117043 0.08284683865966212 0.08627506715419762 0.09141577634327541 0.04333629372254738 0.015199165453178896
3 0.03204050911546314 0.06808920404399961 0.05293648025422328 0.07236823047390506 0.03787900301189161 0.030208789123804418 0.02645756626530554 0.07853464628268535 0.05523682869889332 0.08383656562717257 0.05690292812665524 0.03919300148668046 0.056901545301042605 0.05138376299312211 0.06558696323213979 0.007275689825396735 0.0559900014579434 0.07776441525399433 0.02850080008591475 0.022913069339766612
4 0.0507725413340781 0.013044791223968132 0.04054891605658483 0.04902671622130961 0.04196136010199029 0.01619673225934418 0.10065785558762573 0.057531231606541666 0.04896174677935617 0.06356542957935399 0.08596812809745151 0.043504012605733756 0.013456078540558414 0.012180019280602005 0.03778043162558404 0.060175864434148775 0.07661004739989383 0.014589533557794233 0.07798214804782573 0.09548641566025497
5 0.09362582596171108 0.0808739543333758 0.04846882386448638 0.06294646731285583 0.02760660340216176 0.0020782803526572277 0.00549169917023811 0.027095155483730912 0.01034199985590198 0.06568507325167744 0.07817136526722687 0.06269877227326164 0.04336408409887992 0.06491847589301449 0.07259856367023639 0.05345766523561036 0.0038987002087387587 0.05483341615617283 0.05395085740458248 0.08789421680347954
6 0.08029258959552951 0.07490747743859233 0.011790246485685489 0.0011457630562569533 0.008753236113995514 0.09069497430148721 0.011622530392676493 0.04811540215780368 0.060357182179892895 0.016463649188410482 0.07484931482575141 0.028311906296213638 0.07752226368877271 0.06122725860401212 0.07296654940955064 0.030175296774397935 0.08729343767629787 0.04341235461185915 0.047104807422710976 0.07299375978010264
7 0.0019510074126041093 0.004854725811335718 0.07547706303325351 0.03264402302244475 0.01793770971605281 0.04704475101364419 0.09796700776742594 0.10767255342572943 0.09227478582910806 0.01271958168240987 0.1212990421159948 0.04899723643668806 0.010660097254955533 0.05560353786212875 0.0005979659992444604 0.05912041368507345 0.028258584004821112 0.09051099237991904 0.005503721138919062 0.08890520040824719
8 0.04101331891818783 0.02923134887956345 0.09813073345925753 0.027568407140976102 0.011137720255216324 0.06602539742329154 0.06458259306555383 0.015515467983404457 0.018191646505352255 0.021980268500655865 0.07842283628001472 0.0642929110087737 0.0648692563636955 0.02876088434881702 0.08494157414134547 0.09555405246465386 0.0775766065258071 0.01755930885290929 0.04595445537080634 0.048691212511717825
9 0.0543047932703565 0.04464760067278996 0.04241220101685774 0.06534103906607017 0.06758654208787675 0.03610475969911707 0.03907864830183118 0.05674032752497767 0.08223271455881546 0.01429729658248038 0.08093572597419722 0.04878588252759943 0.03385416327289034 0.0696967725818063 0.02229488784431744 0.06959289615401507 0.005597519511213243 0.06273129293703648 0.03857533423340377 0.06518960218234769
10 0.05987474406590325 0.019437626111183975 0.058912769188313965 0.011343373670135383 0.07691803950936946 0.08793788805651917 0.009737666235247478 0.02600553110306834 0.0655284374244667 0.07331075893863165 0.030133310609126367 0.07650081216513613 0.01586686466728419 0.08538794134758365 0.006728167898125037 0.07406214581382135 0.08817106183598826 0.03849066868930192 0.04850366344008926 0.047148529230704506
11 0.06615180375083547 0.060910940479382225 0.006225320043994783 0.0010332146992329627 0.011623584819905927 0.03771037710202729 0.06282173077559167 0.08132835569643576 0.07238917937425875 0.024557290875088823 0.03516808168734894 0.06224490969239982 0.001722673121135861 0.08310967832828407 0.07612698640242543 0.093118758730518 0.038013563699266596 0.06199577481131922 0.06344193775924277 0.06030583815130564
12 0.024944213435047272 0.037773793479881475 0.011462378307121138 0.04769608945566161 0.009257062817400217 0.05778175127268521 0.03889327930589561 0.013124607490179171 0.05925690989147967 0.09353305913221972 0.00435972217428295 0.07468702493417272 0.10019291181526409 0.10697385185072483 0.07273384977911711 0.06356355107319411 0.05971999350660113 0.025583634543951746 0.08188973414719163 0.01657258158792837
13 0.0029384679996007543 0.07699001268063513 0.07474691416887876 0.05988881436456791 0.07876591297754894 0.040141118767980266 0.05403571417091763 0.030054436551322346 0.06719729084158284 0.08438436117925457 0.050780757266620576 0.06300233921206702 0.026556934659094075 0.01738936384320479 0.0265768705017932 0.07214779062729815 0.015974056742761315 0.06146208004187398 0.01578916862395173 0.08117759477904579
14 0.003014622146502246 0.09754023732687925 0.11934579616487728 0.0007577315154609592 0.007541223303135963 0.04608022946714295 0.025151032529390643 0.09070415314471394 0.028411203904592522 0.09427510297203558 0.023721116323628444 0.08987791123333085 0.07047293098695831 0.04462969987944319 0.07194912422165137 0.1233138065514152 0.014145131409024042 0.0266926982773261 0.01123085067341602 0.011145397969075401
15 0.024138939926860385 0.055171552119183405 0.015269481911532374 0.0837689898420888 0.03960469495416046 0.01100379192999856 0.09153009491231671 0.00520885483640383 0.026338687786089606 0.06821180362694904 0.08690968694912952 0.043488504820057235 0.06455152938329632 0.04390743256356175 0.08413544511602554 0.07066521563751525 0.04152488133673279 0.04259401589958847 0.040162086327208385 0.061814310121301515
16 0.05957098454368978 0.01204414093663305 0.007520089817503025 0.09813344473202343 0.017613286591384003 0.012177110759823816 0.08635681024090947 0.028124302293341567 0.10195179298664243 0.11220555647591794 0.0007305924800819375 0.1109723455646538 9.614225638172079e-05 0.07079704110664718 0.07384629903709762 0.022808496024494286 0.008030939333852774 0.07193670199431293 0.007119111034853081 0.09796481178975598
17 0.049153812844954355 0.05960347449816296 0.04884617975021929 0.021630837992213676 0.07443222090391068 0.06646158838695677 0.06896156091879418 0.05427961136103716 0.05442498413987732 0.0033890769330468555 0.08496620177875455 0.021939063068230482 0.03167281024861886 0.031246985154799862 0.019426918952296986 0.05768242426600516 0.08232995573223519 0.06372568945399498 0.08628152617334423 0.01954507744254647
18 0.05193840953466729 0.0026565951677500624 0.078001599980926 0.07242229568180425 0.07406795382420224 0.04892019628142235 0.07170147348348199 0.04956462958957292 0.059964716185509685 0.06943288835560499 0.0343600237836303 0.05958175356986175 0.07236507569151548 0.04629645752923842 0.010137128034322047 0.04838214314829721 0.033732561506543066 0.026233485986267752 0.0418644263253476 0.04837618634003458
19 0.04286070357821552 0.04726639723460684 0.03572545001512343 0.005463818334180269 0.049839587291597376 0.01930461336937143 0.08326824047775565 0.05333238138807648 0.04795801419350927 0.06682140011031076 0.07817112442966136 0.07572268809808132 0.049026331925636664 0.004013330496667792 0.05243333023465285 0.04644861247659654 0.053163730771741545 0.04241921449810167 0.058492635669116104 0.08826839540699724
20 0.03627931193897071 0.08820554508549226 0.049835349228116534 0.021999557765352395 0.06229488365450454 0.07438084620137277 0.00732345042856698 0.05766004834089761 0.046875356446644256 0.0084865207513733 0.07667625656542004 0.014170925524428238 0.0062269950580557155 0.009823466272089383 0.10398161879261811 0.07032443954300871 0.06529346585870555 0.05636656507676501 0.05146339122292148 0.09233200624469642
21 0.04720790888551136 0.07951488139612314 0.03538168982952768 0.037904398162244064 0.02347507406068954 0.08523604954771934 0.004491588541998248 0.013067578971788325 0.06356407063170705 0.10680104716683406 0.12322568048273944 0.03419950031755417 0.021669523252614304 0.05202442463182058 0.0475945267897808 0.045169684860428334 0.002034434666544571 0.08867691982647014 0.04761474408402407 0.0411462738938807
22 0.030098429474988617 0.05794385689674843 0.06528767044790829 0.022226583685506795 0.06102135849388588 0.06508344624660645 0.06736193641370114 0.04337693135871212 0.05731529620220643 0.041495333734027987 0.05643385178804565 0.07046999755832112 0.0660647489593576 0.030963523020562326 0.05583012493795588 0.04104065489956855 0.043789815199529694 0.05757401285366911 0.02194153719820497 0.044680890630493124
23 0.006968798149732743 0.03384525345271483 0.1032952901953288 0.028077910308687563 0.08060512934012219 0.0809526625556547 0.0008975876835076072 0.06697406173268837 0.003566716591760777 0.11113476581016477 0.05662703607606982 0.07176266937542132 0.038084944783083566 0.053314868174084346 0.045945845829699156 0.010932044294291501 0.05079003713375935 0.017492108050180758 0.08208288167800419 0.0566493887850438
24 6.959665353971974e-05 0.03677177943681319 0.09755064347624691 0.05448067536349869 0.09433757963646362 0.020731045027852123 0.05668916649325978 0.07445030111680115 0.0070872610005465455 0.035033192577716366 0.04056443571459797 0.017141083132157814 0.020013269537910473 0.0664206949282573 0.08793852140225838 0.037916987188874256 0.023471608942856985 0.07868710643922126 0.05405961224353836 0.09658543968758912
25 0.05434117038868477 0.06269202057191578 0.08266846536400418 0.07693821730540668 0.07445436516989169 0.004285960720221684 0.0001633716694377416 0.046282677635747116 0.023963494257739384 0.08704888199323269 0.01241630244163674 0.108054066265623 0.07602387210055021 0.07681032644683695 0.006764127360980747 0.058405584198866704 0.035099423368874 0.06548287395650934 0.004007603452276851 0.044097195331563734
26 0.08767426677675731 0.03915369234530066 0.09938122429188659 0.002946858347122943 0.05864757580742383 0.003605927441063905 0.08700282796741482 0.0781174065307969 0.06202717828262482 0.01395659688877761 0.02596897212420844 0.08074425451835938 0.0647744881008183 0.08525479084960888 0.1029645562961881 0.04646994561400198 0.019516332695103118 0.00016008888855137884 0.030917048826612795 0.010715967407378213
27 0.08523912348297549 0.0209296239572667 0.06556475839932556 0.08796409066570722 0.04680760832676457 0.06902459191071215 0.07935732976664416 0.04688438056654784 0.08919756092360862 0.008485689341725116 0.04544698463036394 0.02468118691278074 0.011639429106101109 0.022528766319190083 0.06354206132119034 0.012179907170581388 0.03614403478442244 0.07847070698980346 0.046655102779690205 0.05925706264459896
28 0.014515370119720948 0.057736378441087 0.04089533451409076 0.10282969721401551 0.043658119975745244 0.04325146251572298 0.1082076186035562 0.03377902656243227 0.041955115370625296 0.01705450349853331 0.08236976702440589 0.010183270546053369 0.027364451645950267 0.0019306997527179662 0.009502946795198152 0.001146865480671122 0.11113818948039642 0.05042873017052628 0.14736740637663015 0.05468504591192104
29 0.00311705151746362 0.07661795092264768 0.04190492837319897 0.07118848207846383 0.041354245963349676 0.06303165828236158 0.048777825554689215 0.06876001520915319 0.06789482699175653 0.08053200915202281 0.027785560190808044 0.04341469975568937 0.05015238636466151 0.05811321817541523 0.023299779128168115 0.04149676381987378 0.044838124990416534 0.009281613390747281 0.0510071407793284 0.08743171935978467
30 0.03886383809163813 0.08406886891874035 0.03022308243001704 0.02722357891952894 0.003735144548604692 0.023242733232529494 0.08779332446213416 0.09202954258662828 0.06017641331316812 0.036766716360689476 0.012596411554383435 0.009151946643643941 0.1113150121460824 0.035877324989490124 0.08030280378649896 0.020284372763510018 0.05738536998921204 0.061921677082184136 0.08078301823076738 0.04625881995054893
31 0.06987061130608745 0.09106522809379825 0.003855366629303789 0.06938119840156344 0.023371201195225493 0.05190741187228199 0.04956503438424648 0.024703321481545998 0.06487084019057045 0.10252734641411337 0.09334579995168349 0.032861241726893656 0.023882022432130844 0.0051255543704894786 0.04521528550883676 0.07263460898840786 0.04699993339084671 0.01840720701237603 0.04794788241146426 0.062462904238134345
32 0.06499169075667471 0.06261131264622559 0.036272619602530816 0.049962400821985185 0.015279835290600563 0.06322546153920454 0.009169097705387383 0.055418052561733204 0.046353578128314844 0.069455110877942 0.0727972056882715 0.09797193219167391 0.05219602222233267 0.03430468058548182 0.01112364163322211 0.04208410553424292 0.04388218376254107 0.0759222362512907 0.0256568324987595 0.07132199970158502
33 0.06703626116687611 0.0051988938229515615 0.07286858320181244 0.09416662038199788 0.07560709211197868 0.017356540902873974 0.02176948179039225 0.07445424931993677 0.0908154505999103 0.06542005533755499 0.052260970992595024 0.02071655341528817 0.02634869335756988 0.00189562389145559 0.014222592542976071 0.0862730107215471 0.06861480632103556 0.037032446321461486 0.05865393927188748 0.04928813452789877
34 0.06161408343882916 0.06607478484461925 0.05192603591322334 0.0549211079103647 0.0799457528239761 0.01142895822080813 0.06869684938703871 0.034553767881070965 0.08986966879281291 0.08060712975113216 0.010498175169691657 0.02202935435051137 0.03852049241573966 0.06561766034816915 0.05219245325433802 0.017364907903771088 0.07014556919971687 0.061040585626813866 0.06023127887622847 0.002721383891144582
35 0.0907392772203213 0.05962658608011722 0.032081409125914624 0.06011464609488213 0.020085740506252836 0.030738794141915184 0.002413630651512566 0.061251103766447254 0.04787229184228851 0.02250349623832197 0.0887486264816116 0.07394840140713663 0.04876249894960547 0.019814320605638966 0.05935733033917299 0.07087460314184121 0.014299579358414014 0.07775070607949301 0.07096733038662892 0.04804962758248347
36 0.06740176439652372 0.02031790501828755 0.06583081607173502 0.0522637102003003 0.04562093394013442 0.025181967779413325 0.05862106036662701 0.038867779911922605 0.04755711010806239 0.06851247241429596 0.05311891302723975 0.004253744758959409 0.01717115849501585 0.08043274327962409 0.04191930528892033 0.020901015442499008 0.07528791146318314 0.08122908647283658 0.07668289671657773 0.058827704847841784
37 0.00459000560192135 0.043696948527270504 0.01146925892633779 0.010913684436876344 0.10759720156530211 0.03234583373018357 0.10822567363525555 0.03752998266998735 0.05292154164894356 0.07307732241100995 0.0534060218848089 0.004063903554655932 0.032299803445697786 0.031934498743854664 0.09154372252915415 0.026159382530861964 0.09122507947185647 0.09542389937151809 0.04011977527088281 0.05145646004362104
38 0.0645268158707237 0.021707796135356467 0.009278408941413387 0.06641348338324854 0.026589187482594052 0.08949606164268153 0.0019154359590876989 0.0624474025342344 0.03514321433838422 0.04971022763547969 0.08305169413171132 0.0912348313449524 0.06096046458317898 0.009779855678027747 0.08882572695832036 0.05038010414548055 0.011450321864408365 0.06178973083960227 0.02800298542514825 0.08729625110596617
39 0.05566772464238657 0.054186550387668946 0.058775227381548084 0.026565511537350154 0.024432959725250426 0.08791152131064744 0.04669626778396822 0.03286816416441026 0.05916046186890295 0.08843774084471852 0.0013541643778964619 0.05255733275551773 0.05834995882191094 0.052003558174528265 0.049452153777053635 0.06220881351216061 0.06016766024398134 0.024166701954078607 0.07107757063131771 0.03395995610470315
40 0.010191742946977295 0.06307029441194661 0.06422623770034701 0.048041041352426775 0.08133344294356057 0.08224829991847739 0.04256528252192978 0.0312296204071671 0.00031181628147443905 0.08038462604007073 0.05590844730657066 0.042062953210766134 0.025689464666475505 0.0026796851929305507 0.044420648401035746 0.07971622401342839 0.022995747051961307 0.07544525058953315 0.06635607129502148 0.0811231037478994
41 0.025196615008936683 0.08070058700079034 0.050340812787689815 0.024978725149550563 0.00022337556237955874 0.09281453253779054 0.006186635035155044 0.05477372054022165 0.0532448220231875 0.1043384945649587 0.0926058997895069 0.06154005870455768 0.03719591228880646 0.06653188026027207 0.05551192318933919 0.0067323361683166985 0.08003071858613356 0.011195153696269285 0.04093334545010107 0.05492445165603679
42 0.03124816004883855 0.06877406327375442 0.011114341606391895 0.05207889363761676 0.09070483542630295 0.030315803926805614 0.0028809912918296094 0.089796671208821 0.051173464649197656 0.030540359956857676 0.01888209022092806 0.0553715346532704 0.05231818530667282 0.051830899246459346 0.038964203359209165 0.022762451387512 0.06117140169336579 0.12092855393638637 0.006103518873702496 0.11303957629607737
43 0.03427771135988077 0.03061098695986191 0.06901004082229362 0.021825126325901213 0.05573649917855624 0.08093145162353893 0.054072680377162986 0.0685335018860741 0.06529414901159537 0.004840825310804345 0.03591721566213779 0.025181838596623124 0.06573209593384778 0.019380999140763928 0.09929867564834466 0.018257305388104054 0.06630306854729469 0.025809802083261328 0.06487310973437016 0.09411291640958296
44 0.022913255472845787 0.0877636297833723 0.056578708326741646 0.04800169508968686 0.07566366397013387 0.0267620812990098 0.03038364818265465 0.04265459509390748 0.021964411630827737 0.010730752303900288 0.0332978842935317 0.07029498353173756 0.027075234211909025 0.0859971092416276 0.07668410461442708 0.09888125910521768 0.08222726891240868 0.032752585791590905 0.03588638321057464 0.03348674593389489
45 0.023629936352791613 0.04496896534100191 0.07962689011257285 0.05043005505079138 0.07581780098022871 0.027209756523220826 0.0930945317251199 0.023656346400444322 0.01990936877285067 0.02238487335156496 0.02530743406469502 0.10631681040649438 0.03466403782367153 0.07718306889954778 0.10486769591785608 0.012221511627194549 0.04820902846601339 0.10777235514131825 0.010243590278906086 0.012485942763715712
46 0.02794704477630284 0.060519110809569246 0.018435611305650246 0.0078083590832439395 0.04841913622856124 0.04209214007780337 0.08400135081265647 0.06043634724472799 0.050589515888103384 0.09197151542261021 0.09890982362918452 0.061862795489418296 0.031725379500215124 0.03716872628691388 0.022168584257425517 0.02806093966524203 0.041800622705185295 0.10524890808824879 0.03129550846630306 0.04953858026263475
47 0.05479498233314538 0.03408801891806802 0.045100496189556756 0.08605418046123357 0.037721107530725974 0.08199091536775398 0.08254212535009814 0.003732651714091591 0.08484686994763001 0.014714844616986618 0.03962022812033355 0.038728385982034964 0.0643833165830774 0.013131090349355876 0.04367478583093447 0.07756806865683949 0.0021755954341864093 0.07800461354010835 0.06392477469162944 0.053202948382210076
48 0.04158935291025512 0.018267879568920144 0.07543564932884596 0.07068402284865545 0.07246215015325796 0.0442216894193984 0.049651553123900787 0.04091598754055582 0.0796059736865877 0.07514611612341955 0.039926322026901835 0.043710332613394055 0.06360631043903929 0.09010735402529814 0.014834365557392128 0.034699455122816324 0.021308947628419467 0.034542041396300585 0.00696737165229695 0.08231712483434453
49 0.037032004220230945 0.07963185179607378 0.01907246609120717 0.03733051023225949 0.028933406975527782 0.016515722718259785 0.06553973702923355 0.008886795569332813 0.061217311386620295 0.06386537100127207 0.026499863808352942 0.0707939045948409 0.014738928939576235 0.08682391365376843 0.07361701143229962 0.08633866830188104 0.07983680976015965 0.06277709325214874 0.042187571414732256 0.03836105782222242
50 0.047942575570071935 0.04972631370189931 0.04195265140299464 0.051361910844403835 0.000299889247481092 0.05173353971181755 0.04449510211989513 0.062328694481515984 0.048777598022861274 0.04478939856577366 0.027336542516488295 0.04665204366370785 0.062293780863195126 0.048254038293894436 0.0777708731286118 0.03851318857377142 0.045580492138335045 0.06344577741021268 0.034451926531762316 0.11229366321130656
51 0.042716965291414964 0.07975554187865008 0.03049100542171344 0.08501433908204342 0.03538930595952722 0.09098762603909676 0.08384158980425549 0.04728419669086027 0.07172341228639433 0.05186083870673723 0.008320360500634932 0.0983583665262329 0.009018330833723677 0.09527449525751241 0.0029057499927140737 0.014578624506386452 0.014252977604570182 0.06974963338634449 0.05572007480679185 0.012756565424395908
52 0.07654145020312872 0.003922224711661659 0.053154515683534735 0.052577455093600005 0.09338951190965458 0.00708508277744872 0.09675896421404924 0.02255628327116509 0.042711255003638315 0.08776236058625983 0.08669768821925199 0.020972706213981708 0.023859284798059027 0.010940519279258288 0.06155983916046816 0.007020022359292048 0.008207276900720269 0.12187664099470276 0.059258533643263105 0.06314838497686175
53 0.06472801253668535 0.016507085419437347 0.025704915359999737 0.0371668130490528 0.03767663156929746 0.07553624124683411 0.0658091463871677 0.13191560546735348 0.09830968424537327 0.017901401920800617 0.06985737870401337 0.001259837713255821 0.020634525106334737 0.020046342499797223 0.0020590280472000916 0.011828622802335025 0.10140440013056545 0.07180991341211143 0.0063674421058859555 0.1234769722764992
54 0.03297506718436685 0.019093103467818284 0.018102696185809477 0.11327049961422381 0.037372833134790825 0.06994341278473175 0.052857767391038056 0.006203207522963338 0.04140128007431097 0.04585654330371122 0.009054372288054459 0.04307142356656955 0.0571668440989928 0.03909500876205467 0.01699558181666891 0.052396055975286376 0.11134891536962463 0.06595888029792726 0.10996220113734709 0.05787430602370979
55 0.06446207439537405 0.03444164879550301 0.02226451993351073 0.052623948106138616 0.08803086293522923 0.06753521924531004 0.046080639296291956 0.08733839264045543 0.04074010123596223 0.05667369429311431 0.027677072671503107 0.0789439341589922 0.059239834682976264 0.004784754053886327 0.03337931627865992 0.07644123061686739 0.027988850582582672 0.06721097646793096 0.031553750570480724 0.0325891790392309
56 0.02475315279968473 0.06337904912513037 0.027940698817338093 0.013026425415119778 0.018022385567440655 0.04046439308976243 0.02155553861405731 0.07801673244019827 0.08453824392980891 0.08295958111753754 0.027830253934565848 0.0896043857379964 0.07359763479219646 0.09361858603215464 0.07063632488139639 0.03310038784153725 0.01267738842329183 0.04198713377279296 0.09267517214602558 0.009616531521964419
57 0.026379648940365263 0.021619853178029988 0.0039904998523590035 0.0922055441097085 0.03538386156282828 0.0002366807205017941 0.09659516017201068 0.013166012911623011 0.069925009477352 0.06606917668409225 0.037531862308794094 0.08658960144900973 0.0798566942288735 0.03936826538077806 0.06457690382758757 0.08769050924172322 0.06723495030605152 0.012760680556733402 0.09451493281048386 0.004304152281094308
58 0.02075067538205586 0.08161868063621719 0.005810676255519012 0.010821065415506615 0.07839063345638904 0.021646273237513537 0.06345674590940475 0.053670145814582904 0.07284082810634825 0.0030321699798667116 0.07456358503729399 0.07059382644499461 0.010540221387275379 0.08461476248925003 0.07700479017753585 0.055748623568896545 0.09192594807416493 0.04076742221452846 0.0569491779489661 0.02525374846369014
59 0.04327910869800523 0.04619465557238028 0.0690784969804271 0.011553914955130693 0.02803051333788005 0.06991323053821734 0.07926154001250005 0.0692863713632113 0.08025202926224065 0.04479033298457236 0.042036784881060295 0.063161101410585 0.033454869686809406 0.07913424456143402 0.0321356903756452 0.06257382074528949 0.06179949257441463 0.04317776902538908 0.0321569072341337 0.008729125800674137
60 0.0290229334602398 0.027793620521000654 0.10641373597292278 0.02262209164472644 0.06242716112326951 0.007051476732912691 0.026370256214234007 0.040298515442977606 0.07928949947706578 0.04151464973884619 0.08254282366838392 0.10500640144422342 0.04657585704402074 0.030476697006855492 0.07586442714562126 0.047518361601974056 0.0687518788675581 0.049703769255632045 0.04650517135242125 0.004250672285114271
61 0.04803588771772646 0.061367258211742104 0.05392909024245571 0.011980126582782948 0.03927612964866071 0.0439940988110386 0.031228912930118348 0.020732362085811855 0.06325383690119289 0.06438570532890235 0.04658667919310873 0.053108974033088514 0.05868111987458576 0.0759557373177518 0.06832668749270661 0.07035758843269506 0.04556270946989813 0.044192420127126195 0.08244631931844226 0.01659835628016495
62 0.09207880798747799 0.04255785605472123 0.0158697626194487 0.06468174344436022 0.029455600786232113 0.08601025512134595 0.04887457919373998 0.025612623124744452 0.007046179848259154 0.013558310433313531 0.09131197042173757 0.05898765487426029 0.030773067855058553 0.06131019642366354 0.0847435437729329 0.044795375268871014 0.09566792117472132 0.019021516768728996 0.027753281838339555 0.05988975298804294
63 0.026969136596988814 0.06539833200722002 0.0868782331796863 0.035686307559273524 0.02157882291047165 0.05637066170258427 0.08765183539688842 0.04801810197599913 0.044733150404447336 0.030168856732763268 0.07062502269380988 0.04871691641336509 0.007844010606117047 0.013692328998915404 0.0523716373776155 0.02722940302293339 0.07705996024752533 0.062489518645377884 0.07574634662073873 0.060771416907278865
64 0.00805966261561485 0.04050751827058013 0.0669601437862147 0.03622915121704761 0.04806979191128184 0.06903794893627632 0.016995622828939523 0.06925545113144867 0.04134407358548012 0.054396819023911476 0.0688482688854159 0.051707248291756006 0.028718046830334954 0.052908564600038066 0.04683869217359686 0.0812035772828676 0.08651750554239185 0.06357291275706381 0.007471468635510659 0.06135753169422892
65 0.0768758375018552 0.009702822732722839 0.03076603853882942 0.07763452813767635 0.07160646861762626 0.03781179115636373 0.001613385315302145 0.04892648861999614 0.06846280762201294 0.04552880637313824 0.006775706537650804 0.030331286307544034 0.04841777520667462 0.047966722997119 0.06882536752023483 0.07217928161390312 0.05880654534736114 0.06280336485794819 0.06739948474241016 0.06756549025363086
66 0.07104873796982132 0.011879476550872214 0.04720317888017664 0.0879741377876297 0.029520012183732083 0.0424722136510763 0.08387566083013691 0.08198577662304334 0.036448037585116055 0.07988852511839353 0.03751482916397253 0.0704640000418043 0.0626708550431769 0.05681582793605365 0.015192251675868757 0.009997836042029265 0.03844384786632606 0.06233294399741357 0.012128204656933378 0.062143646396423564
67 0.014819362779096493 0.09377657992964705 0.020414037872361512 0.08222828468076691 0.0014112148706828984 0.02419587061646511 0.11095415543672625 0.08573972571101242 0.03491178430725954 0.009253800112272685 0.02249217048400505 0.0799453146509039 0.015492047600473038 0.08465075578697279 0.10883362052761239 0.030800393777014504 0.011408762509842294 0.038623745944382386 0.0749272679190321 0.05512110448347064
68 0.06273022345381954 0.05938016804128985 0.017325874870710176 0.0107532759525047 0.09338292823216506 0.03539237197005314 0.07295541818629903 0.010430795542502843 0.08856910397174637 0.08945895937773808 0.005093183064101932 0.07605013951365744 0.02832932154969312 0.012384870378542214 0.0876834279814053 0.07044409498256826 0.024855842621846706 0.005881895958946398 0.07293160493402573 0.07596649941638424
69 0.03521972650778572 0.04689951539091296 0.07343678878791189 0.04372735076390598 0.06935753802290812 0.007635050229464904 0.007527705121396102 0.10029605747230778 0.015265943785861241 0.038181234400333205 0.053496721383424366 0.026068045135034364 0.06408914017496443 0.10691852618472605 0.04031580801154175 0.0014013159110834723 0.022614183041234706 0.09254349117301161 0.09557682395961287 0.05942903454257833
70 0.020503105336274068 0.030770458260480346 0.021631498005866938 0.09843220039516093 0.11986370859163845 0.02062603378284821 0.12023960231041839 0.06974203310474751 0.004851075284074803 0.04671258326786954 0.06520611182330294 0.01257602567746805 0.043546786627108265 0.08949327921606227 0.025448816551518455 0.02747760885045672 0.04131735109106804 0.021158126495395176 0.07319622354390513 0.04720737178433569
71 0.03569186499377499 0.03672007807331144 0.031055875870601057 0.08447637139403122 0.08095066608140514 0.05398301386215504 0.04381761363438394 0.059119783534949816 0.046766792809761745 0.019393370584573924 0.06402929559151367 0.06370529999805921 0.04740014415902895 0.0733994530641924 0.02604669068481137 0.0807788760455464 0.04924679569545058 0.032881571093334526 0.058601336278608335 0.011935106550506312
72 0.06611237116747601 0.03203611787612958 0.005256040566448672 0.04246839120571267 0.057643494622183454 0.061234059131539974 0.0801228558217735 0.03336777669789916 0.08309692410380497 0.08276359567195789 0.07178456224300929 0.05287751239583903 0.025103443618793877 0.06880113689138039 0.07797534047449366 0.03957876224553486 0.04553665014920806 0.003992290780498651 0.003654097469485733 0.06659457686683044
73 0.03664482720618841 0.057738757812218794 0.06573771574481285 0.07822632293695711 0.06118348945439613 0.0506380430063221 0.05672089070628857 0.04831707599653532 0.09296931593244215 0.0038245538623487376 0.08858954250941035 0.04162610051041174 0.025177443905164847 0.02416834849064834 0.036480380957809935 0.008000220327298302 0.08631041608693688 0.06975647264955144 0.010048084884773576 0.05784199701948442
74 0.015314251366528819 0.09941260593939742 0.009880998649422946 0.07961487049014751 0.09099696935818588 0.05363659323095033 0.03004554232259848 0.05458951107018074 0.07021638606772064 0.12305693846404556 0.019073550908476955 0.05003064272890541 0.03020412440371648 0.018161537692781705 0.10637802482957731 0.04827421156302485 0.05933295040470399 0.002520229392814447 0.01437046504154704 0.024889596075273326
75 0.04910965493671133 0.017096945391911547 0.04583551260255371 0.05594413471668499 0.0031164768244295532 0.047847481734464126 0.0688766759937923 0.06206805920014085 0.012532288036327074 0.08199654849490523 0.08794135782828802 0.02955025812726749 0.06991353089401234 0.06444024455500907 0.0319230167342051 0.0009168018597198381 0.09044144247926762 0.08978433172406877 0.006945831471312954 0.0837194063949281
76 0.033779469288297066 0.023255232324236905 0.07313027761203907 0.10519083176224572 0.014641990572989809 0.04657760710014995 0.10059435369729369 0.1000838271229075 0.005806924807201007 0.04734262506965251 0.07904443938832044 0.020742550314916636 0.08604062170144912 0.0888919369784012 0.09319050332590136 0.0003973946526336442 0.023275137222483287 0.01073869469741196 0.002844097528543137 0.04443148483292593
77 0.01236804963445606 0.06846728105057354 0.03641435253763524 0.04313893032161579 0.010903298040020486 0.014896348069381142 0.029816387189753116 0.04877633455551002 0.0003781336972683352 0.09983125730970077 0.09974557929059423 0.025633112514481537 0.10586206569491864 0.08844580314834428 0.06016143949843769 0.10097718851601914 0.028346118838213086 0.020855325956899325 0.06812440795772401 0.03685858617845342
78 0.009849684525411437 0.04735140581601368 0.08026223933945552 0.04240703420510788 0.03998465301051846 0.04816973344525175 0.06567029132613728 0.055015895940561194 0.011941387015447941 0.07656082090130742 0.026399283826587457 0.04407656723088009 0.0945927860722072 0.06446111636969978 0.04465484640738337 0.0016443267235321407 0.08594415500109781 0.01527759559057156 0.09500780169423582 0.050728375558592435
79 0.07969908842582324 0.06081848404771006 0.016458484356103906 0.05125816163765807 0.09315718114772202 0.009662980968046941 0.05261010533079435 0.016488148806772223 0.07557024315695651 0.03575697622982884 0.033639456156901254 0.04345791420926153 0.1083348307551634 0.0935770251619088 0.004721465369638329 0.034230489461970534 0.00405196034245163 0.05250603392375032 0.08360140970503498 0.050399560806503055
80 0.0517247045744187 0.04250902541021778 0.03555596500068083 0.0034680747411060665 0.026032288919705528 0.04085809006575536 0.09608093814375791 0.036180088279404256 0.01366718467608789 0.07807363103044805 0.060260655342538286 0.08688410283962013 0.0898787635680508 8.10910403894679e-05 0.09421681063511703 0.0853768434103391 0.042431228989708775 0.012727737095940902 0.04979570545088285 0.054197070785830276
81 0.06203659559067828 0.022548943573028984 0.06860023390486558 0.07040394048007573 0.07114192563630058 0.03062313293902195 0.06633488514558983 0.01687943897854742 0.0053523744628446125 0.0658679782888448 0.053101293134474196 0.08735146289713144 0.001744568373071267 0.05773394254705547 0.07811054083432191 0.08454853550341675 0.03473898740744549 0.048406448687652454 0.019006287209367454 0.05546848440626597
82 0.008831161239545025 0.11581840597598739 0.0207553913412089 0.011005597274963898 0.07417664664314093 0.08033541403250533 0.0915819053559639 0.0006684065213817569 0.0008142946816325437 0.01524973252363285 0.023026183688725166 0.010885415411360356 0.07398050370038399 0.08076166138385585 0.005088970770290234 0.09965726843371352 0.03700778453722677 0.12822406380754175 0.08889091504333428 0.03324027763360558
83 0.00824356913711141 0.031079436039520528 0.028530141306431864 0.07233404287312835 0.07242418562440577 0.0750239307768699 0.07716538237615923 0.07740298360487441 0.09371579351956356 0.00914070336533323 0.00942306271432707 0.037606274535129616 0.00028377263324725596 0.06415173758219482 0.057660796937589014 0.08598517130348977 0.06817720515220503 0.0018646056240280882 0.034390775543581394 0.09539642935080965
84 0.024987805546823828 0.0879494343524895 0.07666498702125452 0.0029109364506902323 0.05257120183990804 0.02625758938972984 0.09295348256077507 0.03211670600973544 0.0038420106237556885 0.07566709252798831 0.037472915655607925 0.08363262711631257 0.05891360584919992 0.057435243613680145 0.008673295266319075 0.0747598131844375 0.0025425260788871354 0.09009723054190467 0.08734199711502334 0.023209499255477193
85 0.02308220453063904 0.029973718642029693 0.09569851452933678 0.03671073375349977 0.04725258576396258 0.02949584610650536 0.0191212796356896 0.04169994786264634 0.08202969436937646 0.09285362436482009 0.004926730835996596 0.046592878834942945 0.052255593098474745 0.07794397155801794 8.429092653221554e-05 0.014245081831178882 0.09768992977181848 0.05552721282808158 0.10059599021172469 0.052220170544726115
86 0.07806614451306587 0.06839662471165585 0.06896770922660965 0.08049689198424737 0.07686358466726784 0.04364568502042739 0.04334227610666273 0.000477803095984835 0.058556033551874054 0.07875584990823832 0.028246971692604286 0.05611358335061631 0.042668473525838795 0.017818060042505086 0.04937855186440936 0.05769650934127145 0.058989533213039284 0.047639824668797015 0.010779562095449889 0.033100327419434764
87 0.0797004824601041 0.050322939849750746 0.02304616428537839 0.024442481239089476 0.012183587944626944 0.09038516865372265 0.05681588511076078 0.002592099884909265 0.080704817423483 0.027152477637516124 0.028779725539299656 0.04133650011503558 0.030678854854042478 0.0647888427182491 0.06209687993051704 0.05340738909304022 0.0748231839865196 0.0437749017101956 0.10182289728640317 0.05114472027735595
88 0.04395911703798689 0.07153516237438538 0.004889566409651506 0.04566207287558936 0.012937742314487657 0.042542890202029046 0.02221190131145547 0.08892513895187469 0.0057456806248880905 0.014152311042965772 0.02290479790744558 0.0317308291132266 0.08110238807538994 0.0609010284801162 0.05578647705784755 0.08678478672209425 0.06675189657551209 0.09359952660244844 0.0803956080020216 0.0674810783185839
89 0.06577047387085114 0.03606340036139209 0.03612236341341591 0.08140677223682244 0.08696145327495414 0.03173688814901902 0.04904740676478205 0.0502583093111311 0.0361893127330709 0.039972999190568674 0.060756707217677806 0.04863121582049129 0.06303132188832136 0.012788470068712659 0.0719164596035083 0.07486674456943572 0.06865905050936555 0.00374001839759219 0.017829321166614294 0.06425131145227349
90 0.13458426946568666 0.06939453837311993 0.051643093483643834 0.02020242120480108 0.10045282418835248 0.06036427963337031 0.021887646932209584 0.011921250618597683 0.003265496326836227 0.023242926002018518 0.011702293268861071 0.011834423144095833 0.06471617135314245 0.009034036241546394 0.046169000603485444 0.06392732110271811 0.05811307577361884 0.09952432733785295 0.027233784884961185 0.11078682006108137
91 0.06398672197987654 0.01091462270747283 0.031922828948925695 0.0816545109748378 0.08487139895552359 0.018038718205101605 0.07825500192549245 0.04587727555488632 0.06485901592670411 0.03736910562089974 0.015506584260415658 0.08678993329415226 0.06877618287592449 0.041112290066865176 0.05447843081580858 0.0049441629899667555 0.08100074184172433 0.036415308491832506 0.06776386011820544 0.025463304445384003
92 0.05787276705134092 0.04815995906976149 0.05945387192813213 0.050314662327039836 0.04122940198604924 0.025299013067680953 0.03420782860081393 0.057148824980964144 0.058218663998899474 0.07785034392498431 0.1015751788695623 0.0064714013251528585 0.09139054548474776 0.0822233407005513 0.03487567942446834 0.041016103379050886 0.04745149025309635 0.018827695349982708 0.05224642610463486 0.014166802173086312
93 0.04556060367373294 0.046309357872621554 0.03564083324329703 0.07447339593825436 0.03831413970813544 0.08864367827717652 0.03653151901957879 0.05934790499075272 0.04329003291799979 0.029087680605877634 0.09821263670510945 0.023245318440842357 0.03315845039092238 0.07685905688836459 0.01917079283329833 0.0554472114493991 0.0704370807868982 0.1101135013070646 0.0093822473808198 0.006774557569854582
94 0.05442922192832539 0.00984356624509589 0.062273208800671935 0.04472836878065502 0.061838180165652484 0.02508667273160864 0.08337609796783689 0.032914049854081126 0.07425710557116885 0.08746896673415605 0.028542436723868286 0.009260723251496222 0.04239120054859302 0.02646215783300735 0.05701407282805766 0.0044198409552361415 0.09026152687928045 0.08971675696727242 0.07605721222236161 0.039658633011574504
95 0.06318312836435531 0.08517736282859786 0.03836681768761298 0.06538046940414513 0.04531634671697582 0.06028130627101651 0.028503550793934632 0.06924944536428812 0.02530845044928471 0.036566534142600575 0.06749970738450096 0.0347607673639685 0.012804378537688612 0.09328254604100533 0.07746456577681214 0.051322092057578095 0.05898676003842347 0.011154651121406761 0.022656155835769257 0.05273496382003515
96 0.025866085983202215 0.10982129329464707 0.06804320566552309 0.0891397288983424 0.07649261797013711 0.07736568794576963 0.042944173340567555 0.042913636319468255 0.031919952252367524 0.029582781426430053 0.06313045275074577 0.05656392241326959 0.015818127546211407 0.0103435558676999 0.010848862060225705 0.09411543600673249 0.08373062659786505 0.06486603459281277 0.005957750459188531 0.0005360686087937726
