0 0.07626495260404595 0.06595203320352884 0.02630844285556232 0.012158275255378563 0.08192933153081586 0.08165734476295355 0.07745179774582221 0.02846071807246968 0.012686298859215727 0.015694496200348473 0.02858318319326044 0.041477030031986196 0.054699414161122846 0.05020426149074636 0.029534389685233916 0.06894562225641168 0.06495699546501253 0.048050581078075 0.07440622560462451 0.06057860594338517
1 0.0351437675115645 0.049709100101655995 0.03356375988269491 0.07128975251798306 0.06443553272689241 0.04410033461322442 0.08252774128246787 0.08871221413644843 0.02673870694722684 0.00296361555363912 0.08875932476938068 0.007392804268058411 0.03291267527014136 0.04069592115614523 0.057272049121032655 0.04027108050028587 0.058562766444792524 0.04919385620772266 0.0695956954129442 0.05615930157569858
2 0.017421654507695155 0.0036979479372656653 0.06421193310949437 0.08765205103439674 0.06771644875184062 0.08683163317008769 0.07621612655847045 0.0492776491714446 0.04005503972321079 0.028092688194580172 0.018048722067600085 0.028158976944163732 0.02622056660846456 0.04000862688417459 0.041794407941409276 0.07875717294369709 0.04740487762546636 0.067309677013595 0.08643842394742608 0.044685375865517026
3 0.09698143718882442 0.0680613543183067 0.09874299794219127 0.09343263798301535 0.10950786397946241 0.034957387128373804 0.030157311250090007 0.04248918836560774 0.02667802190727938 0.04124355230508618 0.0032775828184395646 0.018806824906086712 0.06511398702233236 0.06119566472266224 0.03697186918848166 0.03702436293309416 0.07047387760277501 0.00032604441840737396 0.040807296332001294 0.02375073768748236
4 0.021245930208674026 0.04232594939122897 0.020837649562767898 0.029602799691376244 0.050310212203459014 0.041852524014495025 0.044866748736227896 0.06888428939909243 0.03532226301733509 0.02477646995666193 0.0891055147191368 0.05110964044470299 0.010212106488718878 0.05838928726190773 0.0823966194921333 0.0952119468895873 0.09800027695499426 0.055781619181082855 0.015952965901991422 0.06381518648442584
5 0.0915733772550284 0.00024540777781228637 0.01293334771891401 0.09617149032974528 0.046258933729742706 0.07071353212001652 0.04085116594108306 0.09540750778179867 0.04288097555616889 0.02822806918812589 0.041959832096813705 0.09208088520312507 0.0766177507154668 0.03619378928995132 0.04432316138665372 0.06731562195798987 0.02966335246554584 0.06640045620097836 0.007106312003192084 0.013075031281847527
6 0.06561987927893241 0.008811102885152449 0.022644823624123983 0.05462103038342569 0.007810001139844557 0.006177090724236166 0.07635722738324603 0.0037281362722033037 0.04239425459383665 0.04272393595910169 0.09018088767217698 0.04680064617930719 0.08667156517392095 0.07362984726607223 0.05719760168231666 0.07732464336360804 0.06812601181570192 0.049319575323111285 0.061279196474572833 0.05858254280510913
7 0.021568644675429877 0.058590582210014626 0.04368553951773886 0.06250382012806456 0.0789481747962521 0.026698645773281234 0.06707737213298501 0.0611846211551527 0.032359855676116774 0.06664885180903381 0.011153698039954809 0.031956554673551074 0.0803974048222945 0.06649979590349704 0.057878051384774615 0.0463199231501299 0.0779499137035868 0.0014455591384932086 0.08220045958937994 0.024932531720268578
8 0.09360146247994955 0.06343044128934901 0.02891719548372668 0.041558890291126874 0.09993227675535934 0.09011302674929064 0.07504686228841582 0.031076153372423004 0.09268683722033597 0.09836643873477383 0.05138189551453046 0.028373365754458844 0.04220117429456752 0.01480895311262099 0.023092976280218808 0.0292852571849436 0.012000152736320806 0.0023834032858945672 0.062433533406345144 0.019309703765348442
9 0.005324948918235625 0.08532154715103085 0.027863413575646416 0.08594771510926923 0.004565074571892003 0.08593948738187665 0.022915784033524823 0.011324954257113665 0.046841014131828534 0.08902409560677287 0.023196691416037626 0.07879613270258079 0.04313847767515446 0.011127871855471594 0.03846428555635236 0.09522624785452755 0.035165609139359816 0.0631591235867981 0.06431882508124608 0.0823387003952811
10 0.05006560468021552 0.08214198163137386 0.013365562682843748 0.04835968364654924 0.04864661428024627 0.04052739534674087 0.05392446053782198 0.0127060494908536 0.08652063391232062 0.0409371410449152 0.09400959881320854 0.08423156579450361 0.09109291512366748 0.04713390984992396 0.020074421357313656 0.08491146670897046 0.0031645156694785873 0.008815907492719096 0.0337516769490719 0.05561889498726194
11 0.026440427052397728 0.06887077122677937 0.03220940186202313 0.05765983310822922 0.024515131483661388 0.008760584538820962 0.005346093914676913 0.0620836142164677 0.06463967960710809 0.08121786072671926 0.10286788852479203 0.03920269865138867 0.06147232065347441 0.022798740704074588 0.03520989413238203 0.06849708189431306 0.014560759325668447 0.10035285693929467 0.06364175088346437 0.05965261055426399
12 0.08311221255581219 0.025257050408711415 0.04644964156063223 0.026673081689628397 0.03653227746251121 0.0842826112142727 0.0033902125026070836 0.052743400281723654 0.0506516030984631 0.06919937881847886 0.023538606764607176 0.007987522564562172 0.08991181653300778 0.08180721350870633 0.037266947557490146 0.01919868199073469 0.054045439196078814 0.08647752889119549 0.057526478788557135 0.0639482946122196
13 0.03844235336454375 0.0863213852775827 0.04001397718106999 0.10268114453468095 0.09235527057201014 0.04787966186466429 0.06214988984902193 0.07852794138668198 0.07916791120775007 0.050735722984404055 0.07083410536133156 0.07948972633072753 0.05372750824618563 0.01702226965118133 0.0189688058492646 0.0036969525710363604 0.008844192202710538 0.0029571128655971122 0.0004918883952287296 0.06569218030432689
14 0.07125855017607666 0.027357062855505005 0.02619836895269777 0.04289758348553439 0.06163501735138231 0.04832310205235032 0.027212558534164738 0.06594564415791593 0.04586975987549521 0.05933033938554236 0.03195437774500684 0.0333860538155776 0.06821222387391548 0.04828425293908633 0.03916540782736455 0.04265566251306414 0.07067276436610177 0.055559500956573686 0.06986305407134158 0.06421871506530318
15 0.06956798404092465 0.004505098666673962 0.052716878217926096 0.024928225118036097 0.034179655289310766 0.0326896941298539 0.02487201558458048 0.0640149771839738 0.033459360448410955 0.09605612383619032 0.09559046974281465 0.03756972016476835 0.06991833059484077 0.022952790867255095 0.009320280334197462 0.09408300479298344 0.06537526214305317 0.07652385018151184 0.010833669557188945 0.08084260910550516
16 0.09679146559645176 0.018940529133967897 0.11818080527295845 0.017002241083778503 0.025046996083510374 0.10629920309587265 0.006427935292108181 0.00035747371455611065 0.02517964930470051 0.07330519047055417 0.055946566960671074 0.04948077931028883 0.013703072201751494 0.008936617370270693 0.08289013188713322 0.0002591362124603524 0.11658567057090276 0.04423957812961318 0.09462881411172756 0.04579814419672216
17 0.09435104603216807 0.0714763367137468 0.036891231006083165 0.08534383062879293 0.09324363563810209 0.04102553370587277 0.03642750564185152 0.040005918587611544 0.0316133595276649 0.02012025992972798 0.05422592861820549 0.014532507783472641 0.01761058306514962 0.08591135851232994 0.022034301236843225 0.07542972960888947 0.07433456055822965 0.03310066233236242 0.0074230620437341945 0.06489864882916149
18 0.06909008047404902 0.025066456344008253 0.003843335858464506 0.06955412339354938 0.013572118958873596 0.015669421495282883 0.044571216195969425 0.0927036213233769 0.015880679319586942 0.03198160202252101 0.014993920624262042 0.10450974391168587 0.03788245168931524 0.09130656131774167 0.002364934123667223 0.08739772335700487 0.02875482089711173 0.08085427265632963 0.09524690124520907 0.07475601479199068
19 0.03760286205263825 0.04098850411419178 0.09789920306574838 0.03959211228793331 0.06010964473459139 0.000509765065708943 0.06971565940851392 0.09134510183217265 0.008778619875149317 0.06738146654065263 0.02396699200796374 0.0034043417079925122 0.10171466104499984 0.09500065099804428 0.014734501689509053 0.049971361978546645 0.0763962742452127 0.062375875651562045 0.035280428950688565 0.023231972748180126
20 0.03428090704442736 0.052131782892645175 0.039575491719207274 0.07067903604065658 0.05749082124536269 0.07171105376027946 0.059545701776337105 0.029411320814865822 0.046405100743490205 0.046387779307121284 0.059650562390529474 0.02130349278858494 0.026730703007502934 0.06785085871437817 0.04975862344717642 0.07075542261557335 0.0392679828710838 0.04023603745800812 0.058178564495016676 0.058648756867753074
21 0.030003917942711865 0.05877047864583094 0.08333428794288593 0.050938721142598994 0.06300348094431125 0.010275762669480501 0.06663857770948728 0.021963569793387674 0.010767334922453999 0.04770391032512388 0.0514187180673011 0.058956941238922936 0.07870702239593554 0.02580560381635719 0.08474871764841985 0.06145169275523482 0.03844422415016287 0.042932264096784925 0.09509425153701001 0.01904052225559841
22 0.08661523058563189 0.020913137698173156 0.05300733659262593 0.05743836838768487 0.017633291286489158 0.046627004810485026 0.012208082425566239 0.025815916108277357 0.03422705650941437 0.0564557783391495 0.11142369437096085 0.057652972682390585 0.11362888561899664 0.0020541263656486445 0.05902389718038079 0.012637702377478183 0.03591499356990136 0.0565228648846657 0.11585870375483981 0.024340956451239928
23 0.08901393756059536 0.07097811757968961 0.10332649064184399 0.09534357423327208 0.027457100975088255 0.10697478511164892 0.0734252923981834 0.03960529232085241 0.004411993734770788 0.004442139876966555 0.03186103093067653 0.021666035938636048 0.02092012950403356 0.02332967575737634 0.01719984176932779 0.03556560936116282 0.0893197361652926 0.012698598244783059 0.044555792981008625 0.08790482491479132
24 0.0007978438078077676 0.019423024300754196 0.03191846680742305 0.09077077291229826 0.04020842107787831 0.05952041663248132 0.05364091784155165 0.00852864397629015 0.07219185877839013 0.05452903199725096 0.03978529242077256 0.07830014437177799 0.08395051865125552 0.0640279546694108 0.07703512964211524 0.09864193583664482 0.07218084173045552 0.02073570711211903 0.02692885554780854 0.006884221885514115
25 0.027440509557213128 0.014446213585871472 0.030773040949052304 0.07404747910880795 0.05508990485704796 0.10364211744494049 0.04162309181600398 0.008507161969763609 0.01943088164869159 0.0842763889915411 0.06583935872067465 0.01993671079726648 0.09580825627825322 0.09943964147641488 0.02493638365640114 0.08061317258776346 0.03672420561841529 0.03304792563066296 0.021027545039521037 0.06335001026569353
26 0.018640789968640603 0.03137595800422832 0.09571963581004768 0.06653619046978436 0.09288604175138433 0.058159293036780566 0.08775075792705794 0.029418294212566542 0.1119648784468457 0.07957569491034486 0.01730184583060991 0.13407757507677598 0.005463340723853685 0.013776996264509052 0.002039206408471307 0.00408671919460029 0.0846871268348792 0.013635152556767482 0.003967054068729288 0.04893744850312306
27 0.04087719876036961 0.03155046725206811 0.05350900204841244 0.02903607027571985 0.07754338795687088 0.07479886069661869 0.058754698965233255 0.08860927061988787 0.0891153082180975 0.010424484841190202 0.008578596813105153 0.019208074809489637 0.06467475121509066 0.0147346951540924 0.04229413945576489 0.01480547722867584 0.08309894653122353 0.04900263683125896 0.06506850692432835 0.08431542540250218
28 0.06578538357575334 0.0450053115245984 0.012304317507553352 0.07679804611039942 0.0768923610249186 0.028956627489293296 0.036566359882017445 0.043929548561206094 0.09354232759543095 0.08100294395535053 0.048412417895324335 0.05640906242709068 0.014221140453753847 0.07817744599600349 0.0492301537013732 0.005360361120600816 0.07446559398498695 0.052534400122680985 0.036546367561468576 0.023859829510195794
29 0.05436875241186172 0.05278436185263884 0.013961244292284408 0.07974402519664907 0.05914178503155983 0.017479787692517474 0.07762515571110448 0.06853303097007572 0.017714234967371775 0.012768717285288105 0.07154576737586693 0.023941943784882402 0.016601185538391402 0.07726224319781565 0.08627268126632659 0.065145219181855 0.08363175071255521 0.03941768357935737 0.021910125277185003 0.06015030467441311
30 0.06232369966816712 0.08080085005988435 0.02933152896370183 0.03529141378107102 0.0785820955777918 0.010718955150572062 0.06766719392130544 0.0008724184857855473 0.07215505058186046 0.018565655852300956 0.05323551651360562 0.07052867032653705 0.047756707209954286 0.05169307693567459 0.0618826694060746 0.021314251846589773 0.07897228183914651 0.047762627441477 0.026609822270528927 0.0839355141679712
31 0.016643665876002942 0.07698632017612433 0.08387928843330508 0.0957107510747005 0.055200506865854156 0.05387201155213191 0.017257694574561968 0.07211153994871285 0.03543311243384463 0.05944465897051081 0.05136274237757202 0.07823000895757685 0.024400336174353856 0.0495040463804548 0.037104139635684916 0.013727390968087552 0.07449451768537528 0.035743862216113684 0.01043006089986199 0.05846334479916984
32 0.035206493246929614 0.03916412256893358 0.02842095309419218 0.043344329526217105 0.018972763567685513 0.08755781639525673 0.04903443992215831 0.11029683648058036 0.05503303975262653 0.045276742230137904 0.051577605153283496 0.08674600909623081 0.03223140139809206 0.08778253847259321 0.03167968821464358 0.02280482204649387 0.05727500691654889 0.0401798693334993 0.019399726779224045 0.05801579580467283
33 0.03833552759157762 0.04371463182722625 0.046857803487990846 0.032625685538955784 0.05678378487764815 0.036311840491563406 0.054218870638002306 0.07990567088976935 0.023801750663896934 0.04755619212188123 0.0355051868777088 0.008200642140717506 0.06453075793754041 0.04201399655452696 0.04458445342353146 0.06970473538936664 0.07072238051718299 0.07728310880023295 0.04535463378621241 0.08198834644446784
34 0.08801912661915148 0.051366851606926264 0.042737291101751576 0.023605906936361 0.0048602725707220405 0.06903332457636521 0.03627611069352513 0.02616897293983011 0.021373360776623218 0.07953368753478772 0.05419102696866745 0.08103790096805917 0.0006363773252926157 0.024737515322699792 0.014618670773390702 0.0868454706169623 0.0653845173489094 0.07331619127305306 0.07782664120553918 0.07843078284138265
35 0.0033571134622393853 0.02731855832490355 0.02068939306930163 0.04275521746740165 0.059557967580346274 0.0809391128081548 0.030796430164065185 0.08160061854501174 0.07985995028815931 0.09418221552263183 0.006469544805337116 0.04085926259559394 0.06330824064911365 0.09740194668723248 0.01916988493602144 0.070712548913045 0.04861047034856131 0.02803725934903984 0.08985308436760175 0.01452118011623816
36 0.07424632279894566 0.07991721008643665 0.02243401489602751 0.09395757779011131 0.08281270716950524 0.04286438139076122 0.05040032882890834 0.07843363849474518 0.057377595238810315 0.004649036016041716 0.0595985244612995 0.06806588073140506 0.07069235653512693 0.030235327840463726 0.08227314286304434 0.02087486589327004 0.012530912674668469 0.02034539083589879 0.022424854747993207 0.02586593070653683
37 0.04971526746029953 0.03492572018998179 0.06399027082634985 0.08846122609808793 0.01900977257536538 0.07552920379475139 0.03631895851173763 0.04365218024803454 0.055169694090092584 0.0271856486885897 0.016627655254756464 0.004916348248690543 0.08828692577436087 0.0675992386597019 2.1142904246561372e-05 0.09079149218825859 0.0065461191149672505 0.08825149748018166 0.09380319360721359 0.049198444284332406
38 0.009666804606672182 0.004204066878691729 0.01014546381490388 0.05162228348500893 0.0861880673744403 0.03058685125474737 0.03501233710162655 0.10342081683158667 0.028766355981272036 0.08047369485101055 0.0033256822536367127 0.016067305433461427 0.0473135624989759 0.06544492451254119 0.12661326804739229 0.07715181789164854 0.11360127477002767 0.08487124009534652 0.005690135048699776 0.01983404726830971
39 0.03496821967447303 0.05911296942864774 0.02945262460340281 0.0929576417932551 0.03029279717313124 0.04651068575715581 0.08984266880342788 0.01805672233442369 0.04326352224753214 0.04233668068065365 0.0612690101967044 0.028762651472454114 0.05312661783541491 0.0657970890073573 0.054473763680186756 0.03553801022129068 0.04353621850374535 0.042513448786025455 0.0578750108917012 0.0703136469090166
40 0.08651976294418749 0.08538879178537759 0.07691918631039141 0.08918102611844077 0.0863061714153569 0.03700323815579218 0.047243538369866105 0.02343539989280548 0.07056723151164498 0.013288854812930177 0.016744470539510278 0.001220606303153096 0.05803558747634082 0.014430597669040101 0.06756869210882159 0.0471275524118536 0.011773819692362093 0.0736202815615431 0.09245994161838852 0.0011652493021937068
41 0.08393366843519855 0.05249806807934755 0.07998239368653517 0.023932826932809726 0.031129860444764627 0.09076476285490495 0.08034997542654354 0.08564803521883485 0.020428918799600893 0.09239035518154169 0.08122467018507203 0.026223268121125385 0.0034701965976245554 0.03260679553248797 0.015912640507828802 0.09799202715210362 0.05238503135929341 0.027183539651073528 0.013783069270077115 0.008159896563231791
42 0.06598407792684002 0.08309910342812403 0.04875802601532479 0.08236583033628474 0.032783302909009424 0.08507834129240871 0.0077560803013087334 0.006262644739188713 0.05027661629312536 0.023155835127105034 0.08686377907950046 0.08122159364735644 0.0526468282200768 0.059423607861066895 0.012714454981699567 0.06216762302669459 0.04147718099875962 0.058925722192204565 0.024528019582583927 0.0345113320413374
43 0.09122536816893191 0.01641909736343663 0.05129763469355806 0.002291426646597085 0.022383653760140544 0.08119234159868116 0.03483373535016089 0.07046162568844105 0.04976457041036644 0.09358401984635885 0.003294048085156702 0.030703594928291656 0.03918895485167163 0.06956585862572838 0.040612803741494445 0.08546200680186168 0.01459795360710843 0.026703877625033293 0.08872325524590463 0.08769417296107647
44 0.06665074548503243 0.05063536554513589 0.05303119531945271 0.0193323062613638 0.056411338785054416 0.0374809630580724 0.03830244018639303 0.04129508376238454 0.07442411741312785 0.008623113619366952 0.026447717945988127 0.026499725222600194 0.08247582359117045 0.07473702417542974 0.08843922196988979 0.05633354431219321 0.060544101513672705 0.05747543915010671 0.01215564989062576 0.06870508279293933
45 0.058228564151963626 0.0304733219245319 0.03486367859621335 0.09050889103209044 0.05499326939099148 0.017614298778869723 0.015622089009834847 0.0191407551575376 0.100656006958461 0.02538567010673182 0.1170738223307415 0.01861878154557706 0.004988036563668021 0.06441019168478279 0.10931080413659076 0.02599449661997622 0.03565474458220059 0.02136292504917513 0.11610319255942801 0.03899645982063394
46 0.04048528995062205 0.09106681553437503 0.009119443789121762 0.06248533411781571 0.05467234636251375 0.020264617454733565 0.026648544083711385 0.07793409851445801 0.08396859185972981 0.03738918568566815 0.052703258580458226 0.07534278169958068 0.06106139854742429 0.07524663200531732 1.4814421382860086e-05 0.05035725038476479 0.002885171556999866 0.01055066826066881 0.08985143693001135 0.07795232026064249
47 0.06474744914115717 0.07071581702157509 0.07875719366029305 0.06598798864068843 0.02500304706732619 0.0069949138982486345 0.0770885746051183 0.07414187263305182 0.07601441781847608 0.0026077675352859336 0.0007491176105073786 0.03976573671098616 0.04820020632742792 0.014048687874902254 0.0803123583097216 0.044200364745306836 0.08385719084203666 0.03865838506942198 0.033933529074492416 0.07421538141397614
48 0.04393219489920327 0.06298740582015945 0.046070761587389576 0.02789026311332257 0.04993482778324488 0.09480653816755666 0.034882038419240806 0.01531926558856711 0.03876135700682415 0.018137357712418797 0.05325939984074966 0.09629470457032 0.07888163570183067 0.06559523062951948 0.08141241895830476 0.11338316972428282 0.04348563757223116 0.011127696368548365 0.013639819694123026 0.01019827684216303
49 0.022798552497962643 0.03886435971667385 0.00446679622235566 0.08376319791078342 0.08384185525549669 0.045291757133496875 0.05426378070349172 0.04036177325847673 0.06964436302832634 0.008970822355459441 0.06713677683289741 0.027170058020954742 0.07707954905290881 0.06426210133293532 0.08495634606708748 0.059480865239685876 0.014276640361091773 0.06470275656415199 0.056761482447925435 0.03190616599783776
50 0.07701537992582305 0.03496097738872617 0.03280953043778821 0.005373376795271287 0.10370617769174899 0.01790846325897026 0.041130191290883834 0.06027600519999315 0.07093077610417789 0.09536166977145027 0.08424627025048918 0.030506801543939054 0.09935705223421741 0.00021624558543973423 0.010407872267645703 0.06572238338994241 0.047802211735939744 0.041089918671004956 0.061389326592761854 0.019789369863786984
51 0.04064120653930959 0.08610682491156862 0.08342680892867159 0.00686853360924672 0.0311484348184566 0.0557378574947276 0.08166845702474404 0.07146616277455269 0.01335079899154622 0.09496861121603416 0.06202110107617038 0.0272349186236099 0.0809536911779898 0.06218787293395551 0.060756983143975596 0.007490027627138279 0.03304843180524526 0.01632863489887979 0.02409430441833738 0.06050033798584008
52 0.0621183290600561 0.0686715598807346 0.06701608791225444 0.04799528515585098 0.07269638211404472 0.043405716279914776 0.030221105218594575 0.006918633059834023 0.05979004832080437 0.0677290528719671 0.04698669543540379 0.07007306726077561 0.008340634577123137 0.07441308379116916 0.03154744624721147 0.05905048111411345 0.05418102506965529 0.005033055474624373 0.07406410114001725 0.049748210015850794
53 0.0682274587386952 0.06401498861531636 0.06888559193980603 0.01914779258333757 0.03603360360839338 0.06891310223172892 0.010030641022685092 0.03414407992217009 0.08977142862252957 0.04893381109373996 0.02908605391422257 0.034099629980819855 0.014657418883442139 0.04172917308039201 0.07241931564003885 0.04343494032064714 0.07940795401231136 0.07629558667385399 0.03278949699539489 0.06797793212047502
54 0.08094548625360669 0.06761497448928916 0.011271370224601389 0.04351304768971311 0.049981061697875216 0.044260857685864775 0.08083430048863459 0.0445364167116884 0.04630060492927657 0.058449709252950226 0.048816835167664385 0.06075052560628613 0.07282680303283723 0.056640483099614204 0.03067882627529407 0.02381422235849489 0.0022522262468627464 0.038240897827598486 0.07311648108245766 0.06515486987939
55 0.07943463097805345 0.009423004223929455 0.01859327940393628 0.03616099182089508 0.07272336412777002 0.08563373678081945 0.015570232398662604 0.09766496782306462 0.04742253632526313 0.01344421130159136 0.0703319153145399 0.010675091587017115 0.08438313364907411 0.0738426807938856 0.0177616132549426 0.0252556226364177 0.07572285962947477 0.0326326086548262 0.06206517372380494 0.0712583455720315
56 0.04313391673859332 0.0758653039076397 0.06413324892155345 0.010911775315112317 0.09350965957457313 0.002380338494295492 0.08435060138736884 0.08114700452921486 0.058145634400615515 0.09963075341469593 0.000770578766392978 0.07599901425328567 0.030922265297033538 0.030206679126961917 0.0043974114390757215 0.08880060084197887 0.03148043721616596 0.019975881889024657 0.08343445460557165 0.020804439880846567
57 0.07450326357747902 0.054050748017731916 0.0999427781358612 0.03720875405966984 0.03875043517702473 0.0002370087567284447 0.09731973275242287 0.00046285069821516814 0.08879193963031465 0.01809040293865363 0.028175194130372814 0.060179553491651105 0.0397431591007632 0.07246661980193499 0.008180250042608089 0.08767418951492867 0.008656684674966365 0.05706580601482242 0.08509413534336932 0.04340649414048177
58 0.06796023711244793 0.06550395086515266 0.0378660209874754 0.05762114844651204 0.06893102834282085 0.06572024372074906 0.012397047845228154 0.06186813157560267 0.03503751815420045 0.011706498535210004 0.01407652470795467 0.08006212174209575 0.060498831371033956 0.021625801194502976 0.07500972258368047 0.06451280185973428 0.026840803972097545 0.04420382966117134 0.0646597798259893 0.06389795749634031
59 0.057780348115603196 0.013251031305456316 0.06748576300998999 0.043050872128326464 0.009124450130596267 0.06338269613268599 0.03645202706374889 0.05652668144235054 0.03241943601355357 0.06580312587965365 0.04546480574888169 0.0790971558418335 0.05755991072555765 0.0670426851472032 0.07264063507531143 0.04741300061815358 0.07414194870852833 0.07284624754715814 0.023676666921799795 0.014840512443608046
60 0.050473680083926754 0.03562277044378696 0.037340347471632375 0.07367232199243849 0.06361815702403265 0.018026424985140933 0.03675915836387278 0.05348387935149697 0.043618847998850505 0.047911297196973755 0.08133208565265489 0.0364578353216878 0.057912323893583355 0.036466673948547135 0.09058542232810812 0.018168076437587232 0.06768003237609227 0.06770309427395911 0.06914645333237066 0.014021117523257378
61 0.08660275396723306 0.04040039725205531 0.044865289408160425 0.06910259984585984 0.056137753026397764 0.05332948320691561 0.060966252486209314 0.0803156474957253 0.04866925785211831 0.10547839944514989 0.034285181438357425 0.01451543802450065 0.0786383166468069 0.04122612064221157 0.06791269534096568 0.018455907696476863 0.01951665630146997 0.032623225737870805 0.04025930284904483 0.006699321336470352
62 0.0901120491356937 0.028557750913166213 0.01287959067579846 0.018340147603822153 0.035981292141305285 0.030997376724012957 0.09630784372844506 0.04918734599996022 0.026433359895039893 0.07396143332256981 0.07190314236125338 0.02034494147238307 0.0856273270690853 0.07756858553186764 0.042250990440923286 0.07038843343228246 0.03266923031162886 0.027203895097795538 0.09393843718185929 0.015346826961107484
63 0.014427142221766037 0.007601551253395419 0.0720720964807521 0.08919207713072075 0.04855800256888502 0.045764899172030256 0.06741003168557035 0.002152320478083442 0.014059085576151022 0.07826838317564255 0.09178948481950976 0.07297046118502498 0.04087236644821066 0.08180205679822429 0.07150797110130469 0.05638838803292426 0.0790187566961527 0.0032004382225278836 0.003968498335500369 0.058975988617623404
64 0.0504368948628265 0.08736808452932479 0.028943198701464022 0.042379881712561615 0.02181138144199072 0.03292151114623209 0.06907979905160248 0.02880266489864434 0.05943482109097053 0.06705410677721352 0.07461167011483642 0.07511059294519169 0.10006223887303818 0.0919798719678006 0.03092829567670015 0.07172351419934501 0.028424174017720592 0.010242409429441449 0.02245947215640543 0.006225416406689559
65 0.054745623370267636 0.08251993947593499 0.041874811213283764 0.03022824611692258 0.012683852199900347 0.012684657334227665 0.039340093057831906 0.07543661956952027 0.081129898042965 0.027209038705024103 0.012304739852674955 0.03750026264180499 0.07427087067242445 0.09322926238091651 0.08627928256221568 0.012715485897416308 0.0788213782261869 0.08670347405267537 0.0033111603337812284 0.05701130429402521
66 0.030240966395897795 0.06665203981155993 0.07247596483550138 0.08714872703338332 0.06382888185742458 0.034866698658181636 0.030094190627749595 0.07169156593606911 0.08579249632910282 0.004306149651481948 0.08605644656627859 0.006807644384433109 0.002233605872253568 0.08315914046861551 0.0009785501041724347 0.029639053367962676 0.042401572912859946 0.07939992792394807 0.08380776144154696 0.03841861582157727
67 0.03547342925734275 0.0027876014359379062 0.012066851344909148 0.05943390648142045 0.033474178108024256 0.002151916853969979 0.0943319994192578 0.04924942778022733 0.07445539709322099 0.08683321775668928 0.025251087046594543 0.026793783765407437 0.09018792287189795 0.026383856859447954 0.08940008238774884 0.02035152341990251 0.02250857589707155 0.07987933783175519 0.09300489783099769 0.07598100655817641
68 0.10379597525447343 0.1023811836044141 0.04509382458555255 0.08061386365628177 0.02087535568177099 0.0771147317898222 0.08763065107290248 0.024063216570870776 0.09479878874559376 0.05096753619436131 0.024125747958351738 0.03923703510596997 0.05234293256445352 0.042212346726197135 0.02903843629400852 0.012784744502217888 0.026151725917582764 0.017378400907631816 0.060107560986710974 0.009285941880832286
69 0.06637551692241014 0.03202267381507705 0.05979300855954279 0.039043996459795775 0.04066905952135857 0.047556156105072564 0.07943794881955055 0.07694333728176858 0.05583321543930909 0.08072564021570981 0.011356405846497277 0.04234326787512168 0.0644323237825137 0.06807653853522545 0.02369491568756521 0.011609114799316957 0.0846279813377694 0.045847756596225614 0.06243133517216679 0.007179807228002902
70 0.032782664852580884 0.02248689128436026 0.02081378172537691 0.01210733336580214 0.01295106921330291 0.07046186384546545 0.08478432103951046 0.036246502492505946 0.07542865023658399 0.00941699150222733 0.03118554790531941 0.10069258669018916 0.012317762677883272 0.085959263285303 0.07206593864036699 0.07913133780351789 0.030133844976556683 0.08716137690149003 0.09401989605744078 0.029852375504216558
71 0.10870491724012145 0.0023035712687855415 0.07321271761912337 0.06519102620202828 0.005020807303269632 0.087560548990523 0.03292036193227489 0.02087411501719352 0.059023351575458294 0.04266630592500026 0.014203281106138983 0.056981873758875444 0.05811808516875581 0.06771909900378921 0.10206685812427595 0.005140579024050211 0.10229780795444642 0.06227049842381675 0.00613157822785234 0.027592616134220514
72 0.043346376972957935 0.025721235579370772 0.0750838768936199 0.07269556397921306 0.0053511991869245965 0.0007733111553799532 0.07133852764568385 0.05252303811917855 0.07238930542613514 0.05167419934274354 0.021378479831675973 0.03476943778947956 0.05527835483219815 0.059955906301153675 0.08171783594236572 0.014452536942746712 0.06098889804179418 0.06846559965305687 0.07154231776395845 0.06055399860036345
73 0.0010882653133625036 0.0634028246776989 0.07714761938348459 0.0506753704210464 0.08500983444517092 0.009130766242911656 0.0531743956799043 0.005537061166375753 0.06118176691418252 0.022663608662675833 0.08627055304699449 0.08241609285762547 0.04690159635659324 0.04936135823740467 0.03506109614355372 0.08818562380504709 0.07736292741820561 0.04658920374466313 0.05709156979629914 0.0017484656867998733
74 0.001277412752586622 0.04195061359146457 0.06586271712197994 0.061269354311018494 0.0830483122202156 0.03902529267116873 0.045873321359962166 0.060221888509439506 0.03277078474055448 0.0583628042997524 0.0666104993848476 0.017957118858834543 0.07249344669169423 0.06310402596705693 0.035935836784259496 0.04525204102246577 0.04705083459909677 0.024438704220061377 0.0674280374427075 0.07006695345083326
75 0.03191917993374253 0.06350347907779434 0.0098575492428501 0.0036384655674836365 0.011742408448197272 0.11725795102840791 0.07622412044869792 0.016538326830843445 0.02361781282805863 0.024120936570372082 0.0026008682382339912 0.029253638805767916 0.04796062617986669 0.10969046917746479 0.01386693485563084 0.06283966078324868 0.0733599188985614 0.06196709211745935 0.11066922642635985 0.10937133454095883
76 0.024782464893449714 0.032236243583392936 0.014785361118696466 0.03736615325655417 0.0660502584659923 0.09361287077600107 0.001458965030740068 0.06506800656249641 0.04105657781466465 0.08819663311551615 0.02775619054220058 0.06315854228649803 0.07795039421281241 0.09152035588196533 0.005318319684380496 0.03174425583304633 0.06831868651383638 0.07639270373123325 0.005855703863870208 0.08737131283265298
77 0.0032431575284570203 0.05184614264039668 0.038351536037318494 0.08555141746050891 0.05522814388183302 0.07709392171343925 0.021911114983052492 0.0634175741352003 0.05194477254644865 0.03371846474347776 0.06215902650771021 0.09313698133776442 0.04906847820385648 0.08874448006763977 0.009805139041670328 0.04364867907812644 0.08962356474639412 0.021164067486456616 0.0278596052708464 0.03248373258940264
78 0.021725944967497447 0.08588982779659442 0.0585123263180993 0.005331098787230664 0.026541633854140313 0.010581977971193023 0.09130367868481315 0.049253659203032055 0.06729517604958216 0.056933217286246805 0.08900128295506977 0.05645608237349698 0.0564416476110439 0.09141302535915784 0.06540837414796194 0.00444627491967795 0.0031505975348530466 0.08981414785879306 0.00947700928183444 0.06102301703968188
79 0.055538342409906044 0.049858256257541665 0.10267869434328945 0.0683739214776301 0.08301521412584169 0.01013848210181977 0.03278200310694735 0.0658554325141444 0.06761857626059256 0.09758598401093352 0.029535981937350186 0.018219425777885604 0.070545152760706 0.02173996490166859 0.01689309019410288 0.07942433227711443 0.05133703096126553 0.011101211899330242 0.030589270551084114 0.037169632130845925
80 0.09564429256626003 0.03403248088719486 0.0012357847168089954 0.09494700683585014 0.004118829852112271 0.07709494518882341 0.08186242908188322 3.671947441772572e-05 0.09556454327586711 0.04874702210700227 0.06356341042045102 0.048993650939345365 0.07413335316191046 0.058839509308035304 0.06374210074650254 0.02771222431863356 0.042068159120557974 0.05767269661227331 0.008030496032986646 0.02196034535308383
81 0.04445389560030832 0.04553447655135819 0.007133924376685466 0.1076868766651411 0.009180499797317939 0.021236521694696472 0.08120231128249292 0.051244082118025176 0.03606617931047525 0.0034052690271257004 0.09256410539222343 0.013535615405877747 0.09081971944292147 0.044410970276952684 0.05148812987701015 0.05555660694921513 0.09208750092380735 0.01453463305464786 0.03121452939364263 0.10664415286007488
82 0.045075107691393876 0.07153582712136482 0.07720269944848403 0.04495607317670363 0.06663693359895981 0.034263858338986854 0.0771356459861383 0.018171989085924968 0.021554334452401878 0.062322506681452214 0.07458519174565235 0.07358459850752455 0.04312014494404309 0.006678628778789241 0.03936673723410695 0.034491970811213114 0.022142566813993122 0.058660581551567476 0.06049536627709293 0.06801923775420665
83 0.03981476637111749 0.025741145204286223 0.0449377439316888 0.054475034675980236 0.09661962297653545 0.04389850358763972 0.09860730971679027 0.0012934443176172085 0.04776410287973811 0.021827375665360266 0.04958049446591242 0.05356822983262771 0.08670825287011043 0.09201217684423302 0.029111564533492132 0.049158500950348946 0.017947561910589768 0.0782569256189569 0.061929465057565906 0.006747778589408958
84 0.04839699986500993 0.00750347318391019 0.07643660781708157 0.05982567420255792 0.08399130188973442 0.07926656889787154 0.05158472127425269 0.05294978826860114 0.0520321265673798 0.07622623911943442 0.06901508437706966 0.0842940531842975 0.05735103273817674 0.009543976503646101 0.039787636457392105 0.006800329123498911 0.0850365163163088 0.0051521756789008576 0.03791131600454714 0.01689437853032852
85 0.004221794342445392 0.009139030150677324 0.07013629097735603 0.0010071316165968063 0.09249099152011568 0.0987770083045657 0.05626498066317742 0.10724262733813211 0.0886069832650863 0.06451659530276098 0.005606588831974691 0.08387340916341127 0.03848579628975663 0.0011660523317659807 0.049377382430383615 0.036809031890376105 0.06878984783594762 0.040188205598278966 0.050676261676845975 0.03262399047034549
86 0.03740745765345283 0.015016696972355017 0.09202446622493156 0.08935761621315633 0.06639289554405894 0.025969103390987357 0.04300183609084247 0.013391286026251883 0.04177798891986094 0.10013155623343667 0.020616367896790867 0.059879432410626515 0.00039104003783644215 0.0812102915324884 0.037226255051411354 0.04972158945852532 0.02633972422721392 0.008301252544211362 0.10749337894704104 0.08434976462452086
87 0.04664655592848488 0.00563139925324491 0.04834870863774585 0.08423721421454157 0.04370415619336482 0.005341939804198932 0.0585351832484721 0.02824562802521022 0.07025327700808262 0.06222922858222602 0.021432142119674976 0.07410607720167425 0.0744617525280628 0.035244654393481074 0.09821111120469461 0.03516928566117775 0.06898749809471262 0.010931498121224415 0.07795112105746704 0.050331568722258684
88 0.05054425464461838 0.01712147137236246 0.0018876705064736798 0.05319086648072056 0.0795181398025091 0.0017876365629629141 0.029100992081253618 0.09462722436752942 0.10770922704316574 0.02350357871952925 0.004841425387460086 0.019742635805610132 0.1073569052515599 0.004083970213865851 0.06547931203366003 0.08605289548089907 0.10139782906908167 0.05442761833205464 0.01769933528251345 0.07992701156217003
89 0.037696985614955436 0.09939710838302752 0.08825471226532725 0.06470714378704982 0.009712373326915262 0.0983529422830552 0.06884926616280915 0.035614065765015024 0.0146690222445413 0.0419151480308982 0.06891471602389537 0.00393941029264157 0.06721157520354469 0.046176913796663166 0.05585258974632701 0.015106359308856858 0.0660957623774672 0.08367677150652153 0.007632205983395358 0.026224927897093252
90 0.03761485193657996 0.026310391937828102 0.07353205536127551 0.03771871654444153 0.054635943952185684 0.07084012646991256 0.0632891029067505 0.04744572520067055 0.011675949738085407 0.03334620202441423 0.04639027820215001 0.01939191330240444 0.005890018728603855 0.051093548830083824 0.05691084841170593 0.06315937851258362 0.07229526933337363 0.06747296602434376 0.09300264024693501 0.06798407233567187
91 0.00073494507017469 0.08608202136103066 0.07988905700658148 0.015363195098065559 0.04929353011067851 0.05115174456044974 0.03164553791037528 0.006331321016722396 0.07213866621045764 0.0731899000390389 0.06592456491259881 0.05567474286415798 0.059076868444696194 0.02617816570091632 0.06425135380368767 0.06806436094015536 0.029549045945568606 0.054190242338347065 0.02895532662188548 0.08231541004441159
92 0.02132422533752367 0.05717104896646764 0.05330434548917944 0.06125633074045927 0.005451660856132877 0.09422580795671699 0.07762972541016416 0.008005243497846442 0.02835248663590885 0.04469058260082559 0.011708754193305153 0.06411696647013042 0.1018993647524546 0.09338379941157594 0.046169361874951555 0.06334208874002198 0.04106919194358138 0.09033749675186518 0.01814444671881879 0.018417071652070113
93 0.010321766508535727 0.02462281055831866 0.020084736012115016 0.0713132759769633 0.06741410380129875 0.05879009918034024 0.06909621457028957 0.06885815081624638 0.08367408622659143 0.07044430343382559 0.07465103281282287 0.05238976075621391 0.08203883847667702 0.009529185787754395 0.03179431750608863 0.039750933293642064 0.044615453708276916 0.026892194068313082 0.03950457921480173 0.05421415729088491
94 0.06726742247654542 0.027708643936205847 0.003003867146480404 0.06593571427030694 0.04948727703791302 0.08458388736777266 0.07245561557069027 0.06543533665364107 0.05322513298466491 0.04065146882086375 0.020691610815097065 0.029569861136903738 0.044451425791875464 0.09008445504663791 0.09275907800157192 0.014280203338035523 0.06195704741018395 0.020023748622870704 0.045305234560232846 0.05112296901150659
95 0.0114992073792314 0.056272199919076456 0.07657156708121805 0.07234543073344979 0.005765317486137771 0.05592091901593792 0.058691945300803586 0.019012286196532082 0.03757752026410514 0.03919218218507605 0.07361257096680704 0.08848706635146467 0.041544255666922866 0.09901016762904166 0.09926877600526841 0.025194654884666212 0.00035961453422036967 0.06337374187051492 0.03002262890269459 0.04627794762683085
96 0.08588491749095006 0.011809491917190667 0.013066421314451893 0.03594294669826529 0.08847798697535 0.07908568953917365 0.06315566460511182 0.0796310000306235 0.019100156758815285 0.042541548888793294 0.0415535650967282 0.04030047655218698 0.047545939748833456 0.04827551858549333 0.05590180984548489 0.05189304457990391 0.007699936264660394 0.05337112365778185 0.08088858650511066 0.05387417494509107
