0 0.03253704356735174 0.08956608107706415 0.07174920603938247 0.01186384536301653 0.07159241731723381 0.08026053870066809 0.017453820459543534 0.04754024791925797 0.033674681555335054 0.02200352385779818 0.013248559535479654 0.008039566263508874 0.05488097469346208 0.06906482970323988 0.0764245446251541 0.027552315999477963 0.07534746913722853 0.06131451178288293 0.07012936120190044 0.06575646120101394
1 0.004125200263063392 0.09946580135777647 0.01328346469419334 0.03839882726856047 0.05052714845581304 0.09291295633953303 0.07000766440023222 0.05475597518804612 0.019069627128230956 0.05496722549710288 0.0917735628603723 0.01937858827072336 0.08786581361189669 0.11022548780353791 0.007614292271340653 0.06548154974038635 0.00010831014470591537 0.04158668809674444 0.022262127143684324 0.05618968946405612
2 0.003883760054346604 0.06740698453275598 0.07311948452442796 0.0049375261518760415 0.006700161029152916 0.06231383145052996 0.030188930409776167 0.03510043607428451 0.03097077961364896 0.08811627858293022 0.06605595352995203 0.06415215427319615 0.05680526585265425 0.0037645724423009614 0.004004596940250455 0.06405414663735297 0.09492440407139474 0.05742074560960172 0.08748945262744962 0.0985905355921176
3 0.06536181991569157 0.04161858984469723 0.01096103579817011 0.06273404642626705 0.05838241293807167 0.03879458137102176 0.09139744758311538 0.010965872921724693 0.08326890432888294 0.003078224652332573 0.08831964395114138 7.664852028549375e-05 0.07796709332329421 0.04632122586896827 0.06009822709730876 0.059888205267060436 0.01340984270827153 0.029696416526932612 0.08337535532338014 0.07428440563338227
4 0.07876484937205462 0.017346806294136295 0.06321610240808996 0.07066305061354929 0.08012073371466062 0.0413604471495131 0.08366167259938104 0.051680344939018824 0.07169567002937605 0.03353969942292784 0.06289858442764759 0.08375442502161382 0.01865350144154583 0.014462662667466387 0.02391891512988512 0.03981090138770062 0.08546036253641932 0.0030187102950502954 0.04057563798604249 0.03539692256392096
5 0.05223258665432162 0.005555967817365807 0.0007545157030732105 0.016027000322688487 0.043530909794517895 0.0012850652949200853 0.10763356936645725 0.09049983326075803 0.06524485991516955 0.011810703932916682 0.027433519744313056 0.04591691943919891 0.0865632863154903 0.07743569830017757 0.07481391124145985 0.0832728790213451 0.0726427312114327 0.03431512123889921 0.003585454946716399 0.09944546647877818
6 0.07839487566604247 0.01417531400043945 0.04449683313458672 0.06761255124112117 0.00803634017484919 0.08901806929101316 0.026478452288020402 0.003350560502190713 0.0685630092174259 0.09225347331185722 0.01120350965936888 0.04671144177754492 0.04806637404235284 0.07562389716970012 0.07904830875160271 0.06081405248683633 0.053661503593263195 0.03409914590160439 0.027166343440447032 0.07122594434973324
7 0.08511394736521032 0.05704177733252564 0.02389062235086891 9.146338464338075e-05 0.0666935901869746 0.08482342876427892 0.011214804324708397 0.034415139896273615 0.06645477387075649 0.002615532425653297 0.07923181703145436 0.09376493040505116 0.002187920695265568 0.00952453477515858 0.049390039929074134 0.08035794926001329 0.06317205267852558 0.05607177425592908 0.06537265147580114 0.06857124959183361
8 0.04772060672337862 0.0021319673521267173 0.09324839429158202 0.0876443357575078 0.010212308199648893 0.02615281472998501 0.09242759609784655 0.04359324933143112 0.0816057342020832 0.10138139412769934 0.09064393167315161 0.015881048080782233 0.0058338723917434 0.0470952197872848 0.07139357926050559 0.05227591000677146 0.016821070844883 0.0030265886396441148 0.004915201972351704 0.10599517652959291
9 0.08328928983645054 0.10109019461562928 0.06084074060947708 0.020221060204317454 0.09004976948603054 0.021324953924467274 0.06696275582391913 0.07509429610699744 0.004788224462589922 0.027925176111927262 0.01398813159244344 0.10375308678321352 0.06315987188604993 0.07533575814168712 0.03127790531164969 0.0232462508385524 0.020721684146766107 0.0594366745080086 0.02618342241605969 0.03131075319376328
10 0.00844836603152068 0.07780842218050342 0.12333196009071588 0.12682974536086636 0.04605293593974381 0.041703087440653486 0.0350322259180347 0.018513816344864244 0.028827033718857593 0.05606083112322304 0.01570645035391995 0.07604136889441566 0.00806932800959432 0.11801497587557702 0.017861441278538056 0.02731780997825014 0.01700014639380937 0.04169676447825361 0.11471101415304082 0.000972276435617926
11 0.009873532298776433 0.06095053436777784 0.014147902333983352 0.05752546706261544 0.04920118756288972 0.08699752981810942 0.05650399321453436 0.0637291046795018 0.03376403468119108 0.07104104642355652 0.01363416112399082 0.01843748234691035 0.09942856015206558 0.06707364121165088 0.0564847122922341 0.03900445102595342 0.08738410419758472 0.05365741502688663 0.0003941408680280094 0.060766999311759634
12 0.03976947977781093 0.09753668429460535 0.0026450952787021634 0.07421235731581001 0.008081021307382733 0.06540812834533179 0.07757041455590359 0.012103899329427799 0.09434326873652359 0.05247887742738722 0.09121269161107874 0.08181094049085727 0.0016505750167816848 0.0006967016098873688 0.0440456985879072 0.08930507148379567 0.0564393537540289 0.0263682687526196 0.07766951857612017 0.006651953748038134
13 0.10188374009066258 0.07666801143616872 0.03371206872535115 0.01961458332318186 0.08021911980676907 0.08671426320424788 0.03755799324105278 0.04299718151641381 0.03992724833202476 0.06510338926019739 0.06092311131812104 0.04268296844312674 0.052453793548674625 0.026649263078879767 0.04023039226480092 0.03082422504466245 0.08213291704157981 0.032656350838106765 0.01740668350469123 0.029642695981286726
14 0.055567840728370115 0.09937565912409396 0.05132933843619711 0.0009733088116024881 0.0017683806969484531 0.017728950558361784 0.07521678207008668 0.08583864485645532 0.08552446493491266 0.08833008535185612 0.06320291277925173 0.00835601549379331 0.0670562597477587 0.0064236734343166915 0.00019317825328974732 0.08328408657328 0.08911097856347822 0.044078371687765544 0.03455147581351001 0.04208959208467126
15 0.05904875604990486 0.08151599642181219 0.0095661810379593 0.040100125265404775 0.07960591548319691 0.017974724056147248 0.10098784428236256 0.0727570426073173 0.10836195148190773 0.04926072710537013 0.03346101035629536 0.04740054969441481 0.08062530816906992 0.03951333423609313 0.02429397934485565 0.016436523969120986 0.020090380896117914 0.056745010858929266 0.036218159453636545 0.02603647923008334
16 0.09367438738939737 0.09701174474989127 0.07728410984372679 0.055606353167787274 0.07924664509805521 0.048742551392682264 0.0024137694982740545 0.027421218787874405 0.0071539659189570805 0.06144257199628775 0.03793650646089636 0.015756469602460497 0.001623650353758087 0.07670807076670154 0.047672627190912725 0.05283165816587135 0.04446830058470842 0.07878720655158421 0.004931107971332729 0.08928708450884061
17 0.0774915558772273 0.027951927143142617 0.0405891655650603 0.05415229354008219 0.061137053002861784 0.01903663064880184 0.07787099065588851 0.06489982464132178 0.06372263088916016 0.05952593651807288 0.03945995720296814 0.08206930435344052 0.020128402687156648 0.0536438877616927 0.0873965945070498 0.02541657013767742 0.03424780014103022 0.03870429277072218 0.03240870094873009 0.040146481007913085
18 0.07789793773300029 0.08953931351476523 0.020180589154832927 0.004930159200586791 0.08403882539988772 0.0023951381533875017 0.10218310550761667 0.06071332179892536 0.029966571563613563 0.0410304302366965 0.06284396757095417 0.10000679313144188 0.1021122837746846 0.0047140381022505295 0.06842017120688168 0.001746956011418287 0.01170938685966354 0.07818976228720242 0.03943216468796532 0.017949084104225164
19 0.07405678466837881 0.11103532717189246 0.06338115012294059 0.009828714481525372 0.014590148468599259 0.08813585557275418 0.04023793038686721 0.029385244871666244 0.05552726496040967 0.03286681055422427 0.06796311283175721 0.06607704993952064 0.013059907745451753 0.08404383513318467 0.003916187390530168 0.056919035246227795 0.025041570880321207 0.09384651216786535 0.011316253799177034 0.05877130360670623
20 0.03447243160902965 0.016630334675020463 0.07183264052553612 0.07378583278495401 0.0071354611619328595 0.03287254746057452 0.06331988038162817 0.07591945807222315 0.02986111571917448 0.06624037931208533 0.014654509930509275 0.08378441689997468 0.07791187601846009 0.046646357768715736 0.035937202589739994 0.0424080817772956 0.025104857784169002 0.08152876636953955 0.03974918426361738 0.08020466489581975
21 0.04272970739564779 0.002809614596567255 0.06658828344697687 0.0378678890765667 0.030309434732773515 0.09128225353024766 0.037627769405420335 0.04961284729065009 0.014203288159367182 0.04389383351287098 0.007623460803617048 0.0455315515262255 0.10924244301381235 0.034737961648831625 0.09584332452285889 0.015541302171644646 0.01992893528414621 0.10058324077045167 0.08103437097170126 0.07300848813962241
22 0.024359526080696577 0.04580340411196656 0.08253783685848227 0.07146010566961752 0.054066198338008756 0.022076103811314182 0.04804970402716184 0.05025497438967827 0.05924177514819315 0.06752443981776635 0.07721355165901896 0.019500182057893237 0.01121976059219294 0.04918212322381227 0.07785572011002383 0.08139639089489516 0.06242052453435527 0.0024794810581133873 0.054840323043208385 0.03851787457360087
23 0.07556643873751363 0.004266987587294569 0.08571817179396012 0.03402206552790585 0.02421825934361979 0.08773320617583659 0.02994634674085047 0.055091321286479686 0.03420384297956129 0.04809679166605506 0.05479110572671655 0.05028701454246626 0.08845491104377713 0.020569189919986897 0.04029943718028291 0.04338062144210845 0.09132314427015295 0.05185969777884282 0.03773892517679728 0.04243252107979174
24 0.03546373527382892 0.03150918539202992 0.04119425019495793 0.027780029867567023 0.05979545649324178 0.04098399114100366 0.002017228198402967 0.0340133314851677 0.08963528856791518 0.014731046165307862 0.01059460553743105 0.09164926430849933 0.052797199952472076 0.05332239340601399 0.08424368524356678 0.09585008842970755 0.0701480552464068 0.06866817561612899 0.05217704253285829 0.04342594694749216
25 0.05619837567489031 0.0774004990466973 0.06355586255116386 0.012764646228031709 0.02750106524609628 0.021067545137706256 0.0398318472874828 0.05321446112441623 0.07637828725296812 0.07484799678234262 0.054508162520329875 0.028468192067329683 0.0033895048153505867 0.0677214612130286 0.056254827325721374 0.06950047512434052 0.044620256646639773 0.06952821854448887 0.0561263402948288 0.04712197511614661
26 0.08500702672643635 0.08360280393667024 0.06853589332306573 0.002173309268420209 0.022159563536443543 0.018913715692549127 0.029734996699109575 0.04981719906664386 0.0603927866534636 0.07858638247109245 0.07066429983948634 0.04344285184965347 0.0057131141556273565 0.03658105335852727 0.0668061954364825 0.08619732152145083 0.008170256823289033 0.010640253128050756 0.08879629438374184 0.08406468212979575
27 0.0550987186472655 0.04729508300360446 0.0742869840789136 0.006619166421722523 0.03506971693085514 0.0689913560396625 0.03743970015105907 0.00306893618570547 0.04598825296091612 0.03784605841465613 0.06849934112658053 0.07004761042337498 0.06624724008115462 0.0491599194207363 0.024232924756611787 0.07277127758087489 0.06485055137813818 0.042978879262718275 0.06389178115087633 0.06561650198457365
28 0.06654301962024214 0.09134149644441539 0.027795398035796285 0.0899641563245826 0.024304521985963643 0.01870733131854223 0.09011969737679003 0.006248080271149447 0.07730294208068986 0.09388441587630489 0.020561134142748773 0.04701887100215049 0.07589275737994183 0.014984864615688922 0.009519836341262217 0.03392303969867919 0.052021203120718604 0.03476092272426787 0.0611191499813765 0.06398716165868894
29 0.10090140416608637 0.049985009149131406 0.015283136266684953 0.02187895968401902 0.024697515626760785 0.034265164038716045 0.02328201615449339 0.04926377111734201 0.045244549340222893 0.1034212506383634 0.04924100090783279 0.02453485478926615 0.05717519673014432 0.07549120185415764 0.031119505167379755 0.021339697417812758 0.07590397451402801 0.10395458325202206 0.006618574961437205 0.08639863422409903
30 0.04648499274356505 0.05991417491983442 0.06444263300549592 0.0321950584969262 0.07249323077847598 0.07391197661265674 0.06346137580417535 0.0421826131253248 0.049728096269460106 0.030075944809211688 0.06609985776895866 0.04816316894780753 0.047842664078034516 0.0022650040927848342 0.014006922478454833 0.04770735427241199 0.062483359376678774 0.06625332132881344 0.04702363448196273 0.06326461660896658
31 0.0469244007441284 0.052828796889577735 0.08536607441701133 0.07620115557777715 0.02457146634674238 0.03894874910188474 0.033160422399859064 0.04181121616221465 0.056449228880608646 0.08053276754892098 0.0028506445533452137 0.06606132740455531 0.07524303134922296 0.08350284671909494 0.051501177003567704 0.028588903283678555 0.036115531388717766 0.020801864837280762 0.01646911146733422 0.08207128392447739
32 0.06114112307435162 0.08789505167197745 0.000586107924880024 0.07181445966112432 0.05836346512983188 0.04367888805007311 0.04464406210276649 0.07387372679208193 0.08128841306536332 0.07376538884979447 0.025387947934138653 0.03995425476022219 0.03769324861981719 0.03575740537601557 0.007211811259421863 0.03978746301216436 0.004045580963016622 0.040707194436063625 0.08755052730603265 0.08485388001086261
33 0.0563065604062656 0.06980704141860947 0.1006621441145834 0.04938874401634221 0.08604605917180164 0.09310659437093138 0.013463381543887758 0.07220907744856842 0.013553949768880526 0.030646139181803714 0.09535076578705916 0.014034847007858262 0.10009476523328656 0.01982282672606216 0.019339780827050877 0.09599890138542196 0.043129706710972424 0.017619576645302157 0.007590476253276088 0.0018286619820361723
34 0.02167094004850438 0.08082699079550365 0.08772167813243134 0.06425386099878116 0.05691067557520124 0.04676512008758025 0.04788912107610031 0.05813826741696629 0.0573728077892177 0.0451288009617936 0.028327314367992896 0.008428086715090129 0.08766729686574543 0.04546721835210097 0.01751080005463926 0.08638320310588486 0.02065725236701668 0.06868688221153108 0.052027260380593014 0.018166422697325657
35 0.04807735390309124 0.06334391022024242 0.07340479112370434 0.0472030269840476 0.09382745800349099 0.09274259757388466 0.010100841489833326 0.09408457475607725 0.0026726661633840205 0.08661674209343519 0.014856157565125207 0.001680054550438086 0.08536245790397153 0.06073649438176233 0.013510020802819135 0.03877667458590254 0.019433628331623844 0.06483494635100245 0.023648333831783108 0.06508726938438061
36 0.09477310486769337 0.10467013538942298 0.04450730773742579 0.10930279576953596 0.04284364196342559 0.06731469976002198 0.05107422695462295 0.018801509459058532 0.09803393493840169 0.005873204153232839 0.006204469024861729 0.08133584413322253 0.028634438845878688 0.013173177550337593 0.03292250900695854 0.059654882682918346 0.03133576299714974 0.014056867851419361 0.019965876784172158 0.07552161013023943
37 0.06791339309056252 0.04515615130229036 0.0848199874444679 0.036256198968532855 0.1089828595691757 0.06650468012122127 0.0024672133875923556 0.013141070264260367 0.02775722626626232 0.07862589984387143 0.04182648213845778 0.01731534857347391 0.07346061807548995 0.012343432888657907 0.05867011838437531 0.09802325862365296 0.08268871617300796 0.029132931677907706 0.01216517233515897 0.04274924087158044
38 0.028920328593761348 0.021534828951126427 0.11398206029939696 0.11010092139420571 0.1256711783411939 0.04897347772779538 0.04402075923261124 0.013956113991934088 0.003978676894966672 0.09446465787912699 0.031944997447398246 0.051617725774653456 0.03879171411166883 0.00751549030708848 0.008728209832148927 0.04087753816419742 0.10046452849126279 0.044911110466983935 0.023308382327867947 0.04623729977061143
39 0.044501351862895604 0.07082484214115817 0.049658015616513874 0.05088231695669216 0.009170363232165258 0.010084990625242748 0.07908330287296313 0.012760445475548736 0.06609732917714811 0.007347458103929466 0.0055694750528753854 0.05401784625833058 0.029902992908295328 0.003378692492582795 0.06024047019549433 0.0894834734313574 0.09596320401671418 0.07394034249255296 0.08311764720822638 0.10397543987931336
40 0.02029181480714393 0.10060080628581974 0.007488969876289196 0.09517191688765031 0.05804808247936556 0.072834653892968 0.05258112259362223 0.0229184224030967 0.06159269174404693 0.029550804987020316 0.057351038892610146 0.06108564971130341 0.07540859502030908 0.057096985700768994 0.008165168622633426 0.014800700581381172 0.09647901895553136 0.07641092600697767 0.028047861607485732 0.004074768943976003
41 0.08800298227576049 0.042697575137548356 0.0429347765914594 0.06324265731658454 0.03338503688123327 0.021996314750684413 0.054896321603883545 0.040378578600841764 0.025598564712510104 0.018197819387794863 0.027412241592842446 0.09216757433311791 0.09268178791377783 0.0603628425710364 0.06075493580905003 0.02943852588061131 0.08800285752143883 0.031970250591922135 0.07642717656604889 0.009451179961853424
42 0.039059325101564145 0.061654256925980366 0.03854247080026293 0.06044059441670058 0.03886433864877906 0.02307440568664845 0.06163493599767927 0.04479069284555365 0.08474539008379857 0.10248104095202114 0.02078089973271588 0.0077107012161186815 0.0805640130974564 0.050907729631917316 0.07005728254853409 0.054643671908745126 0.05054789089725358 0.022130660268377365 0.07351067898171595 0.01385902025817753
43 0.08884152132332518 0.011725247863945071 0.07825682092185993 0.06877343208424161 0.07197405877451275 0.037845603922693795 0.09175363595682548 0.03145155462523755 0.013924706057792014 0.024675699906946864 0.04123565861519677 0.10409753155609747 0.011158095954916654 0.018772577770745768 0.07151429508735858 0.03956524667979854 0.04475654129179569 0.031256587812591746 0.01654914039581132 0.10187204339830742
44 0.05519548750999928 0.02025531030859683 0.020188237785393325 0.07801518531854547 0.006638465369447334 0.05717475006184608 0.09534399826880617 0.05384451787795405 0.019018074456204417 0.022945915981808188 0.030955082318856974 0.08918085337483592 0.04167924839359088 0.03310262259528475 0.061937685400682375 0.06441965923618213 0.06202053681586656 0.034982802456773834 0.07890226918480923 0.07419929728451626
45 0.0704138634751748 0.006085767458178182 0.0510201722847509 0.06641262170313346 0.03236789530560614 0.008656044060632334 0.08459311478615293 0.07413657318180242 0.06135978124354185 0.010448494839887065 0.07178829984286283 0.015057986659925525 0.04821280169891471 0.072456593067674 0.03911534644273006 0.06752027200523004 0.09126821427712668 0.019282675129756875 0.03802316360589938 0.07178031893101983
46 0.054858367033630236 0.07739995358572721 0.03356805267238749 0.061905718802526946 0.03896215307726706 0.06466192502469847 0.08171450652085849 0.059176721765914556 0.02167235598006993 0.010399573495767358 0.0472436110534575 0.07852185169695276 0.02922465050556757 0.0018018312185869854 0.05684714717619515 0.05298814486152398 0.028212132860149588 0.05630384125549278 0.07867049542189611 0.06586696599132966
47 0.04428785974432595 0.08652649465076588 0.05653272375801013 0.058394402314279746 0.016793949811268312 0.016995165975469215 0.06571998362826194 0.08687314883124324 0.017390130363373738 0.08441663372003952 0.013238584195669357 0.06411488413495953 0.0753281602008281 0.05761190401285735 0.030512341840430328 0.05012502061353776 0.0391074054076643 0.04104828183819616 0.023961726919971567 0.07102119803884785
48 0.05589906969112795 0.09309370479311824 0.08698310423820689 0.005253684453441295 0.029373913746912107 0.06159390571778884 0.04938256029139908 0.008501645054011514 0.0017967021759755088 0.08864447267319966 0.004477599948968967 0.06804905531763251 0.06290888174854858 0.07066795890730694 0.06852177634231474 0.07826257543277361 0.07873646737624455 0.039916802681877125 0.03651518842138312 0.011420930987768778
49 0.008078363761153767 0.02947785378289126 0.07845797539412684 0.08344778524750211 0.05199753421011476 0.022860704050537837 0.0856437461423392 0.036909519927771126 0.01964928576919239 0.08747025235846836 0.006790425825892286 0.04719427798580148 0.07615911657336429 0.04218342704005681 0.025210425716596326 0.049866794133894984 0.02441866340813088 0.10228448133509026 0.03208752122257794 0.08981184611449711
50 0.025574891144072655 0.04811881458807284 0.013157288106784005 0.07248188875201865 0.07626854157488318 0.061422274470002064 0.03898944444107951 0.09586021996736306 0.024807845439268818 0.0773746939288854 0.0901959377528299 0.012315583751296249 0.029627813556028754 0.03270153935678242 0.053568530516330856 0.09495842482316823 0.04462574441110464 0.051304749545807285 0.03524935358431319 0.021396420289908336
51 0.028882970415958532 0.009712299447268568 0.022685908874192407 0.10051857760732608 0.08791584379234822 0.02506671346261598 0.02550145013305521 0.04323446131670745 0.015488706502004589 0.06209481204717152 0.04120119922019089 0.06825099356418103 0.045770108472829446 0.050342120689130465 0.07793701800218893 0.09011908026146372 0.09089691466860966 0.06587717244819638 0.03666804227435814 0.011835606800202882
52 0.03135575007830484 0.038406319883447594 0.09143013585617993 0.09221312365187034 0.020203248422751653 0.020446457947094123 0.05156967301469029 0.00936248223241224 0.02076888232870255 0.016404828849853156 0.06844168229603417 0.03880512458168498 0.09492318577699116 0.04002059345174456 0.015425866388844538 0.07486432455060268 0.09553398877891567 0.0935779981533126 0.01093767270702253 0.07530866104954036
53 0.03599790737274027 0.08207772372119607 0.022614011020197364 0.07267238110303637 0.06806559223217534 0.02538120481659745 0.08857850989664895 0.025599989325822605 0.010238163859411639 0.026418752547302343 0.08056455897282384 0.06526477172936125 0.011432006768140374 0.09119264859886708 0.03350083954981188 0.052565966472701044 0.08848174822276474 0.0196725543342588 0.012171026369683875 0.08750964308645873
54 0.02280329749547353 0.05138635275699762 0.03584260952669822 0.05126614526401028 0.03750322275841846 0.0004966551352052906 0.07569216267468731 0.082655474694098 0.08045961414096843 0.0709790063601281 0.0308393577683168 0.05692993772326574 0.053022201494769626 0.03147131936455732 0.07920916160974814 0.08391236412494478 0.0012082182020146481 0.03312033973329477 0.04053607518486118 0.08066648398754167
55 0.042610675496632985 0.08814970273771895 0.0041426183782458225 0.05481684453246928 0.01795015292856685 0.06308990639930513 0.03872738687533951 0.08466935595101945 0.09190391073180905 0.06258923588417914 0.08904140260834535 0.00962770095068882 0.07053301709337226 0.033087754403805056 0.038702640490633385 0.038996188106189524 0.04252538014795921 0.035780509879480976 0.024248434342830198 0.06880718206140904
56 0.0442463120833654 0.05400513308606237 0.06676737816994273 0.04429861091473366 0.022314754910513757 0.07531434692345831 0.009897910681859471 0.035233434412456625 0.08059065816544864 0.07212026286870386 0.07541141237445137 0.05116163046057905 0.04784788956661976 0.008195964534807013 0.03938555275848622 0.03363544465224229 0.07475905384466718 0.03834198678426045 0.06563925714482362 0.060833005662518105
57 0.027836840023755027 0.04681259983941926 0.07831123955717048 0.05233425817561566 0.02261374357477768 0.07319688790218562 0.027072049197683218 0.0344369346569435 0.07305646479164478 0.04604486228921667 0.02970393147888435 0.10281045921886015 0.07250705297909438 0.08317369635247694 0.020424721577084057 0.07485164932612681 0.01788341495300055 0.05117609359109528 0.02363150077851269 0.04212159973645268
58 0.019406133416328426 0.005720581304177333 0.0797356699365261 0.0609209550801078 0.047202757375466205 0.023722786189723934 0.03420852682141189 0.030026123631530493 0.09031269890862938 0.019175101019733694 0.0747254786864689 0.05731468064450482 0.07207623207470296 0.045601636950023394 0.03144983731599398 0.02590354009808986 0.07822788537200204 0.0864855501005779 0.08573169073338396 0.03205213434061692
59 0.06751498926690945 0.054396394503183745 0.09027622746697728 0.03326307496315478 0.07237699500794541 0.04107544321061076 0.03683192581560887 0.1021104671100076 0.0740812370226219 0.007687867383524451 0.09805220647474182 0.05171671432041582 0.014559866445203552 0.07067352798101298 0.01490930820262975 0.08618587355554318 0.022234731297493347 0.03942041618740549 0.02183853918991735 0.0007941945950926487
60 0.025550680642116033 0.013259513365570387 0.08420460791496656 0.016449522437659198 0.09605896650887046 0.01642490401337395 0.058459270115056826 0.05309889073444076 0.001641265769932009 0.048190803281923746 0.027268708573027572 0.06288551739010316 0.09635482086400556 0.06655519717336858 0.06635914377418159 0.029000163295296224 0.07499198475102513 0.0005899148772410733 0.07972869767627448 0.08292742684156652
61 0.0691616878997643 0.05903982306671128 0.018456242429942926 0.03628086726520446 0.06478611821897756 0.06273375898178127 0.006673173072675687 0.07938986115643039 0.07765897145308423 0.03471204636240214 0.08049203003866644 0.055039846129789904 0.009884868909850823 0.06637838644938931 0.026126833158028242 0.06156663928622492 0.022900997237061186 0.049300896222038405 0.058961328590929105 0.06045562407104738
62 0.006796363477058741 0.08154761493308733 0.0031163749653025006 0.031363643238585204 0.11666898005431045 0.005760669730325592 0.030379375460511886 0.10989974426862192 0.031234998908345905 0.10650874011182906 0.03499368542060494 0.014893041652044069 0.09155436422496202 0.05765668475198315 0.041805623681489296 0.041894802571032175 0.07572640216790955 0.015695725743537316 0.06871318030752788 0.0337899843309309
63 0.040511081450495486 0.0646293517510271 0.018207053009174134 0.11065067313884377 0.04459710568256241 0.1011266964180928 0.05467638433550644 0.10192045925186395 0.013279965048655494 0.0996809517040492 0.021654411216830392 0.0347965137652625 0.09562681832421552 0.027915088442793615 0.11191275314619234 0.04371296522506694 0.0064653402626590716 0.005556697415287638 0.0010729938355626798 0.0020066965758584986
64 0.007559444772778213 0.040077550298649 0.10759297379187469 0.038975540560817284 0.028413968674941864 0.06515818695011533 0.029527746691141117 0.03225868678726623 0.0980864277614602 0.10987169626688803 0.011208073665451398 0.06582968849329697 0.07632473011182657 0.06882055151665799 0.020715636815800947 0.016934228885040224 0.047747287839362926 0.05110175840206621 0.07480106649040956 0.008994755224155356
65 0.07495192325829855 0.05807437099042916 0.06118882606411737 0.03150099778306145 0.06734319889145375 0.07199245782128579 0.0039061576467037543 0.048578999962137055 0.09355954737032023 0.058483431712100596 0.041229450955838534 0.046091966948199316 0.04022533037674517 0.09154631969381459 0.03970626753703641 0.008262096255660673 0.034963135469655855 0.014684288342181327 0.027360291677572122 0.08635094124338837
66 0.07546135814674683 0.058792262666881825 0.02985368258567355 0.07894471972909958 0.06519742945982471 0.029603884583600627 0.05300321463164239 0.0333149369377133 0.07331520154931516 0.050949472622002855 0.06868906620345133 0.07244726126189475 0.006039259161598245 0.07128559401550259 0.06898373258524038 0.028118403058607237 0.0013635161141920332 0.06341622638729819 0.004023024494908484 0.06719775380480598
67 0.06318592714892567 0.016207985296980858 0.0349993014773685 0.016399218966677946 0.04629677077822138 0.030429762395481015 0.07136728238480781 0.05138345234429359 0.08056255504060386 0.07678048156758942 0.04657168491497953 0.05892680153524175 0.031831412026211 0.06376518698707917 0.06747307752578957 0.021987287794213686 0.0747717430197631 0.05043636322980254 0.06101696252898285 0.03560674303698678
68 0.006174497818995925 0.01566315390207271 0.03580661530965395 0.11165981449612608 0.07765993308033445 0.10574799293701832 0.07560732287459386 0.02134509963976561 0.004697076902635374 0.01727877395692399 0.08231497857444232 0.09810288315119652 0.08680398083492315 0.07120310381019804 0.026615070881301942 0.05110384267118721 0.03232473957982402 0.009218292875527324 0.046324345323277255 0.02434848138000194
69 0.037565752580566006 0.07155794181118583 0.030807865047045427 0.04826571979400041 0.049132458130873594 0.0935716624595178 0.009301325819313545 0.041053358184524935 0.060483592227988894 0.021896956203202308 0.08705818211871962 0.08939521469506913 0.010425421189979953 0.04205447197987664 0.05110508722632577 0.06791134027952428 0.04338012268293618 0.04509198329866785 0.08684051193666503 0.01310103233401684
70 0.09412663479074938 0.05923496054107893 0.1003005810207785 0.08376828098785938 0.03374415580301115 0.04788890654808154 0.024917295122344127 0.0548770111686121 0.02998983334708105 0.07440756253337695 0.017086650429632148 0.025857333297460126 0.05988278546066216 0.09129143565002441 0.0008842591450390623 0.05621712861975474 0.02965149322040381 0.09112627354388073 0.003595073165772618 0.02115234560439705
71 0.07202493977120357 0.05974994357801237 0.02754412288740013 0.020464793713168082 0.10327648466158888 0.02548199713756806 0.10069926054013954 0.08861352238930116 0.036074319540530524 0.07560898346564505 0.049175636221529186 0.05214134786881764 0.004338863247424658 0.052081811471110365 0.022699846874972025 0.06470109046967662 0.023215036646675822 0.07246723219542864 0.042561514799254664 0.007079252520553124
72 0.07954950813098514 0.06381141749571899 0.06799923399183172 0.020550815479951332 0.05359215905402838 0.017226431304467514 0.021320007769614808 0.02046859120682279 0.03935153340123022 0.08558122453537037 0.016993725693571167 0.08709182749497893 0.025840630991399424 0.024993534264851278 0.05734018367526123 0.04106676006445335 0.0852952392331842 0.0510434084029241 0.06779008163965929 0.0730936861696956
73 0.01645735565775418 0.06905613418688443 0.004775925666534083 0.08717584814412056 0.05598116327853369 0.02292606927608328 0.03492441832057023 0.013003335081141865 0.018293091829209473 0.08994560403787466 0.016086371881836224 0.035858685261681636 0.07389186559183031 0.04788059567414426 0.10408739172002023 0.10594299839028128 0.026901072744357494 0.09999796533406043 0.0333004161076313 0.04351369181545062
74 0.05725418218086934 0.06847280419224223 0.014368566511681799 0.0196811129081664 0.08660411267103961 0.09237516735067398 0.0350804040315902 0.07015260927693094 0.06713076122519487 0.030469115598415586 0.0710383607915617 0.042102369772354944 0.0028959817415091234 0.07413874121884689 0.07148206807055366 0.013219764831740052 0.019763939099140225 0.0881714030138347 0.020455213993027997 0.05514332152062588
75 0.06699404510334614 0.050241030365853506 0.0559121875561353 0.05226131372058558 0.077879124936891 0.06305560298490591 0.0743865829808895 0.02225877565924113 0.00653890838062959 0.044995658866142256 0.02478129347930508 0.042240695311514614 0.12103858044479088 0.013723315416357702 0.021430633301930926 0.0303096018723159 0.007881367579261141 0.052541016373279834 0.07717938902676036 0.09435087663986375
76 0.06218445705309741 0.08538561149345504 0.0273533947663106 0.03811074335113338 0.07004143448891621 0.015171998800197175 0.06693524359279382 0.06386509001414181 0.06849796890733954 0.08179744279307126 0.04918692426137445 0.0188190487734327 0.0038997644163786603 0.039164639419780004 0.0655198725151039 0.062287490516528314 0.056547949717524304 0.022946424556155576 0.0713918517141722 0.03089264884909371
77 0.02141635013023244 0.018305497592640455 0.030966361591998226 0.09332469268580396 0.028245621064535972 0.0218122432969203 0.030723418666825982 0.04976971312206026 0.059290934562418844 0.05342694185292515 0.054481524700870636 0.07692476959363218 0.07322260430888453 0.048589917109903 0.006651740238750406 0.09092427668561931 0.04829255574360273 0.08975998344072686 0.06905996626571168 0.03481088734593718
78 0.037117989808656306 0.07892257766608705 0.08000743284817163 0.030909141571122064 0.06536809862660202 0.058510484213798064 0.03543606335769243 0.058389405304911886 0.04233434340797847 0.006625059403170586 0.0767643744663567 0.039788142772793696 0.07391921559350229 0.042248369572658574 0.04401467112862799 0.06474593373388869 0.0765170674044303 0.05236968177710172 0.01051892348887274 0.025493023853576557
79 0.00885609318119786 0.03410301359718705 6.578646470229274e-05 0.03450444826764859 0.05554804884963346 0.07867579654446026 0.06336685693600257 0.0817410007402245 0.03293003392927687 0.05095474846108372 0.04440484594401385 0.06332200225806461 0.0836630298492413 0.04017529929938855 0.08119883244702807 0.06525543547752279 0.050715685339579875 0.05202410228809953 0.018185124733039973 0.06030981539260429
80 0.0009301312213679028 0.056142077296308525 0.014447874738163646 0.01609321752994596 0.09286012661229037 0.006727643563669073 0.09590241349084261 0.057888218748129196 0.05509828823298102 0.027597892682759494 0.06223378443512339 0.08814115334353874 0.04506844929709259 0.05018137736013633 0.0637673946476869 0.02888758684247113 0.05269024241280521 0.03778792211402406 0.055422150431785826 0.09213205499887804
81 0.07542395326279493 0.06698779624650364 0.06613628428086085 0.0497398567739686 0.01861571555805043 0.06834937004325403 0.07808736155932461 0.023632947516028943 0.043709764696616554 0.05051705681571021 0.02482345531323544 0.06107749630639763 0.01028340846169303 0.008402331756838105 0.04114404463283282 0.06079223633679586 0.07061139919362251 0.058626547168795895 0.07455461485420822 0.04848435922246764
82 0.09054115603669582 0.029909554710169598 0.051993099554202504 0.05032659623335436 0.051814626726458396 0.009724758282626523 0.02467903890108257 0.03335530717168662 0.009164398202185337 0.08073212689442232 0.02571663555833567 0.059451347509025816 0.06993619432620798 0.04826487456900775 0.06257537816457008 0.06543438528276342 0.07700429391464705 0.043521350191383576 0.09205410875637782 0.023800769014796788
83 0.011542245312291624 0.010814810924724907 0.0912137085311295 0.06910540634932648 0.048424565776157794 0.06839071587091196 0.0055817357701582375 0.05337405727079358 0.023652539236614423 0.021612325081920743 0.012454238508497702 0.09320475942543624 0.03299693027760652 0.07951290513619409 0.09019856508817889 0.032859319224794854 0.09820920770318846 0.08805948398935869 0.026476718661817437 0.042315761860898096
84 0.07067347034094268 0.07009955305329446 0.05586922770183603 0.07513172735025477 0.009887814299441798 0.0644668644768929 0.03143645592472005 0.01904546208717975 0.04426246010975607 0.05319858295635317 0.07590489703038182 0.028923401831096807 0.02971590480279374 0.03832966624345166 0.06579488948112686 0.06282757361185386 0.07656540990534855 0.060868626020184016 0.0634263747364844 0.0035716380366065965
85 0.08278791749859299 0.0805781248371925 0.08887971409791899 0.0215938579037981 0.07233472325995363 0.012746856654205874 0.02351605264405714 0.0033497323776475567 0.06199274886399358 0.04483935490502946 0.06884043595002916 0.04361004818789263 0.034815636675488884 0.054306025826834275 0.02845069857129222 0.09040553769504578 0.04603929050309474 0.060609973971784456 0.049975254375701314 0.030328015200446735
86 0.09703165897943017 0.06528483645601857 0.08609242631140807 0.057982853192542254 0.08525538677346801 0.01978745109615519 0.025326834951622315 0.04987249686817278 0.0013687264600565716 0.042646502519074675 0.017487873869918062 0.08150904592449623 0.11314796459627705 0.0018872062802944227 0.005400119357127512 0.08271446333572402 0.003230319925486169 0.06752873455201532 0.05994586403452777 0.03649923451618503
87 0.04605267470952182 0.08938139188545173 0.08795042339962175 0.07787468520246152 0.03880520128341437 0.0019177692507078002 0.03622061625288325 0.010940355684963184 0.03251035871451312 0.06057486776643365 0.08777625770639107 0.023448300317085436 0.053978918096838246 0.08413070925743023 0.052900991734511994 0.020165240205540145 0.06916516640552652 0.07855682342981192 0.04023398264731154 0.007415266049580744
88 0.03786945376424545 0.07350768541252392 0.06587511349387659 0.07493429613497214 0.005110088993524751 0.07955162544396835 0.034110795995812404 0.062222138691555 0.012620074370614338 0.046306765762738816 0.024787424929237703 0.07488226919324836 0.10576622519726235 0.11361411251789967 0.0028725473004953686 0.01249354368619783 0.006750904633655288 0.08188159934571694 0.016453760258345444 0.06838957487410925
89 0.07456730695295745 0.036777295165240274 0.0029988796388816493 0.038005549185037 0.010871878046357636 0.07734655121874955 0.07101259873465288 0.03549738085307924 0.0646037948090445 0.018283953869524767 0.07562701648323679 0.09063967456934982 0.09138110198097874 0.041263427486372434 0.07832196671337216 0.06612584608306117 0.00984154370046163 0.020786883907615888 0.045935299805029875 0.05011205079699646
90 0.07633177120415374 0.08493356292301198 0.01706236499555377 0.041295675805856503 0.07868960674716251 0.028974642695867102 0.041483170638993754 0.057603862791336655 0.05494028978815313 0.04877661328554004 0.06506209168381859 0.07302239655501186 0.05542122731460117 0.021999357276934587 0.022266345747235242 0.0010830817840247779 0.09071849585820632 0.0799023171326936 0.04450462511150196 0.015928500660342727
91 0.004379977283971514 0.02230164850044347 0.024409038171409218 0.03562484896322976 0.09098810482133372 0.05897091852190978 0.0913334132742836 0.07225320760840544 0.028282740433253985 0.05504284440081523 0.009838983549544681 0.07770293289638905 0.08732299813286826 0.07884278386355378 0.051846586856750886 0.06299026756927113 0.06703293186228027 0.007717494420319118 0.013813733217083953 0.05930454565288319
92 0.022310069881567158 0.05304276588534906 0.01373630247239192 0.006724871402165876 0.02589977128956833 0.061321322492628304 0.05324222094571151 0.06524142893899705 0.03645870384679301 0.05166373013794252 0.057195625103086296 0.05501122751732857 0.06629475559169205 0.01311031229001152 0.06570987448383815 0.09210631790170198 0.04435497036139314 0.09058383808059012 0.055125321574282245 0.07086656980296119
93 0.024649778887285208 0.09000421780124504 0.008299892661424488 0.022963836350621592 0.09266068564224475 0.035992379708407664 0.06782399567372117 0.027044731833811744 0.0894737506343573 0.10865743361353558 0.13369450310215017 0.09825054600478139 0.00783760580720904 0.036215386329302525 0.048165450550684705 0.018931957307528315 0.03466734169169188 0.007982294882528282 0.010546774480583275 0.03613743703688615
94 0.0645402512950385 0.08124076366313825 0.06678226982672185 0.07417266345094699 0.06865782036333985 0.08803505054417239 0.014476458550407115 0.005601944829286377 0.03732547741675379 0.06497568235803688 0.01979793186880485 0.07939856308458211 0.09163533975022684 0.08540429957763615 0.003566431462745286 0.05458420193037146 0.005921932339527622 0.0016635170017917143 0.057978808561969186 0.03424059212450267
95 0.05574099711935629 0.06883403641240056 0.0895042365918173 0.019006849950577345 0.07064286120057615 0.05451890590826511 0.09978058902398934 0.07574574387925256 0.02795358410002002 0.008350604200663414 0.06772060731340462 0.019322147076712152 0.08217753931600676 0.047790107492350034 0.007963455246913711 0.09611455922188367 0.0010068917912273722 0.026318964433670405 0.03064925874226108 0.050858060978652184
96 0.09744339953156984 0.06037432671920949 0.00015165046591473957 0.0021921959108785966 0.09768422679203068 0.07795658677027353 0.06404583296877664 0.00023803428485068309 0.0580769825238698 0.06555057641690859 0.008967696416036742 0.03834361724908333 0.05174770679438525 0.05761802098806072 0.08529413326648198 0.09760540593339241 0.0026362262151861495 0.011448513046604481 0.04518768746198265 0.0774371802445037
