0 0.020285388991650433 0.01170433182692231 0.0930294841157287 0.05634585980986829 0.032700679943776 0.11948913295895695 0.022748603315040417 0.013424496365510153 0.07197299696951742 0.07504237921612879 0.1210255699360599 0.06895949444296469 0.008614912598464145 0.043627932152207054 0.011978735315196007 0.11253406181454746 0.05152538012916279 0.020178402710348875 0.04303117308986575 0.0017809842980836738
1 0.01859340268860552 0.03972365990853414 0.090436867700444 0.08938967234437183 0.0894728437083454 0.015358219958936256 0.052210228639508485 0.04773552517076783 0.04096588388508328 0.09961185688311452 0.08964971534620488 0.05313157951222284 0.03760127158906666 0.08729536130464181 0.06206314593552182 0.032292254665230204 0.04881100817781814 0.0013877641562657322 0.001253127500972621 0.003016610924344185
2 0.007609044334702042 0.06747093222071868 0.029761857634286938 0.0571712572785078 0.04385574532226237 0.061446808481548404 0.08140721222741666 0.08433720582355965 0.09467344350395954 0.06166975256561297 0.02413493310779434 0.0715582381048832 0.08192461068652229 0.006696351059495381 0.034666697971353556 0.020857642461620404 0.07633738515525829 0.019910164489986906 0.04173488845679397 0.03277582911371681
3 0.10792696691806701 0.0497315860193035 0.08540844898010516 0.01653841749687045 0.10831939715013647 0.0023980551142521074 0.0314055428551464 0.016806563794980644 0.03143244644967266 0.10034222677240782 0.03311264256639447 0.01858690152871285 0.10327615693071328 0.014647368172245084 0.0609023310897193 0.060999109851303565 0.07286370729997768 0.07752607530803567 0.002211010862413393 0.005565044839542368
4 0.051313988378507716 0.01701653362750465 0.07654961541602284 0.040949048297968596 0.07712427313318232 0.03714406668831121 0.05637442394062389 0.07117054742812996 0.07682413016395724 0.05065858261024721 0.04982910797493759 0.07639920724972613 0.044047122915530854 0.0809902577155739 0.0156813704709632 0.07962606551000138 0.04355364853302933 0.014442869413577957 0.021985606519769503 0.01831953401243453
5 0.06523887466659112 0.052115210719449544 0.08181159429818106 0.07602327546120215 0.001285295829545772 0.04301361890624909 0.028437754645389477 0.059572739807072866 0.06448143424363097 0.08945583427462096 0.06841628803258018 0.006941761429152447 0.005607138511959627 0.08236055753598764 0.009075758396350816 0.01856629954233103 0.010853729673380292 0.024386884796210484 0.10687738438646592 0.10547856484364841
6 0.06699022431033799 0.03340389969174509 0.0874601348716302 0.07768049475511438 0.0236794918404884 0.04770596687360699 0.02703840077941824 0.02010373177577069 0.08988632128099137 0.027505359539925105 0.07823649033970773 0.005284920890616382 0.004432189720375621 0.0789503515986208 0.08448806778738742 0.03106104305467881 0.07918444051088135 0.03792856441081368 0.05680675187894557 0.042173154088944134
7 0.07978189069400456 0.05849425807353838 0.007366854646494204 0.0801010947537801 0.02467696084417613 0.04860526875306269 0.03805164933340753 0.0317349156439172 0.07421899734328528 0.05399727973153158 0.047030909763826755 0.011032190954289393 0.035060039676629455 0.0761034330200904 0.07249669674180119 0.060334824278689046 0.0800740752235716 0.03621863471571363 0.06780723156425482 0.01681279424393613
8 0.09701865839503321 0.10697843229412568 0.017455251284084098 0.04473386816771074 0.04144302559866807 0.01182431089283932 0.050418066245074465 0.05627622689776869 0.04844115912074315 0.03562374066825578 0.10356941280069926 0.0907848286539062 0.04559564408355017 0.004294182513734524 0.0049849326115507355 0.023941404583076004 0.012904335114121325 0.043934086036454024 0.10858455330473664 0.051193880733868095
9 0.0016508703649961514 0.09737137748522241 0.0541726329150275 0.07106778999459358 0.04485628318993118 0.05751746383585105 0.032024624129225084 0.02338232246060026 0.09719995688649573 0.01654775039449364 0.004568036175643318 0.0715950477942882 0.02356866007041472 0.10313314793344266 0.013680978789852546 0.03401306848029057 0.022585110075453028 0.06709186016761312 0.08751239917830657 0.07646061967825882
10 0.06450383061378856 0.04688153016653801 0.031115139796684187 0.05659760001048762 0.07526346261108449 0.06738264700554962 0.017801637402492382 0.024755251816565533 0.062133331606792505 0.026205423284368354 0.06297746101327412 0.07540332717586998 0.056486002737200086 0.0273466718047996 0.043658000679787416 0.07087239809788723 0.027502325991061703 0.0735128781316391 0.06529512216675402 0.024305957887375506
11 0.05750252923552251 0.056024091961257315 0.07880066024078008 0.056748509929058416 0.02534940798507918 0.027638663226639194 0.015000344573365703 0.0696255230664401 0.06965844396295366 0.006162286013543976 0.07918022281419987 0.043940244535951974 0.02857875035391836 0.069926945398602 0.017127643718341242 0.049745443416656696 0.04430834786244303 0.030534402913291493 0.08192703960925131 0.09222049918270396
12 0.01338415064807031 0.07975010067304643 0.07400640645124584 0.00589995556061086 0.07538296546280684 0.041798810073123714 0.04057868987491565 0.051797947869760094 0.027535216415685022 0.0850102669787525 0.0018006236878271786 0.04511856429046364 0.028862744506915478 0.07187126372809025 0.07963540867152222 0.06750461645547566 0.08630962834801884 0.03903433437648443 0.08337503145752474 0.0013432744696603327
13 0.03827994932472531 0.054985983636703026 0.006471040773432132 0.054583178939760064 0.03462898212863095 0.047365541973780144 0.04544019880427933 0.07276383496680967 0.08708685084023633 0.03877602172480673 0.025109847047029787 0.06805928251799158 0.08129645141272972 0.07899567745735885 0.004358221882048654 0.04256990749554415 0.06516915154979856 0.03224978035750925 0.05824130444024944 0.0635687927265764
14 0.08296554695902776 0.0024334577644007397 0.07322234246114759 0.050847168876032085 0.047371694494105505 0.03084387396075619 0.0411271594135009 0.07591467384119034 0.09311866958604245 0.043376405182044823 0.04054965519063203 0.011546239916074175 0.06984782514923578 0.06352472538321975 0.049673573286260105 0.01875927538776718 0.06722226195935285 0.04966261362081052 0.008508310327695816 0.07948452724070357
15 0.03417387444756757 0.00039817176653108715 0.06948249874511574 0.05595470657899052 0.03362062956332726 0.07733531952661804 0.07526821943244613 0.024779291086437713 0.07130990772864158 0.0785164711032115 0.07296411502041081 0.028410999405472134 0.07717275279957388 0.08237915890460555 0.025411486114630902 0.04113732309095834 0.041658974303225606 0.04443643870944036 0.04397429532267851 0.021615366350116724
16 0.00402313076105512 0.009953112749192122 0.057512259348081816 0.003329043458116592 0.04858061334130927 0.06741118618617535 0.025270574135361493 0.06193031197374499 0.02304521175941594 0.03587677288239058 0.10793231447286467 0.026620015271301537 0.08600890072765775 0.087881768848626 0.04877145772059054 0.05292318989229321 0.09231523821697046 0.05338238791791227 0.10710560475005301 0.00012690558688739444
17 0.09616793160900212 0.06288554223950979 0.06167720377109349 0.008953579815874437 0.07146992911656469 0.03329300825350954 0.07571962837607123 0.09498213454388023 0.033746598863631544 0.04743180454462669 0.06647209741323513 0.03551191316867195 0.06995001742171679 0.020525956102819903 0.03608656553067075 0.06272447177831342 0.038751128957110095 0.020163037175471167 0.04137549573221818 0.022111955586008803
18 0.07880579258261156 0.0735055581585569 0.037571054825062795 0.0582852646000918 0.09142944216099182 0.06327294494546082 0.008060742817694444 0.05612263698161096 0.05767682365848395 0.07011518970073453 0.05359560196305673 0.04344878242366057 0.009022582731063659 0.045844720424702896 0.012818886802402694 0.06236379053208665 0.010428567516885244 0.058003788393161865 0.02906908995356547 0.08055873882811479
19 0.010731091214139293 0.07122032931143289 0.0024700067742366503 0.02677786173235622 0.07559396327724138 0.020001579206124755 0.0001844120708992442 0.09224886687736411 0.06842410550478183 0.04733187029131752 0.0014848764755643325 0.05413075255472242 0.06598516238138076 0.04429454205898857 0.0522986363206182 0.07625159488518791 0.04372202540007322 0.05684060632025826 0.10177954206427857 0.08822817527903379
20 8.206305231646681e-05 0.0028011360284695063 0.01871333877972679 0.04618907682467129 0.021359768434484967 0.10049086674962782 0.01984488629159209 0.0697856884269266 0.08233761718843599 0.04409312824439308 0.0748494510087517 0.0094582848676938 0.08483068777449713 0.058886014402505335 0.07273174187072415 0.09564648821183874 0.019909812153014482 0.07913657885981058 0.09261606147596636 0.006237309354553182
21 0.09325871896907688 0.01059638727183629 0.0943729546856967 0.01698990006554769 0.08236805500501253 0.02224264889744057 0.024652016263404353 0.056983528560497355 0.09714070375877844 0.014154844033417654 0.04352606847361188 0.060750064716873206 0.06697531683478997 0.07316325240854026 0.03126139645930694 0.06713086253233361 0.03256954465932013 0.0009511552804204876 0.04491031299716476 0.06600226812693005
22 0.06107349133113084 0.022280487646846307 0.06955798602184843 0.07253179043599564 0.026802700320586136 0.04873967119202312 0.03186878428852601 0.09067393931564241 0.07023528283063472 0.05297680389628368 0.015552108505375802 0.024985517724775808 0.0656984376896419 0.10838498175468707 0.11664603498850551 0.0012377115027613955 0.054803098651491376 0.02713321913230934 0.032928886261128616 0.00588906650980566
23 0.09109293135503646 0.015006647258663108 0.012013290135095117 0.09178318250237284 0.011540980070477278 0.034676681296945046 0.0155432764002855 0.08754158397636289 0.0007534876454646715 0.04794175532717274 0.09052617022080464 0.0012719687259205002 0.0628358477381156 0.0448797339749641 0.09123459703760099 0.0926498565657455 0.054767091418255254 0.08183549304528502 0.008367753669748476 0.06373767163568433
24 0.06875846341402513 0.02688171983996848 0.057086735844086675 0.08539579162527956 0.050817766674141424 0.06067378711384158 0.03583026330168477 0.05254623795390953 0.048347042019183196 0.002365151274794749 0.00257076543997703 0.09814016468970127 0.06000679869708168 0.020560049104045224 0.014095118152689585 0.032278829126023006 0.06466299179567662 0.0980072318006328 0.07201230713273762 0.04896278500052001
25 0.0202942301977924 0.05779095900095115 0.04398433053637494 0.021775903828962176 0.08086238576904592 0.02252655481679839 0.05396636213103659 0.09764029564131117 0.03610912766059182 0.03806162342752527 0.04679864069201291 0.08514039329379156 0.08235307594742354 0.03559741662383069 0.03186076658111704 0.0844140286451714 0.06969964336713419 0.019004516387806078 0.0702553998222455 0.0018643456290774706
26 0.014137921077554908 0.07218823390680228 0.09143664507063246 0.05076464455889645 0.05564587970951949 0.01346293472768465 0.024433492409586054 0.0686643715461455 0.051775012988311234 0.002170203513608866 0.08493774675770105 0.03336374626090744 0.016076342381591967 0.008379407710001391 0.11662015477172413 0.10019929209984234 0.05804393103133679 0.023547613659024916 0.031850867343551525 0.08230155847557631
27 0.039792200114445384 0.013342979032741554 0.07858467175681826 0.0756839557084639 0.04656372235633316 0.06100460872842628 0.05562209745478814 0.033929269634235086 0.06332655668000964 0.07583842075344652 0.051626315737810714 0.05041878905308554 0.04094724728074228 0.046565714570340415 0.023748768707860222 0.090409036236438 0.06154759020896947 0.013258654925784874 0.0156295442910653 0.06215985676819528
28 0.04255230168293798 0.057985769669008376 0.0673679626657397 0.08333109145646833 0.018677910887933507 0.04638073603639841 0.048144543669353716 0.07510024990859743 0.061904368659176985 0.03831637904154207 0.05113182871662784 0.09810558063066588 0.024310431070699953 0.0611272777875357 0.07576652206312769 0.06971757234164193 0.03167115039045183 0.0353279121861441 0.008922607931570613 0.004157803204377992
29 0.051717079948512795 0.007789550363144318 0.0519769636837483 0.0033860725873654397 0.03623322615632696 0.06855853618378394 0.0036762986990658405 0.003957742158734834 0.1000219353217715 0.06624099356486488 0.06498997785107656 0.04768060165638251 0.024498466094851887 0.03461488873111196 0.06543203664582944 0.10394974958824942 0.028824070631785936 0.09951180517630073 0.11296042261183485 0.023979582345258082
30 0.08334718375549775 0.04320570824374533 0.0551213208873722 0.011589802017361204 0.07311813837333547 0.06567330696026699 0.07603681820500102 0.015395320697407273 0.043023113444569744 0.08509159982660322 0.004061853360034113 0.045320891030188444 0.010001301667279599 0.0929334726568305 0.00658479225896614 0.06502587341431161 0.03775820456291587 0.0774182048715844 0.07692262742247989 0.032370466344249164
31 0.0037610211233027727 0.03561468455695487 0.04125962762573625 0.08635134634190766 0.05437551513508388 0.0655051995173703 0.08834032246247253 0.05423875136722284 0.010535959719465682 0.0731807301732529 0.05533086843151199 0.08446864025633441 0.051705717655116876 0.0625444543174109 0.08494375220473313 0.0027745578035018167 0.037306419457163 0.04660388736219088 0.032301106574515785 0.028857437914751635
32 0.057368303573857214 0.026626440431928317 0.04113159499297316 0.06600823766494116 0.04290138035606502 0.032699614674353436 0.08222592706215817 0.06809140386234226 0.07332522700925584 0.026225290156797726 0.05672654887553085 0.019618899076786548 0.006842980967367904 0.07200509987544669 0.05441997921242684 0.07773963659366256 0.024840724797821116 0.012628273581876584 0.07607063004523466 0.08250380718917397
33 0.0012553333940381222 0.004163838933089296 0.10875034705361075 0.04875494978183379 0.06705415334354076 0.02330184194432755 0.042152424208644436 0.0991494828964785 0.03731229114973207 0.10349324995353518 0.09340031076269104 0.062213242627684955 0.007553613069879843 0.09853635957194738 0.019887631283529536 0.028816253347291033 0.008582142808284447 0.03285645814308667 0.05196619894115423 0.06079987678562046
34 0.011162186786664093 0.09191703518211061 0.03276217193341864 0.03324727234816953 0.01244333190445544 0.07799734044851278 0.04189171500488854 0.061305175161518385 0.08902627043646723 0.013951223904135394 0.027955456895263273 0.08906107819527473 0.03553525168243475 0.06612594844137812 0.06741666240613084 0.09175027946348319 0.07039631547280273 0.015447610468189486 0.03695628624131554 0.03365138762338664
35 0.11370616545322018 0.06784325170711104 0.04097842603194865 0.023349903426606488 0.08653896356422303 0.015681696355143826 0.023415071685772754 0.017049469263253902 0.09682128792948683 0.024448557477137336 0.06294393237788572 0.06259370064993924 0.016255834337610152 0.04866447942873293 0.10879132504866809 0.05874213065543588 0.00028990126417181855 0.01352429745553073 0.11181327622061975 0.00654832966750166
36 0.03223026364270361 0.05438208529083055 0.08173426886726927 0.07544612831780592 0.01578258450290181 0.061391363690952 0.06479897256555954 0.07934761700191599 0.03987305498685535 0.03491323952752225 0.055364956665785746 0.04347851371661894 0.03774831483839699 0.006167074896259072 0.059548318227462635 0.07396112583556204 0.04925067913065761 0.03665041854475681 0.0740210105857747 0.023910009164409312
37 0.02046607693834877 0.07074286274589067 0.04160221139859993 0.0738735221078901 0.039437718433770454 0.07601967449856328 0.06236598432624612 0.05143540186423364 0.002994859021127089 0.027947233191029663 0.09403772612274987 0.07686137745058405 0.015088827876084135 0.0031802579012070076 0.043458951238801606 0.05060302872256428 0.02049973744488514 0.04875572910160323 0.08486400276434013 0.09576481685148064
38 0.02103181229182458 0.033054468549527635 0.05060908418585104 0.0491794729775663 0.031293434142183586 0.08584511188673757 0.008521405560591661 0.06855623488961937 0.014051180303099263 0.05984241376308789 0.08871063181981895 0.03561210126659723 0.03747546516798404 0.09006308244589542 0.04986224490818661 0.062367109827241335 0.08349862701919221 0.00989831447360798 0.02967133165196366 0.09085647286942365
39 0.023045187094061326 0.043402749175432825 0.05245066243090724 0.010451552729744957 0.01575538701418184 0.0769790059537448 0.09059457950022436 0.08732056144459077 0.0721918639279807 0.06558737883629458 0.04823436145639151 0.012166073947832427 0.03693826348065578 0.08818309457830298 0.010796673234759302 0.05008338939194321 0.0553653295843834 0.014227847441666556 0.062340610084539554 0.08388542869236197
40 0.04325668434149179 0.013232889167233324 0.05058455296495858 0.09425553386797056 0.02640108789698359 0.03792123916226036 0.06702916190920126 0.012693187045287371 0.0017621912688240468 0.034250252114193615 0.07769459919548795 0.0004662522305376861 0.09114833136585555 0.053926987421817396 0.08516978989759974 0.0595788984593588 0.0570890452528791 0.07646988877533502 0.025858869980732425 0.09121055768199211
41 0.016757234710841847 0.04958572956560609 0.06947810321942231 0.07864487395523688 0.05415731193238863 0.05538642325728507 0.03543874744641773 0.07702172076471848 0.0728918382012507 0.02683023023401214 0.03790069599730838 0.08000659175953223 0.04730263284145159 0.00863672742680387 0.07830790776140803 0.04877076773832034 0.032064940490275175 0.030668522866395705 0.06461585060486949 0.03553314922645524
42 0.01509274359331496 0.08092833634649696 0.059288345226809765 0.029836019841741786 0.0484547886605027 0.05509837474531689 0.03356110271420537 0.00697691355626725 0.05314979233182246 0.04187500072938833 0.010843450231290967 0.05801402798906322 0.007414586179353547 0.051606789087132086 0.09594211517684373 0.0698364403908576 0.06779145752671949 0.09168803872844063 0.03657521983057106 0.08602645711386132
43 0.03936001709153446 0.08089539412895907 0.04402352467086901 0.03685753766393969 0.049617443115216646 0.07653791028760208 0.03952441081923301 0.02602907981547822 0.014555883192810221 0.07408296099159355 0.05459503436019664 0.058082931116375844 0.004082175674409472 0.06424854837809274 0.008961484683337404 0.0850155077270685 0.08315104693943375 0.0383316030640219 0.04080301604367351 0.0812444902361546
44 0.06822213391308748 0.07122665330498881 8.308003527898077e-05 0.016004352036493696 0.057439847293049975 0.03409701121358228 0.05519961972481531 0.004662623068011379 0.06797951782019582 0.09801029573927858 0.05153230799382715 0.10771432874572313 0.04862689758680966 0.09706100680230875 0.011965186260979649 0.0051454903862215035 0.10963585822730391 0.039222157606491594 0.05303078041119725 0.0031408518303550855
45 0.08037891737940299 0.08657868581134488 0.08391966446319048 0.007939558908688266 0.02961267753225545 0.06355038528257018 0.08818562908011753 0.05111275153779937 0.04211250327895281 0.0721034632607636 0.0745485590910671 0.0012647444311322876 0.08715929138667856 0.02073026242545831 0.07065064652077437 0.02862011865279341 0.016390536965304136 0.013802700158575576 0.0412516192205694 0.04008728461256134
46 0.0879945655127237 0.002095260701528238 0.06856532672464555 0.08302499291451736 0.07829738023490977 0.07067205654994596 0.0013258374007768285 0.053901811050397534 0.0008194390630449713 0.0412136744923782 0.04975779745689517 0.046620482421135916 0.03695481254247914 0.05171145207735147 0.02684769058205555 0.07635394974609158 0.015694496998440038 0.034241907045708155 0.0826677053804168 0.09123936110455803
47 0.02794557801864717 0.09891404910375776 0.04555226046357604 0.060890088703858695 0.027633252273370264 0.07523131093553347 0.02791591247930933 0.035733703221088646 0.04719124747661027 0.10900000830530643 0.009634235072629503 0.10888476750492501 0.07918296976494468 0.03195271914388449 0.042299776489321705 0.06469010945855247 0.03628101170052011 0.04192935567487732 0.008021088190373319 0.021116556018913536
48 0.05891069713596707 0.060545007059276124 0.06450171819646335 0.03891416777172304 0.07887906518545425 0.05028270066044424 0.07678778154322738 0.022754047744502896 0.015190572228844854 0.06117965768751481 0.04369455103019592 0.06990376795502777 0.04203335050948882 0.010830035949220012 0.056025197820318874 0.07290962300524893 0.02532097008903901 0.02281181587807013 0.05920232930816043 0.06932294324181189
49 0.02542286042013184 0.0259480507021872 0.008496522871173168 0.04926200913484662 0.04842185397018851 0.09666326441999476 0.07792708138898956 0.04341655912834469 0.043986568836773585 0.0533033357694311 0.027828500627080886 0.04894076144651618 0.07691053695573724 0.09098709231399117 0.03716654830837993 0.038199679111364605 0.08468716224783518 0.04230885280197647 0.044194847456115065 0.035927912088942277
50 0.08724087940724462 0.03939998009762483 0.039538969956235556 0.01855658629043476 0.030922617820849596 0.07945081331741523 0.06369569608824005 0.07057428794113368 0.011707891222339888 0.07342959329980492 0.06506412831814842 0.0747963444112946 0.03547664133522124 0.0727367863172908 0.005767691838165874 0.054264445346974374 0.06819258004368248 0.05001242848035406 0.04599530114682962 0.013176337320715343
51 0.035286548004385236 0.004172087194802335 0.03679257661991313 0.10120601820018807 0.08825921750964935 0.0658196876553935 0.05801612197530359 0.045687312463967185 0.009924862244032625 0.11209839988580199 0.067557687968069 0.10839108289619091 0.006032091287300419 0.025875709714548247 0.04317552468241347 0.009215938208336319 0.01068083856733592 0.05736160120485382 0.044737914629575985 0.06970877908793885
52 0.07000673471921313 0.07040095701398005 0.06521627430724337 0.04179360689434212 0.014996973416135642 0.006193679533244877 0.06394672792327381 0.053699447100907176 0.07248791225643017 0.06106396006289217 0.0314370219235168 0.04249831083732942 0.012160116523252752 0.06849734327670061 0.08614212310919168 0.02381963536038164 0.045854771809832016 0.041794363121152193 0.08010455835030757 0.04788548246067278
53 0.04637032499941856 0.027538045297292948 0.004837021841606022 0.08879594877173902 0.03711401459657705 0.07983345267434254 0.09857846696668125 0.06085735540273983 0.015743294643045556 0.07940510981726323 0.09289519160635451 0.057254587133538884 0.0021307217523119024 0.015415401330936563 0.06286891643155258 0.029910483462201803 0.0421767671662215 0.007496537927761094 0.06707406639287715 0.083704291785538
54 0.01766564187723429 0.05609836723170835 0.0990980070339041 0.016235699627276626 0.0822199806801889 0.02754690502106713 0.0004992781561719218 0.01930555350802907 0.09322147028201523 0.020377667656611594 0.04408686704046634 0.04966371091387473 0.020590332096001102 0.05324691430942437 0.11535505510648318 0.045485056937483795 0.07352108533981577 0.06896195129174748 0.021903429375733214 0.0749170265147626
55 0.03785688600678253 0.0146301099761612 0.051160743821946936 0.09809599518626243 0.040747771231813036 0.04139000169257169 0.03007416447954541 0.03972207121273238 0.008816648825625929 0.09306391210950586 0.035480999444175786 0.029736765051125953 0.012845710667899959 0.03788305781559491 0.07215083691320737 0.09737723667693275 0.010572064888994315 0.1004062179422785 0.05083749665448542 0.09715130940235761
56 0.05025587461192441 0.000994674173135032 0.015224379715367468 0.09741651313826714 0.07079216296579285 0.07342236074785698 0.040433605357693345 0.04292917391710114 0.05726788527566045 0.03132396401857056 0.03255755669321304 0.011330875835662692 0.017740520367974487 0.05080937743009745 0.04870650164966084 0.07993838149822662 0.08609984552033799 0.06239705826299519 0.09724724137020882 0.03311204745025349
57 0.011365782452870352 0.008857315294932727 0.05863174387888363 0.09233818216661306 0.03558201124106269 0.08152703166687778 0.026577088184112068 0.05855870746704608 0.024509314096292128 0.04776456063440993 0.08353158173337816 0.07683654101691653 0.0040063236134346685 0.06914948559442657 0.0720784320264718 0.06972998422276117 0.02882714045659391 0.08136865826026633 0.043147097740232634 0.025613018252418206
58 0.08697703508004412 0.07349873200118753 0.012837542072331194 0.05684705469642836 0.014185444142400874 0.03142971208760849 0.0005249799219089213 0.021087518885284554 0.08005964504000297 0.037259597611981596 0.044000085880348774 0.07524051037710952 0.05167047030154653 0.0783011257836787 0.053887059498479946 0.03185554854652704 0.0754494149666593 0.08781863062514883 0.036195489627212835 0.050874402854109754
59 0.07187488853042259 0.013288119625805757 0.040763958873732124 0.09379525361660077 0.08029029786236043 0.009973037395758708 0.061636829903740926 0.02547492373918801 0.04397182240780777 0.07687087415691861 0.0008752716088575606 0.10069760269502265 0.07510496791348051 0.034173882735337106 0.028760249312141446 0.032180320331085636 0.09223413703720082 0.08536158463962096 0.02691855537719644 0.005753422237721077
60 0.04945453612934708 0.027217788506357452 0.04896425863190877 0.08610697093565604 0.06357868550612521 0.07953832749513116 0.0732534570249436 0.03583310245300854 0.08970490375544418 0.007109599029481802 0.07578164646869907 0.05175045000675818 0.03254798762998838 0.029170019664649514 0.053787693442866054 0.06480592890324623 0.054034046752001345 0.0064572132325069805 0.03775191218112618 0.03315147225075417
61 0.04788376297244823 0.08814835080867414 0.08436658594299129 0.08284101997647203 0.0063723131593583365 0.0051734575030081015 0.07359595897803581 0.07979914861967541 0.08044210142558046 0.023527736830628025 0.052206581379872496 0.02608078419679022 0.033503604106445824 0.029190721003742474 0.0481288804457703 0.07480706623758455 0.0946159568984764 0.005891303783284218 0.05079954192385355 0.012625123807308306
62 0.04022779336078444 0.016276749635503997 0.07656858159435012 0.08786014056202884 0.035968752717195525 0.05079884005244172 0.04099376859995501 0.05808543677113401 0.08199762573113331 0.06965654102147119 0.03559774558240413 0.08643675478933727 0.05345289115052915 0.0011924941853053862 0.05406363357028068 0.013755146450212264 0.07160409881626106 0.04138921052793904 0.005564928733535836 0.07850886614819702
63 0.0005127878258045108 0.00011652445241391926 0.07470563058800059 0.08604134626058933 0.06761846089724004 0.06505064576449868 0.022063833560702246 0.012696207469946737 0.0370969966062908 0.08443244801389506 0.06639931079268217 0.06682941983603724 0.012754512035989079 0.0790427183179373 0.07892655706974937 0.045834298531831984 0.01898002014684884 0.08568723064176718 0.025823231050036255 0.06938782013773873
64 0.03334731876269946 0.09558047364117116 0.0592106196969613 0.0839644794849294 0.009406597508188803 0.09876203902737657 0.03139056041326482 0.019072469718673633 0.07023538694669618 0.04016845495489178 0.09074379168694882 0.004508995965875616 0.018756229116496482 0.06772535860450275 0.05139790177768049 0.03442924633424705 0.06735356210706109 0.04075702950172777 0.006988216003402504 0.07620126874720441
65 0.08686966987525546 0.018592377045127673 0.028917112833083944 0.08073209227751418 0.038994992061551007 0.008133527275308455 0.08782858380119186 0.0543035321441446 0.06318107437238706 0.052493860467968625 0.018931106403333273 0.03767750676710069 0.05305388877040804 0.04167015599191261 0.088551762917462 0.035514108331096784 0.06445541315588674 0.08898851003607411 0.028209449215635722 0.0229012762575574
66 0.04167663405793027 0.10155576966005897 0.05521227776718523 0.021009012195951336 0.05537703503124793 0.06915164718501514 0.00789886849007305 0.07456314014183467 0.09020368605777285 0.04352722092484145 0.029026289990740993 0.0003568486423956616 0.08709190755467766 0.0008504714373923589 0.05121107431541336 0.07127309240454058 0.03941271072868259 0.09908137612917432 0.010854754158658046 0.05066618312641357
67 0.09644354041242599 0.009780655192172343 0.054003642991324985 0.055090913956337174 0.04224731797907992 0.0037841693311233496 0.07837939824249418 0.029119466564878085 0.06854966267849873 0.07411681448236107 0.046178045239214385 0.03374630211352166 0.07487477992056647 0.062070324612844494 0.07263763176266738 0.05854219826553944 0.00883160348574769 0.02735698932802292 0.06305662785507679 0.04118991558610299
68 0.0496918235391005 0.07749906957989552 0.0064467218417425705 0.055404020143385434 0.06579759951200863 0.05232653885942819 0.014695501293916365 0.059616865745860365 0.08868745429469865 0.03583345462739383 0.004213968024234071 0.05892735092447307 0.0393118655225483 0.06834118827722611 0.0589666086485815 0.0640110898171221 0.07119686664159501 0.0640654067207288 0.04604414127518027 0.018922464710880747
69 0.0066869643308328655 0.08489449283120806 0.061216231489102414 0.06743116152150846 0.010842260416392179 0.04560785284838283 0.043400415700454206 0.09746845708501567 0.09692641549051075 0.10440504380990573 0.03302282345548431 0.031072356382054172 0.08579341646069955 0.037227392959184105 0.021379640866029215 0.008297936307561586 0.0816911031900802 0.026899469740171038 0.026730387811558908 0.029006177303863998
70 0.05469174944299205 0.046208496353987105 0.06321035740375051 0.037341252585317536 0.08772765896856208 0.0845016411568082 0.011194301870892463 0.08077415723211213 0.04426417771850211 0.030297838856217525 0.003938433619738731 0.02045422767958707 0.0792461948498029 0.09676396445392979 0.07745620436317383 0.015716023231295746 0.019997470717135958 0.024650395258157338 0.04511011595587693 0.07645533828215992
71 0.03978747136368943 0.07026871251738746 0.07039535898263793 0.01868560143582126 0.05797342472816037 0.07231131171778361 0.05708711701289265 0.053453949215090876 0.024533135234772706 0.07266169543729312 0.06966240309294175 0.0688190363631379 0.04908278889356313 0.05772085889245754 0.02731922283488553 0.035742051747267266 0.00282212958108392 0.04450401175986976 0.04763944727110355 0.05953027191815999
72 0.08121283243854821 0.054066579148797526 0.08827090072554593 0.05275642238580855 0.010240646461459512 0.03404699058931417 0.0008918137862162885 0.048045419607040465 0.07661108009084995 0.014554172109938849 0.06162600801411836 0.009111511230268175 0.07123449333073781 0.05015727646138474 0.006207061719669106 0.014250073325846652 0.08625133339291963 0.0784928725154463 0.07362766345121044 0.0883448492148794
73 0.017032517214032716 0.04514916413256398 0.0008128630039689859 0.03443827445496873 9.294875079335192e-05 0.04742226150411105 0.07546579049244938 0.0816625088575453 0.005245106206278722 0.060633039393173 0.007373332728282289 0.027952094853491496 0.10929828161585488 0.04237176966464524 0.05027858128761339 0.07254501761499682 0.09148357861954402 0.09843759231959935 0.04843909751323219 0.08386617977285508
74 0.09835807559402754 0.004262469110168413 0.05830221682187637 0.04761751804196984 0.016136626647845306 0.02921766985622688 0.08604051079223422 0.01106975102699621 0.038126237144308406 0.0794118230638105 0.01861043505023881 0.08357088943705383 0.032397957921793466 0.027444313099231826 0.041079048023872494 0.02998830306315197 0.09564191702742804 0.09571987619672401 0.06396198641623663 0.04304237566480532
75 0.07706988829126404 0.04898421089426808 0.059380242669047345 0.03812578709699482 0.0397845488685865 0.04200377582451734 0.07222103082937242 0.0038510596482375548 0.06734549617574381 0.0343560452974961 0.04941894353479548 0.0662068688591952 0.06675686007434471 0.06041284674663972 0.0500718280555668 0.06654031420929929 0.05567465607503214 0.0008469204980879387 0.05201413889883566 0.04893453745267509
76 0.0939715965910419 0.0006669163153271587 0.020184302654469126 0.0960152694233793 0.05389931185994913 0.007267794976223491 0.015280868148168382 0.03015324488603152 0.00153441310735491 0.08538158225986463 0.09720807773161347 0.024944646901419544 0.04873506707310548 0.0775715305465644 0.08333725751645127 0.013104045926507822 0.0302238229033398 0.07446456149888289 0.06386935857715113 0.08218633110315474
77 0.007760959693789919 0.08514783364694695 0.029869415602872776 0.0004119251193544455 0.08252505247843885 0.03367718846569102 0.062998664030503 0.0818764940694354 0.0765347203207276 0.01908008123356994 0.07307650775834353 0.024216157032372797 0.0804635650496549 0.008688636893854098 0.06261033037560014 0.09480792042592355 0.07270374789222254 0.03061095878000037 0.015811331387727372 0.05712850974297089
78 0.05596294854199563 0.06255223244444426 0.06179684371591717 0.09638782637867657 0.09280186666865366 0.09989611505875529 0.0006982186212463522 0.04342976289961694 0.07912268445667082 0.01674442644808376 0.019392468628179862 0.001745904714415136 0.05638437481891174 0.04223677187934856 0.02430261373798895 0.09374549546636475 0.0471178323198841 0.011070230504360559 0.046969393750842546 0.04764198894564326
79 0.05334630429365318 0.027021700141646586 0.02246280818291245 0.09712319499694974 0.016054110466651155 0.04860099641199723 0.009217074056749567 0.05153972503281507 0.06870940119753093 0.036126327955589246 0.015500122899522063 0.03239885140562067 0.07865472963594124 0.07944205533380284 0.02274538350948745 0.032000691185660096 0.09607413597698976 0.033423806354068705 0.09030054974578611 0.08925803121662598
80 0.07373659534324825 0.09187892321273045 0.009517537025093219 0.0442307805880537 0.04225383830644909 0.04311854731853014 0.0032645772607857605 0.09262163810314593 0.01549044414051805 0.06783766472793581 0.025179222579677453 0.06670747297922529 0.08495256220291478 0.07579852839768696 0.085408363569996 0.002756131387017169 0.08906805222470796 0.01739921479522724 0.05418230627143543 0.014597599565621407
81 0.11234142265662869 0.042344697342455155 0.047352692429280065 0.033559893836537014 0.010224687768199955 0.07622402277856052 0.06030750018549837 0.02535251572227938 0.1071467839078043 0.03459574653238103 0.059052509993691694 0.006794378481999458 0.05517395781084898 0.055283087125073876 0.11068746562242471 0.012520074328231642 0.05387385827540491 0.05251327980588341 0.042375569676158215 0.0022758557206587512
82 0.050542998247945205 0.07531317538417592 0.0852669132678031 0.06629292588692907 0.004430008158693112 0.045536634441607826 0.06230046585632736 0.01168588552821829 0.024650960554686092 0.08870074425903741 0.11140363138377737 0.013826545222256141 0.02825395845070067 0.026620960863879124 0.061391110772543715 0.036437572202439164 0.0028559708254473695 0.10300188902609347 0.07162420295743581 0.02986344671000362
83 0.05318857550156204 0.06085249503883519 0.03920865917298021 0.05019640488968023 0.061166440571672934 0.02254640456662773 0.006431860599804773 0.028960934954820463 0.00823586831726702 0.07737109334496484 0.02508107117462214 0.08115446858758595 0.034672106717498874 0.04453798636040287 0.0569178510655758 0.07498848389872582 0.06776071856032334 0.07517773346015752 0.052372169388621964 0.07917867382827026
84 0.0011808689881691458 0.02992839231410753 0.05354096708706999 0.030969199833730053 0.048944972584373345 0.07583144409789219 0.055540699770209534 0.040996166887033315 0.0031759235558072273 0.03412807100813577 0.028452555753226538 0.09152167785688553 0.04935512079163241 0.07840873242111436 0.08578295357591847 0.04996427878692618 0.09104490823631514 0.043793825137419744 0.08841658991938343 0.019022651394650026
85 0.06625382551362499 0.0011013925283440116 0.058314945894618095 0.03605680715823397 0.022725461895290722 0.0852425529154144 0.054948334745778246 0.04055039339244878 0.02327126428577841 0.026045840475617452 0.0688957800832115 0.053327771495610604 0.06893107885577338 0.04944982710077282 0.04653460306173675 0.01190347821795608 0.06284747240874343 0.08390967455507849 0.0671757942469363 0.07251370116903157
86 0.05854381605077264 0.02274696554653289 0.07271450296585676 0.02985745615007908 0.11010704040160406 0.09614073245022672 0.07860405604210037 0.08930162444903367 0.0009323739484298782 0.0282236478757606 0.045249899212210676 0.07552393568870741 0.013276690762931214 0.003887454663361649 0.02122822971448053 0.02547459970532879 0.08327375451738434 0.05294337424567091 0.06078610451803779 0.031183741091490056
87 0.044188560658088336 0.05767959084918101 0.04688256094949882 0.034245693647881825 0.05273294703271747 0.06367392946879574 0.024967170795749432 0.01914919682895383 0.07899189123379519 0.06278846114861428 0.04124298821227466 0.045103141106383214 0.08227935585239772 0.08725445329186869 0.0010212860941175073 0.07965436267914389 0.08232548938842588 0.04452654242566 0.017598499853519727 0.03369387848293314
88 0.06904479721607275 0.02323265007907178 0.08794487956585077 0.06624118399265946 0.10335786020734847 0.010939920990660221 0.022220162657787063 0.00039032199490300704 0.09469280934912576 0.016366183307519024 0.081772847904767 0.0639557920273318 0.00241100005407818 0.024419878871149596 0.020767535205586735 0.06387414930976218 0.1025536320632823 0.011281089627542276 0.037722829510669874 0.09681047606483151
89 0.03998972597172064 0.07849298504775637 0.03724654591970217 0.070546319794679 0.06624940348060085 0.018563508335556006 0.06448034983964882 0.10213400975826142 0.02389406410440142 0.020807059364536636 0.04389940996960265 0.06331598873024043 0.025338708722016642 0.08247242285318501 0.003906759692088366 0.0548148577683551 0.025834129698810576 0.06852602917471955 0.0821696157066691 0.027318106067449107
90 0.004482596593637189 0.0034493476930180828 0.02088569965852758 0.020676726416178057 0.07947637925837125 0.020204805041070254 0.08140644054168021 0.10033242409634328 0.107793350996206 0.03617152706321333 0.0027488746544761574 0.05665951638074816 0.0601086917941827 0.0531258340399295 0.014309382207648947 0.003098671970781734 0.11295394970587481 0.06276681717767493 0.07527619982458723 0.08407276488585039
91 0.03178653325412801 0.02182526994852151 0.07788129384993518 0.041325734867600876 0.06587421691934257 0.07197797817090668 0.06772834157610715 0.08684303530568017 0.08269181170541878 0.0654500351978272 0.024210122679972888 0.022152468472803687 0.024108057094809242 0.06745424633329694 0.01486703281185593 0.007845243145919337 0.04651270410338535 0.08105540419660218 0.04310653892448498 0.055303931441401506
92 0.009087433795187276 0.055033378433503345 0.09190331445247314 0.01810438848744349 0.013021022851278426 0.0690656360329714 0.06181990537903064 0.03462227470247471 0.05359919142366474 0.041173126229411106 0.055284953769721666 0.08622353257121412 0.09226143516172665 0.04590832761273564 0.054300644277351935 0.010857243032066073 0.04313245975668776 0.09621631796657568 0.050412328481388165 0.017973085583094087
93 0.010382281298011197 0.015475486355330657 0.02492817230190695 0.0401339198858406 0.11035531122154695 0.008942688147591818 0.10714960707617711 0.04920093418505933 0.04396747775147028 0.08006423152140285 0.018118707452611856 0.057698480456649284 0.00780253730029624 0.06757497874657521 0.009810822269054158 0.07063807819351435 0.07799515750907735 0.08055549875227619 0.08643826754615284 0.03276736202945473
94 0.05727302024189914 0.06248298536464406 0.08383084243921678 0.02273955533730032 0.04168119165341369 0.041970827718315964 0.05481064025484628 0.013752648031229523 0.04667182173906619 0.06064890739748428 0.06037179078948484 0.022018076944162197 0.06413700563607373 0.06573788752238473 0.04447489517539393 0.08515646790398897 0.033669238514589424 0.007334706985589472 0.04090279736452017 0.09033469298639615
95 0.061810908730183085 0.04671545623146693 0.045477231235363014 0.017400104342912583 0.006271600077181455 0.07611822042027074 0.015971083139152634 0.06669122637029055 0.05001116482028273 0.012063477080799509 0.05634959027038608 0.05075286291801608 0.0937539118077321 0.04770155884772747 0.09110558283047314 0.053068223312587405 0.045527169144039516 0.08418135566043082 0.05799983890301603 0.021029433857687987
96 0.08586626757868156 0.003162591959624624 0.0822581732644246 0.048519931084418697 0.006340806417033747 0.01739901289034779 0.07081072947789893 0.032206574307185536 0.018415995964454028 0.015830686748294336 0.02142293215503466 0.1240002405586841 0.031004222971262183 0.10054184548804761 0.035324607354615435 0.045240316647149455 0.06557427311544348 0.030209385743437137 0.04268835261734472 0.1231830536566174
