0 0.009638343494104078 0.04364090456803603 0.0136407563494495 0.0844919197852073 0.020151655859637522 0.021008218068189876 0.07389011372659657 0.02612800652924645 0.01427998769956169 0.07057162342072855 0.07256206008454577 0.0591166374413991 0.09566855968327483 0.06677079374148329 0.021812184804254984 0.09573141489281846 0.06758983116064979 0.04930992103693615 0.003374741435770954 0.09062232621810926
1 0.030395987241271023 0.06434867777108715 0.10198991704420367 0.020141191997972062 0.07571618411163504 0.06265569227036367 0.09937020411472143 0.006804173825020957 0.01496576955082999 0.04795540593935875 0.06387354415236271 0.041919320703347016 0.02217521846611963 0.0009108253619944638 0.002277355522397343 0.07016135942507326 0.07559290974822817 0.08286107015743258 0.024464003984001476 0.09142118861257963
2 0.003262954068039893 0.02618771256131727 0.07621404249367984 0.06125968872315086 0.011017931216520399 0.05210380112660016 0.04842245191634223 0.04697099589353714 0.06318248339063245 0.03165182994429514 0.07547191588793174 0.037333194712731665 0.09013772678853854 0.017916546215217315 0.02817899910173733 0.06370837472326484 0.0296929713868754 0.05636135410187763 0.09562667579532404 0.08529834995238612
3 0.046318940084310166 0.04967605941811563 0.0860972179974713 0.057672526765533264 0.060260559040618375 0.008655393871224713 0.059401684337844415 0.09085904079715733 0.04439368441371789 0.014801416010376222 0.020704040989578083 0.0865271438142776 0.046882843719869685 0.003361044976811469 0.09943805174774198 0.020932559852477016 0.006205492428413429 0.03605738391914527 0.07581543432788694 0.08593948148742889
4 0.02780006495515855 0.07416104769290933 0.08385976449701167 0.053718011925689355 0.035626175783853783 0.09421579525306654 0.005777233650675296 0.04299762263806465 0.031581361209575984 0.07052815733817785 0.08096638613482546 0.004270357541204029 0.03395835629126136 0.06945184035997766 0.07239344291381791 0.08162711606863342 0.005185808543663194 0.08144453905348693 0.017486417108244674 0.03295050104070219
5 0.08852688600065826 0.06656537767216462 0.06870330271146191 0.11407455520022584 0.003680258987796155 0.09918221526028308 0.01116938793183961 0.017043373263032187 0.025866646180448802 0.09778376127941535 0.05719523747328495 0.019780641128774933 0.018568941487734636 0.014422933009067053 0.03415122257489339 0.08924875657895316 0.024357272166414805 0.03137332357917985 0.02758339490131971 0.0907225126130515
6 0.06981094398841518 0.022648706116856043 0.029976600125931212 0.05879033368634157 0.07919822772626157 0.06049271367932371 0.07695353588782947 0.06734810859932955 0.0011073056639114033 0.05876730821818403 0.04057944619309826 0.074607568914862 0.00017147381376539372 0.07487605985839695 0.05179605955061122 0.05822911831946344 0.021317680399638984 0.014370640915592616 0.061295152645664035 0.07766301569652333
7 0.001626309416625679 0.02259108729367852 0.07643702241619885 0.06344417068612755 0.07672593836760258 0.08118621471668042 0.07937509288215065 0.01116804878238079 0.035912962624123815 0.08269801524607384 0.04522897255921515 0.027731739172973773 0.049992817147700506 0.08806916027910265 0.05510040108419545 0.07739813011253233 0.019776188297924213 0.013621944037296815 0.08643884639293985 0.005476938484476429
8 0.07182875340619956 0.0542370826406258 0.07828268445105144 0.05303561250545154 0.029707059078747603 0.0757888595312044 0.04545442430863715 0.04115647227903259 0.012114599441252042 0.049144221287519926 0.07542686176888865 0.0861179146312686 0.012426777855356041 0.07548250341706882 0.03115945125249799 0.04266184791252441 0.0020797885825796455 0.05527265989969968 0.06034593204335452 0.048276493707039674
9 0.0028575898318214253 0.046502753114448736 0.08554265196493925 0.08031181936906816 0.06628175286595259 0.03301747748186297 0.06221856842686145 0.029241849340316466 0.07721362899710374 0.002930398338763578 0.07935168175375085 0.08082751613631739 0.07865409566686549 0.020290329221850548 0.08092725393524133 0.00047016900997611655 0.08235063917175661 0.001797284342143782 0.021053765996137522 0.06815877503482198
10 0.027144317236266653 0.09857258723529652 0.07489715070593922 0.0022533346877385584 0.0181439866426921 0.0807313344059136 0.007983555294985649 0.051413946014397985 0.05422393716256064 0.07591841175303879 0.0004275796201565057 0.029077511508009975 0.08880750262380813 0.06721184656765113 0.09332818090144 0.053807718812672906 0.03872094021474485 0.022970440252596393 0.021455397164525554 0.09291032119556487
11 0.09706297119359543 0.004434948962284763 0.055596046325247964 0.05293043957890013 0.03991888454675211 0.006068529303916523 0.029167159868128373 0.08291334964301605 0.08996466634694059 0.06278440005974055 0.06818374314223045 0.001541251108090189 0.09161633687606527 0.06356468306199008 0.03309859777686152 0.09615781835432999 0.030673628881292866 0.0007316161020059823 0.054333769435686366 0.03925715943292481
12 0.07603841620473879 0.023494324220853176 0.039788355271256404 0.028976381945492416 0.09047478458086956 0.008283659626562608 0.07824145285525687 0.015268778411077008 0.06791655105831906 0.06547335760685413 0.07454944614004158 0.09120431924160598 0.08519841380912216 0.0027331563839678896 0.08805808853411615 0.07856653946198586 0.013574787064796845 0.004723168307721961 0.03642251098542633 0.031013508289935345
13 0.014308313682142606 0.03231085754464986 0.026509240710113038 0.04508664172045183 0.017154539390968317 0.01896073023698631 0.04898607455563041 0.06068282513757586 0.05653600988233761 0.08767120012405524 0.08934320442420898 0.032429202773418285 0.013507601214882458 0.07704100719878355 0.07849700540718738 0.07570040083564535 0.05689960303762447 0.06888718227776613 0.009304034234415793 0.09018432561115658
14 0.06850425146676645 0.025472124604504827 0.050660494710013576 0.033151236675987676 0.06118507089779033 0.08966435353203167 0.006213697908255626 0.06016345432080058 0.03181519536194843 0.009920339714169793 0.05407621928798614 0.0958598671664124 0.02940178490405608 0.0036492108125931646 0.07719166331524734 0.015353918216648596 0.09431152812955057 0.05305993815565941 0.060601440611440426 0.07974421020813714
15 0.02531644049297997 0.07225358314147667 0.02995926224661024 0.03110854615189418 0.03965294268275929 0.03712724651932546 0.021511415869328983 0.04112084749409204 0.07010470209056482 0.08328344969601555 0.07187475726705933 0.04102291182432108 0.034219162735162435 0.05947602362233033 0.07309642827107447 0.07597639459352676 0.06665039251956321 0.012019526845973835 0.08452668080385498 0.029699285132086712
16 0.11251765644185804 0.03611212830669499 0.06375983740877708 0.07558690757509748 0.011610556390009545 0.08869667593428135 0.022218111770730364 0.005928130151260932 0.049738159707729296 0.027158871095304068 0.0789059042847944 0.009739609416585466 0.09400289246773716 0.05392792293825818 0.030641050370144512 0.08086941014661636 0.08603612502383061 0.04491901154730488 0.023051752638257886 0.004579286384727243
17 0.023511962153653924 0.07312559083495754 0.062213271126035585 0.023388908803498292 0.04643969736901139 0.025649849567994792 0.057381758377590304 0.09160660730752164 0.028474099595714505 0.08875670887109725 0.0029326445885224806 0.036167232146889196 0.07205618999894217 0.041764529938138714 0.01867941669399541 0.07556246525280697 0.0475759121220127 0.06780567351498712 0.02784143822663066 0.08906604350999932
18 0.02883368527326627 0.06300374526219715 0.08143588485676886 0.1129723713553453 0.0037366413514968826 0.09188730210851764 0.10707210450224951 0.04968992925648637 0.02841132717699828 0.09198842301558174 0.04443033207087129 0.0336581179524011 0.015978360528809295 0.005613202230662119 0.013195823090581319 0.05539956785249424 0.06503574781176896 0.03498703472793759 0.0468638540500784 0.025806545525488066
19 0.0820553935117902 0.033440192731618495 0.08426473542517081 0.08342218447391454 0.045797154916109355 0.09593834117063846 0.09517898412725974 0.09590187880172499 0.020099353421928673 0.0318257520585727 0.030251081830080122 0.019627082872958203 0.002846170340974586 0.01503630699417916 0.0669719532082124 0.003168292045601152 0.09069382109113819 0.0450852993928647 0.03413715402852089 0.024258867556742753
20 0.07939457893127476 0.0014288944648881154 0.020638606974308183 0.04573719065651315 0.06572383022183392 0.0842357534402648 0.02232335845181086 0.019408151009818936 0.07793804992305649 0.00771313276009428 0.025181256271231023 0.011409404307547959 0.08747153135005638 0.003165460011901475 0.09250310440552764 0.06738285205099204 0.10793942012884923 0.05617292369045129 0.014536197824864395 0.10969630312471512
21 0.007106112556810419 0.05772284858971977 0.056280668246474895 0.03819335353737241 0.01942006450023052 0.08092682105577659 0.052605801693479295 0.07303485981561482 0.09547511618614068 0.08456769481614504 0.07095258286383126 0.07930803926303018 0.031115701365463093 0.07597096859089889 0.014818294482228973 0.05635849792512635 0.02019045962162688 0.03704688525954605 0.017686445097393328 0.031218784533090616
22 0.05700555075467977 0.07802581807970321 0.050131724010435405 0.041204602810099064 0.05873075820612698 0.009951728889348237 0.06705664199123633 0.07936786838971462 0.03887080131607545 0.024837821836773844 0.010219012850294949 0.059655560251621276 0.02317182352891661 0.05430600457119639 0.038802354013720564 0.06453232129139329 0.07933341931099791 0.011732761560599703 0.06881975774441462 0.08424366859265181
23 0.043278624010940354 0.021293189729254036 0.05774094088162627 0.07690553241216241 0.04752043754834545 0.04478324861364771 0.06581185264206328 0.061317580543430394 0.031588992310504965 0.05733400050558817 0.05290461175932082 0.07780055130448804 0.018496457338278094 0.057482106799377285 0.09123533445738444 0.06294675860620556 0.00790082952536796 0.03133032099633377 0.08411246481192894 0.008216165203752162
24 0.09138476226271625 0.021729721953401025 0.028646353682606665 0.04522656739342073 0.08489436881707975 0.02416596320822239 0.021157112260625287 0.02001003756719704 0.06933479128474417 0.05805582993613361 0.03024141766579118 0.063588292577191 0.07963502065017929 0.09726116502898378 0.10193713326264306 0.01704689163547597 0.046635999551309475 0.03603304608485063 0.03563081356326593 0.027384711614162574
25 0.10163716470832022 0.0402045722886684 0.09710270259298541 0.007378997808678568 0.018613062998289756 0.06231015129657199 0.07896538502974748 0.06672806257234759 0.0069470349411262676 0.0451045295424424 0.04398020272070747 0.10179657571533025 0.08606939253475795 0.03648416176353551 0.042470303384619386 0.051061240042523784 0.006551481852443106 0.024271140648818607 0.018768007348595878 0.06355583020948995
26 0.07721265600036445 0.05572382478496023 0.07904269852676449 0.04674569886310125 0.08825859573780598 0.05623459851695753 0.07112670427650222 0.010863516927662839 0.06973838287461766 0.05213277940972936 0.04455503137466517 0.060495187196085265 0.01857875439954297 0.020361036472856458 0.0459773716244571 0.024773477434611578 0.003179665925324174 0.05542248710169065 0.0262780656349582 0.09329946691734238
27 0.029772429676097383 0.005376702833422397 0.08843474191484078 0.011217109152307218 0.10600048943010275 0.0967488709128395 0.0069647779678154225 0.061627061633965925 0.04557506143515652 0.04545603380053917 0.03774261382899394 0.023964273326745028 0.07801198518384664 0.006215779422219569 0.07605959736379196 0.016269806655862976 0.10013474071475696 0.037285517199911876 0.06535851028927026 0.06178389725751401
28 0.08139476395410643 0.05216737684484263 0.013646958695845944 0.015388510733674645 0.036536182613198645 0.016583986135032036 0.067929264336662 0.07312253010378846 0.09141040731982318 0.03758679901749864 0.010217532244652302 0.08277293349629469 0.017114398236366776 0.08220008911075219 0.043663912909304096 0.0861018018946362 0.024383067926226475 0.022788687512431894 0.08751412741135271 0.057476669503509985
29 0.01924191541995187 0.038861580547777386 0.0525277786040952 0.03544706203241577 0.1017772106135516 0.11681758323053155 0.05194131799268221 0.07492085418382553 0.03158279987176938 0.07624362852058761 0.08078672999645439 0.012434439389220535 0.04752443567999574 0.007147515516189796 0.032590619435343915 0.08557484198182644 0.06351347107679094 0.027255995993094095 0.0018066684444685292 0.04200355146942725
30 0.038291087081296485 0.08597099869799654 0.06575086582525749 0.013302768108089865 0.027876158223124975 0.06360716863874914 0.08054419393386365 0.07765352098794644 0.08525118318564122 0.03443808988492326 0.07867952577340605 0.007958460520574737 0.02718416505066849 0.030275405637869086 0.020646831104568178 0.06877151053728461 0.053838633805098665 0.03878150844550302 0.03424261160207165 0.0669353129560665
31 0.034853955500715066 0.08663712028199448 0.07991785294571664 0.04034525938356213 0.02241328058540949 0.04266452962386669 0.012609074958267045 0.04681790199637395 0.05660002744870239 0.03750163208138834 0.07377846010023949 0.0507090022043493 0.01797692388038659 0.10546170927845736 0.04605763463610754 0.01883142082677748 0.023894155210280706 0.027099889339254283 0.09886386170347404 0.07696630801467699
32 0.009512943374108624 0.07823755941528153 0.07177853464275813 0.019751384621872346 0.02717071476036146 0.002061002501418612 0.012795901091196117 0.0537899762119429 0.053076610016505064 0.09810714889955222 0.039370530447750185 0.06781798388695837 0.097484190352935 0.05883465112118404 0.05422740608037688 0.08027696837205077 0.009007100195987675 0.10275643875788464 0.044776427816008095 0.019166527433867365
33 0.028508293526073047 0.04232927426681124 0.08179906339916694 0.09574482014842756 0.047714597222593136 0.0567675299972932 0.0881171163391342 0.07302069286950946 0.001781739615588328 0.029599491506934972 0.07505845355635583 0.0004453891066908502 0.05222792199475444 0.005674315248488942 0.014778904673293706 0.06878040803242642 0.02832582790302281 0.06446448563580605 0.05417283801135683 0.09068883694627217
34 0.07664598066536442 0.028824675068389486 0.034992670917291836 0.0659170248916275 0.08509880915341836 0.020095448821551332 0.0066539874416162844 0.07111982933667561 0.06232450130501573 0.05541660722310331 0.06705091390087028 0.013360693391658029 0.06192832260130259 0.04235000101426929 0.07194129800404864 0.03397078501893842 0.030530287485437964 0.05287520105288241 0.04073923936425916 0.07816372334227978
35 0.0770003913231878 0.07091488471206688 0.0008768695693601937 0.030971473856861356 0.059809587790709606 0.05205789839217651 0.0811844861692696 0.08581721303680281 0.013331222961607374 0.018101921209471683 0.09194519115057197 0.08686867897485377 0.03624956505617177 0.03008066848138515 0.018885191747340054 0.09305456266997116 0.06893186828763882 0.017676773575310657 0.037815359464958655 0.028426191570284136
36 0.07816944686730612 0.08395637779820446 0.03224922774915005 0.0651068776272202 0.028041923537667268 0.009162192413752043 0.08110634148423584 0.06377149993108289 0.005589786897833956 0.10229976583775555 0.08879305569766689 0.04931478138384809 0.041616728239336376 0.02593771774406505 0.006797726807034954 0.03550509373501105 0.07607759820663912 0.03148859834221548 0.012683040277220385 0.08233221942275422
37 0.04166601733829258 0.07413861613792865 0.004380139664262518 0.030708025707574187 0.07661725341624148 0.028607121307713437 0.07364670192008554 0.08528673971025794 0.08786441469408322 0.009866711145655285 0.07376186803640493 0.0700410340561824 0.034898808876329464 0.025549511890691178 0.013080487076895518 0.06677810833854074 0.022896153835173648 0.02249273425777416 0.07738080069654643 0.08033875189336659
38 0.08415869623769094 0.07558486518465085 0.0844062584441732 0.016849433350034613 0.048298248228331425 0.0737932685270073 0.06461602553587434 0.01263761383298268 0.019772703209435846 0.07124324358770533 0.06342503166623914 0.030220020910492775 0.020836207674194796 0.05911221502411174 0.017430156468837985 0.05941539159643158 0.07793654356754622 0.03087454318552027 0.03647126975609301 0.052918264012645835
39 0.014281511997858714 0.09633795872465183 0.03816053084486025 0.03266233017742328 0.04198094559645926 0.0901086735426836 0.048355131472477254 0.023137141085404822 0.003805396649437994 0.08624482106975401 0.04711401049944146 0.06715162727137153 0.04489574343492623 0.07240231461721862 0.002849232455582026 0.01469473785482163 0.06981351688048945 0.05214004711042781 0.08407237617557453 0.06979195253913571
40 0.09354170422142619 0.06248713008552907 0.08695785775701892 0.0264998730361207 0.011595351172875246 0.07596455095454717 0.060144743557603096 0.018753081608337305 0.07298362796849842 0.03437822811075103 0.017663705134015963 0.0634377107203789 0.018846046388845798 0.05335288546813466 0.009258830959198243 0.093739112851644 0.05722366226041174 0.014522117660347864 0.07998127029159698 0.048668509792718466
41 0.019368424596314524 0.03397491525851818 0.03131555915839954 0.012105905414700415 0.046855828105099834 0.03195182404633469 0.00832225195312496 0.10452121989080032 0.012394227243583352 0.08684066598479162 0.022676792176328654 0.08472610867913148 0.09418543000682737 0.014976023788888708 0.030994099690234804 0.10102329127910648 0.08938776975209922 0.028845053239375647 0.0369280218078181 0.10860658792852218
42 0.02153223880212561 0.017166539779088108 0.016882373536501166 0.049434682653884766 0.10175560484340111 0.007799519885272332 0.03426063370888457 0.06219518090754256 0.08431138454929138 0.06597841405842647 0.05277101797347704 0.0906803978850139 0.0591260532697579 0.08147755479676623 0.020690349544208564 0.018746700926866415 0.007688038790577424 0.045786458840859856 0.06443217282084078 0.09728468242721343
43 0.07466333580517405 0.05432727787531038 0.07566885170464527 0.10326639042253176 0.0901727312344897 0.02566730849681956 0.036167742504646765 0.03900610121165507 0.008376363340269519 0.06447706473129833 0.050659981627831537 0.00798549505019982 0.05823038014839204 0.09231631764030712 0.06979107127287561 0.04915838957088968 0.00474218594381328 0.0011394551327629722 0.06522016565146369 0.028963390634623696
44 0.045690285097438985 0.07377990570410181 0.05898076280898273 0.07204777153178138 0.061595667647416946 0.0606130909957891 0.06357262313533957 0.04831912109155598 0.043181572498441616 0.08970279631853392 0.0844277216737619 0.00888121490259859 0.0007758266028844858 0.008272684505761333 0.05928487174414178 0.02712022737899061 0.03902657721086745 0.019977988973682206 0.042136686543456654 0.09261260363447278
45 0.043872113186770936 0.08033404767997744 0.0826996228348222 0.08708190704218627 0.03792485766110587 0.008948348595619956 0.002971425272181393 0.003454948246407247 0.08637467463320334 0.03163137836921998 0.009261634987920857 0.09271678331796934 0.03542149874090033 0.0725726102310158 0.02503115637510596 0.07804811132639937 0.09514208212051499 0.0022324382928318788 0.024702581301142675 0.09957777978470439
46 0.051149533265844274 0.03326756268182683 0.08802112503494693 0.06734573377150523 0.011573054477429907 0.019861478690999794 0.0843471078546274 0.07416770509372803 0.038314084255848285 0.0706278246524092 0.05825362332894643 0.08947427313528972 0.015901760167843795 0.07363431421911847 0.007367399651981483 0.023783826181810772 0.039409273986377426 0.07661070783850846 0.03295651734008391 0.04393309437087367
47 0.016921516733633672 0.034999512303785986 0.016734467768631037 0.003363233754752331 0.04135658983850403 0.09653809591434917 0.036434862043399956 0.001860267525760794 0.07235269606276275 0.01178162681378637 0.08353303414158199 0.0639751572892308 0.048769065327694865 0.0385336171843485 0.0882222483695046 0.02265331464935621 0.08291993969677963 0.10205012118608406 0.05290199856672699 0.08409863482932634
48 0.026104806429855052 0.08804724362581667 0.030727796389498706 0.10131306969942487 0.022380953687077185 0.018162372320068194 0.0497069675818681 0.011959933348171132 0.03295859389615741 0.07162991527879244 0.07271798153802408 0.10053575590811442 0.02473430519903962 0.036145048425914456 0.07880858951720067 0.024201672368131005 0.06471951471672657 0.06760980602802459 0.02278367950625583 0.05475199453583909
49 0.003156659082036387 0.016277539764392383 0.05130705915488756 0.028432002095270022 0.04986897956898289 0.05405442707724014 0.07328411016111507 0.03030812864243138 0.07827982830878676 0.010724291289954143 0.06786046831094264 0.04714668749225374 0.028341893400024184 0.05424183518406335 0.05319450394756033 0.09382214804139215 0.08015509206566947 0.07893321991266028 0.042659396321754736 0.05795173017858239
50 0.0469429908006523 0.09328269008499979 0.07109700744952914 0.09478574534403716 0.011813756670509662 0.04839325930598172 0.023069695342534717 0.07121924804690133 0.031138103113038 0.025751895612117468 0.049505430878922105 0.0709848280087844 0.07288296690960544 0.07327234195538922 0.07187676913569804 0.05119020039733901 0.012763890228632996 0.008505970453376144 0.0025800361184746246 0.06894317414347678
51 0.05587478930259063 0.025985238372770458 0.0679069800581549 0.019636088377545817 0.04712169908044583 0.07418003531853244 0.07336434258568846 0.05090019610133641 0.06627013958875329 0.00868430810254671 0.05133206085642217 0.057455395432338914 0.06082568229076568 0.10068282128028082 0.05896300683938956 0.014309905642929976 0.06340449277570011 0.015426726640312407 0.046319700676164345 0.0413563906773308
52 0.044478094128323827 0.01393837324449988 0.04148514310305192 0.06555408529582964 0.07055028644807383 0.022817197634902527 0.04292768316439378 0.0755407030548488 0.08618503917971816 0.020669443571207802 0.024382346690116203 0.08773474216475646 0.0373837809429272 0.07052371519120032 0.0500290822019623 0.08291357349424434 0.008805605759974917 0.06513502076940554 0.06985225593046436 0.019093828030098087
53 0.02723996567939658 0.03349058772617475 0.042810409706564544 0.08208710428638256 0.04298507439450862 0.052841411087761476 0.053650539738836656 0.012769541964282085 0.08765997050319449 0.07608139863888354 0.07408483175670891 0.040281867476387435 0.0039861215838173855 0.057991686805670094 0.005813559461955227 0.09314642388413986 0.05979191382449495 0.04012886370699666 0.04386827193666344 0.06929045583718085
54 0.0069524439268927995 0.035693427860616835 0.0441092207121376 0.0956915445477851 0.0722766057793702 0.08536451170995461 0.06614342546763569 0.05769857583624634 0.06210212033457073 0.02339422755566547 0.0742939404250655 0.0638081253102567 0.003797416291100065 0.021218881988341008 0.09634193547201803 0.01374171156446853 0.03462290748985173 0.06744077141182357 0.025728252875716257 0.04957995344048313
55 0.043379071192635205 0.005898132982817605 0.030597957344210006 0.04182532283059677 0.036427205977366095 0.08158666617939027 0.013355598765956742 0.05254297030873753 0.06057156365497257 0.07457816556601223 0.06808406617108541 0.03161773527130836 0.03661104803966047 0.0325903815595287 0.0027222757581098407 0.07711339065681637 0.06398128266484221 0.09381297953260584 0.08433229020029011 0.06837189534305768
56 0.10066799128523682 0.062301855521027065 0.0931855145289598 0.06105734560940272 0.00805456993348831 0.0656858463966026 0.010370282937061758 0.0771895172305041 0.07950342844765752 0.057464823738288144 0.05060004108241927 0.021749390350755238 0.03785449035890127 0.015400830695359588 0.0661086536040444 0.011263533026147283 0.04003046929270275 0.03845860357519974 0.05143697717932466 0.05161583520691696
57 0.07290754491683096 0.08621028631583376 0.08277113961528566 0.04282051347403897 0.018579365599192123 0.05761449796205386 0.07188212531185864 0.04109686236606517 0.0903835969512227 0.004883535612867184 0.03083615042863005 0.07673961831227924 0.026168845934018883 0.047591441927587526 0.030692237222560304 0.09755954958050411 0.08108662127288614 0.0014730963451446905 0.00028857236281511927 0.03841439848832475
58 0.08068270579986676 0.057021636014076504 0.08878087203414346 0.03138330113535455 0.018814445402723628 0.032163769073067 0.010849808813649324 0.03011192785122833 0.04464765441812024 0.027472933944693346 0.07203673210063813 0.06873119836132027 0.036949300725705916 0.04954622149786693 0.06682071268001012 0.05379685070041571 0.052332941427710424 0.07351426907896128 0.0727560140058076 0.03158670493464042
59 0.03107270226753699 0.10210895443932401 0.08007193587808857 0.030786286673692945 0.03592754597227958 0.09657215037752745 0.07832300593537757 0.030872835086519987 0.0994749663486058 0.04319467048075395 0.044495795702582774 0.0056180755789747355 0.010268184393088112 0.010447953160798485 0.1024143125715187 0.011206115425450674 0.018894414030984626 0.03535514106496343 0.026219937055083093 0.10667501755684848
60 0.07013525938104978 0.05582188779841996 0.06723481969197677 0.06633835211308452 0.0138084362006819 0.06601675787640074 0.08389963581386542 0.056313820640233686 0.0781509556314576 0.055365258594914285 0.0002612777683273615 0.007660797272781408 0.013644400148564103 0.084561072680234 0.05891857808418142 0.05634558654921538 0.0015084143104053197 0.01972597633791678 0.08350393794919538 0.06078477515709416
61 0.06239936993590277 0.08603415593976628 0.06675520779418728 0.04552688578016985 0.05346262033794873 0.0005163257871430736 0.05908077146053629 0.06682269271141744 0.05401264074313491 0.05001252275217941 0.07510356259376369 0.08366883695486618 0.033875107692114215 0.024091270853734803 0.07636843608080239 0.0031528810013327544 0.0855180278438546 0.005759596404082043 0.012080063504844652 0.055759023828218485
62 0.0015484667973650556 0.07690869918748522 0.0019402171608087848 0.07742185169191335 0.08981226448224855 0.08670575453904002 0.030451350663191604 0.07710083566359399 0.01716059514398741 0.07999582109931894 0.03805832675632402 0.06996304614858061 0.07300443558229981 0.07070833606037986 0.004655856717004457 0.004988288495571649 0.03083049010223273 0.0064080440467967435 0.0644180178846984 0.0979193017771588
63 0.09447474825536833 0.02750888432768932 0.07820021589049954 0.0019127939420275292 0.09226737588291575 0.007574091396678412 0.08392970545577952 0.08777998594990426 0.07070379129200124 0.016030668533560003 0.011930295100930492 0.026852392370167098 0.015760190804745097 0.08826705046562132 0.044478133203822 0.06564274367735853 0.03836823283554866 0.055916970082704714 0.08755160548641207 0.004850125046265982
64 0.005571518411702041 0.02004904616290826 0.026907660643067193 0.10103577001785843 0.09344099813260838 0.0023963602539922167 0.04379576152130367 0.013109517220071039 0.08854017707045023 0.04714830290544303 0.07425083334998868 0.057776670015139656 0.014238683935333072 0.03277241069355451 0.06711303635720034 0.08955067104569824 0.04089260276827186 0.010986396465692001 0.10506721613194676 0.06535636689777063
65 0.052676474967123826 0.03010443393838687 0.016251141516371633 0.1035386795431872 0.006864055819647697 0.05135099878289493 0.08304673725744967 0.04063435909302936 0.062054663037823 0.04582704243295753 0.09045009886667103 0.06267118525169658 0.031075852203638857 0.011008686301236487 0.04141534412992394 0.04290259818836889 0.045933495851268644 0.06915707694489286 0.03904334095836939 0.07399373491506153
66 0.025373907464873037 0.08098056177746357 0.039836955462179996 0.06054433213491848 0.04998223962902466 0.06277219968294563 0.06501078073764903 0.0998965454564676 0.05167418256765394 0.07362996798096089 0.015220232524555696 0.0329696648591499 0.03710146272757083 0.02751721098990808 0.045792419877103474 0.05519364651016861 0.0237875999212625 0.06646215996234028 0.028479451527306947 0.0577744782064965
67 0.033582966224968196 0.04347141559608736 0.07703429634908512 0.03132640316812713 0.053246657849285554 0.07706449277256266 0.07719912208776154 0.03616539816836006 0.060533948981163585 0.003385926712462637 0.0538758519995518 0.06689146516436144 0.05090911858218288 0.011994506906499036 0.05637667543498322 0.06582414367101291 0.07493178354388405 0.04252088072554904 0.0336769877517787 0.049987958310333216
68 0.030791130955766473 0.0695775365057513 0.07872886494241804 0.07259838759468147 0.06248813039550132 0.019485061782345155 0.008218173697476744 0.0067767444360027 0.021589035589461424 0.0769492839303987 0.08006517939052589 0.04032300999325367 0.06310768108060594 0.08529582121414371 0.08614717913747486 0.050953279679375484 0.03380525263268075 0.02084723201679594 0.052528771620325744 0.0397242434050146
69 0.012864395979223916 0.08144347531213456 0.04191504468865218 0.13294581172459866 0.006211141465148629 0.030635854310438724 0.011004716146359835 0.07528717047189346 0.07074841633545377 0.02116205023884734 0.03647193063121113 0.06244566369955932 0.06085424891916386 0.045527749390899604 0.01376961756504151 0.07075507074108721 0.04770658923752926 0.06546135693127002 0.06608862332184241 0.04670107288964464
70 0.06307947315988893 0.06983409294756955 0.01679711394383408 0.02003676458401234 0.07756836129794024 0.0802826624580601 0.011667879187824932 0.010620285762419001 0.08588196514311804 0.052274518440373494 0.06605398780304672 0.0848459176547596 0.047625059012254785 0.05152872345681757 0.029892725963723492 0.08008576595119338 0.04072576286653903 0.008592403771590495 0.08888174915395892 0.013724787441075283
71 0.024034517141599352 0.07543355230896712 0.022585352664051633 0.04070685982556487 0.011305581524341381 0.0520119514011174 0.0672264698191003 0.010727207288757278 0.07223953304199923 0.07870660532665336 0.04316739364744195 0.03347764909451678 0.10929630115022089 0.036629695572232 0.10965127374464441 0.05068535912800067 0.022473734669176303 0.01678094686723247 0.03030574294709643 0.09255427283728604
72 0.016665029298690286 0.059498828966461886 0.030270935778194688 0.06105284254304404 0.011691556757200879 0.09702505695524066 0.018870599764554904 0.07349036560917521 0.04037605175783383 0.00391640716287399 0.026792173045247957 0.08652269132535158 0.022435026508063224 0.09630709359632451 0.06255319698366431 0.10282667575101974 0.051546169709006016 0.03885672690493048 0.004083903417455686 0.09521866816566604
73 0.020283315688650348 0.07881091371614511 0.023114293952332252 0.07364350458308842 0.07795273186527246 0.058156796852731105 0.07043711418417538 0.046704073940083565 0.01676395721967098 0.06616130194487845 0.03851466450134165 0.07245141699551147 0.08222944364609062 0.01569966129804136 0.057855604849185775 0.004364087599615756 0.05886843440472765 0.03246545289859854 0.01602813588035994 0.08949509397949915
74 0.02315977315376656 0.0654811059320252 0.05250957919641097 0.004243385618252239 0.052705693586485115 0.045031425832840075 0.0376281801814508 0.050463714237907555 0.06242864009025814 0.04082603185764858 0.06463423693987874 0.07080727620081644 0.08930121724303529 0.036729640954960695 0.06396581264447712 0.012920940504412419 0.042392890179656924 0.08560851168296482 0.023340871666914707 0.07582107229583744
75 0.04292945709365755 0.027278212973895752 0.010043242346192782 0.030700394377426183 0.06214995222708079 0.09625946991725617 0.03775909757401212 0.03563998441936036 0.009236783442942003 0.09780865477006398 0.06376342116626511 0.0025707307179647417 0.06818156128678653 0.08276815830555384 0.09627734679555278 0.007255174405159061 0.09685499272551892 0.0881607251368029 0.016367538154401142 0.02799510216410725
76 0.0942743957190433 0.06618059505787291 0.006859664012961534 0.038549891114953855 0.023113666307412368 0.01251316832326069 0.02414440786163749 0.0771938629399046 0.037891594206742034 0.09443154190049191 0.07769424505979672 0.024508244697572974 0.08393218956271692 0.013002473745670548 0.028851520892902934 0.017891767712552287 0.050617999968718366 0.10686646521046787 0.06760945511529459 0.05387285059002583
77 0.023192891419037753 0.019991150206858 0.0919586923846998 0.008209262887073335 0.09705521834137125 0.01740474497273848 0.08206497584501744 0.08292492836111702 0.09526772206458993 0.022605727362695446 0.030198260444424717 0.03327881172659643 0.05748861338725409 0.007495043095069531 0.01022284592563218 0.0675770864571768 0.07223167691604578 0.06772246725372176 0.03142261044309443 0.08168727050578588
78 0.0008382135356204511 0.0038466877123737174 0.06576548649760001 0.06694240234965464 0.06439700757041923 0.09064479461490745 0.019690988245064194 0.0679071010855957 0.0460729195637827 0.06578075406963318 0.021745196370051456 0.00387677183298332 0.10719773804466148 0.07528048216803306 0.0593280414211154 0.030166898353105823 0.02930675022711863 0.05595969707568496 0.06284750865711511 0.062404560605479276
79 0.04716876196512776 0.06405603548720198 0.008966217301636274 0.07098388710766963 0.005656616900150895 0.10147075331677388 0.03890546912208646 0.062120187122135496 0.03133672354681447 0.09515699223224607 0.04742659909544167 0.08526383146714486 0.04132504371536745 0.01131152651502725 0.013765385614042619 0.06941566626650218 0.007000762590904418 0.017365784563278062 0.09733536148492607 0.08396839458552235
80 0.11043145281062451 0.04136149251344783 0.02647121912272158 0.005393557865618138 0.07222210123877507 0.03124105348132052 0.03273179287028562 0.10430582730998332 0.03278838985447585 0.002356671446003145 0.017387544928788363 0.037204456433865093 0.1066341105744879 0.11564939288584636 0.03839417489865452 0.019972611596979592 0.00473267473128854 0.04861687107902977 0.08162710138147664 0.0704775029763278
81 0.006232949618252032 0.05483598806882901 0.051172775358785234 0.07073028181820326 0.08126307244762351 0.013609758665562802 0.009380455042152014 0.07025755973830765 0.04371963365466448 0.05880949836876842 0.056552102897409376 0.05782692235981701 0.08280657392574643 0.005174092380119131 0.022960717832078415 0.03171519549611878 0.08190947351692268 0.08746584007429485 0.06799364075152663 0.04558346798481832
82 0.050356878433741016 0.03460445500415262 0.004363351231784972 0.0009251789421421058 0.09433672855967828 0.06768299388700226 0.09237914353090633 0.0474710466738841 0.0054419671010202415 0.0643356279989422 0.10067133591379139 0.02050835762236053 0.019499633430386056 0.08656138048988904 0.02190775351149358 0.015359520616644123 0.10575045016932853 0.021618130507026816 0.04875755022142434 0.0974685161544014
83 0.13321229067243853 0.01987034141223127 0.06234999530543456 0.01958144666226008 0.0074051089449015525 0.02739667601621922 0.046227958454902636 0.12744713792414927 0.04990672970000226 0.045211666315339336 0.037517709305654824 0.027524089607800308 0.03813868952088039 0.04844629752795762 0.11866812003451607 0.048768995564157896 0.03669451176707982 0.023507631905120212 0.05040802956548087 0.03171657379347325
84 0.07569464664856698 0.06309171815578658 0.022775289862308524 0.023844438885407777 0.05979210645130379 0.06291443420536469 0.004999511526306236 0.07977974678591966 0.04128849547435996 0.005870432157582263 0.04622974548205304 0.07498434454179492 0.07728778419318548 0.06202011589258434 0.07321260259839918 0.04721772638953355 0.015653999499849476 0.05642946822711951 0.03039083018917544 0.07652256283339845
85 0.04272508464163247 0.03404952627021577 0.07953280449666221 0.03409664316641637 0.06689585039005189 0.029109123335940217 0.010323631466191798 0.028912856421642777 0.07956067555276047 0.0710849062976348 0.08253923549311476 0.07435722729915656 0.0009115028502878618 0.053513122973148114 0.07275306216550669 0.012317925467581094 0.06494534971068604 0.06501543256053609 0.047121985762889625 0.05023405367794436
86 0.019454486291651592 0.05182188233018725 0.07410733247835367 0.02803167534511684 0.009125829355594655 0.07144804424704104 0.039143103520638385 0.03459361467876658 0.042310674321622214 0.08995446673534811 0.021518741690986287 0.06047888801695969 0.05244188455729941 0.07190335372053092 0.07286128409684604 0.011207575673903252 0.10834690596598757 0.02149256660877549 0.07278593395986542 0.046971756404525715
87 0.010550760132436079 0.08214011563723342 0.04304213400707763 0.0172101842948917 0.026653897424581414 0.022023171069043817 0.01637098581628849 0.08431847530492306 0.07136592444053542 0.06502094348092717 0.03749912638413512 0.0825394269306067 0.04941125203952791 0.07811039893998335 0.029450794655757034 0.057836870198653856 0.06677045221138389 0.049420601620790275 0.0807211116907057 0.02954337372051804
88 0.043899217593992824 0.07889173939087013 0.01536860184509958 0.02259531733850857 0.018928293598391283 0.09046805556291578 0.057382145749900186 0.07657458675106481 0.019238598119851832 0.09099192931651055 0.06747346969032232 0.0762744029139579 0.01940131560101626 0.04540203488978108 0.04057794998725795 0.021162421033489236 0.05221182456593254 0.0439533724822067 0.06846930052926674 0.05073542303966382
89 0.031015844421424143 0.07374279115449084 0.0710307120460431 0.07287977391640209 0.033243037663053136 0.032861424225309396 0.05511502150837764 0.08943304745865178 0.013061743530661075 0.004470326115287174 0.038494755005778904 0.0023402685721885044 0.09987388411239748 0.04632007038107873 0.04858152074792482 0.0671908502813133 0.07829703283191408 0.05339187139735254 0.05771344341864528 0.030942581211705837
90 0.04748418665332587 0.03391856266633111 0.07095716718214413 0.0743735475852773 0.08749978894855302 0.0024258937298442464 0.0011559157356458144 0.08871760440769288 0.04384981076546874 0.039354151891733274 0.06635197136501696 0.052111352747180865 0.06640689908901848 0.09854161690860529 0.015194338829897833 0.032877225656193845 0.011378339987694263 0.03436639890122102 0.029966526800969263 0.10306870014818574
91 0.04264649561291736 0.06710743478073793 0.06407715817378633 0.05174627845462501 0.016483095609780337 0.05828739779019885 0.006785330220304759 0.07286094092410149 0.029858865539113606 0.06853824530638718 0.05648038790378389 0.06341709725977991 0.05516696346135719 0.03686212712928554 0.06080665359199801 0.0031383700888005864 0.06484541080073619 0.070908399214959 0.03845507087801235 0.07152827725933454
92 0.011524326110628699 0.0824764354452497 0.06068017191809903 0.05680228355026155 0.005177391529576036 0.025703551784787365 0.021775016187420965 0.0013394011760834907 0.08210681967605324 0.002220345349877692 0.1104616150030516 0.05673016164028825 0.11122956001124293 0.02035687668854246 0.01612852700781268 0.0991686511935403 0.08294675637258594 0.07823445788411443 0.03225313916420489 0.04268451230657868
93 0.048736076548951915 0.05820696368728468 0.07056279158363324 0.000517386122824642 0.0252464472188236 0.06730409693922727 0.02816964780083024 0.055435937570929926 0.059782138501980414 0.05447913400076616 0.03418825663362165 0.03552656818463754 0.03517153449300586 0.053009782442543577 0.07289629214539045 0.06765937012230717 0.0705959785545249 0.037669309257950465 0.08396002928980856 0.040882258900957875
94 0.014023650336349518 0.02669471065277507 0.018982392498955093 0.07407383488399 0.1022218222198678 0.04500821118560581 0.057013593711388304 0.07421414069876471 0.07538442666730436 0.00835516081864561 0.028283273365899118 0.03318952888086317 0.07455622687810072 0.028557977635799977 0.09361168270374644 0.07943508853975599 0.001308571487018273 0.0629257645851867 0.08218524022302245 0.019974702026961045
95 0.06741722144033879 0.037001448869062245 0.027105314004542125 0.092958224426144 0.07262181033676379 0.09242255645884402 0.010048003214199895 0.005754687763218078 0.09723595917184082 0.027096648257619323 0.07351557799929359 0.0034389700094557287 0.049679219491924206 0.06025753002057808 0.06942019904893533 0.007691349609177053 0.01631128985361681 0.03240990271776307 0.06620736073920452 0.09140672656747863
96 0.045287108861806195 0.052088166039797365 0.0625452117206419 0.032894137859101655 0.051586622661621354 0.07256378086627263 0.02224386729272367 0.05977863579134066 0.031148471040516098 0.05149461122254723 0.04453603656181366 0.03178604197376132 0.050922701591793185 0.06544689946119155 0.07125038511488939 0.05277120819745237 0.041360300954497504 0.03488053423101773 0.052245949455556565 0.07316932910165805
