0 0.036881452958045485 0.04173430254981067 0.07080256499054095 0.05591164620817087 0.0020460866680574266 0.07076795532553472 0.08417854465902358 0.0700840899653033 0.046287494975662036 0.028518996373444273 0.013072378023899532 0.059740776010093165 0.05182100024000598 0.06437692020875019 0.03708697327070517 0.02810566542614091 0.07278173141190189 0.07488821027513264 0.017857392659578638 0.07305581780019867
1 0.06489959549062876 0.027302256753904252 0.0853330072918036 0.05918739494173676 0.013551857653479337 0.043321813671722546 0.037103983923806816 0.05659891497943854 0.07543949086914702 0.06598287550928444 0.07630304850447449 0.07515568213717233 0.04214233830921484 0.036493294153792634 0.021539441673382353 0.04554897776578266 0.0019814576393133785 0.028673560367317615 0.06678695771848701 0.07665405064611032
2 0.08520669448566084 0.015764346081297557 0.08767600992288263 0.030737647616931565 0.029058555688026476 0.05070545795137619 0.0764138307235737 0.00852233057219207 0.04815260132378848 0.07373750528684085 0.05488974648616502 0.08160498245351441 0.020881909336011254 0.046679411875704825 0.009065488397966441 0.0744741480568782 0.0750682174953727 0.02322328621188083 0.08598493080462838 0.022152899229307698
3 0.0704299172376156 0.009023543095100048 0.0961014616094691 0.10135017150030148 0.01951807471745567 0.02629853062727765 0.0849187183299487 0.08920654721800782 0.060525418548740884 0.0791536870121826 0.053239148465619855 0.001070276691423479 0.08189298601127867 0.07076156503246922 0.0073686153718673765 0.04751996545412076 0.003422193683179198 0.0032750465483412502 0.02718486301180902 0.06773926983379162
4 0.07454955405628756 0.040790673717575714 0.06146445771088941 0.07793272694366586 0.04536760047093788 0.03796781765446004 0.07438906512766805 0.07338081256672435 0.019690089660483207 0.07301166782569989 0.0633437804254096 0.020650473024551138 0.016281318232219906 0.07777520339693277 0.02395005487944908 0.07878379606691435 0.05026199376712092 0.03254099712190239 0.029162701802154228 0.028705215548953708
5 0.09795143804554957 0.06035048131001292 0.015014694353892683 0.002224659454643943 0.04172330634938614 0.03297242098615337 0.06332999184486952 0.031221932534645593 0.021812471968459285 0.020780866124300735 0.044918875820872936 0.07081781244911386 0.085343691034069 0.05555964699306615 0.07964215090468289 0.03555783586698212 0.038797587338493054 0.10206145130219672 0.025507051430978686 0.07441163388763102
6 0.08744153928801039 0.08911297769171715 0.004784792853330902 0.09333220607708571 0.036848466440760015 0.01602141025734352 0.011745033941264953 0.003334007468859128 0.024591621037961846 0.085185760474693 0.08946695157394526 0.0578843872388598 0.05354225922932755 0.012478787987708004 0.023238720600810836 0.030869334735310318 0.08914812024078636 0.07067465766818193 0.039952600708572615 0.08034636448547086
7 0.024989708421853645 0.03688073445883064 0.07199958055818476 0.07045499876353693 0.04318762766220199 0.08664860190022117 0.05517276527846174 0.059422837356413793 0.08500955708293144 0.04031460135765901 0.00744065876069337 0.08417407590286269 0.06178858617955303 0.027082957433789193 0.051874011896004275 0.08320505630424468 0.03315892431949902 0.00484534077085856 0.06675071399274854 0.0055986615994514325
8 0.014625019984275458 0.0626261129680976 0.04611479116358851 0.010744831225470857 0.06436257603478213 0.08230818321155736 0.014283392851962354 0.020416289407285706 0.044625797853531705 0.0810617580092009 0.08393790132041908 0.05152317186345718 0.07951170890026991 0.02388854098291153 0.084103013974272 0.002812451992386791 0.02229604217394589 0.07017193914677437 0.08193139429474991 0.05865508264106072
9 0.09239558022273556 0.025661517688737697 0.08333513049078982 0.03724810948572912 0.061511427549286526 0.09777236498855824 0.039198631968263786 0.054882078789202995 0.07408463936144806 0.08275332088979918 0.047312515715379845 0.017114066985635508 0.020166562157409123 0.03753719261238901 0.04728331760673678 0.037018463300853906 0.029948273589338516 0.0012372467001824103 0.03369008770003685 0.07984947219748718
10 0.047845750745352654 0.08553405508719901 0.00817753871697451 0.04633311916040169 0.033129299031635355 0.10917023708224302 0.04578222914714287 0.029111064723853344 0.016309646605310698 0.08556591033002255 0.07101240973246896 0.10077362554872692 0.011803038090641276 0.008461626354987156 0.10793578095851894 0.02667303150148861 0.051261597366406716 0.06318611892353791 0.04414925321484464 0.007784667678243282
11 0.09069065085729944 0.04832055443623513 0.012672402234462095 0.04990467149073168 0.02143506009999125 0.04172468585713649 0.05633765599304384 0.03550623698109848 0.04795219378333433 0.04742256746195983 0.07629672760303158 0.012522899255529157 0.03788571422446229 0.10797086991257861 0.0805829862539131 0.04736084572156328 0.0070041243023209335 0.10465026410874348 0.05947984540514546 0.014279044017419524
12 0.0842583462075995 0.04471805129869715 0.021011789650173657 0.08601183574244926 0.033629299672573235 0.02083752761927069 0.004872823017401943 0.0487764569523738 0.08366932637864155 0.020144691287056146 0.064774496161899 0.08179062799778282 0.07407928226293437 0.003671119449662558 0.08731459056896168 0.05089857596452596 0.037938670687462255 0.07597618013885878 0.02926346852666409 0.046362840415011576
13 0.08395729915354491 0.033284374590892396 0.07450377166224363 0.02034212107709628 0.004229786790888154 0.008170894200302968 0.0641786463645911 0.050290417856973184 0.08170853381482458 0.09203673447837421 0.018363049420524497 0.013770836676364213 0.0698990962086136 0.07750442362573148 0.06185766109890351 0.019469801956636664 0.07722402380620934 0.06026864542783753 0.056149166752363255 0.0327907150370846
14 0.08085693861427577 0.0009659165852545456 0.03801544168451324 0.028626444643581547 0.023602525290196182 0.05014436909104541 0.039954306074159285 0.06356919042400819 0.054534950724612695 0.0583341043695922 0.06329244046951389 0.052652374865982454 0.027417662491120678 0.0038266189321538263 0.0932197274930868 0.08970194472174814 0.03630817397341056 0.08187889758059795 0.10212914376596018 0.010968828205186335
15 0.013418311349631363 0.09945761101249485 0.11176485768358144 0.0052217874048687595 0.008635736595793128 0.04813103040901741 0.04788277036904082 0.04442057226144598 0.005808547926738663 0.04529629458854225 0.08184871362044309 0.08627623283015652 0.0392684315702974 0.06852408012212377 0.025446159211003332 0.07295756070859928 0.03622676021256781 0.0891207094805241 0.06854715194335155 0.001746680699778537
16 0.04821837908810253 0.016607791429659527 0.06869850729593602 0.034242376229472855 0.09824654119028599 0.05295610733906392 0.06832033660519497 0.07846712196174908 0.0894097349266442 0.08087463185154285 0.016092524948294915 0.013770700262839941 0.04974772520098926 0.014335822247166057 0.08832152631524537 0.0627388162572558 0.08478782644700529 0.01921354118849545 0.0038480131302792565 0.011101976084776788
17 0.033037719464214445 0.021816778956831494 0.11761201584972396 0.05226848964218673 0.033404547627523214 0.0039000764419868995 0.11828272470687844 0.08184146767585947 0.06851211775176372 0.10303991318954146 0.09419666396710964 0.02170436161135443 0.0054874512073858905 0.02671326358530622 0.03580990597026421 0.007652262637648901 0.11655819615632877 0.020638643679388002 0.023955413454512797 0.013567986424191205
18 0.06521808262866892 0.06847366375527433 0.04588029999899192 0.011269257988160131 0.06333804353026275 0.09473199489439939 0.035047805360085414 0.024192970552172247 0.02373950185436649 0.08694209525581606 0.04282151796398516 0.05002401138829843 0.007880889929234327 0.048159875373167266 0.08843743931026588 0.041951507390301235 0.08397706522451301 0.07281958878408064 0.0035302545116059217 0.04156413430635046
19 0.11004513433240577 0.03760859314649217 0.10277039070499014 0.016070767301849375 0.001389420617414921 0.0455176511184763 0.08492903479231546 0.008138507355052815 0.0743941751816262 0.0006652784309375369 0.045409379093986894 0.06772741638324524 0.0821808886197683 0.08583930675378183 0.10956366495439337 0.03856673416025104 0.00013706173011484706 0.02153042705391124 0.0205982069969566 0.04691796127203012
20 0.035618714383218945 0.08614268675129741 0.03406566408257193 0.07093141967259371 0.00405295093757736 0.016674961881669757 0.06891442761073058 0.006894064468590159 0.06073159473822946 0.04563331220154176 0.0579548411513209 0.08746786237700414 0.01993663426800664 0.018695648856571823 0.11139504822597951 0.010479152864450073 0.06359668200511755 0.11563492387131609 0.03305300565953642 0.05212640399267584
21 0.0801475703800845 0.07693419741118233 0.013624507463761053 0.08016473081996606 0.0822899943017625 0.010234634827427693 0.10712064422903655 0.01518712699042023 0.05062043907881235 0.04014477966218063 0.026958755238116385 0.014073080781533864 0.062380648364723956 0.0014560735702469907 0.0989136259489173 0.0009783914828873357 0.0888910725475009 0.07895792375115587 0.02441870665599908 0.046503096494284295
22 0.020906001632086658 0.05225075300978329 0.06294585580647356 0.015915421558045165 0.02880680228812528 0.07205019255975403 0.08702747265054966 0.08865067346048609 0.027257534428055046 0.021481829290588738 0.007016316374871153 0.06373557994448487 0.04346653443265195 0.10577344140535146 0.10188192166219963 0.03412706192046475 0.01629888635969236 0.04318821422243584 0.03138933094971526 0.07583017604418518
23 0.050159742090521826 0.07532408582600916 0.08042887369187661 0.008574398151442798 0.060961782150966204 0.055997827601539055 0.08420484477390427 0.011857252784034595 0.08379071026386008 0.008224627951611276 0.001512583699891912 0.06034042021216826 0.008382039884434651 0.05713690010780045 0.04122265117676401 0.04399584209633638 0.054079596983128 0.08072356963061166 0.05172017544751698 0.0813620754755819
24 0.05779361578101872 0.10276331739888393 0.046943024254784214 0.055423276644707704 0.07384922455392592 0.05018309695949113 0.08722811356954283 0.05881421208800553 0.02327433062971885 0.022581708034180272 0.009151378261230712 0.015949227760447274 0.029226820932948937 0.08658642600570293 0.014421962130905762 0.0551256645431579 0.054441806292814345 0.05209011553437693 0.1009471957359828 0.003205482888173278
25 0.03522279801283425 0.07924072494359434 0.08801824421598574 0.10410750987310383 0.006611695676294585 0.04561624654680306 0.08029959645815196 0.010213479148162433 0.0939476486751803 0.03112388465015098 0.02864039478619547 0.0628208182616182 0.04207755686484658 0.01234475800759272 0.022832550537091226 0.051935428188876316 0.03262917268548221 0.04448986174136374 0.02490333360845403 0.10292429711821795
26 0.05923409009499194 0.01615659963281352 0.0055008221276366355 0.07320529705514638 0.043402666560693956 0.0837773353285459 0.08926857004205935 0.06767497063177233 0.05331692822015838 0.03155246446537647 0.09165051314427416 0.046759435446888396 0.002906235202048253 0.07447143461835652 0.032415232451225434 0.012664019153734241 0.03128726526795852 0.013679788748460804 0.08503697947300433 0.08603935233485456
27 0.0015104416791318486 0.0196746984316165 0.11016495164843995 0.04283510902195441 0.08133416102609278 0.041355534447587106 0.07531460105559527 0.09130450404285673 0.0012218138312244434 0.07767656181467862 0.05290952076365657 0.06414231155888482 0.031961098518372914 0.0455181700922783 0.022251794203653155 0.08305844168697249 0.06553031800682868 0.012120371578216532 0.040955979024742496 0.03915961756721631
28 0.08403961111035209 0.004391836930186994 0.00317635590817003 0.05199525587108537 0.064580820756957 0.05971116799774879 0.03431882418933665 0.04929965221001896 0.048467109101777935 0.07607648044751276 0.07856758984085514 0.049171967293181955 0.01803024286058712 0.03160122503793365 0.01647921664794187 0.051658228619517466 0.08770435121639537 0.06681405394020004 0.0907461607663254 0.03316984925391544
29 0.0879610126328078 0.09302974761044984 0.01845290381053677 0.005024278911317127 0.09026562530761646 0.08480447851021322 0.0585395143189658 0.08824705229604506 0.03514424855142936 0.018985506641520267 0.020172670818039393 0.029135768772584395 0.043180838887616514 0.0034177952575020327 0.07324980698012913 0.035949213051632914 0.09504251387768832 0.06384745614717281 0.03737888515437221 0.018170682462360473
30 0.08014353475654708 0.021860778318960244 0.03591272180779121 0.03967712630266168 0.03730366213880254 0.06983899381813322 0.003872392070589917 0.09152651581532963 0.048716303642947226 0.0007405483581944887 0.03248695120525311 0.06534425547255987 0.061203487316702936 0.09094794485859409 0.07718647025832022 0.058238785464437476 0.013815850353711278 0.03569663177153187 0.08182867369053272 0.05365837257839934
31 0.08833652264562365 0.06949651192353277 0.07959924481827603 0.09352809915903364 0.03920484483675852 0.012542495485400646 0.031891209421743845 0.0734205373210438 0.02186638653070886 0.07923544522650115 0.04940829026071006 0.03176502183752706 0.0001681926750237693 0.08125619687134822 0.046022069728020025 0.019371252244400696 0.036837996284631434 0.03584423617970328 0.07754031903323268 0.03266512751677964
32 0.03845602456606329 0.04015553766589733 0.0669965267478506 0.02291510042792227 0.010810858163056691 0.05182238393180019 0.06049257815087759 0.07511074320409464 0.08621285885622929 0.049136910165593906 0.049905511543041986 0.06563481562943253 0.04825332361929541 0.08227811860726392 0.055151398150072015 0.07050941763003678 0.010100440272666593 0.06088636415366735 0.00670998356407895 0.0484611049510588
33 0.08988554149785322 0.0563322098926633 0.03012668312749371 0.012283942507635677 0.005958064552003866 0.07475891438050537 0.07014803499092524 0.057569897625571825 0.0005777540903046546 0.04304634779615215 0.02775877217345455 0.09594084591690437 0.03224509763872033 0.03069937783293833 0.0679634901536862 0.022598358792491065 0.09671649045020009 0.09624590823301281 0.045196456870801316 0.04394781147668186
34 0.006027376877073848 0.05450610293083719 0.08712711729765543 0.09399979573699507 0.08283800126213141 0.003998900317866064 0.10546575694268673 0.004140565363749403 0.0320423195385844 0.06651415032226178 0.07239631292599548 0.08281137369442658 0.10566220556656224 0.01512117751033758 0.05267074584968279 0.00041208097679264655 0.0552495337218927 0.034611656394394924 0.029025974216176066 0.015378852553897792
35 0.025268055067553846 0.09372262654289082 0.014909680666820488 0.08870713111103852 0.06781537922892218 0.09016032596827309 0.008392480411284785 0.0684966280872157 0.03421422742698785 0.0794478540240818 0.0024169866802694093 0.03410886979871717 0.02061247040505257 0.06994755179119545 0.0587354220544537 0.0954426943072273 0.05562015498916207 0.040764730758302455 0.026709332247542936 0.024507398433007796
36 0.06621185911354631 0.0683437018537579 0.04048561677375927 0.0875930116647965 0.027640265999083476 0.00362278162760465 0.07497708681857566 0.03797626072564305 0.003786233292749333 0.0070551832744054485 0.09984600630538432 0.08671475207748978 0.009809883099471877 0.09704043781559252 0.0990459879907835 0.011064976562426174 0.05722238045853702 0.07646294957057247 0.031112309314446272 0.013988315661374496
37 0.08461828368667072 0.055248930798217924 0.05476967751849956 0.0019022284235703081 0.03689407046426746 0.08796032660778116 0.058320439179941945 0.06806224858187297 0.06572121613355363 0.03700619005410656 0.08701866480211648 0.04904587635822291 0.0435934279029525 0.0019972572663322203 0.04381260140541754 0.04763785974655307 0.07661141270954566 0.017587621851345006 0.05394015758742049 0.028251508921612035
38 0.018330253556296684 0.025148099595306405 0.07591202473773656 0.08738677160175222 0.019259335760099305 0.07212586067141327 0.0504824388549573 0.029320712356052412 0.08878051402744497 0.06680400046681653 0.03740082222776691 0.09233623745228751 0.05224441233885843 0.07601397133898095 0.027309025423234334 0.0584196943425359 0.06465598301065002 0.017574993799547856 0.024584444454250207 0.015910403984012274
39 0.03824209367541085 0.05259048108419804 0.003045602611763406 0.006850107112030609 0.10200560642108275 0.014082889827767524 0.08096316962643875 0.08801549505386065 0.014675977695884197 0.07462842707807481 0.036015036965762595 0.110254981569664 0.017262689821227348 0.051173946221783236 0.11476889950474115 0.04965088563978789 0.0029272040817462084 0.06104623089115193 0.02405909567634314 0.05774117944128071
40 0.02167473072658018 0.022443287108855008 0.02075331041330263 0.11384321110120874 0.017199223808504353 0.07608610625878401 0.024243488581941794 0.005404198780306545 0.034602068319446094 0.005949648134422688 0.07799328204518462 0.0633225363677743 0.03855496849924516 0.07043036418097062 0.068711157924783 0.04344605044852161 0.08687168953891461 0.05045113420283557 0.08472072459434248 0.07329881896407604
41 0.07428166141853355 0.05705238352274154 0.012130221190188696 0.0825151630461473 0.005373582711608855 0.031530914340226035 0.02019714370834864 0.04504953171756388 0.037592625373734624 0.08345582539884056 0.019289939457929756 0.06651986455202684 0.08427629679658359 0.08361165174198255 0.05020404705811672 0.022353421472575196 0.07183656513589076 0.0714782244754975 0.044165248960354515 0.03708568792110894
42 0.06724243316408675 0.03696193965823711 0.0396467424301204 0.04326651736562218 0.09642311763263917 0.032755104940688 0.09049833335269475 0.060400744200360186 0.04251151619604419 0.01720391238545695 0.06339444343389752 0.09350822218411528 0.053412320380147565 0.02546337325778896 0.014492824243093075 0.0730983353897227 0.015013106693324224 0.03249910284726786 0.035416146522961545 0.06679176372173146
43 0.006237183244322374 0.06774811948732155 0.02773310976087203 0.07991484328951176 0.03619257300539127 0.0011551881143278516 0.047577688233264304 0.07520749914170935 0.0840918691089502 0.0883786400943119 0.008905927467988317 0.02742349537583001 0.08264381858654166 0.08651610727513603 0.08034494951440886 0.02648497591719728 0.01731710837875911 0.028594542199515814 0.06215327751856646 0.06537908428607381
44 0.029712946710998944 0.07850692290257462 0.04523172740627935 0.07052474837325352 0.03974377353259707 0.02161419048049364 0.07142063026685691 0.02948556846067553 0.02161352781177134 0.05409937471168697 0.023713247293468475 0.07501687391626474 0.005436023996636991 0.025928654636454686 0.0898413472814819 0.07851620199196138 0.06410593389435845 0.046672375579248464 0.07830073834618503 0.05051519240675213
45 0.10706361195215769 0.055446556813160255 0.021899896846172925 0.0005731522234583487 0.042769821209705884 0.10498938301195512 0.07625005163802165 0.01915160777101921 0.08395583803906102 0.05289687263210361 0.00010994446521665101 0.05465185854607408 0.03911477144611282 0.011409680273276001 0.026740281838629965 0.08387533255987459 0.014951618978318615 0.0716810562568652 0.06075262841788981 0.07171603508092675
46 0.06860843503897959 0.059708671463920726 0.09699317759930735 0.054692019744780725 0.03472722930360271 0.037986495837624305 0.06504287237697848 0.028634769896309503 0.04003626562227428 0.029677392839311825 0.0029492501778905587 0.06999452001825462 0.07300770324293333 0.07861104851032051 0.018574409532021996 0.0013130407165145796 0.09642973352631784 0.05194785683099507 0.028160036291355304 0.06290507143030653
47 0.03003506884915592 0.03716282812867695 0.0688527199955172 0.0792884039261832 0.05726192414091171 0.0020799818577496277 0.01879090349912998 0.0765817384154676 0.012411680837116877 0.07915257541366862 0.07024696682654853 0.08191561127058483 0.06179313950563378 0.03583028304138999 0.08023038253988138 0.056485184099493504 0.07586877293457796 0.03424445098282957 0.009402255518317769 0.03236512821716499
48 0.02150567508660558 0.01739575939039497 0.022785543792911162 0.02034090129118832 0.08316026614279622 0.0019263356720823415 0.08951262798192204 0.04060850122668208 0.048846491754241335 0.07547640878933937 0.038658584695727735 0.035541594954741663 0.08420946018818953 0.06776498791807999 0.003481878494889255 0.05735250606144622 0.0926466350561976 0.08017796570424741 0.07877484999342989 0.039833025804887214
49 0.09339871372840067 0.09710424816983118 0.0289942719757324 0.10197352123847073 0.007259234296380915 0.026293501529490466 0.015872713126673044 0.0034417205634083067 0.052265103592081134 0.10061500970141035 0.014371810505578014 0.0010835767585138669 0.0920656387812557 0.026456031210158586 0.05121113885800261 0.07480663217768513 0.06704763367553503 0.0823324642260642 0.01119592553152583 0.05221111035380183
50 0.057709153861232945 0.07572944562327415 0.0017430781205672696 0.08667370068067916 0.08090813114400529 0.08912256499780093 0.03252783117466599 0.05995387770883475 0.05788327724564888 0.10263488336130157 0.00868881099106425 0.10310688591804776 0.007900807907012745 0.023071411602112818 0.097442290463487 0.015486628404516985 0.0280406751197694 0.03265628256083399 0.002895081307863148 0.0358251818072809
51 0.014732198340514783 0.07766651387443364 0.08437827681288053 0.03513068840603776 0.04582112530530067 0.05623975661367209 0.008453773992951653 0.10388698985056442 0.03021468844283186 0.075426981370652 0.06259517259253812 0.08803869307529864 0.004304586258823249 0.011855784571446776 0.09830298378063841 0.016682199991532125 0.011574747625960405 0.07442134432464817 0.06181030982810715 0.0384631849411675
52 0.06510080965520716 0.03964665843944534 0.07937045519063084 0.06102476923570991 0.01122828104219655 0.07727081872902963 0.033785017296535096 0.042747102055177226 0.07922186619783565 0.0383846464171026 0.05553038424960002 0.0614722952644291 0.0496256302839727 0.05138900416058442 0.01170933075245974 0.026588269384656867 0.04559709623453892 0.059129065774771686 0.05625665001481741 0.054921849621299194
53 0.07488985126220524 0.068144674704604 0.08738392243109529 0.0017217901887384476 0.06758339365893656 0.007861027716723364 0.03429668391079755 0.09023644533159052 0.03548294787273152 0.08128643548148225 0.033500908621805596 0.04848420526176385 0.0470182315455293 0.014291946440009445 0.06994998961560235 0.06679323401356727 0.00443239063412455 0.0031822687469379063 0.11133567011180263 0.05212398244995221
54 0.05202680231030018 0.07150472317676214 0.0998827298460339 0.0949963927631021 0.05411293259451353 0.05320267657056917 0.018510318517772132 0.008582560630335415 0.10100417290954664 0.06910392908397275 0.0238401032604488 0.023428276545972102 0.05376780025392446 0.014588723636243818 0.060179231840012615 0.020921808847786053 0.07011935182133469 0.003162403386414888 0.052802799564545644 0.054262262440408736
55 0.069379724115754 0.03703311213386837 0.0569131005449334 0.005836009051520067 0.025582321877030623 0.00015956640324367644 0.07412901837495078 0.03625986114669804 0.09215979111504037 0.06684844803046566 0.05112054114798854 0.06634629831179478 0.030201597681591107 0.012338795823034321 0.0813513941753203 0.0798618158508851 0.04197897433674928 0.04991860424691011 0.08322890327423439 0.039352122357987185
56 0.009141781384546514 0.0018478815150483753 0.06736553507780738 0.06215612278059174 0.09155192828669374 0.06194088407389973 0.03217830259896207 0.1179842693686532 0.0006765309981051619 0.041287345091212145 0.013110352244012457 0.003644633994385353 0.08001703862125241 0.10771944254946623 0.004965395881203944 0.07854966941628434 0.030260572203919932 0.06079956097303083 0.021218013426159213 0.11358473951476505
57 0.02111731406110202 0.0380581617580392 0.01479870386119596 0.06182675352237851 0.06983927218870888 0.080054516592895 0.044365278999090804 0.09122600495692063 0.04984800466344009 0.04863525482678633 0.0349076143156764 0.05833596638083714 0.0473948726282229 0.05112578911637309 0.020721495282839494 0.06795917218246153 0.039805433141337776 0.05381712401253662 0.08765736393050111 0.018505903578656467
58 0.05583873892569238 0.075904563174574 0.016563955890428337 0.053668694062635705 0.007134136607584886 0.02134719158390816 0.006193743467759163 0.07615957988713432 0.01811853920369065 0.04938090302086301 0.06838143102648879 0.08919991580565474 0.03918283029513237 0.07804332812986717 0.06388870653265989 0.055822174999170464 0.09932164156953965 0.06986123296056333 0.025298168310883034 0.030690524545769867
59 0.029179765100089152 0.010912509143591697 0.015235739401234403 0.07859701501852201 0.011551755466553243 0.009893970634172067 0.061081748331216754 0.052510609552267114 0.014826935275268746 0.08457028459843728 0.09136428335613803 0.11416452634067727 0.07309892672821387 0.016324547901957115 0.06369594805277455 0.01810344477145805 0.09268541451964446 0.04398266198750879 0.029109272918067725 0.08911064090220773
60 0.05111755205867584 0.004083467377328161 0.03230977947630634 0.04992727191500556 0.04532204886416668 0.006959809270900713 0.004356793115268916 0.06639045048268004 0.06552302143172958 0.002555577769592277 0.06250451691764031 0.015590244318461505 0.045963560161216735 0.0983097626499541 0.07777827915517857 0.10588069942297086 0.05480646851713272 0.06058961928434359 0.0370376441998468 0.11299343361160079
61 0.07027814191986341 0.0797007614752604 0.08291514974098829 0.01525205816888949 0.03217932306678633 0.050608162650352166 0.06528227501440963 0.014397462575281001 0.08971924971481106 0.07454676063312289 0.034262439219210995 0.06686305629221266 0.09296359666429353 0.04970350113707541 0.03886846153100938 0.01822822276856461 0.037012268109473175 0.013478387956635389 0.031123884409627874 0.04261683695213254
62 0.001739921246529013 0.059659017618788036 0.09158738099071936 0.0006132193944727699 0.016846189969320382 0.02517318196448977 0.08473276698905712 0.007496767910105941 0.03285606903203005 0.07875207575147056 0.03665163652951785 0.08923626909603409 0.09262890926507909 0.07338808286588148 0.0349412602574617 0.03543199392482344 0.03883609813429708 0.04420428414276933 0.10072557577434633 0.05449929914280654
63 0.06495228061004295 0.055505238792533704 0.08774697995133499 0.097084413546054 0.08525549589856055 0.013279136312187509 0.014468758926728552 0.07357635642109686 0.062498648187021506 0.0071580261261057895 0.04267933906541987 0.055470559813717395 0.07842678152353619 0.028747767032881445 0.015210042195238934 0.057536964326445186 0.03992299309961719 0.09326532510561573 0.005604294853950568 0.021610598211911046
64 0.024291123444238377 0.0755327447929766 0.08558629379237372 0.07255557458319609 0.01219687684501981 0.04794119713833726 0.07704505307764975 0.07168245874754084 0.06463894018487326 0.06996709929114318 0.008534321683243522 0.002082947761173998 0.04583814432331637 0.020649771988270334 0.04685557977152336 0.040817355008909484 0.05528088405787641 0.08411956919110851 0.03554400215743362 0.05884006215979554
65 0.07312592868447866 0.05579842619457337 0.010626946581830882 0.09424386382511903 0.082868035911832 0.0019794468512972277 0.014664151663954362 0.0905730279147682 0.07052486430554757 0.061314743343151096 0.011010064405895985 0.042753399384616995 0.04924040988645415 0.03818082325255774 0.061649332358756845 0.05672464025147635 0.039517431086356865 0.08127506601905983 0.04984717829616009 0.01408221978211283
66 0.008574469583952415 0.02369979791393967 0.03324511439796342 0.05815661085863913 0.007934662332916632 0.037081909393992835 0.07805031442859377 0.09903229606454507 0.10069058150359558 0.0018489177323558535 0.09241743912587926 0.025698684289825028 0.0916027657027109 0.008593533204832698 0.03350341876074293 0.05147497118469923 0.08478328571380649 0.04819903772406314 0.08631125277006539 0.029100937312880458
67 0.07245212445235219 0.03608145866806875 0.002477252854031392 0.03716224768327634 0.08121636997855071 0.04135737146461219 0.0613220254064017 0.0736706424087616 0.04079248515974453 0.038220703470146715 0.04490990622618643 0.09631346704148491 0.08169754028489586 0.015509845877770533 0.07923297627025112 0.0984337635257418 0.05083758820234983 0.012505107667918207 0.012007445901067504 0.023799677456387742
68 0.05191443290361399 0.04278435552571785 0.08518926344207987 0.04694916986573832 0.06068656156794924 0.027094939026577 0.08119394643538626 0.04285813825646982 0.06767863767018974 0.08033693860669876 0.07609357176646468 0.0045288902874642736 0.030119794381007273 0.08334274376669559 0.058327089007082535 0.01617533571797241 0.027414308316054306 0.011201075247214481 0.04565656435465106 0.06045424385497259
69 0.03844599593143765 0.09272107562140176 0.07210363452810739 0.07133212210573997 0.011237465765050353 0.08493023157862639 0.06258304887729498 0.03808607981736392 0.0011916204127139477 0.06868672243493748 0.09433534553639093 0.0906291085904586 0.06082721531176511 0.0422586587088404 0.013649516986102379 0.08277668842392398 0.000870637347977465 0.029600190748420387 0.0062035860015042694 0.037531055271942795
70 0.05626449069655359 0.08185527165444915 0.01476769146064801 0.09445153607065515 0.029674745764361164 0.012633924294436905 0.04195145193140024 0.010595091627964494 0.03261027134561098 0.018425954278851922 0.022100631750144494 0.07197771975170779 0.09163813018793808 0.012424000000023621 0.017151135393552674 0.07022877644348799 0.08642584156337643 0.09757269262180047 0.04567593570038649 0.0915747074626503
71 0.04081221722909593 0.047074213095246245 0.06485255478967977 0.07033247100910785 0.0377588283504616 0.07182111102153341 0.040265619930578936 0.07879584275762268 0.02425673329719282 0.007294982344819989 0.05198288063000186 0.08020614848218294 0.05449985497824655 0.03838352968846872 0.03490469464795755 0.0566033461754131 0.07511343342204745 0.01558647657149515 0.08557164686397335 0.02388341471487399
72 0.06039442753125156 0.08079412690422673 0.06087306021177935 0.0429445799627161 0.07342435398305155 0.07022208848252574 0.046298473494533476 0.007755089130200434 0.0024822834352027355 0.0740449829629827 0.018576755322549553 0.07028287246595415 0.012307581338772834 0.0529942199258988 0.062032006544193816 0.041348074158535274 0.054779074315164974 0.05512194428431715 0.03319773139428832 0.0801262741518547
73 0.016736087014598465 0.049414984398574516 0.009218924871375512 0.10370228580610212 0.028100493338766255 0.005700794200549599 0.09547538516084231 0.016373775313256667 0.10665315160520206 0.04413773419392002 0.04024797372884922 0.06408127622104598 0.06858299759646508 0.08358868043112176 0.026553763440240737 0.006660846666838895 0.1067882289471166 0.05766601764667034 0.006894979705299857 0.06342161971316415
74 0.01495547533605487 0.025789158057930882 0.09181838086169115 0.05487313394846068 0.03097886291678564 0.01621092857657447 0.08593884156502207 0.06863182252845161 0.012611710481299145 0.057316131713499086 0.07487402849647723 0.0012073313454362363 0.08881407266794443 0.08622286464676257 0.0409761846468811 0.014764214123860009 0.03728930245624075 0.061112962651503164 0.06400958354013724 0.07160500943898776
75 0.1009658642676996 0.056889296745270976 0.06481293021027147 0.02766263969609246 0.00021215093749425357 0.11594609569117166 0.013273194213352917 0.006423380122749652 0.05206689561498958 0.014994956475362399 0.005980248111110669 0.12221132398605074 0.006826507583316264 0.11112527949902459 0.021106290702063896 0.00012136380808273175 0.04570428823865484 0.017616625002650214 0.10160220512545297 0.11445846396913825
76 0.07045124116965065 0.04704385766080904 0.07194828881028631 0.026256490487118745 0.05846531202626703 0.09523429066377863 0.028905760306831507 0.02057850184721158 0.018927186622476257 0.06074360949078927 0.015136114319341898 0.06867027389429062 0.033418248511425934 0.02847015201170574 0.07766936221675798 0.06406886091669987 0.10575469442378614 0.014072267061642338 0.08310589065629524 0.011079596902835009
77 0.048666443921375584 0.036991023587194444 0.0512515215477038 0.00612288359157421 0.059145872821286805 0.08692339671953467 0.09527999664301257 0.06423009983464337 0.026572322678798745 0.04778114284596525 0.08070163458099548 0.006651963015051817 0.027826951151927896 0.06388830106670654 0.08503787354487136 0.060107289039135384 0.03297227725803999 0.012983693779715281 0.07029548298211656 0.036569829390350375
78 0.06515025253684428 0.024577381519461608 0.08499627381829646 0.025480596162750106 0.021198844809874048 0.06581507115324697 0.08289045104702847 0.09064419114375968 0.09261963158046485 0.004217420910578055 0.023917537901125125 0.036119121438817396 0.0970910714840081 0.002896963850017059 0.10470755686246182 0.05274838625090208 0.02460140456148446 0.018082512159432653 0.0337145834371684 0.04853074737227839
79 0.08424780729897702 0.06431466909784513 0.04796226726798831 0.09467484229417619 0.003694835422609095 0.05296055144846986 0.012219780901433112 0.01723505582431952 0.08349361420841891 0.05203116436658997 0.06126659678225229 0.06323535260336915 0.0648683440488405 0.09317282603884386 0.004267670917747343 0.047695366544326274 0.027877197108423398 0.043668665597432245 0.0019765192230134297 0.0791368730049241
80 0.08187554080749487 0.07336870579513355 0.05131801854917102 0.08085682518268247 0.067554067247324 0.00937196065349814 0.07164428648272844 0.0818568020692357 0.042427937417581454 0.0324090389344079 0.0064248062093070464 0.03213337259357821 0.060828695110026046 0.07479993441190112 0.004509765981190717 0.02384773952327322 0.08427025572315815 0.0369000793856684 0.038935598889654074 0.044666569032985534
81 0.06348273335863347 0.094511948978272 0.024762244450541506 0.1079794915045879 0.03821955605139769 0.07382813121053886 0.06459182333993428 0.054150547837538164 0.04424901583665558 0.0003679116038316622 0.012132465570304382 0.05297442108312805 0.041440375469989035 0.12153057706193482 0.040094960814561174 0.032505389371106946 0.07351095195195831 0.019343053243717403 0.02652289766945145 0.01380150359191745
82 0.024589126394391148 0.05609308896503162 0.06252263295722775 0.05826051076576442 0.07332501483496498 0.055174491351373124 0.0030381311994460724 0.004987691448720599 0.04814209305960899 0.047203966033176566 0.0677732932263216 0.08851266187040951 0.0108594153008498 0.001110776268298838 0.053722951729841574 0.045707026187080634 0.08441222847026944 0.06546689072777175 0.09804379134883659 0.05105421786061492
83 0.09197097513426981 0.079340036234148 0.012517081640733424 0.0151512427039778 0.06835682928406027 0.030716825835807357 0.02074331646045435 0.029385687575426984 0.008443128473597551 0.0852091745202694 0.005411468444474363 0.0719556577459126 0.07843743674044444 0.0912045132444733 0.03417357448187867 0.060601288440806436 0.03820471752331353 0.0201258073063265 0.10144524460837254 0.05660599360125269
84 0.08562907271427582 0.03356706958493691 0.06492731979745564 0.035742653529993895 0.016545157876445372 0.042208873320409485 0.09579756933310131 0.012499414808365132 0.01316510799377 0.09353988160801656 0.04044116406067302 0.02061678650733169 0.05086126065546395 0.0385210247758296 0.014855321918443397 0.03032758920655231 0.10435628648617688 0.11036658911065599 0.0033111404244552116 0.09272071628764791
85 0.02234449574235474 0.08892825711089115 0.031838314041115735 0.06800061898023162 0.05661949865971337 0.05882639735405717 0.10422281399619426 0.009180529967333335 0.01926287012535664 0.0721640364826915 0.036368231604098626 0.11192802748792223 0.013269644629073445 0.019924764766917843 0.025365727993553848 0.07750950857298218 0.07831576525126555 0.05455812791479474 0.0287892466250016 0.02258312269445049
86 0.08947328650733741 0.012832320108121721 0.07953206942206173 0.05416513814159977 0.027134491571123458 0.0801716748970132 0.011718438970611408 0.058224101456608585 0.029264948147033256 0.11007326756031252 0.09667774951326458 0.07734586832472508 0.026150655715825213 0.06396540819124938 0.006336556989853933 0.0021753364643986614 0.050086463401321085 0.09003429642640369 0.005212774571249243 0.02942515361988627
87 0.06531104442249065 0.027526199792613847 0.056493450825661595 0.041432258888276216 0.06042338396786524 0.03621799286958684 0.06342057421215422 0.05704894402870707 0.07408429922154597 0.06616886005468 0.07897037282697486 0.001483646561253223 0.01601497978390867 0.005336072169516498 0.052097867051352824 0.014598141529538795 0.08390459281248733 0.05032452998569816 0.08008272206498737 0.06906006693070064
88 0.06585063435113962 0.0726500197101211 0.005762451172916296 0.05425818984697653 0.061157299582667454 0.05945182708256868 0.05454950058837751 0.0005486191865005541 0.08930288466478915 0.00393639287990733 0.08046664585699097 0.001925200803057009 0.06669351679799108 0.045193398687947105 0.04651854337136383 0.044853780762122694 0.04503192960017778 0.0970442424772886 0.006902631520828789 0.09790229105626819
89 0.03820249408085752 0.04616078605160331 0.06608303272740845 0.031012104754826946 0.09267944300068559 0.02357200867150201 0.036830512596309165 0.022780207513606508 0.05761762665141081 0.022729310803914167 0.06771215609906459 0.00145217402950491 0.10564137815005864 0.053598989918635265 0.002349929138107874 0.022858908182860436 0.028198364542411727 0.10159634516227792 0.1047718229393564 0.07415240498559786
90 0.023003310970729007 0.06680982986356684 0.04589525600826832 0.06374874752985872 0.010662983806959627 0.037702815364094644 0.0502941180256886 0.03166742486260349 0.09283509136751684 0.024982934931012047 0.055206762072996 0.017473989194321023 0.03247063770136417 0.06533864803983143 0.07369767540363752 0.05065367409230175 0.029110660738397885 0.05999004408113984 0.0914058710346851 0.07704952491102729
91 0.10863091573349405 0.10045235225307546 0.0033027691106597215 0.02135439766855382 0.019225153567458294 0.00567712417279998 0.05460308245223942 0.021986514958960077 0.07367057722775773 0.034936079526441434 0.1089493480480793 0.08484933174292526 0.023194641454592765 0.06037166550826925 0.061922188645104646 0.038533361314994886 0.013233991572922524 0.05619973581750892 0.08501598810189712 0.02389078112226525
92 0.07831913301874349 0.01718377153080253 0.033050234181749426 0.08792709463989426 0.051505281184663805 0.007657050370758218 0.07274074956839588 0.059878489514333076 0.08176809975485495 0.019379795163322944 0.013153201270641929 0.047543395236055754 0.041613892663104515 0.021254292481043262 0.06941902314135409 0.03811532640179999 0.06644000558003645 0.07116614980300791 0.08454115103368878 0.037343863461748845
93 0.06736992386516978 0.05618727905377787 0.03303193730330183 0.05666914562395438 0.03469921916846288 0.019900313630393893 0.05299740079516116 0.09772200509312855 0.09979446316892822 0.10956454729370302 0.014388480775519054 0.07598459892736815 0.02970116698811087 0.05363704740112218 0.06851561732763689 0.080775844493668 0.002341005843986399 0.01920859692421424 0.01996227650875567 0.007549129813636979
94 0.040712594856249076 0.038583366331342225 0.037546710551143093 0.0009219657014987808 0.02087921797137203 0.04973536503331563 0.07788021127884859 0.05622782066823579 0.06174726022910199 0.06267635229978841 0.09350607354207126 0.05982502425470187 0.06073086838164929 0.07763879122672179 0.027193351095340153 0.05122762400749996 0.03289194187415625 0.04089958412126168 0.08745809912757693 0.02171777744812538
95 0.013276234592257513 0.047176254981481806 0.019811331099261482 0.0020986148435045895 0.06508771841882449 0.04017312995907055 0.034858892571756984 0.03617723474810853 0.08642287366299434 0.10206136004796275 0.045496718050607884 0.03574614134025963 0.07160025536211134 0.020536690477307145 0.01824955070616384 0.07580952054082338 0.07713364131463651 0.07741586206611197 0.060995788441064 0.06987218677569126
96 0.023086593768311615 0.09866312038166124 0.01988093530328404 0.014206794840284158 0.048514733899441484 0.0790269170627205 0.06665905903286465 0.09575670609937707 0.028878245141589386 0.03269167172284839 0.08656868314981747 0.04201065710566155 0.08235249158301154 0.08295439446871843 0.016767983093096323 0.02876098775080748 0.09563262143176761 0.053777857423294155 0.0012240991704456912 0.0025854475709973447
