0 0.004440515305306632 0.053808009373388165 0.07415558583101196 0.07106463295613291 0.05751411987269594 0.04789411051873955 0.07899608940232174 0.06925446901359127 0.027222596285399088 0.059804223970218624 0.01060802871146772 0.030312992075513284 0.07962914424290778 0.06615131536778236 0.030118950524805416 0.026260034473247335 0.0380114364823668 0.05477262438372028 0.0536625784020027 0.06631854280738024
1 0.03280351826215239 0.04454483710805459 0.09712890039515948 0.08661511076209898 0.07972563630239128 0.06808797715100383 0.03748711419469862 0.05674733772275357 0.006801316982137006 0.06729785540775768 0.017566037523595646 0.07733431334781998 0.05883476348425174 0.030311139287997856 0.035107658508284095 0.008064769599788496 0.08295065640092172 0.035728695062988466 0.031329705300178035 0.04553265719596663
2 0.009529713635105524 0.028346378161699545 0.007103835144265685 0.06913302798169403 0.04114793255860518 0.022444727026202607 0.04834875502264685 0.03908444452468114 0.07115125003573419 0.02687709589527134 0.09557088529035378 0.08327494668910419 0.021485198819249995 0.02699264037855626 0.03963530527417409 0.05630656032192393 0.08414317238649036 0.08643634187237009 0.04849447182089761 0.09449331716097384
3 0.10058881538719848 0.007628740747580601 0.017731617698122246 0.03382840243432235 0.08174739937021168 0.01070849587339577 0.06872864180609431 0.012900952996056902 0.0003828010052488491 0.08345881317202931 0.0878843306831932 0.01049165620906294 0.04397746126131592 0.07153870927397263 0.10720979010242518 0.10466060715372948 0.025473840887994294 0.016204295746362837 0.06587802150548155 0.048976606686201324
4 0.05277851192251512 0.08767593570354242 0.0741181096551015 0.03667244002224076 0.0705777245419118 0.04320161521740934 0.0337183841321844 0.019170262230176833 0.040262345255199124 0.04731559422688208 0.01909533243101074 0.0072978494536254605 0.019841302537578785 0.06305818038615041 0.05769236058446111 0.006025055090396067 0.09459189144640294 0.08738648800928059 0.0954323929764917 0.04408822417743877
5 0.08040424668919526 0.018859439051657212 0.04438662183642136 0.0032531869575558245 0.01443565466466524 0.06169836248720805 0.010227427151622878 0.0021134234816033454 0.012606725008599691 0.040728732126115705 0.09654995115877098 0.09123244577734262 0.05069287665643196 0.0485904333901185 0.07529655349805567 0.056072178499876696 0.04318296877037379 0.10228320768599106 0.08119400160844989 0.06619156349994447
6 0.059818151385265805 0.07588436254868977 0.016615209871715633 0.0312648815072387 0.08576678821154587 0.08626929524245197 0.066430536863615 0.017424650653584593 0.05151672178401962 0.03384021620429572 0.08991397970776079 0.05359992733049089 0.022760997705097083 0.07131803623594223 0.05156600012242317 0.030600195854487654 0.02894556110906563 0.0010212223122331055 0.03754294337894085 0.08790032197113584
7 0.05525754397846158 0.0572213761868576 0.034242533609897916 0.09395288157441166 0.07054498974452426 0.07450208350471303 0.06991366027751927 0.013729100874927961 0.006448110499932601 0.012482765793199346 0.05032146721259374 0.06271170911143163 0.004447477244092205 0.03490015616399405 0.0634646710984754 0.07887334461803501 0.04678974094179506 0.0762490937149378 0.01158804298911263 0.08235925086108731
8 0.002040135588916185 0.03162651306758891 0.06761912749751443 0.040976874301322845 0.09678959981708245 0.047300723877883304 0.01291585184545992 0.019619063381738966 0.018877394871414203 0.07764771840753469 0.020759110617947534 0.03457870712008629 0.06520155102952262 0.0690825075815151 0.10199328432025843 0.02649603953266439 0.004252493088962126 0.09887001658366742 0.09797838983169363 0.0653748976372266
9 0.06072351680855012 0.03811055194688291 0.05347766743936747 0.09970542735027704 0.039425338715118635 0.08059693239837157 0.060709286170330765 0.02924263638523429 0.0399184681448371 0.056215402763230365 0.0453294908112067 0.0028300125072345285 0.013624444511158997 0.09175803090030324 0.06645723523604494 0.013210683927880157 0.03630475485746688 0.020971836636380917 0.05447095448621793 0.09691732800390532
10 0.010210009624277039 0.09369148465126087 0.050372948581943876 0.003001578675579824 0.09582943293599479 0.09508641357149977 0.03711403208838434 0.08011326908262444 0.06134746111587816 0.04728029629579255 0.008490863656290799 0.08162758676784534 0.02040269333391397 0.0672392043286584 0.01059570918404305 0.08543900953045007 0.07751282765303467 0.032312134852233415 0.011637954600542372 0.03069508946975235
11 0.03352740409609385 0.0498422362320537 0.002672341477444509 0.06237780067859058 0.08174797185348832 0.061148921038567935 0.06550885087007421 0.01519771559338725 0.05881723118211622 0.06304255342913408 0.019403519453487873 0.029131279454282333 0.04316254120705002 0.028453361838906528 0.07909072352999501 0.08198479834996872 0.06288214771679848 0.059226242246134764 0.04372595165787366 0.05905640809455194
12 0.06488123593544495 0.03666373670452065 0.009260362606188115 0.043520468630391655 0.03952395463247662 0.0416533979398816 0.04705929982604672 0.05731490172001854 0.039295536546566694 0.08636465031617391 0.06945591911625197 0.04822105590105791 0.08348333108693988 0.006302253734383045 0.02046774979761908 0.07145875231801968 0.06745263140314953 0.07440982003978722 0.05408732988291438 0.03912361186216791
13 0.07709783945572163 0.08293990503305129 0.12122420091930797 0.003033897758867753 0.010352642607759182 0.008316304862039398 0.04502800962497869 0.10461560508746112 0.0031025653824494435 0.051174703740846365 0.013149329875064418 0.01963017273545889 0.08141848029600875 0.12200798565556324 0.02700448775644016 0.025717851482395405 0.059845560373698134 0.07859794802491782 0.04866666486469693 0.017075844463273548
14 0.050548714529549454 0.002823467723988855 0.0515127230631197 0.06880611574270871 0.03867645695325536 0.08923082144073502 0.020305982686915275 0.10673538507499562 0.051483683556296185 0.04729411870705861 0.03751206663184878 0.005147286263777151 0.04252753458736048 0.049449760203093586 0.017434232082427656 0.09204116124925785 0.10722050067205299 0.02488005718367587 0.06169411078372199 0.03467582086416091
15 0.037071246507758664 0.03820561135843151 0.10511835726146858 0.025909327479951512 0.07570998290979167 0.12191635547730108 0.00939577067003009 0.03881158799678357 0.06963153482914794 0.07113285875560821 0.018877519735372713 0.001821969986556602 0.045880901052804644 0.09867884758354765 0.11764327737807713 0.004395137631800748 0.01466432055348548 0.019398252218651903 0.0550969087796355 0.030640231833794843
16 0.07972586371171766 0.019085335944990945 0.010493555376932409 0.0873043802193211 0.05804492503254474 0.04592459869984221 0.039382317190799494 0.0861166085756035 0.01717189386723596 0.020660277567757464 0.05587871772058 0.0510069520818623 0.07203457787453771 0.07142324380859022 0.05816662039911319 0.029134812251377262 0.010134359728108137 0.08943654064537582 0.09111749290092822 0.0077569264027817835
17 0.05189198539839192 0.06435455212003365 0.0730351411593465 0.015799598725659815 0.0759446698738183 0.036866049384752936 0.049728242896780864 0.06693954896157056 0.057592114615972835 0.055149708151887904 0.0791726427181778 0.0014132205108354427 0.07748263316241655 0.007067909000947517 0.05438302032154476 0.03037402242689002 0.08388445359064853 0.01643662915712609 0.02023834628863716 0.08224551153456086
18 0.06880708795031715 0.005035513030332664 0.06504699445084426 0.062058984937054064 0.07679997985858268 0.0015700360774703961 0.029048834984180445 0.039770967808669885 0.011009878882230708 0.008813566256768395 0.025316548603554374 0.09457957873097728 0.0516955488924194 0.10457458825467321 0.095889630852409 0.08163422995795788 0.017284078468643927 0.060584066292270616 0.07150209787406561 0.028977787836578086
19 0.053032494156937116 0.06373583801390433 0.03607549137363596 0.05904954976739391 0.032987675030335825 0.014192042850397187 0.024355038570251696 0.010560117767503244 0.052660391625445925 0.0753362692942626 0.05350548989605128 0.0753285912022551 0.0812960268901814 0.021921071205447396 0.061204578336547764 0.07416537401690361 0.06715983721192473 0.0278848652753469 0.04988233328494901 0.0656669242303252
20 0.07077003051851953 0.05977702860024158 0.015960509543918377 0.04658213912426308 0.03905875081683817 0.03941116826844189 0.019269765353204942 0.01316765208828452 0.06075294663224616 0.05026502491781125 0.08708304497777586 0.08875463296185095 0.05897297961180458 0.0034819490601827982 0.07405494516944688 0.043558666214866204 0.03130737589400857 0.0778303976784432 0.07137073981868314 0.04857025274916811
21 0.048798399594892086 0.06408117944739244 0.08808125974448892 0.05598078415965639 0.0765884122174715 0.0781224475055924 0.08953056774060204 0.005780038563078678 0.058612082739158744 0.0028939706222803167 0.031791667615658985 0.06649391978626369 0.01162000238561045 0.04000210328137453 0.0042111737399952035 0.04786193937769118 0.04195870123735168 0.06405849359831234 0.03822015083285537 0.08531270581027277
22 0.08177237397244866 0.032458401517763 0.06174412712837867 0.02756055309353266 0.06182082838986743 0.056472183289052444 0.004651456103426047 0.015774652533549153 0.07799539241137611 0.07930874114259326 0.01820945279190527 0.06375102696460147 0.05792160809314456 0.07859229364992895 0.08050357990249643 0.08220139045118256 0.04535142838976333 0.023398186118778856 0.018845298084011655 0.03166702597219956
23 0.019053602516404086 0.06267403636828787 0.06255412887743086 0.05688324514861167 0.08271029046515266 0.009754674048161436 0.047289875253559474 0.030379230861139323 0.04133626481347837 0.08112337044175487 0.0694773974974411 0.08458386018354523 0.047252809958604265 0.030152804236387068 0.05948589957330403 0.008720815955453976 0.08936668221237369 0.03305962245118926 0.018679354493101593 0.0654620346446191
24 0.08277959220627135 0.086557291296794 0.0067583966925866285 0.009905739598712517 0.007910598977229804 0.020404524595001215 0.020323221645706387 0.07825714113617434 0.04388832918174819 0.05745677422436963 0.02952657455318421 0.03198811659804586 0.10087108161348177 0.02594268286646809 0.09369981484001481 0.09865612858241911 0.038446995899755046 0.0625166549810416 0.0633796171276503 0.040730723383345296
25 0.03310170012264121 0.04370371610862858 0.017286493404936727 0.08751656997274289 0.0077966532055741234 0.09009429435658008 0.026848252459448423 0.07201529490671021 0.04506747063286665 0.08717798892361174 0.04080948702553957 0.07695376273298346 0.028160863829602478 0.00661139700804364 0.07824728615253483 0.01238031012642579 0.03679724716670426 0.08561463802857422 0.09184035211570199 0.031976221720149224
26 0.09268114557503533 0.04935501251538454 0.08216908654001037 0.06062069372984547 0.05765842557131701 0.0005561674498079848 0.014095579028520232 0.04899267846206779 0.00792414315154694 0.06282423793713318 0.09106691470964066 0.0027579162860651403 0.05428107420242985 0.11090231787083024 0.00900876804340773 0.041748801769005 0.007406703232427851 0.047265988560898545 0.08158080854983539 0.07710353681479055
27 0.004626319507284602 0.04177894041827428 0.03400267929291085 0.05058110182245575 0.06953236768327137 0.1140964289454563 0.06388707528463898 0.015463537711004869 0.03263828521716935 0.09847203994786878 0.0016056896563327462 0.07649685944374007 0.03866976332444118 0.10763116890723745 0.0483846537550433 0.02900960072024556 0.053284555666455305 0.08909896292376733 0.020843974608034804 0.009895995164367146
28 0.03694183911545504 0.03526053351261904 0.08215219116035306 0.013136334562730983 0.01526920031308886 0.06496498899414847 0.005926512011608145 0.0438773577386598 0.03116364023437218 0.058164469501341465 0.09077846359575051 0.09434403296488869 0.09793468003082104 0.016214903479479143 0.05839409415771446 0.04916646460023814 0.06762711483402097 0.05027082264738901 0.04527105575849686 0.0431413007868241
29 0.014339123774763235 0.03469736373115819 0.046194371374876794 0.08047050506600445 0.06604443615552262 0.04561026217133661 0.01491160110443701 0.06338011451362772 0.07623660712978568 0.04571786923722032 0.04868290748311336 0.043572213166097794 0.02998311443428872 0.030524682941377466 0.060267861161843184 0.08353761019802702 0.03600115454438247 0.06847969060295311 0.027390405253204977 0.08395810595597937
30 0.009992457908096858 0.06691115535844817 0.01817301367775424 0.06008178214712578 0.033187563871082244 0.06723782388844586 0.029536602977256035 0.07604863864990376 0.08902851648042506 0.012104046950599367 0.06728637566574648 0.04429471225489093 0.009625826616596611 0.04617048765245705 0.07342386451439693 0.06963505279933746 0.06905658611689852 0.04721854095781574 0.033354943812932095 0.07763200769979063
31 0.061331047113727166 0.04946703283133881 0.043290115573893846 0.07584533039200901 0.05375896348572938 0.016088206820093997 0.004922953745786096 0.048667533206410575 0.0729718796350831 0.08496482800362241 0.02467653528595429 0.017456977833832776 0.061542784601239305 0.056032181756396376 0.06247819498857715 0.07585044471109735 0.03264534624250233 0.07069890137862679 0.07782911813928525 0.009481624254794093
32 0.02171132996975203 0.09345680016619037 0.054006208715307084 0.06512759588446414 0.05208553573853735 0.006542786162742408 0.01872821401179634 0.010431750965872613 0.09023529236193163 0.08828047522750906 0.03380559331904824 0.04482429584524532 0.025534156339902976 0.03602094383080966 0.079602500269779 0.08015656452309412 0.010390574549448752 0.0341372927498936 0.07552556189730308 0.07939652747137226
33 0.03932548983656953 0.05724765680548121 0.09785431323840635 0.020904682914984377 0.08718329234036291 0.051442923124511465 0.006669193223608985 0.026541600941398215 0.017944729548219577 0.023925714252845103 0.10516272255484058 0.07138405711524064 0.10323054851468483 0.03213909200069841 0.08260667860810031 0.017170953538317685 0.004413472921619512 0.07842248899285403 0.028836735803665817 0.047593653723590354
34 0.07478585258020266 0.01599626547268232 0.005320532214462838 0.0035945390509070094 0.02509864358984525 0.07068056174312548 0.06379752999421281 0.07260795309022243 0.0940286735687916 0.08262696214003101 0.01277248437034523 0.04158793782085149 0.07052586701283128 0.07287455300863598 0.05468876715169445 0.00744338336899617 0.044704763997760605 0.01753825169376847 0.08004196260442702 0.0892845155262059
35 0.11969861708818687 0.1232740903997303 0.009088662678621805 0.07546961951920346 0.01376310693283105 0.04358560602951572 0.008685066468272516 0.012816739084080672 0.0714085871857556 0.1015933264931501 0.008027754343443282 0.07721349372501551 0.10206116929238397 0.110791591347379 0.04825687775393855 0.006349195993278549 0.024536295452245102 0.025400804412457297 0.014465756873967905 0.003513638926542943
36 0.06918104093943157 0.054340859752906666 0.01820164522635647 0.0459508032268112 0.08975523632843915 0.011430376685034691 0.028984952093235043 0.021828547025891893 0.012975119815817206 0.0268406270432022 0.014717532195901146 0.0847296753633246 0.09589387560931242 0.028697638291873523 0.060556534892092874 0.050636683536865075 0.025148861867086772 0.08338765332690161 0.08036480799824738 0.09637752878126865
37 0.07126311893717899 0.007420482454540329 0.09311603447211682 0.05393241194367765 0.08678956832685154 0.05108089131566348 0.05393003274301714 0.09082741871930489 0.05496443148909389 0.00019989021892909953 0.04461690226000407 0.06207288623553295 0.005358912785449564 0.023496303222975468 0.022570332464694576 0.09403862152495006 0.08123575667103965 0.044333377619362534 0.00532739714487102 0.05342522945074662
38 0.0390026577428815 0.038050076943132574 0.048181801186689084 0.008531113793335666 0.02828610353952081 0.03185632141847502 0.06011950771273823 0.08078098321149581 0.08262329933559437 0.057215604558513974 0.05332483875063892 0.052196012424916456 0.037941527602300525 0.05999338351266293 0.05637826170648402 0.07720795555557625 0.033414446737145484 0.07665581983890467 0.047979384988451654 0.03026089944054202
39 0.06794501009416634 0.07777209520018596 0.014805767514477907 0.05817786374345694 0.013949647047245307 0.029044171407657738 0.02371761555241249 0.07154452105938686 0.0586146499641615 0.0215326928237474 0.08329021332796958 0.05442817493560458 0.07230423358793586 0.06354332994345471 0.0661560967235931 0.03325446056341661 0.02967654739454746 0.07385908040989012 0.0854699594832794 0.0009138692234102382
40 0.03219233744539093 0.06960945567997032 0.05833395266769605 0.05034244287155628 0.04456788696838588 0.05721311363229451 0.04775998063690776 0.039502538029604406 0.04009785601578884 0.07376149396538756 0.023566142008357615 0.038261278482846994 0.054098839386808636 0.07351991879667634 0.06638493456786222 0.05454790958598196 0.04071135195948887 0.07083494134063512 0.061148486200527 0.003545139757832972
41 0.035412885208162166 0.004038926855987295 0.0194137002999841 0.10076942140945344 0.0011971060255484272 0.1217024212554351 0.07118582671826537 0.056312857925100226 0.004562846380687021 0.03719649417699739 0.03621283454264131 0.02531331285988923 0.10110283699287338 0.11869612803365046 0.0013838293642659647 0.0634595547570351 0.08384810179026857 0.005728299586505606 0.045767652588429804 0.06669496322881975
42 0.036645040746921057 0.07787558047323538 0.08283727913504081 0.07868736113737766 0.021757930982563022 0.015272212872478812 0.063647425148697 0.032326464673491324 0.036420953166889564 0.04296178273550945 0.09419906297800322 0.07959867390892597 0.06606035873434084 0.008080227092670247 0.058668691385552085 0.029197187864648158 0.025958061974475262 0.07060697586348184 0.0717245625367803 0.0074741665889179795
43 0.032469201177152726 0.017846731657298213 0.0678256131478553 0.043970110341891876 0.0481986959200147 0.07298437256975072 0.08370707148205056 0.05561605465931764 0.08459176758101526 0.06080894260734163 0.0667825732868568 0.0214997913344544 0.03457971492186285 0.013005251222726895 0.032584832733428375 0.06068387084614932 0.05869788983326855 0.031207770280155717 0.04418587858922083 0.06875386580818764
44 0.09718922239168609 0.04788696895608955 0.06492759369993864 0.06811266296961864 0.020904873533943102 0.09981847104124221 0.10378327335971836 0.013488408254161994 0.010663246291995629 0.040703253266147155 0.02614863334654939 0.03419514085598661 0.010183130777205758 0.07549962907835434 0.1013720151738239 0.008839699340066577 0.027753550722445588 0.06490929929516262 0.05125672482937795 0.032364202816485825
45 0.040402523847125615 0.05567118904436139 0.08054390847039557 0.003816666922985855 0.096266582889155 0.05322184525640907 0.03600109776065631 0.06820590987010397 0.006497087863010882 0.027083821691259627 0.06377346474106191 0.08617559655138587 0.03324675467158745 0.0010157557224732927 0.06972330527848011 0.09074527805881596 0.037942045867306776 0.026333455387178847 0.051256644193995476 0.07207706591225095
46 0.0030133965139053326 0.07616774131614859 0.05972014522581504 0.08247958480467203 0.017970319464491014 0.027758116973309464 0.037530597643655475 0.07101382443723406 0.05239917992434865 0.054290832987405856 0.06606073306708742 0.06682380762445556 0.026311603442550294 0.046612951003728545 0.032727638195481544 0.08119654066452225 0.03995102084062781 0.030892471537012953 0.07360898454597864 0.05347050978756938
47 0.06338622114978042 0.009968995067473754 0.07858322610647751 0.007469016958146114 0.07213330765986394 0.05998666626159295 0.0632229525880421 0.04307878220343191 0.05236559857772292 0.008776710973492094 0.017327303499914543 0.056884468753665096 0.07956645042138721 0.10395856742146733 0.06645261225081502 0.02668402380872117 0.040510788767504816 0.049978096598269385 0.034109132371521 0.06555707856071075
48 0.0055262811030570005 0.028039681915705186 0.06672049299782558 0.07217245803077271 0.05186394556230613 0.08719786588150762 0.07887088079531203 0.06272593431391808 0.0602591993630334 0.07324137723857693 0.032093001836581446 0.030934432227069313 0.06929710894221923 0.03043890487306767 0.003098838393918838 0.06499678497684781 0.05965679435818326 0.08220369253366404 0.03297499299316006 0.007687331663273734
49 0.010551267258384112 0.01765755113360256 0.02462571265286728 0.059280601475700204 0.010598727444731195 0.06794732096539698 0.03374999750849964 0.06129229215444082 0.10363955471436777 0.08471864260069159 0.07120567900092457 0.09006847867164498 0.015612588418823977 0.006501191866161199 0.03778731891582167 0.10079096678451069 0.11267285580298403 0.006811804258220296 0.07448828093851997 0.009999167433706359
50 0.09792976631820824 0.056246837113171105 0.10099618207692097 0.0061269268742263575 0.047975282936948596 0.00045663461320135783 0.10880326159709443 0.051063498145590164 0.0633324507974287 0.03762325848728897 0.104234657906607 0.04672278100245736 0.02933440330730097 0.04525642390328527 0.048184266760836356 0.033312494426014826 0.034211913899393834 0.06275977910336324 0.021718636447649625 0.003710544283012883
51 0.0920306537375929 0.07418172079768216 0.04674731869109552 0.0196720628092881 0.026905991189018753 0.0710396397743608 0.018885671323037846 0.09641620240247421 0.04451290960143721 0.006959802866902314 0.056915709065705096 0.03068009266575592 0.03643710580053472 0.09270630679597523 0.08175997267880104 0.033269310557828814 0.03333639523136314 0.04355379710193814 0.05467507291646569 0.03931426399274252
52 0.056635699748430995 0.07937394647628762 0.08261805659237613 0.08057225384033695 0.1034902829250293 0.02610892121532915 0.004700203133193097 0.025744672427979585 0.07167300397139209 0.10516112323047769 0.004163404877178365 0.09174923009211758 0.08284659648926669 0.06543941832160727 0.019832811877110775 0.008854121440099956 0.011655921619039328 0.023819428370416687 0.021496987478478308 0.03406391587385253
53 0.08072560497633992 0.022682293472052882 0.030252599740166825 0.0014858957957492767 0.03347751335039791 0.04285249769148816 0.027352502090980946 0.012377504150306883 0.007475575373831203 0.09790755127483174 0.07669272581790446 0.055007405124666606 0.08473544941674235 0.07468015257704232 0.06653083894097726 0.0696933100567808 0.05152475494511599 0.024709989844348915 0.09232350097255394 0.04751233438772171
54 0.05630916034213398 0.042013134012201026 0.061573432830096565 0.07550966086488278 0.01625221938062185 0.05775511268210191 0.04012646168198424 0.0014404936498596886 0.07850205678202432 0.049676074862565776 0.05377217105820403 0.0584361221444469 0.07413382117266756 0.08511922935063576 0.033862442777768474 0.0052126781909605305 0.07712171010682788 0.05728704245088111 0.03543266151350956 0.040464314145626165
55 0.025104785470361022 0.01960633854641351 0.0031574973767995256 0.06851297246382186 0.08793360125890884 0.07546514874051105 0.08905571638571681 0.057926479995770344 0.01641134197364533 0.044954795374162575 0.01032305560455358 0.07596663052882299 0.08953896802252213 0.06881267473924078 0.021408262674779677 0.028586408193063902 0.013512026024185454 0.04194609201712837 0.08685040379822596 0.0749268008113663
56 0.018682769484912768 0.02496039754226981 0.03771348666359034 0.04310624739316157 0.04704096778628511 0.028969860521301464 0.0658221298788115 0.08020489767733435 0.03153722866061378 0.08368274645993347 0.012373764604699307 0.08092597288338171 0.03595253947946986 0.03710104523665114 0.03207409815864369 0.009639883650223242 0.10082977786373712 0.03520596536224615 0.09617209358816281 0.0980041271045707
57 0.013847766492016024 0.07225057163670318 0.059310103622233844 0.004992771900596914 0.07022432545804129 0.04649027349705093 0.059812517256055193 0.06970461959834282 0.1081199108468974 0.0489081568411217 0.052062032452371856 0.10107524754087373 0.055392124931219484 0.012427136795154517 0.04217169513254527 0.00820241417654676 0.10984725462727313 0.004447181046654385 0.035406609964254446 0.02530728618404706
58 0.02968515075682654 0.00019152332381315633 0.003435880188789706 0.10139825195296238 0.07799206406808416 0.04349745439131322 0.0044867518942086305 0.08448502397075637 0.09737787244650498 0.05292788512858225 0.08946013934859022 0.026681975966525252 0.005150880496817264 0.05540672710853836 0.06450932065203593 0.09209737286134134 0.00025197361922805095 0.059677902397616465 0.01728568061991564 0.09400016880755009
59 0.04338249500766647 0.00884692916824859 0.0029862569088506758 0.07228466995619437 0.023657596526452555 0.09209794057824451 0.06286080656191845 0.07773002569743624 0.07433380545165638 0.03891038132011284 0.030472184014905635 0.07843390032273614 0.004648036197619255 0.05794480724400299 0.06147583602397885 0.08151410168292177 0.046591487806400864 0.07743158792337738 0.0504391161939665 0.013958035413309476
60 0.004987412456688527 0.10951748804054491 0.022913446300348323 0.013107128810273167 0.06781809237495466 0.04938956818673105 0.05865155673241614 0.02144885691217705 0.008824264454548763 0.032561273801260615 0.06304915265357997 0.06012933960602078 0.056140326220131674 0.008906269507440038 0.11336114898422793 0.1349370124528287 0.041648029044548784 0.013037450445048032 0.023649991748254565 0.09592219126797653
61 0.079379341963755 0.014201587920190684 0.05586015701821828 0.022068268553238207 0.003573491609695834 0.05891005546405396 0.0838212531515405 0.03958634383291123 0.049328505687054935 0.08597074420425138 0.08999776738386844 0.046733365367670164 0.06469223949148106 0.03159972527830752 0.004899118614577316 0.02946276662776938 0.09332171636349351 0.04008079167138712 0.015819765366967546 0.09069299442956784
62 0.007536591890557292 0.016155491205705877 0.015775800871445467 0.0025430081104768692 0.0566499283906786 0.04410470918333044 0.007946168381571682 0.04350911048751644 0.07707815095018199 0.10017913954352273 0.0852027515709185 0.04052190581143899 0.04120698048296341 0.08685807389425972 0.045484020623452345 0.011030236981343042 0.08065995782863812 0.1009935939406053 0.08479643878005215 0.05176794107134102
63 0.0687604992039773 0.041559410445376206 0.0017881209714417654 0.07925374059677948 0.027347890526897834 0.07991414388678122 0.041039458159079646 0.014926971871552355 0.037002688505879455 0.04145369208822418 0.07165883633633947 0.05385836069251912 0.007516701095566826 0.05680962845805021 0.10021047321822271 0.09868370391733092 0.06963906008185684 0.06983690411512564 0.027364630493000072 0.011375085335998717
64 0.058266587311384954 0.03982945889080061 0.04232369789159197 0.06949758459746891 0.0448823781814894 0.08122528691485782 0.08286923961223856 0.06862084735764601 0.026037343937497404 0.035084963048538746 0.054025219010785164 0.054447772478113755 0.013825201690347715 0.08265248961945948 0.06276890681602777 0.007023195601914405 0.0584465062364424 0.07167201724048892 0.032400322868931415 0.014100980693974568
65 0.041056301489150196 0.09831149540020047 0.00966688507600645 0.06469154672481606 0.09804839124850075 0.009448439488331515 0.06363834211340055 0.007557515840112049 0.08040603865495476 0.013424077945730237 0.07432987529282498 0.08410360680632895 0.036586564212227696 0.006532420952855324 0.07965241053330563 0.06073595971694345 0.013997621442952322 0.026646801304975185 0.06850706199271116 0.0626586437636724
66 0.08138246842607212 0.0025614113422560915 0.0303079397451903 0.04833374468145319 0.06360399509467142 0.02791624642359725 0.04374596700953694 0.06962145986350547 0.05361625919088143 0.06690159544732031 0.010557846504638755 0.03362794127915902 0.07710367849964056 0.06041282036380531 0.05513567615078709 0.052956442136868585 0.07575745668065151 0.045379317925366446 0.05398430938790916 0.04709342384668902
67 0.03770192988197842 0.02938115834750153 0.087969584383943 0.07349324217267351 0.07903161447784664 0.009968597954245284 0.06639211293433278 0.04104297469191838 0.0653172368267633 0.04799243030193832 0.030929902309291255 0.015191305101138175 0.06262356797927922 0.05213570535893105 0.04736612816468472 0.057665731298206346 0.04969348888052469 0.08631400550616138 0.024182751489956026 0.03560653193868576
68 0.07228689733622265 0.035082067630714316 0.06360857952095507 0.04085396536897831 0.07869777993177694 0.015520340117554203 0.05440500645432629 0.08923562799512576 0.012433580298971146 0.030253686264957738 0.10646802771313105 0.08945404483832838 0.05261076654833668 0.04466142669984869 0.0789407171883711 0.045422756588616504 0.012221040924733842 0.011317130256503384 0.03682492712257793 0.029701631199969804
69 0.08061190299635057 0.013199902982757725 0.03147759451386816 0.04119959714702471 0.01974391635988967 0.08889869459889109 0.044205070392138515 0.07913478173498263 0.06336816999250472 0.06457981343834056 0.0503936671039209 0.07418458130469191 0.01945298886497071 0.06245697321289283 0.06900062950596655 0.021592604036709095 0.018996928220767102 0.08654230337888841 0.039739720188075436 0.031220160026368765
70 0.024297291015802188 0.028825651324629564 0.06001510833590319 0.07834715767086961 0.07255124499981834 0.004857233782820044 0.08240850978405798 0.06703982059027645 0.017911528152572593 0.0644929681309814 0.08533599746813945 0.05020543147768315 0.07231247677629636 0.02260723262443482 0.03157992709198087 0.07082281284154388 0.04927437509667096 0.07033669110956252 0.01153526642458732 0.03524327530136937
71 0.06115173498736128 0.058092285183902005 0.024676114007780713 0.0505137442801009 0.06800511990352494 0.0613545341354149 0.08472761976064065 0.0699396033351038 0.062220651194642713 0.004800972052023544 0.004638994513449183 0.08400997502064199 0.0807526091070996 0.008527856211363144 0.03570766763370903 0.07318025097044739 0.016704377632069122 0.07728540148205258 0.0036586516376734533 0.07005183695099895
72 0.08473826922532984 0.06002106786601149 0.003423374936602395 0.002293162939057545 0.046876564334086455 0.011941117559361914 0.03337653100219663 0.0903719721370474 0.00023622567561961677 0.023071636463663586 0.014709337109992468 0.09279049556331453 0.07894970562735218 0.06358230597019691 0.07047800748870013 0.0023114354437464035 0.09434962501652962 0.058085656779063854 0.08178766359988969 0.08660584526223711
73 0.034758556286456584 0.011133297374222717 0.06722629221350121 0.048837583060523854 0.07550091798070388 0.017395069624502896 0.054140122685808985 0.03267722282661219 0.01601421624124641 0.018593334904372993 0.042488534459705046 0.03655527953790849 0.08849725927544631 0.00997911038324379 0.027556181655821705 0.07336202022456263 0.051357239382356264 0.11688916085406097 0.09275528060905731 0.08428332041988561
74 0.08719516016220814 0.0148823797531997 0.08401564071137513 0.026713875365777837 0.0212384039502058 0.09036969866041634 0.08353116894275661 0.03806382791269735 0.08886773324811938 0.08326837219546603 0.044935619523532894 0.0668784832245173 0.04690992211945697 0.023819704881115965 0.06705685054005112 0.009099262822585769 0.01820824107511995 0.02950716919703641 0.048786818090032276 0.02665166762432887
75 0.001509963549051702 0.025762050535718745 0.028304521655141524 0.0824491073192475 0.038355723602703645 0.06453939146606634 0.033115335156684335 0.08925227376034525 0.09133113705522183 0.05007210586034715 0.05143946349655167 0.06735684382161296 0.07068160771924044 0.053764619742001106 0.006880301641408203 0.028868965585764274 0.10035734677086863 0.0324468032590665 0.04931461773293677 0.034197820270021474
76 0.05577485552151075 0.029173431480107165 0.03439745384938956 0.08788878819066781 0.0691590532845984 0.040808848596539396 0.03858637547445098 0.08026694715195602 0.00208525689257445 0.018735725973318646 0.026596239592771062 0.10033458198772037 0.054874104523708805 0.0397710639167589 0.07084366041015315 0.06972674163379176 0.025234607259501392 0.054597678137303256 0.0031520643622708166 0.09799252176090749
77 0.04095536051104984 0.0330248531986962 0.029704342313648577 0.07944541489870512 0.06207112264946395 0.028188294505289098 0.07225598104614343 0.0585001307397582 0.0822674908857703 0.019867075906244036 0.05442642876008154 0.07512244318903893 0.08270828508583729 0.07971888831166858 0.019619805074447275 0.045400618622237855 0.0056285956465160995 0.007391027218872608 0.04738363713787195 0.07632020429865899
78 0.0589564384225458 0.01677521649322688 0.06266519465135899 0.04591153246054992 0.023228360768888005 0.004583452553984528 0.062323358897166316 0.029893343494501724 0.028419472024934136 0.055203547778144825 0.06621777259900725 0.07773386709686364 0.057188959442348454 0.030671869360260503 0.03880181022971321 0.08163629027570979 0.05907349887055078 0.07856711616334783 0.07395633311334199 0.04819256530355545
79 0.07560128264927123 0.008799015320803728 0.0676081922407138 0.08088160874849916 0.04649993926425142 0.09346169253651505 0.03263251297137879 0.07439288916743465 0.009063509670911045 0.022159967541638816 0.051234178458529976 0.055516248869571815 0.00891505706600181 0.05987702789531526 0.0808253819665099 0.05884721340131691 0.02483408756815559 0.06668044131331537 0.07345004347611743 0.00871970987374842
80 0.044894856439985135 0.020006315949187545 0.0572845492497348 0.010621302592057716 0.013084898017118228 0.07869442068927292 0.08443001936050205 0.05237642134357858 0.10279047794947606 0.03353802494309909 0.015346398207731196 0.06996071684464648 0.0013657969817372688 0.08028784146803954 0.026598303270984024 0.044282498208357786 0.019244656556803765 0.08297381825962954 0.06503226976336388 0.0971864139046945
81 0.03992727046925871 0.016487148252275336 0.0023306734007370426 0.034582644243042394 0.0758107447828303 0.011777185284030864 0.038185696996958805 0.045876499624612446 0.06487873718466645 0.008557346354283183 0.10505580045627688 0.08052732294915606 0.05340263219397724 0.050370375398170644 0.061566486656068196 0.04896688940983203 0.029639877409138118 0.0388951383770716 0.10729318540069493 0.08586834515691871
82 0.08063881994969688 0.05995660883880912 0.06742728374510906 0.06663140544336033 0.0507057279701401 0.04293520865176198 0.07388469626464295 0.07227161850241454 0.06389730706744036 0.02319179812003257 0.03307836246476 0.004721130557498528 0.05317615445129715 0.055139844149331416 0.07242425350749392 0.07588565170678269 0.034268190329988395 0.054765171271232684 0.007859446822634416 0.007141320185572826
83 0.015385719473497128 0.009159435670007704 0.028207721289958906 0.09623665396209273 0.004746421910216344 0.09091041122644268 0.07183100753960123 0.0878544560747933 0.06513247768100967 0.012939036774158148 0.08327103616838823 0.01744972534694879 0.03691301779938321 0.04497541833280694 0.07532477417604508 0.07143172171042576 0.07281886395303898 0.01699687592977519 0.02644457117483882 0.07197065380657128
84 0.0857131866583821 0.00722954866386942 0.07564214489392872 0.07474220957433654 0.03534395084332773 0.04931595263265857 0.02323983051494984 0.03863759470675903 0.014152124784547526 0.041096870712593075 0.04647181392383016 0.03436243285895316 0.06479842069220014 0.0013434255394449686 0.0786904598605936 0.07929968882403994 0.08244834670995348 0.06119487711795334 0.04454116142729734 0.06173595906038118
85 0.08636578278268607 0.013151973370630662 0.0892948999116499 0.00556902858691695 0.09897886760994129 0.04319788786146147 0.03332151572243458 0.0024969410478310012 0.05415341174714346 0.06947252124107524 0.055043723576167096 0.04032871250985483 0.07752530012208399 0.042184885072092275 0.014021405357528988 0.07134815241934918 0.04167624208164995 0.0017238724320705419 0.08449676449291459 0.07564811205451805
86 0.026788073113543212 0.039647335578762696 0.04394239998994395 0.10375653250481205 0.012238163203157315 0.08052559748710626 0.01744703798692543 0.05054567757006929 0.05184581033753923 0.08804042779098625 0.08798022834421237 0.06013715663218645 0.03256341199543603 0.00032286911659592046 0.0118558163207229 0.08756941758290414 0.07744927791896765 0.03582102705415207 0.040283855157063 0.051239884314913726
87 0.07149451557609511 0.04978957694446129 0.019228794350229995 0.06725915016253207 0.053652317547576926 0.01813024869693263 0.04873623324387601 0.0029078596064106644 0.04209091695555697 0.02134256557160648 0.10190032268319446 0.036990363917908664 0.021642719432654937 0.029332782554403015 0.03180115557108915 0.09781472298839887 0.0828634379581565 0.09255994094536305 0.07376390526280413 0.03669847003074919
88 0.004884366676411568 0.06589047962839047 0.04793322680646647 0.009354541452092566 0.05759617977635198 0.023957597224378194 0.004370862614368405 0.050892507847903196 0.08447464225278625 0.08158969001093468 0.04054009732489841 0.071368858933848 0.08494763264123958 0.09082961522963343 0.020691148459711088 0.08294432898713947 0.05440297025950768 0.054087154112540656 0.013127339181995414 0.056116760579402104
89 0.07298114749446809 0.055163596135523595 0.07026488289761774 0.04575760742161576 0.04021310459511756 0.013316774394629399 0.02091810784047559 0.06919408741943846 0.008603353139904362 0.06468468665169844 0.08507037200790131 0.04680138518171584 0.07136618877446828 0.06692687766844078 0.023712931307846775 0.04654794838953901 0.009405411482161787 0.08467783032150675 0.05257802247144311 0.051815684404487396
90 0.03478133756515899 0.02573931886332626 0.04538652306757807 0.0049726449524427055 0.01856466603741267 0.05368594091346003 0.07931747760103477 0.021137339226311617 0.02590169129234799 0.03884789286383344 0.07840888013966794 0.07256105995035055 0.041744191773202564 0.08186027844217147 0.008882989519796285 0.08284120763422068 0.08534105165839835 0.06618167839707711 0.07758237293794105 0.05626145716426732
91 0.020476108201245832 0.029580518058064366 0.025214393389873226 0.022235103016351027 0.08309715761974613 0.08410111400772095 0.0907680891934118 0.06993669442826672 0.03458695984737717 0.05532970680786208 0.07912373133481346 0.005883023625730096 0.07300907501784484 0.08636543665808123 0.05936586692988079 0.011334867059513047 0.05971902705363106 0.05240756090229514 0.025393810613730434 0.03207175623456046
92 0.014603286933423262 0.09116026374689144 0.08497571045809546 0.0266563752651775 0.05702918162220789 0.050296665387313505 0.10219232656934539 0.0385655972198948 0.03569063409163223 0.026595867548901704 0.04666789554659304 0.06643528897127698 0.06969856695145064 0.0007706346637390432 0.03643383076760313 0.017719125984671045 0.10178384507471785 0.08036516490415277 0.050436695149118214 0.0019230431437941367
93 0.07957886702134584 0.015276420674621883 0.0128071133351078 0.09099240336580301 0.000764026700021662 0.06368870321271815 0.08907571665187204 0.03205900880674769 0.04660673943320868 0.07943754546402293 0.08024575209473471 0.04840703639546703 0.0777856456903278 0.029531473567091654 0.07554804290575916 0.044793741108559326 0.012219927347605642 0.023246940006620472 0.08145276007739985 0.01648213614096455
94 0.08200495704932881 0.07706226463727452 0.07296568172734573 0.024276975683123005 0.03182915047793678 0.02482711512631201 0.03552353469388657 0.09366462759400876 0.01461763265979418 0.06381475305604092 0.032059483714017394 0.08951455368092837 0.054914115431887595 0.011602719641335604 0.01814222403025068 0.06304415796903737 0.07528869863207002 0.014852744775953754 0.029206923539215588 0.09078768588025232
95 0.044902028447229556 0.04344103375425787 0.02585600974176863 0.0684818233996042 0.05963275348392471 0.056750611060902664 0.05619462204906658 0.018445545473880283 0.04972603762989598 0.007402107044806223 0.03235536519281589 0.07696640737144543 0.039050796556262674 0.07427988861057223 0.05992017113762034 0.02767746075871752 0.030662493444276486 0.06894162647209574 0.09188482713369174 0.06742839123716518
96 0.006299983621236481 0.0922961980906296 0.06960854655497176 0.08920291985776163 0.021278191524366594 0.06580767998044455 0.057611018059196335 0.03743900162019819 0.09585879101022073 0.08256509210006045 0.02091306578440527 0.007988111418008474 0.02115766276479287 0.034140323158809896 0.07736224013147008 0.07887432266929381 0.022479840007398603 0.019028486129686367 0.05747531062689471 0.04261321489015357
