0 0.06935134246822725 0.03832789578651776 0.059716686659692556 0.07919718550885047 0.06328323401322881 0.0775349534238316 0.078715520598857 0.014075713660587422 0.03001438576195299 0.10233455159994802 0.010491147926860851 0.06705621705473619 0.032031363391655715 0.009605247735231345 0.0038733562460943763 0.08521274371183139 0.01695002864209091 0.06922553822201863 0.0630718878843942 0.029930999703392663
1 0.03944053658559552 0.11688935222132163 0.02189919837628967 0.037426623101938165 0.009525361055822792 0.0017494030457862841 0.10337387824450006 0.08347740201460568 0.060879583283793316 0.005957307884609841 0.013367918619620977 0.1166529598635445 0.006734998187584805 0.09194769868429606 0.015582404317508243 0.03227901162549523 0.021336814012114597 0.08638685820040808 0.006843879371257499 0.12824881130390714
2 0.01089653986027531 0.022304113814635994 0.08385426702228672 0.050285959425193746 0.06046282974507351 0.08540435222143472 0.07572522565416388 0.0582486069841183 0.02252727224903625 0.052824551098916414 0.04055982497127431 0.06522941661729892 0.05026205410453711 0.08424873905481126 0.056553534831582694 0.0017055522985906554 0.03666241510464021 0.08607073766465212 0.025435578483468196 0.030738428794009738
3 0.039860678564082576 0.08443462945745372 0.02711524002117796 0.026628062041510484 0.0020525711553462203 0.0024817163969414703 0.04006712323879089 0.08982366852317314 0.09198992581625956 0.009536978585437785 0.07946486143322544 0.025198642745152076 0.06086650580397598 0.05696518862512912 0.01669092391253109 0.07138321673769128 0.06226444376939683 0.07356036205416971 0.06692473040920362 0.0726905307093511
4 0.05210752532194497 0.023913836606777806 0.09740361108694083 0.025564068912054587 0.08100140509873334 0.056815304265752625 0.06361728629065373 0.017063535525907867 0.06791432372031278 0.04404744885263787 0.014884357993092845 0.04606793063558884 0.062166222396272765 0.07085999023572516 0.07883691794435939 0.07177754115728893 0.0893909735834485 0.004967445983390231 0.019711902905006604 0.011888371484110427
5 0.11413313752358029 0.005138242185058102 0.02577402311197658 0.09852400604781636 0.03169158379621699 0.028574993402553595 0.09469317541950363 0.08766808871371529 0.015671975906539036 0.00035525463359185335 0.02418604540479551 0.11335525384886622 0.10717762993814499 0.0334135880812594 0.022131308132612416 0.0054825278829291795 0.03783328745549933 0.1225076185766147 0.011776294987325152 0.019911964951401424
6 0.027821534468695983 0.0847647599118083 0.06308236296617102 0.019330169454765102 0.04186801523551686 0.053552393570785624 0.045577645227502954 0.10173875030284421 0.08582668489853335 0.027342836344176145 0.061969095497333274 0.030993146526724552 0.042630318777312826 0.017677441978773703 0.04867401335052289 0.09479967336740008 0.053043948806093075 0.018848394602261852 0.027975284130414925 0.052483530582363394
7 0.039113308613701894 0.00021048435865970994 0.0645601323817769 0.01971469235719242 0.016427169526498583 0.08889542956066881 0.07617190523962764 0.06696964258639564 0.04585509523803853 0.0445535772038981 0.03827332205150972 0.08086532008324838 0.001338171783426887 0.09146454828688895 0.04336577318031684 0.0999856268005303 0.06332809706582164 0.006354812038434093 0.0260501570674235 0.0865027345759415
8 0.029357837217152752 0.03699357553776621 0.09978266300787113 0.09630674621338829 0.020405096229514728 0.023985454503078603 0.060244730790685555 0.08048451854082447 0.020092886994761954 0.10746688787013028 0.05322115203821256 0.06717902493328441 0.007147998677417342 0.04929240917662 0.037443357452197505 0.07282398698383892 0.031004516783716834 0.04049473480495852 0.04538103632731961 0.02089138591726024
9 0.007989871109358351 0.005810761967846354 0.04858076679071913 0.05992744456612272 0.029743661954445076 0.09502159641705324 0.00293563698672427 0.07958960957631286 0.04984566455886667 0.03378967934281591 0.0731247996168679 0.08497945853893411 0.07642077700557555 0.00894750866578831 0.06921998669878138 0.0743994379480055 0.07563089943615267 0.06047051327913435 0.016149161724042238 0.04742276381645338
10 0.08180318545223676 0.03816993262697516 0.03431782657655451 0.004460647200409192 0.007889469599454448 0.06918565834618293 0.04616848650385003 0.04940027493489065 0.013903352393753352 0.08887220185231048 0.08120418087687753 0.05863544989727331 0.06797943447575762 0.08711710064675085 0.03758149478505885 0.06442902318421366 0.018793335228299114 0.027013479562564755 0.06629630234284119 0.056779163513745824
11 0.03278700365073385 0.018275982797672025 0.022909124104201456 0.00020821564489497101 0.0596617241690954 0.0448521961536828 0.054530375398225917 0.027694130449373234 0.03770233573448055 0.06788407718573347 0.07998607082635918 0.0815703033314257 0.024234455236197917 0.08083551629134528 0.05338519576699685 0.04220038122663522 0.06976956020953136 0.0775349225311541 0.04847776328177357 0.07550066601048691
12 0.08331316448637542 0.011010002814678623 0.038706925738313275 0.07565015125973175 0.05091249288234635 0.009050486536010467 0.027757724447103338 0.07823611945154164 0.057502632533631755 0.017347431031536104 0.07481566140531487 0.097794199260271 0.06572364571338746 0.03665870038553698 0.00331781298588946 0.026384205497094148 0.08399384752006808 0.0033505241797631637 0.07668068904271146 0.08179358282869469
13 0.01496014304540411 0.09213540632338042 0.010915679906851989 0.0480614444017243 0.06929110323965489 0.06478992476806233 0.016352036018960903 0.07370255528043704 0.050414853688414495 0.011825336390907068 0.027266165778333233 0.04987607996760577 0.008507775811544296 0.04003066994208885 0.05183758699248086 0.10063604710302267 0.09275911373563397 0.034549391687185155 0.09141335341329528 0.05067533250501235
14 0.10189523957917143 0.011080572942016451 0.05379046813138625 0.004377011243994015 0.056917655239242415 0.0516712503216442 0.02591938573911892 0.09229288051852447 0.06496417728605461 0.1055219733573901 0.03042107868695163 0.059611618728837384 0.03190617579187794 0.03069948004601992 0.0025735586335032807 0.040187241514077314 0.08516570974778627 0.06277969626276211 0.016496738542449332 0.0717280876871919
15 0.006422931809793595 0.01993956020962846 0.09821532501188306 0.0862489324768599 0.0979632371430586 0.018996030319717885 0.04572952584811571 0.11170584178605983 0.043525709151344114 0.0016891276755054941 0.08425834390582658 0.02806666519988672 0.002574204343046389 0.019697177817036476 0.007690620012529881 0.07463583002512324 0.08780725471280022 0.04311159853705211 0.01761025872205539 0.10411182529267642
16 0.08521603625400818 0.05913510343967401 0.07769256671458045 0.04917122470373798 0.022291012702333683 0.043130342304453846 0.03761686786021486 0.025440128701015592 0.02396883518434934 0.0665795056143202 0.07448644086811095 0.07941382857432384 0.08359936799733933 0.02982203106478749 0.08494552901187497 0.003201858742700908 0.016907568673521278 0.06671112089181866 0.003099482259176988 0.06757114843765737
17 0.032911626276506976 0.006469080799445466 0.024255403470789885 0.03245494231522429 0.010881108405436872 0.08382680421315765 0.020552663458722375 0.06001319312864693 0.11236386770753508 0.0069808035569682075 0.06663140076715643 0.0829028541353049 0.032928451603985484 0.08287044475138367 0.09736334281540338 0.07216026315020209 0.04631157329104164 0.042213373823047344 0.07094882507845253 0.01495997725158889
18 0.030866506015350244 0.011982177879782145 0.09508181258466734 0.018928747306515496 0.0714834628305232 0.03091686657889532 0.08339586570929294 0.05137159281332726 0.0326781563998609 0.029999739681867026 0.04550517659815036 0.06026916178302275 0.06779822830213185 0.08745816276319 0.03668882769502451 0.03987278967361525 0.04654272580476432 0.058622207819014845 0.003854663339955617 0.09668312842104873
19 0.073188245071195 0.09868604966032206 0.05626309000216049 0.031018926937806675 0.10139725540786941 0.02359897275186755 0.021014506902091848 0.0021289512448368244 0.06361104932668823 0.10141629624453528 0.027880733548572765 0.020465237370477587 0.012879353523895958 0.07710738145944743 0.06505331717156039 0.1028111324030437 0.045289660187778746 0.06638828136998991 0.009649798337950532 0.00015176107790962798
20 0.013427519473323109 0.009360907171753153 0.013640711422799406 0.10268906076681474 0.08773055811741652 0.09600648628734715 0.044061049760669456 0.06807279880162695 0.08793690101869873 0.029927037076150926 0.04250916094978419 0.01816696881873787 0.034308179605764974 0.0567143922094369 0.078862541075348 0.006314894399312215 0.05643583607585117 0.10040692460702338 0.0075496995640528365 0.04587837279808834
21 0.055973031849563565 0.05737167553707324 0.057291095997991384 0.014309440695612097 0.004243852407167636 0.07730950287746825 0.04645365345739376 0.041456090363600796 0.0002540114020090958 0.056027980195662144 0.006336974303397894 0.07632438576444756 0.07384048576631287 0.06313279185566283 0.0380911184228921 0.06709369932075795 0.06967671364819576 0.07584411735300998 0.09620743524644737 0.02276194353533378
22 0.028572319350887405 0.0299991920815077 0.09474879501746451 0.026419207313499293 0.07793795481528464 0.0149851619151121 0.04151897970476641 0.07395428014189095 0.055699545543219854 0.0398245635073917 0.0910190873968992 0.018548074592801216 0.044277742887876496 0.04367477052227947 0.050918870672785686 0.05932918949457065 0.045795486038603124 0.027012605993372747 0.0585740522080898 0.07719012080169729
23 0.05478841490862267 0.04514637997707259 0.00950043083042467 0.00957379418240566 0.07434946703825258 0.04420866078853788 0.06179317049733546 0.08076836340077137 0.027016175514097986 0.0653312677886672 0.0505295928683349 0.034039064213247115 0.06570232562394027 0.049078000901436936 0.054433960843328466 0.06497223244606504 0.07899731632180884 0.04714824603623989 0.054935416084024954 0.027687719735385582
24 0.0102894492872529 0.032222622079244895 0.055841664473459784 0.058602531501076034 0.10372377299005292 0.017247721557447998 0.05751748142729998 0.021984794157610482 0.10500673438958402 0.07543861546620699 0.02908919419707921 0.020044466907505058 0.0325695502753278 0.03263749944600749 0.08674233913527722 0.08093816216751332 0.02850221410020909 0.0656334213400407 0.019534128993779595 0.06643363610802448
25 0.011204863533965008 0.09111284798099788 0.030593947101761297 0.035866375123729165 0.08430156509350473 0.05979387729317567 0.09269919630206475 0.084510530076826 0.04817490703242314 0.0009885995184680328 0.022020642841878248 0.028209231613125666 0.09046142930489268 0.012274481988503998 0.013228010152178388 0.03751537040461027 0.008837257902651626 0.09053875964376372 0.06510082369039066 0.09256728340108918
26 0.014631921264513244 0.04322201009152834 0.07819526267577481 0.011436302457016202 0.08349638515628291 0.08608910861761022 0.0006250570429677226 0.018503596838658 0.0761315688928617 0.08028907402384325 0.05222555646371356 0.08922045571991738 0.03298032270352557 0.0005905041572125828 0.021684644795583487 0.030342537996522256 0.07298412228591261 0.08320628654113484 0.06666053177860952 0.05748475049681187
27 0.06721629371748641 0.08877305409080037 0.05275720702912059 0.04215147929280652 0.04899892737008969 0.0388748956293255 0.05682286216755151 0.0129588208101387 0.028476050347525577 0.07092825803800203 0.030860087988676222 0.05051574395605843 0.047746728934524675 0.02145697011880771 0.09033638169907403 0.05969968322124056 0.07402389772932098 0.023619849261790817 0.008822057035840518 0.08496075156181915
28 0.05615624901698366 0.07849381831591858 0.012941492842565853 0.06260607157193547 0.020411996970228594 0.07748302566610259 0.023402884226249556 0.028767080285836227 0.05831649803948518 0.08424204758422256 0.018154458544201217 0.06171834406965665 0.06921937741212845 0.10522065727706442 0.037844162357287645 0.061177306675189634 0.012964926619361973 0.07680306112438919 0.023501586856154975 0.03057495454503754
29 0.020095771253028933 0.02491184441301406 0.02586097868581039 0.08605389650016664 0.03782436746181651 0.0966187637697716 0.0842786517225762 0.11242323965125453 0.01904422312582737 0.10001145331724179 0.06636989187138877 0.05234971059388445 0.012725484235458419 0.023916322322940213 0.02204503737293273 0.12370939449074644 0.0028700382276284973 0.018778377770688894 0.03617275586406853 0.0339397973497551
30 0.045550079661663426 0.05417301572644338 0.007709255689524087 0.0410684405337567 0.017552061087629835 0.0005533295985489307 0.04039424948150686 0.0477762542625729 0.058051325318212776 0.07134112580703757 0.06624579739007982 0.019864056718541974 0.05845968910760016 0.05904146090516001 0.0857213504998045 0.06509367777821952 0.05195128504028059 0.056219479840128705 0.08589187831211538 0.06734218724117297
31 0.050920884172486365 0.03347833488926551 0.010117866523809953 0.02304626427134767 0.06348387945472697 0.03799902858550943 0.0446804799559861 0.07271186505495016 0.027783128253173882 0.06375296642625329 0.046396245661499184 0.013556739121584279 0.03967911864888721 0.08197133829030269 0.08062908865526003 0.06612846846104095 0.07318762395240813 0.07348218033538532 0.06048413267950164 0.036510366606621374
32 0.09786290434022012 0.09640865949964833 0.05653294332435738 0.06331105593355553 0.0019560987113285203 0.00638251441413799 0.046722684133232925 0.09957213338725612 0.02440478136015631 0.054437181135143016 0.024004678384823102 0.01145102112823317 0.083423836144213 0.06986711445785317 0.08474899507222897 0.048986646082734675 0.037935098979391436 0.007004096101716866 0.01994915704872159 0.0650384003610479
33 0.03084328607265127 0.055662060355582105 0.07607188164584515 0.0062038805744248915 0.054376447156176184 0.12631424618529388 0.004110794467571959 0.12557976598125895 0.02120116177806686 0.03412100882294258 0.08587306110799613 0.04477576404791117 0.09437032863513142 0.001714323810537624 0.10308206051476353 0.025271310793724966 0.013568910907832634 0.03816101334306555 0.053487939326800564 0.00521075447242231
34 0.009769277134059383 0.01913460800673517 0.0015816549073460152 0.04116623992535258 0.053223416324005624 0.07212986163520325 0.05509046898827192 0.12294866433734117 0.03756909243475302 0.004399294659979739 0.0760393842206181 0.05437555418523971 0.03485341091376801 0.0718106596099734 0.09886675317968704 0.12680389524127103 0.03838816817498347 0.03890687837672705 0.02397088732846215 0.01897183041622224
35 0.049762993944483996 0.05369906829442576 0.08452881105305585 0.0010637391814824278 0.024922111835110266 0.00035444052928283325 0.06094221669654872 0.028043618872355108 0.023399561534956526 0.09598575159657524 0.05907484247705405 0.0791660311083693 0.02674842750141808 0.0907594791593286 0.08132099267506901 0.07332962147549321 0.006850042957901836 0.041760853050185745 0.04592391930951949 0.07236347674738397
36 0.024972911425177272 0.02253603405895283 0.07785185758473469 0.07987657098160474 0.07320903902443657 0.06953490721856931 0.07317278911704721 0.06480652372226924 0.009033726184588331 0.027244984064952786 0.04503247105969365 0.048289077943650165 0.0057293992639484825 0.04211833307100115 0.07747909358314212 0.04796395228760175 0.017260123281196874 0.05827716340356792 0.06801203454725803 0.06759900817660694
37 0.08074650753660176 0.07702491359476425 0.018519297732031013 0.06354572370626543 0.0961041447146651 0.04406258733057911 0.06646567882395271 0.04476897552548425 0.01029214980313367 0.06450648994061739 0.07669056981445684 0.07928186951492254 0.019663879500918507 0.009739518300623789 0.0308942197495912 0.05096854737155201 0.005405026850962777 0.07501750544062416 0.03701053993978969 0.04929185480846387
38 0.08641409749877653 0.06161122943659261 0.07811061073976934 0.004115841586313099 0.024756258027221284 0.005235691968457046 0.09483731522255942 0.09756834289361402 0.048495489542064604 0.053536148687961874 0.0536543055285017 0.004368483492615143 0.01947536510362812 0.01834532691167019 0.03633772763385345 0.09026021509073266 0.024049859436701914 0.09902310284446171 0.08207859601078413 0.01772599234372114
39 0.04886012352734399 0.043279373722052025 0.04816128523189707 0.09894192587338511 0.04478388763891973 0.012078450013536749 0.05700018571502167 0.10120472830905827 0.07023354280485058 0.006808563690165853 0.03320851084142521 0.06529367152449181 0.09899727706157016 0.06820506773866705 0.020300380378712467 0.008622573729424682 0.06583827254394942 0.009970340984019414 0.004863637100256347 0.09334820157125237
40 0.004026386620839285 0.06632638520694707 0.04084433777102537 0.010695533741163433 0.08287396726546369 0.053945534490468905 0.06636450034997675 0.009081567214287992 0.07611647635052222 0.0854388552824362 0.02240051547136637 0.07352646484686341 0.03948064354898335 0.08111718903405893 0.04502681893762931 0.050030613267494216 0.08247910907349093 0.02735511333301696 0.046005750331415116 0.03686423786255058
41 0.020233797656483234 0.02991814274896685 0.006652929332833055 0.026820331531015776 0.06793432934008523 0.013705828807235596 0.1148397836153599 0.0048146275701083634 0.06640677951919864 0.054965310479050414 0.023651518182075316 0.06091784870679829 0.04768675470162086 0.028865782559551426 0.10093027476443087 0.06125302706198806 0.008801496582136628 0.08322224830824577 0.09735514640603528 0.08102404212678052
42 0.04770284982583668 0.07674085488551814 0.023130208082727727 0.011585363082266051 0.03480209890213209 0.05834686530766971 0.01433484747056833 0.0684886538921399 0.0657089682954489 0.014317524649561207 0.03206303632102012 0.06210034196306168 0.07424982013012783 0.06532842665508382 0.04542128384834152 0.06783736865021624 0.04270244307272376 0.05647319909622218 0.06324666698708238 0.07541917888225189
43 0.026025470410730337 0.05361839885036139 0.08945855695010792 0.005965883418099115 0.008687144425738858 0.009284023939232078 0.03796984530084352 0.02970246506885891 0.07645402223051495 0.07020028926880124 0.024132012512703097 0.0806660375028651 0.08390149483549168 0.08213915285621562 0.028538363605387595 0.08516406852978167 0.03629367488286574 0.07100364972607451 0.028438579285586213 0.07235686639974044
44 0.07625107700624824 0.04459595302240518 0.07704702455272036 0.039293664448752263 0.08045981441644559 0.052893911483601945 0.010387983716438738 0.05798880427612006 0.0024437739954102683 0.022438042483067216 0.018619709754116285 0.08981249283184335 0.07710913943063853 0.04771953802180704 0.04675731314674054 0.024510669072392563 0.04273081106947306 0.039466074897061255 0.06885551638215524 0.08061868599256207
45 0.02775073742165674 0.012296761725647387 0.056493371297350964 0.024847635927682122 0.07681685011129698 0.08759517704463954 0.016689794967677876 0.04640898870209359 0.061871227351276314 0.0025760993810550396 0.00415524382407076 0.06624468610977138 0.0660933694442487 0.036268608544629086 0.03663012623701289 0.08596992410110285 0.0774406226245744 0.04179353120413142 0.08747783914563659 0.08457940483444519
46 0.0432265390534466 0.002818256608026666 0.05365075164535638 0.11056469183849152 0.0006941509501546777 0.06791263796702358 0.1037502382350772 0.07974518177624074 0.0025269301978822784 0.11540736433042031 0.0128953792513821 0.030856033769163363 0.0035612768594653573 0.018600695922580488 0.04290597446465283 0.09983771816988823 0.002663597743692951 0.11163837836653824 0.019311517865657792 0.07743268498485875
47 0.034329827146551896 0.1002191394272716 0.026181632486368744 0.0033460206565214556 0.052825560144927536 0.03672768185815441 0.011641553403659527 0.055257529253306424 0.01825798138544896 0.01812620027123389 0.14034322269283997 0.06719458314631203 0.09411182158875071 0.06721507543516426 0.14574714679044168 0.012325860863746057 0.031689819067785265 0.018488755314281912 0.06047459783255739 0.005495991234676047
48 0.053549275922502075 0.08003280774455783 0.030786852488582664 0.06182004080172276 0.002982617718680371 0.0809312976866261 0.055054004849418144 0.05391667967668231 0.020851472066191715 0.08169777301250473 0.05756821463324932 0.016333821536142767 0.0649843126633432 0.012558848318280165 0.03554748668879947 0.0875900848175309 0.03162561041534217 0.06113108841406124 0.07875578080871029 0.03228192973707192
49 0.043506999546294764 0.06285399902348987 0.020016011897603693 0.06423848552593794 0.05660369106802781 0.030872587630196454 0.0907037726094141 0.09994922121264471 0.015182394735464715 0.005329584401639987 0.021131576513809158 0.09895621589056162 0.054808948906723026 0.01891620458306834 0.05568001770862464 0.09685365953157032 0.04817939200810748 0.026179435893649145 0.0026097691691832703 0.0874280321439888
50 0.009514921222031795 0.059407654717097795 0.08476534629589819 0.035229251546819045 0.04061333244122007 0.05298423950423494 0.012325080808846771 0.04613725643296184 0.05757970924891904 0.08027904853139665 0.003969997525903282 0.0401648561793973 0.014654242576908786 0.023865398470220126 0.01983602444721536 0.08644208451292906 0.04669904776853806 0.08965420211643367 0.10440890469808474 0.09146940095494359
51 0.05537658606102136 0.0708152016946786 0.10007951523884197 0.02492524366959656 0.09596804115135175 0.01472951763813848 0.0972351500298269 0.07685958565867151 0.006540916818574631 0.04696575435922597 0.0039422639522134675 0.04135314418502834 0.0010189101533302739 0.03863550583007663 0.012006110889564126 0.08780510801255141 0.06006828304927996 0.06946792071543784 0.020384899984569268 0.07582234090802112
52 0.08521682191285766 0.08884112872011901 0.020246023518123924 0.07288563090087338 0.009417059613815403 0.0299360493091678 0.09432101859148287 0.03137058569838348 0.047239377549019294 0.07227048491235877 0.06079484817199156 0.01936133613251319 0.04357092977301307 0.08315377874851353 0.0007548531366059866 0.03368521491210964 0.07485534339047434 0.02335698860974485 0.03389963937757323 0.07482288702125928
53 0.052615912071996083 0.05912248567841428 0.014440694490805293 0.08017013087310193 0.028255366445783504 0.020273535596188035 0.039949856288312185 0.0821761856268556 0.03241058165336547 0.026981412702478162 0.01602112791446576 0.06463121308553602 0.06377307688463027 0.0549407591244751 0.08513720445398877 0.05050846699069897 0.07892562261088816 0.044930827969584926 0.058460403319925656 0.04627513621850559
54 0.028484952591696457 0.043906396801541334 0.09392624762425308 0.01848833822270356 0.0680606618917706 0.003308356254998267 0.01677963917986099 0.021756162125471525 0.04500869515435545 0.12816963500741083 0.02670488750120422 0.08183913868679192 0.02654936762001153 0.007956928587985426 0.06640036832640929 0.08733288168338761 0.06063854317870917 0.11765857448569886 0.01131781513260689 0.04571240994313308
55 0.007621595749574022 0.054026701625157346 0.09653724293122694 0.06429330137604915 0.016969351165267283 0.0913029734462543 0.030066580185243892 0.007796447328188279 0.09100968028178326 0.044352467001624984 0.014001482922298936 0.01708662122941361 0.050622047902573894 0.08391189996809559 0.05689191914145285 0.0443105281463745 0.05581311202920975 0.06326905706491165 0.04848494260112784 0.06163204790417185
56 0.0968549458956887 0.09022443358795419 0.008290397389487888 0.04741665597374934 0.035322717791534654 0.047818831039695316 0.009079398379923031 0.08551135373500779 0.00344071885096396 0.08402408577978275 0.04674003803707628 0.04063714698340126 0.01009183812217515 0.057227331940144045 0.03254405207032087 0.05840237923619582 0.08787401321132575 0.08485266783815554 0.006669987336540993 0.06697700680087654
57 0.06303185684504503 0.08606634503833556 0.00036824365929561314 0.0752289467009986 0.05469190987159288 0.0019129727587606793 0.04387002872432498 0.06182171384894867 0.014772791218744644 0.07694588317148868 0.04717353719594975 0.02716633490877375 0.029632360946668473 0.058509135718759236 0.07315830726984236 0.045542167056565774 0.039666395230504116 0.044345157575063125 0.08567226911798398 0.07042364314235407
58 0.09046615468316016 0.09774822606729573 0.08151089882828624 0.09639948206876493 0.056696924178334725 0.03770200488498074 0.023539874979866916 0.011784276497790859 0.09439461540081849 0.020436217662735047 0.03414002174805962 0.026603108562394045 0.022960218912402217 0.08994975390880902 0.0124748721440379 0.08039733731274877 0.054848295811773 0.0070717639326514205 0.002621790001184944 0.0582541624139052
59 0.032212316250091404 0.0741671752386781 0.09624172463949465 0.06444464372176724 0.02352977481292891 0.07101161062482055 0.04549383439783597 0.031229509613222538 0.07329343288097045 0.018257106678629516 0.01607336582688689 0.03516472506850767 0.09261792038163282 0.06282257365226296 0.030095864408129034 0.040248871712171536 0.07859694983939207 0.0932934104850935 0.009403783235269853 0.011801406532214256
60 0.015526489088432373 0.02846587497623483 0.030486003031930275 0.05554011220072326 0.07241496370240627 0.05904744471204821 0.07102242372015348 0.007876455058306529 0.008763022521380757 0.07647388024962389 0.06757554356283398 0.06420504299322351 0.06047613439741364 0.05837772677565587 0.0756677594658959 0.07121484580810057 0.02504012762245262 0.05497985622667998 0.0494348278644783 0.04741146602202579
61 0.0879270474525941 0.05586661435172756 0.053784102371288195 0.06908952870322389 0.02580639066208314 0.013581033356574188 0.02460623604034577 0.05724665870100833 0.0539544593273087 0.07153705721168611 0.08198286954608006 0.038790940835497376 0.02425588432773501 0.0518995519750564 0.07395380488672257 0.038701977604837956 0.031350723960211366 0.032608664533232884 0.024908606358995472 0.08814784779379087
62 0.048121348012526405 0.0041118832483742675 0.09697115491211795 0.06372552373244339 0.031144867662286885 0.07902487989256789 0.06496315246872134 0.0818035150393204 0.0603812044180818 0.005860518595301284 0.063111496270976 0.09684571991949883 0.004556346544938894 0.026099164707501676 0.02588021324966696 0.054987228501260546 0.06572310482603251 0.031819947091025425 0.05466042599980631 0.0402083049075513
63 0.015321178419410988 0.04899468044866468 0.07614750565115257 0.019296862438339845 0.058796799046114095 0.011905582266874546 0.061067219112222924 0.009054732678849368 0.06056826053927061 0.07863046411243542 0.08269141026279334 0.08183857156454657 0.03502859548679242 0.0800124275064077 0.017685322789511397 0.07935708197032329 0.07329216090837126 0.030781433920863778 0.0557099078133173 0.02381980306373778
64 0.08896308404040988 0.023235583492218784 0.001003690608728173 0.06265021033136113 0.11913424053190057 0.01538001633367885 0.11987464865054738 0.04076886279058425 0.006840771334237947 0.059908376135897966 0.027800192426990177 0.057554030940089616 0.04645936065806396 0.0589947252095665 0.05299361254745998 0.0355638316411883 0.07154665635619248 0.03152873407117059 0.040759933878531676 0.039039438021181525
65 0.04374761105335669 0.010892944523992518 0.020202319025564807 0.01088184794687586 0.029701006458263617 0.08504195224637175 0.04324228474069583 0.020240508582534733 0.049684195091458445 0.08562433600990567 0.07650985768179235 0.047159553888386295 0.06596951940009611 0.062230492022118014 0.07591229217115111 0.07274773977100603 0.0528418027574568 0.07053822685162053 0.04288117591401029 0.03395033386334238
66 0.021311137797466056 0.06005986019734141 0.06462860832200144 0.06053442335235894 0.06580269563070057 0.004473802952544807 0.002677296818450352 0.024265572651780518 0.0135895032780909 0.12402384544614346 0.043912172518497945 0.08632894107244263 0.12018906461003988 0.03906978280905909 0.0382639700879027 0.0513252001214096 0.05210853561252424 0.015053470951024115 0.007873412563701627 0.10450870320651981
67 0.023959425416171458 0.05344302709465012 0.08725576489204762 0.008717615476589414 0.009794317981565114 0.02814527531247872 0.08303111715279829 0.032637722553786955 0.05789275153448278 0.048757408245689485 0.06945120940295976 0.057727481783815815 0.021604392513560992 0.08297822209101632 0.01501388336581126 0.04516705596230212 0.07090810092502554 0.08457972045076377 0.03218936546895823 0.08674614237552611
68 0.03873683691920253 0.08427591502091013 0.06421238687874628 0.04081279133788526 0.00015711130754537362 0.05215089602861228 0.01626607508170789 0.05183611748492753 0.018546446816342516 0.08817312990202576 0.07543978428468094 0.04241772588556682 0.048401938869958416 0.05700597749773633 0.06817427841242248 0.08710049948582785 0.016081721163888334 0.08529765123528077 0.05715355498552621 0.007759161401206427
69 0.04670388424501099 0.08958120596913711 0.10116461049181215 0.04776676011486551 0.01405961811997098 0.10038380238162392 0.0468214350524943 0.06968775118470476 0.04535997596707441 0.009762259993465028 0.04800529835931127 0.0638588349742339 0.03829526579391834 0.018131764831761304 0.0469229171219631 0.04048680278328329 0.05809694633311513 0.04516008674851255 0.05847699198239343 0.011273787551348542
70 0.07923540285551602 0.07118058762338755 0.06190843670490004 0.0235705024623312 0.05643207314548542 0.049522528420452495 0.0005781333580404174 0.01006266846112353 0.06425303437481181 0.03790890316190546 0.07785493542615005 0.06311175493411383 0.01954587386551396 0.06628565689808368 0.07783180853402176 0.05395774794602056 0.05129562912560517 0.06629781343972405 0.002480720098046816 0.06668578916476614
71 0.0031258892067677125 0.008795440880006012 0.09706979797845555 0.07859022422762088 0.01923410336124923 0.034435907327781394 0.04504994158915592 0.0015772631939519146 0.08515386623582948 0.03183964721062422 0.10359529091529178 0.08848727781706113 0.06259905986431223 0.08632892962431725 0.07387336946997161 0.04513791876265971 0.08324358865006604 0.03733106656347724 0.007313749589642011 0.007217667531758534
72 0.09671622638484374 0.08808693257409642 0.013754074655836161 0.10444227613696633 0.09191665377580678 0.051578411678518 0.09491931621496918 0.03183758365269103 0.01466318072765808 0.01949632556185616 0.0037049621933534864 0.043459860380396294 0.039582238650358266 0.027051492262475482 0.031052827264738424 0.10735628205503688 0.011571532027408923 0.06271162354145411 0.06254820871024856 0.003549991551287664
73 0.09219646334495807 0.061755834930789066 0.005068890293115866 0.0914854366097888 0.023061686398096623 0.0736484184782099 0.029423657531896755 0.05982851495406225 0.0838088415296628 0.08115495395726986 0.008104632256985373 0.09387632317913132 0.045862332501780456 0.01408116136736878 0.020403611991976517 0.05021533669983249 0.05534785823434161 0.09742964681064493 9.731527016123933e-05 0.013149083659927367
74 0.09383878476454033 0.07835944639399282 0.06734491595531404 0.058196256976343674 0.04305927324104047 0.045366076199249386 0.10617254025928519 0.08313507461680986 0.007879994147993372 0.026157550745086064 0.024763876780978494 0.0073463890035648525 0.013925274955890521 0.11553090995622271 0.042293341460931104 0.027479651969631914 0.02455366742869223 0.01905569570451746 0.09714506492057161 0.018396214519344214
75 0.03987869118496303 0.060358973312136625 0.07427238660010613 0.041998013760887 0.010179861247703247 0.08313621603877779 0.023016219589948084 0.054994177952671565 0.0014547916969049042 0.04690979857737053 0.06397525265790358 0.016738667393526634 0.0873507147858154 0.03905877655914316 0.05092848553815665 0.038742734510484274 0.08635613156819119 0.0931035466943623 0.0524821224164148 0.03506443791453307
76 0.06980405984137263 0.05986814818301935 0.062159552209763165 0.061600254862089455 0.033171422447460734 0.03183915713177877 0.032506629823127284 0.0626408932711603 0.05253147496900217 0.09066012152851481 0.054870240533753716 0.05346091850421967 0.027404839497654605 0.0017595140254929409 0.1038720290425215 0.040744641911614546 0.09491630698673448 0.0029113142788704375 0.06271651045911085 0.0005619704927386223
77 0.07652349520938556 0.004506704794602417 0.03164965954521756 0.0762820285635021 0.05863482088670944 0.00036415626719680415 0.08681938156773261 0.04161778261869998 0.01001883299707117 0.07060936396787532 0.050183497445481375 0.052745135212806465 0.06672283337629496 0.018804562290999 0.06275857153470908 0.08685782059512125 0.029866429729577957 0.0829852576176122 0.03585819101386078 0.056191474765544085
78 0.05370010943089656 0.010412921463117682 0.0701589196998647 0.05426109816306102 0.032739994262893514 0.07685204811851108 0.03449980056568669 0.06229878527810529 0.024332560318645235 0.008802242721262328 0.059462815541505024 0.038685668674216224 0.063815164533506 0.07170522109293595 0.058832864911798496 0.06549173763094386 0.075779617278605 0.04200150801601338 0.07407357963131567 0.022093342667116194
79 0.07700226687221845 0.07518376046887972 0.0689160997357504 0.04959496836972654 0.004687680323040286 0.08189067609163118 0.012700415217314747 0.026013600242994133 0.02810995920403788 0.08357218214032769 0.05337893246973198 0.04356329907847663 0.03314664058012422 0.05658694589448235 0.046610352494421865 0.0316049267642976 0.04337807994397227 0.04009161536753211 0.06365584790159896 0.08031175083944096
80 0.015445459944927808 0.07294532755171351 0.0827459030323986 0.07392500171463644 0.06685827224288887 0.07363316791331911 0.03761125652266358 0.04799590620808461 0.06302948913770241 0.022572793846302803 0.044400274704627256 0.0023558336638686696 0.030466018669789693 0.07770274269880155 0.0666999221835899 0.0008701820663719912 0.06196825720604758 0.04045674698163529 0.05319096472984777 0.06512647898078269
81 0.05687859019735387 0.03748851394050357 0.07545864370630577 0.0854202007025163 0.038946723165987206 0.07534649050358969 0.04784444266329549 0.004300574509290024 0.08542991288036011 0.05629231535673708 0.01765246957737896 0.0719318936514071 0.05083720402008267 0.08273636006575388 0.003322219931016664 0.025916561344173018 0.04687754411548451 0.05355711610045083 0.045974028592686685 0.03778819497562657
82 0.07152076268447616 0.07411477396394822 0.0632706722653758 0.05250745976500348 0.032000374743166665 0.06809605491612104 0.028334043454806015 0.027632908668881982 0.048489927184238855 0.06510337668090434 0.0732829608332074 0.008379664407628804 0.07923041003476644 0.008875815552587813 0.04885232985877405 0.012659443555910331 0.04981827625131365 0.07171126179774714 0.03862180795715584 0.07749767542398601
83 0.0826736105742923 0.015465356687575673 0.002835221180901041 0.06163186619642438 0.014721640453695234 0.022334443773234274 0.022901012828769277 0.05834690872941698 0.08864987694130085 0.10122698157160297 0.035063657160020585 0.0068413466943509525 0.010520671901306509 0.09280356674757301 0.03627484886401783 0.07363075461786953 0.10109786336490606 0.04890709628381777 0.1020092872629415 0.02206398816598324
84 0.07626401355287073 0.012265369522325476 0.08326881415337134 0.03706330126183239 0.04840843125710059 0.025785737645866388 0.031606094962567624 0.038489627035035966 0.07722811697958742 0.003142940193576009 0.0561018637719539 0.007429646282520142 0.0754009582647401 0.07592831108494166 0.08940913899244247 0.09312462752783313 0.08886621612716342 0.025680502162566652 0.016109651545190312 0.038426637676514185
85 0.018109316540510553 0.07799849779062795 0.027338826577873624 0.007727211024245551 0.10067520154281302 0.07613624246249684 0.07362145431829464 0.07492121210506193 0.055987892814464466 0.02478046688936331 0.05770467676702984 0.06356265500294112 0.04847418200200934 0.017114031251041092 0.0638000370374302 0.010734769806247173 0.0954510436296025 0.015232081084675412 0.03195034259340675 0.05867985875986476
86 0.004846411725076816 0.059748493480020405 0.044739970820474734 0.10473389293663637 0.006455993074175472 0.014477278171701117 0.11052662413842373 0.06820124197449774 0.042970174786733116 0.05923677372745323 0.03542168428622698 0.06096019739509938 0.051946302514616245 0.05216699825031403 0.010830183011982318 0.06660103625814268 0.02277586924701502 0.017378698751404506 0.0826462038509671 0.08333597159903902
87 0.04238496921602918 0.016256987018168405 0.08146904871956273 0.06151061602315853 0.048890193739339165 0.055149826002624906 0.06563786951581499 0.017183756103104738 0.0016367287318492507 0.0019926664367529543 0.00025879363846848994 0.10353729732762507 0.07493800056863935 0.11451327099712204 0.0827492685438785 0.02371851773595936 0.03475184857974667 0.045873375991377065 0.010496368123851586 0.1170505969869271
88 0.061443977004007215 0.0007210841609268759 0.058919183756448675 0.0749747720680474 0.05081174595336333 0.04778765796950596 0.06969442318380835 0.0470567587820168 0.05743512757022694 0.03172151882699863 0.07605571282538169 0.040311810114045186 0.045561488534414434 0.06877969450882854 0.045517085785116956 0.022790371512591005 0.05965167741703748 0.0721306376207005 0.01650278698796228 0.052132485418571683
89 0.05560068807826101 0.025768395124165552 0.08670081712749432 0.007019884051181738 0.08050721836603723 0.09410959636507515 0.027251397386427807 0.07134776397238259 0.02049425822383902 0.08288216358569814 0.05122374135780519 0.020905598006659136 0.02685773923121357 0.017643771769723572 0.08359663227980094 0.03186657700057802 0.031224109330660225 0.06437649178596783 0.03496934952461049 0.08565380743241856
90 0.05564291126376477 0.03815251139497211 0.08581691543091143 0.016289973195357705 0.04979163916246612 0.0520200637361407 0.09936132044514728 0.06813319467303015 0.05052103724130653 0.10689371120870904 0.0920180859283548 0.013139819236756186 0.013934293484650364 0.0119739530674774 0.027204553838704553 0.010347079397739234 0.0034592822353872133 0.08318779671961801 0.06097838096947856 0.061133477370027806
91 0.04281202183900272 0.003716755194542303 0.02587613959657869 0.00547972151315252 0.05631101718003342 0.10207806233419733 0.09916400275086923 0.05482257472131964 0.01205376375653948 0.008113201476780971 0.002678866365774277 0.07162939237672264 0.11152495725102482 0.002763271901052211 0.03570367960631184 0.0740706407790326 0.05867815523536478 0.11839560754848656 0.0920572519164724 0.022070916656741726
92 0.08754069584222977 0.03976328655125502 0.03347989175241244 0.05886773911055716 0.009976944565287985 0.06030059725956533 0.04877905965708974 0.08540045874611268 0.08755947227229655 0.044868330937690534 0.06852579854821009 0.06689613738771814 0.050633002956153694 0.08146550847759113 0.023212937755445938 0.004748140420681973 0.016000692093350883 0.052213279858544036 0.06231805995195521 0.017449965855851606
93 0.093473622057047 0.01333828377604894 0.10014403445053986 0.04781702607833508 0.08648601803852908 0.03281476074362512 0.05614752959849084 0.08797954661696318 0.035858495644325694 0.03757247731382986 0.031047188719724735 0.10439979727000322 0.0004943933664442292 0.012631001852822817 0.06585657832232844 0.020339373162709087 0.06486053202953833 0.028636383583747205 0.07823043629600962 0.0018725210789374744
94 0.029538471986125022 0.11689714546190146 0.08798731379875012 0.0790156439577921 0.010236966532865523 0.09613722882237169 0.05459269313378794 0.08895065979175766 0.05150776555120696 0.034323006968982286 0.010341313810622347 0.044187275192014874 0.005341080379009011 0.01948802872208221 0.029283690593704188 0.017416368230435537 0.010455508543478268 0.09126849490662894 0.07383138756374615 0.04919995605273767
95 0.02620124799946591 0.009980271437696964 0.06945781213789577 0.08600083442797354 0.032550526892225484 0.014128994465088326 0.03821435835249071 0.06681996758426662 0.04060664219948257 0.08898123941412615 0.01640634806935888 0.09476849907832982 0.024731686759825917 0.09589331030797267 0.07367495107739269 0.0507963600910314 0.07905732100568029 0.0487403116605194 0.01921801535461948 0.023771301684557482
96 0.07901349836994466 0.05375269476113527 0.013754360816767848 0.045475612204689014 0.11386372148199035 0.00214370639351836 0.035082262317538415 0.013428585331933246 0.0408199672642952 0.06555756541386162 0.07997929549426663 0.09740369751076199 0.08334819461921181 0.02770721139192675 0.011284923701445538 0.04616018213447507 0.10710290750050754 0.011507466496110596 0.06472190976753293 0.007892237028087345
