0 0.04150617879550824 0.05642019086112684 0.01791435159643515 0.02959544812126773 0.057325043734490204 0.0394292348825184 0.049746792221783645 0.08369451483924112 0.0837142345404075 0.035932521966680425 0.06511741592628634 0.03857047412206532 0.00012031013248801092 0.029731518093215795 0.05399366365728348 0.05950222901266432 0.0810989033996902 0.016697390234529916 0.0730555022529524 0.08683408160936487
1 0.0003163053457989882 0.0761224635023746 0.00290062203191158 0.07120047405567592 0.045278173046156174 0.03717250540400885 0.07630001576079451 0.055247379367352044 0.0671051977823301 0.0782074226608288 0.04113406118845942 0.08743735149460402 0.10211849340134267 0.05664612729534564 0.0023755074261217436 0.03569483239062201 0.06049884679876455 0.022842946099385666 0.03409702381579139 0.04730425113233117
2 0.0006603345198816088 0.0765383046135482 0.03792014016878655 0.037186960617207644 0.04150171549655747 0.0502764991633756 0.06439919188842323 0.03165025645434045 0.053100232654854425 0.04750542757214052 0.08627438370307804 0.08237994269152757 0.06339496334653365 0.07965395885353402 0.03598969275159114 0.019965302368036085 0.02305661074053125 0.08202488758078197 0.045317743083292845 0.041203451731977786
3 0.049952161764544416 0.004692516289626738 0.02597774919484344 0.042691776451259704 0.06555470366632069 0.053999351500233564 0.00011714790382622093 0.07630709215883229 0.05711446636286039 0.04281232988202967 0.06029301370755963 0.08937331238863133 0.03290590185647521 0.08610597689533218 0.06612016634753584 0.06039280858958195 0.08455680225917853 0.002156713875993635 0.03051031933499449 0.06836568957034012
4 0.06412193141463197 0.03601580481618525 0.10773100466390476 0.0640014499070367 0.012866433761954775 0.11405322115503135 0.0009078806529805364 0.011378565308292017 0.00418215915244165 0.06116072863143016 0.09079203367671083 0.009199593817903143 0.03221802572078707 0.11297122705095153 0.06209495297308485 0.10652757463486112 0.04973289219124694 0.017622110750929596 0.04099866545364036 0.00142374426599555
5 0.07994819097552229 0.08058087871080732 0.10295082416060573 0.06905212676355445 0.005956735564972067 0.0749047636387924 0.006055953572141826 0.028641478421892748 0.02594444540066688 0.10631909107550427 0.015873111347731648 0.057454326792699836 0.023522633217474838 0.05506471134082277 0.08731656756251115 0.10195853422351617 0.0020948563993600997 0.01848701534682973 0.04568336084458181 0.012190394640011797
6 0.024678575585110024 0.03047627862128309 0.011239127106697125 0.06059944605332901 0.0034791448674338144 0.0543048993016121 0.09524617626081834 0.056974291439335 0.0869340274174591 0.04279414637314325 0.0138128883927062 0.0770134100767211 0.021328585360913664 0.08462074677231804 0.0866618026825011 0.030109826784507587 0.10255706612404974 0.014226270338594653 0.025326905977850856 0.07761638446361638
7 0.003035082307514343 0.03670818212499505 0.015253818330992326 0.07402561137842312 0.04031444008281269 0.08670272810814776 0.05399271882567993 0.05897136032601848 0.02317093241885859 0.05287654804915213 0.03824950144971596 0.06924087304336952 0.08678814451968186 0.0863898855366177 0.040350433686272134 0.08152368842638322 0.08006573136722209 0.04346160548386974 0.00852242074805022 0.02035629378622315
8 0.08926461999049713 0.03139115996673007 0.07507091823474558 0.01406584941862585 0.01821648780916796 0.08296073598657171 0.008265166868223995 0.04036068492956246 0.06218960899071911 0.06984762222523964 0.05071646818259473 0.002014971711852213 0.05180292033019962 0.08362496002962992 0.039284241292796326 0.0763645119176725 0.02635738020713649 0.07244192807864662 0.08847508523207274 0.01728467859731524
9 0.07587429734975094 0.08853086153722813 0.01773069442510156 0.014248282223512638 0.08160054650234969 0.06761845907040541 0.06860709481431096 0.060461785518618916 0.0541971808782525 0.04224756898269119 0.03130379491966725 0.036188432584461486 0.054013876267316636 0.03372264660973698 0.06923362302268518 0.05144507769663243 0.04520685640049978 0.010130824524042636 0.030462316503747974 0.06717578016898784
10 0.030737229310897802 0.053562758172237664 0.07385963283923631 0.03516067966836561 0.06281394852867347 0.06983451338269946 0.07267115952127153 0.07698714741927848 0.06369609998729275 0.030382411307958015 0.01383568234740925 0.02806640963385349 0.08006836891843956 0.0013225040158463463 0.07346242246441496 0.07848979105280292 0.051190602525332266 0.038511919194917046 0.05732061680806233 0.008026102901010886
11 0.05388146098403286 0.02522644136452406 0.05976583005843022 0.005608711741873806 0.08792983377675187 0.0003623295529084816 0.09972949033784924 0.01711002963875848 0.024061795284170753 0.10449567328470162 0.06619043373003838 0.00526175078853613 0.10499689145126588 0.02982279204580365 0.032993918202054794 0.03947538938551559 0.07764918812322259 0.07059224815403049 0.021200453863177895 0.07364533823235325
12 0.0224946478572163 0.011544840357964279 0.017570417046729955 0.02447218176605388 0.06562784619006373 0.002708221601677274 0.03675864850192883 0.014501124800143036 0.050536364210254266 0.07351292410557796 0.08582107114989092 0.058165708808223374 0.08480161643121296 0.10814244175781877 0.09294101621960506 0.007611443361071099 0.0828069013169246 0.09936440741717494 0.04939773563949275 0.011220441460975865
13 0.04337763834124131 0.091966135561067 6.605012429683016e-05 0.09085898750746027 0.013290303066980627 0.020740529188451363 0.07526504146459034 0.09415594143830378 0.027100034510685204 0.049073171354488694 0.04632488962320436 0.021057276349035838 0.07156020178357589 0.0907829564703583 0.059854156122536695 0.050244225353829684 0.015532633356764735 0.033819801733003446 0.022522922735460697 0.08240710391466512
14 0.053658228386534564 0.01955324694071789 0.09053048028225212 0.044852078934145286 0.07267411847331548 0.060145861535722156 0.02418887792683508 0.04367675830873254 0.05644641670079141 0.014468098349199406 0.03232853655119997 0.04349416143224433 0.027101930600531003 0.0820985391872128 0.06133059561492139 0.022748688460727463 0.050658403099058925 0.0614673417438456 0.043835749387931534 0.09474188808408102
15 0.09306203711984867 0.07168479298272266 0.09696559065744083 0.07537155673159449 0.09744924440510531 0.03931432885823277 0.010819953577452354 0.005356733385109477 0.0007301303222385573 0.01935729141744836 0.09861853896418112 0.00806817279085412 0.00978336404813332 0.09354023099784697 0.027052999119377363 0.005111544980429519 0.06128364091393899 0.028229902722034524 0.06818553308454796 0.0900144129214627
16 0.07956334556107778 0.005484728212534275 0.05942539113086999 0.03253384731003631 0.08788874280510413 0.08451068982590151 0.026179220797196437 0.07077309686181489 0.018338913323716843 0.009739661388266683 0.061096884718218634 0.035801398355992456 0.016552915808032004 0.09555282679320719 0.016644856011496248 0.087620457710605 0.08209411188782396 0.013916184454230112 0.04288788834279879 0.07339483870107667
17 0.0021491067690850713 0.051188643278680335 0.050535471342027904 0.04262890435250195 0.030185455519774137 0.06478415042378745 0.05273100472709557 0.0807940414719938 0.06163388404428484 0.0640153206513624 0.04927784617596906 0.05029727302764457 0.10309276562688939 0.04965668746071329 0.025238780401475286 0.015991210142852996 0.0033440791826675332 0.04887417878206885 0.06926792462013742 0.0843132719989882
18 0.0006649309476096282 0.030199410045044353 0.01465890977459577 0.10677841624045213 0.05119926627279916 0.08786525528153859 0.04431216084622045 0.03830922370253712 0.07591089632237683 0.09508376756447944 0.005469788233961214 0.06782778076384934 0.05442559780663329 0.0024221027798744087 0.03234118080620724 0.013857122821437126 0.058734042172303116 0.07305800040110524 0.09847979053077406 0.04840235668620161
19 0.034320904169306644 0.0018755717886557177 0.03155558732110561 0.07908676040344995 0.019887000376516605 0.050948104646680654 0.11593595846715293 0.015522070956670032 0.077572075249746 0.06532116661235714 0.029606509663443567 0.018269332249927193 0.07959201146697072 0.02847060563086211 0.09650002097312727 0.07828089508210401 0.028819899648636526 0.019329537826277162 0.047039193382759144 0.08206679408425115
20 0.09930134215952555 0.09036091039172521 0.03848254981902555 0.003851608502304474 0.006654834155125842 0.052381654217831974 0.062217505924519655 0.05187449619124832 0.01580464778334773 0.07007558349043586 0.06648922505100298 0.06463546819011605 0.07490406611289287 0.049692884606695464 0.0245572374051212 0.04692809438363651 0.10229710446054806 0.07128940633211568 0.0017318792004912384 0.006469501622289851
21 0.009051873974195167 0.025389352568993464 0.09518867096081975 0.05888628135932528 0.031422899976955916 0.06271591782304071 0.017248908269928157 0.07755716288027358 0.0008782746929332937 0.07821987590877118 0.07665082352465286 0.07851695354072087 0.028830977712869153 0.09038622903520209 0.028218949249665882 0.027909483074024993 0.024283444556319388 0.06973994035582126 0.07418593114135774 0.044718049394129246
22 0.06728825727369446 0.07479957313934817 0.016180207931072624 0.005980256930842651 0.03341334848103453 0.003309635859866567 0.07845763474053517 0.06502217881428295 0.060130727708099754 0.057403040730777954 0.05983697355993353 0.07704456553045051 0.08333134772540525 0.0816420812454588 0.05319001455060722 0.08383957591946321 0.06269587198170978 0.007569792068085872 0.021390024125149378 0.00747489168418162
23 0.06042601964301869 0.04362066984906545 0.04731869252892543 0.03495858987216769 0.029527499054735572 0.03314835666449708 0.07005799153123607 0.004667208958839174 0.05216937887645943 0.07957996869610619 0.03307587402017141 0.08980628524290434 0.008153171145574036 0.03505983261124477 0.06915490796966801 0.07647847941919952 0.027802703280759147 0.05261290546515678 0.10357462761986713 0.04880683755040395
24 0.004847924907406683 0.07161640811041955 0.051757979681329946 0.05054778555089888 0.09642280424312637 0.07802127840559848 0.027312540251358944 0.028772975303264933 0.05255410486948936 0.016172923350072338 0.07640761712789686 0.023729545313783903 0.050185754029398656 0.054779939343979296 0.06350125539764193 0.09192247526198669 0.05614957213583439 0.003993268651550784 0.05285549561044819 0.0484483524545139
25 0.09564331180214866 0.07512880700103468 0.046218636753681146 0.09066832847474601 0.018968733100141796 0.0300465587225529 0.030256105757073794 0.05365136937058388 0.04493746750730937 0.032671981993405666 0.04067398861582194 0.04814011030166108 0.025323948006892895 0.04430106906333342 0.07059807243293842 0.03081961591774194 0.031444271147356616 0.06264604090232807 0.03710111756965822 0.09076046555958966
26 0.11426272161992257 0.03643964360037487 0.04172262385100154 0.02824079174573809 0.025215763090784448 0.061983894054350064 0.0861146537081584 0.09811360880359932 0.00024383692612273583 0.035699792011845435 0.05955616296268608 0.039212319444096456 0.08239453525104765 0.02922333899366269 0.02459276561214353 0.0842954783656054 0.011609304707145347 0.006500502713011911 0.053065606572037065 0.08151265596666635
27 0.042045925025009 0.029272924126468213 0.014579433177714785 0.06542742638150183 0.039089475088476516 0.07255525146361429 0.07588164723601037 0.0728086934783565 0.0512256009321396 0.07474338360259061 0.024165164288229405 0.08333991668931082 0.04774022533081271 0.0638931851684435 0.06676279998226516 0.021312489892803533 0.05284986661772498 0.06697463590989992 0.02334091743644513 0.01199103817218311
28 0.09108190052177775 0.07861168917811726 0.03781714540063909 0.07575729333982544 0.03897764633623975 0.03966999526051448 0.0250309251565696 0.05304876291019116 0.060961038718958464 0.008699649848410596 0.07511127835904456 0.08062538370919377 0.05369323409481566 0.018828442628905023 0.036361670624110824 0.034261394876794075 0.08337782153221622 0.03562363583423076 0.06878817089939286 0.003672920770052724
29 0.06719433875160427 0.018923146316275136 0.11927574278391376 0.04477454984095777 0.06039794778630839 0.044106606990204446 0.05210659717345802 0.06900943818320691 0.006252427693217809 0.06816339330158384 0.03478789691227702 0.1161999270686556 0.06250889393380551 0.021287906641064117 0.021429130451373506 0.04060077078930103 0.012842155443804917 0.019178032731692798 0.11129869394807908 0.009662403259216346
30 0.06785932444762659 0.009336631928183155 0.021745882107249388 0.12115844765625883 0.02260685231541986 0.06363769096336629 0.019687984942965395 0.023226159294506367 0.05080218219775468 0.06066391846572118 0.03464362842628877 0.05446645833099288 0.06064679129413422 0.05071526544781407 0.03948318396332256 0.07679318101458553 0.0004773688017048991 0.09083971773983802 0.023498605512394913 0.10771072514987257
31 0.061317698997597835 0.04916926043360873 0.06131195141738987 0.06342662590454538 0.07288640933277778 0.06054823628431941 0.011934761766587032 0.07114427051328738 0.06145441599436029 0.051548162520388505 0.0017253837313471777 0.05238835521910092 0.01647851228163384 0.04739331606209963 0.06559101206636128 0.0734946936731307 0.0749065343433521 0.035801591707698054 0.03088201457792528 0.036596793172488644
32 0.023223692937688882 0.04196599931490245 0.012174239501594367 0.011611412334249107 0.09628307895861331 0.019805639498057682 0.07918758072720215 0.0991655773076021 0.008159492683532414 0.0042284134002961845 0.04519308240675484 0.02959459213161391 0.0937378624322893 0.09911528179126339 0.09019642143456424 0.053993484151505934 0.026094384486188112 0.03924732874213184 0.050119056943003386 0.07690337881694641
33 0.05753447805654178 0.0794230418454131 0.058269524003736216 0.0686779007753073 0.07636561840623418 0.023725439412291324 0.0457544249247262 0.06846466598798723 0.062243189300186616 0.040577159746537306 0.06573206941813532 0.04703478181640923 0.0012960707327999328 0.06742369441420114 0.016614383646446466 0.06109563924595857 0.06245111892203451 0.06563441107092385 0.00963586870637415 0.022046519567755593
34 0.03215087620451134 0.044203066012003134 0.017742420949394433 0.006936471255642611 0.03986283581740072 0.053840602340196365 0.032042043097718395 0.0173079926007761 0.10108916467550502 0.032787089531607534 0.11173347266499235 0.05103064669199314 0.04265979149586442 0.0012599211550620847 0.04477491150721948 0.02871630499707575 0.10559076351185329 0.07908368053574887 0.06593634768047357 0.09125159727496124
35 0.059821800425797586 0.028994819910354443 0.06223319098574599 0.01600398449307969 0.05153358974405296 0.018188389913399553 0.02986835682866379 0.06380051634070205 0.01676288406271789 0.07782634494592756 0.05619305974392144 0.033686101457249464 0.03947775413034518 0.08472450735742959 0.09155577328251185 0.05951521664281348 0.04862569195579891 0.07237320668579808 0.02988169517499484 0.058933115918695524
36 0.02342720980227097 0.06615933051903616 0.043252574944175594 0.014496557993182347 0.07516504448620054 0.006724045503911912 0.09858058401018717 0.010677267550786552 0.00599101257611462 0.06306442623692098 0.0825611434558896 0.056466318934895 0.061961578445517675 0.035347593678912236 0.07668162149286702 0.03179038583329169 0.07384115365820514 0.04758920812903366 0.033210534128610567 0.09301240861999047
37 0.059588405350052956 0.0625763184267341 0.043654020234971634 0.05538949955167083 0.058104482562184756 0.09642140667985213 0.059767743746388165 0.061919875365663984 0.022803794628072093 0.07546967707449119 0.10856846592383505 0.00026135609199634427 0.011512702298744189 0.055994828668035096 0.06638420060426282 0.02015272123224141 0.00311109575581899 0.09547010536130357 0.03527877887111501 0.007570521572565719
38 0.01784749204704708 0.04306934136622578 0.005990366447303617 0.019857833563379453 0.0009719634437006913 0.09474510208919677 0.09559265979213698 0.08531662970130519 0.011704477508494706 0.06247847879185061 0.04004367293651202 0.09404739000934684 0.08263097949598469 0.025400032632411782 0.06172831397502847 0.08074795253593013 0.04916890314254466 0.06565388523380795 0.05707084845034618 0.005933676837446398
39 0.03273404196841332 0.05303198248700191 0.010771564913244663 0.0418775957507844 0.09301693856656638 0.02838865065587918 0.016265653429528012 0.08525682371683335 0.06984033794000803 0.056996952311838864 0.09101019572132509 0.011661798034607637 0.02712419353194648 0.06936553240956803 0.07770014659854886 0.06308823354467823 0.05676350865031247 0.09196395417268036 0.02059241856273378 0.0025494770335010427
40 0.06634929296705587 0.06407534648359405 0.045829861522081995 0.09207546046333139 0.03170423793548915 0.042896778594842304 0.03222991733546519 0.05176963174670292 0.07222348779327567 0.06799070826505944 0.08252735474924532 0.06517477982130761 0.009948507157031624 0.009426939204053303 0.05408366828888318 0.035711821400541764 0.043114175203036925 0.06284472477749253 0.010723385056560049 0.05929992123494947
41 0.05648020814244417 0.08042345186039518 0.0349183966436841 0.044502874604913534 0.07318098964735524 0.0351938989820974 0.044558372073732505 0.012190859104598635 0.08080801390134916 0.08268358042655014 0.08032718063005466 0.0035617905426000625 0.007370950983596623 0.08139076234643822 0.051665072853190795 0.08138782329880864 0.05976440425360629 0.026021549717818677 0.002899852007812232 0.06066996797895361
42 0.0884885602214823 0.03844761685466129 0.011456625190496767 0.05828896671723544 0.027344308742599598 0.05926715176968675 0.07973571894056104 0.014801497451900123 0.01399119807403483 0.02612005373072981 0.034338532975554725 0.02373618984348091 0.05368416946627745 0.033750067301901034 0.100226697828897 0.0455721916804638 0.0745192191090132 0.05003703577290745 0.09799677777511165 0.06819742055300472
43 0.07667008598424639 0.08308068377128822 0.031838505515168286 0.06034271016420895 0.04504437889058097 0.06796770984934654 0.07309454039276063 0.08402788454369442 0.07259835719523465 0.08641111823803146 0.05307958212781418 0.04657677361152103 0.005410308577170845 0.06631833699937462 0.0044532457472150405 0.005822457424335905 0.024836722352043587 0.06328379829354121 0.01708182249624952 0.03206097782617355
44 0.046609296988754524 0.028909334508435552 0.05574306948230336 0.029426072968996624 0.0418126812442294 0.08824231897072113 0.0742628214173688 0.0881644282174867 0.02736954921541063 0.044169963724123656 0.058408384959049826 0.07866998833257714 0.04573265390538873 0.02019881106453678 0.018496986796391092 0.011885608446291005 0.07253949092964748 0.07069047842574305 0.08283840151905303 0.015829658883491384
45 0.10717539174820595 0.1050570518522966 0.018365732107384503 0.030916341879097874 0.014812448159587429 0.03184388369948787 0.010357916362097198 0.04811083348476789 0.021918598036061332 0.07666721101285988 0.06348981438251373 0.03563078475424932 0.043326742145450424 0.0010044295279679509 0.07599797771638644 0.004663454240498532 0.04395650903789832 0.09256188875370748 0.06743810686746632 0.10670488423201495
46 0.08398895187042707 0.06619599145629057 0.011990805944306116 0.01647144486861291 0.05311033996540737 0.0695949575192328 0.03133569935507279 0.08804852452681618 0.052890684474118016 0.05356542315229187 0.05155283509835365 0.06016880926010609 0.08652257947958188 0.02075393575324156 0.0418729903199877 0.03835382027457386 0.0228654002764575 0.05057080002751431 0.008120746176408816 0.09202526020119882
47 0.05027458887478795 0.0406456845497842 0.07636309254190043 0.0051668805743868415 0.003055008248215602 0.04793041465785188 0.046742052007522114 0.05238769369684314 0.012623207636127096 0.06547523590367949 0.07961003809204414 0.07115745244110062 0.04619668010468088 0.08102687792132417 0.08777240798514457 0.0402560746126652 0.019752803938740397 0.054898681694135074 0.058647549441184756 0.0600175750778814
48 0.08541446255910051 0.03518633413713985 0.039656985123339455 0.06415829544518303 0.05832335910766801 0.07059604270586077 0.014960504989181644 0.0429056534404669 0.005598598372600484 0.1100177863616681 0.044895179494074025 0.07325707135856224 0.09117411238921115 0.07544662276924674 0.01435460052001825 0.040575951857196334 0.03116759858751408 0.006827971425578745 0.0505451868604068 0.04493768249598287
49 0.0214736211051599 0.03495648602187529 0.0006894446304496183 0.0770219656762183 0.000824921419219877 0.034639860148480126 0.10714824955532637 0.005328668384568554 0.040370659710548096 0.02144954793400719 0.07411611891565913 0.09813178938792387 0.09135453529662949 0.04996769589261542 0.035684479255397125 0.04914228310364817 8.209448388165308e-05 0.12670837090590592 0.07567617309902235 0.05523303507346373
50 0.039644379455887294 0.08705963630399402 0.03590454710914336 0.005623749437070781 0.07932559922302916 0.06965320418431308 0.05373545187837107 0.08354797531754811 0.00877635456234814 0.04071632357376604 0.009960121584045582 0.057279976040190764 0.05249742806547715 0.0897659272747256 0.053329579114435366 0.01395652668802697 0.08166389919659503 0.04314021938467021 0.025580856330943154 0.06883824527541911
51 0.05704937005301542 0.08052707829830165 0.02504423313840696 0.011381028845593624 0.09764593892850841 0.04523984578690403 0.09108669635320285 0.030050230882533 0.021632229142446793 0.08720816742610388 0.0792428126794211 0.0014466439885753718 0.05832966236264562 0.008381237626828224 0.0850328538540651 0.00160955070435859 0.04411664360680042 0.0944893124565589 0.03651434223472556 0.04397212163100457
52 0.02380994760562554 0.03819801277790196 0.08459731179591229 0.016889428177141952 0.08434373596209256 0.041958699616284456 0.07010531194425852 0.06258691324514519 0.014735982930685905 0.07168747440790467 0.030130726993239813 0.03764809838748764 0.03049214246824351 0.0400941301414922 0.026821718047296838 0.07626077241928399 0.0636687356065012 0.07769052169048256 0.07236222865354719 0.03591810712947216
53 0.034355607069510075 0.07189916356651857 0.007676746500115186 0.0401208119867209 0.007157629750680879 0.032648673274272094 0.06315411816690424 0.10163658882658044 0.1099869565946335 0.08018062143270939 0.07971140415195845 0.030398200966886023 0.012284889587783673 0.06315804323539159 0.02937887232147145 0.07920576344160506 0.060130888516344426 0.044011302939530705 0.014303989978854079 0.03859972769152939
54 0.054420167562573375 0.0012032611106961805 0.07976962187372387 0.07423364270304719 0.024418160387998943 0.08237685028212786 0.002482931100164762 0.021092831414141554 0.017348908145361767 0.01605393046964781 0.07895925503480442 0.07155692596250265 0.04823427572728009 0.00697868972316813 0.06840670682691707 0.04558467183598347 0.07935401599895904 0.08985279136197857 0.07532092761833913 0.062351434860584226
55 0.03593598627889472 0.04741893862569991 0.09658475084859645 0.0012511841359956143 0.06148163751071745 0.0715206366002813 0.012458565420189456 0.028681648977116416 0.05710645782188673 0.018459271781824518 0.041179279640437515 0.1078343065294498 0.06646195606475803 0.07465886795389956 0.0018614630940935214 0.08533732073616823 0.051733492525995683 0.06928633506547265 0.041088219023399944 0.029659681365122523
56 0.09195301413142784 0.04997369450223754 0.02833118134594772 0.011132130955976725 0.048795502327387844 0.0542797274595972 0.05586672455800898 0.09388360890615734 0.08621677994721735 0.02541316556491768 0.07760079700543834 0.0010536279910885865 0.01091291618095181 0.07972301561247293 0.02117077012462843 0.0768248282323724 0.009027754474094029 0.0810027506417361 0.06362256854294737 0.033215441495393926
57 0.06937596618521112 0.06472648367682518 0.039141197453256955 0.06553443722837196 0.0022997945342639104 0.03123690611948013 0.08056314943402475 0.009921216759397024 0.07771206940910146 0.0745551811049175 0.05231621333822876 0.04878831740557255 0.0665209408203968 0.0312450496311364 0.03237331937421305 0.08297012841238645 0.011474361971258859 0.07929195507295417 0.00038106594390360896 0.07957224612509933
58 0.040148464106479306 0.07947106102411655 0.09399979147100007 0.013912289292582689 0.08251651778023535 0.07748492847821208 0.07290843241636663 0.03583504366711869 0.05372806037138564 0.056805639352804575 0.0964918897086817 0.028267163340028097 0.0066416982315209835 0.033294565332073256 0.07670425363813767 0.013991450192481289 0.019587100755546424 0.008831011638751565 0.10409281027425708 0.005287828928220406
59 0.0017438714895856877 0.015609288524938569 0.07035929293725768 0.07073029858783528 0.055548555076452066 0.05127238698590372 0.06411462144192527 0.04602052978822516 0.005648926791843107 0.04281173311229949 0.07721449266965305 0.08229897715141285 0.06248715265550269 0.07382516808166663 0.020987356338601538 0.020283167538117 0.05195926523267777 0.04322186294626785 0.07269097407576042 0.07117207857407427
60 0.01991222835282682 0.09372373521008777 0.047891361318214254 0.05441277405706389 0.0005344825139949059 0.051346575101625505 0.07562985353921409 0.021488526289836753 0.052553286093081485 0.060079513071095485 0.08078248226653251 0.10240373543493071 0.01217929818620448 0.08990825765109871 0.021524494680464325 0.038551539663834504 0.02787659324566056 0.047469991245800605 0.007076246186850283 0.09465502589158227
61 0.09245693969511735 0.06805965088967239 0.022386000053703614 0.08230510157701323 0.034443118095906375 0.09048382509688827 0.02788095569671938 0.006736551178235154 0.027257926419566342 0.03367638022106217 0.08362211878483265 0.09166267931808951 0.013334922489586775 0.04390116226744492 0.006739730633765312 0.071307027105448 0.0967954767252051 0.06415705904980405 0.01392733787492291 0.028866036827016654
62 0.06839945413753423 0.058507438883219236 0.0921697528579711 0.07465445509308022 0.021993198900058863 0.003294600717434269 0.057250992197528355 0.0303437173728888 0.021530638197031333 0.0160624121216035 0.018279370465947326 0.06660641244153337 0.08202374834610296 0.016311973952231922 0.053426406892621424 0.0875521928209998 0.08486214052759597 0.022662667707964927 0.05671700972907179 0.06735141663758064
63 0.02684449741007619 0.06681879446846219 0.03495817265641249 0.06323223026989257 0.07770673027863177 0.05165915981312808 0.054686971609116446 0.03592612090348596 0.08080264228796154 0.07089700988975531 0.021086743415795656 0.06932766184058105 0.03784669506342451 0.06625075784890933 0.013129676559075164 0.06194484230213204 0.04158034824026253 0.050164602122092825 0.045787601597757535 0.02934874142304673
64 0.038477467607913665 0.02541004351544448 0.019672125739109838 0.08681115131225674 0.07079896259906553 0.07624297849527722 0.08400285558734522 0.07122294069300043 0.047937438971775145 0.04808230821356339 0.039610132597356525 0.02598277915034975 0.018833009373333036 0.04524542119031388 0.0016277756883879939 0.07336400183944437 0.06862175381388641 0.043663944775371125 0.0614162571773539 0.052976651659451354
65 0.05171154840785219 0.06378764821813057 0.0592705851439592 0.04762382571916546 0.029756434254895537 0.04385632457623647 0.05367640420698767 0.01848010900060877 0.03467753710587692 0.07120150424033513 0.0541051380031619 0.0769218924429402 0.04943626588580508 0.07329566864296888 0.05849178674629625 0.0031620145987308287 0.07715316393628831 0.09702259302209834 0.011203951071821233 0.025165604775840966
66 0.025583734691097773 0.0031900998752713125 0.02418230810918463 0.09755951626027487 0.02792798630915871 0.010931145871954574 0.10010908800841842 0.04541274751119443 0.08861047341364747 0.0778303967198334 0.052168069270264975 0.015602073136064189 0.06053987243353385 0.07280367033648553 0.0652064064327566 0.07183461844611387 0.013389992885950951 0.0091473468583924 0.08830312901277253 0.04966732441762946
67 0.028438128116558603 0.052047125549595126 0.07734752777842542 0.05817845025122948 0.03214471656525662 0.046826935386949785 0.07973066383523666 0.05935011358984877 0.038709531565483846 0.05788328296612196 0.034689317893292555 0.0887568992260072 0.04406866734154924 0.04274284230175569 0.026978009829696874 0.07965147170607328 0.020046150563369853 0.0015850249420934666 0.09175695734767492 0.0390681832437807
68 0.06942814791783819 0.0547041436301043 0.07000611804543272 0.05428561322251161 0.04986884420142815 0.06668142712482533 0.07754753068185907 0.013879429155096856 0.08113759677122888 0.09633436147891677 0.003561452428420424 0.05266240696151585 0.05044771286522382 0.026179324640200504 0.028414803480695878 0.043928552486907205 0.07818160145846702 0.02939907018439698 0.029399828064736514 0.023952035200193997
69 0.01087192207830843 0.041363641525799216 0.0796947529733418 0.07958425510019057 0.027530613902987854 0.0835391742640907 0.011394463666786848 0.04445302988389459 0.03145255252880698 0.03346576287010288 0.04116334836431823 0.006984524489862057 0.09432118935616282 0.08087582431945432 0.030754837941622332 0.027875089574461956 0.016523087413528256 0.08577847827472006 0.1017174867343895 0.07065596473717056
70 0.003248136350953742 0.0015474058989323907 0.07391396385300633 0.08886434664788419 0.04099864946090659 0.0854229573042807 0.011257804481073712 0.061979970808075165 0.029616256451839122 0.07949960789992917 0.09289020579884578 0.08384305397671961 0.02566361677834454 0.054491336466822374 0.006383833178690943 0.029141007531954262 0.06791848892733526 0.03378416382943426 0.07036006164328745 0.05917513271168451
71 0.02625381237344282 0.03594683056058498 0.10007105913828726 0.06113152597353398 0.04403550837732062 0.07815479628180684 0.035078445678543575 0.02617883910879875 0.04919926862666943 0.017871756077928368 0.010278242471373033 0.025568675943169902 0.10395140816203349 0.04636319891994497 0.09743561935732364 0.05707893489222132 0.05091241002381406 0.022189469909688363 0.07264338912681917 0.039656808996695436
72 0.05022628718722943 0.0652153840478491 0.027903332314736008 0.037851519076965406 0.07032168441649192 0.07073730142770715 0.07318770537552684 0.060105735236869524 0.08189477454280127 0.0038577919328675546 0.07002808856283181 0.07955573067793309 0.03333584292276327 0.05944760513661888 0.05012979513978015 0.04837921658297925 0.037787424018082584 0.07343574991807145 0.005846571603652272 0.0007524598782430221
73 0.06392586970238073 0.04881193753677484 0.09171791760397406 0.02870781682964289 0.047733548346007126 0.0543830125646337 0.0123186189601001 0.05679837652283876 0.08459332074306755 0.0261886733302704 0.03568074930930231 0.00857897236972284 0.06016634599724836 0.036464786261872176 0.012097736321371849 0.05327815345068078 0.08275864986163306 0.08598793540567502 0.05794969490090821 0.05185788398189521
74 0.06896912087857193 0.012002540776009263 0.07100203224603127 0.026697119898657702 0.053901634816088395 0.07790789727921206 0.06138582494557577 0.01192259231874293 0.08655572169187922 0.06542854373436224 0.09126103711177624 0.03275543456050202 0.06283180571278578 0.044408320793462554 0.008526914177021226 0.03972043801508603 0.0415420796677515 0.04865092029441141 0.08042202691271759 0.014107994169354973
75 0.0001475891729412257 0.05712187165668618 0.05182749318636195 0.0418185062317317 0.07792883952880515 0.057804621427811634 0.028375280461744683 0.005051557488630919 0.054269686193488854 0.021004143319994537 0.09420104445911512 0.06072778027896131 0.07803541437733666 0.03334513145665863 0.06840254292960289 0.07852038510928513 0.051142902871373866 0.06278281344069532 0.03360923797617973 0.04388315843259471
76 0.05659070928966834 0.10594934660147101 0.04403901531469857 0.01074569457485828 0.09726370178430117 0.045108857672880316 0.0029940733848546905 0.031885429789614596 0.030419077523236797 0.07878503837740745 0.10566816116296442 0.11658713811822138 0.010506657025968072 0.07931617515535669 0.0028922949276510065 0.047208875520953535 0.06570365154970606 0.0037541312983234783 0.030058967105466676 0.03452300382239738
77 0.002022384286587189 0.046504403892626126 0.05285363477917869 0.07425037947265857 0.02792357017897358 0.05809986001112516 0.06137370696953172 0.08662803211696138 0.05497743040761101 0.018814005740805977 0.05816800605650351 0.019911684472087965 0.08116516997379405 0.030816949388130743 0.04237692967167428 0.07568550156021804 0.04505287607193328 0.07989979260439584 0.0315978064468387 0.051877875898364186
78 0.006772763498467694 0.007819160661895141 0.03519532648344605 0.1001777543444464 0.07203360731256636 0.035541837958428864 5.2192462942131554e-05 0.0371783159000447 0.055017939451805574 0.0030492090365460242 0.08264496350657252 0.10161019090522025 0.014619544601211338 0.12016494919930598 0.05345546358517396 0.044070942732697 0.022359677967817893 0.0491019750483718 0.08085697015110448 0.07827721519193578
79 0.07844624443920342 0.03863948429698098 0.06441414757466635 0.06977434751613754 0.06036885787041427 0.048683351020732776 0.056988457696221455 0.08252823491059169 0.0036091229414713854 0.037859921346084485 0.006521367990016462 0.07926796983538496 0.04138447289850415 0.04937553558195043 0.07536011578451529 0.02995296541497563 0.007714247617498477 0.050608043575974426 0.07838174598549136 0.04012136570318451
80 0.05203120357597129 0.04299998333492138 0.09379366125234534 0.0015448795190835538 0.0825437719985339 0.05165996982351304 0.03333355998792504 0.007954452387392041 0.030777888700019407 0.057664431121597554 0.06838032831504547 0.05012115164176786 0.0747791492664751 0.022995736446742212 0.07288039723489877 0.06942615596820573 0.047495884450778805 0.02899722090916513 0.03981499171649593 0.07080518234912231
81 0.09114874272377081 0.06657510354785627 0.029341227178744423 0.07113959048147009 0.027040256809283944 0.0835412703554624 0.026734282340296196 0.053716653389761844 0.04427219837733546 0.05361551250601466 0.06543373730886579 0.07035353526856582 0.08498339373397845 0.027042672403188705 0.031199860318741387 0.008999846349457915 0.005263765603134 0.06407958313496487 0.031190478707377994 0.06432828946172889
82 0.0818434628274093 0.031670931786508455 0.013070100361860003 0.1171662164750578 0.0814750901048556 0.11120564142062976 0.007617046248339197 0.031093422808334395 0.034689037866585455 0.019060939172087645 0.035344856454762826 0.032719276519093184 0.08116453005805446 0.07783252661404197 0.0054793720464762575 0.014688274119330554 0.0024107313208771354 0.0937279323665569 0.09745126444869301 0.030289346980445924
83 0.0750223770545176 0.06502557364874414 0.06990530797569693 0.05718149759880749 0.061688640006053015 0.04588477674645875 0.004886854182171437 0.02060791283332161 0.029985519452206486 0.00837927395126049 0.0757978168488264 0.07113785577568454 0.08279964821460856 0.05494365712388721 0.04143879178111681 0.027429381456254846 0.06882569812429273 0.08119085599508492 0.018731045894436932 0.039137515336568965
84 0.0243561559449833 0.008847533497100301 0.08057199167177088 0.05452637521265401 0.05354771590375615 0.03667542625182376 0.04706831335425803 0.09900745419593167 0.02656275238579718 0.07293918442535098 0.07465707131004506 0.05211336963285584 0.026831790157183854 0.07888845388739406 0.004676313964304807 0.037974868811823104 0.054357078052639576 0.04683267829249303 0.07708023920687126 0.04248523384096296
85 0.08619106500912864 0.07514518026798346 0.02872884796160711 0.05401620110363845 0.006052321471978659 0.025732526112430754 0.05683468008332662 0.032922901482863094 0.08856828056543328 0.02379225374650855 0.034657989891128026 0.05448667060432334 0.09565469872055063 0.03886315948417138 0.03369975491367973 0.06539099247336261 0.044094308425323095 0.09130859781022316 0.032651468394559964 0.031208101477779245
86 0.0888070486389866 0.048073324800212244 0.03779277551329729 0.05600307515401346 0.04354915115561363 0.003509976416705227 0.04285613147698519 0.06575821743566895 0.04506735699817459 0.07695037076283616 0.09801894821591822 0.05901307219227045 0.060575135601042676 0.0371274571119808 0.020239827175487713 0.05248779958759936 0.00259247470183377 0.03341438688979261 0.05566450199590212 0.07249896817567893
87 0.07245099321176289 0.036517033468516036 0.06297667009732337 0.015972838760506897 0.09240248767039044 0.021661604756325045 0.09414498459814136 0.036850025716189776 0.04104657815529471 0.0003919657458441215 0.0960403425196931 0.04707259270614252 0.05320977150297722 0.0150032604368226 0.07192104043461034 0.04946293179170351 0.06058487811021156 0.043714197227963436 0.011103562323868457 0.07747224076571252
88 0.08194453610520526 0.02722840010420675 0.0414340634436358 0.1104557831337685 0.00043756345694422136 0.06667562743556789 0.06514827435625387 0.08109224511350926 0.06896894585189946 0.0889478417861145 0.028748032147502864 0.010780577931439153 0.006942456400392474 0.03685150206113972 0.045290024070980435 0.026262775458878274 0.02091469616350437 0.03183252663005297 0.06539539773277082 0.0946487306162333
89 0.05916188593004285 0.0038275398072457477 0.07581948653585051 0.06965086764756835 0.03606019171632708 0.053010175345323776 0.08877688406685937 0.05716884307660807 0.06877688726665296 0.007960557698337862 0.07436921965474828 0.07015453593178557 0.07766608081987385 0.023918524297385474 0.013693754494351378 0.05382397245652572 0.04285718001151745 0.058317062210939255 0.02364803091232019 0.04133832011973605
90 0.08586490225136019 0.014099542888521095 0.01493497089295473 0.06458508384628812 0.06413051812392033 0.07989881136136766 0.06007714185504881 0.1008104167057907 0.0043197243286466755 0.05841397275112874 0.05360101703060929 0.07504235579160587 0.002823067625784391 0.0026876761654616023 0.06879254349263478 0.08892904265474581 0.06617338051527007 0.004845284682299117 0.0694926888893679 0.020477858147194283
91 0.0007721454299512407 0.03618499564953336 0.053116519883421434 0.0007567284947169109 0.04766078775087003 0.10858018590945268 0.03903175015179938 0.0563948061050491 0.00047879735595858616 0.07824835800125293 0.05669061053314597 0.09762343874112521 0.0030326095767164575 0.11033865056890525 0.022959189079540792 0.07140867396986846 0.07015821883942101 0.036911049142000836 0.06122394875081126 0.04842853606645919
92 0.0751179137434622 0.02294885717774164 0.03854055620209724 0.08691652086383186 0.02160291118041011 0.015711573595989216 0.041747873392217145 0.07571385124491226 0.05654730277073172 0.05959453936497692 0.07306872140871899 0.00036953717843223895 0.0840328300782421 0.07552419737671168 0.07721214877054994 0.04962319339985789 0.046916277952790776 0.013835591174927978 0.024530968211827164 0.06044463491157089
93 0.09341876193731434 0.0697790779599576 0.004843237012143422 0.0694212454496385 0.028120273950673163 0.09274540594071991 0.0027968120674282714 0.021862671258276876 0.06729085825886905 0.06113665980509184 0.07292979277043772 0.031127694307443044 0.03353598286117377 0.05269023340956823 0.08983401539799259 0.06583627973693834 0.06982155798842164 0.05188397448188858 0.013489861918111096 0.007435603487911699
94 0.11298751759410998 0.05502187026377125 0.04420479973651429 0.012049232754274403 0.06996693792158934 0.04940747341162633 0.11759975498545401 0.10506959601934727 0.06676273019620364 0.014119722471696879 0.036491924938683896 0.046424560997534094 0.0043205418609093054 0.0013893825516400474 0.0399897263436 0.06260577170213985 0.023541571831002406 0.0035270458405295413 0.04599351837174144 0.08852632020763178
95 0.05717481061747451 0.05598521346992189 0.010311177688188577 0.05991127209315174 0.03314670087983662 0.06779176992290886 0.06046081118187528 0.055971363964957555 0.028025413662374113 0.021897436197124732 0.0788602586982135 0.08537237114911023 0.08202864612353436 0.04010864503541091 0.0066704323066674 0.03474391764419603 0.030534678379995395 0.026836308021690024 0.08675138167679318 0.07741739128657507
96 0.01333631380113093 0.008024094983294447 0.043907344803461826 0.06725899027845159 0.058894047661399766 0.060181857696258834 0.029987195409210153 0.08801839007233353 0.08198420644923897 0.05559359183182159 0.008227165358673618 0.03367442625968621 0.013350665692747668 0.08950029271668337 0.05465799953343076 0.05913588726809562 0.09139964874975386 0.08671094371511108 0.008951426260777476 0.04720551145843903
