0 0.05004443336150332 0.030085156696261765 0.05963502637162405 0.08111771907783884 0.01505167352567318 0.04405209915811294 0.04335072227530979 0.0914182774274514 0.020914883195066368 0.02091189262575051 0.04424398702357224 0.02287267033882546 0.06677695117886062 0.06320997674524402 0.008256702608862262 0.019956902734754433 0.07886603230446021 0.083045775087176 0.06704523894625017 0.08914387931740247
1 0.027283894676449153 0.07622308470170149 0.017145455702671033 0.0782834832972032 0.08317738319815246 0.004999242802399945 0.09423745722833045 0.07554294507171538 0.06019610903721456 0.03957221944754227 0.006750408167788802 0.010170036036470258 0.0960133644246514 0.0659475164897286 0.011492523428924331 0.02556385943476262 0.07954554457357985 0.02870987685618475 0.020097640118738498 0.09904795530579097
2 0.008798985832789125 0.06669135213024537 0.07171781348678834 0.03575293397817455 0.08639182037183736 0.06976139654447684 0.06880548298617287 0.0022980924198837023 0.08463016227173877 0.09006396620478815 0.05925570760561782 0.04861779852611897 0.03522037780734366 0.04060741654822181 0.03457431770213892 0.035807046416840044 0.06810472336707132 0.04219409221372644 0.022698844927675033 0.028007668658350898
3 0.031362389222522755 0.04337956131790631 0.07889414115573866 0.03764781556242603 0.042214327311490905 0.06715092433743618 0.0027150349292332783 0.06988410771501186 0.018062100356554218 0.07159050839982904 0.07050748434609343 0.03853489622688562 0.03306846364868236 0.06936664694436229 0.01763074583543729 0.06712538422701576 0.07479628943983373 0.046125298357960046 0.0862297014783448 0.03371417918723535
4 0.04491567157946529 0.0909704070120727 0.032356734960649426 0.07909056685783471 0.06639306893126215 0.05637001996078152 0.044167774276087104 0.004019531306453989 0.056876197586401285 0.0536685817350262 0.04384129792163036 0.04434192814622933 0.04125958667417683 0.06290148355804641 0.019908753694443615 0.02321591954576789 0.03217694421786214 0.08190915341228311 0.07731909279490973 0.0442972858286162
5 0.07104440763210232 0.0021809921972414915 0.05121736992689271 0.08611878293235843 0.07931989727009685 0.027725729844086104 0.05511616413795763 0.03329364336522243 0.0099886480867711 0.04769744593048875 0.039930221872776166 0.06594137370070814 0.08851436866683059 0.05229891378567243 0.07298527603556465 0.0353770034688187 0.03229504594440143 0.09253271155438941 0.045308176047461124 0.011113827600159361
6 0.03893480181485889 0.0027187025127519263 0.10696925688622538 0.05964646488319347 0.11152110654996798 0.02398032505750644 0.010997118356642004 0.007689487688990836 0.03369524151902621 0.04348051184650054 0.0715973198952581 0.10556193862301788 0.0055627639880467625 0.017169777583303143 0.04374773950127372 0.11898097894525034 0.005514331794508977 0.08283895467999168 0.05164433529304747 0.05774884258063828
7 0.040845137380977475 0.05949055008189876 0.032399841111193144 0.0813758620785245 0.07545180982455402 0.02880768601790567 0.05843913158650241 0.061904450785008606 0.078783926462729 0.04752637195261833 0.05975645699136402 0.013074215513189146 0.06793092766585634 0.03890390122447559 0.032197372710992066 0.07588299718023916 0.0596997591191365 0.0091552953839332 0.03725648715462074 0.04111781977428143
8 0.017584693896876457 0.07222668264394395 0.031232406969136272 0.03196894477070783 0.01006961789890064 0.08654138233710083 0.0189860473062621 0.025686771720725192 0.04496403734792256 0.051976616352736066 0.035948040734382916 0.05604325689089183 0.04298395961456408 0.06568979714735984 0.05472034010431945 0.04269622595684595 0.09122935665121461 0.09043880755930296 0.09133216506404813 0.037680849032758354
9 0.01614304433028452 0.06781712869664479 0.07983308511092409 0.04579814227082765 0.008544805693524804 0.08048192697315724 0.08541696215647376 0.07717314612906938 0.04317127953752523 0.03541033521634794 0.03404614487082369 0.03078430185721826 0.0619639149842404 0.07345937012122544 0.0024342014661704455 0.06367708048082164 0.05401530586444663 0.05595448618567873 0.055956140518476055 0.02791919753611932
10 0.053831633388103935 0.01710294466554186 0.05392776944248991 0.07681484953839998 0.02925325812871586 0.04488399596291975 0.07221995296502053 0.015087441660738027 0.04473538283099292 0.05544918401448891 0.04810618601361178 0.0374035384566426 0.0936450150022036 0.08572777435884295 0.033937341858786975 0.01307821817180309 0.009962683387032009 0.04827011493656657 0.08768516366630508 0.07887755155079372
11 0.04493221682511791 0.04715796989128217 0.018665171115804017 0.08498611208071286 0.04756639632256058 0.061946112812032904 0.07797945129407297 0.050528397160027765 0.003242529752725229 0.04305994324905671 0.06338390024091185 0.09763051792941156 0.04098449225178647 0.033905989511978915 0.05117712031231417 0.05578268349631061 0.003126455148428574 0.011549097309617666 0.08045704394232878 0.08193839935351832
12 0.06629158673800738 0.07557213615016713 0.08934261107605883 0.04688351996154323 0.06077067042431628 0.008828562586974727 0.06172654626273784 0.08623761391719575 0.051614257353128606 0.0002695021876587895 0.06003117488255957 0.08905541853026487 0.04642831552969785 0.08746932339825932 0.0047710084694852165 0.01287665324610876 0.0016035187052386584 0.03404895732534183 0.0377281405869095 0.0784504826683459
13 0.014678656793516261 0.09265159783054912 0.09054868632131235 0.024663841136415794 0.07839176179664102 0.01855479326729875 0.044282515694053254 0.06145278437026209 0.06281947127259947 0.058440975000084744 0.008293859241734296 0.06868579130049123 0.027607560535728718 0.011456734600643632 0.07759829226646187 0.08125249738407331 0.027191943981099847 0.06571476794021498 0.03219209698082808 0.05352137228599126
14 0.058014423376095144 0.028274311466844566 0.04689385246200343 0.08820129819689518 0.02310724137037404 0.05809239935256933 0.04474489891521948 0.050566251894316454 0.06390680390394635 0.03553802733343548 0.053477698545557 0.06473454739387319 0.08275369734591455 0.06382721316652018 0.04106687397061212 0.03444527166330922 0.08853835715042516 0.01596297759418581 0.020063926034158602 0.03778992886374463
15 0.06365523775385235 0.04915588599659573 0.07749511545550611 0.056960880407803186 0.07266287271071348 0.009771916551487455 0.06645368944697495 0.04075996737136093 0.02054920776087647 0.047009129641940144 0.018245492587233268 0.08555638883166077 0.0378566452757002 0.058667261825318506 0.03593665998104928 0.06358406199489111 0.020946051537629636 0.062431043190922325 0.049861161674550236 0.062441330003933926
16 0.04652089788638854 0.08890815116573714 0.03211222236427531 0.101791772706746 0.003338065470111918 0.003785897259373765 0.0032269196369600684 0.048099781309392624 0.09951631599859091 0.03780772914623872 0.08919080060070878 0.02257092032322314 0.04626715983504641 0.002068971227484606 0.09348452104608927 0.028438306962618714 0.10199193113424128 0.004324703152299091 0.09885134299634894 0.04770358977812479
17 0.07320956647453988 0.0685421009291433 0.022352392591068092 0.0496324922415428 0.022929600264329185 0.07180357212206864 0.10323633526507021 0.021960272315685068 0.005316087593282268 0.0660876263779845 0.02804635431191945 0.04308756081061684 0.015184183059491532 0.09675871479672057 0.012981643299347496 0.09031795779589166 0.04847745368101332 0.056498909864921586 0.047685316039613145 0.055891860165750464
18 0.0008448686064135548 0.05383721058178676 0.009282754041529543 0.07426648949204954 0.0776019781674945 0.034228861714371325 0.08779340002338853 0.062388929631598235 0.020282052387423893 0.0032002862685315083 0.06755623018937998 0.045504410107034925 0.10162295394055212 0.07089102660070805 0.053118675324512726 0.07184690180198385 0.02224896431350629 0.058745806995389914 0.07925683737425206 0.005481362438092658
19 0.008927309261045766 0.015039974690397783 0.010815295975489154 0.00014877845141862724 0.09072465682401147 0.03858944799111102 0.0016377081321916492 0.05181421767501746 0.027574418867696494 0.10208123489619339 0.05138935150815673 0.09113875264883758 0.09287461283714422 0.050194892089781604 0.001084481721535046 0.07149160452704058 0.10515148272265883 0.08918584901758306 0.014291112066064737 0.08584481809662454
20 0.09459619042733994 0.07161286322821282 0.02390143474745065 0.010165522936248932 0.0474741960355406 0.06802523354242845 0.000707206649689527 0.053888599259171444 0.021072814065390653 0.047581851596858606 0.010642723598975955 0.07597652849128606 0.11082533683148262 0.0930855469549659 0.003319651149659981 0.004537657847600384 0.02498022604594934 0.07259794429972195 0.10780723046790727 0.05720124182411893
21 0.015575760034208679 0.07992087274835695 0.03889175730981022 0.05144229041677325 0.03288422806124567 0.009218491891683086 0.08709909095938763 0.029344831430071196 0.046215696189143486 0.07110840978778443 0.022357556244822576 0.09071706430403699 0.06335745007801119 0.08972968358404741 0.020978953618488172 0.018699509842796547 0.09049126445152203 0.012316656022533819 0.047874478383607255 0.08177595464166933
22 0.0006498130497469991 0.07840757378980295 0.09138572794180436 0.06336687247328812 0.08176812919893592 0.035700332001212746 0.0077652660403775674 0.008772526853167074 0.03635614231559677 0.031116117815281036 0.0680247608497726 0.0829661428179728 0.0524974516485605 0.04720301015042881 0.06818760509878118 0.09153403683152052 0.030855734874409766 0.039027433981580976 0.007235925134063788 0.0771793971336955
23 0.09314382254970564 0.08196654446047734 0.013273403630999698 0.0449207414219651 0.017950193543624808 0.05624425091047143 0.0023104140984103803 0.06418626940080918 0.003951068933521675 0.05682991265153009 0.07114725656471795 0.07542207200807775 0.03070016939613976 0.07010801353678323 0.025724139264193594 0.03127745093826317 0.0888842852889703 0.036972460431360335 0.04918730184404775 0.0858002291259309
24 0.07964617135563616 0.078877612561262 0.08820037248043423 0.05806900566486957 0.030998025773507548 0.03709661423669033 0.03324188978423836 0.08400178142929351 0.06432720939358846 0.012772238555765267 0.008299296060932564 0.025145010213384923 0.011005162162327733 0.02285481614212935 0.08771014639167271 0.052644322847261234 0.07501751056236393 0.07587066106729647 0.03839193963764955 0.03583021367969622
25 0.0673053447257579 0.081520620470213 0.016185339839986296 0.04229219686915696 0.0568294858678611 0.06860907499019599 0.08635021521760498 0.08129716562160955 0.015506521478990868 0.06066394626975906 0.049843932756297456 0.08761573627608474 0.04393164080512884 0.0017459908790874584 0.04746263868873786 0.0368753890509412 0.0776169196056655 0.023842415237010882 0.04144080809810892 0.013064617251801526
26 0.012324050445462949 0.08101063410494798 0.0852128683196547 0.08614569599995907 0.061957573791975244 0.027045253782429085 0.00725650193466113 0.018294522995297824 0.08047432051967254 0.005291640885428887 0.06698067156329139 0.06521900565065376 0.05215776581730688 0.06991611568436995 0.01056120156176882 0.0864740456702904 0.011112527281974803 0.08469711790634343 0.041896945026431036 0.04597154105807994
27 0.08781242588299285 0.024392966495655408 0.07408823723766253 0.06492848650844382 0.08356901451115145 0.04294053223115828 0.0831909594466185 0.04930806605912468 0.021420172128405173 0.06258066838021356 0.04337683332292097 0.017541385980473 0.017241765174419235 0.033967055664445696 0.0193985464993184 0.02631663900972713 0.05410172299810625 0.06003103119905746 0.07329820713604847 0.06049528413405712
28 0.0361560407279618 0.03581791829784794 0.09342186874593757 0.06523246088838838 0.04719794457375596 0.06287542051388001 0.05477060673253329 0.04035473299035042 0.04476320351351706 0.008928379630248517 0.020883934508177025 0.08483367509844428 0.01357531799725068 0.05604345961851349 0.054340854462965146 0.10027648433008031 0.017788117644163617 0.11299445253740387 0.02560219817946426 0.024142929009116347
29 0.06513781280549479 0.0008018735609960242 0.05883982072940303 0.01848335177335642 0.033423784764279256 0.04579033775203793 0.022616659870837708 0.09631140533824317 0.07703300615070359 0.03499085864413011 0.09501070805514539 0.09115528401363142 0.058445208231903585 0.05045949793743894 0.012715846119980705 0.026963035282691106 0.08597924898002687 0.03673045290211689 0.0803430867263325 0.00876872036125052
30 0.11887168240905457 0.003694585470943301 0.022074025009249255 0.01574778229530766 0.030038539946634413 0.09027384880989087 0.03072957138489683 0.11147686775260754 0.075095213987398 0.047001601775711235 0.02471504155096375 0.00042446320335155075 0.0395497925472589 0.09097407671522963 0.03462001878885478 0.09491840910225649 0.02012094915722884 0.060636034814413806 0.028097024224985893 0.060940471053762754
31 0.053327275156310944 0.07954981176994871 0.053525122263242145 0.02006227575725001 0.09196438896670035 0.028594546113003733 0.05641427502772153 0.06627366552634668 0.08709521604667583 0.037685092805503154 0.043350360336566 0.046224281448362936 0.010817805793997744 0.03174360046889959 0.027712778080093953 0.059465376065878976 0.06363914357967515 0.04610475603319643 0.08104483490050003 0.015405393860125889
32 0.008188851754269626 0.10333921606185763 0.10950484313975195 0.04222308713859727 0.1015452643542159 0.01828711337419883 0.03563997388468053 0.04028483515368094 0.11886504452082286 0.07514873941692525 0.0954301754534273 0.02643575272636908 0.010672296445047818 0.07516051735073541 0.019960287538006452 0.056215812797695094 0.009855696883534534 0.019124620130751533 0.012583426499410886 0.021534445376021123
33 0.029441528421079347 0.050809965016349136 0.000890298750874417 0.05232376451803978 0.0469375942519469 0.04142697135783902 0.07734778595962485 0.019092014641533532 0.10003858930716233 0.045210879233312226 0.07864455527234708 0.08380023379050959 0.04524177681961482 0.0508672665230295 0.028794007853295698 0.04461546123993774 0.027938944081991032 0.03939524818544301 0.08616263690872349 0.05102047786734619
34 0.0942901343034981 0.05040718435325652 0.048321174096409666 0.012613779557617813 0.03506456548520155 0.019117386666033086 0.08531756208401776 0.07460322756133661 0.004207010992847966 0.08094793212776655 0.006520402904329683 0.09552739508230071 0.05013792909928778 0.03128847628890132 0.05487252615314224 0.04952596609609563 0.06074239837769634 0.02855731711738318 0.08627168723262166 0.031665944420256
35 0.01945857953801297 0.07986752849143502 0.01999812803880949 0.08906424379534483 0.03248463426249388 0.014697911272813006 0.0488713630205506 0.11403601840166028 0.06383634622572062 0.013087684509971397 0.028122639340327667 0.04826296447237757 0.002585578790500073 0.11022706207058515 0.002680934201513019 0.048726475894215596 0.10473509913990135 0.06509267867252463 0.0534416082868223 0.04072252157442057
36 0.09167391411941105 0.08846047511378624 0.004974172077659372 0.07276485812976916 0.007373210620174032 0.01191471844422937 0.03148053811292327 0.020799130201200087 0.03297493675960161 0.09100254879535467 0.05455670220753889 0.07941781596665135 0.04435227800610644 0.06400931452652957 0.04659776069528409 0.07749000094206555 0.02339006092431758 0.04651576543649773 0.037724598926441616 0.0725271999944583
37 0.0880322044054925 0.021014961686461657 0.026229159437258658 0.08481968831361857 0.01290956628764001 0.0575920285822215 0.030531826134226656 0.08281547516654399 0.06577564043158368 0.0724907059227124 0.03997679905228905 0.0320824780358606 0.08685462876474252 0.005880825452748522 0.06701814071958209 0.041510564180368116 0.06361322934260871 0.012563256988345923 0.10146642153719784 0.006822399558496849
38 0.02110640662818775 0.07132188658247282 0.06517838677427838 0.01152503581170707 0.06917151439557945 0.04931456052353375 0.03435786248854425 0.03877140473986257 0.08658507368587896 0.08848975317160444 0.05295417976249257 0.06202494334362121 0.017820430840907252 0.00258392351624659 0.0551836774133617 0.04949077281542666 0.024254614081638145 0.048765068142686996 0.07898882445137365 0.0721116808305956
39 0.006161584702169665 0.00744994066942496 0.019692251301253298 0.06623521799724995 0.07370492687388996 0.07194025568352616 0.06833034588909181 0.015194984109581885 0.032115001785672455 0.08409097265538575 0.0520153072124559 0.04870572538094916 0.07596848750372888 0.03466813792484009 0.055051230664154294 0.04617957946633177 0.05520292135474018 0.011690908209694022 0.09200525338821501 0.08359696722764495
40 0.02673978330178777 0.0272495619253602 0.052063336847300294 0.023318807007503273 0.1000609822430627 0.0682773144930269 0.011554575486432964 0.062144795164227745 0.021887249951474695 0.014523436976994196 0.1020710369562404 0.003415657972313183 0.07140713692884397 0.03162600829181619 0.07932939724948529 0.040529463579099416 0.04890932423626797 0.1164265546392151 0.08855152895256806 0.00991404779697948
41 0.0711248793678156 0.05533885228205044 0.05930136483694531 0.06483538261685595 0.07119212590562975 0.05460502923068401 0.016528480026414924 0.0571119788290932 0.0718719937654365 0.028390022753348967 0.02883971033055486 0.0572908936054 0.05208722076752192 0.044295027016313805 0.04523965855595736 0.01668917767702386 0.07355086482033156 0.04899580272951279 0.027617151249687697 0.05509438363342141
42 0.0885234770903062 0.07872385034396343 0.05532199109257415 0.0015546309242141518 0.08625335105577367 0.058791071768891486 0.06820933016572925 0.02910808684714658 0.08453736010538772 0.022737907045571226 0.023467800258297807 0.005487657260368219 0.024488116673268272 0.08469347936235733 0.015880777914586787 0.079227814889931 0.015675782668446436 0.02302703195596147 0.09126813124369262 0.06302235133353234
43 0.04655939019035624 0.004109152822740879 0.022877236078516494 0.05203919463562944 0.08223709849392233 0.08202228413815947 0.07225960226383468 0.03916520031614621 0.07343587703908788 0.07517938532861645 0.07802878607474618 0.029314923392543508 0.044047048989443754 0.011449533992343705 0.056042631267399654 0.08617924131344795 0.019516515518022394 0.047787688164067074 0.014833193506302925 0.06291601647467282
44 0.08404290001771031 0.04372683789872127 0.04593630566960395 0.024332620330992184 0.07776665755093799 0.06398022546420767 0.022724592379997174 0.07695943982496732 0.07544679613788598 0.08209997056684085 0.04980529198294971 0.027051177552499386 0.0840371163298541 0.03867939382510927 0.015160844721154532 0.04310577427030498 0.04260237604748003 0.01383372113119637 0.06089713848287555 0.027810819814711552
45 0.055578436874126724 0.0038924959473544867 0.059180402584911695 0.0746448129375127 0.03238998327785204 0.046953817475996716 0.0894724298797279 0.09217891226865402 0.08189536808688638 0.04259745536354526 0.04472973594608169 0.012036197569415754 0.05632118550469221 0.060193852834949144 0.07714123511457557 0.047778659553433266 0.023854016424247483 0.04415716307463517 0.029043145662993354 0.025960693618408373
46 0.08863045790568515 0.03805940162109448 0.06842067228833641 0.06432986017638177 0.07441679674079199 0.02279905833770177 0.06337916524159892 0.06589021092186693 0.018476957302864215 0.038668140237103 0.06489676998287809 0.004024128338458382 0.07640741389161383 0.05801685511610316 0.020935147894786687 0.03349595433510421 0.02463361980863267 0.041299651477696285 0.08677919451031615 0.04644054387098576
47 0.027061917123974384 0.02456275870909765 0.03348198208238033 0.008445994697276568 0.06615190993534474 0.058312725833152786 0.046834466581271175 0.032796801927650006 0.08874675155533138 0.057762938113680704 0.01936692482833168 0.0948075946608948 0.013308948069608867 0.07215541963133666 0.046523470294193 0.036179043422036365 0.04250529120986147 0.09164228311852042 0.08511129616087859 0.05424148204517835
48 0.07090580355061249 0.0661489946313306 0.0630836421911804 0.057214159778142135 0.03730804727424976 0.05956610928807977 0.018694019384591455 0.0296370256664544 0.06133488572159944 0.06606364619615836 0.03849745765001354 0.022810528367009288 0.08653299803544313 0.05446984626626021 0.0403348761584472 0.08437072357302901 0.04578439916899686 0.011368493933028764 0.04076728463946012 0.04510705852591322
49 0.10350541429658687 0.0623090010398847 0.05480669335919721 0.03427389699197114 0.03672934770679717 0.10506384698067746 0.05752640241562977 0.09557585854806228 0.04328093616855515 0.0671121101608329 0.03154998574092586 0.022009641520708615 0.1034049547865434 0.06749788431351944 0.012614749482310807 0.03077906607640983 0.008844896943049211 0.017928799696320684 0.012605768786950305 0.03258074498506731
50 0.0013814761114003932 0.048240165634197564 0.08720861574936713 0.0289693710445213 0.011269193658823213 0.07770853553909807 0.06904862458438242 0.031470396270360676 0.026051797315152066 0.07674614237428866 0.001300004761786002 0.091458188105366 0.03557132592970186 0.03315953617680521 0.09380408882014477 0.06315800717691991 0.023755786315340265 0.08459204852110239 0.08337886533719621 0.031727830574046
51 0.10129122128064752 0.06561080540109498 0.05361122244821732 0.06602762890962388 0.0048211547308955926 0.02414568309340616 0.0495502242914845 0.05836121751443972 0.02317749106303302 0.03759276503694586 0.017222369920896482 0.07010192325330183 0.06430377123795267 0.04051769206860143 0.020192741080671286 0.08187048026535206 0.0381503188938853 0.05425619059944846 0.04209351513576226 0.08710158377433976
52 0.04871484689774273 0.07959745024146894 0.0066876694126462586 0.04129876600193258 0.018274488100066138 0.08484408736055285 0.045854311145222044 0.09559437282782635 0.04393815143609562 0.029264510197983252 0.013266159971266902 0.02988990768192656 0.07372840103359563 0.04035781659707817 0.06917721434367234 0.04841375172603074 0.06474099207746299 0.04325107618654926 0.06263395191341833 0.060472074847462406
53 0.0301750501075037 0.06139368298701553 0.07158885618075882 0.08266274356432644 0.06519204111530134 0.08034506235431078 0.020485709719048135 0.005374061179776161 0.05753992725250801 0.06420453617254117 0.01778160386583789 0.009787631614018381 0.082841941422466 0.015806939092224526 0.06088878653171336 0.050602222525903066 0.08558917774940895 0.00308462142749113 0.06598494095404427 0.06867046418380221
54 0.021925260388708248 0.01083558112284746 0.026341612349323532 0.04943470982046648 0.07211582317521076 0.08339559741378061 0.008133110302699881 0.07093042684720731 0.03569842355196863 0.04620321910473619 0.006385234591737581 0.03850143068180795 0.08690133272406358 0.045818963965661846 0.07359194382146385 0.07562037364606614 0.0690605175736027 0.03169010446109876 0.08688168701862728 0.06053464743892113
55 0.03689988953022967 0.006795194670541235 0.008499547381167687 0.05371903775253116 0.08233447512581578 0.013588529579271154 0.06262942563698592 0.0056447480849728575 0.08902421029892704 0.026692506964876715 0.03612012497722635 0.07430628196747074 0.09443561147271892 0.09956336073635859 0.05669423563035454 0.006925106863296859 0.055700676975810444 0.08907238355021747 0.06745483014055736 0.03389982266066948
56 0.008800362723982932 0.03492338367379078 0.06587788801211811 0.035974513336116704 0.05851735198456934 0.06703146248539335 0.05743530136385596 0.006037859951628262 0.02601035053205812 0.08387188010257443 0.03273905234882199 0.09499415600969759 0.08453287369577775 0.0654814486652489 0.004486463670747616 0.0050930391696325135 0.04625942783067046 0.09272191158554136 0.04143365645215379 0.0877776164056201
57 0.08047729526696623 0.03314666812054177 0.054759859470829605 0.06239439542000204 0.024132067983160456 0.06285924090052006 0.07560207197158804 0.07642834245113582 0.07106214753849842 0.07673760763142456 0.039036200876899206 0.06397800910677491 0.021410981689907932 0.06183381059390001 0.01473183387170226 0.012980666710050295 0.051196889130505074 0.04663284626565068 0.0610272011227192 0.009571863877223578
58 0.01994157267668389 0.030433996204659027 0.08228072026346508 0.09016314668911471 0.09282957539250664 0.08761952563798933 0.03500289264150945 0.05116079677996277 0.11737172071310778 0.024487882664620337 0.0015386539235061503 0.049981524226641344 0.05576787996974073 0.036804625124619406 0.01162138822294057 0.08299887048776364 0.022945763719050983 0.09641453591866207 0.00620364699579322 0.0044312817476628765
59 0.016442849082612808 0.06609666249887876 0.047592240203686416 0.04303280418714319 0.01703969016183678 0.0890972118092889 0.06190653674079126 0.0741609433142783 0.0906364749518793 0.04841678265888365 0.022869191931208357 0.02791712711058433 0.02686940078389318 0.026865161208450873 0.03758474589591285 0.0757309743428317 0.0799980894013888 0.03352181908173548 0.053454946720590556 0.060766347914124455
60 0.030421933444245042 0.03451419965904074 0.07947390020280756 0.02777644697523138 0.0027259646488147844 0.006265595381812795 0.08531541830493417 0.0934514211043429 0.045394347869862 0.05930735131548354 0.09206348314143314 0.09371936714162826 0.11151813788061539 0.02681486046550149 0.04928511421458867 0.047486652622848485 0.022678598219667882 0.046927505979154356 0.02991612546178045 0.014943575966207117
61 0.0690519680298493 0.016312708437513042 0.02084502892661961 0.11011785737015208 0.004551480492565801 0.029242559503376234 0.10562355816666247 0.09015029853462521 0.08825955626723368 0.07523816893831234 0.023882348300896254 0.005158693658961326 0.09905788489842936 0.01111229951971232 0.0639018878109136 0.049515275904092715 0.02435667014208328 0.11101764645774362 0.00013082595139975086 0.00247328268885795
62 0.07178409463890813 0.011824955753720908 0.07633218078401824 0.015751184522590285 0.049973800797237275 0.008040111893625546 0.038670000823541266 0.05299655570698721 0.05380481937953875 0.03481440715324435 0.014352015330226132 0.09714166370326782 0.05154753935630256 0.09940070445752573 0.030153454061902393 0.08249520213597338 0.09351081166075514 0.041942691197262266 0.06839186117926839 0.007071945464104033
63 0.082496542749317 0.03852059413285354 0.026724097530094706 0.006988046402650796 0.09647735969160147 0.049634801256160065 0.022074373199550138 0.08429649751249084 0.008313489957320525 0.07914071089597738 0.021499320579916163 0.08176279408113445 0.005147220157372709 0.01564070933034934 0.04310342571339933 0.09176437704863416 0.09512943858851107 0.04680253775883517 0.07573409766588225 0.02874956574794902
64 0.013652629018578492 0.07759822970450361 0.013845214835008187 0.07672571256693796 0.047408787364099855 0.07680983931853046 0.0704645927836287 0.06108620830565598 0.05142625802228631 0.029211948602277767 0.010165219827991031 0.08131340025043754 0.07187829856687505 0.0701676742180629 0.03880828673129726 0.038818265558961805 0.07718848803777523 0.01162940724253051 0.06737038410696286 0.014431154937598754
65 0.07498186521439176 0.05150348350321969 0.020910520296088246 0.08159724199410347 0.06817339058523454 0.015496303086503765 0.06918059195046712 0.07601131336883103 0.02420669548007527 0.05801159225856286 0.08109679381471453 0.004756189665251117 0.07392028704455138 0.02889448199152045 0.010887176437744624 0.0629738020593856 0.06920410278540184 0.04594655256384009 0.006347318198294586 0.07590029770181801
66 0.0018270568389915968 0.0503609132220439 0.013548678210780856 0.021554890472087255 0.04986758670178556 0.09161720759226956 0.009272756339309783 0.08426489000721188 0.04282852535142119 0.04585266749666057 0.029417782547908406 0.02923128921123827 0.09174873294144124 0.05329291434538561 0.07406375684014121 0.042249790726981415 0.005569018458065145 0.1102066162364939 0.0445101948816165 0.10871473157816608
67 0.022363878874808913 0.0027579919281404703 0.04999191150398946 0.040543692810169576 0.09535041264985165 0.06800303894143932 0.09363656371605127 0.010143624766170185 0.08457126861635023 0.024181726725111683 0.0005648088097184916 0.05559597919404215 0.11163029294145731 0.012371798857036308 0.10286169879206761 0.1029668337500264 0.007299127975075705 0.036009325225529125 0.035846881834837294 0.04330914208812695
68 0.05208059514157099 0.08742426175001645 0.04569963284444351 0.0534740387089691 0.01366362605199477 0.08928028302151296 0.016930990327090664 0.03198582097309008 0.04769582498022883 0.008104104034660279 0.05073766238397165 0.034225144432542876 0.0840877746199388 0.10100583433875295 0.06369581557128891 0.08318703777171242 0.0026877054689541015 0.040373360797439514 0.006246424770670078 0.08741406201115108
69 0.07363333617397788 0.032508395763265065 0.05655671679772637 0.029434441552359674 0.0979961572440493 0.0502561924854947 0.04900420970430713 0.04335747961626715 0.03896672908879763 0.03295035232615034 0.0839332384911825 0.04681344428311228 0.04822167572769873 0.03243170443668301 0.040408653269018185 0.010025758346218074 0.04540060807608897 0.09632883173769705 0.05387001951152165 0.03790205536838433
70 0.02815235205996839 0.07030647113552542 0.009823314453800303 0.06751360063544556 0.048671727078540325 0.10946016798270274 0.014204543900298959 0.05617015133371397 0.011310815411261124 0.11577654541472868 0.0733175265608619 0.03499578070200475 0.0014682306645757922 0.04927917623390689 0.04082778969662723 0.11192654780629542 0.07301719202180282 0.0577182195319503 0.019922984329678695 0.006136863046310805
71 0.06894107465805599 0.06888218165102065 0.10066340290952767 0.03727072919792979 0.09932732201361574 0.012730315654370845 0.02236532027891916 0.03726561489834169 0.004069877429910042 0.0683584622691643 0.013335937387167079 0.060253023073190776 0.02761434318344004 0.0499497189121577 0.08267406388238714 0.06005522997252945 0.029034816651027258 0.09820238546522468 0.05605675904230942 0.0029494214697104145
72 0.05481791222035384 0.02403966683560091 0.015466414346435491 0.08376900267328928 0.0767762031590257 0.09086515480973466 0.00982545009510779 0.08039604094868096 0.000694238601437492 0.032240982970235935 0.04775552990980275 0.07558489966993734 0.0629323371150517 0.04939350829432048 0.048359603359559945 0.009870367607870795 0.08337297306343132 0.0690985272299076 0.06884958759705985 0.0158915994931563
73 0.055582570560818695 0.019386816741665865 0.11656018346461093 0.009558591306029525 0.06779792997343924 0.00045232752663365463 0.02595755458829547 0.09324151424590467 0.034430807513193516 0.06932104403101146 0.07802811568877434 0.053242017049766895 0.07238578497626044 0.03419601527759089 0.04157088800507277 0.0017132836119180717 0.0827217834820272 0.03501338389092715 0.056826718534748036 0.052012669531311034
74 0.04969248247878072 0.01111628387924474 0.03163215179745908 0.0840583760427347 0.027131594513474883 0.05379857337187502 0.03597626008462234 0.06607145943335611 0.05936000105074299 0.06275473228729682 0.07617043853140029 0.015353908095779929 0.04473977132962672 0.07347250337685804 0.070162619369975 0.04261756321477265 0.049104330798335226 0.0071670014608493085 0.08312795077263416 0.05649199811018133
75 0.04464808782995194 0.05606029965058481 0.0070796774701377225 0.08097335218595805 0.07434603969614047 0.07932174887382144 0.06889027205459522 0.013085065864084063 0.06593207756960259 0.05466347455683358 0.04297566029507699 0.031922566072969095 0.0871545871107411 0.014955570385148578 0.08137886932422438 0.03749457577579422 0.009001580582119348 0.021406854341490283 0.06824593629412937 0.060463704066596916
76 0.06578004027440672 0.021432723033571327 0.000963623860576155 0.031547560483544845 0.08310702904540546 0.10652867179617406 0.02294286893071679 0.058353447137804514 0.03967055996862081 0.023692958104636872 0.039479248715471364 0.06774683396889843 0.010836317969717145 0.022697230630375598 0.059149165494367315 0.09643040291200229 0.05396141146212549 0.017624160866930545 0.08658026907133391 0.09147547627332046
77 0.06246444631496773 0.03530660054766983 0.03293562609668647 0.013039651870750095 0.007912244911775331 0.0763223269521615 0.02686743684441998 0.08637671185396732 0.006671745374145746 0.031099148590397946 0.04692861891264454 0.014903336600617252 0.08130000997329467 0.08402099595389471 0.08410123795710799 0.05087876354268517 0.08232923362420737 0.08391943778474976 0.024404864982202797 0.06821756131165392
78 0.07286461512382351 0.09006574993425664 0.03589125284659948 0.03759910871577261 0.02071506638546171 0.10738797754002474 0.06999116710364596 0.06827814267575097 0.022256044727338872 0.02940135210650988 0.017294104833670988 0.0710948876916473 0.04280672027963502 0.07192978472954939 0.04048577885434238 0.005867756939905987 0.008684386904200755 0.10045909818995286 0.08478746140450456 0.0021395430134064264
79 0.06716471023996294 0.008577525750994791 0.015810241062857906 0.056831957808565085 0.005034812746247666 0.08605457408828143 0.027091542172366385 0.05397445654555791 0.08592593486421841 0.06871983166661373 0.0639957725562964 0.05899472029826588 0.08721115536677233 0.04386643350261301 0.008758972524950604 0.08990652649844391 0.04660294890331949 0.03561983287740131 0.06380031953029328 0.026057730995977718
80 0.02143020709453039 0.022146841386451704 0.039184540216907614 0.012607621478483613 0.05672955234964035 0.03652644381960909 0.018873934686621956 0.04165616129910672 0.023971795747999257 0.06956430748449624 0.09241510419383837 0.032916394638590245 0.05666792724915734 0.07765439029620676 0.09089485043411273 0.08731517864138423 0.04109266198317489 0.07478776108760131 0.05933837625811402 0.04422594965397326
81 0.012830448675806828 0.05276707240914116 0.06776654331523604 0.011751544114357386 0.06023265935591711 0.08415840452338011 0.047334277967692635 0.018966035472749446 0.00757679266680518 0.007172900180624737 0.07689883865323001 0.01876397289964894 0.03666850395482037 0.06717073266147293 0.07414261462917966 0.05878363544354248 0.0578240839766623 0.05996606546115362 0.08806391427176048 0.09116095936681856
82 0.020787947100769883 0.06609604513121504 0.07719155368898754 0.06439296891137307 0.07805113854882133 0.06930013066839485 0.02057860317825846 0.020666516661983096 0.009049211279703696 0.062272660367174194 0.013183240666236558 0.07664339083378806 0.08284117348263592 0.07318836274750712 0.05643436040818479 0.015341242096808275 0.07954529758012531 0.026407925982417153 0.012054578967566053 0.07597365169804973
83 0.08936058745089664 0.08452633521690231 0.0023068410204737195 0.04636274479396581 0.05013168845418585 0.0024467432611339733 0.03582262184899406 0.09712205231922853 0.026665458579926804 0.00553681951282638 0.10128324416706684 0.011658601222511071 0.038546340887445886 0.03965964196787096 0.04784540771490687 0.06935955368109631 0.07715833641259758 0.07310758803937716 0.0029599351419628364 0.09813945830663036
84 0.08269175830355012 0.052849512221431146 0.03363956039194203 0.08780862445379078 0.012378611005423847 0.010560038578433713 0.040437045120473775 0.09690892959633493 0.10266981223011513 0.06469071930843036 0.02456709837460691 0.00010161431734897341 0.0939683103190472 0.01916931838145377 0.08315071466134817 0.05100529750740241 0.043759864781401 0.0017144403375909147 0.06474686078459797 0.03318186932527693
85 0.01877423304166234 0.08592855462588135 0.0550733632575538 0.06398733584713842 0.05810537386585051 0.04017093249757692 0.06118641499248634 0.020817753992616126 0.026167565481397093 0.015171932350336674 0.07018556903594975 0.0170013766227975 0.06258635616154605 0.038054153200387075 0.08630227860636905 0.07410007239996612 0.06584837666858737 0.0559051376790858 0.027163016893945707 0.05747020277886612
86 0.0497400024583759 0.04087439170363977 0.0141924150306121 0.004668177104574234 0.04415102789584387 0.09018906806059411 0.045735917449897655 0.0923577263604013 0.07135245021712769 0.03331013926847732 0.034406537931165555 0.06458932784020627 0.03963857321425978 0.08491621106843747 0.06379126560268059 0.0515647223007053 0.059141690214297174 0.02375418591748917 0.012597407668345202 0.07902876269286963
87 0.07495292095687771 0.056251074855481836 0.008533301990646601 0.07897676517511217 0.07294727122222439 0.06738656415494292 0.013591730603554734 0.052361808822551245 0.011205992238803492 0.07570196318200559 0.06248688617356005 0.0725870147077087 0.08162970257571596 0.07383905890135864 0.015320280147428887 0.061465184429662326 0.008110355041373963 0.04047983505338701 0.004669033659856949 0.06750325610774667
88 0.010616063634938815 0.02013226115761357 0.06764159419651446 0.07453734515522603 0.06595563642201692 0.0953343503120677 0.07613454493521678 0.007946519955283603 0.058497912493193804 0.004966009464686632 0.09190857393753811 0.04048960316096597 0.03603617634241641 0.09628472123491164 0.07089499318251083 0.0058429426058060965 0.052871712334423 0.026472309506481925 0.015829987876881717 0.0816067420913063
89 0.05890228833135305 0.0014034724927016113 0.025816443943995796 0.06690017447454492 0.06278798716229902 0.054140089703438365 0.00997133389255573 0.07149482895790117 0.001715514595415265 0.06786123583543154 0.09048738371917998 0.06621248466046986 0.06896730356379882 0.08752191828327996 0.05509851756789371 0.04726761894302521 0.07018813436449903 0.03703818976462797 0.04574118991440475 0.010483889829184067
90 0.08831462928679369 0.03075422493504998 0.019951491722567674 0.09269219397418366 0.030243141162718416 0.022063577226292937 0.09083328634411651 0.07509755417489168 0.016809729457453116 0.06869215639480555 0.07651627049513583 0.01899729802087552 0.05541812819941799 0.06330612808342673 0.03185124746268474 0.050241400441500925 0.05241393729915109 0.05727247855126067 0.034331645045568154 0.024199481722105173
91 0.08658466823636199 0.08106644502349668 0.08307911392956996 0.047234684124711504 0.061971620549446826 0.01532930325383416 0.07309354888613703 0.0895512137075444 0.038868612538863305 0.02435878868433983 0.012440128667825607 0.0247435077535561 0.047146122554675964 0.00454482352084996 0.037231159838046216 0.07113746726452919 0.014959933418729584 0.0795512629298127 0.018163048255598377 0.08894454686207087
92 0.06954713474480832 0.07170349088767386 0.07474254247741512 0.057127017314991 0.0027596201719620197 0.06260688741650947 0.022867648298120335 0.0300503965113049 0.040224978469607826 0.027935914491760652 0.060126021962381655 0.05092927020172469 0.07555606985887955 0.0009264543877759087 0.07957092032203025 0.07377530315469763 0.08217650485472734 0.04400486939872907 0.07318691457243112 0.00018204050246936417
93 0.028457600904959808 0.07742599401891247 0.02045828458672371 0.07432977150330453 0.05489354307006195 0.09895280463639275 0.0936876724542722 0.0049658324099258935 0.017080211847732386 0.050991634718447774 0.06394492133866424 0.07776382591493966 0.09637954630460366 0.017594141545637768 0.04114096938953264 0.028588829612085614 0.013637161367999586 0.03453787290020141 0.07188857191067027 0.03328080956493171
94 0.0096505752566478 0.09168780295492991 0.0614509563259331 0.054656299453094685 0.030843691665114855 0.06423045818337704 0.07874153851257716 0.020074411793581874 0.0071091391502102076 0.06262877577351249 0.017498677377811103 0.06547198113583289 0.014716727400989593 0.049410999176731765 0.07921391337274561 0.01872499569449079 0.08647418541225955 0.07318377153896855 0.07391477103461573 0.04031632878657536
95 0.05658728970517315 0.03694187828931492 0.10129633578508353 0.0769800246372662 0.0025057135093064626 0.0419862418864901 0.03473118755511442 0.014981200654156007 0.050053137834528895 0.008208559743259736 0.002576580864777419 0.10362471680661421 0.07200892396776042 0.00218151554415587 0.07869559398341788 0.04399474181821314 0.07820644436515253 0.02224193699860517 0.10472613986351893 0.06747183618809113
96 0.0510964046995526 0.016564454775811466 0.02830993471417907 0.07851542018780394 0.08924785422905833 0.02862221896517292 0.09037960763515476 0.035292597193226305 0.022273079432074943 0.03926881012025283 0.09075406050268682 0.10626851782528567 0.08937227366364947 0.04459798017931596 0.0572842563564064 0.00038486888804339334 0.002202384301527103 0.06727732814607564 0.0014999912793594438 0.060787956905363004
97 0.02755362810640924 0.061055371306535364 0.034420188766486504 0.03550765547339715 0.045829686725065544 0.0166596319833665 0.022763294362399936 0.000343522976921402 0.03204424927626921 0.10470063937579882 0.06613046961088866 0.002728397057162498 0.044927593280164754 0.10782060539220965 0.10076083887382659 0.10642475003118702 0.007539920720961471 0.05747904206101038 0.036698177010526065 0.08861233760941345
