0 0.07238591971289497 0.04781337082739739 0.015621907847235725 0.08201179755390542 0.08680574966199012 0.08998882155291908 0.03521010440870203 0.004048401035362135 0.00027239385036772936 0.08001711588451757 0.08042134232611996 0.0046063354922873355 0.005646017150536191 0.05960887116200514 0.09939226614609563 0.022518490539615476 0.08855971483293677 0.012292227631508591 0.07767893294958082 0.03510021943402214
1 0.04963583834625349 0.010861680405740546 0.049749359385644704 0.06204041569740485 0.07305134413509012 0.06771735273912172 0.021463485200389838 0.032363660421123805 0.008840607275588382 0.08746851269316108 0.06532269837452143 0.0629338418573839 0.07777728339543646 0.030566437176180405 0.04341447340394681 0.04670755248996422 0.00039733553728560714 0.07077416589917991 0.07982873892270577 0.05908521664387685
2 0.07399167315516886 0.06459985893341519 0.08070293051493095 0.027857585421140616 0.0828749215456922 0.08004206704014918 0.06893633553444117 0.05923445048194431 0.03003727708986461 0.0629982409211691 0.030180622027889525 0.0802761209297991 0.03850130014500108 0.0649013718725514 0.023178959797752564 0.007447282278982009 0.017672065620153055 0.047011586210097434 0.057270457686789414 0.002284892793068186
3 0.022708187293209312 0.07430237013911466 0.004962166063487695 0.08055748503891585 0.0441878133748489 0.08941449904897264 0.05023855576518672 0.03586233761953998 0.05311157546592479 0.07769096516833121 0.05383214428956699 0.06818770898357716 0.03530276826863448 0.054882162130214664 0.007825309543054108 0.07595598129138939 0.10352693696138561 0.01609643527478883 0.021851932796752023 0.02950266548310494
4 0.10811011832802467 0.026045545328747303 0.04746653326853009 0.015035241004983614 0.05556887935136037 0.03959182396148157 0.10076711482410665 0.06572726887621931 0.0972923886654237 0.05203072932462212 0.01838712813050549 0.03117423947502002 0.03513439548780705 0.08604567712891138 0.0017025550453033046 0.03990085893306761 0.0056954693837250655 0.06852048464206903 0.004493531077953601 0.1013100177621379
5 0.07412603806214259 0.06818936371515504 0.08421464585486851 0.04134173549244094 0.009797246366902518 0.019042274353374404 0.025961755957975147 0.0027360248222656736 0.013728573036272 0.09142244714890531 0.09224495067987531 0.005998143618557078 0.019311008919625085 0.08974328780400306 0.05376728526555175 0.01658606433549174 0.00833454017658434 0.09969479664663997 0.0970991726594696 0.08666064508389991
6 0.025213295005042727 0.01367566832372877 0.09531285244063649 0.006862303671089777 0.08391019934283178 0.05334598895553875 5.588929585969567e-05 0.010678567873222635 0.039344930013386854 0.08662940938344453 0.07996891928333158 0.09178419748106283 0.011553351313340239 0.08822604059279938 0.08483388769125758 0.07663963010049538 0.02975810934354975 0.04047919418978461 0.01242546958536608 0.0693020961142305
7 0.06946230608487401 0.060447723686067954 0.010176539581232347 0.07946401819051355 0.08172482391795126 0.06356614529251481 0.054326260687694694 0.04340523139192867 0.07992112538784205 0.036089448657140324 0.026372028454186864 0.015158150916287581 0.03268272644946583 0.01958770440285292 0.07592597830345539 0.03904675213958946 0.03515935790005371 0.08856495643242016 0.07681696648749133 0.01210175563643703
8 0.09234551482197166 0.06292173157078858 0.02262411836323408 0.09460055534023079 0.03336520879809723 0.0702909911057925 0.048252041117997024 0.08063968359973771 0.07727676489643256 0.04638149612435304 0.01954957143857703 0.021243863021585006 0.01659743860053209 0.02616273065017294 0.0727409639682172 0.034176565130926755 0.08562151025153042 0.009130198539446558 0.06561222230284255 0.02046683035753412
9 0.09248890049799732 0.001751357508054856 0.09006426315249232 0.0829977048403948 0.021504663450345237 0.05341729831600371 0.08887371876899672 0.04976935051681944 0.02102331348154576 0.04040167035925343 0.03868451324404751 0.04047705177881852 0.05914514033692379 0.0943220750402374 0.04423750729364663 0.021552695960298365 0.00018957986318133852 0.09790955157200239 0.021987003197250877 0.039202640821689394
10 0.02901181703366067 0.01952224016774486 0.007661717973922943 0.018181953877916067 0.002542823608736998 0.047067847129654186 0.08889704331746304 0.06704800132693008 0.05783711652626746 0.010478090655257163 0.08740208299600762 0.07568543815286116 0.08729104273533698 0.08860031504623918 0.0816745806984735 0.05264142350079926 0.056943236358069686 0.05216141567215307 0.01547627159142387 0.053875541631082165
11 0.07451108195662055 0.07016992606933616 0.06145310484751644 0.053946275902592586 0.07113836504830812 0.06004478986655975 0.06819610925951566 0.07276899503016596 0.0008943831828426622 0.06960557487463102 0.0026872604531919353 0.010146835435650366 0.061162925064852366 0.024134098412694486 0.03715301378991563 0.07045514220275237 0.04154725230134976 0.055568214507019854 0.07339053992510114 0.021026111869383187
12 0.031524630774662415 0.09665099481001745 0.04296938590717867 0.008303417952415014 0.0005531777590941767 0.019536040967638918 0.08939173109047911 0.034867493733449786 0.055434465346230866 0.020482214763725106 0.057553602483240866 0.1034879763748976 0.03280867775427577 0.07169796440318187 0.0169223961610222 0.05314770102720235 0.03470622254348247 0.04482489365487779 0.1055011433734 0.07963586911952752
13 0.0845572063255447 0.0150268419869251 0.032034012047637804 0.0634977965115069 0.07136766719570099 0.05669676392141352 0.005822016221216835 0.015479122103557775 0.010876951971200142 0.050478902389006965 0.0688009484261277 0.0788025317718705 0.01905594817429565 0.046299220504612736 0.07755241397305435 0.06296873915908713 0.03976728419316174 0.08120527260451066 0.03577091554132187 0.08393944497824696
14 0.08873011665888739 0.0820416967706846 0.005656883732419044 0.08993240163377267 0.0693212026806035 0.021015345019617254 0.04246268630539862 0.04690723285110561 0.09597862773800467 0.09265288535830715 0.06800774766122612 0.07712842931307226 0.0030805117969394512 0.07190683463524496 0.0036808156664937274 0.03004556877651528 0.05470307638976187 0.002928018306322323 0.032859854256548436 0.02096006444907493
15 0.04758912714481413 0.071568361578526 0.04192103068299788 0.06896172804144304 0.033384789913008514 0.03865575773682226 0.046291357733891134 0.02833737640010522 0.07928219509503559 0.08756648515557934 0.015450513549501622 0.037351104175029966 0.07073572601423671 0.06407882898080154 0.05701264893680985 0.03342500508061292 0.0887629705487708 0.0015220357721883898 0.04857939071000866 0.03952356674981641
16 0.08140193910417165 0.03567568555033349 0.06017963892045084 0.05186785119957965 0.04827239063031321 0.04071184416531433 0.019863874197236772 0.05727511701176802 0.002460710421414102 0.05203366049847972 0.02376512720638762 0.07680699742802961 0.051452349662342876 0.08262079646122479 0.07796852217056785 0.06801442981405899 0.05401421313452611 0.08214133935316985 0.032487360075720416 0.0009861529949098992
17 0.05659884451228887 0.032535911363306295 0.07163695935813924 0.09657255000223469 0.09114360420264313 0.00991346154678781 0.07883676320750535 0.09605035139581011 0.014807179435541102 0.0936359193110843 0.07282533188351893 0.001182009866855237 0.03531857645311182 0.02324813955949758 0.014291383042288351 0.08552992303524515 0.05769553998206762 0.009327900439016353 0.005331102030492052 0.053518549372565984
18 0.06896190399858897 0.09459604732045264 0.027381804046566996 0.00847916331386032 0.05387272759654102 0.007335918997599294 0.05381107393153156 0.03180492373889242 0.03940381291905214 0.019365028910457473 0.10010862741391588 0.006498346665057988 0.037166914624760766 0.030088800778871615 0.06634384800605779 0.09675014373662734 0.08048328190052842 0.028706828936504104 0.08211047715139154 0.06673032601274187
19 0.05907274377903547 0.031657957434766244 0.047502484580479995 0.038091858962481136 0.047542184672177544 0.09671208894872281 0.06094506858491442 0.019053443177265216 0.08678407600008207 0.001241172433392066 0.06255841779178012 0.06745912574004237 0.026731093345770812 0.06502110353334395 0.0029287372492239243 0.029238172801382155 0.08892877703342365 0.09581987424270089 0.07034298441589242 0.002368635273122711
20 0.09343764477011351 0.038648709345850664 0.05223547421698704 0.07774176252698436 0.07396552735070429 0.037600837220412756 0.05879500207962524 0.008235136741623083 0.04808470486040028 0.06002372843944169 0.06128778337583815 0.00550208297357492 0.024118984494421954 0.049268068747307756 0.10313995736238395 0.01081201883027333 0.008131530576789394 0.00010059650459668305 0.10405347084598977 0.08481697873668131
21 0.016828616798341696 0.08896445258751862 0.07919046718487585 0.006649746902858263 0.08580310369415106 0.036377593999490594 0.009656741844324369 0.0632343206826272 0.030005409479958032 0.032168093449739206 0.029706770111074345 0.03033775617593998 0.02997389945919111 0.03761195470157572 0.09654601069306992 0.04715296008983681 0.058441609286159074 0.08248594411932787 0.07232777914645372 0.06653676959348667
22 0.05074822076087879 0.06534950028598055 0.06478835989051297 0.035616519030936995 0.004240435311245458 0.03307604124298587 0.056792513768118884 0.04616837028195282 0.031313664743142615 0.05066918996832042 0.06853739740515419 0.0459617747830096 0.06444462497907563 0.054049166593695845 0.025034902666359153 0.06783095785991249 0.06532549906270789 0.0655973431342026 0.06499830410200577 0.03945721412980135
23 0.08557515351565285 0.010139580018266578 0.04115089710352831 0.06298832963994806 0.08904982433482964 0.004325259983163589 0.0056875443362412155 0.044701426278345675 0.06274949520312016 0.07715478723516211 0.0967594038682242 0.11683061976015882 0.06806402400905619 0.04046061579787694 0.0031718969447026143 0.0030638028239029376 0.11349528773575926 0.0004634079666091576 0.02351735450090714 0.05065128894454454
24 0.013748868159748757 0.019243298976008228 0.06931240698224535 0.07739485772251792 0.005709667917539432 0.04552124815469579 0.05988573920724907 0.09152141461662046 0.10379246969330273 0.009934163510086315 0.06558190955847336 0.031565615274814336 0.11265301324957641 0.019604758657858722 0.056211218670878485 0.07062946893396085 7.658943509592542e-05 0.08110922647730225 0.022684657135224138 0.043819407666801355
25 0.03307026320805072 0.07249850351505516 0.036306578735827655 0.013468555586933342 0.0028978417045480978 0.08868173025880544 0.07048482128121746 0.07494306148051107 0.07913322300889966 0.09753917995501486 0.007725964104201822 0.040503227133958285 0.09764611525452788 0.004082704483124319 0.008084799764828229 0.014482113513751234 0.023450773722189802 0.08818320075425633 0.06479289364830491 0.08202444888599375
26 0.06210133014516775 0.015484496565197499 0.06921265444837105 0.07390409686899853 0.07295704330317512 0.039857320410951774 0.06994474433957168 0.08868386816470682 0.06451314244258302 0.03317439850460542 0.0068656591855367904 0.06273480196154878 0.037570111701836245 0.008213393308375573 0.04898759746065877 0.08309775487186433 0.059401801646436526 0.08964268648418931 0.01213842217881075 0.0015146760074140255
27 0.009144913890907224 0.008215447048691213 0.09037724341423638 0.06720816792677822 0.02219772592581657 0.0061604081829595096 0.04849142807301643 0.049499588406440476 0.07954467276239374 0.04162574571338505 0.050544221812801424 0.03467649254789043 0.0003397055680669166 0.06511469959625553 0.09775248337390845 0.09116076458990835 0.0462827130001826 0.04914632680557867 0.07620062272692604 0.06631662863385675
28 0.07431496680434728 0.03532325403053842 0.03507250476315742 0.06416669208344465 0.015257851801754374 0.018024530847944305 0.012970987101837703 0.08719553836103637 0.09784638355646505 0.07905300926257516 0.062206950017284456 0.07956420214454944 0.027490768199932118 0.0467222702777211 0.022110978294973202 0.06556845386447929 0.004723156228826875 0.05456598991171261 0.035620779640244085 0.0822007328071759
29 0.01287287574754907 0.008122759643788302 0.018276993481174106 0.08279358836674851 0.050673223118165835 0.08142511217826645 0.051239471551887766 0.0071627991200105805 0.05217476411521176 0.09221508881786976 0.029394798625192307 0.0452334546707677 0.06390067053488967 0.08951838225346724 0.09117214864550842 0.02136296858149821 0.06724002122433106 0.08979737546938367 0.03379932883545366 0.011624175018836065
30 0.0597423894984698 0.05577937229946495 0.06745714139441354 0.06991963356061671 0.041998366053043155 0.06637323994909555 0.05348195854800096 0.013035778295973329 0.06578039443111207 0.030167049301726097 0.02575867079597982 0.04621574570451286 0.03516972972354389 0.03973076201884128 0.05372896188703529 0.04213823442733371 0.06822798807225307 0.06436489550209262 0.046917869014775494 0.05401181952171557
31 0.02553312055772073 0.07853020328957333 0.01093574609239251 0.036351111334933336 0.06445822972719811 0.027274978136995427 0.0031077352927309176 0.01934479048873319 0.031290779223014334 0.09381588740611427 0.09652413019830816 0.047258255374864826 0.06813608687978563 0.03935272842187388 0.01235709415232318 0.08796946101432765 0.029511554754243413 0.06513956168123876 0.08507055355033752 0.07803799242329096
32 0.05200221012440327 0.03978457147087889 0.023310678906115673 0.08373749696282069 0.08221961964602295 0.0724839512642977 0.09050576929806091 0.0025128878475309127 0.015892391077250222 0.04939473892404372 0.09368475142943243 0.03285144347318526 0.015765336224692065 0.0742510337290968 0.0688216299296686 0.04440620440957335 0.020766902537422288 0.09416596675157393 0.012594751712244657 0.030847664281685373
33 0.01591116330799238 0.07450812044616342 0.03607533750154098 0.07560901165346899 0.0797786047982306 0.06462150198348769 0.019140555709732904 0.03899064437321505 0.04879104161324221 0.050710339353844114 0.05520305456784694 0.0528834258918389 0.017618050093917283 0.007227880543020826 0.08474772630275464 0.08244947379762704 0.04372362967241837 0.08344242762822347 0.03818012018093878 0.03038789058049562
34 0.0736999085404454 0.002647602575965599 0.07429307712662532 0.06452750249134948 0.013965877786253746 0.09061896460308429 0.002850632039053436 0.0672622907082464 0.009314951529157374 0.07580861856868247 0.011739445146394014 0.09212520073671789 0.05901507445270702 0.06749521194165418 0.08705230366052344 0.08567769060745342 0.02711825731877796 0.01238238684959336 0.022151276842342173 0.06025372647497285
35 0.0533868727975332 0.04328647965599986 0.07275983613735015 0.07580423983022595 0.04982950513033675 0.10265723093180652 0.09541986251371683 0.0023699692893397544 0.0027012652499751023 0.05179247439814758 0.022341175947490716 0.0007311726873705349 0.04185247827898241 0.0923443456731714 0.05008952317365066 0.02372091726748849 0.07330374484471608 0.0432101469860839 0.0915287789768372 0.01086998022977719
36 0.04039228914865331 0.07645829333754255 0.08443364944281233 0.014991453012787996 0.023687264664503507 0.09560685746757648 0.08046733298911489 0.09851006750455393 0.03892226623496595 0.061706539266344035 0.035909982520842106 0.03209613522179168 0.0755267678182513 0.029022006206300063 0.012834234187121896 0.07124103010797864 0.052836760413616395 0.0209524483752936 0.05344234920995444 0.0009622728699947209
37 0.09771952505958115 0.06386532336726926 0.011669990130524211 0.013578646723438252 0.03397137643522739 0.046118928659962984 0.03105428775627091 0.04882638461227063 0.010824435345089655 0.09497037174414125 0.10296583272452077 0.07854435372264008 0.009686896393028359 0.0811971439136301 0.06457491638743394 0.030775490822601337 0.0026037560631065027 0.0216487674519032 0.05088475482563514 0.1045188178617248
38 0.052651178662962365 0.07620220532746272 0.08431700600887494 0.040528173257770465 0.0308221516641536 0.09266642835379399 0.08025916415397927 0.025753036194806338 0.010618537743827183 0.07626016958805157 1.2880790302618024e-06 0.0059374974979524535 0.0030121645346220995 0.0002149214206194642 0.04172312869234573 0.11062472561320097 0.09134208599985161 0.020962436604320154 0.08398410194717684 0.07211959865519797
39 0.08115711166714518 0.05555042457271733 0.017371917611839857 0.06254366557220956 0.0723866720889435 0.048264101921130204 0.009194717986696256 0.0734030550011305 0.047261767338616735 0.0034577231842353013 0.031121675804114415 0.10519073104546671 0.04677357267152842 0.09226925830324788 0.072633971594348 0.1055980012543718 0.002125258388225396 0.004445074165470921 0.05685501958319591 0.012396280245366357
40 0.10492755079549493 0.012364728712535342 0.021026077576298836 0.09078074439123157 0.0010689006283439387 0.09711188571994225 0.07045117763032191 0.02086752143231302 0.05331812010861707 0.05776107916054492 0.051503217662851986 0.08299603991459029 0.05438330238197457 0.0429410217196302 0.018558965193875555 0.0767782961422855 0.05342038280513291 0.0017418358829944546 0.047363137204241026 0.040636014936779735
41 0.022786720668547308 0.0650896154591379 0.05566059102589388 0.07957628261340442 0.0635764544766729 0.07393594565027978 0.004911584373841711 0.06752172731747573 0.0562878274098009 0.0403391837570264 0.06823707333467598 0.07790952563271379 0.04836155941612125 0.024327750097138633 0.07565889728196983 0.0031778398161774867 0.03737522889748876 0.01698559011099425 0.046635438886719394 0.07164516377391995
42 0.07557432130849653 0.06823616899427355 0.09434730927732067 0.03518518533582842 0.03520038971342687 0.04891342849983806 0.09525154085928242 0.007707233095532026 0.01482886036225671 0.0641966708033856 0.00802103357435052 0.08299346737634844 0.010653276493011206 0.0478543611259398 0.02991030375541329 0.09795572938668014 0.016859973823718552 0.05224517034873942 0.04576326371310077 0.06830231215305693
43 0.004246211495723801 0.062220543172931936 0.005126267028727357 0.013927274505985358 0.00711689958114126 0.03333311246235223 0.10449715292361209 0.014201197531987533 0.04903100894733127 0.06618285468061405 0.04274555370071041 0.10048108620901516 0.07336360787308081 0.005924488183367117 0.0705732297459947 0.06006595519213635 0.07422214401377236 0.03220011376791925 0.08596541780916038 0.09457588117443662
44 0.010868968473759453 0.07540239967565932 0.04388217833425069 0.07154152119117524 0.0853672936291819 0.08204009827442311 0.052692346135459305 0.044493292631107455 0.0013808717343071358 0.0034934263900379464 0.08984412042972624 0.04309447887811456 0.02837269751969188 0.08012830626725097 0.06439720237340787 0.007950343194311803 0.07424488317173666 0.03607044028153264 0.052236291746618944 0.052498839668246956
45 0.08298057514497183 0.05813492661224231 0.021391416529824115 0.06745675571962155 0.06382088677879187 0.057864949861737555 0.07600872949377593 0.007612828733788759 0.059470417364852896 0.03344379683297882 0.07264262610239178 0.061500890110831506 0.0669790173122205 0.01875309189053508 0.010286110563543857 0.021561740124237245 0.05701315338824949 0.07474016809128751 0.05856006954366177 0.02977784980045552
46 0.05331839409631356 0.07647507206364115 0.039242585062843074 0.01800964840521641 0.05478945951334466 0.0192203431909535 0.05410512126303182 0.013164221679660115 0.01993262254626774 0.017457823477291932 0.053653054120148605 0.08942563188625356 0.0795341212904631 0.07473289003915974 0.06849756815012024 0.04830850647161955 0.07364662265226338 0.025250705626482434 0.08546748037186948 0.035768128093055886
47 0.043365256086943534 0.04097807122658235 0.06973762256589941 0.034804668914936956 0.05493551857970432 0.038445542974035365 0.08103763517714113 0.036174701240672846 0.07247777250119002 0.0114765575184899 0.08333465711793328 0.07294515954301857 0.07624387634052439 0.018988334862901038 0.08640528665529311 0.023898174747788648 0.05884356521129145 0.03800682530610726 0.016630692969011544 0.04127008046053492
48 0.08319598285100444 0.022089611923336763 0.020590088504799018 0.0038308691606130096 0.020424542680604806 0.0189158635967823 0.07903442385790697 0.0806497873452121 0.07191701033095221 0.0319973669949803 0.06528100421041332 0.04070896229045239 0.04866942825636221 0.04314146880865329 0.06325464597387832 0.06443500992069844 0.0553953188784664 0.07579645043503123 0.07804956546684519 0.032622598513007334
49 0.06052141843862 0.020881947881506296 0.05303182335066884 0.05618276957980219 0.04173467420232139 0.06731161156003773 0.0622835829035597 0.06104946192974477 0.07327828572063959 0.07749721586995643 0.008306421780417678 0.06021700506126685 0.049245411842400125 0.036039677351496206 0.022274832078829212 0.064430164298763 0.017716519509786977 0.07505065288021512 0.06714503803714482 0.025801485722822932
50 0.014716157650615288 0.055581632348770095 0.035838681755215825 0.05491419569942772 0.0778325978777698 0.042545109480099964 0.023263175642317058 0.06335105440065925 0.010367367767673831 0.07853893886327605 0.08349203336764405 0.0011031138915361034 0.05608007163883385 0.04672123397766136 0.058888303854982775 0.010494380707100359 0.07648558895523219 0.06859473467567213 0.08108356006546047 0.06010806738005197
51 0.0008137078719670792 0.030445901521968306 0.09425953327989725 0.008895979232765996 0.032427580788659205 0.05848172498878691 0.0498045195258238 0.003928760849789179 0.06584539863907628 0.06774688380358128 0.008500588785530203 0.0401583013758943 0.07796559299776473 0.1011684277812825 0.03103606773101924 0.08352221374219404 0.060947788047420744 0.02604496741340194 0.052004498102127976 0.10600156352104902
52 0.04906577736924664 0.07264414275143766 0.07195187425257185 0.02029794302937082 0.06710684537236518 0.004233822005506252 0.05035673236336411 0.044603492408040395 0.0783989694241359 0.05542587318270879 0.04530763954838385 0.032604851330143174 0.06700393819073273 0.05136642797751108 0.025477478249471133 0.04935471533139361 0.0008598368941469971 0.07996952859773396 0.04696920141577505 0.08700091030596088
53 0.037589621608487465 0.08938307124756266 0.0024150045065973852 0.06989220947748805 0.03229641299603281 0.056369608533086146 0.07083966345256008 0.08480549722141321 0.07960366635574737 0.04427479283907478 0.03073572574446542 0.036408011957007 0.047960498924797174 0.0606583792021708 0.03546918508983166 0.08303483045583111 0.026711856229238787 0.045632496027751865 0.026510741881232976 0.0394087262496232
54 0.09263204928361393 0.0705911032659196 0.058504715298315225 0.004195916559298598 0.029721381913570988 0.10297847848674292 0.07335565240269955 0.07638859831010861 0.05787758605465502 0.034924238876181825 0.015246300672716796 0.029963186969520862 0.0016808977452998381 0.05467912378555902 0.07867931640774106 0.04223557425999923 0.025368370219127058 0.04728516292771962 0.00032664254154609587 0.10336570401966422
55 0.10669255413952161 0.011277067685278797 0.0776069352995349 0.039647269645816996 0.051997012502199055 0.05423876366298415 0.016051251211368973 0.09533636675954578 0.022218575481706065 0.03353169145167426 0.023555025835879064 0.11333037339592364 0.0011724320569221874 0.03946926457937795 0.0317571324629985 0.016760595777906697 0.10889001160567895 0.013111864198651194 0.03902159694927788 0.1043342152977531
56 0.03377809519826022 0.11898486957619256 0.07751736480493145 0.03870237666346851 0.04297781413458462 0.006212135262991032 0.0024312932645382886 0.04815295415135835 0.056640188537119045 0.0485784737980646 0.002900795847765963 0.03115200220534613 0.11018083591415824 0.08020204073496358 0.040444071648824374 0.09805909085072419 0.03920837737754578 0.07963771137597433 0.013957839461026822 0.030281669192162106
57 0.07715938558915066 0.07453125458816375 0.026736052341044703 0.02017964196932965 0.0920151097951565 0.05705691319119509 0.01842619888150763 0.026780694127682397 0.0666763727810402 0.013179684070365074 0.08126911698856017 0.008465288736022368 0.06565466251171787 0.01678446946961628 0.07141508465787672 0.07111848181078512 0.0690627333335193 0.040367043121306345 0.06792747170589913 0.03519434033006097
58 0.07739222277159882 0.0372639082278568 0.0657025742184812 0.03624453246808094 0.06542715801002595 0.06349527865077798 0.021005492420678073 0.06389680171981052 0.023238228196955153 0.01853657055045773 0.022916393863793877 0.07484347823067278 0.039680174843490235 0.0732820534125891 0.045832424136511146 0.04878840285054213 0.06181124134238638 0.07591430469669155 0.01980867747339505 0.06492008191520468
59 0.07215602831533999 0.0064859351546402485 0.05797548904655012 0.04430914853300015 0.08876407125675619 0.0974659672941591 0.06095891092767994 0.08957861519251581 0.018298956369159923 0.033909339714173516 0.04667114893092219 0.008037079819806097 0.04447029604343228 0.06879912962099921 0.09157217996843987 0.004482947380822673 0.039805714986929745 0.00870768570431692 0.10536872780744683 0.01218262793290916
60 0.058061515506810775 0.09624450705213473 0.05946883635767314 0.01608539780289381 0.027563201327777013 0.08782322879722984 0.07398255573345168 0.011492873775512136 0.10070613311963526 0.02541880384279029 0.09168083207185879 0.09238588688745061 0.018417599091113214 0.00783718538561555 0.017349391549706834 0.013666441670497551 0.05013694811844147 0.008672030652749243 0.046253113998250835 0.09675351725840728
61 0.01983304234422094 0.043678095797352455 0.07842782417279379 0.026919952960520552 0.08269009527666966 0.046198592972174046 0.08804058672551203 0.09509130359947483 0.009741791380850422 0.05011894649095912 0.060821012458525434 0.09074757126343531 0.09308020651442188 0.014064693258812598 0.08692650439960382 0.035079199679012046 0.02896309733357398 0.010168333961439227 0.009618465454885657 0.02979068395576221
62 0.06505818122189565 0.07177434587362326 0.03301394209685695 0.008370126798419766 0.08178225479314821 0.05940911819855934 0.033906696822092124 0.02162517493074117 0.04534909322689513 0.009204298940962771 0.09333713415631063 0.09138183472554273 0.057815081810761046 0.10532488659378707 0.08049831077712635 0.05458335880074656 0.02810562900535647 0.0165645672967855 0.0036137320532424987 0.039282231877146856
63 0.08053645702941296 0.05910915146264912 0.07564045063298142 0.05209898207159586 0.039778036907152675 0.018453830836999998 0.0344617148430821 0.0171484774435865 0.07904686011709096 0.08650482913466909 0.011346842894907188 0.06902424218245906 0.05980042864745526 0.014201061488199697 0.03806630692000939 0.06677808663241279 0.08952933450921219 0.045715055331813866 0.04591934288551833 0.016840508028791536
64 0.023836977415649763 0.04037658543884647 0.008070815597017411 0.03285907498144696 0.09222010067925063 0.09079348058830748 0.03342446184599244 0.026416153943126876 0.06999342030024 0.05490432041115367 0.049452291493758 0.054605403554987206 0.016835312394653783 0.07172776033241542 0.03220406290824426 0.07588360846990116 0.07193582018789424 0.08392790941965904 0.009943942857801362 0.060588497179653894
65 0.04926437555288999 0.018370371529099993 0.07712072555451356 0.011812129139436349 0.08387148127944132 0.04634875287612312 0.0259887453035439 0.08749479971910087 0.08305205905127763 0.07214732292112264 0.018117314967277916 0.08313616857625736 0.0026015741502914127 0.09849926238909104 0.07081232284012916 0.05677592989552183 0.012979853471360466 0.013732917801592644 0.06628178001639637 0.021592112965532477
66 0.06755887951190033 0.06845629331961242 0.07008119892783818 0.04595792363742814 0.0032142695688955366 0.08419258318311522 0.05767320918396129 0.03083923336220267 0.007455266458518428 0.06300018438193809 0.04689882842863279 0.04754442762260557 0.06368597395424344 0.041125012311413474 0.07071156501409659 0.07009735228913627 0.031545291767683205 0.06864722868441747 0.003830375055534282 0.05748490333682672
67 0.018955143186692645 0.09075867913910735 0.028425384451487047 0.0591290946248435 0.07908157009455984 0.050608774415150506 0.044227654012016476 0.09614077027273694 0.09089930993185322 0.07358593740887329 0.05631076875649752 0.01694045369530179 0.019531506353187088 0.07704847997374191 0.02464050601884244 0.02345790130853805 0.058477911015865906 0.04806066669858605 0.01631140660168431 0.02740808204043392
68 0.06377618558377152 0.03814848589404522 0.01676789123060681 0.05125437334824345 0.06745623304531773 0.09009378257565634 0.03422532670389561 0.06106329399368977 0.005634888853583129 0.06636289703444496 0.06562875065620768 0.052526765602741374 0.06446263398649468 0.020490581043851475 0.051398913697516924 0.08522189316491534 0.08187101088340577 0.01029160331404818 0.06032567222557986 0.012998817161984057
69 0.054528949195888486 0.046868543572873234 0.026019365700048914 0.023923721116786516 0.07098882939606142 0.025296858603051104 0.09378981894843083 0.04010985911867364 0.0680260610012315 0.07335205052737517 0.017411669941021484 0.03748177419655114 0.05840061972063111 0.0028797584108233194 0.09913060337110473 0.07094849558976012 0.0030791420137403 0.01347603319218239 0.06776122290657628 0.10652662347718836
70 0.04090617743674424 0.023067012010955838 0.08510944371333432 0.09116248933279889 0.022576390792036608 0.05080306210782357 0.03627694211440922 0.07924379756122206 0.034885356013842385 0.016635615642066014 0.08904235304495228 0.02266198199590421 0.06754712218695184 0.05404892347251036 0.025746191151974945 0.08728878480543854 0.03747272772079987 0.036439648646396386 0.05269823650330747 0.04638774374653086
71 0.06372799150538078 0.01693050101789746 0.0643845925112246 0.047098796313629836 0.09809998282661443 0.008228274920582592 0.09632980129888578 0.03480781259716566 0.025008432484330614 0.006746268581898276 0.03278026946451686 0.024573866742844886 0.06970902309063297 0.09981993438977955 0.06019333392334065 0.056353456426844785 0.016761839307905226 0.06445353316740315 0.06578816962675559 0.04820411980236653
72 0.0023451954586062745 0.07381782660277733 0.08475766229144217 0.03377273305042193 0.059527264682755876 0.06954229680506532 0.048326739549638335 0.0942200813849014 0.01972756843453515 0.09551701931052818 0.04825184956883581 0.0495450347145308 0.013121203343119572 0.04007118493442642 0.04994954673884564 0.019051711412479376 0.0776064187721277 0.030276420848258406 0.05620823921100428 0.03436400288570019
73 0.05831718232242946 0.036275814795476036 0.047930969626946075 0.10639599676954244 0.018720278915380598 0.01938293431053077 0.0028018739829696413 0.07244473528424585 0.033717712290412656 0.044229760848009975 0.089971446129973 0.031211060152449357 0.006905350873715352 0.08287462991275148 0.05039617593476793 0.07111288805429404 0.012883440153465209 0.027895566129068815 0.08462800860961295 0.1019041749039584
74 0.0020050893221729223 0.00513995369698778 0.09660540306292872 0.0013845782390813858 0.01255547303022769 0.019070402334255408 0.08119377553206351 0.07297865874736836 0.0669264460749131 0.0053445926866306824 0.050548116868340084 0.09793052785949445 0.06731519271166915 0.08801138450475487 0.025095567320609306 0.10331453076814744 0.09640545734346026 0.03677169574726693 0.020179502960110878 0.05122365118951695
75 0.08380155641502035 0.057658094830767406 0.006946229154519006 0.02796286979960583 0.09140216757282475 0.021122750361053235 0.03223821290279647 0.03926435914494439 0.005855445843391238 0.07918092554981515 0.03145482289426813 0.07941414492858853 0.03573236403393408 0.038620763837578245 0.08796402301452766 0.05612088279800401 0.03870183014708743 0.08080267207090361 0.09520604043615909 0.010549844264211516
76 0.09405559599813967 0.04072936844831058 0.0657776223036913 0.0634199655528757 0.033928722524612896 0.05065404422374765 0.01012032806100092 0.03183566083797697 0.03125928010176113 0.06796897815499467 0.02649208361485725 0.08648004245618218 0.09284309515014151 0.040914157933810334 0.03087265224255957 0.01517356864557133 0.05876242987490293 0.0026550881285422974 0.06343110593479645 0.09262620981152458
77 0.03398003804834344 0.07303810623959427 0.020979624231498035 0.09065507477515719 0.07683724757833038 0.06846633798504766 0.05848529106913764 0.0024603890418062216 0.12646946016997404 0.03305062300996253 0.011955613673262203 0.0056428664439754864 0.02420459220938796 0.060284562558993324 0.10893062526024803 0.013659875461443873 0.050773496695809855 0.058212169381446695 0.06814151135314893 0.01377249481343201
78 0.07995056444237593 0.013349217515519367 0.06223110099298063 0.04925579844071932 0.06589882509007682 0.09478080912217046 0.08256825918338494 0.01820184354171899 0.047884085076977695 0.02362704378779002 0.022004837157186468 0.018628388847248253 0.06973426922775068 0.07429914458386574 0.04232730682856786 0.07432241131610773 0.020014079942138097 0.07491110884114857 0.03435545978829431 0.03165544627397835
79 0.07040854008046721 0.07016961141980257 0.0379626907564217 0.018140886837691206 0.047002086580620196 0.0056098847511172395 0.07136817897299667 0.042945398890800734 0.02130774146237153 0.088742344752971 0.04739011329390433 0.039795125258038126 0.0025946304934428765 0.02153292366884586 0.06229164543538356 0.08061660494506881 0.030133175599662148 0.06292758621886088 0.08858850101510406 0.09047232956642927
80 0.0079668983958094 0.04714106985942604 0.0816081543889809 0.04393094022571259 0.002203251589844085 0.09028538373169095 0.0350782625575898 0.08210906483858531 0.0337762549384592 0.0008538354932463924 0.05934047565267108 0.046010241159131264 0.025784689026631197 0.08009702790477148 0.10136294638602526 0.09489337021101746 0.007440347572436474 0.003821933458286271 0.05923438206879622 0.09706147054088875
81 0.0749618210318113 0.09857230556773369 0.046810643049265264 0.001436476997807011 0.07183132069529875 0.06669883793134648 0.01578532535730763 0.013703974892276415 0.10694761841156362 0.054712506691204754 0.0677807989090949 0.002460969686976411 0.07795598271338083 0.045216241289320606 0.03562550182061914 0.04660987726754938 0.01243955255261358 0.04068220638948167 0.01541205070518799 0.1043559880401604
82 0.029209496389409544 0.07349689114915288 0.033053312324171254 0.08324674720004153 0.011099092113357483 0.01963212015693333 0.11873526106936412 0.04233679964312829 0.012253680974830993 0.03302644331422261 0.06393540241047381 0.02071981535322349 0.03552655644068759 0.025983843822451877 0.047389485367594054 0.13125704816939823 0.08347283155950233 0.0553963678859446 0.06714582040612571 0.01308298424998625
83 0.031244496970999368 0.026936550458366328 0.06743989580577738 0.09079790402529787 0.09475219697299336 0.05400366940312843 0.044727518355845826 0.04733154989482181 0.0987979054153944 0.005448161230304987 0.018039071702150546 0.06271157137928898 0.06617075282909966 0.044629136414367214 0.04008322329919575 0.06056635366420371 0.05575000815772671 0.0013128356583876287 0.011573702684154065 0.07768349567849588
84 0.06374491430711053 0.006319728544337242 0.015252020039731539 0.06140367508622825 0.08620686199716784 0.009760271614340631 0.07601727765151543 0.03939951091226118 0.006320084684016873 0.08489725667795203 0.020200103342001997 0.03258121164443348 0.044695608079502756 0.10387444591610281 0.034916221292576585 0.025221120308401783 0.10274740899442207 0.12331999214443479 0.02972721939239047 0.03339506737107158
85 0.04935293627209041 0.06694429759477205 0.09809127111692946 0.058601411324363334 0.1217538558351119 0.0006962429397059232 0.026067870792089776 0.07231676300950025 0.01286090097640401 0.016312985743761523 0.07903703657187194 0.11867097049693284 0.0006823548331963858 0.010645879020507181 0.08554627123863053 0.0008920651258028955 0.04425815317039649 0.09427258045131587 0.034687721397322575 0.008308432089294668
86 0.047029516301574925 0.14704478181791963 0.019057193062511465 0.015112850901851065 0.002732580511189072 0.03474773359162043 0.015760996591967013 0.030916893912189075 0.02318154596991419 0.10509969974393897 0.03767800749279743 0.008670158641340886 0.05003469483733225 0.07383769006309923 0.11919278887952539 0.0018429158609141395 0.09049168788761155 0.07243786489601634 0.037346086683082695 0.06778431235360398
87 0.057022835814269146 0.07292110088460627 0.028644242080219713 0.08677678530614087 0.07001474862442442 0.07127177447244598 0.06231941706373373 0.06937733387827277 0.02613984638751872 0.07176591432622381 0.0039394586386118854 0.08053122917416149 0.08068438187804415 0.021666697920386106 0.030121291567362988 0.02307238817359473 0.012386868629693897 0.08262372297071044 0.011042781683041153 0.03767718052653759
88 0.07368137465109555 0.039299044048124857 0.07688588787458078 0.09240308700838416 0.06066238055006709 0.059513947163592776 0.08914958309138987 0.031382966137378274 0.07334686649580097 0.08345573168647923 0.059111771458065565 0.06600387950031697 0.009698796496174921 2.0698870527654205e-05 0.01481181324799693 0.02659469519120964 0.04665204922184114 0.0223885757764246 0.052392894314438165 0.022543957216110747
89 0.03293218879325156 0.06075556864117803 0.07464984887306576 0.06729619735667094 0.06904300008381932 0.07006556494222632 0.07617239575964489 0.04491627823815068 0.020131325151016677 0.07291278338607654 0.032490221305712254 0.06376055916598405 0.06636305120058611 0.0025029713260362432 0.0694712697791414 0.058078923618591106 0.042490054398699836 0.0025131616600670642 0.005839879782858587 0.06761475653722245
90 0.014114800170187817 0.09199121804562685 0.038255215129074725 0.0248267137665242 0.06575494514270883 0.10071763225402894 0.08112952458437728 0.00816856556120989 0.039954026182691595 0.0068801028739723154 0.10059918685925025 0.020704165035640536 0.08586594884262659 0.03644877149538298 0.06726440652506639 0.027496276438412393 0.04561391430813136 0.01107709960307002 0.07956829808385227 0.0535691890981651
91 0.0582909489840504 0.049010023181409394 0.039569503616337535 0.00898347526290169 0.07078973383387635 0.06258659843126814 0.01589260338023408 0.05869982049166898 0.002560029967721128 0.07761506671892199 0.08247651017049483 0.08074084141528114 0.03865103315647484 0.027553825051214387 0.008011781322525084 0.07068647852738234 0.08358561109189755 0.03868146696736039 0.04240685932675548 0.08320778910222427
92 0.025311852487132802 0.035191622467838704 0.061768996530193236 0.10081857599882303 0.017992082707047812 0.04779424837093772 0.036045471056555055 0.01927912579486525 0.05405069874844245 0.02409649965179671 0.02590607179200721 0.06373614908533895 0.04716616792218415 0.09534408723506724 0.07408281798554847 0.015419838407855888 0.08281837438077645 0.0339436739098376 0.10355320105341385 0.03568044441433749
93 0.022967809677110634 0.07567838636007207 0.03286596963233095 0.07407370497909992 0.058388068093811654 0.028177887135282517 0.004169409595679085 0.04660202130987943 0.036448785761993265 0.04408965083251942 0.07489497928637708 0.011589029660443473 0.07702274754924072 0.05370896672178546 0.04330477904387368 0.04457211027271827 0.059477388538136694 0.09595513301506639 0.05432003238696498 0.06169314014761411
94 0.028898736964976104 0.07398646443134053 0.010141640829699792 0.07901312796455119 0.040902201515720694 0.06516309366536585 0.05458548282837445 0.06731304796029235 0.03374984844573664 0.06856602837691472 0.02774096049032617 0.060530556646784854 0.007284548169288639 0.07440914425478495 0.02091785757601325 0.06804862113087268 0.07494512675072215 0.07722704614159333 0.015644542229729785 0.050931923626912186
95 0.03206701955352715 0.023278040690942393 0.10084704564229141 0.009254895760715604 0.11367545754168203 0.02033237023824815 0.0843850404949206 0.029164765884516098 0.021234075028755815 0.03552899322690468 0.10283085643776041 0.016389656521588695 0.09645762586729828 0.007712210227134895 0.04295954618509241 0.07931500913084856 0.1164636416778791 0.011000595949153213 0.0554935081382245 0.0016096458025160025
96 0.09697229642401062 0.011384560188407195 0.025171907820111247 0.06402855629362093 0.06078968474565393 0.0471095968830777 0.0067876623372349855 0.03905337759011435 0.021496487630160464 0.032487045547018985 0.03252041299448005 0.07134589988864472 0.029066473939871412 0.05675290871677372 0.07713847773967918 0.002049227342011998 0.0706083756623753 0.06630458842032362 0.09265898983105095 0.0962734700053788
