0 0.0822268301523301 0.03647072494755824 0.053432884988762 0.010910769776673643 0.0057986922747213 0.00848799245883582 0.06857242326622587 0.06858208069126759 0.055946952213386573 0.08243554558396603 0.03338381414648938 0.06265891944119209 0.07646601155268495 0.027321820581544753 0.05830544888297089 0.06761837099944484 0.08642123696101252 0.005362373582692376 0.04345812179809999 0.06613898570014114
1 0.03937123941945148 0.07331428268913379 0.04951772879680857 0.07959805365567224 0.03699505813214575 0.0182456710352067 0.043447916194689504 0.04010092314286151 0.05892649129782817 0.03286381807077364 0.0410550661557697 0.07741042811844462 0.050914320925520826 0.027630505010824296 0.05042232055434688 0.06763574053598972 0.05249438168917628 0.07129893925267676 0.030390134822543054 0.058366980500136646
2 0.05776218719680397 0.06410077999194792 0.06766950899858315 0.02335894646402971 0.09044130003837715 0.020311530023748976 0.006608344509936181 0.045233470297139006 0.030424713969887 0.06834697952711834 0.09239482252721481 0.08776438748607218 0.03677129994853819 0.06064120138753597 0.012760171509157208 0.09370528719717702 0.07593449252267623 0.009394912198570452 0.03630392795092312 0.020071736254563363
3 0.03033316392864175 0.07245100026143396 0.03191081879413888 0.008901576980051094 0.06105837330902019 0.03549952609477932 0.0807581513377001 0.05841941218161436 0.09100704526519275 0.028680337233682747 0.0716547844082376 0.07023049223567202 0.019387626784625994 0.0813672270175091 0.08263508983621481 0.07190491981887821 0.001966351409549022 0.03622443874544306 0.04527796442382094 0.02033169993379396
4 0.02863966594019291 0.034413690257540604 0.031681280155931635 0.02093257953813952 0.029930665680056597 0.07686615552320379 0.03730384181905108 0.0011545795557105726 0.08616227816616943 0.09331571988821379 0.07288497165141135 0.07425058047370131 0.0601525446288723 0.03097179451425926 0.0025085792505432926 0.07667750150254034 0.08954223019428803 0.07761399589458966 0.05139653228938671 0.023600813076197956
5 0.022225282337991772 0.0961458662585049 0.017956600854611687 0.006667824541674183 0.003999906261709589 0.09869448174241983 0.08474831965619457 0.03179061567022914 0.08450861261286347 0.06648924430882473 0.03763141235281559 0.007199519873990743 0.06496569113095116 0.08282151615581088 0.007490375402467083 0.05188324540315969 0.06880573449940515 0.07029887655309132 0.06701853312827794 0.028658341255006402
6 0.06428588114450479 0.06543378890797134 0.042525036680434516 0.10111428068092856 0.07730006926001247 0.056762248031264166 0.041586425173301134 0.0724134941316269 0.022035866216104937 0.06046173042569146 0.022412544981536157 0.07998472717636537 0.061382376805490156 0.041076186165711424 0.017324856538244275 0.04849643775990046 0.05999020646588171 0.005333948389497548 0.009434147836009703 0.05064574722952304
7 0.046203392637814956 0.07124652311103283 0.08074836255287009 0.07208591133588305 0.050644341255845826 0.059900690787415695 0.044780631295608685 0.01850117535626167 0.02104055262713083 0.02952595760771342 0.034159973773762745 0.029690210531895928 0.06503546551210815 0.030642998227524743 0.024965487913141005 0.05088475066715899 0.04770294946281982 0.061327723506051396 0.07939961470267769 0.08151328713528251
8 0.016022905968602886 0.038628226746703125 0.03627377964647404 0.07787217228635356 0.06499245270972925 0.06650960952903089 0.06989736433039304 0.06188618552828666 0.0016763203176613092 0.07696399254896398 0.059286859266568286 0.04386828507491804 0.08278086562578882 0.050814504196249284 0.018346306356440054 0.028650435398957144 0.04408615385691952 0.061237099680304656 0.07783679959490207 0.022369681336753225
9 0.05787222942900784 0.0046519869993049195 0.06701843457613559 0.06165023030597508 0.009670628917493432 0.08283061690244312 0.004249730906074012 0.06284952502684663 0.018492132735010214 0.022406388190191525 0.01402027658318836 0.046265189206821246 0.08298479408091451 0.0018544967601467179 0.08941058683938957 0.08498433079402931 0.07191866414265041 0.07862051260566176 0.07611929479292326 0.06212995020579236
10 0.04579917570018162 0.027463739934087128 0.04432096944855938 0.023090662239041528 0.10941400120728846 0.04316264728814586 0.003251025974127963 0.030029353456211064 0.06567420139163581 0.1302881588885214 0.025628672566318674 0.055428685673265816 0.0411948066392748 0.05880939762030441 0.023083519154025723 0.07149661017362288 0.04602824898056555 0.01657466895223439 0.09883779018986948 0.04042366452271802
11 0.05855160913076254 0.026446086383557568 0.030338045256801893 0.0034652584645116927 0.0870915982328142 0.01113369281544563 0.037982732159611204 0.05615131944170366 0.06416463838138342 0.08374702077471363 0.010985009714868548 0.0710913909544064 0.05028465202301106 0.04750715141702799 0.059758242918253206 0.0926717025134545 0.08763322242233958 0.040138487938574295 0.0043941940651067175 0.07646394499165214
12 0.05894100293495274 0.05894549394438392 0.015295838990918385 0.016403374987851466 0.03265275904686287 0.047753598545975086 0.11915215950741766 0.008616505751146574 0.012403855895901395 0.032841122072539496 0.07359296580254648 0.10089777332361996 0.05675829769966678 0.06496122892921384 0.003368970857699184 0.10509415873158774 0.01449591747375567 0.0674885334019792 0.10847464362855617 0.001861798473425223
13 0.0439204694054176 0.021684212546644505 0.07601122691088737 0.03478361638741723 0.011384018000264538 0.04944150161428703 0.016292434301875772 0.015902073117686724 0.07709791623979892 0.06366795756096684 0.0672231625500759 0.022722804245370258 0.07172599422123792 0.09283654524620043 0.08348949291246335 0.0404806367023967 0.0752691093315576 0.01965039935261769 0.09472452021677039 0.021691909136063184
14 0.015963441834415795 0.05199387382979453 0.02166717788706632 0.10709525151954977 0.11124165825033135 0.02767478494747664 0.04660015906826967 0.07610387172082855 0.002838488437095064 0.0828232011803832 0.0029842149537423297 0.018749629961477953 0.03737506737401371 0.09314277325851096 0.05137620901027941 0.034510567318787044 0.0910237919442835 0.08013835039100731 0.012073747530851763 0.034623739581835344
15 0.010429674412002436 0.06851786109704008 0.03762072166787784 0.026138857384291156 0.09091135338090482 0.05191504413185003 0.024030641636062194 0.06994759552245622 0.06994093381195308 0.06926095911759497 0.08517830144009057 0.018551999292936296 0.06514527221858259 0.03168035651808136 0.04766382649636395 0.02365901846971896 0.1043784893316396 0.03393160990048336 0.008198159455050634 0.06289932471501974
16 0.08212272817708614 0.031305662025433764 0.053045199306910054 0.013657581406518638 0.04556233279378828 0.04078124139014547 0.08281841700152456 0.05442109157754906 0.07485582801954394 0.01687593302263053 0.07943462986042528 0.06339281558065635 0.06950399421505142 0.0242524255237885 0.06655921934963618 0.05696749758260995 0.02819462833664111 0.0355767684538539 0.021365509962037062 0.05930649641416983
17 0.045101198391662024 0.068889341617692 0.0952446777494966 0.100613518638308 0.006319879759014046 0.008825818132392723 0.030596394501155675 0.013954525368472394 0.0221088710785128 0.08184150005367408 0.06794659946269403 0.1075881107305017 0.0888734090337779 0.02894535043693757 0.037534418057363315 0.0227348819595091 0.034888062213056376 0.044855633281367824 0.054047701964522465 0.039090107569889385
18 0.06944980768970876 0.01398493911733649 0.010033572969762285 0.07144330815498787 0.03780209751042696 0.0062106814957287645 0.04872486087558361 0.050565033585698194 0.07389742478058908 0.03642719309056107 0.06805529779147566 0.10567406309273814 0.04890300786339914 0.02614100596282354 0.050103807498412214 0.06477288001869869 0.04813123732490524 0.07339318313017347 0.07237544620847404 0.02391115183851681
19 0.07109320871968866 0.06439830314228498 0.015596092477814665 0.06659275709028323 0.06231120286987044 0.05556571102566433 0.0037437952765424437 0.056063367985961156 0.05172041704171918 0.0434140113014823 0.042905671984741614 0.07330615788412728 0.07446094900998493 0.06544417165157401 0.048716205530535406 0.031881450843715804 0.05799791774843638 0.045872870798601806 0.045141512178922635 0.02377422543804878
20 0.0047761814742613385 0.030160068078763102 0.05912268463252723 0.03753939229774866 0.07639005108652558 0.023339627837810892 0.018776885206583542 0.08710157992286803 0.024172552407250067 0.02598225683822758 0.09377618037775952 0.06493631675172061 0.07724845084594752 0.021510881896874123 0.07919118196037768 0.08816084177050992 0.02899103715135264 0.011642230340513303 0.06541433628908996 0.08176726283328882
21 0.05507042773502022 0.08024304588927518 0.07155375181186201 0.05785121215981512 0.0016076240028746669 0.0359859252008465 0.071703214255727 0.0018746528432638267 0.003701754479568738 0.057636448341205807 0.06317601870954453 0.014763467900731637 0.05408610924443178 0.050107572563716986 0.009532717849868186 0.04893561039463309 0.07076175249855919 0.10860714497983104 0.03800331417040161 0.10479823496882294
22 0.059608366451397964 0.07568479794298852 0.04200047922672044 0.08830419624700528 0.09962005410044562 0.019011475365142215 0.03758580103332515 0.10193826086139525 0.02843468223874087 0.0420448410372118 0.008261730318475298 0.08631917863738718 0.004375772919276496 0.03338876680323349 0.04248148801209731 0.02634627593968141 0.022847679116628817 0.01652321993586581 0.08421550302619267 0.08100743078678828
23 0.07450211321042649 0.07661480071409828 0.07212169210322122 0.01586740502106084 0.05783547920630354 0.037851907544323146 0.06305530614067052 0.0217873705528075 0.025072811430735996 0.03402008318147326 0.06745674096590265 0.05357340603566894 0.05667550431487697 0.04025583953834858 0.07943541803944364 0.0028488571942004593 0.08049596416791147 0.04981086635756183 0.014172771775801046 0.0765456625051639
24 0.046187649580985764 0.04277752263873463 0.051524250730820925 0.07575322706081432 0.042495524654033966 0.07249625399491472 0.07014197607352568 0.07415728885636902 0.07850232993376534 0.023846254896455532 0.08179981793824379 0.03585220934832504 0.03051953268256524 0.04638640646262316 0.03258722612482842 0.03353260741920653 0.004256222875361142 0.0311197820683433 0.07352125634867153 0.052542660311411866
25 0.03246999529785614 0.08093142137218172 0.06864593024309475 0.06848076681603374 0.009770136518864424 0.03138115789055225 0.05069159280182915 0.09037029990913387 0.005892441152864845 0.031047067616205386 0.0395712446248223 0.0009475748399335781 0.030885397728548234 0.04190660014506502 0.08314236236491816 0.0893197173313092 0.0915044006787165 0.03799563770960879 0.07358375709635677 0.04146249786210518
26 0.04811867370905522 0.0002991217841249861 0.043352048556599895 0.0532839692802445 0.031880229207328456 0.004084157115541823 0.0692178156192287 0.08982093104258547 0.07995095827857905 0.061276625833706216 0.028461313064184136 0.03909903316657958 0.04678226999329687 0.05378967818058414 0.05955248622787883 0.06193758337335608 0.08238763460030452 0.051087952327802555 0.08014000622158232 0.015477512417436676
27 0.04954856423140525 0.000977835468661897 0.09523619866276224 0.051229928917362895 0.00019542555357083963 0.07651663152867226 0.07728212543327387 0.0745762068243645 0.004295420026478834 0.05948694496006691 0.06053821640474621 0.07394802734869135 0.010819013945080998 0.04427436858368064 0.05729240956572987 0.08764163157489667 0.05746778217585293 0.09426845822536153 0.02048470060970793 0.003920109959632344
28 0.05906026007656363 0.05506590053047439 0.03951281049193338 0.05198922275237509 0.024641926108675813 0.013765896183469933 0.031221417738981946 0.01700435554565628 0.02375225252814909 0.019459327914904415 0.10431997777403756 0.03693024773203065 0.0665544750931275 0.11519286219394045 0.016840937505257364 0.041740132674175694 0.11290697619459826 0.03318614946984428 0.061707259515068925 0.07514761197673539
29 0.02309489555334919 0.01205488418870899 0.09763730888510341 0.01750850388781133 0.08227469818613088 0.004357840305219154 0.04302100747385133 0.07848202706445039 0.1081189048437528 0.07729529268944718 0.0018590309584949696 0.06856169768854306 0.000619741088663657 0.02442567452859678 0.11084420362822517 0.0012169993439263514 0.0057629407620746935 0.14851510492272266 0.008272498587134008 0.08607674541379402
30 0.0002531142892476362 0.03634062837154345 0.033023007377085536 0.021390033191533153 0.022171228027211748 0.05525336044564626 0.08702513144406245 0.0747786967770373 0.05441946873069965 0.04268159540631536 0.010078389320731634 0.06502265522245787 0.06704639545773643 0.08956217338517185 0.0680080200530987 0.052979960109759715 0.04731476600376594 0.08000036725058081 0.025396564034331333 0.06725444510198324
31 0.010764271622041128 0.013692355601393279 0.07791852377080048 0.020029548281176878 0.027077550706175162 0.06334251072570417 0.006918374519741321 0.06014855765870167 0.09573045172275833 0.054079180270749316 0.05628135457075468 0.09879928272145376 0.06288817480315681 0.014986250868506423 0.027407296246248884 0.02137052312114466 0.059454916280812155 0.07107852037554914 0.09906475663438723 0.05896759949874441
32 0.05764426455552078 0.05621677722291259 0.07468167291989156 0.0027039069667332835 0.0703198723930588 0.03545206457803505 0.07824743454892229 0.06318651728367734 0.06778918512333834 0.040559123142309694 0.085226529898974 0.09155242461402804 0.024582361530807614 0.05661758355124107 0.006815381210213823 0.02344727835193883 0.0682114601813518 0.008967758898674927 0.04855028288961911 0.039228120138751134
33 0.04042298301147782 0.05289406751520663 0.006829871855814171 0.04394114276040571 0.040058092695697586 0.06979462107375191 0.06911686084282816 0.04085563455742844 0.08541683895441327 0.06833133996612134 0.059383513178604234 0.0027142525907812853 0.02487063179257042 0.051499153501319006 0.07409102918370333 0.02681670273653292 0.07302291510757139 0.07396256878471574 0.03675490896224678 0.05922287092880992
34 0.028897587431177697 0.005092487776508624 0.07952616199658018 0.05588815575816011 0.08119031067968002 0.04375775520769257 0.07247167948037597 0.0033163711010245132 0.0737825235339365 0.05293556305046486 0.007053235773806931 0.06167975922999192 0.015551957973434553 0.0716298310439079 0.06551193131304318 0.0442194176210616 0.08427589177244812 0.08551392281639064 0.02212781898815074 0.04557763745216326
35 0.012970136853252774 0.0037465670594813982 0.04236826525654546 0.07191222829957172 0.023077437897391632 0.02560130372271333 0.022576011925524754 0.09384083947717929 0.10071990393119719 0.10387528663013156 0.04190657869131535 0.04204098439125058 0.018937356622150608 0.010172157599144036 0.07435084132434616 0.09236058980908213 0.07980478363441786 0.05990507196520516 0.06857868509905965 0.011254969811039421
36 0.04875230823733212 0.05367915979168143 0.027096924512649268 0.06205505624623184 0.07521174964542558 0.060035194050607234 0.06395558744084696 0.004568395272528174 0.05756336092289815 0.05906648505194973 0.05177174407194071 0.07234835856124229 0.011506857665315305 0.09196147012336996 0.00985375875138514 0.08398501108877823 0.01784830840514277 0.024644805890509117 0.02079863547839323 0.10329682879177272
37 0.07970949720683103 0.06234240054952767 0.017561399615139438 0.0758150451573201 0.020525910860615667 0.03936282937530689 0.0752902040317753 0.026719215290314537 0.03456074049232127 0.03723210445337169 0.042956655793304044 0.07456763640033709 0.04077604264591418 0.05871361281378574 0.024266669526784964 0.033350954283102925 0.08192925210222055 0.04382559258791152 0.05113841343459797 0.07935582337951752
38 0.0768602617713015 0.08111389409306853 0.06609804103511684 0.0016477044989115352 0.062191069130612404 0.03260995699779608 0.040837322849371895 0.07504395316486936 0.05407761018498345 0.03776027671769667 0.007112105683879509 0.04305321908206551 0.005196572016214585 0.0996672500054099 0.06601908087258508 0.10149232788640301 0.08861289734610563 0.0035028815450586152 0.021257678329505987 0.03584589678904393
39 0.0007733545996071735 0.03319086131975903 0.07554896605236318 0.008508131392712618 0.05557652968974267 0.0017576536226951657 0.059790153905287365 0.055679863476623834 0.0528196878599604 0.05989774007109701 0.014461957711796028 0.08187462375541572 0.08642086417660888 0.042889250394000905 0.05550362477299455 0.04752672752554688 0.0602651393202567 0.09436539424652048 0.029338042071636535 0.08381143403537465
40 0.01357875252724761 0.05911367565146798 0.07734340191725449 0.006958393063416851 0.04684401823894601 0.0007941523026213448 0.09019940155300585 0.009423990623862677 0.039667933209533254 0.07678492404217505 0.10737269242557712 0.016527431013989805 0.08789566701390185 0.07709878680101027 0.0516155546529944 0.07958979579155424 0.027291415352602735 0.027287480683240956 0.008577895736010305 0.09603463739958708
41 0.02334615059017801 0.07215047736038632 0.09076205167632449 0.011503945914269781 0.07168472041363404 0.014267521289240847 0.026323293959725498 0.0893611269682368 0.09266099358338963 0.010597909151955307 0.07893216490299616 0.025967155769281793 0.048639063939665175 0.022777989562830628 0.061471222557999944 0.07076606690748873 0.01813078289962439 0.04757752453609775 0.08876484550052956 0.03431499251614512
42 0.02424075300172371 0.09534203988767714 0.058963591395650695 0.07686834209494062 0.018420521238239836 0.0012854017148438864 0.07979559311499132 0.09667777918122399 0.024260992842599593 0.007657112847339577 0.08776771857328151 0.02582206440179173 0.01765790650395883 0.07265859884231256 0.007532309702958292 0.09500584581661252 0.007900754026415798 0.020899566414949586 0.08565076620573277 0.09559234219275621
43 0.046838714181810064 0.08673343396033395 0.04839718294094928 0.01565273087904154 0.06092747828371482 0.08683985289142383 0.016184031144849006 0.03255169136513276 0.0934153722801251 0.056184335822883104 0.050559911361367234 0.09344873716950224 0.05351985532317334 0.0007770876122779201 0.06283617554469093 0.044996651674282476 0.010826603467349044 0.04786993349683824 0.07322194206410217 0.01821827853615289
44 0.06216883425913917 0.03319819409287943 0.029474075429720074 0.049380470121267506 0.07773151865504485 0.08823009843820578 0.026271820702438584 0.0508563032154541 0.010766315177962294 0.03421187789208636 0.06380232342014704 0.03748431211222772 0.024392063584126187 0.019342312100072135 0.0831925837567025 0.07895313123622423 0.046423331188834537 0.06886875494672967 0.03015148599327532 0.08510019367746244
45 0.003937141267877891 0.05471994417000767 0.021336456767138523 0.063018970598846 0.04246568840865293 0.03610697999871279 0.0824905044985783 0.07585949502552307 0.03602653919896641 0.08510368730559485 0.02890208411362354 0.03612692083159589 0.053330645998282133 0.052466316888149594 0.017667872820786735 0.0486596783107451 0.04534717123609294 0.04855990855018369 0.08397134040932816 0.08390265360131378
46 0.008019714509132747 0.03048099695577256 0.04204156022155819 0.060711828471315565 0.049732760729682524 0.07128741870947876 0.09467738870929962 0.04945928759077454 0.09115234295385019 0.04140216978828785 0.08918156390373273 0.0050796056314687974 0.021246142467736637 0.017545352708372167 0.058647950223923835 0.00442917388941416 0.0831128457528563 0.01169892560280855 0.07696774684221483 0.09312522433831961
47 0.001987949924721757 0.05705253354841953 0.08386922059992376 0.057484359955549326 0.057741303248827355 0.030172458821221444 0.016603606070755315 0.03868091648720371 0.06575931834627846 0.08621461744146758 0.013312011761772184 0.08336183672422882 0.04465282293924579 0.06378035882523236 0.01433442610873474 0.06896251307845007 0.08586310452876302 0.0471989180139061 0.04765245043380381 0.03531527314149491
48 0.06860127046831396 0.008952406325240563 0.07873114976761018 0.04120243452054437 0.07731767696278329 0.04394071459706937 0.07625996050940013 0.023817818288313596 0.019562282422291796 0.07619207081740294 0.0555835203064831 0.04789050687340441 0.02071409190824101 0.04673597080771329 0.07676729250340729 0.04988094859032836 0.060627848210354204 0.05296965002216276 0.005993938846640816 0.06825844725229463
49 0.04733826969315093 0.01624650087609804 0.05333394096224225 0.09020017386262927 0.08869753656717527 0.05119499931455768 0.06971885172187964 0.08086729770142898 0.07920788064816205 0.05193991649064637 0.03712279231812687 0.054644489306073206 0.05257375115588092 0.05364465079863473 0.014278110292543935 0.010030616379007094 0.06904905313099842 0.05401676915429939 0.020494546443468688 0.005399853182996291
50 0.00033573899221000955 0.06500346709923994 0.036697586533246625 0.025681365758895 0.026114538679839032 0.026642079802889396 0.01858375118549627 0.0917987971005369 0.05200772414367706 0.030108292500532523 0.05647730482105095 0.07508036140352504 0.050629797573773824 0.08958631298884652 0.062286002643590195 0.08425354722956456 0.06879346852460207 0.03910520319463899 0.027738786048350908 0.07307587377549402
51 0.036454609977136246 0.023907368938261866 0.04031477568978806 0.014243620819707333 0.0577899336268048 0.0835771780547183 0.04727287317403323 0.010508410696440693 0.09071488141135152 0.02315367953100713 0.0842844946759815 0.054947333437924774 0.09025655426277157 0.03882734935597365 0.06971246546361565 0.010636832920897211 0.018348555607965677 0.0861239396309326 0.04537243780233056 0.07355270492235752
52 0.11882169311787168 0.036531448228206864 0.05350233804573194 0.02405712849115756 0.07898726904254243 0.05091417860629759 0.019097638821278042 0.09022494967370018 0.04591578308144074 0.040525509203948866 0.10575432425277687 0.015391683774561179 0.020598921797489757 0.036437163770196186 0.12670176433342326 0.03514370918376244 0.006063220337424419 0.0040244086029762455 0.031185313152653035 0.060121554482560444
53 0.07590990722719745 0.021024142350377414 0.049853327295458945 0.09512728308222332 0.0013579771141909083 0.04965359994922695 0.08186945025017585 0.02358735165342959 0.09497771862879274 0.03368727421598283 0.08331102240254225 0.02177424426561408 0.0546229840407289 0.003346636208449041 0.05052839392923195 0.07011839672359059 0.04106960876588087 0.05674203073071935 0.044936294185877634 0.04650235698030939
54 0.014991510392751727 0.024436504091931058 0.10069759694314882 0.06243354623146437 0.09643636382855474 0.014369562238747951 0.02775081064056874 0.008397209048582693 0.08707387910909552 0.0855499268317145 0.039721085631627816 0.012147211071328271 0.027724072664491072 0.08303228877974854 0.06309172118340668 0.0505012936118454 0.10507775226185845 0.07264279182133647 0.012016434139419337 0.01190843947837776
55 0.006249102724213514 0.01588100419067643 0.011968666424706346 0.05995067031058523 0.03741484746194003 0.044964764759828926 0.0609762215824609 0.07196794290171905 0.06235737737990208 0.08059449198490927 0.08104779310045217 0.07377463502275065 0.009050101734732606 0.00213899141748876 0.06598104640041809 0.059654616622232634 0.05951718032407237 0.07935464420568009 0.05409845885914364 0.06305744259208726
56 0.0324805586237674 0.04945838369161412 0.01787081143111321 0.06545588480042944 0.005874197497461314 0.045081926952144594 0.10434401224043399 0.09131511977786261 0.026601811668792323 0.0573379407836828 0.06762007247280538 0.010020238574850512 0.07811280536939588 0.10613676664941643 0.07527469021324754 0.001955709746454162 0.0520512520674861 0.07974658434030932 0.014270934661066957 0.01899029843766597
57 0.09913568892848387 0.027196815761594047 0.05721933279368492 0.018539531460807994 0.004061519049808208 0.006513921294854503 0.07652881277095457 0.0994461638626558 0.10506071708662211 0.03293084399497175 0.05909272128398373 0.020022951191669493 0.06241287711580448 0.08325372285630282 0.035194072670095285 0.11667772525363332 0.0205836400638844 0.0033247270185336256 0.01144110533004015 0.06136311021161486
58 0.03951949236056729 0.02082074654698265 0.02187434947931744 0.035926920495911945 0.10063209434536804 0.041805267184972114 0.01719084642952753 0.052871602027236106 0.12786393247740008 0.01920029605901639 0.005853806790762061 0.015119301926061993 0.054920193742309754 0.01444325482915703 0.07178991797515064 0.12473704911875332 0.12623023251376483 0.013784781307093267 0.047436945706604096 0.04797896868404334
59 0.01801077570858704 0.08467011812617514 0.08484071618085769 0.026533523980907026 0.05664972582025349 0.03824541055220986 0.03089110778105456 0.014288304151453232 0.024402310504265015 0.08117560803769096 0.08865411241547805 0.02335016888118675 0.10011712006623565 0.07488915671149816 0.036448572607644 0.04393452727601942 0.054121791429430306 0.033664849442888084 0.06740793273510406 0.017704167591061592
60 0.05144036271921376 0.09935321465688864 0.0502631308249981 0.03895961070399397 0.027823325130348762 0.045100762643299576 0.041722493696334614 0.07667685993832121 0.013952479727374631 0.059886067248589366 0.03254282221503485 0.10456306493578538 0.02341585771711715 0.07231804363560394 0.08973986539415672 0.0002535220555813161 0.047979505215403666 0.007322324058471355 0.05386953441131939 0.06281715307216394
61 0.073998810643511 0.061171124918064874 0.08525104330661021 0.050520484335168016 0.020084239809514924 0.004491544374280794 0.00183949621085811 0.03735689493939498 0.05818564451448472 0.07146542636238755 0.0409610434925641 0.06102641820414775 0.05985328127044121 0.0347188070271243 0.06998296778799187 0.07286670667601415 0.06081068474550652 0.0035799577302822925 0.07520231552772245 0.05663310812393024
62 0.10885300167755774 0.01667480711404415 0.04261527808218384 0.08641919948382733 0.02775008373011715 0.0005487036208704954 0.06040657431065406 0.03818738864276324 0.09634112173021728 0.08919696342490833 0.09869170086844498 0.03474972863061818 0.04195407906565607 0.04008814372928035 0.04880226975075487 0.003500427860950645 0.06720604694976898 0.06437342147145933 0.019861235575372116 0.013779824280550901
63 0.009010707570349018 0.09094518584249688 0.07892052177214746 0.05006707036351239 0.04320186647194586 0.06534873529033078 0.02630894369094544 0.06859454608491945 0.09207750821798716 0.05819326772930761 0.06858934132769741 0.07698025148702164 0.03137338736535581 0.0077069585032195674 0.06258185366225491 0.067643437885506 0.01977052184306462 0.001105518983807812 0.017486001345159666 0.06409437456297043
64 0.0666966210163114 0.09017807318240136 0.0083149754777056 0.040944605215345625 0.07060532333379414 0.03207354173995435 0.019210207925247982 0.050256520973602455 0.07415343327037613 0.00820147539813107 0.07915336098763527 0.08871536604590945 0.06697098656587945 0.05931699681960242 0.0071496074024684836 0.07073984246260226 0.038242854523661524 0.02479662802310688 0.08539759978257956 0.018881979853684772
65 0.05658521478933812 0.005982308350592247 0.049985687638067586 0.06547971783085134 0.07735121971268206 0.08329869196404611 0.0480982846148537 0.05724616471656988 0.019046653935136396 0.025546400499862267 0.044477591893486434 0.09252032361886589 0.022400730150975285 0.06244071528491942 0.0625269266129046 0.015294097668921347 0.0034248897434834007 0.07527972457061877 0.09320517830018916 0.03980947810363609
66 0.0056110393482141354 0.018298425704459942 0.06940910848728353 0.03537282946927292 0.0396630036526275 0.04977750577780677 0.0971053216662357 0.10314560575614024 0.035768576653097815 0.05291004428937591 0.002069399638019086 0.028420760418928822 0.10213310757156728 0.0001928538404701421 0.09599922534530905 0.01848712376305161 0.09877024051649107 0.03979396340350709 0.0691957635673087 0.037876101130832736
67 0.009497614655273276 0.05859226029613174 0.09551683022750865 0.017522873940015383 0.00535440153341352 0.05048353394663787 0.018238868167659374 0.0281145204506308 0.055987711674541155 0.10198545305635559 0.08320554350528403 0.08055260435148097 0.03710216502629986 0.03951939330058049 0.09717298634556737 0.032850246489326475 0.06428251112881678 0.08509857522138116 0.007554902471067469 0.031367004212028066
68 0.06190474198876685 0.021135430945453008 0.005305355702153958 0.018518491613756474 0.1185809888328869 0.015529834366404866 0.030540922190919948 0.10036794908333153 0.07053776255612501 0.012109863423348981 0.12412698179646876 0.009715227282624264 0.010369779790726901 0.038054926084613055 0.06564249790204131 0.017610755626544884 0.08178811815813442 0.08842031847207199 0.1036107861302436 0.006129268053383329
69 0.026073613243489963 0.06195764309163129 0.036628053920581695 0.005450060010520278 0.026232210972569725 2.7815754288914668e-05 0.08704387007791056 0.07279400220856283 0.06892615168354049 0.04216474595851237 0.08018245810126697 0.02073324755825272 0.07590582708509472 0.01899945230720654 0.07314794066619722 0.07335216205395594 0.07339202587582416 0.035505387214456716 0.08697845507318092 0.03450487714295589
70 0.04524344576217103 0.07619345880538184 0.04013865710591147 0.07554489329766262 0.06892331630078519 0.06558569068889539 0.00017258362930537493 0.056995382776617656 0.052283025199313306 0.022748629571993823 0.05503354495942326 0.03393877764399984 0.06983439755296897 0.06065201460873282 0.011884612757031095 0.061536908477366974 0.08693067458540803 0.0336847491793562 0.02024210867950979 0.062433128418165444
71 0.018117858348705298 0.08874274732486144 0.06687251378290522 0.08384656182573445 0.09219484618093125 0.013519410685741579 0.018581803966902066 0.03815781643539707 0.04691581899393766 0.0674190814839167 0.0713106975038866 0.09555192831396928 0.05066497278610039 0.03553637320689219 0.08224695275176316 0.013753869286510947 0.02106966477961791 0.010338291811726689 0.08155204254076096 0.00360674798973913
72 0.06250517862864488 0.025731476630695506 0.05352853491021134 0.056525218242327716 0.018702924638680667 0.033610953984021474 0.013803122283402539 0.05350693251156934 0.06095702376553735 0.0626538438748266 0.05502644107764624 0.08016229426809703 0.04959779442255731 0.01908559246607286 0.04859476039534341 0.08018311652253522 0.08459903808213477 0.036725606277838885 0.03536629648248584 0.06913385053537124
73 0.09059465018350725 0.011060225975505085 0.06539806018379195 0.007730272880498455 0.051328415563577486 0.011960890800969667 0.04090736118948323 0.022634095013705852 0.09499475455376159 0.06757129078236186 0.04656041156208135 0.04731831805580682 0.08098259580591045 0.01844483079621145 0.09319571183174301 0.03375141010405995 0.053971759994832745 0.05232400630318576 0.05318184881090242 0.05608908960810349
74 0.032498663058466 0.035787666344735077 0.0371396079290168 0.026879634640235 0.06931845159915055 0.03243004000627709 0.06830234513265661 0.06530861001379487 0.03228827750563137 0.04467905309797615 0.041068684182743835 0.0277347872881196 0.06342298360675643 0.08316931283765984 0.08058100459691782 0.03869284547638406 0.09620058119183862 0.0275777888921891 0.06278941360034959 0.03413024899910172
75 0.04617701584457936 0.013744358922120194 0.0008369619566939092 0.08117937858308412 0.0382444327504933 0.08351009236874 0.02828442204066683 0.026673874081859623 0.0705072042665144 0.054137810768304616 0.04682792597837013 0.06287980500271702 0.07751609526818712 0.07747921181727398 0.042295490113309825 0.029958903914720076 0.0772929307602002 0.06567338067849571 0.005191083668335185 0.07158962121533433
76 0.022170253883967744 0.07787929266478995 0.07553866796174748 0.09355421766523396 0.04044139099268009 0.10585483965799762 0.026851423822879916 0.05785932240086091 0.012785924228815004 0.005508619329795875 0.01947185533411388 0.09053904353045293 0.017089625643536104 0.07783565568921769 0.0836194426767194 0.016576461726802147 0.015181216384051446 0.015111216862597211 0.0842351666789806 0.061896362864760204
77 0.07639968692332647 0.10021043914278681 0.10764923209585903 0.0273846577056567 0.04083636420148331 0.018600138112173946 0.0301991434477011 0.0020585984968843553 0.09416635360903199 0.01902299324642299 0.07700719725810135 0.0708998377334487 0.014768995707449814 0.0722012012385787 0.01785212668330581 0.03282003405451695 0.01595562307775317 0.07042939143660965 0.0798517476841258 0.03168623814478329
78 0.07051437676618692 0.007818367256895642 0.04408580741866955 0.06649659464332996 0.01584253310523653 0.03491063366001142 0.05063588941159771 0.04687009938446705 0.09663255040947095 0.009758972881371805 0.09813451973949529 0.07123000383395348 0.0803238352392651 0.03349326823402585 0.008809032854051213 0.004264191831440478 0.07588272839658129 0.09415923681802228 0.025771176636857882 0.06436618147906951
79 0.08418076399644132 0.05570110379296594 0.011078239551535493 0.07960414003568128 0.03242484790459995 0.04914170458986129 0.06502383977379195 0.0691660197190259 0.05524270642750827 0.01925258649513014 0.029054869074304223 0.038029950471603645 0.07205006856835942 0.0487584921666621 0.018188754706600304 0.02514535237242419 0.049906896997432566 0.09109931045745233 0.030132472509693965 0.07681788038892585
80 0.04328798272959462 0.11044048120851213 0.013890309028634869 0.03691918815078585 0.007855408295819781 0.0783548332772856 0.0005380782601046811 0.08248525126767998 0.05486914948923579 0.0022094416505506554 0.06925518930684138 0.024742831378763146 0.0833483286364469 0.004234250134966489 0.042165687772067424 0.11059358851445998 0.012636484394658228 0.015280331194585243 0.10222212633681335 0.10467105897219378
81 0.041317430455752445 0.015050093898466217 0.03920193114418778 0.029757076001763264 0.08665418202005276 0.00019875856091186743 0.03149130862854269 0.03474929300279294 0.08645057880773671 0.09605012490882806 0.03632837371982949 0.008018690204970164 0.027643211132969893 0.07535809792080138 0.06803438271785826 0.08316856259860436 0.09516677490281956 0.027036626767968495 0.04891357587040315 0.0694109267347404
82 0.05489330363488794 0.0057844874490417895 0.0830759268892608 0.08520576158018066 0.02272682705294269 0.0553538448219435 0.004476534526032486 0.0400434535697534 0.08848045742850527 0.016078079195491937 0.0061420781556732916 0.03201197739284463 0.04091410236989213 0.07204217810308414 0.05845124463190388 0.05023437424294571 0.079560995633147 0.050038071525083855 0.07344594402115799 0.08104035777622681
83 0.030285199037721706 0.09568401511272673 0.034185731695681745 0.07482357536542403 0.024704880048420294 0.020164160560052703 0.005287680809098677 0.06949327521263152 0.06529672722512189 0.06382863985566456 0.012556429734278243 0.08475241671375433 0.013200429948068018 0.09634203914502495 0.015195421204553748 0.010262066458558079 0.09882931387673591 0.09765045716195728 0.015583290804578242 0.0718742500299473
84 0.06051107321858443 0.08940139852492474 0.09366387001232636 0.0007175451496331506 0.0442941282482881 0.0037521737375990636 0.04382082156469084 0.1006802131358902 0.0011973951557095975 0.038272764679530724 0.09623935757835866 0.0949902011194574 0.04048070562242899 0.030155956256479672 0.05305320070188825 0.07899625383104418 0.05783751201511536 0.04665575569137633 0.01805969041071359 0.0072199833459602614
85 0.005453659840638708 0.10779251755119126 0.027796720924272555 0.02131009454725128 0.05199014112732836 0.015157602850915155 0.057658684151592574 0.01668343971970504 0.08647902898530259 0.05171601999768348 0.03796615002678251 0.08188810681007413 0.010663700800396766 0.07459751479571304 0.09298178733887666 0.016563950857173194 0.024674898772249765 0.05809866464613311 0.05953737581880455 0.1009899404379153
86 0.026881322124033213 0.007454115402169494 0.054276195124636564 0.06673137450129966 0.05820065352585451 0.0483050693495659 0.009996878937659506 0.017510301919612097 0.06649900967539743 0.0747203075864998 0.04242926373009563 0.031655773723393746 0.0764061142302106 0.04488835914194348 0.07796741902936849 0.029907836931538884 0.06697632458608087 0.06389408222282288 0.07414444001653873 0.06115515824127836
87 0.0692449187257431 0.007761859430210252 0.08595146680675839 0.0337249450545968 0.013898014142783917 0.024670268889816025 0.041210442180374285 0.03855920978854816 0.04113557494105708 0.027873703728208656 0.04522292989311968 0.057447280575245764 0.07872579715521116 0.013920681399418296 0.058523815742050345 0.0851820623197636 0.06167297760685663 0.07896415361890126 0.055654175281307415 0.08065572272002929
88 0.010609662567106739 0.07515296477846788 0.029205805981080118 0.042960714409743875 0.06895000768110232 0.06471817386090534 0.06701450405821655 0.008681958896215966 0.09999450716197655 0.08016685798276998 0.08620363780687708 0.016566370992355237 0.031219825547282604 0.05954460173723184 0.07196380396327294 0.04079884226791793 0.04281279639623911 0.035861146648913426 0.03276148843733839 0.03481232882498595
89 0.09369994860052254 0.06402938001461154 0.020177742686873956 0.08321383628745861 0.10763568339236655 0.05463968874186702 0.027683057000897904 0.0010293228148947375 0.026247735567031093 0.0032897680210721867 0.10439479212709762 0.06634497295475329 0.07044295184217955 0.05598926902395023 0.02190157747500424 0.03588886654163488 0.07014241994537307 0.010408681138501626 0.05596775288877826 0.02687255293513103
90 0.04160264780561964 0.09965545620578581 0.05242816842726078 0.007849400735013468 0.053206075354167534 0.07996365168876039 0.014830449161291566 0.04944318509884045 0.06252817355124493 0.0007164969859509694 0.032601437821888145 0.06940363278401819 0.034269226842837654 0.04023098517159787 0.010880876675135355 0.09930400593269957 0.025275056077384356 0.11271421588731934 0.06238397680824892 0.050712880984935184
91 0.01773169807964631 0.10817670322562105 0.050059958965377266 0.10046769586617173 0.07270932267518704 0.010049191357641664 0.10878550824051653 0.09914205096721718 0.017282824784306264 0.022659270324166668 0.03147486731180668 0.06907576735867542 0.009180519859936011 0.03366110893196552 0.02168415900032396 0.07004895776431824 0.06502387945704959 0.0013106378847199784 0.015302651370498419 0.07617322657485442
92 0.059879729621496694 0.08416395263667614 0.09346810471710226 0.06274126774120946 0.03971819983013764 0.0713781452709834 0.026332916399419894 0.01884952285484247 0.08380012365945998 0.04130749213185015 0.0793960113652768 0.04539230828155297 0.019209515676783365 0.04441515450418738 0.06940886242687587 0.057705242039711516 0.03208836117008991 0.04098451923671009 0.009065183599748035 0.020695386835885884
93 0.03493781249015868 0.0271346846641247 0.07745140495747646 0.0811809690290637 0.06973462988834588 0.08521220682318434 0.01674052372028894 0.03077709119353033 0.09705663831999904 0.05653708536265836 0.0833083865853323 0.07842929309099211 0.004375607025407049 0.03611775224008587 0.019557967874629524 0.022422429258352704 0.07309593575859001 0.025030751028797368 0.06230852966914064 0.018590301019842097
94 0.05046633321993264 0.01765636963751882 0.0630941929949439 0.005787625738078587 0.08214946313373853 0.08772599799438786 0.0436128468040934 0.01959160471381313 0.05145289348599174 0.08780974405820169 0.06785165573917036 0.01897623283541663 0.052722150096362705 0.0639905359595559 0.022924533835078278 0.07447922244670048 0.06868798704826899 0.05087151627169057 0.06002242804298473 0.01012666594407097
95 0.020759942996839413 0.06456175843031171 0.07616163627167422 0.016983525324464344 0.004187602091642666 0.04332738178278403 0.02971679319215321 0.019870789839138696 0.07060380429463678 0.043964430610053354 0.06050260280446374 0.07021283125479032 0.03391721838446113 0.064857764587195 0.059381156123748745 0.08148921902246353 0.0365719825472584 0.04613144912008061 0.07680005226423854 0.07999805905760153
96 0.08176730949402812 0.007991612471839736 0.03326763325427453 0.09580259754185343 0.071610951057926 0.016200985237404663 0.03462734384329071 0.0003802583823011119 0.046939730057385394 0.07330192438491866 0.025280612037504063 0.09428599341835975 0.008166368737780661 0.04990411030109205 0.08348775293479427 0.03156856254708708 0.03406868382100669 0.10012588140844522 0.031907631893959114 0.07931405717474882
