0 0.07429355309446463 0.05422654945192168 0.017927465456161244 0.05185181963273525 0.09786440839580299 0.04830973049570428 0.03146073158160482 0.02796994902458625 0.011938431582376351 0.006402274820433404 0.020251418347837655 0.049763438136599905 0.10437803321595207 0.04253732308279 0.01225054868595184 0.08605081084461075 0.09048221421109824 0.11387744519089245 0.017304170649328918 0.04085968409914732
1 0.022193342273453615 0.025508603113589223 0.0506800269350312 0.0848345665666964 0.08359800379506122 0.05243885378014276 0.06636638760495275 0.0012939941084552083 0.02926178154642211 0.06905656693779356 0.040223142246034085 0.07325302987317298 0.03461671283959216 0.04321541146106288 0.0036711345141674043 0.08724660664406639 0.045970233642365514 0.07231092559781208 0.03187316124867101 0.08238751527145745
2 0.0707843508870028 0.02786036441174967 0.08925609228004906 0.047782078362213175 0.043326418881142026 0.07727586642882249 0.09882706215235516 0.010811999862695237 0.011238768637104655 0.008930060858694303 0.07417366456377386 0.10787466155139745 0.03743836128224479 0.0018549990929720155 0.00547685486313936 0.080863804610166 0.0930384007196133 0.03031420189294268 0.0146417075806444 0.06823028108127736
3 0.06868687254824554 0.0780314608563957 0.06450033289499038 0.06458461643703192 0.06199637941892676 0.08494324155381575 0.04073273172007134 0.019585230326726943 0.026726153328238175 0.007832454524223228 0.06305747201135711 0.01281992983100676 0.032556661523935444 0.07029528347565867 0.03793301972368453 0.07091407344104823 0.08844358192257873 0.015153476322449367 0.015106927837624382 0.07610010030199112
4 0.07571239621057531 0.089700497553436 0.06051951107783826 0.10357393852178697 0.02519850239162912 0.06207765255161058 0.0049808359777811445 0.0005701881755174487 0.0304162468190525 0.06969615770035588 0.02995038190719884 0.10060420140288781 0.010104960934237966 0.08667901326409137 0.007368355367390861 0.051511705022032846 0.019528074537040023 0.08941730165679579 0.03284632380930726 0.049543755119433826
5 0.0468318420561855 0.004776928971336397 0.03443247705536795 0.005920929933176996 0.057762028976971656 0.08273740189442734 0.02422384883216865 0.07663479886547173 0.05422540770335897 0.06963345447247656 0.042825554988259185 0.04336072806719908 0.09568479195381047 0.05464396193651738 0.1003271402179461 0.010881678928081848 0.002005903417521819 0.02388657910719687 0.06173889923314887 0.10746564338937674
6 0.02222287481526464 0.05964024139486226 0.024816660645303166 0.09075526489067332 0.0549777711919391 0.06535418725780398 0.04848411868754532 0.08804024211338204 0.0005468681431030887 0.025604653636440194 0.05910012295757611 0.07010778516812913 0.04061998237571331 0.008363941531378481 0.0460581325827315 0.00553514880919163 0.10184291774595255 0.02104847941129021 0.11305379927343398 0.05382680736828599
7 0.0011763209578413655 0.01469231490239362 0.03755111856821614 0.06489784675598893 0.01102680866079731 0.01871897750225594 0.07245102584089286 0.07777981419195205 0.08580800540434907 0.026512104498976154 0.06965718042107254 0.01892136411021106 0.06365567841786914 0.0552909770391949 0.07385896719960607 0.08039928067969038 0.08325429592868808 0.05865615704207277 0.0002937235590794393 0.08539803831885197
8 0.06093617519144898 0.032675523987329286 0.06390683346762316 0.0709775337734161 0.08129120146151811 0.07590701043372726 0.06105185923636069 0.021311873714010682 0.04747557363270116 0.01463964682326725 0.037421878047666966 0.03236045325461779 0.013203873296418608 0.06967194755151672 0.06370380516479529 0.07703279980237107 0.02616933495733081 0.02480009512593895 0.026801232162341714 0.09866134891559919
9 0.02440130600883677 0.011456697153124498 0.08915071037616235 0.03420969524706199 0.02365423980157462 0.08836197988782164 0.03234930064310829 0.0855266126524276 0.05430684855843588 0.03845295562575412 0.03813724552729199 0.03416206202395916 0.07635209655524483 0.06942427539853345 0.06785674498153177 0.02417094826648537 0.05628632624247108 0.06774965522220062 0.025316442583967983 0.05867385724400596
10 0.024693551747722964 0.08501512068432815 0.10529821076312632 0.01928398544537356 0.056227899098818035 0.021567855067992896 0.05620455953495418 0.11224402060267182 0.0726783542148248 0.030159885252138748 0.005965234163138938 0.09886507674892853 0.006152167305022822 0.07053622374320244 0.009936140846958477 3.064771798676285e-05 0.0781150524284654 0.05233506015516677 0.02149679788424385 0.07319415659493458
11 0.047071192437133376 0.0002054337692371291 0.030142139554574534 0.03207523351228666 0.034436708393311616 0.09889011667187088 0.058700687250308095 0.01751568365751686 0.0441776552999419 0.07218908889767928 0.04465718804477251 0.0791627164221914 0.054910597170771375 0.09491240370481734 0.036083176892332744 0.04071061361244189 0.013582552024694225 0.03841789868227926 0.09229685445748353 0.06986205954435552
12 0.09296255117908227 0.004132800746200791 0.03708861740143515 0.02331103910176441 0.0536196639071828 0.00500807525420411 0.06133755156356265 0.1007767553791228 0.04993615533026834 0.07209756566985484 0.08388965925324196 0.016331614963839884 0.09219450661538382 0.07154455053084548 0.044145369001047784 0.043438641979010824 0.04865050674520391 0.01380141330094561 0.04285770045770671 0.04287526162009602
13 0.04308625194113855 0.006291873928257678 0.04156399745593023 0.03882374253779771 0.0784656398021861 0.09409486705504189 0.08126102795713237 0.09364266778620355 0.020695466769588833 0.05486467984949848 0.03682095334419242 0.002171784574032208 0.059405170652048075 0.05970160970989351 0.015362102847299098 0.037257906224891835 0.0923253355301178 0.019564193059810234 0.04116300169243377 0.08343772728250583
14 0.001839067954766682 0.09577245379164027 0.005183451438012864 0.07708673765590493 0.01434585224604046 0.10806661842405 0.04666683646487635 0.0913097519192363 0.04341270050282199 0.062031732737296195 0.017294233257556826 0.01616861480669381 0.05882408313683801 0.018309691665749927 0.020695541707231827 0.08297848914369209 0.043201142368904585 0.08396997826656565 0.017897231540601723 0.09494579097151935
15 0.01816981309079022 0.017562876205884162 0.09883063211921717 0.06629552417009468 0.007828606446128417 0.0014947111823969189 0.03542519984211246 0.027141538093797542 0.07440658379090452 0.00428111499536601 0.09823923318396209 0.0005210663452002349 0.08569720279657966 0.07111815967054282 0.04812245432998335 0.07291374187879415 0.05197235184844309 0.08161690668834314 0.0726040138745242 0.06575826944693514
16 0.08292190668460042 0.068103862469954 0.018797297692159435 0.03743545653137231 0.024626904985127963 0.02326851544343772 0.008438600288422119 0.014699635650157462 0.10335173012582559 0.0187426006129476 0.011403334019057201 0.09645684891148515 0.08305162039989772 0.10875778092332254 0.10646766756066353 0.05540360273130009 0.011740262517970345 0.018574104076665147 0.03121778425601237 0.07654048411962151
17 0.0704154886956658 0.011030140569255376 0.048340592754778554 0.010655180282642198 0.07768218067865396 0.064580565700218 0.031637929515155164 0.025660100616663614 0.07649392285984881 0.03235054720291486 0.034767658193274736 0.04059215810838179 0.047929445740081775 0.03774138391121351 0.07776637544421763 0.07242063938970432 0.019789250757489666 0.06442424289835069 0.07832620406728436 0.07739599261420532
18 0.019358133907417027 0.030558083480531056 0.013358897808818663 0.05056474505994361 0.08626198868924988 0.08868952974625335 0.06258856791844203 0.03480202095314487 0.055152753652399855 0.08585375407800408 0.028792793873152218 0.04757541580424529 0.033832083896103794 0.016675982316283384 0.07692496993353932 0.08296105969353146 0.06761756137873093 0.00027184841102470135 0.03177011885719643 0.0863896905419882
19 0.043210605711119204 0.012014221119478493 0.07226523574235107 0.0728484778014929 0.05305146637580764 0.05785041363544464 0.028054002098983354 0.04351886325939951 0.07083574502425719 0.07970560029410079 0.015557950233010208 0.026004692178020622 0.01398361179407521 0.06350893698241229 0.0530648421964917 0.04620182005771698 0.08069408927612871 0.034596755227037035 0.05717675551641655 0.07585591547625596
20 0.07678718615791141 0.04788783439483762 0.00412367985925931 0.03971552919798506 0.03910588009765819 0.06349814762122319 0.036578829388620115 0.07851899579675123 0.009751943001260902 0.07746586990623304 0.008335230957434199 0.04114973418469326 0.08535264362200741 0.01525721716942975 0.09018803149079882 0.05351895563413754 0.08189662114937814 0.07279373182082885 0.01210221118724779 0.06597172736230411
21 0.07400239939873973 0.027761258019945556 0.04761615911696108 0.0921352498783134 0.06682519083724853 0.08748197878151677 0.05134456421671064 0.044943864314425215 0.047223205031895615 0.015821169872818654 0.013938293494632333 0.03996165876708683 0.06978625019773915 0.030461134854810966 0.04452361722673682 0.028272750990548844 0.01776332855448077 0.0194970242822741 0.08510889513517031 0.09553200702794475
22 0.10402911976104069 0.11140754448396292 0.0021827312316445393 0.08424558700825967 0.10329045121965628 0.0037345916386365844 0.00272296489852332 0.02132530288338758 0.010064102147427435 0.013633013834875078 0.013810964393359769 0.088205852309966 0.0658326122585479 0.07936859594698081 0.06822619230327491 0.08763691295253394 0.043111312959855826 0.0286690110264558 0.012202278105663523 0.0563008586359475
23 0.04178700759415447 0.0125094868651727 0.0676069628688927 0.04667499672707861 0.12305930277992169 0.06760214074070744 0.005300050115409728 0.012309692214868261 0.11912156228557352 0.035985860019180735 0.0045187156130787765 0.020691574811088576 0.05055493226003821 0.11757760167322734 0.06538499514933309 0.026555484292036937 0.05880308742271286 0.08725530887222324 0.010199743533507001 0.026501494161793863
24 0.04190218843332082 0.06680943352626198 0.01287445906567898 0.07041356932998331 0.08054016264001952 0.0790233082587542 0.03499321574827722 0.06056691294164257 0.0959969307775128 0.012022768052447924 0.040117573900468266 0.10405696625275743 0.0634884354124711 0.08053647117895274 0.004335853136936848 0.03784828063899735 0.038994115729646256 0.026527631763117416 0.035148662203169756 0.013803061009583532
25 0.046657998819984954 0.0839479163833246 0.07931122744198518 0.038625678983358114 0.032245898934587076 0.012976153333021078 0.0750855730223309 0.0606257140337366 0.06390413755328474 0.01185025434810384 0.04271502878221404 0.05896306049246467 0.0917836322218814 0.07529180865070377 0.05589629225114882 0.015780418383233703 0.07462137651360255 0.007444254780694104 0.05706952931409352 0.015204045756246318
26 0.05118483569184461 0.07846639345238812 0.04206814262167618 0.009767236492021979 0.07584766005449595 0.0478180338036347 0.02381150757142706 0.018240456030361854 0.02209136891516015 0.06738527127130457 0.07694855408014996 0.06605827092845099 0.06898837587411094 0.03291514711498399 0.06648994923249618 0.08436324304990346 0.06443949111169994 0.02371073115718505 0.026518503493110194 0.05288682805359414
27 0.03242529555572878 0.05492650593356216 0.025586573480572153 0.049064901066435386 0.052531219506016275 0.07832977852527916 0.08145397146769397 0.033618604270388014 0.020003943520776633 0.04073692222877403 0.021114728911899475 0.04644051547393865 0.04074717736548773 0.10423060173799503 0.06815993133796636 0.06464184228020371 0.038792714446355084 0.07010959832694405 0.05031569072550924 0.02676948383847386
28 0.09650473106916639 0.06798356414400818 0.005536069599452841 0.07937065763871645 0.10034720843977565 0.010429431463879903 0.017608728056773923 0.003131826200485766 0.022568401652919984 0.0692798650929748 0.05864628826968058 0.01764084081382313 0.05437062644989319 0.05957547994470003 0.04152703567652339 0.0570644612099853 0.05015111713238127 0.08911656388664423 0.07894112716327388 0.02020597609494079
29 0.03265552661869837 0.030831454065257963 0.010122402692253273 0.09778492820990882 0.05073391824697264 0.03451718200168597 0.01737492037003031 0.04572545087243121 0.08600679770816429 0.06701065114184163 0.080538489312766 0.09857558038510861 0.04247047730247343 0.023932554920157504 0.054531083142426086 0.03591163070257751 0.01631351175707604 0.09987156338343973 0.015281359022640774 0.059810518144089775
30 0.01755498520333498 0.04885976555320416 0.08054320400670707 0.05801965278789101 0.035583504383096314 0.06260284773061017 0.06335470976765868 0.000323038034642948 0.10498937503145778 0.04616825513285071 0.005819524096194066 0.06721532927386006 0.028308772280104005 0.04625229449598793 0.09925796212974031 0.0832351456245856 0.06717345466877028 0.014084671904365896 0.03436637362043962 0.036287134274498326
31 0.07483273270200728 0.07228175192671377 0.0385936328917048 0.03135479148410611 0.06744225274601776 0.08238375765841054 0.06982477918430031 0.05468375034446612 0.08009243615532713 0.02395516245283554 0.04551245697595563 0.052411670468834035 0.038707104481451246 0.027173115364240594 0.0459678582511286 0.043516162646454526 0.05316970651341643 0.03479816136295573 0.05533644249161933 0.007962273898054512
32 0.06374565859561869 0.06939778750905101 0.06967566264659311 0.02581623281668905 0.0036267666369673495 0.08771175078996932 0.06873149878768674 0.05393285647221729 0.01318748600910115 0.04250112073969892 0.04355042247853507 0.05121714222938535 0.08470608581017897 0.06396989664703008 0.04762788726780233 0.04500632277934754 0.03172495049923406 0.009715821214638171 0.047356477989775034 0.07679817208048097
33 0.0778435206977539 0.031313192129685176 0.00023024076126614086 0.025190101039138543 0.08654287068061665 0.0850242496823541 0.037479885504587994 0.009217134455739668 0.020183713618913763 0.06671534814421837 0.007161901112907388 0.033663206172954374 0.04692414278098075 0.08057555865614557 0.08240188806596181 0.07896098898543003 0.03648225031528114 0.05058137359375731 0.06985167653067455 0.07365675707163265
34 0.07153980376559657 0.05335849175605095 0.05170093407170421 0.022552843053360437 0.01659467259733471 0.0002521209054148658 0.036600768597088044 0.06034548256265314 0.07257446765770988 0.051926245653172054 0.08658672808703737 0.08158234761231453 0.04841825997045835 0.07687052563236903 0.08179199337424452 0.020394228871257133 0.07544541320115253 0.04174428450177968 0.03855993410454525 0.011160454024756709
35 0.02303478067604508 0.05876956895183154 0.06685357106599459 0.07699384763992262 0.034741266587803056 0.07007393623391213 0.0742061710118198 0.043169196642469605 0.08028321462225697 0.009061513308998959 0.01046682732622558 0.01514914653860589 0.07831198484149748 0.06208901343975054 0.02846270432065632 0.016726864675082755 0.08150606215579073 0.04886290707738993 0.07101342976346363 0.050223993120482764
36 0.05342186328479672 0.10801393330980151 0.033229573459276934 0.005701303220092875 0.0034488643444990936 0.0863533035514897 0.04365698794980191 0.09252257068224687 0.039199736343615135 0.02447283930206953 0.028350870538988243 0.05262911255080215 0.050112977620622425 0.09932088659299171 0.06759985786890979 0.05059949440993016 0.06347232834192677 0.01540159047051395 0.041092483931784454 0.04139942222583988
37 0.08444666456779903 0.013203079750575924 0.026507075140431414 0.036052681057847286 0.03637560197725632 0.057572940005789074 0.05495736983232452 0.03147978979284877 0.033915410081935556 0.06969125535085595 0.0528805259665982 0.0442288348965734 0.056418633895810574 0.09606864098094069 0.04369774087809708 0.05145612001376888 0.04172167391097839 0.046281433364190376 0.04434057314320214 0.07870395539217628
38 0.08767532737672992 0.04550454559626029 0.06961018848449568 0.06152344878221051 0.011410488736773956 0.06314271257735746 0.08326502173568924 0.08881594619761875 0.0685628638481897 0.018086694368893916 0.010288084713657901 0.018447985374155627 0.06589843866465572 0.01436705957136429 0.03449620712700148 0.0526827440920617 0.015798228957032732 0.05822008106773507 0.08015624051647137 0.05204769221164484
39 0.013450282331076804 0.014787246128019765 0.047269439170010814 0.07368200937243717 0.03320940500182903 0.015576458070143741 0.05169936578599394 0.04750905102315443 0.07231702150594131 0.05178915704295499 0.051922821782041675 0.044761793695185535 0.07102725598566963 0.047589054451223176 0.09494485925462263 0.0018154222060666543 0.02840683992840054 0.08774793749141561 0.07210916443662653 0.07838541533718593
40 0.06362419055030388 0.08519760252224887 0.05854683892606254 0.04433948220628794 0.07499067602915772 0.02520669999156338 0.00229523517544646 0.06689232191381277 0.08106615512283862 0.07087957655452237 0.061646105319700065 0.051720615403691536 0.030908418089487567 0.045929493858821155 0.057577347292053785 0.08411291954364515 0.04476495018458514 0.020906428547836427 0.026512228557501804 0.0028827142104327548
41 0.01734554829521405 0.07676368386580619 0.0481871643978045 0.03165376300994414 0.09859091208874106 0.09960181341742813 0.020005550027996567 0.019813655846379147 0.004005986403142011 0.013824143320839862 0.11126702463213159 0.035826679737559444 0.06298032605730398 0.06643311755764285 0.05178108698981365 0.012486840506359233 0.09919133628877297 0.01149812258982272 0.09784580921267089 0.020897435754627002
42 0.07253729164133975 0.07375440950910034 0.030905019960311846 0.07568621318961548 0.07211367040147398 0.04523231276435448 0.013760911475661376 0.07716748954032832 0.07245765444376673 0.04937533313302856 0.06559594033453446 0.05383191416834483 0.019902947215750977 0.004531305815943654 0.07648054090640387 0.004480319489673562 0.038924666176855194 0.02030758822635519 0.0684100762756227 0.06454439533153457
43 0.03183926170535052 0.026386978794917394 0.04774326208197549 0.048571954696167936 0.01361779867215871 0.0663880891147977 0.07686157225995872 0.0693313101335025 0.08241707900413417 0.0638783960743022 0.0837820618506633 0.06404530279001523 0.07253127862142254 0.05787246960169368 0.05385152393990325 0.015199225758150614 0.03876239549825854 0.005928666689097264 0.0172041972712223 0.06378717544230814
44 0.09085405791054596 0.07958726363757085 0.015510242519392337 0.04092700647239326 0.06606745602284277 0.07888467831902361 0.06384611158011255 0.0319612176655856 0.04131970514791216 0.027975763432201633 0.048753536138664545 0.06267670693117634 0.09240312041444171 0.056707184599590954 0.02047200991849094 0.011951939547410041 0.10299992137013499 0.004977988838882129 0.017389282421845235 0.044734807111782064
45 0.058723296932309633 0.01618448114099766 0.015048266578274095 0.02731068295969732 0.09760123342711026 0.03883547005033057 0.040761798371274464 0.06507435519052958 0.08117294864042776 0.08326424848891062 0.04092595669792122 0.047585677533003724 0.035697501319979126 0.05397777394167721 0.08208310764648258 0.04941779077420028 0.036960588380811996 0.05601027864255436 0.04323362798264962 0.030130915300858013
46 0.03645092572337595 0.015446036051768836 0.014697657756620831 0.07902683966081459 0.07488207887701478 0.0014222663508640695 0.05889354961183099 0.09979010236378084 0.019059959498201214 0.06732762229963458 0.07026786626939215 0.017931841930445006 0.0850604994854786 0.05979409338256818 0.05563977590758787 0.04061492492953357 0.015130960085462723 0.042448186958729844 0.07871500276482517 0.06739981009207018
47 0.07814751959850245 0.059810422417650284 0.021495826638999117 0.05688771064753707 0.014573554756620338 0.0782543885569824 0.03790961584618519 0.0173498692575491 0.027186843444382335 0.004430678286873897 0.0885120715908633 0.06234078139730336 0.023912341733301486 0.0847795818664988 0.005812254356719068 0.07275619725955158 0.08942320781350359 0.0578967897302385 0.08692426453706661 0.03159608026367149
48 0.07794621026214098 0.07481612322963595 0.061427094005559346 0.026100673838265115 0.03939617036473207 0.012413451072716913 0.07686343467182849 0.03973932419233142 0.023405185197412474 0.03852445240434847 0.029834522479680187 0.061675425262703705 0.0882451187680065 0.045796216136895655 0.10379849284235262 0.03979745967198677 0.01824866586460346 0.05296393434240959 0.025253685146920123 0.06375436024547007
49 0.004024273759784343 0.0405786886582496 0.09402070581396157 0.08526603282967417 0.03590290595525469 0.026743854120985813 0.055208741177865076 0.03251631071385748 0.11096374149522682 0.06749379485334496 0.0585646582780384 0.03538080000979622 0.04541855746506246 0.06765358513162391 0.021484513872920257 0.03702998652427027 0.10737994661647536 0.005968054193957766 0.031085117850650323 0.03731573067900041
50 0.07828125192797239 0.010302567364522133 0.03900985054671219 0.024946151383617693 0.009613678502577922 0.07237078147670101 0.07870811618798344 0.04720486116614496 0.038006473472449204 0.10344279954014826 0.08401146301241644 0.01124055330831268 0.08609583175336613 0.002241137375794745 0.014703508699322689 0.10149380348300811 0.07424312962134555 0.06749736019815746 0.019766826511140034 0.0368198544683067
51 0.06833815644435276 0.08267158640375907 0.07046736344758447 0.06587044503966161 0.02115839594199148 0.0866805040277195 0.029083126966917523 0.034882916218453616 0.03216620326183256 0.028166349503796047 0.07405559082925924 0.026942628986396235 0.07223228958073034 0.0783794064660953 0.06916498982636213 0.006699528124416514 0.0636140333037803 0.02451956750913955 0.02641036101715765 0.038496557100594346
52 0.06867979438305594 0.07365961132643131 0.04096966226055113 0.05915192972931982 0.04961192859751252 0.046763918579874005 0.03608660079281842 0.03792186271236646 0.06172637611236677 0.0270940788038551 0.05455294445083153 0.008615354263745163 0.01627340665934967 0.04875774808353719 0.06762906988214182 0.04359614397851388 0.05661449780860145 0.0772064679361917 0.07481440855259595 0.05027419508634016
53 0.021781639537661303 0.07359063190712167 0.09027411330871576 0.03016711059545906 0.03344602527188152 0.09776885714252574 0.025852367377578244 0.06475288305920338 0.0492287241579494 0.09696675078385278 0.10174849010147105 0.048078239467552804 0.007713022972193543 0.017798747864494972 0.05155233318333885 0.015838040368742364 0.03065772309431123 0.047273991798863886 0.08975267067494973 0.005757637332132718
54 0.04248063934740395 0.026359379801758773 0.07927276800312731 0.07012743956496892 0.08860243075886645 0.07987020700827015 0.03331591605143208 0.01356275269330466 0.06116174538921816 0.04978422522081838 0.033629053481710296 0.06887509272529678 0.058012672110832116 0.025162008210713113 0.053203900136629255 0.05600044044047695 0.016872796325177145 0.023236515453352185 0.06612926710447183 0.05434075017217166
55 0.07317769283928884 0.07107419059274799 0.051952360597139896 0.06947047727637652 0.01239741332994111 0.0657168215871588 0.026735626719792963 0.026560770077613788 0.05412879869896427 0.0783692045599344 0.049784229305254564 0.07101892583596328 0.042898853973216695 0.06500735355138983 0.05889475008820586 0.055028479769908455 0.07601171904382373 0.004227096448005607 0.01785255582041663 0.02969267988485675
56 0.09280343643299599 0.041009876244216106 0.028618572786119154 0.09466997181874458 0.06909443980293994 0.007731658960417987 0.01358394654678972 0.042779577550050824 0.04805121738659172 0.03519129966294225 0.08964779125504804 0.08689071176723921 0.014260249686708576 0.03482978813238592 0.09417534651841737 0.00602057550964417 0.005742422764764137 0.0211733000998287 0.09290945749919166 0.08081635957496404
57 0.08479671601554568 0.07807799445462547 0.0020469397101780524 0.06308681436096646 0.057858535655451425 0.04183999842690506 0.06251291628723928 0.00683951634963242 0.07185625952922253 0.024455158960063877 0.04877223695320847 0.07414872726527029 0.04990079020608974 0.02282922069216278 0.06768877027028802 0.001037764479882456 0.037645436109801214 0.06753161476194189 0.08157861202505187 0.05549597748647287
58 0.05447279042702627 0.07102848017518694 0.04440124633426873 0.0020149525672746847 0.08150779540081468 0.056617014188334376 0.054614054524984676 0.057048938636911184 0.03052052582869542 0.020196326845051137 0.06911309929773571 0.08276782983757545 0.04669152312927713 0.038141262909611666 0.08099242580747028 0.05176551765473167 0.0261742425084295 0.018440248554230283 0.043321036752832824 0.07017068861955723
59 0.0022569016359994553 0.09758869449193235 0.012383742393764356 0.09558555470415359 0.0932337167354268 0.0033805672280258553 0.013716481942624974 0.09801061315424385 0.07126942307488271 0.052526697728475596 0.03255069013858997 0.09791889680975706 0.029664585974660648 0.07225129215463248 0.004849602359620521 0.09016849603251906 0.01611063957188861 0.07966163521273227 0.007676112251911055 0.029195656404158967
60 0.0238968312221421 0.07465182244818987 0.0612309545190553 0.05152253893921826 0.06767892314644951 0.009755275086066892 0.03280402022458157 0.04423511446079752 0.03708947762522551 0.0395698678862807 0.032356401995547006 0.08949399198665371 0.09244965657164601 0.06468296291684615 0.027672846519971747 0.0739110673597753 0.05184897579556394 0.03739155875239851 0.0264600865011064 0.06129762604248376
61 0.04258830335500498 0.0013150640314216577 0.048383809864472216 0.09403622446509625 0.08516256416822263 0.08425973095766238 0.080776808702477 0.07452531504166807 0.018912441653196735 0.007579117446183532 0.03953540684861687 0.04021084398307133 0.043668953046314976 0.051982610123623305 0.07328325794450552 0.03965449791260901 0.08874873641015756 6.31308075955943e-05 0.08285460099723006 0.002458582240870168
62 0.06765033792021763 0.05225198064914511 0.010485764362427966 0.03019353543906413 0.08044394465549894 0.007191253290327915 0.029578229110915465 0.0853685355967791 0.07500715992161922 0.04311989834851725 0.001009100274152079 0.006712809991128113 0.03122249702514473 0.07577541262840666 0.029094843317532988 0.058704670885700604 0.08595711315870878 0.08150511988628337 0.08485553704357289 0.06387225649485725
63 0.08595824332234064 0.06662185461592583 0.029651558930952497 0.09497263653532274 0.0751238995503317 0.016773581435275905 0.03602868476962237 0.01967146692167212 0.028221396330073558 0.08984708123282206 0.06472939595475921 0.03782227557195732 0.06883923553338897 0.07659541805710854 0.049420711435838156 0.04646796733292751 0.04641729740214803 0.039594881529023566 0.010635125517299636 0.016607288021209754
64 0.023553022647822854 0.048398228402816955 0.0021660734939294365 0.0770017116211493 0.0315207220553391 0.05509847160371483 0.055247329972451555 0.06640655471246944 0.05647181737818394 0.053991902750546376 0.04214628454600268 0.04505928316209317 0.03163325952139439 0.06094938541786293 0.03675489476399017 0.0033368412418425387 0.07087746696413759 0.06780109807282682 0.08875271369423426 0.08283293797719155
65 0.03365923068872242 0.07052621020255874 0.07924152981358508 0.08913333861818021 0.1133396664183409 0.002103245934478015 0.07424786175261806 0.06056490490626058 0.021248426435024594 0.09914204036490525 0.06715703120619859 0.000252652188759106 0.03496908336879437 0.05547945502547148 0.06266443455079497 0.01939727640697131 0.061195990927471376 0.00677079761699602 0.02817426608272078 0.020732557491148104
66 0.04159406655677795 0.07985344310986647 0.010948714336521316 0.04905354782266087 0.012565011794311009 0.07133468765772623 0.010054971081858863 0.07603535957824832 0.10396275939391614 0.023462961576278574 0.10814993780826841 0.025504050411127528 0.08176054923606037 0.010089993334790505 0.07789299150256618 0.03263185897390286 0.022319208287907785 0.08374617614092181 0.044886916176440014 0.03415279521984879
67 0.005610198344203989 0.0725259631525252 0.09353603963833282 0.0814933423949888 0.10363437013227254 0.0305416625369304 0.040622888322482086 0.09750168819726866 0.06894371446170407 0.019345333810303594 0.07896004643786712 0.038845716689090745 0.03231113166431232 0.04742307119424526 0.006196338381431178 0.010754448979600128 0.020260313846855137 0.04986095667089032 0.09448124354007778 0.0071515316046177205
68 0.026537129520433758 0.049521162619532245 0.03934330039533114 0.08246275797179065 0.06717249853476143 0.009091796169168671 0.07161939742402113 0.0700424189887229 0.08422957014086771 0.05334152579778019 0.07192062454040711 0.06146581007865375 0.0001461043631664692 0.004947628706423051 0.002131656883812918 0.016949361077964492 0.0655883304096547 0.08579494389304373 0.06733619713668255 0.07035778534778128
69 0.02596421987942833 0.035821659962344043 0.06402474687592082 0.06038994579267874 0.009897046304732246 0.07893727064372667 0.0844663493361151 0.04432039618833978 0.09394918450230548 0.07691019195295246 0.008145942852096822 0.08582196711398893 0.040745381288542604 0.027920805542774232 0.014402856610806227 0.026463496946891516 0.024912620367761734 0.06154739782085791 0.04519121001464699 0.09016731000308925
70 0.06726029401015275 0.0813914361575691 0.005947327782189707 0.07331755946775556 0.08224850096360127 0.06933840643299635 0.009697495838582421 0.008941322668226448 0.062220959375063764 0.02806340599506742 0.09680210377950887 0.02209104946544339 0.0638938543763322 0.04304574404236609 0.02625478601592934 0.025113086426433593 0.0621784404339355 0.06493924814348198 0.07923149136702144 0.02802348725834299
71 0.0846731415691284 0.0948717467955873 0.10524865646595376 0.014187392079899037 0.008785058478373747 0.041467141934211166 0.07831849656475753 0.02577093731098535 0.06377131701623874 0.04355756523843439 0.06501529359209818 0.07491692110732044 0.03370782950946625 0.04697581733685037 0.004173100665623439 0.052120205419595306 0.078775485005699 0.049516638618323 0.027012931205311445 0.007134324086143247
72 0.04814379823073841 0.08965116526281405 0.030924369615401903 0.030194984004603256 0.02993407779885616 0.062224106823409356 0.08540711509205959 0.10023378201238076 0.015593724820570764 0.034591933863987505 0.023082763153430025 0.03327867103736619 0.02755404248402233 0.014530906422242555 0.0664964900168153 0.07960892119393308 0.08851693287183067 0.09145548143153431 0.016399545283682027 0.03217718858032189
73 0.058432031735062485 0.0047316873902204706 0.007028216104998798 0.0707352905600275 0.08283318555056937 0.027687721665618188 0.04908629115219128 0.053231152998478054 0.017455538520584107 0.08097146149572479 0.06353668199312328 0.06324702590992558 0.0962052704107671 0.05891036225098532 0.07225562625657084 0.013520857020458911 0.08054575251702595 0.021857755485089073 0.024534983403082886 0.05319310757949584
74 0.030170195673473572 0.06979809622758935 0.04881251842485203 0.006920917470832217 0.11867942251302745 0.0014169991399390935 0.04896590465355792 0.11601148749804056 0.034526626655318006 0.018769930394535957 0.06696862850515278 0.022092615129485606 0.03152039362607014 0.026740689831356763 0.0074306297924140756 0.03385241954312771 0.03560625564072618 0.0769779513768881 0.0922475398618212 0.1124907780417912
75 0.04686532246511292 0.05542413344764296 0.04855498565590875 0.07729608214235452 0.012423214937750376 0.028455079971023 0.03620591195378969 0.05002624276512037 0.05285734985600641 0.06641562631770345 0.05274101972352585 0.07490532745585694 0.04693498691700077 0.05925022928925762 0.06127112717127472 0.03478267670543366 0.051879505364588734 0.040564347912871904 0.06448215113622045 0.03866467881155691
76 0.0212184474380006 0.08114168218872399 0.05725259160437477 0.022130791111456428 0.0021168208737518852 0.04388170640857369 0.060253717264067856 0.07248506239560738 0.0846591564552888 0.04148466643215815 0.06883947553733985 0.045349601302796805 0.046446003636058185 0.09006098010943565 0.028227975083094874 0.06014324288019903 0.039780086007047806 0.06353257238639248 0.026190630720564195 0.04480479016506751
77 0.06380361644402999 0.012875382029241923 0.03412344018644263 0.033843239255200885 0.02319158772287622 0.016855112461867633 0.018421557458817767 0.02035088918623688 0.08723364802586543 0.06430999992917318 0.08889612368099288 0.016174594746885502 0.08323019113158567 0.0425797068892043 0.06349435718874337 0.06211435927680503 0.06495453988847677 0.09011372822501859 0.0801076832955023 0.033326242977033085
78 0.05341786225435186 0.005433268484163379 0.075720272981708 0.08246391542597858 0.011617373003971962 0.05592584776633798 0.06642087505804319 0.028102545600190872 0.07827835746253163 0.030715636965523523 0.08209721669187361 0.057592259946568886 0.04269664102444838 0.08674761904482435 0.07211186580535502 0.024217863509831836 0.022584167751627745 0.06993261331538808 0.038592508678792 0.015331289228489075
79 0.08343742716865712 0.011786851616000559 0.04858484356006234 0.09653944677996472 0.015496789035422039 0.01720529025509257 0.026161716461170027 0.09636913003307851 0.01037612521108605 0.07590562776797262 0.033486232395899415 0.03716743667313697 0.03612307538226045 0.015504494814044516 0.07590769130854498 0.0578628457477188 0.05342509485251329 0.09568500916441706 0.05724817606699698 0.05572669570596091
80 0.11163347025412478 0.07597954444110172 0.005767035057259326 0.06497319562516786 0.041309814370059955 0.009024102151769466 0.02954662726964169 0.03380527432195989 0.0711424021095261 0.05412533657394511 0.03812057567149635 0.08325382217320018 0.01214086801839932 0.08091895402207128 0.042176239408130964 0.07978558542872805 0.015164928826133418 0.058079531060301545 0.007964661253410728 0.0850880319635722
81 0.04365661920831555 0.05019480691318673 0.08191870923314014 0.05718726904691615 0.00891410781682024 0.07647670769749029 0.08759252453492987 0.0016234481791167945 0.025710608075241094 0.03904182244173169 0.08213781011876962 0.042334690737773115 0.033467197370199334 0.003141494844743979 0.03781809669885974 0.07805546372606072 0.06420600967360265 0.07113092416499407 0.03580070067679979 0.07959098884130826
82 0.05494829205345471 0.07548272841705246 0.048382866010286296 0.06356600955187015 0.028481878060885202 0.08778743093407364 0.05876828905177334 0.06046104856493253 0.02502025714426733 0.050106011121626846 0.03678686072238693 0.06453884741861392 0.02751248795310871 0.02766000121363486 0.08237282709308462 0.049828263703788324 0.02514005984158699 0.012201364430822904 0.07743284441761528 0.04352163229513513
83 0.06816173275990352 0.027690110988838418 0.03992405027743465 0.0741930398274115 0.05734139230526996 0.024436937716482778 0.024034785550387287 0.04892774857113402 0.011639629578251496 0.003508679576947703 0.035217116353461475 0.038409455366055494 0.09323773859910539 0.004089989092608986 0.043104992550381874 0.08280265964853079 0.0924230139974288 0.09166178363927727 0.06798199647109815 0.07121314712999033
84 0.00016284520374778902 0.052825097472112774 0.045015079709678475 0.07891411776416364 0.033526080047237214 0.012514700485476442 0.0749301295716589 0.06160691452259901 0.07779295581839006 0.06526014952792265 0.03905102271268344 0.029289225991745382 0.038511502040161336 0.07093371757387021 0.0640494451766512 0.05601303475902724 0.07266079817333354 0.005950025738130853 0.045107705168866426 0.07588545254254324
85 0.0013916576067396905 0.07868090094537407 0.03432727500136309 0.07225323323014998 0.037469936451689896 0.05317109847862414 0.049833394576634986 0.03176876981614913 0.058766544463968874 0.09000259166511608 0.06419839121881497 0.03968393268913071 0.016163542940212446 0.057682853443345866 0.05990762450319593 0.0494619119950894 0.020311202564543773 0.08623894095533229 0.033160052498010656 0.06552614495651406
86 0.05216183958162186 0.031026671230561492 0.028415725083712345 0.1085106798367046 0.0748802988396642 0.03989773818374089 0.03471329913432136 0.038827838247579675 0.027073917177168484 0.040226445293000346 0.09197451715807992 2.3604240721972303e-05 0.07654950083821456 0.10489860185037757 0.1018246256625973 0.021929434238899603 0.045780224056913385 0.017238990359812852 0.008384676215545528 0.05566137277076207
87 0.05040205157547675 0.06114697604631429 0.001470816147911626 0.024552713316011096 0.0009984174973942572 0.07265241611624605 0.018661036746139222 0.07919221777055806 0.0657590390603696 0.055487166449648156 0.09547429332126708 0.05035758462716477 0.03763460462885629 0.022193865148081564 0.028662249480658666 0.09590323049040403 0.09655406576840143 0.07929387964882606 0.05693711721301825 0.006666258947252671
88 0.07849948344114595 0.04339058389862996 0.028630165041047338 0.004753774416443453 0.08145867702509005 0.06732569555561219 0.032184648086246194 0.054125450189877675 0.05061200062346488 0.0015407579091936657 0.06468231558842157 0.06666255612494501 0.053558142540489864 0.00751020228111876 0.07003085724225201 0.06679099346164034 0.03727899339155444 0.06568099446228247 0.08278824893106508 0.04249545978947907
89 0.07224035953481531 0.023515483214777498 0.02960441481258668 0.06982911127190353 0.045719853554576584 0.018996961193515325 0.08237237777112563 0.04480155255655466 0.059197642975506906 0.018602205921359406 0.08647172485947649 0.05534219877866773 0.04497257272085445 0.08458543798977344 0.08598331090927994 0.055461285436982144 0.023633405422097378 0.021628143246905963 0.06690702286716223 0.010134934962078724
90 0.07412293230679501 0.05231800330052576 0.05850840709175142 0.08134587849398583 0.03138580124553062 0.06430632666143897 0.02694815154760298 1.608799067508287e-05 0.0450184388585427 0.08202987537004182 0.06439362817765015 0.07869236105562441 0.015167595141736667 0.009370714356808361 0.03584513893815338 0.06463701052348492 0.05973761067138413 0.03507503281610323 0.04696432414035215 0.07411668131181223
91 0.008735769685671387 0.01825103853255744 0.11146751487916846 0.09043650162710025 0.05249169734483855 0.0335436255609749 0.0622327352365958 0.09539382696873698 0.06682837789678242 0.022567098146531576 0.077793768624677 0.0002998248423803076 0.10191028602788962 0.008190799629198168 0.024225411563943738 0.04335806598400973 0.06350213652721763 0.05889432304753527 0.025748061738500177 0.03412913613569083
92 0.039884403176971776 0.054781579139167126 0.09066904368493195 0.1029691058138284 0.03922654582192815 0.04913271067574807 0.018508010327158545 0.03636498321817956 0.0038090122188799867 0.1047281891557265 0.10021389121696998 0.05668630252323538 0.028250099260630095 0.08020997404641024 0.03219801274548046 0.005504995616288284 0.06460171144076836 0.03149482253674759 0.04147017594013463 0.019296431440815054
93 0.06125845059955381 0.08231903630531308 0.0337221453150057 0.07121079218882409 0.04947432016437715 0.06967710009203652 0.07018236069110212 0.02751060303007019 0.0721629813519603 0.08172256489301713 0.04029116197625774 0.06589422580129317 0.012987836530618932 0.025503452758037864 0.01800674519730967 0.03933352610019528 0.07541220303689991 0.01799799321487454 0.009263499162615676 0.07606900159063716
94 0.0402177539240799 0.050882499143662906 0.07390865965932893 0.08657312406693801 0.05266116270407193 0.027899066071269952 0.09445029115838181 0.004071026920693389 0.06372373155851752 0.024446340256300974 0.09695047306956713 0.0020262676025829414 0.03479534196856099 0.02419019922724308 0.0971242915398027 0.10335244957090818 0.009067834525631513 0.034647998457533365 0.007074973149091825 0.07193651542583303
95 0.08870989938440144 0.02056740582901613 0.0605521669312522 0.05832332316938307 0.06316499263261893 0.024618923156530435 0.05690931034649211 0.07909302113845672 0.03245641338847217 0.03369097637206264 0.048206158264445506 0.07719002767381275 0.07062232506517944 0.016346632480860476 0.03435172433128451 0.09168731784033289 0.05691236438164109 0.06801489488895672 0.01438006533049277 0.004202057394308159
96 0.0680726456912482 0.05089264660330168 0.049497228172948306 0.08186445742394134 0.06297520334550302 0.02513075235277612 0.06282414609765884 0.04618989341303005 0.08542978764341114 0.032768826438976675 0.04530818830022112 0.06560348109344218 0.017572878866234452 0.04412995607672066 0.023349913002485394 0.0594073322679023 0.02775030296431251 0.05805283199054905 0.024074039161459424 0.06910548909387744
97 0.10370720512606434 0.04863674769154329 0.03173765599059015 0.017032923826189556 0.0637227865092188 0.09309907568649065 0.06734575475017289 0.04829976500333257 0.06320587813456673 0.09130766408582139 0.022867057607937263 0.01461295316793598 0.008635787409222611 0.02384105122379126 0.10143552134799552 0.045354912364383604 0.021690025092313922 0.0019106703973349741 0.10371066295726313 0.027845901627831442
