0 0.07004717107372065 0.03349577110535221 0.05230006112684976 0.14396967455817813 0.055923848564816206 0.017800687914669086 0.057744117726013906 0.0032300300350471024 0.05040412572772632 0.014962215435209442 0.04665064490688934 0.10059395630561976 0.006212393435025465 0.0076620861597947966 0.12465231713106595 0.05841816585381158 0.012391739650838264 0.08036507593893233 0.015124777916457654 0.048051139433982204
1 0.02173720035505581 0.05092292996277316 0.07012550511216904 0.09131392945944887 0.07357536294875874 0.0612694242088184 0.03516408441534448 0.02046619550339533 0.054668232308396215 0.05376499972628226 0.0804938295670266 0.06284941645372656 0.012366626166055997 0.04479298346981609 0.07245344381054274 0.028812542885597387 0.016671453462147892 0.07198136144450963 0.029635481822894053 0.046934996917240866
2 0.09623843041272785 0.013574011091082654 0.03751481401051794 0.029869497852143937 0.05453959153822087 0.05550871640901782 0.0819707371166761 0.06277385415028497 0.0766648815940967 0.014209381766431831 0.015204131095652315 0.02945656038306518 0.04685571250871859 0.039445126544080694 0.08965500428051386 0.06964423746445522 0.05392698990325471 0.008678119332769125 0.09480362654016652 0.02946657600612303
3 0.014535659499917867 0.07459792317910116 0.08507068587630418 0.026911499571186073 0.07116810429412371 0.02860726751863747 0.03684052784879466 0.011214293517893593 0.03604701274806581 0.07212819823001687 0.08479131958853289 0.007016961025986559 0.06376861830196649 0.03595629579511677 0.058854311585932684 0.06463618354734198 0.03961414106681251 0.06948072732066 0.05131857355457505 0.06744169592903373
4 0.04020621198189236 0.0004989985679812065 0.04422487889620878 0.10055267868112457 0.0825716198805912 0.07608094591432871 0.10059964875795686 0.023256474433849567 0.10670317952868746 0.005422902482766303 0.026283452865068908 0.07124783606852539 0.06586269301435402 0.001780408856320136 0.005835975346777714 0.0300108081054066 0.023473647626137937 0.06365934566454833 0.09394699871485612 0.03778129461261777
5 0.08636004749718214 0.0020863144875012144 0.061485049515222864 0.039919056166625125 0.02762538827914313 0.09914040135539029 0.04324306514562604 0.021406798581183904 0.09890859575705309 0.015162456543610113 0.03926135608822509 0.08285648390252626 0.10322035483075488 0.09114278303960131 0.052133868777160114 0.07136324419498091 0.005208091572764562 0.01869384385104999 0.035582520845269035 0.005200279569130008
6 0.02027275759150273 0.038640823051420366 0.05958295008699391 0.03418553130203189 0.07106196164247361 0.09287475456555273 0.026357343230290174 0.029724265497388776 0.08569257706047707 0.005351002400173688 0.06259507355641777 0.054584911317454014 0.02634966833580689 0.07969153541445262 0.004988464138053257 0.07131236436058602 0.03115240674084903 0.05825935571572799 0.07177917830850311 0.07554307568384415
7 0.050034421178261124 0.019738522245134886 0.08874238566122579 0.04380739702443974 0.08477862318355772 0.07579173204067122 0.020906468375563283 0.016880701051916115 0.06097703675719025 0.04348439834666567 0.027224256003668443 0.01809249711687091 0.08090616558665628 0.07301125237923643 0.023852866892005838 0.012379431705280344 0.020626351720510073 0.10598231973231874 0.039304922653410825 0.09347825034541624
8 0.10540773143126517 0.11037509937469997 0.09059794199460579 0.040650678550759635 0.023623347473010422 0.01817970745064241 0.1016576359013989 0.02549970088675289 0.02249020959150304 0.04316735107264586 0.08288554167048794 0.07366384820236534 0.008119695008631514 0.027005806355353164 0.01763392640140115 0.0017426916215724263 0.04592989750300698 0.02040328161890144 0.03755746619308197 0.10340844169791384
9 0.049357392181965165 0.06704570161643891 0.07552132187432328 0.0891590332391053 0.047537478981165 0.012699771227306646 0.09122379945056562 0.07408131145940193 0.033965344087247884 0.014911390734605711 0.058777031692236976 0.06427068631663702 0.027693394666753156 0.03068816869375381 0.085925601601792 0.025080813345334654 0.04055746759444429 0.027920845419636926 0.007397379824727971 0.07618606599255764
10 0.015865039289980044 0.03032993171445791 0.07734283962648794 0.05885969950187497 0.016919064130061116 0.10536349168594132 0.023383389296358515 0.025028119391951324 0.0343006202310196 0.09072148231256948 0.11277321289906773 0.04035780456403108 0.08363309894409271 0.04004909187068435 0.09617993570499109 0.0014009273237152763 0.05063109804057552 0.042042918440603184 0.054806908575801505 1.1326455735259878e-05
11 0.022554902184947545 0.051363803867999276 0.06811738293148545 0.04569810520108326 0.0808354096646868 0.05108544988231481 0.007526917455268128 0.004390949881692263 0.025213209390081197 0.010475070283538751 0.053523102481577184 0.08363353670142537 0.055640384619175795 0.06250185594935513 0.07705931312452248 0.07252340295874163 0.01655718035234616 0.053874641763798393 0.08431636908343498 0.07310901222252554
12 0.019127983021579906 0.018572286461493632 0.06498393877534074 0.05086852569397318 0.0095864184380191 0.022061409571243116 0.06784375192956303 0.07108854113002354 0.06042987315448728 0.07636726618497448 0.043233783228468964 0.08385734320582146 0.015606683865229837 0.11001005327803912 0.016203572143206158 0.027445775742986733 0.06343300097121579 0.00963483870278556 0.073279190475201 0.09636576402634717
13 0.0871884266304759 0.029599208842573464 0.08686934679559848 0.09110076130933573 0.03201224643238732 0.06744250919972598 0.019890832603833536 0.003343023098965986 0.06452610506622106 0.08991929747778377 0.048038280026198955 0.01965071305335015 0.06847118775135219 0.06595132818090241 0.08792922557404219 0.013756812267071946 0.0021347894020893386 0.04257482213876714 0.03855998922952138 0.041041094919803275
14 0.07632402536248173 0.00872458707307124 0.019748092914482568 0.032076770033631095 0.012395319978858213 0.08340335553413332 0.08475836590553537 0.005810153863466615 0.06671523888831836 0.061377265278696705 0.06215216003877869 0.02901429821973314 0.06369549105544667 0.09796655109689249 0.09915416045829467 0.0032607294664938743 0.09736029780237895 0.011495372225657054 0.06842533364422017 0.016142431159429187
15 0.03881164270893415 0.08065826244610791 0.09459932544483377 0.03839614836393602 0.06998641736880876 0.07943719441523736 0.030024912258013955 0.04625939664950833 0.013465584346911178 0.07355749099240008 0.05320117989553256 0.010715858039103484 0.07343088137455006 0.08320106654380821 0.03963051929770965 0.035885701461616765 0.02098293756527489 0.042257250912667535 0.06733149051027261 0.008166739404772817
16 0.08145776841267907 0.07368909630202494 0.0709957001411147 0.07697616638473594 0.03521832232876876 0.05236419163281773 0.0030336338558667793 0.039214267571994026 0.0515199883393265 0.030044154209060914 0.04744103544308702 0.060277324995788396 0.036888573752239126 0.07380167634610538 0.0005037349805056895 0.07208634365572762 0.08113682271231183 0.07559037536602545 0.013593763120057004 0.024167060449763113
17 0.017428203045566706 0.022869271970338015 0.11577816520935535 0.067449996269354 0.030273476673085893 0.027657147328037618 0.049928239369818196 0.07988528222975656 0.07695605414426143 0.06006087758354455 0.002130501222332599 0.002838980458503948 0.012831052078912638 0.016988283590690524 0.024048617264162922 0.12099725693420445 0.10727694371305048 0.05513330651633704 0.03383604768506305 0.07563229671362408
18 0.01412438333404789 0.10019969259621622 0.03032644949317657 0.09022332660842186 0.07924932421792782 0.026127892267116853 0.008738132014433278 0.013566647849827867 0.013261348188912501 0.02444599931845345 0.09406993385472061 0.060751116978530424 0.023778986920488496 0.015629802458892384 0.08174595736188416 0.09133763597817691 0.06709129639890592 0.03188712770571002 0.06218587957488142 0.07125906687927527
19 0.03175785809027002 0.040522600581577216 0.04690318053706085 0.0869670633174057 0.07589722744870701 0.08386152801028869 0.01389325072062729 0.05052592239402383 0.08045791897282185 0.09673862637003063 0.04887455476041795 0.00021837648087269154 0.011290827773094597 0.06498918432421913 0.050695835187997015 0.0021978658690157415 0.024619362915816397 0.0983993313974379 0.056111616398776765 0.03507786844953869
20 0.005697184176381808 0.016255780592142062 0.058014935591087 0.05054293905775923 0.05422234321533818 0.0869881000273956 0.0018807559404716958 0.0836321250232206 0.05540965283229005 0.061725872010034065 0.08203722039302995 0.07288243558543059 0.03242102341100392 0.04190119926936208 0.03794639625454853 0.05343613519023104 0.008313282772684217 0.07918447974080157 0.07144487001161742 0.04606326890517024
21 0.03247550827396086 0.03486232233383999 0.013836296961699824 0.024001266744624977 0.100876755357724 0.05920434151291608 0.056260782353424243 0.05750093407345546 0.02861807709209092 0.10817152366504511 0.06369254092990508 0.01494241512232199 0.0177023239617389 0.05433714148026099 0.016084394564721233 0.0883695331960091 0.10858900610456552 0.05546566196553745 0.021874958693290356 0.04313421561286795
22 0.014340479331151689 0.055276750447103964 0.07275241361487136 0.03624734325639461 0.016125437899105814 0.03340107693868002 0.07022189037509557 0.0003008370091486144 0.009037266944231856 0.026688072429864665 0.05114798957406178 0.036081875939502656 0.08727684226227253 0.015310368437240823 0.0405376403002238 0.07662662305932326 0.07177739157890843 0.08265547971627082 0.10532665092821544 0.09886756995833228
23 0.01665712212287278 0.06646574901057292 0.05447181855323463 0.09589522001718286 0.08347276105201362 0.008650522259794733 0.029188527056532416 0.09457083512350353 0.006063325404678845 0.020089420588144273 0.05975122822307847 0.08835166831722305 0.016644647489186214 0.09240812367951734 0.06500009455343697 0.06269931635833273 0.040070342742453684 0.008562120216028694 0.08943916857144858 0.0015479886607637247
24 0.03925951540125092 0.04225967688295903 0.07396400661292978 0.09890605610673586 0.07248578050349226 0.03808249187951801 0.05579923989858703 0.01790911511657589 0.04140223170030971 0.0099709692323801 0.07344689635563652 0.04480727501974075 0.02708228191391726 0.04121101292401634 0.08295576524904481 0.01281609920533407 0.06307588212658882 0.031664355214248444 0.08627386931330672 0.04662747934342767
25 0.0016872963981823 0.031457716161738924 0.1020946275671648 0.06026347968233737 0.04913056519737304 0.06520641864625745 0.037501595021646364 0.06685616354342686 0.08930510178904037 0.011266665972404784 0.05342313451315699 0.04051380219808105 0.02211812713865606 0.10835642054080209 0.08351310416674092 0.020297756605918756 0.040764917712503526 0.037492486513428416 0.060052252364087504 0.018698368267052484
26 0.04885345237840688 0.10154117451625073 0.042770341852366035 0.10941016302282072 0.07037884726462736 0.030867357407412414 0.07014380144389029 0.06640318636273063 0.09077200392538647 0.09045661481494424 0.04314741226333309 0.02068079429350595 0.049340864960717226 0.017159653092370313 0.01428753493590846 0.022184522622115118 0.020613524380264443 0.02368394295664686 0.021223173687572754 0.0460816338187301
27 0.038419396646781026 0.027446021994749777 0.07335355597868187 0.03790029618387738 0.07334982209871757 0.019075444379319687 0.051867496947871274 0.06002868002705237 0.012278937266246626 0.050522772588295344 0.06824336014153516 0.015170676025785049 0.06207844279750423 0.07424076291562207 0.07246768178109543 0.07216698595091084 0.0709794852344682 0.05606222980820308 0.030860748199472165 0.03348720303381084
28 0.009704108082528752 0.0501637102008766 0.03645909400054927 0.09331926771322949 0.026738101302538404 0.06997672189813628 0.0005369250910373209 0.059317102529983956 0.03664559594962941 0.05021384916557969 0.06747803354485794 0.06732815856808227 0.07877091447933747 0.010347028111646311 0.057893018732949594 0.09558394591397365 0.008061120425864762 0.07885753396694002 0.06692304304702043 0.03568272727523831
29 0.012060362596479399 0.07543713084367623 0.004910104098906596 0.02336674772205302 0.04030918995763776 0.06513560401435617 0.04887576240348639 0.009966071972978692 0.017174406102613775 0.0836042362129981 0.06432283653486208 0.06876990266969599 0.08661785351284332 0.042369536912526776 0.016839372817577775 0.033552198220196776 0.04391715832604006 0.11284848238419481 0.06957823299793352 0.08034480969894273
30 0.06904344786630764 0.05115727426818712 0.04757346563845473 0.04564906534167133 0.10604036929410296 0.05309608346387362 0.005848284786221296 0.029679544414766997 0.05064220811826862 0.04355656900882329 0.018962696670402415 0.07548307810550633 0.10660479654098941 0.03074750160094592 0.008745738593422547 0.056676396528870666 0.027226153718983046 0.09377693186223393 0.06744194139642748 0.01204845278154098
31 0.0732186273537958 0.09663532249055658 0.1078171725742777 0.04582248866214653 0.01609104003766926 0.1041520562664443 0.06900283519011377 0.06828357038495331 0.010520876491862705 0.09366961601592684 0.04012397404837186 0.01594215509551209 0.06286243798288642 0.00546707954326973 0.0029589283923894616 0.01647733274354859 0.10158275779102488 0.008703618588924891 0.05020615889532616 0.010461951450998956
32 0.10299436651974699 0.043710313472400494 7.838840321052725e-05 0.05222384894243529 0.0009193164299028371 0.0056367189140354755 0.04418917737449107 0.04775919263715305 0.009941759797229329 0.08417535459838593 0.06882586117233441 0.012143305569345867 0.05692830183316571 0.058997763692769475 0.05553432022308389 0.049692422838214796 0.08651161989269274 0.039434755782456275 0.07816826959517914 0.1021349423117668
33 0.015945849971141634 0.08519910119711765 0.07258990962257578 0.09035676697697827 0.04483136819133527 0.004868948770890251 0.04435084727505864 0.08333750295628924 0.04121981841944923 0.03531255286348437 0.0597357868424443 0.10498444174782157 0.07422526753084632 0.001996951446889315 0.01036418129973456 0.07455576814374647 0.03439545148888316 0.07769652847414084 0.0023416630391402053 0.04169129374203281
34 0.028674072823779824 0.06404502144573015 0.05453782778113307 0.048944071613304004 0.08183835170628831 0.056923281612387036 0.005269184619017109 0.07930250456871434 0.08537331535524562 0.05041149178664623 0.06950178543817002 0.016486052210586234 0.07301336965660779 0.06518869650104181 0.011690993366973329 0.01891883516374668 0.09070976596761254 0.029478880188408718 0.018027098286206952 0.05166539990840037
35 0.012805327106677663 0.08834596456126251 0.08166020856570237 0.04197836145340092 0.007524020953358761 0.1017314566719687 0.08726998904591246 0.020429678608100032 0.05382433622565117 0.013807935248447777 0.0798403931113836 0.06352990421371865 0.09864617867689073 0.04410268320598965 0.008520085229048461 0.0044049317036435566 0.03761220292449302 0.050719041450305515 0.0654166657062824 0.03783063533776198
36 0.0035524489842586496 0.004497120841898072 0.0457806891337918 0.1002107107439008 0.05169822404525088 0.040885577049795195 0.04871177626469921 0.06232663489231197 0.009898895848186484 0.0632897825555923 0.03965714031373904 0.07572197352761074 0.011114862104218744 0.02921896317085576 0.04589404541979898 0.0940305011053724 0.10000379278086546 0.07142622508976833 0.08956745071086887 0.012513185417216374
37 0.06955030831990082 0.07974696120562168 0.05302030559457317 0.05038456413264183 0.003040966800790649 0.0812193796247203 0.01493544363886842 0.014355037187241109 0.026448508909213613 0.008754087803102155 0.09305503431319816 0.09118228961206623 0.08731467517438009 0.09577015963187618 0.03167558560854761 0.039621708570700846 0.023066921412022226 0.01323472189586999 0.04295093383736107 0.08067240672730396
38 0.07820167168134577 0.021500920365841864 0.08554649933697708 0.03980261014917061 0.02851691993989337 0.019478946469706982 0.036959746848808796 0.05271007492847525 0.04844771285954991 0.08439967986523506 0.023612370305128545 0.08140788232075147 0.06449510631668794 0.08632059480571541 0.04956211629091476 0.026813996434124045 0.060937205386877025 0.005292552638366516 0.019334021948590463 0.08665937110783917
39 0.05367178449065206 0.09001483989443028 0.0614649082326292 0.07412718348568785 0.0506294630676722 0.04251573959841344 0.014883267326460281 0.033351387323394883 0.03127156865600486 0.0882831581842526 0.02341363414372293 0.05148526156710752 0.06401565804454687 0.0019102770401566893 0.0918193894281877 0.0640681679122555 0.05309025623793657 0.013218250954546392 0.010184740674511606 0.08658106373743034
40 0.06966740868326733 0.0611252610195709 0.07939623715832518 0.016690157278276652 0.06404692212587157 0.056061055767451004 0.037538988193097776 0.05876352733919722 0.10429797688186036 0.03824978685314139 0.04169698017519719 0.016542548492137415 0.013607577925910311 0.005699638407613798 0.055463385479587346 0.10158536250947638 0.06851960681282288 0.005931167197578719 0.08126022304400132 0.023856188655615115
41 0.09438478247058883 0.028905718722817886 0.039084816028424806 0.05481185227046739 0.07435777987516014 0.049566506594162424 0.0014284859178733712 0.052073149014934185 0.023677777104022572 0.08708901786724985 0.02129191965180934 0.010069620736914173 0.07583497569479965 0.016557040406188495 0.07972330745133463 0.09029386879270138 0.0230400258531739 0.025543633062095544 0.09022698392600188 0.06203873855927978
42 0.09316278710272198 0.06438083095056353 0.005529268840004139 0.04259870213604033 0.03115688291749291 0.10218585640196644 0.007423776496664503 0.1045293145667199 0.005701468680273223 0.035313770001690566 0.06272024478322395 0.04603847617004523 0.008065814529968204 0.00843994285981786 0.056470490938067754 0.08657659845681802 0.07344148273592994 0.02228370774415961 0.037221949131234715 0.10675863455659719
43 0.08980302369754985 0.039926832893551235 0.013943086936888081 0.03898537125101474 0.07499084229760619 0.01058203771149926 0.09338760489989406 0.051000588311327505 0.06760456221070231 0.05078173745004832 0.06826294128611261 0.06302196235619954 0.006797821994431546 0.03606888085847532 0.0064825509230857226 0.016364398065746622 0.08074750022386228 0.09514202647965932 0.05490297352414422 0.04120325662820143
44 0.04062560616014614 0.052658200420110435 0.050018005988937464 0.005956199444335468 0.054390484057957614 0.015838791087726237 0.055736034601196444 0.04457454970484637 0.03182489675951124 0.05969947067294051 0.006575333964195034 0.03400075698549547 0.061595345056771486 0.05694888470314584 0.0733641421930235 0.0688189762564904 0.09121469131720528 0.07411321121571257 0.0790590704671981 0.042987348943054324
45 0.006874028207375518 0.07032089936597806 0.026666170895786427 0.08123454798181234 0.09002681983265205 0.031100937037861993 0.009038108538031595 0.05347609271243765 0.061369246495028215 0.09165656831612354 0.009124892166497565 0.05216832340974851 0.06208280266788835 0.013952953585666075 0.058878125084047314 0.02339884392959675 0.0625142539755405 0.023275564177945407 0.08014540325410408 0.0926954183658782
46 0.03385045191357124 0.01298322455571067 0.03226430380348959 0.03825213082891201 0.0005131453892752852 0.0965341334440469 0.04686695002282454 0.004181235834100696 0.03380550195569288 0.08617347444201794 0.09436321261055909 0.03639812629835523 0.0326869999242318 0.09403031912017648 0.033248259576900224 0.024880646855103897 0.09220401019611225 0.09861027095187833 0.044126598027409966 0.06402700424963112
47 0.04828081437097688 0.053607497280970126 0.03193470675981682 0.007930633037686699 0.052791586370945616 0.08029530092255638 0.024598633746760853 0.06285577101692637 0.06538593733131068 0.08464862949258657 0.034502887008758976 0.05403252965304932 0.02270663670476271 0.06912135538219771 0.04223325189446171 0.06450506341885608 0.08274521999183458 0.01926737749228145 0.04418088884494245 0.05437527927831794
48 0.013948921273301726 0.04251118150788232 0.08551102521737769 0.03541838760856028 0.1002063795360703 0.00794490234758888 0.09189328074778869 0.060619344384228294 0.04016278970011034 0.07238301380695139 0.09352740054818368 0.0052426508168763215 0.07612784732435963 0.0006069041090765239 0.0010221596193283635 0.03028306253612893 0.02180493833217754 0.10270483537488292 0.10116816787682911 0.016912807332296984
49 0.07669007482751233 0.10383539416250558 0.04514853142232502 0.06465929579855145 0.024216990797698543 0.07573715702766677 0.035260361434111334 0.046119848369073554 0.05598298542034869 0.011072968070213154 0.029831283593448464 0.12318796459674677 0.00992114525009454 0.011596727495406748 0.0364027716833994 0.05037031419186531 0.04809848888964925 0.04728906836010891 0.0561319097141085 0.048446718895165795
50 0.006889032171053338 0.05203627489382726 0.011880469847900206 0.10305943420168823 0.06941257001690149 0.05956114970137941 0.03777680087085774 0.022460835139331767 0.025217919084971705 0.06807647517065728 0.0503248507615333 0.11074617644735718 0.08092869177821418 0.03360775273366882 0.05083422476598772 0.017925848180321197 0.04992196199306735 0.02520309142905607 0.1031440968289253 0.020992343983300642
51 0.043620926352452 0.013580637780497576 0.11199504122519982 0.06619805965330046 0.02482605696633326 0.07134671418188418 0.051009509298923124 0.02004986146216764 0.06116391641092548 0.05791223236001498 0.04793939808745478 0.05424414236087368 0.06888097617934982 0.009934620316619194 0.0504261590845054 0.0699433129141989 0.05691762601273419 0.0190327577281729 0.008517797383732845 0.09246025424066
52 0.10629574323531356 0.025952663445279432 0.02429077386787546 0.02868856502238601 0.11046685408154576 0.0668164716882902 0.020406961737156046 0.013531333213300505 0.10892028591581344 0.05351256187356098 0.037185516902832574 0.0903708968240829 0.02848988101290065 0.03320290128162883 0.0750595057150791 0.09212848049542649 0.04086824693874774 0.01320427014218547 0.026579653160933685 0.004028433445661126
53 0.06282477595269645 0.030221697039378697 0.011982226853536044 0.07054636336473882 0.05651628689432626 0.07564034022591333 0.09040238199212289 0.0993385460812043 0.09981430579253948 0.06945157116032112 0.04200048335257957 0.05861643981771716 0.029825824504287547 0.024114370602321175 0.034467149251065886 2.290040181614069e-05 0.05583358182922198 0.05777141159543683 0.025985361592193258 0.0046239816965830596
54 0.09313402377136144 0.03775123305719578 0.07583748112568255 0.08410165739738992 0.09230828947890785 0.050996677597646624 0.061376166956031195 0.0919927618125179 0.010720894877901684 0.0636935294822874 0.005318379246228486 0.028491467808478353 0.006591516611034668 0.036108497841249046 0.011642423877248223 0.09124514325031145 0.05902764515337687 0.02161879318784454 0.0637088948819121 0.014334522585394078
55 0.03958956482997943 0.047036591074890735 0.032531362733791924 0.013458218053856963 0.050982320971509294 0.004761002630980031 0.0266873768856444 0.08155100556147821 0.08981174074634284 0.06193546371570253 0.08691804032589451 0.039150837683685526 0.03740372602760768 0.08623701247616339 0.07243521928384178 0.039943513162351875 0.01606087095469625 0.049887498209342636 0.09020468604393211 0.03341394862830787
56 0.07006904042683358 0.02251773404316958 0.04676898060873645 0.02567964449282767 0.0736797539046019 0.08144326266353327 0.055197306233604214 0.05654602339409339 0.054433223939460526 0.04803957935826506 0.06772565671272453 0.034003460985442914 0.016416459054214343 0.07395627716247218 0.06507546044306324 0.009250762578480221 0.055614053067923774 0.05299938011037261 0.034526023162216125 0.05605791765796417
57 0.048129475944152116 0.07069080896057278 0.024091674117195115 0.057749420986409394 0.02743772217722799 0.08197240136035663 0.002539552426263063 0.0073758672753113964 0.0033246106095949123 0.09455141999352477 0.06795088155761943 0.059667443046193924 0.06907242978762401 0.01680159162253865 0.024481958786271844 0.0825957904923016 0.03571090238877235 0.043172676228409174 0.08871915052251071 0.09396422171715002
58 0.0574756227056832 0.07027817255606857 0.04870930946239248 0.0689647666632281 0.0708616103679925 0.0724453672150315 0.032620935195002775 0.0386533371301651 0.037695421318122216 0.08093576143223698 0.03432017957693403 0.06583839127323413 0.02377811141356718 0.022158281839842225 0.013462145776210426 0.07850383995347653 0.03317422875158594 0.04351810477281505 0.05345215188545894 0.05315426071095241
59 0.081064390137318 0.0751553173796634 0.019075873920197824 0.04974317814786724 0.024574073338817753 0.025957690828368414 0.026795883793453563 0.008777879166109932 0.06835666886113775 0.02826841996351324 0.09630600316611644 0.06437526935967602 0.08263781953284384 0.0605387516996993 0.002123858721396701 0.11654620541987948 0.08993095997342468 0.03590945178283634 0.03747324319321253 0.0063890616144673795
60 0.011823607963155697 0.01154595433851419 0.05208984553511239 0.02340532847445324 0.017417960725846594 0.054314463553909315 0.08716363463305761 0.04338593816326678 0.05930129653259192 0.06506964397422386 0.01136445706676077 0.06067526310870497 0.023542802306405958 0.08676264865813171 0.05055759620828875 0.052860212008534205 0.0833474018880436 0.0878307271514179 0.06525688507591884 0.05228433263366178
61 0.06266362593106685 0.08212487790866438 0.027442612873773316 0.011048251597452173 0.057518903613907386 0.060094269180227866 0.005016109796230267 0.07042153377767019 0.039142057450361784 0.07674237753005139 0.04756534157231931 0.016798657949821567 0.037484119305126316 0.09006163868735649 0.034029219289905745 0.08826123955842115 0.04945940278679484 0.03161760997723132 0.08626106613275145 0.02624708508086651
62 0.0851042028004083 0.025963573804429742 0.0461048990658 0.10001908797155647 0.03629798004375572 0.055772905472810615 0.047864035314348095 0.005115875802721056 0.04810596035384965 0.009202449976437408 0.0683643313649889 0.01554868168574094 0.02878823183071277 0.070675636641686 0.099757236213306 0.029840649720790105 0.0613709234186635 0.06632226050964365 0.026201089454266527 0.07357998855408476
63 0.06035961358883324 0.06323643912415988 0.008378095656046573 0.08659238363108372 0.10625925043223373 0.031749652230801624 0.022416417617776845 0.07052711955392395 0.078846918832134 0.029135969871914597 0.005320406224186101 0.012686996592084866 0.10017234805839494 0.05992557837139876 0.10157636669537459 0.031901299639868236 0.007516362410034673 0.033908832416212745 0.07163501647174168 0.01785493258179526
64 0.014310939904907479 0.06611167217832968 0.06932368465623343 0.02261641338677767 0.049744060721189816 0.07333705845752819 0.07143403293478481 0.08214071728890249 0.05756162230535485 0.04963904255289362 0.07936294310054921 0.005492693124504054 0.054638129260875676 0.06142072758788563 0.0030758099946472336 0.048724573545816406 0.07907049575222712 0.030803381746282735 0.07066772724071978 0.010524274259590273
65 0.005710093219209891 0.03904249079068206 0.000658295731038324 0.10397164871255922 0.03846795486380977 0.01774021546363136 0.06824718767431581 0.04383206060696757 0.07929844821658723 0.06821549038819491 0.06145742517023895 0.055554463116434784 0.007669598718173579 0.0764545103372075 0.04644351230850563 0.10625311355092772 0.10021991263336694 0.017150736571552073 0.022407611045022497 0.041205230881574274
66 0.05882863049598238 0.07669877345570922 0.011086648474830336 0.0666948060418708 0.03754335123232731 0.04911252539664138 0.0715699739298173 0.053153408011911436 0.07273925206672548 0.04730051527823873 0.0006521475864389019 0.0975483639101807 0.02493774387264691 0.08479431340238407 0.014843627140311124 0.015646422197751315 0.06813696840141091 0.06147722233526038 0.03784889841851026 0.049386408351051285
67 0.06832547027157902 0.06420725744805489 0.09051155498312337 0.07137200375807984 0.08197335513778067 0.0781965682449187 0.03471554925210771 0.07600584918330676 0.007627366196188825 0.012868222354601314 0.05801928382195542 0.007204368415132908 0.04962314419397113 0.01793994762133772 0.08440164466780632 0.04403110121413724 0.10911632069489241 0.02749696234616419 0.01020772467474682 0.006156305520114714
68 0.011232398164017795 0.024402571914429322 0.06516088968949413 0.08384776678851526 0.08849016871322893 0.03719963926059985 0.03560167638978581 0.07972037286145212 0.07296127301784554 0.0062907176130616825 0.058460421104505306 0.08336757342694917 0.028139244771500406 0.059925657513852364 0.013186964875340573 0.019125467951801284 0.048329597702367416 0.06079964737752327 0.06824065749692142 0.05551729336680823
69 0.06738466910760779 0.08284596836350139 0.017499768663139913 0.02825087345276902 0.005124104404986446 0.060989670676438595 0.04968111581791002 0.026871049128949328 0.0025319993642823678 0.05702412494550518 0.08609704784512877 0.038034751754052944 0.0740554047079049 0.026700345717559956 0.04509204747905795 0.059434065550914184 0.05964064558658733 0.07326081661239604 0.0624555887814576 0.07702594203985011
70 0.03822581263320399 0.09517505617796898 0.0273031183441723 0.01727565698234953 0.06457356678635995 0.03252137695173852 0.0803008302549329 0.04106775392288896 0.09837938708311647 0.043656309384632046 0.001399757694029454 0.06169014581360701 0.06416397225453771 0.1007309885961311 0.015998333218149297 0.01742014267875743 0.02211508428051519 0.03668358322403618 0.09055343225344055 0.05076569146543255
71 0.04967220760318205 0.019355779707672233 0.08900007205253752 0.020092433330892768 0.023389647734605248 0.06211807927684344 0.06266996533552509 0.029450792900036504 0.06504726773716361 0.02259724837043278 0.08643706669394353 0.05793228866610667 0.07088076663335674 0.07085394282803917 0.07127783345171952 0.054594894626364326 0.05822728218023073 0.048660416509105124 0.00783793288568741 0.02990408147655522
72 0.06967297326646513 0.03998025904370945 0.01795403922088827 0.07695092544089384 0.08780210429192886 0.05486601316142264 0.058412000656769957 0.09090067023194975 0.03662476534879514 0.08778525191654106 0.07739932922575539 0.0022731864122251533 0.06431972006136912 0.03956434261726146 0.033039726779072236 0.013441432309835749 0.012261014469077104 0.009362306057895927 0.07166032193877626 0.055729617549367574
73 0.011084876638236407 0.016368183608042024 0.03239609592122169 0.004735341671635394 0.049017927987828405 0.04254709247127082 0.0018203906178505932 0.08143643236023673 0.08627277598281043 0.046673572217861496 0.049933931989199404 0.08524262639647029 0.08154367752681706 0.08573488856467648 0.06519541186501074 0.05570787093957229 0.020001580029893207 0.0819015102364082 0.018396330844321053 0.08398948213063735
74 0.033924969650526944 0.05171043959123743 0.07766090065440913 0.07449626191542788 0.03298617023053984 0.055950138755523154 0.07443386392699165 0.06377731175674442 0.04751083922025755 0.06050612567405733 0.06436625669323086 0.059753290321697516 0.01526585171328321 0.06035332348235679 0.02187494811198982 0.015561905406022569 0.08119255910658564 0.018490884189648556 0.047891873465039266 0.04229208613443031
75 0.07429669012359043 0.03469406052834323 0.03674105517823479 0.07985378430324004 0.018392266723393932 0.05982005888690959 0.07677782456146333 0.06639452311188783 0.034564029975765576 0.0123645442294748 0.022800395635701434 0.03412560776241645 0.08589278680891943 0.006280645247366422 0.08032440111401483 0.02637791532310308 0.020439989331204472 0.05412639003825065 0.09095105668079273 0.08478197443592701
76 0.004688725034636137 0.04400858720629939 0.05075812438404985 0.006053441265620524 0.010184176810986618 0.1018421276567479 0.003224527692231079 0.013149981305142496 0.07727699068109141 0.08466577788801743 0.010271936836319514 0.048020914909883666 0.012406715583199453 0.07690556977614577 0.09218361949206538 0.08538054950093331 0.05273118877452631 0.027837742943451146 0.10688158339111638 0.09152771886753631
77 0.06154117307408219 0.04353962095066192 0.07409327081154117 0.03170089774965018 0.07090278995727962 0.05156834883864534 0.06212083247035274 0.0296144881282757 0.07536897332179088 0.012795474389710954 0.0263626590154958 0.04047937744838601 0.0702476577803216 0.0014834101353036796 0.05744219644982533 0.0785124511430573 0.0581078536759283 0.0752705071039106 0.05707821238144087 0.021769805174339907
78 0.05005625614630323 0.010725825350100035 0.04510214945748505 0.09208983874270453 0.07128565569938813 0.09779697697746785 0.03985099201981335 0.06313759287697303 0.015335182186413129 0.030432394847544262 0.045586324394223006 0.08854262768404604 0.041474333777667856 0.022778533884486637 0.012328585862180847 0.06522069688944794 0.02669248696420738 0.04362177914720292 0.0766697040212908 0.061272063071053956
79 0.05731426220423244 0.06429084057959873 0.05234401951058795 0.029636669993397147 0.06004246071623053 0.004456179371048944 0.010839287258274958 0.042485119589343874 0.07927509325037281 0.0599065929263285 0.0733896043856161 0.07112304278130112 0.08025769028785219 0.07270900666469425 0.03261316292373011 0.030639806022779582 0.03976695728017252 0.05627277032723057 0.08082292330332147 0.0018145106238860772
80 0.04280726176517453 0.01906349278095263 0.06960747068138033 0.05909871739015954 0.0695889649610332 0.06839229779799402 0.0230983183526879 0.018335602506472558 0.018915892497436762 0.08655301999843715 0.05774967905636709 0.06754839260367015 0.006839599024788864 0.07548863732488677 0.07614626359080245 0.09207131916749892 0.01188127701454073 0.07113653706887761 0.026206103285768317 0.03947115313107023
81 0.07142332135111926 0.04889147495147023 0.0579945346467781 0.0349666593854775 0.054966720534594685 0.035589450553479896 0.01972617396916701 0.007868319530774555 0.03888941614764637 0.0008436635003766402 0.075942342937864 0.04775778406184625 0.07878258931079449 0.04602806726974441 0.07070766796135534 0.04981617831764942 0.07936664044815661 0.06715100322957496 0.08634476166308797 0.026943230229042433
82 0.07376599331347237 0.054248479999905286 0.021545771638057733 0.10779000651193035 0.050362926922471525 0.04890978611616443 0.0752946283761909 0.05509131263898353 0.08175254864219943 0.006744551946492813 0.021909294872631633 0.03308396284684984 0.005307444918466958 0.09989566140734905 0.009166157940931443 0.023464418240779033 0.07042596270979654 0.1162269324336641 0.03406288209404509 0.010951276429617957
83 0.063204803384171 0.041302670594855005 0.039939448321277084 0.01018217732021577 0.04271880596403391 0.0662271798706006 0.0017428274444742167 0.0221920334102264 0.0007124111439334444 0.09676322312110468 0.05013475692261907 0.06279821914009866 0.06586548554388853 0.09134590044786667 0.05337924380144065 0.03341233358388536 0.09596748711333578 0.006783556375603233 0.08845608253851107 0.06687135395785894
84 0.04286711303316972 0.029300889509468585 0.10449643200076704 0.00589205840010564 0.026747436807323357 0.02121688438959793 0.10027329040253163 0.03907808597568086 0.021297349032288842 0.08091465157825946 0.0344164961396079 0.06332911345088159 0.025988544629078784 0.09503296215574752 0.020697048036751816 0.04569028587736308 0.022326804136608137 0.0868266223136822 0.05478260768871314 0.07882532444237263
85 0.07306397879408968 0.04901382690469512 0.08115683257620245 0.024833624164692175 0.09120259504082086 0.07309029231154941 0.019147934084705644 0.006764740693206768 0.06220706657858916 0.02770139709837684 0.061024619481905025 0.028808233661039448 0.04897835747687799 0.024148874890946224 0.03186964326925451 0.056366392217187665 0.07077854181703377 0.08559068078321233 0.0022385248834515836 0.08201384327216334
86 0.019811960603220973 0.011149479684999596 0.011275930851135072 0.10243478168224834 0.08791159146487564 0.061172376094582225 0.036738288864798026 0.0011922408474336875 0.06844934395040436 0.04771387436985851 0.04367076673372378 0.048927972672301444 0.05249427319161784 0.008482928629822936 0.02450969695431366 0.04948837839397554 0.09384890811816632 0.07223222728860422 0.06962457147532906 0.08887040812858872
87 0.07866996212661233 0.12368391839901094 0.13081954927201342 0.03334343629044149 0.10192494953063326 0.0557497160183335 0.014418287928353415 0.02143271810937877 0.03786620612596059 0.020199851912756868 0.03415475871381662 0.03469716144936528 0.03388583674329486 0.11419371801050819 0.009601554439941686 0.0624360667272279 0.02575045290352776 0.029425528504613243 0.008653444191864779 0.02909288260234538
88 0.04462190203282416 0.08523206941035605 0.0661561952058017 0.007774193616505069 0.03908215548321715 0.09826007244679225 0.07714132966678319 0.06368014010412366 0.059388487674282064 0.09478898593952993 0.02289813104234156 0.004126813122339656 0.006658291158195181 0.07069933285280347 0.03884400698893767 0.09731083785058461 0.0007810307059352594 0.03460925693816779 0.05981218506474374 0.028134582695735662
89 0.021367903672644316 0.019545632650303787 0.03888983913546089 0.05757062976137785 0.034997460758722995 0.08168689075071793 0.10549967283708228 0.0495303022981062 0.04325896432684972 0.08201381920207433 0.08711651325719337 0.06320718211547267 0.029676669660265387 0.06546086405402887 0.018770577629676415 0.05771617596585179 0.08235382708250241 0.01952160315515982 0.01155918479606811 0.030256286890440926
90 0.10465455980576045 0.07683431749590511 0.0831869489430714 0.02978282413979784 0.09561060147517411 0.026479189699313746 0.023756780414250986 0.1095513338930996 0.014180596328570657 0.07017555151927775 0.05590163115062182 0.030153304921112647 0.06497056167243345 0.002785692419976307 0.010313409958922578 0.005770480175986614 0.05273559961779962 0.07300053716022734 0.038688099738097774 0.031467979470600156
91 0.060870818762968605 0.029625007167281323 0.041763708087621865 0.025011490800112064 0.0379200168875958 0.052003514779313656 0.09177949862142742 0.028549883601537873 0.07531757699905643 0.04591191585392911 0.01034008604937576 0.026604508572225627 0.09827655393543551 0.055089850902665494 0.07517588530237518 0.026866077215624576 0.11420961121914903 0.018412285472633606 0.010600970062792384 0.07567073970687883
92 0.025541010639381714 0.009148876686872516 0.06493487366453159 0.0784505921979704 0.01756385274568176 0.00426296448347326 0.05689112037858006 0.0907620639573337 0.0779322719377563 0.03232270798140753 0.052086278320304186 0.026394127769933228 0.023076043562791245 0.09100204972665037 0.07971710276664831 0.060970029638747404 0.05911183514785153 0.017196958164331817 0.06855549094812005 0.06407974928163308
93 0.03264933161990585 0.05901615082910748 0.07024938552524368 0.05071612347007201 0.08461894933564942 0.07739720669865632 0.08008273319107319 0.07264605123013776 0.033882321003803964 0.051288565066243505 0.01969267083890221 0.008318392770850898 0.08926945218223757 0.03169347496348066 0.017132722348857484 0.04112307109564015 0.051787224213417506 0.020890629051190452 0.06397229169715879 0.043573252868371104
94 0.1006835892377929 0.002588265192254902 0.01338999734336514 0.0500949806215737 0.03217397985338995 0.013422303710988532 0.08713242106524266 0.09992156758041278 0.07488263761626533 0.0244179077685978 0.03100708647555687 0.060128395073045036 0.07927179480148996 0.013335538825377649 0.049283875483822806 0.010794177570324241 0.10191126202990498 0.07988529746450021 0.008177870724490608 0.06749705156160396
95 0.08967415888043395 0.0041217166011389686 0.06738291898447811 0.07475959246705162 0.010397894598378326 0.0034782802581829805 0.06027704569896186 0.08700361868361972 0.04517028367306541 0.040479127782444904 0.03615064550640745 0.00034956068928836316 0.07617772654029727 0.06766524427415288 0.07503027762205429 0.06191044829083834 0.0714097634603323 0.05443664154981268 0.017874611622334433 0.056250442816726316
96 0.04710341321051924 0.045851195870675626 0.04497709255126854 0.09804910820670056 0.10665998177522837 0.011723992281035968 0.09530111949308857 0.053280630848942606 0.05078346893965022 0.06682756669930318 0.02332797624582996 0.03175042822311432 0.051196122015798595 0.0799730071058002 0.08882314831364692 0.04900216120014338 0.008466937758392263 0.03795448889766472 0.00635402944937437 0.0025941309138222688
