0 0.006484806187668333 0.0871007423008076 0.007294879218109519 0.09102267411459633 0.020255819654526025 0.016358957436575988 0.05033978083722195 0.08489492856165837 0.042921709894003075 0.0790473810783371 0.024216128536914006 0.07811101332662439 0.01651266454684434 0.047697776797017755 0.08077405466154808 0.09652998708142775 0.024182741408965935 0.0509331040331439 0.04397858314681628 0.05134226717719325
1 0.0760418867899519 0.0033904238513591477 0.07819351527089893 0.08894791111510332 0.07677929471509276 0.03437086861918837 0.07694770574892966 0.034367378134690284 0.06062355193241738 0.06401592774661102 0.027531971722243143 0.02166705856101459 0.08858804754159808 0.028632451387200667 0.06495951472533804 0.04602850102775358 0.05733756448322929 0.02000991515893201 0.04964511833896656 0.0019213931294814722
2 0.0380486773116535 0.03509117739792146 0.01375972246838467 0.0662338750454698 0.06049028847756071 0.10387087902340963 0.06944261334549695 0.00861237222224389 0.06900812481889913 0.05959115462597534 0.02438860064163682 0.07466625834593368 0.010841153225268707 0.103583585343274 0.03549546835868014 0.005528456679170937 0.09164675886870141 0.11358969887486235 0.0035205963966779864 0.012590538528779099
3 0.09018722106304443 0.014683461521314306 0.040396988764834954 0.015250806908552685 0.01929301961001829 0.01703752296900901 0.03638430555224547 0.08446983593802707 0.10917919537944254 0.02960109392082837 0.024579458315945525 0.10523135778923638 0.09916290294195818 0.045293231533548715 0.06164372429256022 0.017500600589396485 0.06117540661202804 0.003072439718956483 0.11003954110637264 0.015817885472680315
4 0.02851693718553813 0.017878449374594787 0.08683154205415611 0.09060765564975563 0.023204663176505692 0.045899561133359676 0.07241490110256303 0.01288311984710259 0.009335218028585281 0.005159717199014085 0.048798130361782356 0.03960422717264406 0.1007856397648226 0.09708634870016464 0.0008289562516151912 0.04590752477021875 0.07526364429442871 0.06105464660285103 0.08133872327545032 0.056600394054847104
5 0.07429354483500493 0.059115685017709356 0.10962536138959555 0.042640736311239096 0.0010294343018025644 0.09196903564552945 0.0017960118984174551 0.008067570311470982 0.06467907361644837 0.031175633658742624 0.0670435127302811 0.022695293091957534 0.07453783763019117 0.10796641973666847 0.05524918829395596 0.07358214305338716 0.02397797590755824 0.01986106430440503 0.044179599929320044 0.026514878336314805
6 0.03286906577158601 0.06597997515622492 0.04207425224018914 0.07524653062195483 0.004022479966075346 0.05338047893602008 0.07592085534271538 0.05638822596426833 0.06278804999275062 0.04851296016809887 0.07538112796646883 0.018412570738738022 0.06649387955054317 0.006265194877461877 0.06553560747263691 0.04340634704213861 0.033450362371467944 0.06654098236415026 0.03674033161283672 0.07059072184367411
7 0.04662410765085951 0.06554489964804273 0.00395418673520592 0.03810338125016857 0.10702123241203126 0.00890992190335019 0.0005872378895297251 0.09148082939277534 0.012835002409852254 0.08807387852749603 0.11228826684310016 0.030347779607423197 0.028014416771492925 0.005862624088775632 0.07320786934692901 0.06220166907639549 0.02712547164377812 0.11122034144996085 0.013486507569085622 0.0731103757837473
8 0.0785903889251539 0.09283561947939045 0.02094421673866035 0.023984782754491122 0.051078519854983656 0.05261285439342477 0.10866798321811393 0.07019846175468128 0.023766486612391006 0.06613559111017948 0.027706840033197348 0.06803435880074765 0.06631464000529476 0.03816615287274136 0.04600855309856484 0.00552921735778872 0.021106251077671726 0.04112449305365466 0.04665862108912823 0.05053596776974092
9 0.07312543028654044 0.0581113701346469 0.03435405670387682 0.0552567898150871 0.047315891583774985 0.07359634395246616 0.021142049615081024 0.03291583101125912 0.039424047090690015 0.04394495208490676 0.01054059908403738 0.07547753007247812 0.033485003535183744 0.02027618358350501 0.07049552366629061 0.05021807620390706 0.0844898370151775 0.04623377186059869 0.06248696510954482 0.06710974759094783
10 0.08602029384271603 0.06736607493116578 0.02431301502534817 0.0011038765148100361 0.01377685307391857 0.00984138990573673 0.01716617803918704 0.08204065029117553 0.0921722495158605 0.09356860111011815 0.030668015599237045 0.009321103135879302 0.02525014888270462 0.053676905765953555 0.06597627583084435 0.0011103713569901145 0.09765671476679026 0.08432905338187224 0.07784717819676815 0.06679505083292366
11 0.07930215499661179 0.046348503585146444 0.02751239664762685 0.033230658816210755 0.0016824957094342102 0.090868678238689 0.05354813279816264 0.033166413263827244 0.04439791040668338 0.014412007860589264 0.08650554162875058 0.016452961274603474 0.08272180530233313 0.07163847894283945 0.04595108026898494 0.06269080955632703 0.07799575841835552 0.016107819606133927 0.07513354155876242 0.04033285111992809
12 0.008770733366371885 0.0390843903794241 0.08495951125465602 0.003114418516270465 0.09282904135122903 0.06588639311280557 0.08676689187677897 0.015270206537708744 0.008809368432391702 0.05897483948125677 0.09423570922382518 0.03659768972338518 0.06246866657619942 0.040517316620417555 0.04610534636808769 0.034895577001851794 0.0788902561065861 0.035545708396187606 0.03198063111290216 0.0742973045616639
13 0.03295812590191046 0.04989180213581661 0.06796041225280146 0.07411410147547032 0.08420343519396667 0.0786370343916395 0.07434668883675662 0.05721644004965763 0.041216324199345046 0.0846313735201352 0.014198173529564184 0.03535867240980812 0.04907084369464759 0.018894752208135617 0.0320185497374375 0.05760402458331271 0.050896498647428665 0.00029491856371163696 0.0610984821456419 0.035389346522812774
14 0.019094096691249868 0.00899817019620749 0.005724459733029744 0.09332603531260804 0.11225259270302498 0.05199615205661922 0.06976337079775086 0.006504037955571878 0.01460014151406228 0.030544209381065158 0.07792057195760345 0.00754328521001688 0.08097836609710674 0.03857557885859527 0.1035225014816881 0.03134524759890452 0.0645025149571578 0.02622179800109417 0.07982516024267453 0.07676170925396898
15 0.011804480615171826 0.10609156484884916 0.08306114149712682 0.02058012270306684 0.012636509373681475 0.10261702319512658 0.0007278636823595636 0.015483972688091305 0.009698916254200003 0.0999804931201907 0.10425876517983769 0.08925124682651882 0.10104523043414505 0.08399131886557387 0.0002504142858723616 0.01975140771516701 0.08210105762047885 0.0016639856176110571 0.035961107002867844 0.01904337847406325
16 0.02904522397458125 0.04407890053716334 0.06137454881266531 0.05281187084540745 0.03810917831244152 0.07182277645602013 0.010562109419644274 0.05733196119882396 0.08853146862960325 0.06666311411386806 0.07636424766642912 0.04950508963454043 0.06668860695794604 0.026520863668266368 0.014618079562738662 0.01659865185790261 0.06529276082971361 0.03180186553649836 0.06290696291354271 0.06937171907220362
17 0.06529653054840587 0.08190594126727715 0.06696138093212513 0.052921221599171474 0.00012824013780595188 0.04934623897048918 0.0017995126811616003 0.03990975668567084 0.05740479213677714 0.07027670480724575 0.003169736341076962 0.08267007584291775 0.0545230521985146 0.05500684337086524 0.07990547865840772 0.033056445246862236 0.07925753522304262 0.0757533223276579 0.03786135660340458 0.01284583442112046
18 0.0019057913772950372 0.03168942616203626 0.0005228568223020114 0.0923058797821574 0.09048728410668035 0.08313957294512576 0.043766963580606465 0.08416968465238671 0.02635766168536207 0.09577691294870262 0.022597628596411293 0.031053495113938314 0.03895677217106246 0.03816651603935298 0.06043977023052953 0.06784948780419274 0.019109216777730382 0.053027400212600065 0.07253858289835842 0.04613909609316927
19 0.06900169361333114 0.053094992375945116 0.043351651240110915 0.08167700678489381 0.01133579430184371 0.042851714763269294 0.06876999836883563 0.004377053862598505 0.029601130788275042 0.04903800889330032 0.03038608646098106 0.08162427996713635 0.09276122019301934 0.0026008050283719943 0.0952276512173064 0.039082498931360704 0.0676881245942364 0.09792051392669032 0.017592623738367372 0.02201715095012639
20 0.03245389718602461 0.04478353588997661 0.044871098910414575 0.0518742067501635 0.031561251295345434 0.09501862986105082 0.04179492974251684 0.01807646534775513 0.07783965191604614 0.09312775602848095 0.03615724317158656 0.07743065457209139 0.06680064818056596 0.0431553805721975 0.04257167421704212 0.007014924065006729 0.07904089194863115 0.04476422490012582 0.023640429286419986 0.048022506158558353
21 0.06995760205142773 0.06872848002299557 0.06731548562044176 0.07853447810754557 0.027336028693559347 0.04150594409382057 0.06040141151400879 0.016949518330642337 0.07609452866557913 0.07486777888659411 0.03864507088464905 0.04287661206050793 0.04062666600937909 0.05910372131681155 0.03562437599199755 0.011729850730176095 0.03773373870376807 0.057435483906730284 0.03249761265396654 0.06203561175539873
22 0.0676465363897788 0.08370768695524938 0.04993170309310274 0.08108324557817165 0.07539339541891456 0.06915551097392504 0.03219941044103568 0.07322033581219044 0.03571885351287432 0.031166382520327773 0.07306576031056783 0.02704534567955058 0.03580660335796008 0.031188408861007398 0.017321211469698797 0.06868582966127704 0.030755562195457723 0.07714102346412222 0.0073645263778868405 0.032402667926900885
23 0.08109932895001129 0.0029028802003016672 0.05476326376409032 0.003543899801491171 0.06492898776379757 0.07089667706686953 0.0491442784328897 0.0712091125275678 0.030827989815523878 0.0697063201694074 0.06022993829412835 0.011087150982655246 0.05609578615354548 0.058502943457096376 0.0738624676468355 0.0022301539586137664 0.08061483308345141 0.03338667853854142 0.05678906351847435 0.06817824587470794
24 0.002067311367383555 0.10854493376539659 0.10623954227228467 0.02927568325267085 0.019087778704298126 0.09222631562676625 0.029564045988122647 0.002125580706860948 0.006764130370645061 0.09894991758679376 0.007589298534158801 0.01373048543452777 0.0658645987064891 0.06859223689412813 0.04440179705337746 0.044942398369639106 0.06727814315565878 0.06519510350316007 0.02076028733253261 0.10680041137510568
25 0.005693010826398209 0.052043715090943514 0.09399905695139692 0.01944861291538508 0.015355360986485603 0.0516949885498877 0.07569067591009318 0.02076087391815872 0.07646161036718414 0.05134654341617403 0.07350004915052846 0.08760058989193446 0.05464925204111862 0.022804948196383443 0.05117979009972473 0.09621317054190802 0.006523097627581863 0.07796908957108811 0.05716942885392092 0.009896135093704333
26 0.022775180947367843 0.02563405668876406 0.06622537733843785 0.02690517436367882 0.029834633058549685 0.07621459690034754 0.028353676334001005 0.03844918378506888 0.08862052830149701 0.010542773281222632 0.0504897325101549 0.08333218537526658 0.09851610848853365 0.005260162920776885 0.04809027201964212 0.06193819060554797 0.07676992888495196 0.013474655211126894 0.08205375488815829 0.06651982809690546
27 0.049253989256159036 0.05978833609068294 0.06590757444613828 0.005957233203503143 0.08540886755465926 0.0449264498046446 0.0888707899862015 0.04562592593341083 0.020068197314109245 0.04363145677250713 0.024985203123159792 0.022681429936669256 0.08272103576362642 0.023008476146702754 0.10141717879316087 0.0645389769063508 0.0137612423308432 0.01657707836183769 0.05109161947807578 0.08977893879755734
28 0.08155179534871136 0.0800783623330137 0.06412436641302405 0.034335679132632566 0.037258895978802914 0.06893373608559807 0.0021850231068600142 0.07979025115643698 0.06395641861056722 0.05403258538192519 0.00021511503205505755 0.07592635054609302 0.0173019665142542 0.018163104878913382 0.04986637799577942 0.026216617459274606 0.06706957829953525 0.041448124963554545 0.05783467466987823 0.07971097609309023
29 0.10769288912514395 0.07116843126923494 0.007626473775550779 0.02006757308321008 0.03370666905364059 0.04554948427812688 0.10920821085258238 0.09843484427316192 0.02495436806349988 0.0236420714013765 0.006231133777127069 0.05853848368322585 0.0011833232336177682 0.043884181330832696 0.01928450245336053 0.11513677096913331 0.010647891469818326 0.05318015759770795 0.03543361942899866 0.11442892088065022
30 0.06866464691266 0.013525829972807003 0.03235601891229006 0.085510335369451 0.12799603886758593 0.06685338911744734 0.07684743816476348 0.004939921529867612 0.048542735951009795 0.03441505000246878 0.007657692236842914 0.017181141776957707 0.007783073766039658 0.03791317454396784 0.12874648263362432 0.009313594125583873 0.03071283579357148 0.009730545592240588 0.1272375178841849 0.06407253684663552
31 0.07791483514304377 0.09231820982966382 0.08666435734216656 0.09349292730125242 0.09365552472582149 0.0041464673382592444 0.07784244688807736 0.01207408070436926 0.040040645829994254 0.05926058026788745 0.016756656268099007 0.035358122512967986 0.060009243100091314 0.027504442866380503 0.010462594914170424 0.07757455829347058 0.028390495667563992 0.010752271803722065 0.03751736642093636 0.05826417278206212
32 0.0034786252115309338 0.03535277295119681 0.017320987455525745 0.06938293888821835 0.007123908240002037 0.021371710794165704 0.08890713572538803 0.0841850004933725 0.0004145835563889478 0.019227318608231857 0.035769558889217005 0.07482119879748718 0.07712138876726271 0.0839299200707173 0.07257926864793068 0.09484953729315077 0.026554136986888657 0.05599902792698869 0.07254634105960615 0.05906463963673001
33 0.006003696106960515 0.026735272482394035 0.08228283208766614 0.07267406342810216 0.04516573018792979 0.07271920454469459 0.044477954655621925 0.06647839982129515 0.04431089580893904 0.03347978376286383 0.04585370457900017 0.02143632332104982 0.01567259858421752 0.052642020068498815 0.06605491337026213 0.048022076153141816 0.08418228878848782 0.06264776821300314 0.03780819604035214 0.0713522779955193
34 0.042830279600362266 0.013008978642869394 0.09549936132037644 0.03788623806030914 0.04494250214628614 0.011384418174160775 0.04589205598828381 0.08491108811545076 0.04575812860773882 0.021374134343433795 0.09960145226220976 0.0627848876916166 0.05211680445177843 0.029847213739166722 0.035354404203259936 0.012897904388835833 0.08331818169183822 0.06552694319103412 0.1004822027511435 0.014582820629845582
35 0.011081609296420821 0.040000172816747843 0.08991720877059664 0.05138699942981119 0.0812176466658644 0.03512219891916363 0.06014733779139216 0.04405258316306321 0.019023874696674953 0.03952975839920114 0.03691123176522369 0.06489787808107725 0.08946116303435567 0.09808181249007569 0.03983232166316833 0.08052861405867205 0.0018728316023163942 0.04152720248560168 0.04399468193640635 0.03141287293416705
36 0.03811192789818257 0.07666022079204342 0.03549945209125923 0.03621513831054819 0.0659213010317331 0.05835832293159321 0.07641984551549208 0.03688501800387487 0.0069110937686778975 0.03952092305509242 0.010878117622864074 0.02994989087210169 0.04484454670477775 0.03500164275632292 0.06168237496719973 0.07807824429675468 0.07652381807936696 0.07115318488324256 0.08710162664754942 0.03428330977132313
37 0.033599231587454745 0.060681203358488665 0.0598530302882234 0.043345900690075455 0.0003418259646526708 0.05770107479200856 0.08770978060700504 0.07495968405501058 0.04970717886740355 0.0064835610072288274 0.07978804490739755 0.04436552605216287 0.055568053732949256 0.006822235777941181 0.07357770427033629 0.050981107020808956 0.04150506284226706 0.018020047134761522 0.06423867505996357 0.09075107198386054
38 0.06969043097090669 0.08583695624179252 0.01784383207369416 0.0313919562510288 0.038759950024631624 0.009587279495552463 0.03641371975325689 0.028206486871483607 0.033236958859183194 0.05707282777329621 0.09400321742806322 0.0050210715469304525 0.03877910415014384 0.07956801355241154 0.013849354161387361 0.10757381217575951 0.024801948682201137 0.024308610093855057 0.10784454766295372 0.0962099222314682
39 0.05766653966933278 0.040442385258595864 0.0581638086625418 0.0344863792063461 0.061879263053031555 0.06361990375612182 0.003778719177425883 0.04983170110379266 0.027267821634122252 0.0646442725769856 0.07175010536587335 0.04670184173638375 0.020378971700817313 0.057322260160887456 0.06295071507362507 0.07243266720679775 0.07079984851540237 0.043548995158061425 0.026258246323068585 0.0660755546607866
40 0.07235001603113976 0.029942831049603186 0.02617951803335133 0.014641703623447317 0.013133259528892443 0.07161099479780464 0.044438288019797566 0.025431301964263325 0.03463816850858011 0.08589128101642142 0.049412794827582034 0.062016778296450435 0.01209761245725084 0.03562033997300325 0.08407279051033825 0.09133124670027282 0.06562012377643957 0.05508805946897078 0.06174499264577539 0.0647378987706156
41 0.03234524646455503 0.07269596012663519 0.09455277546380994 0.0007060024823568903 0.08340951489210828 0.006502130867876425 0.0493002395311034 0.042971150892627215 0.08515349283839314 0.09847287385555828 0.0657403404647838 0.009914637791127242 0.01514810677869154 0.019731412025937062 0.03323493729929088 0.05937461297602907 0.04529205100307964 0.06741703805082536 0.041726736037005836 0.07631074015820578
42 0.022525274523512172 0.08588231874520005 0.09461799129374064 0.04523972326180069 0.090730696712709 0.015575061598343947 0.004169265529754689 0.05210558907714586 0.08778951476249856 0.03082579010598428 0.062100599549442206 0.046331143534660967 0.010517610219816438 0.06720157991832333 0.0009103925547753719 0.05375413455318175 0.08371192201838343 0.07951029314650307 0.058220345207997716 0.008280753686225852
43 0.08292452213773067 0.07862248838435393 0.023642609091789668 0.052090726890950415 0.0856721783159309 0.09305539017346177 0.013369414157858906 0.034024477463494136 0.0015587087605811888 0.07783258244893908 0.05746939329425568 0.04188684136011553 0.07627843704001556 0.008970328621520217 0.03568927502260433 0.03717176465486447 0.030019089887559504 0.05261522410056636 0.1096065636470319 0.007499984546375588
44 0.024149899098910996 0.07311344292279243 0.05642216919003164 0.07205935028116879 0.015432063669895375 0.024638494264384046 0.10068470544223242 0.012482324015430857 0.10570589969075492 0.053993563890901125 0.07559783536362971 0.0046861259744622645 0.06750087364140117 0.04897053478148791 0.0408806303417923 0.018645973426866864 0.0032919741645383092 0.07388671023659359 0.06968196096207976 0.05817546864064537
45 0.07101062330510699 0.05692003107555331 0.05393429243477813 0.07291729647567627 0.01836751166699724 0.014886931768313143 0.0014133950556981245 0.06329712559280022 0.08172924353878551 0.021263796166707795 0.04954323686581249 0.0009989888521133696 0.08233637930787366 0.04457182674537258 0.05851152543739084 0.08092174861821153 0.013519442593338309 0.05754600662619407 0.06773053163026531 0.08858006624301103
46 0.056220984635538575 0.0978360743452272 0.03264677416991257 0.09040945663335656 0.06790923717779918 0.0477023758815082 0.06442335686664223 0.003714227322544048 0.04521385657764245 0.09104293350339569 0.006879172075728895 0.01288221802704522 0.06877608442976112 0.010227414966214234 0.011171297186127312 0.009956018424317929 0.09236734276869182 0.06264092782266885 0.09249790122777447 0.035482345958103755
47 0.009005037095711063 0.08357795836366277 0.029168529096278775 0.012886611088374916 0.056771167923380765 0.07795102297823553 0.061262950849204426 0.026362315681559587 0.021703014502660413 0.087577272529972 0.09776798482477204 0.059405306179375963 0.06452998482515536 0.04333450693497811 0.005025227921032492 0.08177782930062817 0.0989662966760467 0.04226886020044611 0.032648451324070966 0.008009671704453948
48 0.03808085168331779 0.10407766511629478 0.005654776333457351 0.0861936140912777 0.011039397718392907 0.09454659931254289 0.09748471067026176 0.05717336291187587 0.046386171814590205 0.005472764357598259 0.06601323197777172 0.009015315297455825 0.024762042794973186 0.012702867543655764 0.0152354136438984 0.010236063353647833 0.003200531637588583 0.1000563921239757 0.10673971094915638 0.10592851666826714
49 0.05724559113262946 0.050014021678067115 0.035824842563793244 0.07452482594440103 0.0971883016944311 0.07493703854170519 0.03641684214625225 0.09402039162127512 0.018128078431633807 0.0932369273830265 0.008084609098045252 0.0461976127181345 0.0390313704507113 0.06396964509558502 0.015181019032291652 0.010099264022319967 0.07597775946334138 0.05178662704578952 0.021753268977411446 0.03638196295915498
50 0.09261852847795633 0.0744222007217354 0.047217153737886645 0.07749173818829283 0.01901989741900027 0.029612551861958998 0.0849585936227397 0.04648179332744117 0.04445578304496917 0.017967080496375465 0.06655576991195483 0.08810247138488135 0.00802347117583845 0.020445908601286027 0.025508023883521615 0.015587730467180238 0.013871374643253524 0.08940762727213838 0.040933861086382875 0.09731844067520655
51 0.05406674301364134 0.00511246260251076 0.08333149229056025 0.07511988958317836 0.06903707390933264 0.007698057893675934 0.08835843055329867 0.02661883300203189 0.04779936589947083 0.074758367660458 0.026657896677997093 0.09170066175856731 0.04328716536518036 0.0561550905827658 0.03504671046097954 0.028235282208313263 0.021773532845280354 0.010139658341263366 0.08252878719454708 0.0725744981569472
52 0.020599552419822798 0.09511519200220452 0.045387542706809794 0.08927854419851297 0.01819335084631058 0.013907663461068356 0.020710148865183495 0.023693150658388524 0.01868303556218108 0.05637203112345667 0.03500525793624911 0.10112621994761016 0.025164952170300552 0.0036328455510486516 0.09162527181533621 0.06837828645543766 0.060365453453107204 0.09284062092972328 0.10591710417223366 0.014003775725014742
53 0.036784450678540366 0.027101628175601224 0.10031782336710199 0.01798448916182798 0.016375192477572187 0.07817015988725075 0.08722415707934857 0.05059357288462132 0.05469147962842756 0.05233382036186417 0.03271599809003113 0.07909713445145863 0.06974573980245757 0.0014092950207992205 0.010328168750745907 0.0787194113762506 0.008201353365759147 0.09679624080410121 0.0592999580566599 0.0421099265795807
54 0.053986248871731785 0.009395204432819465 0.08249136615252949 0.03874422708227055 0.0041571020278526275 0.057730674361257235 0.07560972246951032 0.0075963154308235185 0.052077234896529045 0.05189247425783696 0.05781891700365901 0.04977874411439777 0.09904359283813592 0.07327575740558126 0.07892665870236336 0.014269482894253994 0.06001133133238444 0.07289940535499088 0.018390245209210804 0.04190529516186154
55 0.011932495083381674 0.033927722449053156 0.03808687268645711 0.09452608659721022 0.09270450994845865 0.09150965657483204 0.02581774619365206 0.051024060858595566 0.08209935649874796 0.02792396648452721 0.041732591145160876 0.06798870534073358 0.003468635305344921 0.04060283488390442 0.06021919289834718 0.03301289074266031 0.08811183518868806 0.024065808466799614 0.045512267731070005 0.04573276492237528
56 0.03366072232430954 0.07740621023848201 0.0018489964727541586 0.08906121492792338 0.10314588748661123 0.07462232702028598 0.0953192048253368 0.07164690917585631 0.08358121333615351 0.012449643345853325 0.036364777420599126 0.03806895219592401 0.028559121555165767 0.00187939032367011 0.073019882587824 0.03713794158690181 0.010271747258775986 0.06722013233032008 0.04720858689749556 0.017527138689757128
57 0.07806155811603989 0.03241002739024949 0.004399481016871796 0.04727403469650578 0.010866358685133592 0.058453344549760096 0.0211336216142007 0.0652892590940038 0.08844104237064991 0.006930604506679711 0.08815123084363102 0.09248425815776151 0.04135460799650435 0.08732081242982404 0.009905664014894828 0.058909449164653405 0.07984186568591507 0.01960677496648549 0.07464234101790192 0.03452366368233357
58 0.0682703674073004 0.002332203706232178 0.0488913677321266 0.06284961246635569 0.04679044947155563 0.07114173944237556 0.05724443024518717 0.010996036701512888 0.04340325918091252 0.08426400602636407 0.08773648127268593 0.015118490250613572 0.06271146519308071 0.05448911293410568 0.0717397768372907 0.05474031136647785 0.0116513276800033 0.06970768653101438 0.019151112904006805 0.05677076265079857
59 0.05648608962479397 0.02835322806302592 0.08376585952490262 0.04498834820009706 0.08833992826552117 0.025279313454155315 0.022666423687076418 0.08078171991396237 0.0855321526199413 0.043316314365869635 0.03370760073117793 0.006254806004283946 0.08295656333779809 0.06596862196695177 0.05850960994577545 0.044919534975769615 0.006521009041349107 0.008360499263145025 0.04379470609406435 0.08949767092033899
60 0.08324993728753478 0.014398956116505992 0.034548718927762075 0.07056767315233625 0.00784600438396701 0.09414653709096955 0.07862015266384961 0.050004294489762964 0.03837273369738534 0.07654839097818611 0.04913429310832064 0.062089691919683714 0.08010871926261134 0.02955281129824661 0.011104044520584989 0.030896363585157224 0.03266189235862617 0.06869310353927163 0.012049601821841083 0.07540607979739691
61 0.0895388664130556 0.0004908186264935967 0.014193532751215597 0.033875145314149334 0.036107133876433425 0.04503604924867618 0.07178747798460998 0.04429116018081496 0.04441518076946841 0.04082120314626531 0.04047259391449808 0.030188239843517792 0.08296853041149567 0.027706529997620438 0.05010762238457846 0.07639792833479038 0.08161408718190354 0.04701260451575009 0.09130167371321082 0.051673621391452235
62 0.04038719891837103 0.07033284054072847 0.1028446841907964 0.02834519185342279 0.045804020479296256 0.03827278686905029 0.0017950352432638153 0.10785106613804638 0.06292628393965746 0.01075154996882951 0.08356232757031999 0.055177162280667116 0.058784666163689596 0.05195063032633763 0.07283411861115985 0.001475641976312057 0.029358061863223442 0.052154891117002354 0.06050688154947304 0.024884960400352263
63 0.09187047697528966 0.003547964671531272 0.06098240460570765 0.041330024108966384 0.0619139736654982 0.016487547848359266 0.03892735702231171 0.08334772352478272 0.02097845112808927 0.031246109537584773 0.054367549449485866 0.08762738668186967 0.018126725915195232 0.021099708468036243 0.07514141257690224 0.027368125254785027 0.03488193498696796 0.08520343352331407 0.0722708584646688 0.07328083159065395
64 0.054898862761141205 0.014422607198911966 0.03341161422574108 0.017535495932576653 0.059713106346083095 0.022951303942979666 0.09929918951211229 0.015065574774489192 0.032038245039505045 0.0429731821231554 0.060393811594894965 0.07441037296803103 0.04217887700354419 0.07178400961837132 0.030100253841777766 0.01881067283880755 0.09579484986004862 0.09968771078247816 0.0883407300202592 0.026189529615091463
65 0.0835060336834914 0.07834739654155155 0.05455096478632329 0.05166334641446649 0.07374910602048687 0.08492164036980082 0.06944852299314475 0.03264577783599951 0.06740337359513075 0.03570690916076026 0.003809099841019802 0.06510902091854363 0.017079416479411663 0.06891523734225892 0.04657918373792573 0.08693531356258166 0.019819907914343612 0.017866605165504958 0.017769094412205 0.024174049225049385
66 0.01910245259458419 0.07181277294456498 0.05691712856428711 0.03179888550090877 0.025441341650526562 0.07987548568037206 0.05802250084040653 0.06244175330729636 0.08621676155884465 0.07210675550034487 0.022593218356943712 0.06543179265973116 0.01629741936737274 0.002140723958732637 0.07123253517523506 0.04640757029632062 0.0820890085917767 0.057395215617958795 0.030795400209515968 0.04188127762427675
67 0.012726672603700685 0.05158819989054187 0.06540137723771415 0.0331754943752387 0.08044091206694465 0.0016973517940289916 0.055685257876039 0.08732377978407801 0.06751707233918003 0.04980150583551576 0.10496161442456918 0.008960082978074789 0.019805595640670803 0.06376789386532562 0.036042135252851805 0.047676242238901496 0.03073929871023142 0.06719531041903858 0.0878071531092751 0.027687049558079498
68 0.020989677350732584 0.03952430803118029 0.050233252837312684 0.012031412454544971 0.09004250108897607 0.00992719188673167 0.0035756526845401094 0.030763842292296412 0.04628882677983342 0.019031530357329393 0.019137751262076817 0.06277559888280448 0.0696075752834251 0.08971933466924527 0.11397788104306418 0.04996365724830231 0.058651350464105044 0.1099976393692515 0.07189339428547831 0.03186762172876933
69 0.03563638251193775 0.059807139089524106 0.01841891433338227 0.021403647008238134 0.024469681365648054 0.021935844353946746 0.0286236613191068 0.058242198158612944 0.06391812856341282 0.02206746581033133 0.06348492126804131 0.07508997272217192 0.06859160156219032 0.05748034530490456 0.040473999017761955 0.07692278397862207 0.07426736105068399 0.06157918167301426 0.058196642969481016 0.06939012793898766
70 0.07186312476574577 0.03567004930198214 0.08740353224538898 0.017503365500347416 0.058654351101983575 0.020357120711911758 0.06319326187348835 0.00033459640238209644 0.02027417570369186 0.021742375239596507 0.03428654862741758 0.03522463025572785 0.10578737592964974 0.034185397530853076 0.007622602137025839 0.056174015490055636 0.07095702203638772 0.10503508176117979 0.1034039989403389 0.050327374444845516
71 0.007766182866764652 0.03300634282179888 0.050409917822073554 0.027851028058335465 0.012965427630664548 0.03847140624144941 0.07366825472666841 0.03463949643530851 0.044954073131059695 0.09326042656754124 0.11303986700783786 0.027942459172594122 0.05569647031092017 0.08283831712600387 0.027476966840792434 0.025769412880287276 0.0883795487228955 0.07471285036018632 0.08463788017092388 0.002513671105894422
72 0.03851947716943755 0.09126483919976883 0.08010366383264388 0.005951822429460567 0.097913264632327 0.034942851351426094 0.035658676054786995 0.05311349611977296 0.060841290548143544 0.04753041011244182 0.028174438846158414 0.031256638196645446 0.040692108777974224 0.02835658632012501 0.07590100292678961 0.005693383810452222 0.10584809185112207 0.025717412526325208 0.010405099066977008 0.10211544622722174
73 0.015517771958985009 0.08660151118442107 0.02628653112014405 0.06177295158721193 0.017104417974948046 0.03609302760071952 0.047464626339959896 0.0815327940752326 0.059660644032986467 0.05497559796126586 0.03941523545294618 0.006348053888573048 0.09453003728152112 0.002328085766394683 0.045496330741254476 0.0076636683772625756 0.09071870204767281 0.06741882486976905 0.08816475863707399 0.07090642910165751
74 0.07676164262489789 0.06251348461059306 0.07571845467714164 0.041254878256843014 0.00721487473703276 0.03180336236637938 0.06814684473529659 0.006819131267889938 0.06483872196215797 0.08275612393667725 0.06426828765089496 0.0311187114635945 0.037913805978032844 0.025368926100953527 0.0681356173338761 0.04277631610582528 0.033216487353733434 0.0670549422797648 0.06600138423160297 0.04631800232681215
75 0.06305508455222827 0.0017847439402220873 0.024097190789201334 0.00616264234285335 0.024520742983873755 0.07180333658238004 0.07193745719162183 0.06123626216611928 0.06189870892719325 0.04517391180816181 0.0318240352134613 0.07272754103844967 0.07830024492169115 0.06449146738729904 0.07551075126619146 0.009587143070076585 0.07528869188273583 0.06446552518797506 0.03181080550781119 0.06432371324045384
76 0.004342899558010509 0.01986685583338161 0.029965677550163695 0.07165868704669542 0.047325784574113246 0.08828352646216407 0.05186712452653912 0.08843367075909346 0.005997003837254641 0.014847804502513995 0.04347560734158329 0.06870959313864657 0.0884456622302494 0.057702820595566036 0.07211904454881211 0.06450840870031405 0.06203038466654784 0.03364883071620143 0.033538517393559245 0.05323209601859008
77 0.07007556209789435 0.036836484557710755 0.044964538009331784 0.026801227130050682 0.05272582627586878 0.039019629672440555 0.08342088737939296 0.025551220601834807 0.04265261581294227 0.022183184218268 0.03554210964818867 0.06623127462762365 0.07120749161271228 0.08847317436880688 0.059452291057652665 0.07435294725000334 0.013976625197153529 0.06723840681638356 0.05369244369759781 0.02560205996814264
78 0.022975254566242196 0.06400888398284056 0.09799709792452456 0.006196053714842766 0.04392973048856932 0.06556613928302785 0.04222949794730257 0.021856942592819315 0.0807679107102251 0.04750531603363951 0.04733475643225048 0.0733300303437724 0.04821113707412561 0.022745245004417623 0.04869726149807598 0.07837481462670917 0.0719922503440764 0.034568323769247976 0.0747650465085712 0.006948307154719441
79 0.021815839681180345 0.028875508831953937 0.02676472727522433 0.06366413164080426 0.06199466380623167 0.08851784957726704 0.09070811243582126 0.014127865363318172 0.0031382794721901645 0.03303152697903839 0.019901951753857335 0.11277339762645423 0.09446914454964839 0.09280202615449863 0.004183096903467713 0.0779468191927839 0.028338965592810343 0.017964983381386718 0.03306184833001214 0.085919261452051
80 0.08781234537431633 0.09163143754551677 0.009897982289080091 0.06412007806357667 0.08701826576398544 0.0025573495725587053 0.06224800242115818 0.09587294689849282 0.07558479046673064 0.034116390312231175 0.0670584276623279 0.07654512628229079 0.05924041845425666 0.031378904826073056 0.0025827739328026893 0.0713694344374627 0.019849755345144066 0.01949727456439353 0.0170174622288038 0.024600833558798166
81 0.0011860473291366372 0.1034380796590746 0.08437990494625852 0.015471510487141571 0.09849467122360199 0.034106688289884314 0.026963337337484506 0.06467483656788454 2.5365350723432293e-05 0.09667271840484455 0.0028297481695181642 0.06191473512684204 0.032593473456125295 0.04775618866687645 0.04737373263355519 0.015186640997281505 0.026894756753165706 0.03891260327135717 0.09024989420435459 0.11087506712488916
82 0.08618432307286253 0.022890706614984917 0.031187579780060804 0.09165645601664191 0.05632115638356475 0.06638647735662244 0.06767597113072656 0.023090096505574576 0.014376957551814598 0.09562154437221938 0.06973975516997633 0.048442501605155945 0.014053000557311051 0.012844204196166721 0.057215842261731584 0.0021762153449555576 0.08489049916319702 0.0655302712345076 0.02900656102471591 0.060709880657209774
83 0.045403431101077786 0.05746429819721183 0.06270021711890124 0.06904615044237773 0.11106804101251751 0.048382730236162755 0.059713424000294994 0.02297752803180542 0.04578584305150962 0.02003743658048767 0.036384868439280654 0.05070915949509824 0.08164044455053596 0.01052204111711163 0.0635091037693465 0.04383874969764075 0.09579528429984471 0.0013882665801985617 0.037002985379195566 0.0366299968994007
84 0.03826206402695487 0.07736416380696494 0.017021656477175327 0.002358225844984063 0.08480209702907576 0.028894769672644503 0.06859463302681376 0.07312266286900623 0.05665215727838701 0.06914717200905694 0.053821534151619596 0.08550219457833963 0.028722045660467835 0.058242053377068816 0.07796735679114493 0.007248492758501038 0.073838199949702 0.009798193660871228 0.025496206224099174 0.06314412080712242
85 0.06586629231178785 0.09097248519255047 0.07188940453836411 0.016809669486425167 0.06611800174541078 0.05297329974518328 0.009254072636670189 0.04762259871751477 0.018789192766520545 0.08489952130918314 0.023073199075835722 0.07215915827195611 0.03256754747599851 0.03701185913287408 0.010142132261200525 0.03980595372814334 0.03745779627719898 0.03463333197337134 0.09380369631679622 0.09415078703701474
86 0.08735852962648438 0.004962829357913123 0.06816515491619443 0.06230980713635579 0.03906918309678738 0.028484426355552775 0.00881081483657872 0.024969664686249813 0.04757856636137252 0.09024810482392413 0.04999713804503155 0.0327936665430227 0.08726729095000019 0.051450453917834406 0.041410323872954055 0.07291164436057122 0.061690398449565156 0.06095917189057308 0.07789486420801398 0.001667966565020658
87 0.041251261482739575 0.07435396802677603 0.011412838577721386 0.08165991512220622 0.04075585626886268 0.08919912518329066 0.037418628197012076 0.09435620270662061 0.010858533110059807 0.02354448593459458 0.0791913669788408 0.00473057602683676 0.06374942230094602 0.024083198540600904 0.02513688191983435 0.03005845933995794 0.06158085414051801 0.023482433227165558 0.09220367759275258 0.09097231532266357
88 0.006957060982508 0.09277814737997449 0.015194710905164313 0.05332134691243324 0.041452996605668146 0.055935103436691176 0.000988314265315393 0.030225727597281656 0.07198385243624951 0.08337474181587917 0.040346465727248024 0.029461212524609127 0.09961176540052409 0.09190402788299254 0.06582687408099333 0.05784184690380921 0.018854166276353855 0.08079797879814876 0.02421419711232904 0.03892946295582699
89 0.08506649138029079 0.034796365868378 0.039675246527830985 0.06494420565260141 0.04545647635596061 0.017596391789534246 0.031589242946203085 0.028982047854246597 0.021178800347431994 0.017671346224127436 0.05991555085772448 0.0683134780998899 0.03897352116033649 0.08091764761545937 0.02082241300109083 0.05802057990501144 0.08878758572163607 0.0852924851913877 0.05053892222614943 0.0614612012747089
90 0.008015233193174834 0.06825384885664063 0.1065887126615974 0.03474813631712805 0.03877457203580161 0.07065304239906306 0.02810161206643916 0.01902240712279702 0.04657447148546489 0.030309391051133908 0.05881485853604512 0.04334702514300396 0.005950988441753552 0.02954195142246121 0.048340630476531844 0.026194571907880805 0.13499581047016135 0.010148112838389898 0.058034509128104234 0.13359011444642746
91 0.007113931996200157 0.021305443935152393 0.08837134636083985 0.025781957616993107 0.07243569100938851 0.06534468753519554 0.03364372283801614 0.03985927078549517 0.06812559796879718 0.06998406699763832 0.07523136348936313 0.08744664990658767 0.030800141333017568 0.029662066466354373 0.030261154750863307 0.06422870138279752 0.03887634051682261 0.07855789889510308 0.04357735647585211 0.029392609739522253
92 0.059286862637611404 0.05975054570525628 0.022356556976789885 0.00930435450600692 0.08029005374582109 0.09315194479762622 0.04411568396923008 0.019239379537598567 0.020603454555163624 0.09326083493302476 0.06872762027692654 0.05413980951487217 0.041536161837536834 0.07150815331723907 0.049188772728529076 0.009230580668592267 0.0684793922698964 0.07558376958430908 0.00011415813919459013 0.060131910298775085
93 0.028616763944436432 0.07109698875993857 0.09347553878068927 0.07754229051201333 0.03764747908876045 0.09333016478123198 0.09199198678098866 0.03178536908594951 0.017563655389788324 0.023889592739286834 0.08793216368875759 0.09610178904457801 0.03447840764503829 0.0037016449214829286 0.022467930684248887 0.030822794666019667 0.09797743454766449 0.029422991959077664 0.010914906931793535 0.01924010604825553
94 0.07913082781356334 0.06420064573221149 0.08341430617348294 0.06376742871183798 0.04695259643755334 0.0563494960757271 0.011061620092496635 0.010135366736560888 0.011294937267856785 0.06715471467202744 0.006921028931830446 0.015816787330764744 0.08308329581004568 0.05315044932787481 0.04430600992388333 0.08069957417156927 0.08490996165408575 0.01942176197050557 0.03455682326870286 0.08367236789741951
95 0.07704692253056084 0.05131259341586612 0.00606073274102953 0.022432430115582627 0.019556373371847482 0.06163948887257282 0.0896689719069073 0.04462506470138161 0.06963408583272437 0.004418325557168629 0.036254897763115454 0.04542571750807032 0.04942771731754708 0.05831325273551661 0.07230862325054428 0.07140153475836687 0.04803951658263636 0.09816657545326407 0.045169917006522196 0.029097258578775317
96 0.03283293701336903 0.07786550726467242 0.03839778940001166 0.009470094124579423 0.03024147665693737 0.0758265806650712 0.06528476045148303 0.023685676902300407 0.0005839479894087854 0.051990821286434986 0.02459946482842858 0.03671870616227714 0.08225390964855356 0.04319905799897767 0.04680313671484212 0.09682463181272928 0.059314241431733916 0.08359060728251189 0.09029172299905515 0.030224929366622532
