0 0.02284554124129995 0.012211210852181848 0.02186252828463176 0.07002503844791982 0.06668257372239404 0.07675999758776292 0.07959516429114291 0.01612808964960389 0.011912008587661772 0.01385995409747244 0.09400947082299693 0.03676593858316545 0.005258909970481425 0.07340292063165559 0.022634403451454198 0.0990458373314536 0.1158745467959882 0.04313605996398174 0.11350407303413168 0.004485732652620015
1 0.02253773277344763 0.08970161326836355 0.018567422701081186 0.06661028363740808 0.023879327663982448 0.10863670730676789 0.05834574722745619 0.05556949528221425 0.08344626494352272 0.014825033435142354 0.052835162731032885 0.027467376303992347 0.02824261766183206 0.022326797228125528 0.07896177224151048 0.05155025000002238 0.08470425642799237 0.04670672627890676 0.00837693851531225 0.056708474371886516
2 0.048163862135284626 0.07587709974313518 0.019194146743168276 0.01260535180096525 0.07918745859107514 0.07582533918379399 0.04798929107277012 0.0327683955884207 0.08223323437207944 0.02407672279034757 0.003997651694590823 0.013753728764082469 0.0819541341708803 0.024396667665125365 0.08550156099051835 0.08655333646238228 0.028711286378827874 0.07308359857611861 0.018546389028280624 0.08558074424815312
3 0.0554244826675745 0.05061677776135936 0.023334941123747795 0.06583041906081348 0.06952730586806792 0.03606932305931876 0.025377464381462236 0.010018345636910524 0.0221031942549907 0.0590837228519606 0.041100960993383395 0.026649041642400485 0.024331343135983615 0.08406728802524643 0.10036717428235478 0.051664994826585 0.004763228427597219 0.06055121623487084 0.09886029787194048 0.09025847789343193
4 0.07351903765520061 0.03576940443803265 0.0636848011961055 0.05006720986330968 0.041312641219644675 0.07081861496223861 0.059650909107231705 0.013738591984447034 0.07208704447921255 0.05118351689291414 0.068189467853275 0.054462875380497135 0.05604380948663096 0.057213701147749554 0.036648960024807734 0.048637578078953324 0.022831850575531294 0.05391104739762717 0.016131921135626 0.054097017120964506
5 0.07019583355486049 0.07308862904153655 0.054602423993057314 0.06348808026228484 0.06136303141741058 0.00684728871572163 0.03110338923680064 0.007186471539613802 0.07045166147580147 0.050448044484891735 0.013756617770089942 0.08991968982223321 0.011704495427122017 0.09228100796672435 0.007205478610162146 0.04015312264847014 0.08402613487451908 0.044002106096379404 0.08344448263902696 0.044732010423293715
6 0.05615749417766917 0.030570026283941707 0.08783118457667673 0.058313750473267964 0.043026107338492436 0.05879054985042507 0.08729232886168688 0.07828124653641394 0.005161204295861669 0.06060182957526101 0.062491032691669925 0.049031909371915434 0.07255237902556393 0.025027007367508857 0.0777753713921689 0.0020982388186570533 0.04650971664308695 0.016054797663698113 0.06718128715425122 0.015252537901782893
7 0.07325308122766143 0.05414060310270902 0.0760861667252401 0.04900903788469676 0.04842244072987388 0.07864960508588241 0.012160371496744477 0.05771057524701582 0.008993597571202851 0.02996382486850897 0.06642571130669352 0.010825752796582938 0.01341277862469909 0.07242639737499425 0.07478266828880387 0.056323724955916976 0.03363394009124618 0.08149451357084149 0.026826242123290062 0.07545896692739593
8 0.06826587327120863 0.08582016390039648 0.007968480637837198 0.042658599449292525 0.08256770152194319 0.08311303314589864 0.015545994757766086 0.08570391185425867 0.06677034519755035 0.024408092834770606 0.06201624934178715 0.030868337136053744 0.08002626869529648 0.05353588465890332 0.014725249068847085 0.04598966491058321 0.053029516446994954 0.06348681663935098 0.004283964768208128 0.029215851763052657
9 0.06994855220314602 0.06375566280053076 0.019743370772206222 0.07757329739801089 0.09384812297641987 0.05954029427442633 0.10071079997573526 0.011207219326219653 0.001422176918197608 0.05636425343880365 0.0638397174445339 0.06055846398083933 0.03313664227140746 0.003927276859071178 0.024254949552553858 0.022407547576162715 0.035956219595673404 0.08634903800763175 0.013861471145246789 0.1015949234831832
10 0.0773116258271783 0.07356159855256342 0.01611604926955895 0.046499083158989825 0.05758355263665734 0.014423757178074401 0.03708217519744531 0.008763941020694183 0.08428178349706152 0.045787445033909066 0.06684220134840228 0.04795132296938407 0.06574669631115478 0.08683670064142024 0.04361108130610146 0.0100529445868848 0.09367809041522868 0.04471306325870296 0.03430828965192341 0.044848598138664784
11 0.0637375765018152 0.042444883160433294 0.06429196950812166 0.018708554117673713 0.011827173887652316 0.04132440677027903 0.07934596282244041 0.016174989080433896 0.07118253690633061 0.0407019056664525 0.0681838391530467 0.07920302189526529 0.07262084124407606 0.08764358130617977 0.005438877658934646 0.036409113107815375 0.08303431393322319 0.05662640924692309 0.03364066591943964 0.02745937811346356
12 0.08583352945718246 0.06538139957449944 0.0224482719616851 0.029678902669242658 0.04401156871928554 0.08694018453002299 0.055405450289323345 0.007922253287657846 0.024204485621223508 0.024681195819141535 0.07008533956854099 0.089726040695032 0.059728744772089205 0.060526315773982355 0.06605090622969048 0.0798691186760894 0.005957677259809024 0.07627509187383152 0.02218098853357239 0.023092534688097893
13 0.06002442009982929 0.0017016442080161332 0.04965125098563606 0.08030768298371088 0.04448752594915446 0.05467658949394687 0.05025973642201277 0.04193333648927971 0.019524347893930274 0.08554419183661532 0.08543289030582102 0.06564647098565318 0.010535695850878572 0.014581642007311485 0.03739653763186554 0.01260010725164953 0.05743016091838592 0.06958019498314336 0.07328964075337054 0.085395932949789
14 0.03628963455559021 0.008035388795566492 0.03103930628375916 0.05421334968013693 0.06915303800391623 0.07988515204516923 0.04728131887188238 0.09485501171441783 0.023802501579826874 0.008812305028085053 0.01061600222394175 0.07402014498101836 0.0548955011862965 0.05590644919905766 0.05348868129602118 0.06035671214352515 0.09731166495544127 0.023242542012243256 0.09177536380144793 0.025019931642656413
15 0.081219260273544 0.03152398697738612 0.04990239135363709 0.014961704350725562 0.03871288131351707 0.061781688685042344 0.09131684904345501 0.0570446412118155 0.02316070743421748 0.08134401430641192 0.08257193817150081 0.006214262761798849 0.0863860050686098 0.054233016779330956 0.06075135426286294 0.03703020006199988 0.05451860800071741 0.0451529841771296 0.04030512973722591 0.0018683760290717374
16 0.05835393232242523 0.04261132331370519 0.03401632876507607 0.022401922709642946 0.034594691493026804 0.07047660187443909 0.04927428189435438 0.01050530686626143 0.06929234491054015 0.042181698056094674 0.06958337244062227 0.08124387509126296 0.05301243399935769 0.0026147112347293723 0.06002161172665756 0.0033913611361769186 0.07707411076094642 0.08637872796526402 0.08567984781638883 0.04729151562302806
17 0.07750023280165862 0.057833158131117314 0.01708107969551622 0.0829184762978296 0.06765640443177652 0.008172423027977748 0.04906705884431656 0.02345372615401358 0.06358450699988771 0.00848161363223416 0.0885715958381068 0.008934043869863594 0.0894617648867292 0.03498577385087706 0.06743441637723384 0.05881022511973245 0.08541990430025878 0.029464490159425184 5.612114363649972e-05 0.0811129844378088
18 0.12200911527626195 0.029125086600627202 0.11848427963835871 0.03395441136839399 0.04081385753861924 0.002995340579836806 0.047498850644420776 0.010628911567618296 0.07685631241061276 0.020498363068014086 0.012662500724989851 0.06012262669522891 0.007662013115428352 0.05978070575282875 0.12322879619766981 0.1234501894432799 0.011782147651626928 0.04114015670592219 0.05116098066176466 0.006145354358496679
19 0.02769632979416906 0.09405943180001364 0.06068941750124001 0.04323658853441147 0.044047554134705874 0.022297335283408094 0.051891632586637045 0.08689637431336487 0.008529104123723735 0.028312916920609436 0.08119574145790827 0.05430577792682527 0.04408028495654063 0.06243324698670263 0.09498630445353787 0.010839097649223136 0.02803106173382439 0.0890654943073355 0.019339666761383358 0.04806663877443582
20 0.09426366114376866 0.08076226192120332 0.03238141956242025 0.014852280749812171 0.10078189315030887 0.08120941995577922 0.010220244973849744 0.061325281619338444 0.006599762282092454 0.04691000538625521 0.025933387465933672 0.09476671238995128 0.02851036805135976 0.06507167943668403 0.07588597526846415 0.08269573332797321 0.040857286646661335 0.032622334459121355 0.002359786868645511 0.021990505340377397
21 0.011438642009838051 0.02963053943266839 0.042019864396930694 0.10765456121298397 0.07672405970411234 0.03172627325512827 0.011774943551202312 0.053518303824709436 0.08034374084948566 0.10415373495319434 0.0747406709966526 0.005083989218688758 0.07746919702563794 0.023184692793193018 0.04650249764504118 0.033185738155331886 0.0033994830378674392 0.10682118485154839 0.01089574330050369 0.06973213978528167
22 0.018571181921422302 0.10160556912724782 0.07174603953450287 0.07698008513432145 0.09237464801688204 0.0018246342126086912 0.009835331040406098 0.09456448436296526 0.08302625489205645 0.058259828972556084 0.04257505866072387 0.06351107061855549 0.04856681380146553 0.0013613387612406154 0.04989882379317307 0.03709471198020347 0.03730148979964363 0.03237309229817348 0.044627207926412456 0.03390233514543899
23 0.03738909218650267 0.09921187713051416 0.0949490497514959 0.013307722571273353 0.06841383203918652 0.009255769146936594 0.08014922799316318 0.08371818855779525 0.01498755606016344 0.0560868454210494 0.017457617518786873 0.023146854702214684 0.04992486929940196 0.0793970407096197 0.08754435641372886 0.03031060118043238 0.04839736346127107 0.06363600161657933 0.0020166511858933753 0.040699483053991174
24 0.04868373097079108 0.003742079848155459 0.10136995257136766 0.09386940173914471 0.0699818913010898 0.011033914749597721 0.04432993275968701 0.08569817329598628 4.4793854567887546e-05 0.055199885109513715 0.0241466859672723 0.08639045146269542 0.0016896681082724386 0.0872760499519733 0.05128812771952687 0.0627632261099945 0.06778765303715037 0.06595770397101366 0.00606097195790403 0.03268570551429578
25 0.02775386314349854 0.034319776262852666 0.0150983530455232 0.10169465619213502 0.08997713842412418 0.04818203427912161 0.07515093033091998 0.029559394556908085 0.004082721564680084 0.06581146044303589 0.012867053949826422 0.05417812052386493 0.07715142539003854 0.08965058113216448 0.05695050515393966 0.031606981921020294 0.03224684342105005 0.07411992335741624 0.001189483639731491 0.07840875326814854
26 0.028048932135438315 0.04965094426064224 0.025008706634636054 0.0421553612014818 0.011468385790240569 0.06693899626520804 0.07851480966643418 0.031105865985769983 0.05745115897288148 0.07660818801284043 0.06093818389055264 0.06486692729062683 0.009076284625255027 0.09172467981650723 0.08152456822150381 0.036023409085410754 0.019737002341243565 0.08080365893315963 0.012515181263951309 0.07583875560621613
27 0.032576803318040796 0.07477919642959277 0.03898708437674907 0.022220157702422784 0.03626826114194153 0.07319471484736069 0.017058500763833525 0.08249159320002238 0.019686334859268757 0.02156753970278979 0.10025307969727128 0.05040742658256454 0.05464993420336788 0.07447615757275285 0.025877982293449085 0.08061093957259403 0.06241886758881382 0.06664340782297733 0.031031213554553586 0.034800804769633785
28 0.0852012925760218 0.015123361601356883 0.03703731007974733 0.0832785267591817 0.0948889250948569 0.043919658214867215 0.05372014504366612 0.022082862824623718 0.03399704199656981 0.049241680032312975 0.010787749296397697 0.024159100137255536 0.04893672838344385 0.06629239390788072 0.030921835267853408 0.07865761291516218 0.04183158248735324 0.06562928484695196 0.009559723438810891 0.10473318509568601
29 0.08916642356854707 0.029789848590759352 0.08237814655098366 0.07351841071237498 0.018537124264745627 0.031651132006860996 0.020185115685403536 0.03713826195494962 0.003756072988156996 0.031670504002304 0.03671318165188857 0.10691570955313942 0.039785305936296894 0.023888080524486405 0.08647955613940571 0.0475946094695076 0.04896832868532048 0.058265176891819564 0.05475900178280765 0.07884000904024185
30 0.04943310096150735 0.016463327965299774 0.07647494039056141 0.07667084325018209 0.07055738498063037 0.040378861742881876 0.031202451890744692 0.056866743966110044 0.06937168861004295 0.03537593018209576 0.01900796091694937 0.049535477827246224 0.0468796024491523 0.08350677740485138 0.016319988997416067 0.04666995202766467 0.02851416881163256 0.07232099841963682 0.03346067330824644 0.08098912589714764
31 0.04585092011694229 0.0020193442285063624 0.10449765572849846 0.10036175224527938 0.006692233740977142 0.0729291144081152 0.01771246649222198 0.06862568212605186 0.04016029752303752 0.01269113582264634 0.07615946186813273 0.03855607499757318 0.08915557332291554 0.05233008587504334 0.009512711486210919 0.0914142850389193 0.07630170475814033 0.09310181177531485 0.0010238314027261662 0.0009038570427472153
32 0.06104188322830197 0.021224737407110096 0.03231492831789172 0.0852293821604138 0.07459542834392155 0.041928050463882614 0.055676371090852626 0.05773510310096033 0.06517041111301551 0.038026005015686044 0.014795726378644814 0.040023334734707754 0.08337933469811992 0.013949021034740185 0.04637376263232259 0.0072994861894762515 0.08140824324703533 0.08225175199576429 0.015342261169593713 0.08223477767755875
33 0.08532928041356241 0.05938185604090077 0.060193370712095684 0.027046548543126825 0.06746955365623383 0.07723326991762723 0.018950732637099746 0.04222900306912145 0.04856446351742755 0.06727678087415799 0.0735445299294853 0.04643638490156012 0.03287247297145294 0.04033473666590012 0.07797246831078866 0.08404964490029 0.021891680547746057 0.03995170878768909 0.017404446740142836 0.011867066863591383
34 0.0011762801971506465 0.07435253998309366 0.0441128323566961 0.0775484848985289 0.027745511828581287 0.0688533060570321 0.05823325959610819 0.029932814479328804 0.07739142826769776 0.055354323398892645 0.07335485603394815 0.04785894953959259 0.02274110271490668 0.07472882041132298 0.06537404631871133 0.01849871729491225 0.026139491581725068 0.02000472162292254 0.07012335136076883 0.06647516205807949
35 0.0006579414287779852 0.03830029660255642 0.008748891992701345 0.07407200286299843 0.08484074522762591 0.0674089390265474 0.016392734249471772 0.06527294813942221 0.04596060680954434 0.011138820102923237 0.08623769910282926 0.02508536403936975 0.05499540515961242 0.03784196321062796 0.004792291713127856 0.06419800497078769 0.08184708154197891 0.07954071714322287 0.07242381359423705 0.08024373308163726
36 0.014945442808992836 0.0467841823627322 0.056196290480567394 0.020519042376496894 0.06892714413443742 0.09898756568966952 0.08767630080198274 0.03948961354846253 0.018203519932031224 0.027546485068259425 0.05204847838918451 0.07503326831533859 0.01246208476944766 0.012471018467383488 0.10493560216610506 0.0259716268932996 0.11156320605873118 0.07609059671153856 0.014680794958824937 0.0354677360665142
37 0.07086485853919616 0.0033444950442643273 0.016936881665232877 0.08048865880288382 0.0467679236923048 0.05042708434918929 0.02220070260684775 0.10881421508466846 0.044315106426109564 0.012657501716925118 0.04765486379555375 0.055149269282848204 0.07611532286752197 0.0037118674150829678 0.09562373571099582 0.10050597019523723 0.01835851759604274 0.04905874379289729 0.052988450032243214 0.04401583138395466
38 0.005643734764085162 0.05006303119195232 0.06817912444959867 0.026135287639480847 0.07557467534355937 0.07074486213685581 0.0730526032132207 0.006041294414293751 0.07013844943475935 0.022911014051738617 0.020235562049551226 0.06763774182520953 0.030956233537612416 0.04901899153212412 0.033033709982182774 0.07468349973145154 0.054238689645071746 0.08557461620203563 0.05195858805764901 0.06417829079756744
39 0.08157035806978893 0.03151128619523146 0.0922451975175701 0.04987020214405904 0.08632318378362328 0.04427238122416703 0.0426937531785228 0.006332073687784852 0.024076173417721603 0.03387587888155499 0.014612275420210733 0.06621972576066806 0.09105646723773068 0.002047674174525918 0.0011285300204686589 0.09271079363718569 0.06522196409362961 0.04473701794024114 0.06398260115783837 0.06551246245747712
40 0.002973333324435141 0.05078154594365192 0.04599042402792409 0.040731073572211396 0.033345024642785055 0.05546389197483299 0.05490165444364847 0.06770550108176436 0.03175439836026468 0.030776977426802674 0.06867477590447835 0.06531769633783922 0.050161418601432584 0.0770149959646911 0.026702561547803476 0.05979035285342577 0.07531226378309556 0.06176949431117116 0.09000883965613556 0.010823776241606402
41 0.08758163549828805 0.023383326025413473 0.08291428986332605 0.01597395362058848 0.02722097367622248 0.0854566714914486 0.0840042672447006 0.03258742511396926 0.08648878363500796 0.09031205501766022 0.05703417104282733 0.05818151017598902 0.03916221889362651 0.024888440247236736 0.05971603026496006 0.07532837968210611 0.015747919324088068 0.035507086671973095 0.013887425525349367 0.004623436985218503
42 0.040528198387746114 0.04441178446403466 0.08767238903159895 0.03170245540747845 0.092782482182621 0.0034061201137358353 0.07740057354505775 0.02016651518363756 0.06845315311748364 0.0003218580295797309 0.07716682559555421 0.0322674627490565 0.05377567062874745 0.07683018542306536 0.03033869495582842 0.043309363445888774 0.0896084223230236 0.0773052911882452 0.03632670137702399 0.016225852850593043
43 0.027513951551759605 0.05347149384169192 0.08608255853956913 0.07075913999908329 0.013955312407659612 0.08086819841940891 0.04709596530651147 0.0768426967900302 0.05130097893971965 0.020778346881855016 0.06865383953268543 0.0719717807157505 0.07333137191653716 0.007890364407663093 0.07476674528894889 0.012814187790174158 0.02620250317926375 0.04443516879229998 0.04026225180672547 0.051003143892662646
44 0.08309128360402326 0.08225134045373704 0.04697768590984646 0.011016401305073795 0.01805958122450457 0.05586780434842009 0.10300956126402859 0.09902420459780582 0.011048586712603866 0.03704722606298333 0.0018503819852351091 0.007004179997545204 0.0012621715414868064 0.04761031069203351 0.048864209024505396 0.025446709223820353 0.09630038770148541 0.07227298626972416 0.10284401032221582 0.049150977758921494
45 0.008905561942730317 0.09163167373312524 0.06486614086127132 0.011205630857173007 0.07742211106278511 0.08670644441489989 0.06152757839959921 0.0149104762969995 0.08723767950540422 0.07428824679453729 0.07436764407453654 0.020453147594958 0.0033426585692373375 0.012566794969614837 0.07618688170605868 0.02838476289600555 0.08081266461433428 0.05799278548085034 0.06686752327789375 0.0003235929479855777
46 0.07814217511988342 0.03420072440686348 0.05703078970972764 0.08346990408210206 0.04709351922208508 0.058935305909930666 0.0407442916125638 0.03572854398121497 0.008655777559760817 0.05316185923446051 0.06931547293461157 0.01876461630228096 0.0879717251637496 0.02151886704864625 0.05969438096244719 0.05198738246148081 0.05081079303689367 0.05842921272845623 0.009465341079646694 0.07487931744319469
47 0.02702497136075692 0.00027523788464258136 0.05618646230030528 0.0974975828069212 0.09372446121080294 0.00947579142947797 0.10373124814662055 0.069885552131708 0.06507508308539577 0.026095954501077104 0.0637653830792024 0.057749273851592946 0.001867155224598642 0.011804246442169283 0.03295283192407576 0.08410163323966487 0.02333627499123871 0.08140670817368442 0.018674640299413035 0.07536950791665174
48 0.06106825729795857 0.08909459522039034 0.07110922784708347 0.054383247522901815 0.030168163833828126 0.024844892391520348 0.07226408927183756 0.03157555470322011 0.04138234531500349 0.06845471744921974 0.0668207459888604 0.019697937737405618 0.04343878511865441 0.02872144615415965 0.04942473839125382 0.0037462453790400754 0.07075880645769873 0.055672600868846935 0.02640219716032047 0.09097140589079633
49 0.0695019881850009 0.0011285298958297937 0.012322428810927022 0.058292866136452307 0.11622816467913379 0.011622252615359714 0.08265370588037681 0.025897967832063457 0.044124419470478606 0.08807265577019231 0.04112243232613522 0.022168261081924587 0.0107999689374899 0.07328007667916717 0.04111472358600317 0.035427928982850895 0.09830855666150809 0.01703678180994511 0.09617775113056222 0.05471853952859907
50 0.03732322276386076 0.004659097961825724 0.003673475568470192 0.0046934109492764815 0.05529669050581921 0.1097140590762315 0.03697750258937124 0.023603601586373743 0.11699021488082344 0.10123213023863667 0.03218675177119845 0.08514895476788173 0.0843922614021466 0.03804091047204973 0.0012076528193959517 0.10642557053799086 0.02137795572638854 0.04524811903717781 0.018444567129432748 0.07336385021564852
51 0.0253513985768692 0.04936216507257774 0.06845701419479809 0.08955212648087757 0.0008674051447066078 0.027837437629014763 0.04637162998580853 0.055413427028869644 0.07410227404700026 0.028902671177466983 0.03983933923831377 0.039866691962951874 0.03631302785743347 0.06436108990027124 0.08675936792570806 0.028856060847587902 0.08327609641495727 0.03933623313856172 0.020526250956647212 0.09464829241957808
52 0.004689787310595337 0.059589710922559144 0.07412348118324824 0.07900753989139633 0.04798952430114463 0.06787584017224765 0.003995445375990753 0.05738360034774164 0.04579467367376892 0.06663122117053281 0.06472766544286215 0.07621619921824287 0.052592526337992926 0.008045433987511952 0.043906587925877386 0.06295030155748309 0.05811234487252198 0.0043542082223418255 0.059099559758612655 0.06291434832732783
53 0.0406998223569643 0.08395941426449102 0.006245276015600447 0.09506754033563533 0.014166490179817835 0.05336720691413003 0.10462058584440737 0.021517176197208405 0.052063754608754065 0.07857079525644849 0.01020778074387961 0.02335327482537523 0.013773350648114514 0.0003059232565854878 0.05159301910493223 0.0988526771741398 0.010602920316300024 0.1107917886929477 0.02040274781020749 0.10983845545406083
54 0.022505578374430582 0.05302932106973794 0.022456922831347412 0.009944402815037268 0.0009335872177008928 0.07833685069563695 0.045034263080235115 0.07190371014375255 0.08661296381556169 0.09168247407396668 0.04891284154605971 0.03359969054430358 0.08416456363571663 0.0803218487649083 0.03200244462603506 0.057784309032431494 0.02628995686783469 0.05674504710632065 0.014664234759911052 0.0830749889990716
55 0.014181153936217623 0.057563367954837706 0.0616643213993831 0.03710751243076451 0.043422739954174276 0.06491000748671777 0.029941413572035842 0.06153885436497865 0.0393382725502177 0.08414062113366136 0.01252628660194558 0.08565823345967212 0.04261152079681618 0.030707926407319293 0.06315477074977235 0.019483377086412384 0.057832943507028944 0.09843343534280653 0.017357937955385306 0.07842530330985273
56 0.00946162461130503 0.06109831610303397 0.0674123969483738 0.002373959396520587 0.08252295460459261 0.0321606930129231 0.030008447964544112 0.0572650360491695 0.06766485288044943 0.02937403373141637 0.05422730703284782 0.06906553306347372 0.043925245005653625 0.08228248596979681 0.07074179931529513 0.055637327354968534 0.024491922669550876 0.058236342265778576 0.035353220262924576 0.06669650175738186
57 0.06768427590671364 0.056364939578454454 0.004099625306399119 0.05667009737275756 0.034177755585456264 0.03067871233788036 0.07479314404736442 0.06500995271872496 0.07372384215276058 0.025229410336790385 0.08528067837209449 0.05705830560841187 0.04941303446973124 0.03520137104892458 0.050173300677351484 0.052092865858257065 0.04760399566117857 0.023917270208390386 0.00959583611516458 0.1012315866371941
58 0.09522506169520947 0.021876343113256896 0.011399808722620051 0.09226387470050987 0.09123621522387602 0.0025997542859305376 0.020344243173211287 0.003274837552150093 0.004970882583857232 0.02400607875191008 0.07169739634869775 0.03519063488702252 0.10309966150413834 0.09753677788094998 0.11808165039070524 0.06482195116246249 0.06319248008240944 0.019130526527495095 0.0014312781444001694 0.05862054326918716
59 0.06997324598108086 0.00893904230616353 0.07948773498336632 0.05135306341548089 0.10193655381529358 0.009681918736470558 0.017073035757441266 0.06104796149516162 0.05381907759525356 0.005039360399281904 0.003794472567210437 0.03671503671495569 0.045623197342852036 0.08062895357426644 0.05000126768768431 0.09873333598316622 0.045967668745050407 0.06490576509639394 0.013271419239651557 0.10200788856377466
60 0.046184884385962105 0.035527765900372904 0.10112017041468772 0.0648113534572481 0.021877112330995107 0.013982511580397143 0.021501380906738733 0.10687710865079657 0.038802108688462254 0.0180197087303109 0.02663302880935997 0.03443846311882798 0.031870143314915014 0.11048504774222509 0.07456285088936823 0.0785827415940971 0.08005243891181751 0.024042731938598905 0.03773323637555137 0.03289521225926741
61 0.07475687468821386 0.08888946403981987 0.09055054199848082 0.04845221624544009 0.03289041227888718 0.05759686010236754 0.004316690863607246 0.05747721933270841 0.07566790954722927 0.10189077656523611 0.05082305585915669 0.04068526622548304 0.04032877506240466 0.009344200645603781 0.10231842844396848 0.017204613163883987 0.017732737693376844 0.002869305460076414 0.040882469395445126 0.04532218238861065
62 0.06570795435284298 0.06570418942302815 0.07699393925815969 0.09633085704350675 0.019473338325449965 0.08304183603853732 0.007331009008950372 0.06804067658311326 0.01396605468377726 0.08983498114621404 0.00883739787615944 0.011546739313699915 0.015504003839280668 0.09133280025115623 0.061102084930088015 0.008673967388891124 0.05885337358815379 0.04761237932778103 0.023649598884144776 0.08646281873706534
63 0.06307329544952521 0.030335290960091434 0.03796206894591673 0.0667724500373911 0.021591074362280742 0.0240354192460192 0.07498790091216774 0.08576273641500903 0.02464150200315049 0.06859486918681186 0.04723840059987051 0.09432401476936055 0.06247346694722138 0.09575643547876829 0.016156182161376535 0.03735251460583397 0.004128687689378623 0.09095455111739059 0.019774355458358414 0.03408478365407752
64 0.04537205055050564 0.08625935839097491 0.07993522236443451 0.05492618584995403 0.06906466450591527 0.034466755997190915 0.043224791543249076 0.011362262219198354 0.08623245441055394 0.031663088506892784 0.06258728786937322 0.009095124664176528 0.05529784765893393 0.06137922774674628 0.08171042492126201 0.011939283191494137 0.026852807413486387 0.07384773599640204 0.06919070188418598 0.005592724315070009
65 0.0797646504691793 0.03168123616051795 0.0554315317122056 0.007843393403111684 0.069911029321092 0.01230387312661303 0.050845838575747294 0.02447175305358255 0.012503950665736454 0.020551255484432356 0.006672613831243552 0.09352691556340799 0.02132429102990548 0.10163497177463252 0.05460055631675701 0.10180061124581706 0.061951174455774714 0.09755958841548393 0.026483794231173752 0.06913697116358579
66 0.012548049426457469 0.02518905500981462 0.018504672303477302 0.044267440539069274 0.03677841512786953 0.015951423115808935 0.010184676163540235 0.10984759725521945 0.041731521670386164 0.03724837285185302 0.07446276830555933 0.10958922673093573 0.09824418985452468 0.0008977749478697517 0.00045951666084902197 0.01667730997249898 0.05154138024542461 0.11097297147364761 0.08007916434882804 0.10482447399636598
67 0.0508289127425948 0.13322499528863976 0.08768107444785839 9.771803552481947e-05 0.07604952002211732 0.05082876236638169 0.012022601322837596 0.031128331705095783 0.03057371103214454 0.11622175068803885 0.005735064904546442 0.025402257351620515 0.02182783382009464 0.10592461299658625 0.035273190911443555 0.003552141490675431 0.08630682335590192 0.0024860971511518623 0.021660789072623723 0.10317381129412195
68 0.018622016587822084 0.042859387794364864 0.0513968672634231 0.11548333440897111 0.12165389954119794 0.030855812703836197 0.004250138762395728 0.02476463110358095 0.05901387133711713 0.00901552889347052 0.07381368076293725 0.05154752188330892 0.05059353714235821 0.00920794774865043 0.04090664534975729 0.06643618148573875 0.0182655851752748 0.10557868400115765 0.06409564546660416 0.04163908258803299
69 0.0037702968709029277 0.03727901449272926 0.005473111978709054 0.05659295720941437 0.06831399681761291 0.08672069469816082 0.0005324612266051833 0.029350545083424693 0.041967284663486676 0.0017149229837744389 0.05352985659685164 0.07696850741014077 0.10213210086441639 0.10966279007818865 0.030186934552543548 0.10586456956506665 0.0073876683164391475 0.10948017176758262 0.03061377083312226 0.04245834399082807
70 0.058424710144217795 0.024938326080733837 0.0010042692131097093 0.1051294711300704 0.04034956957026355 0.006696586244959125 0.06120471033531988 0.002478053174964412 0.005344078888185617 0.044741681459092256 0.08131198726170492 0.060136485200013 0.11804921654927278 0.04578617886086658 0.016118056883269245 0.06344047609716547 0.09241944018724324 0.07426976459226049 0.007103145925189532 0.09105379220209824
71 0.09916857648105724 0.03681824118863411 0.07210930488754082 0.030618405972795255 0.005044001338567145 0.04976836566204041 0.05852940639941141 0.04151434735996377 0.08517061627674406 0.005821808594762018 0.05269071317168154 0.04968557410600254 0.037485819783026425 0.02536076928552562 0.08415568177497973 0.04398926951449154 0.08327853577724713 0.0156306267114759 0.10319627779927205 0.019963657914781222
72 0.08589021600581774 0.0376867114397966 0.03351662739971744 0.08357533533329767 0.02293673987264979 0.00612944002274946 0.051707827778295655 0.04331135356851892 0.032476061953582776 0.06159899344080971 0.05965373781341705 0.004261569865123017 0.08397277271413095 0.08684557781128274 0.0477407900164166 0.08340036368947013 0.017344287167407896 0.008286291074510389 0.059627234183551835 0.09003806884945353
73 0.006308249634886658 0.09165839650926935 0.050689108356376786 0.01039344541804114 0.012108337781467575 0.0496850291046269 0.11392264002560923 0.032416011696402534 0.041370642473796786 0.018000044504970895 0.06205277955091961 0.030478002551956096 0.124941098751731 0.09082036194702843 0.02577157319812985 0.03400872141889883 0.13905296568790163 0.030816307024019534 0.027335860769558348 0.008170423594408914
74 0.04577728013000192 0.01588011295954108 0.06613134103203797 0.08128330272814253 0.05394903651250132 0.0828134152378553 0.059275965705686405 0.012425640181722672 0.0063756055156086846 0.016575145001609434 0.07410106937553412 0.0005502611502272627 0.0754025399498525 0.08075534199227667 0.053119036241283384 0.07868558450493529 0.07289196748791599 0.02762237100548286 0.05283984551668734 0.04354513777109701
75 0.03906508878854473 0.09065199593221235 0.019763720540093215 0.0407462325932224 0.049185342530229235 0.06406721961315177 0.04329638405684522 0.05267187330755497 0.0026133316572827907 0.08426039501942538 0.08505025057336177 0.08583984936759914 0.024717926803215162 0.007611707411307075 0.019998660971162565 0.06332745738021298 0.018992812513021158 0.08870547062395445 0.05595879154714366 0.06347548877046018
76 0.04975282386011531 0.09068734023114668 0.09106973845795173 0.013962755336625611 0.006716151257992554 0.07401569936409723 0.06391081786743197 0.041659804346620734 0.036880122152993036 0.0030160621640150853 0.006716331045289708 0.02048043202842962 0.042568554202357105 0.09726157837177614 0.026487682749163306 0.09995534498041224 0.007316850631786457 0.11156475458707983 0.1022151027231071 0.013762053641608494
77 0.024516021850248315 0.018102856633796856 0.1247380924365958 0.02015134552431416 0.08338905921040629 0.1001920324009548 0.01953014570601353 0.0651939423421186 0.04313982510783958 0.006345071960144363 0.07873387719200524 0.06937475353593221 0.04680882016858801 0.01368496767779242 0.030336544662766585 0.03555897912241191 0.09715897181787449 0.0008863199547574405 0.11748243416157621 0.004675938533863158
78 0.01177806627002664 0.03875614654233735 0.005252652353367966 0.1141216376282403 0.12815625031422262 0.025792060890509925 0.07152369905942813 0.09057815565974615 0.004815793477941898 0.0944741238074474 0.005470790877557959 0.11650895824220087 0.01385237460653854 0.08226184650194204 0.025309991383210315 0.015167229627110139 0.015967015802929023 0.016190264463051517 0.06372244495818631 0.06030049753400491
79 0.022170232408211442 0.036445437568335994 0.1198930481130933 0.002822229712399084 0.11173566249940196 0.013676460175590335 0.060237978630819124 0.0034901576109504532 0.07585438284707914 0.004007992613513759 0.004024737471182797 0.004652425634336043 0.07481961423708836 0.1000989172414008 0.01610612201685854 0.03642691603052266 0.11528011886852836 0.031344247186490974 0.10448233525512761 0.06243098387906927
80 0.05845179971841526 0.08006620878357128 0.11196374571755899 0.03847872198492591 0.01788733195972895 0.09385583833878082 0.0549133999877163 0.012731510038359269 0.09972654945223797 0.012478506337754831 0.024627492231523124 0.0391460703208435 0.0725323245733724 0.03304794808012326 0.02289961498141835 0.09716215264542512 0.004610562545797958 0.04889342696196048 0.07251685975359158 0.004009935586894586
81 0.024564579279276723 0.04591221991605652 0.04861015134716461 0.06332518658657588 0.08721643044507366 0.0337084647363758 0.06020645109464832 0.10598376183087017 0.04419311212086448 0.008166869047539948 0.028660232364687042 0.004662261356378101 0.06689198842207399 0.025859066760574097 0.1095232744412745 0.00809482112255514 0.058240958639420526 0.019058857572792787 0.0654391832922211 0.09168212962357672
82 0.021808643674355036 0.09356412870766917 0.004523155438664197 0.03935141992812937 0.04339350141376833 0.05551287337257825 0.0549999620503463 0.014416304198118653 0.09366524449409709 0.017080630599315087 0.09910340456651127 0.04098203285893399 0.08663157935893918 0.05531532233242883 0.08989661307984051 0.006279261270324342 0.047037551520250125 0.016871746992277573 0.030299068338455803 0.08926755580499693
83 0.07669471102165669 0.07731545245631775 0.061099347975962864 0.027648077382052782 0.05049052963686304 0.07828148378743219 0.06117907105507567 0.03054223114781248 0.02627174490792784 0.0409906506699371 0.07006736440998987 0.057769367229627624 0.07239699658464205 3.109059562379225e-05 0.013918889460093446 0.0304798330129025 0.07131834886147399 0.059292718950451434 0.037841903537299035 0.05637018731685792
84 0.06907633642555754 0.05502624898798771 0.06309499900102929 0.05820757608846097 0.007214628825959971 0.07795026754492267 0.014912389476090275 0.07138720938914622 0.012221581736153448 0.07831887722215763 0.06055933891169093 0.06626887856491184 0.007372905535833487 0.05224726379118668 0.061228728586417785 0.05685565710086673 0.05075649322481612 0.004256296435035412 0.08182640111145018 0.05121792204032512
85 0.0948116556329542 0.09688496687283253 0.066484065939236 0.0467765824391057 0.0614344555109669 0.07253691330259521 0.0383966921141534 0.05012288901720209 0.08326771780902764 0.05886180130380965 0.022026361605279897 0.013299952966752123 0.04551062590790916 0.07085701101422501 0.02568843069733319 0.07668007460153672 0.007174551944944968 0.0032642870529096743 0.05779774303106629 0.008123221236159496
86 0.0192963637271802 0.053485817824427545 0.007096025922602373 0.07278637041653381 0.06372017061261322 0.031586404012084915 0.016994760518836412 0.025693257695851804 0.08004055063693001 0.0638282833120628 0.08196584639547376 0.09005308254843539 0.08770034882593049 0.031532703104635254 0.059355871272088266 0.0632427447274491 0.040120748691645725 0.04388116440928321 0.048164036939278974 0.01945544840665658
87 0.035982706822300876 0.006992279617833929 0.03436793804753547 0.05485455884866833 0.058570570979074386 0.028007206708680545 0.04862204301164786 0.011848809925464152 0.08043350771122335 0.07063287373177272 0.054415440681517824 0.05931364498569015 0.10351489688500662 0.0848508294640505 0.0671190718436123 0.03475223221710865 0.037080656125370724 0.05546504107968972 0.015098715433743524 0.05807697588000817
88 0.019840951413851997 0.09232821061806742 0.05589271518946582 0.08953924985763793 0.056283795977618074 0.007742326308787015 0.06627850912445188 0.021780094642742977 0.031455003819163004 0.06295826948351958 0.06495265704630858 0.04411688026661748 0.05089013638514325 0.0033841550931444533 0.06768714301842445 0.036833404671880614 0.0896851458705586 0.06911456173395891 0.06433665121390938 0.004900138264748453
89 0.014199486355983261 0.03341287851166898 0.04136734732579073 0.011980475956371318 0.07418105527170232 0.06132437803476448 0.03619466154872842 0.08091040400647381 0.05536119494258448 0.07910960492593756 0.0744710406469472 0.08533922822503584 0.03506235112280433 0.07989968299447618 0.02962551022095665 0.052468398978654227 0.07548432612233033 0.044761939032908676 0.001437987817911099 0.033408047957969964
90 0.05794226095311191 0.07648735065612842 0.07329812897010894 0.018902839800558794 0.0581133957391809 0.07084755242755454 0.03326439396949562 0.017606054755582943 0.03969921956664235 0.07953346067550779 0.07795820927019284 0.06244320542879403 0.038794328876717625 0.06441440939574954 0.023023691512278177 0.050560805113322296 0.05317777246034343 0.04582644563151921 0.010802706747192416 0.047303768050018256
91 0.09998464068892525 0.06102143733253193 0.06619802644062188 0.09514103800795763 0.03863185421878908 0.09356467990918542 0.08899763550908603 0.023538892794178996 0.08031133092846914 0.08627096808305709 0.046768072195940834 0.00020245478650445726 0.032863202310444393 0.016927778910591933 0.025323620703595735 0.03209889943291888 0.004802361038306126 0.1001624034697287 5.373695012548141e-05 0.007136966289040913
92 0.08314171275829432 0.08791801918260998 0.030236182131186097 0.07692296146624776 0.02407410371322173 0.028164211549329524 0.09050235022203562 0.03068908318357696 0.014347452401320621 0.05244568116927317 0.008091457870571573 0.03239935686690356 0.07246182544259021 0.031000751009978417 0.0531291781390298 0.01871278493499024 0.042423146799921166 0.0734764158818318 0.05747573266916422 0.09238759260792309
93 0.006533629269857869 0.058098593779142796 0.056833504745877145 0.0486612648861606 0.08215150246923154 0.08230951118231017 0.01338183985788747 0.04166590793372772 0.0011445672437791637 0.08578303368857286 0.04079944880485616 0.05892723461255726 0.050921996060661535 0.08747926492943747 0.041727064045228766 0.04743686232044674 0.05879418032605018 0.02022863186851631 0.04822645606842799 0.0688955059072703
94 0.06645499646358291 0.0022914351110346247 0.08258432961900963 0.047321037223702164 0.024009965539019563 0.02771406358650631 0.08014802466973248 0.06352729170650188 0.0886453136003664 0.052619981301130284 0.03444070727193994 0.013413237756331143 0.03152398655011144 0.023886282221319593 0.05681083108669144 0.07284206205173312 0.03269308498666148 0.05819578394111676 0.0484792156634596 0.09239836965004922
95 0.07464147794546551 0.06840775843128286 0.03618630952735228 0.008360435448157441 0.061456353853385465 0.030072291261878374 0.026401634624046297 0.037248372752131116 0.026123709583415967 0.05019275860918493 0.0782007238763033 0.09582581537477385 0.029482393349765035 0.0144824579274514 0.07718630551475607 0.004308982823192419 0.05967863459603743 0.019486621329624934 0.09766993025979388 0.10458703291200146
96 0.0614820932937127 0.004627836636392486 0.10340112498007832 0.026155494037925057 0.024981140951632508 0.04151897254840407 0.042429616314696994 0.09540894956369637 0.005413952789695186 0.054756546251973334 0.052187579783374065 0.036277390607435345 0.05495434929366041 0.06122864543865035 0.050044650855519235 0.01142988048876069 0.08056572860661801 0.05917258937034649 0.10860986663241443 0.02535359155501394
