0 0.06904989055194607 0.06263671361992033 0.061241394041994225 0.04422193049997427 0.09741330163566693 0.011431787421799514 0.0031438314792732 0.06944738647114347 0.08161412299711147 0.04306563603179866 0.04424810276251342 0.01288637244565511 0.024432011608335014 0.09354401234441946 0.046349079978222255 0.049024902982463474 0.030024743420901726 0.004717577395798689 0.09699976539065806 0.054507436920404724
1 0.032759851386460676 0.037039952220046836 0.06879516951411686 0.11332716307210713 0.06370025048190887 0.02595082788071336 0.05523701199161856 0.0076214914542416905 0.041978694382336076 0.02287381398410382 0.11567766913739022 0.030426353330442534 0.02430154847029242 0.05716460793499546 0.011430814005390092 0.015689031260240665 0.06383375631178866 0.11715641178543541 0.04677638081374319 0.04825920058262738
2 0.017520445267834146 0.04686535805616805 0.0038554229971836124 0.039575370486666164 0.0007355528834162521 0.12329707824908172 0.009332571230304352 0.04188937298475864 0.08989985634882594 0.03794806426470934 0.08656614052067092 0.06740033056907307 0.07016535887996982 0.06242657896216198 0.016322898166328353 0.0026418406382536733 0.060570852406357345 0.06157269527644451 0.07820374057766956 0.08321047123412253
3 0.05136862977117139 0.002108776846587598 0.06372197476928104 0.0909448869832235 0.0333063341251839 0.0342770138281844 0.006930294268082948 0.02582016418189115 0.004034666075812443 0.08841388761500808 0.087920267815694 0.08789500932868577 0.09575430234025059 0.08150040724929264 0.04756062479860431 0.0020544417556790794 0.028424411130240076 0.008339460050806113 0.086425814499694 0.07319863256662684
4 0.09622442074981086 0.041256405201820015 0.03177443591231947 0.08683555036430661 0.03458995494550434 0.10243913478473957 0.05922108538809909 0.003199934074891468 0.029766004622586915 0.011586885370278077 0.09597608489479989 0.044136172976956205 0.001915589470213038 0.08063216318882149 0.03659445099068617 0.0038300198382726046 0.061679461376971646 0.08505080547144092 0.05886076055941348 0.03443067981806817
5 0.040746119671218106 0.02459505458731544 0.04857668987809398 0.06984055880147395 0.0775890725468997 0.05966651848422837 0.05947021148318895 0.03046334033963496 0.02237722365927547 0.06503732671697646 0.07611004261061151 0.010524502899739212 0.056403673932492446 0.07364246015393518 0.04929399253694968 0.05560208329255507 0.0038957534657568424 0.07272189724651813 0.05426384590392337 0.04917963178921319
6 0.022134464411091685 0.0806508125678739 0.00575552262427758 0.011326748386256507 0.06809506748860611 0.09918710268183727 0.04253593927488383 0.12513026382995718 0.022767019454108625 0.08250941172076438 0.0486498988009596 0.01013052077394197 0.022431030121694815 0.012546552274459883 0.024679208870424404 0.033239464119369184 0.08204823166269062 0.036784693582978305 0.10108014630463219 0.06831790104919196
7 0.065427882212422 0.02978272223332765 0.04487064239311403 0.05393191331311638 0.04609966362358213 0.05526303782767085 0.0023929127900590586 0.07555533113636488 0.06049409881475335 0.03179586003867088 0.05733654437949038 0.040301184197252454 0.06085251402641971 0.02626834498219914 0.06194057947882783 0.006786653844608888 0.04693538662109668 0.0838163331012027 0.07584058459585287 0.07430781038996824
8 0.017989113910252014 0.07157492295708126 0.09913824763020539 0.073269975714732 0.008141197574121494 0.02061269642777668 0.10143437994199916 0.004082788779672443 0.08931888085728054 0.014668454343301773 0.0160352070356379 0.030437198372426564 0.009128984696224468 0.10175988312885759 0.08011498829797582 0.043558572690856945 0.08685024419180767 0.031329065165772094 0.08576716014439129 0.014788038139627088
9 0.0011091556915725335 0.07165122506100764 0.036926202527551875 0.031455113069095916 0.0065989259332243045 0.015662123266239773 0.06711244823567282 0.014820347281278746 0.022046316354612253 0.08289587355813953 0.07550087277162022 0.008285181726612034 0.08443338700989138 0.03806807410063078 0.11244953051642403 0.09325261405115574 0.11041664313645894 0.036028660195441126 0.0646023523854318 0.02668495312793865
10 0.06671931573398399 0.02627223824537997 0.009372368962590485 0.06624366807436936 0.04576677788091587 0.060273530021425555 0.06312967875912495 0.019902980498596918 0.004102094888343482 0.02645413149776877 0.007529347871531376 0.033546262092596466 0.03410867000500316 0.06932951292231632 0.028942416994458972 0.0875136112697824 0.06220686382040392 0.11790847727580754 0.10044421973774982 0.07023383344785065
11 0.033202757635864354 0.028660198736300924 0.054583714887130534 0.05323968761111765 0.019168626561189086 0.028450672245506476 0.006197609679282653 0.03307028088414859 2.147887318559136e-05 0.06288555179760164 0.08546958274682659 0.0699184043612478 0.03415303983632373 0.10642202855662528 0.03945373982858058 0.09179734603044801 0.019665072817889134 0.06737676688079916 0.08512716253245999 0.08113627749747226
12 0.01670456565380037 0.11259078156633434 0.012865438791713212 0.10638056400909592 0.0028501233644482073 0.01858526811996101 0.017258748676154387 0.08938097850854579 0.07315519555361195 0.010588556914733612 0.01666334502782701 0.008147382814300845 0.08239565854724246 0.03992661138184616 0.08696764454353323 0.013202254919565837 0.04860377893262447 0.09257624436726562 0.0806597202827069 0.07049713802468864
13 0.0745645536740047 0.0664420203029836 0.035270403057051335 0.003943349796591156 0.057037175410577116 0.05793050269834006 0.04528650642954813 0.009461148612390304 0.01586980255169268 0.05923832783564361 0.08621090552427167 0.03066828997051466 0.06607136865307933 0.03687600316880213 0.06440418199413915 0.06164579286113247 0.06604477623894926 0.025613468938193367 0.08225764956663069 0.0551637727154645
14 0.059586118428289515 0.030005350850560483 0.06890853869361513 0.02617818415537837 0.07805828986246688 0.01029420682309694 0.0438158066315535 0.0063493177198335315 0.08064286698409887 0.07875085997092872 0.06932149610719254 0.032231232135721245 0.046365835883000264 0.0896792329632247 0.023343679041752798 0.0513501312051632 0.013702561868091327 0.08909696117990806 0.02044251289090666 0.08187681660521742
15 0.023129707922875935 0.003169708604201695 0.08317402530344703 0.07325554302538988 0.004245503888383547 0.04796257996503314 0.09570108286940968 0.059167880894492444 0.07343451310079202 0.06472259915896994 0.039832150280563784 0.012696974423777522 0.05302238018907728 0.07258793754112769 0.044654547100100195 0.06905927671444059 0.07413835951668714 0.01803012461045574 0.06072580762934487 0.027289297261429923
16 0.06115125794303371 0.04421064047137243 0.0324148214250433 0.0011572393428250104 0.04097052714681652 0.06684035666934188 0.06920227561976179 0.08300588195148847 0.08616342176864179 0.052519754913613076 0.05150485769514478 0.0011750935981155813 0.0424795770734315 0.05111738583245941 0.03989060105552797 0.07843027763200804 0.05832625303622206 0.08645441770750219 0.001428384956633034 0.05155697416101734
17 0.0466706226728781 0.03744870473601658 0.07798295815252768 0.08245161111627448 0.07929097093074997 0.05331899604598611 0.0667259249810615 0.024939723487492207 0.05925026658131267 0.022139858327133593 0.09018638833897459 0.0213917912391273 0.06853407068434346 0.015780181085120342 0.001648788345540836 0.09077064305730756 0.05223274555331231 0.0384474747173436 0.03788094883735721 0.032907331110139916
18 0.06280794788468341 0.008722632374840342 0.04030885062833358 0.019888466982208346 0.031132867145931567 0.015158965562772823 0.10076460411157431 0.020966276730962807 0.06489593281617387 0.018905469015723934 0.09595740203749284 0.07417266904339789 0.06946686229285817 0.010146464183157577 0.10757043309552584 0.08192909783771474 0.03904816564098437 0.08157986637606104 0.021710096429335198 0.03486692981026744
19 0.0924786787061965 0.008270441460087742 0.050761630392833 0.05682899416490677 0.017389102349264045 0.06493440760555719 0.09552306938478727 0.00032652136945713413 0.053037802703899566 0.08798112122477693 0.050228803288813545 0.020792387091749624 0.04851052867322595 0.043244618583762336 0.07106984768289193 0.03553675915026492 0.017218675703209983 0.08277680926680389 0.02362370738846549 0.07946609380904607
20 0.029316629455557745 0.04379625608386346 0.0810715051341281 0.08390155420588155 0.08393714859522111 0.051634202446314205 0.06412131135901615 0.030062322511119403 0.043541964274840424 0.03064901582370116 0.07676265476513244 0.08199752652292903 0.0010303371635783795 0.06236073225187018 0.04907906938127045 0.002195930607459527 0.04844710032373203 0.022744940153456256 0.04106821399125017 0.07228158494967837
21 0.04235813259127655 0.05996446200255583 0.0008568161097656006 0.08414575886335911 0.06335569172153939 0.007202725973107221 0.00012175866547071935 0.02376251082767833 0.04306654832639567 0.0661360647300505 0.018384843719248797 0.0971868573943939 0.018480374295061015 0.09987159342473811 0.01598151492934008 0.09555856959332582 0.04378685189920958 0.09287375838747326 0.04115174801714871 0.08575341852886169
22 0.06699966496555328 0.06304999192629544 0.0834755467844623 0.07338184769012536 0.03218255022872828 0.04842898673372187 0.0486587826226736 0.029547294551194838 0.08784783817729615 0.017997936123587237 0.007663818082517995 0.06330278356568014 0.06078779798728826 0.012212271115537493 0.05140367916521283 0.053826828635913385 0.04350568409119857 0.045968317992724 0.049712652003119716 0.060045727557169165
23 0.0064410226833081395 0.002026313502615542 0.09302503517036355 0.10660739472526627 0.08108771396035126 0.0032751256006536803 0.012886955439705064 0.030950666416180928 0.07591534537628454 0.06860180903923065 0.008950139037925948 0.018301595141185473 0.004222691695532213 0.11096392849413207 0.021217574428344804 0.06263799076813711 0.11405051618178517 0.04258900030241939 0.11012804969564123 0.02612113234093702
24 0.036489385621269535 0.00842653451897684 0.025371762024951276 0.027920355186023742 0.034326946355126106 0.05884105244366811 0.03966751686276142 0.0585638648772636 0.07283197413761013 0.03950372139765492 0.0799666354400491 0.0017107858761899893 0.061954226891987076 0.07304449442075396 0.10653093234821503 0.010706373159048757 0.061017736896088574 0.0651314815508171 0.12920660635323855 0.008787613638305991
25 0.04073582697415712 0.05468070781613442 0.05530775351549755 0.08088739430623115 0.01098999618911896 0.07705411641471212 0.08074693711114402 0.08486585490284372 0.053934626564872884 0.029771333121193247 0.0019871972365516108 0.08120828375751565 0.03187668334855806 0.06478439646047086 0.0827797881806238 0.001274085744123454 0.06788849874362882 0.03574828943019837 0.01934966787288934 0.04412856230953471
26 0.0406007477340279 0.07582415406207199 0.061261483417676274 0.07952613260479019 0.07933065404797088 0.016881612792596912 0.0757581970132484 0.07934703346870482 0.08157600443172519 0.015332015017866789 0.05116005504998273 0.07392640734624799 0.008457053563706237 0.017833899500988928 0.029110146621689578 0.04493908155127777 0.059118228980913394 0.03518090545026134 0.046815450859402426 0.0280207364848504
27 0.004807313517577477 0.04980387727913729 0.10403200747375688 0.05122842027127934 0.07205240291293144 0.02748268585485573 0.013854101038047262 0.0525598748572862 0.09234180892424075 0.046370057577718726 0.04797167102716915 0.06571628844470699 0.04641014765322156 0.007225120684590836 0.04657381851286025 0.10564168153774835 0.07007147837683964 0.02607891451298537 0.04587184432922392 0.0239064852138229
28 0.07909818906181615 0.05886325662278206 0.09228196567956033 0.002993053282846006 0.06664281526649961 0.02548759355716711 0.017603724249934026 0.08445717040746246 0.05614205014208218 0.02616740677903212 0.0951463710996798 0.001988741552677572 0.03673813687537686 0.048753741242215994 0.10169979581479614 0.011589298844556747 0.020220279378765815 0.03106198124348363 0.05015073054333508 0.09291369835593037
29 0.056784435217255694 0.02435963701044051 0.05313754751709738 0.08478451835837146 0.06751545708650718 0.07599662333594501 0.01062852565264391 0.032652176470510816 0.05116896873261634 0.02838261889606128 0.07044600005849272 0.06722049153687983 0.001272048544169245 0.09212961426461395 0.05372730037216262 0.04130245882930369 0.0741862686985022 0.06795299371262548 0.0406989544975195 0.0056533612082812264
30 0.09564087307337833 0.06826890956596776 0.0510848083519699 0.0768503453166778 0.006419862097560155 0.0672244766785681 0.06711960299154666 0.01386876480745109 0.08210871073856567 0.07335848279094395 0.013562984276662117 0.013510524358598258 0.10603595986730087 0.003036801777691964 0.021567775298888054 0.03804406908468694 0.011900351425721588 0.09591796144854002 0.08656277019151139 0.007915965857769628
31 0.07647347169068916 0.001544886796487058 0.06104242489069348 0.017057272227248198 0.04768250034469356 0.050851933238998046 0.08303018682218295 0.07714214753701094 0.01568093732406311 0.0814166006585387 0.04538492480616536 0.020386486682511168 0.0537930474519462 0.0677622877288483 0.08431091904762737 0.0051975004948896135 0.04741008968800897 0.07865632064491608 0.07281273833738042 0.012363323587101394
32 0.056988820114524615 0.07396402022245004 0.05005221088073344 0.05322567480599756 0.016242844235445295 0.07107940128899959 0.07301481222644957 0.01962412693426763 0.07846004636595541 0.012729879632870105 0.045189370116918474 0.04718886853888837 0.027003131257868386 0.02119908528624282 0.052647080663673344 0.07684970738100122 0.05073523122881182 0.04931927234723325 0.07126981039158899 0.05321660608008028
33 0.08014376020521659 0.01421304547069072 0.051758417969844706 0.03719717224405514 0.08262569132524959 0.004467149419917612 0.03927504078692585 0.04207192573660201 0.0627602726893409 0.004524380869924665 0.07440750930238921 0.0900689256440946 0.08571901558890602 0.07022393671209104 0.017711504242200096 0.06096041159253838 0.044171178896977664 0.0022958618860097913 0.06556001130289875 0.06984478811412657
34 0.0761317923758281 0.07736348937349989 0.03607648537483537 0.016520288444276204 0.028101325550466603 0.07712471148526456 0.09157554546079183 0.07427151335702499 0.09366142098905515 0.0751938540703893 0.013213640357803945 0.011332551684536434 0.019677509821146844 0.029336080530343582 0.06742123865022862 0.04067718115657573 0.09820613528080846 0.028717235168924903 0.03866918845733891 0.006728812410860638
35 0.07191944359710728 0.06829676424028817 0.024510411378066928 0.021144970358351535 0.05042268501634211 0.052352074754331276 0.07796554707024665 0.04079114326961746 0.07853410667106682 0.07417863700557498 0.07046040945751295 0.05234335672836107 0.01828138651490139 0.003225707623424729 0.07960520432765689 0.0835495407711669 0.012118152550625672 0.04636265349190322 0.0560140321933696 0.01792377298008407
36 0.08309170047625525 0.005024321746131523 0.0559549801986072 0.0008414658816126195 0.07692195865927481 0.049049067861553136 0.06629170850559742 0.1066945188439473 0.10865338376645388 0.11231945464010744 0.003275488728014811 0.04007226851414343 0.08252180898179898 0.014973634673321586 0.013602796655945083 0.025948751357832364 0.05493555147957875 0.02093632047470265 0.02271510123994222 0.056175717315179605
37 0.04164180423070601 0.08924770809493862 0.07144376580418385 0.07363375358354378 0.03286666377026653 0.03769720236860693 0.020261022193542925 0.0859181132988484 0.015217455862725214 0.03323789953804106 0.0075096167591332695 0.02723870715633044 0.08816170868375932 0.08237116637149952 0.04321901945028651 0.0098841066214345 0.07968563352640672 0.09019828313971928 0.00812626102925172 0.062440108516775554
38 0.004286565534071327 0.04323939217143518 0.026835325493865626 0.04077845011389356 0.002825991578113568 0.005694191289964832 0.04946711036923101 0.05221938192208852 0.10960096832179775 0.05566225054145343 0.11129651025648235 0.07854865970344876 0.059288062262467335 0.056763835270254026 0.01684996033088923 0.012673757765408158 0.044291529434733676 0.005845480796433016 0.11466087577162828 0.10917170107234037
39 0.06726377939785479 0.024379717251352937 0.016895035823959518 0.033908756140579775 0.1017854019787278 0.044863934266794935 0.004095357992093152 0.00856191131228312 0.02103786043877313 0.08132704424349221 0.04621459640243264 0.02799003474917558 0.05696370370906055 0.08522356781359225 0.07290836190067868 0.026094675365313676 0.03701887870126671 0.06343263947761936 0.07850254130411542 0.10153220173083377
40 0.026889961819265364 0.04243145541807668 0.07337896112084137 0.08065439751091713 0.08337319424011877 0.010376501508807645 0.003937985408606852 0.04321182099143767 0.029701166339694843 0.08743538048385245 0.011766213846238733 0.04527886648784312 0.043304728474599 0.04023965418915429 0.08034449553635514 0.06500159213460069 0.06497598774610588 0.08859284689160474 0.021455510296008656 0.05764927955587076
41 0.08127929271473738 0.0019594116779273435 0.028952204658104982 0.03169848734894919 0.07606829375543275 0.028720135702546175 0.059845547838057574 0.0655095246317691 0.08484081977792883 0.07190228904709711 0.07255765399304832 0.07414113467524977 0.06154056684794038 0.08197527667494488 0.022586430958229303 0.019948227688659965 0.06926177018686747 0.012448292474682219 0.022825347761040646 0.03193929158678639
42 0.0202397383379579 0.020950816281021304 0.05890616688449061 0.0953464337561357 0.07311942609669607 0.09427108139486158 0.027103127169315948 0.05822331188144631 0.10056069496440773 0.05255597907106922 0.032007488419714195 0.018072181086082457 0.07535597409283552 0.002352918427472194 0.06894293262347555 0.035014466118336154 0.0430622998884127 0.036913832940351964 0.07030279698332381 0.016698333582593063
43 0.08479130437279724 0.06237554664641595 0.08326244405505868 0.014518345413157214 0.040229917865018075 0.08429916690033182 0.05869708480941957 0.045477352515578835 0.028953022167863163 0.015201953450308843 0.05609819403045108 0.036017981771491736 0.04655034266572702 0.07120147991143486 0.08109978861468098 0.02486602194346896 0.0006098521970752818 0.018434425907687936 0.0725617032858032 0.07475407147622962
44 0.034244361470410926 0.05518962076984764 0.04796052853210953 0.09334188677573586 0.035861109030772775 0.04337217259525744 0.09010548838206893 0.058938980699469075 0.09511908707214262 0.02195823757984555 0.0402903917085686 0.036080492942172096 0.07238006447347398 0.013890559058751433 0.08120754597684177 0.013731579669399582 0.02583571950869192 0.08181846815591778 0.046902367026897825 0.011771338571624866
45 0.04815146144603646 0.08490775826418923 0.023667175918118157 0.05286641176571087 0.009878153417884278 0.07035329498301436 0.004307001655519317 0.05708874276390242 0.05979040981543446 0.038999339300557455 0.028804527884320367 0.07071886031332601 0.06822799856557883 0.06885759947009543 0.016209358556691325 0.05222908396392461 0.028712862678381815 0.08824729177583698 0.07102918411207028 0.05695348334940735
46 0.07576025433840204 0.03373110745289181 0.0029605902132098113 0.00963624026965135 0.06588705774144206 0.0009767399893103944 0.0910769049017027 0.03831499286443801 0.07181438882759156 0.07851973044098833 0.08968497484176226 0.015631753904158587 0.09254534177871215 0.04665840231631834 0.065688022985846 0.004114366006925375 0.0917087007501285 0.008302386964488933 0.08080552650898161 0.03618251690305023
47 0.06881495842361245 0.05013927682108247 0.07063611165135156 0.011796082857071961 0.07499247403318371 0.013937259895567804 0.11543239300848324 0.003628799851235024 0.019161114593380622 0.05187327382659368 0.02902825626702706 0.005647138518727377 0.09856826020673344 0.026965261961628927 0.0803143316246531 0.09656196572638545 0.059776030159827076 0.043234668088793574 0.020522425551400634 0.058969916933260744
48 0.027900874725576896 0.02069551737773107 0.022020697234080164 0.04847044925630045 0.07688140644013802 0.008084360668883737 0.0021164268800773207 0.04034770728527642 0.09523869353606522 0.0736670458023074 0.08489739963172203 0.0207382350835998 0.09226061344860628 0.02108088445895362 0.03006054541148746 0.036919064468681886 0.05674662763818996 0.09323398451770336 0.09663832396766935 0.052001142166949836
49 0.034671256665594855 0.06311379810258089 0.057803698734287465 0.06959059228637332 0.02140102367957928 0.08480132272354864 0.05954056168348857 0.033156123271501324 0.04599545192121472 0.0685725663852615 0.07540438376343585 0.03347775194442203 0.0341305033983075 0.0772874693776318 0.05282147803292505 0.0007482200933472795 0.0796403617752711 0.023026253246483677 0.050744982554317856 0.03407220036042717
50 0.07451462062214437 0.06294326231273444 0.06555662582475018 0.08782245193336247 0.034585387619993045 0.018995601824882746 0.05386044398503535 0.05331273354853732 0.029878215161922562 0.053498013610859346 0.04649319690277313 0.001626381660483916 0.05989585317059 0.07566779621873956 0.06656332144651973 0.08792374140725254 0.033367578181494016 0.04581234748290641 0.021942222682969328 0.025740204402049504
51 0.03748875103422966 0.030162609575054757 0.007722571609403243 0.07514969746099391 0.08147324861738181 0.07651638563756903 0.06679361688346008 0.08792756195131093 0.03597775510782427 0.08107643459400403 0.03209575137918117 0.019562666026382843 0.05469270116652461 0.05934193060412697 0.013666377011783906 0.06058492026022595 0.04266564216616409 0.04172534149806683 0.04612894646891992 0.04924709094739199
52 0.033150879575605294 0.06343767509670689 0.03731967624853126 0.015820896740434544 0.03687864689265176 0.0493010193680789 0.007503432576516127 0.053292346052657695 0.0047261883805841095 0.06642755487618016 0.007340370122268381 0.07089669841217962 0.08776031475719713 0.09129600688951098 0.05262057920696558 0.07108729647671912 0.05077659659035217 0.04660173909449302 0.08864497451755118 0.06511710812481622
53 0.04350279299134855 0.07327588678393418 0.0683674597424799 0.029407003374295658 0.05530198156909783 0.07330965898719051 0.08537147057236352 0.07688000438856807 0.0707992806872428 0.0509367302661815 0.017272970848089885 0.025908205845122115 0.04024625589275691 0.06584946339161174 0.056497496982086816 0.013750748517750213 0.013376392930336864 0.01980423344166826 0.05861564957393166 0.061526313213942786
54 0.055366688391365056 0.068756325349667 0.015719074980328283 0.03704961249783475 0.06403079135632435 0.02579353040731896 0.044403861314938266 0.02186949393765254 0.06768389729704127 0.06948879032783917 0.039357989627825066 0.04331693348984196 0.048304002834792935 0.02622901837367172 0.06351257559442455 0.06566854922307162 0.06167264285114852 0.06915729901797528 0.049721122089969115 0.06289780103696949
55 0.07473294332323069 0.06812938878071349 0.044181381316545705 0.03018644503866167 0.09545507354629794 0.047830698044308916 0.04983780323562487 0.0646428662619469 0.020935174595349892 0.015686339674023417 0.0900385838195333 0.08334096721840886 0.0041765264037140985 0.014156973997934816 0.0669317621545143 0.03812886819046148 0.08454558097317989 0.03994838072592621 0.03568653049981279 0.03142771219981086
56 0.06872372854389225 0.024284700851175962 0.06711289814784493 0.06326528737721564 0.08244240971664893 0.05856680172528126 0.03619917139461062 0.028125095534552592 0.05229106090378962 0.0030231199385447934 0.03733615367950614 0.008968722999212721 0.04216967315084859 0.026699992474570052 0.09269082828242048 0.023081123074407517 0.05221206685179813 0.06517649766964337 0.08770873022734663 0.0799219374566896
57 0.08070096454382802 0.03630485081804977 0.00023005545629501027 0.03564122263958829 0.042144782385727164 0.07162052266486449 0.05139885523597648 0.05229489656110216 0.08343283150570519 0.06135986735628297 0.004826538098717525 0.06744008115235214 0.08660891071013957 0.007921337227284445 0.048014296762949896 0.018830019038933735 0.06238780850393429 0.07471252677580306 0.0845403136189949 0.029589318943470756
58 0.00333005570151294 0.05712908140559003 0.06564526690988555 0.11583584771045324 0.03503266277517304 0.1251100812164474 0.02003461831123779 0.08938127840136656 0.03572265760815334 0.08360288618477578 0.06279222118193926 0.038846821487788764 0.11965120282731932 0.011578204743931236 0.005367385894968565 0.06177847835957841 0.040489297415935 0.013037016772467653 0.007888624359060636 0.007746310732415479
59 0.05380190953818402 0.0018692716209535239 0.06811051543283601 0.004033120228242594 0.039054699823549824 0.06822765894785922 0.06637511417149854 0.06440877094538651 0.020746472052500128 0.030187173173676085 0.08331180624472817 0.07038878481957828 0.04665610157670808 0.03591702298498355 0.0487961250282405 0.054773358874906676 0.07466500803520319 0.07363638860308085 0.017317316395763352 0.07772338150212083
60 0.07536965090668966 0.08823382089678004 0.024482261507844875 0.004911974363725653 0.007834138082964981 0.04312558992664376 0.013141318365605642 0.040033340086052874 0.07807507161339837 0.05570776268617643 0.08618761734198582 0.10520072314447985 0.09041727519933426 0.004427672194415805 0.018665092482975754 0.06673154823334872 0.06833979740468919 0.05097569152538095 0.05960466174985989 0.018534992287647732
61 0.08072885849624131 0.06816135634111423 0.09054943567410055 0.029761397132768274 0.056648909354606265 0.041772617359618784 0.050514780437654914 0.04470162780019827 0.08609873310080203 0.04565748499885802 0.02887617364114888 0.08039911940071945 0.06903250211683304 0.013329049259551532 0.0017457530090412977 0.062920621265267 0.038679587735498344 0.07070955545620405 0.030937888797429463 0.008774548622344181
62 0.0032192335344022106 0.05203395501595527 0.049294957217047096 0.09040429865578901 0.04003762899228545 0.04187867106916635 0.07684581069329527 0.04994430395280214 0.0629258654228491 0.022025894347395294 0.09709785861497963 0.016838701768126862 0.08034739121074744 0.09704524335736155 0.00508935765851696 0.009356549733267978 0.047304542242263825 0.07507545600461481 0.07371783798205404 0.009516442527079767
63 0.08086106358556676 0.10284403754382596 0.02900414277464477 0.09850628603946576 0.04053363233992669 0.04560187608171842 0.07072453665285923 0.08211869265265455 0.08841304398065741 0.00021040964818085228 0.017927536985082235 0.05938232832913432 0.01569680541698132 0.024501916464642594 0.00775455081440044 0.05021223782877495 0.0766136174834298 0.014583057487554061 0.06613842631577306 0.028371801574726893
64 0.06163586757834421 0.07039142759403555 0.06435546492996994 0.03332680709812498 0.05710107976522324 0.03756099414390254 0.0696742519024403 0.0714642946214816 0.042629654719999605 0.053786417913468006 0.003043921195509776 0.035169373984707916 0.03978548630512051 0.0860556227478013 0.07543628500560026 0.0683635302016909 0.005637869212068446 0.079911337384399 0.021070664583141142 0.02359964911297076
65 0.02190300713074497 0.032810020645838364 0.07547931087612905 0.0714372954962596 0.05425414440980217 0.040767983418668066 0.06365928706307233 0.06735504310877898 0.05414106211391345 0.03611217059083752 0.05732986131836418 0.05577479179415799 0.05693294538144158 0.057603992032329736 0.05253669639648051 0.037500304656408814 0.02227811604481563 0.02863423736484709 0.07183339396719762 0.041656336189912234
66 0.05794003855050044 0.0276837373743626 0.049360693492198904 0.07452139404999553 0.04174330584703906 0.045340345978009663 0.09458434729941088 0.04687056492209816 0.06096530378672225 0.0061579448245653095 0.04939495695170209 0.061319470069960344 0.04108951291745954 0.09954846212598692 0.06157332466210524 0.06305741552997346 0.014532813725134612 0.007615484268651689 0.032248872403118745 0.06445201122100444
67 0.04342909716060045 0.04935440041502569 0.040095411673933525 0.02271856875938056 0.06345327402563819 0.05102256856726299 0.005186419547523143 0.022432086878567067 0.09785660200683373 0.047661322060931155 0.05983775335878716 0.03573058021972009 0.08213292140303897 0.05295234020756966 0.03552019742324785 0.03916280629215231 0.04701046695216088 0.005038956997304008 0.10576500168860331 0.09363922436171948
68 0.09458156025825673 0.0871616094866868 0.00840762951030604 0.06389694940475163 0.027870409079946177 0.08710078293412968 0.006840509067580379 0.05557970091896809 0.0705168220476118 0.0881397125011052 0.002195330896294905 0.0199419330716418 0.02890464378018906 0.05756059059090788 0.03356236491616316 0.024459527061023605 0.05407890822283796 0.0648209099021248 0.06343542202813664 0.06094468432133786
69 0.04230350263600591 0.02670889610489674 0.0595100230110222 0.040939274868553324 0.059614199525534935 0.06832510455215163 0.008264085963687698 0.056602830424330085 0.06770870026854668 0.039371799631346724 0.03793380003984164 0.057039896603772705 0.048676438357871145 0.08310721109754034 0.07552108312520564 0.009361665508698484 0.05347910217403494 0.04459396539743152 0.03488906915256746 0.08604935155695999
70 0.045289451756608194 0.05923759147740799 0.049542778211035 0.10092224827281931 0.03429919303082049 0.029544812510594334 0.08517799980120788 0.006856985020751944 0.03371151603413782 0.08550573871320473 0.022086680029751612 0.016429801413354858 0.03163313369981168 0.0017341700997687503 0.05148786120535678 0.06524430109895306 0.05868019014820673 0.07420891012596591 0.04888393301117752 0.09952270433906542
71 0.07318734515526183 0.06647720178936792 0.024879992287150914 0.07916806140787559 0.05297714946411605 0.07292621438148021 0.04477711064253174 0.06902634885954113 0.010469431578541431 0.017468313886136143 0.020510382759080393 0.061114125566450406 0.045964834582952564 0.06861821064460165 0.04166111427513347 0.06892990660451459 0.0028703331754625755 0.0608627863523401 0.0717281726346994 0.046382963952762105
72 0.03012812335432713 0.018117634126154993 0.09550226926087928 0.024666571166992515 0.02622195819347425 0.07135160382341656 0.0783069502338023 0.013784772956538592 0.04298408545604082 0.06081660457455062 0.04268856895403245 0.08735224815300587 0.028015734453275213 0.077297302468148 0.0021521112050352205 0.03885102370348525 0.008282777505425937 0.06595628337280737 0.10419954483258002 0.08332383220602757
73 0.021112391505365095 0.06221467843679612 0.060219469506364656 0.0804501364278549 0.06546958758188148 0.03915999600658759 0.04658802133871823 0.03052859717909686 0.08836029194050536 0.016334472899139505 0.06420816395418401 0.01453409821720992 0.09268146061504053 0.02931147665077581 0.0508624982063492 0.043973919668262675 0.08665349111189144 0.043355392900979714 0.016064919055100938 0.04791693679789589
74 0.09023538126208074 0.028408902804710322 0.08147583325251945 0.009747258674893995 0.0026517582387734174 0.07989540283848195 0.057424781563198864 0.06800564241118319 0.0350831620310072 0.045529527575608325 0.07682137467581283 0.0018539501766765235 0.0796174241788267 0.004125880138351346 0.09445263924447286 0.005018970837449618 0.04327652816782172 0.07097684023994923 0.07183610154582268 0.053562640142359015
75 0.07761974969172854 0.005198909851400194 0.04492025039818219 0.04888280207204198 0.0789016188283335 0.04193109357941924 0.07018199238584633 0.03857979446350015 0.00035685694566802345 0.02864991668751224 0.0716060875681165 0.02552260754718026 0.010809062332940256 0.0843548087315302 0.0420183703832489 0.05959535987900822 0.05578163953064253 0.09563249552097136 0.0417675969108875 0.07768898669184196
76 0.0015942580909417278 0.09038285542510054 0.08208076807272244 0.06501180561523241 0.05731414615095562 0.035248854082772965 0.06526923742093489 0.027599839952504066 0.058565956236362265 0.06435727992432144 0.08063844934161789 0.058769285408888636 0.01156345802724456 0.0802403365007783 0.020546836496871394 0.02769526271073615 0.01489969715606264 0.0878362156340528 0.058345804888967616 0.012039652862931495
77 0.09405363910896314 0.03643704475959236 0.042160928609644335 0.028547406335605055 0.0963187390027784 0.04320846534230905 0.08106188882589771 0.03349605750722381 0.012158870569568492 0.06191473792661416 0.018501358415573557 0.013011936580079559 0.06166107325746709 0.013192266705804754 0.0612316325904199 0.059527198384342284 0.10464946510741524 0.0682598704112104 0.0007411675635913378 0.0698662529958992
78 0.08828314205834623 0.07345131616336291 0.09634970368771345 0.07938311352756626 0.023686065731281784 0.012360334187790725 0.04230666194380167 0.07086939887970506 0.044830770817219034 0.012931960916179585 0.06274656671757393 0.03897270607556458 0.04100027427824352 0.007167545736616688 0.05272446947096366 0.030149209811107504 0.11479973423259615 0.02617192191712355 0.0545185418958266 0.027296561951417105
79 0.04297275029760954 0.1092351026947714 0.05177434211309893 0.07541199971969137 0.05993872884975608 0.02929413757282528 0.05495046533868311 0.004417734314113354 0.04244932791879906 0.0032107208456579653 0.03789069578942233 0.03444627486373831 0.11006159652087945 0.008889975765585657 0.07495854871552986 0.07881391041334412 0.029581160077584483 0.03614959412632457 0.08556130110711604 0.0299916329554693
80 0.002894867192793732 0.06779128246906778 0.07928662192381956 0.04376932458683091 0.045776234115460994 0.08667837533323562 0.042487994868420545 0.00689128645337457 0.07696796166215632 0.018753923598598937 0.03130444511110466 0.07318074967809061 0.01238547403734463 0.0727600295007083 0.0026512372883283923 0.08339150075496489 0.05993847096195351 0.05487591940590973 0.0876067087230227 0.05060759233481351
81 0.0393206013441008 0.1130012170414722 0.042927465081663334 0.06909776121091606 0.03904688995506424 0.09008665064341986 0.080761370468193 0.02217970391271118 0.05267483622946927 0.060184781238649454 0.06833925460476814 0.020002688682298958 0.027619638877573165 0.013044645318219385 0.004929763704093562 0.007118858098934123 0.09429972337915765 0.010930785776985008 0.14393093895762107 0.0005024254746895406
82 0.09514481967507951 0.040353982246088646 0.00990328849938342 0.0009979909284942047 0.07082548350947226 0.042042776626712915 0.07763605353093926 0.06820238405661586 0.08541310128741737 0.02561049938027434 0.028086123755402908 0.06739553967290257 0.05380892619297523 0.05033196980312878 0.01912742238762203 0.011106104815101379 0.057178448018788845 0.04694354739568854 0.09137900233500175 0.05851253588291033
83 0.0035514580677505304 0.035403919390112656 0.09274183148732097 0.09042113219924156 0.04249800510563767 0.04757892723306008 0.03523564885421908 0.08915258830359582 0.09256793162549853 0.025805967234523452 0.045988545660054926 0.012264770074795706 0.019780736445014206 0.011859143410487778 0.08480512333997485 0.0258007695136571 0.04824813273153642 0.051370718266881374 0.08368309042132777 0.0612415606353095
84 0.03403000485689639 0.033632093807000454 0.03538310806337184 0.08988320612675364 0.05115825187808922 0.004490155840299314 0.018005076812907573 0.033670035132859745 0.013174119442687931 0.0015902831893345969 0.09782771485233965 0.07437447506482205 0.09216478518519916 0.08965181645980026 0.05245862853321965 0.07530287829325925 0.01831222650653114 0.10316558387925472 0.07336436429488802 0.008361191780485397
85 0.02274146126755895 0.0631935193329288 0.05689092770924555 0.09587428950031998 0.05816200716345934 0.0840681142352702 0.08455644348187842 0.06416168950461999 0.015441148230834154 0.09248093108003604 0.030405656357951474 0.03956893305381162 0.07546263193833438 0.0699863597975465 0.0183580089083108 0.05032974226057752 0.017657273739227607 0.009447115537412721 0.016376006048628964 0.03483774085204739
86 0.0823040694006992 0.019408159680147297 0.020481032323869827 0.012571512886853842 0.01748357062607213 0.08965049772325763 0.03480372496877537 0.028286378038726575 0.08549614838405564 0.0794222949728006 0.027117559118599012 0.04140604467284071 0.008889274639693672 0.041227348176493483 0.0870548726272782 0.032169906979226046 0.09122190266498933 0.031625450527199256 0.08324838740424557 0.08613186418417679
87 0.05979214702885571 0.045810591103793444 0.0550097319452774 0.07341654590062704 0.08367958066587594 0.05075413379404654 0.05373004505883476 0.04291323977927421 0.08655730682098092 0.01765032509272631 0.05424500487603676 0.030208602214807253 0.02608950331638508 0.023950188193805334 0.10470628296284946 0.01374229619953664 0.02458309854115551 0.05918337896028257 0.0844883231184218 0.009489674426427334
88 0.04290672041960515 0.08037647757825025 0.010401433438338908 0.036607850128195514 0.02794413033343865 0.029912604621822943 0.08016336208919117 0.04099894343476943 0.003958541738539241 0.0029904107015139604 0.062836611539216 0.04317318407856471 0.07499383871310726 0.09370566804932626 0.08319010491576273 0.05382367990072976 0.013793065842707035 0.04524470197872936 0.07330749326746304 0.0996711772307286
89 0.02316356896794321 0.08247262690091994 0.08275768247309011 0.08827487466493965 0.05702995655007036 0.05514192651852728 0.033108988517254995 0.08235944605709074 0.02472577281728254 0.046641772570952915 0.006349415973594674 0.04940135136923543 0.00730462954885576 0.040955085670723604 0.04312835604130721 0.042047217504770876 0.040548031354309864 0.07548968626810118 0.031678863087381784 0.08742074714364781
90 0.0958870037037758 0.07875019164533939 0.05898414280042148 0.08048122091311037 0.009604290799326674 0.015918859566631454 0.02475654279812039 0.05775136507530268 0.03633291823027789 0.0775753401426545 0.02253883054986989 0.08379978194003192 0.04454320528628481 0.03524764947909753 0.0552473114084263 0.043025612423119926 0.06433711862433726 0.056307035438912995 0.008468004076293124 0.050443575098665754
91 0.07303257952316311 0.09466150968274693 0.013227055310574777 0.05554444560935081 0.014678167662144944 0.02654458745439064 0.009867584173626215 0.04675547184570737 0.05600233497066452 0.05465119677769239 0.007740397974892522 0.017345158531557985 0.08261972648720567 0.09253141286261361 0.07864261662880417 0.06224735131745823 0.08448743876825034 0.024261374727229477 0.04912639686992836 0.056033192821997965
92 0.0553061293955101 0.04091383731896798 0.08472920231030802 0.035935638371438275 0.08269251782939374 0.08535646397061858 0.043779755876669095 0.07214006758393567 0.054238397430650495 0.039428679180208835 0.009363414038212687 0.054945669409684816 0.033560134653474606 0.01015018656028752 0.05015339185133081 0.055494910806596826 0.02541907840883599 0.08246551893996856 0.00766948641061919 0.07625751965328828
93 0.08202898033045629 0.0018758978839680043 0.02892320331917216 0.08667917972543072 0.06360674600163985 0.07767143752804145 0.01944425450456982 0.02858100815227152 0.0536054813586134 0.006414791468031645 0.08527039429119668 0.04142482546464265 0.06451387821112756 0.00022868062694108795 0.0808104057607717 0.07504820653853797 0.055253872686109054 0.055040972313869375 0.09357358223129993 4.201603309094294e-06
94 0.07934805627073974 0.07571551803643872 0.060865688540921656 0.031203949776388604 0.02086200503690449 0.009078874022790766 0.05960537211956 0.062474953207045186 0.03895297523151401 0.049069772797777064 0.07289518074062097 0.07956911371788168 0.02932402447771798 0.05781653572824037 0.057933310244588865 0.01589476558217162 0.08167554001365324 0.06765434625013178 0.006514065320488787 0.04354595288442443
95 0.005261247326566388 0.09035977426409664 0.06375143596091636 0.059070698610800304 0.01065950407995343 0.037952287171573514 0.061080335663116096 0.01308980099449646 0.03275578330724416 0.02130154986582928 0.056269355351179655 0.09250209592522739 0.10042667243123478 0.030726762139513666 0.08630716392436029 0.016250690418935048 0.06027146342978049 0.0801331103502936 0.032860150119728114 0.048970118665154556
96 0.028823324106969913 0.09960670685617207 0.10410280923323027 0.017522390290298482 0.050580698054104645 0.0564157028446335 0.036026026623755446 0.04105524607246734 0.08383927660386435 0.07832808244579198 0.013817806674520266 0.0009300320027927242 0.020293266970759314 0.05524472505906925 0.09723682903892623 0.0693266535207834 0.09860357190201499 0.036725322897938666 0.008898584679129549 0.002622944122777603
