0 0.03273453407550903 0.05113703007365473 0.08181623996624056 0.047975358020570714 0.08583679880109818 0.09981397789144371 0.07375771237317778 0.0013171664320389249 0.10682959375731768 0.007537010100454284 0.010898655252382951 0.06136360644702112 0.007799064810951673 0.007247373330241879 0.07868606850161312 0.018681384406617155 0.04398371206704608 0.05190350922618417 0.05052304814869548 0.08015815631774093
1 0.09030535423324654 0.056619661650100614 0.055670842700207404 0.021872003534080336 0.0816004790775132 0.07818936253597125 0.029746288209443635 0.07032496372646642 0.02624725766276853 0.03294911529583225 0.043875574905695054 0.04027860538398116 0.09493304906040553 0.08797637872903033 0.03836887588603273 0.03373047634858503 0.038933580855236787 0.006114295613738022 0.0093698142367874 0.06289402035487762
2 0.08317740668089055 0.0628830182294431 0.07492629489954145 0.051248365732118294 0.07500071184403916 0.02195788317219698 0.06208833709969018 0.04636930589055312 0.038613912948981644 0.03546652373690088 0.0574519769541723 0.01191990728506277 0.026667285615438935 0.03539073601255362 0.07991880058529757 0.08329047319591613 0.02118903556317075 0.00305486146194375 0.0461607950174925 0.08322436807459646
3 0.027915925327679676 0.009590146571835774 0.10826547430729845 0.023988862198599834 0.01292197167522326 0.0817366723377381 0.09371113293387467 0.0008719696562561182 0.04754966369488811 0.013248361040336758 0.09570618335725983 0.05055083216742987 0.07901358945412056 0.01190490054213081 0.0193471721602727 0.11055262202388 0.09194802270574262 0.020647001673107276 0.0005794624531674147 0.09995003371915823
4 0.018668204519956648 0.04460204214411947 0.02432118142785217 0.035178126195807055 0.0719177947919417 0.039684826557271076 0.0959893898440093 0.07225347412195936 0.05602068071544112 0.028079641596127126 0.07031328857811238 0.09150187238704775 0.04189525842571843 0.022610212746871958 0.020148459457525775 0.010290355855075031 0.06536544569182182 0.02194084415529487 0.0852112717362979 0.08400762905174887
5 0.05007180106919954 0.08617537217085519 0.09656234426829344 0.030525512770850232 0.06125564996661059 0.02280289578532573 0.009998245908173695 0.050656101220256364 0.034575889557842056 0.07161617042509275 0.06027432218182476 0.0026767524547111885 0.06360809980750547 6.553664827654335e-05 0.09627108693386016 0.04857833507175567 0.062372258258014596 0.0412399139775675 0.07783208288631413 0.032841628637670546
6 0.013035127218471007 0.042234815942813524 0.09400881856232711 0.056596087578123726 0.026903392198111206 0.012605874646750245 0.0480011840646158 0.05894533434512162 0.026407630770415885 0.06197733475776673 0.039826645242251976 0.027742589188207017 0.10073014058828865 0.07359629769139694 0.03650039333977931 0.005619173799983274 0.08290984008367916 0.08785320687880978 0.027543339136788678 0.07696277396629865
7 0.026852874819303273 0.0037097109703212168 0.040688986329243004 0.06490684976231229 0.03783691803082242 0.07819976173253534 0.04547126774270358 0.014476634135622621 0.10991666418010337 0.0020118576855723113 0.10142903859673921 0.06385841942143819 0.008976695007988271 0.05412144957457004 0.027689641336505047 0.07835098617241489 0.11024954956620835 0.06002227404279965 0.06422177854836601 0.0070086423444309905
8 0.005006067986999778 0.0028514045336888744 0.09701111025607666 0.023434218663265758 0.04228740996205515 0.07351337801775155 0.08444172985034283 0.07236325373815714 0.08910847668854693 0.02955978327634392 0.08517306058782868 0.018589940791617385 0.09008140427320264 0.04737478467859019 0.020318724304107905 0.02570272972601183 0.06004513017407492 0.04717379771995103 0.04860661419988258 0.03735698057150425
9 0.05988388226070018 0.08775314789307002 0.06794708550080268 0.028694530393723147 0.016468839824487918 0.07187406952546317 0.041269710828626696 0.08515863353541292 0.06705573023711128 0.08869222101292286 0.1047069769856658 0.023775107900008197 0.026692407963153676 0.03520473932783402 0.003435576871833297 0.072616385857711 0.0053261385673135 0.021638038108788598 0.047285496757188586 0.04452128064818234
10 0.016495727233801088 0.0038619104440264884 0.07821792773241294 0.041320030990761925 0.10004178950125608 0.0905637049586984 0.09749262577110249 0.07446606214400735 0.025760356369935445 0.05520838756321364 0.061803478800729936 0.07191717345728141 0.045627790179817926 0.014220369594472655 0.08328732232954299 0.026770774098528217 0.02892551204606217 0.017183112259858753 0.012610139960337774 0.05422580456415208
11 0.07907102953559683 0.09376921681226658 0.06342623028327239 0.019411433287133746 0.0752711001301207 0.05557307107988652 0.020895600519620503 0.06492112020138179 0.024621004756185942 0.03793433754764361 0.03770772226225342 0.080269560286893 0.0808172323193619 0.016689989682982655 0.08045073459612674 0.05919811635389245 0.0275233135692092 0.05525371675833773 0.024808587649203483 0.0023868823686306953
12 0.032230293638224994 0.03814244141683256 0.03784146794580131 0.02385086884264033 0.001161026355384199 0.010550867052819256 0.05706101686360431 0.09431090524391698 0.1140301845101171 0.07992783581687832 0.1120402060115829 0.0084194520246729 0.0035445320718694726 0.0471968758687591 0.10802111519661006 0.04612949532708142 0.0071525374753881234 0.019120786213359373 0.08379278819948716 0.07547530392496993
13 0.033307505626361096 0.04107473824236786 0.04959956855305925 0.09420994889557915 0.02478596176272545 0.09235456530050636 0.02733908229826127 0.09307301355126868 0.016204312056216585 0.01099293250017278 0.024014205604414054 0.08445733677667003 0.08897770066982835 0.025120564249949934 0.06643892251382917 0.060241743607770876 0.07295164567514824 0.052241865301713666 0.03919672002121637 0.0034176667929406456
14 0.08031251460165544 0.07624823241600184 0.03243091511944934 0.012031551869733053 0.04581817180576464 0.05051889778731307 0.04113710554017518 0.09070253163971657 0.007818238308140223 0.06432260551226675 0.0778982958551191 0.043898351738648624 0.059495160637463 0.01987088948912233 0.048696353085915446 0.07417638037167279 0.017930748044045628 0.08775089321900896 0.035173502586127975 0.033768660372659964
15 0.10463587867395763 0.07325105413942044 0.09451005439590297 0.048445086554102325 0.010947132781083854 0.07650732290542084 0.03620278439903717 0.025481049428654208 0.015733352544223554 0.04137660026368625 0.09946858411120549 0.0372443159276481 0.06866188770654975 0.0501087013943513 0.012178486591072693 0.020287042233228976 0.006262595467154405 0.023103543601659542 0.05164410107648835 0.10395042580515199
16 0.011811486370841989 0.09930506205422142 0.10115642455515525 0.008216663534362074 0.008042597692485536 0.025124866266826102 0.04514785066937392 0.07141988816064027 0.009133208119136028 0.10436560701579792 0.019450086701445816 0.021162384022323084 0.06155083543675542 0.01727907136727418 0.06569672016904964 0.07379424637484594 0.09028106093067419 0.016345658840936972 0.08314661532736306 0.0675696663904914
17 0.007443511741702733 0.0748000921364656 0.03605522730705541 0.060105536961404464 0.03867838843472693 0.04812492669660807 0.08738492851479558 0.040769467105838446 0.04915587674654203 0.059109251740056365 0.024138784368183966 0.07959825891891371 0.038824225907152794 0.04599236981610614 0.03563163583999466 0.022399020390153734 0.08192372213768427 0.06424363183854427 0.020537245279242958 0.0850838981188278
18 0.04872140880438262 0.07761024600130573 0.019102705998031298 0.037678559014723285 0.05296630405221831 0.05386907480902736 0.08775194681995258 0.007412942478330126 0.04267887377600591 0.10526626878390317 0.048530902000577886 0.09021029062454439 0.0021317000304881505 0.03131195962086856 0.082517189775539 0.03941348723612642 0.10038938166207681 0.012032231346485282 0.06003493757714546 0.0003695895882674537
19 0.054298260414033156 0.0797406946793366 0.04977961988860367 0.05798732578291719 0.010732478914455498 0.03406897813806233 0.0562863757714395 0.025389849387443774 0.07471883644572869 0.07440745868682119 0.07223517833358914 0.027185545109314892 0.055830952886159226 0.07766241394262209 0.05154360006597412 0.0012781505350601813 0.04568358249090287 0.0464458612387535 0.03489319816681663 0.06983163912196579
20 0.0040753774262065005 0.04028953168338101 0.008131499089353761 0.0257265246345863 0.04133247645827287 0.011129790479397767 0.075237946051904 0.05862634594755204 0.03553435408632045 0.04450829310950061 0.0832301501820908 0.017002695541802896 0.048058672101748696 0.059305775924467105 0.07986642504539769 0.06548836205302704 0.08057868628183187 0.08294856111400634 0.08922411564551078 0.049704417143641724
21 0.07801008409094608 0.055463814157203466 0.057363736338984415 0.08039593227102987 0.0402232584897114 0.04649411722278257 0.03743509456082635 0.041807596674589026 0.046969297140877615 0.021795546981704404 0.042610872933142516 0.05863028024602899 0.057184085577999956 0.03472357724927332 0.06962064620699428 0.0253630036860431 0.033018325123305256 0.035514469818312404 0.06433509874341296 0.07304116248683218
22 0.009239377698058946 0.09018138037104508 0.06843308813403014 0.04289469601855605 0.054624563580071485 0.07174804231099474 0.10154214250615506 0.03128973426322252 0.05838616236518351 0.029905602100996565 0.0011904943860296545 0.08793223324741947 0.03613806134738635 0.01036337069443285 0.039609304189979815 0.06519460611159728 0.05660054558245932 0.0376532807941077 0.07269384276438834 0.03437947153388526
23 0.08568710173019539 0.03642009733091937 0.07040359376176906 0.08919177047547185 0.01798275038765732 0.07233455248266667 0.07508692802647045 0.07337274935335217 0.008979933101024455 0.08132523483420134 0.015846993819523553 0.08936148478640746 0.021807724394285622 0.009620806383910493 0.06315266500179216 0.03507172979761546 0.07765261709992181 0.0070306123150905425 0.052903452977654544 0.016767201940070267
24 0.07468204324607783 0.08435666339926177 0.052285880438084985 0.07788137090788963 0.040030425925543046 0.01326724541182283 0.032525275867105116 0.07466065758212388 0.029666537628338447 0.05409808066728818 0.044407119715899855 0.0768495058421779 0.07767465174664193 0.04570844551727509 0.03731215591379866 0.04891739037916592 0.03753505085597412 0.03924249208521009 0.05134612599351021 0.007552880876810549
25 0.03761601727656665 0.025157545246059475 0.037042668253337414 0.03899025631329511 0.07081539374814409 0.08338946465589808 0.04985696348049718 0.08203834894814793 0.04529889162955371 0.06781751919270386 0.04567455384903725 0.05636069671014539 0.08937522698068745 0.029458729446258304 0.006131118819122487 0.061564192029890455 0.029796152590143045 0.03374942906814762 0.054753051070967076 0.055113780691397565
26 0.026944697311227506 0.05640528748788628 0.01569383953852495 0.046979749482665735 0.061504661033637414 0.020783845336304736 0.04719471958483948 0.018397264951713403 0.05404021282300983 0.06176393148882808 0.07520002715415787 0.020035131110752846 0.043772107179740956 0.06633927813297709 0.10021110805843202 0.022486651966500928 0.020818912250113567 0.10464238128115753 0.06755916050892667 0.06922703331860293
27 0.03472175900659839 0.01663211494781088 0.052168245779972776 0.009065106431816565 0.0275610709327698 0.005035665558711819 0.04902216680471136 0.07911173273265842 0.08836676534547525 0.03635764627252872 0.07850509566361533 0.05427971471530073 0.09382470814304876 0.001153055249399868 0.09559360874826735 0.05860500407196712 0.0793448961438421 0.03160417008989396 0.0025651258096750676 0.10648234755193572
28 0.055696333411979236 0.06084040607290756 0.08034033818863591 0.02689017323829602 0.06921614155861805 0.06138838409871891 0.03390594654126182 0.07542456004125259 0.074101096210933 0.005968021569037968 0.019493727764597686 0.038927640357274376 0.051495805953688946 0.04007301423259491 0.04782874724738422 0.05733267856648895 0.06399629975893723 0.03526160327996767 0.07867818602407399 0.023140895883350946
29 0.03519149438910414 0.06458706218356924 0.07081440895129609 0.083475470351898 0.06989685108107488 0.058990154080494184 0.03240940740514471 0.03643523109362634 0.015227548792617888 0.03811401401082738 0.07168574390204126 0.01669473860371381 0.039520785229081846 0.06518880548171174 0.052528036521209825 0.043938365539488856 0.07069287018925496 0.0561693603412279 0.06125944460699702 0.017180207245619906
30 0.03704123468140619 0.029921985132016295 0.016682604292429598 0.06254476935817975 0.03818585085626644 0.035362826280721585 0.05845935511304508 0.10724398335169229 0.06802275314634955 0.07473995326822443 0.06688022309775402 0.0499881608692063 0.001550411387831882 0.060896727779592714 0.0007813772137288294 0.11093014545304318 0.011442578628687836 0.053218869047812346 0.04695501848104726 0.06915117256096451
31 0.08168722501277284 0.03858465667557554 0.0916902401527677 0.02813772711021284 0.04869884086172294 0.020776245769997502 0.012426937277928684 0.02716844848788789 0.06350543059159582 0.0788901734541332 0.036731972023680594 0.07926333780855677 0.06431518876052973 0.06315368181497995 0.026334265882939214 0.04821972702615357 0.06665350148814156 0.059741906587775666 0.029367117985952464 0.03465337522669532
32 0.05073046700617486 0.0016769502547452702 0.08521917532476339 0.04242211661399447 0.021779091853435156 0.07337676866814813 0.10397355819139395 0.039954381296774075 0.0003869996506899892 0.08395414061006332 0.04075812801407537 0.013356540055649865 0.09707827390430433 0.0001698779285876976 0.049342432780031954 0.096469466255343 0.002899077138766635 0.10534352296681648 0.07586116519746725 0.015247866288774697
33 0.0771471806946077 0.047783206377583015 0.07855605634747426 0.04645119565150899 0.08660641765396374 0.07462848444275215 0.020376850005118338 0.06982987156812683 0.05522683482281357 0.06350976005952046 0.014488877726090628 0.03586951334616729 0.030346035510755844 0.05984459131302703 0.018927415235541013 0.049354169921837034 0.024398665347809684 0.08563318487129828 0.0076301109995806525 0.053391578104423514
34 0.051078438372630056 0.03168787686862577 0.027827211850475753 0.04246382849764146 0.08472056966357773 0.05382592692273537 0.0670618376611781 0.044497793823775035 0.09289782034673712 0.10589952186713804 0.013256203749962227 0.012596948754210297 0.08931629689792696 0.0018060165765706891 0.008588026808311021 0.0019237915999607033 0.08675973997100321 0.04112827458055434 0.032686281030489574 0.1099775941564968
35 0.026084795689046845 0.06288510033681467 0.025159289037335445 0.08588808278212617 0.008626976454772532 0.041932494894503104 0.0936076178685709 0.0281305451633181 0.08923417910814023 0.06752626723779424 0.10072305089944451 0.05955834575030494 0.008669476492637013 0.04166784072599134 0.055711638538578655 0.010341605097454082 0.04888865682548694 0.05321226824050128 0.021391608101383564 0.07076016075579543
36 0.02503551874013579 0.06452805713008568 0.09048205846999914 0.014302713207685171 0.09304274221436502 0.06933590022084363 0.09502389338303169 0.12953167750984285 0.028968994772217493 0.11532757136907197 0.03027486137963324 0.061818168665629336 0.0020565854787990123 0.002485313953723217 0.017190030986762767 0.057779330039399196 0.06976702402130736 0.002182370401850446 0.019093775045301062 0.011773413010315821
37 0.06326404667548848 0.015589073583265941 0.04591883749124943 0.09308701789675262 0.06123150489218553 0.1027793429896631 0.1009591299258818 0.07826961533243762 0.043399098943104716 0.019838102738966853 0.02533321429376552 4.4728168938029814e-05 0.03293816990348747 0.08065030032886701 0.010041186629984837 0.07849421415197415 0.061882292803422084 0.017605351022694518 0.003721313155598062 0.06495345907227242
38 0.06890790960587641 0.08223457472075457 0.04356833876105907 0.04277473062839795 0.015251764386256757 0.012120568088297291 0.06325493195342988 0.026642849760971254 0.06846029806357778 0.07455100804733779 0.07649972936081656 0.0018943677970343264 0.05346081217789661 0.07120120159381459 0.052731358716092476 0.0001949544248240046 0.07745104035613225 0.0608996223329309 0.07731067106994136 0.03058926815455826
39 0.11157779235605832 0.08953887478170093 0.07346549584353684 0.06523924508747685 0.02685242355037111 0.002026456994443114 0.0042627859208353245 0.0007677872391225244 0.06753280347565951 0.10110875327174168 0.06557575874406812 0.0656999911741813 0.0320676077195023 0.04584702334961206 0.048167180265383455 0.10201854866366863 0.015284748800695407 0.04622936167038517 0.0020654844795372418 0.034671876612019654
40 0.06627649660490276 0.03826410179670276 0.053131058305643894 0.024830478813335867 0.0020763090346451337 0.11054203657925374 0.036844884861063645 0.10711132066230339 0.02297358394432174 0.058836956745805295 0.018324010329314792 0.07219522094841772 0.09011726165193171 0.10415222774832437 0.0004518858535896103 0.013281344439181093 0.05549768148315766 0.08115989311830424 0.03400938411654554 0.009923862963255113
41 0.0382494320279529 0.08662231117363933 0.001034252472454957 0.022619901387781124 0.0008777783165061704 0.04767583462179578 0.10162127565071065 0.033603154698496625 0.053284958335144676 0.036501824934598054 0.005452263612389656 0.0974045411353921 0.09332675035474641 0.038201989071648366 0.09103170250782995 0.04672094336721805 0.08884915412321759 0.049866640414278435 0.003078878794930044 0.06397641299926933
42 0.046694731619919876 0.04488516212571686 0.09273234061574231 0.06863863994081144 0.03711317516573823 0.04388923536857108 0.002385177181090007 0.034351450539922876 0.06884875521559031 0.07170048427876213 0.06293160089282095 0.029915753422391732 0.009868498100229195 0.08179411060687486 0.01667535406561999 0.03072285015482575 0.07863739912655891 0.07834575537288935 0.09382428541076472 0.0060452407951595375
43 0.057600601395686346 0.05700493336501284 0.09032708669135733 0.08842359463649546 0.04407890627218824 0.05013619285220693 0.09241085462218067 0.03860719259718659 0.006707057066313655 0.02492757790443415 0.018148562929791796 0.01723721180098609 0.007037662073259712 0.08326144882342015 0.08514337851119551 0.08079624604981686 0.02438839754756486 0.022046338113897796 0.030774541010058606 0.08094221573694646
44 0.10340042495899987 0.004763408248297837 0.08023984879334511 0.011362431047981044 0.07967117554912907 0.09295488846986724 0.08138226788834045 0.04848955633479876 0.10253049433121791 0.0666664247838905 0.028094900934362562 0.09141174366531833 0.012586572027216057 0.002253433098546827 0.008715660935323506 0.026926871855281125 0.06796411306451708 0.005951998806674899 0.052237711772532745 0.03239607343435892
45 0.05482072778992963 0.04747784679576099 0.006974645691425334 0.06453864507545898 0.07566217656036603 0.0746596790799905 0.06145188592117119 0.08814335499319148 0.08441330970181934 0.025930126608943557 0.00013366018390884187 0.050094455165603735 0.010657586813843692 0.022784245609596805 0.07864813512118782 0.05137786238734484 0.03480000791452222 0.015551008902944103 0.07624661860362723 0.07563402107936333
46 0.09677835185498893 0.0021799077856517962 0.031233300667587664 0.030594284083997766 0.06406729290092046 0.09404594323143094 0.0909727951033968 0.022456165263466006 0.09663992949727249 0.003453222901077882 0.07011966401059974 0.010007899231974763 0.05004607557419949 0.10446816410275689 0.09643665130066872 0.016563088943541547 0.05082473278072465 0.0417623814138205 0.005033597525975659 0.022316551825947592
47 0.014015130530597721 0.0723387848935504 0.06253429865155848 0.07296599101159722 0.05317814420336667 0.05308544606998804 0.06383884312442245 0.025437527664189413 0.023211631809073978 0.07257932544340553 0.07377651235121194 0.03951133613212083 0.006269297132095679 0.06200518189314277 0.00278976570675582 0.06759212203595176 0.055657678038117935 0.07094553990493797 0.04590068204548538 0.06236676135843017
48 0.042586476059423756 0.0883023025569656 0.09727236721993461 0.04530164399816718 0.09880560559978614 0.09262596266507421 0.030907611993884167 0.008730549869948413 0.0705759753612779 0.024003653932921865 0.057268707526433364 0.02439254855831232 0.031006873076849448 0.10021977236829471 0.027843151875539422 0.06117590736586236 0.054500802128489484 0.018794411566558252 0.017485387894401273 0.008200288381875595
49 0.00616556609561972 0.055737530166491224 0.016046188790460016 0.01720992446903783 0.06769064867887595 0.024150304643224183 0.010182252200865364 0.016316958684717005 0.06179802989025079 0.02409000644942608 0.07753104490280889 0.07251421174809981 0.0996529667745909 0.07257978201661372 0.0796290444919425 0.07531161820262906 0.05948010389293752 0.0645245330259514 0.005781345996570909 0.09360793887888719
50 0.04718774271995425 0.0899289728116472 0.0874388106955829 0.07115844992590803 0.007464523097499482 0.014988238435582227 0.05324536695212691 0.07048505186580986 0.030762244128857606 0.025988016856629048 0.0890742383012451 0.02046682660739743 0.007403946474948734 0.1019047194688234 0.007366682307206663 0.061936350736287914 0.026039962057994 0.11191441088546603 0.008692063935270593 0.06655338173576249
51 0.01479020448380175 0.08403484693806802 0.0398134586061629 0.0758433304297659 0.046765121285842995 0.043295088373818985 0.06549695409176738 0.049117123781107004 0.021533683504677513 0.03237287643115573 0.013766158726310023 0.024800842977170074 0.03351627540565026 0.08954053610922921 0.08495512799000483 0.07882164390723558 0.035993858484078815 0.06782711380614675 0.08718720179143342 0.010528552876572993
52 0.09568261741069307 0.005130228049962842 0.044854066237814356 0.03841695010830348 0.06948507477346469 0.038102183970021325 0.09264202848056702 0.0898867460288063 0.019636645122732166 0.09237929979390533 0.045699801978382915 0.0639691586254076 0.017285992431428577 0.009705234197837073 0.05907368913002921 0.014177237843019195 0.08740077781641836 0.011421666536097528 0.014988005274209758 0.0900625961908991
53 0.02544970850193843 0.001707720914339447 0.055876707130387525 0.029475867017796628 0.056076714285606226 0.07791144861492369 0.05331432586981312 0.04657770826451182 0.08476441165430407 0.03916121328699136 0.02374356545714499 0.08484881658095969 0.06987673453983749 0.05246523658430433 0.07554589264502688 0.056916274377617766 0.07799255433940115 0.019847785686825704 0.010897612147625434 0.05754970210064429
54 0.04536737496171117 0.04000420869321903 0.08503269356266334 0.09623839727407935 0.05577935705384154 0.0041154323865745975 0.027777707197341413 0.05846873788237612 0.019723319406401433 0.037199459433766534 0.006492646826030191 0.011999313335367886 0.060129130832727314 0.07550372472494273 0.10251873005950132 0.07369075488386864 0.02219694897349908 0.08315620158502393 0.05285194836085148 0.0417539125662129
55 0.03403202883453588 0.05174054059986189 0.07288853010266613 0.052677302155507005 0.04792151691238153 0.05765090712627341 0.057613827211882664 0.02424553886079669 0.009870306951267756 0.03361352458775778 0.034743581589108986 0.09179223646178775 0.06500817735872075 0.09157471994335141 0.07028643799475515 0.04781053259505453 0.07708647997472164 0.013918448506710248 0.005274756624212182 0.060250605608646514
56 3.248597032265365e-05 0.07166204527928276 0.09513214596063096 0.03226765946352253 0.06926650561210326 0.0006924805602499841 0.03357758332082486 0.0028677565314875787 0.081610338250235 0.08959264084287619 0.04834871270441122 0.09416856279872195 0.04792589822832032 0.07868838082468435 0.03308549893601282 0.08137107433621885 0.06363793374415025 0.01016327044881615 0.040251230385199545 0.025657795801928805
57 0.05071153325897721 0.055200383641549 0.016277233263025007 0.02761414739797411 0.08774719190595438 0.026376043460670403 0.09064809050073046 1.5667094790497386e-05 0.04797161729618197 0.08492598333344649 0.0032801228744691346 0.006498893361799243 0.07998204291796139 0.06467350724638962 0.04152699059460531 0.07891428960189194 0.07663560868482924 0.08527702687424567 0.022745240608998695 0.05297838608151039
58 0.06397239859128087 0.06638303628434593 0.05688640741905195 0.037686094303922786 0.01586099590201231 0.021584664184240522 0.016956887580342982 0.025305545286479728 0.08199236279385985 0.054485203569300616 0.05247191024206979 0.0668817907338178 0.08450383600988008 0.05685290479369167 0.035896619624554295 0.08475682985723698 0.05919695970688539 0.009953460073561803 0.08919594469424068 0.019176148349224095
59 0.05643494413725542 0.04032880311866761 0.06405494652412325 0.015606950620491179 0.10565060627772778 0.08601119754812458 0.028487167363835053 0.003423145162772979 0.08881975510364408 0.08983477245481493 0.018192501341654427 0.014493590101816481 0.008226595511640723 0.061663982335455926 0.045199239042323716 0.1006241423393129 0.06287029973008547 0.061540762261331164 0.004602370742708608 0.04393422828221378
60 0.022236970060931636 0.0169429898190228 0.04847799111659548 0.04387125167282584 0.06861558788377946 0.052490545941572195 0.06473437204521372 0.013186654651382504 0.08640479356298891 0.019686692969179305 0.08103039813562754 0.07530929445276419 0.07583113628361912 0.0222268514297518 0.024084909088386484 0.021642813339467198 0.06672485399378633 0.10269110793106405 0.05781878719538334 0.035991998426658206
61 0.01776610418823518 0.0716694361984954 0.054650873646554445 0.08175331845835264 0.005680879061919883 0.07836781808706335 0.06324340030787032 0.07950700943559538 0.08223391115434597 0.011281848974834521 0.020294517516394512 0.01769429642131537 0.006313457656588107 0.05179559398201605 0.07657362311324636 0.09260353773493363 0.033509066675264224 0.06631271981668695 0.06500576934515846 0.02374281822512933
62 0.019952167525407516 0.07791349692604604 0.04931214613014859 0.0434309463904661 0.020730901516827466 0.07265666504195183 0.011301523794755047 0.014713180036098544 0.07273929518564132 0.050014850419731006 0.07582465151236872 0.035404225259552766 0.05222129851036269 0.06020647500326158 0.05846237370952365 0.03411766319391244 0.08694020960047849 0.05278246442028542 0.037658704686217244 0.07361676113696373
63 0.031752546716089736 0.013679032505327447 0.0932713090860883 0.08906101395133682 0.048670350443507954 0.023844440044684362 0.05001890205782197 0.054226645856663536 0.013968554599118168 0.05960865117354407 0.07503518639408875 0.08498743651486458 0.08565110593081905 0.028343749182745348 0.01788664716324926 0.014359959074769207 0.0666796082329393 0.03752086475532985 0.03645629156084401 0.07497770475616805
64 0.05323943223040268 0.07221667203355968 0.009561652196261159 0.02898710752077978 0.01506990154200359 0.03813219425850428 0.04367363474566632 0.08784359249993327 0.07542482415024535 0.09098513383080656 0.03175152244070505 0.0703839604570614 0.03848547580440189 0.04261625909883598 0.07467953762076457 0.04819982897112936 0.07138912047195645 0.02977234367504533 0.0270499762987631 0.05053783015317419
65 0.018223687986658948 0.050248363038164046 0.001025415173358118 0.005816333919834816 0.04609300704679277 0.07256285035115721 0.011083030663754344 0.0646755413953899 0.07830950197293769 0.050583066010577916 0.09028171382152984 0.07563121918082785 0.061957648278857344 0.036862329887869874 0.08736571564718908 0.07480414521975798 0.04777910808407295 0.030858122608607298 0.011597816344785664 0.08424138336787633
66 0.09934870186559197 0.01555010877493445 0.08977701695976349 0.07787471762400944 0.027530651374577785 0.028506725828642967 0.05622890935462106 0.01991186904064448 0.035369030022785936 0.06534068875397131 0.05060649003919718 0.09104234040820282 0.005926653911446425 0.049328646210660056 0.04697558174488231 0.1012052625786664 0.0033297629491689782 0.07815242152548037 0.020897838305060795 0.037096582727691875
67 0.047692034561193794 0.04930175716327388 0.026650476950550533 0.03408070070009823 0.05336932461282785 0.08938744716792436 0.044571801724262686 0.012517167963441177 0.09471509587540398 0.08197118821255853 0.08930704186116845 0.006708005585450746 0.08103115201542856 0.07360054746054 0.018112375747071884 0.014634168356828226 0.010568632565370502 0.04182483992038586 0.053667899308354236 0.07628834224786679
68 0.012400346831775664 0.017141788263036608 0.08796267830990978 0.027197956903756346 0.06439808642102446 0.06908464865867744 0.09251332290220202 0.014833033908807207 0.03256447121712945 0.03792775389743308 0.028257601460825427 0.09166969344540145 0.08723763341154873 0.08912179414386358 0.008929467457618469 0.013936790779756604 0.04460518610930292 0.023281710769199375 0.06847029618989964 0.08846573891883183
69 0.04787090370415864 0.019463002131895363 0.03369450124142339 0.04062428282347727 0.07868688763081823 0.053545660261717844 0.005909079850386903 0.04041424888007433 0.05619264189736941 0.09438468888888535 0.1071160354896461 0.013197526717200623 0.00655235494329782 0.07872353498517877 0.09551039383665305 0.019370568776914215 0.0149597638668024 0.09966283156809638 0.015952695281657294 0.07816839722434657
70 0.07144805241948299 0.05766700865222934 0.01512064546372223 0.008182371756296198 0.07706795292836406 0.08538999993905935 0.02060828023463743 0.046824054077816334 0.0007752210829361611 0.0346057592087224 0.1088179463729907 0.04753318841708636 0.07098002692846883 0.012223230368463628 0.05216807836582058 0.016075846911702607 0.014907083365656874 0.10274857150983677 0.06946119805331079 0.08739548394339625
71 0.028662100764291574 0.07321896137360485 0.03815052294871578 0.05637490411694407 0.0731350146019839 0.07285445990084946 0.0231631421418765 0.030955728145285293 0.03547708588436247 0.06946093518456034 0.016645965233596252 0.05719021316370144 0.03590399539549636 0.0597942177137617 0.07190799713896055 0.021895587702050363 0.02227430192499997 0.058020715650904345 0.07617130297191599 0.07874284804213877
72 0.06911828421183965 0.0010104537575703972 0.04056287491946847 0.07938063643888034 0.08976895663822243 0.028112776831292905 0.026338965737571565 0.005227788427627454 0.009478209483611158 0.09277463582760802 0.048974190364235455 0.03173398055580137 0.034973082172117746 0.07387812328487092 0.08197413482405336 0.09570935692471728 0.009192974561667726 0.05328044021550128 0.076229579682621 0.052280555140721295
73 0.05952631689604648 0.027530756406437547 0.06321175185758679 0.08104324086305499 0.013627123350418184 0.046427599109666894 0.009747261146588285 0.06706507329691974 0.011689360569793037 0.07497017109401091 0.04104912603101064 0.08170986998522628 0.015928782435972115 0.060627252202695714 0.05368089159789945 0.056363677483362545 0.0373242224277077 0.07784385399906384 0.06000737303693464 0.060626296209604164
74 0.02544521124650935 0.09008735283094733 0.07331075284113876 0.07643856891143079 0.09091840627524075 0.05009046959587978 0.08631760629632614 0.00415187013310915 0.03493076499753517 0.025952848009421166 0.05373453918653512 0.04332797335339413 0.005806931316769279 0.04783662685956977 0.0008633721318881919 0.05594374087122084 0.03197571899700995 0.07925562359618524 0.06916651292549073 0.05444510962439842
75 0.0516246587585873 0.06663371833957571 0.05637413135525209 0.05460973055301189 0.041657230262001944 0.029016639009439724 0.08903397196463758 0.03423980288187934 0.07875475115247907 0.060220306800865625 0.028109778461398005 0.07845021002398117 0.025707579797870674 0.00966349011345265 0.023771128204060844 0.06950190239996552 0.08343044149685507 0.03529072659991093 0.07239085348132647 0.011518948343448335
76 0.05447619472145619 0.06431340823890486 0.061793549418809345 0.01971686277626232 0.07219976996668742 0.03593261699435231 0.03378687146755659 0.03440636120080532 0.0722017258411237 0.006296345624209991 0.07167415313093752 0.05230286963382047 0.01667779574244167 0.05802754348389883 0.07588152995762583 0.014548231263885167 0.05316795379217649 0.0715225936588684 0.06147420413868943 0.0695994189474881
77 0.062472927328724864 0.07596930008411672 0.04823416277727284 0.07078936073948044 0.0681901592482781 0.024115321159808197 0.08345202287843158 0.03440669142397598 0.036548158920617725 0.04335355598961299 0.016311939381386097 0.059601848449037306 0.08338931750794747 0.03193666033403664 0.0729265331945208 0.06105192034277262 0.007815512233827253 0.025379601798740985 0.028781404709923106 0.06527360149748834
78 0.05889065854857294 0.04331413964960022 0.06454169605576492 0.021996780938757256 0.019239595148954937 0.00698324335118144 0.05425711257327743 0.03413216005675832 0.10942389653574368 0.013215502112994092 0.040459406141742246 0.025327475535336867 0.10998859283993859 0.034840873302648775 0.05754990327711847 0.08768745826483038 0.07922896319110637 0.05198599284723448 0.04194376090899926 0.044992788719439514
79 0.051797945002533305 0.04281602757868199 0.05690365657943879 0.026470516108595764 0.06212468029264905 0.046333729110037775 0.046502398399461624 0.06999039435463812 0.07907495938526773 0.04240206149556668 0.06299385372479627 0.055460542308911946 0.07629997340971234 0.005002572004050334 0.08990821863108515 0.03213511218537634 0.07610561937498542 0.0212553500006053 0.05222640848296324 0.004195981570642728
80 0.05623401500781121 0.0006613319499852227 0.07483872560101819 0.07508170730443549 0.0692943715125119 0.028240394685778096 0.04546296870494336 0.06932811464291128 0.08050233004435989 0.037044077438177024 0.025028657928494416 0.010034682757997737 0.08137703305590537 0.012113205957853236 0.01792673391252236 0.0733801025077941 0.04660703412948282 0.07266439515493843 0.0824987513422028 0.04168136636087715
81 0.044665444327131064 0.012723589204875575 0.07201275952170236 0.022224264771029987 0.02937331478704963 0.030314015822207246 0.02139809209277059 0.07906566125691605 0.053049267993088456 0.05074814292649241 0.06683816698075334 0.05624905630745969 0.046601678316155755 0.05106111500824236 0.03320596469302324 0.06203201363783853 0.05247475013136163 0.08447453833756563 0.07373535380122899 0.05775281008310766
82 0.03781251237957662 0.09003162486675793 0.024271219303566263 0.07730088075171909 0.04228496183968252 0.057828299895794064 0.0254505704911132 0.036672382265380284 0.006187234358743111 0.13242757728406318 0.05446463495809174 0.09231180589938996 0.029973632104055153 0.1305388905951813 0.0002201689581551271 0.016742335528474345 0.014745870293277724 0.005409160138143885 0.0766012879815165 0.048724950107318
83 0.04190053457564359 0.02737523080525224 0.05992862132307465 0.10205825992393598 0.05033453594068806 0.0083211322903856 0.03688536866715468 0.04501379706990513 0.06236418987689264 0.10911621850016595 0.11374820286828627 0.10101029954081821 0.00018541544025091935 0.04255271959454498 0.011871959414178694 0.01633126943472792 0.06234484717444237 0.022929279016838906 0.07302380857814317 0.012704309964669955
84 0.08798621582246596 0.01366534792952481 0.06586880362447664 0.0037308351526054153 0.05039197823016037 0.06593630168531953 0.03873090532784431 0.03253098383320121 0.07135019593540902 0.0534948502784302 0.06001154189434853 0.026225452132625997 0.04363598165737183 0.04280735203369779 0.012933933261587677 0.0892600696730713 0.06709691485915852 0.08210164520151236 0.035088041702507504 0.057152649764680874
85 0.032636707655072254 0.035951127086256855 0.0115126851458821 0.10465544972962505 0.05710705747703332 0.03983533203202676 0.05666285259540142 0.07560052669966305 0.015493955457221204 0.026536341853357764 1.1949049059406215e-05 0.044531071404226595 0.030391098782686223 0.03272260922337272 0.09078802213730562 0.09671965088998086 0.0764407275787103 0.006692837020098821 0.08149025291329343 0.08421974526972614
86 0.09323806582331805 0.02314873721846844 0.03478285871067207 0.030492631619913536 0.029002758668943487 0.051826001871001934 0.06726207405966778 0.03788084164689283 0.002666602355657558 0.08242949980419599 0.04097792866763811 0.024710647098934557 0.06794520230486552 0.06834236953318054 0.09247064753722781 0.07864436659633153 0.007729735217755975 0.002116737816291115 0.07743219689015501 0.08690009655888821
87 0.019112908210197094 0.05302303865803904 0.03825691150598237 0.0712830950089381 0.055292624880920904 0.07567895405442478 0.03579014651450704 0.012579886726166422 0.06998619056560454 0.052887338821872576 0.0018788157047906868 0.03835346356467371 0.06509675046915397 0.08446194851382187 0.027521154529268784 0.025995441777768528 0.032993871653906416 0.0739329787274344 0.08813882782105328 0.07773565229147567
88 0.04259813298734202 0.012964044446612387 0.06267526768359093 0.07125440517027268 0.07958659400790115 0.025990597232750094 0.00885901606779785 0.04315719858786146 0.0618092494681056 0.015735726861667437 0.08412400326053074 0.07317473298705487 0.039675684889488215 0.05232697229729201 0.034113676327549934 0.08413576698383582 0.07520184090986319 0.04810364982491283 0.06464922486658171 0.01986421513898915
89 0.06970516860379015 0.03428567172382349 0.0508500214940242 0.024031470945727013 0.014042208135930222 0.04039453994592931 0.025603766295972715 0.09620370037988156 0.08735145673055858 0.0600187474304291 0.07713897248559316 0.04878192324437297 0.05766123587354611 0.06762515633140993 0.020155945104590938 0.09027784154071973 0.039995859670045826 0.08098156410899905 0.010196559522415783 0.004698190432240153
90 0.008045535567714722 0.028810344469004313 0.085233894757806 0.09010595352391096 0.04969082469915769 0.03242199908020706 0.03503126449471213 0.062156518242693325 0.06672650552914301 0.05613811032088437 0.07725939471852225 0.0480597708026853 0.053812988135956544 0.060991887018164305 0.025621444544654516 0.05144008185626981 0.07736273655021862 0.004672594977376193 0.01656920928946753 0.0698489414214512
91 0.07629965325940935 0.10871968353319089 0.06719738388117402 0.03180426968458758 0.1009276238012747 0.07520556727363349 0.04669221989704308 0.05008700605556647 0.03782314544366587 0.10731524707499839 0.004355522528086101 0.03670896737014011 0.01251141390078004 0.013853361262939288 0.0011824398932162024 0.046813488237217926 0.0387673620210663 0.014045431678371514 0.024348281254102495 0.10534193194953619
92 0.051666821704303645 0.024204301532628023 0.07860616586292403 0.06016632845469164 0.046047735119814755 0.03880430185706093 0.008406335882705592 0.07813915674300084 0.0502914862678926 0.08487953651057427 0.04628772767698589 0.09488126260915054 0.01313328075586861 0.034682286059124635 0.015343735825571412 0.02978066384370741 0.07236429985887369 0.05296631840480933 0.05655910365832668 0.06278915137198547
93 0.07771141506340677 0.025296489262255497 0.07546242325908405 0.04398030423088534 0.004134105865740136 0.05399480031033267 0.07774013991586202 0.016083414873463174 0.028065737661487795 0.03916462938782527 0.08086885084597337 0.07006416479179738 0.09056863162206771 0.05977900139995299 0.010273597371660856 0.07486878178015041 0.06091193211442315 0.039355773407610734 0.00884577720595539 0.06283002963006525
94 0.05512726214005189 0.06531846839756147 0.027364136089819212 0.06799566431014911 0.04957342779946075 0.05172657911511139 0.0005957489635839753 0.054809375813704465 0.05904538569344879 0.041502137216704774 0.04036213437647558 0.06673932745253215 0.0720807766960692 0.057943632403883845 0.07606323912053253 0.04840791949097097 0.07470513582588328 0.022020500420891903 0.02350649084172824 0.04511265783143654
95 0.05491805537255576 0.0143869283813655 0.08600206940247136 0.06150292807203168 0.057326859138287195 0.09562754614937292 0.054897025173312186 0.027569765063811338 0.05322607605636077 0.054584036103147715 0.0952858959062651 0.046628273906072853 0.05378429716315643 0.017411182614623332 0.015180345194745001 0.03797500495868139 0.009774095523664022 0.07712663773396433 0.07340935334238756 0.013383624743723762
96 0.027063220247357148 0.06389035699041433 0.08047713569216541 0.054556166270374684 0.02932255087631435 0.04265216435015288 0.027279059067930805 0.02810610324069701 0.010318046734967475 0.05269496197069568 0.021216354367806497 0.0057053173565799805 0.04887298360245581 0.06885742630396312 0.05922004728061746 0.09141085589625668 0.07435930401396654 0.06153788190454252 0.07363990947122842 0.07882015436151335
