0 0.050422516726460705 0.09556314530021526 0.026237131480021422 0.04018215827281122 0.04595805434367567 0.02313337432813194 0.0035393793104276693 0.05806250010611668 0.10193155076643265 0.05146461126850994 0.06114074988285007 0.06603429664920138 0.11750637264316402 0.07591930817547796 0.003060347256513055 0.02062079728044851 0.015313038978125797 0.05337430529603121 0.006029431080861664 0.08450693085452315
1 0.036043272904840405 0.0981492497755491 0.0861565074723866 0.026882630235289653 0.026512015025013432 0.030440247316369646 0.03636087356946132 0.07327032910731447 0.032089118105786615 0.10354704361231251 0.09223687197730028 0.018876140915654524 0.05711001525418333 0.09236800954459835 0.08294685254165567 0.0007202860916573845 0.0003429076517927574 0.057701083024948974 0.009976397067470789 0.03827014880641404
2 0.0006505644386594233 0.03493292078188669 0.07944688124112609 0.026169487768010296 0.03479396446948285 0.006518014849999101 0.07728221346258501 0.054339674500631215 0.054611270468415914 0.04339154166449294 0.04398223835267302 0.08129745017848114 0.0781881859118263 0.08469911444810656 0.054258516681402816 0.0692129781359525 0.053650844055935044 0.024174943750916975 0.027911911079837787 0.07048728375957838
3 0.09811670815609973 0.09087316044486025 0.06575433469015465 0.03013457436322588 0.031440967997904856 0.02463850946641689 0.09231934848102953 0.05054435148090905 0.10297819804789984 0.00944396878845935 0.08367258328809404 0.004094505712721879 0.025085900513747598 0.026450945464604404 0.03658053305279552 0.07465475240824418 0.0072759213502404 0.02349569753442461 0.011908483648422962 0.11053655510974433
4 0.023482088248526992 0.04042803417642304 0.08094759177075665 0.015813329779962026 0.02111859534262274 0.06386355697765254 0.02091164685245416 0.07951910682669565 0.02714003499884875 0.05152962548251127 0.08332112493704207 0.07910807058873652 0.04251947548323298 0.0694346847014934 0.02346222280071639 0.022049264034581 0.07858351738270324 0.07431836627004436 0.0002998450492873371 0.10214981829570864
5 0.12453687748500122 0.03946249146827009 0.11108984252026347 0.03130215434346688 0.06660639978253544 0.10772218070201281 0.002606888983816932 0.1130805660863827 0.008382401528134627 0.04704953392722515 0.02145629558952003 0.04293954065812062 0.05415707038834615 0.06833294641540498 0.03871913949460144 0.014187600693366142 0.019549807836237946 0.012503951414120938 0.025490740421920906 0.0508235702612518
6 0.04567483450255696 0.06619045426182249 0.07483465838594267 0.07056082553934886 0.07041893186170735 0.03598759394907315 0.009557170108942907 0.04951989172136647 0.07193611876466058 0.015217857332312509 0.08132101490036722 0.002024246953030738 0.02349985265352805 0.0623964754855039 0.018149642279346373 0.08658676669159839 0.03685873997618776 0.08057353796080423 0.028016195044271407 0.07067519162762807
7 0.1253570045886526 0.051697102625594696 0.03498712033499155 0.07743986299228868 0.08371071686229296 0.12359112331479906 0.02208773754171969 0.009650628798793212 0.015148940563943577 0.010909483938513887 0.008076776381002754 0.013154186239917369 0.01863151480075267 0.03624902601538962 0.05399251631942802 0.08936890173454158 0.002619596421084247 0.024354295108140443 0.0854982258555807 0.11347523956257252
8 0.06067727572840821 0.0011676628203032547 0.07353078278236196 0.058035315516853044 0.023810461877233305 0.006577651335982591 0.06777790286297657 0.045840017064641615 0.07341035118032636 0.030803365410868963 0.06932307515945274 0.06340320014519166 0.0820758850303401 0.07635892900557405 0.03418172382122295 0.03367359691650184 0.061134828342192395 0.02710154869845442 0.047121454160183075 0.06399497214093072
9 0.07278969935463124 0.008829128269397028 0.04954715268625814 0.013967420063995739 0.06769449418648572 0.06947082824459974 0.08904766128815311 0.032532998374155984 0.030961928066603455 0.03548045881272014 0.0599388196334071 0.04047985343497843 0.08613678174483641 0.057654190481409635 0.0037337134815570057 0.07188586887755945 0.06484296906723445 0.09082379265330438 0.015503969806249003 0.03867827147246374
10 0.080369854388685 0.0649813430655248 0.007295372563519711 0.08906325234625408 0.09912794634845239 0.016220080349341907 0.0652075877545512 0.010797569015193579 0.0809328467777252 0.08926209435670143 0.008356712162874196 0.0015610521944385413 0.043565470321076744 0.06890002882558934 0.013977740570847089 0.05398927484170109 0.05448183452272675 0.0736965386929907 0.0012957532240472007 0.07691764767775904
11 0.09143764194730043 0.09413415753249299 0.008916437016091489 0.07832631619781856 0.09435884877874809 0.05084122154370782 0.0778704231439844 0.03128355466311918 0.007248464551201464 0.04263198241592111 0.06688843965053635 0.0045577794007242356 0.013869608656345227 0.017627402051331047 0.08773776914642853 0.10046637588733406 0.030603710656108486 0.01122806126108135 0.05597480811281199 0.033996997386913246
12 0.03490526700454032 0.06828624014695425 0.03034521254861463 0.06773762177436686 0.022138687094761206 0.057240412627048945 0.016178210506026015 0.015831506734084552 0.04905005740373688 0.08750803164105592 0.0697999983374339 0.0906126708424956 0.020527986743314307 0.12136807291045693 0.024948488451286537 0.07502035666471839 0.05220525176563975 0.05538177039950517 0.03301093576241475 0.007903220641545118
13 0.07035928092711455 0.06679365789883712 0.08530261457299645 0.0019530826194041602 0.030682257350636257 0.008361737029731732 0.026049616080874832 0.06562035680843169 0.043907759561587864 0.02056786660619691 0.0087044165020467 0.07802640385366845 0.040080759018073536 0.060610986460110705 0.013892167668156529 0.06725388717574052 0.09697329486352377 0.0932364500563262 0.025599582066586073 0.09602382287995596
14 0.02690818903590789 0.04007317153162504 0.0906007741194493 0.06359998836246222 0.06423680585214121 0.07824405793036833 0.07688567735904603 0.06085994478683721 0.02857591809205896 0.027747608164398488 0.048516128645285636 0.011493263454118384 0.0628257318536523 0.06799377352933206 0.0013575519339857475 0.05501633484112147 0.05831964388636919 0.036763666197820746 0.04530643098487894 0.054675339439140845
15 0.09090000818589124 0.07853848144466409 0.09292645508328416 0.048185939705670096 0.015176531323763329 0.03166674922508067 0.051207481171637655 0.014196510443077065 0.037678941995051174 0.023823981349950195 0.06365248960596423 0.052188983685085386 0.048691889464911806 0.10091322606092805 0.03191238172796117 0.01655812060551776 0.05747221448377284 0.05137237170381284 0.07066690540763394 0.022270337326342104
16 0.05509896982320031 0.02867603256738941 0.09990686566433798 0.009798460476122924 0.0005955595379691731 0.09261554540915849 0.0390255595043589 0.06433912760108895 0.08583003361185415 0.07880438053368664 0.11528584819941125 0.018258578903493916 0.0064439125102943775 0.011510744424797362 0.1086566280458344 0.057405940677124366 0.033801428276654756 0.02333493253734852 0.042549147324548 0.02806230437132632
17 0.1344036750273084 0.08346890818540885 0.07203356059545296 0.020993144627662 0.03133079903053639 0.013337411825446184 0.10446590794787794 0.01796012104668138 0.020919662986787338 0.06588367619296169 0.005838742230229325 0.07896505408066179 0.07187592325282377 0.09728796325431555 0.005150792816027856 0.016509921452639915 0.011670233190303041 0.05370601259488734 0.0775536549018935 0.016644834760094672
18 0.041697423355061526 0.06560177177272182 0.09401670064224626 0.03036191860361544 0.035776352409466264 0.039954133026161014 0.0902910632828358 0.028790538156106223 0.031706708644666744 0.09346396243776421 0.026138458215225657 0.01638622940432393 0.02205410601357849 0.03501276273331835 0.09447730306909487 0.02268974312571283 0.035912833420161806 0.06009862942109828 0.07095402828342312 0.06461533398341736
19 0.0012243955657917731 0.0201896676740039 0.05729682810772354 0.06089838421458936 0.1001707018326411 0.04523842038741867 0.03952401557650176 0.08571499099069685 0.0752230046510576 0.06657043597819803 0.07722680792773304 0.03870056073188119 0.002142487374727947 0.0275509023117676 0.0604541955601328 0.042656814367652035 0.060955111598309235 0.028947675788772387 0.0562357824372818 0.053078816923119096
20 0.0174229447601991 0.050319212189437225 0.04041128489921522 0.09846895883681106 0.08311967240839717 0.062112511900392214 0.015033594134938454 0.052799723758890665 0.05075405936360814 0.0007931214637981769 0.08634728782941727 0.09424902893671598 0.08440007213533861 0.005855047496624423 0.06518833244563457 0.05808144931903291 0.0082025992596982 0.004824154438518352 0.051776031408563586 0.06984091301476875
21 0.014003006483090087 0.03844617421939465 0.016777002017463294 0.07152028285552464 0.08910503521035668 0.06632973328164687 0.018876292348417856 0.01872006375646871 0.04210019264267704 0.03378156022540816 0.06096801017442411 0.07109376653264884 0.005410696933719927 0.09102510257178449 0.06978539204688816 0.0950362241246967 0.021494279597862233 0.028338875481981954 0.042781193911020386 0.10440711558452478
22 0.019535674841043616 0.08775327194428885 0.05296200333335986 0.00533700103577284 0.037350775134538126 0.009174437334592667 0.10564398365196391 0.0194584868503595 0.026007436511505236 0.09333966381699392 0.061965916712525174 0.04634376089118468 0.07762495873782105 0.051511243926263 0.09173275274655111 0.05143800195222719 0.030960998184772968 0.0576716674953685 0.019455313657050485 0.05473265124181725
23 0.10025442716710263 0.12627959043433845 0.08115952358748903 0.03384667387402596 0.09243773198021714 0.06525013959271855 0.00549309349308868 0.07793165375642001 0.005667248825271459 4.082686993209801e-05 0.041698688943354476 0.060177896819913916 0.058196890019691166 0.04335760628893053 0.011561354989172398 0.04608940259813634 0.00953933745887913 0.12013882663358562 0.005018240697149544 0.01586084597058279
24 0.06701636729951346 0.04313163619297388 0.05474305651893826 0.023835477790973822 0.07383072212777428 0.009580141365215416 0.07520421568900607 0.04584640779854419 0.013305408630378527 0.052061160056463614 0.05104419488609533 0.05283839856678491 0.061187654588381164 0.07819569867411755 0.025869039216481145 0.07758169611981053 0.0703402001116384 0.07197777297618917 0.01983939454498922 0.03257135684573115
25 0.024624135129790756 0.08629000765249527 0.05765279443095536 0.010455335935574605 0.08974169480661313 0.09191082556001388 0.03326053640231927 0.06580870565659395 0.09061618754253549 0.014046656050616993 0.08130566778936174 0.036697711596805536 0.03042503175160883 0.008431949936844178 0.04069709331559221 0.08017911371092595 0.022160198922393078 0.03994177743922812 0.04419695523190497 0.05155762113782658
26 0.08681221067490291 0.07795828313699758 0.03471141304661338 0.0003126536918836004 0.05788970879291173 0.006082616165681671 0.08574053699306075 0.08679038647894627 0.04415604916299604 0.02387115363150701 0.06083578036988437 0.06771597535614285 0.04967587215844789 0.0865635575080258 0.05521622920357649 0.017826086953047604 0.06585594660894728 0.03125929080771101 0.0336946152926946 0.027031633966021124
27 0.0866028476102494 0.03845653359370426 0.0741357721461813 0.04897498276413401 0.0003355969230690347 0.043264701075341354 0.08970664066186786 0.06722906309020392 0.07346338512378428 0.08744650108757611 0.02088475870701444 0.06820936335680018 0.026909190399907836 0.019824058676972015 0.0006186536756516604 0.0029342355155575987 0.05841858205826662 0.08942843085485655 0.026759620771133644 0.07639708190772795
28 0.08423900407870874 0.0026012933147660363 0.008884458911698838 0.07094677318050902 0.028349402781379027 0.0945281678921651 0.0028074202520883495 0.06257581685930896 0.1047442278286862 0.10075721176561384 0.08855595081069814 0.09330937721314196 0.02905231415216428 0.07381676724586725 0.009414284471225833 0.02225595373785145 0.005780971889987332 0.04917016812494802 0.03692620160903731 0.03128423388015403
29 0.052157360841989506 0.0875350229040676 0.03346959607832613 0.018990103820745303 0.04350332701499244 0.03482225768765625 0.011589622904094614 0.05463004600772019 0.08720898442080241 0.029302106797317505 0.052007795778441404 0.00914912966440449 0.07661221429134754 0.06252173581788037 0.08741530872264834 0.05087123851049629 0.03284877216523816 0.04630260602700191 0.05679151636378777 0.07227125418104174
30 0.06605919695288022 0.07058838082120346 0.00722204074626209 0.05006525976903008 0.0030150934030566765 0.06805727048137616 0.06836406556339195 0.04879730285451041 0.06024757751546446 0.07719407473357631 0.07856078359183885 0.037014287162796096 0.033618665735819384 0.051776534988157034 0.02148470823906109 0.0774625842340221 0.07007553345317953 0.06904979850825174 0.0282749953304258 0.01307184591569652
31 0.04677319117295971 0.08983581569001005 0.07084793120914107 0.08399537418658563 0.03629766327205845 0.058608445194278304 0.03283316628463988 0.06130934900984603 0.01844318589819138 0.07735621579693286 0.030773532074690833 0.07142811680716467 0.027304446984709466 0.037369313988978296 0.037977724752585096 0.019870490913176102 0.04268130418020733 0.07348837046996123 0.06913735857934365 0.013669003534539727
32 0.03051171922392565 0.06476337554327861 0.08550561690518638 0.02246743499128342 0.08705622398333349 0.062021133423168846 0.016039682280668304 0.07610766347899427 0.006589145759997513 0.03964193017950451 0.03245995209049754 0.06568398347409977 0.04746810718270743 0.08865498429882071 0.04553027352149002 0.021230758760885413 0.08978443740437468 0.0861562717039651 0.0015737745816771596 0.030753531212141087
33 0.10924442654512495 0.013368062178606869 0.07501603899191228 0.11276990211663482 0.10906292069088094 0.06878976931767154 0.0266552476751285 0.025880003593102427 0.07092928969822931 0.026728266066063634 8.09493647312895e-05 0.05020726355436097 0.0030724798487632462 0.060640441602095245 0.004213662466268868 0.008519583018063593 0.0072921693205745255 0.031104590346531548 0.11394624207788644 0.08247869152736909
34 0.06918830453395779 0.024527788357970755 0.051966023277828274 0.014561797715461561 0.0788168388798033 0.017408041822122144 0.003992652553222273 0.075089125982059 0.002243842560882942 0.06429438498718903 0.012095072819097113 0.0887015673634221 0.0825865542627889 0.03815844608472583 0.07821026883389821 0.0464018952565278 0.0397175024750959 0.07926594138586891 0.04212436481618441 0.09064958603189403
35 0.02672376563885655 0.05100076173572379 0.011709364393092553 0.02191871230109952 0.08549381992851889 0.04028108503520684 0.06717811888550884 0.09298628899050564 0.07156228448063146 0.06924991020457512 0.0273440497854561 0.048710638507225505 0.005560423889890864 0.08503116146634628 0.06676354611348606 0.03512759925167082 0.06697013297149881 0.005040343900749438 0.08631083257228123 0.035037159947675665
36 0.09700187085396161 0.0373319542079098 0.01716840241228227 0.011849886641379166 0.07271649291138703 0.03284171250450979 0.003799429765064505 0.10546932339399973 0.09382203958857896 0.03172953984613799 0.029287054908788506 0.029493600879484543 0.03185067282054973 0.01988534275011687 0.014985580050873139 0.1074249536855938 0.0756966435147863 0.0956773526110191 0.0652221810105498 0.02674596564302751
37 0.01866820995032683 0.00388253616110803 0.04319380341566256 0.0018372636916887553 0.059879954245134696 0.0948241422819803 0.07856520073583889 0.022536291919591764 0.063286508238193 0.07215673824930795 0.06622357353738967 0.042106209582907464 0.028159221376311574 0.0934046177950251 0.07717083119661673 0.04305858804396056 0.05014524512091882 0.027035175607804312 0.024644579965090455 0.08922130888514249
38 0.08117047740452919 0.010513960791055304 0.04537299623704433 0.04430959828525305 0.05680347255570668 0.06116393370830693 0.08234651687588646 0.017860532295965563 0.07234848724367994 0.05184337741359144 0.05611327792959703 0.006840908082645976 0.0031056735891149385 0.08625854282042499 0.05682724576653147 0.06615159214304137 0.046252316209844116 0.03672614041340452 0.03254674775818251 0.08544420247619428
39 0.08813222595859245 0.039394354739289414 0.05169296859431624 0.0656617397826399 0.044483236129810845 0.03782533787820394 0.023881622079034596 0.05989284626191066 0.006333395157367956 0.08617756265615664 0.009639063301309857 0.026286629589999874 0.08099470718052584 0.04782937291758228 0.057650626577405426 0.07866005139985875 0.08421812721550645 0.0824719717719916 0.01532853413083593 0.013445626677661356
40 0.04995281367555902 0.020131568420285705 0.054641582253143875 0.054130981094438584 0.004701721550136794 0.06364517908839405 0.07876616830887272 0.055569030917880964 0.04473092457828127 0.0022330374544893097 0.07169803301895925 0.05780557597484493 0.03619002840428909 0.043703471227463854 0.03928458216229848 0.07450654939722369 0.047803151776276795 0.06471723577787623 0.0577225395590454 0.07806582536024001
41 0.08707084642664922 0.0029870930310617787 0.03535013348091029 0.033168794535411494 0.008189565528263007 0.1042578526512985 0.02910536076662005 0.08105149785049541 0.076955656802352 0.030614679992196806 0.04930121797184722 0.04655172939012324 0.04678213302851795 0.06818855166587763 0.007286272310570398 0.10467231304890097 0.07740118865008129 0.01084583768712698 0.0925337758765884 0.007685499305107413
42 0.07392698158556432 0.05301344728543735 0.020551082077050496 0.10067394587312672 0.05137753998291812 0.018190050456868237 0.007242580044992252 0.018432899025127222 0.07508772120367806 0.09825318612616857 0.005942631989917635 0.014771317369380484 0.09800541637663635 0.059750629857852136 0.09561436664570916 0.07447395074970325 0.06306150416687405 0.03931667834076064 0.024968214993414863 0.007345855848820208
43 0.02527582702690716 0.06429011692253436 0.04805037546611626 0.056106200984842036 0.0565919411711879 0.08048506165901037 0.04635659502949651 0.08864463950127353 0.04323265351457965 0.06070486101926841 0.07857836462700811 0.014856737551219065 0.02995334468191669 0.04453036722666638 0.00781014880839124 0.06534840185155351 0.027048043901812435 0.06915473288527335 0.031035385878924265 0.061946200292018784
44 0.03834522215455943 0.011595943647017297 0.08435517418700278 0.029837787301532085 0.09560776914409945 0.09912733774791892 0.08008928847237463 0.02122226102231481 0.0360897799136083 0.03878755862800278 0.03927442146942291 0.09779420909047952 0.09812389198394011 0.03619011206668104 0.01761324927608477 0.03115458224717868 0.055897757238367735 0.04179439359014951 0.03262848337875524 0.01447077744050974
45 0.07978722867709045 0.010789940425083926 0.03552534665941753 0.048103079164912965 0.05348759931630313 0.07736383595058152 0.003200625290234966 0.06596514704033589 0.015048423611015289 0.05493314535585061 0.07973488224376979 0.03229470189463494 0.06709251798938291 0.0582106849626384 0.06679376954243152 0.061386603095778765 0.0711372874776415 0.041420628378139014 0.014648603602144606 0.0630759493226122
46 0.08319089088128764 0.04100804754264947 0.039301113209430555 0.044925089624457695 0.08369258737664849 0.043886347445579094 0.09720853090228408 0.019125199338491557 0.011455495419222509 0.03372189778151597 0.053845532204965206 0.07120553530934343 0.06506842606322091 0.026116087192783143 0.06444995227579212 0.003760519258156333 0.036701020097631334 0.10502385200560213 0.06277562149234353 0.013538254578594568
47 0.05303318913659089 0.04286738517023908 0.017119628394458332 0.05128657154807227 0.06324871472775674 0.014634679030107813 0.08230561417480417 0.03578123427703167 0.010639146317133565 0.0766163488687746 0.07665152001177337 0.06984361979411408 0.0864104515537119 0.037704491303447836 0.08765904724683071 0.04855433384876685 0.07628592953691714 0.010132993342916542 0.022225927361321157 0.03699917435523106
48 0.06558050436300446 0.03792555662734315 0.08097477537857826 0.04793371225488897 0.031737259005934104 0.01478354798690914 0.0851363773117243 0.027039700853732147 0.09487923772345824 0.06424787309358349 0.007454898927432566 0.01713890089303728 0.09679481591331025 0.04240664279793987 0.05726176236742097 0.015227885487543408 0.06830413858314081 0.035992044834041156 0.08514132293556112 0.024039042661416283
49 0.09142777709982852 0.03223008108648498 0.06852962215492923 0.06238794700075064 0.0002609791329834902 0.05516715911805123 0.04010927702460795 0.017379712390957848 0.045371341335783646 0.05723905474788996 0.018804273509818597 0.011095547674843217 0.0702770441726303 0.037114548177419195 0.09814689695906269 0.052887154639200816 0.013801098085371954 0.052900884150638004 0.08725068162222557 0.08761891991652211
50 0.004029947104730328 0.03430303323862004 0.06435478964594155 0.055781401554120216 0.030138890960595834 0.08132872253001758 0.07223744876161098 0.09291463445109574 0.06836428050353621 0.006202086644453883 0.0399640415325111 0.06755115414315803 0.01416872539553434 0.007855525461161975 0.09921936963611534 0.04711956369851853 0.021826792980093653 0.018389732544765783 0.08187330502253877 0.09237655419088005
51 0.012941247138827208 0.08194677447442576 0.10197671189352528 0.05243151929265673 0.04458802405122564 0.06419848054196797 0.04310438488982065 0.055045675406590604 0.02725745133050968 0.07537789010661958 0.03997196948543104 0.00281356533737324 0.06530205536882011 0.07586593471712552 0.0600376850600136 0.06300641408313169 0.025987873825929285 0.0720449191650416 0.0014355687011855384 0.034665855129779155
52 0.055191207732784624 0.00725432724831392 0.07447284575895101 0.0190462625522889 0.10907966133897248 0.06485764323730256 0.07029079649760403 0.05723686050895263 0.07728254906851016 0.0030537047092488285 0.005229950791280445 0.033995161732079955 0.025693402660038125 0.03863751472664784 0.055909716455856684 0.05710652254537616 0.07258985867191363 0.03459056016604208 0.09684048787160206 0.041640965726233825
53 0.00010187477888424662 0.020768888267150943 0.09841255832559982 0.025967976486951646 0.11472098990617387 0.10111650571727837 0.050489317592033955 0.013165245642585772 0.019368906502551093 0.03202658226124154 0.01918005948640331 0.0224031790287941 0.02940786176087727 0.08085559328740718 0.10797431493654717 0.023826888270149223 0.04031599126180683 0.0629519311414329 0.11205403785634568 0.02489129748978526
54 0.07498850336660585 0.10870295740195568 0.049895312874001216 0.02508691321304427 0.04520718428340144 0.06729884305166342 0.029152365323248403 0.10623281462748861 0.05525105646580374 0.04974281767869874 0.10583345871519392 0.0403472749438497 0.011050122258627223 0.033806364930936625 0.024792431322097106 0.017190221939227746 0.026989873880281356 0.06167835435486801 0.06202685883255577 0.004726270536451258
55 0.07182401026730427 0.017542810161433463 0.06817674448083784 0.023705294369621575 0.04544282707831403 0.08433861042267728 0.07024732788155337 0.07180532922133169 0.06262938098176013 0.024748211045197716 0.05085369853499792 0.021738899523234403 0.01475463925404636 0.07377345544366909 0.05643748297852686 0.0506089694281832 0.04920296979130482 0.045806617445277226 0.08526233593650057 0.011100385754228165
56 0.07434767772809896 0.020144694631843877 0.014019334798770662 0.0072500032752057 0.08990914776130468 0.021096255972228826 0.04033480274289553 0.03582897972890091 0.026236978909732707 0.09583164247055885 0.06276283037358651 0.05866659571727752 0.09656632680740584 0.0041875100177107055 0.04684410096203686 0.07503109326809472 0.00012147036432621834 0.061534036892582585 0.0938497587949916 0.07543675878244667
57 0.06217709881220096 0.055360031216758185 0.007002307354273021 0.07304904679453801 0.019062919881008278 0.023338496417249863 0.08845876852190096 0.0878026952528231 0.038125357109776645 0.0833097755572814 0.02665182578955087 0.03437165602665483 0.05824217066024364 0.028226442170558617 0.057764859173870496 0.07485615809682622 0.03805495881824176 0.010094811432037564 0.06423503122766015 0.06981558968654542
58 0.053139308995075865 0.05913741185815412 0.0684533036064 0.06556575445405628 0.037692332627299305 0.016178434918872636 0.04167236254479662 0.06812067212588373 0.03166024269104437 0.09268602939331022 0.033194491964341453 0.00914386311889835 0.10896008775752024 0.06501989777299927 0.022433955501170718 0.040967426944763984 0.10921171474143002 0.01444406084661123 0.04622758014098867 0.016091067996383095
59 0.016650779307394812 0.07476657599599318 0.014071058155764189 0.08298864225419553 0.07225293748936017 0.05726798613988507 0.0519867175540239 0.05192965364049628 0.06203925169197484 0.08371492205610946 0.027538029509763456 0.04651400537886757 0.05465484260624137 0.07250853853562811 0.0045677354020025535 0.055892020364939225 0.02835482075035047 0.06591411135430474 0.06705516712461594 0.009332204688089218
60 0.0181489753827798 0.0650410304471567 0.07194995792532881 0.0846206134943502 0.007337933445870023 0.06475079044138204 0.0246692824110762 0.014063985256791109 0.06364298952265887 0.0960199483719849 0.05182392898591918 0.0656507261719643 0.030712416980916202 0.08588505993476354 0.00347332672724836 0.029429763878260955 0.06999998012979296 0.010423990012497277 0.08809252623016568 0.05426277424909289
61 0.029776229283468743 0.12726488745642656 0.05506073676487883 0.03843106940761949 0.06273835963831806 0.02086176356293801 0.06773983528842645 0.034057531116621534 0.03567133733690829 0.015238895750445354 0.026131857751424462 0.05270175037042406 0.07147469646247975 0.09807641831373703 0.045482715657844994 0.09019637386869353 0.030918906533039074 0.07415365735519687 0.015559224367075339 0.008463753714033455
62 0.03801417510121777 0.029845877139670848 0.06372778276986775 0.03541420573426107 0.045980037793885854 0.06195368435802375 0.06461700714022267 0.02469956677953531 0.010734540460296593 0.09265601480620358 0.06700558711254448 0.08870484559536249 0.009006524479987772 0.023899206069763763 0.04517442702045071 0.05690961332602046 0.05735107996225456 0.07814564693499053 0.04762938852731406 0.05853078888812597
63 0.04218266016233764 0.021717721914767656 0.043037039857828266 0.023801389286455404 0.03220927571796234 0.006492295031602544 0.008973935914241766 0.08544158922681981 0.06461132858799502 0.07617777879894712 0.09256645680383448 0.004752567217858034 0.03428621120256477 0.09580263997080003 0.09494992592361891 0.015758687483419284 0.03853563518235657 0.07429703623218875 0.08993132627428976 0.05447449921011197
64 0.07152172529647245 0.08046286928165743 0.04722264848993357 0.03081781215586353 0.01913413605293594 0.058309065586284806 0.09218759662601232 0.039699399639198336 0.06203304971155978 0.0885892852057586 0.03861365456823823 0.027520477990257638 0.0019732004129595334 0.08161326014410082 0.08778353281830309 0.06541758277630752 0.019786339033177548 0.03184077339899348 0.003339739808887623 0.05213385100309758
65 0.00419381631367337 0.07676093534244834 0.01745091250869153 0.0802890683027126 0.02186196444444715 0.024692044776544204 0.08768020441592039 0.026794615976587558 0.05588407673922019 0.06374483965207384 0.013224810998355645 0.07347995061248053 0.023466255207225093 0.068123614348266 0.07121575880065893 0.026805760513027715 0.08866492496823107 0.04609175192706689 0.0777502058060276 0.051824488346341305
66 0.012185778529297904 0.0011773724164152461 0.07362361051455492 0.008062316206546294 0.02008041926389076 0.03533608126734058 0.08883883356660341 0.09421593915802984 0.0765077559894254 0.07293846620173425 0.031561896537120916 0.06615116412213301 0.023671728138571164 0.06803016146227119 0.09153179660152824 0.07645072085914509 0.00788143364091294 0.007718811898583487 0.059242153332913404 0.0847935602929819
67 0.0013066183077483423 0.06607418130716872 0.04674222532672898 0.015348391968604535 0.07311670464842374 0.07135890822216928 0.041737352761787715 0.08742941813285195 0.05081711907334043 0.016581632929597655 0.07558458787113462 0.00015301058471776447 0.061399585979841714 0.08895758709811202 0.06616548568323458 0.054398947384360324 0.060658000031573095 0.08885628169681767 0.011340697644239842 0.021973263347547352
68 0.08389915735683975 0.01843971563028786 0.010891521290861418 0.0064832276922858435 0.08512139991165084 0.029708586611997434 0.06246633879707969 0.0042212826125671175 0.07112670324208017 0.07308679606190054 0.0722868255634749 0.07188234832780084 0.029887129698501387 0.05423995148394237 0.0027730774377439796 0.055979063329727304 0.06834450965958182 0.037813793445851326 0.07923976828638361 0.08210880355944183
69 0.029006853043873657 0.0342521234155405 0.00011310634581376647 0.07911508986879728 0.05518514378755612 0.10212911660899833 0.007586883306921174 0.005715222678528563 0.07632314099804687 0.10380353518621975 0.07073742066622184 0.09043712909610495 0.017505422544391136 0.09854563412997033 0.0007937656950919089 0.01383549339299759 0.0464548057807569 0.039902085469465706 0.06909134306047773 0.059466684924226125
70 0.018271106047172254 0.02592006938772293 0.10455349033608663 0.1000261887555933 0.010165574240683727 0.1281160908959955 0.08386592698732576 0.06878736815592723 0.03694529058876125 0.04556784017906688 0.004923791601420173 0.11840276335716776 0.0011445147944648061 0.07435919548593369 0.012029188925886553 0.05255448825001201 0.0465717400786672 0.038424049820556416 0.009817775446402709 0.019553546665153135
71 0.024070227828203214 0.0017095933710213796 0.03363130541448614 0.059126144859835215 0.07051361926764448 0.07114452792337324 0.0698477569864682 0.048848616305984624 0.03694527116107979 0.08720466194457205 0.06491682064010468 0.062383023119319155 0.08310590567714168 0.015820730344715383 0.02981921250273986 0.016755358247894116 0.023423964275542275 0.06926857005531675 0.03582748348886137 0.09563720658569641
72 0.028602374559488233 0.02250953596993098 0.05002386813234433 0.040426750097624704 0.0351322318430945 0.03442282839628373 0.09018021669067726 0.09503877210941539 0.06456269418324276 0.02089984663065961 0.017511491406466916 0.07685104781288105 0.08701493922255599 0.08221282849964158 0.03408406445324029 0.026389344192403554 0.03373254295485822 0.03558160235877175 0.03717599425039942 0.08764702623601964
73 0.03594887817709986 0.05565702734149373 0.04888010340222956 0.006460361518820357 0.012982774496046035 0.07761307373185884 0.09703884935191906 0.04435777976529774 0.05653160628817874 0.07805439933712655 0.04135947760885931 0.028884820805312003 0.039934031539074544 0.008673943818893389 0.03613914237719803 0.040702909268969176 0.07954711965739147 0.063444436407053 0.07557799584587727 0.07221126926130131
74 0.029816020911256076 0.08981502185804255 0.014166850154010494 0.0807350649069468 0.04570651063718106 0.06092041235023046 0.06882100974198659 0.017273301195207973 0.012722619662379078 0.08135683711689079 0.06099675985840605 0.044662092489357715 0.0016487241479832871 0.05532418437745541 0.029890329951161875 0.06944358921065069 0.08628797090990645 0.023599762681458334 0.034528358188273156 0.09228457965121499
75 0.062413534468473635 0.1108517018047751 0.11098678595864421 0.006472238291926273 0.05800150622377462 0.07251839762001179 0.03637317638460344 0.07840431756566138 0.006097673061882358 0.0965671448604884 0.051006231992135116 0.019234253141223817 0.020129066891429615 0.05701672285730726 0.0168722428850611 0.07965148820144238 0.03637673835461228 0.009264828880538308 0.014680422853950091 0.05708152770205883
76 0.023050120784708594 0.016455957935101198 0.07798549976615715 0.05487353673110958 0.0220189985502847 0.014071163749704164 0.013757788822545972 0.06756733542015501 0.08347978373684924 0.06310930407218346 0.07784656884541985 0.013047274286518546 0.07754875338648948 0.08092745688149552 0.0759544847935859 0.0702845663547502 0.06370720473751154 0.030511723535743582 0.045020521792843785 0.02878195581684255
77 0.00028494309401439155 0.057599581391881746 0.009511196023484329 0.06478485817326146 0.04010327314635552 0.08823701500673067 0.03343819569176137 0.05100767556043994 0.07510661166750768 0.007265910414173277 0.046364781258179846 0.0717081073456836 0.015199099362409742 0.01820380065215065 0.0873922656051697 0.026150789040304965 0.08932742228354998 0.0620537873282337 0.06976961523561812 0.08649107171908924
78 0.029470199498156283 0.03460533568907543 0.015267401986686387 0.11396430389084711 0.02122717099038781 0.12933149774063288 0.02492924649427976 0.030667648745720498 0.0026765021047461773 0.09511766996343833 0.03965106987767891 0.010868692226583135 0.09846228532717603 0.09827905738508262 0.031385746276423765 0.053944771667414314 0.05033759366274438 0.018981394017833608 0.05099355740951163 0.04983885504558085
79 0.08331230039942628 0.06084250787841588 0.007401090453970837 0.08564158970560003 0.07451645247782489 0.05659658550940289 0.08885206242990674 0.056863329269088436 0.09166139935327201 0.0028332748378489462 0.07755430207394509 0.040757314616375794 0.07116011918555923 0.008406360363177339 0.038805087654400425 0.005228051813772574 0.0017237663128122722 0.03473384025405106 0.02790049743894417 0.0852100679722051
80 0.04889731324475317 0.05649202118088906 0.07756036022385451 0.022572105185486226 0.03616800632103706 0.03439177730972846 0.059754240659900024 0.044707530991031544 0.055437828195894046 0.07276230964838215 0.022825146982807413 0.07851689112896663 0.06874853957458688 0.03063178148568924 0.04783321806928116 0.011895290359490458 0.045605713940344725 0.03993930006348207 0.07420897658416178 0.07105164885023339
81 0.02837632420071313 0.09414544243021811 0.0127187049799811 0.005868601120922868 0.1093964134473776 0.013162842779229689 0.07031215769145903 0.04864768838886588 0.02351441937408131 0.049490413740988184 0.04852297588701344 0.01224589954700189 0.10675228687985243 0.030122377287143846 0.078750147355801 0.011772395257858346 0.06283692459205735 0.04232627345662151 0.08922950392891728 0.06180820765389601
82 0.01990342672860365 0.032617600735377866 0.07661619616948426 0.050677743385458614 0.1039648876367878 0.0757002589462683 0.06313350273908232 0.009443075971024744 0.049423328814502836 0.09322661915754886 0.08641558231676735 0.03439593594023833 0.005440473201517029 0.03378629668990693 0.05523680928302651 0.00648383016863494 0.023598790553064544 0.07910137014965277 0.0002946327885492384 0.10053963862450321
83 0.015400719340247043 0.06907552641877894 0.08533489277925616 0.05875217169257708 0.06222962771135454 0.053659886568026546 0.03746861612731218 0.08521733689835251 0.08546822931058358 0.08110463587533323 0.02556215942587221 0.038261405314334064 0.004523382495308209 0.02014332626511735 0.027226814604163187 0.06969294846475578 0.057765007853212515 0.0032799983212960138 0.07283586835672785 0.046997446177390864
84 0.04529991134059009 0.06397599277577243 0.08278094914172238 0.07628898797505985 0.06886132025401026 0.010906287602674987 0.08303909092385026 0.04500181645474926 0.07741694523313204 0.015437116584820073 0.08122984446734918 0.0214407317152476 0.02422930127254517 0.009442361414096184 0.029421702204066418 0.004057366589877237 0.04094449156822486 0.07319205741205502 0.08312380528301705 0.06390991978713977
85 0.08266052046767686 0.038005481706463035 0.06575128137721845 0.018265582492466084 0.004530138547903565 0.0767918646587038 0.060856224880774516 0.08076281406183923 0.034816408126550076 0.07269995580625274 0.06078464739125424 0.0611059828291376 0.007613084592785802 0.04831675586426677 0.08354618400963487 0.05591489037997635 0.06562424831051028 0.05108999592945202 0.008681425836562421 0.022182512730571438
86 0.02820637490052478 0.03298869621745978 0.06255336225848021 0.05739962976114302 0.0667255013852149 0.025275645649505137 0.04040593796286185 0.08578350637604898 0.056524864562130815 0.09071830976623482 0.05016018534691533 0.04489485672513094 0.003488908718085499 0.033290622780178296 0.08991935524336958 0.057771267375939815 0.04176154273265875 0.05310792268911834 0.07297013406361241 0.006053375485386626
87 0.06084879365093298 0.08491846137403744 0.0544053836423155 0.05145394730637312 0.005192036322047321 0.07971974153476902 0.07499091159677375 0.010130616406752595 0.07861487940952629 0.04502152177546615 0.06995795400947483 0.040603417665744095 0.0027082432390866393 0.03587852448919229 0.07458065681112433 0.03525848419437851 0.08305561829494008 0.0359706727036648 0.03704122873764091 0.039648906835759376
88 0.02267119958971446 0.07334674330273426 0.07180765212328202 0.078454267603346 0.07433409574956036 0.032576921725582936 0.01299942424492223 0.03358345057624555 0.05728490162219117 0.05597804310271592 0.03981539187458271 0.04731950285161115 0.05531533067598902 0.03921382966674219 0.04095160322462846 0.0437781824331703 0.052658828147444214 0.07792428203150326 0.05666706665421699 0.033319282799816656
89 0.05256153317503281 0.010725661156511678 0.05143960861635594 0.02422699709120791 0.00931128763277832 0.024716238254868836 0.07144762795157301 0.09778431570705334 0.09279788474497366 0.015358792802804139 0.08040257001039058 0.06522811595236534 0.011196004646399735 0.09536822546862363 0.042604177865839636 0.03642002507888982 0.09085879187243133 0.028668439911751147 0.00956983884959767 0.08931386321055133
90 0.07605633717059454 0.061948655398266356 0.05164710506687332 0.026148448891501686 0.07165561198949437 0.059518666597357765 0.07973068674720486 0.005255597555031554 0.07000760380078586 0.07956731886666048 0.03719667768135448 0.019285626616810006 0.015613948479345482 0.04553117915090673 0.05400370687781453 0.0670779737290535 0.0027868099749460895 0.06088604893926864 0.07672891263739372 0.03935308382933611
91 0.041403909811961834 0.06942213946399388 0.06894748279366572 0.059715732612872094 0.08885151380193508 0.03905442282905594 7.232037396286228e-07 0.07793819312501324 0.06462303615448199 0.01338064225785331 0.04815841290171974 0.02055095719800215 0.06575763020131095 0.029013011542441132 0.06156795685344168 0.07502212207901854 0.07714415603850666 0.01890595433808429 0.02341116925328082 0.05713083353962148
92 0.020034389437681814 0.056916556196302814 0.07145766915680586 0.06171579005732004 0.019198898144238374 0.07553687052720912 0.03038775738370764 0.05574506691170171 0.02889953264616684 0.019933460094513245 0.07584474218196859 0.07720547172096195 0.0018340214260124824 0.06819989930942882 0.09150420041953516 0.04047331470855067 0.045323733651418 0.00047029292513936386 0.06804643548920127 0.0912718976121362
93 0.07759749049976161 0.05270868738257456 0.049110098694029304 0.08770274474911986 0.04295297304438775 0.08965616144761185 0.039388812029384074 0.019174699305648142 0.09775468175028323 0.0692209108047737 0.01991410835185691 0.059408305200809905 0.057866028530124264 0.012193898719571867 0.0016757933920237228 0.0307095789651606 0.04400352023287096 0.0062887796920109386 0.10106774311960445 0.04160498408839218
94 0.05220788371442705 0.04687739032281557 0.06292772370785293 0.05929990125553346 0.08105820608154073 0.025932873743412983 0.06737298593882858 0.06275930918555014 0.007778760277333607 0.04951008440944934 0.025008355225780737 0.028663033116153272 0.07918207030558144 0.05209749026912437 0.058963888384128964 0.004992510443084939 0.06041564189250778 0.017155459073780382 0.08390500365115243 0.07389142900196133
95 0.07632905572997237 0.013407390571224023 0.06918645812908059 0.07713822238681989 0.009252781787387835 0.07397989925173168 0.04378252272938234 0.04842856568808196 0.048704104867901846 0.05644485223690815 0.07639492326866844 0.04513203809466348 0.03840544354004851 0.025298461407805818 0.07066347384808713 0.02864792263335584 0.05150086810226248 0.047759797063021574 0.031202243942816694 0.06834097472077949
96 0.02171155235318961 0.07482525375765593 0.010235286694988245 0.047231442759055324 0.06735289460838398 0.08628320060733098 0.07968578422169065 0.06285807250166957 0.059449367183212455 0.08912521651415074 0.026944636862888737 0.08575043509887978 0.004696146382063684 0.029195388410248796 0.060070160417382626 0.026078944472074116 0.07998696331188083 0.0162757738043528 0.012730350248236365 0.05951312979066493
