0 0.003827169919276242 0.07418284593888433 0.010394399246450138 0.06336436206545308 0.07386724565880465 0.10024839561197173 0.023225487142253403 0.09643126358442657 0.014169297533206369 0.03173287073262474 0.012399661620895753 0.022761279893182194 0.06588909498734165 0.028517971110476447 0.032445464180076315 0.0323238119703497 0.09383595632066515 0.10972046574948775 0.08809463382182652 0.022568322912347102
1 0.07238447575131697 0.06948902536933872 0.06559111814367541 0.08273351947756695 0.05790332195168147 0.07538994256729369 0.062456108482885665 0.03354830446298599 0.08076902013071464 0.059939097262883594 0.018101014944344573 0.06424569085940883 0.04024854491181748 0.04169203373689437 0.06781009256153847 0.026194052059706627 0.011762233707271027 0.03922779696380052 0.006884130133028658 0.023630476521846275
2 0.05947348641160117 0.09784731459738699 0.01823296155920305 0.03974566509917595 0.05617890419774118 0.09252722670520806 0.013865843841835214 0.015209523228050364 0.009588292308362886 0.049661955595230914 0.00429519445837257 0.011850911075647915 0.08778545399547975 0.10359743652994345 0.04197880039486185 0.044634556192194336 0.0897048058542102 0.06269452985469792 0.008029546010899379 0.09309759208989671
3 0.014904975844984803 0.01541386422394665 0.033836421935611836 0.03987296212486851 0.10089959527058989 0.06035139058493192 0.1091013492906306 0.005289884863686325 0.06871174737454298 0.042002244020188505 0.06694711286437957 0.10620295021116592 0.10674835378668371 0.02121609951664856 0.02674159919042029 0.0797829444294111 0.012991304593315777 0.00399071149175487 0.03877106087490976 0.04622342750732847
4 0.025119909184250534 0.07757067792381699 0.06762808091383858 0.031710139392179766 0.02270939772093688 0.039587275419464 0.07408813229304523 0.07741882710157212 0.011826103285244189 0.008160809475195695 0.0643739901006555 0.07452384601088113 0.0567053504625968 0.06980902335186377 0.06624301557506296 0.01461308886566079 0.07283768509790661 0.041861106099819655 0.03769848415228386 0.06551505757372461
5 0.09884795150863107 0.008654833107163815 0.048083645650813196 0.09112307702844191 0.025626112572245105 0.007031097654798473 0.015161196078889575 0.03304664366003746 0.042247653418063955 0.05016653097708779 0.09796220898173293 0.06053623841706252 0.03660775850303453 0.07492097196137275 0.027559319021913584 0.039758211735785205 0.02297663830324972 0.09845300394055825 0.022921067535581943 0.09831583994353625
6 0.07909437820294521 0.061769089815129484 0.04760131079538263 0.038060050093810596 0.08341682960151345 0.045360310398044175 0.051029480101683726 0.037018641877975766 0.0003028096712778865 0.06834027132027468 0.04561753629236127 0.10178300444639776 0.06975099505218497 0.0033631105337556064 0.04348048924413587 0.02572814776051384 0.10259362958435667 0.011099723724572188 0.010182625272578148 0.07440756621110614
7 0.026901559796934007 0.052295116371293596 0.021168841050184434 0.007321669061347428 0.0325569472802076 0.07282067548157911 0.04365702613521044 0.021544328038524185 0.04561947022370262 0.08465008380088553 0.058213550043548466 0.0488353464010318 0.078835328070976 0.0585183792528298 0.04179372730241934 0.01637604144368143 0.0812696101484477 0.06685280373350552 0.06852281590130578 0.0722466804623851
8 0.04253859900333905 0.02795997122990562 0.03464796845401463 0.052466212074387765 0.0014167970671214287 0.08893914903291228 0.04758197497002538 0.031277009831373014 0.0524855359054304 0.031043814190252338 0.03653975735150326 0.07987669484922492 0.031073435356737473 0.09693167466915366 0.00676686002915239 0.08372740641201563 0.048091358369230154 0.07569291920598523 0.050213654617646375 0.0807292073805889
9 0.00419348096319683 0.0807206274338942 0.08296007947973282 0.018738062348043566 0.09491715601439484 0.037328992745414125 0.06752665385695075 0.05051580820763654 0.021101401571972236 0.04564292748280221 0.011214346893235558 0.02878982974080794 0.022790579830723932 0.018444369226497333 0.05218817110565704 0.05877763866404959 0.0936519852240719 0.04121903546638452 0.08331794900778225 0.08596090473675189
10 0.019677652926281274 0.06664235270277154 0.05649150666669515 0.05459866640351309 0.08293137085361947 0.07681795848271696 0.0620928120479239 0.0707375809787535 0.08074192609900167 0.0028701177426272793 0.054267104643451594 0.004333386755970787 0.06985301915034628 0.03699520968715146 0.03704653649482049 0.009272513898864498 0.02047469952790328 0.046855194648244176 0.08164390064332505 0.06565648964601868
11 0.03033147444812847 0.08872616759752819 0.0376011684958252 0.027602134711164555 0.0808399049647102 0.0592725761141569 0.04057833258792063 0.06335009860043862 0.03054298493878949 0.012052366900785398 0.06640135971597735 0.052150581129223376 0.08107155099355348 0.06866804479821904 0.00930707975373609 0.06500696238869563 0.058724808409652544 0.05319666167020986 0.0387053077355077 0.03587043404577722
12 0.03203412844829544 0.03138485589295722 0.007861838006046784 0.1133232002716574 0.1019807642315007 0.09858328252475003 0.01885609737418339 0.018417580503207593 0.0008934442526336489 0.0693851841199749 0.031687339568089654 0.08404673477806558 0.04818243801332968 0.08031839692644707 0.08894850241320612 0.053633458728057984 0.005722992119345005 0.07282674956133717 0.01828343309740269 0.023629579169512176
13 0.030892954209573456 0.04558843902499992 0.028316817753108584 0.05337933031468592 0.06344029957907837 0.02121791090576735 0.11911131730321259 0.11677573684570493 0.04588915317586217 0.007826880749181489 0.06149848679036158 0.11521216818797883 0.035759016433683836 0.03695542679531078 0.004081238384162968 0.042262228449260184 0.01234294130609761 0.020056950038988452 0.0934003334243971 0.04599237032858409
14 0.00983858642551811 0.0040664508683238235 0.07008067992818111 0.047533764681695 0.0663856824245368 0.05944133185526301 0.037959031293311726 0.08891270453165531 0.1072946114391698 0.07232067376927909 0.10949483578306207 0.02959440904073542 0.009091368702660854 0.006186854032671867 0.02334440417833659 0.01635518089896522 0.08838302230358133 0.03689098257819528 0.10933517535093085 0.007490249913926636
15 0.05940908017256526 0.022592183634891266 0.0764700055149368 0.07911148059484756 0.08493006633240494 0.015951943872525357 0.022294072338547247 0.08880224152161419 0.031885711963553914 0.08675224174922144 0.08654796342732105 0.017904792255517353 0.017194358875611552 0.05148619865900385 0.07896055671643189 0.011701087072755613 0.022737816325678777 0.0654850002915363 0.038220465014061615 0.04156273366697411
16 0.024604361468199012 0.0821221829273989 0.10347875934182255 0.04391864401687217 0.060492941010053675 0.010065493080186899 0.0449427978888234 0.03598552715302971 0.00984038835005171 0.0749414652055702 0.046050268945817735 0.014972418134444592 0.025142365860568776 0.023254217139898534 0.05547164461526373 0.08539567135756955 0.08605405932988296 0.06321423920253166 0.03167924976182 0.0783733052101944
17 0.12321378144340701 0.0001006109623237102 0.07824211693014388 0.016509722370722738 0.01965873073309017 0.043556877549755485 0.12560275938916074 0.0047436949387341925 0.059716398264264205 0.025549087114136403 0.038484045600731286 0.04279740321601668 0.06370342387193936 0.09787076128063497 0.05886784801738064 0.059812318311843304 0.050316110769664066 0.07725723737075169 0.013557651004097532 0.0004394208612020554
18 0.01391987648553162 0.005853311745633167 0.09511361694673044 0.010710701273318541 0.02184017936604331 0.041678870832389296 0.037818880955221984 0.028215765469716828 0.08939103828414031 0.021625607535183135 0.006678204683351831 0.07084013288449624 0.02521710404175474 0.08375203661694945 0.028134843623562764 0.04411477031333922 0.1114709027702742 0.10600588810717099 0.11141274951185506 0.046205518553336725
19 0.07839732318914465 0.028990430385412914 0.03814772534716714 0.0039016095681645153 0.045109825179121245 0.0390551416075896 0.048372347355343494 0.04693283647199508 0.020886772469549703 0.0805156592583753 0.07766804290857733 0.06910756697623412 0.08440697255611823 0.01949616330114267 0.066443139340784 0.0020843346289351715 0.054249575631774544 0.042368202838587624 0.07803509689753685 0.07583123408844576
20 0.10409606794193046 0.07618167992550384 0.004056718286377922 0.0015604216866234673 0.06255067207594507 0.01989154816406563 0.010767642466591868 0.05591560454738312 0.025415331654821585 0.11296891953850714 0.03689828679235602 0.0559279168264343 0.052433639915726575 0.07007905733947326 0.04175658160694159 0.03397283635545946 0.09983088323195574 0.08054434586439325 0.0008393698641245782 0.05431247591538503
21 0.014932347275696175 0.062148311206921915 0.02238314603031241 0.002662068986369479 0.09050102777288167 0.01521825232452585 0.05196360792983959 0.1031553552493121 0.04674522407689963 0.06688074209610853 0.06429732910287929 0.05458601026892212 0.07506967161822589 0.05307364853210007 0.05810453630162183 0.038933081237438515 0.0025211985399410317 0.06028949559230128 0.06961341252243115 0.04692153333527123
22 0.06421317370334746 0.08339854213215901 0.02191389345515955 0.012582804677660434 0.08115496194085214 0.05248056844182722 0.045944621881441966 0.05443217891399363 0.08208300713158619 0.07583868540627636 0.07461689653499062 0.06665811297999175 0.06328609752884776 0.021246106226457777 0.016336605391913728 0.0304989240110076 0.04191589049907822 0.00387454175723369 0.05434314143824558 0.05318124594792946
23 0.06312094740785144 0.08083518109144239 0.02156514801521562 0.048327340987494444 0.07442212723143907 0.04591446863674797 0.03781626862798545 0.002693238479632054 0.07326668646360864 0.03935172690734255 0.03946411975611661 0.0507049223986112 0.07791293901508302 0.05696011936221495 0.07546065037164086 0.03527813506466774 0.027497744514380924 0.040129038791238636 0.056275493141431925 0.05300370373585443
24 0.07541227215178543 0.058118653637154606 0.08684369489440866 0.04609821151196506 0.08776516028184136 0.024173753594800115 0.0751716379085597 0.05408461672829101 0.06873619550475933 0.0697488469750189 0.040322840332330294 0.04790821945688523 0.02420991982077007 0.044260897159503036 0.011096101940574976 0.010543456180231909 0.062138523734381786 0.010790328415112661 0.06488132280611751 0.03769534696550833
25 0.08519478936661261 0.02667184832590014 0.0632963366853677 0.07989456200991855 0.08060120900445093 0.05622349094598485 0.08047172791342176 0.047576947983354816 0.024166807261943302 0.05707348836006951 0.03887451356266938 0.015922506104057273 0.05904615209879711 0.06961391979493146 0.021129629743519236 0.0427184043004031 0.0021678246743140547 0.06442632940125702 0.05388241864214958 0.03104709382087756
26 0.0748049269893048 0.008344840090359325 0.06212816407161565 0.050831403187677204 0.07740066402693256 0.06427645075476496 0.04563863483709354 0.005384306484847821 0.06155379207076727 0.03848118737461039 0.025650774899266524 0.06499754327493569 0.07113006408993072 0.07371015740226576 0.060971856255249125 0.048283823526128124 0.05250498377804282 0.04330713252805373 0.04479084577771466 0.025808448580439215
27 0.07965094849739557 0.06349091256775795 0.021555149841354284 0.026524485357641136 0.003998215802440263 0.09344830395203645 0.06913348428544346 0.08737163381635411 0.08769878165361544 0.05589631016909126 0.08918215433354604 0.05789450217790015 0.04057274702527788 0.026530006756378875 0.0030495054891689 0.016737772937878957 0.09218261853073474 0.0648943640572511 0.007481789271782758 0.012706313476950707
28 0.007667699562137471 0.04028491329398473 0.06946995114980724 0.07978553928529838 0.0723183611800225 0.09086860914998172 0.08493828981329286 0.07375533418346512 0.01671829834094372 0.0539958348584134 0.0218291843671567 0.058014343689551634 0.01725856165288129 0.05996717889271533 0.03067107085517595 0.05001722781556959 0.016275969373187447 0.08005883658277936 0.05073911723911439 0.025365678714521108
29 0.03172409996647898 0.07204917426066386 0.07146662339296858 0.06385534470339158 0.04218854620577432 0.07621405748610675 0.053712306391727145 0.07458121545630857 0.03827094859317952 0.007906945516236065 0.07124732096512652 0.06643855843615716 0.07176741540499255 0.002455495731194478 0.044154188260620814 0.042352934426501704 0.010244413351817949 0.05441494241493215 0.04053493546725541 0.06442053356856575
30 0.04935105292182528 0.0598678999893741 0.07822213710565554 0.06379354539653834 0.002814886492016891 0.08039969325614671 0.07024700612138732 0.007426462631837706 0.05717014322693242 0.05077579945024856 0.08831929822021309 0.05804749282503434 0.012839663385851385 0.014242332035409748 0.08487950553181274 0.010263433782245484 0.06460942522856561 0.019005478656360823 0.057870087630413944 0.06985465611213021
31 0.015168530841572103 0.03200108620300888 0.04232930256140856 0.049857475344212795 0.03806639665843026 0.028192366179263618 0.06731934862752793 0.05860435226340849 0.0925950693021793 0.038137478988459886 0.03064514692799648 0.013779993425612442 0.02825030730771489 0.08688726330017187 0.06761645146141748 0.09083055188479301 0.08988643771890832 0.055187156423725514 0.06993998869320578 0.004705295886982404
32 0.0013247273292270973 0.08478005565325118 0.09596591570448934 0.03675492903587064 0.0047940197392554425 0.056624086319505405 0.026634507606672003 0.09504465555278414 0.04860396687332037 0.11767959154267828 0.07658908743215416 0.012734196510699224 0.007800312618797884 0.0324917123298783 0.09367648124040344 0.026888616402406057 0.06524486597148914 0.06214232872012994 0.010112872064866595 0.044113071352121544
33 0.018851572965356014 0.07398452158256315 0.09760368703508253 0.06744060689395247 0.014958806011650417 0.012942006008063507 0.021375986073930018 0.04098063859075531 0.03093148225752421 0.06208185178566573 0.07892701692546904 0.03327322274568081 0.0812099358614828 0.07599582398282952 0.017079464263620614 0.09109607513025923 0.09421983997268076 0.00565794635173081 0.04465208368306174 0.0367374318786413
34 0.0778387656528571 0.08584662958478673 0.031152245445455706 0.026094738015523936 0.048392864556647895 0.02768437961173539 0.01862858680810218 0.07312663480066538 0.0726122473608322 0.01229956589610636 0.03536888817292495 0.08101081029723957 0.05177878064577412 0.03473044073802444 0.047047673371622474 0.023815410499663778 0.03895830705962745 0.08644120955945232 0.055959484568144986 0.07121233735481294
35 0.06031127263434898 0.01746991416650119 0.02840738955330889 0.049899847149055654 0.04706428640923993 0.025893865389133658 0.09718300277365534 0.030357970252393892 0.04239111795104321 0.08886414682269093 0.09219051705157373 0.011687582205992857 0.04928263112032429 0.034233390782760734 0.08371950405520716 0.014069057322018085 0.01471442218715859 0.040470732003189444 0.09374951222180264 0.07803983794860082
36 0.06831264875778664 0.05397297705857092 0.049188758043279275 0.06254580286738863 0.027430363831821434 0.07494573204383374 0.05807776812784474 0.03519208327926727 0.08305704964182464 0.024229221920699765 0.010296214843476953 0.09714355928463153 0.0013539669043467295 0.08192903305087157 0.023677234514999146 0.08883812331047598 0.05198554980837359 0.009065192795475963 0.0021188183820538328 0.09663990153297773
37 0.04102123751839055 0.08847683936865726 0.06223504356577685 0.0016015629320185556 0.00012757997281191485 0.0752734585594003 0.06138984802847094 0.01840177256030229 0.0686166486052727 0.019258064351118688 0.0910541630605966 0.04099185552441473 0.037148509671736406 0.021950320259394727 0.060601301978160216 0.0819568817053109 0.020024229772742173 0.09068455849094569 0.0959101046888903 0.023276019385588275
38 0.010296203452994413 0.08068059375715778 0.06808446824290534 0.02888401671763458 0.06961359322210348 0.07672639088418437 0.07398111316475957 0.06971534587629986 0.03122421509496371 0.024604125916953257 0.058748679359010195 0.0270700473302513 0.04184433208822434 0.07270525573400323 0.07620398040798229 0.016908967008055876 0.09425153226894668 0.03192732512787969 0.02799134628392994 0.018538468061760034
39 0.10617046492177433 0.08876073005910379 0.005570909151653786 0.008185596338238661 0.035333888015995005 0.036477864023173566 0.04642431443914513 0.09611337100105088 0.010832544850714923 0.041601914686109756 0.07551897665945807 0.046695595872774574 0.03290817471321935 0.05049236615443224 0.0013657782254139204 0.07811281135981082 0.04257857816621812 0.01945643888458242 0.09097129297800309 0.08642838949912755
40 0.07673283521183136 0.05755297536130404 0.06953239009640905 0.009099559384754239 0.035291218051685516 0.03452789911703091 0.005279955052464693 0.012607460771182596 0.05960968536106481 0.08479501097847919 0.01144823280210015 0.0926509954882981 0.030456055953656608 0.03008398803851229 0.009637775609822225 0.06462711412102386 0.0937252950093541 0.09067884683398865 0.0646369479358529 0.06702575882118471
41 0.0006925102260060242 0.02846904364341777 0.03883818232873575 0.08979042223094917 0.05962996055738366 0.016836687114313242 0.027963727775159538 0.06649625522016783 0.09478818894696728 0.05747137753023081 0.09072164942205369 0.06652841311831989 0.0714342733948829 0.04509030250579483 0.024246976046458542 0.008353232990266215 0.06747580772813472 0.03326563207642567 0.06984109258957666 0.042066264554756046
42 0.029943196889792568 0.024872915786195396 0.05522847265133517 0.03930599128891179 0.05761467050799571 0.03426906502160555 0.06609529442791758 0.1029115558743585 0.053638203787871 0.10355702553543467 0.050452447196371604 0.012707235545327666 0.01609513637613855 0.09234457265749303 0.006466386455811883 0.024426377388451624 0.08452689973033473 0.022290270886040128 0.03101337638238742 0.09224090561022542
43 0.0874713088532105 0.04706505782374824 0.004719170173395891 0.07196060945778118 0.08366054767719433 0.060855847543200545 0.08394122998464296 0.0048640458887843074 0.016244856953323773 0.10360750867937404 0.015537947202769565 0.00847028958139269 0.07936905886265033 0.0764703940412947 0.051816773198693364 0.02598375859697258 0.04278279173134098 0.0536066054980813 0.004456952704122616 0.07711524554802596
44 0.06929410586867857 0.06196713423052422 0.009221744785412883 0.046860984823900324 0.05809381098816054 0.023062299737184478 0.06970257943425924 0.028082176756047326 0.03350580167385149 0.041388206221627324 0.047684094171194936 0.07479618542635603 0.0882757842125354 0.05456720739229755 0.050829499856836186 0.06784560841933869 0.08791095324026212 0.025096740272093247 0.057584903200210945 0.00423017928922864
45 0.03857431094697461 0.08795515470501679 0.02962192382558239 0.03720209722876087 0.015260006383483984 0.027776321333809844 0.08697750938843354 0.04321052558290448 0.07285511662810885 0.03451908323237163 0.010331396261057196 0.037106601077012843 0.06487169804192273 0.06617684826646038 0.07314611915611885 0.03738323474873925 0.0936732094706546 0.024502393650043676 0.056410305073084165 0.06244614499945956
46 0.0013582940996719206 0.0030514287374308335 0.09945873857253208 0.002743512384825924 0.06453317498537088 0.05017000946378737 0.06798564614386574 0.010740882973443153 0.08216870302562558 0.09055165595017274 0.04639582486789815 0.022033579489668085 0.022938551670672283 0.04043236035805881 0.07769967450880179 0.08114647911689789 0.0017090111580102512 0.06615681008536713 0.0780645784882094 0.09066108391969
47 0.026202380650101345 0.07401797789103809 0.05508515588481743 0.001024314127190895 0.05468847147391465 0.022424281085933813 0.053546893674052416 0.044149686782135766 0.06354370232825278 0.06891104824323793 0.017076086347684 0.06282713240338947 0.0701790124103958 0.07051060603863644 0.05535517614066439 0.06381216706538227 0.07243528469417043 0.06022076862001572 0.05306663494511352 0.010923219193872659
48 0.0883760424028287 0.013093195634593949 0.016717894318414632 0.03922918411050813 0.06346308427966182 0.04656665080161985 0.07676319884411452 0.08961166464087904 0.013386959848892772 0.046949260012227004 0.02880900291213001 0.02189253202776888 0.0073883173784662455 0.043851942926994465 0.08643476088905336 0.014573673022399036 0.11068754431683843 0.05044459236331156 0.07245926390756534 0.06930123536173216
49 0.02055494087040892 0.09119416966469322 0.033130890215206425 0.09119988989097758 0.05650571339524105 0.05166146969885057 0.009583908246813419 0.08392643489349445 0.014830350574607368 0.008689564213357537 0.01874023313674398 0.015349604902259594 0.01153750283793436 0.10122908093653914 0.08905509438473169 0.09259260094706608 0.0962381125899989 0.02228217611997794 0.04275633901271298 0.04894192346838492
50 0.025955049271140365 0.09147454810008165 0.03080270537730008 0.017819074077399986 0.08218115496582476 0.002742578616979091 0.08023856577512894 0.037728608111951854 0.03328104289308026 0.06504313000549995 0.08402998498162413 0.05735359941664137 0.08902111654316985 0.03928679980827309 0.03470555863692279 0.039675310781802725 0.06997549752342273 0.05340306752519081 0.019498499045484962 0.04578410854308058
51 0.03085131437324087 0.0697559582918083 0.003300234219972575 0.10371824906554966 0.06287910571350769 0.08607188791190182 0.04967322959660502 0.025275928051511486 0.038492946198896726 0.05695491052247802 0.09088799051065488 0.052141199934892545 0.06053820389548431 0.030274355832419393 0.000674096793719154 0.060433845156113865 0.027455434641507435 0.0705917403791537 0.06575504202530529 0.01427432688527719
52 0.030641986817416204 0.04355867979251661 0.06338612057685944 0.02724248875434874 0.02693377412830873 0.0755444633678224 0.08809177953086544 0.08317548085547073 0.08189585889271025 0.010540097463285481 0.07180476890001854 0.04847907919423281 0.02597945679294378 0.054258044001887065 0.01290253826838861 0.0006008424172305904 0.09383884246644296 0.01733946375605978 0.07482669052255797 0.06895954350063381
53 0.06933645879127966 0.08052592047185492 0.018213096923136378 0.05237868744262332 0.03549592226607976 0.07011014260749018 0.06802196570310712 0.015356261094442327 0.009108053589405692 0.08582537048848514 0.04303977090535207 0.031143655799034272 0.040629227131986724 0.06523742749913417 0.06454165455774699 0.006188279043124568 0.020648950466363725 0.03244738879401076 0.08985315403033384 0.10189861239500823
54 0.08316187876213711 0.047982710982428116 0.07390524221285058 0.006569144149430974 0.08407602512923712 0.06000024859883035 0.05714714980792372 0.06238595482071388 0.03507539887886956 0.03409784054027317 0.045997557058185895 0.018238185112669957 0.053508814676432495 0.06522864955768021 0.07303725714378105 0.040880888181244336 0.035055038484911705 0.040158398128974794 0.02509015010905656 0.05840346766436821
55 0.08244412125101974 0.06640197462627197 0.028007602175713533 0.09455365035765068 0.03258228517378276 0.05972955218491942 0.042866197112890046 0.08277742075047832 0.04241374675050011 0.0016415931973743113 0.09886077677707467 0.009437895172922504 0.014205211296650134 0.017154891287895657 0.06543500618190914 0.02733468146214258 0.010096927376557879 0.06131788023875221 0.09853644033869599 0.06420214628679811
56 0.02410968807693733 0.026831471589755535 0.09882762243654813 0.1198245066469151 0.08955152107398681 0.03544071818581724 0.10453681545908643 0.0643447892795811 0.02791837335897635 0.06247721213475127 0.08707150847513379 0.007223485918958351 0.007138973075125872 0.00289068360428793 0.03217407073031111 0.021725743946381368 0.1357908244759301 0.006572525903116446 0.025614191041339215 0.019935274587060656
57 0.08704360394568829 0.06658773960118407 0.023818935686337424 0.051002391740342545 0.022367572927178565 0.05566551674140312 0.10277629085274408 0.016533471327077526 0.005011437420761801 0.0033516106044147375 0.018074347194587823 0.05948269032467012 0.01780874707307932 0.005578398470513167 0.09609142606495535 0.10909983115406832 0.08472010204428601 0.04463093023643446 0.09279379379382026 0.03756116279645285
58 0.011517117885642521 0.07556725378362879 0.08975324345370742 0.029366332871495364 0.014709588031566004 0.023962671444517948 0.003996602241662636 0.06434315427818929 0.08976944765609814 0.07113823169805801 0.00630987306726704 0.02742066369607051 0.056334859086433375 0.04538208956820951 0.09038013744739419 0.06994713703009038 0.05702671194655292 0.08846919054775419 0.024378541934020947 0.060227152331640624
59 0.09832668287287372 0.013920667458382704 0.08158219396951714 0.06781938609202143 0.05204156615550304 0.07078545881425102 0.07005223941329695 0.04607887957703342 0.06005833034268431 0.026619449358131042 0.007085156484707803 0.03820681579146448 0.039333271347119864 0.021618777866214207 0.042994453623507976 0.008026099431806233 0.08794991624199193 0.08824691880294006 0.009136877218762385 0.07011685913779031
60 0.08640214698705954 0.035191279885814976 0.027353786220573165 0.04741827885301824 0.0024334391505873194 0.08478061222211022 0.06578953179031845 0.056838049382068184 0.05837738437359478 0.07016811515530844 0.09079646747945694 0.006372479864274419 0.05341998884764622 0.03663831185415578 0.02660541945855024 0.05623644046113581 0.061932724134870505 0.041719490743951 0.0363415100665439 0.05518454306896191
61 0.07399549204754828 0.039324915962662924 0.00851792545369097 0.044254596460958036 0.08500406104014332 0.07974348539447189 0.07026184629755573 0.02280522924185257 0.06058877484833197 0.06402041210492213 0.05752393135025665 0.04711126079578781 0.020336635185609016 0.01947841888162134 0.07232873092136792 0.09377064288797138 0.010480906613230546 0.06333814662701896 0.06691201464200909 0.0002025732429895605
62 0.05755595889065578 0.005201096579526382 0.024231568570775568 0.046905508167704 0.07083304685608512 0.03128329794799688 0.10713613722932022 0.09680606462022101 0.012776598894294361 0.007896248790020698 0.051387620812587596 0.09128419098850485 0.0005891524747038243 0.037065428645024864 0.026012808040668557 0.08581285501502131 0.019381236670615067 0.08169359994745809 0.08371712937281163 0.06243045148600413
63 0.0238730186958156 0.04425766882060057 0.038330661005747134 0.008467764106391988 0.05850831447910049 0.03637473583001963 0.01601688732346153 0.01911572723703741 0.05684059813998152 0.06986871023223104 0.06299690351163068 0.08197338864967486 0.04461162866088761 0.04869976665937561 0.06854577099504312 0.07592616447576782 0.020008328147220603 0.06790956689393386 0.08047307608576543 0.07720132005031355
64 0.048034057330495025 0.03811477853912583 0.05568127867396312 0.03693845971644999 0.09989560973128866 0.008071168964272214 0.030195290226410727 0.07885036340541969 0.10707241220884031 0.08224502781540895 0.02342765418905248 0.016858966491689827 0.031354705553468094 0.09282830869679365 0.010930700232165603 0.02737008242486552 0.0891571673312488 0.01971003303524163 0.03877322237117483 0.06449071306262509
65 0.04984620558515344 0.0784334203840011 0.06705142913244405 0.05978611573025885 0.09390212008513911 0.09625694208379842 0.07302158149102633 0.05977388831632743 0.022797884565928243 0.03403961404849782 0.0828557396155151 0.03502579394284008 0.07238810704523874 0.02196382701763576 0.01745633256576193 0.006337201261760781 0.04401021917688502 0.009797633408098293 0.06036372316646702 0.014892221377222412
66 0.04363175495386672 0.028203064474510244 0.06123413809499968 0.08597139637508429 0.089252660356961 0.07110816362228464 0.044447135861600776 0.08521525332346484 0.0793177203966829 0.06750781471841165 0.024082293181587108 0.03914483779041767 0.06422196499198521 0.035158807955231276 0.030934815407498335 0.004864590956869486 0.015437197194813283 0.044626081764561766 0.08300726515222522 0.002633043426944011
67 0.09356315318437657 0.00877238894540621 0.11517474105249592 0.021438919480623125 0.0041812554386699095 0.0205746578297289 0.042756835756868956 0.05323262772208462 0.08401706027293442 0.004857203352434912 0.04381505305040675 0.05511421719951461 0.05544026346474093 0.0445162533133409 0.04444088896867817 0.0013593999293143515 0.10282014367488158 0.05794304318960922 0.09980254762118944 0.04617934655270049
68 0.07189129030523797 0.039382208205024714 0.05749992592211955 0.025550430771503548 0.07944066017833129 0.07816476444354095 0.02246714289689749 0.09874932576705334 0.05657808823767102 0.04619440964846681 0.023541851279239582 0.08863254029257797 0.07610734304079805 0.028000931840033997 0.01756633213732165 0.01001271709387879 0.02319290062859962 0.06766696424062055 0.019260514244188454 0.07009965882689466
69 0.007111856628362002 0.015001540563832516 0.045370828667164374 0.08102440292805163 0.028324231516839053 0.023118022726221103 0.06794134711393196 0.08648509408549514 0.055173718951791 0.07152827337778063 0.07283849715793059 0.0852386712468335 0.01891138328279109 0.05707973435587358 0.08268547124717837 0.02352521962553969 0.04119529110945932 0.045291250144938934 0.01611001486548044 0.07604515040450498
70 0.006149542583848459 0.06612324830138905 0.03154469776958596 0.07115598566184744 0.002304435146423325 0.06379861736149771 0.07610339776348105 0.029730617682679615 0.08156040300418894 0.031741377317384155 0.02881490734182429 0.0816282828379185 0.07034371995324941 0.04451787563439871 0.032225277030652345 0.07012535613307481 0.026133458617246304 0.0615636206287658 0.07506670598749848 0.049368473243045635
71 0.07708872394948896 0.06807750119297144 0.038996593084107675 0.06941031687470764 0.062201157375716104 0.03398296844139503 0.06142799526577039 0.07356260567506483 0.010310718094689137 0.05109577961853532 0.05559687183162222 0.011373584595817336 0.013609964835518346 0.06085848784305968 0.07470810236127308 0.011885387841135771 0.08175070003355035 0.046517441264629866 0.026656066017114028 0.07088903380383264
72 0.02869586530661186 0.066588333619414 0.029663892627330702 0.06242374753719299 0.015113786619493563 0.05353107945245023 0.07775566580604755 0.010966510103542975 0.04840971078342051 0.034990293144255634 0.0832704845948894 0.03589218592283211 0.06405882615240932 0.08400276285616806 0.03580385083812979 0.08414692631623968 0.03313994899734841 0.05480028798407697 0.08209754825351095 0.014648293084635002
73 0.04532655835755007 0.04290444757118283 0.08830358690439208 0.028521186975735805 0.08496096264416357 0.09623621039850332 0.020495817928526082 0.0036761323800632044 0.0880889242923348 0.01799800514305246 0.011863801778827473 0.06641715452678583 0.016286941468058178 0.033263934178190416 0.013876163693641669 0.06122095965546387 0.08247838855176398 0.12097632977518047 0.06334743401154708 0.013757059765036711
74 0.039992900661029215 0.0609704395663806 0.012038930416313851 0.07521632050499535 0.058208641012303795 0.05197738953709225 0.07254655381419482 0.05293275866919214 0.06058429787688936 0.036888102208608296 0.06697790030995471 0.08022974841405135 0.051070797360460364 0.05729681773550533 0.08340100682638633 0.023523753113600523 0.053607895491015946 0.003805930144352412 0.028357699912140686 0.030372116425532697
75 0.08231665286564988 0.024838516635799616 0.06003620540799484 0.08387688172463553 0.04572793512326838 0.032090039156799824 0.04010537896676789 0.004689751683920267 0.025440265369052077 0.09382442740976686 0.0874368229974507 0.046485457154961364 0.051323993944344296 0.08851836233814554 0.06643009441197192 0.007984076143485667 0.05918400285581392 0.029032592012789522 0.06487908840536838 0.00577945539201338
76 0.04733203787542091 0.02582470532997974 0.018426695675073365 0.027043057684100966 0.07005457788010955 0.053303156643441034 0.019600747631263356 0.07735302499498947 0.06860901104361417 0.0735100726938279 0.07243751010786577 0.09699691356629787 0.029661483309137267 0.07206341934123059 0.019334522235554572 0.022606134809886814 0.09700228415492848 0.0178447248259477 0.05271560057569655 0.03828031962163382
77 0.0234315017031675 0.07354434460582682 0.013908408857645098 0.053572492965109984 0.04863096087734204 0.06071174641182671 0.08064215793045701 0.04540946316452431 0.05482600945343208 0.0765170309175132 0.07766525673490612 0.06788438625212986 0.010306551689101108 0.03512044608123925 0.06479725250136052 0.015966251486582997 0.02574885742930792 0.08540653236397427 0.07995157210240163 0.005958776472151569
78 0.07564825129262258 0.04937522181809583 0.05965595117085507 0.06080516819260341 0.01674161381589778 0.09344030199115179 0.01847725954004587 0.041537430397600425 0.003709332757024422 0.06012156669945438 0.05364577426709801 0.07930599213520714 0.08114470122239319 0.09448833449881269 0.01067824989426736 0.02015564207266639 0.05452373158622296 0.0072740600322763836 0.0498570203432682 0.06941439627243604
79 0.06487318545498587 0.0917912435430809 0.07526742994621793 0.030106681005359317 0.07881989831976752 0.00361870575793719 0.007732286124177155 0.049868371564224044 0.0906176843709828 0.08701214484013005 0.02181996398623822 0.031809882256114703 0.004946520041920101 0.098257636350507 0.005583800303881016 0.007822857515935379 0.06352318336224143 0.05870889141543917 0.03741123188350539 0.09040840195735475
80 0.06427691459291794 0.0025031532106678206 0.033736540071954514 0.025914537639201835 0.03819710579185069 0.05212200456272125 0.035909260699020416 0.09798246444953343 0.061053681592028466 0.007924026367408849 0.09275000707374849 0.018056451675332198 0.051065834287532696 0.05443798553033606 0.08475270680550247 0.06153991581215521 0.03678788605747696 0.05335023708495202 0.08793250156135511 0.039706785134303466
81 0.0386498661201477 0.03281891207122279 0.06155998322749749 0.06843481734992952 0.03125821634358895 0.09931041091174699 0.03491479767316261 0.06834595556201085 0.02613575744068338 0.006175737943431291 0.020303487588964195 0.06993994430733247 0.035779975281829614 0.03563007361308781 0.09635938851694281 0.06885430677764005 0.09544937905966189 0.010287788049441925 0.04314812284200155 0.056643079319675944
82 0.019388224989994124 0.09916890910832318 0.04898089943226729 0.011185823776775627 0.07587428399610523 0.07030910261273221 0.03677305619185762 0.006908098817396201 0.07884619579380892 0.027376121200131893 0.05185435867801031 0.09196596631535915 0.0457909835970638 0.09184481874782206 0.06216161790698569 0.012212412081834347 0.0044659274015709256 0.06527561171139323 0.07086939240164632 0.028748195238921803
83 0.008569811642346445 0.0016201345748810675 0.0702792557599861 0.06616953574166232 0.08233850201085482 0.06440462812575082 0.07922802337229606 0.010194078340457881 0.05834805287701319 0.03781457708069037 0.07479390195220051 0.08101991469505004 0.019368347715881147 0.05537383600150558 0.03711219670567798 0.023445454439951118 0.07934847247735437 0.07073765127767463 0.02997981889163773 0.04985380631712774
84 0.0678764169178511 0.07424317299311077 0.020703892534473054 0.07811979055548184 0.041475082821807494 0.05233694182393698 0.07746545518088922 0.053765956057696476 0.019808759127826227 0.033663579419291954 0.045123166857197965 0.013835335211087135 0.04963585799548629 0.0741986632761382 0.006227228443433035 0.06004347276192935 0.05806730172708584 0.040302192949090876 0.05421533177128781 0.07889240157489835
85 0.0026976114928371586 0.09308649760135071 0.0004093073286319916 0.011401295456501415 0.002877913870395372 0.06213707678536657 0.06037629371539029 0.057983218363923124 0.07719451418317665 0.09509082446254422 0.04543755818682599 0.014126344774090886 0.015302765441036025 0.05890775515936608 0.07514218334430936 0.07890059753174149 0.07983803427360853 0.07472337372350887 0.03693397005072653 0.057432864254668536
86 0.08024159399467778 0.0260279251910155 0.07016250956092483 0.05501062311319022 0.04846568794157704 0.08617968393402278 0.01280290357219137 0.05471879150375651 0.048694152444117365 0.004074964704857606 0.022251117648689582 0.04615948916866027 0.03630320720591594 0.02428430420404631 0.05874979612514159 0.03759294876440544 0.06988977897347301 0.08427546741808216 0.06477547504994657 0.06933957948130805
87 0.05099588554711742 0.06009000001081487 0.06569476713528033 0.04820535050819952 0.06508776240913676 0.029437275373759737 0.04888407141960556 0.01733657668851085 0.047747163998133745 0.06717804521512756 0.019570253129571683 0.0452636113024342 0.02403274118533356 0.05518568735521002 0.055335298375029936 0.07538661901424613 0.05203474895818343 0.06903636049623324 0.038309304850209294 0.06518847702786217
88 0.03206388972353028 0.04051995315976564 0.030570809526645926 0.03554922926420152 0.040454305820941484 0.07360421160071247 0.08843560586234749 0.071833014064762 0.03462215228306847 0.03465019052031025 0.06266799795073402 0.07744268731731219 0.011355680468128994 0.037503301678720645 0.05157835644783916 0.045899258610476744 0.05163709016441818 0.06724224905691661 0.08033740657873843 0.03203260990042946
89 0.04686951867118891 0.05878307058036413 0.025969563412136493 0.09997639324560868 0.07862551250763662 0.09875258040977511 0.039787795287767574 0.034651647210729435 0.012016023257298327 0.03476691886339487 0.026078175269826528 0.0995999387587123 0.08990940916352128 0.05364186550107798 0.055565980892995914 0.010600522489819703 0.03848848037150854 0.03198041567666292 0.005731743511879344 0.058204444918095045
90 0.08399462263443508 0.0293490545112334 0.08093962707013284 0.017171358342143266 0.02010293485735953 0.05354717701852409 0.08491337190292435 0.07808258677254928 0.03157837161645207 0.018353447983597785 0.058585462554225275 0.0045186628918063585 0.013205915219626828 0.08012704622598278 0.06737516756999445 0.016533736030209117 0.0728405715890263 0.07241098101198193 0.054829100296318316 0.06154080390147711
91 0.0585743384970504 0.01420125238564809 0.0022491266430701377 0.029866422996806447 0.05598871103835327 0.07317215379061096 0.06712498874273615 0.019651676875812773 0.04101391252730678 0.017654147253444438 0.052580827442099194 0.09060694989749524 0.05476927541183016 0.08558786976990762 0.05184008722774393 0.09058151017931548 0.06898203014869993 0.008245771358734381 0.06129816987121989 0.056010777942114606
92 0.09328506980781504 0.09831497678281835 0.07973411734934736 0.04235059865914232 0.012135404595260354 0.07768168988070917 0.023497282519199084 0.055675682590373 0.033088839277510385 0.052758272653510574 0.008916826608786564 0.04081210745915449 0.08123561955812506 0.020459271503266888 0.06815102690568021 0.04039832041506968 0.037970985765415306 0.05692429269526312 0.07357379125966845 0.0030358237138846745
93 0.08159777407929654 0.05336328281716434 0.014932024735261503 0.011915242838296 0.06965572747019194 0.03943947761312965 0.03640221580959054 0.0762183134690949 0.061532116038937774 0.024545266896017253 0.06288570177274844 0.07308282286821176 0.0868205884303175 0.08353584049277873 0.04946814415993383 0.024194620296503266 0.047981095851283746 0.04903698032130164 0.051905951142323686 0.001486812897616997
94 0.06299303441508222 0.01960795822246571 0.0948218383565125 0.049418151469352585 0.033509935574483334 0.08497710715772934 0.036941354405213164 0.014023306808363846 0.05672133691272016 0.002967115218143195 0.013258166842450146 0.04410142460509615 0.011304285405583744 0.020490441385070134 0.08360151844054611 0.10120850030952232 0.07938189895178849 0.02929456501382189 0.07400699439012799 0.087371066115927
95 0.03365966042034254 0.12245945648256865 0.006303373388026145 0.06001915388788669 0.1033580583966117 0.012402717034031008 0.004575874191841237 0.051296423202226944 0.03716933386752264 0.012404110600819194 0.009235156303008236 0.006991691453048181 0.035914863312904347 0.0649228615022994 0.1006460951500018 0.05868517256894727 0.09649220297596531 0.04796499921172279 0.09599258031969522 0.0395062157305306
96 0.05433735990369516 0.05384465591612802 0.005181417199413177 0.06156254273108317 0.074437661981338 0.018216958639801002 0.026811377267414574 0.07576319077179268 0.05390489848206628 0.05711255369711766 0.031102329846396364 0.0653888345223283 0.012444225416910022 0.01706173045768091 0.08429994753418057 0.04506304619920196 0.0851083572778559 0.019377045843795404 0.07789749359195121 0.08108437271984961
