0 0.03600098603688272 0.08509074325297558 0.09621311646992445 0.013188085341808544 0.0014642964284047977 0.03071480457171918 0.03235590502758182 0.04725354203893227 0.09414302905570261 0.05401255389792436 0.01445902747188474 0.06799458716362783 0.07121573108431767 0.029957356657433813 0.027904519632652384 0.08533385225000498 0.04293071160309933 0.08550320511569924 0.04459687387041117 0.03966707302901263
1 0.06788026561027846 0.07279974267107714 0.06190612053761943 0.06793689295492979 0.014540341488974888 0.08235938250305413 0.009072706627659794 0.09394292786952968 0.06369601891794205 0.03343748042751424 0.06374476545800513 0.06463546000370098 0.06899382800096349 0.021538574425420804 0.013980108145329143 0.04361709742486331 0.02675274967616106 0.044038296456108926 0.05389352569858946 0.031233715102278105
2 0.046665435345045095 0.05080646775414941 0.06875114809470288 0.021595148451229083 0.0888218379848356 0.0798200169322777 0.01915539309980275 0.08705737400947244 0.08000572974877117 0.03695131134491549 0.0885619360716526 0.0008480516088722584 0.05029208350356177 0.00954810953499091 0.02615705817061995 0.04679724197405459 0.0476512270404562 0.0567638019895375 0.02641338747360131 0.06733723986745116
3 0.07248896434227403 0.04513969035602905 0.052138908075796096 0.026816903538066802 0.05574444079242275 0.09311817941768834 0.06006684021188301 0.03589532266837059 0.049925216019861766 0.06768083889809702 0.08303616807064584 0.033458303847480615 0.01786364077060259 0.062196043922057326 0.023463140455930617 0.06597827951025634 0.046729237268596346 0.00993132228286707 0.014961701675635465 0.08336685787543843
4 0.04107259474998267 0.09366274482873113 0.023131303299886524 0.025227427399505443 0.011786031255032551 0.03677603124521577 0.008750864759125546 0.028798741208140438 0.07027231292373586 0.10117549497840268 0.056355745528625975 0.056017136012118246 0.001909695642298894 0.11271482538267803 0.0385020320151119 0.001024217318193986 0.09658314664700116 0.0036553897247200476 0.0814339630440322 0.11115030203746108
5 0.06824163339536428 0.07896305031929743 0.015134513715972292 0.056692508935269455 0.03324031705827653 0.026475033951713654 0.08326698512559048 0.04465495747219963 0.03809595127582416 0.01678111098558024 0.03913876482765854 0.0611553049489092 0.05858122259946842 0.07723221877256903 0.06918122644302317 0.02215540675904124 0.07685699826105141 0.08144600434134958 0.01583480619282284 0.03687198461901864
6 0.09070010360142086 0.017049577026656607 0.05771583176231814 0.09500987960946189 0.057579137892436454 0.016871259142676724 0.10793004361450545 0.05997175891633457 0.028822311910372257 0.008344868310353987 0.014776373198610599 0.04346833707718104 0.08259284909613845 0.01655393194996252 0.004701086099275386 0.06432597943905373 0.039481533492649254 0.03220787718432679 0.052364848684732755 0.10953241199153245
7 0.02067177347648367 0.038024378812590784 0.07276855722237302 0.025626747677364402 0.017353966034456752 0.0043657885138110395 0.02309459169069876 0.034232287219707044 0.10030465353553435 0.044527876801549286 0.08988251010600447 0.09542218831410226 0.07609790173444306 0.09361830023767594 0.06043483276993369 0.012176088492162238 0.05276083455548592 0.06102376484580896 0.03287607235415551 0.044736885605658853
8 0.06853726948224251 0.048910294065985405 0.0680588601621025 0.05214658058114413 0.05175810946615336 0.056747175787658366 0.0016816567362120817 0.014007758649492002 0.0019456234313985918 0.06150375476669675 0.07479660193309239 0.06491271876337619 0.026471536104046615 0.02610972589491147 0.02294254292291508 0.08660381269416204 0.05412549818570709 0.0878604443026094 0.05556263094271854 0.0753174051273756
9 0.044166781803881616 0.01696007364581344 0.0887455058632996 0.08397431765184388 0.009368008025579182 0.027718362973249616 0.0948259137554812 0.04683490579358716 0.030252255889536585 0.0009107892394968195 0.005678316760494905 0.08114222895718196 0.047740536393385415 0.002863938733996461 0.0720698582257801 0.07074733616924574 0.05178813316111563 0.06368761675481557 0.07139515522720437 0.0891299649750108
10 0.04827197690052442 0.03679776178192083 0.011207440527296695 0.014872404106954415 0.09917517639967934 0.013729317193204237 0.014766159289267852 0.031801679449851135 0.005059669334255894 0.023663897767112377 0.030587849208301144 0.08243571303929983 0.11092522360746959 0.09646436614541586 0.03367075575722529 0.08312869644620234 0.10112082842850459 0.11069686384403554 0.04413653247623265 0.007487688297245885
11 0.02271866791184118 0.030381064872993805 0.09451060706682683 0.01768883655544518 0.036265712384550536 0.07566399272333228 0.005645320038662104 0.07653317229278508 0.0209819870666751 0.04078858200656783 0.04211282045533577 0.08808630115105802 0.08049072538161142 0.05265157761947996 0.09326684126077601 0.033691484846043805 0.009083959969886106 0.055459079715994584 0.07213384846495673 0.05184541821517763
12 0.08263293746117244 0.0736716856320176 0.009044979517177936 0.0587318102087825 0.0023818061702954286 0.08614038194532163 0.04419333441650482 0.09095136827735517 0.042425678584091395 0.08950122680195988 0.006502010538131592 0.051860238277081416 0.07682380590460607 0.03122787141664885 0.029070680019919685 0.0916946160551969 0.037572164319775454 0.023081837178044795 0.04601929476007071 0.026472272515845753
13 0.09115098345162405 0.05204929651572992 0.022616171511898462 0.02715532079417627 0.04313088700557462 0.09601818335858618 0.09648923361699036 0.02416666840870129 0.009336517327530255 0.014605020895853206 0.004832309180690887 0.10327995980469096 0.023848316675705042 0.01807435407964024 0.1024323381673714 0.06815377208831501 0.03725928095635975 0.048378983103742994 0.01977890715365312 0.09724349590316608
14 0.04504373762965212 0.05291084531654202 0.007314914124016724 0.01977105238960062 0.0034133304633294885 0.069005891009034 0.09428747921374507 0.1013938744576038 0.0006996015952228075 0.09781560519761551 0.008216476285165386 0.11396235221792601 0.09770961398911707 0.11114991066318802 0.05030567230408127 0.035950613312384236 0.013041594196247399 0.03763149408525616 0.032855679517160355 0.007520262033112035
15 0.058486946668056386 0.04112885953674565 0.0018309732287901956 0.12897389341970786 0.03966116891611645 0.014158954104125165 0.04137868008653329 0.021037793447059562 0.006476991530705866 0.13380293051680892 0.05739704151558657 0.09355024813052344 0.016355732144718773 0.0013475549270432596 0.10730391055942856 0.03168788813329481 0.11187507838748023 0.04898248335009176 0.018641566841645783 0.025921304555537532
16 0.042978269379873965 0.08580399898705061 0.08584473995402542 0.01678770071384417 0.00528741919379353 0.06612854644267184 0.03669788904706665 0.026322879644636286 0.03009239742313564 0.0580524775351311 0.07222400020626478 0.013134825092211866 0.04503621924849181 0.0798752492820149 0.025349396441373087 0.0734320815930042 0.0804383771744805 0.04333679078555048 0.05197980171652047 0.06119694013885877
17 0.03911171003449012 0.06108752989724555 0.05808022017363546 0.04353514619632902 0.04360495972115158 0.06252799407211442 0.05492991401120528 0.07418376190389087 0.06744200421973694 0.05115653155260637 0.04854665894717703 0.0645073703959929 0.006443198514372419 0.005430308261522727 0.07374367907052241 0.0201832854481418 0.05855444122478167 0.03495817753098658 0.07274128831027764 0.059231820513819075
18 0.0670392477717736 0.06747336656452696 0.06308327579915336 0.08484449768827702 0.04786371129818851 0.04288578623460787 0.05332174459293512 0.06838627921000161 0.049429615345578076 0.07646506961180893 0.02896429361058923 0.04009500192718865 0.0298181416110546 0.07865935948963323 0.09060780321388635 0.06933520261163555 0.013569095418853894 0.006741220489604125 0.003139404627766747 0.018277882882936653
19 0.018614652738092208 0.0550510124305684 0.0728963291941607 0.0412999742207711 0.07946737223562897 0.06998920815893322 0.06714902637338122 0.06816515199860762 0.048765143968334576 0.026254156165234497 0.053451607501209905 0.0071916478864216295 0.04040693847471935 0.050501269585504535 0.0015894383581838642 0.06229305494564959 0.05144548250672864 0.0654962958153484 0.07800682607231389 0.04196541137020751
20 0.033076936447644034 0.023755622974757463 0.06951679158937282 0.07678509875428147 0.08442564471235811 0.009647104025677141 0.0617068384821015 0.06587091355646447 0.08569350814264144 0.0589947290751611 0.08040437609987057 0.007768074633953924 0.06738326617399534 0.042961698020232905 0.018650940270646076 0.06287056692333495 0.05508319668851367 0.02205653546421319 0.023845835418604373 0.049502322546175384
21 0.05811022546993371 0.0958541356211705 0.01599696857643179 0.011223995026644099 0.029096013335262884 0.09289411704567532 0.019680150914777057 0.040333958805075114 0.04396673314418636 0.07753556936848956 0.010421709036998086 0.0930705033392086 0.09982641407721018 0.0009562973925352671 0.013224291426901813 0.03662305110737188 0.09029306514684234 0.05855053317146267 0.061589145866700064 0.05075312212712277
22 0.013566843964947901 0.03804524420214488 0.026852504784142837 0.02403727104620308 0.04211150676441538 0.025310122292174223 0.003626931450884468 0.06491486764502769 0.0885674982043674 0.06445561274306871 0.03883577921863049 0.061763792326308437 0.08376546138302345 0.0947961282326366 0.020923647702740664 0.08216979705213794 0.07377158316059082 0.030636543103329042 0.0876350737241012 0.034213790999124784
23 0.05846490719969001 0.01923078534090042 0.08165387924229427 0.06040895169327841 0.052939264896604325 0.02443449540214446 0.08628422235207503 0.04797514113834839 0.05817609837728481 0.07626782253667806 0.041069577481931956 0.003323011034086769 0.027586205226348824 0.04734755679063033 0.03290981103968949 0.07995002825182092 0.08104184044858576 0.006056417239635132 0.05897059652161164 0.055909387786361155
24 0.09108874782676991 0.014063131950086606 0.006994266740209906 0.06390033787952644 0.014345818775709748 0.03283605188247146 0.0643975407562097 0.09522630120355682 0.01548858933412118 0.06634300103226239 0.006891767681675671 0.026771490831773517 0.0669766110768543 0.0886493574060785 0.09831132770813888 0.026894098352107935 0.046284089259429013 0.06661207110473251 0.09086292850341231 0.017062470694873152
25 0.05763427690956109 0.0776234069486537 0.038997768058192474 0.007917254384290615 0.0348639290404815 0.07517294618400282 0.08134957289358087 0.02112463393335318 0.06768876849312769 0.05024537238059926 0.07806993464743432 0.051247765158163594 0.0855424782285777 0.00788914881194577 0.003672200503803537 0.07068383647454891 0.08391384272717017 0.036514871704651654 0.05663152148422173 0.013216471033639522
26 0.08406262999681541 0.07920212998944222 0.052187050134016096 0.0644729589393584 0.0591812847256712 0.0830103602294405 0.054324870200378676 0.029502636719404847 0.021670854349748 0.0016503707577160726 0.07640333584011072 0.05265726327915904 0.02386093490491162 0.03903481395534925 0.014917928139660093 0.07967213916985552 0.07125286655451421 0.027960873122035698 0.05980494502165682 0.025169753970755507
27 0.01564917903738203 0.0029173493037965006 0.04681770385531185 0.034829210342742715 0.01305584575240811 0.07000835958439015 0.00034791764337711135 0.0008034243886485471 0.0216379628359728 0.12262367572894178 0.11466435013518501 0.06640171347765408 0.011702053890234336 0.09826536705973278 0.04707174166918157 0.06944906759174582 0.10146492750607625 0.01594506995843411 0.12196344586281885 0.024381634375965633
28 0.05890877502839711 0.06631012345849949 0.048356821339880576 0.011491620838991263 0.06073406734924286 0.02631573641953086 0.021470854800798238 0.07396320958819619 0.013395043539550074 0.049678727761693894 0.034964108385229765 0.07601882326862072 0.07510047139066835 0.04548742493667748 0.04301046272787539 0.060178105891409095 0.05924893882205231 0.07576170393226742 0.0216042582119648 0.07800072230845417
29 0.09831168069389731 0.018692677103789267 0.11490018877578273 0.04158502392804616 0.0004049158508699087 0.04392486750382357 0.03776063739216864 0.01786436471421008 0.06526221873303081 0.0253781919389453 0.07518831115778149 0.0017592915472718301 0.05776098080516958 0.030044538603829937 0.09386561316279539 0.030594207659624655 0.09170379631141014 0.11747752906349278 0.021798088304971663 0.015722876749088694
30 0.06788994365124201 0.0930042242287206 0.030149305643399373 0.040830454009981185 0.05358862785285726 0.08577481599675804 0.00993974295329361 0.09635641739422454 0.01908633956967837 0.05641518419347837 0.0981002628051486 0.07992584395203471 0.02166458734593255 0.020621442485729464 0.028439565700636864 0.012571248415921131 0.0003710002936247013 0.02047651598722451 0.09886349450367861 0.06593098301643545
31 0.10819753539226112 0.06917842996135119 0.09688538085994099 0.04925086262748651 0.017273754491080717 0.09077106022678541 0.016913770302568527 0.0006822250035075396 0.06529915930931998 0.07562524419587222 0.02582506449735706 0.006811496721873801 0.027630731399443637 0.008344713982677991 0.0733102354865033 0.04997176681174755 0.0434911598599971 0.03133644263797645 0.07269280873106035 0.07050815750118872
32 0.031913731131041775 0.020648589492055797 0.09558110143235754 0.03299068361088531 0.021002668994501494 0.07204405017672233 0.017460137516170725 0.1139219447555321 0.08020390382102205 0.09909635479521156 0.11093986196809533 0.009993905909874324 0.011349330560974001 0.07307189426484288 0.016955594725362344 0.014961889041842254 0.009182496344784402 0.049535600550474866 0.08084947487634898 0.03829678603189995
33 0.0005611054180068695 0.06377460788018086 0.003224217616162588 0.09209049077138418 0.02789110628832457 0.09792959539110563 0.02092619039972608 0.07949299906763183 0.04332208362313156 0.07169439364787794 0.0482787837522193 0.04802809824255033 0.06932035181822867 0.06030404730864511 0.03034205330374125 0.023872079675733675 0.006961423507967625 0.06228299478068625 0.09293309864398185 0.0567702788627138
34 0.059168626810492925 0.07124905838999664 0.05212433159122844 0.08268281630027934 0.008036177535067704 0.03289555414163865 0.06174734171769709 0.020559675142362264 0.01023655083027033 0.05409436487090062 0.04686005228100952 0.08265963095110325 0.03958808111374288 0.0409196161951095 0.053223333186699966 0.06401068803726803 0.07932245231183067 0.05602785542392691 0.05883253750789273 0.025761255661482577
35 0.0021678174262264667 0.08952045040430727 0.07587685525870486 0.07349567244176607 0.053917092684309824 0.004905051822099336 0.035897021946802735 0.016156655700658027 0.04882064706391341 0.015031480300712857 0.057227285729089375 0.08968553540800388 0.08377333450420225 0.0008339129666353806 0.010342385802604066 0.08755355850713718 0.05305125913278595 0.058973627235297914 0.062428633173535995 0.08034172249120701
36 0.06597747934406763 0.04768931013233929 0.053677067457302954 0.04233820924992825 0.01197241275485832 0.07620198427905824 0.07551460048060349 0.03721556700346439 0.05355789771904018 0.07716883844428238 0.04083100907347779 0.06178708563820547 0.06479839931714837 0.003243168183319333 0.05983665817305233 0.03954155570946036 0.07148997784094935 0.06271560048177041 0.04537419082616674 0.009068987891504721
37 0.0670775910719401 0.08211522335261477 0.062132343929401763 0.03172099858854697 0.04137719531017438 0.004922145172296431 0.029185642436281214 0.03913135143860144 0.031668506991008545 0.03205700032142444 0.05687322492782343 0.05963100143712796 0.08096801573197823 0.018097730291021193 0.08513219184563817 0.07638162213174947 0.0304679466418301 0.02445022673258781 0.07503254014205557 0.07157750150589788
38 0.04538358907770344 0.02837722905828515 0.016486449761371553 0.009891127149112588 0.04188014261773866 0.025867753264300894 0.0708577187288076 0.03882277749664004 0.06278778299167007 0.08822399081990298 0.05328725617502547 0.04684671500764263 0.06134380211146336 0.07921577516555511 0.05676820746243376 0.0615821012369752 0.05681828062507059 0.054046731213625764 0.059591828260724455 0.04192074177595048
39 0.10070168521524724 0.03471055524625306 0.05657159953793525 0.024645105430877584 0.00932719822818082 0.04130746716772672 0.09621999383305768 0.09204103994920586 0.007335572150090687 0.07202554220453367 0.024252754842883 0.07386666342300292 0.03097793684902661 0.09070582120769832 0.06252016772649596 0.036217082136080894 0.05096697415355099 0.02969306666393131 0.05821030773372584 0.007703466300495745
40 0.10552442097374752 0.05072698053858736 0.007312701563772866 0.016596682794409463 0.051896488438872596 0.016544107195748853 0.016739390721440435 0.0531272109521482 0.08539533402512539 0.0917744231210122 0.07288506277389055 0.021224842418266797 0.08013603421320968 0.02375575911992133 0.0005035974020743549 0.0640113382841113 0.0012825433321892756 0.0727868550983584 0.09131926257851278 0.07645696445460083
41 0.06295057620301793 0.06902663106156458 0.004842947826569143 0.07346669706505576 0.0025008228713039302 0.040718068120778904 0.06570510544233261 0.04255576355068729 0.07148242087421318 0.06891612930328873 0.06630748696208202 0.02458665154492563 0.07753411771373202 0.06461797768301858 0.0827858341180278 0.05377735404899938 0.025298145526762652 0.010599490588820074 0.06880086867317123 0.023526910821648497
42 0.04876609728918356 0.057214609733228956 0.09168086532717899 0.06094749437709151 0.04582408691032828 0.01687578426936599 0.06428258832392363 0.09921791597114286 0.041755178713532536 0.03469199963200193 0.04639247579138106 0.0029075469103977797 0.06983928626581502 0.006622565554961851 0.009729439900770917 0.06284063609362636 0.09689773466142022 0.062344871767766395 0.043058684589299984 0.03811013791758208
43 0.02794901735323103 0.05127118283436741 0.019308731032844126 0.05063696560040612 0.044270381672161616 0.031353294916653965 0.05963422340349649 0.060607893117231935 0.05996096064810527 0.07989407770873314 0.08329372452242449 0.06591350440554718 0.032592945997413345 0.07589200078543835 0.07252767427491359 0.0025532676407812416 0.018469088388570146 0.07303814558267092 0.056737833340142416 0.034095086774867125
44 0.07306508022045721 0.01673922551242636 0.06331511588090315 0.0025468111144478795 0.03686562050108779 0.007601122781080219 0.04961560469156092 0.07516101808961018 0.0846235368181669 0.03293473989443449 0.03869312387770889 0.044334199626670796 0.044376003336703426 0.05842383234852568 0.03377082943971574 0.05465848317179572 0.06207240525115533 0.06419730454222143 0.0825181200990641 0.07448782280226382
45 0.06145616446614132 0.050289638509156166 0.07534834300810676 0.062171522775090464 0.017399433322925394 0.10217598319536657 0.018136566594430345 0.015929967338657747 0.04524375308228973 0.026744469556197505 0.05828344882641512 0.036942225196015636 0.1066604217046641 0.01662364116097317 0.007393640458927615 0.09066137965120158 0.030759802126946574 0.05701668856082269 0.06209414092027217 0.05866876954539946
46 0.07904705574649848 0.07295931246211201 0.020168577408235425 0.059816361639003834 0.08602025826260665 0.062365369531996624 0.07262547680240719 0.06847245255331429 0.03845279026916817 0.02025455093074783 0.014993214477403807 0.03204930446365241 0.05411756354219471 0.022698615301868116 0.047923433536419015 0.05949569639537411 0.07021018227812849 0.028859493305999184 0.07486458362265334 0.014605707470216332
47 0.0026347915799302384 0.061380334968718434 0.05442830906396466 0.04724717778373469 0.006149465934003536 0.06780799343601897 0.058438568061161225 0.03141497541855091 0.05101454032607128 0.0396174954707397 0.07663279026323114 0.06383257818452893 0.05488043337378553 0.016430856399757894 0.07205949183222797 0.04376838152638779 0.027650027997734444 0.07749127402425829 0.08654339251165216 0.06057712184354236
48 0.06003556683628783 0.012882787664371325 0.04404395603767006 0.012961074412714178 0.08379242615530817 0.04378909340850832 0.08636471672489665 0.013904813929843577 0.06681030666912938 0.023654100257300897 0.07514037839484095 0.011870752211403691 0.06118829160673353 0.039923823900625655 0.03815129356153818 0.06152672626922267 0.08381872466789793 0.059148343158390286 0.049717116404300626 0.07127570772901619
49 0.01835846614663088 0.013875999189611013 0.007870929849576123 0.09476742075702721 0.021214247786292974 0.031249805971164373 0.05554872062539234 0.06807019649572892 0.010689058751353493 0.0410713939219561 0.017908718135497926 0.012490049039542914 0.1142553863428376 0.062336120291820715 0.06834992873861825 0.08356112244386614 0.04902182444364766 0.09616180736330862 0.051882683924414134 0.08131611978171253
50 0.07896136940847993 0.08280031580605264 0.06094534059444786 0.03376562898770421 0.067081845339866 0.04270941885898711 0.0037573610755817417 0.02459984535106656 0.024011159045196052 0.06945049378002097 0.03916668139808859 0.08646856748636457 0.0002036736345766814 0.08872080168362204 0.059926392119944376 0.08081712568452587 0.08436133394338853 0.021683557937105715 0.03888317167071811 0.011685916194262314
51 0.09597697860630162 0.10265523049536868 0.0869687552705862 0.009891393876855354 0.03781233001229953 0.08601204473551191 0.041271954205927996 0.05046432700280028 0.05898576511224884 0.09448815788161481 0.06241625415707 0.061107795922032866 0.05774937172638383 0.04318778857438415 0.010477237020946864 0.02067572748957037 0.035116286238603786 0.008921716046356493 0.03207744939395618 0.003743436231180238
52 0.05086228197553434 0.08438668963113695 0.058186735348708205 0.03908782481984244 0.055839727813610615 0.01928248355411332 0.050499474540169474 0.07703563588536966 0.04257268016376559 0.06768169683435958 0.08467352473770995 0.046692407358309075 0.011722546138885973 0.01506612998819255 0.0587628103920295 0.04761812156044791 0.02990517033683761 0.0654571089356029 0.004912585198001961 0.08975436478737245
53 0.08698479902625844 0.042364887783585436 0.07716207506841496 0.06841704405751307 0.04885066864062294 0.005093504662265064 0.051187843835565065 0.022756269255621075 0.015081851440591359 0.026053312544593678 0.08436440888556763 0.07093647977459543 0.021855849390385818 0.05970503810135456 0.021282919508092267 0.004487144136271863 0.0458367006758788 0.06901096320240997 0.09824387534809362 0.08032436466231893
54 0.013504588400306576 0.020145489911835106 0.0927214024134987 0.08133722197711074 0.03157555835416457 0.03069271929125202 0.06247523565683003 0.04893668841965791 0.06727221665088563 0.07448575394491408 0.04744660431383922 0.0835385225889534 0.0764819582626626 0.011040811654766284 0.03939539754881902 0.05834444397498727 0.01534115079640128 0.03279473706740666 0.08084238596098724 0.03162711281072174
55 0.02815219675002507 0.08173770107554856 0.04032342224169792 0.046221173078276695 0.039916795299529635 0.05123212578792687 0.040431391467733474 0.008385423774357003 0.010397093279707215 0.08656635612570165 0.04729615529051063 0.08500096461049071 0.010497811883587406 0.0781909445062875 0.034412185661402174 0.05455836282114571 0.029580645372783966 0.08165893610664524 0.06742024606806511 0.07802006879857751
56 0.036244411387112575 0.07906424959883954 0.06761273272059244 0.05605232503772268 0.03227416440558192 0.053457928487970305 0.05585313027004326 0.047280996401733846 0.06890192890573703 0.07118267591475613 0.03303031992567537 0.020416808425877647 0.043270775536322 0.03992936707986669 0.07266971842720102 0.020427224844118946 0.049637024766255804 0.039799983687476774 0.045457461363162345 0.06743677281395376
57 0.06826341169794997 0.04995796562958539 0.08307291064231974 0.0656544021909505 0.04840554175465612 0.06059401978754413 0.07423674212598076 0.026618010379978282 0.0781538114230916 0.030352797381426502 0.05506017357173553 0.027129419374551884 0.061039952343594744 0.08444442480146344 0.029766322534699744 0.025447422067112025 0.06861384881146125 0.033042798339476 0.01601629531395286 0.014129729828469429
58 0.030066868553594122 0.09141076562868194 0.10019692378900101 0.027867169380164564 0.10379262864967267 0.05019551164152446 0.05929110167810043 0.09539439136943548 0.04118453972552407 0.02038182734357716 0.0799547289668827 0.028807032351369444 0.0012264483302377052 0.011520227936470742 0.03765266475362659 0.006091957893609389 0.10185895132334992 0.027379244438471992 0.003536811803111357 0.08219020444359425
59 0.08422868573086904 0.07327759914385042 0.003327439054807251 0.06109354700991481 0.05942893724046351 0.05311593516437233 0.015457599573216409 0.03272570246450651 0.01580992934442075 0.015090601154961348 0.03864591520248115 0.052212722078335744 0.08131399958098097 0.09065273765462246 0.04302135194075805 0.07749760034440803 0.029294334009060015 0.024401058764697295 0.06817092701329597 0.08123337752997806
60 0.037076424980900344 0.07160571316388412 0.08269619403476687 0.061306077382549985 0.03819242268028104 0.027460862643372157 0.04177289501254931 0.08158984194137386 0.05092460112353921 0.06764670425697304 0.03824716348093717 0.038048159213312595 0.09625995325624342 0.056723948148734854 0.006943537760736382 0.0139776610161916 0.04881799708750275 0.039252730826958196 0.04949775390207208 0.051959358087121085
61 0.009956453562073002 0.06508833173506727 0.006040323201225929 0.08383703705003567 0.0331228506668362 0.027322902082150168 0.09875363366767896 0.030596303264614207 0.004642654027450843 0.026113496191474087 0.06105527319431986 0.04801741425319307 0.08123251311990835 0.08765764778889082 0.08733840264793095 0.10414377365510111 0.009990236219271123 0.04351015631654407 0.05367143096770706 0.03790916638852721
62 0.03634055137964864 0.06646122496916157 0.008562001182921497 0.011988501149400982 0.05053280991504613 0.08512610081354866 0.10182899721215394 0.06034416277867883 0.056397310411286206 0.07955766943500282 0.05276259457524382 0.0422286382829939 0.06285512012388428 0.0020647107162597 0.03451638041251783 0.030469598415748693 0.09368217188498609 0.05004204898288553 0.06266728364767693 0.011572123710954051
63 0.028121816138908788 0.039715620532567934 0.09511940676906863 0.08753204229195807 0.015270882035550121 0.05674342342748955 0.08226567867346242 0.03337820935859896 0.03830992277745522 0.05838754513205186 0.03592970990427581 0.05498327170336904 0.02311189788449322 0.05781277710778042 0.021191414934239126 0.02715554808833847 0.04866420825821556 0.051323426990571006 0.060700061814405744 0.08428313617719992
64 0.02665543288531441 0.04733085429427314 0.0005010895309751358 0.09933552091834001 0.08775685225400114 0.0837063668559304 0.03589565591679082 0.04142424989270626 0.10464103415980668 0.016798326326544398 0.002125086152270257 0.01990769139996364 0.05072629236806913 0.009371580961216779 0.10639836858831773 0.08719462513071587 0.002538332512346004 0.06387598368105799 0.1050907636276134 0.00872589254374676
65 0.04675641261731291 0.07002295344565249 0.029044799576250717 0.021635897087433402 0.09295801179778786 0.048691217730834305 0.005465533021840876 0.02792403871954479 0.024120337938912894 0.023829594978738513 0.031579439670569455 0.05000187456916704 0.09194300682054528 0.008558760876030977 0.09506097209572703 0.09487958899806154 0.0403890068775287 0.044141162803614416 0.048784753570459874 0.104212636803987
66 0.02663816185173437 0.08167112686165379 0.05247352467575212 0.007963162456713531 0.06768035439993332 0.05878560534527876 0.07903253129654819 0.0077437157416704715 0.05013870296333236 0.04319417650488952 0.06298018845370865 0.042644111434935995 0.08668880481796566 0.037998088103782066 0.08843626071969488 0.06533926399564441 0.062303668655883535 0.0004745356713153753 0.003469993242254044 0.07434402280730877
67 0.013798965386378885 0.09666106236859898 0.03698983483776964 7.855860385945811e-05 0.0048002437568110505 0.008288221027763049 0.03713405094090475 0.041950560979737934 0.09973426247862624 0.09897995711391337 0.04109053418877629 0.07536211477762998 0.032133130932836755 0.020319459552308346 0.0005271218913308704 0.08410379117672796 0.09727718977273715 0.04854223126748837 0.10062238751215806 0.061606321433642766
68 0.055779902852534306 0.07641757013260304 0.07669558552580749 0.055211765613465205 0.04214844297097407 0.02986994844527893 0.051103097284004896 0.0022568287864138995 0.07112957362937165 0.07214219395730191 0.03129967805582493 0.0758682320742958 0.053031482926197145 0.018477735264231007 0.014948897211124268 0.014658601464038173 0.03920634033137158 0.07943654927681139 0.08300774011225212 0.05730983408609825
69 0.04345041983627936 0.06416438557995915 0.08044707411379802 0.005746435860514665 0.013017142648792487 0.05156232823732292 0.06417329896216638 0.07579868288466417 0.019328410325648 0.019878694362388438 0.05778743684438246 0.07991897657261664 0.08205949377378574 0.02165361201223926 0.046952432646418824 0.06468317878491199 0.08787908133198195 0.0883028653282788 0.023703994146298386 0.009492055747552335
70 0.06537729002992634 0.04203911752679927 0.055097824926473284 0.027847647666636107 0.031898240472886905 0.0162869274492055 0.08361386758217909 0.05453623464641593 0.04477148371103657 0.04119389660970915 0.03717521244330666 0.0781296477974818 0.07891120082394115 0.05012108690538496 0.02999157192747331 0.035643237994422323 0.05657204944549207 0.02362453609845989 0.06928361942999137 0.07788530651277831
71 0.03655356736658937 0.07553300263213994 0.0028911115102067267 0.10028143083416424 0.0799435846990199 0.09989555644631122 0.0054820035781868144 0.019511184619992166 0.03264627855226079 0.018164658593153388 0.09370059442515702 0.060307729911355475 0.05755867145921255 0.060597051916537775 0.003896078010718524 0.05596007988178508 0.03736837423816162 0.06114560565408227 0.009318113776256375 0.08924532189470888
72 0.050986576662018765 0.06726756303589103 0.06744370442755589 0.05577508975960154 0.004456106823446251 0.009968371258528444 0.01752915506962028 0.013642902053417456 0.09119159337650243 0.00400970256923749 0.018496384202147474 0.03802442690729641 0.08442040661365607 0.07207072299930031 0.05497616262743572 0.09510434446732859 0.014545078149338173 0.11214848163774013 0.044094537790216895 0.0838486895697207
73 0.045225414942099404 0.008314721802321382 0.048880548565938285 0.0825913150688506 0.03435062638078814 0.05774813368927449 0.0005118351444485865 0.07852630248911055 0.02199084486129783 0.0873494063382737 0.08308634695407467 0.08096336175676773 0.03877222276508458 0.02912085561797997 0.062678488618147 0.012738094371399061 0.020873985047876947 0.08926339550989992 0.058532149379086684 0.05848195069728033
74 0.006392617130650941 0.09388794215676875 0.02604039731265526 0.020251146568934578 0.0012807793937081318 0.09968895162746512 0.07996292123570954 0.06384893685994801 0.03646088546854644 0.03477471139060358 0.1167788803788369 0.061428473241974285 0.014842765524527686 0.039267368911432864 0.012174040952270036 0.014566756418564069 0.03025691411366313 0.08494137690390974 0.1052497818836916 0.05790435252613937
75 0.08653281093543151 0.03239896847337503 0.01139449228983353 0.053842629538784256 0.08360058648980705 0.05835461062113931 0.04594753764994822 0.04428535181281959 0.06231624977422829 0.006302644082289972 0.06247140673272788 0.005118328338644407 0.08741315041196204 0.06911460646270091 0.020839221865283197 0.05785377437256995 0.03428192030686141 0.08123711662132625 0.06434047369593077 0.032354119524336485
76 0.059258171218893804 0.0333810022545538 0.04816802333095921 0.023736381559800318 0.0960001501192962 0.02993434887095367 0.024369023852518733 0.0514919377283485 0.015397018711139505 0.07164842736541661 0.025989626451066155 0.08299118184288598 0.06024584636157293 0.07438947619865707 0.07931725827376096 0.09312063078686181 0.010122090340839156 0.005992812025890407 0.05570171739945151 0.058744875307133564
77 0.08336182128233599 0.037128198782654595 0.0340540494522764 0.07377958248400208 0.044132156050490125 0.09304258580817697 0.030780387849905128 0.0806012777191242 0.03753883343542528 0.02983942326614248 0.011098198341510643 0.01355072479305568 0.08427881464325168 0.05876597195592423 0.09822099005840158 0.006709443272219932 0.0976860098498229 0.03489599103619717 0.0034139931978859643 0.0471215467211969
78 0.07138219268552991 0.02585966847971777 0.05899743039226175 0.05011587272040173 0.0734456130653484 0.0762121098606273 0.028965461882850138 0.03312283031664374 0.06699273761918115 0.012689437855951178 0.07730891687885234 0.05849100595910307 0.009755028124354392 0.07287589089104171 0.022884297918417652 0.07037754893636605 0.019598113538411472 0.0639135338324589 0.04221155332994983 0.0648007557125314
79 0.051058979538181795 0.10214891521588079 0.0814450580658365 0.08444273879039801 0.04079795344952729 0.08434918907873273 0.017966990214071193 0.029943896861292337 0.047718875442298865 0.026544123176011212 0.07834860369289531 0.009998325909239538 0.03668576598056549 0.07035562763610771 0.007075909457575131 0.057076441988040766 0.07206572771475295 0.04100504974838497 0.04428412915279766 0.01668769888740983
80 0.05766823916177275 0.006337080119074835 0.057109900135868204 0.08181490601699354 0.044397120381748985 0.029138564712146615 0.05689449546444966 0.02044364784030482 0.07889970432309279 0.06785506984612918 0.0023986342569553096 0.062459347237590446 0.05808663338439105 0.018549494966646915 0.09145387465593068 0.08074227556152089 0.08843742093691162 0.02316815378893513 0.049603796648154945 0.024541640561381663
81 0.029928842103364776 0.052765505082643833 0.07094411233414313 0.021059023648556132 0.07126038736018608 0.03842658677626256 0.025480660976030804 0.038045441020725795 0.06069352938415229 0.03228438788199366 0.08021944019981742 0.0667753628351134 0.05489284242395437 0.07273372663114636 0.0672655608709507 0.054470989518367936 0.02646323289088927 0.06752945014194375 0.03730547669989637 0.03145544121986144
82 0.04420292304299834 0.07601920999841351 0.027125440373054092 0.0703809855876002 0.02327018875589578 0.04007519212264673 0.04872953694309644 0.06498635089774324 0.0338670465194036 0.08982892721546476 0.012706971316592574 0.09196444990191147 0.0646281865595553 0.014632750038592952 0.03616105175119423 0.035647505853494424 0.10901692909658167 0.018422419958287983 0.08321422612998412 0.015119707937488656
83 0.10332202907644222 0.03878206104429466 0.07346476365988601 0.1024810449094687 0.0178923754166644 0.02668119398022885 0.02699852673183794 0.06323465683698748 0.057260555528473006 0.03762783016712929 0.08972915049147653 0.03551015456337532 0.09747349951702529 0.050220506031467646 0.031430116144526586 0.009024517060749823 0.02074625799605618 0.03819294052751833 0.019816882646562013 0.06011093766982966
84 0.02878347026939008 0.0357488295821771 0.007222283156271826 0.06352916332838222 0.05849432242835409 0.01091014170454112 0.07738845113623333 0.03919417089568235 0.08144358750935951 0.0679839229649654 0.008030767411098396 0.02058982700214894 0.012609987507553818 0.09349395352268211 0.05355434147485989 0.0919539839189768 0.08249494749360119 0.07404490174382221 0.07813797194690561 0.01439097500299414
85 0.029540633703173308 0.030714731928706995 0.05930729947171387 0.06945932718870565 0.08325061031567794 0.05596396841941265 0.03422688057923 0.06616929899886399 0.046864332159128816 0.06517656705793096 0.0665531496452131 0.0721784684718964 0.047717126219979276 0.03594596172750021 0.03339480756052922 0.013482403250385265 0.08463431461742944 0.05867432895587918 0.029351341669236912 0.017394448059406882
86 0.09883466301529209 0.044911152062650415 0.07018348018100193 0.0558061517775863 0.07831387949502086 0.06492041689870694 0.02968888054824587 0.009268093146793546 0.01982298728281448 0.043300765031651735 0.05727756721401266 0.039273517754624405 0.046747332321795926 0.03182257052058513 0.08748947374943608 0.013459461282908923 0.053130900212474665 0.06133922207814851 0.061717909781227646 0.03269157564502206
87 0.05778754884594741 0.0932614511434469 0.021233778484269022 0.020493319450737534 0.03144757593051733 0.060684088630832834 0.05453772062684269 0.01863498921252239 0.03343876470736603 0.022150039918250014 0.013618113281443262 0.03274440050744337 0.08195146975086175 0.09821363642007569 0.025148932627417374 0.07186218493182195 0.08199292524619915 0.0024943551024826536 0.08659336332681325 0.09171134185470942
88 0.016377365947352306 0.07960758082787046 0.09637503996801719 0.0792874233577881 0.08472738325499303 0.033848842536722726 0.07113007038841197 0.044693397692810104 0.0245354931268428 0.06036596087207054 0.06447215031969357 0.037002723743571914 0.07471244590294798 0.008155211345511015 0.02055012823589646 0.0008300025779726531 0.06965178947859467 0.06175919568492592 0.03510991404414002 0.036807880693866736
89 0.013781344420875127 0.021244380382947056 0.06489409644804804 0.06119641334809633 0.0441517430913757 0.01885824939249745 0.040453489957234565 0.024249585690017273 0.06715340059132521 0.007933086074207639 0.07424841932379596 0.02847817484891474 0.0639448443471104 0.08514719158126767 0.04510425381801279 0.02465668850740723 0.06675426499970726 0.062404378315942755 0.08802965278151939 0.09731634207969758
90 0.07556921244182598 0.02677655525330782 0.07364807388780825 0.07307383396802684 0.004488737137945749 0.03373153367219108 0.01815197237535497 0.07796894691863843 0.008481043297149778 0.09008857767683875 0.048337992608773424 0.0795057250394203 0.04085363211275636 0.046605663907776505 0.08745349385969307 0.07562578281709698 0.02533400359760916 0.0845723926070342 0.023479634884714464 0.006253191936037626
91 0.015206571283525039 0.04131742405002344 0.07220514272853062 0.0677329356152657 0.059507853225963435 0.07627155280152323 0.08251150776854702 0.08241584338704153 0.049503651215456204 0.08258566326517447 0.020122185158531074 0.017810566056854545 0.05220401562673786 0.0897920500354058 0.022182671606727065 0.01704710931488457 0.03541689973097268 0.03916041634478039 0.030629053133016927 0.04637688765103853
92 0.0761643323074867 0.026898417584124423 0.04012081446002007 0.09885172516204942 0.09019834795686428 0.006558017029521508 0.04495199731729229 0.0005738133843053383 0.019122735268013714 0.029640328226447046 0.058022433818383894 0.09575613425623536 0.09290254038672115 0.012319847687194163 0.05916751943904376 0.01391024936329457 0.02868978092251937 0.09839199355869813 0.008389763380016456 0.0993692084917683
93 0.07943043812445225 0.022556114627418095 0.09051451421069787 0.023576467689643863 0.08970120166022452 0.01948790570965179 0.014990185966945097 0.040248372172939285 0.05380382711242302 0.08036245459510288 0.0036208211412689273 0.0844382474841247 0.0030323478575016087 0.07515793274960915 0.07277492823756729 0.05636927956571759 0.07989517303828073 0.020260001620768537 0.047246742950765294 0.04253304348489726
94 0.1065219696018956 0.04163175903545658 0.047259577528261765 0.0031421718192540158 0.10428374677439936 0.06289299152539564 0.016672196305248774 0.028315451374835824 0.06395799346316522 0.06813309941493471 0.028880863258490798 0.03656026578564524 0.018529885019984704 0.08426236405292484 0.06957709960119313 0.07665271238325529 0.04529410939874562 0.06000504475803042 0.01067180789919823 0.026754890999684325
95 0.08009190358027092 0.05546871288512313 0.07117079514847773 0.004545115924246617 0.0033135399930705935 0.052935713992284666 0.029155306566929332 0.05352097333215635 0.09473912215944139 0.06300471993362494 0.035544023485973346 0.02302940296504723 0.07628385230725032 0.0934844538326962 0.0013234796376134336 0.07011528618581649 0.08512541458593625 0.002127667879470382 0.08699899171222429 0.018021523892346496
96 0.07589218704975181 0.09802035661442887 0.08853698322883341 0.0631752580945596 0.020958110897041273 0.04969363971133789 0.03738632200729013 0.08509965685724963 0.012843733977702169 0.028432095110320764 0.02507621041323611 0.08799075243228095 0.0013709652874195797 0.04090715495144045 0.06315880683672147 0.047907229260848394 0.03878401307334891 0.014837975596924959 0.04957990865177187 0.0703486399474916
