0 0.08561068813375224 0.0011546054292890038 0.08597401833318932 0.0816836777234788 0.04444960854458577 0.07545483148626322 0.04367056503529994 0.01753531242962078 0.05567614901637501 0.023980749996065646 0.01603293764580779 0.0715316976197733 0.027168135805064504 0.04355157037993123 0.043197793617613625 0.08684432065803482 0.04555874246493128 0.034344148610007535 0.05550956307117339 0.0610708839997428
1 0.031254319051231445 0.04723413884703588 0.016336437734944007 0.0766957578549631 0.04026762653768344 0.03164870462927625 0.092507840813099 0.04928225270700195 0.09854421261191892 0.07514144690407823 0.029221018740956145 0.04268696437345161 0.0037396867626485275 0.048387567014388386 0.08298990707713691 0.02256970866687577 0.09842118084129356 0.05644005503673433 0.017654810402122606 0.03897636339315974
2 0.034651561233410594 0.021558056408619877 0.033748395123046136 0.08592051313320995 0.016108469181424674 0.10155325599500876 0.05138940393118234 0.0984463024521363 0.0012326329581286075 0.0161563209299292 0.09149978904807483 0.034759535143765896 0.0863737827261537 0.010567176049194483 0.028932195762765397 0.08747569399725709 0.06705964726084142 0.003785050099564627 0.07528293218684633 0.05349928637943962
3 0.05547529899961115 0.07082809130455542 0.027135174023363254 0.09715783549274971 0.04205033509897939 0.07023533151921205 0.018806082988852158 0.007063215799818434 0.10592960931408046 0.007086006452295075 0.059655543738219505 0.01636883102322526 0.022100844444966922 0.0615875664136725 0.0017844081278119834 0.06368987972352272 0.09219041927935237 0.08491689602523907 0.09381516566317935 0.002123464567293138
4 0.0685375173576697 0.06129078849886888 0.052804315983908924 0.07893820024355816 0.014656351335428398 0.0891697446503302 0.034257485063523746 0.03819417240141044 0.013473706782203282 0.060450716538868736 0.07003182304749683 0.011616902280309153 0.07721392232082122 0.030397661985442623 0.058820881925335994 0.030128713254131596 0.0022732153227140563 0.034162026582084525 0.07942604878214454 0.09415580564374909
5 0.06603952659973461 0.07178191826988571 0.03876345634370333 0.016223880486674877 0.0818602399171457 0.09016173594440768 0.06572417146915792 0.05529344082128796 0.034173261870939386 0.04703827646254275 0.07960833619871979 0.058365462629311284 0.06932422003087767 0.055673490615523215 0.016777034472873445 0.002289494626214844 0.0040078949855214185 0.03736808280013209 0.08922327440137558 0.020302801053970927
6 0.03478197600224913 0.01894982959917124 0.06244831908666412 0.046845988250937096 0.04498094960807773 0.062053996751425235 0.004926364603465696 0.005460631330842238 0.04302389392034091 0.07510447373096406 0.059186208937127505 0.07010507792968676 0.01733461753893257 0.0730701623378279 0.037131997450636646 0.038848300469187975 0.0747588047820062 0.07858550976982959 0.07983326664639782 0.07256963125422979
7 0.05008123536337414 0.04466000850744967 0.04039043690956817 0.07057150067633396 0.045104294732078096 0.04419733057071467 0.0893807588707171 0.03471243724373445 0.02475741902194469 0.028696035017614217 0.0032488060417035017 0.05789357112777635 0.09160488725612614 0.009858374500455193 0.04198115075775933 0.06712660673336823 0.0823997575990773 0.022832267087819363 0.0624019053154139 0.08810121666697163
8 0.00485712737879451 0.0027356410339311717 0.09230741767115506 0.0879214851151284 0.09113843806343504 0.07221319592904452 0.0453977381808536 0.03661919659259867 0.047418771515347756 0.06094740215542065 0.06272021758229811 0.06499244284405342 0.08049881604781657 0.015063533714226859 0.015982062616725 0.038024907114803205 0.03999628000774273 0.056317753383538394 0.009931614757959756 0.07491595829512665
9 0.0019474096731866245 0.007236808808847413 0.0628357812922064 0.019840328301522193 0.003634288550325984 0.07495040181779324 0.017373871159779106 0.059711300241243805 0.08984980549326843 0.04154593979652569 0.05794458626185468 0.041828492584694094 0.07949083572175103 0.08847165277706555 0.06145534418127316 0.08922389587745065 0.07872429811885207 0.00103100757653993 0.03706000039775581 0.08584395136806411
10 0.0011641347080046877 0.08493938200569162 0.03304721020364479 0.052215844874781356 0.05768315245245715 0.05158219965396994 0.04821500798570784 0.02096360758634483 0.07692099779424214 0.06378590055527286 0.06312955351180415 0.03662654756197058 0.07152780238228454 0.0903132214164174 0.0643450058545128 0.016027330241629296 0.08819836194427388 0.03313487405411331 0.033664190478637133 0.012515674734239882
11 0.05175338463738311 0.0053859036732975 0.0008333475242159309 0.08938353193983216 0.09406584261077375 0.05346961130003696 0.029094321975521736 0.05080682021549415 0.045413235903031035 0.048775000054806714 0.11352425309215727 0.027710453101765706 0.07451866715376083 0.08742237697917615 0.09775183478430523 0.01049896712673906 0.040900001753689616 0.011038051641026298 0.0554523262098268 0.012202068323159758
12 0.003570980478434649 0.036936224212155616 0.08795817658903697 0.05187323609944843 0.002898863492623622 0.018649222956525734 0.03615688533740008 0.09610679361800206 0.04125095173778263 0.018371014922725696 0.016122673673623134 0.09590066050823683 0.06721652760154397 0.0679630656662827 0.0614836642809122 0.060367991241844464 0.044105756550522415 0.0629783201005387 0.06349188894511518 0.06659710198724497
13 0.07901035207911322 0.08617948860641045 0.08001756523201374 0.060931902337327974 0.023018022932665607 0.08658825237663201 0.04711011851210882 0.027493103625276544 0.05160333924099719 0.027098076801541533 0.055286372589688465 0.0021052560117804753 0.0553964373792249 0.017661064106378938 0.03346217834459575 0.008767096323057989 0.08368381599789378 0.08771237815350195 0.018324101098846 0.06855107825094467
14 0.003514058344437795 0.04264394763535064 0.02809373662874228 0.0030965189984094492 0.022187278678775856 0.03087630320947426 0.036419969129978046 0.04844898065360364 0.0584498992202592 0.11503376102852918 0.11721166064282745 0.0055577574293480345 0.0004922314158305879 0.10560201189670512 0.06993081500156809 0.041013088055387815 0.08355288916886902 0.07235058403423077 0.054149153634803465 0.061375355192869324
15 0.037032103190299905 0.08294834518221784 0.008255024905856008 0.050928388481505105 0.052494837347344336 0.05861087540379099 0.05852369271189197 0.027572105139522365 0.06331547558138192 0.01484496449796794 0.0879147215480824 0.0472986163810173 0.06374022135025771 0.08437744118922383 0.09533959032584532 0.03508119703383746 0.04488435789335818 0.017540282372554165 0.04392646072251291 0.025371298741532305
16 0.02188475470927298 0.04499789880132636 0.05271360117920993 0.03463004684392028 0.0390221509922974 0.07771632881638689 0.047630684349681665 0.07330843201351386 0.022921590927457963 0.07512424604454687 0.006714159105779063 0.06325837842345083 0.08848710550936503 0.029912144075259623 0.05708058394356923 0.026914222420096376 0.040850335435772565 0.04770966057764813 0.07062140160566446 0.07850227422578039
17 0.04618197650136572 0.03998107172480053 0.017567407907556478 0.06256347955212131 0.05935182626960526 0.06412437428397176 0.0363827312186806 0.07312820110010745 0.08241449982293927 0.047787674136131844 0.0524164451585967 0.09048448181483923 0.018137377015557437 0.03607267594280134 0.006189876802132913 0.025447210439295792 0.046935600641242005 0.0794022103514125 0.08638469525367057 0.029046184063171436
18 0.014927519442468307 0.05038193433397368 0.08090973681687359 0.04207337084737495 0.05881145826046666 0.03644383167114361 0.027949579227956763 0.023065220309185386 0.08774099763764417 0.02171078545940853 0.06126598715772416 0.06039913454624846 0.07447497731008346 0.08221303186299221 0.0781032077459161 0.07627892355671682 0.00037657208453294004 0.03937706694986608 0.008169442994180732 0.07532722178524334
19 0.054562258286942646 0.012775825578083613 0.04509641101893195 0.0055365435781314495 0.010972725046054158 0.027078078492564446 0.017781547052846947 0.12345933375842558 0.037558474183815735 0.07152876657428694 0.002526107844519179 0.04030819675592785 0.0911544778336131 0.09582194385225105 0.12143638264722816 0.009310986918819496 0.10079977655744868 0.009384196987643858 0.06705123289519961 0.055856734137265586
20 0.08810747838413087 0.012461151047023432 0.0244345394167351 0.040520163638898446 0.05102055342158259 0.060139300014298236 0.036880028921313854 0.0006529374654065413 0.05224307892460901 0.07056938306550868 0.07335299693180912 0.08247529211260453 0.07840942434445 0.02639253324364822 0.0550352913046806 0.026367688054972475 0.04065971388832689 0.06904019246990872 0.07843316925076316 0.032805084099329584
21 0.039736726532414966 0.004134982495103744 0.07091652550212486 0.06596282443997284 0.06003056611707833 0.0717866943426579 0.07729453256026425 0.054426312895783736 0.03748675117772686 0.07260582982406846 0.07142932246680397 0.02580466281546284 0.038135219617162985 0.020633729390399452 0.05287543703285448 0.060529447714104914 0.044974110990624955 0.06445622435705715 0.020815235057870415 0.04596486467046294
22 0.0888901242383637 0.0729023623574584 0.09639103093077213 0.04226061535948458 0.08464289837892065 0.014828189574775306 0.0750611174321834 0.06513959611160962 0.011297319926778815 0.07473155058512822 0.07335576956999855 0.0768010358160573 0.029316281870909195 0.08369746568408103 0.05807973717889516 0.004577676027148201 0.028692297848948636 0.005341699991097538 0.0005685518948312946 0.013424679222558153
23 0.0264240163566955 0.004771196287230202 0.12223349262008218 0.017577642060949594 0.03534567598348446 0.0815426667890281 0.09882368828143269 0.08335404661928722 0.1260862449018459 0.01877681452493189 0.017316074805979815 0.1389525543306375 0.0020959934866987815 0.054271393572051366 0.05461099757166134 0.0030808476189765188 0.01581357854465715 0.015303426960254171 0.012708600040983165 0.07091104864313227
24 0.029708768848810366 0.050606499591853066 0.002860912669570734 0.07043335042602752 0.014992515721976747 0.1012745827082479 0.0763621597341847 0.09172798931746477 0.00925343132312142 0.08149728159319138 0.06628057852927965 0.023519530680945033 0.0013387632513155337 0.030852780492280376 0.09928335099205342 0.11406182245073274 0.021241971355677555 0.039874767053625935 0.030386915461966126 0.044442027797675115
25 0.039351314771637856 0.030021336207727938 0.0027402883029960124 0.06059000539791171 0.01641947497919168 0.011817569564418906 0.02556200676813856 0.08594487069928668 0.07136818650699026 0.07788945013610106 0.03226215179294413 0.08593480915938985 0.024322018790356066 0.07955076738972224 0.06488058529037549 0.026434057400872533 0.07075144499531603 0.05457415044563702 0.05745206366779568 0.08213344773319017
26 0.07055031287647266 0.009489845397429284 0.06416585577797235 0.09542767791902554 0.09193043061461864 0.008222309154354774 0.006220278901478418 0.10423219018145775 0.0828944803245453 0.05051497250882217 0.04576470913364971 0.032766568805618526 0.0002224260862234 0.032527726470168654 0.018597239439743802 0.07439662854391295 0.0035634172275766235 0.026511889670434628 0.07212462673420478 0.10987641423228986
27 0.04082726241484752 0.0995222278715009 0.043631174050706545 0.10075285424511389 0.09342611926947013 0.061500160374144595 0.005678826050126674 0.03528845072196751 0.002838217131861009 0.08004272928248853 0.08870392577377673 0.09137762747534718 0.0060330929512358985 0.0360263615150237 0.03544864308829525 0.06178685880803471 0.017846251734461117 0.0725794802805756 0.001171698331240672 0.025518038629781723
28 0.059729054690908036 0.08667780463867547 0.045358070397065804 0.011612629178494838 0.06595196104760136 0.10794135667301825 0.058227350965571925 0.04374252666332147 0.035542627567377215 0.03076815324295835 0.013125450882049725 0.11062388733789562 0.0028198795922043406 0.09378038436050572 0.0058654341659481884 0.002999269056166314 0.10676655702114708 0.031135528592478305 0.06489191923297376 0.02244015469363802
29 0.08528833162651259 0.0695907720039957 0.04282834492146743 0.009673796879967576 0.09348793102595147 0.015210411042553131 0.05727295615112584 0.058498061379717456 0.006264821490906873 0.09118444993559842 0.04311348022716882 0.05584115430350579 0.07340456781727492 0.008730976185865548 0.02478175234375326 0.007979764552036377 0.039736191455427894 0.06377347641556796 0.06810994400241328 0.08522881623918974
30 0.06032204587055334 0.07058156354683608 0.04845360298192331 0.06115862625881853 0.03524463990185652 0.08642786473387085 0.04755439367915441 0.041742567443864634 0.03250078062915287 0.016835338632632733 0.05659620516132404 0.017178572000257027 0.10928679611285166 0.039973663701249613 0.0013567342763952178 0.009201397827371722 0.06996071820508726 0.002311085051780293 0.08348438228265335 0.10982902170236661
31 0.005094073371384107 0.011944856365164099 0.0918477042332329 0.04819137331109285 0.06847085251684087 0.05161692323224121 0.05583200733276351 0.03353639058821709 0.07570661213969494 0.04047325791960228 0.059247823752394894 0.058133936576032275 0.039594707336307475 0.057453679945510705 0.08684523399276475 0.03764965496518288 0.047141017651199706 0.06709281614788953 0.027727810393169988 0.03639926822931383
32 0.01614040792172111 0.05344466565079121 0.07185560995830335 0.01124885185850391 0.08760700826422665 0.029279933026152186 0.03997495394789592 0.014895192907245572 0.07470228117083949 0.04383177684086463 0.05597996463094993 0.08057587802264993 0.0449224868512661 0.052782635016131375 0.03040778692882861 0.005126361059459651 0.05854700944609622 0.09804563149774143 0.07854090542879251 0.05209065957154036
33 0.03733540622611838 0.0834278611948064 0.07235625762775748 0.057782074631148615 0.014679249679410545 0.04741035015945847 0.010658798394144535 0.058731542098197136 0.08676370906743842 0.005298783183884484 0.05756429072335661 0.045434620515389275 0.05617805219124874 0.036325753110790705 0.015630922410433814 0.1020622338541855 0.0648514301658324 0.02261644976582943 0.11711814311185909 0.007774071888709978
34 0.0562124564753558 0.004531458442604297 0.009398236607448497 0.006727406158772172 0.07571466833038885 0.007453024289663104 0.04950559697606075 0.08156114265363104 0.09871895719853928 0.07824735817245657 0.017602211464548313 0.026102660084865646 0.06277552870015275 0.07791696436887559 0.023246984706911243 0.041945788238168795 0.07792230694761443 0.011152561876478406 0.09659481873351833 0.09666986957394615
35 0.0782447789690227 0.012938545837474735 0.04957348639929768 0.047025969513422285 0.03036755923329047 0.07420927007550591 0.041312784005193365 0.05793393714118337 0.028818510755867003 0.05781547080115404 0.04272043457177112 0.09437862977540158 0.08275812362731187 0.018640039177780805 0.015182644300743377 0.05732199423442863 0.04659658817500641 0.06769352177333704 0.06813537621723896 0.028332335415568885
36 0.07005865536528348 0.04255953421313372 0.023740147296099433 0.04929431109643145 0.07811317110350725 0.000621060061171454 0.07514307663821951 0.09808551339421537 0.028411536505998182 0.06216086266472983 0.059462582116074324 0.045213105533364155 0.018464872177797825 0.036548883532051414 0.11502927280543963 0.018751974508082806 0.03480215346547966 0.0061262949209245025 0.018611939288337355 0.11880105331365862
37 0.06430945997839961 0.06209169907371844 0.07435010249673257 0.02623711204003601 0.032599210628243724 0.040329731658668294 0.00018714958058736104 0.10900753656482627 0.028892082114275353 0.06827378716977582 0.08233925026899407 0.0977287233016274 0.015189872275228852 0.08390749319633957 0.02861064147800328 0.06468226641432244 0.006846129765403794 0.06833078415624405 0.025717310416389187 0.020369657422183843
38 0.03560618034930941 0.045193882755081516 0.020957935419665223 0.05276361344711521 0.04944886805206308 0.0446557145508817 0.08907514075516951 0.07446265617081128 0.0647863792521448 0.03416054613183505 0.017423913004226275 0.07068967974091633 0.004795383453757873 0.05417165769281707 0.08877386120530638 0.06704805137373109 0.052792319244337436 0.02061534397647994 0.06460532201649004 0.047973551407860665
39 0.044636179844088686 0.08250382733933498 0.03314827658760612 0.06340795703793875 0.06094837803756677 0.07898821815414336 0.048812528841435436 0.01504553047667232 0.06357610629281889 0.07290854275303592 0.0819155722131117 0.031045379256323686 0.07466492747512454 0.055635322991907314 0.002113656966582394 0.021651376961913295 0.06705426938762676 0.03196792005718211 0.045545950060747575 0.024430079264839377
40 0.049197267275474944 0.00593158288485486 0.07174763512557045 0.02739942457004759 0.07430052535336458 0.019305676638570222 0.04260973322285083 0.05022920983739724 0.036619392109017726 0.06021486282187281 0.0395952743267792 0.06780263008648606 0.06924214461145502 0.08488759781490438 0.0658054559838746 0.08543267180617266 0.03173558260222445 0.029644935273386065 0.045882913424079706 0.042415484231616576
41 0.047499553611685494 0.01072326409655645 0.11305907328564051 0.002167816326069192 0.005034020316234803 0.01565149054823653 0.07276225862730815 0.06959081425594031 0.051516511830906296 0.050215618585412694 0.10256441632289107 0.11270361881152141 0.048640269254188705 0.05666792109156349 0.03846022302003784 0.04676122112794643 0.030728581212851092 0.08278680303521307 0.006512785734655886 0.035953738905140344
42 0.01790317994032661 0.010975800869788284 0.03322426087152174 0.03378414995326534 0.07000730098780582 0.025279899185834117 0.08906867204811897 0.0685226155893065 0.05943875490380045 0.0058375498880723 0.04327730912199046 0.06225171945186951 0.07967478877843537 0.05900901501371227 0.06689507819404877 0.018461921120991306 0.08427761724279395 0.031570048258879234 0.09010350900901277 0.05043680957042629
43 0.027384734980970767 0.03172524605685311 0.03138559470128757 0.005683018419010416 0.08703317858915861 0.007859653423580752 0.05003834044980038 0.05836830239577798 0.04452894566661349 0.06187091584313113 0.08420668279676652 0.09970330115610868 0.06830515034094328 0.07838105975074676 0.09794149668174612 0.03142902689269241 0.0021639373315510773 0.06422085995380473 0.0489247792144213 0.018845775355035073
44 0.08451754092145128 0.03129415325967843 0.024179499853642386 0.06695351524729219 0.032125510052872584 0.009300267664486482 0.05693351011397244 0.029029729123166998 0.08352328796276628 0.06703583647790985 0.07590739008962528 0.039928597068682035 0.04132714438139902 0.04410038230409626 0.05127739177594807 0.02097924819697152 0.0724474181582128 0.027553078625749704 0.06433977376778198 0.07724672495429441
45 0.046619412098418966 0.021786316952124987 0.04616012194399357 0.07172939596975424 0.0908270027281512 0.06279045714623474 0.09618635235578796 0.005199357453066808 0.05402118695365013 0.0202949582390619 0.06747923815021362 0.07501214458321677 0.005905669055045336 0.04061730678858869 0.08947471334434656 0.07261326726442914 0.04552052299678187 0.06944657401228511 0.014887825440212237 0.003428176524636206
46 0.042867212464264136 0.05355733077276991 0.0014678324518867863 0.08680380567103357 0.03546981912399986 0.023264143996975566 0.07407358067046123 0.050984224460036774 0.03668845574343111 0.039258387005536015 0.011550957182447806 0.05836993171862127 0.045952046045744724 0.07091069364485747 0.10567272280590284 0.05040317990258365 0.03930841235129552 0.01381980509084836 0.0615801577263074 0.09799730117099607
47 0.010613399709074444 0.0718537940059489 0.10223092298267576 0.039591566418674076 0.021293935419651633 0.033852724783583386 0.09474131932336093 0.014057715457886748 0.029649290088162895 0.03921737907524139 0.0886842654429799 0.02554243255760321 0.033694574834489 0.025679456881068242 0.0019111734825586614 0.09878969116108363 0.06521476050885183 0.09180502836917942 0.05750403635224799 0.05407253314567791
48 0.052332613237730516 0.07386631440688933 0.0292408940080992 0.03419447503252037 0.05869775983142398 0.023271754309291976 0.0702268650665213 0.061557922090462465 0.029524222025325366 0.07902282038361687 0.0002656516077985134 0.05379671420227753 0.010604946173822965 0.06353651229678045 0.08449870393334394 0.01889778937848158 0.05846320473965014 0.04545017104358035 0.11339828132540736 0.039152384906975896
49 0.03448302231917158 0.03300650796513185 0.006068688521550384 0.030113693646368858 0.09178239157723692 0.08383802361344231 0.08320044024376755 0.03969808946267205 0.007656516225482005 0.077205302417486 0.032569551853041084 0.06385500716458506 0.018317830260268925 0.08033015606133811 0.01596840403295578 0.058503786830044806 0.005638270017136692 0.08581224944129577 0.04671010565248054 0.10524196269454396
50 0.06700848207705733 4.371100235726736e-05 0.08806594389964309 0.07319633608294585 0.06834730246402702 0.06479609288517575 0.02844356117675206 0.016398401429399 0.06823323285818378 0.032619068811535756 0.0098566110364364 0.0753990716997372 0.08746426574850594 0.025502753300029008 0.07536366273750739 0.013953813216364122 0.05618324067401339 0.02086828386999115 0.04601190790000604 0.08224425713033252
51 0.04722195063308782 0.11379541967038594 0.002052602625609914 0.06264409824815617 0.04020989588191155 0.10441086532596965 0.02567997817250638 0.07362186521154832 0.05112151168936957 0.009808331076442047 0.10847765781468642 0.04980010854529702 0.06358390210372565 0.08107184453674822 0.07744203516167233 0.009743816124932738 0.01568772660633337 0.01064340826382139 0.022295226271068818 0.030687756036726816
52 0.08784524717467676 0.09279243105404612 0.04339776304208843 0.048981960165220245 0.07568126945388295 0.027911445057802117 0.037696292226967604 0.05130506009397685 0.06904428917630223 0.0064299373954472645 0.0037243167828300474 0.023627762795932605 0.12175762823867142 0.004161040566056303 0.11503029885460417 0.0005014707615649996 0.10117312486630066 0.05614331347535939 0.010021791713666127 0.02277355710460342
53 0.01601984844451859 0.03867286017861864 0.06845926536935447 0.10108418902474155 0.07902487769829221 0.011208281187003009 0.055496103268474394 0.09944684675787932 0.03281928833336247 0.05537426685738533 0.07604546604717553 0.01740110386157799 0.018932381165253157 0.08857874443729838 0.015674509569395437 0.009385595698948961 0.008148014306912832 0.03347863617941953 0.09319873854602634 0.0815509830683618
54 0.03274098306880183 0.06682060733881083 0.07897807327512309 0.027164986749171286 0.03490034380509309 0.030260833968684137 0.05293957072694442 0.00863115277899717 0.06505213660022716 0.052603666677895365 0.07478552502333848 0.07881097530621496 0.05921743857213958 0.06596104167967907 0.043876949569796174 0.005585769606242696 0.0033698454051752156 0.06905243769765132 0.07063777325649594 0.0786098888935181
55 0.039272844883264796 0.093195489634936 0.09300345093354362 0.032060078371474454 0.004922200283856738 0.01979235025401538 0.06751797089441475 0.05212614502558537 0.050314731908991855 0.02467267795140838 0.03148354910306342 0.03470121682157269 0.08521200339175798 0.01261336383946368 0.09563910975310795 0.04368179124973999 0.08169284637747931 0.023462539009625118 0.07173004738446873 0.04290559292822988
56 0.09917583915327596 0.06541308728799282 0.0616579446013646 0.027772883911836382 0.05020474008469184 0.08420137372682418 0.0020316213412277357 0.08106507983868012 0.09462720682366198 0.05630536310290422 0.004822979933562342 0.029870794556815284 0.04346777171211828 0.07909503690329532 0.047064499672410776 0.040668522600389556 0.017389331784563596 0.009692024312415422 0.09707634943729253 0.008397549214677056
57 0.017747324123394977 0.0012231266803615322 0.09647167483713054 0.09235842412144595 0.08076537766689253 0.008506333951022672 0.10395183323819397 0.020993513017277286 0.024111419914863857 0.0767696105880589 0.02531172281273168 0.057287138425914395 0.07204935962259146 0.03866443071619274 0.030200424186150595 0.06169458035738361 0.046587052928437636 0.08283009636392429 0.0026320051964349206 0.059844551251596684
58 0.09181831343629707 0.06628872408923502 0.06884767518483494 0.05595801470908593 0.04510011712836581 0.035661073933261025 0.06444992610456976 0.09341945445950724 0.01522786812025795 0.03368635091855657 0.021339978367115577 0.013088397505573132 0.022823524769645068 0.05677605736641513 0.04715837018970929 0.030009753647205564 0.007905678901176195 0.09992245019948054 0.10094965552945093 0.029568615440257368
59 0.08830737643746282 0.01831887279866008 0.07252248529766563 0.05373811679914208 0.048002985855941566 0.020525730232999275 0.017907320880339417 0.05922525969592486 0.08727182600759674 0.06568662740632239 0.05043590402771131 0.01509181554100509 0.08509215328351179 0.05113258520048072 0.021899180495379263 0.04417820531384183 0.03769566526116421 0.038853854510820914 0.03769853873502275 0.08641549621900725
60 0.048204018077040604 0.09779169687775542 0.04392133247894599 0.07091991648535652 0.019543049764322327 0.058868047999238185 0.018051348981162757 0.10510958694891753 0.008774465648557907 0.07579827789697538 0.04342720290267564 0.00462783768155821 0.07929062558168117 0.035071966697009474 0.07670727559304537 0.07441158443541328 0.006286974140709966 0.003471043484554073 0.035540307527027075 0.0941834407980532
61 0.07060816306591566 0.14123798832719292 0.02386343068045452 0.0187195439356265 0.012179279123806014 0.026484084078665964 0.043391333073714115 0.01662168323173832 0.01919935472203077 0.04161638631905795 0.07058187592555994 0.09753985810785198 0.004782612186569702 0.06327968072856519 0.004101020783528392 0.00858359901518914 0.03646272992955529 0.11483027451362088 0.13091155331262352 0.05500554893873347
62 0.01262161290582761 0.022072174261624646 0.06356524334668456 0.07376177766356241 0.08682734328426818 0.05281871189417915 0.038165779507217494 0.07634814631401235 0.08594722576600888 0.0646357028855544 0.04858902643608303 0.08556741132770516 0.08793376097862023 0.03767810849341507 0.042114269427074025 0.005940612042239125 0.009528788458997236 0.01662372302606317 0.05531391910229888 0.033946662878564404
63 0.016385576075111947 0.041197345354521575 0.08494551342842774 0.05757648394835129 0.022824016689687816 0.010794794404781444 0.03496175790429449 0.025746556404594494 0.05177249384831809 0.06428464263607736 0.08716427279746941 0.03350903352596604 0.09144723353600057 0.05136648363054372 0.031013446960645952 0.07555276794130572 0.07503736842017929 0.08635376716803675 0.007914725427379895 0.05015171989830629
64 0.08394622284114206 0.033382235604465044 0.009763890309772478 0.07225988572558331 0.05786100431269831 0.059691829072815776 0.12380646900759475 0.025438876182991517 0.041305354605865416 0.06687574432360036 0.07092838450471459 0.026461611380465648 0.020368236169984805 0.055342340133308 0.006940190298735323 0.004121002678351487 0.030014824678950183 0.10975697084735535 0.038900738642574165 0.06283418867903155
65 0.08204992404009796 0.019942923242831027 0.04037328207388934 0.0258870759804734 0.08660473370281535 0.06746378321196562 0.028028435067476643 0.0969365755643302 0.011936642990451768 0.07023634460604994 0.05803789924359225 0.07766852522975962 0.03800465013090018 0.02574620668814638 0.00028413660151738895 0.05488753311729666 0.09046386459545712 0.021351593637389987 0.039216144538662 0.06487972573689717
66 0.061875508971395744 0.017086556821499562 0.04721320818516243 0.061597576114213445 0.09567410290425776 0.07580133596386696 0.02830441900436563 0.031919331724750116 0.042543305406161545 0.05597250251030194 0.0023684893793755844 0.0008743202365262224 0.05011839816606665 0.08793455708077853 0.08430440612247339 0.0151914147854776 0.036210717284638975 0.06314583692691726 0.06939044237229805 0.07247357003947265
67 0.004369240544012167 0.014777671566384237 0.0622527962272007 0.01776562848361326 0.04843075551407256 0.05813937752990434 0.03894826355281914 0.09994656974401599 0.002471829431203843 0.06315326298661711 0.08092760522674175 0.08382920780291007 0.01102597894696761 0.0725337957385759 0.08117749135124465 0.06119259215463332 0.01047803039005703 0.004528225068258635 0.06583773461919071 0.11821394312157699
68 0.030608082279991577 0.02675056377048328 0.030202702828484786 0.04431891816365715 0.018239462083049104 0.07399028274736891 0.07716166826243874 0.010586891593893002 0.0689803815362426 0.08391719568398077 0.06797866992413912 0.0634834163110626 0.07354233805737687 0.030462700967255247 0.03647128816740679 0.0324421858503091 0.030589057293798908 0.05651464867134349 0.06671168491346019 0.07704786089425787
69 0.06549871986376779 0.07231583508523987 0.020627205070595133 0.09712181594387985 0.060136702743992625 0.0905799872643697 0.01480581748844132 0.008889718113592626 0.04934825583107414 0.02334367065173713 0.0571066688379378 0.0839580001174955 0.08443579216293569 0.042848626249698665 0.06503656040078291 0.035461077535852974 0.0476586403317434 0.0059206440968354234 0.07268308525953945 0.002223176950488028
70 0.03319164318871342 0.009652474498315706 0.016947953696401393 0.011017079684802889 0.06247043451356335 0.043976508461011705 0.015171323018750129 0.06825021383812249 0.05641760060212552 0.11597237474574182 0.07515593735731353 0.06093546125776604 0.0675093391597346 0.017902669096009946 0.0885212256123448 0.03951960736106633 0.003912309579744301 0.10989868458503009 0.08201418475000366 0.021562974993438414
71 0.08360616615949999 0.07778556918903937 0.07416404911903628 0.05424306140588498 0.09534211371348757 0.028136457520062517 0.0012934801919477481 0.05571186429708897 0.032221036554460444 0.026221161215258162 0.09284727773464756 0.022267504956530994 0.05530470976589357 0.00103329386157322 0.014295270485096604 0.0429742832877832 0.06900131444227099 0.08722847781445284 0.002897953286850801 0.08342495499913402
72 0.029141984781897848 0.05685722110984465 0.013964557731282874 0.07286493912669673 0.08036200136139653 0.053812723665120646 0.05619574534549798 0.07079625543533219 0.03847785976604474 0.0808643921289237 0.032738309232187415 0.038191439835639315 0.03859525853553808 0.08504475705884812 0.08464868809988113 0.0232353004898799 0.010719308688191811 0.0131566716713258 0.030793784024266285 0.08953880191220451
73 0.04008640906441617 0.020656187350669958 0.05102346561464275 0.040738581895584935 0.06099702492273637 0.03652966513704058 0.08843727202348295 0.01328179410240909 0.028963429079207008 0.006868564855778115 0.07019795832303431 0.037272488045417024 0.05601255947584672 0.07977036843478 0.07686991689801648 0.013952495257059626 0.08244645297262976 0.03342635627471417 0.08895143185421345 0.07351757841832054
74 0.021846814037856356 0.023204435928264582 0.08666456551878554 0.037485179783525516 0.049044403078727025 0.0833383569983183 0.04331956287310459 0.02720194062657815 0.03851697211224871 0.060622565976500314 0.08835051190388282 0.10018384826637369 0.0713670968821066 0.00992584747307828 0.0813163102649654 0.016474777265918256 0.03352172902748371 0.07344522536314199 0.049798552585776215 0.004371304033364025
75 0.038299546022673624 0.08859530258688093 0.02091763124465193 0.03242095608811899 0.06823174739238595 0.08906300640438942 0.07589655858828212 0.08266522220134244 0.06896970430934474 0.030310888279940842 0.06110153283766512 0.039577942586764676 0.005893111321787368 0.04694896208462088 0.06866938011383847 0.006211106381497486 0.03632282169061837 0.026570723835781563 0.033851543420112845 0.07948231260930232
76 0.05518885487388157 0.035665732141066324 0.0072979404158949575 0.057612092878141896 0.003752455472573537 0.0576736827710631 0.07922367847552697 0.0002539251984882134 0.09185576151423333 0.015233097375628463 0.06254105488018491 0.068020536034221 0.08468705912090624 0.08972371505635214 0.08068655314542515 0.008270463395427826 0.018575994928360234 0.06455581163577986 0.02773070018237778 0.09145089050446649
77 0.046043671643774625 0.07991686639138243 0.06708594399477176 0.003130302125138501 0.08095137012973397 0.0798946440737256 0.034073447441688005 0.015430875971335153 0.046784121166016886 0.025011319882310163 0.06772395787727395 0.02205799002724976 0.0029549304119161936 0.06653155527512596 0.04568063940915949 0.04896725080513344 0.06438483451556236 0.07588141814604772 0.08108346427235816 0.046411396440295724
78 0.06697379568231578 0.015576089474644056 0.059191617420181315 0.05578011471452296 0.06399435520429217 0.10160799152115786 0.012843280009378042 0.07075685228594615 0.010397270518327827 0.0015949284940387472 0.03736420045366214 0.05522864927692093 0.03383146239685142 0.06665506205554876 0.046476288218584294 0.09478443346902876 0.09736497285722338 0.0975022305893465 0.010017112773476073 0.0020592925845528192
79 0.03864289738951335 0.10383952474082164 0.02648774307353988 0.0761376669223496 0.011783128157416209 0.003490648702812697 0.02632976912644698 0.03505764516643606 0.08918161604128665 0.05844269398473787 0.02821739262641861 0.09721247357404503 0.057768287710283764 0.026249626621047135 0.09859368781743558 0.0084778470627755 0.0312378238173465 0.05430942724394705 0.07449751750896577 0.054042582712374276
80 0.07560385945875729 0.01054921218897485 0.04195892009206808 0.07884671363073313 0.051397457781285065 0.0009411413050758252 0.048482105137725176 0.010486661922913497 0.08550459616452671 0.06043786414681297 0.08443354758385849 0.04192406152933401 0.04153825209808995 0.05546632613929177 0.07119845722304995 0.06704367490902445 0.07754777313007198 0.013655917464754065 0.08131153415746158 0.0016719239361910943
81 0.0014517767035421522 0.06195272444826644 0.06444169444534707 0.058392875055474316 0.032548937672654 0.08194386763805131 0.07580877475712137 0.027431412942206784 0.04195260427636714 0.019632860730532307 0.039645248042551956 0.05623527258614959 0.013333309203514061 0.08397586548752636 0.049202945624079876 0.048880439328891 0.08053833453476007 0.023096327849582595 0.08339260522497692 0.056142123448404704
82 0.09626547793678822 0.02996409763494122 0.0875768136168903 0.03245396387545097 0.025049837444849263 0.030551953447412704 0.09223067517155067 0.06783724918378402 0.037280178889888375 0.06338002655859318 0.02714346602084618 0.03816263386233105 0.005942077684506677 0.04660375430992841 0.08407900581147275 0.0234090172281359 0.02116568628689225 0.08894666197532976 0.08396332146696212 0.01799410159344584
83 0.0910151513161879 0.07404874284500383 0.07600919117170594 0.06272352930392697 0.055217757089503515 0.04627132961185931 0.008128287728222324 0.08660063443139952 0.02718041921225357 0.02170411018450446 0.007165825389182806 0.06795839350513835 0.00526739991817232 0.01607157170738319 0.028951859018683874 0.06568569776592766 0.01864551500826568 0.10413121983709685 0.10043990683866788 0.03678345811691424
84 0.060337540878086855 0.019028281794328385 0.06715562985438212 0.062006835627608343 0.09053454035981999 0.052245925944562885 0.05277985330129156 0.02139662378056916 0.02922916947960059 0.05940588025537639 0.06678904196325224 0.05362014190140217 0.05789689863616127 0.039799749496195684 0.07010551216866938 0.024769765597489096 0.018994060534984293 0.06620561509026199 0.0725089751199681 0.015189958215989504
85 0.060016946584412575 0.03678601297077612 0.024714617033625905 0.11461891602995443 0.10902877922387882 0.05566967160312921 0.07332688871609715 0.027941255822744596 0.022074872532424326 0.018509216474138133 0.05270271565094323 0.04256014774419239 0.10826553953533752 0.10218419448728291 0.0437211944716482 0.00417226575823139 0.03636702354449986 0.031051499652812058 0.000870945189089136 0.03541729697478198
86 0.03716377801385859 0.056002931783934486 0.040471070889852995 0.006163070049585492 0.016123389205327368 0.07248834154170886 0.03145354102054437 0.07120835495699107 0.10085483689837783 0.0767323089170812 0.04770392984599792 0.05411811634087412 0.09235540144845686 0.032204299713827426 0.09366771836750878 0.048965586040547494 0.0013468065029590317 0.03158460794226024 0.0095404818194827 0.07985142870082353
87 0.04172228807398496 0.0025406188611962386 0.062218325936827766 0.040654107171885535 0.08106104150741517 0.07529526512161275 0.041339556981739856 0.009535531639649375 0.03479941898706041 0.020795670120552605 0.06973624212681415 0.05029220582166315 0.014819762520920831 0.08171834256807559 0.08936975607062903 0.06393952292957104 0.01876496471111746 0.08008915373441568 0.07270367129521 0.04860455381965828
88 0.027179102933395087 0.010156088999103882 0.055114522870593236 0.015633821195830726 0.04420753999093317 0.012722419133405029 0.0021175498415302763 0.020569618881880025 0.10079611410492119 0.06414628552577797 0.11431576555270752 0.07211150781137544 0.013552390281693145 0.049841537354709045 0.037281601575039854 0.023785064401907995 0.09059187509545716 0.08951263172262337 0.10751233911637666 0.04885222361073906
89 0.04358055442768815 0.037588354206676874 0.03530653747892163 0.02814170505706836 0.02201169735089844 0.048135131208262495 0.036625434967952314 0.016987673087836323 0.058289484467545886 0.00840421823479717 0.14497611207400182 0.08386395851496796 0.13564620420043222 0.04245734262651824 0.02204546570323913 0.02367759429739469 0.013667925976507624 0.07969642946130812 0.08674255884652346 0.03215561781145935
90 0.024357602188198296 0.07757618150939131 0.047077349990479786 0.04471858909959934 0.10619257099646394 0.09394723789096644 0.07643129844609708 0.024737052782542845 0.011230202993515194 0.022904454640270355 0.0030040910458233355 0.047216918135141034 0.06146300440993352 0.00835924977800282 0.021920240069391788 0.07953892325827426 0.015223592972561081 0.10696813779846784 0.08186779934861593 0.04526550264626407
91 0.04776205646106905 0.01799202950285888 0.08961022830648699 0.02539862519108833 0.078555761278991 0.05059242937860026 0.09110867020395663 0.07285826321322106 0.049003757352361246 0.09883025819378498 0.03654672196200984 0.0359866663932006 0.03146307745880936 0.04114863873235132 0.02091608088583737 0.009097615367786391 0.06183875150131715 0.061255930853111464 0.04736206190514498 0.03267237585801295
92 0.08615925567782463 0.007774692452848925 0.081359759095258 0.03879560058118083 0.015037964675309027 0.07033604374295348 0.05547113478928914 0.045221909365824806 0.012635316339964071 0.08299821379928954 0.04120343712967922 0.10210419504039672 0.04395575939480143 0.024171460247934456 0.08032353643645816 0.028095793047111222 0.061603850306830014 0.05086925576891983 0.028093216247383306 0.04378960586074316
93 0.087258105883482 0.0006605140441900584 0.10869030556400468 0.07913352721875991 0.09388718783028825 0.06340194290470531 0.040324386122602224 0.07863270600277837 0.05717722091539143 0.07161681454903385 0.01301517834935461 0.027916054719239282 0.037610128497259046 0.03618373357001373 0.09614027077561617 0.03636599278385892 0.029103910848498664 0.02699516271210033 0.005772704088535149 0.010114152620287791
94 0.03573466443039723 0.0394598937461824 0.04880653804641374 0.06567323281457092 0.010591219671389407 0.037683142806497934 0.06587779127944912 0.06536911357693774 0.06385520313216465 0.012344601427740439 0.0590416802647731 0.0670965056144732 0.08707496091699156 0.08694744284832158 0.009756250694719698 0.03862154512513085 0.0604021448339511 0.04771334903530253 0.07258441987146282 0.025366299863130038
95 0.039356108558546626 0.07224143638413881 0.04195935260596297 0.05702387164783516 0.08270764580194319 0.02674371399239982 0.07439646087609736 0.08555298194366809 0.051438616412546996 0.0195117274544564 0.06876784849128845 0.052350018997043564 0.016609255494776713 0.038248495321668984 0.017484760228485677 0.08765868442416754 0.03714058048825944 0.043367919693155295 0.024429033988811015 0.06301148719474804
96 0.05249410810798523 0.017476012665537586 0.005217071499801467 0.06409192860372852 0.034331506740027266 0.06689682457627649 0.09090921482509359 0.06641510685458514 0.014792396527089127 0.07432691801204314 0.07254359873988711 0.041219657401655674 0.005596576447839752 0.02416215329416098 0.0023146268451927714 0.11161854446512419 0.07158744704480605 0.0639916796052647 0.05671605729295356 0.06329857045094778
