0 0.06222394898648982 0.07314591279279657 0.042983585066627646 0.05291136713031764 0.05048853042182021 0.03524098814019976 0.02691708825783929 0.029486076501640472 0.08148549643959908 0.02489235810726888 0.07900327627384665 0.016154558093883456 0.02512102843987673 0.06871801483675824 0.07449790681089465 0.07371685800085412 0.0754679278308769 0.0036099767825347705 0.0416175906621537 0.062317510423721356
1 0.08330661414315427 0.04431113625910795 0.02130384991335023 0.039911306106546446 0.03693792701515407 0.08039036628821658 0.07706127470312953 0.09154184855149279 0.022522450867122224 0.09014544693931284 0.03530113449522469 0.10245257775593924 0.02347929388796563 0.05156675089666944 0.024905786392138266 0.015256809531776848 0.05705781090160828 0.07455711507895366 0.004336429702810209 0.023654070570326823
2 0.06508784040363327 0.0787685610455685 0.08567592644892331 0.07014546755797839 0.08196712704208214 0.05671977003464588 0.0288185706308084 0.021745752302664928 0.03143652989945644 0.03847042624205008 0.08733134081906853 0.024577528709684767 0.08686135012993702 0.0846940737136815 0.042509149913120096 0.023131383601351932 0.017004550324841997 0.010611941308381584 0.015421532082907818 0.04902117778921335
3 0.052229477396338764 0.04584906158381014 0.011630206212249276 0.08072231838940264 0.025638361983901986 0.048292164339520945 0.08900733809601566 0.07340301122738248 0.008238361485237601 0.08497053567558306 0.07747397543464742 0.025017708288650405 0.05164463848669787 0.04500075913095039 0.06407531490572296 0.012088250632674099 0.01701665662648267 0.07551074852217593 0.036310103716016603 0.07588100786653922
4 0.08766857246829132 0.08022066981551589 0.06189993086640234 0.046096645589830246 0.013675922213428178 0.05404545874651619 0.051711225710215435 0.030812539835963777 0.06904829325436629 0.013508726148289841 0.03284213441131539 0.07690781806864398 0.06484489378868719 0.04165976494489228 0.07970227031756295 0.04463039145174918 0.020305093625926033 0.06682382563039592 0.03829619828071867 0.025299624831288926
5 0.08321216615636876 0.01464854011301781 0.027506208355395172 0.08758837975078759 0.06587442117200533 0.0921347104724533 0.023998945286256786 0.09554958080166372 0.09029747941549447 0.022977987612908833 0.013670870899942435 0.027308503364456276 0.07759364139143858 0.025667027592510463 0.031954938105303275 0.03734286997391782 0.06101146595901042 0.032893443996812446 0.06744371107846682 0.021325108501789636
6 0.05109356489663597 0.07068020756163701 0.02782705104337063 0.08229239414539744 0.030454496522012712 0.07277075491125871 0.02960993073464334 0.03894038884132194 0.04404598276752274 0.06203613108846541 0.06871601536660508 0.055717997974344194 0.024376366962435263 0.08185804199354263 0.050915663576475145 0.07113400645665738 0.07955046743784235 0.04531808491370188 0.010665583639771839 0.001996869166358334
7 0.0709006864321602 0.01846353895761753 0.08170334396510369 0.01425481924982468 0.077700591586814 0.06879254752190996 0.06784058811816145 0.03920972185878518 0.09810923978203973 0.032967229724076404 0.07076297775538015 0.04329942771005452 0.023482478668764097 0.012127254018763314 0.05337153372098265 0.07952135933490448 0.030453937532961942 0.006249469855676964 0.043584924430815235 0.06720432977520374
8 0.013639452422717448 0.03468584096125964 0.08404265630749481 0.02707456840651518 0.004664379844927544 0.04309816685945458 0.04347978950784942 0.011874555196778682 0.08628347433647918 0.011046338467534651 0.02391462723997843 0.028704801022339233 0.04893554542788989 0.09238303110502226 0.06337087031316174 0.09224190051568482 0.06579661500918359 0.06976926901405804 0.07402312996261853 0.08097098807905231
9 0.02977551102345549 0.06816300308148511 0.02639945590053738 0.03700196506720419 0.05241137604257217 0.0833272725750732 0.08835644473900596 0.06863865401934562 0.024625820447963475 0.020799059940229517 0.0880764171851492 0.03874316090271022 0.08369160989698042 0.017429631259435915 0.04244332840143272 0.036346483327703426 0.07589337564644931 0.06616449001843856 0.04546231441330379 0.006250626111524483
10 0.06923460086124045 0.03956207920769024 0.01916923638185149 0.09597623239527767 0.025843138296723932 0.09148867562520215 0.01891545668874701 0.08256271195913319 0.03114828994586435 0.12515756769908593 0.008850209147138435 0.026749179952007596 0.03698099424098525 0.08590613106250719 0.005717243329570014 0.04919515056597274 0.01251829791017013 0.057756786544921355 0.004903749997534231 0.11236426818837662
11 0.008826630064874797 0.09313725981704823 0.007621907192663666 0.06691948612554703 0.09275210358580718 0.08521683224035018 0.0733934824109476 0.098313712452353 0.07685113573205496 0.006874558949636698 0.05733202090160759 0.04219791852740946 0.04821380966773127 0.005780690754594322 0.04756493252358962 0.0013396225839176759 0.05684893404681368 0.08805956274552643 0.033097596319176026 0.009657803358350594
12 0.08052679245786297 0.037058249174857984 0.08374315350886727 0.00781841966575683 0.06233199558865483 0.05608437194450803 0.09233662544996617 0.022700936355190524 0.03485936708164494 0.06323740190128731 0.011528576739903993 0.05191154431439628 0.03334091606769033 0.03714951301418031 0.09652990130823083 0.07502453777173787 0.08591186311551222 0.004997401161903365 0.05077683348446123 0.012131599893386642
13 0.035627144967790014 0.03571014532313975 0.06938458057652207 0.038911523251770906 0.0075186827255389835 0.06240151149148533 0.068322310972885 0.0370595278911718 0.04032100635822391 0.03294298724335867 0.020892075358141585 0.0823184410075989 0.08636117450754341 0.00797259962182256 0.05341475034832806 0.01051097651940581 0.07301911946976396 0.07680447902953992 0.06392920842334433 0.09657775491262492
14 0.06249506210078354 0.006249346228891029 0.004180219687773916 0.047306213481576605 0.06275957636942156 0.07835760718499821 0.0329272438314998 0.07624592657729805 0.0932838613754535 0.12378773719536942 0.10196925009222144 0.021445716050236686 0.004882159176223249 0.03204087332497674 0.006343181978337193 0.01549761180267059 0.11731722352807944 0.0043026055645303245 0.0055748210696423325 0.10303376338001644
15 0.04518632272697345 0.02906333257302273 0.02182453597656888 0.04446750186732246 0.05660673738904166 0.029043983512770884 0.061861257688263276 0.06863583315683548 0.03726192849059677 0.07025549923483224 0.035012426301465956 0.06743961819039967 0.07846935585424308 0.07750807084806985 0.07464363807170511 0.035299949727303874 0.02988005937704176 0.059957344514238495 0.048347380299354085 0.029235224199950234
16 0.018063963894503248 0.06167393012694655 0.040836273314318605 0.04977537690156721 0.05505927478582764 0.01785186581106122 0.024093771467625445 0.06210372334822928 0.07030716198810236 0.05081420980688197 0.017910635727709026 0.0814416249627503 0.09257402278625351 0.06129663761994648 0.06592150364640263 0.06547598145525589 0.03028359441923516 0.02389820797633915 0.07620765510009572 0.03441058486094866
17 0.0762521394688824 0.07267058694772706 0.012351429127729352 0.07069662608576915 0.06859371493913424 0.01274183820929396 0.05818997312638312 0.009099640943316058 0.05975701172705077 0.048879347977349885 0.029733348187245778 0.029112634766375208 0.06989230306095574 0.07231425509871865 0.01734087779672702 0.04379998228399544 0.08980123336697307 0.05366013804304334 0.02169043647663183 0.08342248236669796
18 0.08713601101032747 0.10127515626580126 0.08063448558010049 0.00792186213558825 0.01642530169461376 0.06883224521010148 0.10090331604086347 0.012704263316734 0.09754715230405865 0.05280662984868995 0.025519772825617817 0.0077915948677798625 0.03403768401005898 0.014208285005266162 0.012731693071616423 0.06285203392072504 0.051151689842738074 0.09543731718777186 0.05375876672006466 0.016324739141482407
19 0.06868583722884912 0.029086663932648322 0.051661985369918936 0.056811898032124455 0.08001109162414402 0.05530571919846315 0.029268291673824425 0.0409086315586473 0.057916188609913065 0.050420764535967326 0.03596555151959492 0.011121111604142479 0.05957209141032155 0.08062165068001356 0.06121930084310056 0.07205750794760071 0.013392639089815778 0.07477314136267176 0.011662915265049683 0.05953701851318892
20 0.04531023834805455 0.03569653557811556 0.011707912968090426 0.016480174017841832 0.05395573701967011 0.09505039613254304 0.021491963017138363 0.010811221840257186 0.10605247563837444 0.06795108457369654 0.028097133121650606 0.055078231084036 0.013986241696430889 0.01607496013205564 0.050781096367765524 0.04141253688573464 0.06788966838929397 0.10132492958661671 0.09865904234387173 0.06218842125876216
21 0.05421779001453504 0.03051059356737404 0.07903068226541592 0.05457113694951331 0.07112308754358233 0.07133795374662685 0.049750145789872136 0.03717080174434653 0.05378894058311479 0.06369269243565583 0.022612284359165385 0.0633167783999358 0.05913334553266813 0.032173253454563185 0.04099982231971429 0.0954945611484622 0.06343867573239817 0.01383113505692659 0.022658462188629255 0.021147857167500155
22 0.006971081351621202 0.05412824348568997 0.09277836777477372 0.043234524103686015 0.005772298733721444 0.0874204629886804 0.06372536567240114 0.06018139685766525 0.04927546694351138 0.0841061152473317 0.008088501236937534 0.04462726521357167 0.04886055342089124 0.008687641568752198 0.023418440467367917 0.09010295652628192 0.017955494500448855 0.08132842722199266 0.024318371396744972 0.1050190252879289
23 0.07211162900335416 0.07229293174911416 0.06699920537171211 0.07776490006918964 0.08301782439353289 0.012544033213331241 0.007810028619253861 0.014227015830134266 0.01050297518935711 0.052360194069980596 0.023782479402354506 0.07175156581289323 0.03478683194031055 0.059202064860500975 0.06541275872983031 0.04099025544897499 0.07822093400040414 0.0797802364608875 0.07103000482208617 0.005412131012797771
24 0.09963130943693212 0.07337536201246417 0.0026301170254898225 0.091002283321821 0.023634576881486184 0.013673828624471416 0.0815113905462729 0.03973759582456367 0.07806052777619872 0.01860311888188201 0.09612033925337998 0.020258618480976157 0.08945483622189511 0.08285371347233238 0.005535007219636985 0.0052508505950343 0.06220818715083366 0.09521021333524603 0.009217636037461079 0.012030487901622382
25 0.08311093505542189 0.0536723372014344 0.07901851099941877 0.06376196282672654 0.05448381577314393 0.06437903248784947 0.07928789183106455 0.05017394367893384 0.08153860276860977 0.06320033517027074 0.08150824742209534 0.042605596676311246 0.04207099309535884 0.021381165998013936 0.02014395828200818 0.0872673949847866 0.007865305754835794 0.01638008785611833 0.00014123856626635693 0.008008643571331518
26 0.09531130408752787 0.027663639862952474 0.10646878968464236 0.06960751170616235 0.0028262174310364884 0.08311758485934576 0.03781448028040975 0.028776748845879368 0.021096271808776563 0.06742303734719253 0.1077906396223852 0.00515867766692431 0.011563154623888327 0.007142785358397022 0.10678174739084464 0.06617229319957628 0.03206973966644287 0.013573521891215572 0.01574992498583262 0.0938919296805676
27 0.04863032561368559 0.03764740766746554 0.09977449124181877 0.10101567031763294 0.029010366995956806 0.017102461740865618 0.03528117932982274 0.020426645410895845 0.01971303243532223 0.026400174339976695 0.03522931187514133 0.045639674951020885 0.04021659675446268 0.07751692024159301 0.03192457661255156 0.08524509795564111 0.03596043625933876 0.0845326561609424 0.08549842549048703 0.043234548605378294
28 0.07988450238984049 0.03536588720925213 0.014628110863566243 0.015007664212876174 0.0018334041507986972 0.06020090910598815 0.04560857176496094 0.03237176152294198 0.0750948797248835 0.09127246381194894 0.04687138164904758 0.034461382126454596 0.01638287805003197 0.06448363497415334 0.048853475651496725 0.017218378227973105 0.11514038197386965 0.04045465336005704 0.09720614676955143 0.06765953246030738
29 0.0044242751546442645 0.0005643064258947761 0.05731948370835622 0.09555529302069918 0.07854067401683512 0.03107225180087373 0.05271623245307316 0.031761291811631676 0.027899629216899934 0.0812924842136418 0.03261451133601098 0.03995561320264328 0.08600108649971354 0.08377226997279609 0.04663241739485185 0.03741875338725674 0.02406873554184854 0.11896632239698819 0.015662335880842395 0.05376203256449861
30 0.02241508649471979 0.04255892271917963 0.01054624843205456 0.06094107877732917 0.07921342457674242 0.06660801777385734 0.029096825841752355 0.010219427601359138 0.06662987372038773 0.06253677061506409 0.07633921911755209 0.04598501246857916 0.014153265976220256 0.06711208557249354 0.051775537444832084 0.05543035398136168 0.04953647998639003 0.08021445552385997 0.06577643764405344 0.04291147573221159
31 0.06627499555786948 0.05803653629733446 0.0790860863744332 0.03394723232666941 0.08980196884680766 0.03502433309883634 0.07154000306598564 0.04717268813311179 0.060475793213169225 0.060830639017669365 0.0948600678130065 0.06057429024098834 0.012107108429950775 0.030413358329916557 0.030528505784411727 0.00347688497965553 0.09029130107674291 0.00042401766537123457 0.02147089326858527 0.05366329647948467
32 0.06961051210319788 0.020048269183043126 0.07266922265209941 0.08050121603839337 0.07083805649922718 0.06875981420495371 0.041703836432968225 0.059764668776585234 0.05906471554400959 0.04626599346578176 0.04066509214546204 0.013534456892923095 0.06876103437544279 0.04559591608785886 0.07054767274435757 0.0038192696179603462 0.056078827868016094 0.02075881722695467 0.08322345826742596 0.007789149873339055
33 0.006677898191564479 0.021055050937919484 0.05879945364265718 0.07313278510786729 0.08133973691993675 0.05138887470879217 0.04267473873592102 0.047133686654200396 0.05056213591128751 0.07039616104337902 0.04755052077644035 0.051327577689717366 0.0688360261645539 0.0022512021854959475 0.03138257808767903 0.04343219094373218 0.05584532697367937 0.0784202708711029 0.05133535827234273 0.06645842618173102
34 0.07228182074221663 0.08030998459436145 0.05592450566241892 0.0765729361492213 0.04065135820780206 0.009743869782816978 0.018306749868856338 0.08063519933618599 0.06245398912386105 0.06919599331230873 0.047757676247646756 0.04927767103861679 0.050121581451252444 0.09015287565855058 0.01625547562930721 0.03908451125576996 0.029176178186003716 0.0315752753072466 0.0687442993172168 0.011778049128339721
35 0.05489502988466286 0.033227514603345915 0.06514555279402477 0.045098904976484895 0.02863182571895966 0.020300054315954694 0.046266632458799195 0.07153405770271724 0.05016371775849135 0.050644971844511014 0.04935714676706188 0.0509039618351493 0.038652242472590956 0.022008963000476656 0.030912592084297565 0.07232186082461851 0.06777478818995618 0.07530074876297281 0.053046700329451656 0.07381273367547292
36 0.04293473384270263 0.022951049386245453 0.0586319785147609 0.057503071849164665 0.0098392626557278 0.07136854082357764 0.018183465737157792 0.05117037842270961 0.033090482720158736 0.05213500610694887 0.056517013992254325 0.017932958560947006 0.06278377149955759 0.0023623430443308383 0.03100047009026449 0.09119643424306458 0.0871261513043645 0.06591475792444122 0.09303556330608707 0.0743225659755343
37 0.0709912813597089 0.04430047622063313 0.027548258941258202 0.08661710086093857 0.10708147443894199 0.010163358353529243 0.03735528498282948 0.03387102405906881 0.003976056327768824 0.03375049378047983 0.018840715813341267 0.03169408723760614 0.05464360994107172 0.02058943855000926 0.08998993649074333 0.09806358889184592 0.012781326345403556 0.09520805113866117 0.06006134139519747 0.06247309487096316
38 0.08557660170131752 0.02208128089134628 0.08530069923700762 0.057931626643989244 0.08002226582836783 0.06708259996990851 0.056495370284110405 0.08216951559319047 0.014194951343400706 0.007481414700494893 0.09628976924969761 0.040419208146285426 0.020139377861102384 0.009564873208078847 0.09193676954190996 0.0028425585274332466 0.05218480955985379 0.032312174076837806 0.0850421478416738 0.01093198579399356
39 0.02688347165421875 0.013661440473669507 0.10857501365271312 0.03537866879960396 0.09236825026126742 0.09225215196852687 0.02750045363747655 0.05121432911423831 0.09921451680429758 0.017252941256100048 0.013517539227322349 0.10349121067156873 0.007150620632488934 0.015635309694074277 0.06559779248178685 0.03788494428638437 0.023823593525205983 0.10175178736696373 0.024581384150593025 0.042264580341499366
40 0.09057666704529982 0.07190423475858987 0.09041288683121225 0.07353041548522138 0.0402511286493901 0.0027237042418183635 0.05526598662655257 0.013062235603585609 0.09298887879538766 0.039669299101826476 0.009415623680137672 0.08690038265916221 0.09499484126216833 0.09249957715507086 0.01532351685925678 0.017394126905288517 0.038941538808269546 0.027579338900347795 0.026865185412436463 0.019700431218977733
41 0.0986745072276574 0.02069170479049103 0.07266701477166877 0.0727712793253073 0.014224666808978369 0.03818033311747154 0.04965289618948712 0.0856942885857635 0.03832065758914791 0.02216557528074559 0.002402190684210147 0.08792047601601612 0.09634610632508868 0.056305535439805154 0.06412224725872788 0.005056959428931221 0.05322468862240437 0.037418584822793366 0.028940784302027033 0.055219503413277506
42 0.031176315352894248 0.05871236806559256 0.02164083903512694 0.08764029999486359 0.09435797048239838 0.05061400543050243 0.06246365596296463 0.042076818252846676 0.021555098079737878 0.07390528886020784 0.0004232730722457008 0.0019184226614981869 0.03835035852636544 0.06485227272403774 0.052773980608747134 0.09871837205280128 0.01032410717044528 0.08847342122648895 0.0953590874993501 0.004664044940884818
43 0.0470013011936502 0.033394799133885884 0.04107393669289476 0.04209862934347316 0.07511145537843333 0.002198739453755045 0.07855466374075054 0.06231958438275907 0.04276753824899204 0.08386141136770286 0.043216751373022715 0.05280998529244081 0.059661525833342145 0.0796245999785371 0.05919537055575212 0.003066885537673938 0.04094948341875411 0.01746837687667177 0.07757964220615152 0.05804531999135689
44 0.04012748663332426 0.05925064182007171 0.006335026992128358 0.029366551064732124 0.03234123588866336 0.10728704215489307 0.059565955034194144 0.10005093150446487 0.02220918776035597 0.003004031865879446 0.06244567704685603 0.09232387820564837 0.035100231161917544 0.003969820054150677 0.05228998107291504 0.01857266766016434 0.09995033427388408 0.043267406631692526 0.06423176198516546 0.06831015118889851
45 0.06935766208733658 0.10222551586094031 0.05504231300588455 0.06218942470125885 0.049563220883463245 0.0020987819515398257 0.051209428191029506 0.10709926970584088 0.016523718849170064 0.06398668068911824 0.024304829772248505 0.02537409683582677 0.049058290830946726 0.09913907799566204 0.03451389651868873 0.025571219955242773 0.05363707078681997 0.04392570935702301 0.011008825172398188 0.05417096684956126
46 0.08312327539921052 0.04398823593247757 0.004365105470373134 0.04631677483441787 0.055473944213181435 0.06478643037109118 0.017835946751780896 0.04355108436734352 0.07148296577670613 0.05968506609261813 0.0058649499257315725 0.06915704659014546 0.05626025512375954 0.05845703023735561 0.06654354340662075 0.016711875641216394 0.054002340434579 0.054368558974385285 0.07150541781024904 0.056520152646756965
47 0.03392312736235555 0.09650302096764388 0.08342280542656687 0.022913895843609842 0.0643190573017466 0.013283239551716099 0.03295948449442807 0.03914072566698326 0.0854031109547389 0.07088424805863312 0.08305254890905941 0.03394565020232026 0.009605506775957952 0.024963881860810597 0.07099230393627139 0.02567327273251246 0.02386643441465362 0.03845482740332655 0.06626861561220213 0.0804242425244637
48 0.016820276033265975 0.06901077215485439 0.0511825791160251 0.06679579844388332 0.03525442566436498 0.07200028092576147 0.0431811109131254 0.05645133040623332 0.06664160637105018 0.06767131347594325 0.031345424905393736 0.013346248043668683 0.06208696087191907 0.06925307101473208 0.062611056533892 0.030012382376776878 0.015827297002885907 0.04492190324925967 0.0710952364027975 0.05449092609416702
49 0.070800805483982 0.09430845843546583 0.06391146203464133 0.07005620856893409 0.04268498408262013 0.08935016355507651 0.07129341784572382 0.031598196111701185 0.05648798563690879 0.04002972380751175 0.015468732092863329 0.003918355878415605 0.06777821288656721 0.02291379197315863 0.02974652767832424 0.08081470954549369 0.03168663431013466 0.002348448406295538 0.02609346157349041 0.08870972009269115
50 0.0953996128526323 0.03143683958452857 0.004166892135807635 0.09279357609591639 5.243986785136589e-05 0.039633757827236944 0.061359789926515404 0.07277252930413726 0.021469007041032707 0.0955531191878045 0.08293422787324219 0.007966444268578272 0.04042504438166892 0.040200682561807 0.03800425719018825 0.06382181313161775 0.0729856938387554 0.08309713272398667 0.02481092200899712 0.03111621819769539
51 0.05819852985891546 0.003321278422806842 0.09338303837534712 0.052585679386606576 0.016317314115445722 0.08965147154770679 0.004800824626551859 0.08279252093496685 0.04258956772062359 0.005253629659624487 0.10407452775628137 0.08110386223821457 0.03682088229357008 0.01231990797972041 0.05050694982548971 0.05854066187237128 0.033740386297564776 0.06560819760716213 0.08336895568188432 0.025021813799146034
52 0.005655307293458905 0.0681503009502743 0.05078124812678414 0.04434404066352375 0.06323561715400637 0.06291471186286668 0.07368505017061139 0.050936038896981034 0.00556640219504332 0.079273889066133 0.03228545989448139 0.07985541357123078 0.03942277735396843 0.06624940032433889 0.025976551847565123 0.060326469070844095 0.029766514004258424 0.061971876780035386 0.08430705659571658 0.015295874177877993
53 0.03241576286374171 0.06685788206891058 0.051756483109841815 0.040599193776710125 0.026540530399581135 0.03690200383970657 0.06523381449498289 0.06092016520727577 0.06040048256991127 0.037385169832293126 0.010344636306419517 0.02050981841398566 0.04918663280745364 0.05970760147371169 0.05522227144403044 0.06597726756965544 0.06769442015411632 0.0690587765323851 0.05712302980278508 0.06616405733250208
54 0.06671246462650753 0.07805907529831682 0.024664055426585216 0.002389135374761624 0.009069581385690834 0.004359054003554586 0.07249189010715232 0.07999466384199205 0.08188880130603281 0.03107522257016852 0.02280241077647976 0.06331806562694521 0.07725292492276391 0.08165438537005489 0.00595981361528586 0.044643496057825756 0.07218524235465286 0.08086205524260325 0.028444636460864745 0.07217302563176155
55 0.012349836982685295 0.07329998845589676 0.006483598037352412 0.036541746705449206 0.09374457067501793 0.0054987918632205205 0.098946792154774 0.052694897050422074 0.0012244931611473688 0.06508672004910518 0.07620630674354102 0.09039414888915612 0.048922151845136395 0.08381793580941777 0.008822394987166379 0.010062840879987073 0.0970196668287682 0.10130750024007594 0.03384651724519208 0.003729101396488469
56 0.06084782423196861 0.06382605366254301 0.010119902770532365 0.05674109096895709 0.07882363952846459 0.07887748003768148 0.005854499175389546 0.013597325362382617 0.021282526339983312 0.07186860108218268 0.029611541267219748 0.06762059299566157 0.03599301088215977 0.03156382468815586 0.0751123575233254 0.042780345093381585 0.06659720577241986 0.04444811719930894 0.07673905223430945 0.06769500918397227
57 0.08478758328044236 0.06809721997587984 0.03314792042497578 0.04769035763989448 0.07938249217752741 0.05978892868851898 0.06630690927837733 0.06959258225620517 0.008248595701643175 0.08117078689347537 0.04251923458297365 0.008156491218458344 0.00016039554018196226 0.05694589886685658 0.08700790737296975 0.03710116195335524 0.00030317112422551245 0.04231831884410474 0.05317056374531969 0.07410348043461457
58 0.05841878463432086 0.0019035367522950214 0.006343641905918801 0.049079930005704174 0.07814045094656025 0.028183591847102545 0.003559363893318169 0.022302390988825724 0.04583633463064488 0.07930330827008206 0.027227727771423373 0.04897620368136865 0.024210853698476486 0.09281830425266444 0.05915035824503869 0.06465315356387841 0.04703149269905697 0.09477613847203531 0.08767435359117066 0.08041008015011462
59 0.05717350807729173 0.08550461867815226 0.03331552489423163 0.010347742400119424 0.08903838830002286 0.052100796626434465 0.0906254031650317 0.0008425231269314783 0.06931629112085386 0.08896382797981829 0.06851410432087875 0.003791417111216053 0.04812146068495345 0.004099997655734463 0.013992267509292906 0.036977231447135585 0.07902961335139055 0.01383273288536377 0.06664118637698621 0.08777136428816071
60 0.10993284205129762 0.08797671224951632 0.037549822356897355 0.01268529091927319 0.09765713616352072 0.0765866649640659 0.09625742300141553 0.0009280351740000381 0.022313298021652456 0.04895585542024202 0.08694828286177687 0.026081535903683173 0.021048819643069042 0.0023934214706075397 0.012325169786354674 0.016094692587112613 0.014676065371429247 0.07235194703259562 0.07112659785522892 0.08611038716626107
61 0.031552693917478544 0.022276692259203333 0.034400717543979116 0.026552857466537936 0.10248213128641503 0.01201013160043226 0.09178107713126679 0.08457175777960145 0.05301144323781949 0.11119949680399031 0.006670167063604035 0.025758248261256517 0.024183620555923945 0.04162037379866028 0.1101087804044604 0.020916399110656264 0.11472118723554428 0.0720637963061823 0.0020819751593262967 0.012036453077661222
62 0.028483308595293452 0.04373553399283617 0.04699816293860637 0.05195095375782377 0.062105334088838934 0.024815970267190783 0.023233523079156836 0.07324840052794797 0.03549474184828263 0.08579122071741435 0.024872831383516977 0.052495164054826106 0.037502599380339736 0.08292546412707319 0.020118191782950975 0.04373857985787833 0.06826142158274373 0.04719611703313917 0.074610220391893 0.0724222605922475
63 0.024182458673931484 0.08263262650966659 0.042987013879009016 0.0935159366477484 0.052028240013753335 0.02702325309421882 0.025025567013304557 0.05406985109484101 0.08538249647072607 0.005554915178284362 0.05335896493067016 0.06812242568861833 0.015647796196263424 0.07232586821464751 0.09052101305651704 0.00869317651387541 0.014315941362955846 0.08704843704208826 0.023590703401397503 0.07397331501748275
64 0.044951247896198594 0.02952921178831742 0.07864261843588051 0.024205884035057575 0.08546169208875028 0.01827990659552822 0.09802201642609276 0.022931697562482735 0.10711233314264924 0.049362980506915524 0.02183911831789636 0.009757878663424637 0.045405691062878624 0.10779198866716681 0.07741840235548358 0.0027075542312020424 0.04913406262830636 0.01448286837724605 0.011224918583092287 0.10173792863543019
65 0.029331919937060566 0.09473630150035556 0.055077149625253424 0.08395575022065022 0.01730313817550819 0.039731335895701506 0.043495886461050653 0.012246972014865697 0.003037351251414806 0.032417333938538434 0.025319651152167534 0.08526504850164815 0.026833826349172005 0.03605623651405179 0.0732442652116314 0.07796954367353115 0.09127063172282898 0.07188582376875861 0.0650356640832447 0.03578617000256651
66 0.028055221191134256 0.039169670361677754 0.0688212202676943 0.01339132221535165 0.04669945264269193 0.05210606426495303 0.07525630099609615 0.09703022629337901 0.005327651480478664 0.07025444713052728 0.016354513072783745 0.012498636629354028 0.07720145053903883 0.05378271829303388 0.022497945839667754 0.05868861225399785 0.09613009812815004 0.09252026395876992 0.03892574587708475 0.03528843856413513
67 0.08111944755514146 0.0533629212205283 0.03333123715480202 0.06192632068827492 0.06384226728719235 0.02755916133146769 0.07578214263819925 0.04464762155895383 0.004811203244352718 0.0036499241691344965 0.04043990736207553 0.049797915338398065 0.058673504174945545 0.03049248121151081 0.06697355748815177 0.04054915839009776 0.04237690185753639 0.0849304191596155 0.07507972888409581 0.060654179285525515
68 0.014869673496670826 0.014293839460686828 0.012150122238346403 0.05680818337771871 0.045637715693697914 0.07509953280723435 0.08360678233800328 0.03897686047169858 0.1142073252488101 0.05252516298065921 0.03831880632570803 0.04427021940135885 0.06728401977862516 0.018156311948163868 0.07432788991125068 0.09410283471814715 0.007980583798227737 0.024893525433990222 0.10176237067729495 0.020728239893707045
69 0.023266059498594147 0.021661331881589096 0.09865276050297561 0.04634436089269959 0.08286871017314813 0.05093997927369484 0.0037170423706101574 0.02247961505950682 0.06577439084991205 0.00887696297367654 0.05464558776882187 0.08744231458036944 0.05812487550326636 0.07355898253199317 0.032656585687804995 0.02984431811065178 0.10194692259682088 0.07100863753892651 0.053660102702376956 0.012530459502560926
70 0.08467634573305026 0.08200055595766245 0.08882008685594082 0.052670893011475366 0.08781965882355058 0.03012017221642311 0.028766076707568013 0.014977936826680886 0.03865834722077684 0.06182743553780826 0.08798421290682772 0.08250152023668117 0.03171709982145856 0.02278039648424009 0.038399475033444895 0.06051034304681401 0.011762802531858445 0.027969883835411262 0.005493931185115008 0.06054282602721221
71 0.031554926106927554 0.08226913630268488 0.08116511234886764 0.052957820482890106 0.006372052966385678 0.003607937153693714 0.018144009035921893 0.03675559674420683 0.09037047311937749 0.009068149731933338 0.06538971449865814 0.044019411243868066 0.05834709698736688 0.056334955099104994 0.059574524622219925 0.061333280379852306 0.058034759596468824 0.06735523746532673 0.03764414007286433 0.07970166604138072
72 0.008539648346888364 0.033819550335443066 0.03299084843494579 0.0835773141215957 0.025842624658794687 0.006498506077730697 0.04740599213563922 0.09294142410525576 0.024030076880765198 0.12250555461828307 0.062130837803220366 0.058306816074746935 0.012076383417203143 0.038093004957685944 0.04738580167999789 0.045150386278844566 0.08018873255797312 0.07551855764108706 0.0896606616637562 0.013337278210143265
73 0.0822829425129428 0.011517039390195985 0.009879803758946573 0.06914977976861925 0.05260351076395784 0.020023599960340716 0.028638121577864935 0.007193378737151389 0.024891615260582516 0.07083471363703965 0.0028789394228123004 0.0037452123552878394 0.07820007147097018 0.04750940323873015 0.07650645740533668 0.11244945757070991 0.09265914845370106 0.02478516383580296 0.10542452299194424 0.07882711788706302
74 0.022538684440862527 0.07512004554272982 6.190024839862006e-05 0.025530317720910353 0.029814799503791536 0.05644042238371063 0.08343417412405027 0.08197611397892789 0.09592679345661217 0.015490301827822335 0.07225992832957533 0.013155466683588787 0.09473588564299149 0.06653921338799353 0.0717025512788394 0.03564863755202198 0.028450665118950696 0.010652893513826648 0.08424677368923729 0.03627443157515858
75 0.07292315523460387 0.049420504821775506 0.047242086136288684 0.033109297180375065 0.049345456929345964 0.0788282455051707 0.045994775265807794 0.059549172223853336 0.03923375733537538 0.042296541380410786 0.029121647565174345 0.0023599304590025704 0.06501730817666564 0.038559425283968045 0.07397424643979891 0.03593465584427157 0.03893413996072141 0.062096048030777444 0.029333937179486694 0.10672566904712637
76 0.05494566188509345 0.022977264677798738 0.0358527660963833 0.06443876414328119 0.0735431891353681 0.05511761788914917 0.03585413755674514 0.03497724317444825 0.06405684191325682 0.008373144221528312 0.07978334520267068 0.030191272262027846 0.053700039996763184 0.05372949622041652 0.06063111896176001 0.08790845309724687 0.021409647414223614 0.018840936606021017 0.07701972110020348 0.06664933844561437
77 0.002541826423499537 0.02699264300206474 0.006601701097529042 0.0351709634273054 0.061772104933266965 0.03804890126690607 0.020805183267354154 0.08411604800929572 0.018556352366462074 0.07094838983233681 0.0906858030090129 0.04753239680386717 0.004634200617697688 0.016580709724182515 0.07885350938010616 0.09470701651802636 0.07307307756745302 0.08232438769820033 0.07712118722285309 0.06893359783258038
78 0.00941315397256775 0.06456648242242093 0.06949132028578728 0.0568947966595572 0.07699588905915788 0.035571213899900596 0.06694680150226621 0.03508464313701516 0.07335923341894682 0.02246545062280123 0.05330429156509316 0.06453621894113395 0.028323557344557517 0.03365233739179267 0.03437825931330762 0.07213478546093564 0.02791294206490061 0.06289533733570876 0.0713982819085298 0.040675003693619066
79 0.09477524625623884 0.07175303784655158 0.060982064837637164 0.029777110367631702 0.006927089721353299 0.0897636862437267 0.06539315166118871 0.0032436599524797143 0.01136873199362188 0.08623031355320206 0.07981110626614071 0.033512113653470496 0.01984903652507228 0.003423215347291839 0.09417652624382758 0.02899761063582955 0.08931313963947493 0.01634567679789056 0.020725461488163954 0.09363202096920596
80 0.05719588282816689 0.0016614479894895326 0.056739051526073 0.03269964417739544 0.10205353488485519 0.10062783710287523 0.04991158948180005 0.08579726804360882 0.04608855524526498 0.09280124437062148 0.0571941949792927 0.022834921956136952 0.010861506228201236 0.04018793648552762 0.08990862365830658 0.012117849174816134 0.055911310637735606 0.011228716633033844 0.06921465933492597 0.004964225261872546
81 0.06623979209579191 0.031903767216495606 0.03191929368975876 0.05181007083261173 0.04737297852772875 0.08911401191968042 0.004379218831938262 0.0636883258342914 0.024836033195310768 0.04236571725873239 0.06538417809999597 0.0545964337461786 0.03007452745596629 0.029142905373199735 0.09066700806794144 0.08564226634369065 0.07379132550771467 0.007492507678485995 0.07721508128602768 0.03236455703845871
82 0.0509330534949242 0.01085584793133108 0.08931272698022731 0.03171949579358 0.02325086602347625 0.019744853374487684 0.09861147697584732 0.01105096024241933 0.05542042459932683 0.09752569777344744 0.035413029985484595 0.028711153883017305 0.029879858956375745 0.0502897772764895 0.08120649924731924 0.0840342916126376 0.000513373403464644 0.043534801136200806 0.07425554043231372 0.08373627087762948
83 0.07850938418043411 0.03307875423227651 0.059886372680653645 0.02139724014760788 0.057822804509670714 0.046065024009975315 0.03792771657726178 0.009176543555999825 0.04879045457248595 0.0644894947907866 0.04106050876451243 0.07304705783436971 0.043104705608304844 0.08302265056573827 0.05571933279069837 0.06433407605347177 0.05440895571708174 0.05171628974741683 0.04433923514527035 0.032103398515983365
84 0.061203453489251616 0.011996204397055909 0.04096002805653418 0.07684390965804024 0.015421421306415644 0.06576648975444915 0.06199207923148667 0.04697652905221842 0.01395063546028516 0.008757917259400868 0.03752403526161828 0.07901515070277726 0.023368174409684098 0.08040610902376491 0.0751500000412479 0.021982443237879075 0.08205735269652106 0.07563895871340341 0.05926734931764016 0.061721758930325867
85 0.07961039843282086 0.04393549220641552 0.023078786273696982 0.023087073583824728 0.04096914802804148 0.05229447151299161 0.02502409364834414 0.07750508032333266 0.08372341705407246 0.0300585626583951 0.034344966149168724 0.002166647406830588 0.08595151907823534 0.07766085653892985 0.030512864525219837 0.031482867872237495 0.08368323086929581 0.06994147647587247 0.02364853736540601 0.08132050999686828
86 0.006690223165541158 0.028299291980516082 0.03280631345346678 0.06179485876476411 0.050374684407967024 0.11217426236699242 0.09395314997127621 0.04012526117507272 0.016815659397062005 0.10319039909270943 0.05791523435807239 0.030040010944581218 0.0035157097603309784 0.06526817318379663 0.10515016015913982 0.05317742891895296 0.0035553491811077514 0.08733669779849412 0.04175235610159305 0.00606477581856296
87 0.0020780405448273596 0.03387091148678899 0.0449606094728203 0.07407365558746869 0.07463239533872075 0.0008149224998654128 0.07782596494299387 0.006319047886413672 0.046386466500907386 0.06872685806833512 0.06756062678119955 0.101253319114905 0.04398300624417325 0.015584948637716697 0.004825096361992866 0.09590798202915445 0.10482153171689554 0.08052519763285151 0.008220306472271576 0.04762911267969807
88 0.07289141166740545 0.052736220835155334 0.04646401165865992 0.02534602433069452 0.01837442306859383 0.0832092984973566 0.023806974096136822 0.03545941214307242 0.04740948421998542 0.09084191711144693 0.03355660010879988 0.009115545030535674 0.06221765704691153 0.059669640497547784 0.055373925834041667 0.0773909763456181 0.02435694143611997 0.054053542373753385 0.05303022591026364 0.07469576778790117
89 0.019342052745740395 0.05404891311745223 0.04114989460966732 0.027261617111542808 0.06731291033097606 0.08293120554323437 0.060956123448547166 0.06391750925369252 0.08472732264440615 0.005028642329139979 0.07488997368927272 0.05700285510254763 0.027271298985247716 0.04056664568239802 0.023499391539328982 0.08267826949302824 0.011342309486692318 0.055033083853653485 0.06857498074170866 0.05246500029172329
90 0.00814080045779216 0.07123106896688149 0.023700450846095057 0.06630219437849308 0.03081330643040626 0.02773398146963881 0.03862223869523202 0.002864527358207362 0.09465438598988557 0.08378002315146652 0.0507169790692115 0.1061545687559451 0.005649552479678889 0.018526962444445155 0.06562784458756517 0.026710522866627364 0.09474885853297023 0.06631068487211812 0.04355296072567042 0.07415808792166992
91 0.1025538630072051 0.05612779769855539 0.05201432967896347 0.05519303640080408 0.010600154230528853 0.00021770479514158044 0.018978057340549498 0.06959520541588134 0.07732678112072092 0.08550170936459081 0.00292387067462809 0.04244160210947103 0.062171441807547814 0.02001575637815538 0.07645541055759995 0.07710898169778065 0.008749077376216344 0.002186370220718616 0.09472028449501627 0.085118565629925
92 0.06250528063375324 0.030237789535005118 0.0018403969682754932 0.019963001929897396 0.03730858435974512 0.08195090883540392 0.033785868937678765 0.054640081225012335 0.05947108006677245 0.07465689968970525 0.08455250675750647 0.006145163068090149 0.08709122389846995 0.05078910759055045 0.08768460702713173 0.06263020662560134 0.01957981324331263 0.09797641118913981 0.02861727766913226 0.01857379074981629
93 0.07763060545752866 0.04485986900924821 0.029976057227514907 0.08117805828070238 0.0072870585121062315 0.08986614607343368 0.06373025837648755 0.07930317063083026 0.023884763108111752 0.07026608478161549 0.028515848444995568 0.043168346525771666 0.04221493585073522 0.018283657839355344 0.022928939519944905 0.010773731876826117 0.051943315237979834 0.07498957714726948 0.05797022294247422 0.08122935315706838
94 0.026560309409681862 0.04628567589580033 0.025285304491125114 0.08665347440962021 0.09468407170593474 0.08792112813495212 0.06595664540424036 0.03755355656965493 0.021676090691127782 0.05964448760316304 0.024481009955348375 0.08986787273746794 0.004879401140185614 0.01553746535048726 0.04865425217615674 0.01554041116264379 0.11434490639656046 0.015273351634761095 0.04418183194227294 0.07501875318881537
95 0.09576863768472903 0.07575995283269447 0.06452204061846209 0.06109514681295331 0.03272519637826945 0.09579363296439995 0.023130159333203386 0.05763729453915351 0.09293466844970526 0.03537348279269748 0.03880612794237031 0.001892189803202633 0.07331749450212231 0.01499843991664629 0.04457922903383763 0.06300753243135221 0.005889333850698019 0.04115914969236629 0.028202979438997633 0.053407310982138925
96 0.02316364852730695 0.07202758765976185 0.027560563051994384 0.07526879171343953 0.10791306866786865 0.10478160610279404 0.01889045621548364 0.010530618770645903 0.03023610777892024 0.03441169918762444 0.013141765242063824 0.09615312966857452 0.051524844093411286 0.025687890586408853 0.026272549574707295 0.051361015118862714 0.07575829919850666 0.06981234920479204 0.03474672175069953 0.05075728788613377
