0 0.04432929081264118 0.016329443189537534 0.017962226781863176 0.004685140109767106 0.08989104962083508 0.08065064374971453 0.08363511049263787 0.03327273117929745 0.07955052274789536 0.08453893585198148 0.006356867585828427 0.08596939244598242 0.0015108266439751749 0.039858822198278236 0.0026032698301360502 0.060942579993606645 0.041322358353979384 0.08347275194928036 0.07091293052155138 0.07220510594121136
1 0.04447919090708584 0.01753919222270004 0.07674266963161867 0.05960581609408784 0.05573858625527311 0.04598215418503552 0.04196108702143209 0.01554463466041867 0.0860612140346599 0.058544860041025173 0.061175887304329137 0.04512192240659982 0.09051227119074017 0.0459794084219449 0.04843200480194641 0.013286314496811046 0.017488122168883305 0.07386293366450226 0.06943518454825996 0.03250654594264616
2 0.002392788703184796 0.054714628830133435 0.07245882323640727 0.06477223906309282 0.0806689639635908 0.07003441207403663 0.08468084621146345 0.016585775536374275 0.012924568676895516 0.04356344558292239 0.07950526744607483 0.048218855883210454 0.04083715143527805 0.011493328847492493 0.0860077229558218 0.06613791068426682 0.07984733771278574 0.06175789270651686 0.002068168999593251 0.021329871450858105
3 0.027340536259871272 0.08842137798135762 0.05303794770104076 0.022185644026226133 0.028713913308710023 0.09301927776208394 0.08287549312590961 0.09208754340037335 0.05035498876648453 0.054315135526665184 0.024645928767034458 0.09537387843534718 0.040060448005946825 0.0692544970927931 0.014021988487293994 0.0022405704878799624 0.0443987997095663 0.02171838597816896 0.09175225652852213 0.0041813886487247435
4 0.035253520176324216 0.08082154904699701 0.03082958605702137 0.051107956333069235 0.019013505517086953 0.07400873785923417 0.08876499086484964 0.04495612705541832 0.08399452336987526 0.08660821656571245 0.010506590799866464 0.0170418435550542 0.06421742022129102 0.0017352623507129637 0.004217098794161707 0.09010673148007832 0.047400431987922605 0.07401662248799659 0.04412082436196997 0.05127846111535747
5 0.05626318858278234 0.07068097160073189 0.02449136829283611 0.05797508841767331 0.0738736117295624 0.07118299706993209 0.049428909389728964 0.0656852797543085 0.06982019729114203 0.07036437698898139 0.00044920189741882505 0.041940119694302176 0.07023767551331608 0.07341224192446474 0.05197104881288534 0.07250678671845176 0.0038804956697409405 0.03280888135830298 0.006750668521819079 0.036276890771619
6 0.04927260447038764 0.06438972071361865 0.032480510261929406 0.014763325769806272 0.07881562411894551 0.011803181390865645 0.02951672758954711 0.0400708961332961 0.07823698814818995 0.014338633416679727 0.0877376299354698 0.09553025419677416 0.048145011484912036 0.015052375942037618 0.0732973331844152 0.01994252403123599 0.050961490916781885 0.06364161944581835 0.061132438629751214 0.07087111021953771
7 0.08922566598415826 0.10653770583808242 0.0015572883412811541 0.05555032838621391 0.003160755126423842 0.035782457236488784 0.023910769468218386 0.013631162456702907 0.08353772587294732 0.08786039022284535 0.0014081331892429759 0.055909545804658775 0.07603593885075426 0.034515273647766055 0.10109320120838686 0.11787620519765586 0.021300309033229336 0.045693651237001295 0.01385323732423358 0.03156025557370869
8 0.031865592809181886 0.0303970188969307 0.05051361116732892 0.05807785276612895 0.005377889686212915 0.021580831828577004 0.07290587529763592 0.06794027394100259 0.04604864369000505 0.051775245644479405 0.04409268278828786 0.04283713026861118 0.052320590630010655 0.06957806885417785 0.06350468769767727 0.07012863545081582 0.054109036488316095 0.07281213363826795 0.01968249036108283 0.07445170809526898
9 0.012438340014961543 0.052972487008801014 0.06920885855164347 0.0811179977982921 0.038341014598422755 0.006190664217088267 0.020390903008943327 0.034275611023705924 0.08730373091517246 0.032700844108403085 0.02884269168423103 0.04782167962701008 0.024470242877229546 0.052915869914139366 0.09043274521157825 0.045845180701275065 0.07498410891419403 0.07065651345177236 0.04736248089611856 0.08172803547701772
10 0.07740093455330638 0.10220929817752823 0.03637431855142287 0.08601701490215273 0.027211938401327285 0.08606895804681453 0.05019967140562336 0.041701347711864276 0.07045798370558495 0.049590632961712774 0.06853320571675721 0.0012794741394770088 0.013559543584810095 0.05642021159561924 0.005297665775322948 0.09476448428975319 0.05285029458961861 0.018074045307768644 0.038889009417841604 0.02309996716569392
11 0.03157843890134994 0.09093507396229872 0.11569882934021222 0.0340963062534528 0.048751061125843036 0.09273443587331726 0.07498938801508259 0.04257292255400034 0.046272204763059654 0.03828513508381737 0.020589259338022296 0.029106916240311816 0.0007064824120100428 0.037168245380704186 0.026282578071599574 0.008161826787448053 0.018043632083630974 0.007218435031966402 0.11308625212752503 0.12372257665434766
12 0.0016915566957552302 0.03738248159218325 0.04288584933615038 0.08887375487971773 0.09701869620172564 0.009861544524332667 0.07888775466629766 0.10516640436399442 0.06399283430802628 0.003757334695390982 0.040248574982417566 0.0039953435535900255 0.07879502013418264 0.08403996011924027 0.015554848528012378 0.08801405958139139 0.053544074163961335 0.0932349991225803 0.009468482142718473 0.0035864264083315723
13 0.06038136184335073 0.06458571825895121 0.06947913838140195 0.03135620787011053 0.05950318616669307 0.05507393710659563 0.08173774542271614 0.047124684372582104 0.022224988129040016 0.08646768310004972 0.03835915591159752 0.05752422290296106 0.038123862950098106 0.09230607473359707 0.04762018427865179 0.028038642077619795 0.03827110577250624 0.00765474618996181 0.025265260147019537 0.04890209438449588
14 0.06100132197037458 0.0859108087530143 0.04416586481054122 0.018532280185126652 0.09884758801733128 0.04010997137328006 0.013022376422191754 0.020231030173329365 0.09073836575746196 0.014336980314197159 0.11250248319153809 0.015815946992692828 0.008207712265152014 0.0198841446314562 0.0568672098397348 0.00041635400392721995 0.04382626291691716 0.06875913811753814 0.0786631642893979 0.10816099597479717
15 0.026032782174055316 0.015167760750862099 0.06896763057116158 0.022097004589578324 0.0754457667202231 0.08034881320289254 0.00983565569262882 0.015407880443857094 0.07394099176599747 0.0790598471845151 0.005999465548035476 0.0878300460624722 0.09247406720006562 0.02686260103342737 0.053802086446088 0.05948091112979462 0.02337453263511483 0.06791800098316675 0.041488136001158346 0.07446601986490568
16 0.015215185658827747 0.08439226975849103 0.0001334412784871485 0.060688986269061655 0.02503492311752177 0.06529444568416519 0.07924097346728977 0.04177760367978562 0.0809750570723384 0.03991366455169923 0.02792063827569888 0.08810568703344163 0.07048134297033103 0.05205790243124014 0.086512423102412 0.04682092971650371 0.04910022290239579 0.0032022420273638626 0.020237258071130915 0.06289480293181456
17 0.021723912291137615 0.057894626665176224 0.05756759877084221 0.028689233976713382 0.03619721306110906 0.0605284776041339 0.0871311446377072 0.07974221438977795 0.010508527821585617 0.07446979383515381 0.0893255999603828 0.009647220875251055 0.0379853318573587 0.020735118711812182 0.07941970794429956 0.042096917472189264 0.048616955122106426 0.07370973759657885 0.0783611437780019 0.005649523628682201
18 0.07244259773459737 0.011485960064726942 0.0648266540177079 0.011076112907282701 0.03804829409689233 0.07792935114001327 0.05348765225429379 0.08099816836819441 0.021704239655289854 0.09600445362833473 0.06049378424912331 0.07898980178530829 0.0460044535928564 0.015093410801362391 0.05571958732481444 0.08307948798686524 0.0522909847440198 0.03500921561503976 0.0133023203367079 0.03201346969656901
19 0.08709110406806861 0.099341992312377 0.057928272709434736 0.036548004025710644 0.025109483966750584 0.06945085458511714 0.011317504840134095 0.026332699682053907 0.026430658305235947 0.05542937275865954 0.09142742057210679 0.033082396714956386 0.01849940356112407 0.08610163681060805 0.027354662532531285 0.09348970167877106 0.009855592589115517 0.03203552402101734 0.05334782566083719 0.05982588860539029
20 0.07001218330982734 0.07558091177847438 0.030941881856323537 0.016750541786154108 0.09994833647097014 0.033987497656354664 0.09713267940965603 0.08312035011896439 0.05549788697351748 0.024317927807786636 0.007209223454511437 0.05363117036345664 0.04403844914807545 0.0406002228227479 0.03572845220075155 0.07533945050418424 0.0648284140302536 0.044849416408727374 0.029809694437719362 0.016675309461543508
21 0.0437702338945954 0.007461474407494411 0.09961755299089385 0.07707358748153187 0.061946614331690686 0.04951603640764156 0.06715462048122552 0.0962029234556569 0.009022621045413811 0.01655148367011365 0.05307324006676589 0.015320002896859222 0.06717224363496593 0.05100027968707257 0.05191806405642342 0.07603627220671741 0.022573788373264635 0.03562595923216337 0.08379974276883016 0.0151632589106797
22 0.06928760192751354 0.05723282221532943 0.07743666872177961 0.056776048445812875 0.018341424214927682 0.033378453506522965 0.01281758698396296 0.08624676174071905 0.0028951156525679434 0.09185777980989418 0.03789134744743028 0.008736225646554343 0.05103889512804223 0.0434103894107432 0.07153617990978901 0.0189851912313648 0.04850593168640376 0.044864863626835234 0.09352716360288425 0.07523354909092264
23 0.10919378211696654 0.08831796309657255 0.022240611264414515 0.01660324667975767 0.08304932300111707 0.014677077952496193 0.019159235416800664 0.0910140338428302 0.09053065701615172 0.03455993788279924 0.04193112214048508 0.019882192449307386 0.059966500262333945 0.07976327129528506 0.004226001616903904 0.10714622746819517 0.02445269181014245 0.05560691309392217 0.002445248181834391 0.03523396341168416
24 0.049712163419966475 0.01497840727051441 0.011303666549032044 0.10749451842615255 0.026831855645575817 0.033417577591106244 0.042289659915573055 0.1074678982199768 0.004974694943889705 0.016146179138394036 0.01984415321138345 0.03512202664512574 0.02218324226062228 0.09087486460363642 0.0472115623078361 0.006536342213249426 0.11175367339765926 0.04802375856485665 0.11570893971543443 0.08812481596001502
25 0.015007112591773899 0.015403933217586532 0.001221897220178409 0.024391616358423813 0.015518163250521324 0.06289223133423491 0.0764289610376338 0.007503418821250635 0.10193943850710165 0.05780103647061189 0.10370239380572363 0.05579798911947359 0.05599365893575628 0.05866275918130449 0.0114593165281287 0.033507866010898425 0.1042632250087733 0.09395550612502622 0.09927854274817734 0.005270933727421052
26 0.10436122861646127 0.09702561202803628 0.05495610057365543 0.01179351699415472 0.0336589387422061 0.012724082701986364 0.028930400691513137 0.03840507100276748 0.09593098736253583 0.007879377130153162 0.0118851496621811 0.09370979393310717 0.09015106344878118 0.05041192710583916 0.08659380796109849 0.03369447024578685 0.08481721321853705 0.008571537180368578 0.02599131084506269 0.028508410555768037
27 0.0032928538934219025 0.09347877456828135 0.014640013107135296 0.04942251320637167 0.05656203800065103 0.04312942980142441 0.040936881257586495 0.004511664624336832 0.09811454275237785 0.05647533977075795 0.06688457317088796 0.08947965263971427 0.07102603505443117 0.10067078584109786 0.008583920419604868 0.023411296900805505 0.06151857095439122 0.03746780096090834 0.014653903829599689 0.06573940924621417
28 0.018075855325328665 0.014568000448467448 0.023791523306487983 0.04967592719681284 0.09933265422165892 0.11084156815986386 0.10273342436026273 0.031915509422416624 0.00685293663167437 0.08045057215807191 0.0003490636162132726 0.09788353362930236 0.024035582676214626 0.09559013442808255 0.02036690085586433 0.051589372420811415 0.05596953416425313 0.029963385356452658 0.06604831850810859 0.019966203113651652
29 0.050000951038326774 0.08868661075646608 0.05667006650094328 0.04234127874512362 0.0872943018499134 0.002508317204558882 0.08708914344827492 0.08022503332425854 0.07516545653971889 0.04091280131989199 0.013997450762327791 0.07221057453342483 0.0012127467943360433 0.07046512961303221 0.022397304614433466 0.021016852263561314 0.08475440913491566 0.029604049645539844 0.047609099997276874 0.025838421913675733
30 0.1204069270685922 0.009325655156163046 0.1142295553370151 0.11012890565711361 0.013758532105241928 0.03908212196230439 0.0303499513612426 0.02578897124303864 0.03064980426673533 0.06638243407191109 0.02226512961529457 0.05419966421109296 0.04276593844735156 0.05225778883431378 0.029163815929763172 0.04457461423421802 0.002040173256398615 0.028438729975399382 0.09884682199764958 0.0653444652691605
31 0.0717842983737479 0.03436682309268538 0.06477656033768912 0.03178223040119516 0.029782974358840714 0.03931388946739332 0.023313132275549802 0.07477025837736204 0.0346814157026722 0.07488205436077965 0.046757052434705584 0.056093193885297814 0.05480437985932969 0.07035152373529947 0.04150141449565103 0.00047731301226593245 0.040431821219422064 0.06972722125076203 0.0705976461178106 0.06980479724154054
32 0.0483441309864956 0.007763159548122145 0.05986563575603258 0.098713710796894 0.0027104737311075197 0.0872080013997158 0.03720739157881762 0.026200795516426366 0.07067875723337305 0.0015905203719595435 0.08202788106227682 0.015614280298260817 0.04073340115388461 0.00011475765266606074 0.04828531894404477 0.07404354287028746 0.06636572306784758 0.04504282335838789 0.08813374756504773 0.09935594710835192
33 0.05976361986687992 0.06911380469057012 0.010729589268568651 0.024105769737780818 0.028156180172072318 0.05557169601978105 0.024429893883236787 0.0025260282479868212 0.08440633068934561 0.1002113781983566 0.06918832059076908 0.06006922710906447 0.09479727653312968 0.06157388035931503 0.014951959455511385 0.09068048418203144 0.04320438963725055 0.04476344109631208 0.033094707882700525 0.02866202237933695
34 0.10461313180898933 0.006992999894254952 0.12955296408241376 0.006369669725324079 0.004425711466081757 0.05115669124426692 0.04855990481400841 0.01801583687938387 0.06351041189702833 0.0909522703873608 0.04353774064595756 0.008356168999657286 0.0550493582831312 0.0022850363856691696 0.05728980010383105 0.0734217453652212 0.009148671329699893 0.09129549236201677 0.10537081424680167 0.030095580078902125
35 0.018985222605896433 0.09033069013492456 0.01229663441838648 0.05463247789332896 0.13621714483848418 0.012346900134366333 0.121252473511606 0.007934145034692483 0.07364166297467988 0.027324794092305944 0.004436616652296603 0.026148389808120908 0.10010750732952672 0.12408647993396765 0.0906048896305217 0.022197840312150365 0.015139874201610318 0.008127260110398181 0.010851508499551538 0.04333748788318491
36 0.06824485150769084 0.10866727451620861 0.024794734118222594 0.05039872316361884 0.0027726313134547246 0.05287493897766683 0.017782749532599628 0.0828707723352168 0.05691753566016057 0.015735984874287394 0.0719194496768578 0.02950485490376431 0.05643342860991866 0.0061539439807332865 0.04949861144668279 0.06274098726604393 0.07494544113348235 0.057445522362381596 0.03316043674898135 0.07713712787202713
37 0.05789236603569494 0.05532334722911855 0.0809701895782889 0.05098434232865421 0.08098342971240903 0.04897520745169807 0.05321294854676467 0.051940776240334253 0.07849824991876997 0.01007544377449668 0.04026627804771064 0.035138933502270916 0.05101008948290759 0.016667836878592163 0.012143599129723936 0.031531656351486796 0.02935699694787887 0.08502167383766923 0.03826013629912579 0.0917464987064049
38 0.009477382791347246 0.03458597344619936 0.07660629900367076 0.005814764871793549 0.07015635437352667 0.06891815730033868 0.005432807339958612 0.053106334804618814 0.10467052159215257 0.03863355714242249 0.07691665239005908 0.03885723529708526 0.055459540323730176 0.09232942727943669 0.01656873083972112 0.06613075709670854 0.0033464640888534 0.025188269756377262 0.07784890748285223 0.07995186277914759
39 0.1164531585895866 7.407424010913435e-05 0.03936149654203323 0.072816642704506 0.022952173126355127 0.013092103530800633 0.010684804376534554 0.0729841974748424 0.06464808261786997 0.015552368491661823 0.05964149879991837 0.03394674734194799 0.015569478830051563 0.10780919427030364 0.11510967956601843 0.07830209891683368 0.007491545392057377 0.042999419855345576 0.038129086565670434 0.07238214876755351
40 0.055842020017648875 0.04766866015902624 0.02593098772640189 0.07158872912885061 0.0685984822450438 0.0024787637641834268 0.002179881774763646 0.07659576282148996 0.06368512231191706 0.03746269429148668 0.05190515201067288 0.07957917432678088 0.047476089871660944 0.07695231532114306 0.050283110297030004 0.02058609572172035 0.08304801327604334 0.045459127352672025 0.05642994075513219 0.036249876826331934
41 0.055937421057788136 0.07861278942762684 0.06490882094879814 0.031866869466976935 0.07517767661307727 0.0471326159643999 0.07437371668270175 0.06293072531899085 0.04951556214595952 0.014068788607999701 0.05856449168058264 0.049679901125635216 0.01195134260721305 0.018527870647055314 0.03849472621979068 0.08077634477617208 0.007635305188491884 0.07669255574121114 0.044407032181431785 0.05874544359809727
42 0.048442072314022415 0.009337212682346357 0.004506188219088102 0.029661585658723035 0.02230781281478486 0.09036293025278534 0.08823537872940461 0.03207239507287828 0.02262506958404568 0.03853811684765591 0.0334188545410126 0.08817058981911371 0.05593028527192727 0.05682738688585709 0.08877914929827867 0.07392367064130252 0.051857908439098384 0.06866988537205734 0.03141453603686797 0.06491897151874995
43 0.03486553458437603 0.01112531883288719 0.05208941732468839 0.05048024432751009 0.06885654375723967 0.04170280089780994 0.08169113888627003 0.05171411457674705 0.04969532769951658 0.02230198302112548 0.02481984945618544 0.031066516568224904 0.07019530008470255 0.06011247032661118 0.08846192479106392 0.06508807064095477 0.06815677257773654 0.03458962507220625 0.07341479076700187 0.01957225580714224
44 0.005580857548254032 0.05429460540412926 0.05200466709647748 0.0932588963079253 0.08008556001892873 0.09361411862527011 0.021638348716887548 0.07278081791201649 0.024333550765250924 0.05758839214210187 0.011453995546712788 0.0205596869959117 0.08704301912901546 0.05345171800317454 0.054071637750079254 0.027682414715883938 0.04630056850340748 0.09247527146425588 0.003743177917318831 0.048038695436998145
45 0.0579693411506826 0.07730431760687902 0.08731279372316308 0.009551653267724966 0.026053844024707163 0.0891620692457318 0.03507826022841461 0.049257913204512546 0.0790818787920798 0.0003247140993361342 0.009112783298140834 0.040366516833150394 0.00023939218638698674 0.0308127232425682 0.09060592159461227 0.08340628932315286 0.08160351647186978 0.04452706481279669 0.07542027272348849 0.03280873417060164
46 0.038587378199183085 0.07293309554072534 0.02942584163427448 0.048168756747854126 0.03919409856020672 0.07098650936163022 0.016452963083133137 0.026534669290172522 0.08116131314597781 0.016421799817060247 0.0439421960047003 0.002798918283222846 0.004528992810223678 0.08107732399610272 0.10057594151777952 0.06317995078409205 0.03787772374878675 0.0773311421662421 0.10114743634035145 0.04767394896828084
47 0.015527071981017538 0.07209922257041146 0.03521766159564012 0.07799334600167278 0.08960685625833062 0.06389083957306005 0.07607809812345277 0.02039401756498324 0.09042826486951028 0.04903293099045575 0.031687812499262606 0.0695518960314798 0.020112527295104765 0.02461052086974254 0.008191320939140398 0.07882967349037852 0.038987182354590415 0.04142952672380118 0.038092413896020035 0.05823881637194537
48 0.05970795719948984 0.03837412696517075 0.07393301352505804 0.040206771015409204 0.03285366273689035 0.04710849168583633 0.03734225872101904 0.07125713089475548 0.02898859457107717 0.09229188301828403 0.03395452139339508 0.057855080957184134 0.0791134958996203 0.03724158707587714 0.05107098961002618 0.06364262828075143 0.04471163508126821 0.04360866871393019 0.028340061738105007 0.03839744091685196
49 0.058365379790016624 0.001191175383593276 0.025405287746421683 0.009422217226156394 0.06853961378841283 0.021500821097184167 0.07169896274716762 0.007632124954383701 0.03977285455153878 0.028010230538912797 0.04193174982085136 0.10224953983072169 0.04072602463786869 0.09781844438101597 0.09528462040405902 0.09883652975410287 0.08450266055170925 0.043240291538496144 0.05223212799298176 0.011639343264405258
50 0.027027059239136317 0.08559729160421407 0.07819724208513729 0.007877871610702476 0.08487278647349762 0.05485343389301487 0.08943339963350799 0.026786256247240618 0.02774019994834994 0.060524899069391694 0.03164882588954801 0.025369130859681913 0.036123348418183134 0.012972551723049544 0.047156520325652096 0.008796002167461752 0.07524370113431361 0.08389540714798041 0.05862960634493052 0.0772544661850063
51 0.0852475170510101 0.05721203569953709 0.047867665264350455 0.07833289360151295 0.017061904351630734 0.030119234406474713 0.09556215014832409 0.021510048757721577 0.05466157034020727 0.06697960785942657 0.024348685634058675 0.05202296056105808 0.015266730229719496 0.09545064746603463 0.034017948130573565 0.0808172939141133 0.004220640562558816 0.021501320905579376 0.06439803100375753 0.05340111411235094
52 0.014504995356626162 0.06578747140115636 0.007448506657120574 0.04141743477974599 0.0019878557530233925 0.0067614021580161285 0.07012084120673773 0.0823610744844939 0.05529860966755875 0.08672646863430848 0.08687596283837215 0.054519514890329274 0.0022755700037638896 0.09311978761804164 0.03579648194339125 0.10289241038338527 0.059856417398461655 0.055468330718565204 0.004906145316722783 0.0718747187901795
53 0.06758302411948526 0.026318001404516355 0.042176665650009826 0.04358050075699995 0.022655169414493522 0.08031790434022508 0.07248923177783677 0.07022560627327694 0.0064936692470092105 0.0031307380445988824 0.03887647828199766 0.08024956482749598 0.07047882371662446 0.05869658612149117 0.06315871463478188 0.02418979117132635 0.09106116898694593 0.08715198264933138 0.04019201109022287 0.010974367491330654
54 0.05984204483428054 0.004396033245330986 0.08268758281487347 0.07083978995244891 0.041355375685606335 0.024263432511256948 0.026414702209353536 0.011632696837371228 0.08276203210266794 0.09041068371915367 0.07864081820010466 0.030832758857984997 0.006812136194055189 0.08994119096229725 0.03146086404989579 0.051355464425671425 0.09069743734234832 0.0023216692160384807 0.040188535409199935 0.08314475143006045
55 0.019918377544559544 0.054520684440414954 0.09791776779854092 0.02333604280591585 0.06971778747854909 0.013417709341543993 0.07539582423119785 0.05275240212263244 0.0019226458767390832 0.0882272019926295 0.08442870646167333 0.006470425429595401 0.07870751419106278 0.0141984835534457 0.023714257942573848 0.056473308619309326 0.0035667298558530298 0.09169521243211946 0.09715785975734363 0.04646105812430039
56 0.07856705500144466 0.026108421355803855 0.011418351036708846 0.049484372689790966 0.04158317639223502 0.058770496109493 0.026747473236512963 0.015639629687489606 0.08981022586822167 0.06595282443635193 0.04545888194573784 0.010866834799805656 0.0520880573959364 0.07190171633710318 0.04085618324814223 0.06450534180450426 0.03737331630290796 0.07631090219911552 0.059134861797004536 0.07742187835568978
57 0.03190488804329432 0.0034282578782558826 0.0772708971388056 0.036510017810052954 0.08661280423303261 0.014954475355221698 0.011489199081407811 0.05111907391111785 0.04070484587569554 0.028186794937591807 0.08457121577416375 0.06850133057071374 0.06718472138027992 0.038284773383308775 0.06268509680352154 0.05602607546369271 0.05228966369389326 0.05211175137512249 0.07850833091945156 0.05765578637137606
58 0.07238688705676688 0.0017327836162644658 0.02778567284799018 0.09601401049990219 0.030265776424170845 0.09367006116725798 0.08097377824619942 0.08641564142494784 0.007410997837893826 0.05703479358204435 0.0029823845292372714 0.03632238265205047 0.07249469703724853 0.02855346272750656 0.07462373624652698 0.0046677239688290165 0.04503611558340134 0.036399760923255135 0.04768890782106024 0.09754042580744672
59 0.017484767063104378 0.05093855698824723 0.10187134542598598 0.032038085536648046 0.012173973809305594 0.05221230322836477 0.0329609438910322 0.005450123091669722 0.10604593004649954 0.03438532223443608 0.038862753558055525 0.10072845097248298 0.09064007326569921 0.017401250319958532 0.023829611106823908 0.024553468383659256 0.059260023853785926 0.10499531862935836 0.07614077823332803 0.018026920361554673
60 0.07391240883645044 0.027023227058789245 0.0872715500209203 0.041325679131261554 0.0007815692006851322 0.058816341804504395 0.08617372330649474 0.0454834832298925 0.08597819545210213 0.005946441217400352 0.044793983172413586 0.0487804792705974 0.08617260884530191 0.020586148270840408 0.06662114416215685 0.04908873571097201 0.024006231294787617 0.018635494109680927 0.04708529366738074 0.08151726223736791
61 0.04294986054070884 0.07747888024415676 0.02781513941632042 0.07468626072137925 0.013532779053794916 0.08767818577362986 0.0028081832020565947 0.09164191311538052 0.05866163537260793 0.09959023809639408 0.02940239088889408 0.012162148600654002 0.05997703071454358 0.08483395617210683 0.06488510883439011 0.0401816394421268 0.0073173306696026185 0.04617919593378531 0.0673471942681977 0.010870928939269865
62 0.007410184791414651 0.03690568285100675 0.0004539138540774299 0.08561577201366787 0.04599289742218608 0.07919384456615854 0.07683116949536781 0.0593322335164826 0.0020782074120297015 0.04698152962566912 0.08492530810490694 0.08554424001519487 0.028640758658889064 0.07663696906490675 0.021064500141907354 0.0177317217051817 0.012922636399354518 0.06555101440364368 0.0744438206423852 0.09174359531556955
63 0.06680826475112205 0.03771066556952362 0.09179368162841878 0.042121470179551875 0.03765450213033629 0.027868299143338604 0.06832674262784673 0.02567718827571541 0.025845951194085465 0.06941920902292807 0.041245721195095196 0.09177682721497357 0.09735820244615499 0.024138720454755 0.005988705160565269 0.09301719909501265 0.01654595289964222 0.08179806088189205 0.05024136314790832 0.004663272981134031
64 0.0634045348829913 0.0867153252648973 0.030322724866826016 0.014771330342638295 0.005976234000274194 0.0815624215480412 0.08746029787585687 0.05097955705164735 0.061733930313949255 0.017481239014945096 0.025327151507307508 0.0952586501946108 0.07634050982808403 0.02069614035355638 0.08140045158574234 0.03588343403660861 0.0074639027793544305 0.01056143217818176 0.09026208328667644 0.0563986490878106
65 0.0469849266329658 0.02185188302193528 0.060276889400465425 0.05381677523874827 0.07381901493681645 0.042119285108559945 0.03932982223836862 0.06565424180089337 0.030588366573184023 0.02233052633087131 0.06533334257911237 0.058481709983847344 0.017562011135748467 0.046772409248471 0.042930380077554446 0.06426809980542257 0.07119231631993614 0.05792107218404491 0.0441189569979789 0.07464797038507535
66 0.010220928998043438 0.032236122256466215 0.053579107011869236 0.09724882672377301 0.028383805242832814 0.0025710747860385698 0.020328586509543743 0.049216482617880294 0.02232321858354456 0.09822907323921601 0.014821668593327718 0.05652945234660212 0.046122693155644975 0.0862748832496539 0.10267392579296385 0.09018593922001826 0.08350437286673182 0.027499763399570082 0.00154493712923054 0.07650513827704895
67 0.0342972489624801 0.06717839862072655 0.018824864007058385 0.075427718590889 0.0013385964607848448 0.016140438385198325 0.10633539149100711 0.07489036370423208 0.10939684198552599 0.05236304947609108 0.11181693794594691 0.06445010628960735 0.004876561711692723 0.000982012712332251 0.00805585311707086 0.07687589571027452 0.0615193096053875 0.04917296820949885 0.006493046227606828 0.05956439678658881
68 0.04657941440824907 0.02535100118345964 0.0672340051257459 0.07203747751839522 0.07679084765503935 0.0685192583808928 0.007809874865176543 0.07514723322003686 0.03550434973140381 0.06945916439483998 0.039107800268792174 0.07036418248759659 0.07222973193934296 0.07510651850220963 0.06926917045604694 0.06455856389406447 0.022028112415656435 0.0049643026849104524 0.021299278551801144 0.016639712316339726
69 0.01315521484389807 0.08260770157672248 0.0722878725318391 0.05493248337218929 0.08006572038072435 0.07053264173765544 0.04673029967742997 0.0663332134966926 0.07813450331934857 0.017601152985680737 0.06617725970490303 0.007560302606307707 0.06091706682961835 0.07892746961920573 0.08091973686625897 0.021019158675891127 0.03474575132368402 0.044418089007920325 0.007000037522287429 0.01593432392174264
70 0.06936846362965236 0.061385449899357264 0.05037001933932856 0.024737757226773426 0.07192660138679732 0.026553214113045613 0.033088129202563675 0.042854349160445455 0.06919899536204241 0.06618670789305565 0.054710589108744094 0.04521081719935124 0.07231003114445646 0.07645770150142743 0.07776859482850919 0.041894349954289485 0.020091678567456785 0.0022875945126113587 0.07880032018707463 0.014798635783017383
71 0.0258461362896108 0.02486124250566303 0.07683881555659192 0.07014255172491313 0.06003441660167982 0.01900986414558716 0.07533837383889842 0.06025798955830028 0.03257750259433216 0.07090713357816997 0.049789056203577396 0.06450501463355128 0.03806999714205728 0.06008024994543235 0.02402647234797143 0.0615375424344479 0.018341219426721102 0.061260197621359994 0.022206255261879103 0.08436996858925552
72 0.025061867189026685 0.0698443814495088 0.07701448253050502 0.04944425924442261 0.05156669517218852 0.004587005412044664 0.03283146751084316 0.0553620872988725 0.052633763073894564 0.05870728201878501 0.06463851100138379 0.05662615402723677 0.07081322153705223 0.07638144954718766 0.03582904002929931 0.06759221522666642 0.007368570168588789 0.07786937069885004 0.06140575120629692 0.004422425657346601
73 0.07053975179512781 0.08783456439573295 0.0838677672367685 0.006271770209049889 0.06335803722758389 0.06142968166607024 0.054453883252295124 0.027627572971611832 0.01944642508433016 0.05099793170831805 0.039073992483957 0.05567341041274423 0.029926216839060847 0.09455217697270014 0.04936098823928108 0.07858518470812356 0.00229874527165536 0.06469200121748525 0.0030070369601901325 0.05700286134791388
74 0.057973773145409094 0.04325883451661383 0.0008300248218299471 0.033632691947510424 0.0716491135382093 0.10022558115217191 0.03020020897710362 0.014116208902329598 0.0627756711622644 0.04646045580929736 0.008691531238838377 0.021904571551361707 0.06247593385778143 0.049169605549985174 0.025927249667271158 0.011902448105931343 0.09987806306926147 0.07924497315657306 0.07837316008632943 0.1013098997439275
75 0.061295385928585196 0.07859657525422231 0.04471334275763919 0.07924668248931895 0.055554593039658165 0.09452417576951673 0.009101290009294164 0.01994892168923128 0.08447179586382797 0.02557821368927416 0.01061550918079659 0.03451218656424452 0.051966152449283695 0.026655824218781383 0.09276615246164699 0.08100698735934601 0.0332707041709684 0.0655838245676603 0.007848764971474029 0.04274291756522976
76 0.02128753967951931 0.025924348289643236 0.08255529387680463 0.007759372256395132 0.024851192953593556 0.07319321748699611 0.0091681313042164 0.10928629778199864 0.05394355691988833 0.005934715734988658 0.09428447102461729 0.00504097788357385 0.08940406447094502 0.004080023990286624 0.06096362426294659 0.04333844836918539 0.08976393484489427 0.09214878137496943 0.031729227421099036 0.07534278007343866
77 0.06570590893044123 0.043512821561296475 0.05893385263150481 0.01547606934595444 0.0643590254262051 0.05426506249192813 0.03497054431929128 0.028569939073404316 0.04625366658713453 0.006149500580603828 0.07451322278527021 0.017427082366118122 0.06821531562961815 0.05521538784368092 0.05516741729553813 0.058310487883740623 0.06874099606529782 0.03495615768933153 0.07610645097823351 0.07315109051540665
78 0.007668674541520467 0.030516693597328788 0.09644936775576024 0.05107134676292937 0.032488000345994014 0.012641953840384267 0.05230717896399917 0.0864664298483955 0.013919289509464104 0.05471911093588865 0.08749617954778675 0.0526084273770788 0.06854992371380554 0.05473567325877119 0.013294917259883833 0.05399510818583554 0.08761452296386417 0.03696627500118276 0.06418820218961661 0.042302724400510125
79 0.0771880020958146 0.02081566196285084 0.008527499949017631 0.08281626605545536 0.09829962278798524 0.012892723016211638 0.04195731401008038 0.0826637166045076 0.011988093032107253 0.004890431968659722 0.02525300301657612 0.0596297167937572 0.024175302992301737 0.052939276339313196 0.04666887627759941 0.08504439924815438 0.04049785022313232 0.09717794115334091 0.05219914241775385 0.07437516005538054
80 0.03718125553987552 0.0012738253178170037 0.11428606391660015 0.020529237782958863 0.07392562561934782 0.04781936999869258 0.041466401484771084 0.007305796237234431 0.019078842905565396 0.09897592968921964 0.0006879168063821372 0.08222347880390911 0.08544284945417542 0.10018941189152811 0.08980820071779694 0.07505831687128414 0.04080363261107115 0.009409352627341048 0.007498740746330475 0.04703575097809874
81 0.07861017432785619 0.0762537714869732 0.08295752814755597 0.034431273911160305 0.08539087610879398 0.08306408430851683 0.01562589871281832 0.057837833712923024 0.01567471112707326 0.08186439371309062 0.034000406100811974 0.029676302368102165 0.055466120417829216 0.04572429207581046 0.0032836883553231315 0.012927951078077935 0.049514705753964 0.04564059049269427 0.040161797004040094 0.07189360079658492
82 0.08516176129733362 0.057346696783571405 0.04671415127897645 0.07531209845048735 0.08729874489555409 0.08511421242763689 0.08522750017919954 0.044349775783758254 0.00116944798551825 0.01399588298558555 0.01310748600016858 0.000179075658192207 0.08970145796121139 0.06637446699891238 0.07555708922500344 0.052194323472896785 0.07886708037099907 0.00038252808796014593 0.038147326233309894 0.0037988939237247445
83 0.07352964756189204 0.04009945088570367 0.06584277019772071 0.05928415092028709 0.06443205926010168 0.00298009699467442 0.08432968500225851 0.03758087782384297 0.07387417427101 0.08302910454206264 0.057974227442296404 0.0730401172396254 0.08664244212544328 0.030078283953960533 0.05527909878325204 0.034498988552851204 0.014290805374906962 0.0008561954309962544 0.059264738669924565 0.0030930849671895284
84 0.09925879920308658 0.0913963580855635 0.0591785738724017 0.024779198487515634 0.08495306504871941 0.056839394764249124 0.09783400884341303 0.00983390888185263 0.050149752851087484 0.01475928553893232 0.08157466899461616 0.015150011792878103 0.08228272614447983 0.0522325931357558 0.013679718193798377 0.04046168454560381 0.03849254551275223 0.029318056756314017 0.001805753112512944 0.05601989623446739
85 0.03635860126340549 0.019639533006257894 0.022338957218730353 0.06079473064576679 0.06643418143146701 0.0499998689677912 0.08228429078793134 0.07062439722206958 0.01673524156726275 0.032828632871467776 0.011453032967662683 0.07787755940558416 0.07807466314999922 0.04440561167912168 0.07307185944784585 0.003910058121983155 0.029164870161817777 0.07930453656456812 0.08331906787150009 0.06138030564776706
86 0.0808084669561877 0.0170637601085311 0.07990609991069 0.09066939215875078 0.03406905630553127 0.00028741998903485745 0.015195467629903238 0.03694317296876932 0.023555896740916637 0.08547956584120134 0.0298147722090346 0.08087214728943944 0.06064379084184749 0.04292867479601117 0.014168625469129377 0.08803582101334131 0.042520102103837686 0.016915228158795564 0.08313617219268808 0.07698636731635915
87 0.013717601162080179 0.06829044038846117 0.05387975872287684 0.01871673549810096 0.0669573609473949 0.049568063994670536 0.011519978881714816 0.07232612063139883 0.04667433592923767 0.05937975797940317 0.005430624664815819 0.07530569083866835 0.06499839943743219 0.05184213523696772 0.0435234571915689 0.03586597028606005 0.0739405132752978 0.060475444349341066 0.04871747193025501 0.07887013865425402
88 0.07769048422814348 0.07152762421796771 0.0153147560220602 0.06632632785930578 0.006629503131441161 0.01741529592952535 0.027600109242985803 0.11014635413133539 0.07193794290831157 0.010247389750413845 0.023587472162424943 0.11893757394256868 0.048440370508047635 0.0319972059733641 0.07748735936546877 0.0404755402277637 0.04710575553093694 0.021691174567045564 0.09797967845108065 0.017462081849808776
89 0.0060363114483135295 0.035207542080180586 0.0708131670078317 0.02761985798469815 0.016242986091765534 0.04134017971268496 0.07821480802262183 0.04194187856632573 0.08616244471755578 0.01333689293772977 0.0658920717933391 0.03684552289043978 0.05249078589256644 0.07958256378272721 0.047158477017753955 0.06582533531173718 0.044135674305146824 0.06340098188136241 0.05271870875294598 0.07503380980227362
90 0.0777386755529954 0.09152652028619342 0.053572132105450226 0.03259246050714345 0.02745303746342556 0.026203964688374288 0.01676614987032298 0.10636717570297936 0.051322703479066444 0.07214123745711135 0.03213018795924428 0.07989880872442524 0.10801913138389763 0.018184307158388393 0.09266725323852823 0.02879522206349904 0.03752794829686311 0.007937222476843912 0.03186461553613216 0.007291246049115498
91 0.07724113523323843 0.011505794823463596 0.008712335906934132 0.07568100540347897 0.014951537970811824 0.04048919422985559 0.05466002046146379 0.0165799746261326 0.032933038135632094 0.01813560161924477 0.07335259992606952 0.08127670745150102 0.0687492891879583 0.083097470241787 0.0857839156367496 0.07538860949891328 0.08796550487765553 0.005196008371022427 0.00862361669820829 0.07967663969987915
92 0.025439835406423 0.1144383156913573 0.10609468027367687 0.04647689703786921 0.05303813457984207 0.04144068080832689 0.04500293809564772 0.010734107782623657 0.07540720816810266 0.05328595466490783 0.015211248695460275 0.026058261075738637 0.03825624855319175 0.10235681013888179 0.025759405808901868 0.031230415848622874 0.08587468142989439 0.022891583637958134 0.05636574681672226 0.02463684548585074
93 0.05819948277607522 0.010148476785126221 0.020417900618583177 0.08798178602410493 0.05814969469965931 0.07332231070661659 0.03573148890477163 0.06601566988817058 0.02240477148298659 0.023072277826203687 0.04407716594731282 0.07020481229905867 0.03395158186165124 0.03430879356691997 0.064292809987926 0.07773376281294854 0.035422007549957536 0.07511114885681602 0.05038013128731399 0.05907392611779717
94 0.03659650843252906 0.07314887364899611 0.02782655017974505 0.029167209426725058 0.009681916075659895 0.05138323656630543 0.003352387748450575 0.10184411682931752 0.0496251553565065 0.08910895967199825 0.03882791749678007 0.010112104503058625 0.0905725185225927 0.07395213577906086 0.01979792845077407 0.018998652453517173 0.07158409068730429 0.022061253294721566 0.09426766709364731 0.08809081778230984
95 0.006480686799061341 0.09348369577267476 0.024603189150144075 0.06940837825605627 0.005217554215268872 0.07891103674847058 0.034037286852838564 0.011417339656065605 0.030660243125747937 0.061972027187645926 0.060589394660334354 0.020820470569382084 0.1031229164807616 0.0402810880876131 0.05227247157967932 0.03263897444271048 0.0555449530256522 0.011788945110891442 0.09423485844167633 0.11251448983732511
96 0.061944142687203996 0.008618955176552475 0.045007337168060546 0.018140566735939747 0.005600994916288672 0.08537924202834565 0.07741667814902212 0.08136855785351808 0.06913159624940983 0.08680006647110271 0.06812051021842692 0.06428272567636847 0.043756208931071565 0.0756773697750832 0.04968175809399435 0.047238564219959776 0.02115926446868892 0.04072274838063063 0.0069926635562144795 0.04296004924411793
