0 0.08645298195474192 0.06093944850157698 0.07413487063387898 0.041688081351597746 0.07330790248982959 0.07422756170203701 0.008426740143549242 0.042870905375649956 0.013242776798058674 0.07582210852414382 0.07844447415989447 0.04142857971904877 0.07970151601255517 0.06539136735376454 0.04861810930263372 0.04005565699785311 0.018923501961674378 0.0353856066940687 0.03587742229658344 0.0050603880268597036
1 0.03936181773358365 0.004973234308273993 0.030325348013077107 0.07412895930677331 0.05806227458517472 0.044787179436521954 0.07047515132402489 0.0623614137993979 0.0665388636404551 0.05407909868837868 0.005492606638825085 0.08806030550040116 0.07435580480575289 0.048216309739231876 0.0019339799094477829 0.08927399764989458 0.07874593332053434 0.013986362205865976 0.08048987565504367 0.014351483739341135
2 0.0830009333476906 0.034847819559234626 0.11310639488935724 0.08508012761397611 0.01845597968796814 0.028431735676792417 0.021814441371021297 0.091637297142907 0.07099038547213007 0.049281304133026546 0.04549261879374562 0.07315510018997011 0.00669238872246233 0.00850344639488558 0.05439904166996698 0.01485305130275235 0.004448867735848741 0.10045395728202072 0.08313611622488427 0.012218992789359012
3 0.05663765179465998 0.011973026796688399 0.025629952037374348 0.1039027313944118 0.07212470605820673 0.026482361778968132 0.07035380120136406 0.056105686590070036 0.0799479588593768 0.019033867149337552 0.05321955759527101 0.02975802499137758 0.030043962995177573 0.047797112844051685 0.06070685415828199 0.07002930181228179 0.03782751809667345 0.014425621781669147 0.10467122881240412 0.029329073252353868
4 0.014840249440437504 0.014545940410422231 0.05081441548870321 0.032148234307182263 0.07986532778599019 0.0574342936755957 0.07420041149316887 0.06854282453297307 0.06832165937345881 0.043086984465006535 0.03742541009267198 0.05801312346382847 0.06140522136154493 0.03399307026490508 0.045957716752519175 0.07434320293182778 0.05784421325549125 0.06839770807454733 0.055651669318593965 0.003168323511131854
5 0.09641016397459064 0.009681429185805253 0.05367725261865997 0.004975812934199638 0.04868086538494453 0.008746440014464897 0.002315343796478351 0.11531213417750089 0.0612832964368128 0.0622316319954835 0.062409083707767966 0.009876424454087453 0.07836191306324175 0.031281358319645305 0.11391248595896587 0.08650304548331096 0.036149928740908326 0.012412752881158721 0.07719920255165319 0.028579434320319997
6 0.005815731127920273 0.08250432843502732 0.08851781452588944 0.061429938761971226 0.06491081927220098 0.07130842080326727 0.06789273153028211 0.058010355460568666 0.0022761406707101097 0.030665135744104437 0.006041153064784748 0.037713052032747864 0.07797424827537824 0.06598689507189641 0.04022095829296844 0.09052681349590168 0.023861078834305674 0.06841969635582626 0.01833807293037479 0.037586615313874285
7 0.018602307463433894 0.058292621389099505 0.002150427353063859 0.02123939464525261 0.10212302921648189 0.02713691173455187 0.023232928426625516 0.1015681682440446 0.10066798770731836 0.06099474074238189 0.02839337192313907 0.08100640233948392 0.023167213439742932 0.05021011696425073 0.041272982033044796 0.07529356284222408 0.00934971176079396 0.07375526899622441 0.07141513612883482 0.030127716650007193
8 0.010644944034693925 0.06689639154777666 0.0785797851221307 0.05109555608111254 0.04011585437722923 0.032187818443432055 0.11243211438821918 0.08248173149701075 0.1291224990290804 0.072782143909659 0.04888207628252787 0.09653501429418555 0.015057619176362707 0.008136747400044117 0.012860017831980937 0.0347574930744361 0.04397871322938612 0.010828576684902065 0.03848098241745725 0.014143921178372917
9 0.029847257600990933 0.02188291638792452 0.03389094162386311 0.02753826945049317 0.0866794849266923 0.0761842890159597 0.08464464111709341 0.00383478767851487 0.04222931507651584 0.05772573135678904 0.039342720390784694 0.015185410263604742 0.07474792361513516 0.05639270731904405 0.06361317592702108 0.08962803386757968 0.07057064545123497 0.02001479402213114 0.05067042354787041 0.05537653136075711
10 0.024960186638031148 0.07748220374501216 0.01175384987184765 0.01031006432997276 0.04166825933462759 0.07273624213489831 0.023174156979722662 0.04685749225059976 0.013215856507331912 0.030311979519775187 0.09922839206959005 0.07260286403643737 0.06820070330926767 0.05474485510577016 0.010849674315770056 0.06186335881134925 0.10025537985233636 0.07746016429106582 0.03278612030925907 0.06953819658733496
11 0.011443093034283246 0.04337494356078293 0.03364154752996769 0.05653456949078934 0.03588383070247388 0.0008658284272868471 0.04469026290546196 0.06800805999877949 0.08525737465700402 0.108890633024989 0.028353018496769043 0.06875226452771316 0.012412450678336231 0.09585681823906034 0.00010935575060514741 0.07065112476694184 0.09279097434539905 0.06254921174499152 0.03831546643427118 0.041619171684094035
12 0.09419320929077883 0.0338936576685274 0.08947559700565531 0.05644855821197978 0.003068041935078128 0.07909368739357493 0.029692698094093202 0.007172868221086374 0.018132705272396406 0.08185711564530242 0.07826449066072191 0.06897102827307212 0.04091550939953791 0.06359957866007977 0.01339146543437229 0.0036800109003920093 0.0907819820411078 0.01604429038711794 0.06775964004287717 0.06356386546224825
13 0.03326027504225898 0.07278268168105856 0.09120964267813361 0.0439079146927257 0.01468648294539069 0.06009907313011324 0.04575667639299361 0.05074074821075306 0.03171874667244154 0.013365692115209929 0.056429822149931884 0.029412150220164853 0.04517241308481173 0.03362740355951071 0.07782756435589419 0.027882508021579367 0.07394960765118033 0.038025955744368824 0.08667660364842422 0.07346803800305493
14 0.08222850828241597 0.032350463624097346 0.07374660558825315 0.10700057379529093 0.014181780834598222 0.01702682794293881 0.021141606847352244 0.06621744713056273 0.03505273213942644 0.11322534205531953 0.012250422320497747 0.01786093665415605 0.01320280105450904 0.012875116503074205 0.017503940006566604 0.02095267272108131 0.09586399678630259 0.09173015129032834 0.06374196713903198 0.09184610728419693
15 0.06334548922349129 0.031019058918959803 0.019316380764467414 0.060737000476904474 0.0025383674652991444 0.04181945235890638 0.06990634648385033 0.08378592470415569 0.02164078638717314 0.03366235567607516 0.04716641169454081 0.078794544668069 0.059873898567128714 0.018822693931879242 0.06070696369923548 0.04469933065235233 0.08530983980930491 0.03374308013641476 0.06717055455202164 0.07594151982977027
16 0.07439991213516524 0.014303440761043224 0.046159338515024004 0.06691392392004929 0.058197336328026913 0.0719787186511664 0.006805086127035732 0.06204252381414531 0.012352461128938166 0.033915731404299994 0.07134395877422067 0.04637356805533701 0.03889914638977449 0.050256475578789886 0.07536788203023263 0.05967293392165541 0.0720786154177721 0.019608171397201522 0.07233225867603493 0.04699851697408699
17 0.0764043512418064 0.07329330409317546 0.07313961238927004 0.08299769433791848 0.026992110086423857 0.04888545521688845 0.00826290958008736 0.07458848914938215 0.06142104902188379 0.0798366247718985 0.019231390719728656 0.06701635593501225 0.05639336610375953 0.03517408363561494 0.025252099642055995 0.06763882545180826 0.052145360375669955 0.04369288289150385 0.001292397016350279 0.026341638339761476
18 0.07639385211340644 0.020588804309996243 0.05537160508370071 0.02946253830693172 0.018333410493237296 0.060673054736389724 0.08282861683695708 0.07067691093748074 0.007976376462829888 0.027662623564137206 0.017519405965177176 0.039119511875899356 0.0721876821462671 0.0834971276081836 0.08059759758485423 0.08081262139177438 0.015330178013929796 0.023702505629284432 0.06318539755738059 0.07408017938218234
19 0.07884184558214372 0.07360904740435407 0.014573013230112697 0.06388270983292638 0.07589846790872036 0.03930527536299847 0.04101480790275381 0.03059492203717024 0.04991390753409584 0.006591418010878328 0.04043884554788687 0.008641655414734552 0.0957219284679031 0.041762390858983506 0.05459491594492317 0.053189720142773726 0.0812081855346879 0.09358015200146368 0.035360964633129266 0.021275826647360375
20 0.09253680230997008 0.0860787047589132 0.078417259042385 0.058459947642889726 0.05754907352549918 0.06985750163467869 0.015785883932311413 0.020212431163999577 0.0001231015744388796 0.045811467636376904 0.009576043144485544 0.012775164836815615 0.019194981378173943 0.029718514680194676 0.07410572084188914 0.07896670560733816 0.09320984674282877 0.023990354695441408 0.04676649670476098 0.0868639981466089
21 0.09430007908660094 0.01663756279205748 0.03718192246200546 0.04805248471121467 0.008215550042661168 0.014560010484626606 0.07868178262917232 0.00894529345427997 0.0958522517702387 0.049377900785900056 0.052475164189624834 0.05413033939036599 0.04344666956462877 0.10023211613159975 0.0553429053832641 0.038218336762842274 0.013522459867954556 0.06884938312530778 0.08044938549312104 0.041528401872533455
22 0.028022474126669944 0.060188677793385215 0.03446141853872843 0.018338775984090935 0.06889834828770983 0.048569057917915055 0.012354871210123802 0.05904625036081585 0.06760775226591015 0.009463923810289807 0.06451792249815815 0.04482551605879747 0.06616553826851722 0.06573760952133728 0.0792742842453716 0.07818252255425807 0.030939432047510592 0.03843690527891508 0.05568861059995648 0.06928010863153918
23 0.026377393788301874 0.015231136822639976 0.06783483180059044 0.021813127602797848 0.03691503853907674 0.01248480170758316 0.0749675231021477 0.05355828083477539 0.06115946917976317 0.0032123222907333815 0.09304949988520281 0.060802405938072936 0.013896753151478978 0.07168032565426112 0.10015717690367561 0.03484264413698748 0.02619689488228205 0.0875216181743884 0.09323620390432436 0.04506255170091648
24 0.08261417409017843 0.07558515936963245 0.08691484450417526 0.06862250436433259 0.09876189055326323 0.03952087540514847 0.018922583258229323 0.031369154921626986 0.06876158741825529 0.07644036756313057 0.011915210313710737 0.038607796404590784 0.006060900895715598 0.043178739767858486 0.009457184830898484 0.07098310531298471 0.07007364991104265 0.04168904225339748 0.02268283454482117 0.03783839431700746
25 0.043600611077787184 0.04002572485114124 0.035158897638981494 0.059024112695954443 0.06693004108928019 0.035448660680703604 0.04761112000698147 0.06464275940411726 0.07870308048031541 0.002375314719253145 0.05914770253676476 0.0635852844384712 0.04573399275732788 0.0008313537066204152 0.04964975716359809 0.065990496703207 0.05185689988539267 0.04314734419501951 0.07654269842683456 0.06999414754224863
26 0.06732632953119068 0.0682197944307366 0.06412386403482902 0.10513692328090098 0.0757110023144839 0.053019410328471836 0.014132124453297592 0.0037565193799290056 0.07055222932725878 0.022201059144375097 0.06273639704617216 0.03343523575163233 0.007436640008614453 0.10796630006736894 0.07598824449881506 0.0017622712599618005 0.05999136503616238 0.010095881214029063 0.046345816034820214 0.0500625928569501
27 0.09965235887222455 0.0874299186548639 0.014146518102611286 0.07381230667547856 0.006491940767341272 0.0032645006527700234 0.0837994702968354 0.08780004834302453 0.0067764978183392655 0.03815367147439053 0.0474011371265852 0.05281749443580162 0.039984444367289575 0.025748123172472485 0.08994742308033582 0.026190295584240363 0.06224644251087053 0.064489639909632 0.005451458287426587 0.0843963098674665
28 0.06880540143355274 0.04271061572688886 0.05040374825529685 0.012333977771042566 0.0854353669371416 0.06513590048221346 0.03392449485144498 0.08487840005997026 0.026867866755774746 0.051261790087977696 0.001582848486108699 0.08357918875145831 0.030045280065023824 0.08340590328993706 0.016260936073487366 0.08699279556900037 0.05892048575251475 0.022871102410779644 0.012216619917801602 0.08236727732258443
29 0.07604656510564929 0.05823207769560959 0.025424549074578185 0.03666928777117551 0.039060133451500535 0.060437536054347 0.00600897204687883 0.020415089981687933 0.03695091438794956 0.02941241585028143 0.07918861507618838 0.07756990662979213 0.07945209966186167 0.050898341179427146 0.05954202183700415 0.07883868729294571 0.011918585405556854 0.08358243420113355 0.026742444918348426 0.06360932237808417
30 0.012525398730129615 0.021283532897075103 0.044537258793788476 0.0882654536980467 0.009770135401579663 0.051797048933228534 0.056459177516413356 0.08954607623121634 0.07116781340014884 0.08792411042368853 0.004595855347549054 0.02253806059234305 0.08883339631199164 0.0895470112825406 0.0701742646886933 0.06920142487153942 0.0278009783734261 0.009777416032368048 0.0442567559647882 0.03999883050944539
31 0.02112305952462444 0.07596639506541664 0.07340167294455943 0.04745362561442361 0.01925179870140405 0.05947471189237704 0.034850350687524595 0.035401970030144 0.08681305577256232 0.08576076161604879 0.05806869311746569 0.004796345176024169 0.004968781941204859 0.0719069983798652 0.024746245490896327 0.048278619923659755 0.07486937487124369 0.028770884490204072 0.07662946166637223 0.067467193093979
32 0.03854800323352 0.060713306415615856 0.024690337607745593 0.03997006946532111 0.05839057502180373 0.011126038322103167 0.06267320631066439 0.03902130924890514 0.0831485914637323 0.060330576877087594 0.06222281903628021 0.0314776824213393 0.034328015216960155 0.08743609640533334 0.06709364356341016 0.017765832763813227 0.013376181026317305 0.06674340906050642 0.052927302177022316 0.08801700436251872
33 0.09209505207421126 0.021748097501739033 0.021285579390318936 0.04539876355458811 0.008814023466695735 0.1059997781308025 0.009138269942057504 0.002574219886425347 0.040744404294295336 0.053058068740584295 0.0842576034233934 0.03814493223215663 0.09888537849926436 0.001976592563468637 0.09993935532484187 0.07316328553002341 0.04632033253210619 0.0394671915561152 0.10406044620262221 0.012928625154289932
34 0.08246032780937729 0.10186706621629442 0.04393910221962692 0.07667764157213863 0.07126888410367337 0.038391688192603 0.003275496115681977 0.042756399889206854 0.08683881229014324 0.0013468491130241601 0.04077089344277583 0.009143924327522852 0.09775640308540433 0.013732821455398945 0.0334121985754193 0.04342223785841593 0.03868715632515045 0.09039442447691916 0.05006341166930176 0.03379426126192151
35 0.02942102811747896 0.03491389938370896 0.09083926791660223 0.06480190296960832 0.002545309414821474 0.08821460119904072 0.04653920182210382 0.09104342058676759 0.023829919067464404 0.016292286865292466 0.05550585828869803 0.08993912717676801 0.010371795905957961 0.04624723925607815 0.07886503294766335 0.033847889462010464 0.08385275324067927 0.08070054195063589 0.003913167099451944 0.02831575732916801
36 0.039827591702627986 0.009812356391861827 0.05943136086294867 0.022787481145304822 0.040638153766015116 0.0799789396591648 0.01078228563471654 0.048027153321989466 0.07697223044549893 0.04950496643309331 0.09496422673353469 0.0665894513633636 0.028383214458910306 0.028787113359547006 0.0757795411330712 0.004885336811582434 0.06695771951081235 0.06718602374432656 0.045573600747787296 0.08313125277384285
37 0.06728709022937424 0.04413386143910412 0.00031609452163692696 0.0021555789703839837 0.06574642781356868 0.07120227044309933 0.026323435682182417 0.05857971230920813 0.07312222718879759 0.07738809115762199 0.014062578710717377 0.012513422025843358 0.09817159701669663 0.022540384511377288 0.08670869945097572 0.0939091639247302 0.02524069710478571 0.04381552739812119 0.09713661534908274 0.019646524752692508
38 0.007892114832813279 0.07435058297217348 0.04321642129805066 0.009862003071179378 0.06045334236781765 0.08395723881331842 0.07870925495663847 0.06174542815519956 0.07016455262912846 0.030937372898901534 0.07815849409898061 0.08523707616835992 0.038794572339289235 0.06939987507204634 0.07761474251583056 0.07423549028583064 0.0004969609299582903 0.011958132244069719 0.03774610057872617 0.005070243771687539
39 0.10391338313826029 0.011274644556474124 0.028996761059310174 0.08570726225118944 0.005650311898576713 0.047263047513904255 0.02576136565534634 0.11986213623576362 0.08119425649196373 0.02498627468504994 0.046868277367886374 0.004769989023267022 0.03117127636526997 0.0008581127981602789 0.025884061294980804 0.1244413029336567 0.08576468246492797 0.04158085500767751 0.058007216864108126 0.046044782394226616
40 0.003152151597219429 0.05280215344075643 0.0845602800806643 0.08909792528565239 0.025747270659187454 0.06917131666049038 0.08191213928616214 0.0008230932889629659 0.0865921520509349 0.08090587124351345 0.08996454399072734 0.010020712331572035 0.07277657907918718 0.06193842752106154 0.037312271575793476 0.03619270546584902 0.05220516056363012 0.005456790686131948 0.002630917803437208 0.05673753738906653
41 0.09126851447315401 0.039573940504437126 0.08274451253119493 0.03954014700185101 0.07154938054736731 0.042898701319044184 0.01950538491424254 0.03936909813641196 0.042003190577140186 0.048288559558099235 0.002388589529482462 0.039780518936475585 0.01511398481426633 0.07881844811378526 0.07850853464878578 0.07683833914767157 0.05711275936423031 0.041607641786043786 0.01832516057415495 0.07476459352216137
42 0.015924351851054428 0.002364063451754124 0.07650835026290229 0.05181608152887297 0.0003124679957251473 0.012963820363374743 0.0219487932566183 0.05881566062217392 0.07281453896621724 0.006962610209492756 0.08021728603504512 0.08111023534522063 0.05361391790462318 0.01634596056757603 0.021611850619946103 0.07941802517528654 0.09208840714166085 0.09273606210195456 0.07103831638644383 0.09138920021405741
43 0.10934250568949255 0.0300879399699958 0.0377377322101938 0.08986975696726349 0.03589517460642826 0.014048812835751757 0.0765695094540113 0.03828246907621243 0.11825827700049805 0.10258750902250574 0.005716727567267378 0.030664247653666814 0.01762439502641372 0.01483929252244854 0.1080120184942303 0.0038443388949825235 0.0368089235903688 0.024583176274250648 0.03930334267642571 0.0659238504675925
44 0.016016713008910492 0.002959523625133849 0.06843771096135333 0.07418283230009642 0.029535571887529293 0.04267679103785768 0.07926586293573178 0.03208579244769566 0.06645740401575204 0.08163858930935429 0.04624993254957935 0.042230194968524315 0.07861997654052158 0.008732593265334515 0.086923050564256 0.019100153616800793 0.05723468611324999 0.08444098407584988 0.005938123955774841 0.07727351282069388
45 0.0581024590242348 1.019826702672408e-05 0.0591159617653382 0.017175134699391338 0.09380809403395324 0.019440099311320833 0.030879227422130513 0.0861781374195697 0.0031138044876323706 0.09977093067025267 0.055629101191579544 0.09175912277363334 0.08444548792926401 0.027685770919642753 0.08458038391458102 0.020503523499241477 0.011499650453581393 0.04445522952623158 0.024968344545577753 0.08687933814581698
46 0.07086855747630673 0.0390034813437489 0.004041151723820866 0.0003912584672753669 0.04868025441914144 0.06582638562459904 0.04002847972639932 0.05346049457166718 0.07299114668861077 0.08345357186402315 0.036836481637781644 0.04875702431523581 0.0757220144552874 0.07745526413018283 0.054440453689598906 0.03688850656700472 0.07076936443831043 0.039591326908370916 0.009032726283776956 0.0717620556688575
47 0.02584611043116702 0.11550400218928067 0.0026776432707902873 0.006494246820160956 0.10871471975774447 0.005321606328198113 0.040845878217269364 0.124222118725592 0.004813720714474419 0.07015872602634676 0.06328037751069661 0.0045220201420370565 0.021594571075236896 0.12144982848222274 0.03911832827575821 0.056787984991962574 0.017146906361432974 0.004950264839916908 0.10618374757509635 0.0603671982646154
48 0.05391410443102881 0.05133343707159925 0.055829486991650246 0.06741719871684408 0.042965953582601926 0.04254798651527686 0.03800387655759959 0.0718909550212706 0.05255957006822534 0.03713680900207775 0.03432749403880907 0.0205866423672787 0.05495727349155397 0.05500812053257085 0.03303439513967036 0.0721562718808424 0.035249251866467816 0.09557336968641414 0.06578497826021702 0.019722824778001136
49 0.08174151942807491 0.05754966662509918 0.02830408402048728 0.06969174135596111 0.018984742914670245 0.02685329031174605 0.08196808786457431 0.099310185059341 0.04703148954543035 0.016603921872656094 0.03347557210564025 0.06028987753560681 0.0835121413432351 0.05779905693097876 0.00424830993246854 0.0328413530082446 0.04318967551747933 0.07172472628090983 0.004845617545640792 0.08003494080175552
50 0.048598186970268374 0.11003448834366801 0.001777604265719428 0.03293739162136286 0.032228405892149974 0.05724887235704516 0.08772535583030178 0.031452468702724855 0.07534257233697748 0.06297354942770998 0.03628426120621068 0.02402635388256415 0.07027075924441198 0.045517199448259674 0.09992231884720731 0.05653242858155897 0.0065505788363104216 0.05450661487870476 0.04750868962464366 0.01856189970220046
51 0.030221228008045317 0.06205999299586549 0.02175998847167302 0.07233837825871339 0.07762899168718378 0.041350797807328844 0.05659871103172918 0.07452695517240061 0.04896390134324585 0.05606503663887334 0.006643653643163985 0.06901449487014777 0.04352503428176807 0.03892240428176651 0.04159000559184997 0.048329801745777896 0.06288752604202182 0.02949720229651862 0.04968870015253792 0.06838719567938875
52 0.04919642248073627 0.0735162223686824 0.04169456577644106 0.07129785962271741 0.04064618709700708 0.06535646371288185 0.04747162255650727 0.059170920757620725 0.035713209599155984 0.015784073159447156 0.06827098060135396 0.001707800709331966 0.06428830721579135 0.0026642877763144008 0.05066580915965676 0.040427619992956555 0.07350810010419596 0.06740505128879357 0.06466728858878666 0.0665472074316214
53 0.031046968730430658 0.01965612062278546 0.018363476691944332 0.0057298072291243046 0.06690055704688432 0.08729778791255334 0.013399936155981637 0.03899795673409103 0.06289428692263414 0.032036859753908235 0.0766666012832863 0.03481655467355374 0.02784368884003907 0.08021014598405313 0.039746955404372744 0.042390343557850985 0.09069911380739502 0.06394938989045275 0.09577401997875148 0.07157942877990722
54 0.040738318362202895 0.055014821511255106 0.07933154417378219 0.043643239863647335 0.037217334652066066 0.08293697300284365 0.032952304321919056 0.038199330222650506 0.02372635703632939 0.08761775171564058 0.013376321140062557 0.027815945687698518 0.0427666795511438 0.05962047654685043 0.04294105005471858 0.061899144737272274 0.03583035187253262 0.055884708171334584 0.06403829577212002 0.07444905160392995
55 0.05599334083442352 0.047908963466437006 0.00426060028247007 0.06131946977545009 0.03022392472995791 0.02386991069834133 0.05640123220313801 0.05046488501740191 0.08128100487319809 0.09556859845913229 0.035263062273340855 0.06269083582274859 0.08635316505375253 0.05290008518507343 0.02891210021755743 0.0698084704445175 0.03834128996618378 0.036484880054396256 0.04363193129415452 0.038322249348325114
56 0.10000383467939128 0.0028289944308828676 0.06084641732925841 0.022758281164790242 0.03779785547821687 0.05214695449962186 0.04854048839149635 0.042486643457057445 0.06284235545406014 0.007214917479161966 0.041621351270648324 0.09456103561020256 0.04825197733324864 0.09029180024130004 0.049904469394851644 0.007932949257487621 0.02097532022733913 0.053074164076081724 0.054387047190027835 0.10153314303487516
57 0.07642125755937178 0.03283117950908873 0.010890394628319621 0.07716780364509203 0.006566702601637927 0.041033451929475426 0.006557461308013086 0.08758385614955388 0.09231895658023867 0.032204896531662926 0.07216071616090547 0.036531283412507456 0.044663767030903474 0.06763797234516304 0.010825612799442373 0.09172534554848025 0.0453394967778415 0.0022133171836397998 0.061837466949521615 0.10348906134914108
58 0.0357599930789925 0.010827579153703276 0.06766688103521774 0.055697969731210065 0.050205358981149216 0.04757586081393999 0.005109217131965847 0.07166629907273407 0.03561918011631369 0.06139674229883602 0.018327331069495575 0.06719174957287931 0.06256040954057548 0.051572454390954335 0.07480291302429387 0.04830992046199088 0.07530805439938235 0.07167160806046899 0.06607454816759362 0.02265592989830312
59 0.036122267314523525 0.07519464764672311 0.05746035561123815 0.01659812108601635 0.0661111579425287 0.03605532900527152 0.06396301714691902 0.06280269319307356 0.01745020478239475 0.05635221477746735 0.08014530672600294 0.02173411932639181 0.05301458891126062 0.038319045629133484 0.08331481623177045 0.0673056517507098 0.06350578195117296 0.014009605725593547 0.06803974469527584 0.02250133054653255
60 0.06172227783660283 0.06613592119714631 0.05413773554419137 0.0035241732153286427 0.059488453112512794 0.07286056067724181 0.06906197451500576 0.032204499099128134 0.03157812358264376 0.0010979041116377332 0.04201073562504509 0.07739407465868332 0.07508767725823985 0.058955076157718285 0.04552971170482966 0.03713203470369006 0.06980946495580419 0.05176795722912042 0.0653635449444364 0.025138099870993646
61 0.08360199466039485 0.04892524098804927 0.04114322511659214 0.03653547598690248 0.022417901363573287 0.07963869977412699 0.05638392721964049 0.023671942897390174 0.0042787470935791785 0.06699395208557972 0.02910608168783094 0.0338711647964802 0.05580882272312032 0.0495466890873029 0.07175034111909193 0.0242757289596486 0.06006442075415276 0.08454297582988937 0.06832210812484196 0.05912055973181235
62 0.04829635550647867 0.028339144047226348 0.06782763605043732 0.04313878681143588 0.0849317427547219 0.07398897183694901 0.04093014231307286 0.03567060188416432 0.0352644659956608 0.0298895898885506 0.05151052484515545 0.003351101830413194 0.05005765974420978 0.07511278931865123 0.06351031445169539 0.050806357163272274 0.0029271146088447686 0.08229635898278498 0.0806917796909106 0.051458562275364474
63 0.015583389511487637 0.09671225247065575 0.03585654538653255 0.0025301298650188576 0.0001975506365765644 0.06256934749811464 0.002902551687218991 0.01812719951339033 0.07443582949164844 0.0867665611424172 0.03611299771110058 0.07603090282147867 0.05697443305413492 0.09531987713923792 0.08983759820255997 0.026257318986658996 0.03132696148182982 0.02692882122380992 0.07101349621251785 0.09451623596361042
64 0.08459058420770448 0.012715183773834867 0.0852144471836751 0.04621759075808462 0.07438007444626778 0.049289384958259685 5.17164144314587e-06 0.06354895057536068 0.0013143218828675803 0.0371492787967014 0.04616981568545892 0.07138967114190313 0.010014810583792139 0.024371405118411522 0.07250413792321593 0.0527719715302618 0.06415568177895246 0.04586064252784074 0.07322469416966654 0.08511218131629736
65 0.07472586566924493 0.08057529282086605 0.013839468406420573 0.05564852377824807 0.09533859309318582 0.014431269496956363 0.009784939222022802 0.013938014912943015 0.10292180216810339 0.02171776478453516 0.0873214778396285 0.07205936147701097 0.060530448563004643 0.05236536158633284 0.09947402822063299 0.04984418542374107 0.0181291113755932 0.010346441227271139 0.008406919595870456 0.05860113033838822
66 0.09171189099535042 0.08833416583258515 0.04114051764124553 0.02497999747149564 0.005533455852421223 0.05288436037218256 0.031169701386771557 0.022499393776077216 0.11239112221246256 0.019802491662875173 0.08524624681468701 0.05163862226263647 0.06097930356896938 0.01690044836647115 0.04880104692304812 0.021051816147865113 0.08340152715238514 0.11609536804294288 0.0033724567752251426 0.02206606674230273
67 0.07079686168959656 0.003240162676513423 0.09151641922347585 0.04497576151111347 0.07833737841568754 0.08439541077500808 0.03071654075741315 0.03503401603313526 0.008722713375567287 0.05274259452132944 0.056318005487159 0.07139342832295403 0.056696901038601547 0.08756189902574946 0.006316631008578128 0.0040032084270665265 0.046371262082965686 0.04549325895545896 0.07785033954702276 0.04751720712560381
68 0.031525750481810506 0.06965775391593879 0.05835743212088413 0.06101109039608089 0.08592973606184817 0.017500321184855665 0.012620177076256137 0.06409123942558614 0.0948648777856729 0.0029792063471945473 0.08830057617389686 0.05482090475858598 0.036161894473183256 0.04923867916402392 0.012443411910930893 0.06914318267354021 0.051716696676628385 0.060054958657640455 0.06363416547858831 0.015947945236853688
69 0.039019829612774004 0.007467990134196519 0.001747081462374337 0.0819461646669472 0.05603875732071452 0.07409221242862131 0.04088479887101956 0.07286607602848828 0.07306284173335367 0.046068598244740924 0.06014561768649556 0.03336377765175827 0.05516342185023678 0.039575511235795974 0.06566280254137052 0.07102623077716992 0.04268655243827467 0.06295263926672909 0.07010464107564486 0.006124454973294084
70 0.020036687290626763 0.08913952210246077 0.06905956073114515 0.050851356559844046 0.09507613276201933 0.054119163371169655 0.0623674626039414 0.003997715199469636 0.06791102217777858 0.026326024222929557 0.010931378864564406 0.0510799078402538 0.09360252699090865 0.0394119941470209 0.04911190148177784 0.07862356782671456 0.034570798747748425 0.021420073840799313 0.07832400654168814 0.004039196697138834
71 0.08048181052214869 0.004477630970671463 0.051458829854513034 0.08129289129430636 0.07987762792363384 0.023465405153487814 0.03267509476800826 0.06879776875340239 0.0851923918930961 0.021791543731849314 0.05186610015457925 0.022106817042540517 0.04601259015108921 0.06399404335391894 0.044285502410057985 0.013905586143846344 0.0674486302189256 0.08383184625011991 0.04411438016791531 0.03292350924188971
72 0.09281277667888167 0.08623786788330619 0.045462718081511054 0.007218399746735149 0.020017709949027504 0.04860272483476589 0.10055282358321957 0.0363613156371121 0.0855380280725313 0.006826360612627229 0.004000851359342524 0.07296937900231242 0.08440802143520441 0.08151738245077345 0.0133144821339116 0.06264812452322523 0.010944486235947971 0.042824173737114946 0.09293919340070508 0.004803180641744741
73 0.05675605344265873 0.06377608839115863 0.020403743698917596 0.044839925398097655 0.03001972253323373 0.07986512505136173 0.025679721868291948 0.052224344532679795 0.0839891152891425 0.08169969282073856 0.05142600959293908 0.018782363399400172 0.08379819989296203 0.03229170338556555 0.07189755373575375 0.07484983340828956 0.028816338521162083 0.018845051815385195 0.04693607388996253 0.03310333933229928
74 0.0824539406001241 0.09515627138915428 0.09002773858344836 0.027319110093307893 0.0037962783391340816 0.05618437064993685 0.0004908551528456724 0.07062632705950127 0.011038352408997072 0.06040683658905 0.050487938062835795 0.04195344641124387 0.029049808464652178 0.013875073264681731 0.012942213034956029 0.041476608804102255 0.04622892015563787 0.10313881364551444 0.06975527535826197 0.09359182193261445
75 0.041680270229762006 0.029860309277216827 0.056124243366407575 0.02144466344885846 0.006303972696549901 0.06258229980317191 0.022424115466286122 0.1041989686955 0.00656317092145531 0.10786262994732579 0.052756714518179405 0.05676630771045641 0.06769145189513803 0.0824319462607939 0.06210981817648951 0.0022515028414699136 0.00920059824161377 0.09963007436277187 0.07093075544855051 0.037186186692002826
76 0.06751608834610223 0.08919356828322089 0.012727230130121652 0.03586906414699578 0.026799586347334026 0.09935798414011865 0.00122516419898066 0.014910899996409663 0.0576027658078383 0.0697230044575295 0.02854789504246038 0.05103164362889152 0.06469386003236724 0.003854428486137395 0.07479490675842722 0.03610750248397727 0.05894356743561149 0.09129751050319357 0.07928797137124403 0.0365153584030385
77 0.04686383162301227 0.03131614006815092 0.01608275835565239 0.007073962304942465 0.028738485324230085 0.0025556866676822833 0.04973005416166198 0.06158430308985143 0.09224987116537606 0.08197081425899405 0.09006394132510506 0.09265349688676834 0.06670646531086756 0.09463938744782349 0.021690880888802652 0.021165628609210622 0.05758247569493141 0.07180325758114689 0.03834936485773252 0.02717919437805743
78 0.03360473398208992 0.07211112336786732 0.000999512826294046 0.0005616767156760526 0.02345731746528229 0.012093571410276515 0.07693132858582609 0.08170881315157433 0.08376233991936026 0.08381084081455775 0.02644968315362277 0.049706369281497784 0.08840033796408711 0.0011842546198678374 0.0632083933233907 0.07250288143197861 0.011732897103778542 0.06278914287641599 0.08317072586669391 0.07181405613986222
79 0.07691706813578932 0.07101930810906695 0.08893492409905257 0.056862765014564304 0.05675291337921126 0.029443947633150065 0.02482231012741149 0.01193290945384188 0.038538478350568305 0.047331686902361676 0.051882400613572535 0.01344907439587275 0.034211011138339804 0.09480218926459315 0.06413766224045117 0.059565137777722155 0.06947984438395823 0.03125019383190083 0.0772839375601765 0.0013822375883951311
80 0.006211170559289433 0.025557742837411065 0.021296070590864805 0.09351537682117418 0.12178011476293699 0.11517737686905527 0.008672177526370839 0.012740581371145436 0.0037492423711480427 0.004444913862685307 0.06964866573868359 0.07778974757877904 0.11821001430151128 0.022610702226748297 0.06488219779717597 0.13330188834555204 0.029691840104336526 0.007801487594361062 0.05100452619905144 0.011914162541719474
81 0.003140671175918729 0.0623983092675398 0.09460150250466305 0.002441650811626166 0.0058818715823106315 0.06894736303042928 0.057007559273633074 0.05456684879397017 0.07454888634782178 0.006831292963932346 0.007215090811791173 0.06915537450899951 0.04616914715797118 0.05006725424239077 0.05575577815755816 0.09448172242261355 0.08880185625659254 0.031361193566849174 0.05226957974048457 0.07435704738290436
82 0.08988909948203042 0.08714099901348384 0.061754941266864864 0.06096750327225007 0.08652669294172306 0.030750966330237984 0.021932620280778914 0.006719511344230454 0.07062144584432463 0.006056319474293959 0.07164002933109871 0.03465741322358819 0.03460653679589973 0.0007355785207879094 0.07868176014229804 0.048150182514277474 0.012310907881122077 0.07805541323120097 0.03142409842829125 0.0873779806812174
83 0.06766800505488833 0.03985291945563927 0.01011169722069726 0.0461783216224145 0.09088349729859202 0.016508975865216775 0.03455360394586218 0.09579780937100722 0.03574200987847083 0.06222434876925082 0.018656767234264023 0.05518310968031888 0.01441807932228851 0.034710556625281185 0.1099396251398126 0.07826747021476252 0.05964951913076883 0.046322413602648715 0.060731552012792206 0.022599718555023292
84 0.04575683413828334 0.0608556615979936 0.07855849486088286 0.06035299547649466 0.06887518010683222 0.0633954640265888 0.03649156883480817 0.08330275764215084 0.06578164217054695 0.07620820306786437 0.015703106709886686 0.021806879658869453 0.03606037480001475 0.08142303941856432 0.053407125530283636 0.01981642643355186 0.014365572587197752 0.03866897926429614 0.024754000576178915 0.054415693098710846
85 0.01776215464438561 0.014478588907590077 0.09555676740256104 0.02210376081791865 0.08351632036582068 0.024058738691592477 0.07972621148196209 0.043639554502904146 0.03948679969579484 0.06041271605415846 0.08322076725059327 0.030681193900167814 0.08108061481203985 0.04541886427480608 0.06923774882204897 0.001586315349171558 0.0587605340746309 0.06390805014250092 0.053726110959473966 0.0316381878498785
86 0.09695628200892091 0.041186832417414505 0.06785446852090557 0.015280115933604706 0.00507319307322366 0.049921291165286076 0.03830545227701266 0.0924413344542253 0.009806643756994698 0.0295306836004752 0.07530266472788429 0.01284357982247701 0.09263051522068867 0.013994386431350689 0.03510930269309412 0.04839330925796316 0.09131644574108912 0.09784607671695966 0.05723661187909696 0.028970810301333038
87 0.07532826669182034 0.046230351042746 0.09518768418292313 0.019868658812643082 0.00958720538537851 0.014150528892585782 0.08415029380077868 0.055982445742000585 0.033079330831449594 0.09079021306417091 0.0014389532083387692 0.051990357349789997 0.08396671161735444 0.06763102210292166 0.06574703376920793 0.07304516323526881 0.033978827199102404 0.05786080874246541 0.031438197088123614 0.008547947240930436
88 0.043178313402651096 0.03192090864288678 0.03193223423562015 0.05868742356620082 0.044079332577856734 0.019637087181915324 0.08091122487493947 0.06027874020996208 0.06098814271504704 0.05688002488997903 0.04836985123274958 0.0819709156632144 0.06650189982593584 0.016537251360829088 0.07212640736368363 0.0598435782635967 0.010938552198055312 0.06229903737816101 0.07509645761685771 0.017822616799858033
89 0.008752186559787234 0.01860045392929507 0.03427914541744575 0.08760617272655123 0.020557469247533516 0.05262194665074636 0.0036445763254714654 0.08406435237078445 0.06404078577464423 0.08944377852824931 0.018012039576397545 0.03459484538883506 0.08606453362628781 0.07372527080497898 0.051486614954526014 0.036670003372639565 0.088937216675643 0.023770072959439892 0.08452552383573181 0.0386030112750118
90 0.010189985726325717 0.02178918567629652 0.025331007622188838 0.12182903199741207 0.007060959477313819 0.044103533242162644 0.07303313380938047 0.10452909679619043 0.01861762954514579 0.0595334847085127 0.07549715898731366 0.007169954423650479 0.017368069695377478 0.08072968619514452 0.026642084189794902 0.013370618100869444 0.09866900567615673 0.0999494445698811 0.04312372566818831 0.05146320389269445
91 0.004012916022263741 0.022376977270292912 0.09504892659640801 0.0004600352365869922 0.019518969022637462 0.005960829922485732 0.0208322554555915 0.10195581245212176 0.10239099480903496 0.09959776686943078 0.06605504488584867 0.05175721446038634 0.09751160686858958 0.05289664176575774 0.02124173578001643 0.08160670774789669 0.03798219990650639 0.009515430992712116 0.06827285232754725 0.041005081607884956
92 0.0236828733326442 0.06799852535516124 0.05183716128793642 0.0020882579412147113 0.05916624316470666 0.058496290971390294 0.08435429818919853 0.04386581590815138 0.03202158110201527 0.057981614369521386 0.05306762700805585 0.007439006192416759 0.07589774422828369 0.06103489909372735 0.09788120021535449 0.00642134210785856 0.008990593580642628 0.09469815565207765 0.09926412597230347 0.01381264432733947
93 0.07754294105676544 0.047506627034342205 0.07483365821873669 0.02559061939517272 0.009615502122113245 0.09736017510930306 0.01921333004983576 0.04273596305846333 0.04034391078032197 0.061041426193659404 0.0034630095393169895 0.049775007309867676 0.1010863274052229 0.04642088705827658 0.03506710605935684 0.05374067314035793 0.09722852820337002 0.0015584232834092385 0.0520179581419046 0.06385792684020351
94 0.048306671466705926 0.08164206787340177 0.08807639982945806 0.014871281284687987 0.06909232774799898 0.05007892453816106 0.08403424531526833 0.013024644927785878 0.05450692000413899 0.03220277134451797 0.005629208315762051 0.052420798728633825 0.05605108499296021 0.04738064414548233 0.04027482723758722 0.0759078819993943 0.01804115930082798 0.02880690210717461 0.0902176063118985 0.049433632528154275
95 0.04498827783431032 0.0891743179046876 0.09929361959168027 0.08517143426056384 0.02815013212038614 0.03840016454684073 0.07295437330730772 0.06425843769440893 0.07993013303955848 0.01239325324661909 0.029908393128518666 0.09207875720908605 0.003951926649679748 0.013808352548504236 0.07584131165253527 0.04188031910765112 0.06501465113557996 0.0477811353801247 0.0026294863830630013 0.012391523258893854
96 0.015769519980735766 0.04227011741420239 0.011613910372277004 0.08447318230182901 0.04787456102524444 0.0867908428903648 0.07733433926829432 0.06706655334364277 0.038060925602538515 0.014128818573264706 0.10304150364392332 0.02704718464287459 0.00037964677077532944 0.0396116657442138 0.08114163108288615 0.07981347929524826 0.00392398552897646 0.08600284553444608 0.06172757265669772 0.03192771432756475
