0 0.09478627208967609 0.014265739458597335 0.07606847269922803 0.1010723842842881 0.03356634734332682 0.017570305984781882 0.00023990678685573193 0.07124966591600403 0.02838826639058299 0.022202962945393038 0.02546943476265761 0.09561450266589289 0.09295047926758315 0.026156013425560867 0.0022925504285239476 0.046164900172114574 0.00700288060241898 0.05511369670533349 0.0912855746994536 0.09853964337172698
1 0.011484486715818608 0.06781267834306332 0.05942612224137971 0.058845719608022456 0.09225453692966509 0.0897130589631131 0.07990351200975866 0.020599190757931672 0.07555804677576225 0.0606083640208107 0.007022217387906017 0.007777181693036462 0.07969580820846096 0.021601360549512255 0.05383580065883481 0.03339628266275205 0.03423087764312054 0.07513349262454222 0.0011775033604680644 0.06992375884604086
2 0.07696327981480428 0.048429388498059035 0.04214010939528606 0.07787182335960262 0.024244277200395112 0.06726269275335367 0.010865791507965149 0.06352054299080019 0.036078213820491555 0.046854767245217074 0.032274890774274236 0.015198812550573667 0.015347219558325426 0.023091045473914593 0.08453225289991752 0.07300204161679137 0.08368567567720489 0.07316546071486703 0.05216306117365196 0.05330865297450475
3 0.03462175681622535 0.03418330485884572 0.016007172289193173 0.030059697890041717 0.07399727263101118 0.04560177109624406 0.0635192130928751 0.06732555808754777 0.021735976398246024 0.04011366243746612 0.07520032543266254 0.08915799080543706 0.049330714966976844 0.03216246158805734 0.010842900086091775 0.09822434732198272 0.10298357947464241 0.07776737439649742 0.005285289289435209 0.03187963104052057
4 0.03947794764417566 0.09159182150778077 0.09967210931171924 0.013946344430538622 0.090843870156079 0.0421631514988439 0.014320345530849658 0.06863325095257565 0.02688638058018908 0.05753520094004721 0.05427360853511785 0.04832580526344188 0.045689537242712894 0.051280069089308294 0.007196881450407147 0.022916901621585863 0.009438442586386063 0.06934256933680069 0.05512171503466896 0.09134404728677147
5 0.050396528165851245 0.07023070827686587 0.04409448082981984 0.027878729589316645 0.02870683286630675 0.07792985209014473 0.06196871282247217 0.06655939862138595 0.0427097063468717 0.06486440819113744 0.07360539634461738 0.013847191436167163 0.0016378065335162378 0.03369740717153714 0.07405519141484306 0.06033505632962493 0.08125724955626695 0.0014992840848994428 0.06560372296335887 0.05912233636499661
6 0.020366015646095883 0.017217016630234592 0.09261148967901348 0.047194864033543366 0.07390735156156146 0.08167675215839391 0.07960555424283723 0.012001885780066066 0.015462816278690993 0.039482761631841105 0.09121570277222664 0.04610128309190965 0.032094684817664844 0.06871699387057714 0.013792179693214862 0.03209223461558295 0.08342230100035151 0.019950464327164335 0.05768370726835805 0.07540394090067187
7 0.05248245650489374 0.06350370999509766 0.06200815981040718 0.05792488184015351 0.026553103274328662 0.03497321049884307 0.06346303161102897 0.06558098576031168 0.014880943835439754 0.05079162121236019 0.09977599269131886 0.06585661746371282 0.002251679236780879 0.015330935595957646 0.0687747560258722 0.0441386644202625 0.04793293476107279 0.050838939817864914 0.02674602263570084 0.0861913530085921
8 0.04233712032335127 0.08569745091098387 0.024712388529862267 0.02133493332236999 0.008726668223244319 0.06195952966777476 0.040049159520688236 0.0009412119896410293 0.09435518933773852 0.09588622546741185 0.06330943035686241 0.0842030570954824 0.011210876277519467 0.04024327148222156 0.021897452596331128 0.0806360846067393 0.033797834783832116 0.025713054258609494 0.057804336658453775 0.10518472459088204
9 0.03684170205746363 0.040335575173404775 0.07607053864932581 0.080993866999915 0.013778154386209706 0.023772321317848094 0.06003582971174606 0.016164064512849522 0.0668660264869987 0.07232397433733681 0.04946071529658317 0.07613221678266338 0.017390180562535745 0.02000550658472411 0.027207595554447718 0.07357521791653036 0.08237848779963088 0.06313164283475303 0.0272873304532127 0.07624905258182084
10 0.06795056092643119 0.08259280664138677 0.0739936027000715 0.08885958659645178 5.348852990041816e-06 0.06584153833578914 0.05955106719985007 0.08839190807594033 0.025742707670736633 0.017159681940341166 0.049162985495307635 0.014514836007891779 0.06638807143056354 0.08415603589166806 0.019404998227694346 0.061669608362428754 0.017934089636816412 0.008711722568253148 0.06055140016115649 0.047417443278231386
11 0.09040022474573788 0.030752215250613554 0.03994168453409643 0.07028154025189065 0.04929377818411252 0.09205337606792094 0.08632189710433973 0.0570524514166451 0.04504799022986505 0.0002652949580817132 0.030302087807303816 0.03650221303815539 0.006192963135050653 0.04027896840287219 0.009941954369092983 0.0790064739232256 0.09390668002620141 0.04479938012803509 0.05395823325510306 0.04370059317165617
12 0.11371170739213649 0.08856354935802917 0.01773875875263023 0.006802642976578907 0.0017518123145889354 0.094761854195624 0.04821829677928584 0.02814378539134438 0.09996822609541522 0.0687609055451367 0.1035263969567601 0.06556999608809323 0.02802054310148081 0.07854180590596498 0.022141983018552767 0.015429240219301017 0.05171085214988339 0.03791582749703836 0.0018482782331110047 0.026873538029044578
13 0.013297935739982211 0.019372481031361723 0.02784020321278501 0.05746832722086412 0.01607302612348937 0.05429642244336109 0.04405889897593935 0.022319699466467915 0.03886100344765847 0.0913303653678714 0.07750354011909422 0.08932260956379287 0.027466124308268253 0.08300905268723936 0.07222089395356636 0.08207593123595075 0.03322750628204468 0.08805283193052049 0.02375999432522132 0.03844315256452104
14 0.08554126923943163 0.012935900580783581 0.09022826208337476 0.12352721796670871 0.03467549225478483 0.005823296982619282 0.000509768871038482 0.02099019298716948 0.08344653604223687 0.01791624959067299 0.057353314652221106 0.10536791292469183 0.11057279885590328 0.049215123236768604 0.06452250796046627 0.008660067154325561 0.03305479922161142 0.05983072689229825 0.0028370825899004725 0.0329914799129927
15 0.033678910003515056 0.04208621195355635 0.0625698423935668 0.06440407846776564 0.053914911990608036 0.0269991613560344 0.044903879255899296 0.0699164963449469 0.07792018524004315 0.019654165695133053 0.013829184071939008 0.04650743645796008 0.08610978593192503 0.04876715020125824 0.08741457285357765 0.04012680479514115 0.08116708898282653 0.017120263625955 0.026015748657174858 0.05689412172117367
16 0.0636041770380861 0.062177718262323954 0.07289318187133469 0.08137336551945161 0.01360208446653824 0.04961727777529533 0.05382110279907402 0.007944427789232244 0.007503251217240874 0.08196143801656659 0.04464965594034951 0.06450644688590815 0.011214412334514694 0.06737990653425678 0.04775293802217233 0.0659448439799312 0.06811017941938154 0.016248958800581904 0.05331648882008562 0.06637814450767461
17 0.01762199552183053 0.0029592095530289425 0.08282953594341964 0.03029935341326421 0.0996986953036065 0.053199796195492484 0.030806359105495045 0.042155596805410686 0.004900402550688129 0.024686170282419068 0.07757673629806401 0.09275811578154027 0.05099220901034471 0.06141104778855658 0.06608621835941479 0.08694620584191101 0.05398876045865125 0.09920704049286176 0.018656729442138864 0.00321982185186166
18 0.08130344252035537 0.015798572068337798 0.08339990544104268 0.06302615417863036 0.07209267867519287 0.07903540095849433 0.06420114800072059 0.04032824514963151 0.02143932971219946 0.004421200262037921 0.01811769762550612 0.010775996415675322 0.04096237861909356 0.07702652743147868 0.05733075930601189 0.0835182256128306 0.03186974485961263 0.03421416988424405 0.035872222826729534 0.08526620045217491
19 0.006924422708272498 0.09265753116668983 0.07068927112089032 0.013054889306086365 0.05251603503132868 0.04717768694844579 0.08610994218150918 0.07538166596249206 0.040673335071733034 0.01268925425440235 0.011221636257407434 0.013530837624266415 0.08903988737140765 0.09090875917540031 0.0486251138890285 0.03855987051823636 0.08327841961480498 0.0688977739240436 0.05658413716628346 0.0014795307072712482
20 0.050429640667540285 0.024230797926329966 0.07207068614897846 0.08811445560734077 0.05318371103348014 0.06998457871062924 0.07396702989487264 0.006644459112749566 0.06556537362251758 0.06759834599005829 0.04949063233996746 0.07617886875684396 0.03605877750679435 0.009339989452731155 0.03496706320438731 0.03916126802062039 0.08988291524143388 0.015393149965816855 0.05699176575480181 0.020746491042105873
21 0.014350256963514585 0.03839328606134186 0.0766010831503161 0.04440933066475373 0.07846618566523521 0.019547726182172216 0.06049588934625239 0.0858860200506434 0.042127964522839505 0.052368525081483604 0.05603021617793659 0.01659018998434889 0.011222748864540659 0.04696716497723052 0.058854758711598364 0.08858229681596633 0.07827869849009228 0.06831450410504278 0.0034535928770123977 0.05905956130767862
22 0.006606179221196479 0.06544361280959522 0.04375758667307767 0.05978481453391512 0.07959133329397478 0.06745493456777278 0.004670538063626593 0.07143625216843222 0.02674658246993142 0.06917633703994333 0.05945479974258083 0.004523214684533938 0.08190090601128633 0.08030860584039344 0.06811036726055562 0.08820889215345236 0.043416056726822874 0.002622510697656355 0.06409166626362982 0.012694809777622532
23 0.07313714647647776 0.08048817924139459 0.011132013642151724 0.01839224082813632 0.03950589087239392 0.0005909489285506332 0.03278711913606038 0.04770578258061676 0.028451444467206224 0.014637555245199902 0.08278810918357411 0.08119285534151206 0.05326088964740572 0.05693673169994421 0.04130378233812429 0.031488967838175896 0.08941258347136731 0.0974732725229184 0.09684380297986703 0.022470683558922587
24 0.00962012544298823 0.08818356856144921 0.10246777079212652 0.0075239527518406344 0.07000922036224765 0.005184183340076019 0.039063416587634105 0.002544681330964041 0.10939132528493109 0.059898985250405594 0.047384729821076256 0.08019374085925297 0.043816456067992664 0.04443642878722982 0.04878449387649012 0.10109207200188326 0.06257213352617512 0.05182863819035667 0.018453600113269405 0.007550477051610654
25 0.06454703318404516 0.08433938455067479 0.07074566100129742 0.0888615641482185 0.032375491189954426 0.007872944379389117 0.06019574809055245 0.0053089375075394745 0.052299062776830656 0.10032678574352225 0.08059501934865285 9.838991684165374e-05 0.08023723510047326 0.030136093171239133 0.03565685630955783 0.06834520682143357 0.0966640536168591 0.01899085766743084 0.021139751067476866 0.0012639244080103948
26 0.020210084187287918 0.05526133033869141 0.0011915457234727067 0.07142911032941573 0.08212284083825494 0.033473039021077844 0.005498916196353346 0.07707375298331696 0.02359253425579491 0.050583895671901705 0.07005441941645128 0.08066860871106427 0.08466747939409025 0.08179334077741598 0.08189168547747248 0.01735208745164446 0.021761931975692775 0.046976078395230624 0.0806259238980839 0.01377139495728642
27 0.050536575900025735 0.02792852102235814 0.04181880857686148 0.03352941367421764 0.11018742471781381 0.041489277346774676 0.09541248908922399 0.030077757831066348 0.0060775561802780915 0.07678300052409343 0.047881925179489554 0.09795281091452733 0.04344935843961548 0.009361447871740937 0.041660678164661624 0.0687706860750799 0.016602829001951744 0.022858906442067076 0.039811214092415344 0.09780931895573786
28 0.04757173491339059 0.07958014835929686 0.08450060848431172 0.08207929776705915 0.05071538847541135 0.009169121148282078 0.03329048435458983 0.01030122499459605 0.016456113543416168 0.050925596179913296 0.08864025014602418 0.060732591031637716 0.07865074821391047 0.08301546122997666 0.0416729578459792 0.001082825411012891 0.012866999720143258 0.061517388380110914 0.039499697585259626 0.06773136221567799
29 0.050412491062939185 0.07181719937417441 0.08921621315098728 0.00196102486278908 0.07149950666810993 0.05884460456964272 0.07002773746882338 0.0379379302773341 0.020866614532819974 0.03546165920364659 0.06660091072788088 0.03205077298017593 0.037077293359319974 0.07329345399365611 0.03863687757186623 0.03646646698278442 0.08737577110419724 0.015391647804623643 0.08169285289755096 0.023368971406677822
30 0.00924475012578832 0.08614040506831018 0.049226772748675145 0.03744001368782573 0.07362657912399115 0.033043580806754236 0.033347593508465646 0.08041269358143284 0.021818584990511307 0.06617846776261478 0.04623628937552041 0.048464602871808 0.0672242551631981 0.033878049496702825 0.10706302943561805 0.06995697144774525 0.01292205645980919 0.010546394548870953 0.11133280715680137 0.0018961026395565973
31 0.031104160085661362 0.04902312241470438 0.030650920645887966 0.030593024973432435 0.06093657455101147 0.09178076614986577 0.03524196759045327 0.06918161630101745 0.055695558038247044 0.09854906939585127 0.03653633664608557 0.042939390498726256 0.08686259804436386 0.03892233745399982 0.04861285583280465 0.01874132987229284 0.09562834850904427 0.0466447394607817 0.0031740307673687644 0.02918125276839982
32 0.05762921263024298 0.05649947202786485 0.01776187128633823 0.00908634544853621 0.07296347128312201 0.07284385853154268 0.009175767705281754 0.07695518781926305 0.08563438116172414 0.017665081998419496 0.02327729942292644 0.06370811911828576 0.0491482211342274 0.02860150404098841 0.08249234278016751 0.01627250221223655 0.07436176398813031 0.0744510876963216 0.0302216930416927 0.08125081667268781
33 0.03721712731125833 0.0733531303789385 0.06933240013163554 0.027679878805024864 0.017821780609978036 0.020685132686621782 0.025552501368145113 0.06204337995126433 0.03206594611743078 0.053884652741716874 0.01892363423113683 0.08038972047458509 0.04670090784550872 0.05205115085541921 0.010550215461896079 0.07816607895698323 0.07859986397547934 0.0726503904473562 0.05784054952140542 0.08449155812821592
34 0.0283828527111241 0.004998828937972689 0.07776056914263901 0.08843660612160076 0.10384540710127874 0.09398384122974429 0.007540586124215036 0.07301048825519837 0.08131421530290645 0.00938120718455097 0.008910794828977615 0.07263619441127861 0.0848336332690617 0.01566548002517378 0.04243073444380358 0.012868368624027514 0.05432703090441674 0.038508616723460336 0.024348938534215655 0.07681560612435395
35 0.0745559878742189 0.02718915400540265 0.052294708931673074 0.020492162152879446 0.05659751194379892 0.07228080117289663 0.0713570246916187 0.0070516567473685576 0.02052435370919172 0.028278839411312255 0.08616497613101838 0.029942683188642686 0.0960014316074634 0.0869492030116004 0.06735613695711616 0.027610691821446733 0.05248726472973292 0.061133059885981285 0.055057825228790734 0.006674526797846524
36 0.03930046075809597 0.09383721274438832 0.046179737282920436 0.0318160268947101 0.010447217844547193 0.04707648298827644 0.05650958574985642 0.07863416371682513 0.05529369551047406 0.1132684930847337 0.05029550380465688 0.021598100840025995 0.11367813473841099 0.06200772174902994 0.004427835122799738 0.006816896923700903 0.0027958455865895603 0.053682875073553085 0.06182329018605411 0.05051071940035089
37 0.015979497002532175 0.0506132351458875 0.07616299225640935 0.05984623897464673 0.07093071871250843 0.07965116570218612 0.027455031690546028 0.02833675297996751 0.013238965748800215 0.07001141876825906 0.04007558781629732 0.03936052382176962 0.004920912349334182 0.07873904828474187 0.08186080395573385 0.05773640954935401 0.0813643991846498 0.05668678733043843 0.003582282092001431 0.06344722863393654
38 0.035035038798843385 0.06261274060265946 0.08554471041939196 0.06640139251971354 0.010491401155417685 0.027263830868089884 0.09590951086113762 0.05921732228406084 0.04091177234829276 0.05962943872666439 0.015312446614177893 0.00905042553642577 0.08868827238178101 0.06984391360979052 0.0700434518628732 0.01980641848599836 0.04524020058014831 0.0288303815023096 0.01636853400456119 0.09379879683766246
39 0.0745172638900576 0.02582729301834891 0.03423289383584192 0.011099094856698397 0.10688647981616708 0.01421527116999804 0.02070882522927575 0.012485127991457292 0.10807076525306843 0.045091257433148575 0.05743846794546785 0.053213281998065715 0.020528942750551143 0.016241353463844335 0.06843095172820919 0.05669287215381133 0.07348410837501806 0.07947590806352194 0.1023505992158279 0.019009241811620583
40 0.07015630174034912 0.06895183849403638 0.10365203788587316 0.058184543258245285 0.1030184316500455 0.05565605144501534 0.0933176018978447 0.028486222160818975 0.0011377742108552933 0.009563779178268745 0.08762139403813526 0.024247136410282977 0.07437418161320804 0.08826289208097343 0.054524774355719896 0.014439257528653939 0.01601777376497014 0.007066965347949977 0.013657768835731507 0.027663274103022415
41 0.003558220981996399 0.048402588282425135 0.021093093456336576 0.10333672963619085 0.03921718331379846 0.06582116479894935 0.002308031225323011 0.08584574133211495 0.017094303743075388 0.04339874738010937 0.08382767109435924 0.08772277287042766 0.10128450912325772 0.001794329384129825 0.06804895685863421 0.03431223498185184 0.02108961529037289 0.0512640288452657 0.05908511080092402 0.061494966600457564
42 0.050180800455997834 0.051473290621902236 0.06519253927666754 0.07872602396364356 0.06673345384729153 0.04587963309746349 0.015542687233385038 0.08770053929446141 0.06129614212342407 0.024004728400780807 0.00981832449001574 0.0635448509425747 0.06597667534346983 0.002349271210561683 0.023210908077381603 0.045055172142013676 0.06901784880098158 0.068368851687394 0.08869129861839498 0.017236960372194462
43 0.03680036870037995 0.00909492705601573 0.03788079279396339 0.06669793554926148 0.07463740473234201 0.07391343483377498 0.0956847657816222 0.08339953285536339 0.06200119650394704 0.032471964389319825 0.042142825571385746 0.04970929392469533 0.08995761797246965 0.01588829836255317 0.0022839600029008382 0.01735906877021262 0.004037878078252871 0.04899276332379538 0.06892529671865337 0.08812067407909095
44 0.012275219066219216 0.043171699424789475 0.11620304762685746 0.008988910587535624 0.0015339933118782166 0.10291137635367545 0.036981721055486305 0.004747087875963154 0.08384808920573227 0.05814443004597714 0.11819367941611239 0.012208592475187758 0.10350948921901137 0.06355561272073404 0.07046507956547265 0.06159266697153977 0.000951394882822072 0.03050872805772922 0.014410615343213851 0.05579856679406269
45 0.042259284236499176 0.03165304534659727 0.05254562217342722 0.08552742633920742 0.03466039246840624 0.07135771647241534 0.07370462412151757 0.03494685196615393 0.08118095222342019 0.012194991832004383 0.0013396315015053726 0.08365864903286696 0.03194412861309636 0.041019850817702916 0.034759766596343444 0.006087307241909769 0.09027836883503508 0.08058529401137347 0.0560530118551128 0.054243084315404935
46 0.024616580598403357 0.03643268634212621 0.01383935141651329 0.06441688328870407 0.02097177960813707 0.015033006676536002 0.07829608191263085 0.09334159221991419 0.019789368867071607 0.04316054533987589 0.06820154577456912 0.06980121677161881 0.06918447571990306 0.013713405634898703 0.03683053833665304 0.03262048193903641 0.006343765545957381 0.07523277902099065 0.08283894158085703 0.13533497340560327
47 0.034786961941875645 0.056182138945844055 0.08460461451094668 0.04756346161622704 0.06964450336472187 0.011345219235649974 0.011587147024096444 0.09186038084589335 0.03915514093101769 0.05323682366778131 0.008664682205240241 0.0694250259630685 0.06974040103287774 0.027317152418255313 0.06921023435923947 0.0880470223747324 0.06783866307318834 0.029355243765735232 0.011721005559846105 0.05871417716376255
48 0.0819454295431031 0.046303328425188424 0.057295474495289385 0.026384859673379647 0.08585513830378595 0.06467089398867241 0.0028739777643587206 0.04552131972219646 0.04819152384022779 0.07007288197065915 0.04069015626438568 0.0855774737441152 0.03317266518666731 0.015489612924075526 0.025697211955672483 0.044693685697748016 0.020797494501402166 0.030854457943088213 0.07093252823347287 0.1029798858225118
49 0.03004021959379682 0.06187029470942226 0.009633433607869541 0.009978180009606454 0.033737071271158034 0.06638910325647582 0.02515394525973158 0.060789835130183975 0.07859246878791742 0.08616966176152885 0.07636756837797294 0.06625703562832101 0.015709143847722234 0.01870835247677723 0.055186604035879945 0.05396136228215447 0.0722973488641779 0.06456073437951848 0.0813123605109834 0.03328527620880162
50 0.010490162284460224 0.07584582272764769 0.0995094094895984 0.04515299650093972 0.05558602130020092 0.02449561880548268 0.03548319446878457 0.02248128403959868 0.10437283533377084 0.08906495752534646 0.01716947917261881 0.007355028415515633 0.10115130668811813 0.011542242436508109 0.0991220671238478 0.06302507200270846 0.03851758289043201 0.06097892045526992 0.022553597980390017 0.0161024003587612
51 0.0014277506087782383 0.006745613505963328 0.013707578552131153 0.06889724133092438 0.10498026707343107 0.06260767283903397 0.05266203957456591 0.05251330012273721 0.025056513106390815 0.08752596826806623 0.03915773331149856 0.013190233928757447 0.14590050589112324 0.11822769763129522 0.028170022517530157 0.009277058285175614 0.08621726402941254 0.01906033848266034 0.06417499783995907 0.0005002031005654138
52 0.0015987804781855556 0.03229501819246095 0.0330385662591791 0.07880453350186697 0.006261985616073918 0.09074563181339086 0.013517505784417384 0.0318562409995665 0.010335763342224956 0.011169708329226988 0.06661342949235624 0.0821598501436978 0.06540069279709987 0.03430368325942336 0.0504208780566221 0.088801717019939 0.09251905310151355 0.04810275487952126 0.07899407885254485 0.08306012808068876
53 0.001701142657714057 0.04338646003573536 0.07503537101059557 0.08137932579995234 0.03904719743028594 0.082658279856925 0.07989602076733009 0.004102695544898619 0.0638788090591597 0.04440431402861218 0.036629084840656065 0.07913616454000799 0.02001897439610871 0.028738400561929833 0.00033204559937643086 0.08531626823753721 0.04796649000438186 0.06041225947516632 0.04437943793123841 0.081581258222388
54 0.037262714680540085 0.08146736988369502 0.010015980838149462 0.07672100548907144 0.0021724912879389066 0.042481131306931486 0.04414675028179512 0.07619968109246103 0.056757789174374865 0.08140565847979868 0.08956346873843436 0.014145175782963081 0.007786231676560904 0.0027352381123087154 0.08595316264478907 0.06851997233742205 0.03367994991769473 0.04328599070978939 0.058939824435840664 0.0867604131294411
55 0.07001199484939583 0.020831385257617876 0.08610671184340529 0.037374706080395656 0.03502809524876699 0.0029474081566073927 0.08681894826497309 0.026589328197023983 0.06252883411279957 0.01167955485124622 0.01500927096371534 0.09676521352480506 0.09659935868914732 0.0655834306158888 0.0723019989959058 0.04931665375224953 0.02374622002338247 0.00882500518692723 0.036662808085220266 0.0952730733005262
56 0.08243476732552664 0.03423855786522328 0.07035023539059178 0.055283282473063175 0.08415162473967466 0.0901720165421177 0.04176809543046807 0.006861104109388746 0.010241509524885352 0.044034243719705116 0.06856114546763813 0.010798858184312015 0.046682371896430985 0.09691973450905413 0.01506972486128727 0.032265772100921894 0.007379618530480411 0.05321139647167441 0.06852414551394696 0.08105179534360933
57 0.07768813474283007 0.08395424592896232 0.028554750507615467 0.02625362629138485 0.048653757636724054 0.0684847020155442 0.001112162878393423 0.08694833418440662 0.03779152166339085 0.08687632485011901 0.013707947187581244 0.057375003774607254 0.07040264085190068 0.034662470915284786 0.05808481265073662 0.06743639220555919 0.06044589394409864 0.03523199382644014 0.050848451205702874 0.005486832738717766
58 0.07459508870334561 0.08730317662442656 0.025459103713219754 0.0748962756880254 0.06095859072120014 0.08805285674283043 0.005143330855681922 0.020073293705610194 0.05899570620263924 0.02610712260513462 0.03462380337884874 0.08239700628034903 0.0632525199359159 0.06868101760573406 0.06464815688174186 0.07487724820999384 0.006574050909332506 0.006754031756541703 0.006230023579190499 0.07037759590023793
59 0.029954973051616752 0.08466326469200632 0.00359536638404046 0.02068949461591454 0.03409092133019416 0.017899056695171653 0.04058530866210776 0.05280241268862685 0.03023818274185102 0.07299260578702557 0.06913431187474375 0.07953031094981514 0.05156823117224611 0.08091758327643415 0.051384058646975525 0.013728825057068352 0.07981552588632881 0.06094423052933655 0.07523401703765983 0.05023131892083665
60 0.026531819379533965 0.028801467452227038 0.012270465663026716 0.06605882929598683 0.018485800522033313 0.009672330488210822 0.0909826848793419 0.08082115169471547 0.033308596505836015 0.0019492349042491476 0.07219320633774085 0.05589666469342587 0.08461320864302935 0.09534126900604019 0.03728942506170425 0.0030450215303189586 0.0653567030626439 0.076517284486008 0.096493061686592 0.04437177470733542
61 0.10537060512230884 0.09091553228467675 0.0188846014884796 0.00955087616636594 0.030555326022217846 0.05905542267745058 0.12058664073350413 0.0002898098418123575 0.027384637729333288 0.08005011936506007 0.10125651253491268 0.02475457978329998 0.07647350447572222 0.05991612315174736 0.05722986773757409 0.01882436647973905 0.018306543878993796 0.014485393407445467 0.040932967691521834 0.04517656942783426
62 0.07875946999040648 0.04782583588771455 0.04154712317308135 0.015112022761773225 0.09756658180449922 0.11097241381881769 0.03764908362584717 0.031282045526287515 0.03865601065251524 0.01666957692631082 0.0015816084487751216 0.03548967322640235 0.04137124560360843 0.01926361356350218 0.02253638591858731 0.11183970510271445 0.11041176440234 0.01311121004286348 0.09477886965436831 0.03357575986958517
63 0.07000242779036867 0.05566644028660626 0.01767788122826246 0.05791892092460524 0.055228075877903834 0.021158769145198025 0.05103563880057555 0.00801305576624852 0.06995350119555697 0.041394241507575945 0.06573266767809784 0.0879509097434031 0.0348778158646283 0.029643031617487117 0.07180260470103737 0.0008195577740162109 0.0744368559116433 0.0794711268515631 0.02830892136475712 0.07890755597046492
64 0.04907453347203537 0.07926511579935983 0.09122260965071123 0.07395922335294706 0.07738916024934314 0.02670204750287167 0.03354278597537523 0.09098245264083979 0.012748276334195832 0.010677090971057573 0.08168907907547539 0.05714106651974224 0.04039216401101096 0.06812760384494335 0.04476332933616919 0.0009248098719503389 0.048758229170922644 0.015619802961109808 0.07997566010215414 0.01704495915778527
65 0.044799467400768934 0.045697158435367355 0.09789061418299232 0.03186947875529824 0.04825016710821779 0.050510634046376235 0.04589617822665657 0.09663120802150649 0.010997661663491148 0.0004112371281773412 0.053569017170918776 0.007293591365436695 0.07830612948759047 0.04565401286135633 0.05442850092700299 0.10260960665179364 0.023094073062530366 0.03107410612662599 0.05728714904895675 0.07373000832893548
66 0.08467340113467962 0.014382678897370892 0.0021163974958126677 0.031993480775341004 0.016462862758823124 0.09419997903126207 0.07103544083127016 0.03340715919534768 0.049275698553027214 0.03618754512659484 0.0362565522340203 0.041372321461011545 0.0951449726459139 0.0756800815783304 0.09158020057397671 0.07751453225128843 0.043645931083945225 0.011628906521647471 0.007420666268596336 0.08602119158174049
67 0.05563679041393764 0.06151307204210574 0.046086479354804845 0.052485254952666295 0.054317313100343184 0.018398010378628583 0.07281452258597033 0.06733721963121218 0.04379034319143345 0.06886510002255969 0.05929689540714291 0.01156243122066786 0.07407439179895071 0.01534264788803677 0.027005518598476736 0.05379892912769289 0.035562666085674086 0.0631267337523462 0.06975872961380512 0.049226950833544815
68 0.04857102375417291 0.06129802913197223 0.028053689846212513 0.04259284754634395 0.08413472455714381 0.011670752946389789 0.008825243483259278 0.08424180328195553 0.04422018217023706 0.010384862269084957 0.029331148749650343 0.08295486239077107 0.09986897635669086 0.0633050829593573 0.01232708778317762 0.03283220596374266 0.0990599814635216 0.011530143783345591 0.05650533863243302 0.08829201293053814
69 0.01785799177923437 0.08169680536643946 0.09580940265397804 0.03173983761377026 0.08420799166695743 0.017214273930260645 0.0879855223137957 0.05114907504112235 0.08294239226456399 0.028990961699704363 0.06118982710438924 0.008091071975714997 0.07967041472515705 0.06197294285883409 0.043181222757157064 0.0931291240952692 0.047330539442756045 0.01721948287436155 0.006824996533553432 0.00179612330298048
70 0.08855890998795755 0.08795424743938589 0.0771466145102925 0.06932042901405557 0.027487769833891628 0.08476764068543148 0.03199970860921578 0.0602407383763593 0.026542117076639875 0.05548325321037455 0.004064488494615738 0.09217608946262433 0.05118272603840551 0.0254487772622342 0.06343350835906972 0.0054950867602041745 0.054107783005483565 0.021460889954907934 0.012852045076601001 0.06027717684224968
71 0.05933158302254776 0.007671619626165688 0.06889011294394733 0.012743066877601555 0.03269699033348614 0.050667895990576264 0.07310756497189846 0.014615495249636254 0.054255180350083226 0.029074916056449993 0.06257771316387041 0.0855336363302479 0.07906395340710091 0.05453291585848149 0.04576745426225098 0.07697667185006621 0.06205206547513322 0.06250106258424955 0.015144299562675502 0.052795802083531185
72 0.03526212901061342 0.06291324828703558 0.033020524694846023 0.049358369792946485 0.036883928918708356 0.005878351074066425 0.05592468828533146 0.08775299403008803 0.07735107709660695 0.03680834532029615 0.08482568853999192 0.009170726208232158 0.03482717162221484 0.04380897633705474 0.05002465041892443 0.08910896861488742 0.03211292946292127 0.0799393131877003 0.08812523604684715 0.006902683050687162
73 0.04877628517828804 0.007688253974633704 0.06207270735977447 0.032286024865468936 0.06362492604465432 0.0420713997409152 0.0792760259081925 0.061750933571293895 0.05472813117439134 0.07255068957122435 0.0732880251616477 0.009412102149566184 0.04382580675405985 0.06289275220831074 0.08313973243079152 0.0032840111629351804 0.07425087196183906 0.03493998022998807 0.019304308445152497 0.07083703210687267
74 0.024821726347455234 0.03290922330466716 0.034414329638016786 0.08221401697947055 0.09932651270054733 0.048196536059624866 0.0023921766513133515 0.018185564389228342 0.06535117135742595 0.09544247166098019 0.08799159163335113 0.030343203948114145 0.07533724891197513 0.10121490939030427 0.07458725981556902 0.015340924136057435 0.06491975151417527 0.03800277045302704 0.0026542880410744788 0.006354323067622319
75 0.11318766021547698 0.07495878383191149 0.0024462036936214447 0.06324410616224578 0.06693463104640603 0.014244308861186718 0.015321873782746926 0.06476786316099535 0.025576003136100606 0.0031242824073551517 0.00012654606088867166 0.07326057691709859 0.11459218277247031 0.04287364902407858 0.0858234414598553 0.11410103176526037 0.004044776240201675 0.04090426840782863 0.05633670643209688 0.024131104622174493
76 0.019822960241664606 0.07247683280418697 0.04533316848932846 0.04629390014264432 0.05547458209263383 0.07501865047060528 0.07348907632936338 0.07514087387102608 0.042264732655051505 0.026974901146970834 0.07379667497839121 0.07382569317630397 0.004150033343162671 0.007351314096437739 0.0614873662204789 0.059869605655829515 0.018099190039320267 0.027272103538528394 0.05246809797100486 0.08939024273706726
77 0.09060272699933473 0.09630854818706079 0.06153395487246394 0.08519685914699748 0.019523981249904364 0.013677417675498314 0.006426474681991573 0.03343924768265071 0.04484139869872851 0.04457260999355554 0.04160982794230884 0.0281339688502881 0.026500256607373197 0.09289269687600106 0.024629398753543693 0.05383565976588351 0.05826592162510653 0.10048714888858185 0.01305343786897378 0.06446846363375344
78 0.007335576753631072 0.09763974478956246 0.02217461532238672 0.04770818409911579 0.059596871439607894 0.09533376886825311 0.04956456517674601 0.004631546244014634 0.05244514389368652 0.08122210592415259 0.08843916098472983 0.026162905731938486 0.06279465561995407 0.02129208730198409 0.0916036040224735 0.06340639163642141 0.013708132265730444 0.015671909048049937 0.04761300820251005 0.05165602267505114
79 0.013758434517449599 0.04611489235806256 0.08256245805152229 0.03488846612208939 0.07200489010368563 0.05136499994838677 0.06310309644694569 0.06658848028816927 0.08182321480061093 0.0006326505648710908 0.0655618597225806 0.00936568564354064 0.03739467895906033 0.07622477905730057 0.06268249394465243 0.03207874280736516 0.051066700854535865 0.08553634166901658 0.06636500398823063 0.0008821301519239551
80 0.05869538842973477 0.017254347580725048 0.02578915540804147 0.05773195797385331 0.09010487826326677 0.0697581380155764 0.0039027487855935847 0.08673250403427463 0.0683606001502733 0.07076412952888465 0.013418698858848329 0.0633595203085035 0.048086477135412746 0.0503122602761906 0.04010050526380832 0.02625415686147527 0.05213118741497735 0.06163343513877173 0.022933639278311907 0.07267627129347631
81 0.027046548522707135 0.06884648026157468 0.06503220587095021 0.023128906557201467 0.022531927713256926 0.11367598812645358 0.12169405196677853 0.009695792437177664 0.011284962132177808 0.07201383284709996 0.007586750922432775 0.10654340143940266 0.06023421500836712 0.01303489445672453 0.04965520231716186 0.06393123186583201 0.03312197164233614 0.07977391124057696 0.027242915280543543 0.02392480939124451
82 0.08551605086392285 0.03075336484104035 0.029123412582516 0.023758949334735505 0.0038329968579664327 0.06948219078838747 0.11012428037394538 0.02301799614468573 0.04895930039734626 0.03812421620656964 0.036278390465262884 0.04934308240459744 0.008368480878286066 0.09383648719796914 0.03724626382303714 0.0694348432094472 0.026677539169609236 0.08485879823441848 0.0857103803830007 0.04555297584325625
83 0.0381210670363646 0.08753670861180583 0.0158848949721105 0.003683311095090528 0.01445300068621427 0.033686580178613645 0.08516781584660588 0.053847688591601654 0.028826257885378594 0.028422435178575223 0.04692704549038074 0.04671086857476122 0.02831901020690729 0.06639418508520452 0.0461037444876472 0.06859289499228098 0.07380390681299674 0.08471025022500436 0.07392834427182664 0.07487998977062955
84 0.09737797690468329 0.0335056825183209 0.06024720449315471 0.06065918265202793 0.06223456299964682 0.055888463626902425 0.010771427305364165 0.07046857082659291 0.026682393555222183 0.00494202153057843 0.05731517560527371 0.01051050071559018 0.0975547407659284 0.07025909566908345 0.014419635587846818 0.020044347432656495 0.0722027467515021 0.026140788277243674 0.0867361734122663 0.06203930937011494
85 0.05628639720449801 0.040637788628903784 0.004593456214760989 0.05730432928079332 0.0759373277909575 0.0466180386590842 0.04199739360396675 0.032787324087597575 0.06290237216070046 0.05975245251862574 0.07100024931128453 0.01716535313244068 0.057587841805073564 0.06831385119262301 0.001703089899072256 0.06547831439243437 0.05897692350238999 0.03013196292035131 0.06704613507797962 0.08377939861646237
86 0.012625978658590897 0.06110122960062079 0.01734604805379175 0.018588284926600453 0.0024017187061667693 0.10927022169073669 0.06860950243507202 0.0927117904055228 0.05606267885577563 0.07414057973185284 0.008180676736043672 0.13736127851343335 0.09526082798111302 0.009900246707000772 0.08006519034785332 0.09016529239844985 0.04734933507171434 0.010297935283501496 0.00022148296037507014 0.008339700935784327
87 0.04605292297366361 0.08017733729785423 0.06383593708105788 0.02190318481393372 0.011739460045477152 0.06239125964437587 0.001907118978540813 0.08244193591490145 0.010694871890232304 0.05634368254370182 0.06903929125993773 0.09251093149314163 0.10685496441595915 0.04288203672361475 0.018711171530627554 0.0811707638457529 0.005538237030634781 0.012336710927865589 0.06997082193838719 0.06349735965033979
88 0.08053589650544565 0.03727388912912132 0.06564295804966866 0.04918663442798872 0.01698581596386346 0.019280804374217194 0.09168486510671729 0.032336363988559415 0.08072375709099108 0.049932848383080326 0.014179987958731037 0.07655339976529492 0.002092394834395104 0.09230560673445037 0.011649846236545804 0.07761417140341194 0.0044315642972446445 0.0739415915237164 0.04240924984510407 0.0812383543814525
89 0.04421735400312111 0.023409737290579907 0.08793055094537157 0.010127696551642612 0.01539167447392937 0.0964740157614108 0.06311459391178244 0.04216811039925556 0.09436857476985169 0.017867578851755106 0.06055003155492219 0.02562438738923622 0.041700473855148294 0.05959054360518798 0.08261322709762299 0.09287931480471444 0.043717602995675585 0.0641246277356379 0.027746228837009213 0.00638367516614484
90 0.07854936544622916 0.01624625421325213 0.05582562020724181 0.07040168590863861 0.03399738020711403 0.08303489767515676 0.013935847416878023 0.09422340570166196 0.03687692141317962 0.07944034588835411 0.038080483313735876 0.08891165046748752 0.030120696397920883 0.0299429231349028 0.057788451666756196 0.07053986052604937 0.0033559816360380274 0.05967905311022079 0.038472790363746456 0.02057638530543632
91 0.05644752655748142 0.09111581116946653 0.08744753598384 0.0756006671736007 0.05337727227650875 0.06338646603196403 0.06227532597771343 0.07084339857167976 0.07762865948956975 0.0037207133812022005 0.012562586936406333 0.07829018578492156 0.04980097820147857 0.0018525875174344752 0.07649148382132179 0.015912848668110668 0.044511091504594875 0.006426481836333721 0.06932068366002085 0.0029876954563505653
92 0.011971358943869592 0.10726417441817675 0.0027433786692333158 0.0028470207935051214 0.030326872811872057 0.10689915836298088 0.050511433309883856 0.01925667306675392 0.03398528430040786 0.0686319459056207 0.021548816032984926 0.060985857451144175 0.04644326862786723 0.11634961718372691 0.04183219313973534 0.031880612563479765 0.027850221109934094 0.05885041920745916 0.10855934136263645 0.05126235273872801
93 0.004938227008437455 0.032109964075363095 0.10429596996449834 0.03340686034725041 0.014063695858828943 0.008130162045407533 0.011590278549524978 0.09736858045130133 0.027947687433870813 0.013945494023171997 0.052999469602754944 0.05532813380443094 0.0012532239401968639 0.08039569845880493 0.09837080375333468 0.10331857910612516 0.09568780736311125 0.0548584643060029 0.0031878530781707308 0.10680304682941248
94 0.10022104065311255 0.11361655111417884 0.0015103156622421584 0.031561315078769574 0.11653890890513886 0.03720622743987488 0.07789642884577304 0.0664480045900105 0.05211766288566233 0.0012574332604595086 0.016973850139680394 0.005418882140684845 0.08412383282227132 0.009468752582463857 0.11427051187699296 0.042359090070959025 0.009465027912076832 0.08192550167535752 0.032590583487405456 0.0050300788568855125
95 0.05212610794123877 0.04137408774408662 0.03000473823879182 0.07628304272142315 0.06844765119354035 0.055318860318242874 0.07717399828257489 0.09118372970924539 0.06793386005409291 0.050084753916959525 0.03689966881778927 0.06397976005696566 0.043746607818203165 0.005989678884716674 0.06694237132262135 0.02653899862850759 0.037527253313356455 0.006430419071568757 0.058528391806212714 0.04348602015986218
96 0.05065582499832412 0.020526636517021538 0.023235278712705785 0.04728607886785902 0.05709960319719934 0.056129024946371446 0.04200152818927863 0.1046279845049476 0.006074900471157651 0.009615657641495067 0.08183534741159487 0.06124489755740432 0.026608969654026725 0.1015815394883746 0.06429658777934276 5.173683664684107e-06 0.07354014308269531 0.056308605011826565 0.07895126846334317 0.038374949821366605
