0 0.020578752028592273 0.012844516729092762 0.02024915427769375 0.08968719882416253 0.08258810354418623 0.07175503484271771 0.06066848196003663 0.006172795474701163 0.03159944996125722 0.12244877684888096 0.017700192167686327 0.09536537707846542 0.0724629202657272 0.08022601045351435 0.042265999983662615 0.12339143568915573 0.0023761795683424408 0.01755191875474952 0.02885211342239718 0.001215588124977838
1 0.05568278909262509 0.05476971930173301 0.09351686735668406 0.013855601302657653 0.06819585955508164 0.03370633577200044 0.028436537408163882 0.055833275775898264 0.018545835891333986 0.051467009803970336 0.05542956174915495 0.06430045031271346 0.09567706768703886 0.002394050721297863 0.08420195029521799 0.06826952903467436 0.03762534182227818 0.04926655136134985 0.056258569598616366 0.012567096157509785
2 0.08985689247118452 0.03138049591066359 0.08182496132322283 0.09030290552498273 0.05482251893128615 0.10568377166938381 0.001909716401790248 0.0013687142211452417 0.025974057508059714 0.015341110942671592 0.03769232727588532 0.0035317474354779627 0.04169907643621766 0.020425446751456317 0.10399258167884581 0.10066914174085746 0.019961355569363112 0.10082964395793736 0.062486499363874126 0.010247034885694716
3 0.053453006036194115 0.06337675069720299 0.025792412562655315 0.0931319760659493 0.0019681072126284944 0.0813952675061231 0.09147563988268098 0.06536320941988484 0.05793298999689629 0.02989176710457567 0.09080622470279985 0.0141986525054916 0.06449152204585859 0.07522606368909363 0.01990415797366435 0.08027136321443638 0.031827119708922595 0.04736564910847805 0.00771341821845052 0.004414702348013261
4 0.08972234838692016 0.011201521040583525 0.07348929491434246 0.012976337982390439 0.016763924776537265 0.016168379862986283 0.039327432787856005 0.007849331743623053 0.09406073985066132 0.07590460441865653 0.092837134175387 0.06427984042452474 0.09711160578947352 0.09285998114170568 0.05487731236876054 0.02201143419505919 0.07164746075019143 0.02089423399687164 0.006727963952620965 0.03928911744084841
5 0.027637100269677375 0.03344010404504437 0.11733442722993918 0.11546998483459117 0.028411134598147925 0.003563787605056397 0.07796916866283748 0.06789005715214437 0.058829052150474966 0.008300777316188479 0.014353712486324603 0.013051446610600908 0.019307622576886604 0.066497041006561 0.04994938127989023 0.0976207597514419 0.07630003353185831 0.03214706159705728 0.03496810197789274 0.05695924531738498
6 0.08323631513073865 0.004961163938356552 0.03391834038713646 0.022823346781454666 0.10852045341380656 0.10424571784754019 0.11515083012114838 0.005893740949933263 0.0024550451017846574 0.024383005146400044 0.05590607233843905 0.0844538951312899 0.007631417071661135 0.017516567579993033 0.010330597642024904 0.10483679091710667 0.07877119051911871 0.11688520411382287 0.014458600222225443 0.0036217056460188905
7 0.03857493000486477 0.059538810060095315 0.048889892004518334 0.007968280292986029 0.006800331447092128 0.08818001812427306 0.05596062645189445 0.07209547356231116 0.021205763513955166 0.05514748790245153 0.07600549260321941 0.046398075383198796 0.08693931138347116 0.042322536504399606 0.07701123571154254 0.023043985786927283 0.04606690527255871 0.05334473968487509 0.016751415886271385 0.07775468841909393
8 0.03748173560237291 0.02613969739278199 0.011328806898315339 0.040163406155735056 0.10324499527944388 0.08723456156895507 0.002679230905876009 0.038272444841397586 0.06078308634338437 0.0011109821409170469 0.05460427960918216 0.09260896846648552 0.013297639551352247 0.03283786731069829 0.05816918427929605 0.0719571486304942 0.1113602463279256 0.03779735578736957 0.04320990068280972 0.07571846222520745
9 0.006586521360630608 0.035032794067557216 0.004150135909283032 0.10782556659158164 0.027113978846340956 0.05422175208134381 0.009173810430037819 0.10528366627709924 0.002972135482488682 0.058526387904838675 0.001830211226427322 0.08444540618726482 0.016367895729105467 0.1134139490447928 0.05127024762616331 0.08310654166218728 0.03497494220429197 0.09957606486816535 0.00882197530739364 0.0953060171930061
10 0.07912480802979775 0.010999819655210996 0.017204170071575122 0.014330516268905146 0.07878420610310394 0.06891277563307091 0.010478631257891202 0.07074633927388484 0.030398627748303323 0.04292171184568617 0.07039972936996546 0.0702569282395494 0.1001987566836656 0.01686953730320408 0.10303865717037312 0.05627360707286379 0.09138376129661405 0.02394563747499295 0.010204675899797072 0.033527103601545
11 0.0970778574217979 0.1029965503989957 0.010750380826156201 0.07539452077195136 0.004039394455646544 0.06681613131338297 0.04880286310988407 0.10594055071387548 0.0656083762051009 0.043380314512871894 0.004319641936574641 0.009392477326938995 0.08391512360182336 0.09592737802526333 0.026674715794303593 0.07602453077019647 0.007704155167369873 0.012407672343466836 0.009112474766621317 0.05371489053777846
12 0.06129883993813537 0.04887878380843985 0.10211277440345023 0.04219742289634753 0.12229922217792012 0.016379417741827735 0.08083717792515821 0.04888658887194653 0.046595696527599595 0.07815029263727104 0.023222392815830214 0.012544765418824062 0.06960854251151533 0.06415122599478751 0.024356717749656396 0.06273534893587646 0.008933247367189989 0.0049577660697078 0.01398712183809988 0.0678666543704163
13 0.032688888274488064 0.039802415251513686 0.06396453854817129 0.03576114843448339 0.05821692806621709 0.0030048746626761855 0.062391356438400714 0.04676971144683589 0.08603096082082454 0.08058686798579456 0.06201679944159727 0.06157693308584655 0.010153566592645552 0.05011951670341417 0.061082385894781925 0.03367746473675907 0.0708166062902397 0.03138145135082186 0.08718707121355394 0.022770514760934307
14 0.0035133519572586557 0.011694501830988384 0.06139083298127112 0.06255825137405159 0.016783444946123563 0.0895407297865805 0.063129121010367 0.0491662283220738 0.008099444789753614 0.05651626871138261 0.0036376583361317585 0.07853544114954762 0.05002401619015066 0.08146315044160828 0.05994157440146399 0.04950596724505268 0.04693803381081029 0.04589974050793161 0.0667671235447501 0.09489511866270216
15 0.09372102614217674 0.06176426691638387 0.021123458290016106 0.019440419749603536 0.06016954941370389 0.07680447776571911 0.07714500206639836 0.03348931981774988 0.043140849041337866 0.01620237207165761 0.028118251390562225 0.08733986865101322 0.08321522988176211 0.0003261311464804049 0.04082456303919406 0.023762199485946222 0.04811679702448583 0.10121152186908935 0.07816096246158584 0.005923733775133941
16 0.08070415543765234 0.014472442596630075 0.10401600563417372 0.03855893834844186 0.0022660849693405594 0.06607475710373023 0.10233510470910916 0.06897678458685244 0.023593531507915863 0.004318692880404255 0.06748212692511356 0.009417761894823672 0.13424819386778353 0.03756894815783363 0.012047437174431422 0.051526763233387646 0.07622025227928016 0.028930701841757212 0.006003514973543848 0.07123780187779487
17 0.0693559101043155 0.003919383391635308 0.06800637889163175 0.07579356394446085 0.05780555528731055 0.051276185337550045 0.014201727056187028 0.06135129548176658 0.040143255670863465 0.06531170261306586 0.0655726070709013 0.04223424618352545 0.029365973676331772 0.03950451195658387 0.07178530428675696 0.034031736345793435 0.01309293905631014 0.04566253618065738 0.07420404086008496 0.07738114660426791
18 0.04419015768773122 0.09092927682290096 1.862307117834309e-05 0.05042652794194262 0.014917824016140967 0.06830268405479477 0.06483393688486105 0.014079604890063012 0.08592993201722243 0.01988186842566583 0.08454535420197816 0.05453153211174629 0.0879796976183868 0.044053303474613316 0.06925438455063723 0.00013254539359654758 0.015698963981172497 0.09461360647636116 0.01276887475400763 0.08291130162499923
19 0.022600868396860426 0.01200554843497507 0.0012786212538056423 0.030829114301007116 0.07613370854382003 0.034018177695728596 0.03715435425560844 0.10237022759623293 0.030367031223204763 0.07369612522224885 0.011831202767240812 0.09872013030699847 0.055358002268580966 0.05593303202192371 0.04532444247025779 0.07639520628116225 0.06909092099792691 0.05196279425566046 0.014516117165208888 0.10041437454154786
20 0.08500258198759447 0.027065740332025384 0.09114057440031849 0.02665870830651038 0.015928888851152734 0.08775930696661619 0.0038973379291506274 0.022419787159428554 0.08843022989585188 0.009479339175769519 0.022821055116080735 0.04785918345862519 0.05207188834018299 0.10014129308466095 0.08544813185148185 0.03597582292912434 0.09041802809084241 0.07129264960699962 0.03278624140799433 0.0034032111095893113
21 0.09625748652445312 0.02742427002283634 0.07519731596012157 0.04039160316814066 0.08371002387261724 0.01135487220976134 0.0749484561053498 0.017605275946017098 0.058282570879308375 0.03773620407953998 0.08029142779383351 0.030737327154424676 0.019765995964237525 0.009675696930586435 0.09415733945177256 0.09197988767765686 0.06872954020185008 0.019157725059507094 0.044180449815107305 0.018416531182878695
22 0.01663857348872661 0.051855262478598306 0.03732649170894786 0.026602343282552256 0.05784459235277179 0.013444155350692094 0.0823733883321154 0.054497247331010384 0.010673474790185026 0.04955232836071689 0.06966492137306367 0.026379547873614108 0.04673514563720232 0.07769903143020593 0.08941829773250656 0.10217695257693078 0.10580275913554103 0.048956842246685096 0.013945871026355262 0.018412773491578466
23 0.08660830614286291 0.0016902391782740252 0.07317717639342797 0.040048312685765294 0.07948703548517119 0.06350590706976096 0.07418480040304161 0.05355367987467655 0.06351916409755332 0.011283312145151905 0.028855129652949067 0.07920494916441558 0.07843749544238907 0.03554191959516683 0.054564196173094756 0.023570685571978476 0.08649224358875261 0.06282762054277173 0.0023902757924861616 0.0010575510003099425
24 0.025398635414541067 0.06670523561596425 0.07545472715021805 0.07741953807316897 0.027877332490496714 0.029567261024633754 0.013261524281583658 0.06847372183617388 0.07791135162954345 0.026615856454165223 0.07873771143267619 0.08044532886055943 0.026120576355329737 0.04260642408258208 0.039859314642094086 0.07807626877928585 0.03037354663898485 0.03142352649205297 0.06881307867542566 0.034859040070520125
25 0.04756105881685787 0.034800181199513495 0.10558715724254723 0.06407998820969671 0.10340648256155376 0.05790453361498259 0.08587318772144802 0.01071672773664701 0.05274895629469844 0.02131888586520631 0.12051386372029625 0.013145888714055576 0.020782686685906132 0.02574777465974956 0.10578529078179019 0.02394752555320503 0.0018718201155954529 0.024778122093047316 0.00020094405685803162 0.07922892435634517
26 0.07066842853219531 0.06395876395565908 0.020027046916670208 0.04972035561168309 0.08152545324033728 0.026239526272792385 0.023864693580946658 0.04821861441966042 0.02934551978334798 0.06865032737290691 0.08288408748002166 0.04498922623618032 0.013593328747050276 0.04244365999726535 0.013108979118391881 0.08289090400097338 0.05000171303631837 0.039593832175550486 0.0829535973687076 0.06532194215334163
27 0.05122426491115042 0.08814339215544181 0.01480735843018661 0.03243725850554809 0.04034473212797857 0.08446374700784146 0.06333659341979851 0.04042476576646174 0.003897882200077746 0.07670122458234514 0.06178237160962769 0.082318808999919 0.04816793449708205 0.0667581236626303 0.020261240066343656 0.04610058970806656 0.07057906046942618 0.010539405982186507 0.08849514977231812 0.009216096125569763
28 0.08105527463549089 0.07373093168033984 0.0010748462011981852 0.04567319126729994 0.034585418598193626 0.00922410368557306 0.07821678253722555 0.07277043613745734 0.0065946971892853565 0.07623642015446995 0.059985366535113264 0.0525383331489285 0.025399857915125498 0.1045819247357402 0.009605044127670588 0.022921988308528003 0.10303214525112624 0.06947269553626495 0.005457820014689631 0.06784272234027944
29 0.0736718889426721 0.06620892712591003 0.06587261758308978 0.0542244993362172 0.016981670488726727 0.03967139948894385 0.0719829427177766 0.020922979758709038 0.054207636970267974 0.032864118297519014 0.06375524698338994 0.03192370941720538 0.05567551614487418 0.05627780119197688 0.07591669535334138 0.054320236886923286 0.05580302358773426 0.007899488088749762 0.033028555750011734 0.06879104588596073
30 0.08668131986651477 0.053704272566872484 0.08113119655991846 0.002171014033431969 0.00890025904114455 0.04486098092445338 0.0806415617335336 0.02661716470942168 0.02895003924722108 0.008210507549909594 0.06650048997036298 0.08398236708338308 0.02455287726897296 0.06868224447210045 0.06156159227352608 0.05423157584376772 0.04955925383743265 0.01684216298553998 0.06183635434288972 0.09038276568960274
31 0.028757138310157165 0.09291343113774758 0.04594778013536111 0.07216993340118048 0.0953666516537162 0.06749142522114926 0.01653994857866651 0.09213487133114859 0.091794609464379 0.07492006920937272 0.032766742797587116 0.09580992787632557 0.01848354034550199 0.023415489390602978 0.017370478621776455 0.02469492032943828 0.027861998381903053 0.002777210627934854 0.01849045223246229 0.060293380953588896
32 0.06453914585657788 0.05261049323883751 0.04539943712567136 0.05455505257618999 0.09135521220056121 0.05538517589669949 0.07113238640047652 0.025889548023186052 0.027887449992527288 0.10575137567988654 0.07637993343458466 0.051412882162771685 0.05480479117654574 0.042853320529102804 0.04319828327911721 0.032806661248666054 0.08004580508362642 0.002654916756066183 0.001464263365832792 0.019873865973072648
33 0.09024141205020585 0.09299341625782429 0.027819624961671355 0.002009320132327497 0.009404133278011899 0.047153665952759084 0.10261021528797745 0.045402172481550394 0.03273342367216861 0.02044918192265328 0.014855496345034918 0.0669855399713871 0.052178072045063785 0.06630254332827895 0.048690874021877426 0.000859030237509513 0.03505172635022317 0.09951947574761172 0.0692848582047382 0.07545581775112556
34 0.00011354681306502941 0.05778386892249668 0.05755352054571162 0.040373494796820036 0.02136487872780278 0.07014379094275217 0.03630731561854589 0.07546301470617464 0.03525017650176716 0.09305865603787905 0.0905965745620261 0.08189025760437119 0.005373699681971834 0.03948876036246333 0.02118085042124975 0.0018778968933645215 0.05194275790905351 0.09369696862734775 0.07951016824597995 0.047029802079157364
35 0.016808827338776235 0.009906613066851984 0.04096284203876249 0.09814304801805096 0.03579944377574636 0.06536782421164883 0.0843071826988438 0.056640554342920084 0.06579667610268372 0.02145983972754122 0.0900767302791624 0.07505459677518195 0.06335398921910308 0.02253948365525114 0.056748779567344976 0.021231447132091883 0.04578730014427768 0.02833493523299179 0.04370644448894606 0.05797344218382309
36 0.07367656078675054 0.06525000922683691 0.07404231206691732 0.10123997102797001 0.01494386773543704 0.04056757507883427 0.07121336995611668 0.038425788156881115 0.034564478089812306 0.09043849001471252 0.04207180575065644 0.08846196419421576 0.00043649787465275684 0.01693459626209569 0.028668297710857448 0.09071092784990073 0.07528708788196842 0.02720905318342422 0.017590749233981042 0.008266597917978622
37 0.07972740800031371 0.05263070619204885 0.0034272174169382896 0.09145585679365056 0.05239932615941169 0.003883852535971044 0.04222446638045847 0.038218673685345435 0.06473158089349249 0.04951105544184343 0.04552211693254826 0.04254564786813569 0.04088026111990202 0.08116177586873416 0.07725615151398288 0.06918567189730682 0.034923034052391826 0.0037103288769587896 0.021842613186981816 0.10476225518358377
38 0.05299706549494814 0.06596849695571967 0.0773567165513847 0.034756411088029376 0.019187321536758076 0.06434766060131417 0.02228911370437101 0.010242091197409117 0.11239225564405253 0.11749988459678183 0.09754459024127601 0.0032279749356480484 0.009839425444285923 0.04106005456893942 0.09898086215112817 0.005459826106263434 0.12024589953061272 0.04055403640910733 0.003938366601319158 0.002111946640651256
39 0.03086534414783967 0.041964804332066855 0.05011909760409769 0.029114068620244085 0.09089325095867073 0.08555352791208061 0.04705920742211468 0.0053069046857239545 0.07349700114114302 0.020149725974627438 0.003921194583662091 0.033200454107259254 0.08759969849664757 0.09003352176856037 0.001665212938272744 0.09300860834355033 0.08622748295173592 0.022439440693380355 0.04219376080182125 0.06518769251650128
40 0.0003591556845937775 0.03888397932055874 0.0695635529229387 0.01605666460720021 0.050825139157621366 0.07280684049390922 0.08836068121690267 0.037831500691284076 0.09824287154657463 0.049444944587976686 0.012700136746450635 0.09503650133670533 0.04241558830209368 0.07666329926538619 0.058531059461752466 0.01513089062179399 0.0775314459002048 0.030873998582562456 0.004346547746561281 0.06439520180692923
41 0.0010036410502919978 0.04913771799111564 0.023994097858741962 0.05321359443263664 0.028581185893994752 0.0740107969957487 0.08484068632146995 0.06494164377077094 0.04271808053743005 0.006107607500558348 0.015703384409701916 0.034266586462674234 0.09396390334928077 0.0834613953447966 0.09380012079675723 0.02391721900312708 0.09198255672193495 0.04695159489597214 0.07170446440580455 0.015699722257191556
42 0.062030285504864544 0.003484333034408606 0.03542219436937569 0.0274081114409451 0.02879614244465198 0.06002074190137659 0.060253677802567435 0.04327868520550484 0.03799351698688762 0.02807068077676767 0.05066330888839368 0.10668872682872863 0.04359030486151769 0.09011180107025313 0.04860619628772525 0.00955587378651138 0.06038797184638401 0.09590289726465515 0.05450209638254056 0.05323245331594025
43 0.02537263552272991 0.02591730112770446 0.010192624869049519 0.013753253228742945 0.020835633267092285 0.06570696680368253 0.015922851469747385 0.07153966562336644 0.07241309198729905 0.08425937680641638 0.08754512896522623 0.0843581173519144 0.025446966969337594 0.014648927357717235 0.09660048619016871 0.053496549982805265 0.02797621466825405 0.029567295317957484 0.08024475695790399 0.09420215553288425
44 0.0923893926528922 0.062001636097051664 0.05998911524061345 0.07153775342779173 0.0034769942574418146 0.017040484817529046 0.0525558892672952 0.03513373218811582 0.08639728436892063 0.05959778406771714 0.008028067078682663 0.04267596799745568 0.06415270725834184 0.05637345281282094 0.04075761445534217 0.08097444605988102 0.0028758024404727162 0.0530762875145013 0.07201566520678034 0.038949922790352746
45 0.08067667312343356 0.05487178418351687 0.02632697385656646 0.001313520612987879 0.07773068297198774 0.04800690786464257 0.025307855306473215 0.02964232212296611 0.07887442375536424 0.06976361264410307 0.02818384228346846 0.06765299677170249 0.044911461148836485 0.07355339330329608 0.025655818415591065 0.07555896788482216 0.06075438288221527 0.010623342473981487 0.04989307389129671 0.07069796450274801
46 0.0058504816393509925 0.08052113847607661 0.0014543779306446368 0.06025374434858057 0.025603914637438954 0.022467931513728293 0.049841591240082465 0.06662944095250391 0.061993825445104365 0.049123408111789335 0.03291057511837018 0.07692049769178527 0.07128387035356079 0.0787683520913744 0.05909338176423566 0.02647797146499717 0.050305720806191855 0.09090241447055253 0.05425957781418729 0.035337784129444834
47 0.008108583133025387 0.08178912992042346 0.07242921776930739 0.07115675284133184 0.05648451180358159 0.08704847958474754 0.02975136740664602 0.02162611910181993 0.01650782823772645 0.034427246368760225 0.06409198223787652 0.011117915865528287 0.08605628308740026 0.07478183778576462 0.05032939168703468 0.05954138007712503 0.03153218989369524 0.07230201022616299 0.03539345248914198 0.035524320482900454
48 0.05705729946734806 0.04535104983065283 0.0033412037076591193 0.021088805041770065 0.06616248493869914 0.08351854952365413 0.07857139700797951 0.09404532029285574 0.004083660350566335 0.03843592762250009 0.07280251714019964 0.02222138316859624 0.019697174500647327 0.05961212476461846 0.05255293500657808 0.059652765958783195 0.062152983210480836 0.045316978573232046 0.05141326489135982 0.06292217500181925
49 0.08959583724224925 0.07137461985651695 0.0010246752566747197 0.0013407550120565026 0.08956126125255486 0.08696015817128 0.020407408632988077 0.06709538995594594 0.09461607455630162 0.0329818131465768 0.09523955944253587 0.09537443659161325 0.07514594168251348 0.01885931708046635 0.025908910955117825 0.05359246798740003 0.005212496120563217 0.010489751099647443 0.06388060636895813 0.0013385195880396097
50 0.02877883675856403 0.02852032614278875 0.008310396317380167 0.01892491024536395 0.10674764112217701 0.04888343602422816 0.05838718961315505 0.08746698724686028 0.023086252253741404 0.05924032704239979 0.08511451956678234 0.04867082383912045 0.04797244160388401 0.032894276748193944 0.07762352763570513 0.06469077092900359 0.054097852417824194 0.002934344667797442 0.09014970317191685 0.027505436653113405
51 0.003180167529257516 0.012458955971942767 0.06052530397767718 0.0756915163928211 0.08077070126102044 0.0801518242924482 0.08056827767742189 0.012870082902306979 0.04482982186511888 0.04333142688550385 0.034776502395112034 0.037326614744526934 0.01673375768731956 0.01059336435093199 0.031944565825547236 0.07008382409526423 0.06436339746199106 0.07785866956918137 0.08234697679466803 0.07959424831993875
52 0.030114555482036037 0.01607522033259594 0.10078064039146863 0.1316829701203405 0.04030601095707883 0.0014201037450557335 0.004840616019861611 0.03954166446115931 0.0016554331310149294 0.055357590887666834 0.027149688825771817 0.0012018704693828393 0.1015876903986733 0.08133295117265242 0.03750093957516844 0.035323564214211046 0.11619503226499872 0.05336921184426296 0.05386031593214083 0.07070392977445925
53 0.04675129744443629 0.045751734334355816 0.05878481584551543 0.02404622493087366 0.046785733248754985 0.05262192042435243 0.05334502518731114 0.03082731899114938 0.012687326511120704 0.07752452937737477 0.06258269602835778 0.019828479550670564 0.06256278440218231 0.05377213526723971 0.09103167324177035 0.030635682847242482 0.05678595084454134 0.05138191305499839 0.04938753915252773 0.07290521931522458
54 0.00906166966349701 0.02161925394247316 0.0737244070788792 0.06295508936594203 0.07732373153214711 0.044407508439889005 0.06390979015319062 0.07688218194329913 0.05062891099901132 0.050776292390017914 0.046999682883505825 0.06601579727468704 0.06895553246512014 0.052459317031384387 0.043052330044267464 0.05927771787911607 0.07336291919063472 0.031415856202272836 0.01941013493876005 0.0077618765819052315
55 0.03598968107276087 0.02735265102641393 0.07546619903211203 0.08412884946027602 0.05253343303095231 0.05339406526432447 0.08383788853887918 0.003260290102983512 0.03370991060147642 0.03974138575916257 0.04244967794453745 0.028183401719270935 0.06607351241187388 0.0435116639143926 0.07437766157867907 0.059121881102193345 0.01031764956883501 0.013308481679867064 0.08496358936849271 0.08827812682251682
56 0.063447055553027 0.029461491901294705 0.04650668520636118 0.0723392363976793 0.0689281768988935 0.06243875374583671 0.05224019434976257 0.02536732219931218 0.010748040310515083 0.0501982817093775 0.06751718410579337 0.07326099969907765 0.057730186045065475 0.07683050732156635 0.06150273633745492 0.04195035408964809 0.0014323725734341536 0.0068949941337560165 0.06820655693485485 0.0629988704872893
57 0.005735620388661386 0.06188224931617109 0.07179162110032822 0.08533605518533963 0.05502033372397632 0.023850881898631042 0.0858654491766874 0.05991893570522148 0.041688487116759786 0.07274887903347806 0.07989278434016496 0.05689140883726239 0.03300291415783213 0.07820552269161134 0.04306526548154021 0.015841208928367177 0.02450691766243165 0.023156648082617484 0.07287701241729702 0.008721804755621135
58 0.09045406370248193 0.05643864505684637 0.014390591714048799 0.06339497830619621 0.107740328281358 0.05057046402135988 0.031221388311839505 0.08919944640230125 0.0687054208697235 0.09736793099393454 0.023886328005660623 0.06285566578614388 0.012587343297849917 0.022496356556919023 0.011331713942709197 0.002269104773632691 0.03812404196994719 0.035040044472770114 0.08288815710693517 0.039037986427342186
59 0.07410930417388872 0.013225821433648678 0.006604510930156039 0.041872392161204655 0.03666500558621074 0.08157670137144793 0.00046723679888881263 0.08243578763957383 0.06323646564336992 0.012165715708568493 0.09441269794778398 0.09413140232138562 0.005653172813324372 0.02432088229059976 0.06043906258677563 0.0951725346550183 0.0030807565372695358 0.0741532327096468 0.09700440980401229 0.03927290688722618
60 0.09754752135805217 0.0027719705721653875 0.05760241446876367 0.09974040814732985 0.050364354909649245 0.020765225890869415 0.026725822363365046 0.08130464954671854 0.025112054775970883 0.08949035162359617 0.012907908150511219 0.04089557761564146 0.03041824283503047 0.09310055202069756 0.0609131435654508 0.029188335656519192 0.10183449785436706 0.011905199478481414 0.0517301933749202 0.015681575791900264
61 0.0081431150963956 0.09133827130981274 0.04425596432740919 0.04564720249949095 0.04213103120179519 0.04611836504281665 0.025113221011855306 0.08368510767962895 0.0002740419303202981 0.0033506904210183685 0.06805530552679469 0.09144483744794014 0.07960803108969228 0.07815648253746138 0.10268995500387892 0.09274196922770128 0.005896348696458375 0.007984568893030888 0.049080061839669946 0.0342854292168288
62 0.05120272329424362 0.0732830337743349 0.055926946057312306 0.02930840798140268 0.06175652234422265 0.01002575130197929 0.06387484517227979 0.06037509818389372 0.04316466148514488 0.05285684124113503 0.01858917966481642 0.06794066221625143 0.04064395727217562 0.031105738880423096 0.056002039501550215 0.05491496222899809 0.06313819159262136 0.07364319846183504 0.048971227418528926 0.043276011926851064
63 0.06305465926763068 0.023407084055573336 0.08343614328530913 0.04241337404674417 0.09886097543882717 0.020825751272985422 0.013822225567740095 0.03582092272048073 0.008592571394332765 0.03986509133368681 0.07592692393208823 0.05302655837964348 0.1003924744049816 0.014911025944214038 0.08915378206708399 0.024973274051186725 0.06995989806899125 0.06409812237758217 0.026376951263222956 0.05108219112769513
64 0.10008260870050466 0.08769193289504269 0.032911301856907445 0.03677152616555881 0.07363960762936982 0.08706193590794453 0.030070528242757327 0.0018523277207494792 0.08436781994176026 0.020951173818258173 0.060628420342466086 0.013788504577457637 0.021225434592482353 0.05124557155957238 0.09965106753162192 0.021147954105506937 0.02338730405830183 0.05387137159977322 0.00388905598227317 0.09576455277169132
65 0.03460181837407921 0.024513611087514965 0.0864877051447925 0.07322335138552077 0.00602910849765136 0.05610859917550208 0.0014217612384824572 0.011409787232365633 0.020953489867239904 0.08085122109969849 0.03290359148885162 0.01998637936380737 0.07413596175613808 0.05110275952795166 0.1163961812875218 0.05270321475434955 0.061937742484947725 0.10585206252737431 0.06394094640741191 0.025440707298798555
66 0.03616239310506296 0.06851257005825136 0.014330926710651533 0.012229515233802557 0.0569000945021916 0.04662055962459738 0.05238176291964219 0.08086406232140553 0.05319260229167352 0.06599811926512254 0.07927792201616023 0.011237922316815125 0.06550050986111855 0.05867824690206568 0.04669174756352725 0.002312518083388912 0.08113965193882078 0.040436827971610245 0.04966183922975353 0.07787020808433852
67 0.012632523664866181 0.05246196453454626 0.043808753733853734 0.052935286479227295 0.09449804853858494 0.10949251355949409 0.010266537335233935 0.0038931905998967026 0.05029209038932162 0.026603947636446017 0.11065330966228541 0.03306729741444881 0.010484424822331742 0.0953411584344361 0.04197517958976783 0.11056217746468616 0.02207876219475077 0.06261581440699814 0.047240443380260094 0.009096576158563848
68 9.238414323355242e-05 0.09709834112033959 0.009365324999540275 0.030528074009170632 0.03721927360633736 0.050806203930894196 0.07489208557645331 0.014741877117403436 0.10856209444506272 0.03079281890965816 0.058339830217929885 0.01550698702309212 0.10507681700605535 0.004423880359064997 0.10866920834134779 0.041490516612378556 0.019479777639471712 0.09451980101861086 0.06946434631762838 0.028930357606327343
69 0.04530670560221275 0.010626538340586654 0.08519795581878926 0.05409489486584556 0.020836395702956225 0.06475036911614813 0.08277795908108335 0.09287067894767329 0.05310622515145204 0.07620923461381678 0.009542995230651849 0.010468303243566887 0.012647042079454452 0.03706420876647007 0.023553803660864875 0.0828014980911484 0.08122318576045603 0.0669560076714644 0.005600252184255567 0.08436574607110355
70 0.05937422902899152 0.07826675483923642 0.060696783867589754 0.01549974827395131 0.073074684552833 0.08249721099490868 0.051436781941348826 0.0023570228091279615 0.048615623642166275 0.06269874791477506 0.01611112571175769 0.009417692487051224 0.07373771275519712 0.07640943402287481 0.05301324730895611 0.03345351083896442 0.0557723254057713 0.0595558913919027 0.006261027297875993 0.08175044491471974
71 0.08010999188397341 0.04623259592145327 0.023138287861577896 0.039057199332878156 0.02779298405930229 0.054270702449445415 0.056239684288332495 0.021186930609553914 0.012958355152083921 0.09080192646910418 0.04317234688912624 0.03170141438614916 0.08638571777875807 0.026425870098063957 0.03810761396536338 0.07994511001564514 0.0971978456472788 0.06124677990577787 0.0295705673368735 0.05445807594925904
72 0.03233451195862225 0.10548663468375863 0.09354164960321032 0.05357447067633934 0.01944859375586962 0.027260741976293294 0.00425239988347828 0.09836120257005346 0.0465731466247108 0.01596372240946053 0.007024184486927957 0.0948149538530309 0.04979283728506961 0.006640222089022303 0.007514795269391613 0.016652281757247853 0.09374844177738138 0.04351000894115901 0.08639371412557889 0.09711148627339404
73 0.06605936868940472 0.07751756368083763 0.05336871522590532 0.0071099830308766244 0.09651822901365031 0.034094382511016326 0.09570278416994597 0.021981506071840164 0.08629326561280988 0.005459797878812116 0.02780559840004823 0.073952305783867 0.01167891968412816 0.04851431990626271 0.03567999836860334 0.01568819518916654 0.07930451582465552 0.06578320294703442 0.08417641751065127 0.01331093050048375
74 0.012554765999817762 0.03539317244956136 0.06840418073726252 0.07934447671486754 0.09372018592179214 0.052850271471178954 0.004073800528826807 0.07969547726973723 0.0676125070112455 0.08829163657457349 0.050448748995112515 0.00440359810200891 0.001013670966651621 0.04707886209081875 0.07517042994181755 0.04324250839635956 0.06662257444548252 0.07657071890551324 0.038741482781690185 0.014766930695681964
75 0.015437793942803228 0.08575063788793795 0.03065347127173311 0.06986724877438129 0.035011888794306854 0.014124381236812165 0.02559407792384802 0.042059662864563946 0.021713536127482495 0.0864783278164607 0.07399309035120503 0.07424141653277935 0.021371352864761994 0.07910372011187573 0.06117951823467907 0.05481078460650857 0.06356708283202565 0.06471744100818244 0.02146745296890468 0.058857113848747644
76 0.06797910551728208 0.07715723769436487 0.08254561056590286 0.02148593478649402 0.07968282290533912 0.0659953762476838 0.009298025091049305 0.07722546976049331 0.03074911924075104 0.08621421311033518 0.03713778296691955 0.0913468917918392 0.06577664862068416 0.00982350507592613 0.01723492987446571 0.02563362243826601 0.07804685747344817 0.04002128991211591 0.036320064004438844 0.00032549292220094113
77 0.07046573306798318 0.038500809459934913 0.09106137681505369 0.045891242169741726 0.06243717243981148 0.09551519344021739 0.0021980677491354743 0.02943321323920255 0.04993622232917416 0.07652214215551802 0.07528091134406605 0.03642763805219448 0.07090281377674858 0.0864989347684223 0.027347342679390898 0.03367620744876419 0.04123293158920944 0.05641231495840242 0.0037182740318571885 0.006541458485172076
78 0.04478647668202788 0.04282858258543787 0.025399774746882053 0.04607494503924258 0.055098468180508425 0.050945682061158015 0.06031459347604967 0.004365227545574149 0.07193847089016281 0.07514672544440124 0.09876257493485442 0.07132915071429526 0.009641070176510773 0.024219074102513678 0.013049519547528489 0.0876089396115929 0.05614449347514845 0.0003467937557954385 0.05589536852928365 0.10610406850103211
79 0.11873471524748094 0.02133324536795901 0.06128611292899684 0.012649986842746814 0.05986652307865537 0.00033881710152649066 0.11601245598413856 0.10285269306713073 0.03140014684948346 0.04413558864010079 0.01123740899969376 0.0032946601386661316 0.09720084343323818 0.003565909685790867 0.0859477428284625 0.020904197181428524 0.052973100147193544 0.006649946257463138 0.08029356259385739 0.06932234362598702
80 0.0034825504641926106 0.0679130187960463 0.03425322279462603 0.00384859908658952 0.07916099187334254 0.03028597610169175 0.11395811001214493 0.0008113276794901455 0.009147456105848183 0.0999376371925853 0.0032353497879883133 0.09359641347621478 0.07053512733721186 0.10142955744767748 0.04206949435410878 0.003020608215141884 0.09932887733489408 0.004413107049204831 0.010861393425353255 0.12871118146564747
81 0.024031144320996754 0.004084445172352535 0.04773242681833632 0.045662467547492286 0.06139302044912273 0.0077388536259068 0.09083714556588074 0.010540419440055881 0.02405324788185457 0.12562847120772605 0.04309365520814867 0.02702336367142415 0.004344617662073658 0.08599139233790286 0.07160098477383918 0.056950570175217645 0.02088205132187389 0.08263949968169033 0.09539564099664401 0.070376582141461
82 0.01269181635738899 0.09243214549340721 0.08173933245753488 0.04956950757888895 0.011212827390103621 0.04591005142574568 0.02468459835814192 0.07292502916405275 0.05011595908802156 0.01151346447966719 0.060004894048443884 0.07606910111218416 0.015737642762842216 0.06249039161676848 0.01068679775836919 0.06636411319974238 0.0407414889845399 0.08139608103884327 0.0278622235216585 0.10585253416365535
83 0.0414992152946647 0.03743978572320099 0.06853676311625055 0.08931486266267305 0.027639858043170217 0.017948276522510565 0.03161752667428442 0.024212622074597016 0.003990057649917503 0.08732656178812613 0.059598443427866875 0.03348593811146905 0.09169115196578088 0.07461434447261125 0.031896435003555386 0.07642304959705601 0.03603104383982089 0.059823894431053286 0.05194629131257204 0.05496387828881942
84 0.056683956957358776 0.0313687510833581 0.08922544945628964 0.07723928344015063 0.021678819279087963 0.0826331192992448 0.0893695451574449 0.028703246984816785 0.004754662182076589 0.029273186950102417 0.022912460683093116 0.021228973803684836 0.010838063880649819 0.07222646343552108 0.02804357447688492 0.07584037169341604 0.03371247791670148 0.016201709705187275 0.10204349484843266 0.10602238876649832
85 0.05053006200344841 0.07847320709879216 0.05418725345979019 0.03855179582671016 0.024725202720308058 0.020099274647533482 0.01667634911165747 0.06954473875889092 0.06821286410978618 0.047550193354447656 0.08073652514709628 0.04011191834836891 0.07106655950598045 0.012307593388150514 0.08408716109493097 0.06924097426879004 0.008585671089076726 0.056940489396041155 0.02251470232653048 0.08585746434366963
86 0.03843269779916735 0.09261364861524563 0.061523887976073256 0.09871140722144192 0.08148068397090295 0.04323006417346992 0.068272442656841 0.011003613180923627 0.0006735430572328529 0.09210124531623291 0.03023224406457204 0.015354973954191886 0.07625021919991168 0.06202970769027499 0.032485129749838366 0.0382733747794813 0.042002114009412596 0.012189316175253458 0.04690560758691863 0.05623407882261364
87 0.044306922695800846 0.053008679692636756 0.07603227013710943 0.03452375092206256 0.06933964091560478 0.019683673531997268 0.07294184451724858 0.059511608520815065 0.008602851702863179 0.07575721176494085 0.013760199296804738 0.0018071153913745343 0.08439067670700674 0.04491461729348779 0.09079852597877346 0.06854769814486338 0.034287818981852285 0.08939972398765045 0.007639907484733429 0.050745262332374065
88 0.027946022823593375 0.011114578950336705 0.07203385964590993 0.015406377308184135 0.0696766585775108 0.07424422377931071 0.06027187850773531 0.08944700256181091 0.046054317453064486 0.05010063971011417 0.047560852921302764 0.07335637188255519 0.07868260995144429 0.05107317574084429 0.03805626642017104 0.01670942617974935 0.06433872949207228 0.06300042801702456 0.039996254710058535 0.010930325367207096
89 0.0729139635409576 0.09302623271353407 0.0013186915879825458 0.044915960349610075 0.06366938062920265 0.005316117823952137 0.052002211894631306 0.0692670971854802 0.03978183705184655 0.03256087568591705 0.04098129187637786 0.02895521905980046 0.014079358900048293 0.07866291482468946 0.06394580569858185 0.08419608100421933 0.09550413596234575 0.018036650815854392 0.012850062709443293 0.08801611068552513
90 0.08281150775468608 0.03441021385534584 0.017875304986111135 0.0010162284967741675 0.005833079023229632 0.09895770992372549 0.10420488583190013 0.09090198706444862 0.04370299189798904 0.008219806311300823 0.05680285963344805 0.018928184373981808 0.10531716834265341 0.10501255717396071 0.08224231990213869 0.008890804401253711 0.045355333386035465 0.02002021138177888 0.054262533576692445 0.015234312682545794
91 0.057190738731826146 0.08317595796296243 0.034407753967802567 0.07133373657726387 0.08357707101025183 0.03191197263888282 0.05672527272297922 0.04857952297276327 0.014366774903896967 0.036443046167281674 0.04677353847833209 0.05632892805402636 0.046025606981742635 0.07456617736875489 0.08388241259322685 0.06963162507227998 0.00832087872508893 0.019755145685743828 0.024296021278789885 0.05270781810610369
92 0.021888090543598922 0.07220194895183307 0.05206036445880816 0.08607154717321959 0.049872872588168485 0.04539480720495605 0.058457166408822724 0.0661144781799639 0.06126607218384874 0.053259693601293075 0.06575590153651822 0.024802924551427744 0.11304395731001086 0.0038741275382217326 0.07497194218483758 0.012088938460935972 0.01902819075599632 0.10506808252622633 0.007796904586458904 0.006981989254853521
93 0.0737144046816021 0.028020906545321467 0.055226925491051744 0.060412511478188595 0.08419534528566265 0.0351700338071678 0.06304021644957908 0.018656002299846063 0.047875504482059496 0.04589235787955516 0.04702907758691048 0.001103778723332941 0.04160100277385014 0.04455384320992341 0.06558726670879528 0.0552759033507456 0.06735981385477303 0.04489053584366415 0.07389900007156658 0.046495569476404396
94 0.08293834636283964 0.022616829764038393 0.09445614104673707 0.032557823982198836 0.001132395135161176 0.006439441802407091 0.09666808510539016 0.017453911724357358 0.05388262752564242 0.09347372396195544 0.030118486716694273 0.0691147924701953 0.09062528013776947 0.02558629861747991 0.013556158694199372 0.09498941164317863 0.04699566424055451 0.031200543490105793 0.023335291706667784 0.07285874587242737
95 0.09016350059042211 0.037430920115260446 0.0745501667954934 0.015853359669017145 0.05231130387134787 0.019446859145067417 0.08063746068550261 0.027024448850674326 0.06865875055374632 0.012020284408154811 0.08029083299355452 0.08465284582263324 0.08802831819096674 0.08184011712604353 0.003038702401491871 0.07259581526536237 0.04308205302832717 0.019716166350330713 0.023181089086979197 0.02547700504962438
96 0.07003767265915571 0.06369150562737491 0.09344191100846912 0.023540822818784713 0.029617478652048192 0.06676427913398693 0.05326339666090897 0.05118456593292573 0.014843232571216959 0.004870107431699935 0.03408295134943778 0.02930567161574223 0.05057289913571435 0.08226073220238984 0.05895945085977608 0.08831775995841191 0.02724137454805676 0.035965690568566765 0.09529825636969255 0.026740240895640772
