0 0.02404445909021125 0.061595369936638875 0.09888030097780973 0.09353148630154351 0.019302299613935453 0.005254300737157841 0.024171886079308445 0.03944787822911685 0.10231941016753462 0.10107354414436492 0.039291879719383645 0.019668707394013923 0.03063304956084002 0.011866813341480029 0.06905556424234144 0.07066549930844936 0.045739425611217854 0.006695708168030656 0.04333300722867012 0.09342941014795156
1 0.11113311609977577 0.10118512111355187 0.09405822615956923 0.09162294494990761 0.0949602247763422 0.005268757523316915 0.047885281894381876 0.009061656479081009 0.05452521714108883 0.016844461746405647 0.01015054532706076 0.029231267353915905 0.027356673607631523 0.03875890668822477 0.009879086578550656 0.00894814986226597 0.04783363282333612 0.07816393061670761 0.08380679333300052 0.039326005925885275
2 0.06988159254696391 0.021765822372021768 0.06404674328682701 0.023697406777241907 0.0240449868353538 0.05138936546329869 0.043789384343869246 0.08543335956964282 0.05213870364503713 0.0739021132722276 0.0731426629808404 0.06977891752490983 0.053267243315713086 0.09264095968062293 0.0036612190526492065 0.0022049851920838593 0.03505755758498701 0.024973950969567237 0.06388439714872074 0.07129862843742171
3 0.033174985290331756 0.10413025110400138 0.07347413239485255 0.002973669721720264 0.027546500925690075 0.05817090907734375 0.12451416543795661 0.025343333493974073 0.006395050678818531 0.04403607753317548 0.011641622205309793 0.08480932541232127 0.08304076091918276 0.05278197676637495 0.02552209928382295 0.02778462561040053 0.05757920888588451 0.021497551150065363 0.08609892970635834 0.049484824402415
4 0.00015323206137170622 0.08968497398483052 0.04104820371987903 0.0234026221728496 0.056856384920805116 0.0004847369165674488 0.009022190719359587 0.0063474278594881145 0.10368583177288482 0.03273068545717052 0.06736127916845382 0.059334410708186056 0.11317917027332981 0.0043673296717316795 0.06358840098898037 0.024708883655221132 0.055576159164402034 0.0784818673210485 0.06454554824299302 0.10544066122044711
5 0.05985456422901937 0.018247177006838824 0.03962748645962072 0.10539209206943843 0.04328303674142105 0.030067121000532764 0.015793076330040103 0.06788270876237176 0.029750613867275705 0.01042442736352231 0.10182400494214486 0.10027327275395992 0.030571466960886334 0.04468261288805841 0.038676460869982845 0.09925699025723903 0.0024038290143175555 0.004360240051801355 0.09088630111194052 0.06674251731958802
6 0.06243945690787618 0.0579885916388134 0.08669975781265572 0.034847500717370104 0.03603295869038063 0.08020719124914663 0.08713408659850462 0.03795976614563453 0.07861165762546404 0.05218232156215893 0.015174537984255379 0.04209665171485882 0.03789153846797414 0.025507185654340275 0.022067823698200772 0.0633147311614511 0.024997272300054704 0.04553308578226887 0.08581679029949957 0.023497093989091587
7 0.06355698616158227 0.08207058181026101 0.030746297778577094 0.039507890149694726 0.06232688216701146 0.05806459786125472 0.014315661252080569 0.041329599469340686 0.07085729329500316 0.07864158166019462 0.07283284868983732 0.07520117956234988 0.05208728110661303 0.05832533145473048 0.030326357120934077 0.008986994732405381 0.057791521575981844 0.01895574047571481 0.08171870250838066 0.002356671168052257
8 0.09801965610179611 0.016518547676433678 0.010768888840473608 0.011714839637430875 0.050880211466186404 0.007651803354132214 0.05296930701864968 0.011633954318885512 0.12275382445678194 0.12589966981395775 0.09247315331924529 0.016994256294232814 0.013512939835323782 0.08739170228788763 0.03717879399791432 0.02259160834087902 0.04690156304065252 0.06525873778939954 0.052814350817329346 0.05607219159240799
9 0.03895753935469698 0.01648724763714638 0.04476381739209738 0.06043055762642585 0.008950457970306462 0.08938608392205923 0.05056247189738004 0.08092318791493416 0.050066652851272944 0.07520908397621048 0.049695291223360055 0.013079445292218366 0.04694352429496471 0.05606557583017159 0.039170194887229975 0.04091061319600605 0.06060341294293854 0.06125463862049527 0.03330928190230101 0.08323092126778457
10 0.05904695141805324 0.06461134378266334 0.07827259959242323 0.08397640542572522 0.05574680574688162 0.007824053477985083 0.06406876331303694 0.011599421686507669 0.07224630256778165 0.04417223328190729 0.037965323178169114 0.06585571656546191 0.044494633379039444 0.058056926767535544 0.030380009515741952 0.0005560347378012909 0.09384366385169636 0.01733122941788109 0.055625691445424424 0.0543258908482834
11 0.0372754177507208 0.05233389480910793 0.07676916529400671 0.0917332474136385 0.05268831043551018 0.01242066860141127 0.024078221703559756 0.0591602571818148 0.04173545231884482 0.014600282996898873 0.03986573299710714 0.09093461243492416 0.05878902359830925 0.08700261624455623 0.07479363900366832 0.030059943544141224 0.017585748249093053 0.08124871184556814 0.023987122398755372 0.03293793117836346
12 0.06688350360285403 0.016233987499400093 0.06406770914553109 0.008918474150188658 0.03390221414671224 0.02150531989948059 0.07632599196646166 0.08408608826046216 0.06097574115319716 0.057226097031609115 0.07515690910186483 0.0798891330276221 0.031811603605502614 0.028966323730642885 0.071948425793204 0.056876006522362715 0.05702960262497139 0.07712093840355634 0.021088962398899885 0.009986967935476687
13 0.035887955939241115 0.07537229257633202 0.06282516086597231 0.018880450871006458 0.05355260759491966 0.057872745273159804 0.009931145179521822 0.09193730209080306 0.04627065245207368 0.05826226294522348 0.017637792544316667 0.009204146253585163 0.01120783378671071 0.05467247603090581 0.06488300714038776 0.0490218365525218 0.0800394631082801 0.06075344900634931 0.07209099419743635 0.06969642559125278
14 0.01818515410946764 0.002543407061353279 0.08279923300368659 0.0717845856332854 0.024901607169351983 0.0354199014089486 0.07209765115464353 0.0716076892481272 0.008522400946254463 0.009479406128227305 0.007011038628690345 0.07072551730459296 0.07229636055193277 0.0831829735270937 0.07541880118100913 0.07588849879042979 0.08957184357626362 0.0006820194548095038 0.035640588649786066 0.09224132247204617
15 0.06643700430790038 0.0016081776506995178 0.053563086157723504 0.09527922535659386 0.002988779916282923 0.08393126263734242 0.09977581275041092 0.0743536002828522 0.0017774113888449146 0.08454556730807887 0.061408148313296364 0.09932217265614374 0.029821916590909256 0.036556751217647426 0.019970942324411288 0.0469163131970286 0.026632196227924853 0.008996062596016183 0.021977130648257612 0.08413843847163506
16 0.00044776075253160193 0.0879618493262934 0.028752700196123977 0.06097348983354603 0.09105204396058553 0.08356254634039878 0.01603348948816511 0.017146828324553696 0.029751710856828786 0.05836022279416612 0.024992702846764536 0.07401971323231984 0.07474477352538376 0.013938970820864436 0.09122971497359843 0.06868538516062798 0.06936922394360458 0.035233121546666565 0.018216899327527642 0.055526852749449164
17 0.06998806371701101 0.08320377085140003 0.10582407499376392 0.03813153450864003 0.06408175640540491 0.06120293662658888 0.04076906052034893 0.09448554394075458 0.02308053960606741 0.01805004791974992 0.04560599391610957 0.04566675428224321 0.0557661299608613 0.06035708770682724 0.003399342350425324 0.04585951659427622 0.04441781578177539 0.02264695868794086 0.019807739060523306 0.057655332569288106
18 0.00030308151188551024 0.019493921309592547 0.040807106992965955 0.0003870215320619986 0.020793421988779457 0.07039035248636641 0.11166614158789269 0.02768802700942995 0.03719800198852294 0.04384412982469899 0.11428818241760194 0.04900549339983473 0.016626987226890298 0.10966314806566584 0.03598114037394198 0.05034829262599199 0.032330852142762656 0.09694577672723483 0.11390193700670129 0.00833698378117814
19 0.03615346053339731 0.03282741060247167 0.08058136704643 0.002557608453655407 0.03211930476189854 0.04757575391123522 0.036325354110579536 0.0373395810432487 0.010622096245144543 0.09692296517656898 0.07378112418294236 0.10516847813999604 0.07782081649364284 0.03302290790754303 0.023863020128973032 0.01353631846620214 0.011476082438708419 0.10083596404437442 0.07017230399132525 0.07729808232166248
20 0.01927508648280876 0.021848162636833816 0.0282000399241378 0.09028147244381916 0.02633330457223048 0.1029624205320718 0.09447480842361229 0.0704871768886513 0.089587370284627 0.011741876499779567 0.04137730473664313 0.07188930575178015 0.06026315647749926 0.08691059775908345 0.011622617302898455 0.01947285426644316 0.06183683930427947 0.013296070076355249 0.03689487732882118 0.0412446583076244
21 0.07313348223549183 0.03491992154705776 0.023223991956063228 0.05143422247250154 0.04611732435771642 0.09209088480198742 0.03945206907540333 0.019749441641812856 0.0018990221713671913 0.08767694152601954 0.09212885350638719 0.028015108728558724 0.08927092327210356 0.017373085565614156 0.03836814493375536 0.05915961482813581 0.0134525596596816 0.05801297378056623 0.06813689118561647 0.06638454275415989
22 0.00766984898772893 0.11039974988909589 0.06903311902571559 0.019438672907108732 0.0648860543304186 0.0077926036411391925 0.0044898068054233815 0.08832801361829994 0.07336354825057355 0.04127485314706545 0.07726022575273632 0.015340157383138459 0.049170521329532244 0.07384032218187675 0.05010371211045437 0.027520446369088767 0.018243456763291546 0.10941938675276705 0.05323445736325629 0.03919104339128892
23 0.0762755882832339 0.0014345508741734866 0.06833280388636823 0.05939208832646341 0.05647984181756994 0.013656584744913762 0.0697159940641461 0.04360007428898232 0.012474694657020658 0.055691426370797145 0.035882504889947396 0.07780394759745957 0.08438674773279442 0.01619641039879953 0.014535191223524336 0.07821649455879527 0.09363709154327654 0.014560089696482679 0.0615809311875091 0.06614694385774225
24 0.03357389769914207 0.07966930879830961 0.01968101143168104 0.021299867749802262 0.014049047489948795 0.07544378429034716 0.05471179766962478 0.01400565672673086 0.06783302528481652 0.004624509193721947 0.11004556661736242 0.09033339111854398 0.04149832587685928 0.011629920607043208 0.08074956177565253 0.026915616265273015 0.023552053560199203 0.12198046656637315 0.06080929107910174 0.047593900199466306
25 0.054430046574308694 0.012570509603083733 0.006986677763857255 0.05324168236067873 0.07783271582622439 0.07199517813387918 0.08497918788887474 0.04519372662462801 0.02473797395334814 0.005219991166485046 0.08233403798935136 0.06342212213149316 0.03998536269647013 0.04878122705745812 0.10462899000094363 0.08507759735787303 0.07951470406001404 0.021648991656289668 0.001945156851947133 0.035474120302791845
26 0.024845456514736942 0.029853539654128795 0.035990659396848645 0.08286708278938734 0.03142313464930342 0.07936892009941407 0.0006865233834541685 0.08451047476653649 0.019141485879647206 0.060865400077618516 0.056081549260718296 0.022639006295842975 0.0014259601362456586 0.032552959122849036 0.04650822136743634 0.030709575641257595 0.09705022140246672 0.09506523651319695 0.07332117347606938 0.09509341957284151
27 0.09514493739927744 0.03173683384896849 0.00698904002752438 0.015108037429416483 0.015028864703032566 0.0904679565515746 0.10130760254185475 0.018451207949256553 0.10056241187123813 0.06868406525214273 0.10219610970044161 0.05495257807141568 0.03157294511637072 0.027141344766238043 0.03382550230280595 0.07929298170045213 0.04916334894331999 0.0017231733495977784 0.03318986324523394 0.04346119522983811
28 0.009429201823287135 0.08541133510173742 0.004963556678418168 0.030247626476601664 0.11191236879589521 0.007238874255317486 0.012985268165767177 0.01702140818420677 0.09040116710650373 0.06702932814531548 0.010452179772738523 0.026281058741007488 0.10083589142378484 0.08388920218783082 0.020541927825153367 0.04847986207556275 0.09106480180654605 0.07859995674185372 0.08135710541461462 0.02185787927785774
29 0.08879724656930192 0.060170608116912674 0.02228544904613296 0.057313632237710146 0.031673235307577804 0.06803691051286836 0.09048609512021519 0.08463291090119762 0.017663571244459497 0.04795272370199438 0.08430681942932254 0.012464853741420036 0.07410965798966651 0.02634355192566005 0.01644624778707217 0.06767253401455195 0.0022995681603122054 0.06850338367516856 0.02457607898328076 0.054264921535174745
30 0.04360408159780673 0.08997177379390672 0.009302656879392204 0.06393932641252394 0.04502104967183031 0.04446740120265228 0.10766735456784222 0.10372660900227494 0.0282274472490758 0.04279210294904168 0.04854166748371182 0.032663394925117016 0.030733189946345007 0.10722246040551166 0.013499300638500817 0.0285989682810535 0.005164958901553161 0.07250661597504357 0.02667262051770544 0.05567701959911136
31 0.06371495541492839 0.09009121284564352 0.040381420537428145 0.05961925643714549 0.09677040304441634 0.07716813393017329 0.041595537957695036 0.0630654815074281 0.005233222495746996 0.0782314964578 0.024222049802143708 0.010358749196406308 0.03049147519897255 0.04456781325633119 0.09197517757583995 0.0630871520258697 0.0026994387146066956 0.032275565663416085 0.06995508022958845 0.014496377708419895
32 0.015115290057857875 0.056487014492620335 0.06521088090652516 0.033064761916151 0.08140038921396901 0.01895744468197303 0.05399899586470275 0.0607861568002625 0.05813434021002908 0.07802063262611277 0.019882525911086232 0.04031285917709395 0.04050572047585585 0.08228233133917523 0.03801015751398362 0.0854867612355721 0.023970748100378882 0.05350255533733992 0.07922634379637075 0.01564409034294012
33 0.012827341007460795 0.09848475986546021 0.010934323528941258 0.08969675841071076 0.02121218536209742 0.09601711570044218 0.025116412018898956 0.03233147825584759 0.05313459140198662 0.03186997032912553 0.021669086244729827 0.0691583470032834 0.026013330821590474 0.0655490971038563 0.008786425917635725 0.07735054837673154 0.04271008386686136 0.03620027232761859 0.0851691723438165 0.09576870011290506
34 0.015967299572615733 0.045905308742098395 0.04200709480674563 0.06121520703132811 0.05401944798968119 0.10580161184326374 0.02011969702039216 0.06250594223155853 0.036677713038006335 0.033005048328231965 0.07898095379367129 0.07733874063099462 0.0003219503747125179 0.005278041156782934 0.01788786916740886 0.055240949462953784 0.10150788195667435 0.09038912072280776 0.07760001995546907 0.018230102174603132
35 0.041267534259888446 0.06081181900274963 0.047807184301176635 0.06805878685194985 0.06636051013167114 0.024778008768253174 0.030444423571649743 0.0038108863044586726 0.03353109172540175 0.09449188146650592 0.002082417954241343 0.01128330928335705 0.05164421541238817 0.03225707610165502 0.037683672961709935 0.09628331810966956 0.08187713459000229 0.09083208009933928 0.06981042042818664 0.054884228675745515
36 0.10106728374016002 0.005355128430059975 0.022641861037207046 0.06104234480282792 0.057690842395125015 0.05630948396941072 0.07031247117389641 0.0451678104846686 0.05680845202551424 0.04706951897116065 0.016749576565994077 0.027298499816419363 0.0801958993826756 0.04988927226117507 0.034063843601039104 0.04808181713271921 0.07722495702734083 0.04970207054547593 0.00010144144167321008 0.09322742519545717
37 0.011868238139678505 0.03130774074212124 0.01636707350878135 0.08913584929691327 0.0554634394798982 0.09826447771116946 0.09263313887283477 0.08943668517077731 0.04450556325675106 0.048931271047021954 0.06239076792367654 0.027042934359081873 0.020351370149641456 0.044818210800454124 0.03731471759737749 0.060263795207395464 0.034977638429269174 0.02394472000168703 0.07918058937512017 0.03180177893034967
38 0.08707161804949938 0.07800092721486727 0.00434912142544701 0.08566771928275305 0.06808810818512621 0.05996702936482314 0.06031018753907073 0.046541723762756754 0.04872423850852524 0.01879457897089392 0.02347559236386577 0.017311342991380894 0.04999455799549652 0.049153722228491376 0.05189733991154039 0.05464395144860382 0.04432782146516656 0.04980764579957032 0.06856218707550694 0.03331058641661485
39 0.07210740223871501 0.00799157644960433 0.08829886706237404 0.07799042281717099 0.010868719830233093 0.06552784353651274 0.010338786446655078 0.05682792559673011 0.005050651751386176 0.09342148943822005 0.06636946715145063 0.019063190987542278 0.0643571760457871 0.09159862979236635 0.040696512817281184 0.004337860312251688 0.06585210888818703 0.036838343281829576 0.03049619948829704 0.0919668260674056
40 0.06708523496002056 0.037164192995704025 0.0312844532560446 0.012159042382129137 0.00923035465317934 0.06981785751630444 0.07584628893301795 0.07507476517881348 0.04303062935687047 0.062416494909588706 0.0540107552614963 0.0672424137410846 0.04929820509549915 0.028446515726021512 0.06623957848696468 0.03475509278582729 0.046734302592835716 0.03599692831745147 0.06075804170570211 0.07340885214544447
41 0.018780070722717847 0.08199537289241764 0.05387221949412856 0.00025518930230473887 0.07737569022166407 0.03660766890517281 0.007756844459197678 0.019244922466069334 0.03237420730765146 0.009001685916368844 0.013138036180025243 0.117602858451183 0.015872152478947882 0.0769469479280444 0.03598436180042062 0.07654697913624717 0.018715010929013932 0.0952058615908538 0.11049464717712702 0.10222927264044394
42 0.018830616857249616 0.08522077503360503 0.002689298358944104 0.09115823259580341 0.013322494326126635 0.05962913885969961 0.02626365709438475 0.061379256235081454 0.061728451801639 0.01905922430541185 0.05960500345803643 0.0743681896112625 0.05633199430404137 0.06291369957347749 0.04179215711914535 0.07960041650875156 0.002102649362096853 0.04723189921596102 0.08440515472843838 0.052367690650843464
43 0.09257636540817268 0.0006537042398552948 0.020899930614212525 0.013810692565271203 0.050988764427003716 0.09208971666027443 0.0935462501900403 0.015459327515498791 0.0042854470368411356 0.05581661393118891 0.047496350358741 0.08842662283148274 0.08083685239770276 0.0037409720688286515 0.037984291546548456 0.07993889210683733 0.0575343667475904 0.09110642322722831 0.05017776715607929 0.022630648970602137
44 0.031917288006201895 0.02651609262050609 0.08000663049460575 0.08555268001602834 0.08478039079363077 0.07231026507830203 0.07593939356175673 0.04882396638207059 0.03989157882903266 0.07425003378907712 0.0657015493744995 0.042479704840481754 0.007303284431620904 0.008240610452635107 0.011200124936486684 0.07459534240338957 0.01775111715186696 0.04367579514057523 0.0779985566148755 0.031065595082356918
45 0.06150292686323966 0.09268586611992694 0.04041731019475143 0.09730484234459151 0.04110462976208194 0.020783277772723825 0.04065182188877692 0.015880098653567827 0.04633785730195935 0.0799216874747024 0.07263690219207312 0.07495013753059378 0.08341421312860653 0.09300228654302502 0.0038547053717891853 0.07624308717947509 0.01318508780831919 0.011063805507306556 0.008835433174490573 0.026224023187999098
46 0.08415351624009042 0.051493894956701855 0.10115248939299905 0.015639487373339613 0.06346405234940979 0.08779862674017416 0.012703566199370896 0.0018155651129895486 0.04492717850527223 0.027825926652152996 0.030495580801124224 0.09980929907007427 0.08297664025702504 0.04090364935655149 0.08590153423198876 0.012449952208966905 0.026371662585035496 0.002598292410045931 0.06934414542716118 0.05817494012952595
47 0.07968051855648148 0.0734000162748609 0.08359115699965824 0.060341637646695305 0.02639805814110802 0.059144494612086644 0.01229809879052942 0.006279329500826743 0.08298076659336982 0.048637571266807476 0.06497717161796455 0.005589392376128279 0.0775288268567488 0.09518720227505728 0.03068877291491265 0.048761057484630006 0.0805456435509742 0.01559747760995154 0.013288840429455728 0.03508396650175293
48 0.06916295479621491 0.026189114944496054 0.08342937532710062 0.07406219657015055 0.06401111480511407 0.0496794440537587 0.022707989936732825 0.03712129460458639 0.009766256616843123 0.04332739522554658 0.023327048910100182 0.05204406248107065 0.05882392029083993 0.10136832111796172 0.05702295804793725 0.05201109120590762 0.007627228580600782 0.061073940185557105 0.02718520812307201 0.08005908417640879
49 0.030603750704318058 0.06084227996322225 0.023111305040443997 0.05280913605126644 0.05789640725415023 0.05220164137645268 0.09215934278677268 0.028086385578640936 0.08472764634252407 0.08959349069474641 0.0733621457179695 0.04854964961344329 0.029880732027028293 0.025137694061051055 0.03813413699217795 0.07317967242577597 0.03960426389472823 0.03627818521669605 0.027186434582708127 0.03665569967588397
50 0.07914580775215777 0.03559306681556962 0.09524134714819883 0.014153371388869669 0.009791423061571691 0.04161129901687404 0.10297167175303794 0.006102755335670365 0.11857630694172598 0.046454707001684574 0.08164951503121586 0.04816403352552919 0.0016140388051187455 0.05158497385138599 0.06312654426733462 0.02655402368073145 0.038069106839823896 0.017472526818968808 0.04794409210977948 0.0741793888547514
51 0.11832146605860028 0.022741812035435658 0.025546741079378488 0.04775745366389092 0.0002741499938971557 0.005420766184965388 0.0614436530329328 0.04612591665227827 0.015147625895999668 0.12857172295143066 0.0981584508495401 0.06107032117209769 0.0355342057011239 0.040391615966040066 0.09852324503090718 0.0330561513142374 0.09775722770252178 0.01436251474249065 0.025019175480492102 0.024775784491739755
52 0.0011696560495371702 0.0006089154619506125 0.10016874067211833 0.04972575352336326 0.01506084913124529 0.0837666277208402 0.06126037748718084 0.0014069170086899146 0.07228200925210414 0.032394023894663816 0.09763437386451163 0.08232593685162642 0.08873599219883772 0.04737982032200001 0.06950223291657756 0.026463361488744765 0.019031784425505464 0.012910883713204776 0.06817381159643329 0.06999793242086477
53 0.007434155275286649 0.020769730363411273 0.025502774973800095 0.10451220252460855 0.09799787330558256 0.10423381501980396 0.006412103410918734 0.02656814361687342 0.10762279030936384 0.01903389195702956 0.02694355765182396 0.10152531162259654 0.0010080953005761738 0.06792703121474178 0.030162864254182478 0.08137351184956312 0.06899765775328476 0.0017856390194484295 0.0015329397496850238 0.09865591082741931
54 0.014935692428881275 0.008071043146545725 0.09261900448166341 0.06486865364816961 0.011407563070735092 0.06486550913156809 0.09555286999979293 0.02163133726201664 0.08418716509901793 0.07125891710358968 0.059433960336888976 0.05091178377898378 0.09612798824224238 0.05783887587745077 0.05062223382260679 0.015574004007686569 0.0726631736601746 0.05032010052811095 0.005666188689744651 0.011443935684130305
55 0.10064331666481317 0.062304241008280505 0.04172973626359258 0.007750046765347485 0.029289528083133898 0.10251422847157837 0.012440416731203665 0.06859421888014 0.027844887245477356 0.0366638567371073 0.03071890565660562 0.009152514595937116 0.0316761436776749 0.0882663126024634 0.0779880827666821 0.021445972064159515 0.04003141672074379 0.02581199415848065 0.10242405582410348 0.08271012508247533
56 0.03336409040629033 0.011324647518477584 0.04035020429564578 0.050998297250664945 0.0644460580908535 0.07991824436878862 0.09242681555100046 0.0019509994910105039 0.029999594924238808 0.04747489517014306 0.03578664687538552 0.016493667611126507 0.05035933903760346 0.029197796052408957 0.05734120259304594 0.09203292750385102 0.0724807184907997 0.0664216574974553 0.08222366283549352 0.045408534435716616
57 0.06186756553041768 0.05988268627545305 0.029654351002226145 0.08867885852276532 0.08323355345142333 0.06091321974645961 0.046155206638887995 0.0408316596142244 0.04459848230665391 0.0013790129016878702 0.033303950846801426 0.08953929968397466 0.024168481042216226 0.06556126415834787 0.07316360906192343 0.03322897109183882 0.06480272871223962 0.007466898159109751 0.035355473169605425 0.05621472808374343
58 0.08946005272238096 0.0918689994295866 0.012576703233502217 0.006340050707490499 0.07684185211435389 0.015336687038648024 0.003989068280052324 0.03914566645175354 0.01467024092151168 0.03940074771418103 0.06732017765032407 0.08814108830179507 0.08478079450828525 0.06747982337418791 0.028603564288505814 0.07699492562557785 0.007792367393849538 0.08678354043590267 0.018235254379232468 0.08423839542887845
59 0.020221879440929066 0.02820667587501112 0.05868041847006 0.022193076809504147 0.0033164927386678247 0.08435058367694202 0.039833799664588415 0.11008584791165228 0.09523072771174475 0.010270276571718242 0.11893314767711294 0.0509682526031881 0.03392923662251246 0.043445183463932856 0.05197726624612803 0.048888103246633424 0.04643895125835297 0.029038319189266314 0.04285927853418375 0.06113248228787127
60 0.06883424564487166 0.06342840208452012 0.08925912498925954 0.02789148143441347 0.0260965765993081 0.030777224524195138 0.07734646343988914 0.087628027934437 0.001746244349090614 0.06838597201613084 0.044532080518319105 0.07280098289635918 0.03385600000696304 0.019266073687136603 0.054750038124585565 0.08418126258095796 0.05419773992495365 0.031109463333040273 0.0183826029051607 0.04552999300640829
61 0.10825010742388409 0.044798714825846846 0.075651407819816 0.009559722370923151 0.02708487374690631 0.06209011249712734 0.08732183165283917 0.05101547506552813 0.09630821768105738 0.01273076144915118 0.012279991908610411 0.0016003663705193105 0.10875038433281575 0.02016722827987127 0.07878021790289906 0.03935696632697211 0.04869554653569488 0.07811044461836474 0.02633358671469521 0.011114042476477569
62 0.0714164276437171 0.006854556446470423 0.08178371964906735 0.02694758792215861 0.08676555747588267 0.0453554837235038 0.017581473226770183 0.08007361398285089 0.03523657786464741 0.05344469845911016 0.004215907958193022 0.11606442964207489 0.050027148916484604 0.10582469449809037 0.07654996722415718 0.017754249409147015 0.029533795870865995 0.0005012922836169491 0.0423810002739789 0.051687817529212476
63 0.05925775974354878 0.08128751408233251 0.02666931556893822 0.02207606453095275 0.04308987056304491 0.05711624335022819 0.07490004909397102 0.005227217587347528 0.006473200215049524 0.08777687071312996 0.08217723569961242 0.038556346458916646 0.0679977242932659 0.02368299307161068 0.03121299885295619 0.0734343074453665 0.05999697386767257 0.05682218301045825 0.0283887999698638 0.07385633188173375
64 0.03206819338662771 0.008901032816893122 0.03649202247890612 0.07719707253189831 0.07135064381818164 0.06229170836837514 0.07742916573886234 0.029851733722137782 0.04522233537221578 0.07304093636791416 0.06602321138138154 0.05252649946018743 0.022628780563932673 0.043974629666550795 0.02017782793251306 0.07839008035760567 0.029298954255663052 0.06934360539202825 0.032054973630200864 0.07173659275792471
65 0.04292806496743976 0.07607065259555498 0.06152868002494956 0.09445194847780004 0.0832149065387632 0.005168367487908339 0.05877085591845044 0.0327319829536308 0.000272589786038736 0.02383634526136821 0.039699392394865335 0.05836180147673714 0.06509064565126589 0.06870748094385912 0.015276036978742354 0.053009986335463555 0.02665923441903579 0.10042654635799449 0.002428427681437603 0.0913660537486945
66 0.012863340106455332 0.08233548772159864 0.08077032814944292 0.03305401194153562 0.04562867059086893 0.0016395135557416534 0.013015835406376203 0.08818733065959093 0.006471826111773494 0.08670498576961674 0.05912326941053296 0.06850066161871127 0.074065712177585 0.0023243367456056226 0.07568090299706812 0.03413187066947134 0.07618407402160618 0.08686217464078391 0.05483523296497608 0.017620434740659024
67 0.06040109978559335 0.08687785415672852 0.04751790133481224 0.029368949488404548 0.042424115261112914 0.07053324841678243 0.06256833222019435 0.08968203561739034 0.08016066237469797 0.01216094666779334 0.008695700772808046 0.027072442727566114 0.028560774281562604 0.04910618749716312 0.0303541872251126 0.04975553619111446 0.02322510462329624 0.06813691090442599 0.07955080847728356 0.053847201976157194
68 0.08259304809915091 0.09696526927255228 0.04182146729147906 0.08539034453854782 0.06495393328666345 0.03260114995341057 0.09063527372477073 0.03215367771220738 0.03226880562979471 0.03211069483058004 0.02969427149764325 0.032429164745142625 0.053173013669448176 0.040238492069935045 2.577907810853027e-06 0.010233256210856098 0.0052263084296148505 0.05258459692697559 0.08533990784802357 0.0995847463553931
69 0.010225175565517983 0.05143762916900528 0.06197333540860847 0.0197734695597186 0.06818319422408353 0.0501710291193763 0.048567780969454646 0.08841858333509191 0.004890096498323676 0.02138053505955601 0.09115139566543048 0.07744028038282076 0.03597920670510914 0.07427195396948037 0.07270710344448118 0.0499372608235363 0.013816683201189733 0.08944166416356332 0.007766711801293287 0.062466910934359264
70 0.05947242945343678 0.051582325558200824 0.02401908772154936 0.005903533397237094 0.040494334110753344 0.03639561007172417 0.08061560146221135 0.07188197644033253 0.023230581438482518 0.06292272221669386 0.05689225157211995 0.07213069693587258 0.042631982417870445 0.08654905618290455 0.018684575036500665 0.05887398365075532 0.0719391832325402 0.05953761145950284 0.061669580171747916 0.014572877469563839
71 0.058168503253161606 0.07824389461068128 0.06784672145337346 0.06303761999759301 0.07108112050423024 0.0832786628614936 0.06698346049518936 0.07651922215926954 0.026925085063801122 0.05162197711444856 0.048706001014317206 0.06267282844692293 0.04688056032527323 0.03444895780087003 0.03269915819590607 0.012428031735222155 0.0070564104857290385 0.02227433736854804 0.012007020997586021 0.07712042611638327
72 0.11695362683791563 0.05030269584160284 0.04504091300200858 0.0017603917079623854 0.060632275874293574 0.00274553373457828 0.054181401275172264 0.06494834669460063 0.09400820849778292 0.04630337985297295 0.03516564664615127 0.05076610254127354 0.025581097801267317 0.009317530439840956 0.12330728348760443 0.06540864558557485 0.015693502114268475 0.046624767379060156 0.057662938330810334 0.03359571235525877
73 0.07446373643922487 0.02322063812893795 0.09098053456822547 0.10596016295681525 0.06278012896989611 0.08692770753201265 0.046723003311338926 0.0714447405655756 0.09764421770810497 0.004035087478584198 0.004733741083497929 0.09639724518901567 0.006789972941962376 0.019085847780917355 0.010637737515750045 0.05931946959580325 0.013093579618165768 0.01994258594793538 0.0006925298723498991 0.10512733279588625
74 0.008039202653281638 0.04479943286782818 0.07754218239731905 0.058485371572029606 0.030275690358658295 0.034286760583320426 0.026400825313360837 0.06546086864108361 0.0938620934259634 0.05191997984220316 0.008625812157897563 0.05509512160906311 0.08380972336690631 0.03927095237483211 0.0662773888606874 0.09658578890218206 0.0417023556860827 0.030963210773820783 0.06474434437079336 0.02185289424268647
75 0.0023072023892324743 0.10304819175548192 0.005123647651789687 0.08100027665672238 0.1081122305169377 0.024152219337410318 0.08171043518909221 0.028125651383356813 0.05685750352325631 0.0062617157965192795 0.05524118424978245 0.06364367370248518 0.024740637082113083 0.031830088044648416 0.07160523857450275 0.04349359539113633 0.02340188118798766 0.016712239369098717 0.09009618638928153 0.08253620180916493
76 0.04761242085564434 0.0855611791938316 0.0924505413228721 0.04271505749221428 0.03874452832942337 0.041692194814223024 0.05704005110581789 0.05241362299674897 0.00452242011953039 0.02522020885085849 0.08126454676709907 0.024886139795661438 0.051128452473754284 0.0012700340612942533 0.045760420142025686 0.08540815141929367 0.07458992603021256 0.07623565640692306 0.002588982749334372 0.06889546507323697
77 0.10202885119819667 0.002596067206201554 0.011524815119975976 0.020928773022536477 0.014161374555403717 0.06477863435333957 0.04764277253846014 0.08436968466958682 0.057922177669878755 0.036072343749461916 0.03889265492888164 0.07013541708184966 0.018246739624507496 0.06422396695240741 0.07444945409354334 0.05138660621946831 0.09499543898031622 0.03893195181105603 0.08703348498657777 0.01967879123835044
78 0.08190921500070547 0.021010806044892968 0.0526641902151989 0.01977282994458487 0.08012365685266452 0.02341926540584228 0.09341763582235008 0.07098728078924309 0.019851679744981338 0.05713124142697635 0.0532157973762339 0.04601156448398984 0.0034231845976221142 0.032229124701147034 0.0790561515762389 0.02395604543395276 0.06283282094782257 0.05469530336534437 0.09792523764628536 0.026366968623923286
79 0.04160536431449023 0.04485254457343958 0.015173061865407629 0.07835683128987016 0.06792480089389394 0.08697594753811437 0.01035278956378141 0.06400145070594533 0.01709343265053784 0.06686678619185829 0.0978047868129881 0.05154273539919985 0.03942115729910625 0.06388489606137822 0.042690868402816586 0.03698771481402851 0.07321350879200507 0.025063334279051733 0.05131466078819658 0.024873327763890406
80 0.071370751797905 0.07912439470734582 0.008507758745556223 0.04411398468028858 0.033964546669642645 0.005883344902400588 0.056753085675730945 0.05644235032036899 0.06342198386228641 0.026154135388008114 0.08024208131518144 0.015474660154443695 0.019883083984414462 0.020392469035262234 0.022652447534989295 0.10731975430127969 0.09568574178815185 0.007722711170397389 0.0742612693730718 0.11062944459327481
81 0.08265217441131208 0.0998838444680755 0.05740459510891397 0.009242868501066292 0.030014598350795278 0.08129362633407056 0.07592363492629271 0.04100581925998985 0.0720441023432748 0.0660648624494003 0.008219311160223577 0.0031830633173134753 0.03306931403011629 0.007056216504703122 0.08533797756491855 0.051043691256517226 0.020623951811514017 0.018662584577929624 0.07559849069191402 0.08167527293165858
82 0.06122087850816328 0.060590569940829356 0.04698147809313725 0.058553850636679415 0.023655770811690253 0.008527045715391517 0.08737031637062485 0.08521335837030104 0.010566291145447469 0.037891205122821306 0.08209547223560759 0.05416417996137639 0.06687964882370591 0.03806208774565745 0.02907701499575366 0.004366084559899278 0.05833708023197487 0.04429076810133143 0.0535020421893441 0.0886548564402638
83 0.0687206004021712 0.023910131587555238 0.09123066075829168 0.004637424861554463 0.09190160886782765 0.013860608041055076 0.0272722143990981 0.0007556354446833804 0.06935984967245859 0.09221688927167487 0.0443802326154942 0.10955229254022258 0.0661397580528041 0.023084999069324232 0.014948510521546643 0.045235239836663915 0.003291618837838904 0.08015119708158128 0.10779997221048442 0.02155055592766984
84 0.03721282478212574 0.038944719855239174 0.08152541017307899 0.025271250945418936 0.06487863092798904 0.012820070822360266 5.4859533302704065e-05 0.07029023263179537 0.017247962439054024 0.09369845735558427 0.07392143374500602 0.09818529062686812 0.03747787000658446 0.025804838905773193 0.018791488713824554 0.007870543384984713 0.09552192481304621 0.01241772318524319 0.09890479077970221 0.08915967637301878
85 0.05340138015230052 0.040491047975133025 0.03359934898373634 0.09494919855523015 0.02983718683621708 0.07795216173154863 0.0007253974205508574 0.05428551526614797 0.031091821861724638 0.054109737775251555 0.0037497245105473855 0.07540530431549662 0.039784283793108166 0.05317640863728577 0.08386139257202062 0.07975368007029118 0.030162162799553024 0.10343258207013004 0.048853378969868695 0.011378285703857722
86 0.02477545539734045 0.11306481891421521 0.011142212571003186 0.03375004642708751 0.016188780108063853 0.04611959550262756 0.01718094293325704 0.06989027459986834 0.060549203916462666 0.006666500833094056 0.011707061599845558 0.05099597945323152 0.12382521243048038 0.05748331797383918 0.11350328919784759 0.09172671301189476 0.0760355140289895 0.022096053201137843 0.023349692869662413 0.029949335030051517
87 0.03200254653173614 0.09957476749466933 0.046626493110778704 0.10332760681811652 0.07422353147634192 0.017889914226628542 0.015395991133849537 0.025188311027769233 0.08591271925277452 0.09129038385834241 0.026950836520313545 0.035517919134222545 0.023110603461101706 0.022397862899974273 0.015474963450658063 0.09785433634020459 0.03479445483355874 0.03196005818755462 0.08425358869188862 0.03625311154951659
88 0.026913370088975853 0.021817316643665992 0.0638182083221079 0.03864995925312054 0.07494411015645432 0.04088128590975502 0.04932310255672241 0.03713270254020809 0.05464298640079571 0.062340772655362274 0.06686996482940195 0.08740654840810963 0.040631571215710816 0.0011796025997246272 0.048866846996695475 0.04578762571839803 0.06288755343887212 0.07129591075825974 0.05939120517669388 0.04521935633096563
89 0.06102326804290126 0.05735838899390422 0.008504578465664103 0.06548811207943704 0.06207521280722209 0.057426921525635125 0.00280595823937701 0.005038753500214842 0.051926338794814786 0.044361596349719715 0.09103812835692625 0.0261875431804594 0.07865873657886029 0.05924041793497905 0.06687164504021273 0.08252400935831482 0.0030828165482308448 0.04194811310548064 0.08352511938422631 0.05091434171341957
90 0.0019434844842589438 0.040506333978655114 0.0345177747989665 0.002224972539647001 0.07825086998633526 0.09790933218845503 0.07438198372226498 0.10801056526681192 0.046184756158403464 0.005147306494218147 0.0943524086166354 0.09318272968778962 0.02063286900563217 0.055941899756341465 0.09140572086670434 0.029042285139083353 0.030923060204011057 0.07095347880952016 0.0025405929040635453 0.021947575392202483
91 0.0821894684071497 0.043261492078354516 0.06955444563345357 0.02484605262901634 0.0626236151100345 0.06335247537750753 0.043965875962157584 0.050613647902834014 0.045100791494730445 0.0458266452577655 0.08281306543201689 0.04356196383996203 0.025746030923811194 0.05872341738713185 0.054140719343770564 0.0177867253860961 0.011240240414172441 0.038279043066895196 0.0592134644772098 0.07716081987593017
92 0.041009089848558784 0.049476599179324614 0.09086416671237549 0.09745475030835744 0.01939946903979468 0.029353181513818976 0.06420702587487685 0.017672541227638484 0.025036239395687866 0.0879998863048137 0.03826723268142096 0.08034735359258904 0.06591997631502043 0.0847861502526141 0.020088383893939014 0.08763999107004043 0.018373368678796645 0.02707170949507301 0.03382440347268566 0.02120848114257389
93 0.07985329427886975 0.036247047733035005 0.08514201214171413 0.01836057161538488 0.04124484707100468 0.026749058189004502 0.013669831092076541 0.046848495406367985 0.04422709151236391 0.05852689459220099 0.09324886250927514 0.05859535404652326 0.0002750543298431128 0.03869483829805902 0.09367810456248762 0.06401651909044381 0.08013481899539232 0.03922448431929559 0.03078025540699213 0.050482564809665696
94 0.06699813380930572 0.044342159779745996 0.06343350106531784 0.04091812303568159 0.05460709065599685 0.017040604089950423 0.05477351850193178 0.06796143306554317 0.021639062109606873 0.08903768921357734 0.002852251760045289 0.0793099072025171 0.07279067972446747 0.04578968540502291 0.048441456827029016 0.00469690426781348 0.027601491032353414 0.061571033878115224 0.08386249273778522 0.05233278183819335
95 0.06381275496017784 0.06036772616303148 0.0003243836631351268 0.04281971020837902 0.06967053755084128 0.04178630445260173 0.12598761143384782 0.02181755722880356 0.002765858942979803 0.014088117078239933 0.047977141365822276 0.006024009670929313 0.03502145184082289 0.09967859069620855 0.02126601970736681 0.06430304186518894 0.08779527068179313 0.053229321847951094 0.058381799614870576 0.08288279102700889
96 0.014469670145475042 0.07303501923060313 0.09061547624238422 0.02268368852626104 0.03768344786196676 0.05374900232438295 0.041175665793624916 0.06873281539086229 0.08988028165480678 0.050904407919549796 0.03666027366288384 0.07085920684960062 0.08341655874202596 0.019400896364071593 0.04249835437234661 0.03675122406855542 0.049453328961920166 0.08297889351149092 0.010927926864550365 0.024123861512637658
