0 0.08401391643773991 0.032459366762672456 0.025682074776793764 0.0383716748454095 0.08331629678669657 0.05042738347222312 0.032688563084948954 0.08915962743945309 0.035471847099370755 0.08338628334588724 0.0735660633157887 0.001080223651193638 0.028294690485424892 0.06290677160444175 0.07877924192426501 0.08331186029513676 0.004127942337658764 0.07604239195189874 0.026438414819921825 0.01047536556307462
1 0.01435306312020826 0.01681425456275946 0.025881839431723567 0.06543651346401903 0.004315145759355602 0.05873307070073839 0.09153534972583588 0.10815923160220282 0.004865003514819521 0.020145817947760367 0.04560001821428488 0.13217615972481128 0.012576428242950667 0.003293368177345213 0.06476630040756315 0.055513287455614894 0.12092362498814332 0.057075664424272275 0.03542893311240224 0.06240692542318908
2 0.007794392607746691 0.034345687550139226 0.049652986316315297 0.011874450404194214 0.07013975766998146 0.05947005078662288 0.07095960900513883 0.08004973762069426 0.03826327908403535 0.05779236550322408 0.05071669850842709 0.07149446782511044 0.06961891249771072 0.046155993881626736 0.04965179705701413 0.069676075380764 0.046038445422154815 0.004984098795659127 0.06876539676109335 0.04255579732234729
3 0.046795616814528804 0.0582971190880969 0.004974988641146621 0.0957219134739798 0.04367126604288431 0.07878395168411298 0.0944671540650702 0.03945785048879009 0.05330805418152141 0.08489838932355702 0.0600239842353631 0.060720629200832446 0.05573562617516121 0.014500087178239264 0.029227898387614606 0.0777971601248894 0.02815650865266715 0.01951632725424901 0.03468622349697743 0.019259251490318253
4 0.04988498719431362 0.07298388496995402 0.0378981955010911 0.09282353496359026 0.03570785004383438 0.020224652069020587 0.013101379455560148 0.08302008950044935 0.04529756086524657 0.02362629729712215 0.07366951430271741 0.01293678762640818 0.06869925258783717 0.03759595633200573 0.05452061369193048 0.02047092724842194 0.05702260310507462 0.030317562329540488 0.09721512355297754 0.07298322736290451
5 0.02043366327911675 0.013107619783281699 0.034109736313278544 0.06403920360165201 0.0730793209201573 0.04584283946161689 0.005476159519884296 0.09181315017094469 0.04752407648754023 0.03860118284486179 0.0828270515660964 0.07430591884098242 0.09792419549599832 0.022903349463688404 0.10505491862233175 0.0886446680036997 0.05642171891662729 0.001998387262559224 0.014315751860091893 0.021577087585590453
6 0.049938801894222756 0.04168526707224882 0.06653692160055373 0.05974863832317031 0.02991787564912974 0.05392820303843117 0.03929911639585371 0.00555762803010882 0.08099870933953518 0.08852675048892722 0.00934607201641939 0.03269540153816791 0.09450520200994789 0.01855191402641 0.03191888843353871 0.03328386494387146 0.05794647353798289 0.07218778848736947 0.0797668906960719 0.053659592478039114
7 0.1414736068887524 0.11108647322946502 0.027755028576376836 0.024822705168785143 0.06640675031659939 0.023034889069693212 0.08485626629067505 0.09416777573951479 0.028049704942348663 0.018757299130015784 0.004176572665101591 0.010375748456936354 0.09274996514756724 0.06279126701830258 0.016897324776274928 0.02214605509698393 0.0026329824620666634 0.03278872293519997 0.10345532679114268 0.031575535298197795
8 0.10649815900511679 0.01888023872158347 0.027804065864762813 0.10106065795087601 0.061788373919194305 0.03727357666923634 0.09930501623465592 0.06379424243080113 0.008139145095477267 0.07227333414392574 0.07580334411811884 0.022242170785276266 0.013191947962360857 0.04550649377403135 0.02451182151608248 0.04567861940527133 0.024563980215014512 0.04722424608030429 0.014994824799524164 0.08946574130838594
9 0.09615906480806694 0.03322727456410661 0.08576301377577882 0.03368483473840678 0.05780724371906944 0.08124504301419878 0.014176611708298214 0.08441859737413676 0.028857082335616537 0.04385936113382324 0.01673694510474139 0.07876450122678626 0.03158190184267309 0.09393412955291383 0.09406263182985408 0.018916331359593627 0.0005342540429696395 0.019041266072832998 0.028798723247611707 0.05843118854852132
10 0.09526061678241084 0.07767979064879511 0.0611028634596708 0.10649197365033822 0.051412861030874064 0.04132963781168544 0.009670526088279533 0.06342601468341251 0.010555986498400111 0.09382101350582067 0.004784164431316085 0.00327846901269697 0.04110840060553134 0.036081176734739956 0.030613181947176698 0.038129991470345584 0.09053637495739825 0.027020310717121108 0.0017631646194321646 0.11593348134455442
11 0.10152289892572545 0.04799166321646084 0.019529050557534105 0.0826983587873704 0.04227622546947215 0.05764527807871994 0.09594194355814471 0.007483874641063041 0.02010517969569778 0.0345157011781543 0.06542289291648959 0.0960789142906813 0.05416788784221648 0.04053394449967608 0.003315277113101929 0.08934040659105821 0.008614067052051748 0.02643864314787866 0.06803480713702022 0.038342985301483126
12 0.05131387701639925 0.09386650288543458 0.06496408196585389 0.057523186162874336 0.049973475495063036 0.049504069556562676 0.021698890508124465 0.07937401642917472 0.005841687402055662 0.007775587322263908 0.08582470772835155 0.04357215958027092 0.04647622792558769 0.04309859016654636 0.07449810902914814 0.05723924900796764 0.08126692100592403 0.01189960517648223 0.07236263827338346 0.0019264173625311901
13 0.02537285218313992 0.07181567865978376 0.049086851210424616 0.0410738307081657 0.06252478801895439 0.025833617520026532 0.001582658740582982 0.009385486462054565 0.09032479110141269 0.053524173014095476 0.07710845199860691 0.05339117645009488 0.005072992246324514 0.09055185834743949 0.023510742322038206 0.04654322535174338 0.07767930846807462 0.03201134801435615 0.08790507273141641 0.07570109645126478
14 0.05972713905421791 0.04841331644531592 0.09250696669867906 0.024553656492548766 0.035445496763306536 0.018751044196944604 0.03810730829637953 0.036571654231402316 0.04460429004449425 0.059261233751453056 0.007552752293482549 0.08951622910410276 0.10624962010306738 0.031186438529202685 0.029743373839919977 0.09989469237285704 0.03182035815304947 0.07997899169817206 0.026555858759576702 0.039559579171827335
15 0.010661610797301204 0.0974644965166634 0.09014388220498529 0.09874946860626942 0.02506348024440475 0.0006300699236143234 0.05011129237401422 0.06112626838682649 0.05661660891908721 2.1090546681571353e-05 0.0100067649177746 0.025753559820778437 0.03979527616063245 0.08383944061942061 0.08117114699008281 0.053340529363875656 0.01089721794651255 0.10146779788354847 0.0298278020748585 0.07331219570266788
16 0.07844885044235853 0.02582658105309202 0.03602713978441432 0.06833803727340408 0.07727796344809934 0.03268578848958114 0.039870368427777345 0.051718718596078454 0.07863051171363301 0.06666607737945102 0.0226862448803603 0.07527726755922952 0.022711088232661644 0.059777741903087864 0.008066170655213669 0.07239684283210761 0.0316703389930799 0.06764822168745628 0.04862823213364299 0.035647814515270965
17 0.014800950713322159 0.07427960677007708 0.12587799244358372 0.007072867858149486 0.13219604699220852 0.014641206005328866 0.05470747388196053 0.011056851273175664 0.03769925686986381 0.017699130031271215 0.011657233839015348 0.016822279255500134 0.040474575814322324 0.05168919985232573 0.029822773215659 0.12012545199368031 0.06619925168986894 0.10410399037133335 0.01944821319731116 0.04962564793204274
18 0.04330742519351889 0.046964470292032524 0.0673499833027569 0.07753615317174092 0.06775455162519013 0.045529470596344886 0.04840005117346369 0.052466383789552616 0.0505162326921894 0.03915920123359979 0.08410784642092381 0.026935983667415495 0.03194155164782717 0.03580041900083808 0.07850279394496419 0.008654793464963917 0.043861721449530044 0.04165470921413984 0.03250177258960407 0.0770544855294035
19 0.055459711567700375 0.05598253924481242 0.08412137875462217 0.03657722868650633 4.202099154665617e-05 0.07218333320425732 0.053394422398332905 0.027084878349607416 0.07328020314616089 0.07040183531934877 0.054195382687479844 0.08896972790478286 0.05307785053278822 0.049149150289563855 0.08043334077407768 0.039250126497644644 0.015161406633308956 0.046429311876622754 0.034065532916225286 0.010740618224610919
20 0.03550865907721459 0.05557397826618916 0.004337470067422177 0.05263938268046067 0.07057430646069959 0.05654684552838269 0.021792876528315512 0.09039608194575827 0.09888702829534965 0.09351596014647695 0.037731635076505114 0.03724595659361473 0.03143892394278691 0.017358795074134365 0.0039304733538237544 0.058537340505833514 0.022650252110131105 0.05544363924175711 0.09845676961252132 0.05743362549262281
21 0.03916131873398365 0.0485163243962269 0.01576241771598966 0.10268466402473125 0.07094568759562553 0.005284861827330531 0.04415253038625812 0.03404284517045096 0.02961421325365729 0.042519780128593136 0.04772493606114445 0.03253876613813373 0.04530441145159796 0.0829730991795147 0.08671667959890024 0.008378410055389458 0.08494591250808727 0.03975468051032495 0.05935243289840493 0.0796260283656556
22 0.031192293578151058 0.047249627278842285 0.10592921677817728 0.07576154003684635 0.0901882580128887 0.006685123948424091 0.049280883686448354 0.028030499548265482 0.03209018687537066 0.036540831515024526 0.10807747838378345 0.014056856294990112 0.061236215465199764 0.014727499774166927 0.07445016497158881 0.07302995075779517 0.05134288568231299 0.035397246135759244 0.05152525393406117 0.013207987341903704
23 0.05625964303595238 0.08287994433363045 0.012723438873282238 0.01521266884087874 0.07902836820398883 0.10552936895543387 0.023659203602802253 0.008885214457011693 0.05964774517340235 0.04017823901653594 0.07484400513763231 0.022058110852516112 0.03624263290329408 0.06703068866131472 0.08323639908286105 0.020858466311438853 0.04143627228491517 0.05939135906559372 0.10354211329129426 0.007356117916220995
24 0.028380492872496037 0.0870603234300834 0.005979659460908138 0.023993767114340335 0.05522336042586199 0.08493872257754118 0.10798794565827759 0.04191272716672603 0.03009514130752508 0.04911942773991361 0.03474147506925066 0.0027092940723688194 0.010444871598071974 0.07339582005418453 0.05071542882630539 0.059264512189062944 0.042558165061068694 0.04270117660278774 0.096979033780252 0.07179865499297394
25 0.02375146832843094 0.0990606013945961 0.07995357888877853 0.03054947447727758 0.0328928305463219 0.018457430140701305 0.02608803418398529 0.019370115704761506 0.055707103252994314 0.015233516171279368 0.08885250718484146 0.03698617699181104 0.07888025422464154 0.08543779088104039 0.022844239692477255 0.10412883008908563 0.07671355945573718 0.04254289126132064 0.006478900675856792 0.05607069645406104
26 0.014155308691846705 0.007779258495130519 0.060676620319784554 0.03396413675552992 0.052133491337116346 0.0913475985956195 0.06387579985563643 0.01617686169837133 0.04274824952425413 0.08557991891612073 0.025159425947223837 0.053475293628811864 0.011885691485877908 0.07576513561548232 0.030599188954623113 0.07300600322850288 0.07848451653722331 0.015669717562682376 0.08942949503588891 0.07808828781427325
27 0.027796155878145778 0.05760354040243818 0.042373314080156085 0.08904202623480321 0.030605816736003034 0.03378021816416578 0.03395687330921489 0.060634150233843456 0.003831606843023769 0.05970903977544267 0.0770614309456144 0.015448021841811157 0.06246211835099922 0.05115485832462442 0.08111049092193125 0.055092582236127466 0.030176088244811244 0.02838951940455237 0.07123800871697418 0.08853413935531745
28 0.03196021211620188 0.06286976825417548 0.11416359026695459 0.06361213061832804 0.02799890909391731 0.016641739809535504 0.04580845143802331 0.08764940891928917 0.03590801178095635 0.03145438884478362 0.09130033105074362 0.09985791594943652 0.004056100154522387 0.009571283540708856 0.008369644411601675 0.09665339499526875 0.10979122279882178 0.004982836897628943 0.055242584855509674 0.0021080742035923055
29 0.06594814758242756 0.054370233010306065 0.03508800818193421 0.07342964626654545 0.056296988119468976 0.07524259370322987 0.037950789906738426 0.07637843238416078 0.00807513427192092 0.017497394417960777 0.04324237280050039 0.05123354167977124 0.014574366172653275 0.018099541232363566 0.061334648482219555 0.07588188715597052 0.026404294282294682 0.06279009229430917 0.06941778391372151 0.07674410414150296
30 0.0032839491471764824 0.03790638985906514 0.0786917956654024 0.00042697334935169415 0.0736566459761976 0.13083246852258618 0.11395692756580487 0.08293655880563783 0.013706722262181337 0.00937113572728778 0.023326126202988694 0.0080095141894023 0.0953421393871313 0.09847798414427261 0.03747908415076882 0.009529762558001968 0.08583859839714401 0.05891824312616693 0.008336542001082338 0.029972438962349746
31 0.06284284116978464 0.02917441109270517 0.07386292155685258 0.07528065401501755 0.07970892212722454 0.037759950653216585 0.02139810288201625 0.05230561044932049 0.030549147810666505 0.07096156862552962 0.07172689394538309 0.01273320520358247 0.07811867735931718 0.07758904901058333 0.04884229187994254 0.07890501191163579 0.00027336584402750026 0.05541264653833165 0.005332630553093749 0.03722209737176888
32 0.08330604854388511 0.03832359901493823 0.026352488279950317 0.04907073706651857 0.07395459075295564 0.003958545177615405 0.0571103013201308 0.047472729890027376 0.06391247231176188 0.07067025011510736 0.015586357705875365 0.0813034553257777 0.030567897858060827 0.05268116162809082 0.06170569687114815 0.023165301325971294 0.014926076683826898 0.04187538692827056 0.08443548087286648 0.07962142232722119
33 0.04218259618755747 0.05874298291529156 0.08337587172469317 0.03261620486371803 0.06381013048231758 0.04050354824517645 0.006642735545614367 0.0513125787410944 0.055831291719776056 0.04305441436825878 0.09367726404447199 0.07711325091056542 0.006227211255139933 0.09141523940383756 0.0024602203814097254 0.06346303997575603 0.06444541320523346 0.02499401524509102 0.05182043279737677 0.046311557987620065
34 0.07906301450079274 0.07546709324286248 0.09762672221387313 0.07041475693984754 0.012899947350843648 0.059822146853282784 0.03685990544969267 0.02462239704613845 0.07560929382869054 0.03537511262645518 0.0015093552694605413 0.02807723401284486 0.06251749617517109 0.06332251903033362 0.05945659812852587 0.10019164280268522 0.01698673697558323 0.03146171009975809 0.00762505178705382 0.061091265666104545
35 0.06917188155129135 0.041807256480148706 0.03823878393168491 0.04632956552788784 0.0589704030451266 0.01384969105135833 0.048750234254254884 0.07093428224012797 0.06831162567244206 0.037915696206787995 0.02536149224218703 0.06008797926885464 0.07219199729235647 0.07386508902904061 0.03658240599549452 0.04610608956703108 0.04941293764844025 0.0747812878580043 0.017360730555383508 0.04997057058209698
36 0.037944092247321815 0.06369334326338656 0.0354443459542172 0.07504906795618696 0.025221127899438926 0.015700079143835765 0.06383066684284812 0.06409215143795063 0.049360756787515114 0.08428597157841648 0.0049960207597924775 0.019581150013646 0.06632838157348843 0.03919631286586976 0.028328210893991103 0.06828336096092191 0.07188861035198871 0.04743800909461226 0.06270102137453747 0.0766373190000344
37 0.011277511832617805 0.04484300484781455 0.07649827513123862 0.006256974645225398 0.01896412345570992 0.07724331124942395 0.0077124742977529 0.09354188837292983 0.08623211907960467 0.029871333850034678 0.07542899302994303 0.10320543530923015 0.08483913193961669 0.07182556534620316 0.03439958718022864 0.039053909144889334 0.10069356551359777 0.014759797355091595 0.011174444254656066 0.01217855416419107
38 0.08768076176183888 0.03640911330705935 0.026306256791671007 0.10042295993053856 0.031916082238323 0.07174562674467172 0.046304253564488876 0.03740315618145505 0.0020630669199062555 0.08299401531341255 0.07459139776271081 0.007643812273682883 0.09140662083082643 0.07242249940870202 0.014362524489057045 0.02507818543941201 0.01038544420960928 0.06545800849523055 0.05553952571199339 0.059866688625410364
39 0.05524353668734066 0.05384192672403463 0.06427995245214457 0.028699738210358955 0.06812504945872057 0.043046940241038154 0.06839065387033204 0.035001124657370646 0.04118490342218148 0.047773980200710324 0.005678403185348126 0.058780638835970615 0.05220886549286814 0.07161923617010779 0.03337955545241272 0.008470335806637395 0.06920700067700629 0.05327344245728285 0.07513269584497212 0.06666202015316182
40 0.015886015142807883 0.05363231366674013 0.018967359111583683 0.01137698785458507 0.04255001699789146 0.06814092353451202 0.029052572383934154 0.07996835679437832 0.0817538745687438 0.050640610857558374 0.04606631874669488 0.056318517790268585 0.05729499873353231 0.07552026734950162 0.08736848998840342 0.02847931823702987 0.10786526273670448 0.026842726698763232 0.06077970164756156 0.0014953671588052238
41 0.032718804916145615 0.017419619124704976 0.0853311325791171 0.08243700165102208 0.028563770057080964 0.004016603120350076 0.045451361197407635 0.05480224358701943 0.057271615624890665 0.073902862701488 0.03295044198239147 0.11411818801529483 0.0943058589532787 0.030317027391199097 0.0036053864552157487 0.02233451423350339 0.03722857671615528 0.046282231340352475 0.02320679869139437 0.1137359616619882
42 0.0484701479174834 0.04515613641789866 0.04299863669343556 0.050282074933498115 0.12862184840113652 0.024855256785309268 0.06971963439978819 0.06024815655454284 0.006998185923973918 6.099300922631196e-05 0.06916105542228461 0.00900264344298428 0.08703809322961394 0.00756525055766106 0.0506662895726021 0.07421759830240512 0.11874687426893504 0.02142542742746761 0.017814596295765588 0.06695110044398798
43 0.014561416676103136 0.05271111427174316 0.04013036645305103 0.03818513536812978 0.045507827783278346 0.06893517401383119 0.041241320877757975 0.043297502295350426 0.029346819788754322 0.06320959882356962 0.05480363785736213 0.016205314648858885 0.059800958004477704 0.06449166237896051 0.06347449392014563 0.07180579767430714 0.06650164081182787 0.048560601563480243 0.04764607436260948 0.0695835424264016
44 0.02711010230161025 0.1321903752189266 0.0020355984644601544 0.008002744395298028 0.1396099276132861 0.02319147475206424 0.03855855676121107 0.09864784042345665 0.043757367900533355 0.07930216280766865 0.028663284181162017 0.06706660974337032 0.055350324041842154 0.04785918046610495 0.016598073304670443 0.033341682734550425 0.005769797058008101 0.12045284010660388 0.003062868550252514 0.029429189174919997
45 0.05008907439083966 0.07412366937196414 0.07477230243255804 0.06391721666346846 0.03723007968420496 0.08207858842825534 0.07931741304092634 0.07748304202669999 0.06285315233789542 0.00669528913943308 0.06720012033903096 0.09140840106423453 0.02847131831184572 0.013992203402079975 0.05430727992160438 0.006414482754886913 0.011477394961186214 0.03808061642822318 0.03904852617345129 0.04103982912721142
46 0.05186743877621055 0.0721228709137156 0.018142827522538388 0.010952060165714933 0.08013298560338068 0.07301491525713925 0.06447450103348344 0.08025507186267433 0.07843678853983178 0.0526788376400639 0.04821870507756142 0.04679332479925671 0.06947814064108775 0.04905676148750108 0.026468711602839715 0.0450523682632283 0.047053469583696376 0.019523751172966675 0.01795434489192696 0.04832212516518209
47 0.04936678747164894 0.015307760131679216 0.09839916851065689 0.034131684070908296 0.061967520045162185 0.05953827000713052 0.08373749611708563 0.015671945382037065 0.04527471685075172 0.09434735021332805 0.023750219797597498 0.05456476421722545 0.03319755859290918 0.020276791813738995 0.07830028363363634 0.04612467959850898 0.005816984727787876 0.02674152127785362 0.09701074350243136 0.05647375403792229
48 0.02755994331573433 0.008085270361273048 0.06585179466823655 0.06820803394178171 0.004647642597342437 0.01139483909241409 0.0741175811687425 0.10217619790296831 0.0017727769386894025 0.06572631862465145 0.029309804268546794 0.08944140126761876 0.010563187942743989 0.09058830613056819 0.018994324711280996 0.011471378265587804 0.09913945243455433 0.08116772136167787 0.08602053665430821 0.05376348835127939
49 0.0010229380969087386 0.04722237165082056 0.030961084077649286 0.026729115672849583 0.05589145786203345 0.10779674437400547 0.08116384027747081 0.09407372770917208 0.07076643646315396 0.06297489582074091 0.005750027816807553 0.010970744023622626 0.062361950271382006 0.057305662403329856 0.05183629681191896 0.08292670843605215 0.08547683733547409 0.002690208846771682 0.04140190537481433 0.02067704667502186
50 0.06914333121022483 0.00422211428472557 0.08671353642686405 0.020332520971364728 0.03420741138600007 0.09208430849505819 0.00837552976336511 0.027907682561547846 0.07629820329434644 0.01797802491783236 0.07040937879756658 0.0356353501016313 0.04435632360818265 0.09441978260462816 0.12065332911663959 0.02539837853731084 0.05852563085329475 0.011730071599253865 0.08702743172825132 0.014581659741912039
51 0.06619950571660593 0.012284269170747734 0.06845732102139275 0.015758594770089465 0.016934506110149527 0.08350572787411498 0.08575500726226921 0.0786679012548728 0.010652179957279032 0.07898948188901578 6.200639011940294e-05 0.047336231804854655 0.0742540505676767 0.08341853362760365 0.021332385924010516 0.05827408784780954 0.03486859404522353 0.05754194236777294 0.04681634099107237 0.05889133140731948
52 0.007451156955756557 0.08696579899680551 0.09173106769412512 0.034295205628223975 0.10809970289264756 0.011260526982657539 0.04717167758686064 0.045490359964260305 0.011756853689659227 0.07390145379289671 0.03780813067301201 0.024876071961638376 0.04741607459225344 0.05677135771490288 0.07187855229705535 0.01711581157202205 0.05922715829963343 0.0779395082278331 0.024813159196761022 0.06403037128099526
53 0.009190137850230888 0.1022910799219213 0.03903011431384409 0.0416908505885357 0.0742284788612585 0.05531889737314006 0.11428091848906619 0.1181040251993883 0.04157847518805498 0.051761483258337904 0.007569426711643865 0.054726000767603686 0.023010696099621086 0.053572166717064815 0.03848187355346063 0.01744733858827743 0.02402229675491904 0.010210168433920922 0.018334826465982355 0.10515074486372804
54 0.08716022277668309 0.07243575904670699 0.09220226310838883 0.03472892400926567 0.07024503089873761 0.0814337571593183 0.04924357008366098 0.05021475745579699 0.008436195212815335 0.0678212766763929 0.06965830329503983 0.057633421394226204 0.025356811798242153 0.031756549307461114 0.028714881624835594 0.023894208545967507 0.05958028229426082 0.03887675997226377 0.03260543227704086 0.018001593062895466
55 0.07865543344511797 0.0663390224560948 0.030149301311668895 0.046226143233687934 0.06938027924358325 0.06485373657610873 0.02233381392346156 0.07822304870634007 0.06256161208767003 0.04956131502030842 0.02901245548993347 0.07543895870310059 0.0008828171735283481 0.022365775076652945 0.023446938095948628 0.0445631032534921 0.04068058329690365 0.056446420303771234 0.07413508803860135 0.06474415456402598
56 0.06822827823221786 0.044023237649855516 0.012697536725667775 0.006987569253831549 0.0007747555726528874 0.059094276890204626 0.04144200245471641 0.08434500507912317 0.05382459661877141 0.07658855825057144 0.03195565743852392 0.059316706318803536 0.06709614377944716 0.045242598977595104 0.07398343292096916 0.07124954086225148 0.006301230813301104 0.1121549350391657 0.01683512785912981 0.06785880926320043
57 0.08143485464465923 0.024516308156535046 0.031649808778974185 0.09588587911565719 0.013976947047432074 0.017550325361362876 0.06611846445511117 0.07995084489109841 0.06707753023539015 0.058874983746020605 0.05470150852707531 0.0434720911823048 0.09197380118754016 0.0009137018504373212 0.07329719327218852 0.040443444382510865 0.06271052695709105 0.000590106344284377 0.05374127885323111 0.04112040101109545
58 0.01264319591531121 0.08875073192587837 0.020968008525010785 0.026452402133119054 0.009742184199047151 0.10644137188523736 0.06630714205826499 0.03241300068291273 0.07458209113438612 0.10469869344699849 0.02785331972338508 0.07570569315952264 0.024128515704055144 0.007236182316845766 0.004663122863482284 0.1223744045941012 0.09306030270323654 0.006179126927975339 0.017907249718183235 0.07789326038304648
59 0.031089723676052772 0.06821585541516177 0.06702696184690012 0.03179386940972523 0.06522976443906457 0.05229959894490744 0.016907689247925642 0.09554679558845347 0.022800153839067284 0.021792755218499615 0.0907631356100112 0.07817832427202272 0.05575581096618617 0.017281345091177534 0.06851728325017073 0.011665210646247513 0.06869197789481758 0.03922611440939852 0.041379891797975736 0.05583773843623461
60 0.05121930072972205 0.056678877831425736 0.03004559086702576 0.036496318160455926 0.039510950540833145 0.08326919230086806 0.06599780195755456 0.07044781423338344 0.007675694219419257 0.08233960250617461 0.06990073334912374 0.08659249843588149 0.04663963126440891 0.07102478098017387 0.0013395971705851756 0.028217357846498703 0.05243292546153646 0.07209636371019164 0.0034081074497656293 0.044666860984971996
61 0.029216938544115067 0.06908386455364186 0.017650568087138725 0.013025075637504815 0.06259902042341473 0.10613868194688847 0.006836041073804446 0.0671250379061259 0.08964578421741341 0.024706316886620637 0.008785933585246257 0.023633813503848848 0.05126482393487908 0.0004917475903164919 0.11645030547494699 0.05146216234238043 0.09560020194066064 0.025536763981530153 0.08483914084951935 0.05590777752000378
62 0.0647978488970032 0.004194578227519589 0.017873173063543305 0.005048391730270183 0.08556342681786529 0.06424520934450031 0.04004627865289726 0.06085386048012778 0.09343773200845151 0.0444330029587865 0.09688699513779137 0.031456460394319645 0.00013458798937528464 0.013290132484517837 0.059595422875438696 0.09563295858988038 0.032589906534316 0.08459519498149944 0.05443932265876296 0.05088551617313363
63 0.0893022717391772 0.08682055763664427 0.012095576714247705 0.08947226400957381 0.007196679907826632 0.06050284571316722 0.014751648397770179 0.011337155843160486 0.0035211868588686333 0.07578738798189015 0.06295531327406068 0.07809788215319793 0.006462422300814153 0.014379328744665668 0.05599239007706139 0.0989329579368608 0.05043198229448159 0.05361911377602787 0.04257629061379795 0.08576474402670553
64 0.0035770521554278935 0.01697836478594538 0.05908398772143069 0.055126392458308235 0.014589978231255 0.02469575041125094 0.10699146418069469 0.05457524927444205 0.03464228550549098 0.013033329713195574 0.0007551177168010815 0.031377753561468866 0.10394541969377609 0.07762170710804862 0.10191894516654026 0.08740193658835037 0.03696812322976802 0.00953698688143145 0.05986518357577252 0.10731497204060134
65 0.06312878332113582 0.07796639783742765 0.06448682821755386 0.004303719227314058 0.05194465721698071 0.051750047388859285 0.059468890667009985 0.030431083276817948 0.026085887731688965 0.004443004227100203 0.019231233574427284 0.08669047746885868 0.04634628239078456 0.01920597737980302 0.015093766883468827 0.031247437039066628 0.07862680573462714 0.07893016841350316 0.10292191162358051 0.08769664037999174
66 0.039835093645470096 0.04149151884958136 0.04862610949092348 0.02805090158944614 0.031061617165590024 0.06738963717392961 0.049007928628462503 0.031146123772852405 0.05754454861374373 0.07005800962248926 0.02285902210014579 0.06533797860634184 0.06395214787967711 0.08113427484477793 0.001745045703498569 0.08284585776991092 0.07069205399137156 0.07211277704714653 0.06582562236235213 0.009283731142289057
67 0.06872014663205078 0.06552318015161539 0.06661555583639361 0.06031269619477334 0.034078545117081305 0.06896764227599964 0.07923002818226318 0.032874027350548396 0.006845420335588805 0.02350552553610776 0.0817571626565589 0.0322675165712495 0.05967852293668922 0.03421384891017616 0.04564530176968014 0.02075816893536823 0.07207020244783097 0.07628786173872307 0.04471082098673554 0.025937825434566075
68 0.049923390465859536 0.01319086245948513 0.06119526983064045 0.02100936225612901 0.007869751640403681 0.10926100457726738 0.00216409013195362 0.0459540902934583 0.027923500032287107 0.04539307746025235 0.07807461194558123 0.01364007027210686 0.09877966318317787 0.027179897545335178 0.08600174618662393 0.027368959720057998 0.044596994005983374 0.09229310675085887 0.1089685796578743 0.03921197158466381
69 0.04197580045614282 0.06186381689676942 0.07682435813472592 0.06541662887756951 0.04955788966123952 0.05103473057528671 0.03035545537713091 0.10055328794997298 0.00435842168511533 0.09438727737528346 0.05154013510922455 0.07825402972780976 0.026978833270838325 0.012726716258788672 0.03513046492202639 0.009808105291990431 0.018190775413216665 0.09364663331659741 0.042396196978059894 0.05500044272221094
70 0.026278616702593457 0.01405315672834622 0.0342624179110388 0.11405332081854931 0.015601686851642264 0.007338666005864158 0.07056666128896086 0.009131554543247534 0.056285333699694066 0.05634524814783357 0.08882931486784054 0.032739660659664285 0.06834873753946817 0.02238804826295384 0.04185428271153217 0.08919193247743676 0.08768332743959378 0.02174764041609109 0.0429650690765261 0.10033532385112297
71 0.015691327954236188 0.04252219688617256 0.08789943610589243 0.049028884299623154 0.017193715093917622 0.06590440708178535 0.08356331765564716 0.08892321452952659 0.03464401930229294 0.019784204103853804 0.046322422720329645 0.07469678870939755 0.028041467330760978 0.04472961737516162 0.046953097115640226 0.05734575776788174 0.02092507995941086 0.003122250175350946 0.08889271628996945 0.08381607954314925
72 0.07830128252967232 0.04698867550109145 0.010767983113094052 0.004851846770656652 0.10322733499140559 0.06837081775783577 0.016278596656243267 0.04807097791963959 0.07417973602720561 0.08195585529412443 0.049920826902879176 0.07988058303991576 0.011643872246221508 0.01008114353420521 0.056240486405206805 0.024192748632281335 0.06993448506083715 0.05129444814319569 0.08889300350340366 0.024925295970884793
73 0.07826438735497832 0.018907436119587562 0.029226687755096587 0.01976364648989539 0.0739684058419722 0.09980543273064016 0.09497027660733075 0.041017535595258316 0.037834293755502416 0.014514287684324147 0.07456836582683701 0.061748054384328836 0.08086425795705868 0.03385204655572387 0.007802894087935303 0.09010557297743185 0.022765463321460084 0.03447133691747886 0.010746371623214101 0.07480324641394544
74 0.055135097352404176 0.026084099093785763 0.01939533871021928 0.024389896334550784 0.056250702711613934 0.08816289973365317 0.0654706268264414 0.09638073504083397 0.019503306579138728 0.02511708513854324 0.03306045913506985 0.08158865602670087 0.07190623879838869 0.05766003931368741 0.028372450781076378 0.011365777970176296 0.08902082473918672 0.008946769476969199 0.0793890926068579 0.06279990363070238
75 0.08052183231587207 0.04129352682960515 0.025635101640273855 0.03886661762854751 0.028794559743174776 0.028362824681721376 0.07955322559265536 0.005317348041645415 0.03385355856495472 0.07454396302151457 0.04534272320670259 0.07838719809328148 0.035215284222865156 0.09572966486290384 0.07052155347772099 0.050280272958526696 0.011284762967064627 0.03503305312209408 0.0843908610203744 0.05707206800850131
76 0.008339905662817036 0.047792505310005 0.035187485401551324 0.06648881561826026 0.08863538495261707 0.011109890547397612 0.056306431635200105 0.05591195084020563 0.02817895301849643 0.001410358272179184 0.08844386145587281 0.05261009407550111 0.09085482898769873 0.06780976299575821 0.06861588419056261 0.07127920080453203 0.07805415283027166 0.02410510479460174 0.033948296246760545 0.02491713235971093
77 0.01615549442043798 0.0798290946351736 0.06157119638697977 0.03858767837947323 0.02246041602239281 0.06572985789535603 0.04241470296857644 0.0020050394090155893 0.0849334538178941 0.04459553791505746 0.00830448742387499 0.09206470401810465 0.09055084900941385 0.0800475971830554 0.024100327611526178 0.03462243289679201 0.027324670858742243 0.052278044311243645 0.03330368465336561 0.09912073018352445
78 0.018457257354975415 0.06559934246957042 0.11642098594107414 0.02279808104534265 0.023216142335160183 0.06221193450492156 0.03042657250946517 0.07913123530263025 0.022571134067066893 0.10182898342263534 0.015212880594529953 0.11028127274062345 0.017012579248295398 0.0001585982268621076 0.02657953007740371 0.10967029523715084 0.06692769506002766 0.08878100219533776 0.006685385379284824 0.01602909228764239
79 0.12624507768990723 0.07292104683156923 0.07800083954193777 0.007375484252656507 0.0037558569948739663 0.053677371511054256 0.04642964087813564 0.05604104858446731 0.052270268185042254 0.057071213388284914 0.03077083353014112 0.021209498647034274 0.05839057530249316 0.0369825025154431 0.0528009105253485 0.05337130434958321 0.07754092495897671 0.046415085102478805 0.03534503297399553 0.03338548423657656
80 0.03640374147200853 0.10136915958778231 0.021720204784685025 0.08633469564026995 0.02271059471412106 0.07009486343947795 0.034980151473934074 0.017896098847616622 0.0248287440805251 0.06893788423929882 0.00223381789628244 0.06719440947371584 0.05353124934683516 0.04100147272595616 0.010020990728070065 0.08731753234402587 0.012343006481772703 0.08125456432227596 0.07617214177093104 0.08365467663041538
81 0.007158224020183022 0.0013672953440683085 0.026177339728794654 0.0862534063311106 0.09159093022302314 0.0519227211560594 0.022203905102048546 0.05453542270823534 0.08557063512806601 0.09963779821259895 0.05711417736103304 0.012873912813022718 0.025944494648506584 0.04983553174916569 0.09824916274541991 0.10073452710767612 0.029844010623959923 0.00456112287684878 0.05321296422239989 0.0412124178977795
82 0.006548538134386747 0.07166277442114621 0.0221783323351706 0.0011246916501851808 0.028492046756713577 0.01620838363954904 0.08843150369623719 0.04728415286374083 0.0661835297702177 0.007529267689864695 0.08644798886766428 0.07003802912945178 0.0694792933758997 0.07086771793760244 0.07851311646160422 0.01593020469719587 0.07038527155487988 0.09397733424093499 0.033873337216220004 0.05484448556133496
83 0.0499449490843008 0.02905812246882305 0.019328181115270175 0.029380523947065296 0.01592897391236637 0.1154293001489762 0.0790760815178518 0.05775230721802216 0.02763010024644907 0.05064694817278827 0.11348426563231516 0.05048723625117872 0.05912704151994091 0.006067299579910159 0.05364304480655813 0.00026595082429876725 0.08163300937707275 0.0075723083538029356 0.032526764014630186 0.12101759180837905
84 0.027224091781443607 0.024515581254570196 0.08273692799630798 0.024296230357368675 0.05683243183693316 0.03368324836420456 0.004834169376508872 0.09507170838716683 0.07376058162020586 0.09791875262564995 0.0019566801883650967 0.015247085376499034 0.07690228108734971 0.048557826421460164 0.08182586190943986 0.06634798289533993 0.03920727625184896 0.10196224680862377 0.004439177155941874 0.04267985830477202
85 0.07308179585253159 0.010931416219994577 0.06309659685788362 0.009758756818568763 0.04554034839045805 0.08472048453380573 0.05525641382889494 0.03321867280176844 0.030674484903360232 0.06050457578532099 0.08078174022916314 0.05118498364443614 0.11020982506186479 0.015774801947664206 0.0371526311365263 0.028584809758427344 0.07473847178223932 0.08651267747980079 0.015440241376115122 0.032836271591175956
86 0.03773803572298209 0.025462871732910244 0.06371953267794832 0.01842906525583902 0.035898089050175795 0.004941657219431165 0.030304251812030187 0.0288283026828452 0.05779228704658882 0.025437095471948466 0.0459308786496043 0.07775235171253428 0.11052229032359288 0.07609451581496418 0.0749896896524697 0.06048158124430166 0.0523529260333042 0.10642965417002358 0.06277299774100444 0.004121925985501492
87 0.03414697101791139 0.022639320715478795 0.005602905556942608 0.011843034508009661 0.05834266341151448 0.030613591542677707 0.09710221916476407 0.018577652234383967 0.0809453428182431 0.06273061648680008 0.0883619378239479 0.023383239977663273 0.01865265813290316 0.091417880533672 0.10083884719921848 0.04603096144092498 0.015501542046622956 0.042875727498494075 0.057830590688144154 0.0925622972016832
88 0.0635672789762739 0.05763039454467586 0.021964705808795493 0.0069682700331106925 0.06693152119728028 0.06491290092444808 0.08459272156760218 0.003931241681153435 0.01654622901801627 0.058480910212845336 0.06744400195106433 0.002085064334234995 0.08729726233401938 0.03478688030091104 0.05245347213552613 0.037042506735440926 0.04543365203202389 0.08842464090679311 0.05921756070083917 0.08028878460494565
89 0.01851384815096912 0.05442787279148455 0.057999548010359586 0.0209052201109613 0.03783397547057551 0.0743550689031406 0.05671407083965549 0.055674271040631614 0.04149818471011734 0.021260724212330016 0.008425401840947673 0.05622674371546927 0.09589160287320085 0.08709181031270898 0.05797042236142127 0.05841396654872249 0.08591078531264315 0.05803566693421758 0.02181653058039529 0.031034285280048292
90 0.02697914971651881 0.014907909042765165 0.033337652606418994 0.056531423935462566 0.06336883095716778 0.028199799151853635 0.06689687537083552 0.07330896996351964 0.08857319639302795 0.032127948558214756 0.0813483778546242 0.015796818482064726 0.07353696284727565 0.08524302160821959 0.08809503792096851 0.08954837378518787 0.014311967891734804 0.02027123062526425 0.01733732032536975 0.030279132963505758
91 0.06661284544903866 0.0537015120021981 0.02242229300191638 0.0998552861815541 0.06805331949817564 0.08790543501511965 0.04529711424407029 0.006998196867194726 0.051055519976338816 0.017602009113099223 0.0526003039850008 0.024934660179265898 0.05667811255496955 0.05549334187436151 0.03050637001980329 0.019040693227407337 0.03915491150622128 0.008946324772906971 0.08350164747997338 0.10964010305138441
92 0.0660620942066199 0.08853220223181424 0.05994188505139523 0.010264772164165992 0.09201880664074896 0.045791872738893916 0.028796536758298293 0.019062100822304504 0.036369211417814025 0.005820408150639283 0.07433627156915427 0.08802420997924303 0.027748156608461715 0.08127677593939117 0.03052881641629737 0.06889950536989 0.0176193179058082 0.07982632657875609 0.032243810084022544 0.04683691936628137
93 0.06650889872179988 0.009696567668725814 0.007228094874779613 0.05833086304724916 0.03378384734083273 0.09900272304541269 0.07983707128219313 0.07094070104882638 0.015555062080879162 0.07871548463566239 0.045289973190765706 0.09417802383195063 0.043751803022836586 0.043145211640678124 0.10073755449957125 0.059930777559232234 0.015762884085763807 0.021917068348395043 0.0527409579944513 0.002946432079994351
94 0.07605843751855217 0.008646183324072344 0.0715675550694774 0.037769873328669365 0.030517857460106178 0.02951191953813979 0.007878928127280565 0.07370479803690279 0.023705316237637258 0.04538679435684843 0.05293164304255678 0.05656096502852961 0.08818507013039618 0.10490596860041493 0.017558121138837483 0.09344958144943429 0.018610133591359317 0.06250450753869723 0.003389576895121275 0.09715676958696667
95 0.06479760660864435 0.01036531979335347 0.038743109201829225 0.010644538609380883 0.027961154329652543 0.06694673154774608 0.023095176485150738 0.011732584885274306 0.06979732779467353 0.08677629028985387 0.05809921839100146 0.09817399538981238 0.018016728647911803 0.05042773057017801 0.006195921771019755 0.0993321439158547 0.056263424598742326 0.09382097371993822 0.06251652545734114 0.0462934979926411
96 0.0719267855232424 0.025353437407286916 0.03193796054064955 0.07024269018455775 0.018941276509278987 0.03079144027158416 0.03665799036185372 0.04649144376598406 0.03545509117203461 0.004549471820000327 0.014819421243768584 0.0577970478402359 0.10024045418638079 0.05926061026334231 0.042856251558014605 0.0562757961862997 0.0828694419974883 0.07155340293779806 0.08895224052117635 0.05302774570902283
