0 0.00017719541153250447 0.04859010520152618 0.057524649313384316 0.032822813124300805 0.06332269994627845 0.07820071304499865 0.009813924440632182 0.054559837341976995 0.013119058639805054 0.08234294211196608 0.08515687889082059 0.003728756328758763 0.01447399599774732 0.09101930225406515 0.0738601510977566 0.015408047459225777 0.09415991770069834 0.021667419037813114 0.07250189085237523 0.08754970180433803
1 0.027267465801305523 0.06814279563464926 0.047506010297908415 0.08058739683527712 0.066161640678749 0.038544973032153186 0.041219020050227505 0.07801052084614052 0.06649123271471721 0.014382146903871986 0.03836154951695034 0.03706143253799821 0.0632558086152792 0.03924332468790718 0.07567625199176331 0.08095835822015857 0.021448377726538483 0.03986338741938112 0.06996501861355484 0.005853287875468937
2 0.05737268251017618 0.09754821814514103 0.05193129660438715 0.023496973311377817 0.10158145240651223 0.05060481072045541 0.02330051108501153 0.015692130944490804 0.023431368107295087 0.06971013595342643 0.02902731610334329 0.03216808604899978 0.08862616096483797 0.0002792371426733835 0.11109256552341726 0.05671838342906023 0.025791847470062353 0.003647622550601815 0.11016074554469499 0.02781845543403544
3 0.0631748502094631 0.003872501830357582 0.08533828344451161 0.05573312915338615 0.09523265687672071 0.00043155492921237063 0.07621602368818542 0.025141699135871644 0.031583543904725446 0.04613653477524185 0.09597771199313201 0.03938434130440352 0.000876261369761622 0.0286415589638143 0.06739030229887284 0.0014486632588922744 0.09120755129161576 0.0875276384447222 0.05681315327912832 0.047872039847981274
4 0.042950070517051506 0.0886371695871797 0.08623569088690866 0.00787548649338242 0.0295099450938042 0.041579399759451796 0.07471897123137725 0.07670036192171911 0.0651504903860791 0.06577061329347364 0.018946953438472122 0.039523704232653535 0.05270318373756774 0.04687419279305377 0.0515895518668907 0.023908536835817125 0.0508926539042552 0.036440901764884424 0.024855203669432047 0.07513691858654582
5 0.09680364279588635 0.02475213468351685 0.0038906874172160303 0.0907949718717622 0.06176489136939508 0.007824500462723333 0.04610907755745799 0.020336682350758514 0.04732601566838441 0.011566695599537978 0.10283763863002957 0.027923948391878436 0.059730477003106054 0.0882177364474292 0.0933731715345767 0.048342157364209305 0.08107329181747505 0.053677117980760816 0.007203500295572612 0.02645166075832362
6 0.0744331385897054 0.02785458491930259 0.05079619918195197 0.018467942559780716 0.05879915276331974 0.05514958827067329 0.06418642340718564 0.06561606426278763 0.04766345453124888 0.0164068111734391 0.03059698305009398 0.017495389807651147 0.04390069519474926 0.02389506576088426 0.1040983731250483 0.02735759674540055 0.0631065438188754 0.09789556661327395 0.012512723000179814 0.09976770322444868
7 0.005390124583353303 0.017588059244222173 0.049171380660838065 0.05558172332145399 0.044782073948591 0.016220707280357183 0.04962414381855369 0.013783278632917612 0.1063666785620837 0.03920124015659708 0.07937554655267141 0.10156204929387572 0.0752170060987674 0.011659362998977595 0.10307955164894633 0.07386189419640672 0.03732988853104578 0.0004076620116015151 0.01879129553493879 0.10100633292380073
8 0.017208040850552893 0.06372949489718535 0.03391697013265659 0.09500899915828875 0.06239723580034224 0.10577333650952188 0.03169558981629101 0.017609158212299615 0.05030564547621454 0.017359325873599563 0.06196084075412649 0.032243525200020724 0.0798161287085204 0.09526045981289008 0.07627919643906705 0.00293012927694742 0.006729226004938461 0.042181253434049215 0.05320661778332462 0.054388825859163076
9 0.04174768894438868 0.08267149716063385 0.0314757293353227 0.03798012172113084 0.042181067289611414 0.010032011905311108 0.046676212145240106 0.06452800176084598 0.09472367348917848 0.08497461746816147 0.04078378327273045 0.0860115736596796 0.017202861666921036 0.07046186613915105 0.08394349217605755 0.01077630755949322 0.049813465734223926 0.010112011075941285 0.028203085243048296 0.06570093225292893
10 0.026118892369004002 0.040666260461140316 0.05720420139350364 0.03227020930110633 0.09158162843150057 0.04270856232821148 0.08614261824083605 0.01658449633820476 0.019785802099986326 0.021080708357106126 0.04015152047741561 0.09496364570942878 0.08451303951668883 0.012448192103945746 0.06468775670116114 0.032232582075566764 0.044164759441719596 0.09336766914252186 0.05387326723322966 0.04545418827772247
11 0.07245568351757035 0.0808624370362992 0.07100014523912816 0.05379505628581789 0.012514933040325893 0.0016320146800399727 0.01696191413371031 0.0854514242205125 0.07908748501452523 0.048804936680351726 0.07514117752366962 0.08435044006825204 0.05069517750145792 0.06293445704360054 0.04894110187095722 0.028786269233368415 0.04880822865013549 0.06216509958464476 0.012126424880802823 0.0034855937948299253
12 0.012422495194759 0.04896711423674103 0.08907729262131463 0.02986515232186446 0.0998507899175439 0.0698741430614877 0.03978328072871375 0.04176163504887538 0.056776986641393405 0.03190147519405927 0.0018918308251182855 0.0998623777366508 0.008105286528493514 0.08327654856973322 0.09440368592651129 0.06524059618628276 0.009463134621661554 0.03572671162187408 0.012042146322670743 0.06970731669425129
13 0.0963244443238883 0.06421126338874197 0.05696083530987274 0.08305739817757755 0.09762368144473611 0.005557855502894053 0.0102091487032589 0.058568410421246955 0.010391822957819005 0.028718937076155474 0.04903520000591039 0.028581675310841746 0.10408453218894735 0.09484659298641746 0.03754579114156308 0.06221273577159014 0.0071481189657019535 0.003893843975209086 0.09724851733703448 0.0037791950105932138
14 0.060529275470584815 0.02018804331680166 0.07867165369761017 0.09095925772897419 0.028402349520205806 0.0344066924232976 0.0050469580949364275 0.08721062687080351 0.09821206782850495 0.01866325612046512 0.022352888843186182 0.04544209852301867 0.04513611656207565 0.03136195539732444 0.05744089343309575 0.07800637305594357 0.0668246405536861 0.02896564220475458 0.022312899271569278 0.07986631108316164
15 0.003876080555408703 0.06605239048919317 0.04192194400080988 0.03515856069642617 0.09385020234492711 0.07382387837384477 0.06005145364613267 0.06284599822448884 0.06048805043111308 0.0007815860388405766 0.05711723149998109 0.028387332919194656 0.04878822827184349 0.009420266734353467 0.05686644963197559 0.07263907847209547 0.041403086304585404 0.09559881501890884 0.08781793299938437 0.003111433346492669
16 0.07277642198218309 0.029537413625064828 0.002306322291401983 0.024329145601846566 0.05900861950166355 0.0556140341544257 0.10404052041236009 0.0055000761922017125 0.0921474410948549 0.051313946109481846 0.08984496367962543 0.08209118918596389 0.05252414910990122 0.041970646079990515 0.06905180580603726 0.011130831366506017 0.004662389602028414 0.06743772748204627 0.027571558929434015 0.05714079779298274
17 0.04143012951966597 0.06386215424986048 0.018451768230993874 0.03457052618724326 0.09361958423413798 0.01613528406083187 0.04954416227005074 0.06407384178103757 0.06451309818113803 0.07216994703669709 0.07656036248205556 0.003514712699984098 0.018427355974050073 0.09699322976063504 0.10109570349629118 0.008737926049146576 0.015398478489078098 0.08570814930093065 0.017751707572562853 0.057441878423609
18 0.06733805901048509 0.030131190467450976 0.050778727534748505 0.07509601162278742 0.08019783059911582 0.06739761694546063 0.002951388488248413 0.06629000064344731 0.016696082217709282 0.034600988249438774 0.06358555806852606 0.047166496877061106 0.08358707301779697 0.04707638604640549 0.058899317604165564 0.05006262104026795 0.05840868417535523 0.039806120526587115 0.01653576043168642 0.043394086433255756
19 0.010530196713087622 0.0764043581803168 0.08786153268664966 0.017975627420550404 0.04610359949500709 0.08619549543685152 0.02348839643311497 0.03428899930473548 0.01074860969671877 0.08761836740380395 0.04101453203304616 0.029466971117275174 0.02449159098186612 0.09534276320978276 0.014102411952045512 0.0932573462309589 0.0329507671476885 0.00027776384438782154 0.10128894373762375 0.08659172697448915
20 0.07689362471526545 0.0040991555708756655 0.029722102261650576 0.09829565919201283 0.017845962069765034 0.019602668788985093 0.007812170495633269 0.04405824876716465 0.036263737438317636 0.08011943701330777 0.07561762085554406 0.07505913294414995 0.006258506167849682 0.10327216190111832 0.05213062432428478 0.031217140860945347 0.033199346288277365 0.06802957261736622 0.08812136351103982 0.0523817642164464
21 0.08695329072341047 0.08596093491885827 0.10905941514126345 0.06289944311384102 0.00991709455127981 0.027928646832978583 0.0016739217151318024 0.0651506259653093 0.046572687866963676 0.08200138136642855 0.027339769128142056 0.06426844138201593 0.011281598286513476 0.006122889519851655 0.10562917955533209 0.01652378298700081 0.04139389035901862 0.022615062621644075 0.10654103302165094 0.020166910943365392
22 0.013558560997505015 0.05662130329054424 0.02062965735355076 0.032931113492080784 0.07289573031718266 0.010066166143532139 0.033180090959121424 0.0896737102189831 0.07626315564537196 0.06146449506095512 0.01610564099731554 0.07986027588313557 0.002424819795182889 0.10688161298742306 0.030438779943818155 0.06809848672280115 0.01181101782695697 0.10620914410853895 0.032964809876964485 0.07792142837903598
23 0.05563448670626324 0.044174732473094634 0.0793592786241657 0.04556499759712491 0.02355313670344269 0.08993704088645724 0.028983858045125384 0.028888959967054754 0.007738080899387057 0.06658461315297003 0.08569635107652043 0.03500367189647179 0.04299719472444921 0.09677100481468578 0.044634081867567586 0.034507637888830975 0.05836876036467277 0.04746659476068721 0.05255500509576968 0.031580512455258856
24 0.10110987036050431 0.05577123440731458 0.03807156293416966 0.046455136690773516 0.05934003209447684 0.05806703250155158 0.03633445227446175 0.02571661143584641 0.08973499581527834 0.0621686666026057 0.05150258232153595 0.00308755224842672 0.05425621450864334 0.05993985157266763 0.008142496148988411 0.050012731249879566 0.02195243339766924 0.01886507204407194 0.08987362635225021 0.06959784503888426
25 0.0699709041878821 0.04664866954588313 0.03916487149339475 0.035105678804298865 0.08048808955589669 0.0364832986410896 0.0264552658358059 0.04183043052853471 0.050737185328762306 0.027012101715601644 0.036929050694638046 0.06435511192438334 0.11013169776640719 0.04121506203440165 0.02984126731402627 0.06867606448242015 0.09886188830966625 0.0840078410086527 0.004381148722213546 0.007704372106041138
26 0.03871064934194408 0.01685861494995404 0.009718126376842075 0.07755191101228044 0.022280655930511893 0.10682455250462822 0.05601178973756371 0.04562293227833244 0.10039765021909391 0.026725182017672863 0.07432488372496214 0.04909972988570025 0.0076603146393466725 0.012509820565284036 0.021160768184845143 0.08762764874125209 0.03994342434716688 0.0670003131307092 0.05354508189536235 0.08642595051654765
27 0.03802377735045549 0.04727534369633316 0.0819552066015917 0.06825495008047149 0.03314675679192221 0.0032490676434966978 0.013500607034217264 0.06368394715866992 0.061169905131094764 0.03373313380394535 0.06849054391822111 0.06852661814408462 0.0732027451927799 0.05094154727273111 0.05807051370787457 0.05434053560828516 0.05743531710616955 0.027447901786824113 0.044913928731599745 0.05263765323923198
28 0.013979156664363336 0.08657423967281039 0.038782891673815836 0.0566753466903619 0.09094012883588938 0.02978871144538074 0.03938144558422058 0.08933695893337527 0.0011583350233366923 0.047688506497028785 0.07988111362660075 0.024421392020516162 0.08748041418952927 0.024261497384505608 0.08284137801335831 0.06939548229638987 0.07987776867930012 0.018388454309056848 0.0019942538852342957 0.037152524574925905
29 0.05630536523237896 0.05652578957914483 0.018017169832267938 0.09549367602826951 0.08937443558290847 0.018491683515762206 0.018912350475444446 0.004049218033042297 0.0289738685665311 0.019452769502737586 0.07113740974887353 0.032915292324184886 0.10831590786682511 0.02668502900483415 0.08672162204735907 0.03011885221576964 0.036233904857848616 0.09112046861005516 0.09359690749396928 0.017558279481792997
30 0.07327481697695297 0.0457376698825434 0.05106838665076745 0.06078485937091372 0.043622573617805846 0.005415315588214408 0.02966873227433412 0.05246766724618881 0.024699143089879277 0.08347882725014305 0.08195211538484204 0.09474663037776561 0.007088162359846637 0.019553114061246307 0.012521272811833298 0.039678210845768835 0.07682428742021755 0.0617193963788092 0.05140138515804811 0.08429743325387934
31 0.05498226778760576 0.07390984069283571 0.024948417220113785 0.032680683426511675 0.06677411425632286 0.07676241128919079 0.03425840910411804 0.04696456959334185 0.06401730484069156 0.04624486365784886 0.023808325904583486 0.01759803766260467 0.05965656089886248 0.07913360050275947 0.04915722772372426 0.043047885923727075 0.012151969489049385 0.057839418606351375 0.0800002098008118 0.05606388161894507
32 0.08536614625392017 0.029572634615534246 0.03225532834984488 0.031665944597343024 0.022442404311723185 0.019864338499303594 0.07927947416368979 0.04611979472894143 0.08300209553036997 0.07975058681319055 0.07831718520195947 0.015093716310333904 0.0705173260101342 0.0016433977742016039 0.09516465189335582 0.0818761291745902 0.06551627195366964 0.039973101867833684 0.03497309951942006 0.007606372430640593
33 0.08288918914045616 0.0039363693427483465 0.06931378596114283 0.034477030369820284 0.08073662005025974 0.07418922325693494 0.06569032893719452 0.05634213159535254 0.07833333622044257 0.050934397930598674 0.018483785592340124 0.010328890288265358 0.0785642688723781 0.07639217927494696 0.0492140901174644 0.021868697760923702 0.0055465343346918885 0.07211633751191872 0.025378194379496295 0.045264609062623584
34 0.008762558282141812 0.05901499597070877 0.01346620922682023 0.02365025478024955 0.03272697751092595 0.06636776561925033 0.09821178891754406 0.006875484199981832 0.07703178350287439 0.004511357961860752 0.022676931418003615 0.07908931672815625 0.005767819022263097 0.1053770866065544 0.049475018001085634 0.03287475584509147 0.09347665390442265 0.058857760959066925 0.0653819160935349 0.09640356544946346
35 0.053270504619694146 0.021441021767288303 0.004464867603878987 0.023774306265763406 0.07391461720703504 0.03429257189293497 0.0026915701931466895 0.07838701294768624 0.039355355494438415 0.07040798377493596 0.055364776800226514 0.061460846118420225 0.03791897091342554 0.04221020456537788 0.08936124589033122 0.0022494195438911508 0.05517907660599131 0.07572500143893715 0.08660840975781063 0.09192223659878632
36 0.08352378754867845 0.05727320539630966 0.06038950510167244 0.009659161799712788 0.05256959819587186 0.017782457376978898 0.053518925344537935 0.07550077280762534 0.007674083647825101 0.0707088469914743 0.0724618709974253 0.014011222499121153 0.07185746162171808 0.06761345871733297 0.04373172694577079 0.07043248890363212 0.0578397525809032 0.043739173069979854 0.06229616698064803 0.007416333472781802
37 0.048088079940565326 0.024140991896373927 0.06949578018734383 0.05163057239427646 0.02093314960305664 0.11438690205459749 0.06492355329564944 0.044729989421549515 0.020519228142256977 0.08540908188617899 0.05721248519567328 0.02781310303171004 0.05245767918848504 0.06902513458654565 0.04049637512620625 0.05859294672503909 0.031053787175324327 0.027040876154894054 0.09127909651980867 0.0007711874744648115
38 0.021013608872030416 0.05232353736744339 0.029242342083516552 0.07481209942892947 0.0079733862214831 0.06702355183571336 0.07745263487913091 0.062340251233275044 0.019089886458727983 0.0593556980197192 0.04393396860357732 0.09587301006702084 0.003974061137970198 0.055067275067143456 0.09409063405931559 0.08756623821839297 0.04888116024353778 0.038430466626416256 0.0374150160272527 0.02414117354940344
39 0.09214879355452751 0.037101680667154344 0.022481200221922938 0.004867660850744334 0.006649761453006624 0.017187072524709655 0.048575855986581686 0.05971523261375683 0.10033367074543688 0.04284779736121985 0.0030611326178606024 0.05883932134388443 0.03882021832700643 0.10336643775190225 0.07994329513238377 0.0041275389399442934 0.07379545408285328 0.04186166217495996 0.0680131062210074 0.09626310742913685
40 0.0311586315284386 0.06323689325467105 0.09072587690314153 0.023317689733884216 0.08427734975477753 0.10934779952758887 0.098585718416758 0.004510737942236133 0.09670689913428972 0.06193518394829743 0.04162871366389064 0.0036623103061086165 0.03998215556717194 0.00309775376367617 0.01434910201537336 0.10362717728467809 0.02382255955601498 0.02734929935724985 0.05884512290209929 0.019833025439653994
41 0.004329642994026534 0.025399892148398367 0.023902933134655507 0.04579022720991018 0.038418702088842384 0.07329614410082336 0.07512418565044068 0.10019605618685466 0.1049724806639164 0.04312921017338112 0.014843545799544207 0.0006399595780007502 0.04888029719484714 0.10909025194202801 0.041781189686588074 0.07131058860871446 0.024431319855917354 0.028184388390694346 0.09298063827635815 0.03329834631605824
42 0.048621528629674636 0.06698995349134766 0.032565182697475735 0.03158947591318827 0.00868351672291786 0.010855845509734025 0.10131661372987041 0.0718561728213778 0.019537111411241828 0.09009192634031578 0.036327004857317435 0.03672938909375024 0.07234647471642418 0.10281935380936325 0.05700508159950829 0.005945959433106722 0.08669875677323241 0.010715108639148556 0.020162875742046102 0.08914266806895903
43 0.04016754744009822 0.08874151392069607 0.05136457479365271 0.024333695446774693 0.022158077046959844 0.014531921867233656 0.09655873604907197 0.07923450408109824 0.0623956630690299 0.014566716058508017 0.07456632832446551 0.04260055317455363 0.04870091125162117 0.016628045284987868 0.022332839059004718 0.011065333829601643 0.0911409762604502 0.024304596891450918 0.08592112936911141 0.08868633678162942
44 0.03319466585424338 0.011104378246921532 0.09197460989638095 0.04411694980669153 0.08641351645459355 0.02181314028919473 0.01881523312653731 0.015922544982618143 0.12296947849271364 0.018293088498505992 0.004220470648483833 0.06748499932170149 0.01357371458545556 0.003033997267720425 0.019211810989908963 0.032248280549982175 0.05856377181860461 0.0880361579624846 0.09768629133728346 0.15132289986997421
45 0.018931186142122667 0.019209036165428236 0.028752687510511223 0.09637009373281866 0.01603323001325335 0.04641465567375739 0.021208141618555117 0.08111125854444466 0.07448013494234018 0.026089285758500416 0.06070799905985367 0.061514802049660915 0.0875625576897141 0.08106590073655777 0.042550495411571285 0.035162594009271714 0.08466640150637969 0.08004405931654128 0.008145472769662947 0.029980007349054764
46 0.021239765592729585 0.06757264602859661 0.01592569600324477 0.016444278202456322 0.037833899655851495 0.012566883414037161 0.07156157520010997 0.0812270080628184 0.018451672218907603 0.08581258456661787 0.04730703819835974 0.07817599203960068 0.09055629964855919 0.052312530737752015 0.10498289324586772 0.029711368857254318 0.0224108608569504 0.025729400465490913 0.10425880244334518 0.015918804561450065
47 0.04844302418847465 0.10709594034752451 0.04459738712979773 0.11045861512752958 0.036087319870657844 0.100257199065385 0.07903700778736403 0.015989232585661456 0.0212001451225051 0.010490187770991763 0.04061214915999346 0.043077827537939394 0.07593299553967667 0.010794228680438911 0.029739209107594894 0.023191331439202666 0.06409857730127906 0.052670731447528533 0.07949792267724075 0.006728968113213891
48 0.10021768866518051 0.06843786151674688 0.04494579801093036 0.019500237376584406 0.020567356211610384 0.02391690590399475 0.030032877168472742 0.06065893964593528 0.06735197335208366 0.053132785562045766 0.0002498097587525061 0.06662950456996411 0.06510786266020537 0.09642054779679791 0.009143409229514239 0.038201136289639434 0.03857251600122184 0.038943100837311284 0.09913824461813744 0.05883144482487121
49 0.02226290580025258 0.02433823983697408 0.060570193325330486 0.052017466324169724 0.06636574915399482 0.054826120858448076 0.043216126002453614 0.06511156616731059 0.04950139709382408 0.07354153046071879 0.058245984966444675 0.0757392633338564 0.07435550499137444 0.04168333091917009 0.043925839434527485 0.06555744101070322 0.010206092487570477 0.016238314024702688 0.040697214688937486 0.061599719119236104