0 0.01245604351187634 0.08151039926475417 0.05664605286651437 0.09040364418096558 0.017890555284155774 0.061844593149438055 0.03604350728695082 0.0020345262999088756 0.06553032397201577 0.018600524927021533 0.055893379955250184 0.05541425264316834 0.08119246958192673 0.048161115724775515 0.05230049559039585 0.024115953082548523 0.08148723270978936 0.026031784692977605 0.0893017546471288 0.043141390628437554
1 0.01623193216072636 0.06872327618199985 0.01633377574868507 0.04149328908256283 0.02958640703629329 0.04386425195938377 0.08553857495468352 0.04341286536100498 0.024490665855246698 0.09101578683073495 0.021102751579943846 0.07085253323831565 0.07194554890131487 0.06947025891591437 0.09101019474992306 0.02872688000961751 0.041331121998192395 0.07209659102873495 0.011541171994821877 0.061232122411900174
2 0.03694024047668177 0.07430258674338966 0.05284117166075787 0.051004357120827445 0.056818208132333806 0.06888681721130041 0.04978237721041671 0.04456155587569029 0.05206909499820966 0.06462020716563069 0.031087992842538686 0.04026993258467913 0.04349785562517379 0.07377486112058093 0.06514587787005978 0.023082501722858046 0.05775034214516808 0.025803726106336845 0.003150958057461636 0.08460933532990472
3 0.004563647293313754 0.027230024429085162 0.09645583212808705 0.10381696123131862 0.015247458870197184 0.0036530164090579635 0.057399339805771735 0.05863354369865601 0.02597698638090387 0.07905775249218033 0.015925674580979755 0.07875904163954464 0.036282854458978414 0.07238503523083369 0.07202086477891409 0.03463300616878001 0.021815477800014166 0.05772683231740043 0.034979511582227334 0.10343713870375554
4 0.033418620240019924 0.06412891491196422 0.02802488430559309 0.02384847735945053 0.07466921935312876 0.04568883191959781 0.07415515840110687 0.008457460134632451 0.051398236971046306 0.08243029009406225 0.08141633053405632 0.09450094167831712 0.002220851745556884 0.044155593137636034 0.06044529025844222 0.027217423507515187 0.040911299186924856 0.019488249164414242 0.05514691247201864 0.08827701462451647
5 0.05979270862384225 0.046216681583984356 0.006403879589521089 0.05707649528728788 0.04155892590014381 0.061879972841094644 0.06713446425550078 0.06070097718094515 0.09210653313964048 0.010308282213076484 0.05720394457536492 0.009669870442966338 0.025854414234462542 0.053797688346901094 0.06855728937647586 0.041259516577989944 0.027858168070568526 0.10077885905987612 0.09078159722200908 0.02105973147834869
6 0.1363669926965521 0.12415702644929838 0.012905680055748976 0.007804940757584418 0.005438893798595823 0.038176330693359364 0.02543739654938824 0.08251314171589973 0.03973836217911643 0.08256994351972946 0.09780890225868924 0.015554753339927398 0.12582829798653525 0.001030157591715029 0.03490796789923947 0.0342320019119782 0.005901244098618233 0.0001031091463857282 0.11868711820885196 0.010837739142786459
7 0.01277930756827304 0.03791614956432862 0.08747244646445317 0.05571225684113617 0.06612439376758117 0.03990392921017206 0.05470390974673802 0.05655502604882018 0.04816918253759113 0.0222207044113853 0.0564916375970049 0.05175521845192186 0.04290785723725974 0.03218125546928262 0.013083602634271994 0.06081461036120718 0.06400857439630955 0.06914509308133103 0.0646716852339355 0.06338315937699679
8 0.017010649014826837 0.0257721838374756 0.02353587479213224 0.014324855687166328 0.006576307956604557 0.0025881789642098465 0.024439847333692873 0.110618729582865 0.04829217203211542 0.004697845580255927 0.014367504361123376 0.10030334806594858 0.09627768304355731 0.08993066402861125 0.036933971143272966 0.023466199361918492 0.0841433770079868 0.10568536099726847 0.090638757536448 0.08039648967252011
9 0.06786682685526838 0.011242028380451774 0.07137994619604046 0.030710245140624506 0.04163234244151453 0.08449491759317072 0.022189528183781167 0.020514193352540646 0.03373463886125052 0.0780806465495298 0.05402720804584826 0.06523372592090956 0.07698210732805806 0.050628737150810364 0.023961162387948313 0.008547283322970868 0.07232260517345188 0.08561796021076806 0.08089136998935031 0.019942526915711883
10 0.08745232007889753 0.06839627614694119 0.012582326729500888 0.07347281989374596 0.03761164049678194 0.03574551701530576 0.04384962080954416 0.06176635204968167 0.05586873074363729 0.02170116531645397 0.065551304550624 0.09408537932305937 0.009851837639724664 0.00344101161599529 0.08157613003287394 0.04086786385797653 0.05900624320135174 0.04079770491398394 0.07810882307825648 0.028266932505663808
11 0.07047648084715871 0.050376456102552834 0.03644489998515579 0.0717133714603957 0.01822184761104574 0.0767507877089173 0.03743571020250813 0.04347062661571587 0.033264120647666116 0.061043178284962724 0.06494484921974789 0.07666162034715324 0.06733579175421078 0.03510686310037043 0.05798305362333265 0.010721989914727248 0.040706217053059324 0.06244985181913251 0.04381107024377629 0.041081213458410565
12 0.06234687452638803 0.022698679010978697 0.05486721378844219 0.04293215393372776 0.043136804690884344 0.08706246739283731 0.014537608017132705 0.008894483524478466 0.047283255792092665 0.07250483537772542 0.033072993554990306 0.08645568910384736 0.05336286732749703 0.028691773043390937 0.002534911566127358 0.10485485145138632 0.04133526148854725 0.09323161196213538 0.030422351089465383 0.06977331335792505
13 0.016403997655115146 0.0480154728655096 0.09657178379367498 0.11180414809535982 0.07575946816596377 0.023731860995400967 0.05185355597515906 0.02318162672778124 0.04178139881630408 0.00019197933903723419 0.009096984475377705 0.04274628067594642 0.034791566005236564 0.09841055034442213 0.06041648230891935 0.09314757011755205 0.014560800420954173 0.03901961584441194 0.10984311299890628 0.008671744378967646
14 0.06494672718825906 0.045278415392037016 0.08448053984769018 0.02941023417516515 0.06367657440406299 0.02127494168704836 0.07063572442980978 0.012444155593620125 0.07772731397938093 0.08747283803525577 0.06342003580128894 0.06461464707963217 0.0951851906316403 0.029214345370977623 0.005819560939807366 0.008377535675248824 0.061513370736026335 0.07350798744131797 0.006650275295679759 0.034349586296051365
15 0.10566623889710272 9.362682386035673e-05 0.0553974217244152 0.012864966825080678 0.09913220488503191 0.10795297784882021 0.01559339181661777 0.03578942192625416 0.06391422010800772 0.029775864528668154 0.007691821047215844 0.09550609408380324 0.0662933788158937 0.06835873877756066 0.073170196100709 0.02269280839038228 0.001772939352019656 0.06013519020572105 0.020334048717002538 0.057864449125832856
16 0.03936491603529004 0.04329393633047557 0.08868300255922723 0.05900067090364032 0.039368687328530584 0.020926576100764004 0.04427761793035951 0.06778935436048278 0.06743078857376539 0.04015318738638641 0.08076802176513893 0.009115650531528064 0.07376095866812558 0.01310800734128728 0.009194409739705034 0.01111706451931726 0.03513745479934482 0.0770474514588228 0.10242539183588148 0.0780368518319269
17 0.07163800751234359 0.10570294815359935 0.04543549790558059 0.028320380497577305 0.0008907021586665656 0.02911865767877075 0.02613500349162346 0.013514273054676543 0.0786831350935838 0.02605450635071821 0.07491259664904468 0.05073419948693047 0.10529463715768017 0.07214104614106864 0.05690876596716915 0.032044307547692795 0.08670113332311415 0.05831654177474458 0.01010035765725248 0.027353302398162676
18 0.09392746526149501 0.024174259557315492 0.04854757535461174 0.08488516284766519 0.025359351998779006 0.008715810534920121 0.09079636424752979 0.0431106049527633 0.009384278226083054 0.006825541779055196 0.0904402560489904 0.07638084715596526 0.013020214011853215 0.07939010189109648 0.06699083617581852 0.009448699936132931 0.04206178544116599 0.08510131395774798 0.07376720165532273 0.027672328965688626
19 0.03437659391851355 0.09387945792415447 0.023865343109240898 0.09619050556844029 0.048775299654097146 0.07903921096977738 0.002947679570283644 0.07698835758559305 0.06751490855233576 0.04597485090946306 0.0326936421175583 0.025719171688482978 0.031896451540271764 0.08130097697741714 0.022195057591830363 0.07836359781525942 0.06177186495098524 0.05021250507660998 0.009029867052862163 0.03726465742682341
20 0.03912532789552244 0.07300907236054752 0.09804007141239426 0.015282744291257545 0.06153398218319135 0.013085739602552963 0.03486321311405709 0.024275013499967885 0.0625255031763852 0.08357654993324963 0.06258275322658689 0.03182287594003784 0.021401756147261017 0.02896211859036154 0.08193282645070821 0.07382215845182043 0.05275827024549525 0.05892223523226348 0.06325736808141251 0.019220420164927317
21 0.0040328587751603 0.08679873602807402 0.07091648302100022 0.028472163358517308 0.08415298743832625 0.08267259004032784 0.012441747597601546 0.03383499305554965 0.03660801649227013 0.021935768619108592 0.06217569364748202 0.04251618037802586 0.03247177682066583 0.023929130745022325 0.0659215722305311 0.04763097999044336 0.06907320468673173 0.01757776941213627 0.09031834971107863 0.08651899795194705
22 0.0403993145145293 0.09565441832639837 0.05237226921740897 0.05834246040899993 0.021147255017090798 0.10489057743634841 0.08935531502843981 0.044549714835163144 0.006533568603925763 0.00958588264246525 0.012648227699892791 0.0872317202773271 0.009149778373338795 0.04945403098922243 0.051628221744953275 0.02390556262466237 0.07820460874574675 0.043747130844739544 0.06755173120783697 0.05364821146151037
23 0.07455479682977564 0.015306933979405194 0.010278244746841702 0.0945764307501854 0.00684997683752497 0.0919945029384435 0.0722213294198344 0.08527460464106115 0.08466206859348091 0.07004588127342713 0.020856302623991203 0.042148498399806 0.04770644682283274 0.07857852056114109 0.0420309437754601 0.03968419817617976 0.014755238997977599 0.03913435865712138 0.04545941334008155 0.023881308635428745
24 0.029636620087429434 0.06078292396233016 0.07320004096762861 0.06315199818945813 0.022492446543589437 0.059619172965456185 0.0645559291402854 0.06743554058994794 0.056900779348394236 0.0420388114047413 0.025640053234497116 0.06246617290349861 0.041455280283163566 0.06933965337091004 0.010077261422093033 0.021784284513868418 0.07703163831090139 0.028547202933785713 0.06379566458148854 0.06004852524653273
25 0.09160850971781882 0.07348700482187982 0.0725710405502894 0.003668925596023253 0.0385697785639958 0.03483745078784079 0.08594490889921559 0.048645819303485126 0.020436220583716063 0.08517570686412639 0.09423367556125295 0.06384930820528119 0.016762082380975887 0.03404647304348855 0.05297717858633393 0.0176698073806915 0.0039012018671288166 0.005748537630390434 0.06745492009199175 0.08841144956407385
26 0.049922919735344524 0.07187560209984725 0.04342500027347378 0.04790945846983734 0.07347783391353369 0.05102421890924704 0.06942157111239129 0.010386015773483685 0.02263665650791177 0.06438687446522133 0.05879593394218964 0.058335792335798116 0.07851413419430826 0.017155676903343874 0.007671866630743669 0.04865265933814034 0.07543710664537746 0.030404542381141136 0.03253560018642606 0.0880305361822398
27 0.06529707782930254 0.06789768626166424 0.07403167165857992 0.08009721952521669 0.03072977690469068 0.06834947331112538 0.00221532022329057 0.04957697936806298 0.10888849160582445 0.06378452811307017 0.011482196921360505 0.09837160226206994 0.07262679789428551 0.005369987668985349 0.04914098826060754 0.03032510936407105 0.06623137292511586 0.01084665643368904 0.027433336431369346 0.01730372703761793
28 0.07520044104316567 0.017647423559302478 0.015409653352582221 0.05667575585427135 0.04685601083430601 0.007457528874467484 0.07978879298264509 0.06945314090357478 0.055587820810864504 0.07642094967610481 0.02941801296943113 0.06314008055735794 0.06699887313522983 0.07264310198841162 0.03862642559648146 0.05142312736083763 0.05928937399346936 0.07463532636221425 0.03510062403539449 0.00822753610988796
29 0.06041178984616686 0.06800773647979957 0.08207687334260311 0.05796350672997762 0.07187255967644746 0.09347832762253631 0.07658869838411246 0.07715553839807925 0.04150440353137501 0.09869729613986734 0.007309548582596559 0.00463829111182862 0.011561535117839843 0.0478903006968112 0.0020540211178077927 0.0009977368617820805 0.039013903388624475 0.09808948398185878 0.038431416350698536 0.02225703263918722
30 0.09240913620467478 0.05903596501798519 0.008936909465410937 0.09594340370077838 0.06091738547645994 0.004096323909110721 0.08872077245578687 0.03867716498324418 0.0977929101554625 0.03326229116108297 0.0696362250906491 0.09141890992229623 0.0174673169751963 0.009393306531546818 0.06188952885736211 0.017885442598742113 0.015678369342945923 0.03559941646725153 0.04211326289559015 0.05912595878842329
31 0.008963484796285691 0.07196759323699366 0.06402718357002742 0.05979431666955763 0.02046311762039369 0.04698850821298473 0.08536882516356195 0.07089107299637855 0.06373082944604266 0.025614953793660054 0.038916180773996306 0.08217852282010424 0.0494540008072745 0.09387360858968778 0.0034739586816065885 0.05035442445370179 0.024207923118499678 0.037026911695559744 0.03305287741403647 0.06965170613964683
32 0.01169075163073913 0.056741472465545 0.07112697134893686 0.07994445442489984 0.07420468099223194 0.06913935174412109 0.04244583973557293 0.002121149341652041 0.05605940304675818 0.034920933665470506 0.07634528911070755 0.062191059707094876 0.0647847176955539 0.05131248848761799 0.03550783374639217 0.029087174497991555 0.037647960716844474 0.06038532174616181 0.0805303235069457 0.0038128223887626583
33 0.056496728249959875 0.06934893436422704 0.07065322166858858 0.023960103243893565 0.07867052014086792 0.05890757182546809 0.03088689556733326 0.037611161647909556 0.0041666259588158516 0.09975511427871726 0.012110806586440618 0.02330668581990705 0.10842745278003428 0.04909611620397724 0.05645886270398486 0.033397609217969984 0.028230449964547315 0.05923734523227797 0.09831442322629359 0.0009633713187863941
34 0.06538249674357512 0.05581487149351391 0.07359952686422594 0.053457434803044615 0.07904861030731587 0.04693556898165583 0.05372738346727601 0.009803122930635203 0.06547899996671591 0.0054883981112206475 0.05630622086450004 0.03688572012871086 0.09080285810551604 0.07684434139576879 0.00867080254295044 0.022276171959113727 0.08538843300189979 0.012098769531382154 0.012386111868480881 0.0896041569324983
35 0.027950407604632205 0.06664860912846571 0.08467050800692974 0.00029361380596189794 0.046342193394181094 0.08427159447504572 0.012470009264701116 0.03493948940287899 0.06920806192583372 0.08646827665702035 0.06099499491581071 0.060891630178326314 0.03877754830008287 0.019799760216405855 0.06292518807698796 0.05301194172960586 0.054661980216676204 0.05762683258730412 0.024333769102393113 0.053713591010756255
36 0.07523584187753797 0.06638319706170795 0.024957803180949947 0.02541014101982722 0.09966452033689006 0.037022218646470303 0.01732738253569261 0.09648637859349173 0.08574398850520222 0.07870781821548288 0.007796865525128886 0.10106096894303294 0.032066244977964474 0.05717561688010655 0.007725667040454851 0.06005512731666602 0.02886997851454889 0.029124561497565222 0.017138260682021178 0.05204741864925789
37 0.03935749756295561 0.08591930525435766 0.028792665260715316 0.057856442827271405 0.022668242752365075 0.003081295361277098 0.003128701876848424 0.034102526702554724 0.05949861694711643 0.0644809029543469 0.004907988150236899 0.027083478018568884 0.04469239816463773 0.0693513888519693 0.08416901864918315 0.07791830551662542 0.08615596701318205 0.07370617455046914 0.07779106536641836 0.05533801821890043
38 0.08248932831764236 0.04637151272235005 0.007538454200046261 0.013510319648454294 0.1126435072395322 0.020072010392232952 0.0976871571951514 0.03049280430169769 0.044823946944920846 0.010310253872078862 0.07324568209620373 0.06304814409831397 0.09269794188709372 0.004325096273811289 0.015446921750459414 0.07472319725081422 0.07423927056915447 0.062277299460712025 0.07320883719434278 0.0008483145849875607
39 0.058086524671567163 0.06106705255233135 0.002367321292790743 0.08117636958750414 0.057101712255456884 0.0614863047001099 0.023235891796229476 0.03890293603836382 0.06970439729811059 0.07366338081670906 0.037736131893804405 0.06961035246915961 0.026832965967194235 0.043148278610372987 0.04476919646451475 0.003248681640081548 0.05116229081542341 0.06521308438825818 0.07987151251491836 0.05161561422709933
40 0.05604573265498957 0.0019941540282425304 0.006556478462196747 0.06321580260495299 0.04338969257819056 0.010981841780517075 0.061628919029191556 0.08261402860009406 0.041963734216597486 0.07448015796452374 0.0760858688073017 0.031449326787088755 0.06636476368361115 0.0779237033357761 0.046824379466544025 0.02068922109158585 0.029749172643479982 0.08032210571213773 0.04336143805670453 0.08435947849627391
41 0.019319220678199567 0.0034653401339487556 0.06077332344891584 0.08397849514142855 0.03321591551695415 0.026455637973106995 0.04712211532506982 0.014959318779232827 0.008211023411824088 0.08057528193901073 0.04464079602866431 0.09886073040403352 0.06872829687053357 0.08096389063158743 0.05935812596311612 0.04200859745945805 0.01875477696951367 0.0822242252792133 0.058600468487243915 0.06778441955894486
42 0.028223473529379397 0.133232305232968 0.08763294402502224 0.0979218064575405 0.05699421635936665 0.030219167426301062 0.04161813291729646 0.010300975586257699 0.029872847773131393 0.017286617939171245 0.014393696968344492 0.11627943585189486 0.0028748537981938206 0.032467940084562066 0.09174216768930697 0.07386536371652028 0.003762242839045548 0.05089241819092793 0.06941121473426198 0.011008178880507303
43 0.09619858458284014 0.04889326588931914 0.02442485946348666 0.0438393843877989 0.049521418932204755 0.03580533961814845 0.07284013396817811 0.008634664692938662 0.024568330329066572 0.0678237322936255 0.0493746749502018 0.03945846321937152 0.06306419714974718 0.01247336012570963 0.008680335636943192 0.10729382238156251 0.08709655490315169 0.06835396691659247 0.04134640825302427 0.05030850230608888
44 0.052600679781852115 0.06635932284646953 0.07975688610458177 0.08024231816482429 0.05567052440395592 0.07289868207684354 0.014478973897208746 0.04483020528443152 0.014038256984206412 0.04269707659288995 0.03402410742786167 0.06348701558271812 0.05627083696944799 0.07417882117446921 0.029842407297995737 0.04314481585118259 0.041019315475868 0.019425042835070978 0.058563366812890164 0.05647134443523185
45 0.0926312422912541 0.07452461353102761 0.06710799512501275 0.013893398322956291 0.020185936427495055 0.03771885193284931 0.01749189927253997 0.05898060822114193 0.009393535120215747 0.0036573730802365676 0.07013901115683761 0.011122362313673206 0.08648054467953811 0.09092883446566034 0.07864057947641624 0.05451252687624767 0.058334395645662465 0.09441803815477047 0.0454427773322409 0.014395476574223671
46 0.057989926133755976 0.023548011414715513 0.08635740539980034 0.066021372604387 0.08522158030396575 0.019126476839326157 0.02051660908360437 0.06668998027273185 0.032893853450545074 0.0834259696681773 0.06081019088335599 0.020914529123686132 0.062735814008616 0.048391683545146336 0.004096332606513526 0.020521494005429956 0.04767082228043192 0.0562612371583859 0.08180400094016187 0.055002710277263
47 0.06105067440058475 0.0809382498786945 0.018071972807787336 0.0450335440577447 0.021211268036196062 0.0893720115301785 0.037510218048399976 0.07950202779368573 0.03866926244842579 0.06366820644712505 0.09474473598134936 0.006072428565910869 0.04825249236561682 0.05491612815949587 0.018509276178792663 0.04128680019172021 0.07564594284470175 0.08597644215582632 0.013799465330750878 0.02576885277701305
48 0.04640769749765837 0.07337450085884716 0.04771522814180737 0.07202669101706591 0.060936737262355475 0.02261113491100984 0.07069496923644221 0.006317493561032193 0.01287041668576365 0.07659448737183608 0.09829450188012041 0.056742764811200705 0.03919854667203654 0.02117882768910156 0.051942504444670565 0.05404939741858055 0.06717486495895895 0.03980920679217673 0.05728708840193219 0.02477294038740338
49 0.0342393216148136 0.004707709955637897 0.04491772001022526 0.06557480489786231 0.07789664338876454 0.07370285119251821 0.022201576778793933 0.060702929760860044 0.06236705521759375 0.06503790712237807 0.05402475838501139 0.054807026593394544 0.003785693604348074 0.0019701388487381763 0.0637760291623402 0.08600092285612534 0.08635477108337707 0.03206652075603594 0.051763806521687744 0.05410181224949398
50 0.008478626419898624 0.09638544594185744 0.047511845927088375 0.035671606452110975 0.028166517240273085 0.019454138079570915 0.021079821628896326 0.028693287817866536 0.00267834820982251 0.07977117793713048 0.05470390726492507 0.09234783932019852 0.0054554407496553 0.0746437124639532 0.09244154815277182 0.022320116640810586 0.08728797982497272 0.08115622276899302 0.029581087295483033 0.09217132986372144
51 0.014810952246971569 0.013302044032223154 0.08599629769511201 0.09151303049369848 0.023727106528868554 0.07149147074012822 0.023397040482305315 0.06803172317860627 0.07003496248856009 0.03261999921763574 0.009187993722427483 0.046179538227015565 0.00681105245824187 0.09153159174300238 0.03290853178836461 0.056310813090007 0.06855990168668916 0.10567016870221112 0.06672199666153121 0.021193784816400503
52 0.03352362316323894 0.05225838990563131 0.029417720653626727 0.013814389114582602 0.04313466172291941 0.0014655427874347917 0.0068184916253709845 0.04043131342011697 0.052537611546089824 0.08349410791476974 0.08843558583704315 0.08051158199818716 0.05017012645226499 0.03148499827174945 0.05869945249491858 0.09049790981432426 0.07672295210861402 0.08322116060077084 0.04400115588242269 0.039359224685923476
53 0.08173105623194801 0.07585616469601075 0.019872673859870536 0.0265201283671115 0.06403517912057513 0.00866301267220567 0.04596740669151395 0.06617337575099543 0.06681467593922846 0.007710743985308227 0.036110025523351325 0.09074030891178686 0.050271352933688083 0.024487834058551372 0.04741396348131853 0.0621790243051184 0.004387539393857914 0.06942014497611533 0.08235119172455235 0.06929419737689228
54 0.07167824306023189 0.008185326638828736 0.014795417850579088 0.06976727216960592 0.07484466707837306 0.01580587419112727 0.020085236011697198 0.02705623517619684 0.0634982274581404 0.0198606041245611 0.0509302896443314 0.09465633505554018 0.11218990812590035 0.07727727013229405 0.018622492505794237 0.09505358585549081 0.06698395376510412 0.021130165674615318 0.029733820446517286 0.04784507503507061
55 0.041818635057657 0.0023564293819762125 0.07975124614037857 0.009838871865984117 0.06875323045951254 0.05994190778528751 0.06223057733887198 0.06396495187463717 0.02644449183663024 0.07334305722209415 0.05575606320131058 0.06504633940418919 0.01998120153448754 0.04965945593122479 0.07562500178034136 0.06025422489360712 0.073391873338868 0.01624940786218199 0.03009041070115903 0.0655026223896009
56 0.028648884549764955 0.049169629969862544 0.05654467706745776 0.07283113211917476 0.05825813463291251 0.03733678856581493 0.08656053492649464 0.0072963025319840846 0.02731632698874157 0.08917226473658851 0.045435049340701944 0.012678235076907813 0.06712409227859714 0.04343426887795167 0.020936222170205965 0.017727742005914458 0.06739899895827947 0.07337691464862378 0.07704086126304717 0.061712939290974406
57 0.038555378429768826 0.04548492089923819 0.001867996546259876 0.020215264601913297 0.037997675859298356 0.06287363877038617 0.05838589028731907 0.09810556796085584 0.014929009086961794 0.045901396687875594 0.0801151339862585 0.030132251541753606 0.003196815747717053 0.08015616695127165 0.05200276936833028 0.05844290723070337 0.08805957980959193 0.013951959103838125 0.07775258881333319 0.0918730883173253
58 0.09238107632588814 0.0016522138496610143 0.061468260853794796 0.004325983342497044 0.08900055705583416 0.03700411407710442 0.07660084018566152 0.05029467414577426 0.09088097277178568 0.0197349818750924 0.09215879681827853 0.09327920569453203 0.0013847233250673446 0.027959918197055886 0.006443328457754286 0.08471616127262041 0.05866336790893289 0.05457044728383615 0.0017319595269987172 0.05574841703183043
59 0.07331285443828381 0.08427967429886615 0.05392090928469792 0.0809603678799497 0.07802250380986492 0.08807366350730321 0.0500145518901159 0.05384991851700147 0.03962960040194213 0.011195573219221742 0.008471704862123907 0.08727279983067754 0.06958098085402085 0.0013751247989655547 0.005806535085887979 0.04047968445330706 0.08456584881763757 0.03740965461149781 0.0019379137406989144 0.04984013569793587
60 0.08289279780073201 0.08426129708050033 0.0845285333757933 0.046915456052073 0.021872228957583013 0.07488977778417089 0.06417273113041537 0.037142497642337936 0.016425319076013384 0.0781579843793947 0.03442454417248306 0.02871853557915093 0.0005245889166817513 0.09160575283730725 0.06880997424526553 0.007601881578928127 0.057398890351097374 0.09738120439680203 5.3024351612256955e-05 0.02222298029165786
61 0.04115466579467285 0.06391828046482582 0.0891937247153243 0.010024877911837508 0.040430992595313964 0.09736072041871183 0.01809734009270713 0.020846787720250382 0.04965197148193317 0.06207733267605331 0.07584800603666618 0.002749958487779798 0.09552234299148162 0.058698655673004745 0.00791229536331005 0.09935383881125552 0.013389237986076979 0.10507645091953476 0.029027800122118346 0.019664719737141612
62 0.027702823167232448 0.062371845761728356 0.040977625927971044 0.04999220427237333 0.02085254466552084 0.056747381778808725 0.06318662505699628 0.0053674704049469545 0.037771555440049356 0.050631299265276854 0.02444498198404806 0.0696512382343914 0.04978280804711969 0.09866024264777618 0.09845714281233234 0.039947823364674714 0.04436850904935958 0.10127517142013767 0.04690420293927127 0.010906503759984778
63 0.060379762451210114 0.0724123469899885 0.051194032857023376 0.07391682916495543 0.02375475579468457 0.02001526630076937 0.008310498179672849 0.01498522781536685 0.05407219883075971 0.07031981106471148 0.016560244904216054 0.09287884541693717 0.02802610659376321 0.021249518855770966 0.06644288019946559 0.07884096919174646 0.08926553517109369 0.06601996661864082 0.00482219204048785 0.08653301155873583
64 0.0014109994391966452 0.0030948479444233017 0.06275264644385506 0.08628260406236865 0.0146396701144415 0.04749137426604665 0.0933775887029833 0.08812329748679494 0.02736218149376746 0.07084296684472464 0.08238918686935694 0.030130403121601874 0.09785839759217518 0.014294091018981674 0.005944461528540288 0.016518249751669937 0.043371381942107025 0.09386866213754179 0.06343162257567302 0.05681536666375016
65 0.03345969030166436 0.04925835374780577 0.051804729481023236 0.07675498772274202 0.058582635795588124 0.0946001079477332 0.006155520011142511 0.015503389333104838 0.030549684246689888 0.016495872215794582 0.0005308610550359744 0.09246054446419455 0.07430840132444666 0.018271283613720508 0.09487307802736808 0.03432524216103465 0.09475587261514802 0.07340932429320834 0.028867882546410286 0.055032539096144445
66 0.058301345631064136 0.08913219066378676 0.07393139514675326 0.04166834676231861 0.08359969643363202 0.012487664654477813 0.04486918177062194 0.08863163584903455 0.03166182680442693 0.05025638136539888 0.0197626923529739 0.011025197964360222 0.06668991216418838 0.006922328675253566 0.037154919988839165 0.030088188871265242 0.013451337304204577 0.09261136921098453 0.0959502410313835 0.05180414735503206
67 0.06938118749724351 0.05738518219728701 0.022006176017608105 0.0969245580287568 0.03338514622951125 0.064991348633614 0.0036247797243440416 0.059852307744545766 0.07264075173481453 0.031651288634090495 0.023068919734599437 0.07974419618613064 0.014881985237117689 0.09463991134240114 0.03418756201114401 0.035787419185177194 0.09545139484968332 0.005185770651303603 0.10253075032861134 0.002679364032016078
68 0.0003395113940211824 0.03536696408306138 0.06766542106747254 0.052486963182020924 0.043056590468528916 0.015087469767936651 0.025031460203208674 0.04206146921289201 0.059259796069005194 0.07709470623413857 0.09082500375143937 0.07589781103719608 0.06714019349716498 0.0376728907654851 0.08308992069893406 0.012392536670211663 0.008311836880945766 0.09977806913579723 0.005452072468900602 0.10198931341163892
69 0.026614041704404186 0.013715920386882907 0.09592798983386007 0.05484132898684323 0.07774277345596813 0.09469406966671402 0.013883280394845042 0.024285610153715012 0.0002647883777563653 0.06652791719237941 0.0810601558184237 0.004519590870828589 0.07551488837374407 0.009038663743122684 0.07468059312960738 0.08939940319335204 0.011670902699446544 0.08621753807144938 0.09100516788183795 0.008395376064819231
70 0.05113731431430665 0.08442909253017755 0.04816699786547932 0.05037355481773744 0.005748050912835169 0.019154237462602385 0.03031682326649365 0.06622865128966146 0.009132442163852133 0.07208284585068399 0.09832363228520966 0.0423736803638806 0.09299206067211781 0.06461068963405572 0.01881907518199093 0.09047263807799853 0.05614014744960194 0.05741130792043779 0.0410586239157841 0.0010281340250931107
71 0.11098632694690609 0.02363087496137005 0.11356451913278703 0.056818664556926045 0.023721913342600303 0.04308540837785246 0.012690361663241476 0.0020524084069052286 0.04800989016769858 0.012205190089711928 0.08398083850102084 0.09366265541647234 0.09755774810674155 0.03934117293982594 0.0072861104958381355 0.02575036623330198 0.04073673904684095 0.09334691155479675 0.011046783933822982 0.06052511612533942
72 0.09490776443949951 0.06509128108964662 0.004671414396246641 0.08436430555877224 0.04618443834422564 0.035552986898135755 0.04451235877823633 0.029598580115172513 0.025151003873169812 0.05262617283417712 0.028576451890259744 0.08279792627861819 0.06591695540561932 0.0013513225609379312 0.08146276673410188 0.023936409048622747 0.09243197577438458 0.02354511555072926 0.02461714167425943 0.09270362875518476
73 0.046289647004496726 0.034511282791089365 0.049718384011125556 0.01056085219421543 0.024087385519924516 0.06196860968640994 0.06737816258543294 0.03381363527772056 0.009517092984259451 0.07310507197779419 0.004490116528798103 0.08366954624110322 0.05765764636308365 0.05197857536136878 0.02015425846146824 0.07813148926849442 0.07186271930687804 0.08203351348272447 0.06246642609802109 0.07660558485559144
74 0.09101797121360156 0.022181966427262514 0.02480538988331313 0.02242723949675722 0.07097033544716337 0.0074838846991226535 0.011448877662833604 0.07526958315297758 0.07083174001782792 0.06654206185794168 0.02885074721023523 0.029101687187390195 0.07658287735967284 0.08002745505936669 0.055532009302586255 0.051500416928020674 0.02629994607913227 0.07585035126673377 0.056818026268707064 0.05645743347935403
75 0.06955958369079747 0.06755143681238643 0.02606747899098389 0.00459124457698418 0.04233285030184366 0.0004644314858575913 0.0709109708955641 0.07282466640735236 0.071709749432309 0.06605133262541651 0.06356327936561254 0.06141302244494689 0.01187016948369187 0.05485382820327135 0.03709181759505245 0.03607268402526855 0.07419020961697509 0.06547807626252469 0.04053550102777836 0.06286766675538306
76 0.021050700586080235 0.06266095287999061 0.05714851179405722 0.03302504479218641 0.015436935219474032 0.061295512224059774 0.016605758508909607 0.04246504374801281 0.06638755107210227 0.03158339494996408 0.08115663652216389 0.04955118885411608 0.06489168629709471 0.00893788956446187 0.08207036526376496 0.07694698235122487 0.0486793717388625 0.07608307388797066 0.029715688884446034 0.0743077108610573
77 0.011260241657233539 0.084361685106448 0.03967740212611171 0.07315079582231475 0.019559259211395053 0.0488828758315245 0.04147328599319516 0.07361721240245164 0.06252766855500924 0.08312649124544284 0.033533090550971985 0.03694332647476034 0.07418046323157237 0.029346950571430188 0.04542025575515212 0.027343671974009564 0.052156215149079845 0.08140465897127037 0.05085159165862537 0.03118285771200137
78 0.07910290372081683 0.03665293397072682 0.06493177458875671 0.0752458882148397 0.018715729919633346 0.065780638054446 0.07919204092239625 0.06552761067478836 0.002640775532020618 0.0948512325967745 0.041480440497389484 0.09360448584219355 0.023380338311753755 0.008902502214284585 0.0416514189235887 0.07153467003302809 0.03497877219747179 0.03575158579926029 0.0203221971627544 0.04575206082307618
79 0.0919996402066827 0.002850039137235383 0.07869906276463771 0.0012825543633007838 0.04788085150896311 0.028665489934532964 0.0029962257570394606 0.06615306215226568 0.08682894661168927 0.05176841999111698 0.06457811946753486 0.08120202730889922 0.03238578881950802 0.06598575391307877 0.00477194303955214 0.060385736352719044 0.06072562348262986 0.06624332302328326 0.05060300798477127 0.053994384180559546
80 0.07230722336734086 0.03274663350469349 0.006886633145350011 0.05743029114922408 0.044767358488748556 0.06518575460328835 0.057445713908785376 0.011116495265682803 0.06003494630327332 0.08510537176947823 0.019859175927978593 0.07313791219428624 0.09340677671224074 0.05011249956204786 0.05815925536146561 0.006197908809652036 0.09641165532302841 0.004313074439895753 0.01486634780838956 0.0905089723551503
81 0.06568853069770157 0.05221823811137673 0.037292738063069236 0.025236945034767366 0.025379303926202454 0.07039722103730087 0.059657448821647675 0.06311508861224231 0.0431851341979326 0.010751009729702964 0.06585481182466153 0.0446513844708198 0.09757854808803511 0.02191393745248523 0.08302346053210069 0.03751532388971175 0.0838289121562939 0.027908252536714372 0.06655761295832824 0.018246097858905734
82 0.03837932857703259 0.031803348887500825 0.03169804885169978 0.08272547608211103 0.09456235234086113 0.03336266771381176 0.022240653979371226 0.05650361077539799 0.006664585699537201 0.055672848855048404 0.10628476927780035 0.06600359844385739 0.08574137791752091 0.031766673318793494 0.05631110321204612 0.025347907919640433 0.011214819411769118 0.0594395368739854 0.04851286686295171 0.05576442499926311
83 0.012766440905946507 0.041608141374452824 0.015052941324112768 0.06392754378787742 0.004290750850320547 0.03835167873298347 0.079694218824585 0.09338778177884882 0.02873711527299123 0.053176382923048576 0.06717798282443477 0.013842248847972052 0.0966052796792047 0.059571321439718515 0.0745158582273509 0.03252509769429369 0.04381124465394225 0.08646075103526606 0.031157602662583772 0.0633396171600662
84 0.07180710634294826 0.08142999712169795 0.04768376719977808 0.018943940813961717 0.0739130769545528 0.07326284152494256 0.0026896136563860583 0.07416722547549338 0.08948563857792965 0.07987629651143245 0.00997849757459596 0.03867005017167599 0.03607099021218826 0.026528370123539504 0.06626664829974116 0.02034311927668141 0.00893118587810484 0.06257593486033802 0.045966538030444176 0.07140916139356772
85 0.04422960453817733 0.08562434309230348 0.07891324893777749 0.03287915620799216 0.0006273063109434304 0.0852683738195461 0.0872882570489531 0.09219348555711858 0.049075298378503995 0.0770393165397038 0.052285150265899534 0.07488597258514136 0.02969520318450397 0.009496740562193212 0.011991276542554311 0.027260916523156896 0.020799010503956678 0.07723009733262472 0.044994187319193156 0.018223054749756714
86 0.05856750189481396 0.057402928569326196 0.00783104873011168 0.0445977360952699 0.08561211736126063 0.019686351827355904 0.03370741427814585 0.03735083000931543 0.029526102034329378 0.06545246869444721 0.09038487322888926 0.021584073582209012 0.0037161814055336833 0.019509785439443428 0.09696961129484129 0.06082065644280676 0.08613114475022375 0.08966291728286566 0.08237896670455556 0.009107290374255696
87 0.020745245405016127 0.002973516789129664 0.040051658109820885 0.0394653230401272 0.08512860123890686 0.042266953052437745 0.037498572674854694 0.038207088048641646 0.04872304641938268 0.0969449866290585 0.08893883439817522 0.02450939897203743 0.08134954325053878 0.06963587709507399 0.06596550921528996 0.045663344900126204 0.011131218858968185 0.08130125493581634 0.05716356839064504 0.02233645857595289
88 0.055433998836768646 0.0746987418720863 0.09045895820282027 0.04088307279954999 0.05128333338154909 0.017423121220776647 0.051422210402077694 0.07633824656638016 0.022689877887895005 0.06473624761866839 0.0006239506030090943 0.09039750140553147 0.01140904413562078 6.210523200632165e-05 0.024190351591038627 0.04909514028999989 0.04520575720246167 0.09924968511039566 0.09696606994543021 0.037432585695933975
89 0.029703345162247725 0.06770839731369374 0.07803055769860158 0.018683840244461274 0.05791914771253647 0.04914370264839458 0.07328456743996617 0.06894361748050483 0.035092509911875604 0.0006252208507518454 0.02597270235201488 0.0675218959455118 0.0664089250091864 0.07521302483195681 0.0700949391616845 0.02265403784138911 0.07245356845211817 0.07680337378353976 0.007111035160000616 0.036631590999564076
90 0.04261943742078358 0.026941828273754843 0.010900037137230461 0.033118337075307536 0.06891103369977647 0.06458876318672457 0.03824749143078765 0.05845902665637927 0.078874840505468 0.04024607369051372 0.0827991943453639 0.027276925654248503 0.019355788817517185 0.07958875796454647 0.08887688102385932 0.08165845171413258 0.025574386769195104 0.06452854222313735 0.005491232184368452 0.06194297022690495
91 0.06417773511591353 0.008677512653188283 0.0803389931027827 0.07646211346913453 0.06589700262754149 0.06932190371728808 0.07644787665793984 0.03241934231547714 0.06817372822617775 0.06372275067858017 0.040022628242592645 0.03996344552291226 0.03348948274578306 0.06283222595535107 0.031836266924172636 0.06783758329974608 0.05564451835115404 0.0035183762585578424 0.011224168772479694 0.047992345363227155
92 0.10700072547551936 0.03217590525943519 0.10244976801695789 0.034022449130290705 0.10529478568704881 0.052716813736299814 0.004297517267039066 0.07550326047264426 0.05811858629482837 0.030619422171033715 0.0002405453695541087 0.004390773505608931 0.024825707496811792 0.045713998480413964 0.027559297653866624 0.08923309176977738 0.08725020774641755 0.012970133139030138 0.037728310112961086 0.06788870121446111
93 0.0310167944424686 0.05359516473848785 0.04621316062567629 0.09309983284334448 0.02771507245380926 0.04513819580600238 0.044307558012104536 0.06827487807348327 0.011532456473007971 0.08241119174968026 0.09129354570077657 0.0696907766313091 0.06039794649156521 0.035298275579503394 0.022177988407963027 0.05295336912155565 0.07075187450276274 0.05073242645856614 0.02019608206691572 0.02320340982101753
94 0.0798065093912085 0.00972657752207726 0.0013497030226177513 0.07910826823622373 0.07064930623337481 0.06673642133374921 0.004288557604967987 0.009078017795750539 0.06404954271667697 0.06257530686851616 0.07548112498913831 0.035151705256410135 0.03320204615376551 0.06037473096114937 0.05903148837446845 0.06199436282770428 0.06490991817509877 0.07299061394855393 0.036335681490910585 0.053160117097637634
95 0.07591765018412212 0.052715406362619205 0.028515277939983718 0.08062752367394878 0.039460663236933625 0.003048294844908448 0.09864418485879681 0.0007587140649524464 0.01572322881356534 0.025679099384355336 0.09200879491313074 0.08759982280783428 0.05178978982382077 0.07730351301998889 0.03393075755675997 0.07962086100538755 0.0761901497858322 0.0124305470092448 0.06011027582542725 0.007925444888387666
96 0.0020891174519084574 0.07207029873812708 0.07142462762105443 0.03912123881459505 0.036161092170913414 0.06776469779617893 0.1139659636994627 0.015541881906187771 0.07479505635112964 0.04030526265165258 0.11568848580213253 0.10508929570029255 0.07194246039175028 0.039158803469556476 0.049713553306406755 0.0029730792405720688 0.007639113889515773 0.021757584358642855 0.024107919176509705 0.028690467463410477
