0 0.017937150222637817 0.010966422462856902 0.054557067169615406 0.052602349639422175 0.08640153896577078 0.08567705747104526 0.06807955924700373 0.030895587442057833 0.016426838289534607 0.05240896311832902 0.05292748658529887 0.07892378206503822 0.03368461320261909 0.07254642819447352 0.08417790924517164 0.07061019516426996 0.03730472442411145 0.02835870950559112 0.013891187045753206 0.051622430539399355
1 0.07775273898943463 0.06919545354828413 0.02006087509752892 0.04028552123100975 0.032062311086107464 0.0772803160758447 0.07447201308814978 0.02638448327545706 0.06352520317201124 0.0773191163194479 0.05646588232896077 0.03522539437351362 0.03357281791811128 0.0538260441486913 0.06657293690797955 0.0015224665983874291 0.0580260948346569 0.028000947404794727 0.05000087024766709 0.0584485133539618
2 0.08488390382629386 0.02529789265240498 0.011866894952708509 0.07965787996236985 0.05479847861612093 0.006069492078510862 0.08632233677516488 0.02126766330842583 0.06706219036662268 0.05649396915036229 0.06742118576289574 0.0474209127329158 0.053316163714168606 0.0788126870856616 0.03414982494303874 0.02384980252147185 0.031506371581351375 0.06709616287861998 0.09644100854084799 0.006265178550043594
3 0.10851035195463364 0.08931979112443245 0.025485256662312276 0.017043633747902052 0.024226857977246847 0.029821107357280396 0.08564968791736069 0.046758567503693525 0.040155917264027056 0.04256429332539555 0.042936985129438346 0.013851001493440127 0.09295751138826813 0.053024137726323334 0.06771014070514911 0.07903019546568014 0.06256694448657031 0.02718167628733203 0.021643682471876455 0.02956226001163791
4 0.01130733726780646 0.09629386402945908 0.08820825637662358 0.09351108138626449 0.03286185776535148 0.036980090890112 0.09605094718442989 0.00931382810292343 0.0790404922203894 0.04786556338073477 0.06032985101194265 0.07155202281808247 0.007521354922455386 3.4293916068147715e-05 0.052559859367665815 0.09850332962837803 0.017617907725011095 0.004031604563942158 0.005550114424458663 0.09086634301790124
5 0.0014415476660134654 0.07304575176082297 0.0540175936121816 0.08404957307350515 0.0719430155149312 0.06697916516218053 0.016764642472307106 0.0010258705826233635 0.025409813279100267 0.07051743379530077 0.05462758972101788 0.06682230758168396 0.028075619814599658 0.020139307040585915 0.08200226974594624 0.04130611906423624 0.020575191185269837 0.07375030487680649 0.07013927519144457 0.07736760885944273
6 0.0017624336169523337 0.12599671224305137 0.04839737818575851 0.07303612099010724 0.019783556458082382 0.007288043411269526 0.030154264843069604 0.056167420066825166 0.0679110101210801 0.03256269684683543 0.05290540466223162 0.056725474293464466 0.09580487481523817 0.026918612898049914 0.011344684325455481 0.07344280735945775 0.01227080109814653 0.030972092298390135 0.06121946892124165 0.11533614254529258
7 0.008859977999437186 0.06537631773958588 0.008065947099662124 0.010387488830408034 0.021009215884923587 0.09368581937598688 0.05095873608524459 0.0877351837371242 0.06771686044215537 0.008770452960070537 0.006741670959552902 0.0678016924115826 0.09797807949556804 0.05747513896566771 0.018863757877037476 0.06051193726061944 0.03383637066322462 0.04796459422468071 0.10051754207065366 0.08574321591681455
8 0.11230750211419167 0.040020761524910374 0.0015553270256958966 0.05557986304424209 0.1051503723773589 0.007860655644763515 0.045105180153530024 0.08067767833689418 0.05079382425943061 0.056581662534617945 0.006579020411562057 0.09074270627276955 0.08555918463928425 0.06647706043978768 0.0320782061411552 0.0697061734950513 0.049327227180269655 0.012712073565524505 0.0008824724680562227 0.030303048370904393
9 0.08765772573697686 0.07994121358194271 0.005477802010925324 0.08985948799300984 0.08198814770189378 0.060583306040351836 0.03373957229963899 0.009732154962918972 0.05464453877216912 0.08433150448836103 0.0764522518720378 0.008135705314218113 0.0006586803944525663 0.03709011494019285 0.08499634636983289 0.07770168152611356 0.08226051925277486 0.0283645811098224 0.011828123258777577 0.004556542373589007
10 0.005855792405408814 0.05702010010285421 0.004743778831725502 0.0058811303644447106 0.05085169380637101 0.043202350004310025 0.08677091521337853 0.0578416952408119 0.08876246216545963 0.08887282578611265 0.04434779313617633 0.08399307731309012 0.030118147271848406 0.036943965923805874 0.08784491464435905 0.038828079009295934 0.08435349220577083 0.03769432987141433 0.038893253567263454 0.02718020313609848
11 0.07073684692776559 0.07907471397624678 0.0701631523680203 0.011277808516418155 0.03829957832702533 0.016400286267753122 0.018897546379842502 0.07583942581123279 0.05692018773659776 0.00360888052334481 0.09378318691088312 0.0661082369633581 0.016973267378771306 0.10386573035839147 0.06222964319226764 0.10485994753406302 0.005932349688127365 0.019748596225305892 0.06476933664531892 0.0205112782692661
12 0.09051211456119918 0.0562654893417127 0.0012705450132488802 0.06393210660427623 0.05957749036194025 0.011848250157281887 0.049331933647950355 0.07206452430232319 0.05412509749521632 0.06255696205119829 0.0333083337087986 0.03772904050490619 0.09324904122066394 0.091652097430221 0.06518400435888282 0.011033075993636694 0.01768277626830653 0.039810644297729375 0.06725272336662308 0.02161374931388432
13 0.01779347804150677 0.041963499481837856 0.08936865279333817 0.09301239673451758 0.0443707608862033 0.10379869527124701 0.057046626541306204 0.01944515484624751 0.02849382297158136 0.005617458783884378 0.017259375586876752 0.027807170377429576 0.09733740881512651 0.0546967194615321 0.08538672273203869 0.05270562801277063 0.10476662956868794 0.007994513439670834 0.04636490124709775 0.004770384407099185
14 0.09370394023975165 0.02805903995489346 0.08771303287102089 0.044533183300232634 0.023886153744891853 0.04938719888414233 0.021756706333561457 0.07890577153096456 0.02846604404816876 0.08190619125780102 0.02006570685331832 0.0407662853109668 0.0729447314921683 0.016538048935204334 0.0444667485427793 0.09103655415006981 0.006915674746927201 0.03990877346928812 0.03730036987892389 0.09173984445492554
15 0.10268732483433282 0.11080384615915546 0.005472217810603278 0.09277443303490743 0.005451441115867901 0.03815979601618403 0.026675130306397687 0.03917332190790937 0.04957507027379619 0.04390784946491285 0.005435883816015419 0.05017763966031736 0.006141807442667806 0.029498284231483488 0.04815385866062654 0.09060833341837629 0.04968471782189174 0.04459718662787435 0.10242022375571493 0.058601633640965024
16 0.06733426793641947 0.046132733839768646 0.018218570834593537 0.08089893188700095 0.08182710874925475 0.020569130059037762 0.010621303713011974 0.05150658637778621 0.06126419340480749 0.061894199040553655 0.043828599901064504 0.04559019046419284 0.07922029607449499 0.004738257464063992 0.05278401968955704 0.06286074003687359 0.06639227417125018 0.02877623430248223 0.019341867575983843 0.09620049447780253
17 0.018129987074588627 0.038009536265729095 0.04638220165107216 0.04049795153586339 0.057681705531591236 0.003541327504246824 0.0009339611680059777 0.06824190457763031 0.08789166729164051 0.09290454544710511 0.0038604817793057365 0.08247662135422663 0.09937069220201725 0.03631072468923114 0.08977315794770722 0.026966357005118492 0.04534246123923811 0.05482914170864624 0.06640043464356286 0.0404551393834732
18 0.0800853353053625 0.0352458842468062 0.024799279667648475 0.050219685757478524 0.0421807900410974 0.026349466356151135 0.0026392853860834637 0.030978096323597396 0.03770041771100862 0.07696296770386185 0.0819464030563216 0.004660136742099876 0.08518023421536002 0.06760922109300935 0.006269437515484004 0.07118445071734242 0.07477686829015913 0.07569387606227998 0.062482936135007223 0.06303522767384076
19 0.08357687520535971 0.06190386310404909 0.019725753983698937 0.08403213207324448 0.07347124932692735 0.1019058388454039 0.04461190945504616 0.00431505376591431 0.07050098314151021 0.008225348336177097 0.05989376707598617 0.04806478463471296 0.013526190537272841 0.019114037107433365 0.022013005454748047 0.03814017349078919 0.0002751460070117208 0.06593049159322531 0.10438366338520312 0.0763897334762858
20 0.02852173887328082 0.09415256434660911 0.06656928015114003 0.04948349276615711 0.04227444264908484 0.09548276151801462 0.02024903639250698 0.08455859289477267 0.016730894993062153 0.02672715248709365 0.082943435830685 0.015180664721704824 0.03171376733709647 0.07226512511282102 0.06613166749587447 0.054689506581016074 0.057407148566422345 0.007493646352348263 0.02369870543261844 0.06372637549769107
21 0.007597934976551794 0.0726587747206118 0.08489350613369341 0.08708289510175175 0.0042930383545647524 0.03967152869618919 0.05093478371261063 0.028611870670419218 0.09217620950650271 0.06638619632235757 0.05176131518899898 0.047310812004913376 0.012658939845079875 0.04070773072204988 0.0957436129282585 0.026087081286552717 0.05269148411745118 0.03491309514877244 0.09237660127563302 0.011442589287036878
22 0.03831203916845742 0.09419855702769912 0.0326868558133666 0.03093279982589222 0.03283556966657868 0.026875980815811416 0.012686669896471187 0.06046556460105736 0.07698748874845318 0.04759670490437861 0.048750316302103684 0.013354887432907386 0.049188316157619934 0.03901668271724936 0.05374263138686691 0.04802120006433572 0.07825663405617808 0.07111487892240603 0.06760094899472464 0.0773752734974425
23 0.07885848058491222 0.08793907759366607 0.0812610860306038 0.09447128383047987 0.04632955837970146 0.05579927244619097 0.0897437949614781 0.019145727595524072 0.04273608987932495 0.042876357993382914 0.040901353464820045 0.03010375985701782 0.022859054739682094 0.07216319481016917 0.017815387972165166 0.01542667704611942 0.06353253656669523 0.01399787630460872 0.012473587254028312 0.07156584268942967
24 0.051334467200874166 0.013986753100366393 0.08441585299922069 0.10174835630958642 0.035701889317474186 0.036618986949814025 0.0032509320525725134 0.08938796812679113 0.0017914862758335768 0.09564740755569909 0.008357561331582048 0.11410201403735894 0.02932204840472602 0.037479588209572444 0.06859686151799246 0.05346762227307202 0.12207134606393888 0.027546294809405632 0.016455692049959933 0.008716871414159664
25 0.006616102774022098 0.036872220510937616 0.015461758831586304 0.09164312380629562 0.04604862182904261 0.01890400500073353 0.08104101122553191 0.010976327002370164 0.07131139720284294 0.06855936770597701 0.09540224581184081 0.09261381182972399 0.041412698176088066 0.015919576758980026 0.0260956446818983 0.09041864920747096 0.10046526333400627 0.04639801705983771 0.015844007921241007 0.027996149329573155
26 0.0959284073070004 0.03174991288561686 0.03505856168478695 0.05262917643898584 0.04079356383979486 0.03906648393395128 0.010638075446309935 0.07806353294537072 0.020469852599595748 0.06171566113695966 0.04207511572579763 0.020533415129136628 0.06194669295080373 0.06056155472585621 0.09334241601373207 0.07243083061293447 0.09050675307956992 0.060340639176181 0.010420139149548075 0.021729215218067758
27 0.10126365839149842 0.10376412285382383 0.02572250862762688 0.026071773290164902 0.04147726811136807 0.07356224238997573 0.03250726313595164 0.004479418095137975 0.01489675449559978 0.05811591381683719 0.03599361392765435 0.10372534742052074 0.05821250300342068 0.03302739477723057 0.03907023156176143 0.11624740000850138 0.06102796624575485 0.0366438823516329 0.025677039801757316 0.008513697693781278
28 0.026114491716478935 0.06198546898185037 0.05009439427363608 0.0895225648731861 0.0016740972094882434 0.027513531355598007 0.02833686126866238 0.061497514176868676 0.04747293455191795 0.0035681171060022135 0.09734226597396392 0.028430025190472403 0.022434104550387076 0.00970096782831848 0.08517975856692421 0.10406468167326867 0.004201346218092695 0.09740242547737572 0.08322451057209033 0.0702399384354176
29 0.03769024720444672 0.025634597898680483 0.035321077606023904 0.02962317585058055 0.00934923589047251 0.025100873371447563 0.0315168441248268 0.07117199567455543 0.025479277361108794 0.09653647321329654 0.06761511889892259 0.09071995570800538 0.09286044434341685 0.07391107150421146 0.01750401607676644 0.022369021913718118 0.0738781021929086 0.11126748238386182 0.04882613427191065 0.0136248545108388
30 0.02221444918237934 0.05685264239324364 0.06622706829272204 0.038489966532455906 0.06803865925211922 0.05525294058797411 0.05471482049384677 0.05675611923210536 0.03953446383732274 0.07841949645294514 0.07749082014104249 0.058122191051324615 0.017598079592193956 0.04261698472007363 0.01041539855881643 0.07159262365063039 0.06317905421219916 0.05199534655071457 0.022078630841129744 0.04841024442476069
31 0.059059389953351915 0.06108501387087019 0.024838143693544742 0.08611747356713353 0.0023661570564562024 0.0865490689953818 0.05879396538540939 0.004681918610342645 0.030070221811595084 0.08048081857860032 0.06737475907749713 0.0014363847789547388 0.057528426230440924 0.06663274028609793 0.057998765799096325 0.04585653794330498 0.017293201643731045 0.04463601697877878 0.06019569090187834 0.08700530483753416
32 0.025030211680592877 0.046778300473188296 0.023271259452703027 0.044409111011139396 0.06852628343284317 0.02039180917753044 0.12127106682859315 0.07303757755571147 0.0583144723841522 0.09014655939417392 0.07432497538397874 0.030626689357435965 0.049063826405908235 0.061444339334962454 0.017567398447293648 0.07378255105758139 0.024683861927909514 0.023547612413728658 0.07292667189418947 0.0008554223863841383
33 0.06634888317009002 0.09808132538731401 0.08792194626961117 0.019388267651101042 0.03657678702996838 0.09675338216951078 0.10112325504361352 0.09070952930331122 0.06619699275395795 0.013561286810901596 0.01910127064805942 0.08963735227131202 0.013802871110113876 0.06030994755199835 0.0024650717437098542 0.00267099588255004 0.048746016725950365 0.0007684314012510233 0.02751684831290496 0.058319538762770254
34 0.04103184608056548 0.08305694468133057 0.015311975957629106 0.0439881718468669 0.02655257572299112 0.05232220655876823 0.0766382282791308 0.03549096693240595 0.03278097578181682 0.031599817111099444 0.07028027863959582 0.07434916329080107 0.03778232629427662 0.08182129748405688 0.07140722908211977 0.07569666576796005 0.04350435770787082 0.01332758668553487 0.0692533343256262 0.023804051769553306
35 0.05385986334738607 0.08299190923564569 0.018635839993887043 0.0014566216229746417 0.06603241003271733 0.08662134571126749 0.05997488956764225 0.05357017225124361 0.057216119130243256 0.017289394331774496 0.0033255228186462498 0.09962439770566262 0.06334581779315668 0.030443881675215768 0.07600619735738394 0.04732706872027212 0.041236990570875764 0.08301084352992698 0.02206374138399587 0.03596697322008217
36 0.10517466913818892 0.02276915305463555 0.050446969424075325 0.02968805034746202 0.045748890498813644 0.08892151995324653 0.059531417926319885 0.08119266832146979 0.010700874801509405 0.0173680708252886 0.016011271128356472 0.04850280585686864 0.0772772231485279 0.022115810852977487 0.02257602489631327 0.032799571975301325 0.0900975652892289 0.016971753794664448 0.08725337170264659 0.07485231706410535
37 0.004624956723600368 0.10458682076225183 0.05205324898121144 0.07449905510421716 0.07874789780435257 0.05170380473011122 0.053920429607361896 0.08161574395755238 0.006960729365944415 0.053910491748660576 0.06048653978284493 0.02736047308138939 0.0673258773081361 0.10293040299479102 0.03587735346026851 0.06001322790407846 0.012661194665482323 0.009568409473738942 0.03852082190956785 0.022632520634438442
38 0.051052403808947204 0.0824330946354445 0.061044277903841135 0.005113369931482834 0.06643972747626241 0.06789317472540628 0.01047603847894561 0.03335823981140856 0.03294972554076651 0.08090548036008705 0.05387476573168624 0.07794695015032133 0.0016901379234286998 0.07127828144304532 0.054457819286530734 0.0046157266684167305 0.06898054356934874 0.027215496244707208 0.0708470575257727 0.07742768878415016
39 0.021022012759847435 0.06493906415885424 0.03564781375458123 0.09911284741226914 0.029362720983854555 0.018044249396288802 0.09149928604148122 0.08950089670067578 0.06143626057174327 0.04715197678360269 0.0013517912604351736 0.020941238291471344 0.027614644977579404 0.08359822211411111 0.031309761258722694 0.06575761175082298 0.06097151686580307 0.047521258749856445 0.05458231102837141 0.04863451513962782
40 0.05331622777222579 0.08345316709274568 0.08866330100089083 0.08027611120741873 0.024742941338130032 0.0648052871444417 0.04512935925189159 0.050278388479352995 0.06888489187688494 0.08433511007987168 0.006022188194259766 0.08038671705879301 0.0028745726834921302 0.09457263615324649 0.009025594111517335 0.054508864112760166 0.03657455550797164 0.010771827730898173 0.028163187631570535 0.03321507157163698
41 0.08948329754318134 0.05544842297748685 0.04027271277423961 0.00826850105952139 0.02844856507428165 0.030474963473328155 0.008363022816985068 0.030260695275560818 0.07698363288646586 0.039339061905080304 0.04260702681130441 0.008717605474004832 0.09038194872334848 0.10437285526985764 0.033618314321729216 0.0745054565620888 0.08032076437648998 0.027228191731466254 0.07291544638112779 0.057989514562451716
42 0.04537417471165735 0.036132071076005856 0.002950485593734917 0.0223888492841644 0.018139217009236538 0.06251595906612684 0.006251943128266811 0.07776742670523634 0.08220099163685889 0.07901770047137685 0.08059634989507318 0.05584423006656581 0.060834106034939425 0.06809344940492648 0.037975271864375375 0.011564025278814342 0.05973145499443625 0.06843575030597687 0.04916052897563713 0.07502601449659023
43 0.010127840852008425 0.03647743542804621 0.07896742149626998 0.05912989011415281 0.08411747819006715 0.004379943647664397 0.07963557694552727 0.07559558983947266 0.055395466431411994 0.048223375221780634 0.023599507147866707 0.08830439620123866 0.08421215786388242 0.0015164415699845109 0.06657003211685544 0.09224640501503895 0.04154830971509459 0.015216406956523057 0.012230548195913304 0.04250577705120078
44 0.00304217098712796 0.06768214212401699 0.04963690663864639 0.07819556767275532 0.06592400165788544 0.08743505644339186 0.07464625476335414 0.0027909904770524268 0.06975662299361807 0.06991440727073728 0.05320250090281289 0.011377101901555707 0.047066083196872166 0.05095331594932124 0.030228521547686772 0.07859182477483008 0.04066804103900724 0.002984147197440497 0.0773276233499718 0.03857671911191559
45 0.1278115037963553 0.05278112065823986 0.12700155409822356 0.09927208121822027 0.09963000459446587 0.01086283813856934 0.021890358011701028 0.028011509796980534 0.016905066260728237 0.047958250398946585 0.12368453546602566 0.03208567013559032 0.011165396912140736 0.0006213329688951292 0.03564318465421485 0.026136235464604533 0.031844418428959895 0.014295135932192195 0.05732818620107122 0.035071616863874916
46 0.05188331375537164 0.06876361771133603 0.018331471626204538 0.004498542268268191 0.0806753911152539 0.0873634701932498 0.03994051384166696 0.08407865317319677 0.07297132998649057 0.06408509256116288 0.02687437177366456 0.07341470927329688 0.036253638007502795 0.02044555700131667 0.01980277910491123 0.032776570966072976 0.02667002316893729 0.05671723860406992 0.0729965820759197 0.06145713379210673
47 0.0030154225331738703 0.054131871302610005 0.11189674992891793 0.08006159746930078 0.0666702300579668 0.007781568483388676 0.10059833889199803 0.034707405384609424 0.01230005745442781 0.03238079763036856 0.022226056652748804 0.014490106374254684 0.008451876195084092 0.08263278039934166 0.03868598897013107 0.04556434159638676 0.10639043631417161 0.06761809404769206 0.10770790881766348 0.002688371495763719
48 0.023581940189029215 0.03889803884614439 0.07997732301115491 0.03371589548462563 0.00609920913654922 0.05597613200519514 0.0948580951818261 0.08864894937173208 0.02419964396533832 0.02588246208686186 0.11173499009890131 0.0077505636491438145 0.06069298379402454 0.06097602796626449 0.059343823282255063 0.0874773511029434 0.011897808424442002 0.05426561385101723 0.04708342310398889 0.02693972544856238
49 0.07791523626422463 0.04794469487227927 0.06974087814070128 0.04640377718370846 0.08105348830520395 0.0655400787612443 0.012648659505521263 0.035966064203337055 0.057305285580331385 0.008672237914070026 0.05332604647679093 0.05145191013807439 0.0735147767324146 0.025763895558866955 0.07281112135628735 0.0826005596048104 0.02324167135482333 0.07375990846435257 0.018345443969954973 0.02199426561300295
50 0.0015358879187161863 0.039013876920754906 0.0107838743455256 0.07651816203300736 0.11597185120580253 0.008661234000431417 0.004263672393164325 0.11561494440820833 0.10576357308951811 0.0009650387846816524 0.011871338989836337 0.06125786226237856 0.009580363227588592 0.004421061451980128 0.00022097293779694622 0.0932953109396048 0.06618308379170704 0.11525900877578804 0.04852660475094936 0.11029227777256008
51 0.05813402771902001 0.04094393821705292 0.015400534975521917 0.09468609409755137 0.0687114250110069 0.0461769847290335 0.007248219188092846 0.04064640954336703 0.013858385648499779 0.05317293739260702 0.05127859443009188 0.03059355335230437 0.05653215473599256 0.04835754932983707 0.07075042356301031 0.08193153987510544 0.03519194335654582 0.09818893322819702 0.04066059600373762 0.047535755603424726
52 0.010705792828009389 0.07875803679619947 0.07678110550361138 0.0996000284832946 0.04325200274892725 0.05334313027676472 0.022619036737384732 0.11012576202895935 0.019495178472208642 0.08824219852282111 0.029310034619642503 0.04918352733500079 0.022387784977161634 0.07522226338431487 0.03062707049896974 0.05514603329563906 0.01475327209715197 0.020204624421268927 0.04333417504152767 0.056908941931142154
53 0.04878088849153814 0.04297838830111958 0.10976480651438866 0.04413447265222671 0.05522562415695062 0.06472317361209769 0.05077723129347784 0.007705406960170852 0.06935597939286375 0.01128768904578727 0.015405654161952706 0.07225308602998941 0.06479016094721653 0.06583431992198166 0.10768333583683443 0.0077366470873739684 0.04187898944701855 0.08197904084543778 0.023264340671201856 0.014440764630371807
54 0.09344283305458721 0.04007475584271339 0.08917148487496415 0.027867602006231104 0.09209746603923845 0.10289301536715748 0.06076505443838272 0.08856409658506877 0.0018907111711705077 0.010144228157540798 0.009873483408625101 0.0347948270581627 0.07893968979965227 0.06917786388018908 0.039885031645503236 0.03397287969622764 0.02643448224528318 0.012555124582437897 0.06887884383226643 0.01857652631459782
55 0.032288384909449595 0.13426055532950784 0.028389209117576426 0.12083660776634143 0.11790560825759892 0.009778915378985403 0.040360939108740154 0.06174633094511331 0.025959940247721233 0.04429224868658877 0.010291960358153345 0.12688637398243774 0.0004335537207759058 0.0007759555069060555 0.01291662071448668 0.07890208494920661 0.0044288463568474806 0.04627255289785384 0.09195968701733065 0.011313624748378664
56 0.00888477793450697 0.003627364173737658 0.07177027650519638 0.007491757029217653 0.06258308885218077 0.0657348194099313 0.0810315115023693 0.07117815660207058 0.09059031623313522 0.006178568647542844 0.0786102495728145 0.0648428386232484 0.06971685003847375 0.060187249899406846 0.017848343927430146 0.0808835354857318 0.03688377596289115 0.016334882825060137 0.056312488708506914 0.04930914806654748
57 0.08165195321503575 0.0035187621351646103 0.061490036992908295 0.0031305674108634556 0.05898556120681757 0.045343002807947765 0.012474828744264968 0.08308215845638649 0.015121936813465043 0.052571138965300836 0.028010881753643947 0.055001630959910335 0.051711893904517504 0.08264927074774116 0.11167338016219486 0.0834571756976776 0.0013202623554047783 0.05538405003860221 0.016148182951368346 0.09727332468078453
58 0.040850006483445764 0.062284580507491964 0.03560620146881309 0.05893282949040365 0.0538920608794235 0.064961278648633 0.06335960253420507 0.06168875505727857 0.01414905514287342 0.018686686100032338 0.074435157661939 0.035642331344764334 0.059777328999655786 0.01209933898045395 0.0569044919019556 0.05974936834266631 0.04542265305289934 0.06592195291483112 0.06524592065282785 0.050390399835406274
59 0.03819610358579689 0.060228783697600125 0.022897330354593005 0.10208541912047418 0.05002752657862626 0.09616951701552875 0.08259238111338565 0.037073022493159656 0.03514594476519141 0.04467980648041308 0.022733115202284257 0.05754429630155477 0.03870099944642549 0.028980545683416452 0.05637084288779474 0.01393731460192935 0.059008853799977994 0.02523816914327911 0.11890787290067455 0.009482154827894272
60 0.07148214854471914 0.03809378189469549 0.024800175590286282 0.05163204288015284 0.06557460634073592 0.015739008162725644 0.04674867958656189 0.0731966227938502 0.06818194039598667 0.018120069679935007 0.06737484231835354 0.05981190360816782 0.053125747811467464 0.07493147340541648 0.05966219889966269 0.0441036792850823 0.017503888162327227 0.07528607024369814 0.003087623514689104 0.07154349688148606
61 0.050286049173171546 0.06945848532092212 0.09560647490296703 0.09705471360183264 0.009028465004199517 0.04737951918532128 0.04813016421283381 0.0755296556767634 0.020231519728433615 0.01908403053023832 0.017445834528096407 0.01790634440926939 0.08476616452629113 0.044337417760942334 0.07676840287679283 0.028377769758626967 0.05431757187345997 0.0286040714066149 0.07322962014317934 0.04245772538004351
62 0.03258412726955655 0.05952703128906105 0.027777131235406507 0.03430216734690389 0.042044739384258685 0.06435142285109614 0.03613992845154641 0.09713109672529223 0.0837454613602662 0.025942476111979133 0.029514000528574884 0.047589763379616866 0.0103110750837695 0.07483680727277492 0.09212529079967995 0.05891866988831516 0.047040579778373184 0.04278099982431706 0.06329166007152844 0.030045571347683372
63 0.101667147047026 0.1005046330678519 0.007299976746735003 0.09858461358583075 0.011978648114941244 0.0725782636368102 0.06953748237475496 0.045900180532546624 0.01848768296059538 0.06153230361411592 0.030048788986404912 0.052046866784160775 0.04581421886633256 0.014870333438915992 0.057192198876610374 0.02955641951822138 0.03176912578240799 0.0030698387659300946 0.09779129885374112 0.049769978446066725
64 0.08210544348634881 0.04478676456456546 0.04472005082650018 0.07688549018681042 0.07998991748702562 0.03718358377665974 0.025155387636982728 0.05933940787204977 0.012279374792835774 0.018944581749702153 0.0029702880965067633 0.06066429377934553 0.01993306222101669 0.022285018486881567 0.06353491261630684 0.08098530229230491 0.08509554900629325 0.040348832403300845 0.07587350362190722 0.06691923509665584
65 0.005772504503948963 0.08663431992922678 0.04213990250436598 0.03544960212572332 0.03758097233929441 0.07425872073888846 0.013867195638755107 0.0327590737461641 0.020125661265002766 0.09427467197783049 0.04619939298210431 0.052490769648209305 0.07911735505574218 0.083112444591498 0.08460702524397823 0.0009229547656607083 0.08550019673052417 0.043277570641423464 0.024279171225431963 0.05763049434622722
66 0.06707808925865055 0.03596289599774998 0.07967086562427439 0.0095464836631639 0.02349745847355221 0.06160001358930861 0.011838915820190475 0.01907235424153932 0.0738366027175763 0.08341630387069729 0.06773145256581235 0.08001795855519389 0.06751942831468458 0.03609049771901869 0.049331654172981305 0.02868781859700404 0.07413007056125234 0.0005076935215861858 0.04619378941455534 0.08426965332120805
67 0.1031379989959436 0.07024458974343166 0.032532750027462136 0.08329011277217119 0.07578908687252453 0.03701894105867136 0.04458348671560279 0.08847074097587176 0.002337241343488181 0.0226015156617403 0.035281557653772805 0.06314016630978361 0.028831704674675954 0.017702029148803772 0.10108495835643758 0.011185943395088833 0.05471966711427955 0.047853799088515274 0.04689051656777863 0.033303193523956505
68 0.058519897637706514 0.05100610990476235 0.013706093852288088 0.10176902680122477 0.04705037828468257 0.04125717734747829 0.01879941272087057 0.06205484742113244 0.0622020703603893 0.05301409051235753 0.054927037582675586 0.02168870592187347 0.08035525055167868 0.06720594839476514 0.08760782978236435 0.028375240028902612 0.0011779509284875439 0.0038370321714521955 0.04389790560295955 0.10154799419194875
69 0.07918647546147124 0.05939821025908077 0.004716722226803574 0.021964313937421157 0.037089238990502336 0.017982862312161202 0.07246318860968845 0.0032044334004655687 0.030917989974813844 0.05593234487680317 0.07581587585556138 0.07488622317114044 0.08556765252201529 0.07720284189835157 0.06730239209032372 0.039798943503214675 0.008851023883510561 0.04907520060860818 0.06300856195458811 0.07563550446347457
70 0.026733104841523893 0.03703367834389581 0.033633120169589734 0.016807729715002922 0.0014938441315926695 0.06951447370328008 0.0017473964401511144 0.01034960717086733 0.07970696861438151 0.10393145257511792 0.10264998339093367 0.018192843274564913 0.017136093228364183 0.015902805486983244 0.10917999445290329 0.029529632428162214 0.04473997363033023 0.11061102456771973 0.06743486363362156 0.10367141020101399
71 0.07267016120150196 0.0010752450744303836 0.03894503270603212 0.016325583166052333 0.07270805248210492 0.04982252525148578 0.07279965320065972 0.04172374602780399 0.038764357238525365 0.08170370973944896 0.040089379055154604 0.07648986229892486 0.008253527230986366 0.06995285022836105 0.01488572003798164 0.04486399374349985 0.041888811584771785 0.0912080558533299 0.03328661071852024 0.09254312316042398
72 0.05036553827440063 0.04999972559446823 0.08180793220076704 0.012404079636470599 0.0806953094579784 0.08874243853284018 0.06218759522911382 0.07451377136685168 0.06026471542712845 0.059772046843893575 0.07290528605612118 0.009670743995750027 0.028471578149360903 0.08719094468833874 0.007130719638936948 0.013855201411240423 0.03390042387714486 0.0900496819537481 0.02352265412473301 0.012549613540713222
73 0.09994367816643208 0.021342067092385345 0.0020325404023674213 0.028147362080928256 0.042057876243697855 0.018949110105951784 0.01636043053830865 0.04635973396696646 0.05348334710727437 0.02384019008308633 0.01450931900047096 0.025948373384567864 0.09886528371502688 0.08155128087098837 0.09589211985076847 0.06106222323270783 0.05351651383684066 0.07765299853505159 0.04885246324543869 0.08963308854074017
74 0.033840850115924484 0.06188667768132212 0.09391695268993352 0.0731720736685176 0.09074033530207906 0.009913992125995455 0.06202209237726565 0.03658020817018252 0.0024628507868383444 0.05259678561322647 0.02978654637814679 0.05234550984412569 0.05068966525998303 0.07938562005443316 0.027938805343485442 0.06423360845952449 0.046780976315210686 0.08009311045928262 0.037816365571787046 0.01379697378273557
75 0.014613083335626916 0.05199244042768311 0.05190996185843628 0.04944155483874133 0.030934265861195076 0.12549012067822451 0.03867762014591929 0.061087275224048915 0.07878805092998406 0.1213786875155308 0.015627954017284312 0.03482370034618828 0.046408424796260596 0.006460010963040956 0.045052129107870466 0.05548028721904335 0.03842843041965599 0.09110698578805004 0.01773590802483984 0.024563108502375943
76 0.007609048458462238 0.030660769080166864 0.03742796165224217 0.12619666377155248 0.0074870026615111935 0.008847419097469828 0.0020360743252075186 0.06926774257290708 0.05503318168619344 0.029020079538585052 0.026126110194656837 0.035370633698355386 0.07350929562082334 0.062125665164908514 0.09827833038783354 0.1181561337667378 0.03541520166223256 0.047977153731532184 0.05615660528485453 0.07329892764376741
77 0.07065435145108075 0.09631022813765959 0.03198057407566097 0.08341945793139191 0.05277259710831293 0.0997997329214502 0.0023854569791757164 0.014130063512883066 0.03345783794509679 0.06734346555682172 0.01331542378432488 0.044765053031079624 0.08449330949752801 0.02560896371368313 0.023641067041945782 0.09863845363875166 0.016288595069523504 0.06458004860554446 0.030269790191235147 0.04614552980684998
78 0.04923566072393404 0.0819745524618642 0.021826097162302698 0.05353250514410014 0.04990424694487361 0.026392323576450542 0.06277508942352389 0.07200697332247424 0.05165910870897424 0.04769878603714027 0.06445704115647577 0.04856673799523664 0.05313971496909327 0.04473231478047561 0.07950617491107723 0.07404886109427279 0.04382047763044287 0.004000001491868799 0.05917993407399316 0.011543398391425916
79 0.040939763286013245 0.10014023920698367 0.05248503035692946 0.08955837458976068 0.00516387106887073 0.014099185321055339 0.09552847056273471 0.05331576777585641 0.038971890025413104 0.024822114867748872 0.05720067405934575 0.028991316982732183 0.06407720225897162 0.04782588120273245 0.05908755789840496 0.024291405747507717 0.03218778293574355 0.04004720803553651 0.062424215236307416 0.06884204858135162
80 0.0032417451420246684 0.03947141248446453 0.05545178479473072 0.08941096785403159 0.08279516883416431 0.00887853673016056 0.03582455676905941 0.013104892258241137 0.07946757988825746 0.10126940177177558 0.08485068810670165 0.09578674927133718 0.0510208610743446 0.018147926419491638 0.04645903157694941 0.057187758718207256 0.0029228337126902476 0.0725400359486607 0.0386338879822237 0.023534180662483348
81 0.005531982208042088 0.04045443908751925 0.06711078487621477 0.06371744709552692 0.08515666772156465 0.034678541235278415 0.10445335351141068 0.02471034742373961 0.042790906701422854 0.034647984207864864 0.07325203691610313 0.039435237656946204 0.05175467585391059 0.06244010128431694 0.060587169976653386 0.07302592669120281 0.043142370782759024 0.01140274764743885 0.019161987271569456 0.06254529185051569
82 0.003031867062444738 0.0717061451299382 0.06325580744613364 0.05319875848797148 0.07631111995303748 0.0728432878853958 0.10692691130973998 0.0363829016952418 0.03748936608270971 0.06689643661732544 0.003631780933946835 0.005195633239453894 0.10940524826633535 0.08006502821204149 0.019442702142143147 0.023642347941834847 0.06486319820068712 4.495322238128214e-05 0.07047920169096614 0.035187304480271624
83 0.10157197423021073 0.002751861121198385 0.012078119547840974 0.06647212968800266 0.11176698845868997 0.07195893344162711 0.006561908852772572 0.07032321990303739 0.07200502964948303 0.016680686823968876 0.01772860300303759 0.1129549476300153 0.03269317959358531 0.031311227758584664 0.042726309914489384 0.023932573111588844 0.10337579346332372 0.008668707011846567 0.019489593331726913 0.07494821346496999
84 0.052240942812439455 0.01197166263549442 0.0503267030181605 0.0619186130282935 0.07028458102839909 0.06828002516172328 0.003826184459469819 0.019552248884441487 0.007340881990706776 0.057726941007101185 0.058427692528375014 0.0013945032831441768 0.056031606393372915 0.0718434793170502 0.09490821860749646 0.040865870050270085 0.07547737980907582 0.09069639550112933 0.09481481119407324 0.012071259289783365
85 0.036912410610026807 0.08358092190250797 0.030958380762249153 0.032555570440376304 0.084837338691767 0.007596424161515601 0.03584184910732302 0.04515761528476415 0.019223715055070353 0.04521033941279052 0.030484834695961482 0.02367768331768642 0.0315918802639293 0.03256892969235422 0.06189931989524356 0.06790841694959522 0.09416916740686393 0.0832466022396321 0.08141847493664592 0.07116012517369681
86 0.02049151244906901 0.07972197089878241 0.07375571227076064 0.055610065799044664 0.03399533548403432 0.03269318058824593 0.03560468146541114 0.08119794995931187 0.04453809737153598 0.019408633092196544 0.055690510373049985 0.010186243415531293 0.08553010449989926 0.0636417690503116 0.04784215349419448 0.04491819764909336 0.04579127492773655 0.06709608718765536 0.042349437695371535 0.059937082328763956
87 0.06078047433870018 0.062221317339795176 0.07476777546520758 0.03329203891839556 0.0049536981992238625 0.09220819892947658 0.0176273259609624 0.06549177356702382 0.08381563663180557 0.006419971556661539 0.016677829579722435 0.0751179125484522 0.02426787733650025 0.04995575320481416 0.05519058141281966 0.08047551348340612 0.04634954666076855 0.055166008234026453 0.03116358924641227 0.06405717738582554
88 0.013299077267602115 0.059908312547844865 0.0641821375685999 0.055176056051940946 0.07401634506652452 0.008307203843227688 0.009265879160967784 0.02714898325854434 0.06715689703687397 0.04334357992333957 0.04062819633089609 0.0310021423604785 0.06445039052348628 0.0750522808625893 0.07915163839707334 0.07773338368979359 0.07120780536293446 0.08310663704409789 0.013588452080809277 0.04227460162237552
89 0.016073174116877878 0.017771675498656377 0.05679587327850507 0.07307592777457099 0.036117982767526445 0.07355635786328238 0.08576592911694021 0.024257254192693256 0.016228037972939393 0.01910169262635095 0.0642600006785077 0.08407923058162005 0.09915547273977876 0.00045612664933017465 0.06228597299291036 0.06478148701156995 0.05578718880569546 0.03248161784619778 0.0855030204586103 0.03246597702743633
90 0.05111879773822736 0.035177214227348014 0.0772051030409002 0.03644314644866169 0.024985089293310593 0.03849461805935098 0.06256966224699514 0.0654780784751898 0.047700286478765126 0.08727543427470945 0.02197087369686744 0.02247947175871848 0.06984553680538404 0.03274911776490947 0.018269339570999944 0.0883915896470015 0.02643902558379687 0.08888448966361287 0.05956059683221583 0.044962528393035224
91 0.07463488628993994 0.04492786759701871 0.007861297345487612 0.04179962856858827 0.06532108293148492 0.06729533633068947 0.022640300719513708 0.012957023829383988 0.03292762079927941 0.06943508289427805 0.008588544521446327 0.06941451075972767 0.0662746909341137 0.07575569335506718 0.04843050344533017 0.06505331080289811 0.06741891817020663 0.05757201305192032 0.057806910967343764 0.043884776686281976
92 0.0987855054751728 0.08894049100481255 0.07054116281057153 0.05299427167098901 0.009045262413503284 0.02602015305958267 0.008646598648168372 0.025121825816999125 0.03544184196546485 0.06656883524912184 0.1036230211203076 0.007402533346056052 0.07859819257446651 0.03060436757157144 0.10545464051634174 0.04445657184912376 0.024281426440907073 0.04497454695531458 0.0604592067359859 0.01803954477553933
93 0.011243582800970224 0.00889187720089408 0.023215547839490803 0.012020859612163556 0.08241982859469403 0.001964168684120552 0.08149776821282785 0.026362746583443484 0.09937896009172362 0.05317845295298343 0.027028954281763377 0.007003108890128016 0.10056152349899347 0.10426053971573561 0.0990475868549884 0.06268681645400656 0.04932493232896054 0.04632318096393402 0.05933114974239158 0.04425841469578688
94 0.031143727011071085 0.09009208838247525 0.03789694433492007 0.06151079140417738 0.07887882432003476 0.026654228541572973 0.04210080513787949 0.08308312849450672 0.0018009881749516028 0.03657005005725657 0.07518280272052853 0.045803700674373705 0.08118811833133595 0.031255452703601506 0.029465094219007358 0.001466573083028692 0.07058047760323066 0.08248001734383184 0.006747731764667384 0.0860984556975484
95 0.03313330025001719 0.08094064766937496 0.009834341862992656 0.023088539136037544 0.05325148379724587 0.024276044182215604 0.07391196919263728 0.08111885274931589 0.021950415260859783 0.06694588695357613 0.06590945544058074 0.063851922468012 0.0879806339615372 0.07595133376867226 0.08946707216163675 0.011045381579380944 0.06929599527478107 0.05384991386628234 0.0063548093372385265 0.007842001087605315
96 0.015121953683991001 0.03286953510024122 0.036416954962263846 0.015901279407299393 0.09289303060105507 0.04075483058288641 0.03852252867175126 0.07307008125996238 0.009608303477487182 0.06156635956628119 0.06350930726755886 0.009726415537015294 0.0024616566257811144 0.02896926525453331 0.10604862943753789 0.06751690518337922 0.06902514137092083 0.01873720016691029 0.09846149549521398 0.11881912634793033
