0 0.06119421714550622 0.04566432649813928 0.04440582494428742 0.05188900512976615 0.05633862634860467 0.023954564244905913 0.08460427321517319 0.02033205526173158 0.11508940932551724 0.023078711199131536 0.0952768436057827 0.024996306516323372 0.027296717741047197 0.04148821406965728 0.016257274629366245 0.027091862713029862 0.0628484743714383 0.08857312682047695 0.03643623701870903 0.053183929201405626
1 0.045734128059149816 0.0042394957263482465 0.09295541349516158 0.026370610251332267 0.04164106118005488 0.03463611584293747 0.01662175273963737 0.027993699744128568 0.08649199109742425 0.02127017688159004 0.018588578472183093 0.08193652874173755 0.09212102580499451 0.031131736689879123 0.07103906470514175 0.08343803139338703 0.08024718826883752 0.09834308911762231 0.03046264212127963 0.014737669667173117
2 0.06596767185615088 0.07814240621659176 0.036891044844970515 0.06579471977362536 0.016904423133355384 0.10389856950791458 0.0028925387606602657 0.004710917362499397 0.10639316677636684 0.03859554668979771 0.03217758238680206 0.0787031525626686 0.07896616327125071 0.005248803289911004 0.04456873607058868 0.05793966801720852 0.04372297762329324 0.021563640981192147 0.08515248243342204 0.0317657884417304
3 0.06512598767472652 0.059578446379002774 0.026411919393971552 0.06640724583282843 0.06371824903879239 0.04408086056759741 0.029800939535804368 0.03218249314644086 0.03830272370611639 0.07028352749211926 0.05392654943429903 0.04354526365337594 0.014984721796225623 0.049053345468241055 0.039374570464266706 0.06587769938723455 0.06039047529632132 0.06345835628193167 0.06045380913305911 0.05304281631764518
4 0.03692486050928799 0.0010916682049153133 0.04576184635221393 0.05411615220538936 0.024258243403159394 0.006495356940294651 0.09577318657619506 0.05470647714767515 0.08246216255414411 0.018598475458780853 0.04191627789789486 0.07641737142782597 0.10688727885797131 0.015781021617880493 0.03442567538846282 0.07696958122834754 0.0417146124850497 0.10342959792902061 0.016946202952126586 0.06532395086336415
5 0.005736502224240967 0.026270466079993705 0.06316279318423759 0.05950803848453177 0.030262876623376036 0.023125781404200407 0.08744263010863497 0.09612967641325255 0.08866690596099346 0.034030063051324645 0.041587909061625114 0.03445148203880415 0.003928468965130634 0.0648446842362526 0.0752973952478807 0.05303328464129304 0.04018446112388056 0.014594913675411804 0.09759224191105918 0.06014942556387623
6 0.10088144314652937 0.017771806767894492 0.09977512729113025 0.009145119688926976 0.02588087747697329 0.07996289456975622 0.008189174369816556 0.04478507030577009 0.034593169420231974 0.024028528715137793 0.03972760948431374 0.03748669709156608 0.006530707133297605 0.08656198621819275 0.07264982514626858 0.10144774233970882 0.06836031854583698 0.03456122605201189 0.035375411887697814 0.07228526434893877
7 0.05672261512512838 0.04793750716475586 0.02252195909150405 0.05303414748884753 0.07125926659511138 0.005985483280682327 0.06114620164433176 0.09455054477562334 0.06556388429922638 0.005314239696059994 0.006119249887408951 0.08227804520969706 0.02585206675629298 0.09783130447547819 0.03927419777465859 0.043713468416534895 0.0860506736349934 0.07556750859958525 0.03349829823372976 0.02577933785035
8 0.06973323933363232 0.042582078877271015 0.07285932531354734 0.07862691526499091 0.0923268272347409 0.03064481871664623 0.029619047233474746 0.0285072766280882 0.06263430634902088 0.01157925777753066 0.06642127842463683 0.031115861663506904 0.07718544568323248 0.06887188519684433 0.01906371589383886 0.00539575812633494 0.046675148335696026 0.05865754896657469 0.024542150062025186 0.08295811491836677
9 0.1005524571930966 0.0966302458776493 0.024603920638674545 0.08062697241353022 0.09814743315503732 0.03311124933339882 0.0248923102210716 0.035637935156411255 0.04290490957405176 0.04511194995570837 0.01011804227403984 0.0015719199231905051 0.011820105307964473 0.04982772919063078 0.10150153901953413 0.0058204325400767155 0.07484938290752191 0.040189004983799646 0.10759652923428292 0.014485931100329353
10 0.014442358743873574 0.10668700545153842 0.0009450432405698132 0.0405271268845049 0.10519234024322022 0.009163638574140102 0.034421419025373504 0.11146387175537256 0.007863126012356999 0.007408777448705055 0.08593229466918952 0.06285554441661505 0.03848893835725463 0.10211150785472804 0.01978765068902983 0.09420369816701792 0.022214818888076016 0.10579645344372056 0.007792150735195327 0.02270223539951787
11 0.014577113231611556 0.09161043676430654 0.05494607110791489 0.06702435993720299 0.054791629169899464 0.02225371451814644 0.046372940088429564 0.013198502791723537 0.05142550385996454 0.003642783747610932 0.06671297409288483 0.050994263441714045 0.06222518200470965 0.07415297058155756 0.08024787521306061 0.07235841887859451 0.037222590113326216 0.043021017097502515 0.017366703092816883 0.07585495026702284
12 0.0719574975710912 0.015388623010366453 0.047674769834664725 0.093486323431717 0.006780952046284937 0.07108163530470178 0.04795678268870835 0.013757284325933377 0.06832732870046208 0.04224547157528466 0.01618026719060046 0.09221885692395372 0.07000140151437645 0.0030522450324726785 0.07763753049050187 0.06663396808029197 0.007308328510163571 0.05841605815144462 0.03846964637917195 0.09142502923780821
13 0.08877826133667126 0.04854945422704174 0.011154568261567969 0.0613430110618385 0.04907115091182095 0.08301356214232922 0.01582375671896848 0.08898822548897947 0.08767914596722357 0.06112804536500046 0.06659004369895186 0.036630197720881885 0.03202150073152435 0.017687138055839373 0.02200702636763479 0.057874244997347855 0.04966878913656607 0.01870710785718833 0.06602484565223342 0.03725992430039053
14 0.010474005655819272 0.05946379984987502 0.0815959335098921 0.011694478214875783 0.06113260337843616 0.061423847515506926 0.009707458533022156 0.05043898816835947 0.04377991647931735 0.08448237934889259 0.05526231608038079 0.04023314677747631 0.0009016122960063472 0.04873251917099382 0.06906461174350266 0.08377245037616972 0.004957370635012362 0.08239159576528343 0.07925841023666592 0.06123255626451167
15 0.11327422706424681 0.0444689557228836 0.07338595627722753 0.00904891803677704 0.09068742078639548 0.11594905606076117 0.11145375789382447 0.01695857951295864 0.05295859365742053 0.04505804733394248 0.013453795799298677 0.027582447481656214 0.0668531606130251 0.022825158081040704 0.0013729352809943502 0.05497084403327104 0.021088657316905186 0.04973073205893486 0.04740970697050076 0.021469050017935285
16 0.08334186228838034 0.05317833435953584 0.02504071747161909 0.09711929057642044 0.004217500109980607 0.0943013083959298 0.0308914716861664 0.021788120655933378 0.03140379684249453 0.10137467168649342 0.021050125453431007 0.12237647982858464 0.026209692633401744 0.09213235653480333 0.0756582396222274 0.0506835754667931 0.002368501803620234 0.03373220011847971 0.030926428620617938 0.002205325845087102
17 0.0711581472760004 0.006437404512525961 0.00797794954423081 0.10978199457776626 0.11508047348082572 0.023874045106689463 0.01109727065254712 0.03501170843864923 0.0028481131835469548 0.09619800629309468 0.06979863064758532 0.09096177210593412 0.02248806001366757 0.06689897629907766 0.007570559683715881 0.08836134159730173 0.054607450149990015 0.08397088404893219 0.016045484336921243 0.01983172805099776
18 0.04390415807907873 0.0503720789088998 0.03735536226254633 0.06541458566176514 0.05395555975964957 0.06110803879079228 0.018127645925445447 0.08963291007853172 0.06313930529520556 0.03321185202967869 0.08804689810556815 0.05266969545886561 0.026037071194166452 0.03665181429183741 0.041204366365537204 0.03533649691956745 0.02521122439109532 0.06510184976869031 0.04681791864967903 0.0667011680633996
19 0.045724151728022806 0.09479618688964492 0.0349360529293618 0.011218883870121411 0.08448462501713486 0.04880709290916737 0.0010890603309973875 0.048049785165340926 0.018159053008742234 0.029941741929180844 0.08281476551373547 0.013617719809767406 0.027771213213968284 0.05177347974966218 0.003605503513051539 0.10886346879362602 0.08403675808162532 0.07909171420594281 0.08442206314909266 0.046796680191813635
20 0.0759637688835576 0.04953766820815926 0.08212218776272853 0.07993101932933191 0.06646481386101379 0.04269059022862608 0.057361882628744996 0.08153482351459704 0.01355881453023569 0.01787200508624156 8.772246444888451e-05 0.0819628448188641 0.07625714836133508 0.06569527075423943 0.05314754032572846 0.01690245660341599 0.05378732974206563 0.05246108096565666 0.011968604300200185 0.0206924276308091
21 0.10503573950856947 0.0375999002160691 0.04489423602861309 0.078711776881186 0.021539474058768972 0.06128868622660587 0.0638941170964394 0.08225614558351056 0.01787216993539535 0.03295726197349485 0.11900281539848387 0.04088353716218766 0.022897695482562937 0.023444908574404538 0.06967020859909918 0.10059888763402834 0.05139166189634809 0.00306460024481481 0.020951984091041573 0.0020441934083763455
22 0.009706910347027989 0.044543518661013935 0.07445417878793496 0.04934465742012836 0.07256929493438409 0.05175521114467245 0.026438274001396245 0.06329965144032952 0.06350100897607248 0.07303564086652878 0.04215219721065427 0.05208435976429612 0.07702192564370372 0.06086895793706282 0.03076007469919438 0.07272882589218055 0.004043982847441257 0.0528709029542964 0.0610132156233102 0.017807210848371616
23 0.08295434493012735 0.04248734711320944 0.05640766221724486 0.05735425026534863 0.06318362548124477 0.07241204835520444 0.05156703421862485 0.03936262062761803 0.08138498715991008 0.037940305650936985 0.06533518162644676 0.04519513380220354 0.05339707091467748 0.06518403041246619 0.018137851679604446 0.013227628658054488 0.0221913264315181 0.05394530796396331 0.06565544836396002 0.012676794127636191
24 0.05917494965347435 0.07623507230677357 0.009533038744231876 0.020415950012628907 0.06968388469480964 0.10654578796214366 0.019354853003235348 0.014192981510944851 0.019319417777181547 0.09984930727274813 0.02531703486463213 0.004036675150469692 0.06752423529634011 0.06495318223411052 0.02934637726625273 0.11350691851163475 0.042485161820916294 0.06315633582360138 0.08420030590096503 0.01116853019290548
25 0.05768973550241821 0.02829347044967645 0.08820343055744916 0.02232057946872511 0.025894088493041437 0.012753796833880312 0.04889528224700461 0.05047029040338882 0.01898248961884081 0.012769769329912865 0.09275617243994569 0.0843394114019328 0.05894399062385676 0.05948868998587431 0.09753435382420676 0.08784070359846809 0.0989230852929042 0.035945312755006405 0.017888548122254374 6.679905121274228e-05
26 0.03638006219412344 0.03200262122203325 0.0929039948957292 0.09535153770165036 0.009154074772290995 0.03663085562558019 0.08386242611355517 0.08133903930952831 0.057688000229711 0.015314464031155918 0.0836657047975459 0.0010080010387409322 0.012771427496225408 0.07413027565689126 0.051565174592514716 0.008348996788123435 0.08127125363584768 0.10001728132022805 0.0046074476583846105 0.0419873609201401
27 0.046704691660071095 0.08849505676606811 0.00263101834666576 0.11007990080567205 0.0062548586050925475 0.0213122613710056 0.016963111112017145 0.03434575148817759 0.05087969303304216 0.0647391884163072 0.09912671518640377 0.025129169939948497 0.035258170593450114 0.05132227602147122 0.08280006858297374 0.036773290692322456 0.041954530870602975 0.09084658958674949 0.03356894636201564 0.060814710559942926
28 0.08273078579978622 0.007571299542036317 0.0046079178505785195 0.08350227997932068 0.04514600792465894 0.02791932879915545 0.03888780362040388 0.07987559556507526 0.05504338962828456 0.04402948008535252 0.05622619641174569 0.002247756116842104 0.03593010315302017 0.0747961795476326 0.07986097825479699 0.06413439752036441 0.039995263731591145 0.0219083646858999 0.07877010136424104 0.0768167704192134
29 0.0584635195623665 0.09155499540630782 0.03710731955579563 0.09683115911433957 0.017744169944752735 0.06006234930467906 0.07325195968252413 0.04255707219594117 0.018209773483733618 0.04743512329810548 0.012171093945999094 0.01441329240405995 0.049195444245735236 0.026578603102935697 0.06524940561344937 0.007023134467187884 0.1046070884203302 0.03588046167773729 0.08972280260466547 0.05194123196935428
30 0.09062723150346813 0.05913129754964059 0.054963356688424364 0.07989136039722788 0.02277179973268548 0.09706879383086674 0.05412385449161532 0.09923476972965033 0.044874528117632366 0.004118962710674661 0.014189948803261986 0.08192748533078502 0.0839076594677787 0.003006299738786164 0.0020814099650020173 0.04091856770234483 0.03736870527644467 0.009190025985756254 0.06177209435909533 0.05883184861885915
31 0.02091066806000275 0.02311762724485444 0.06289016270547804 0.07174954066612385 0.0253175063261198 0.08067788723693706 0.06966705384266031 0.09067323373297495 0.06848808941496233 0.027921605939492257 0.0717939318927751 0.07512362352109758 0.04794644090732066 0.05843956619931978 0.0438884550163896 8.599460728083261e-05 0.013972341088609525 0.029351210362710253 0.057620461860350816 0.06036459937453996
32 0.012226920802424908 0.05287358946556609 0.042625760299276415 0.04372640799902506 0.04036029802726089 0.08176317037630577 0.0678738266122914 0.07433748729734732 0.04292777025977939 0.061752939553457106 0.008463737542832231 0.08053229833544516 0.05131529691619998 0.07317701686783905 0.05092526369871412 0.07065529418431123 0.06892659863333817 0.0005878117991516364 0.01660296051145599 0.0583455508179781
33 0.0706208218964717 0.06116419514680532 0.03625604877528166 0.010154469085711527 0.0846896438425887 0.08863825327803183 0.05209943660980095 0.04836995723972094 0.006971193317839977 0.08752324703104081 0.05873086762140576 0.0844130391885824 0.04375909748917907 0.005365633989183496 0.07279343623281764 0.050717815638279 0.0120514732122136 0.014668679494150289 0.02541565542123688 0.08559703548965827
34 0.08717194916148142 0.069247360253547 0.0876755755077396 0.0782781128553074 0.013143677447649233 0.08106648951995482 0.06282776313774942 0.08488481585121724 0.03600033434572563 0.03307144789822142 0.02443818902522059 0.021488768478187897 0.09006069517398452 0.0036215518195628323 0.03433025027408512 0.04133577559228061 0.04608050530580047 0.024131157023238165 0.015449028512813396 0.06569655281623328
35 0.047699347393923 0.07448762882770392 0.04845780012117854 0.06389849938068355 0.065122027294007 0.016566331861241002 0.06872804292421517 0.08080655788205339 0.05450801721941117 0.001549080204079577 0.0757409246202512 0.06475491644009196 0.06116585523831953 0.07077628446525813 0.0006762148763374188 0.0020406176788127545 0.09306095227757269 0.01597157135703167 0.07133393764358557 0.0226553922942427
36 0.07387962526804143 0.025019713594915515 0.0024423629407141854 0.06466497223605149 0.08685343893879237 0.006966408234707163 0.07751406842925314 0.014206183317518505 0.01431335790875506 0.07099681274282316 0.014676241766977256 0.08130026244289326 0.06910645648651019 0.06610671321523107 0.0011742277818516617 0.09598794648501453 0.05046651702808445 0.07165711921457407 0.07825360445376986 0.034413967513521666
37 0.07366357986788653 0.01788020152358729 0.013281081518854624 0.06748912714946025 0.020360054013066536 0.009863964487084086 0.004289737629434106 0.03168857822966319 0.09116541196419987 0.038405526996222364 0.06786415696346988 0.03938127169087824 0.09013230967068528 0.07371626258349057 0.04476543263030962 0.07516624899314849 0.10153761239773997 0.09249524246359049 0.03708190514262553 0.009772294084603072
38 0.040408571086648026 0.08586453333144546 0.04086698127379931 0.0426650099813251 0.05935854065641036 0.016720532716647068 0.06692697713527483 0.06162386094630419 0.05593992927333154 0.040888773056794094 0.06182804528851095 0.08687123035514102 0.08475223723367709 0.09659317403554982 0.013542380647198678 0.028819012501495093 0.01485944554127869 0.07188146087365341 0.00029983083544084184 0.02928947323007442
39 0.04283286077109836 0.02670007814006178 0.001969360995651318 0.08596599384122275 0.012698557301036766 0.057028927433553867 0.025692645269038205 0.0726908918034448 0.0826759041290789 0.052934978486315065 0.0362562689623179 0.07023227006497361 0.06958689957063635 0.0391257960869154 0.07140773031905591 0.05863352820153761 0.03925708161611333 0.04347512928574669 0.06398818983040086 0.04684690789180061
40 0.0409725081669297 0.051805779378369034 0.04434141353937651 0.020727977511693987 0.006389199702217842 0.05208530217185495 0.004650541229418293 0.08540351821137698 0.07649778243040986 0.015466837947335967 0.07758015945993543 0.08839441022685357 0.07741319382384104 0.08045418173941075 0.08680152835731568 0.07829749269332313 0.0032593467105986257 0.03666004856206278 0.052806860184266724 0.019991917953409117
41 0.08322667878217203 0.006640480475176535 0.028592145762762845 0.01171087403230601 0.10118108863358093 0.046411712176396544 0.038480285487735626 0.09435801314430801 0.03081095158441641 0.05814308130897155 0.04953199733452574 0.018388703772778427 0.09823470487826871 0.07256705981717086 0.06540033496638437 0.01594372939812552 0.023975022084216764 0.04228876498669364 0.09899617813470997 0.015118193239299403
42 0.05926912462748779 0.053009857838232144 0.08112103049378695 0.04432065349918554 0.058054765802961684 0.03788633442398688 0.09392092114411604 0.06365209649269096 0.029129025860517164 0.05669328395933106 0.0807647771640552 0.05859711901859522 0.07505118952229951 0.011362481521968603 0.046279104022860465 0.0846308498979406 0.0005649672645197013 0.04028126475313158 0.0034108403324441088 0.02200031235988874
43 0.10590462727936728 0.10001458364139332 0.03081256389120327 0.010571982933718362 0.06641718190465325 0.0643391769875634 0.05335216297739859 0.03106727026571687 0.042489828143627346 0.07573694714730142 0.0229102643615621 0.006808489259007037 0.09410976947445353 0.03340874551055099 0.07452460475369979 0.08039124289480351 0.005498831831022789 0.01671113500724747 0.007201667321516722 0.07772892441419306
44 0.0021984870534114205 0.05322591255787769 0.088532154318466 0.027432893402548078 0.0720687445390503 0.017739075411498606 0.06783453215965048 0.07831486010462112 0.006567856128459161 0.08389168724064183 0.03991828357180018 0.022256679158524126 0.04411168555090992 0.05555153418236969 0.060027315652116484 0.06870307149080988 0.0959319521299943 0.035418626034619254 0.03337163796804604 0.04690301134458571
45 0.05967223354870293 0.030415303197262735 0.0185821962689271 0.05438973704789302 0.08904410730037779 0.04201264492995861 0.05017375532430814 0.023142933112685678 0.07547313706209616 0.022937637178306835 0.00043922629542169944 0.05786235459402773 0.05418166720529227 0.024234524947945323 0.06392461334166741 0.07860138579223788 0.06744887063851945 0.0702907979843463 0.026766795096834734 0.09040607913318836
46 0.007720781150253252 0.08310389171397765 0.04611314636227369 0.013137424819480931 0.020678909010064177 0.024833944956733345 0.08489275388817209 0.06356645994894103 0.061591016106653525 0.07498806191039818 0.017063848103186292 0.030656272257625 0.0003023741771839897 0.08097455919995901 0.02819419793718997 0.08401960067101512 0.08552920675138437 0.054503198984120954 0.06494875695339075 0.07318159509799667
47 0.0006200747552469849 0.07540713724928703 0.07391331795893188 0.007652226312637652 0.050594907823121975 0.07388384608216657 0.04805334592930831 0.045589688544010507 0.07430273967444052 0.06188613761387562 0.039886171219643315 0.021060093095423695 0.02881216200951752 0.07546643177008149 0.05233076802182813 0.07276543534639016 0.04392947126282246 0.06696976723861163 0.014147867728364752 0.07272841036428988
48 0.025405318996190872 0.0625724432789873 0.002938406610710958 0.002514282237829719 0.011736645509396576 0.014713721431013944 0.03895856784754877 0.06385401216945255 0.12410645328140421 0.0942912317248469 0.11276770748628796 0.01215895208712317 0.0431432201609617 0.05324782547242352 0.050955511116815864 0.08353154357791687 0.04648031115982094 0.020831672986161186 0.059484779481042416 0.07630739338406459
49 0.08385479067809379 0.06383956510684924 0.02425309694178396 0.06673529558661126 0.02978644066164945 0.0004802023213130703 0.016759645945115316 0.10338299777010433 0.10257935936111764 0.027537777256478282 0.038173168592109764 0.0744267569205996 0.05994827649617816 0.018953816543461885 0.01327652429125093 0.09478023041031075 0.015542979442137103 0.0606439146237637 0.013147627435137074 0.09189753361593478
50 0.03432319728929583 0.041774701170576745 0.08547222937109204 0.05256962832078287 0.04638468945001095 0.055887480387969625 0.03059245175048771 0.012782685652802316 0.06945671600999509 0.03873363602696584 0.06652751795766237 0.09713309621878873 0.06117426454828541 0.05102645171787978 0.024758446312215708 0.09079982930367438 0.027645731775999834 0.0031460097212655134 0.00967310228503408 0.10013813472921514
51 0.06568894312291275 0.008322093654369776 0.06609236855628735 0.05224718435086208 0.0378779957652322 0.0022999816228380346 0.09589494968274584 0.09075207358161747 0.008803063752846785 0.07681488238755727 0.07291166424379725 0.005220251257720537 0.0644448636791989 0.04864105513307772 0.05453195784281813 0.03531268201166059 0.019466357232349296 0.09985217247513602 0.004913072899128724 0.08991238674784344
52 0.07727078747516453 0.015102024658915433 0.056720514674567256 0.016443428881674087 0.04221061185893394 0.04713678382291285 0.01528730937279021 0.05297832119023076 0.056696096059065004 0.013557828995561046 0.08152939272743392 0.09498429100202023 0.11828876496915738 0.011538624102001894 0.05875756338813696 0.021435774452831395 0.0929688336084395 0.05984839825583963 0.022912664569352693 0.04433198593497099
53 0.0019845729147186003 0.096745287472956 0.06235891266270967 0.076699216944315 0.09776937052269953 0.02321498362061437 0.04353613823771374 0.07953878099080157 0.01850151324768514 0.03540987527617453 0.10462012968525838 0.057119142809573246 0.08627494871746096 0.011393795095278608 0.00980210233828418 0.05306308221332554 0.03558104206987113 0.0385381507940757 0.01011759782541762 0.057731356561066524
54 0.030684642938852542 0.05085660910401912 0.07594728780356874 0.0003279474077197206 0.0701164222453893 0.07064836158120079 0.052947995959268045 0.07406927722804064 0.01158444385569277 0.0480920424365613 0.0455661765550439 0.07965514567753913 0.03795706700400035 0.017052146975168637 0.06826497780496782 0.07247720933930267 0.047297497330896346 0.045805467941366744 0.04006143986199717 0.0605878409494041
55 0.0658905581502288 0.025799549215211555 0.019596823119356524 0.04581926106077888 0.041471722441698874 0.01674272555761301 0.07276518168038046 0.0786225937836876 0.050319911862513875 0.03520885769761848 0.07816781493615677 0.010506445726678307 0.08163824205592683 0.0959043974124302 0.0646325108212569 0.008248863921354299 0.012654224150196255 0.07961046917967188 0.07561200627150558 0.040787840955734934
56 0.0030347200840323634 0.03885682755718909 0.09827923546575373 0.07307145123226007 0.08359285137763858 0.04890244266461288 0.01118326988256459 0.014219998092776373 0.06922535528902236 0.011476614785580904 0.024615270124703083 0.04856570643291586 0.10415626505628398 0.10937578549350097 0.04634093967182099 0.051016281923131686 0.05707867267102238 0.030150832169613888 0.012235721407307049 0.06462175861826927
57 0.011318619133563732 0.05578497271762363 0.014405563743383783 0.02111420777051383 0.09604041814717096 0.034512207843410775 0.0975432116685686 0.05933688195190408 0.027004996259187602 0.0864209420821121 0.022264523747470493 0.03766514351942817 0.054190634317988956 0.05158219279583284 0.08049635733815878 0.06838457715980126 0.024921927001686033 0.09543101657721621 0.02942181346177967 0.03215979276319851
58 0.0945263009296942 0.025258416659093903 0.0015165464093814115 0.06583920595693049 0.005779447028558367 0.01048606242310612 0.03889051345544494 0.03583845413767873 0.017912411723711455 0.027260387082732734 0.1126184771696726 0.04288716081144758 0.040424125315427675 0.1051924806995017 0.08511758954696545 0.07957302416363346 0.043997165732253644 0.005266265841532694 0.12606057764541254 0.03555538726782031
59 0.06478146316503808 0.044298991885044034 0.024918304763640865 0.07940570288656423 0.029423020343157857 0.04025059822959166 0.0076313642165575435 0.06711417842074646 0.06177977622961384 0.0808142577815051 0.003077442742822939 0.08220920424809475 0.05190502727349965 0.04667079051224448 0.04547381043832851 0.07961596485831163 0.07792274327543695 0.00884602459422916 0.059371224151960215 0.04449010998361207
60 0.06523051242513261 0.04792513149019661 0.08683475683273384 0.049764976271015775 0.04507475683147492 0.07696527820111385 0.001358234757866295 0.07096369986212628 0.058865449577713225 0.03699232715833422 0.0035582914940352787 0.0857207660929049 0.02688491976761613 0.07686177688224441 0.04417836022969135 0.06905296106710633 0.060996464901004785 0.05370118227053265 0.005080481885814528 0.033989672001342085
61 0.08034578774158647 0.042964551103156855 0.035055176207964646 0.04437683936275958 0.009492428202088106 0.006467666862424349 0.0936376893866493 0.07311476820040792 0.013546903593309196 0.05172608001099461 0.06366715764342012 0.02644790821034167 0.05939187226114851 0.08329204519009592 0.03950901898822282 0.05519335203468446 0.09534169949692341 0.08365568287478378 0.00804256605676133 0.034730806572276854
62 0.0795505528456793 0.08657328351798418 0.0395947224592482 0.0762817414684318 0.09703017942058019 0.04506015094616087 0.023833925811731382 0.05399466753678552 0.08392083387426184 0.028000044711607653 0.005829878191854248 0.041264395272698394 0.08300429744604389 0.08305295821584636 0.01351598114938107 0.05249439506890074 0.05214260476680058 0.0063248950012040955 0.007486856202089681 0.041043636092709675
63 0.010029988469418835 0.05479968421869569 0.07157964252837495 0.07159925023019582 0.020508393445154992 0.03219246708907687 0.06977325000660604 0.07997389785312908 0.046337621003244005 0.0408939332354065 0.07924332511786727 0.009474186822047431 0.0427773551151937 0.06349460253199132 0.03276043257471511 0.02355604511739486 0.0626933429467332 0.07474864687860057 0.07937830757355692 0.03418562724259709
64 0.09771471104476244 0.10481358235754434 0.003928195581002346 0.04613001831755495 0.008324966245656675 0.11591037827480377 0.025558669867617494 0.06147410483766191 0.10081902552236253 0.0043201091781091645 0.035409886199829224 0.0336881163735689 0.07020530576246738 0.012799452294652533 0.0496434351337542 0.016560796664104954 0.06659785769705598 0.05032743737273195 0.017076619447264157 0.07869733182749494
65 0.06815263377515562 0.07180672590753302 0.02522056990876688 0.06590216490993657 0.05664679883260916 0.09802311746263193 0.011306493702846955 0.07765582393012094 0.06340202886960104 0.01922505809466178 0.002503780423883372 0.03507211140364446 0.04692696513429473 0.06334503984212894 0.04430079492874565 0.0952760977061133 0.058441124942204985 0.05134047213353647 0.03002903370206146 0.015423164389522738
66 0.018302339086586888 0.06747281017013022 0.03389063783244728 0.08775147763188493 0.0324691052512767 0.09802751024721039 0.03287796712263714 0.004034291931054919 0.021151357640265392 0.034487295826717265 0.03603166309625545 0.019475476678362573 0.0017999188525154302 0.09605942030439503 0.036100026488099075 0.06061756815596529 0.05572602356730468 0.09923122721420835 0.08274013541034397 0.08175374749233906
67 0.08933710967157553 0.07556419623837056 0.09323615186554207 0.015373845331562871 0.030561938951936863 0.015090303558310557 0.08418223091726817 0.002556757814986556 0.01207096641154839 0.06914349671474818 0.03176665529209172 0.0241233308219154 0.06044642646116701 0.09110704658864213 0.018705842084792763 0.06624935629228225 0.06366868451694188 0.0036687367248647747 0.09303248769934956 0.06011443604210267
68 0.07730411061978504 0.00417546413830789 0.060427280347426025 0.09788808661413827 0.03375356682811154 0.0386194572345985 0.06407287233015808 0.013200730383147109 0.027913601272749625 0.07496576042907757 0.012527375352346819 0.09493979258803066 0.0912665603463287 0.031943880379235526 0.0026717073380179202 0.012784766411906998 0.060935470291326635 0.04502206169245995 0.07182234375616008 0.0837651116466871
69 0.004759964643734723 0.07091345394212649 0.07607637012681541 0.007880174231670188 0.007344678948509424 0.07331875701718572 0.08038021442701264 0.07682902552942585 0.07822839590375583 7.169642139155786e-05 0.06395526049114204 0.08479649501914144 0.08809161235797972 0.06083068527120895 0.050220597074694194 0.01309731726443868 0.01307425107235328 0.04955215249663986 0.03785472819270679 0.06272416956806713
70 0.07001476771092656 0.07360298108045615 0.06796709771860127 0.03821786684595012 0.08636188680455655 0.08771180969332598 0.08072541260361296 0.014645975342439598 0.015179348528850058 0.030437304958982343 0.02847811285529605 0.045567155662187116 0.013155769393794231 0.05113943176548125 0.008111745680810847 0.07214526487288539 0.06937920645726202 0.00313686276393042 0.0878939672043598 0.05612803205629135
71 0.07114785574070148 0.042595964740681384 0.006582259207219994 0.07274556413301571 0.1095785917104884 0.034248095805512246 0.05888001287092404 0.07105260892025128 0.006989069867255493 0.031143350003953286 0.006662802208902087 0.0023272620080687584 0.11149614532153371 0.05650010164624499 0.05397639279693176 0.014956915772796057 0.02985058617882214 0.06947963230022479 0.09708680782686328 0.05269998093960922
72 0.042145433616345734 0.08252368903823806 0.009380520210124775 0.012960512334635814 0.05222185790271012 0.0981110694980309 0.004655503687075667 0.02701152303058675 0.037964147212331864 0.07997666759458204 0.020233589818836238 0.0960223909755873 0.033998646307289916 0.012389255859205297 0.09686891719197464 0.02414680696847599 0.06031457339409589 0.08847634286601738 0.09684567500515506 0.023752877488700582
73 0.0125557533445436 0.047976159323962576 0.07977793026833739 0.03779533233286531 0.004643839955742226 0.029841619769810722 0.05004170416000879 0.027575008858016316 0.0208465110711151 0.07196347409052385 0.0676323568112044 0.11074611313119985 0.014929790729381857 0.050994420202371236 0.11290583253053148 0.08055038615255053 0.04792122560318632 0.03133961383566782 0.014984501901783338 0.08497842592719745
74 0.07068485000103855 0.11011423585489945 0.029880012074010795 0.037045705535396385 0.011441338863327011 0.054711741150947034 0.035013349446461575 0.052204917256751845 0.031088221429015496 0.05705068637618008 0.06370443083242738 0.03794950549674408 0.039077891915759395 0.04890885376155006 0.009118591887155797 0.09733643063745635 0.028311409524923135 0.072111071395056 0.05928968525607167 0.05495707130482804
75 0.06428086813595037 0.044935670005030515 0.0073086852297417695 0.07476542511797667 0.09732482115259286 0.06815310266577587 0.040400585000380754 0.05672268410274884 0.0007672885444947876 0.0183973075967209 0.08772143807670776 0.039570698956134784 0.0654129031814834 0.030397025716836158 0.07563449715420142 0.06309404303267067 0.07987297973311476 0.01822670655069828 0.036304142895079036 0.03070912715166026
76 0.023569499000802862 0.009529673390976727 0.004934717305506212 0.11178018698829416 0.07403915883541837 0.08254895903662006 0.08273268282106175 0.02384927149379678 0.04546578485584103 0.11139989708448808 0.0305480234256424 0.004050759489538352 0.03982532667596206 0.02985160813342173 0.0757500463592866 0.08875013353604681 0.06311382073930424 0.011331137130313022 0.07007075108022448 0.016858562617454255
77 0.03626001406255134 0.053325127488856504 0.007985023008781733 0.06873665722429843 0.007581784740157464 0.006188003103821989 0.09987620668228968 0.020933626548495326 0.015389012415086457 0.07233628322947798 0.1147754527477726 0.03221283300881567 0.041816303775431066 0.08564480133251452 0.004862949082957706 0.02983566489738103 0.009243209896313824 0.09971170477211073 0.10767238835590215 0.08561295362698373
78 0.07133140422007629 0.0649860728314023 0.056993713685110185 0.06511362136632627 0.07733127093760896 0.015414094709302316 0.012119049937292844 0.035762119818500325 0.06163001466336086 0.05908008349772825 0.04767870034501784 0.021876163119850283 0.031893862663622846 0.03628591012600821 0.0706705161716223 0.027306254617938196 0.06952028836790186 0.08767214335781891 0.03014836341208472 0.05718635215142621
79 0.015543807736678131 0.11029650677523434 0.09971165399687575 0.0227428229655254 0.03477057807367249 0.08755384292897246 0.03182141478017944 0.06474974759850002 0.06743157598182357 0.0298996123069297 0.08554526324447004 0.01643442724045972 0.09736456861554113 0.029607673148300002 0.03540254700951329 0.01815710312971937 0.07326952597237281 0.012401094344795024 0.027157200419904656 0.04013903373053258
80 0.04170920412386301 0.08226864548180843 0.004598911167779414 0.00254665735084197 0.028663512214739357 0.082463871098779 0.080248793960359 0.06470085037707492 0.05421906606890421 0.08537188578824784 0.04310611498952386 0.07214959903539361 0.06597478244810219 0.07074101921446002 0.054342812595015416 0.038124853923422006 0.032786573541962405 0.026447943236516454 0.062050796834274204 0.007484106548932909
81 0.052335016392280026 0.10481371733479135 0.014035851994639593 0.1232945634260586 0.016944009054994873 0.06286419162673312 0.027732864098050848 0.05416355009775365 0.015442524716142023 0.01762938325904643 0.023252037321518506 0.0019635503159712814 0.061709645862941025 0.09359346553438552 0.003678673077981974 0.09127747435279754 0.018337168252190377 0.10862783371605157 0.022472187629683234 0.08583229193598857
82 0.07141048706416646 0.05654078467997709 0.037343345184283464 0.04867728698604133 0.0749936063154664 0.009882142386138626 0.025430953598652977 0.09154010057276105 0.05226559722076669 0.09133537983443316 0.06665217930838682 0.021442647608710955 0.002867069836925307 0.06728900673413639 0.09380115868757716 0.046015106521763736 0.047890730940137745 0.0005657441528299124 0.06796033602223936 0.0260963363446054
83 0.0871947575979782 0.014512616919408684 0.028493323768346922 0.0007482000995583932 0.0435943734964786 0.039747555052332274 0.006870220035379778 0.06287144264958554 0.05842174042566306 0.059673776233455385 0.08236711065348112 0.0774274656284119 0.03155418813246042 0.06421916206407681 0.043818387197570925 0.0835169262227024 0.07551111473983632 0.028290624037730337 0.0748120671196464 0.036354947925896525
84 0.08292003623395232 0.02226267708400089 0.061343487190816275 0.08214860572451775 0.007634504493429836 0.0457347759843669 0.07193609396775084 0.04335315705518773 0.041556769498435814 0.07232593978527019 0.012219619082674098 0.0807839764311429 0.03142836232805336 0.019396103348058004 0.07484939882870838 0.038838193228659806 0.05745110828716959 0.07210639887572914 0.06375652230196668 0.01795427027010964
85 0.06777447331168468 0.10333934785795396 0.0001418281082686367 0.03875793621320172 0.025724158598511824 0.019708106321877628 0.08314118976648083 0.057756660631369854 0.05797180594163928 0.10469608411419713 0.10036785932160126 0.06348510535508947 0.07324421063539746 0.019125266479824092 0.008406265998952032 0.033661337965773086 0.03630103604634206 0.013766326902740449 0.05371663013972536 0.038914370289369137
86 0.09369319304888152 0.01430275988282649 0.009780610009865144 0.04281539072268664 0.05773172410470839 0.09192897083440409 0.044438271538300426 0.012895023466161873 0.030799589568574173 0.030084028795101154 0.09279153504376257 0.013771384652972063 0.041404166653909384 0.07745325850554952 0.08976500549865114 0.0244779932409824 0.0035636361740054977 0.04938876166523956 0.09182531797048128 0.08708937862293689
87 0.008685241835504173 0.05387098066548686 0.020512934731438743 0.014381825352551522 0.06008289494955955 0.04683284913124194 0.03350817588596738 0.05220391201665543 0.06005787935270078 0.005180101260063769 0.09243699795814259 0.05451338772931723 0.0903966460308984 0.002148578065547597 0.0596269879007738 0.04026930530946377 0.06950636652971066 0.09858366765125796 0.08274437213394222 0.054456895509775824
88 0.027007618600432486 0.05155638946906806 0.04222628193540665 0.12052437570057768 0.016753647463270727 0.105911577852385 0.06397379695706226 0.06938377642927743 0.012448763539040753 0.04683367525697002 0.07710820624493726 0.06205518518797808 0.03579975216663524 0.028324673592202573 0.11296074865687382 0.015833583058857473 0.010872289742299646 0.009893897833379425 0.017387403273268213 0.07314435704007738
89 0.01640172010002363 0.03274445465934 0.0923560550294282 0.042324122458677615 0.02550061263532579 0.03238479468571877 0.040149663100784466 0.08371233019369528 0.03723386524271669 0.09344609592143983 0.042424974453441615 0.0034141001786662305 0.07509811333452243 0.023157047966647918 0.0362057466715053 0.07315007002122528 0.1016561921054795 0.1001760597812664 0.010848738936757028 0.037615242523338054
90 8.89470285518341e-05 0.0026212297216410183 0.02970850988089607 0.055303502637825304 0.05389346130155013 0.004509123718145488 0.10769399171196756 0.09243896938828489 0.03702329296413392 0.049593731904960775 0.0326227623542086 0.1141705942566316 0.10994388212169907 0.07433848300516531 0.03712501962542654 0.037325494494294176 0.027285010144305906 0.04851087665569868 0.06033487745251733 0.02546823963209588
91 0.026417931136100067 0.038997900470573554 0.01087595187974936 0.061069936472184214 0.06661496872660147 0.08058275826481372 0.07497063651572397 0.07913558744063659 0.039726817883365594 0.06558051207483857 0.003105649923341271 0.015535481564181634 0.01099158022749963 0.038067907467079345 0.0740328792560219 0.06196271905938482 0.11076344820503653 0.05430649260406127 0.041559436228287006 0.04570140460051945
92 0.029575051853326307 0.052747847209264176 0.0027479881622092537 0.045347615362561065 0.07605903605165695 0.04501990525605809 0.037537113808655 0.017829042057544535 0.04482916846361991 0.07424852041364038 0.021864462013059093 0.0770764638431063 0.05964299170298137 0.04977782225607824 0.038338856784143005 0.07751964966478696 0.06517252907863591 0.05946712802689072 0.0612517419669978 0.06394706602478503
93 0.013971794772365702 0.05360941610326786 0.005872268080268877 0.013935314248360763 0.049042033087298036 0.07345726814493962 0.017406993321331946 0.11055342090856453 0.024440010423293787 0.08126597728808167 0.055855362270116476 0.09898257553486522 0.0355732725745448 0.009425136829736266 0.051974690497086556 0.11801774197054014 0.06402598143193594 0.03796491779467851 0.04400989931853069 0.040615925400192654
94 0.08375706218584307 0.043510293726012506 0.04470181868030767 0.051821645077028536 0.03391470774434343 0.05184937555319824 0.06335743100228951 0.08144103741977564 0.0015764684416943338 0.06276145426589054 0.0155032049564037 0.02591513409526189 0.06858250741509216 0.02597730043060282 0.06752176205320229 0.07424448680674914 0.08523387657224757 0.011919348090615008 0.034509662487997084 0.07190142299544486
95 0.06454725271120855 0.08311336016366509 0.09757295937582079 0.05450267391306138 0.038882013993740874 0.0724847009911234 0.07376335691834446 0.03287314285187979 0.04564769727202539 0.02195099134144163 0.05187465109546708 0.051506790669388874 0.038333798526309956 0.02727647721011921 0.10280602875849365 0.04748343372081533 0.001412058658967392 0.006983680354063951 0.02246197027225289 0.06452296120181024
96 0.053071781719756655 0.019392418012327103 0.024889117236032873 0.016501293744984935 0.06575986359061485 0.07151119777574876 0.0786052080974717 0.0494968094124202 0.02337237397202223 0.061651394093601576 0.05794927065384628 0.07808262643000058 0.022814116070309306 0.05308954714439619 0.06416987419936407 0.036473768876068485 0.0018546501201600837 0.08564350932170642 0.05288578621822153 0.08278539331094632
97 0.020143787629720702 0.01742767802536085 0.020974961322915157 0.034544601393957056 0.08434752325074996 0.055027022738528365 0.009115599653466484 0.05419263980416615 0.004706156819133791 0.08519623741456983 0.02618558692206513 0.08473363753757017 0.024036555791221517 0.05692324769437083 0.08439815888568326 0.041985924350263354 0.07514164667881681 0.0916292517819815 0.050617713978984714 0.07867206832647429
