0 0.009982865981267183 0.053528910510872746 0.02783657932789281 0.05067951348795996 0.008621317784000335 0.07809523475065103 0.05751351764757689 0.015382561604365139 0.06012497153930113 0.04694594626356953 0.042658642630599965 0.0077772836038891595 0.014050751152325453 0.0875268010268774 0.06335804827658625 0.07662834708613706 0.06865088750025831 0.09492994703263094 0.07365931526497825 0.06204855752826046
1 0.05994343076507546 0.09031205853948071 0.0810240726752028 0.058410819256085496 0.025458626133232055 0.0171250475705061 0.0621103759885508 0.07411846378018012 0.05185559943385198 0.07644926277345221 0.06815281835026053 0.033012298306628766 0.04291002096045499 0.08343563707942718 0.05410156996149016 0.0021597426765953744 0.009824175861467178 0.07008774823350088 0.035540269297608486 0.0039679623569485595
2 0.10856642661412542 0.0018910579130810565 0.0641609633448089 0.019298607125423285 0.010568124422644317 0.09358408106445261 0.014163806788048825 0.014060115369758064 0.09739336969629751 0.00840419266831063 0.09633162485806894 0.03838229566517494 0.007103341729591523 0.08281999402009557 0.04091973232546719 0.021366284611082035 0.00589912540895248 0.0785626480601441 0.10931734462416304 0.08720686369030924
3 0.030748495441352726 0.023202267033404163 0.021317434407995065 0.10593175815076365 0.10108267022951853 0.03313796661142152 0.0033749312267127574 0.04914582163374854 0.01126415764891675 0.06754517861593598 0.10813789206580725 0.031173070651270732 0.10045422849069902 0.019365747665659183 0.09684142908380522 0.04807264740292553 0.004490962427290239 0.04283905707995364 0.09790330390815112 0.003970980224668478
4 0.0239498165160407 0.05207984694558734 0.04773297720928821 0.02472172783578119 0.016953596931006037 0.018344686787527688 0.09222317204059288 0.0964790932121891 0.09570870470570153 0.02326867239419479 0.005787640651059633 0.0010845205649360195 0.09022146857168913 0.09041092100437333 0.003824938692672472 0.06393823474698607 0.08142162236230983 0.0582464713060222 0.02435101257439007 0.08925087494765159
5 0.0758293890090324 0.05255649858486657 0.035458584029142495 0.06901969482808609 0.044335187877033874 0.010286924207031017 0.041280659663829176 0.03566455638277485 0.027551881187028907 0.040785084212542524 0.058868883577046366 0.05757364706874794 0.045684684637117896 0.08820410963499843 0.01270354866301381 0.0435949844017171 0.0032588006578382757 0.06113650911704149 0.09786912663422623 0.09833724562688452
6 0.001001502977466977 0.042450832664861125 0.046104365352355 0.03100522936321119 0.02125003062152129 0.10022623401717028 0.061497227664506965 0.045113160681590464 0.07992830762569543 0.05407645998371312 0.030502351347800202 0.003699975235768657 0.017649315289179932 0.042193110853718345 0.07688067875840271 0.07054856133263153 0.08802474720422805 0.05111705322966062 0.08378730792067102 0.052943547875847076
7 0.017009511572700736 0.10858327972004285 0.03195499816854441 0.07691810723336379 0.015093453383362087 0.02702127801903806 0.04843363331755723 0.11264299122179733 0.0089100285642077 0.021315470745721498 0.09694888258992214 0.028926205593999194 0.058007860914263486 0.062329769809608304 0.04197437738759952 0.05830005298859211 0.05083362258713568 0.03334097825705475 0.06374514218163135 0.0377103557438578
8 0.05810065171009655 0.10370508734555711 0.048292682977735146 0.09136753999695846 0.04670658273902608 0.03529726430730433 0.03913942693751394 0.010789497030635526 0.04108566297364204 0.047381323573406756 0.049172312840742624 0.023353973686671824 0.0170630466431853 0.06784036295482138 0.0647256547187604 0.042241343627337835 0.013307354481156377 0.0968986116063482 0.0068844849502057714 0.09664713489889455
9 0.09554182509461007 0.0933310704900674 0.05511099495049511 0.05140381735083876 0.07818869895593453 0.005156364990660907 0.03899883267606995 0.0661432202732357 0.04658757172232914 0.014374690309600055 0.01708482900158345 0.08232166278287473 0.09571549672176792 0.03084733286040618 0.0020019492047981826 0.08967057470397921 0.009317919238221391 0.00753833013794337 0.042760868631312926 0.07790394990327096
10 0.09021662220887058 0.0025064239410242718 0.057967879119236815 0.06735212939376262 0.038015498557248575 0.06287149764221264 0.050125885565188634 0.04025423800589204 0.034377759002406735 0.019301045769607544 0.05880444384481833 0.029604386870553195 0.04016452631077836 0.06588587482948785 0.08772114091339937 0.07399196007765362 0.02798183198660692 0.06068804519232559 0.0764401282611479 0.01572868250777852
11 0.0024469854912134146 0.07190876742665517 0.017265458058895462 0.022959838691950913 0.055938743140998365 0.03680524749172964 0.07303338804075388 0.003210333607874106 0.03330514318801073 0.029285547034446184 0.049980824308053826 0.06502095054914776 0.07497681402018035 0.0956055203135568 0.08923523287607892 0.06710045106404237 0.026316115998875702 0.06185083663081026 0.09193444856298068 0.03181935350374536
12 0.07689758871309095 0.08122878665206293 0.06990752477919689 0.06486313578463876 0.034924075309918805 0.07342454869129378 0.0676814613124328 0.03480408450119119 0.0324971658016911 0.04962819933124071 0.006825156185061038 0.06547794105315369 0.03451910005001153 0.035375347969517516 0.06379464359330429 0.07120621853291942 0.007018092037148379 0.05252104814707722 0.023203760379114285 0.05420212117593474
13 0.07574315018402082 0.029573961252391905 0.0016937107026208944 0.07876547058147375 0.023761288899770517 0.025845666013370336 0.07828689503344316 0.03704539390253526 0.08097989567133317 0.01142291576166374 0.0738009974389966 0.07564528940363649 0.02000360866719597 0.05645803101074553 0.08223053706857046 0.06293393824939861 0.03552334438027673 0.07866878475769049 0.00522339559399489 0.06639372542687069
14 0.0794125223366825 0.07749640555624478 0.013965305451204446 0.08447999423906524 0.04996272543553223 0.019810170160500132 0.01541854343294165 0.0948794688383741 0.06985805017248513 0.006229871944571608 0.0851521242192955 0.012267434242253645 0.01634236664115276 0.09156430358602899 0.0283542248386148 0.09146207832955579 0.020116981608234923 0.02113338927515744 0.08835467903680504 0.03373936065529918
15 0.017579210755800035 0.0698243401935924 0.08306731951928606 0.06130251270675389 0.03472577423352719 0.022986410349317404 0.08043887148475264 0.07880578168322253 0.07374819226729663 0.054666227171841414 0.015255508207571643 0.03404843520314325 0.03622754228780523 0.06063215825587326 0.0034403056818467833 0.07947161294187519 0.05369677154570514 0.0114651649771488 0.08407494966751931 0.044542910866121076
16 0.011441868224917408 0.07220370809399232 0.06351301662545801 0.007846894133765627 0.03353560733959472 0.014925699558186624 0.06366636252087504 0.04149140353083376 0.005530262073645234 0.10415374500277401 0.09103149202048447 0.0555376466039846 0.0348017686320606 0.04259149811550358 0.02909825565539216 0.051786618898016494 0.0953655061093143 0.09281960754211785 0.08493825740959186 0.00372078190949139
17 0.06927346133143668 0.0587104772367991 0.007826284720908436 0.05025797646068796 0.046184410495349895 0.093834103135566 0.0679258083874716 0.036589206569184955 0.08931737626783409 0.06624963953509129 0.07753684592972199 0.05913705037760638 0.005045127999423009 0.06341136012922477 0.028373367968837663 0.06716612132994414 0.01636371553746822 0.019654121948896798 0.05537922719525911 0.02176431744328801
18 0.033350855119644196 0.07617252717534387 0.02169236240273162 0.018183644160575822 0.0658045267996264 0.0675883512936415 0.04013894516835519 0.010488616750988848 0.0834771394183003 0.03321004310883161 0.08616045438291342 0.04857748210815212 0.011908498154597321 0.07897922228581239 0.04254550047081054 0.07814685935666528 0.05663670491640948 0.026034347353528144 0.049894019342084754 0.07100990023098719
19 0.025264506901494004 0.06727638354740303 0.08455078789110752 0.07728769252631494 0.007497854878956366 0.08497553512840904 0.010138758368377 0.08405226200950139 0.03408508785996924 0.053204765149999264 0.07623439989983044 0.05801802253706432 0.04507653422494883 0.08118582264915936 0.04564495942183925 0.04359667385067889 0.013228116808389105 0.06013916074700809 0.003374669640439837 0.04516800595910999
20 0.018888261452414845 0.045899586527785356 0.09683136269025232 0.027130130017644312 0.10775996553662 0.06889631382231755 0.06709017411873035 0.026974681165090855 0.03841527347282965 0.10060551744055161 0.04538915739950359 0.0006188644805319844 0.008268421330972367 0.002461202400360192 0.04267376809300909 0.053788200083520456 0.011732615000907052 0.10480420346288859 0.04196690456893033 0.08980539693513954
21 0.03824500145986666 0.058728661900015036 0.011998121811390977 0.029763659467459666 0.022199179634179618 0.0673311501630341 0.08214710194378032 0.07764855358308333 0.044195405380874325 0.039340460201083664 0.056612783944946565 0.007360934353826623 0.021958003085621947 0.0842469096246461 0.0814676366587538 0.03243028063528849 0.04898269841606314 0.04847989944930933 0.0606159067985458 0.08624765148823058
22 0.04459769576837686 0.04349560165539962 0.07390852928789556 0.00673049243623563 0.0407570267492592 0.04543175911685462 0.05537869713613763 0.042196909841963476 0.06220381761058418 0.02741021318169834 0.07262994042823463 0.04453618477230512 0.01125242067989558 0.04638180687375886 0.07709643674955734 0.016577015999006676 0.08311327227733643 0.08201431083845266 0.03378855971238804 0.09049930888465967
23 0.02449769893904413 0.006599642011989432 0.08732482077552227 0.013113923099183699 0.01985930134815501 0.05773889689113494 0.09635344695604264 0.08180896602676567 0.031121425463371287 0.07226098086783084 0.07195354103872191 0.028856878905241082 0.03440197667274424 0.06499023427369392 0.021395421036879924 0.06330929996736548 0.0404596068670971 0.01408469120701399 0.0789689025054057 0.0909003451467966
24 0.05880406740086943 0.03290898061957814 0.03365606669933478 0.0007615900884849614 0.08616158670077938 0.032309400006565014 0.05474525154775778 0.008019633153087867 0.03189548742170855 0.017488093343826512 0.07794139209652268 0.059427548413966885 0.04509759758646972 0.07260022417371198 0.01855606941398967 0.04411436308977007 0.08871750816883066 0.07219156160718511 0.05703628046413825 0.10756729800342249
25 0.03336001847290526 0.03683638639559804 0.02528261235639729 0.06931503019614763 0.02614251031252157 0.008284125050587609 0.027074200252182382 0.008233484012983633 0.10715934888277656 0.028467000849353913 0.08946700171531817 0.08809116625487365 0.0495852375019521 0.037683910938790394 0.012517615114414078 0.044208499704034405 0.07658576712517776 0.051159347184906064 0.08553894462009597 0.0950077930589835
26 0.02293686597068734 0.04885762264931446 0.04579569333941386 0.0440219025579396 0.012453156075637323 0.021302760013625334 0.0696817431408756 0.08618310461570904 0.040104054824711584 0.06882074199066338 0.04066928227990985 0.02636285295553719 0.09170579736312455 0.07172263945564364 0.031064247383556846 0.08559932730215367 0.08763707457149945 0.021823315694996608 0.04212596132534365 0.041131856489657
27 0.05962027668090074 0.05409169934245213 0.05287271666615306 0.04499781477725808 0.07725734041624246 0.0037386620051919443 0.039869135646751055 0.014645724399306401 0.05957109369910237 0.007142832220148217 0.07424477714901281 0.07682184342611956 0.05579888950538813 0.03282139463495276 0.03304848157732966 0.07646341921617418 0.038227016971866576 0.08294097189085685 0.06761744376667898 0.048208466008114084
28 0.0999894157443284 0.04163409160361936 0.007086839967917826 0.005005135227955053 0.08017442749070672 0.012229855361575783 0.06523523755825564 0.05106593993374231 0.03076123570438905 0.08585957381009565 0.09819970270780706 0.03252286318862827 0.028447829039078203 0.09141307649964323 0.07712989144451797 0.0022663339049508943 0.03252111482080569 0.017939199001653656 0.06556214899592719 0.07495608799440227
29 0.09574606192406847 0.08445459887193398 0.06591475902022469 0.0651301679446972 0.06792588694083873 0.07062357578507215 0.005258631026686763 0.05465851905054289 0.033627240510440096 0.03562055789092049 0.023678658606466212 0.09654066738717534 0.014987561806511611 0.0268601921317983 0.012452161644917517 0.03553858148492824 0.0949380077208054 0.025018687599349398 0.07638736035788182 0.014638122294740572
30 0.06794601779050666 0.04867241366772669 0.07832422714249951 0.04109823380990613 0.07452279637472617 0.05001253188429941 0.05769371427437816 0.0629506546815825 0.05873563953033379 0.03016475033284205 0.044832624652058256 0.08438379064113254 0.03200553448363633 0.05415954625430995 0.052772471404084594 0.04185480117080981 0.004129141243121048 0.0648191888858664 0.03364063416313124 0.017281287613048705
31 0.07451481035623285 0.03541859886976911 0.09438298229448558 0.06910148488860722 0.04461453131658404 0.004393508740916913 0.09286802217776735 0.001548948832076414 0.03737811073180532 0.06103623115629034 0.09200046331575769 0.02092108538471999 0.06349202232529728 0.024467205817476426 0.04713512558526187 0.0807207087718799 0.0008109122448197144 0.028961272908475166 0.03424250495996801 0.09199146932180889
32 0.07607469981955406 0.03732679598245775 0.0381036243371249 0.07003553964062476 0.052733235081104314 0.06575450660090577 0.07284661685629577 0.05264009513802155 0.08932213031052498 0.03935118284824666 0.054707333252340125 0.019853879057231384 0.06607130305852407 0.028769601860078278 0.05275340376837235 0.03036517325883211 0.03775439846253312 0.03414587045095109 0.013595279767764146 0.06779533044851291
33 0.09775544540777502 0.06920184248492914 0.03643702327863602 0.001962227478157004 0.07457088307112114 0.0634506854474084 0.08795040557653933 0.07302810339942083 0.09929110112616221 0.07297574034656017 0.05522742529788374 0.06353391730323676 0.021298611579725436 0.02621282990728733 0.0435460556344458 0.00010829728411369206 0.052501116773236864 0.026535003536666796 0.008453641780202501 0.02595964328649195
34 0.049786932837106675 0.07413092844150039 0.0001635273989041074 0.09100507551370983 0.09765706753309544 0.0005338239050089654 0.09578629955000713 0.0034611733436552463 0.04655582704516814 0.04152317553837654 0.043829595756502374 0.06645178750966879 0.06748280092057775 0.02361029450215775 0.02271654663390952 0.08435997033507256 0.08311900756968027 0.0371837529687301 0.05075566178409607 0.01988675091307226
35 0.07663693694603563 0.035081474135507835 0.05432136805998937 0.07046704761397907 0.01352491210450426 0.07499099414328018 0.09277686022163939 0.05053247095871453 0.005412453274189365 0.09589288479810203 0.0894278703979928 0.028158541078594737 0.02182685602456125 0.009365842452443096 0.020614773909520764 0.09704489065580195 0.03111421374925562 0.04219512483329675 0.012748297564541357 0.07786618707805001
36 0.02772992751249551 0.0010409338190024767 0.05673390330792321 0.08347896157560979 0.05271536153647971 0.02271215472637424 0.037674393627466427 0.08301997587245269 0.0595204841812418 0.051520089934080124 0.0675025969365394 0.056854314417291246 0.04941157114119241 0.05927819035691658 0.044449614816545746 0.0063184961763779884 0.04727825377333184 0.0663961706947216 0.05021698026002019 0.07614762533393721
37 0.06831641892242633 0.007122447582699841 0.06294828074108007 0.03074896301334787 0.06372235427413081 0.037284959150617906 0.0051100674224528915 0.02127566597616143 0.03498265201556982 0.03480056399434653 0.028958975094935856 0.0823375255977542 0.06898553880430401 0.07244699067241357 0.06979936214064235 0.038030462781755967 0.07368299067168083 0.0403139328935396 0.07975410057123024 0.0793777476789098
38 0.051450236335847915 0.07274669192156864 0.11143333365183969 0.009859668050603239 0.030803102111715174 0.05416016524453433 0.06946663822535021 0.032133873355235015 0.06291194270270763 0.01759057677943317 0.016296089973220945 0.024993923968394293 0.0038610637157444646 0.06316857867527818 0.11125345853016577 0.07317641267562804 0.09002857846485775 0.06012151032620369 0.03601975510524236 0.008524400186429405
39 0.0788141792374434 0.019997226797688304 0.04890111026894981 0.05620719701735808 0.03278290720358505 0.08983540161315369 0.056933970881397435 0.07675819098748737 0.06137689110996647 0.011759764126018908 0.0067501658042838295 0.07293619598416487 0.05248226897340208 0.0587058578566164 0.03246911725054803 0.05798722245400754 0.018379571566414937 0.06040294719038574 0.07345079335880518 0.03306902031832278
40 0.0034596304514977866 0.1305870909173078 0.07721470956869408 0.04674962170650224 0.0769858873995253 0.07034783243263996 0.024611708469505507 0.017530882833110693 0.06333087285863362 0.11934499254819728 0.007496160944705466 0.08254355668757282 0.022614808037490407 0.06251102053114835 0.020944795647209857 0.05449488478874474 0.03649557794763634 0.055067701139045515 0.02293183292641253 0.004736432164419806
41 0.07449564925861603 0.036632871567978724 0.06532109095829833 0.04810631295283453 0.08763462671702867 0.03629391913724475 0.007488167956352562 0.08335138674578627 0.016431908900844734 0.007520600109550173 0.07828014142588495 0.06605532161485378 0.041736815331917886 0.05781519101240838 0.022592044014223454 0.06505229717518599 0.034637920082104506 0.038561102953684485 0.058058142237830276 0.07393448984737111
42 0.06274720758806569 0.02219335905425999 0.06453672535753335 0.05823941975537798 0.07740767241468227 0.06549824858844999 0.051719705243430086 0.034855245983883426 0.02244565687078539 0.05848895685034251 0.03054727979308046 0.0891147052174583 0.09428721146357862 0.07950229599968403 0.020878616944970212 0.026720957291344303 0.000936842461933545 0.0853971172027351 0.005345770471838351 0.04913700544656623
43 0.039171483140874916 0.08043756073649574 0.03587890519695669 0.020513851631605996 0.0036547250352746636 0.061292019808027086 0.08066099332435987 0.08797082353369003 0.013139503923871153 0.0031073240668755575 0.0969410836141524 0.04681536916120602 0.06668089829639412 0.08664307695140876 0.002764295882912008 0.06134955135719183 0.0955473616575385 0.055912617463668525 0.05880758773875667 0.0027109674787393493
44 0.02899877577537679 0.07840601581946349 0.10007505787214134 0.0418728407851647 0.05313787141906887 0.012082597912374246 0.09071185122393295 0.03378830924178276 0.0026475262684024906 0.0698584760995206 0.015715645437163854 0.06909138833283009 0.06705056348941228 0.04730897108319606 0.10581455717563786 0.10514809915071617 0.020150345335456475 0.011203261139500301 0.035938119638723044 0.010999726800135641
45 0.06154995579015371 0.008209371314441204 0.07257004001779603 0.07423870351548183 0.10422426471349357 0.03664913894191528 0.06242030419141629 0.01907203900333392 0.005584498936546548 0.05780073827937084 0.04824928842732968 0.011518370843930372 0.05318096352711026 0.09227681405722146 0.014310712352122976 0.10342745934304041 0.07138545650256531 0.07364041120126706 0.002592217050390995 0.027099251991072347
46 0.014111967784940602 0.08579809989455559 0.07149773121498425 0.03992631130078288 0.006567679747649686 0.06162192789072754 0.07776607729395892 0.0531912015166342 0.05090676732946038 0.02380989631771544 0.07400333258344637 0.04798130994842213 0.022685278918714188 0.056189807933340524 0.05781307356981893 0.08963108629799453 0.017081096516031125 0.08311309809572885 0.06454746800350612 0.0017567878415876337
47 0.00026751360416765214 0.030090090546577755 0.0785018891653708 0.0713755274011975 0.06401499106518269 0.08610609536368201 0.0827741778997421 0.0907337540447095 0.07007254478937136 0.06948217368005122 0.045677595805140414 0.07685695890499124 0.020711268903626342 0.006536675079789788 0.017527745675390283 0.011457816901193435 0.005124207256043631 0.08004637539643952 0.08813444061982202 0.004508157897510692
48 0.09524118857544478 0.04967465209526856 0.07958084755591732 0.02058108662809368 0.010529225459283678 0.04159045940153487 0.055834915594378844 0.09506687877585138 0.04877442370793322 0.06481333209720262 0.09786466387998356 0.02494480694945386 0.060421865143799894 0.09040303115484097 0.014174407092286493 0.0683211201754053 0.011361695740745463 0.010694069157843393 0.0343856962583694 0.02574163455636257
49 0.0364958190324589 0.051942564446268547 0.03577056489821673 0.04406262414390382 0.07766573757144184 0.038316414459153285 0.031872228773681906 0.0007876179052998275 0.04243683349987049 0.029846085481202014 0.07818306197531064 0.07596857056716685 0.06919697809307718 0.08173325469221412 0.06990409132344524 0.036413893212357384 0.07093895002368686 0.0790513427051231 0.039595838669337816 0.009817528526783262
50 0.04927398975514218 0.03732062121503867 0.08331469975217817 0.028157739890860036 0.05550039634884105 0.015084041496437793 0.007709102725393005 0.08993888492534997 0.11504983690220268 0.02820638111720924 0.10599361352428076 0.07604747763709974 0.12184794231067102 0.0006622888782001541 0.01843843777846084 0.020108496746803532 0.024879943028295486 0.004955732008851953 0.08459247499004668 0.03291789896863728
51 0.0633100608998964 0.013235469685505609 0.030777533952596026 0.0793044863237232 0.06321236455149885 0.0024682140374437896 0.05659228548825785 0.031242604518513045 0.04568173165238586 0.06921458451415656 0.035978131287239756 0.061912947765341904 0.044068890829376275 0.05852152706481237 0.06604377405021672 0.08448751438098641 0.05423503467879412 0.0073778448598505195 0.07225581383500372 0.060079185624400885
52 0.0016233906052383125 0.020833003967024498 0.018440811007880576 0.042908722337915574 0.06567888438994933 0.03797498938608159 0.03870915141083298 0.05424184065774652 0.10902924677994234 0.07184031328431124 0.07127001856461702 0.00852786237157429 0.09766040106999124 0.10482496186399466 0.015358946926114404 0.023550598265191115 0.020114236313356616 0.01740127723658136 0.08647067235685028 0.0935406712048061
53 0.02107643501665665 0.06681046724567967 0.022841004975325437 0.0191844284250898 0.07690618435761817 0.013995650304308873 0.038248427181113695 0.03596142613739092 0.06703665496798834 0.025933838898059836 0.09204186698094091 0.00634825685682323 0.03126126088454668 0.08364316283904466 0.09180782115804453 0.08892540868301034 0.10049689265631578 0.02293909410587298 0.06414570617933589 0.03039601214683357
54 0.08557254608994996 0.013181028696240946 0.01914138551795961 0.06674576306292633 0.011001167453226787 0.014353306997171536 0.07187848252346166 0.06395832013971658 0.07553130128568981 0.02942297808345303 0.01118883915780196 0.03192310810818252 0.10133358898873057 0.052062641370161464 0.020359919261074402 0.0670922509739583 0.04545424342050465 0.03355009050709294 0.0962349288107045 0.09001410955199249
55 0.02496098896251138 0.015335273811766482 0.050256945998905865 0.10368407812736032 0.05093203864787364 0.04333472552600949 0.10307246706833616 0.014497203800479858 0.05648870305043023 0.05726248157432536 0.014501448900649423 0.08800369595616502 0.08947036814073073 0.014988397517092696 0.0729188161603743 0.08241238197333396 0.015620569926680686 0.012761242158657168 0.04132431878943996 0.048173853908877275
56 0.032169825623619766 0.0964165832947663 0.05106031141885703 0.014024147254485125 0.09321196537317636 0.07292933701185879 0.06315047700584048 0.04890352699304522 0.02486419320259964 0.012353549442249786 0.02186164835521339 0.008164266843595188 0.07698654681926219 0.013965435680876548 0.05882344380570751 0.06942954343572828 0.04922216654189092 0.06006858614205947 0.030032121087278808 0.10236232466788917
57 0.0393651142275029 0.04920612900398455 0.006508005925744601 0.022129924229346024 0.020863867763679777 0.011810019662325264 0.008529196148545958 0.05670562430053173 0.03673485619117255 0.09152933089404298 0.05487992814885468 0.027126007767887237 0.09670785240503575 0.08430803376339924 0.0868580054389707 0.07014522293651299 0.0462955638167914 0.06698039653825773 0.0844921934748409 0.038824727362573024
58 0.06877782135397222 0.0843248855425612 0.07038820508318995 0.02253536865951397 0.049650216295598085 0.030245124119760613 0.021650870946497983 0.04750661039772977 0.06976918470931585 0.0647093025384411 0.03392783519960712 0.08896675831709645 0.053204931963542534 0.033742852286763575 0.0027420994826927573 0.08365365740111212 0.008933304506294888 0.06196125467468752 0.02203366065058986 0.08127605587103261
59 0.028055826507611986 0.046204203949527504 0.06378206927401903 0.048895910658901975 0.07323484378390546 0.09589566909128891 0.10668853625884414 0.07493950077590783 0.08408983161707521 0.004582187197473085 0.02288965439782978 0.10115985926063385 0.02352443486357452 0.025644353753747032 0.018920857657478002 0.03345835462923849 0.02847035427839584 0.033985073899161826 0.026623198647985246 0.05895527949740029
60 0.06313411143022112 0.07987786835782501 0.05976476564662576 0.08252080487037597 0.06601538393525287 0.0771811661029113 0.0775549376787501 0.07466745041208875 0.01971393809858115 0.05471237976220101 0.011386664906254782 0.026380506442111595 0.024210782163561415 0.06094181795963067 0.032488985010249494 0.0275253116347364 0.025146673136725736 0.0057111391047902135 0.0710304846436504 0.06003482870345622
61 0.06682293377317795 0.06209038797900503 0.0011183947251401716 0.003807672776789124 0.04927787357893581 0.021098333369114264 0.09571943397234248 0.03669454612074567 0.10343534914356124 0.03266253323705567 0.06746349112077403 0.0024261211487096083 0.12169789410944232 0.03959369765624086 0.1161274786575042 0.04533729104697594 0.009238160182384533 0.07782119608901533 0.047371827942712115 0.00019538337037360362
62 0.042496609594794135 0.034710337518400795 0.050006882609197466 0.04519223268433511 0.04787460035072163 0.002580151958560662 0.04318642082331283 0.07914872364362664 0.08935508162949446 0.04219476071721068 0.09204259470940579 0.05606188440707332 0.0024488458299468433 0.07220860792857738 0.07828371132377814 0.058077216490480914 0.0036174487272033653 0.03409340791372066 0.06333748018587768 0.06308300095428152
63 0.06903716414221876 0.05731182958964792 0.08776891483576629 0.057790622646794465 0.02479526513187037 0.023538433669372825 0.07509205465272545 0.0019747079737702637 0.07832101993394355 0.07714006015459915 0.04098783019787996 0.07747789318721296 0.0467122150290451 0.048709881956615894 0.026407596457235723 0.011144184721175053 0.003254725880315307 0.0724638064188857 0.04713114816042957 0.0729406452604956
64 0.021962253845679434 0.01479384684282123 0.004364621422482866 0.012673239860375713 0.05799686152509457 0.03606781661696379 0.08005510432540504 0.046929083388049866 0.09409957031186907 0.09230571656874846 0.0347244903742656 0.07548115361933012 0.014783974403063187 0.014013832820129198 0.0240412367376776 0.0881213464553584 0.010966170785919072 0.10384985362476602 0.09291011779678596 0.07985970867521495
65 0.03769315934599534 0.09304293635663886 0.002710264122129375 0.05637109421235033 0.01789765784330431 0.0780836622430453 0.03923761957239348 0.10642558970449663 0.09623021452318077 0.0368718990649867 0.03504876582251734 0.023428646024432155 0.0363066437926694 0.05712047855218312 0.016157015045515262 0.04113534935199431 0.09868193061914221 0.046437903518186205 0.01736393552740605 0.06375523475743261
66 0.08555578550495763 0.012434657786663198 0.03351975848952121 0.08196181892395528 0.027392397805244422 0.08145753204665661 0.02612119643711353 0.07348081471371236 0.0700838732856881 0.034302494935112 0.07764179603683316 0.06629836858508613 0.057264738568328734 0.044051002022001254 0.0851978103265916 0.0036570621727095584 0.05009851397386431 0.056228766695446054 0.02191203548454966 0.01133957620596522
67 0.058712873036912576 0.057664889131914 0.03104417932532915 0.09533528838711948 0.08477222208224887 0.019398388024447134 0.036925061107586414 0.05755210576946337 0.08170606958269853 0.023424205275740774 0.008874872893728588 0.06197347631675503 0.023354134757060108 0.007596804813808102 0.08869083043796241 0.009874082781095715 0.0865954131981042 0.07627620035160709 0.012967130668411654 0.07726177205800679
68 0.015526690852492519 0.020859636742780588 0.08222712370044684 0.033040470560188544 0.07275063650881397 0.061399448295539595 0.05653749799280258 0.07500062236066776 0.05916952876128555 0.07687171372095156 0.022797530853795392 0.042469792241116085 0.06355868918151655 0.0023308971971886918 0.06257043718417785 0.06730184330210633 0.04265944559465903 0.04456560920514242 0.07318488210016012 0.025177503644168212
69 0.09241174374529053 0.04305355919189971 0.014484082867217474 0.03704401035485088 0.001027109163411907 0.004899365984260756 0.08413498085637433 0.08335589517729634 0.061356848255440036 0.04040562444465429 0.059396776438764565 0.03744012143192023 0.07771217904825309 0.07911281706146456 0.07270314517498028 0.05077694846540729 0.0270795258254974 0.013213729149343451 0.08685666197680578 0.033534875386867107
70 0.019844601143937938 0.060772162390184 0.06621428068752977 0.06319160893885452 0.04747799624830507 0.014820419759062536 0.07518088281837278 0.020787114864273187 0.08272550930280678 0.07464625008815998 0.05800463367138858 0.044706071221174794 0.0612222082249735 0.002922719812682322 0.05012022632908319 0.043814109487956485 0.06740021104531156 0.06700014137471116 0.07263513996413869 0.006513712627093052
71 0.08586098633557361 0.014055352841066845 0.043404019335881394 0.09358994364864848 0.00194272749649354 0.0409500884246543 0.0006046523121536789 0.024968062447821387 0.051130721097528 0.02270269739124636 0.08113712589268011 0.009486250047277234 0.024348327011158587 0.02143737600793223 0.06564056393006668 0.09466908489636149 0.09638165630913675 0.06448907131753379 0.07982922155310063 0.08337207170368496
72 0.0832706661064733 0.06744754212623076 0.058823640456894866 0.0636735790970559 0.0037691402918592566 0.08616145619306192 0.02182601161471579 0.11337733777639197 0.030878984441349268 0.03069668441793782 0.05590072356245935 0.002641158903150377 0.04316206893464929 0.059794777997939884 0.038376978709319345 0.10864012011503643 0.0363848793724041 0.032748186558824055 0.043606478165748516 0.018819585158497798
73 0.09559579929687981 0.05318677909900078 0.04733754217336371 0.07225287349817543 0.00447391239535221 0.020108414936840048 0.02629010628502188 0.10317647067888758 0.10466456347567052 0.09432550503015841 0.023168910848302866 0.030278742393052335 0.0592825877516533 0.04556079702186835 0.06862716653054386 0.032285393951637355 0.0047605249849525634 0.03326322156392529 0.026562364697608927 0.05479832338710476
74 0.043867139397067614 0.07021285858484394 0.006593445444402228 0.0012657926341483473 0.09065055841288096 0.009038846597842067 0.036278734946288665 0.019396208744464592 0.0657189155512884 0.06253374417281357 0.08173718975710974 0.08970770100538535 0.0554042947650735 0.06373607769757964 0.04649939971387495 0.07851653420568896 0.048972088160636536 0.07562396510361738 0.04519406101086081 0.009052444094132838
75 0.09855151434320542 0.05837368620378904 0.019867206583545346 0.015930145573480006 0.021095279250788593 0.07731764025722122 0.0973723943979657 0.03865355318934629 0.03284281266540734 0.053756590043831584 0.018409476191289628 0.01145312221152355 0.0987530944594735 0.07460986971493565 0.09505975080211505 0.046919889266057176 0.018449573010906772 0.02962753964386157 0.06054473452740441 0.03241212766385219
76 0.050332627405926054 0.060307642505084 0.02065733029744382 0.04464806346192344 0.04605248858552271 0.016438814351911035 0.039678033341369705 0.021571739674814887 0.048059676904927406 0.02074447390088714 0.04880832024253119 0.027782239767450388 0.06880217985641313 0.06307531561720268 0.077254415405746 0.06557901864403755 0.09146008813081331 0.03135474334684076 0.07676898267613085 0.08062380588302384
77 0.07389660139841243 0.03930918294699504 0.01456696337241666 0.03397163082375535 0.0035114882628266265 0.06228823332974223 0.0405320516054396 0.10583937863594461 0.05719505136071065 0.030205054794010498 0.10676433463110059 0.041216728637921245 0.05956961342427028 0.018715473512990247 0.0593404052706671 0.08135165707176034 0.015588736642938167 0.08438197770156522 0.014522562281631273 0.0572328742949017
78 0.06710667943053926 0.03037662185256087 0.06592870084002703 0.06230003577256443 0.03169267157838517 0.08064424392840738 0.08631302282505665 0.044372802298128775 0.04882382516751519 0.05285094990583506 0.0038894831457727463 0.07309871890631474 0.045363716609732374 0.02967024350664829 0.07536028224475745 0.0387120369037647 0.012642600527383988 0.0636823194738594 0.051785551188666325 0.03538549389408021
79 0.023627722338344335 0.022415961807084665 0.03850098997933148 0.03387506042116875 0.07738529324822642 0.057317308206608124 0.06894901881276713 0.06444128973859833 0.055724822191434834 0.036304312777601405 0.07998139366502104 0.037721635687439886 0.07341576158285229 0.07706119183681882 0.003803969041106663 0.06541205158531606 0.04203699555172498 0.09185002574302754 0.03382795184628486 0.016347243939242258
80 0.030036659332752874 0.09664178858925844 0.0651542784386358 0.06459853572657466 0.0018004782214889475 0.058771774547873634 0.08712504491530658 0.027737172612721347 0.030618379004785777 0.0876082699356088 0.04576637996984366 0.039420747354110816 0.008695415042071749 0.07350996472808512 0.04816814406471834 0.038101172385334836 0.04625638460090314 0.08423966384676107 0.03672787847980549 0.029021868203358978
81 0.0578239988123993 0.012675160049897282 0.017511399775019403 0.017014872252760115 0.06467900842739706 0.03157394636535904 0.07084164893698734 0.051808021335801986 0.09266010474079277 0.08853651465046926 0.06268810464679533 0.07575161548161592 0.08029093616182169 0.0570417570660602 0.01623869648377207 0.07134173349088072 0.034177966788992035 0.0428763607314123 0.051670755534469794 0.0027973982672964133
82 0.04074233572030392 0.04153194847837104 0.06378744744996824 0.08150679476953818 0.06052771133634553 0.0901038615525841 0.004054434675873879 0.1013459591766192 0.035107684559870816 0.035838108112182 0.044289163558785705 0.001589241127539089 0.08617192554650345 0.04695152711518515 0.05784598044105907 0.008300618954697322 0.08927591441756684 0.04138767888332857 0.03437193644266358 0.03526972768101431
83 0.0859904386880595 0.05513283285676046 0.08686052110563201 0.0690309872225402 0.006365862830590711 0.05921306196834972 0.044283812381569865 0.08321894057457979 0.08430281356655707 0.06084013719520602 0.06579420360968707 0.017486337657617642 0.04523278400592826 0.05228749793560909 0.0002562796058436931 0.05450326461576259 0.03863092678649695 0.013787596186198396 0.013040307644338636 0.06374139356267217
84 0.06909025431993195 0.09727688885061797 0.027160623721085853 0.09815423316080404 0.04746876698983594 0.06334043408600336 0.04188299565941297 0.04221900620349808 0.026202810137781272 0.019630704668563457 0.017745678424813106 0.01595674476002868 0.026162864123739065 0.07899792515128061 0.07552073714497429 0.0599246605216833 0.028365999894112787 0.07963094705894203 0.031308783667128255 0.05395894145576299
85 0.0253347989727233 0.02210710692962177 0.06520593380206896 0.05804522146505836 0.06598166470223796 0.02757390441189813 0.022064099838278835 0.0626415612342754 0.057093354125040095 0.01580324106141975 0.011064291948606152 0.07431307865694765 0.08709499362258366 0.02007115141116479 0.08976382755157626 0.06689792842436106 0.05449719151205457 0.08882398898670564 0.06813053450104709 0.0174921268423306
86 0.05204278509948966 0.004760213563998832 0.045339462142055406 0.09101825114625993 0.06984441066932896 0.01016236177243237 0.10352585316527846 0.06086833592895556 0.09122864683026959 0.048224045715442844 0.04129219878601004 0.07237318965003915 0.03603327240758377 0.046985636982261235 0.021272301788178984 0.04678121283037202 0.029840170413786053 0.07775826455276655 0.04674374714872437 0.0039056394067662667
87 0.023129957715465475 0.05221854197069826 0.06938072419341347 0.04466138848150554 0.05602674133653167 0.009164588090131825 0.07588661456459651 0.08355950100993496 0.01237883734665231 0.07770898376295104 0.08071986755773983 0.06643721715446581 0.03797899571257343 0.024974840517007168 0.04562581208210629 0.04329401833036035 0.01808703987882835 0.08638508793959083 0.020219692358428246 0.07216154999701885
88 0.015564862637059758 0.047781782368509385 0.037580553016562095 0.01107989388029546 0.052312910740186874 0.024009620578707577 0.051390577210958535 0.04690016015708594 0.08071370199855916 0.06905236757442844 0.08172360635268026 0.02501218041783548 0.07760297943499507 0.08109741323816196 0.03924336510289413 0.022217875994185177 0.0394890445752939 0.029383431405618842 0.0829702102267596 0.08487346308922235
89 0.04888457238673305 0.1001657779324618 0.10522520015534001 0.02355661010956652 0.09162373362634421 0.07952633773534562 0.06203120851176829 0.04353332476843448 0.08448624494092881 0.01289830742905274 0.010161934177795009 0.0030522832670822307 0.05850499709067099 0.026721645380736177 0.08354595391517981 0.03722434129705334 0.03075069415929225 0.019510155645007236 0.013251045693859822 0.06534563177734766
90 0.042558429946957486 0.043184280251040805 0.02371033720578221 0.031124545102553136 0.02868081720338461 0.07055816774660709 0.0896118268870179 0.0565326416176779 0.08697067307140251 0.031838617696763064 0.0683474434211355 0.0709263574348323 0.05657100951090463 0.03457086016114236 0.06326148912253464 0.0732384324913106 0.02402138332303383 0.060369176523905325 0.01015004053739377 0.033773470744620206
91 0.08804535638280685 0.0686339568488636 0.043636362306001535 0.06842568207047801 0.02655400959406435 0.046455448352938036 0.020046831940226238 0.015783735883123838 0.02604075136831106 0.059855929883201056 0.0035194315832737517 0.0552800139687823 0.035896617154735584 0.05580385922128278 0.06468303586943754 0.07475905201161992 0.06665406051894951 0.10210544837647494 0.007002918365323458 0.07081749830010575
92 0.009585741633634145 0.05165668478350154 0.040644973171479186 0.0694396324494558 0.0886294828946796 0.047667338293891394 0.028977293865530367 0.03388990564102793 0.056509479731735576 0.055076486117819366 0.01772087188823851 0.020406708905793488 0.09109797990072713 0.0013580368761963862 0.09041781951338325 0.08527337076043058 0.04835718751844909 0.026374165691827673 0.08141895681084611 0.05549788355135306
93 0.0473687894599864 0.02139697901713163 0.10935517947451581 0.03694084779942369 0.09590021935778514 0.04365016538552925 0.05071482425301699 0.10095520871248766 0.03631718751763128 0.03315288396496036 0.0006674821715850107 0.06892117669036524 0.0285957939366789 0.020403026867547053 0.04456826338614878 0.017979372748938554 0.07911655687941045 0.10385379691063894 0.03362406254102889 0.026518182925189863
94 0.045099544094154106 0.10078457807221258 0.0426571036187229 0.038495555287703896 0.09277028293632986 0.0801237497079162 0.07000912918259275 0.06342992275470988 0.02494324305811951 0.07194245379512226 0.08962241727360287 0.00018002921979648004 0.006594789606473253 0.100277349722092 0.00538224151585334 0.030544640048785952 0.014673412280980897 0.0740373515649992 0.008866399802468386 0.039565806457363635
95 0.09016244177498112 0.06436937782951781 0.07711233913090587 0.04185782412320528 0.02259218727897115 0.01743665364540782 0.04301789578006383 0.04781101006101726 0.001740283891102755 0.07477298835861458 0.04787506263280419 0.09060958590645221 0.014635095531462115 0.0631877729391304 0.0936447373321893 0.005536601629051443 0.05496420585134039 0.011026266311977945 0.0737145309198187 0.06393313907198586
96 0.060566908548174564 0.05950178872116101 0.07620953434704675 0.0276835052676803 0.06405670706595289 0.04583185876884709 0.04739891574389942 0.04891235494391002 0.06779826521502912 0.043269154592181995 0.06308090691015912 0.012663777843211585 0.0804775949750482 0.07894856734551756 0.03722554266228494 0.04008451500252697 0.0089321601902519 0.06538933246451789 0.06355030453747604 0.00841830485512247
97 0.031988677201663006 0.05730241717249155 0.07949483798639934 0.07529193450473501 0.04629085354986393 0.0024779391792278645 0.029045506355825944 0.039335468582230707 0.041126332509892116 0.09023018140747828 0.0631325300827767 0.06845683264781639 0.08513654256975636 0.0073422429129482505 0.05141133323627821 0.10126369557486767 0.012883144265688562 0.07835282442697158 0.029892013057840734 0.009544692775247839
