0 0.007052699186784723 0.058217362080198336 0.0215193491154579 0.08008532875797846 0.0333170275372546 0.03444191698398149 0.10622637619984303 0.09240410467012429 0.030428824167978093 0.08461644898757774 0.0074842130104598534 0.09024194620985498 0.003321136153040544 0.04831834873753677 0.08487380034747462 0.0722066642622291 0.05755978739468438 0.043582586408195734 0.03336331729834565 0.010738762490999363
1 0.05423325949347673 0.0619742754450793 0.05675785329678802 0.06362570054940714 0.024291410792866494 0.06551326712272201 0.057163574123999965 0.03259912060775024 0.08051829205717426 0.03341862132485772 0.013781830606236226 0.04332941508424112 0.04736411780131655 0.059642935266536704 0.0070822813616356756 0.06035391010555806 0.06684866516912852 0.0565123162488348 0.032626012762814266 0.08236314077957631
2 0.036566899240191124 0.03942977200747423 0.04124860978850998 0.03088320084987839 0.008441064539727402 0.030419796728534097 0.09500827661809642 0.0859721687230338 0.03102433751129211 0.08750602339772522 0.08498217103848582 0.04445007126073011 0.06650523323740998 0.023782266712624706 0.03958637799007075 0.0011463211150319844 0.0735255456278405 0.07611752039713275 0.010610969425984478 0.09279337379022619
3 0.0739242341998563 0.04819816215416112 0.015175917287974737 0.094466200004366 0.05087577208068961 0.07283706049673618 0.048318003567603456 0.03011942475414092 0.04878120007978974 0.05518302265314972 0.014175397571317756 0.029599493347743235 0.06167848229503587 0.041990146807108386 0.07659951843415247 0.026034664754061434 0.09974508159256197 0.02976039525027072 0.030943657963562445 0.05159416470571802
4 0.004583664059334491 0.040873327841278874 0.07035378494858548 0.03990970179080611 0.08385267582063856 0.017137049540315995 0.07935857630467866 0.06846989628752462 0.02065144660911573 0.0583352016288506 0.08145598894544322 0.05963485531056971 0.07434033207019031 0.007494508710979388 0.07193073228033961 0.07329359724405388 0.026418943108834324 0.013328376077428698 0.03185267265902318 0.07672466876200852
5 0.03999707243946868 0.0229953345574117 0.04274130828217899 0.06937958004241065 0.061376254271588965 0.023701769367994632 0.0702894764126114 0.06043234960639058 0.07395948721257936 0.07525053892106438 0.0476898364885199 0.042805181847570144 0.03977846684295421 0.02279209051820301 0.06505789942329666 0.04426934283202964 0.06159983348692471 0.07640759187965544 0.006253277304119529 0.053223308263027486
6 0.034449661587971164 0.044614446677201956 0.11495214846953593 0.12614628710381626 0.02863658240254104 0.029642118848852428 0.016154093075262922 0.010195426728560105 0.09987171533822528 0.004390305138261092 0.031385207724678475 0.03883124588744304 0.030737995596944317 0.04201531339223128 0.08176523071145383 0.011310567548400536 0.0980170070787781 0.041821706544363166 0.09185541772163094 0.02320752242384804
7 0.07820676349418347 0.013222980845491391 0.042664177416222894 0.07179389922558688 0.04732532133255647 0.013317932805501444 0.01999084878546257 0.07212182136874219 0.0726411784900634 0.02198593631268378 0.09335653377767515 0.0121547427187066 0.03307922863595292 0.08020115485392676 0.024771038034080147 0.06735887466706451 0.08833314809869501 0.08375704131513653 0.011430568522654134 0.0522868092996137
8 0.09692411908471464 0.018566043685274806 0.038062440042258526 0.0851985934906746 0.04132522223979555 0.09344405873983236 0.04720953208271039 0.03722209184219482 0.029778789933036627 0.021313317973715194 0.01562554109468842 0.11118542876364831 0.09310860730142882 0.009979041917117301 0.05976968107745114 0.03282865374978434 0.017100658175924665 0.006506986084798393 0.0805161709946308 0.06433502172632047
9 0.05706431253893676 0.057243273589745916 0.013968658440562755 0.04960133972671964 0.015908283632554334 0.05485600804245071 0.06031125356399861 0.06834478782176143 0.07923827260092121 0.03565207278529204 0.04288885291104617 0.06663442320969076 0.04877846272257003 0.04185278439099552 0.09659028301423093 0.0071219670623589824 0.043014939047499486 0.09752147892936722 0.019595392624944794 0.04381315334435279
10 0.017889491158952865 0.07646925886022878 0.052701516739022645 0.036599669967847616 0.03807007808671941 0.02245290820556784 0.08936248315008573 0.051527944083002396 0.01952548985577286 0.06358122619634038 0.04812775324923677 0.007480965567312922 0.025821126562654124 0.028852662047890495 0.0994478228924827 0.042552796643278074 0.05775050291695496 0.07301104452517483 0.08145521428319026 0.06732004500828428
11 0.050099124107192104 0.011262085522853259 0.03207779898102132 0.03784980922253799 0.008835733505800466 0.07795666326012629 0.08368956382670105 0.019377749401706536 0.07716935564517288 0.022753837032112884 0.09086442445548565 0.0774961853724211 0.07652613280086683 0.004428723819732544 0.01637606477398574 0.040615550489605134 0.08406832562730371 0.06614095745975099 0.042689994415219576 0.07972192028040392
12 0.07129974459209658 0.03794552331575816 0.08060807894101239 0.09743587756839227 0.042614601086891406 0.0006557782329531873 0.034817449889342794 0.02951971013892843 0.10455123969586512 0.09853235057381725 0.03808983334102176 0.10566857312128006 0.0046937385790321575 0.03866502935223496 0.05079419844796094 0.02032653801315185 0.006107117604417662 0.07148192233671374 0.05155419158756806 0.014638503581561194
13 0.022236870653405245 0.07728477399154024 0.07224625120471025 0.022332120949698775 0.04966608546143307 0.057681900030810626 0.07409331650385251 0.07927208181289479 0.021567805927114103 0.004589461449588287 0.09111176324505596 0.04286615052879191 0.004438207004572302 0.07805290652547446 0.022575480525899673 0.09307186445905491 0.0556213006449014 0.04189848332996906 0.039953756645824505 0.049439419105408236
14 0.10624506587232464 0.015788359046724418 0.03781647283832231 0.07417069837384305 0.09356982385729293 0.028498809976675685 0.0834816429418212 0.09659883045846826 0.05776193388964765 0.02441053326960808 0.04528690351954587 0.03548678320952967 0.042198976988822 0.051438801100111085 0.01356943020037376 0.0797448683965005 0.04423905599985558 0.022529865337302956 0.0218763037742258 0.025286840949004578
15 0.00013395411745050487 0.04126939608218594 0.05565718208903289 0.10703065715991122 0.0761323269846181 0.057437522482526614 0.0034808174510666586 0.0721864514390702 0.023031436455770184 0.023450196568831624 0.038620913906372296 0.11632394473167185 0.029099008627581607 0.06948146864771221 0.03619940775740713 0.08116630070747359 0.032787214397352854 0.06101985954923384 0.009568620321197891 0.06592332052353256
16 0.05330566431179643 0.05867553482285674 0.010003918914263965 0.07423617792553062 0.021220956401403254 0.06881908128396168 0.07184986005498968 0.05662709595078455 0.05702482985060036 0.012517455132069585 0.04755650569603313 0.01592071521934079 0.058139052975685744 0.04505759886555941 0.09000809593596684 0.024625720761133736 0.06421409667610503 0.04296588230105813 0.03269342718747599 0.09453832973338452
17 0.06228745500527956 0.054235062414498963 0.01992644400766456 0.059854142011300085 0.055791047737317606 0.03353023467051685 0.06841822446741096 0.07646318061815359 0.020772643574102658 0.05420677894835132 0.013281808983971077 0.04430617412112533 0.07994053905623764 0.01829722455564888 0.055406976973178874 0.06395555238695153 0.07351908431217273 0.06982012365469606 0.062417668024494895 0.013569634476926929
18 0.003293302014382969 0.058555111790111386 0.008781810715252587 0.027948222510555898 0.042185226726413415 0.06063842819919141 0.03663034822900195 0.06834857853780166 0.03444543550064572 0.04813074283649911 0.07189366071187223 0.06234274348088123 0.06775913608006352 0.05596293051420202 0.05255816643787843 0.0627712887375331 0.05108634709168318 0.036551165223227475 0.07304761913254086 0.07706973553026174
19 0.08431942706906657 0.014650300217284695 0.014065447090873097 0.06823322627569621 0.06969566285175618 0.012258724943573848 0.0647317942791055 0.08290022272385979 0.03021726968522039 0.016771572165148598 0.008763709879125598 0.07567223419122567 0.08809688531825013 0.03127286752879005 0.08860540376986013 0.012635880714586338 0.06388037239423802 0.08001421751982732 0.026111439123513124 0.06710334225899886
20 0.0589083196314543 0.032621320909918955 0.03768245136430634 0.04370838038442908 0.06686489312686335 0.02046441701045999 0.06219326131161145 0.05202137704252586 0.08825319857023507 0.07462054366372603 0.00992341155878951 0.07795815156871605 0.07871256282898745 0.026464346475923786 0.08566257677255942 0.010350637136178743 0.0039598263820485756 0.044307899756415726 0.05005017974416161 0.07527224476068878
21 0.00083691403113355 0.07454763893808522 0.07849022753166517 0.09204402927628562 0.049293307285566475 0.006807702241885512 0.03682036195634805 0.07069523248722696 0.001345221433999289 0.031584494351907993 0.08045451565417049 0.01368498010606113 0.10292593192569753 0.02252166009768753 0.06764011859386691 0.014010995995709125 0.059551475440300074 0.09324894635476272 0.03819285262120124 0.06530339367643946
22 0.07583532444382868 0.03994177041026374 0.03225864092899115 0.06164516322794838 0.06848282131633339 0.04748072998755503 0.07762118663540334 0.07939873206488915 0.07640480779294492 0.06555753997092693 0.06540417617504067 0.017240834285345143 0.0058905410063386015 0.06867052871743998 0.020380446660502365 0.0361818587716369 0.02328556990187649 0.033030389608028364 0.07114868842726138 0.03414024966744532
23 0.03975454053636772 0.038645679502393955 0.012712587793465239 0.04373107625893288 0.022402079801589696 0.08189027573710705 0.023462301076735755 0.09701372712810781 0.09374631928070488 0.07541635427729619 0.017468441101819807 0.04150786329461515 0.07353508817817345 0.08309615024946702 0.00024179429840420134 0.0011580300137960023 0.07270714337955995 0.019712094179071105 0.09003829458953616 0.0717601593228557
24 0.005835512698825978 0.09512615116901085 0.0896560680449184 0.008812662784523653 0.05238243345192564 0.022571199347973178 0.014850061877343588 0.06162868230499174 0.0513262137395778 0.06925732231613041 0.09088065971011686 0.03902562781897358 0.008379018477069575 0.08766444316566835 0.07707021274384038 0.019695021358699674 0.061828421824913576 0.04969451956759478 0.045049612307093985 0.049266155290808016
25 0.07955625024275546 0.054858704991513955 0.01279077000781578 0.04398946351606263 0.07741856271563217 0.07947595386183745 0.05617047586746402 0.024182723879435167 0.044522840480062435 0.027172366023958262 0.034108990261359017 0.0735141255501487 0.08158263979167721 0.08417561729210883 0.03500508333529766 0.0018328002225751485 0.0789303838335857 0.04040520310932995 0.03358716372485021 0.03671988129253023
26 0.051600115042893205 0.045842466446116024 0.07796435177845462 0.07571427309553007 0.0503025058986487 0.008477597880312628 0.08422756250948375 0.08465714682689607 0.061052717288191075 0.027657964632239133 0.01857853290966556 0.026244507361132863 0.049642061564131854 0.06799247863864491 0.07727212686359623 0.0018984989494847946 0.011364408326048557 0.10800998000367833 0.035166453939771886 0.03633425004507988
27 0.052451883768135525 0.01574949468081681 0.06847278481022728 0.08202438104207431 0.08229903741991576 0.056347007078690135 0.007172446025210232 0.014357869633195654 0.007625056261714727 0.02521038277477235 0.08950542115418765 0.046629891956450904 0.0778936867943924 0.05214826070630639 0.014649370211918528 0.09777862535937508 0.04309804541036252 0.08847174855342227 0.01138308921409134 0.0667315171447402
28 0.07611752459578407 0.09107002526210008 0.011623312145450863 0.009984467726496006 0.02342507402507833 0.0737516985031713 0.0010631615987561375 0.047781286096832756 0.06613411087951077 0.07304614402243403 0.052878196243646924 0.11237557692779258 0.03618596768041252 0.02617014571562919 0.009712974045122247 0.09398409558467075 0.06583064930674351 0.001863723389059556 0.0339835969640193 0.09301826928728907
29 0.00537263765398582 0.005756308845504098 0.12452087381303356 0.014774590470483927 0.06421723307281246 0.03699811513324275 0.08865630931539611 0.08610713848560775 0.03953286754805214 0.023914417496966794 0.03227616016427191 0.006368601700534867 0.07082457427345029 0.07665719378519416 0.058056165315640146 0.05240013025719469 0.02102367019461899 0.10712977602368051 0.08400119878093694 0.0014120376693921846
30 0.08369490489408846 0.05474699108511608 0.048218307100950715 0.07396509928317922 0.04730636400430228 0.049061177896655386 0.05651997191127402 0.0658016848857247 0.05100655685392663 0.001754247619412488 0.05939131026167905 0.04384623538879323 0.055153818374219434 0.08940973971304608 0.03531952534041135 0.06651981667244754 0.053580204391398906 0.030121135199670874 0.008473167645814551 0.02610974147788917
31 0.01945673022540514 0.08420734909212194 0.040324819916781066 0.06593659447379346 0.05298248697362846 0.08309570780551763 0.01986086788023169 0.022099130331805755 0.012840151094132899 0.0771907813222612 0.08517810941309606 0.09073331662273824 0.03377106059534728 0.042933867171371626 0.048238573391749986 0.013546663076854197 0.007754756828356981 0.06934509102612121 0.045544370659320925 0.0849595720993643
32 0.08169865676655032 0.0866867693541492 0.05124313216958817 0.023932351103894793 0.05807024631981102 0.07456470666785388 0.050670787928946935 0.07415304077410309 0.06251355614264734 0.06558264064948871 0.02511906851291315 0.0035540089649702287 0.006252331467237833 0.0014618211786189463 0.022511401470746758 0.04610329902013828 0.044209364051267595 0.07101431716630444 0.08001870670354896 0.07063979358722046
33 0.008114907740244844 0.0937425449782625 0.03636526236873513 0.06599014194586865 0.05528704147072249 0.07814187999894048 0.04341810035716311 0.030797124643741694 0.01862551168274026 0.09851050728761601 0.0032692940877151124 0.02573123190128492 0.011047061821772824 0.05505869732360786 0.021428612177852902 0.06381643362855055 0.046332419618956656 0.06983559208187869 0.08990481130738463 0.08458282357696084
34 0.0716182451968925 0.07383197255190914 0.0746426316421879 0.015730495895092848 0.013013141018094998 0.060954251761282094 0.031726044753137006 0.031621228434625205 0.06810955833461241 0.06516633402473981 0.04515623408103306 0.07074384881732053 0.0433174892359256 0.027442206612569808 0.03427409212194058 0.07698589197887043 0.034195808718630594 0.0645036194057761 0.0851425045305754 0.011824400884783728
35 0.08438830175034816 0.023590873013390298 0.016576583593971312 0.004793221568483971 0.05998296920297532 0.01456470949219374 0.0018553589505268316 0.01338491629800647 0.0950920252512542 0.025479157034592158 0.01037090748109661 0.07711117776908494 0.10120087786743463 0.09576953931845493 0.0742247787386218 0.09963062013563087 0.08815792764045519 0.029234851144498458 0.07983088240609684 0.004760321342883233
36 0.059812860312799636 0.03703048095893776 0.07742809837662439 0.04911143623281345 0.07421044822020881 0.050322806750642136 0.03308979472807461 0.01901612165553506 0.05569624994330063 0.05672324098374339 0.08228092267251688 0.007434633472127952 0.013160534195198251 0.07062920272378333 0.02091165440757098 0.08448009894791697 0.06384364544459276 0.060734400061936505 0.06343424248374198 0.02064912742793468
37 0.04167683122451429 0.0305249801445695 0.0053312854852687695 0.03449348591477668 0.015504066043157072 0.06248971753142375 0.017221659499178234 0.019295707805278204 0.08707412556284817 0.034622267668934004 0.03998489890766668 0.03872824858726775 0.08828254053254218 0.08474071997740283 0.05467019685683655 0.08407881508727238 0.04455694607027374 0.06788483355683804 0.05808053334863248 0.09075814019531858
38 0.019671587613638294 0.06319287995519103 0.048566137835569116 0.056307153704933104 0.08007653340058349 0.08038791092612561 0.08711959351234755 0.05819696063321582 0.022555141119366236 0.06691732870518217 0.025333589651094036 0.034337022793086765 0.034970986410752435 0.07112147012672472 0.04956797928226403 0.031051835233104463 0.027445460475258268 0.059570672817409874 0.05989067477234114 0.023719081031811876
39 0.05378561299320806 0.033887919152778986 0.06314628110785844 0.028081342009118486 0.05061970571565292 0.04270424545532173 0.07597514495391433 0.03658619679442361 0.032664342445310794 0.0889881893059109 0.022251266902253933 0.010871598212683919 0.04284697334107665 0.005063137397930282 0.057762621893912014 0.06328263892545673 0.05572299958057094 0.06057917753610138 0.09942702899932629 0.07575357727718968
40 0.0902763477549943 0.07556705860767263 0.02128592414201091 0.04382041696112799 0.04782610558335911 0.02239792394742111 0.09293870877660847 0.030585830130754704 0.09219215249435343 0.04170222535927545 0.04246789785962753 0.09343019641255508 0.0901343311789377 0.025472745851326892 0.0743281917233493 0.015967576315972544 0.014140122325089552 0.015446693339279184 0.02512346613613662 0.044896085100147545
41 0.08175586731027232 0.08363768285482243 0.01733446546383818 0.07116273634734119 0.08177270370672518 0.06399502287878536 0.004212532061484295 0.0828920671482166 0.03288764105301256 0.07321433518703703 0.06158692324257381 0.07200156449163984 0.0028295581820219104 0.002745037037490838 0.02945150973032496 0.042263932089198764 0.08118593992855347 0.07737871231506638 0.03660460158729872 0.001087167384296143
42 0.05728525374805946 0.017434232433370743 0.05742178797962658 0.048546104870633384 0.07071896308404875 0.06941639367361586 0.07397575587633108 0.06025277534492454 0.02878490845005898 0.044492173654673305 0.06637511605899592 0.07924661629035756 0.028818930227847254 0.030912466045646136 0.04768573255847213 0.09343233355724646 0.03506993894043875 0.023923947305212627 0.008113441298800875 0.058093128601639586
43 0.015701354959339518 0.1004453879426142 0.043684886302243583 0.08190438813322051 0.02157839294728828 0.002895336494913773 0.07289626560739706 0.08465019443610534 0.025385025861315667 0.11564472597475958 0.003617583263745358 0.08255443608620136 0.07862828881888526 0.0386866350205401 0.029470592210923723 0.06342814504049861 0.013463088651927602 0.08394321334938623 0.019642948833682124 0.021779110065012177
44 0.020943889306103285 0.031051017149275516 0.012141198291050022 0.042092133061179954 0.09700697472137867 0.05248287812705841 0.06565623301216422 0.023354401276041412 0.054349360363751105 0.09110553184678372 0.0027108905950513863 0.08845926831626086 0.02903763774278087 0.03165135537397138 0.06959843135156696 0.09446195266683308 0.03751551636510644 0.03396212051069967 0.07925439769894599 0.043164812223997026
45 0.019360084410705632 0.07673459129000428 0.08380304996565723 0.01665738620999253 0.01749468020996843 0.06771793904726509 0.0667805725328216 0.05000929412949145 0.027417264299370796 0.01131621412959271 0.0772183890615999 0.01624858334148886 0.07158011910947343 0.057697284902316494 0.04277927790552383 0.08253166417103648 0.06700640850733107 0.01958583185741741 0.08675406397148273 0.04130730094746009
46 0.03325315305214054 0.036388007225444316 0.0779889700996827 0.06437946688183324 0.0798596621119418 0.07954653235560472 0.007087243212899359 0.07920009910270077 0.08224048365518342 0.09351863492857353 0.02720448120687102 0.019126279677065462 0.05034890983995357 0.07619902050581083 0.04479678311502468 0.007607579674413409 0.02541056119814012 0.029268305538327297 0.06710161621927425 0.01947421039911488
47 0.019990032362601145 0.10640659686136462 0.0401374028185282 0.06308208895241359 0.0904544528687263 0.02589931431926183 0.009496937622299246 0.004929907732157094 0.048355561209271015 0.022506662335434243 0.008026827253336791 0.056987847994653756 0.10457347760885415 0.10190637491091983 0.07489168577243424 0.07972150495492965 0.02277866475802025 0.07666240530279836 0.04088147742348127 0.0023107769385146593
48 0.08589411234875034 0.08958770733474172 0.007913073784718484 0.009163471809497946 0.08518423544153605 0.01109490805329282 0.03265695931247678 0.07016932843784479 0.10399873039313898 0.019111524347030676 0.025574148898325873 0.04321385226501556 0.013572605266672543 0.10679476507487873 0.08525496168902558 0.040108195934527954 0.03705728408744242 0.07725435064573534 0.05251044741596935 0.0038853374593779575
49 0.014689338566115361 0.009282336455334874 0.08259932680739897 0.09651951113311685 0.008128405567428606 0.058440381417913384 0.076426732414198 0.041042086439326525 0.04764706787879585 0.01274457192277162 0.04499396819925675 0.06306303287680665 0.06594278933863483 0.02981113321739601 0.028106401565123427 0.07528753154366491 0.04215630881425719 0.07785470431433415 0.08273247868397714 0.04253189284414904
50 0.025275255498094357 0.07532717179640372 0.023416110722605018 0.01165941427219709 0.08752192981243628 0.08660495173508367 0.014963738966150098 0.08301846032647893 0.008728798328102262 0.012906835936757597 0.07546100157732143 0.018366702732656906 0.061164402857132295 0.0411917264436125 0.057449350971572555 0.05570487227765042 0.08405678192120992 0.08263811611469343 0.025396222219171108 0.06914815549067033
51 0.00894088098245946 0.012107323631431906 0.08115583654624396 0.037983203386458955 0.050984882896204474 0.03801255820210044 0.07431206610277102 0.09109774884741843 0.04476137099695957 0.09332256292145213 0.010049082847662783 0.041629069645364794 0.07824186453594546 0.00022087326842460084 0.0804380381078383 0.04204279201815523 0.08496611605205148 0.041051716136727916 0.022170142800347632 0.06651187007398131
52 0.031606710454350054 0.03847312333242107 0.05103864799411652 0.016586565231483538 0.0738323601198448 0.07356987826218299 0.07592808152046888 0.10219430538023226 0.0867493098711661 0.09521822168361643 0.002007868494026891 0.019476742566065217 0.059826807349191866 0.010963332851097237 0.025222400908861714 0.000954246041163751 0.04939257277343038 0.062003365621754965 0.0862572607950106 0.03869819874951481
53 0.08470574231212799 0.018095531684274673 0.08424440841813748 0.017926214255506594 0.023637646520477115 0.022218682271632408 0.004661006238344719 0.050149073066487214 0.0722692325902743 0.06129033039863092 0.01401284059219618 0.06012906230435096 0.048594245607528334 0.0343333803609123 0.019883591933485836 0.11738820939766281 0.10006008686599496 0.0904673902026767 0.03428385678589496 0.04164946819340359
54 0.09092053544089305 0.03684495855458168 0.015768288079810493 0.016459516238677068 0.06769626161102166 0.092565100711289 0.055648712305791735 0.029608342061047323 0.0042750643548061 0.0987177835010664 0.060074194760279136 0.011454326395068787 0.01742323695437876 0.03776330623020611 0.010611069511866576 0.06246292294070152 0.09223983623724799 0.1010842125489599 0.010279894833183905 0.08810243672912275
55 0.08863587353307313 0.06873155441364595 0.07503170344964964 0.025754752494536706 0.03710699374030256 0.05866908587266127 0.07554968291829399 0.046639700070776696 0.04054101928469061 0.08596244522678019 0.08058160501633518 0.03668323044940365 0.016384713397239594 0.03136943594544154 0.021657889942930622 0.0029807141515209843 0.06569925542135868 0.061577381396555456 0.04024946843682252 0.0401934948379811
56 0.12293393819941076 0.07391497818975601 0.023889112841718876 0.02750610740638853 0.015249802799708204 0.04026261118510678 0.008087282052824702 0.04735973495539883 0.06392508053062416 0.014860376763568571 0.06624184349336361 0.0844639062386212 0.09696261876751218 0.01897642601716376 0.07146093471247797 0.10740611700132534 0.04335157000730645 0.027366280590031492 0.04012735350350891 0.005653924744183881
57 0.04563043368347566 0.027834144112487313 0.054004121588675305 0.026650819192420953 0.06804848694600531 0.046802752704125025 0.007582146160599303 0.05422509430546536 0.015623540992071014 0.06312367005113556 0.05555559816976763 0.0743457527196072 0.0590079264600641 0.049319157637657714 0.07159581658698559 0.06006604087665235 0.06132745685664416 0.06215549565297384 0.050921009872927275 0.04618053543025937
58 0.04156931215211881 0.07273184296498125 0.03825877731690494 0.06168742240225607 0.09051051251408669 0.013625212245051328 0.06732886697135308 0.07522529656209243 0.02805491365713975 0.09431922788097266 0.07241980739449834 0.07829728410770019 0.010541756715151956 0.04440590063432844 0.002748894606641281 0.07287091032759391 0.0693681103612662 0.0235114997478965 0.012888109537691206 0.029636341900274997
59 0.08473657566106643 0.08545687697505545 0.038885909270617594 0.019694186127299375 0.0564275345641486 0.05029914199031173 0.10090925747454782 0.0751000253278086 0.012993871787244184 0.013792152453547615 0.04766320095266117 0.08078042582231634 0.014694041269064718 0.020412776899498723 0.09928027996497076 0.040549527772464906 0.017055071905688095 0.034176408816569144 0.0897527736979299 0.017339961267188887
60 0.0822228330835732 0.07624417145042865 0.0658133771484581 0.053171478045077096 0.09572840209581494 0.06249039258854784 0.06098395104699859 0.06931672986307855 0.025911615884685015 0.001063749526869341 0.005866193066161209 0.03758100925911919 0.022023322334509838 0.07549884653122192 0.08877188776678444 0.013135180328999425 0.07370037848170603 0.014999237045273449 0.026716173779066807 0.04876107067362633
61 0.08493823058917112 0.09820957267518217 0.06245374717495249 0.06770081200585763 0.02887632523566643 0.019711867170995566 0.08221159452056415 0.003257837333717841 0.018731795618358752 0.02972122377256914 0.08188750102778464 0.08393593604069872 0.06136958109234205 0.044451108351777076 0.041703480236358344 0.04099623652773248 0.08960603912348242 0.025571752093208045 0.001963743421039141 0.03270161598854181
62 0.08423086551376026 0.03519078078244496 0.003330273205377287 0.04028904556552941 0.06918605890430025 0.06646045059877738 0.012406468474251477 0.06724547010980035 0.08451874644128088 0.08283736286514906 0.059200106369231384 0.003869849028128816 0.07673879060534292 0.011243715023500366 0.043686372446723874 0.07023110579597469 0.050342801296032066 0.05365323322105241 0.025997290647263877 0.05934121310607834
63 0.025309045794147327 0.04458826189406032 0.06638106022062451 0.03250344300430762 0.07286676440365476 0.04306302181226174 0.004150876570023468 0.07888409652562045 0.06693094190200412 0.0710723523232569 0.03780869707623313 0.10079594694982193 0.03633526067030001 0.06055859670759465 0.0684080235753993 0.06749226879252006 0.010210716233055703 0.02347259996876922 0.0096156239892637 0.07955240158708103
64 0.049817119379078977 0.05654457629839678 0.06040406061448367 0.033500184825781085 0.06488725443876718 0.08722064055576054 0.009489011724185502 0.062252350765092855 0.049044416743326186 0.03778400070115542 0.06445066604775469 0.06516871683113741 0.07089804657184585 0.04655805011320173 0.052851644379139896 0.08546226458814606 0.03131487472726186 0.054520913787566364 0.0071694534591791245 0.010661753448738785
65 0.023421966270475013 0.10461520018721467 0.05740052082247892 0.04726490362422301 0.10640581545141571 0.05599944150736986 0.0974445682778433 0.01813391602083836 0.04087432342179374 0.10078717876687894 0.03793886688541755 0.059216030897395584 0.02793617603182862 0.03885697989915675 0.03649248892538849 0.0351977084573131 0.06270351155798336 0.01729326835339613 0.02715070068483876 0.004866433956749978
66 0.0033025778054734172 0.06628094306164477 0.020178809133722525 0.01264098748226645 0.04133363314170525 0.06386195930952113 0.06183612255846697 0.056824493978685636 0.09801162075695939 0.003078629211722157 0.10104461133239921 0.05753223188943854 0.012631343678403448 0.09165211247532795 0.05412673425843397 0.03869022932823427 0.0979667973540916 0.04507568533693804 0.03732448317220203 0.03660599473436318
67 0.10893196123620803 0.12418861821822177 0.07600666767752849 0.007996831617510783 0.06032193791533095 0.0467831432557381 0.09363381022596219 0.007507323357460457 0.015234744902733086 0.022304367664033754 0.03421019045092919 0.01542567808738843 0.010078428228140696 0.043938371285425964 0.06185796506416929 0.01088859572452513 0.018657437229317647 0.011717852845018441 0.10878454363693435 0.12153153137742335
68 0.09842129096027352 0.022891404704395105 0.019924076597648544 0.032849126796733005 0.09606194098404906 0.05719533513596144 0.033626583585516456 0.027859043819833656 0.11025565543631996 0.04573696724428604 0.07899444007284662 0.03376739117246865 0.051907670615516835 0.011936610979166809 0.04649904410559848 0.028997658530908726 0.0907956118210493 0.003974064397530744 0.00207585920772086 0.10623022383217613
69 0.08271591206148968 0.04606010797249634 0.007411811103547746 0.05691269171841956 0.02859292644199879 0.015435730743736442 0.04387411815521323 0.055448789272825955 0.007819720103055898 0.09064872740540637 0.1013813127441286 0.10567669284877311 0.07230392560138349 0.023850868241751817 0.07686012924465067 0.09721431350773371 0.025516210856820216 0.026795013239376983 0.023080130109988474 0.012400868627202915
70 0.014783677643707535 0.05470006398711587 0.07120299901783662 0.07697209072886985 0.01572560655852913 0.027389271918997087 0.013698553423422875 0.08886502807449037 0.0510924635372366 0.02905209720530729 0.0848377288746627 0.09382237593332052 0.025377001116885713 0.02954968250233081 0.04615628128629756 0.04777027086622126 0.0748029575326147 0.09687020141214805 0.0385198537273391 0.01881179465266662
71 0.00425149334151706 0.05924203295084242 0.022274467449998548 0.027760859273554227 0.07949730904013984 0.06849488642309848 0.021836035118845215 0.08437127813900624 0.0570292801116341 0.062270443489528905 0.08363247545747507 0.08084658357874099 0.039968456108999226 0.07944697379209217 0.0346218860017448 0.09009053282267422 0.030205966537361007 0.05577526153838026 0.01650252665970482 0.0018812521646624572
72 0.037378611780462125 0.05081980864532389 0.08556252159695413 0.07166274751216394 0.018096129099756435 0.07046280250096448 0.016039596886969622 0.05032035964387721 0.07879340358036947 0.04209508984314077 0.06584250203466274 0.07015830507902437 0.0019462833023120775 0.04319037160762128 0.04091992330273506 0.06608003019343336 0.08410261082730831 0.0621701326644239 0.03954663981760673 0.004812130080889781
73 0.04843186834871845 0.05246873654242257 0.09297213844466791 0.04662927479821536 0.05276105776038305 0.0097499868633849 0.005098202576491972 0.029071751750158272 0.0905868753704179 0.04144355942483432 0.04471172015052452 0.06549467104402906 0.06064341932815718 0.08991571914917468 0.05428990273274591 0.01917848463525473 0.0005819707334226563 0.10348055149212203 0.011574673652024112 0.08091543520285042
74 0.08757791635212368 0.03828500836046591 0.043984493790374474 0.0036641254970566275 0.00807686002808547 0.0028214604975522264 0.08683141193633935 0.0710901570481265 0.03696973906119811 0.06455125198401687 0.07196055863643291 0.08260411161906309 0.0834784425252481 0.00707786214583811 0.08955647570980868 0.01564233513668665 0.05731508400363092 0.0123757411723647 0.0641287457012438 0.07200821879434392
75 0.0787027916041004 0.03317890711651928 0.04021346684852126 0.05331428806733216 0.0794077932835557 0.036098840352374456 0.0420789465475842 0.0543805058564672 0.010314446126172721 0.013790569026014544 0.06968105843364289 0.06829152833298889 0.0973336600126034 0.02466097587048313 0.04623665236722749 0.005570828666165605 0.018964658000854003 0.0802317136645531 0.05508070806616972 0.09246766175666975
76 0.061571092635958766 0.020373706464287253 0.04382804416903256 0.10268840983873814 0.012696175530845379 0.10328827833184898 0.09919178508283125 0.07749689379527984 0.0025578459654771713 0.05494430531205265 0.03138204250511059 0.08560450540678435 0.04560108002623848 0.029224211825086163 8.036872849380627e-05 0.016073728105414662 0.08934481590529754 0.006097902678674599 0.02100834232859003 0.09694646536395794
77 0.013059757976133287 0.06992437675568032 0.04110596223095785 0.08786165530571514 0.00810305280004381 0.07847147840073963 0.012304123275238344 0.09751248512009862 0.09644161645855732 0.07925371098150574 0.05082083378522347 0.06797642253702342 0.0005398554247517994 0.018690144332574102 0.0235019382167771 0.0010542643374709367 0.0728611009474457 0.07629886360676996 0.04188095208339896 0.06233740542389457
78 0.0818582016161435 0.05761297733328572 0.08822225485827279 0.01747416804520464 0.07510943976893836 0.04321613178772941 0.07432322878078011 0.012415771108270196 0.08626869427593253 0.031649018743429035 0.04670302686970508 0.006558864913632218 0.0501068380630241 0.08647069954019408 0.07962362410198665 0.015392888923773529 0.0030604351516248037 0.028820718389898862 0.03173637320499965 0.08337664452317463
79 0.09628669446507943 0.10153128427714489 0.010506484798726469 0.04936309688768736 0.023323256890325487 0.08216345130761958 0.029941958136937778 0.03571860452903981 0.03163628408187749 0.061903208060430925 0.05108519535815503 0.006391181378257768 0.04028437131789002 0.07200492793616042 0.08850752018614386 0.09560418917255734 0.0016767004636010572 0.015196528989435867 0.06993685689514086 0.03693820486778861
80 0.05705519867113798 0.05647993599026172 0.08054272737307998 0.0628655744266812 0.021806533502601193 0.02055454092760025 0.021294958298032428 0.07891441122082858 0.05463442046224607 0.009844465803168638 0.09454023394210294 0.047580449341748224 0.02238609470039831 0.0961603013818614 0.03233248826559985 0.05177913688629326 0.08445085918405745 0.0013610763335732952 0.017503692570101845 0.08791290071862513
81 0.07191570953668115 0.04754314111686864 0.07276293060561026 0.05379665514099755 0.0629099935319968 0.03482268078592073 0.06991316507210289 0.06743373346966504 0.007222085145912117 0.07114377515558303 0.011611259798504227 0.03666342388853629 0.027956881395769826 0.015751832123877943 0.07610082103586978 0.07242928686786787 0.014416794927093557 0.06289563514585252 0.06489900172178834 0.057811193533501434
82 0.04705576062662137 0.09027909092761165 0.04158130111485473 0.011804338894265078 0.06319358933011324 0.05470886740209429 0.08908491337363166 0.0734980389113261 0.03828432884850077 0.02739434679117385 0.06258842557419064 0.05928605702571252 0.022682914829191 0.05189375519990449 0.08165003854780405 0.005017644205926547 0.07504075528179913 0.030465980731117448 0.02237710723505603 0.052112745149105424
83 0.06793805253698183 0.07345736698128648 0.011753031068713948 0.06209556243292836 0.06121622252951438 0.06527048657893526 0.04221685338048779 0.0641074687321631 0.07866772295701092 0.06420123551136689 0.07584668853258049 0.0097670821036677 0.07892022595574337 0.032535388806443764 0.05379264945510045 0.06527359182500508 0.05441329253080719 0.024735116898796483 0.013148447510315193 0.0006435136721513875
84 0.01611608165985823 0.05639872626210492 0.06451555363904718 0.03042586922260673 0.09031856196798037 0.06255595062396206 0.05590500877389487 0.004979511485575021 0.05844309921470867 0.004370128359105872 0.04229836963819838 0.0854861883212257 0.032065852201427034 0.08675412755020054 0.02058623648456324 0.0619009422546888 0.03040359039578072 0.042674370529348776 0.08692279459178467 0.0668790368239382
85 0.02154572757837711 0.09986179365540974 0.06266482364687026 0.050713330482001905 0.034071228955643226 0.10231798293668791 0.07555051398311217 0.019782076347322923 0.057730602696272525 0.019743221289404433 0.07549703184780905 0.05536833800546856 0.003363692571901809 0.08085658571880368 0.04533584920118394 0.08110782516688918 0.07114967919355378 0.011013487760585956 0.0007648947720380157 0.03156131419066354
86 0.04120086959262337 0.05627000835585665 0.007140654253947245 0.08506896494776102 0.019090466670875134 0.07672027397075504 0.06091469430594521 0.04289018618079331 0.08241044607241599 0.07155646374061822 0.07730849710081025 0.05074618365428122 0.04333217449685202 0.05339339195547251 0.0051621014624520754 0.04170322422981091 0.020293228863688402 0.03806385261431911 0.08599918098692458 0.040735136543797415
87 0.10267566348476935 0.060902167715911344 0.10695612520233316 0.03582619530859861 0.0137508536208925 0.07927236376506927 0.02492459593942478 0.08149624401177488 0.01583076047828848 0.01959146587390295 0.03814987384841388 0.008569443902759242 0.04690287060207721 0.055514245921473235 0.04484163781319277 0.013442445188482102 0.04003089882560776 0.03356787114225587 0.08493678052150357 0.09281749683326883
88 0.08003929757624877 0.0810137025912576 0.10113919400107078 0.00780094113452561 0.025262026855429266 0.009243371214963872 0.04101194017530694 0.03818430294282586 0.006852390479418823 0.03808694970990765 0.00811025452386273 0.09703146527830393 0.06836769771056049 0.07603887431801729 0.050046430355663425 0.10618926446251378 0.0006765453433931059 0.08371795324772092 0.04792157819291743 0.03326581988609192
89 0.08043180848142521 0.02317436386309147 0.08707527447594576 0.059248929505187446 0.02471810632224559 0.07539010772194886 0.07678396856491089 0.05611602688995777 0.02862391693899859 0.01247940983436115 0.07808457549468074 0.06174580490321412 0.004895315808765726 0.013282813259222757 0.08221220477406574 0.06424191324236532 0.07800325330433239 0.026475186805927965 0.04378013755375961 0.0232368822555929
90 0.03547379869179715 0.040619273691578785 0.03175861348996603 0.04598643265122963 0.05572906038216883 0.002096319676842888 0.058735464940247624 0.09159175139277917 0.09668502171986836 0.04741558829598837 0.05706826836806836 0.03130847159075874 0.029775767752657462 0.05729564214262765 0.09344983986894237 0.017568082863664982 0.08893273927529957 0.030308527462075747 0.05559943536274593 0.03260190038069242
91 0.043882209462784434 0.05074511232253752 0.05909222590516864 0.07636978378714797 0.026752034156626747 0.0002617779952332107 0.09355704512834102 0.01867950053334923 0.01021965614950968 0.08924266943194736 0.06558816306831146 0.048650563009237695 0.06778786695282706 0.07286779679581826 0.058536206463527356 0.04865920819764616 0.06585233304197884 0.030429563750486832 0.03797557853623107 0.03485070531128946
92 0.0656802339949793 0.06655914217767964 0.05064989869131117 0.04340167905361497 0.0961919854081933 0.09724124484491536 0.00787059822240042 0.08396983482914648 0.05750327001470275 0.05471453927924373 0.034586739506550654 0.05583909087004948 0.037132903060161065 0.027143868496468875 0.012704793899426133 0.046059735796665904 0.024180506281332694 0.025153372724911402 0.051952722546768894 0.0614638403014779
93 0.09603606698422563 0.021869902762953104 0.0074207747711417475 0.10243018844249051 0.07222341006951542 0.024041112983812115 0.08790763827837464 0.035130397048680886 0.03957070483986097 0.007635200124403226 0.058578669220304844 0.02226873139102122 0.04901512496217968 0.01374950484700152 0.01746579371238653 0.09556646396538765 0.08387663831598496 0.09127335701890175 0.04539498059593989 0.02854533966543366
94 0.004518070797927688 0.09551465270233017 0.09078927616864943 0.06614519842012272 0.003484196233999279 0.03208247489874749 0.07649380253481451 0.001742847264062258 0.03725999385954668 0.09624831679846234 0.08874189019232055 0.027135102471814918 0.08673128845072675 0.031695799392087075 0.04034031151696792 0.05463545915210833 0.02584660584836352 0.050489521353987654 0.04481766237590471 0.04528752956705601
95 0.01226672598202835 0.056794871561613905 0.025972774347011104 0.06517272488990081 0.0251451168530156 0.09603152827185031 0.0779649575595512 0.032311333750769784 0.09422997844624942 0.06225555365216278 0.0027605037355759314 0.06304290353321725 0.07764279296028118 0.049854656059710366 0.091434773539593 0.03076463404261765 0.029218839522366875 0.043902678406346804 0.050209581722829744 0.01302307116330775
96 0.06554678529934853 0.05442779251340071 0.07808577646848845 0.053405201426623916 0.0833353640457954 0.07166482097750553 0.01732985732372106 0.009387749897299059 0.07298707219884572 0.018687366578280747 0.01886580935097078 0.08870825900349849 0.05311912950206507 0.03374469936628479 0.05872034588883133 0.04968877831623441 0.06446139692230224 0.037143231410009726 0.013878306715896349 0.056812256794597775
