0 0.07009721271570386 0.0413038528526972 0.09477112573753572 0.09201390176604043 0.05745577692166501 0.02730912316182742 0.0069277829725927845 0.046118680239541986 0.04383240234984805 0.0756152739726812 0.039495258038396056 0.0010335866058766943 0.07796373584743783 0.0018978049432502903 0.05738738720806333 0.06402461347500205 0.052363035980170995 0.03683361004266204 0.09422599957897342 0.019329835590033862
1 0.03776271788571887 0.10822559443459762 0.09871776338207824 0.03936027444681989 0.011044403967708056 0.0754035053892546 0.012596951715617605 0.05480364908869807 0.031730086658209665 0.034495071340042094 0.1084845816663227 0.061585420861104405 0.02836845117175737 0.08511476316890601 0.036488038306611396 0.021444912587350165 0.03009667202970673 0.007994079748542765 0.07134639697114245 0.044936665179811354
2 0.0577585814587576 0.08679990399319859 0.09190906419620945 0.006806094037241072 0.013572966015868913 0.09752390268424378 0.026894319028738425 0.042006318898097667 0.06280662213686258 0.01023565310965298 0.06625260672591154 0.013595481203692755 0.04792283510575046 0.04922759532185418 0.08455394581537339 0.09305405092598446 0.007876581768911473 0.003097359603286846 0.08324419138795963 0.054861926582404096
3 0.006699692058798258 0.047830020111791785 0.025600312988296025 0.03655022140474414 0.04872921354980854 0.119311910908889 0.008031692718003258 0.11362085953497676 0.03131657796110408 0.08229635425156462 0.10096846651402541 0.0870905352124998 0.08206841285799155 0.016557831279383477 0.01525289839852728 0.03931353299698546 0.010082080721199427 0.0452270528531857 0.013790747220595503 0.06966158645762992
4 0.08695397322820111 0.0028587795676069732 0.019727549014635276 0.020676967222975472 0.007359435069223721 0.08658120724113053 0.019411600746812176 0.02298487661876285 0.09832029568010507 0.0008333712185419933 0.005620555304332051 0.015482497033607621 0.09586058552375427 0.07358849190050044 0.09981573633281762 0.047131406260718774 0.00361194060767414 0.0822149657547886 0.10358389169413401 0.1073818739796774
5 0.024372024635413724 0.05271786863559911 0.03152866227469337 0.03694987801019261 0.06581532698104704 0.10082096307525021 0.0010129704539017467 0.09777397279092187 0.059914288136491724 0.040593445202330485 0.08836001266625595 0.0799625559091739 0.00610848509566882 0.0060567824773642715 0.06871925535174925 0.07948619329665738 0.05767510563878635 0.01698653452216513 0.03724455097921812 0.04790112386711885
6 0.02041476365999105 0.025396573702454052 0.024025253824450095 0.07529244887614364 0.0545603098715876 0.008034903934242959 0.1061959358976088 0.09766544297314692 0.0039176261557758805 0.04746398741201078 0.02169727994242237 0.05557256323892124 0.0920256563033879 0.0845004064383947 0.0764074537053993 0.007184946311230334 0.03417576071557116 0.029188456207006167 0.05964934559913463 0.07663088523112038
7 0.06842253674701679 0.056577830079955656 0.0371273596901894 0.007475622552782977 0.06165519296799152 0.057044075142484156 0.049061911325827934 0.022423379359197717 0.07627630932661596 0.08677079031089131 0.07602602810260661 0.01770036804269127 0.03237927103608462 0.04364906712455488 0.09008571555027099 0.059560449551433754 0.055606665332156226 0.05169121983966636 0.024775638524679722 0.025690569392901975
8 0.055282578235458624 0.05086429372954128 0.05605732292782131 0.08425782859771017 0.0667151401297113 0.005415864012231755 0.023885127095138382 0.038480352578380096 0.03163351434766824 0.09226212952936276 0.009568671480951004 0.046461304222406005 0.07741037725179477 0.054597060721984184 0.023810675465991415 0.08942233039939801 0.07333456477436638 0.023895397910649364 0.06176879116177994 0.034876675427654893
9 0.033397425896095505 0.04041925233430299 0.08993560027272088 0.07245114256435076 0.016968431100520855 0.03448671131591703 0.02788495706035904 0.03533675408889543 0.0878656475029495 0.047665890828617344 0.03788079350413712 0.023479794296558214 0.03294840860531645 0.06876367416261589 0.07270592145919465 0.024774799228680096 0.038661437439485094 0.06762859876082503 0.09959459903757142 0.04715016054088677
10 0.06998934705617707 0.05458098229259911 0.015005174891431423 0.04990132691307956 0.06724219162885156 0.024783188236573127 0.0737886580397003 0.0740983331807478 0.048418482036033675 0.0715201875881506 0.0280170938196043 0.08086268123191256 0.05337312859012019 0.0012012426876586834 0.07017324925338156 0.04664630018372222 0.03867720996410744 0.05292281708716833 0.015089666347467839 0.06370873897151261
11 0.03385599205006428 0.07313681703248945 0.018496251181993013 0.07309213103847252 0.018583959193577738 0.07699762583766422 0.07067776900069155 0.040597029592312636 0.031067770181602568 0.08857132691209611 0.08965282956224162 0.0641693060870919 0.02063231033571996 0.03469374327339712 0.044577058563063716 0.04632641567749015 0.034840589298588305 0.0327376912720815 0.07048986218111893 0.03680352172824255
12 0.08540619015900003 0.02239127815673233 0.07324802355255305 0.0021932624570891943 0.08790421382285687 0.005061209236558074 0.01893215752146008 0.01306264274868019 0.05291743019674106 0.02808635821791576 0.08169883401105883 0.07458692943783804 0.06591539001400595 0.08225093364441634 0.02587620811106761 0.07920570187018498 0.08106341737791878 0.022927991594966952 0.06891652670846998 0.028355301160485846
13 0.08835947135949314 0.07496483871018045 0.07995673219847771 0.05486388915090037 0.018185213659831775 0.04026543097028934 0.08391278669426677 0.04613931298624006 0.008362039552434484 0.010630780489306844 0.03864424173513485 0.014830744529158162 0.07910670313289205 0.08695486295971863 0.08571364225315839 0.0378426838652395 0.03323869592718136 0.015639318937913045 0.02984277685643117 0.07254583403175208
14 0.047642604970170886 0.07692466478556667 0.07374089922418701 0.07718026761976227 0.03726741008113569 0.0014205140949410929 0.04905072743805676 0.06891570732658316 0.048670008447905665 0.061887471764218646 0.07211473335924336 0.015301317276751152 0.019329176426757032 0.07171239932675053 0.04396348203914298 0.0066465742040113 0.07542153007673708 0.016968283925275572 0.07341418673386742 0.062428040878935644
15 0.07897439169287605 0.051377023535058915 0.02783619527771381 0.04335223528675811 0.016586701248862405 0.017395463339300293 0.06682263012172396 0.05342241253630717 0.010886938709654572 0.03782632030826907 0.09850776900790705 0.018680060840659773 0.08498848870474535 0.07059158459365149 0.0886923063311972 0.03856985503615691 0.07325170833422302 0.021966052373829873 0.06625309847114672 0.034018764249958124
16 0.0847729259745134 0.04947133858673213 0.03406073689754215 0.07700300910392316 0.022684958302780864 0.005462947963558638 0.08015404537560993 0.07031845651278172 0.03155596158521291 0.043571179998407164 0.022562304196047333 0.07981452933135975 0.03215605656849639 0.07136044940854339 0.08449347453490903 0.07409481338602492 0.028400589676887127 0.040236749730285425 0.030367151131835468 0.037458321734549
17 0.048459184733841434 0.015082144805840164 0.05738087976264629 0.0683302492538375 0.0222252043250896 0.05376980946672614 0.019254905881236815 0.07350679407862101 0.032051938190284054 0.07998788004936591 0.02758607595825262 0.07118094638430046 0.08345120066725237 0.06526967862088083 0.0686128984325347 0.020312580183473837 0.04578162495457559 0.06766979690456398 0.04398523822186979 0.036100969124806724
18 0.04467052262160593 0.03531027937770393 0.0658774012567417 0.010696701257318178 0.08662227675913427 0.07426493193558902 0.009907936923549127 0.05748947299992713 0.04041325157632011 0.06115777507264973 0.07370594866128903 0.02247093504632406 0.0775515139001396 0.05834852567605776 0.07527085424269551 0.04155065647457225 0.0593053339751015 0.04360897781517287 0.043921999849937714 0.01785470457817063
19 0.004624844926363472 0.034615504198388394 0.00835514135761777 0.08257329010787798 0.027908902594853686 0.08890774638357375 0.06929300565862445 0.09694031553080487 0.03207012866769263 0.007803414841529638 0.0722912176119954 0.09303062683375345 0.010293029067834065 0.07015964273554877 0.0018855616817114197 0.08837574685607509 0.04569008619217833 0.0529324071153087 0.011642518036358752 0.10060686960190938
20 0.015521726078476607 0.07507061507815993 0.0379026989117476 0.040114018112249426 0.12475741588880965 0.12146112202216564 0.02710046724171565 0.024599790576343435 0.04439554317107877 0.019243847824374768 0.08404124774276234 0.05903212582477193 0.0005592523352523929 0.05841323675262514 0.010503843213504808 0.013924381773116248 0.107858315199798 0.0011124233238744396 0.027861639102951703 0.10652628982622138
21 0.05045889282354422 0.09351890412121518 0.0031667507751308374 0.01408050649966585 0.003051124356159294 0.002097050441242253 0.07291352201322267 0.06328859175143096 0.03151398061592265 0.02860549942509989 0.005716504132203927 0.06974731341899836 0.023668050164835846 0.05484268549947622 0.09125468662803049 0.09603556402351132 0.0945443715032432 0.08228915482015993 0.03143768170018203 0.08776916528672497
22 0.010497401841892384 0.06297066620579694 0.09793859435158195 0.007809724695154092 0.05536731338470483 0.08173184943577186 0.013523879946398719 0.06381321198208982 0.07616925042799055 0.012420590897887341 0.022372707763764058 0.04018394040612646 0.043905604615730065 0.04783024060741266 0.06484541725867732 0.0805458541832786 0.09014246180039218 0.0396969482265919 0.055498391350764044 0.0327359506179943
23 0.011320173361516988 0.06807602523222069 0.009950375607925842 0.07020132213562975 0.02816202779600858 0.03948322064511619 0.014236093725924083 0.01938914526445153 0.06423457660853946 0.06904052543325795 0.055733785326894277 0.06624083458914203 0.07171655366564339 0.09272595725115239 0.02278865881264961 0.08971421341922106 0.04342887668161347 0.039499077978799764 0.04068089951393048 0.08337765695036242
24 0.004266089418417787 0.11398387529293728 0.04559390190462565 0.0963621797320427 0.04191076960461747 0.06774984238644227 0.11404307929426126 0.007993548507213325 0.07877250784591701 0.008131346640607254 0.04704275040064979 0.033992406273482496 0.019056806350997397 0.054797831220816995 0.019415290282388833 0.07920600811858348 0.003111000906034385 0.018061889130838553 0.12039458051980677 0.02611429616931934
25 0.05307767315462559 0.05134372980512963 0.07801366077141297 0.020261181279469492 0.0721028645199132 0.05083386029659961 0.02693276794463288 0.008559255799373446 0.013556569231305883 0.017343995539558187 0.06791896179939566 0.0520306504306498 0.06681137503854385 0.0781666829825771 0.01658450349055573 0.07774800413574559 0.04326782706334167 0.07559139989895265 0.054000823694317766 0.07585421312389914
26 0.12044695292876095 0.03455243642621802 0.023668071514571943 0.011168475503384765 0.010512520015747331 0.03299362932596941 0.022677716326536028 0.03531737648206521 0.08223480826613927 0.07075208966369576 0.07419192766036166 0.000752757115060589 0.013706444243431287 0.05511898243295607 0.06642902442430423 0.055487203030397454 0.037030911457352544 0.06007614112758591 0.10963305466290277 0.08324947739255886
27 0.019262729717721316 0.031118327110420802 0.07082598983884053 0.0795419261171423 0.06103129842466823 0.054262388143441635 0.01948467627313487 0.062262285226413736 0.07812389461421515 0.02997391374590454 0.0603905444497434 0.054808249412422155 0.05234260318159564 0.005977223248286492 0.061093511837552114 0.028996656790518154 0.050484290524477 0.037385086221004935 0.061490627203299286 0.08114377791919772
28 0.05875309160223913 0.05218940637259008 0.061219210949593664 0.024525260794654974 0.053313295425155914 0.09242788127684026 0.07315951655829972 0.0722953862823837 0.013381138771090347 0.03400166956210951 0.01284040888907345 0.0056492579093093504 0.09274761238642039 0.02615449647664999 0.03800977324439766 0.09822237321675609 0.012403694081951463 0.04314424211230461 0.06753559394600805 0.06802669014217154
29 0.06822205397917368 0.07255236522690199 0.03499377651580112 0.05471400061046315 0.04057770871021332 0.06713825503600304 0.07414911522796463 0.05790428079838152 0.008795149380209073 0.07812864660900727 0.005115493976803221 0.06857234923053383 0.02273394822916061 0.04839935600678338 0.06877356690473639 0.01509847958844021 0.06152472866681304 0.030603357242016908 0.05639042881472391 0.06561293924586965
30 0.05073016899556089 0.06088612845531893 0.08200080157317569 0.06132621266679193 0.021995243258191965 0.06667773638030584 0.0800176927307811 0.08793345819771806 0.050319928501621106 0.014257866483300914 0.040888739582638715 0.05705809503125888 0.0011483192692275483 0.041573079245830674 0.02860569378735155 0.08179708376187696 0.08380578872266245 0.07798308469438187 0.0011701501047805837 0.009824728557224278
31 0.015523874866212798 0.04415089909881002 0.04272193430292746 0.005026966889770731 0.057614710204033415 0.010812841680815557 0.09763186425808976 0.031031517775344932 0.08195400592491607 0.08722522366402499 0.05619989136965729 0.10601933902438436 0.10790472440310653 0.02911427927195597 0.013282617854895323 0.0015885203665150166 0.08329446057140852 0.021491140631649853 0.07983473636049543 0.027576451480985923
32 0.03673077636635201 0.012655562684214566 0.04649939897037998 0.020376910845905868 0.10176924548811167 0.08540007533919111 0.018677816378947935 0.09124560212222649 0.05233785463257212 0.062019989456699266 0.09883604062312942 0.05621455533342272 0.06460334430928752 0.018742408200608355 0.07457772812457773 0.04914075807355737 0.020834626339947006 0.05251537237836864 0.022258307851341065 0.014563626481159104
33 0.040913382139074264 0.09825590240813883 0.054387910662646866 0.03594023979249629 0.05369662675706869 0.06702679283487982 0.08151697517462357 0.007713706771554187 0.055215868654893745 0.05214883572764227 0.012577526869762868 0.09419591503701526 0.007342515902279006 0.010659914058446482 0.015413615651346363 0.08860234173915954 0.09807486676352321 0.08932160765186241 0.014756966021129744 0.02223848938245675
34 0.09669145235024389 0.03375278910402064 0.006181485038609174 0.01940459113178753 0.036638339853833836 0.07487886995113756 0.04171436163077075 0.09019668135568648 0.03644445707431702 0.06555697463582684 0.07414149775888315 0.08384158966700354 0.04282691152793528 0.03481313798522497 0.09693438074881687 0.0019827773758352924 0.03509585881154384 0.09188340446572232 0.00010476784322622143 0.03691567168957476
35 0.08721095776301707 0.017927684023830406 0.08747002060841845 0.07421862191161742 0.03998843065766548 0.08288158566036637 0.09039990665687142 0.06506757545259514 0.0034506307744604403 0.052484728039707516 0.02402019552486036 0.041454991382173914 0.032160150690091975 0.034990534895623475 0.04635140326010359 0.07018881232567539 0.03129613319518754 0.02954430162265997 0.07679592660437665 0.012097408950697205
36 0.07782482130942496 0.07972996312047542 0.01429515616759786 0.0038258799639673516 0.04592659254290706 0.021586354332611028 0.029256326222089114 0.062096269102795594 0.014091137984511542 0.07757225191061803 0.035314451852142756 0.07050645161704198 0.08628319649715363 0.06870511090037767 0.04534821670387724 0.015825561913446473 0.034135684020125914 0.04322003129153769 0.0822377031417843 0.0922188394055144
37 0.022622193020589397 0.029216849588304297 0.0338877289308451 0.09374153126562333 0.04485506900136769 0.0213183653767118 0.04474285951883767 0.09553367557670786 0.018668173398815432 0.008634386515711884 0.07940638732027164 0.05527616375669861 0.022568037184453212 0.025242156929900755 0.06334022154014966 0.05436405607053213 0.09177329806975454 0.039728157571138685 0.05110676757927404 0.10397392178431207
38 0.060235422486599015 0.0781742171969708 0.01656479157727211 0.07686439554686998 0.031235470470083418 0.06763559980788614 0.07893710865516602 0.06653258034618864 0.010665689147693893 0.0018562984899703995 0.07534730697616836 0.011452978670145213 0.05614061489609943 0.0651942095901639 0.015260944314015217 0.07368167264872616 0.0066521788696897064 0.0896976939717522 0.03204096849208271 0.08582985784645647
39 0.03443037386726824 0.049747178541201274 0.023706292619998178 0.07486660434098491 0.0990972899699174 0.02002629603847434 0.10728185141162964 0.0830172593995243 0.051692787393259096 0.096726432249822 0.00349469064130619 0.043957795830617284 0.022959489285414875 0.025428835106581987 0.026239666129600422 0.10394589077135839 0.008822995263453242 0.03691494236905714 0.028736976902593345 0.058906351867937946
40 0.0015862142362906046 0.06665464872999977 0.05474871626139637 0.05182807474619741 0.07293619264761471 0.025004264436539345 0.03968707040955868 0.0031815569676165324 0.05996956343067784 0.05222624390668855 0.06790296333721525 0.038291026865869826 0.0775534460891275 0.02701166772140149 0.0877229633156458 0.08137238016904356 0.0852005774464321 0.06271391906085808 0.04248915670836315 0.0019193535134634581
41 0.0490288973737348 0.039190061720011646 0.04517159091248507 0.0523014677896038 0.0742074765154488 0.06946335890067179 0.03286386093913666 0.04845703116357811 0.0023269074534898624 0.018001342128562203 0.0012840701952986356 0.07639901569385572 0.11021144796403906 0.07321341044373728 0.03991117776090991 0.04069037957984162 0.09352192223862181 0.07555708503854358 0.02758513297050286 0.03061436321792677
42 0.08369637683722578 0.02415413528928109 0.07448808880118384 0.04326970901069199 0.08669379877124517 0.039812753329350525 0.07291085155910605 0.014889939263163733 0.04238139154887202 0.05220295204938891 0.033735507900997 0.0447534454552719 0.08504245548458884 0.051429482894729366 0.058738265051529584 0.0859772088750693 0.03307131828107974 0.0029094447277714856 0.04478029003165715 0.025062584837796647
43 0.06290293954952275 0.06473223301404953 0.0005185172238731841 0.025384897759278546 0.05359316002897814 0.04643273231841316 0.02276172143258452 0.050212105087699854 0.06334764170771433 0.02931011948288505 0.024101872621936 0.06834135176809246 0.08273210777642831 0.03705618357801913 0.09165928519130738 0.032156940137412264 0.0661083861965987 0.07395069365152333 0.0913941236357704 0.013302987837913156
44 0.06294453486750314 0.03315702834237256 0.015622177963702348 0.03372069578342445 0.08588856444279645 0.061233526241892766 0.034273012380997725 0.016506142082487324 0.04553400671926738 0.01904718119897787 0.04950475208073765 0.05539080638788791 0.08878067159429641 0.009612469053304802 0.07607499744567042 0.05247927553548997 0.05712702795595612 0.05684531860794282 0.07360934988726678 0.07264846142802513
45 0.0714946610250332 0.06116738818057185 0.021579806684634467 0.0489544016161049 0.03997970150166633 0.08768638077235084 0.040586193863208914 0.06005242037428574 0.08793574649989441 0.061050670827256834 0.059746676768792945 0.05711506000830715 0.0661167947033543 0.055709714919388705 0.006121959075144971 0.02461377616846355 0.08518745557638296 0.020925705473389497 0.011702573765506886 0.032272912196261556
46 0.028143939928542264 0.035612690390481344 0.006621548183718186 0.08042504788002637 0.07501638156485357 0.035088919223152396 0.05187271575537217 0.07571213816532053 0.06355385654062891 0.0803625658450177 0.023339329118891108 0.05482416728018453 0.04751333473751888 0.06955876764298988 0.04258492292449042 0.016577194860286894 0.03678933389530613 0.08357036689703255 0.028554331546195397 0.06427844761999067
47 0.0870767562705457 0.03985844226836156 0.046013388707809945 0.09051284325706 0.012567023867420226 0.0029788858803052095 0.030310414082906283 0.01110359611621778 0.08431760790838877 0.09032940812922555 0.06327452828346455 0.04098530673293618 0.08441462340297452 0.08073259565581976 0.06041496092123851 0.02645226834764743 0.03522833232197535 0.03825723584078449 0.03169943755311109 0.043472344451807254
48 0.056326550281629945 0.06820238333071109 0.03015255173467395 0.07432603343555966 0.042409170285162744 0.03409044919148997 0.07919541909302533 0.028032279811815084 0.02555243483336344 0.05647521739956577 0.06977702064103679 0.051569674353409256 0.05473315307917705 0.03275307872283162 0.06316865593371507 0.08192879077568585 0.007624335628385362 0.07095335007755364 0.028154248060107304 0.04457520333110122
49 0.07218906439345747 0.07557322193568054 0.08293599816859373 0.02087429509046023 0.06891512044188493 0.0214475721361298 0.001062056592313923 0.0721041896558412 0.009407743061349486 0.0859490172207135 0.07308173291140387 0.043778437697745774 0.09140514223906596 0.04426153006003224 0.056791075254467124 0.04585374639411129 0.013908566803334322 0.042138325645966306 0.019688060250078503 0.05863510404736984
50 0.06055656529705951 0.0021375359873848144 0.012148093288447183 0.04683396887780063 0.06381806939065661 0.08171891678177529 0.08632422874816734 0.0618697090760421 0.07630722984282519 0.018840400426851124 0.013477066580835561 0.08487632001574086 0.015114190459652769 0.07710662301869717 0.03687743367659049 0.05466700744247723 0.0006257004549795254 0.08310002104431963 0.04204468780086013 0.08155623178883686
51 0.039432830890120285 0.02377556303556499 0.020399844449400486 0.09325473323414896 0.052990798550988163 0.02422672362743704 0.03480622184067397 0.022382962837210703 0.04171340814207424 0.10150642557332255 0.052397990409255496 0.0686606686939982 0.06486251050403516 0.0037996541552714775 0.09645115164252728 0.09638852015102746 0.0015087262037272369 0.039863644370798194 0.05660183901639284 0.06497578267202539
52 0.06098170118155567 0.07349668321858166 0.03457424435192227 0.061378245285539965 0.07931737499163345 0.0027430703894013534 0.012766220972552441 0.0649048508194621 0.017957619732122836 0.07258494281190613 0.08153378146733788 0.0743265789610791 0.017025081703514643 0.051629962584764856 0.08693725884501424 0.038168398345921874 0.03403843801824064 0.06528173060662068 0.05762481735511773 0.012728998357710263
53 0.039079628756244225 0.05515862278136956 0.050678827139807446 0.03275565293748891 0.050655906648528724 0.07745342276297369 0.06701446779826362 0.05516330223677433 0.021121127533788545 0.058063756410235035 0.04397333131410197 0.07102156427817104 0.05846000115484246 0.03246321271775524 0.08492010950235644 0.028849963501613025 0.048562861627326426 0.013327714811734389 0.030067408515721913 0.08120911757090321
54 0.08589111697860687 0.056676606217333975 0.04248086389563779 0.0716794044249671 0.02090379149381263 0.1103781219391129 0.03366114132825344 0.00424384908014521 0.08068620173259727 0.06519097129728131 0.04904383739548478 0.020519753310223262 0.025818194942497697 0.025258961676857428 0.060188680224949116 0.11473286452967317 0.05658668061544848 0.030929238360213322 0.0019306201773375319 0.0431991003795667
55 0.05078886016073324 0.06730937427434604 0.06728681884211238 0.01629650427883976 0.07407999933718787 0.060188528799194854 0.06968365403567275 0.05831145798251562 0.06101502674835763 0.02724006520143795 0.04417442643580397 0.0447932143193966 0.008545036871550345 0.06442429166584084 0.059110067621255695 0.07127634798384387 0.03923272082075743 0.07525484107045183 0.02629170563128636 0.014697057919415085
56 0.046271683236862426 0.0037439658160894856 0.020688362491456024 0.08578723562597783 0.020346730816215196 0.0409155690539096 0.10142899855752216 0.03989338766768931 0.08132599978496997 0.04811531903181865 0.09597040966728505 0.09329295833025945 0.0009118441407187149 0.07702188113142241 0.01872458156957737 0.08910233025871002 0.013478451302904454 0.036542754050365917 0.04706702657786115 0.03937051088838491
57 0.004243396726270385 0.0003858355216543686 0.08752605602345508 0.0929914277835048 0.08629524149034595 0.013357716279606411 0.005790871531359463 0.01842781130246754 0.0006022294956988594 0.04333159794553903 0.09382396448501011 0.07311720365389153 0.09171493549744424 0.016077227038758402 0.06320780865325733 0.028748103164808397 0.09083678354877077 0.019601255960748406 0.07653947357064798 0.09338106032676087
58 0.03707026373588801 0.01650472664499845 0.03525765733180814 0.04128386850015676 0.035138705015808944 0.0712775598122822 0.02056989745152527 0.09412078373446466 0.05635677954578291 0.05825894516907451 0.06684660070224988 0.040527879687561455 0.07927291704171183 0.02564367416529746 0.030252349374726747 0.05763444385172316 0.0188936083540714 0.043367658963594714 0.07550787978743408 0.09621380112983945
59 0.09579857836608288 0.07047965801703658 0.05559656406388396 0.04632842261240767 0.009959361129109988 0.0356185089194337 0.010154751173266486 0.03515104477093246 0.016008567769525344 0.042922016862901674 0.11685654164486434 0.024309911643832127 0.015769017551421533 0.05269276487495214 0.0932466679857384 0.01998594131947627 0.03326956120708644 0.1063668924438896 0.0428338986105383 0.07665132903362021
60 0.08717578507337334 0.08108951411975412 0.08270519078127968 0.08600036982768682 0.06806914167340819 0.014293542225775197 0.06658579139457625 0.010127613776665313 0.0786800594276309 0.05290318246741766 0.020698825393070996 0.0012480367539212237 0.013944597311185252 0.07273472851954578 0.0035228782552463255 0.04878101956112847 0.0211102197328499 0.08356586640643664 0.03756192184338117 0.06920171545566668
61 0.08435092516462674 0.010210731173945966 0.04280777904324666 0.06676818078035086 0.023558734494744563 0.06480949221641287 0.06355672302667174 0.06594431758590848 0.01861768025273916 0.04206847713186319 0.052488322709705326 0.07134696075879303 0.08691343747981214 0.05711756695838902 0.022113209410158593 0.0034813622852808714 0.042483866235722104 0.054614445124589524 0.06465507854668467 0.06209270962035465
62 0.024797890693692662 0.05290882804125604 0.02747700297953072 0.01854126345025322 0.05413152075178843 0.024222535604709664 0.0647911837792513 0.06919085345009929 0.04942544597132283 0.08474785542611322 0.04455827762245908 0.04393487727992759 0.1117389485041226 0.05594893732002497 0.039643637081232655 0.050477131820831876 0.009662320865443448 0.08360532118176743 0.0321575202659954 0.058038647910177585
63 0.08557707586695384 0.03212632410482517 0.055702060460709156 0.011330441258029277 0.08187157226788579 0.04347168504515426 0.0397755826452866 0.03700943716036068 0.07055275613691267 0.08007424289651369 0.06811828641144367 0.07644097721867812 0.06767499567748843 0.01797455091708583 0.03078637968789908 0.02296022074714657 0.04623587083409358 0.055725875009716985 0.009318262874009492 0.0672734027798073
64 0.04740004375848093 0.019972450503503953 0.07346606293079451 0.04751179216138484 0.052800615734699304 0.09908614435065592 0.047874703676758175 0.033548211117793235 0.04923768837846282 0.06275413913746228 0.039944720806855905 0.0051337460541379 0.09829397389877711 0.01144021859569344 0.04408988864925431 0.08782252492243935 0.07919996376199652 0.040199930770503926 0.017010181932426545 0.04321299885791902
65 0.002589953606985321 0.09021552574257305 0.03613283021049025 0.0037367270794213185 0.07714489118260606 0.06891208243170444 0.06579380830135198 0.033397976390143885 0.08398553240676522 0.08178687091317477 0.00397427430934087 0.003001785414091327 0.030491192491169456 0.04233507600249958 0.07018635839579145 0.042716035141944414 0.07685048889070455 0.0745726481170255 0.021535735614036534 0.09064020735818006
66 0.03655497255996412 0.09694169865912787 0.008581363129231549 0.053236061335340146 0.04187810489824118 0.029768384230369982 0.06234202901504376 0.013438945571955284 0.10380624150411367 0.08183391246749551 0.07902042460757791 0.061622949880889524 0.02446045993405888 0.012477140395405553 0.08957107786627844 0.01118366247884606 0.03094744554841028 0.039541143709618184 0.01706623878355404 0.10572774342447806
67 0.08745319089955193 0.044173112583462716 0.04752312454550052 0.01284420875110442 0.04398368878788105 0.03186874320954462 0.021070644030973765 0.032638188716719155 0.04140770550277972 0.04267428420626804 0.017538811107041738 0.11155759258131868 0.047545563221596344 0.11032675437162874 0.06469357652124655 0.06390576600171392 0.08648215761310878 0.05880605171279905 0.027610497263209438 0.005896338372550875
68 0.004206329329781715 0.10827241326290998 0.07588602707074026 0.026561648220504046 0.0503466908880861 0.10535881451296063 0.036427666507253285 0.00022484861286615703 0.009711502763650993 0.05886228326075282 0.10490038483306453 0.04941314139595654 0.07917390425493792 0.08778357336938832 0.006898028751374174 0.10924843050284541 0.020936743994749363 0.020809549309068046 0.044971293280166975 6.725878942755446e-06
69 0.0466163993464906 0.07759160775561666 0.01831929264100463 0.06774238805899396 0.011923885617019877 0.06300111900513844 0.08344255760955843 0.0676908826305487 0.07558908522066692 0.08426911345919369 0.02620993687956645 0.05039673651211688 0.015584627142644917 0.01921564635028423 0.04468032190146365 0.02623022346292309 0.06217471792459191 0.0022426058350580916 0.08429541086166013 0.07278344178545866
70 0.06963385865621693 0.005740307269432295 0.10262849582115185 0.023045603675245444 0.01967163130030785 0.11318860576979448 0.044965413511565966 0.027259516831326085 0.002447549337391793 0.0006236618565776615 0.057136388380208965 0.028742415698864848 0.02916364272723419 0.10306963927420729 0.03567868640336043 0.04638405743910591 0.10696254535631246 0.09965729634389509 0.028834906526069043 0.0551657778217315
71 0.012223755493317223 0.06275639873941745 0.0653156391222897 0.007529250169002497 0.040258708038617724 0.07993054823644447 0.0431890343136253 0.04196884933849831 0.01736199321022368 0.011997019730438697 0.0634867955898076 0.07216601360616623 0.033243073733407576 0.035076059705410716 0.07650628439233007 0.05000295323195521 0.08517433486303806 0.08787032327313636 0.0852883006130255 0.02865466459984764
72 0.06384253872208509 0.07023877731649779 0.07097921316279998 0.022584950907404575 0.009176886346704046 0.07725751572353719 0.006278086705331565 0.04139964325842421 0.08644058349412224 0.043175764605698407 0.0791955680082473 0.05367969578360389 0.03154839917676294 0.02551681194180285 0.08162466895723239 0.03565535574896537 0.07427612023120175 0.02718347689226951 0.015389836037223794 0.08455610698008484
73 0.02905394417493513 0.05722472557709483 0.08535145872524315 0.04903370063309271 0.06572715655565789 0.032352810794645005 0.10329922005199191 0.1062056987201453 0.021082098806438954 0.0043338329192284435 0.004360066424661798 0.05431203349906713 0.04879595358179272 0.06786252111938958 0.02317666391324447 0.10646975504318436 0.020951015254588035 0.05117443688548469 0.014544498510229337 0.0546884088098845
74 0.07077343099690851 0.004974387960056398 0.019976070986342825 0.003385350706317691 0.043514885588655246 0.026154747301395487 0.03040309503822079 0.08066252657851362 0.07003988683582005 0.05310754635683139 0.023055355879857554 0.03459467596082196 0.0626422900617224 0.05459660362138451 0.06846720466496549 0.08507530103895014 0.07233137620195632 0.07363171717451326 0.056491325351207454 0.06612222169555888
75 0.004306749934935419 0.0807666448428095 0.09600249372540515 0.07393560906507082 0.04623096353395992 0.09376662174727268 0.009610745318143838 0.011900701956024981 0.008120141144394266 0.003001764574140886 0.024924266347831327 0.03251934550655521 0.018308812532432325 0.029583667536448335 0.03966914337313303 0.09676394069634707 0.11033795174973451 0.08154166330567825 0.05902668114057122 0.07968209196911105
76 0.05812578571011231 0.017852001614032404 0.020714915034408726 0.04688251322252534 0.045548007448296256 0.027935826860663128 0.03975469969135519 0.066522380919153 0.05447958998839114 0.039072973234455036 0.04319278895983177 0.07419973665337468 0.07967741467997147 0.07418289288010577 0.08053996023065234 0.08295970709801315 0.04028440918421477 0.06982435937463229 0.004858005767974014 0.03339203144783717
77 0.07919313799792917 0.06933531726297135 0.11441275838342858 0.048252494122548964 0.00912703351168108 0.06353373909472596 0.05428116147775227 0.08873685733886154 0.01300965980320138 0.011954786475194096 0.033972967287471935 0.005174899418592014 0.10281958180604409 0.0888682885031806 0.035006385828026114 0.01978048233341456 0.03278063353991465 0.07555261957423517 0.021288279757511585 0.03291891648331488
78 0.053076863647129414 0.032396396781343324 0.08248624919551154 0.08706447865393246 0.08033593679765469 0.010123380493426157 0.07273758812151085 0.028851561485692682 0.050619301786114075 0.07705115282198526 0.08001038607510927 0.028347476126966704 0.0098207638321221 0.02169385255421362 0.06025726299099481 0.0216521663553314 0.04642184181888437 0.028370471949909937 0.06751427468133642 0.06116859383083088
79 0.06493172001004398 0.06212429031003025 0.009366612944639866 0.09124340428937217 0.031800822724201705 0.08783559150503836 0.08871631878170483 0.0031429657547974547 0.08110265722993941 0.022427541504958272 0.020296014700915164 0.06320951861523579 0.009651925262265604 0.03579898698890086 0.00042135254759644453 0.04696062376903249 0.09742060703485633 0.08540912660754008 0.026963034090793904 0.07117688532813699
80 0.0004184366366704133 0.05448674848582498 0.07323831800557191 0.09577927492445873 0.022987560337254728 0.06579668572247697 0.07049768277309224 0.09658979476504072 0.019363599845234888 0.08502825555598525 0.031355233388988574 0.08404899656965845 0.02994262478463903 0.008821294029168106 0.027362208757707836 0.07591618261687662 0.03863333008370105 0.062133666325282784 0.050698282903092404 0.006901823489274266
81 0.09504876900757803 0.0346574357240787 0.03968173773937546 0.10331052049181769 0.025136690263219033 0.08100161184723284 0.030957637167122753 0.024454384203488607 0.026282819699016833 0.05502635690149223 0.0331026572871593 0.0019681385296364136 0.07017726602164812 0.05226194621487188 0.09195423169208564 0.07071931190844306 0.020244910039661876 0.05456539262575524 0.01216226153806769 0.07728592109824867
82 0.0015477405115705263 0.0685697554804289 0.06315534020282362 0.023941678163716562 0.038741161597340014 0.07297983084731052 0.05011044559208597 0.030058448518902336 0.06945484351863657 0.09433707096116582 0.11326666349106258 0.09051753725926455 0.013112043838838898 0.0035893476600687996 0.05691751414449544 0.0035806740703153515 0.08106151352998524 0.03577139427736282 0.06039393529717452 0.028893061037450835
83 0.07577656512844971 0.0006853907359899003 0.07414560477782298 0.039223485303679806 0.06812429877921265 0.005379969270023921 0.012343041763343771 0.06775898132665546 0.07305979005525501 0.09749883026495346 0.010496256162917023 0.08104267724597917 0.08274054154785188 0.012757185894339213 0.061086448920689845 0.007363807406756998 0.009798421356522988 0.103071017249443 0.07178015182538905 0.04586753498472427
84 0.033122970763089316 0.07402086945868047 0.08700831946180712 0.00325596025982501 0.06544398304986473 0.0354382619196752 0.08780902844839727 0.06215300280247081 0.08500418783699043 0.049936148044471974 0.025334468493750515 0.030010421358950837 0.09223016973355705 0.05034833926458773 0.049851277255904144 0.04226920906293931 0.05506662671994919 0.022775780906481684 0.013061915487868983 0.035859059670738186
85 0.08804158830269497 0.027811253072036128 0.07737039339162137 0.038284317731022546 0.02596038447975284 0.026485876904410656 0.07522662719888124 0.05255759923674938 0.01029086570996732 0.07241797838412097 0.005582534191471727 0.05236074732372932 0.09275512567557975 0.05993613805934643 0.034078954562717124 0.04921563011859535 0.06994763018154918 0.051568402769832704 0.023913570893145757 0.06619438181277536
86 0.0176256317596227 0.05269245968568402 0.0056901449060237815 0.07818780689714348 0.06764228578223926 0.041204636850401516 0.03344908605290105 0.07479286565412077 0.07050850906029482 0.00011672883792360858 0.05147601233157267 0.06309723002310581 0.0856508781117631 0.04976064844947969 0.0377989499436665 0.020494621408497737 0.07944192756323164 0.06006357306577498 0.06049577170155693 0.04981023191499579
87 0.02718941287366766 0.02413535869876272 0.0921848667601049 0.04420213470112677 0.0008295127277890622 0.045742457250429906 0.0013694922893471024 0.02160118534484316 0.024725120061593792 0.022748324165862754 0.10123238736421182 0.10221578128607425 0.054096985506184456 0.09656413303845855 0.04502273020271577 0.060523995708085566 0.004742872308455627 0.05101288243494966 0.10664069637851863 0.07321967089881809
88 0.016218040390791437 0.029805207129154906 0.08681059385546144 0.03224175759063807 0.08574157644281256 0.04566063746165989 0.07448987634784549 0.08052028805902652 0.00425018028971891 0.09115445767353982 0.01107139611007144 0.0866266640562726 0.05845498783157844 0.024712916811173304 0.05795965154923125 0.026574359294330694 0.04588912419695506 0.02065780189299402 0.024494711098070516 0.09666577191867372
89 0.0992519438434351 0.0953156393484677 0.09704546159030782 0.0316143665581014 0.009963624943900845 0.0481809944422434 0.010635117390513486 0.07953134425585928 0.014567658911156908 0.08136130796445722 0.04701789225388756 0.0037132959933575778 0.014923515497971421 0.10590743823673372 0.040104090571563104 0.0953146424984419 0.0022084129679393574 0.045965836562733946 0.0131420360047402 0.06423538016418807
90 0.0618065438279494 0.006970237756650388 0.07849641517466911 0.07774793889012327 0.08121294698626022 0.0028331109327618905 0.035600322045200916 0.08712970305310327 0.06339962085295225 0.0032078295158986447 0.08799339038501731 0.025097410223072575 0.045881934843682956 0.043202628002460955 0.062381481605487066 0.022474058063097355 0.06621184704151112 0.05772607211034172 0.0599276899985812 0.03069881869117843
91 0.049980139166770333 0.04721775293282924 0.041449935728051605 0.0037177918187456067 0.0729832678949507 0.10796618143650322 0.029060587079479998 0.004807922433866421 0.014503110004393823 0.029401211776601113 0.10053834057502782 0.04441767256497624 0.09028789042362681 0.02078769881486457 0.026128309881278754 0.04808492245909185 0.07575124652301174 0.05421517545297699 0.09316842274932957 0.0455324202836236
92 0.045743034091898865 0.014970105260487697 0.09650591912203997 0.030300960095668048 0.08818230145763424 0.03171622016453731 0.020126019067299238 0.06132378744412563 0.07931235121112598 0.006788980591984392 0.02940651176466968 0.009167769148029272 0.05655047671556958 0.05736586122595686 0.09704132519665644 0.0002687711621622139 0.06910496549126326 0.06913556647917549 0.046105819559201365 0.09088325475051443
93 0.09212423821524124 0.0854784746961268 0.004447341488719898 0.007403309457061999 0.0073243845234933795 0.05920865493921048 0.02276217869182801 0.08358842505347085 0.05342878303764638 0.03358655023732527 0.07222404344064458 0.03948525429388597 0.09186096307534727 0.049385691435204035 0.02682070611071497 0.06986587466494099 0.027665381770872938 0.03588634054405583 0.08498857589292519 0.052464828431283715
94 0.04644236396689344 0.09401919099343775 0.037930584489794514 0.024193305799087433 0.07379886747154907 0.0648785830149749 0.00213186421369621 0.06900484925218556 0.047788805381467174 0.04338133337476948 0.024671968268512704 0.08750249142889174 0.10128070161276649 0.058508842942904635 0.023774659070058723 0.044539486592258114 0.005899204307087039 0.08506362408092615 0.04721340259096668 0.017975871147772347
95 0.05879609635929641 0.01116840468816959 0.09050575062038071 0.04812939237966915 0.041166042338691096 0.0895979780814125 0.015103486743916145 0.05388903240631547 0.029926753360376337 0.10431029741983235 0.05558317860840155 0.039139821453099584 0.0009288453295269196 0.06795122435182045 0.007820645079287739 0.016303594518697073 0.07072681545533314 0.045149169284015016 0.12044659544548673 0.033356876076272156
96 0.09799595603867328 0.09552549103476225 0.08893876382929708 0.00042741415765781924 0.06347422765727534 0.049390210044442634 0.037115634962215316 0.03532868876653118 0.02870584385878627 0.04481251466191414 0.0033787335134443583 0.04906129312954718 0.0021394305421975793 0.07386373971085515 0.011026880808883957 0.06645075272276017 0.04104920511880725 0.07611524433373601 0.07016008197081561 0.06503989313739762
