0 0.03762080731910434 0.0520001425130562 0.0554967040294019 0.09670177282150352 0.029689126175669732 0.054435569999180575 0.06754680965679777 0.039491262641326665 0.0017692209578426658 0.04358444110000146 0.011229874578921486 0.11753590826732997 0.10628200930974355 0.02562455339230818 0.0773967635942704 0.014377549180521063 0.03822992555294421 0.04622547620063856 0.03655554381096057 0.04820653889847724
1 0.012298963759198473 0.09232937282110752 0.06812323193888473 0.07038160228695602 0.03188418360904368 0.05900960249541447 0.03760016063423575 0.005873417431877394 0.06906447334514026 0.04688770817580574 0.012277165434409997 0.02491422497566026 0.06101770320234281 0.06405345519717427 0.03571558031715806 0.08707213913329621 0.0038587654877844228 0.08250827579671553 0.08703931651954178 0.048090657438252866
2 0.08482831196784511 0.019619315100373 0.07223890897824899 0.05203388334943807 0.07102629632576991 0.04703790358431419 0.025968174201442505 0.057451094154091845 0.0658790338310849 0.042977278064618374 0.06696907049684028 0.06094671732656493 0.023745558304189573 0.05505485174117496 0.017835663513574615 0.02210546622890598 0.02992948678402712 0.03378490205535107 0.08868450942737002 0.06188357456477449
3 0.0677937501835486 0.07265850895381155 0.03851741397540616 0.06563790149411912 0.021865914825095166 0.03735985369725163 0.03828209406606543 0.0643018217927477 0.0671643090997971 0.039176020632074995 0.061085056003851015 0.06767598988098011 0.06271985062219129 0.03268938350214083 0.04520049392170981 0.027543384267651412 0.018069898544448675 0.0732626988605821 0.07413964971918993 0.02485600595733719
4 0.004186556354992948 0.02552033819288392 0.0029642403626183042 0.09213330012717612 0.06626190820247238 0.043783732603159826 0.05774851309448505 0.02436221146758202 0.05149141779936163 0.09179097229141032 0.0905383311774702 0.01150636405392064 0.04591479610772498 0.06742735143286104 0.0574826349999615 0.048332116650803954 0.032079155621732955 0.04447320516942583 0.06549092723332733 0.07651192705662908
5 0.05979308879542851 0.05034312172422963 0.024958567320458737 0.03270679221403742 0.013932345360505936 0.07170041979107601 0.07345864492601138 0.06910065125299268 0.04187373326981479 0.028204930324385185 0.0849506782856121 0.04394701668210728 0.010930759528186541 0.058333340833962896 0.07385113871526458 0.043316417225404476 0.05997992135094938 0.06736629819751723 0.03852090615004308 0.05273122805201213
6 0.03590831436673025 0.07028595518673109 0.059007603805112094 0.09427273651576291 0.021557335411614417 0.06559115247413418 0.05818612110837281 0.037287654456967266 0.00985545663496973 0.10724534410757768 0.06809772666381937 0.10359014038979057 0.0021905208792882933 0.045953427551234875 0.03873536997079962 0.03645961833684571 0.005310878615781149 0.034356630711170615 0.07924143437625292 0.026866578437044347
7 0.014247633426354 0.07397455382638682 0.06709335929615351 0.08217822567717362 0.09643499723023613 0.06292112810684601 0.023654155042556396 0.020357355195769904 0.0933662868462084 0.09803128356561515 0.015470563881375448 0.03228970689368484 0.06754096134462657 0.07359843240829579 0.01743977713086317 0.008249923512134452 0.0022228866401483314 0.025037655596228992 0.09135061937150765 0.03454049500783483
8 0.034867039212541286 0.0902933193844684 0.046937337221408595 0.06106374904822812 0.0432000056242014 0.05849342705958229 0.040144493550040926 0.022573918326224365 0.05995275783443101 0.03689764069398016 0.07454399382395444 0.046267463017600464 0.0743083956700151 0.05001368332148982 0.02008253912418133 0.017299854366048417 0.08959488309438725 0.06576215491445102 0.005176851397869563 0.0625264933148958
9 0.028641241302877474 0.10801567228858545 0.012390614382501622 0.03042459949247614 0.02448769298388877 0.07704937233750428 0.05229893246283064 0.06944044264420834 0.056747018502408784 0.023736847944694658 0.07996722122652347 0.018121255740743455 0.036018028905954444 0.06588538061456496 0.09595350422549008 0.0073445003613134075 0.07137364755006302 0.041400310096514105 0.0012800960300849192 0.09942362090677222
10 0.07180044524781444 0.011978367861025909 0.04767815710542842 0.0911218074165823 0.0732449879875235 0.01924868929560627 0.05814992389992137 0.02792398087293395 0.07364789694603953 0.08593415804612291 0.016927476491589523 0.08598888613664557 0.04365728784654941 0.003402047669674945 0.04424128434945518 0.07149421971355609 0.03566344833483693 0.05105680528922378 0.03990823771621122 0.04693189177325878
11 0.01690539506464289 0.023379788867334043 0.05190993898486114 0.004657259807371654 0.0641463187161565 0.08989633453650761 0.05619064405321629 0.03292208225590369 0.07595433414046353 0.07828884791658959 0.07706384388553326 0.04255053317983149 0.07363119645557947 0.030096522159383583 0.06144294940666589 0.027441909365853258 0.05907764560199609 0.010659681375148933 0.04400664756396394 0.079778126662997
12 0.0673050391488659 0.04496691643197155 0.08017162262539877 0.06132755372844432 0.038299654181017266 0.0014970133927287965 0.05081155757491968 0.0025123403963789185 0.01678087727925323 0.043828919812989815 0.05871205276402204 0.033236443875810935 0.023979898440163114 0.09125243184790054 0.09396287704253278 0.08330685424945945 0.05220709016095719 0.05405998972651145 0.09333937624516049 0.008441491075513605
13 0.06754602393209438 0.09166463029937637 0.013254452910520331 0.03070724261347673 0.07230594258393738 0.003669388278431931 0.08326796828199258 0.08505258007241878 0.009115986906840581 0.06757216104087689 0.09173926708201773 0.03184482974747176 0.02505903279478487 0.07621922083857553 0.05566045101234142 0.010792291210311993 0.04853583079600572 0.010338214021541501 0.05552601649000901 0.07012846908697423
14 0.09770449883494584 0.0014809536147111573 0.0937191006678093 0.01528541800932695 0.04443864256144067 0.04658315309582244 0.12330046272825046 0.08710205795347559 0.007345620203505199 0.06500364053068032 0.009590437881296682 0.07287728277407536 0.028956179539004024 0.032717445386341186 0.08457469444807829 0.05802108114062407 0.036086489970473465 0.027520234228016756 0.024251768335514932 0.043440838096607176
15 0.05367431472882355 0.0938283400907508 0.07538215351618138 0.005441437397518929 0.06661995635354043 0.007866705917888945 0.051520788361796674 0.06729860433688999 0.07099462526431961 0.05782994067357595 0.012795545077772598 0.002266215218998541 0.07564531926671285 0.02017589694306411 0.08060641565890017 0.06537616934261291 0.0011413690417375003 0.06416550465528832 0.055299269213001365 0.07207142894062546
16 0.07208751487937504 0.08011590900719262 0.05685670948216096 0.04861127787831336 0.06966087471197707 0.02529522256028279 0.0701206353685131 0.07084530598442489 0.07139889124712422 0.04689439714749123 0.004581310043343494 0.0005598329301044602 0.08022374284435756 0.013286233041274749 0.018971475375599064 0.04197679054605042 0.056482248121836984 0.08362276647561571 0.004618563110759063 0.08379029924420309
17 0.027834726343674003 0.09327005575589435 0.0250036005820207 0.06143088681177504 0.07913876848968986 0.08853596371068156 0.024717147560777582 0.022612637389388717 0.04216389932678264 0.033240974492434766 0.06627592035889206 0.060217885941610934 0.08236300294682475 0.012466286276545752 0.005102784227426936 0.08055454602331612 0.07408194469717262 0.00970650971751491 0.08730129179632526 0.02398116755125148
18 0.08300570615838347 0.05693750838105883 0.002954522373457738 0.08493516766671473 0.058812483762679085 0.08946978120462355 0.012724353820420406 0.05688857384764701 0.043503293954553275 0.04549849855693492 0.07672688870747552 0.08743961103184728 0.00017591976414593486 0.06944245397762594 0.018481857873581614 0.048163645046496305 0.04225910186103503 0.033536157209900726 0.05288399890858619 0.03616047589283227
19 0.07633222470514782 0.0945749326735659 0.04768139063796467 0.019833276739324973 0.015314822980895247 0.0030571184528292022 0.006355337659175972 0.08055243172284918 0.07495398339558783 0.024076136631717714 0.0031291234910689612 0.010415266788343305 0.12166478323222962 0.006707219524971415 0.06983324867070362 0.1061691668335885 0.11542855987378663 0.0191082598218597 0.005036750483248604 0.09977596568114137
20 0.004075990745467421 0.04374934822834328 0.040500579613880774 0.04362091031916221 0.1240517450977129 0.044656079682338055 0.10565549130650025 0.12800275517447324 0.00037344868848935257 0.024772090157368514 0.08194615599286897 0.014251447185062993 0.010305851827842667 0.010074198885405129 0.03195363678175482 0.08574473736936332 0.008781055905921976 0.011182049103626043 0.0682419977610801 0.11806043017333799
21 0.01418781984079718 0.032992872262537255 0.038397964520679284 0.08796089265599852 0.027425756285405504 0.02814496456124875 0.021285011220694063 0.03749967905705443 0.07579096712337494 0.07871486152068542 0.03326438654828407 0.06917656714361474 0.07706766508458358 0.057756949449316246 0.0535410608900254 0.06640223440453645 0.04852111677341407 0.05638974795009757 0.04150884509280442 0.05397063761484822
22 0.029579723515921152 0.07114240673199193 0.018391094716467816 0.0770079068194959 0.038511359386558364 0.022850773630518045 0.03849487536302694 0.09458883294611224 0.0929907865901028 0.07961653188955091 0.06389086230841899 0.024772492273044615 0.03980215000039465 0.03499037681933461 0.00670999738741922 0.028030710911475246 0.06961883070380989 0.01613447410581247 0.08303525482264776 0.0698405590778966
23 0.08379826326556859 0.07846611993763668 0.02913661952633932 0.08195168123688797 0.013064223220816571 0.06228683172962607 0.0336373638925328 0.0744108318213014 0.07173037856153469 0.023038284432539108 0.019403057369416027 0.022264926097373103 0.06439046078516686 0.03332942024457584 0.059532706744936895 0.07501424469967122 0.02018967178260339 0.06273118624853277 0.08121658893628786 0.010407139466652756
24 0.006898078951685111 0.012984445552470464 0.01298385872897285 0.06658845472064405 0.08970581618090218 0.08157602666519843 0.05637126496554036 0.04667798793239692 0.03665213875426462 0.05047960884637966 0.008544883523089101 0.041687882405060606 0.05242925759005997 0.10644493270124326 0.10146465054738527 0.019809197191738532 0.013502184320900593 0.09670823149404142 0.046476425899945197 0.05201467302808134
25 0.054532962940788125 0.0272367730160386 0.07247640333357545 0.046535846145101534 0.06158790985670588 0.02045149637993581 0.050724206806420355 0.06283689200067895 0.059504675825545035 0.0745780817810276 0.08543093076832706 0.010958161380095513 0.05568188032577241 0.059673554442008794 0.0741038383599607 0.009502441931045134 0.0035946078755900103 0.0726393932770214 0.01868747960468696 0.07926246394967476
26 0.03561187804639153 0.10053511092961502 0.030380069048332247 0.01799708413540806 0.0039052217371837125 0.060324400763830985 0.08177768592409837 0.05392364825163377 0.046853814010617625 0.05772423662325944 0.03044214528987794 0.0772237027036133 0.06839957399597221 0.042180676739225646 0.052721288581097765 0.07348906862880034 0.062682544382718 0.029926334828164036 0.0184189512433345 0.055482564136825535
27 0.0005507766529264149 0.07788778944278264 0.06931516881295564 0.0512012522238432 0.09056031624389331 0.02497592273099855 0.021547824815427934 0.021856574657540265 0.06018283690914383 0.04146324286496976 0.024139059314164903 0.032126783814941696 0.09769041845738907 0.048060874370806896 0.040775845391968796 0.0415811248125635 0.037647291491421285 0.08740704481480746 0.08870174662818506 0.04232810554926959
28 0.024715145492271204 0.09560593306506672 0.07707448171310385 0.06082201830153586 0.04225738343455761 0.0738885285808391 0.10110372373266703 0.06464267775607067 0.03958017158409842 0.02271855534942837 0.03963546597934141 0.05471054587780519 0.06755397307760579 0.10121145104518603 0.05356665740303768 0.020287794432496967 0.022240270495733763 0.01818424396423131 0.013541084863396818 0.006659893851526559
29 0.05843550912329478 0.10996316946345033 0.11255322458703773 0.06395883593745465 0.09599480192705777 0.018910548554324058 0.045372069761489824 0.05968965337037042 0.04639403824576212 0.08610591523811131 0.08076329922669251 0.03834849773083599 0.021747646045727997 0.011123683281667513 0.04075349060536408 0.02943870389550168 0.015194700186368962 0.03679242861512787 0.01867478224472362 0.009785001959636748
30 0.0546043147763535 0.09734326983960873 0.02221858661799601 0.0015427650455891234 0.08598012259188316 0.05027147994932574 0.07774913328248496 0.05927732787091424 0.04777111740009614 0.0956678980961372 0.016828346215179087 0.04476462084674049 0.01903740500269848 0.06544934217182201 0.07540851139589153 0.05202194333181968 0.015174095790232678 0.005743779606770162 0.08025809267591077 0.03288784749254632
31 0.024844196929866547 0.05645271907046121 0.007645496052119338 0.04141632106734854 0.0006940513370875022 0.01609267896170673 0.010660557506998772 0.10192521122861783 0.06770780336990684 0.09873088725449713 0.06568662353871597 0.0589115897569121 0.005956649573286655 0.03302495268663725 0.10083693100671343 0.09510214001629355 0.06448569457559754 0.06659865572687639 0.07063096412734308 0.012595876213013342
32 0.048028922490500885 0.06773157541834095 0.09069738167618893 0.012376235701263307 0.03156347017517938 0.09375219314208916 0.05212081705707063 0.07112115883351416 0.00028512780907705165 0.022522396498285163 0.006531801492222094 0.09027427642197929 0.08738890567101415 0.0636234913733243 0.02383258155649389 0.07447441771953732 0.06412964057986172 0.008793040732184669 0.019950853543188107 0.07080171210868484
33 0.09594837206677108 0.057536256321809434 0.07534296929263208 0.10405781248876358 0.09145222089485508 0.017698918141905308 0.005408724164956219 0.04937687807733996 0.10424422866256391 0.08297944452176752 0.046322568259028474 0.0009930437307311807 0.04844099327432898 0.03758688536306813 0.029932231114354124 0.0041373961807156965 0.020832143736335507 0.05972942800140295 0.027357203260929167 0.04062228244574197
34 0.05879081619277378 0.07403826134103601 0.0200382911052712 0.043343191807184815 0.07713883567287193 0.07370446103478992 0.02933544474141581 0.0767758240308914 0.028859228678946275 0.08362781410996643 0.011878105685695596 0.009438498304673758 0.0007928619663729178 0.06973927767850549 0.05380471710633261 0.036587128624660875 0.06559677942171711 0.05856966224830278 0.078332915713925 0.04960788453466651
35 0.07949793785599128 0.03521693306082205 0.06645193108232876 0.006916127157293718 0.0412275949499873 0.03966164512205092 0.08257923879658569 0.025579863690474484 0.0705086264163341 0.055618077792808585 0.046019054401741505 0.09360057619518035 0.09182829698501019 0.08307251287547264 0.02150525350225 0.013335953749921648 0.0036654401115422557 0.014327999067639988 0.05244518048770742 0.07694175669885735
36 0.059245295317920124 0.06602676345728539 0.05110454117857333 0.0427173636461825 0.02537727310232012 0.04194277849326315 0.07888156344653677 0.07572362819728891 0.055508136208901535 0.04286666274391337 0.06643590952556129 0.014595383542144178 0.06807451437596342 0.04724110992618171 0.05791555554259586 0.07476610377753339 0.03088555398481028 0.028557586661371884 0.04179463153214946 0.03033964533950347
37 0.08023630235434509 0.0934675799201861 0.030437651154256864 0.0014759534649580162 0.0514773062323749 0.022847900794905663 0.09291222726070254 0.029057441946744 0.06391723333433562 0.047736797508916476 0.04869759464766138 0.023583002327213196 0.0327979738763693 0.0823089192311983 0.007208712442173209 0.07522597772693683 0.08257087381193225 0.06747892423387068 0.05131466642984667 0.015246961301072882
38 0.026158271100383507 0.0342929542765164 0.0881451396748864 0.0745890050729089 0.004274332300648307 0.017044667168424794 0.06679618012611216 0.09001922970874014 0.0009227866719926181 0.09084691620219747 0.048410396857370384 0.09224930812489565 0.08293642924034446 0.09288364964559136 0.047324013472308725 0.0015883966946998065 0.0057188577233186115 0.03383897196044045 0.08123078245158856 0.020729711526631278
39 0.0976139598509542 0.009675450954733355 0.082279348277469 0.03493614884650653 0.02418563308493583 0.05144159665971935 0.10462197737584629 0.028836534603555203 0.015977876816681426 0.026859415413324633 0.0890823379368649 0.008678927535060648 0.0005049898748122464 0.03134463696180802 0.01916988871931401 0.038338149054541096 0.10011746525163963 0.056761850899749694 0.0818202317489216 0.0977535801335622
40 0.019959638662285333 0.04438020176456321 0.07268779944473695 0.01653257288627555 0.05385320080697617 0.08000805146644702 0.017337709506437544 0.07571175686011028 0.06283284937637626 0.0832941537229022 0.08844094622571698 0.03239408327737679 0.02771322950357709 0.03298770878673813 0.0727803372922855 0.08688769515243591 0.07223481660608118 0.0010647938421554806 0.017535678628367458 0.04136277618815499
41 0.006219098272833821 0.02274571490238087 0.07560871286022958 0.07708178182777527 0.07386130365318595 0.022351154630084476 0.04692058695363249 0.02759528432495813 0.08737298037634593 0.0823856849424422 0.036308940061092476 0.074238683842852 0.030752383575894632 0.07488335363033917 0.03938282243888313 0.08249798619182784 0.02277284241728175 0.07087445214453979 0.01933148483799114 0.02681474811542917
42 0.05445396508573763 0.06302077741390655 0.10422249498990425 0.0039553306725158225 0.034042401965120254 0.05439345710967481 0.03752372797741476 0.07031971161312457 0.09082798737207742 0.0025420001903109866 0.06332539257864873 0.00298795862558828 0.06206759575583233 0.09029008424598282 0.05763101135502928 0.004355817836405927 0.009301882509858646 0.05479521904583953 0.07421725134447382 0.0657259323125536
43 0.012421202852791179 0.014555100342745498 0.05981671421845422 0.031297879087984495 0.08176318615495688 0.06510062513236484 0.003137395981244372 0.031568181733423205 0.06972392794970766 0.0007982520724615022 0.08742974975293372 0.07904401003989854 0.07287978011921162 0.009735570796290805 0.09524355571783995 0.0829675195379074 0.05714061832228905 0.021941421375743935 0.0650656828786791 0.05836962593307218
44 0.08675891370434705 0.09010603435022223 0.0009701666105154538 0.07229091962846182 0.023211788202835263 0.014207902203792635 0.08878279841394648 0.02701779505530468 0.07673927783411748 0.02270348517287699 0.062381290041912694 0.005911431688850236 0.09174280921117063 0.08593383765192221 0.024773851801138714 0.07528728553841543 0.059399625460122715 0.006987927477161571 0.048148301974080335 0.036644557978805385
45 0.029687184965881405 0.03125532827938997 0.046304471679609 0.0561146922076519 0.07641469524267006 0.08154307773251912 0.058834768969618347 0.028571339540876952 0.04250770634064502 0.05451263948459425 0.07183505031782779 0.07047093270442009 0.0455191606724469 0.07911114154750779 0.010425668183336958 0.03415514159214414 0.06242984093747523 0.06294349820611866 0.03466114936925729 0.022702512026009224
46 0.06235418705796904 0.08043303639266954 0.013864950126749832 0.060374957784607365 0.02247246841059268 0.028516919012987453 0.00936030915380519 0.0316722787612013 0.07305661079272723 0.021711907394458534 0.013565609353762114 0.08653824334247874 0.07132513111495203 0.04124824963304199 0.0863022132122643 0.07198628764099252 0.0858984515320762 0.058138150634945075 0.0647067705214077 0.01647326812631105
47 0.07586943106851325 0.05319743110970628 0.018441687573450705 0.029324895222411353 0.021022351443100818 0.08515264776083331 0.0695122591042393 0.06607414791111352 0.08010270762560863 0.035212108551347154 0.06633904498144058 0.04362266222216826 0.06140933305187991 0.028761085241202376 0.044956164587007526 0.07932024345236248 0.02910498999746758 0.013189513950013644 0.012811368034355819 0.08657592711177743
48 0.0944769604167852 0.0034135905173037573 0.025453225169981022 0.0043169217548916 0.038344328152797 0.05271193018592782 0.026917405665637304 0.023216150003756757 0.07910787924435995 0.09737689211094452 0.09464095268273968 0.009737844493982057 0.022600521222582333 0.026456936823825616 0.028656284532566977 0.10458072453462315 0.08480319198184523 0.06229792539854824 0.10555337966300328 0.015336955443898664
49 0.0882786205690396 0.05771563330459255 0.06704126188957099 0.01434869815219043 0.014952457153230046 0.04114051173405491 0.01447487095288228 0.08532927911077555 0.07121415827981335 0.09218981857214992 0.02423674112792437 0.06428492411752973 0.08612345028501621 0.04103135203905327 0.011719148205606872 0.08765139418799667 0.012590068102275967 0.09880474526864809 0.014846461581477434 0.012026405366171878
50 0.10371262886557599 0.02267590799297456 0.056938752866993875 0.10831055374639434 0.06777291956653352 0.07050614992527907 0.03284826297581862 0.02831832460211586 0.004135673047031923 0.029345096782168897 0.01785225892888765 0.00012261883185530224 0.020315699782799214 0.03930581523747406 0.046542466412477564 0.07167966697412292 0.042032551653299874 0.07631379926881922 0.10913586176771974 0.05213499077165783
51 0.007333618776538144 0.10416869880120158 0.01013259835111455 0.08089993951540937 0.0063908288232464635 0.059554864326551445 0.022724617388848872 0.059027527400542616 0.021610417691236037 0.046607699266534304 0.08547222035828182 0.019787079214599334 0.09137593303048154 0.09159690676846559 0.04208896079249397 0.02513378882584455 0.0735868478608574 0.08847348679090149 0.055708449091137056 0.00832551692571388
52 0.04564262108076838 0.09086505886222207 0.05728532558236774 0.016228888894037907 0.028058951655055737 0.059699184047766266 0.10018673191664056 0.08748748119002223 0.03009805606113608 0.0661369036416725 0.09832020753124895 0.07289652480316333 0.07276479400383884 0.003856231050889894 0.0061510719119975184 0.0010636659647452686 0.027137409165190526 0.04486982041898306 0.007683376261495442 0.08356769595675774
53 0.06146405803196586 0.03762067821934131 0.07394257546837353 0.03891949564093354 0.04631852789465838 0.08247618066989564 0.050995690580387686 0.051331283325184586 0.05975301815722912 0.03724954112580227 0.08270907747657395 0.08324768195068595 0.029754130722718652 0.014011451890285484 0.055104853541745706 0.0071616224818519736 0.09160935121333456 0.0047860518486751115 0.05845371804152928 0.03309101171882728
54 0.023199898412830055 0.041889467182532 0.02877309033312791 0.049341633741480075 0.07072931435090275 0.07427520050701608 0.05399648479433232 0.07780769070628148 0.04302880062777309 0.04365176000600609 0.04122257306205133 0.07601067399203104 0.05804023892631906 0.059652772446463 0.06036810638502082 0.01922861663215308 0.03793420328218625 0.06121394325216407 0.0276210621164364 0.05201446924289319
55 0.010098419951908293 0.014055099382332119 0.035508109413300494 0.020883828946875654 0.05848374916366579 0.0719212617846977 0.02484445923801214 0.10631948040005916 0.00965406427059772 0.057766735057593215 0.0368101949975405 0.11276274092930284 0.05991732468701199 0.060856339122026544 0.05340629434494775 0.07910903583451058 0.10323604891908264 0.016477957092853792 0.022603624169556524 0.045285232294124636
56 0.029787805830630006 0.03370879524209659 0.12885792844317098 0.07162774264228047 0.011906002738344584 0.06211454360953971 0.011280160831213895 0.10094462962464994 0.06566137622622682 0.011554866030933466 0.0763175449926723 0.04250601836925506 0.024165829323810204 0.02822256288640877 0.011632475799531567 0.07743301317739447 0.04905597541733331 0.05081157393264758 0.001149134463272235 0.11126202041858822
57 0.04958459218846035 0.008161199167350855 0.03997317707021344 0.023319683407079437 0.02506983785838234 0.10485416265610563 0.0024280666413770157 0.09204998446195091 0.049426868605837476 0.009696859799460195 0.002643001212902055 0.1026639576779932 0.10392602683288638 0.04363567221368929 0.10666679616727602 0.032930692516879134 0.05610131621128128 0.08153907798777354 0.04226429562470439 0.023064731698397057
58 0.036749624565200686 0.03771727600322561 0.041798967469490904 0.00033454233989784474 0.005695026103177919 0.10452827415931967 0.0819476510261908 0.04114841455737946 0.06992392243992238 0.052042613126934395 0.05966711173230363 0.0416063314477016 0.01644835312417044 0.07733920070383979 0.10290750045883719 0.05183671433850542 0.07897799931112695 0.04927738517206257 0.04444782630578805 0.005605265614924892
59 0.0022078942262503515 0.07859090123280733 0.07481649224290023 0.09348978332399244 0.08440225633598446 0.00745721526664208 0.09371980741050669 0.08666314576775577 0.02312761132569075 0.05338709118109925 0.0322529312815915 0.05709022793571055 0.009321822372005734 0.012984110143285814 0.038378408937017695 0.07619462260373883 0.05242665188363266 0.013894792393054566 0.023800756312168922 0.08579347782416435
60 0.00300000884505616 0.038107866769234694 0.0037016510714325073 0.0433058309485308 0.04393869192351315 0.06731850080050748 0.07578064691020342 0.07606077447407154 0.07838040728086339 0.049893401479996866 0.0004247311287880012 0.04925032803278142 0.049099801766076465 0.04464025036804439 0.04741060680117763 0.05879922886069164 0.07499613519475465 0.08580503105598872 0.037885081330748034 0.072201024957539
61 0.02185475979407422 0.04861660413587748 0.07416028087883968 0.08346175219338058 0.048448807408334675 0.07705015021430107 0.03865455691990652 0.04683816510232432 0.013362660404660942 0.07840441615395294 0.021714962160241096 0.07945412451381301 0.01884993625154401 0.003232013166731258 0.09266839177139628 0.08692558797514893 0.08851606895638119 0.04813461634887571 0.010349942134821108 0.01930220351539509
62 0.08079710169123408 0.0930091189195368 0.04220371312760568 0.08630537591844163 0.07314934245416399 0.03377033723770571 0.0705396922485502 0.00849401539124784 0.011665833942502661 0.07248595085667847 0.0006073307201238627 0.045588349377864316 0.030958139391314896 0.0527444159917371 0.036626801142292456 0.020512636084682134 0.03509616377235682 0.039875898779633885 0.08226819926349081 0.08330158368883685
63 0.07380038561667233 0.06439039876228865 0.022014169222390283 0.08463253809340837 0.029941096102883952 0.01918461381419793 0.048728284431858095 0.05473568271770518 0.0016139228178694805 0.03886198544007714 0.08367027717121174 0.0176280691204162 0.08934414243646596 0.04639287214041316 0.07456072947591366 0.03264353585855106 0.07228452520691171 0.05805467344484317 0.08046822143668705 0.007049876689234801
64 0.025901232124284922 0.020515458079848364 0.044396506724827096 0.02475399080255721 0.07772381152671662 0.0029476091000831157 0.08905741644174212 0.09299161959461891 0.05077971279074361 0.08775304304851543 0.04000658137744299 0.06229284899677938 0.0752824425187134 0.0795953982626631 0.019478229905528846 0.05852651002467903 0.04290342202239167 0.01138879469321496 0.006559496417844075 0.08714587554680525
65 0.0574017805738424 0.09688296321072823 0.01759787513445225 0.07058601553597328 0.09818985087126814 0.06572700129648734 0.03167630231485582 0.05716947157234667 0.006449916695396024 0.011729184823375283 0.024429144166314573 0.03159421916683677 0.015585657427758326 0.06192882720945814 0.05776807011652425 0.04858122675881377 0.08941235655287559 0.004495951635741395 0.09955867385261762 0.05323551108433421
66 0.03824051317928279 0.05754101683769727 0.017255288462883992 0.040834128777111435 0.02705406218625096 0.09954943291365342 0.0808585231906403 0.029503128017839355 0.06447751042678174 0.008655879935136933 0.08259675119000014 0.0735822140933968 0.02831364707585876 0.022999378175416856 0.03569802200271328 0.00012014121004019939 0.09279860438616172 0.08018915808559426 0.0782927521222483 0.0414398477312916
67 0.09057519112045709 0.0507833333858923 0.004102385987107024 0.031033007894182306 0.07915659288205662 0.06593246468317802 0.06631822852984445 0.023736338864462046 0.1141163615600093 0.04083256078467061 0.09071992218884174 0.01414598900852238 0.08901359680491423 0.06399843423484937 0.005072714746157093 0.01110800117757853 0.05831583258159972 0.016345298037120797 0.0081413069688498 0.07655243855970689
68 0.06126514283810283 0.06781118923491275 0.013780515239741888 0.058448164225234266 0.013253680035366335 0.07850188564736182 0.08699295465032635 0.0332042655347026 0.03229712108489106 0.0864433850064689 0.06273702790951635 0.006343091972375674 0.09078071618217347 0.07486967755833755 0.026448945879237754 0.07220406060623027 0.05672891760058946 0.007690561155196052 0.059553265508621896 0.010645432130612717
69 0.09541507007294567 0.018038437808492448 0.00779142961168844 0.0698895620622797 0.06297200904809351 0.0027948375335121118 0.032395506479257846 0.09861145864994057 0.051325031835000194 0.025563555919570956 0.009946457027843122 0.04778771890059286 0.03468111641929305 0.08009143498526088 0.010322932518292966 0.0964324990930483 0.016402144816288402 0.020420814343864953 0.11869770206663378 0.10042028080810038
70 0.07541872003899631 0.06289430843615655 0.058869017024420774 0.06549509599799264 0.017970063717556457 0.07523980808574506 0.025982359296656786 0.04496501153809342 0.041836989837943296 0.0701215149559581 0.029571160408535142 0.0064664299942493045 0.06915846576006605 0.07503237595782762 0.005945914709139035 0.0674928695289822 0.045852910272492865 0.029718115005689546 0.06914623363777232 0.06282263579572644
71 0.019888651285692366 0.07230296883257996 0.08492187615764774 0.04229114924837523 0.004393534295728641 0.09611659096161068 0.021083849271275174 0.01264652034800389 0.05593041725577702 0.06313843466884606 0.02962349482765602 0.05842180097692058 0.08374804332400691 0.013061120100350316 0.0047961883260973625 0.10527286973978252 0.02197600025580428 0.06967048154762208 0.0774893554940764 0.06322665308214677
72 0.04854054176935517 0.0012979985198253534 0.06049162745101218 0.016046169190779537 0.03842936442095008 0.09173657050405132 0.039404409961860065 0.03790626506717838 0.05830254707872322 0.07556351483472207 0.013788736248550947 0.023351618706294062 0.04361847380037728 0.06225517715111006 0.01746553928337867 0.06327659425377381 0.094216929849947 0.106689019979146 0.09331788530084772 0.014301016628117044
73 0.04262056880738992 0.003919782437968856 0.046671268735526496 0.021059688485310372 0.02472397679468567 0.0397646185904132 0.0039792826592739 0.09878562013218749 0.09402869428716026 0.022534317816273457 0.07911473133714828 0.07464869041712442 0.04076444782416595 0.005614545288891654 0.059384527203029225 0.023481994265573052 0.08247113586093131 0.040114935486759165 0.09184413055825914 0.10447304301192803
74 0.03659523539106917 0.057209139308411955 0.05519220934494547 0.09012162828909587 0.09304985046019744 0.04316451245805026 0.025710122047639613 0.01103636130744262 0.06832153456213565 0.00030535169149549724 0.018091672139199357 0.05551473524653538 0.00640017122396903 0.039457871178682706 0.0543699027455285 0.03135387336939288 0.04164637927626729 0.11364648761519791 0.06350597199374713 0.09530699035099616
75 0.06926658757807524 0.07209805409475183 0.05417270433284556 0.07332997388659117 0.030049125904070304 0.024668919708096808 0.05551069821221083 0.04581583385673355 0.03457029219673163 0.07014483125447324 0.07902187025427522 0.02013426382227243 0.04514560952502375 0.08686579027610007 0.015305631129169241 0.07899300228368702 0.007264127963677698 0.03552614331126886 0.04988012391607479 0.05223641649387088
76 0.0663152933797135 0.06611672596429957 0.06912931512024888 0.09908079071668238 0.021324689413343364 0.012015076104030915 0.0529137027972412 0.05184379611251205 0.08458440662090703 0.04676100870612402 0.042057045028973054 0.08487138158036034 0.008977223067210946 0.08779677451529408 0.009253143803289432 0.04514558177850463 0.09287452215261337 0.003578862151029913 0.04366990187229444 0.011690759115326783
77 0.0762720691069336 0.11274212981731628 0.08300069634361276 0.06494597923871835 0.004520416549997291 0.04736204355657291 0.08476808324128363 0.02267814585831127 0.02117121802075526 0.040867249142895634 0.04499552937495747 0.018381184661164167 0.050401514752747484 0.06563087008327721 0.030274174992111158 0.04540992476442979 0.022016033767139828 0.09586159588825961 0.008003172119916111 0.06069796871960012
78 0.05956785922871123 0.10077934898366352 0.02275669336947506 0.04525017107935014 0.03290352438472036 0.010181020752442423 0.008815391532019953 0.10316359165051371 0.0009698973614133388 0.02235004985043232 0.07364512870479345 0.04110924999829812 0.049325726102256016 0.036240019536291745 0.09381965034435136 0.05565877374226884 0.06789627186820181 0.025151289641109853 0.060873203943696635 0.08954313792599028
79 0.07872326229473693 0.07425738649972245 0.021841737552040493 0.04308792478120362 0.025873334851713024 0.0018375951938930575 0.07044577232751868 0.06211457126932815 0.06297980656123382 0.01629568489929872 0.06757982757423267 0.07037156175777128 0.00172546803689507 0.07014762188939366 0.07522685679126784 0.03532648820302807 0.029943916529321064 0.07387209373909197 0.054447296127577025 0.06390179312073241
80 0.014781128407695946 0.022612080818331232 0.10657478808860742 0.08161890789795638 0.05344820849888729 0.05239762296837141 0.061304318185061504 0.0538729834806716 0.041513143835961074 0.040716163664282115 0.018290754409771195 0.06348670634246648 0.014248728197497678 0.001915983018845745 0.06282380388030089 0.08942889517254217 0.029322261076194945 0.08314538166482868 0.10165280795612094 0.006845332435605308
81 0.07613635041526996 0.09402199896627664 0.07150262827588366 0.055325401139323 0.09759765383533034 0.02216255952388835 0.05123045006719564 0.042909061518842426 0.06921138336598433 0.06933605850905583 0.022637898561535676 0.06611070259982735 0.05605895089276381 0.02332064415711879 0.017734202192777562 0.0012772227923387011 0.06443912528615346 0.08950282568418606 0.004257149669157647 0.005227732547090551
82 0.07252009955111963 0.06386717520106158 0.07804135973432946 0.04962823008747487 0.07123027515666973 0.05167247839008328 0.000795944283195139 0.0030856339328957064 0.07571554406478724 0.1011152620030581 0.08380288218459453 0.05199909211329164 0.01868126464083002 0.0009228650696556591 0.028395738210954705 0.05578759044666337 0.05804229036640519 0.053154249967899476 0.020863525046455778 0.060678499548574696
83 0.04186051019506584 0.062236759949990346 0.09374296529466594 0.010994355162726371 0.047660046125560684 0.057669073279786175 0.05803252693891926 0.05055601315159989 0.018040987781511128 0.07291194898979579 0.07100538080862255 0.07232648977885042 0.06789223776508065 0.0847132278896813 0.0004815093484803036 0.09329039941133029 0.02048913160798041 0.0007752588686853933 0.023576891307467325 0.051744286344199836
84 0.017596715000939817 0.0269085447337729 0.05487327027249469 0.03425060020675855 0.05458835083709103 0.0526374683303532 0.1040703326309064 0.006892623778875178 0.0033074064952489865 0.01655918973376795 0.012756466863172632 0.0731296583888362 0.10645100346674338 0.03635633570514972 0.0690567465027034 0.023741638669675016 0.10301856700443689 0.07470176040671689 0.1058034838320724 0.02329983714028474
85 0.021303268585413957 0.01483274169359516 0.058394972017981425 0.09905562128268093 0.09594577464385644 0.01332149598790575 0.07622862923140533 0.0029045854326162322 0.04657971962165499 0.08494710773948536 0.03686897554079669 0.007726401956238849 0.0022395286512528765 0.07015453268706079 0.1035836384932373 0.020171332382937054 0.06698062198614652 0.04746949842164213 0.05096359283877998 0.08032796080531215
86 0.024641912022906498 0.05646639666894215 0.07412293944168143 0.0050038024736892535 0.08888791275647805 0.03669317614162388 0.01369169781207797 0.08023125379109461 0.09934986508317285 0.026241026009265683 0.08700864774898638 0.06529993397253817 0.021309590734487287 0.10747841590832226 0.0596194820728126 0.06054932982897257 0.06006772413490897 0.010419845205429505 0.0023234073218784245 0.020593640870731306
87 0.08727834012768873 0.04261726883047053 0.024572942844109012 0.10246963979017097 0.1012515438149084 0.10247245432917866 0.07184534848410055 0.046652065293987646 0.0586728749085198 0.061692290457079864 0.016342985489840145 0.016594516323254562 0.028029458753175168 0.0012789486418573488 0.022484361017187926 0.061993510752965726 0.007156422069636719 0.03168900306135904 0.08460066655155085 0.03030535845895856
88 0.05769027092981635 0.0629275481386243 0.0321913226699836 0.0392392353185821 0.07072993165766507 0.02938012975613983 0.07349557673459453 0.051978097830291156 0.05212276039529131 0.044700972822180406 0.06553141263884218 0.03464089663352868 0.0033244881212982566 0.04281540183344532 0.06962549027496936 0.02007601357279471 0.0658395800510654 0.07876236625615711 0.02167140898129886 0.08325709538343155
89 0.03573631828606112 0.018390968010835885 0.05873333242100534 0.007017666785728752 0.05035873261241993 0.06336503756237115 0.07280178942187986 0.06424312315639465 0.05763560448370554 0.04670650147674934 0.07870718172802234 0.0483429366999953 0.01843076709038935 0.02722635786207045 0.02078669175604482 0.044242731463108656 0.054235274108835906 0.10334691966394308 0.05910489309844825 0.07058717231199031
90 0.03466106912187459 0.0322893477337958 0.015417939842734384 0.07268427647462522 0.01577513975994965 0.07451593113456285 0.030611901556290674 0.09655082920231411 0.08576045287361125 0.0629560172988696 0.07544918087045607 0.02965826326153627 0.0391714935102841 0.028044761704866854 0.03474003841181518 0.05061298061731758 0.04689443696874891 0.06456656006198015 0.03406151795825706 0.07557786163610991
91 0.08545607382983007 0.08796313524813862 0.07541421014001912 0.024471985304783526 0.02799785082464772 0.04402023366464491 0.031503762278394 0.0671325364940899 0.024393296652091768 0.09262244268213905 0.07901479797009861 0.05752870445185689 0.05490472335632899 0.008748366126254636 0.007129676682363455 0.012252812944561485 0.052367161241765436 0.03385502909802647 0.08263060262510404 0.050592598384861305
92 0.08123821169892774 0.002161379585287655 0.03770515091523401 0.04035662272382263 0.036811743615966 0.05383193307170956 0.01330760892025851 0.01934670810390466 0.09095403514136301 0.0474888443050108 0.0060217998243282285 0.0970968637739609 0.030947643147486426 0.10172316313487857 0.08244195295818207 0.09242239398024749 0.005101014727359615 0.005824312921650647 0.06099189659094595 0.09422672085947544
93 0.05250296094966132 0.012811149780247487 0.09014257879420895 0.010825576278881555 0.07644945344117965 0.0371214988246287 0.03187019326616215 0.005436721950604599 0.02966946128855464 0.08329005341436507 0.09605046111613168 0.08245439710386493 0.04670741854874613 0.07063040473114844 0.02740857425392401 0.08022882491206215 0.031280515143544865 0.06653158165578921 0.01793523239487497 0.05065294215141969
94 0.10913733099405588 0.019246139862484284 0.10233861295186548 0.03674299573079844 0.08269986175947718 0.027457701501281052 0.04713734773764725 0.0754858412019873 0.0021110513623263313 0.09590779923431564 0.11079188835182248 0.0012685778765387178 0.013967596580706697 0.021491532245819574 0.0033584255686871707 0.04537419051919034 0.0729057575532205 0.043392396130560354 0.052491323277494145 0.036693629559721254
95 0.0283175546118397 0.002881107955659688 0.02809290437630732 0.020200029815020202 0.044203854689115335 0.01869089870201498 0.09274817580683552 0.04640443672654637 0.06683564811011565 0.09196845471963702 0.04536660960803927 0.013721862902382538 0.09586704238372305 0.046472098815790584 0.050551203281253745 0.08299266202117504 0.022823636495879564 0.09332382397054477 0.05861650007541936 0.04992149493270024
96 0.053893780045987806 0.02748239604283737 0.05546004725449434 0.028508998826958933 0.07181809894765148 0.0038666213788706412 0.032590371249866835 0.08719543017887832 0.06740778350652771 0.07963615625408253 0.01844359606824241 0.062477606262222776 0.05718050533945203 0.056298557256750724 0.020118114709142345 0.037240985978710624 0.05995523130546185 0.08234009830451552 0.06862065841198484 0.029464962677360883
