0 0.0067381665952841625 0.02807726433199159 0.0872956460747772 0.012970546839431297 0.0018163491798804964 0.09338827997662437 0.010106206495154835 0.0712866230487907 0.07019251404511885 0.041245595019395564 0.02208128751490418 0.030902236758306865 0.0799125782852548 0.05871441444727326 0.06459244510629308 0.09376722660533952 0.025133597986026858 0.09301170077227873 0.08505750525937153 0.02370981565850193
1 0.07718604418371557 0.020029782024816915 0.08644525927463044 0.10455819282444925 0.06913180203222082 0.011572405045151942 0.017641067442125888 0.10929795732352916 0.012382231906850312 0.004442540677773537 0.10644612834833385 0.04255446545907427 0.051862439937809306 0.093483302068654 0.0051103495330562 0.017052722298257307 0.03770189192301727 0.015988406092471135 0.07149116975470735 0.04562184184935544
2 0.05808960631579618 0.02160997636656741 0.08094820858351558 0.05916399995900256 0.012470870312994651 0.06557295351735173 0.033223104245985825 0.011331330425345705 0.07171430743473636 0.05551726580943893 0.08348707778774034 0.032838231650481386 0.013301591541617624 0.06844156306839924 0.03308885335041396 0.08813485987699912 0.03501768088646268 0.06760985805730896 0.06103725872291843 0.04740140208692308
3 0.10734877677997252 0.08044486401377285 0.0847823623931737 0.04009429026759167 0.03646360968250762 0.01861602871545215 0.007047742368197731 0.04886946789154258 0.11095529581947841 0.03206706932449742 0.03628969418991936 0.06549316162549236 0.027424083714961797 0.00525752869965913 0.05741620835298354 0.047452648818491976 0.005021577127222598 0.017503367130204523 0.07416689026653213 0.09728533281834596
4 0.07070475467248812 0.03887080025629488 0.050946605625466664 0.09398694119769736 0.05710812996551028 0.004701113835153006 0.05349936118702843 0.00815972735613032 0.08805219145214437 0.05135700894646334 0.1015984934907263 0.0530997267255323 0.09480686695414395 0.09516406759399791 0.03738591880244103 0.005312762849737065 0.0059633656452915546 0.03044918820186431 0.002260575073143867 0.05657240016874484
5 0.04546062870890202 0.006623179225506237 0.07056341476074024 0.05095242562745773 0.0761455874151683 0.02716693273449348 0.07159247163260761 0.027553068700576108 0.001111852839051091 0.08744677577679806 0.05891125888423748 0.037869176141488756 0.02662722939374885 0.019410368615114585 0.046419084280413685 0.07154254739997097 0.06750107141925396 0.08582752624228014 0.0867696855694878 0.03450571463270287
6 0.05125708806134463 0.003353649241874461 0.014680570889642502 0.011021032077223727 0.08866229803898328 0.07894421115791246 0.10391380231970403 0.005689531001366986 0.0698376066153907 0.04797318030500161 0.07374612207252045 0.06688014544060504 0.07962065503235481 0.07389835554488805 0.011504994569537196 0.006337337932480474 0.05826051958047964 0.09841025106408914 0.04894481835942377 0.007063830695177043
7 0.07983134248311098 0.03206621683447751 0.09394549810651291 0.018093606379719657 0.08616567323640338 0.018141518037004804 0.06113854186116045 0.10115130455564343 0.027213691017963407 0.08115454978807433 0.07618932656094964 0.021952400672362815 0.027085260681181233 0.021186635286891645 0.06354059973600834 0.05682938001251093 0.028204856001074627 0.011043168197432054 0.009619406309814293 0.0854470242417036
8 0.06800138263409064 0.025682874507878244 0.07053065765333065 0.015826722819395376 0.05251428001220186 0.06552683317386881 0.06542185316169039 0.07694997960592742 0.01809101106435369 0.06164765158037145 0.06016939268189603 0.0033477723607188365 0.04644281112773696 0.09305487774703815 0.06191814893683661 0.07483272330950258 0.07953059818087757 0.009518768830188838 0.016780014671754075 0.03421164594034192
9 0.017863705955061853 0.10107374751489263 0.07785139932706159 0.07423456353644205 0.029407783359302556 0.07924909372648765 0.1018441326392968 0.052104575813869264 0.04890253510701172 0.06135130292522876 0.08049723244146009 0.04092984823046529 0.018633798401421358 0.012109875259230716 0.07076734389201605 0.05546381287073143 0.011577632585817128 0.03534428296104918 0.005872584354001822 0.024920749099151988
10 0.03415623133165064 0.07308512541144836 0.04185325012963363 0.05174983273479542 0.015192028210865786 0.07394755423261742 0.0494221126232869 0.06415280571554713 0.07762966930985561 0.0563297533055355 0.061783288832522286 0.08384613012079885 0.06048726463569437 0.004650543569141833 0.049552277211927356 0.05555546911362892 0.02147005473624173 0.025230599476500155 0.06600933947088905 0.03389666982741927
11 0.040294690491452186 0.06629852519835554 0.01036116044083259 0.06995193621805028 0.07500694427391276 0.051454151966372604 0.04929141194629802 0.07044797069232885 0.06208479028940412 0.03128729644314249 0.04499345996383062 0.08248517558163855 0.07461937011131141 0.039853239066833676 0.01609778733646697 0.062405218513606954 0.06720118114789178 0.00038885205113139065 0.052350763987387694 0.03312607427975152
12 0.009476951282298536 0.019553493346704285 0.007280359329999988 0.09045243258549837 0.03872457123779837 0.028198557022482133 0.0028021002524907302 0.046314114209796975 0.08481626891249226 0.09064758243989021 0.0768682991894067 0.04742523239563014 0.07122689335794002 0.07339500037340398 0.008960782569808817 0.04152409902787014 0.08479456987597869 0.06142835870210869 0.08608735119747032 0.030022982690930743
13 0.012993037141099437 0.05824501914536515 0.072061011915312 0.0760594195887937 0.0019480812327507895 0.03764854352425278 0.0872060870687822 0.0622308042061013 0.05196192207200073 0.07770364109940849 0.056480031718742926 0.056483023198794106 0.05129566405725498 0.07769825222325848 0.014230700503461431 0.08727189074164221 0.01311035958266307 0.07431067753236534 0.017674031365689714 0.01338780208226134
14 0.04760753122374012 0.08083629820095115 0.05285285689948174 0.016047243048811135 0.08989918792825193 0.054100091979235626 0.04333242423097305 0.02519440355711942 0.04714114936057081 0.07511849040211015 0.028700373159673696 3.227784136074168e-05 0.014730317204736913 0.06702603717581646 0.07607317352047933 0.037328364742040314 0.06329484135725864 0.04582497451285545 0.07289024730810166 0.06196971634643176
15 0.11544151569162898 0.08724632702703419 0.09651889672110825 0.02683610799264186 0.0504344267511493 0.08672647562117734 0.07325778432989681 0.07175470175550028 0.014217377490633468 0.08111024840083204 0.02777309569493179 0.00034317037562146894 0.0012348594056719425 0.09701445030605306 0.007711901620714611 0.014770732015563323 0.039578483967895074 0.018057126670883234 0.0032086422804832758 0.08676367588057965
16 0.031033431718482555 0.0786171504252109 0.0033778002742520857 0.03935148235132211 0.0663950380358996 0.10497791343882971 0.08298095358485946 0.08502914575687277 0.022724977327999107 0.012956327055448608 0.07239539582784561 0.06710178319814603 0.08549887281290354 0.05359399325691711 0.03104183150934096 0.0043191091488269 0.043901230789345186 0.03301993687843804 0.022258134052193842 0.059425492556865835
17 0.012494483665467444 0.050690953203015296 0.034217207823297735 0.035373216807544225 0.046576819177764836 0.021288034821154173 0.08884665460185734 0.024635966770932577 0.0888822189797518 0.05962558141003789 0.04568560016794902 0.04330741278279882 0.05132046993519023 0.05532268614146269 0.0751141900296808 0.049461684928290214 0.061159914819280355 0.06611233655741588 0.01638521954192237 0.07349934783518636
18 0.07376516955683418 0.07010352043721549 0.009615308825397871 0.05576974146008314 0.06942891263802911 0.08346425746488914 0.019546438801696826 0.0026587200730894705 0.08169784592254492 0.018991815727427315 0.08280923832397656 0.04368307500387894 0.04307602644305682 0.0361880745783692 0.057569218354257504 0.0054929392769411155 0.03140415110772253 0.08606817932160442 0.029686708825380572 0.09898065785760499
19 0.0826162998907923 0.03888974678377728 0.024970104236154977 0.04738022322277534 0.013451143237006956 0.07372624694154975 0.060945625650100185 0.0333615600915113 0.08375772435700476 0.03112205186547314 0.07950085906354304 0.034686909967401834 0.0010355481619446056 0.07960594353382797 0.07519960890642306 0.08238622897938365 0.009973883530137563 0.04243474169924592 0.059699283529159076 0.04525626635278728
20 0.01035108677415031 0.018046792991392956 0.040883588476352165 0.09231387984716835 0.06036139286515816 0.041027852434609165 0.02699227314825241 0.05904912516242621 0.02992036796143228 0.022360585803398298 0.05872578381475265 0.09659870393787617 0.07936390505700006 0.02680713509144772 0.08706983042127357 0.09097254088633741 0.04283906538297487 0.022948631937877245 0.08006626850701723 0.01330118949910238
21 0.0765154709016536 0.10998530041880503 0.05518130307517752 0.05012896165269868 0.009616981104859477 0.07824044250469289 0.024622147451777286 0.024193100347498834 0.0957070228763211 0.04402449365593504 0.023319009183221398 0.041749902109927364 0.10194659570631075 0.09692574005221297 0.00905096748021641 0.020096437527180884 0.0003806634999141328 0.02308823724136427 0.004732066970300161 0.11049515623993235
22 0.04891763877853844 0.07964150806849749 0.06903446458532646 0.029441015048400396 0.0035937561630782194 0.03503016973599139 0.05704355744694384 0.06766669020929154 0.011964456006102835 0.07963697752595013 0.05058918865632902 0.05311673706526926 0.08796405304560886 0.037329114965252784 0.02211128062823 0.08385628340168533 0.062091012913770956 0.061001898971422656 0.05688467835202946 0.0030855184322810723
23 0.11969830599818064 0.003969715431778755 0.057124496899800696 0.051569732623156866 0.06760506849286359 0.08306204359498205 0.05379668484883589 0.1047788684892126 0.03325606219185801 0.007945472096866224 0.08667636716308232 0.05764741860590709 0.002479620244793002 0.07844888507691825 0.04906368960110219 0.03646209771104859 0.007370485908127582 0.02328674833485756 0.0637522222982596 0.012006014388368349
24 0.020067235440355862 0.06022525530045828 0.03097822459996655 0.010403410965623458 0.03935698534223347 0.08493536455292729 0.03675722254897178 0.09271757355701651 0.09078118491395151 0.027858680981581584 0.04676603693534982 0.014168082878427397 0.09091548097805006 0.0590891972357321 0.03300935933847282 0.0430826841395156 0.08532930349696183 0.06303775635857894 0.028310390905519373 0.042210569530305775
25 0.0405113818204585 0.06911853261177373 0.07705809428991309 0.07933260280673725 0.0764665239407872 0.038714221424936135 0.045954664326544215 0.06026501967529585 0.0689150715992039 0.03880970803386217 0.02014527794807582 0.016622528126990506 0.03216885752514653 0.07394716288146853 0.05897306745905146 0.05779599958574512 0.05369002155227677 0.025651989105404286 0.06031801454227594 0.0055412607440531204
26 0.033798950531675864 0.022926812893136726 0.05498540725024364 0.015383621574907289 0.05654757899280351 0.09025194635026405 0.006448615957781246 0.056890003060244256 0.028936895152694594 0.05585910709242892 0.058804296748792326 0.09806273375805619 0.031199155200257057 0.08231981081302187 0.009794197857166342 0.08385554242191846 0.06759673192705484 0.061068306564642155 0.07344507344825983 0.011825212404650686
27 0.03634262798128911 0.03199795420056136 0.05990500286215125 0.046750563930179255 0.06523160008523571 0.05971130155718715 0.038982833185070294 0.05397807031868144 0.0440789348912006 0.037290282069465996 0.047230078993520455 0.049727774583598665 0.08488294319837356 0.07813987071519006 0.015350766159413864 0.08016269024106473 0.038198729604760555 0.004492818138385525 0.0856441371706407 0.04190102011402968
28 0.06268750688831438 0.10317149582839791 0.09989793081197465 0.07782492141085531 0.0646376297554461 0.07639952512754565 0.10191945274733372 0.02293585901384684 0.0030264215480451744 0.012208536735040111 0.028932305891752594 0.034624243496836335 0.06122344426942604 0.08793821109617267 0.009428614620975252 0.011922434053433975 0.05902212939751398 0.04345784505328675 0.01962271254981968 0.01911877970398293
29 0.0003954033093644601 0.1503852503568074 0.039757185492435794 0.05414403042752573 0.09324631651331342 0.005585555165349936 0.06428228137937231 0.0634703955277405 0.05444410264380407 0.08319461542263465 0.03655463455951117 0.011970585203785494 0.0010587529369094509 0.09785290211329084 0.021046614245951757 0.04579827315742233 0.02731965050528995 0.04519223598883455 0.01910844091880311 0.08519277413185294
30 0.002006065781326683 0.016781674128008576 0.002553417207701205 0.08989007417773485 0.03318550686477755 0.030061972981609675 0.07133275737072978 0.03521812775837385 0.0225213619687068 0.04147510960140664 0.05635225552040135 0.0395444088595426 0.06719391498842717 0.09069671761260069 0.052726617554439775 0.04903179712598394 0.08135873630198805 0.06284475568993352 0.0759296482912803 0.0792950802150272
31 0.03802397173609346 0.03611429144914125 0.0714785329521426 0.05507284967453963 0.01907225548053277 0.052089239792599606 0.064937967024001 0.07139348497485085 0.005676364160725021 0.03136927982738872 0.015036192579688247 0.028058292664825978 0.04557354662445679 0.0812987000904018 0.10084828627226752 0.058594595091417276 0.023694722828730964 0.03049576934226066 0.07536453253235362 0.0958071249015822
32 0.08531967736679376 0.039151723992686474 0.0007213476810257966 0.0638162502994572 0.06398435901430403 0.07050652943242794 0.05573135365520821 0.03271325727668672 0.0526256660386373 0.06322261991829828 0.05659297147450707 0.061863236807113864 0.02386212709102835 0.04733606766517243 0.07518504062275601 0.05872594123385513 0.0006650444695804114 0.020450272493937834 0.06651217218720518 0.06101434127931795
33 0.013717830891509993 0.07517763519536375 0.09007627082294664 0.009185911135117493 0.013900967464844724 0.0444744721004228 0.05318342531294859 0.06426740299443212 0.09304010911735795 0.07274750166735398 0.047781228017774846 0.03250869991700211 0.01588618094829888 0.05845337218807046 0.0497054920087447 0.031246365199453594 0.046929484257840354 0.04069582489167983 0.07943770028276867 0.06758412558606848
34 0.060089733346642624 0.08502468003245185 0.02140144048805604 0.020510108000662417 0.0652487853178673 0.07760284728759283 0.007225657698557328 0.02129896145195359 0.05890242881230069 0.037770223295826376 0.051010905368397856 0.07480373903415999 0.01762498760257031 0.018971177422393203 0.0648642207410322 0.07471180549692115 0.05468320915709426 0.08380353114982578 0.024940007707023683 0.0795115505886705
35 0.08779746182203634 0.0027224000166436294 0.03044750133490586 0.054566391625209765 0.08206433268453087 0.03713168221737239 0.08760463932824804 0.022764027989818487 0.07846133732419411 0.013646315335934517 0.03873644731105975 0.09165373137812212 0.055982183377196446 0.0686041512855744 0.04114504431380912 0.08705709203694602 0.004858228151279216 0.02745702864090951 0.08035491595147762 0.006945087874731588
36 0.06963007214252488 0.06608299322482694 0.012190645802068856 0.016038775312968972 0.033323822697636035 0.032675445046589355 0.045678591809682985 0.05104292633865838 0.06172988730747828 0.07475399636019395 0.029573660463401735 0.024072935071077203 0.047022267319230454 0.08886429575291557 0.023429650335480823 0.031347428871723655 0.09364875603889393 0.11905440455310752 0.037487233037743505 0.04235221251379693
37 0.07859157947440479 0.04695647414359823 0.02452041527177023 0.03192292593772732 0.03296656026172543 0.013022545570390051 0.0018067601743169174 0.08500900139608712 0.0687120650939413 0.08407777661133162 0.04231178949524482 0.07213188380447194 0.04336030964085162 0.040001750984519954 0.06945845919607396 0.04862963014125829 0.08954064190235046 0.02525921569427241 0.0470002352133164 0.05471997999234713
38 0.05315247596820418 0.07972352251610186 0.04133430657526416 0.055568616867529896 0.04287803828173873 0.06636989435185345 0.08293936435456177 0.02679746476425642 0.025439397618708875 0.026825746223129974 0.015013684753497436 0.008776844537482313 0.07391382620418815 0.03428566651017125 0.09060588074769121 0.08278961667140534 0.0009542275504980392 0.062267556814818124 0.08401168642030803 0.046352182268590725
39 0.013965870507480806 0.041080274939190316 0.040741100416847836 0.07996566711050858 0.0810331990459316 0.07080930745832041 0.02284054977596342 0.03959982596316024 0.08060186062076645 0.009712530849844508 0.05859851541872417 0.031421136453306284 0.08442169754597333 0.07104480597155642 0.07700341498543244 0.05859080484591822 0.026436699935201684 0.03231443233555653 0.014397485557023266 0.06542082026329366
40 0.0607265762001547 0.003404092170447822 0.08702133237878376 0.07419927426198548 0.05722547667782003 0.04587924932479531 0.024913301856320715 0.08492130120641316 0.06503657604300041 0.0680211666456567 0.008401129225691728 0.0007308356512222728 0.021260700193562646 0.04239981983897557 0.10024002426325786 0.08826505428985552 0.04188434552328732 0.022685248671556055 0.0677874304321602 0.03499706514505266
41 0.0483566938158092 0.05397140116467622 0.07046794840469761 0.03305223914462842 0.030678243707288097 0.06420909424429662 0.07240694990863963 0.017661658058775894 0.04803733717227649 0.023561237872496487 0.05787593992153993 0.036901313134602105 0.04598233459278176 0.016175316323331655 0.050575234198406475 0.03952666680792102 0.04337003200807782 0.06856580717636827 0.09138973207641803 0.08723482026696808
42 0.050209003064865046 0.04562004058940904 0.014359471259719508 0.08312490626125917 0.07396694206467248 0.044325556199543176 0.018647408944945026 0.03948091530780976 0.08576354507511064 0.08576164479501851 0.021181175290433816 0.052410085421947146 0.04572421027560636 0.09366891379130204 0.04164555881941897 0.005413550956137868 0.0809517996041672 0.09178467871832853 0.004935001591136942 0.021025591969168533
43 0.08829997630187407 0.027981703884654333 0.006590515442570295 0.03143919659613699 0.03851964385256501 0.017763558515043514 0.06276391407045517 0.0034364904972058537 0.023043547401642477 0.03578955960962517 0.04721059251312953 0.1206583590973153 0.0795530321854292 0.05827611816663736 0.11390107146568694 0.011016879388599252 0.0245866343858027 0.11132553851982153 0.030623388481657708 0.0672202796241476
44 0.024701773006356984 0.024282428377567573 0.04672979159179714 0.05215453413913857 0.08185872971035806 0.03326774370633255 0.07136712254711527 0.05749755062958485 0.005874578279218501 0.0156904047938443 0.08773535076391653 0.09200420386005441 0.08426066679361942 0.043810424923761214 0.06524790485161937 0.04067670770728545 0.05988094244929832 0.05838139557243108 0.03744902036979238 0.017128725926908124
45 0.07344954311515785 0.07438691831762834 0.0017542755592725478 0.05516294938256002 0.08663309634755068 0.06817256995748472 0.04892177748939063 0.0015270340947353583 0.03377044684982825 0.01952175092847484 0.07169927801569952 0.0946270778081741 0.057354835177843205 0.07643627237156188 0.08235093492630516 0.025740425203918296 0.06740015341100254 0.009149155844021074 0.0018464581595194942 0.05009504703987146
46 0.07462642524312543 0.040896682897250076 0.05612155309879879 0.021907015874048197 0.06235034492200516 0.05822593894149062 0.009970517218441704 0.07725305014880131 0.08396217869956872 0.06565086239383008 0.05351233256200309 0.07846542528091337 0.018777143189745722 0.08425868460590204 0.051612858836882276 0.055746409384143755 0.053372932384542805 0.011978499990119674 0.03256085760429366 0.008750286724093573
47 0.03869378385722769 0.06937257603893111 0.0686623433702647 0.06009187062761711 0.06168129805922788 0.06350705393362052 0.07241174502236422 0.06213235563505819 0.032933798258888716 0.025295259044819433 0.042892977828033106 0.04384329429004331 0.047614553586389975 0.0619487473093151 0.07238712338753844 0.07393547168115686 0.023191581739564135 0.017252682121504704 0.009750623592744503 0.05240086061569027
48 0.04231081951309427 0.035520665338815476 0.06165356102520501 0.055544115366564124 0.011778211125316402 0.08378576616117357 0.030399240593795927 0.07138328027253568 0.05916271228665697 0.08442431324172288 0.03797808045977272 0.05875614590902779 0.0483912178445184 0.029235880142322014 0.04070189260979589 0.06126448952254935 0.060882926571508914 0.0029690502420744664 0.0925104274172194 0.03134720435633084
49 0.025030699251388216 0.01012198435964107 0.07183460253266774 0.010407114999931254 0.09578648234437663 0.0424860698832347 0.10711923399088442 0.0995383888736483 0.036627329762808816 0.06376823250938751 0.06520704628731393 0.05796269593967674 0.047457172375289965 0.004411581758903711 0.023995227425914582 0.06506091805075123 0.05706914516215513 0.0012909717134129892 0.06532052213225484 0.049504580646358334
50 0.11341521609429735 0.03579990050044342 0.005973080219995241 0.035798645279972285 0.0009196361530874569 0.03907373410702845 0.02010991941295489 0.049060449528695656 0.11188596294939426 0.04734626739768878 0.012465327567131444 0.0023795605600919014 0.05838990742802781 0.018843116983440943 0.0532722471051308 0.07676652721923354 0.10671992113631044 0.08533454797000274 0.014058037366491381 0.11238799502058101
51 0.0976308841954243 0.025451838207507006 0.09399547076967525 0.07106539323489526 0.022008569260158522 0.027397323617551924 0.012302850227774642 0.06447428634460341 0.04574382164048045 0.057607072954474293 0.0989356274497678 0.027126584419285244 0.07661875585636406 0.03988473386753865 0.04579989161938723 0.09242376350019413 0.004229544611689326 0.009144689418190011 0.0115082251608522 0.07665067364418628
52 0.09643620097999077 0.017216012872166012 0.013078740529293033 0.07970502090949826 0.04372393972740213 0.0321189505792104 0.0910696596844554 0.0956448795556085 0.07673915642980038 0.011642028200710064 0.04056511538715166 0.046166072457363344 0.08180373319950426 0.040729320515608215 0.062274340591327845 0.042887831390382755 0.03817333587079184 0.0543952873500167 0.014452390270216718 0.021177983499501563
53 0.09217495511849028 0.07808674085549398 0.07548942115188989 0.08792071355335462 0.0324193889647228 0.0918949147419039 0.036814843665127286 0.010300071926857148 0.013562704823486088 0.07864838392103632 0.004655422907757655 0.02293072589356609 0.045992966578572464 0.04426855877264944 0.010995029482060938 0.07590679391761852 0.0417394904181956 0.0435307420646423 0.06993653894463332 0.04273159229794141
54 0.04667776876362827 0.0806686759054234 0.029391561840058034 0.047110920037530556 0.02223771269017793 0.07818985317265773 0.039378662902226615 0.018059720556558714 0.02789514174326976 0.032508985872462176 0.02613868038657209 0.07816266504845044 0.042929089074623304 0.04956038759050662 0.058798890296767124 0.04149427867665429 0.0855270999569612 0.06952159310707177 0.059474279670821424 0.06627403270757849
55 0.03798890953973197 0.10230317866768103 0.09441667805181798 0.02387259457871351 0.09736832585024649 0.015726439867290443 0.014496928786431535 0.08205953617834234 0.00975553308872391 0.02801786714443265 0.07643826911186792 0.0954378668801163 0.005576077360709989 0.07312890320232784 0.056510432767298245 0.005339953075694796 0.02577588950878353 0.08490257242570756 0.017880826081130986 0.05300321783295101
56 0.07083044053244027 0.07702480952840368 0.05986479760338103 0.031393654437139464 0.022931577316625693 0.06198802130499862 0.08629013556254546 0.005846778800912195 0.05986168570327552 0.012525550440154 0.04640271193433972 0.07246720511853912 0.06566443280892115 0.0013519901832670493 0.05839735589275628 0.015229145707386349 0.04082731691223057 0.045451881567924304 0.07600485939802398 0.08964564924673535
57 0.03806860947760315 0.07964277396287003 0.04277083500561854 0.04955027073491922 0.09302656445277888 0.048853770933449975 0.0038460528689655002 0.054148614818886005 0.02173087997427566 0.08135984831547287 0.06356791042717849 0.0006864097559465853 0.003669623089453798 0.08533768595695339 0.08104131488720419 0.012827943743414592 0.04698379987973208 0.08755219597013435 0.0197257732519588 0.08560912249318396
58 0.02607012444432312 0.048575724217039595 0.07978163058974129 0.07429938931971676 0.05126396733610949 0.04293144635076307 0.056413239941532474 0.045061283841857286 0.055358716062593856 0.0741335857893739 0.047752102827908496 0.0004518714516404866 0.07224836754548578 0.06988502104206863 0.05635763224754945 0.04762313715519073 0.06208921343108122 0.017076595684746104 0.0034116694292672914 0.06921528129201103
59 0.07005720123097799 0.0635333196005459 0.005606890498840146 0.027735486189978797 0.09513190199990479 0.0292073714113213 0.0003830435502951385 0.014246022691742627 0.02671321810532555 0.0009543342952933769 0.05992671781957182 0.057783869806098065 0.10865998833722904 0.04331241906799445 0.04836828862836157 0.08372002378748478 0.09574046420493983 0.00892251994964969 0.07884989907016204 0.08114701975428294
60 0.02708107290893317 0.07885375698077784 0.05504966558529515 0.0759091800001148 0.07345524737128219 0.004579643940262213 0.06022993599817124 0.08367306914702571 0.0785070450957279 0.010730177993119556 0.08849763706751236 0.02920258468991104 0.009500514348971114 0.023518391654589254 0.006691395929372789 0.04509589747820552 0.087775216972133 0.07563210839968884 0.05132631919419078 0.034691139244715445
61 0.020377582250790824 0.0647240879398023 0.03770522007039194 0.04700595337009859 0.06588278696133403 0.06705990795652657 0.05206493184881951 0.06174443331652937 0.06912314095290162 0.07553582784466147 0.059079988760180016 0.06815381927274142 0.07719882674270324 0.0013396915845570489 0.04187577558237478 0.05774274512669011 0.009023502494062231 0.07388024197681924 0.04652857230022279 0.0039529636477929385
62 0.08797977253343996 0.06062211199067407 0.027021611334491196 0.012906964559771939 0.08385989364015191 0.07271014318014601 0.0641124163016794 0.051145813401519274 0.07946724121536673 0.037071487398325734 0.057687604184583706 0.0012400160806105866 0.04892259398376682 0.03612699110745639 0.06009246581188694 0.034915231725938474 0.03905259569945692 0.038155051654862604 0.04959532285952234 0.05731467133634882
63 0.0015505801074395678 0.04851548064780131 0.08896690328803336 0.06975022068334195 0.07969705404932392 0.0810886746101763 0.029972193581204298 0.050953011152305466 0.035691512349357 0.054075528362266145 0.009157179271512932 0.09841076523828819 0.052563713645444 0.03700384557547539 0.07287918297722512 0.04442492998374228 0.04810290337846227 0.04523838585444678 0.00024031419054872653 0.05171762105360488
64 0.03470995590823804 0.00042862247095082264 0.0913044030627939 0.016086982128060066 0.060934929914904123 0.03421812351026534 0.0633057201838631 0.004747581948626926 0.023973499845233923 0.11488121783799139 0.027087636973568953 0.10837106602042583 0.003576144425317531 0.023705766955182315 0.04382474270948868 0.0676189704491393 0.021757325091340523 0.07843367063154436 0.06942071407453648 0.1116129258585284
65 0.038099706109874745 0.0012503274255254151 0.08623390596539925 0.04881629247760599 0.055439189585652915 0.0551282258024551 0.02777521812112953 0.05472151919941965 0.025164033543714225 0.0540027901598509 0.07564593184859175 0.04907621726710929 0.019255686485791304 0.07343632690612378 0.07779790201252634 0.024450641567061407 0.0665145414855196 0.03410868540063168 0.06377660234400108 0.06930625629201602
66 0.08582740886264925 0.0450290786884612 0.02227613566126774 0.011541335116987805 0.06941336178180574 0.084494525902278 0.08857426250208572 0.07016936897864849 0.048726789843106445 0.08805065455023815 0.006208501247216938 0.08058725501883587 0.04760438816768889 0.0428730398103322 0.004273056171153083 0.03947854058995609 0.06524222805788794 0.027982182000164547 0.008256030027109056 0.06339185702212677
67 0.1128079732633322 0.032116640211825705 0.01322905275550626 0.025098499410430873 0.0010073520744602645 0.06281202073975643 0.014065281870202504 0.0048478213988698 0.020513383525236194 0.10071467689408739 0.08350256065093335 0.03363497905674032 0.06660714194684048 0.007308891778194812 0.052945823346476524 0.027565928233336714 0.13152297115008152 0.09304556751862882 0.11108124939856882 0.0055721847764910425
68 0.0808525128022188 0.044648442522877176 0.04494247649860935 0.0869320098817023 0.05887576188941274 0.05149339805666903 0.053932750106522424 0.021835494568980516 0.05578455638259077 0.016878952213015493 0.06068677540317025 0.06241874962531646 0.06752921824104725 0.045144345047888265 0.04334492178830828 0.011806769025325067 0.03131372719692214 0.07324141847453738 0.012217254219274875 0.07612046605561125
69 0.012192819311856704 0.050892109759831675 0.03814083515655787 0.034359237740514796 0.026144517007628768 0.10506090754718247 0.04522755440059787 0.07968916796249122 0.05092747976408153 0.08367603252246449 0.06381780237341526 0.09404668674781211 0.03260323870789992 0.0735795849346936 0.03208362646832438 0.05094850853296358 0.07449453444354348 0.0033607069451082106 0.016539378471385965 0.032215271201646085
70 0.08410691797874659 0.03840616506258831 0.019229934315871805 0.0152850730721841 0.06742638294953263 0.037343515509525325 0.09182289195615456 0.08022156365217432 0.002258830061579361 0.09180811787615327 0.10390020188657746 0.013581776998869323 0.0042882952578727936 0.010146827940472353 0.0031690162758342697 0.0698460481359596 0.038747190705085484 0.07841690956323834 0.07884852386198159 0.07114581693959879
71 0.025367369617231985 0.07051507152534836 0.037927789694735675 0.0035030536094632025 0.06478006354556616 0.034999137392952503 0.04474356141736267 0.06264287260590311 0.07319021412998036 0.03617234876481651 0.07252265321107469 0.05606873397284732 0.0004040155611539443 0.0576489151261793 0.0754537977578034 0.04540492080160603 0.04549687116346083 0.07611055753068627 0.05564686549044387 0.061401187081383805
72 0.08407480052332064 0.0620733375396561 0.05079566363458262 0.01010883007896983 0.01738879532083324 0.07792652304218917 0.055254680056033574 0.02315803409748467 0.08660352823161724 0.0698946969517 0.03130774708854317 0.009253758711083625 0.04820289315928341 0.09093843943050126 0.021316258245103113 0.04679744398114159 0.0983242909055955 0.08876094742537359 0.0254784184470215 0.002340913129966356
73 0.06278199597548259 0.005436723265873456 0.06311971550946614 0.024437068375903464 0.018766474158629327 0.05741078732439798 0.0024936286292859644 0.042501390483666204 0.0062731416337208305 0.06577070331837293 0.026356934682850632 0.09302577627176728 0.03734541446864987 0.047767980934365926 0.09297204962900875 0.07295646117899715 0.06233297874365975 0.0872439241699758 0.09660283025980464 0.03440402098612124
74 0.003743228038091584 0.07569589861893956 0.03812298344085195 0.031304304084554695 0.017588025454200698 0.06757054335565747 0.07879130016995435 0.0656511640344375 0.06445837846037833 0.04085676597158341 0.07200809463346314 0.055495173026783536 0.047059199369554716 0.08295576941723097 0.09341973717318369 0.020281478758991427 0.009170353791187578 0.0647799372259416 0.003471175194195806 0.06757648978081791
75 0.04747235091732916 0.010278181373746632 0.1066574129377142 0.011517097699080825 0.11575596128727768 0.00848503700741169 0.0035109824305739187 0.07365433889037314 0.11304834638015346 0.013405922609895895 0.07629792807053895 0.011109520687357924 0.08258963064534133 0.03972220982909119 0.06403392735118499 0.07792287063238984 0.11081408991608846 0.01008617979624511 0.012609165379338259 0.011028846158867383
76 0.09125204592128158 0.048519100509652247 0.09657426312141922 0.04237065448490442 0.05149727692059903 0.10117882495770793 0.017330886724855055 0.014946084084551432 0.01929403006037927 0.016248290920773834 0.025524519483769596 0.0770988408024074 0.013043429362759793 0.046363575792975155 0.09743649830915113 0.0864914791882808 0.0027211858519338534 0.015072401919725233 0.034693814207527575 0.10234279737534578
77 0.08526256965444319 0.03829226008985936 0.08769057659061258 0.051242122711173815 0.0730115617261863 0.012635093308534654 0.004601152566799461 0.026702398107691063 0.06426461187719443 0.07536466338361845 0.039483100548490586 0.043185538018128695 0.0064602072563925686 0.0619880990400287 0.06452644269759553 0.083905419497235 0.04477086963531752 0.014362409223833346 0.037659109127460906 0.08459179493940383
78 0.025389907546588816 0.018272030605086805 0.06592578126094346 0.0023862615111211794 0.05928693211241962 0.006670438524763034 0.05802530750601394 0.05237746666914709 0.0973000214397134 0.07563529892474154 0.05996449457101173 0.06316960303551315 0.08950804958524937 0.0824550847829309 0.012685956569212417 0.028561237142103308 0.05446415425084619 0.04099320759323164 0.011558898133010557 0.09536986823635178
79 0.007699387830906571 0.04041288718264425 0.0969780862010572 0.10753449414211198 0.05483334931352042 0.03699461478398616 0.008798167051337919 0.008179830645760661 0.06623175082653453 0.08956247249117534 0.03889676613475944 0.03235738810946272 0.10364897018617181 0.10410310703930944 0.0710477147698184 0.04453807900055488 0.027275186645083355 0.016832275574818856 0.023860766787681568 0.02021470528330459
80 0.017404455437520797 0.03373977031070534 0.09092206091504655 0.05268673996829744 0.07622309530783271 0.04826015112141276 0.051537187368283686 0.0766736515511406 0.0674812486155032 0.061328943886805924 0.0835903721307579 0.01281673887900214 0.08678373292810931 0.023537082691283656 0.006668078815062332 0.021293676941530268 0.07205981667584944 0.056225599240720084 0.02834626139421952 0.0324213358209163
81 0.04429138355786027 0.06240315691424307 0.05938342247744671 0.015750485797117426 0.07620486088375662 0.03619209253057877 0.0006043808943199838 0.0934146453569633 0.021985134947697542 0.06754121257540442 0.060330670477184364 0.09127248349296348 0.031190589505765323 0.036221718676024764 0.0032803652107749937 0.056668410745435494 0.028912812759943653 0.07807581673196469 0.05654792487159811 0.07972843159295721
82 0.004861427000675967 0.08554952858537535 0.10134215395590201 0.07132851734270491 0.011329426471280454 0.005161797914491158 0.0035527726004895336 0.09717871768187399 0.027394279617406567 0.051123864242529696 0.06875850047543032 0.09320178820583515 0.10288505714779692 0.10651882935928687 0.03141297878302862 0.0264100084323004 0.0251268335622127 0.01116936532598344 0.03354994998367863 0.04214420331171718
83 0.05640146285098564 0.0608588713591011 0.0560880526815456 0.05369570677071102 0.048240999219369085 0.004430985968916407 0.02343224501471435 0.03712103735994239 0.03684109991275713 0.10218120535846675 0.05494932735975988 0.02119564132798104 0.09702482997483189 0.06252833489275687 0.0222176133275936 0.06914043654082516 0.049509276817655004 0.026952009240865084 0.022177774538210376 0.09501308948301156
84 0.06583269495952543 0.09212289582034028 0.014576636041975033 0.07273317756533906 0.084464511003873 0.08076927737494964 0.05674500232715529 0.003242059262322497 0.012722421162507191 0.06476883187415804 0.012537392064419632 0.07627827543751924 0.007706493369927907 0.0325808030588999 0.0865662319764706 0.09513997535201917 0.010164057399952364 0.0949443617937909 0.00022687942101861145 0.035878022733836216
85 0.09923834257085211 0.07563696617771794 0.034340554390238864 0.07949811851907572 0.06063541541338992 0.050103990188033846 0.025012257202545334 0.08354397646829928 0.07290742255289223 0.026345851266594666 0.05129141257183632 0.03965498496034194 0.014054994612216319 0.03266186545815216 0.06709175541330924 0.018825113566682306 0.06971503038831313 0.06242755845305165 0.03513108496272422 0.0018833048637327307
86 0.05331424851032524 0.015048141620968047 0.07332651005434457 0.005219699308263986 0.09163545348358225 0.03801045799775523 0.0608706556341634 0.07135783019791964 0.062315511852662674 0.01908981761404787 0.07476303856137412 0.014173701103548143 0.04856593830669658 0.08500022013881493 0.03935921055971189 0.10285445538698851 0.03311165492869825 0.04957695783776904 0.016988458229980595 0.045418038672385086
87 0.03220081819145977 0.0735497345498087 0.021077638585337375 0.02648673441008481 0.06481338408460025 0.07870593926237508 0.0370455581736037 0.03854802671694389 0.06731305502448351 0.07159610567524645 0.0249825690520647 0.037151441541531494 0.009339424696263796 0.06195805911869291 0.0935259812475623 0.09661757045973864 0.002313337272113973 0.0416844945852884 0.07876056633384787 0.04232956101895261
88 0.012920423230558092 0.057495609017063666 0.0010103543172746904 0.015240554887691297 0.07972375026880364 0.05467459373312391 0.08942383179347622 0.04751375976432266 0.10336857442563718 0.10038143514183073 0.02276902487323793 0.020957661692706134 0.04510909629948139 0.1074514017962062 0.003843935687836221 0.03958674229131717 0.053122660139081394 0.020282639483769693 0.04882892149576866 0.07629502966081309
89 0.04066701640345121 0.05819295678943836 0.05408241336364684 0.08862738982735213 0.09248957847010347 0.009442828362858615 0.04120548093945455 0.0735786577890458 0.012201012573687818 0.010620123290069668 0.059641542999178156 0.041671372833034 0.02147398765337888 0.08449473106249793 0.05883171637449643 0.05285336095321404 0.054365677140381326 0.07480570327736434 0.05611286356099312 0.014641586336353167
90 0.02354309263882205 0.06109048477910414 0.04869661703573651 0.07560185599948038 0.06743486015849821 0.08366302737707491 0.05644536897513645 0.04873432046645667 0.01709413538665465 0.07695710485497188 0.08925692883735961 0.02866729152217344 0.058909512549972814 0.05478542065330148 0.013289688999996172 0.019871480760469285 0.08121078556614868 0.028048386577795653 0.04096997449099445 0.02572966236985244
91 0.06462542709545128 0.01991585830739868 0.08968421752221419 0.06903959540287814 0.0012499034277766747 0.08337316750772136 0.06126683824624688 0.07763660182287684 0.05073307836052722 0.0620140041042895 0.05272323452399482 0.03628897534843421 0.06512568734376495 0.0544324224845079 0.08131882972586645 0.0501347609052629 0.03680722970137463 0.03636889753673387 0.0007243678332768251 0.006536902799402466
92 0.022889439071609168 0.015502050435792902 0.05667004248020838 0.09569998517812604 0.025950059995620653 0.03989340403017471 0.01631654524082055 0.0835335077878718 0.030942712368874394 0.08988698580217548 0.09479658514667308 0.08128993466360124 0.006262498732357024 0.05698802742144668 0.0874130418820422 0.014889399900058355 0.09144861861311747 0.04330812214325872 0.029365121985534457 0.016953917120636784
93 0.07933451483351994 0.0791521948092466 0.012535410955350679 0.04571384124034756 0.06770855791991284 0.003404359933371317 0.05976821742089325 0.050743963282775036 0.00922091524419691 0.07764170316052144 0.043964317984846304 0.07104156569178456 0.04417956624571232 0.047202194447412006 0.04562187461783149 0.05908587369659107 0.08340639485771417 0.08810385433498388 0.023199516753429524 0.008971162569558998
94 0.09902666928282475 0.06848126313226638 0.03188188423020501 0.09823588981494613 0.08514132960009614 0.007988059614822442 0.030885776493767114 0.03628391556594832 0.06214005883999733 0.007692725440891004 0.010680516376872512 0.007345276257204596 0.060664742710357766 0.04488832886982747 0.06595563008768958 0.08204703419642725 0.09758334038884683 0.01850520377374357 0.0013787057969270947 0.08319364952633887
95 0.06477696555021992 0.12048808481618808 0.09432064708101927 0.016889252671728982 0.007691756940578054 0.11567999384407762 0.025810422306873925 0.018539818557463637 0.014084404323865646 0.013426473852206135 0.009551840922019819 0.05345840982383559 0.037031696260913946 0.07982876688440906 0.026490845677221746 0.04488306379104016 0.03479778064568567 0.081555105668051 0.11950499261264251 0.02118967776995907
96 0.016451873803129936 0.05157762445956652 0.04966065927350801 0.09870910261065156 0.08612887732066755 0.09297975667749254 0.01142689939501503 0.08252628503581896 0.001959475138098091 0.08168629673280786 0.03896018034981516 0.05876343679596488 0.07321232052743866 0.033849397973303844 0.0001706633276954191 0.008949546734982886 0.04319269614165671 0.030924563181605 0.049404798645184614 0.08946554587559676
