0 0.08043212099351335 0.06280815334026822 0.029008231280952878 4.27082719831189e-05 0.04221169935950059 0.04401810673569571 0.046991425256924166 0.06674837347233353 0.07324086914310993 0.014660556245014448 0.06757949203338681 0.06583896181665094 0.032686877304619444 0.07776536760852444 0.016047108378381355 0.06719001911657833 0.08082567187150555 0.049497881038551954 0.026985564021301586 0.055420812711203714
1 0.03519951915298026 0.06292402530494234 0.009754941839459639 0.03723932507822328 0.05409930028353043 0.05387482333436338 0.010495967938377166 0.0023903513692729254 0.07522653544021489 0.08223224173578886 0.0205986187693229 0.07638162498382998 0.04649121184580427 0.0170373486945752 0.028799612344216057 0.080192849763251 0.07582529468849988 0.08819546612673956 0.08124633300795484 0.06179460829865306
2 0.0023085880704625836 0.013446433975982462 0.031525662316361516 0.0912436471544945 0.008743134684225612 0.08190378740587327 0.01385221020911037 0.09054856586477242 0.026829495457351058 0.05381493112271015 0.013745778077343458 0.05606833140722296 0.09274084581293986 0.06768481361737033 0.04986233973962704 0.10532609980576203 0.03877065772661647 0.07833182618586808 0.012991655758804479 0.07026119560710142
3 0.07914404398047721 0.01854236353959271 0.07296251661132822 0.03876455619691453 0.028635915350614143 0.07506306247860531 0.06493521432269106 0.04567754054611117 0.05166313161328269 0.03452601027655843 0.08055431735222945 0.08606209057693553 0.01871282135663916 0.07467058394141798 0.049568754035364385 0.0375124986894938 0.014124774754085615 0.06297070654737165 0.04135349385284891 0.02455560397743801
4 0.07213578196608349 0.04218510587798453 0.06068880654509149 0.08146564323226572 0.05309880520392966 0.02074856347517316 0.09192144267454413 0.008910586695557363 0.02063805919241462 0.04981588458362197 0.06980353328731784 0.06057837191362906 0.0316868490087148 0.018681610953891644 0.07869029327623984 0.031345254656950344 0.09150338654646581 0.07801554890863022 0.003487439600812794 0.03459903240068156
5 0.024361311015050697 0.015341995760406135 0.023868338235600577 0.010372545784921664 0.03698133706448383 0.015776070006242083 0.10448536786268417 0.013656776440959015 0.11419514280346968 0.017758363025306506 0.004682569799346076 0.10147205052147323 0.07147124448095202 0.11609478008073491 0.03819659749196029 0.05889789824608528 0.02538455770373902 0.025525235585014773 0.12872540140230213 0.052752416689268014
6 0.05943506168602421 0.10253712025948797 0.0025293429371688525 0.05814929330289848 0.005723897057688171 0.05470579620683504 0.09694482693713251 0.04018970733569956 0.040127112430958414 0.08653001353537755 0.019814380129317646 0.052758643349829805 0.07137656023389273 0.0014795166457546602 0.051655716298588505 0.08133405720226199 0.04828470154829484 0.026530294729415243 0.08563238706621437 0.014261571107159532
7 0.07562226970448642 0.03789418451144149 0.06703884951946514 0.056514472886685305 0.0671421010176559 0.01652130884391096 0.029928924261795244 0.02001163699801522 0.0864488681041973 0.07030695324844342 0.015527566225312752 0.020668773208968174 0.02494518911275233 0.06732990846221272 0.07927658947999444 0.017474436720660073 0.08033450745022748 0.048731701741929874 0.0904009450699686 0.02788081343187718
8 0.054381664949988 0.006766340596396202 0.014545000484379665 0.008578124517823242 0.08639578829747599 0.06988410104549261 0.050139376705903675 0.010256608559843502 0.020318293515929047 0.039837039149651414 0.07202082890466278 0.0912427101892098 0.09243520789875077 0.043279187451121255 0.025456182015956494 0.08402225747852886 0.08192436008694448 0.055304206223794526 0.02018466426667355 0.0730280576614741
9 0.00627206899297225 0.03598665268599948 0.0896411628254647 0.04221135032675916 0.03852663028095876 0.007399907408645309 0.04560027821663799 0.08979359226763578 0.04250906524106654 0.05361753812722674 0.016287647109173617 0.06120774141270945 0.06251313230434893 0.019046552887930952 0.08617383335516177 0.10411339939651011 0.08540596866582577 0.027012396897623518 0.020567946477381867 0.06611313511996718
10 0.07258638260846105 0.0003671681040748553 0.021706740665342405 0.03627193312878642 0.02323680202192384 0.0477060418576213 0.061333776139990526 0.07077708581738991 0.05814671684918985 0.06638263381099038 0.04655527002906598 0.056088477617661274 0.02141522198276145 0.0615988844309548 0.05916345111003455 0.0554811627049203 0.05952492206464368 0.07015420383713454 0.07032277816192314 0.04118034705712964
11 0.052549543187986957 0.04888192538575863 0.07728499597308393 0.006281127823513012 0.02060236980575224 0.07031972188002611 0.02859046430948472 0.08469688334707898 0.056383600523705585 0.012047369729495558 0.08481840131554903 0.08852330212346439 0.07160526120077038 0.03999791013870763 0.035359135327060025 0.03698244383288525 0.019044661972687248 0.07101069318915258 0.015882444322617515 0.07913774461122007
12 0.026263030007209073 0.004796839141859231 0.015395045311519681 0.07111984955449731 0.05930705529368692 0.06286727470866142 0.06704287876748447 0.02064598280922969 0.07977680715912576 0.07428929922762932 0.06061348401326038 0.006616241470275102 0.08746059450709172 0.03096138117287802 0.06264652936387968 0.03267749194260141 0.04450701626238845 0.05163884937477925 0.07808772349862315 0.06328662641332003
13 0.0776782461784931 0.0431354906984578 0.09761047752782796 0.018279145194549266 0.023073978951696567 0.09837437483265661 0.0737159742216249 0.015222709828369702 0.08938828675982291 0.0616459579433907 0.04974568589819941 0.01807656179531031 0.062398194505980865 0.07965680935787744 0.03365512438408591 0.08046320235956438 0.006260108067058558 0.046303551625764675 0.01512199425802745 0.010194125611241486
14 0.06591795389622751 0.07340325272962323 0.07611359059262221 0.002368574730718846 0.07605700612129444 0.07052072688342803 0.010429248874757534 0.021786367719526918 0.06811802885167383 0.033423905210695916 0.05279027440546073 0.021856049010205946 0.055536030674477745 0.05068060823557452 0.06609019092454571 0.017600829112536093 0.030816258058870512 0.07901367322478958 0.04375309713711064 0.08372433360586005
15 0.05215249690809829 0.11323742801150846 0.061445848473246044 0.023582838174166475 0.08680251721073966 0.032522703848394244 0.05632641458085473 0.09699861188672744 0.06580217430739854 0.04974232435817756 0.10545889467041566 0.04598065689906975 0.004194060870156207 0.02196715616271332 0.07615617716246725 0.06736912481415458 0.003215172578478404 0.014683802758106584 0.011943652974171817 0.010417943350954957
16 0.027301757605136652 0.027960158246587978 0.09828387711385733 0.030052808594699814 0.019121467729240622 0.08603856887959979 0.001192516159438026 0.09767639107170788 0.04306460441975723 0.05226399808029986 0.08243208606669432 0.010639652518834808 0.04940824690034354 0.0787361865322575 0.05362002017872399 0.0453514013130187 0.09868539054848338 0.03281770931685825 0.014494437810686895 0.0508587209137731
17 0.011033597279270925 0.051600437716650856 0.01596643570648618 0.021201084623908687 0.029921020803733777 0.08266746905915272 0.07234099123445431 0.011993149058613104 0.04315131482890369 0.06220621593609553 0.08459761460890923 0.04813187794435533 0.015354553263501885 0.047037891040353955 0.07123245473237917 0.087496458945378 0.06298994201085521 0.04229736569780377 0.04720211317582984 0.09157801233336388
18 0.08331360348846384 0.08532370538944012 0.0764865048802872 0.05702682837040844 0.07039795182388059 0.0538313031938786 0.005970780379389045 0.020081604064958385 0.053497449584730086 0.03449186466473271 0.05648250769914302 0.06839581868242865 0.04500585669175311 0.06248731165434358 0.04708396612737709 0.00042171718588612046 0.004306410270057599 0.07096408623650442 0.01900028422540942 0.08543044538692787
19 0.040936874198985604 0.0038859532627649584 0.010020052070547176 0.004132545432849374 0.09806761240505812 0.09066282495479451 0.09636924625442954 0.012606415983428583 0.002258427432674987 0.021590270991472118 0.019338131485459677 0.05411913938327861 0.09446834561584551 0.07127763783314421 0.08485992516077973 0.008216507711509119 0.06822980609673196 0.07200962093044126 0.054478793956065176 0.09247186883973983
20 0.016178240731967625 0.04021523906457662 0.009667854991976225 0.05186837836043208 0.02627847482541082 0.050415263353784164 0.04069714480137359 0.08828384074567933 0.09678332657856367 0.0851174176814624 0.09439622386641752 0.09716752515504219 0.07141358494677945 0.01545696031683534 0.04047986826434766 0.10172375094236571 0.008436287206256141 0.0505555198012855 0.00808033977951864 0.006784758585925355
21 0.05904184984522355 0.04764653039255042 0.009112271078304696 0.007346705014455085 0.10697181704250773 0.032484761422762236 0.09093250254169079 0.026986384369777405 0.10555278112304203 0.06508527659694803 0.018333376491071737 0.02570463078650062 0.05660258254957112 0.04062491550961214 0.013972499336216563 0.027283641554127065 0.09785519427345753 0.042201968523436946 0.03999809305449633 0.08626221849424802
22 0.036007523874456486 0.03973005213601234 0.038188217980449045 0.0402452135445844 0.04131814291210261 0.07481472817573295 0.05543716656969266 0.07819414542980473 0.07063466797540885 0.07475842820997747 0.0562194043659714 0.013477889847132125 0.04675500679421764 0.03837641906364554 0.03371143616493344 0.05269574825826902 0.06263948241731425 0.0614095448868764 0.0786861156168093 0.006700665776609289
23 0.1000196471135193 0.08638392468193054 0.06738515955427675 0.0346373530145452 0.025252363505346438 0.013789768725503124 0.0313698079871483 0.06720195979024583 0.013222358837608967 0.05481262357745442 0.006866911376176082 0.09189031069908594 0.0027336869425411184 0.07672678479449226 0.07893163468230259 0.020139170372417144 0.09626266161466022 0.040654237901698184 0.08743558806061226 0.004284046768435517
24 0.04804237652200365 0.07210530827122122 0.05610821759155123 0.005366054470624837 0.019303663499945542 0.005183264999102357 0.056353265400327 0.06599583062420308 0.04886451758498496 0.08445780311427643 0.002883366862921744 0.10823907614210139 0.08457640986423796 0.004001288986914725 0.04623719985720359 0.03698769938071857 0.08399640004719101 0.05165267641749474 0.0715984940680228 0.04804708629495331
25 0.042840897272422004 0.023042919682367068 0.08140426836668893 0.0021296267664208685 0.07062426312848308 0.07544289172953092 0.0503109077626684 0.010908054788918075 0.07229908839206081 0.07883456803965845 0.028088505818527024 0.030673339796942214 0.06338653486931942 0.052857460540946415 0.04533463544192555 0.03456831402961935 0.060655014671917876 0.041013129090213624 0.056911623896353535 0.07867395591501652
26 0.0055988789904552385 0.09248309260033068 0.0012896784412881614 0.05523875651093399 0.03896546754640211 0.10396416641598862 0.09922312747056918 0.03061697161456183 0.10852857107851613 0.0341680602219964 0.04126231578845966 0.09103298669340434 0.013016492021347921 0.009268310697263827 0.07702329612121733 0.07691265491780215 0.052274359248001986 0.038702131756592935 0.02010536889056714 0.010325312974300394
27 0.0659284507015422 0.0019049793592760648 0.06639084482154915 0.08672062770314572 0.029754850232453205 0.04440445742342785 0.07334946264862807 0.034358601748124544 0.07860820444900543 0.031104553429925557 0.09664927643845934 0.012369513916217916 0.0780799416922736 0.006448022182081911 0.03441597765616052 0.09416186137869047 0.008726649558607536 0.01651200744335914 0.0888200434709947 0.051291673746077224
28 0.037112996320292795 0.0479377463116781 0.05306342726674189 0.03256929225444644 0.02104456923056665 0.05280075997918982 0.037522535539248295 0.05889237915530101 0.001414085268012356 0.08607439404212376 0.03875106190008733 0.032944285362896696 0.047950059351690125 0.051944546753461274 0.0780482289858399 0.05259963193143869 0.08732905853056365 0.05322539595648035 0.04685744653613858 0.08191809932380219
29 0.1001256770362011 0.008634537384877246 0.045815100335867734 0.062464149332723595 0.09983424705836415 0.06852592775832289 0.029931480528642317 0.05318642050905378 0.03605913989960473 0.031391013979007634 0.023702208998187133 0.022360519386118657 0.07650649440748908 0.04920684129185179 0.09646723199370114 0.041051359241575366 0.11071621918244035 0.005500149525634438 0.008157232468605325 0.030364049681731623
30 0.02024584966370121 0.021002077822772077 0.05494998086939319 0.05095626194000768 0.00468048319604577 0.09895718768369327 0.10622328683455887 0.038317291079210516 0.05193052163497389 0.0857377316701571 0.06956756067893421 0.047461540151406814 0.0009766753251338825 0.034920186586065494 0.03918123483974721 0.05322694607301617 0.06272957123477212 0.055820809634649374 0.016111431275924164 0.08700337180583682
31 0.07825395958026955 0.04950229632673831 0.07127820287931828 0.0241527215249259 0.03431726830744126 0.09132517942537907 0.0535527948370661 0.07728356928389968 0.037284756033147605 0.044360929893555764 0.07783336634670047 0.06402772609617263 0.021752244855615537 0.029709561976463513 0.02660765719475973 0.06757537046634121 0.025663721915811327 0.08999756463286815 0.003060618121955341 0.032460490301570694
32 0.06025138553532235 0.051848087848140115 0.08241604964388552 0.022373490131554968 0.0655218024183893 0.03306379959176245 0.07689608834933895 0.019849064742331373 0.058327373404834196 0.030743058278056744 0.07565687487173552 0.08288686430480145 0.055662820559559775 0.006371396060157829 0.03001510044344132 0.05332335292172064 0.007556416531632095 0.09447581386339386 0.03031720168585556 0.062443958814085945
33 0.08638384169471654 0.06256642519250688 0.015752087626118298 0.027022175483815514 0.023021996233756305 0.012811112765606111 0.038394971839703425 0.04492292349509442 0.06379125284371802 0.07016602319166834 0.05160799074769286 0.06768218456507018 0.04629018919076321 0.02130423597225637 0.08181016571912007 0.05472141439391058 0.08039699587631464 0.08557033746286437 0.03335830631852755 0.0324253693867763
34 0.07555075514877693 0.01847356063223633 0.05199715697650477 0.008673955347150583 0.060925835074501146 0.06701930692853267 0.012448023218711537 0.08252710329608494 0.0064429655803344655 0.03050819941092584 0.06427965950022646 0.05912657755788464 0.07211081938682232 0.06648015430828606 0.04521281645833571 0.0604474981939193 0.052206533676105935 0.08352935350872086 0.05118076128919488 0.03085896450674484
35 0.09325051885588122 0.08874462445669132 0.013166582671217605 0.0936866575747924 0.06616658397014201 0.08614630137586882 0.09993619416585373 0.04028100881265742 0.03053017543857373 0.030346206548108174 0.045235568868120385 0.06029318633153936 0.022142575259014627 0.06056308342642698 0.010886337215345378 0.05072724066439527 0.04003103695108445 0.03392997156997147 0.009704254928841185 0.024231890915474428
36 0.045155672513002 0.023256606013668624 0.09258185665784169 0.002167481867043621 0.05668536291170274 0.07184403840503961 0.056653989479472186 0.04617968478022558 0.08042190160606043 0.0833537362039698 0.04008130858590617 0.04732399498311749 0.012594804895512743 0.09582961949705064 0.09645362944737358 0.03850855019189679 0.0472660006119587 0.007478686879626916 0.034260047056023694 0.021903027413506762
37 0.0331614423782687 0.006151394251803981 0.08532936774532679 0.00871848325831113 0.06717073910670264 0.07166104354240163 0.07412845314494068 0.05268369999700183 0.021482558262541078 0.07584076189821938 0.02717186300595647 0.01506143095842046 0.018948854243456315 0.08060078541060436 0.07669362192395708 0.033756907016076254 0.03530492555899437 0.053666808643603986 0.07084029757736465 0.09162656207604805
38 0.03462566041609972 0.04203419666314427 0.08449759353279218 0.016534880367745888 0.016123373399978897 0.05301396291933825 0.07815841547971458 0.08268115685205199 0.015184866259953488 0.06305086836387289 0.04604811104899359 0.0495059623215243 0.03409160890703674 0.0616942810147189 0.0929852006258116 0.04320416565724399 0.023173562460973685 0.06864064884938677 0.09420509229221176 0.0005463925674063044
39 0.009948131863186582 0.045369263584745544 0.053204838232881115 0.056323262792631244 0.0061818043976544805 0.04605760317955254 0.09554114653738803 0.021588846145619695 0.05451343896241561 0.0009964545540250367 0.03475658437588316 0.05502672293534079 0.04627150050312872 0.040917146752480524 0.055898622330080576 0.06269238698903089 0.05046431269859692 0.0549408375724666 0.11007213423342153 0.09923496135947041
40 0.0894177719285885 0.06530481640782324 0.041971241534279516 0.02251322792181369 0.04667599360918994 0.06900267141800473 0.09093286092629545 0.0053369852651164095 0.07851485779218015 0.05637159857495858 0.03347048570727616 0.06906671172642889 0.01084343328224904 0.0408164197005591 0.0011981313716960791 0.0448708315969798 0.004778455722178502 0.0844705776867137 0.07052093074241257 0.07392199708525578
41 0.06583305725417338 0.009142572144459299 0.05144941032417603 0.07374122374794251 0.057107746999371954 0.06622472878404324 0.028855981279547686 0.04833820742524908 0.05737479623164517 0.03537069947229099 0.017824531256913294 0.019704690012958742 0.016763104759021166 0.07840025714948624 0.08239572316132862 0.07653254901986487 0.0761440155030484 0.0410750029967185 0.04231681604471271 0.05540488643304816
42 0.006917643579373297 0.03522042759768549 0.00022466569814566783 0.07459447735939974 0.06295165444401249 0.07265209549585094 0.09626941993825615 0.04578100266617378 0.07234695161233252 0.022018762282863834 0.037067879280186795 0.04073911666064772 0.09011170138988886 0.03086035576639823 0.04356504757686038 0.05774665228133354 0.10014644150038655 0.03683946586740286 0.06827862009363346 0.005667618909167586
43 0.0850800501849374 0.07104488159829707 0.06984121877772564 0.04808964400721334 0.05702987472617344 0.049393050506538874 0.051994991238539665 0.04220579984312664 0.059496915728281585 0.02922042563783671 0.06704621980517342 0.07309292637616677 0.062328136999626395 0.014743362379475999 0.022161876858715904 0.041034283758422746 0.02597348894951152 0.037115703754913576 0.034593160178848385 0.05851398869047485
44 0.037478540400056784 0.03771054832313713 0.0163449328769981 0.0812411717936589 0.08993902287387597 0.022869132171262338 0.05361635102377902 0.06096835243844145 0.06283103406832673 0.048048465802133206 0.025323881652181635 0.03349422657885481 0.08257835418547123 0.046847353569574215 0.055196784986319705 0.07921078163071643 0.032800986349926536 0.09232951733610517 0.00401084964484157 0.037159712294339155
45 0.04473062297012276 0.0404827938948093 0.045365620879260056 0.08393311380442031 0.05812464953032717 0.066062459996882 0.04083736432259625 0.02586504527782138 0.055297115074861056 0.07340475764190214 0.07585663643547405 0.009352240827325269 0.009855974142952632 0.06512424974742881 0.012382488931478535 0.04289773014365459 0.06630091190938762 0.09365028923061765 0.026902372680789606 0.06357356255788876
46 0.043189248495259035 0.08400438853514577 0.02805684533879809 0.05599357224728288 0.0874618091836001 0.0805801245927053 0.04786251318068146 0.0771117581165232 0.06434894028900567 0.009615683119339085 0.0020776579116727305 0.062094399496139444 0.05093182576738136 0.02379303139571099 0.03558591143987197 0.03389690055195951 0.05244300197913222 0.040493980613183995 0.042971647292794964 0.0774867604538119
47 0.01179076996465522 0.031696916933199835 0.06925349543212557 0.03838268340645363 0.08308274348502931 0.0647639916300679 0.03758459595810211 0.07887953605654788 0.0007175085421055027 0.0795666272888679 0.06964659363835045 0.08465771593848201 0.08031622355005899 0.02540535273217264 0.01565226365496429 0.04994347856054176 0.08278746592835894 0.012365646046860107 0.0146902044587808 0.06881618679427517
48 0.023289801360080797 0.02087644916818814 0.10893724460282248 0.02048504564780765 0.005812932566811989 0.041852201040032455 0.07987076337558263 0.02475504543010664 0.041872843753269405 0.10153154695923823 0.10878855954621287 0.10673593978765823 0.0001330462153183788 0.06639919360798625 0.04729338884755391 0.0735481173924626 0.009941033732561628 0.025365891718086474 0.03485907915704082 0.057651876091178444
49 0.04797210668528026 0.020792869680068465 0.07421887418992235 0.09653167876490061 0.09077512261781855 0.022164380255476786 0.039094269086078395 0.06507254588419775 0.028486775005875313 0.045122056418639644 0.08584930192979195 0.010964449687452789 0.01906476810806692 0.08506641770038659 0.05498892870181694 0.016171016883664766 0.026563490061062452 0.07226578185198251 0.09446021404087106 0.0043749524466461165
50 0.038827364243866715 0.08007022311030555 0.04887676330383354 0.01085222983429475 0.04611887197385262 0.052853098446817244 0.013620176976545098 0.08044308769029737 0.0762250069053068 0.06936346069660167 0.05116299631661293 0.07059986816338311 0.0021592608130884465 0.023396071573486835 0.06616894693991145 0.07861005487578818 0.048842098944154894 0.08303741193942157 0.0375296821887542 0.02124332506367701
51 0.04878209725460831 0.09590389144421087 0.06638328614827306 0.021900711911378032 0.09963880001417495 0.03210570531323409 0.026857612624345384 0.005014599960810378 0.05738585204746894 0.009493186643220663 0.08234794769907931 0.03002527553672502 0.002892148645608889 0.018290204411237215 0.03410748881141449 0.0830692169001922 0.09475724143841388 0.09275892662767675 0.07853757471893122 0.01974823184899646
52 0.00942774002267695 0.02965301754388665 0.03393181038589875 0.019483059694811154 0.0881903685167497 0.05683808670938226 0.08403957132342096 0.07887467898942341 0.01259119660110037 0.0034438100588180293 0.09057727845511318 0.05172430843532278 0.0038977344789303454 0.021067671009051596 0.092170806666848 0.04846768822145406 0.04554689219794381 0.07555702173118155 0.061622516880427726 0.09289474207755866
53 0.06458598347410352 0.07174277862475463 0.06682986246173936 0.0027149303305893224 0.022058736243808517 0.03205908922446416 0.07700777453858215 0.041087662945744896 0.005383434363873276 0.03689705004568969 0.05861352258246769 0.06447107850667963 0.05485099279887758 0.0958385553301285 0.02957506758455126 0.008863280043388214 0.08893935649506657 0.07478380144674614 0.010478911109477325 0.09321813184926743
54 0.04647549302325837 0.02851852936335784 0.0877628541503087 0.09669271088265119 0.037227402884662336 0.03457115021372951 0.026199584970385294 0.04064281027142311 0.0009275830580945851 0.06897119091092871 0.09103068270019249 0.011415427755398154 0.07932695044068513 0.08772582998252586 0.0024047616837085456 0.0566011433196804 0.05031693991673219 0.09562139548945521 0.007483239188190297 0.05008431979463232
55 0.03341138495641939 0.028835843656906977 0.037735391531872026 0.06443095222034097 0.07439079953329644 0.06659154110905698 0.015590566085777384 0.09737764785791365 0.04274976408170756 0.01034212158033365 0.035166216979641646 0.03955463851031376 0.10700493714262005 0.10225681937478845 0.018304877039831514 0.04967177626779035 0.09691969118454906 0.04948268105572453 0.02061975142591894 0.00956259840519701
56 0.007276436240939803 0.013262774571250987 0.0920034820045318 0.0666614666735547 0.017932783095843716 0.005270615182583644 0.04208743317056298 0.05584412226995009 0.06750661351078892 0.07059474480471863 0.09563979837866335 0.032251293975262024 0.04568174409780435 0.05855594944286702 0.05134795262283083 0.06909206865255901 0.061999202165709685 0.037279539356596114 0.029499735841924665 0.0802122439410579
57 0.06444790005667862 0.09841580716133558 0.07808424640922687 0.004710272734771763 0.03910998230420131 0.07090096308900379 0.0750358462747149 0.07244783104622211 0.007005851600113173 0.09012908141441207 0.06960021970850404 0.030262616254273917 0.0154391570569737 0.013392559020141121 0.026450167413173933 0.09244613769973971 0.04358977112658514 0.006633333387646406 0.00923135542402802 0.09266690081825384
58 0.009234985314167726 0.05633888091118103 0.033854584900947 0.03810807804203722 0.09050880681847885 0.03094471578035903 0.051372240343996865 0.04272256274972526 0.09304889060521164 0.072577532357 0.014452824041523855 0.044276567762109004 0.055867080343450747 0.10598477519619495 0.06071901089178218 0.07938571466591221 0.04641489958711665 0.01910229240332828 0.037021824336848606 0.018063732948628723
59 0.12998547433859273 0.05825248121215064 0.01286660344147428 0.03596843226232406 0.11246663154551147 0.06571634477996742 0.023139891211053722 0.103422371823188 0.0024168120748589883 0.02196235403379588 0.10632761760711251 0.01983614816115999 0.004158807579112092 0.078589753040847 0.0028342431185116247 0.010226969872616459 0.07648444010349287 0.104450836149212 0.022403113553260127 0.00849067409175828
60 0.06086802493335844 0.04908209456489401 0.036635020117944686 0.07951895960979129 0.06473037269718367 0.06543020799485387 0.04873515599435857 0.040909216451422745 0.06040217122526366 0.05429387752293544 0.05841903969406656 0.06641197832308643 0.03858420088123032 0.07195983992759462 0.057930626218084605 0.013129644737407372 0.0687909213326593 5.2308835046772155e-05 0.03238009047711368 0.0317362484617038
61 0.09791337657195556 0.00809093399816485 0.004655952748343096 0.06375484655740646 0.056542371251033986 0.057126981315626414 0.05782950028330809 0.0893943112625198 0.010439021958763452 0.05588296576043677 0.07167082219613344 0.0780244250982543 0.015945828191522078 0.02120965770790364 0.025083867682740523 0.09428342805145651 0.06477887749566742 0.03470356638133374 0.026288965536048425 0.06638029995138157
62 0.030043249451974036 0.029484751452196974 0.051681797023999235 0.08888656095278681 0.08357905534729315 0.05854517007102234 0.04304000202380373 0.009697004863464379 0.04856544238262927 0.05364647455667725 0.0676726200532668 0.051380692645874936 0.0443621339757563 0.032286308012740295 0.08636763748119533 0.03848155232887278 0.0392968615882093 0.010518060207579711 0.04990612885240391 0.08255849672825373
63 0.06647958961823124 0.08126023176309677 0.001871649816677813 0.04154841205946436 0.08939588738668194 0.05969055258361772 0.034957706933956834 0.01673476081839737 0.05484967148970011 0.08132804591282881 0.028301111161048127 0.06260450524411576 0.03599629373583413 0.04060311187124009 0.09116933015263043 0.03346773007388638 0.06289784687553492 0.03483169022248865 0.07811312414659181 0.0038987481339766653
64 0.07201326512187045 0.08840028310779448 0.02529960614767236 0.06656395042843999 0.0399519344826984 0.04260773080238438 0.035495600575348625 0.01832582307797367 0.0470683855383017 0.024281993421926284 0.06834571849191341 0.0827128938120883 0.059183828739932436 0.017033138464422413 0.06297017731014008 0.0995435213551659 0.036906091100539155 0.029866659263472223 0.028198902389922603 0.055230496367993015
65 0.10083004537043005 0.03860943104187806 0.008765449121195305 0.03766141110964013 0.05643420687403681 0.1001233824945023 0.04555805485817758 0.0065808928020231515 0.026308271352713672 0.03815281745105728 0.04503276340106777 0.009041039436429447 0.07325559124609231 0.048492367446024254 0.05677702120464566 0.09311035202685344 0.047133011432161656 0.06716221379526538 0.052774435668382975 0.04819724186742291
66 0.06985023497988697 0.0849599919114345 0.03223487868257097 0.08717921079217164 0.06305321244356459 0.020657630442457272 0.014664816939185024 0.06062338783961864 0.03005665317803281 0.06192658128070587 0.0820175840705233 0.03539166579650435 0.08581316327623169 0.06126018018205984 0.019441749760370265 0.02726642136682792 0.007180857820097023 0.02091834877238617 0.0640181916951485 0.07148523877022261
67 0.07691796070388893 0.0265761186019656 0.07385147151838009 0.004240429513155214 0.05754850262840323 0.05809152190891994 0.013048301333634008 0.07507874396073792 0.03280841346137863 0.052309550237715594 0.047595364481197396 0.03531329605417186 0.023588251341904145 0.01732087381531425 0.01394957237305533 0.08249792871349589 0.10960530575292778 0.07587543795563807 0.03785495914256527 0.0859279965015509
68 0.05255378356532972 0.061219675530888126 0.04993896769631311 0.062215329572925575 0.07293106243055326 0.07519117527067994 0.03943205194164152 0.000931021055581232 0.030686670067445698 0.03469386118634603 0.07152322899163299 0.06706596644494212 0.03277495139212894 0.05299960868674397 0.05520035429971168 0.014995681451003938 0.0050228961267457855 0.061307233667159004 0.07699134174723826 0.08232513887498907
69 0.09326311791119321 0.010486056978718478 0.053479528770922324 0.012855239633761917 0.02234393980186831 0.011338577816370992 0.0505279168576627 0.08132267205995838 0.04224557535196088 0.08343027351004575 0.09287370445169243 0.09098525969389173 0.0029056212569124103 0.06477156890499662 0.031300027796445425 0.07909641433378431 0.03884618227567867 0.054834793733179406 0.0743506104008094 0.008742918460146727
70 0.021021494540657045 0.06573992896433942 0.03335881732770256 0.05528103398848231 0.023652680780857006 0.09015452848470125 0.08402666929161925 0.048996493474181876 0.10250072541940991 0.03126437227263227 0.04764279549840485 0.0003336001716057433 0.06712652860403084 0.07196544750821272 0.06205374039597595 0.005658838183679043 0.061227798099749056 0.029945713041936904 0.0042701408952048065 0.09377865305661727
71 0.007686523366525005 0.021917771187107332 0.03257429595427803 0.04415166801106036 0.07799468605339639 0.09457810155454695 0.07614135581394478 0.004953725144023548 0.04216294071228958 0.02295535145756942 0.08715124553083824 0.040409596401732154 0.08871423017497197 0.07574445027298118 0.0015378965264613296 0.05780183775133949 0.021832832395417154 0.07203342808692152 0.03173617962660185 0.09792188397799355
72 0.012859753932599735 0.03300938783887003 0.052096916187054025 0.019606987477304185 0.048306239439646875 0.0627041191492625 0.05889050389893958 0.050406781676796984 0.011283591721827347 0.0763342277758409 0.04270783978660034 0.0990364353355246 0.027575710076464848 0.04745460499404871 0.06958337761093748 0.10163339080399443 0.0826645870098654 0.015736112826573334 0.005553631223128784 0.08255580123471983
73 0.09170029758905468 0.06001867220707103 0.04556414580365141 0.017482352484153512 0.062221241693520044 0.09495336894443025 0.014741788667453785 0.07096806586995236 0.08822576016167397 0.053473177007777484 0.07742254971906294 0.011981973644282435 0.07818053684228844 0.031240848335431413 0.03181444485922782 0.01794673859213341 0.03998834052567761 0.03242479495054948 0.06655420638286329 0.013096695719744752
74 0.04392500460608858 0.029977984181390388 0.06444118478386067 0.03177333019131346 0.07454853412082241 0.04197233936084155 0.06166907067817279 0.06544023721065996 0.04922145560613751 0.06666995316058034 0.06947775994367882 0.03598834530820899 0.018082764008801724 0.011905509470976 0.012895920772900936 0.0688561336930711 0.043822499234095 0.07501286382532579 0.05862106854077343 0.07569804130230062
75 0.02035333742143533 0.0010624012250756625 0.07752790583143641 0.05058118469208478 0.013539649693325549 0.013900327532249011 0.08868186091998165 0.09835382369821984 0.05982505574437356 0.09502141254402378 0.06969617297187773 0.04472540782799062 0.0322062062783296 0.06129383201891801 0.03195221382537126 0.019357628651461872 0.03769983326967646 0.021686047169998498 0.09213144377405376 0.07040425491011665
76 0.02842219270985285 0.06847381404485166 0.018974726346138355 0.08134176497027988 0.08480986258581201 0.07676036561719078 0.04459193127459129 0.08917646972452457 0.06704918040976765 0.03593652291809153 0.0394484075975975 0.045892595499283186 0.015604475286072582 0.016222014250978807 0.007276083672425437 0.05319861866140314 0.007682916183695833 0.08347998741132501 0.09024181473611635 0.04541625610000177
77 0.01408406624133729 0.057347683494724154 0.048781896586387714 0.009015415952735268 0.09019792652813656 0.08887831415701296 0.04432984589709465 0.052884803899660895 0.0573569636753023 0.00442335255068086 0.005410628538105287 0.011489189261477085 0.07175256677308779 0.09704020433788577 0.07510099565945492 0.08807409810870137 0.015073699562598016 0.07444968872034953 0.010036641043908445 0.08427201901135914
78 0.05845804328011845 0.08616759792433074 0.05309833248770194 0.04891496921461222 0.029211663196429892 0.06126377242928959 0.05977073185393438 0.005235474523729006 0.015422086054454288 0.06978701112460624 0.03636496657721294 0.061916394323498734 0.05086328793272842 0.01851823136851538 0.01771947973833793 0.025250673205534566 0.10088994631729507 0.08675307324283144 0.08198295044592706 0.032411314758911805
79 0.015981943113591596 0.06801596209871265 0.050255273773192666 0.016076046840727866 0.08791541546057921 0.06753540433687581 0.05364429541374879 0.061323574516802704 0.033484133997985534 0.08762360764016484 0.05376380809146085 0.04857501782051454 0.08839311228988837 0.02014600320442896 0.047630541668003165 0.04076017899630348 0.04785311204093929 0.029652719795636967 0.028964658257126918 0.052405190643315634
80 0.0246676614254147 0.011521717618204993 0.038472680503174886 0.07979074473333306 0.049154786444921765 0.038533575124187994 0.07984677011534524 0.03720125270105514 0.015175638252533367 0.08887134580854911 0.06952192774199172 0.0969536223418895 0.06190110888591917 0.060931303082886315 0.03724559035376436 0.0767237832358481 0.003777540481704587 0.08859280187556139 0.0330995267914665 0.008016622482248199
81 0.07566458298811092 0.04155030695103751 0.06901389262140914 0.026585809409960068 0.051807348314816946 0.002580770782221361 0.052612744631478726 0.07669009235282602 0.06330932252625883 0.037314945465430606 0.027738444343337103 0.05620671470344583 0.0056938375544527756 0.0748100393529929 0.06656657608756367 0.07586294703294007 0.06602201770222095 0.07640141609422052 0.026370598163936623 0.027197592921339376
82 0.0877348778977779 0.0005373966421839665 0.0880579689223166 0.014490621626342253 0.07847393572902778 0.09364954510242907 0.08856471601706038 0.0486312721643642 0.06866184147071278 0.09248809207781401 0.013572324642295217 0.0036665529476139404 0.005159139070029865 0.006993784568383396 0.0852185459739304 0.07299838094170695 0.008174582666139865 0.09336017390232776 0.036065744025111195 0.01350050361243243
83 0.07590198223610833 0.020915406490035197 0.09710096356057425 0.046175826771806 0.01167517886437013 0.016546205251411823 0.04143836868336593 0.023190515248297325 0.09010546991461861 0.05080531380476921 0.06475917303164176 0.016843948969286756 0.052907358160551 0.09087878567292437 0.0731966307726368 0.017370802548417472 0.07368047812669028 0.06107790095382994 0.05736951132141162 0.018060179617253126
84 0.03929791847121096 0.07075035867364876 0.046946018533270496 0.041271171137202675 0.06360864901466544 0.023871227527867498 0.06532067910638466 0.07015704779558186 0.06863527253975221 0.018240474951129706 0.042557729810253686 0.09117609408363597 0.07537540393043508 0.010490101950249334 0.055216720745278 0.031247532530992776 0.014258298661586866 0.05632206007336923 0.046492878113294014 0.06876436235019096
85 8.681191895657989e-05 0.020870958776639307 0.031953692287076535 0.08291307076388223 0.01349878354541574 0.07423793288405302 0.004059097244186583 0.0767499105300921 0.01808759424679203 0.011489827044403053 0.09352171038672102 0.08474521304436065 0.09787352301304092 0.09856501665128178 0.03333451733515672 0.011235130893634971 0.05460620773008698 0.08454180564185991 0.0040575309596602 0.10357166510269984
86 0.07001139377393506 0.04270216180761056 0.04257526337381486 0.06985427038035617 0.00749984625006706 0.10506282745089143 0.039872399199538326 0.00782154504668049 0.05803543761124559 0.09167615003959408 0.06289971089507189 0.05057962722331083 0.10782550244214648 0.06795259269256537 0.02469537648438673 0.029033973123729993 0.0007911052081158121 0.08361160933395823 0.010561259520629347 0.02693794814235171
87 0.00156092344048863 0.07126449253909106 0.05515006978128466 0.042072467153190504 0.023832679750002483 0.014167432716282513 0.07960594420902026 0.003977665320298853 0.05447509136412966 0.07016067630249193 0.07060037554127367 0.014826944029592122 0.07999122725003215 0.007272937338675381 0.08031599517620665 0.08630124751891283 0.0720877765010928 0.0820972338560938 0.05516913631549947 0.03506968389634077
88 0.00029967798205125383 0.0879962900102408 0.013009736213524766 0.07317741490948101 0.06747861019821937 0.03047255175452445 0.02981856167079535 0.040122536541495175 0.05032201902297772 0.014302932692596857 0.05750142690241008 0.042839855999788325 0.03547992701782484 0.017211192074764372 0.10829137913071211 0.03999575912564555 0.10505673619803738 0.042190464778435396 0.06442441029788487 0.08000851747859021
89 0.00477122139044301 0.09928376109630453 0.032899925900776415 0.012475619235984541 0.023871617794973328 0.1008723776552142 0.04078786033692026 0.029003464680013892 0.07929400637823357 0.06980968839540151 0.07293808894284703 0.09185124346306675 0.03792656271287666 0.03228617751032955 0.008004293705083203 0.0947658403577083 0.0983406736685661 0.04527417281910195 0.011838533478477298 0.013704870477678073
90 0.003110728588021197 0.08848060016682757 0.018602243337476534 0.024926573629488868 0.041035676393503126 0.026796019221851305 0.05707794136499429 0.04324852718305162 0.060253642912189424 0.014316081667411506 0.09316020833219261 0.03501402529608985 0.06603376681553193 0.05274313437487977 0.09056553628396362 0.01813338558969863 0.09284980232819695 0.04615229283949068 0.0346153289121291 0.09288448476301141
91 0.07248293090034608 0.01389251882354797 0.04895622194523885 0.0739244269629408 0.032912663482101055 0.0272260354628812 0.0858045793035389 0.08068855878738825 0.0015277397633006915 0.03835022919815558 0.029051206704455323 0.07231380401505705 0.03745849878278467 0.08394262384384082 0.07233166196609707 0.02110984882073657 0.058708939405588696 0.07916549392460526 0.009908960908769669 0.06024305699862543
92 0.05907392245784311 0.0678518545541293 0.03306306406178503 0.024440014936197695 0.06482123470472737 0.033201223167687074 0.04594815295386739 0.06739313744804058 0.06701913098546629 0.0526799047110137 0.02183981826388594 0.05823082641026186 0.05415857831966547 0.0714439782297388 0.0133564995493075 0.06561960747181027 0.06472232555525864 0.044998147192030886 0.056186990533961374 0.033951588493321805
93 0.0014822677305983917 0.011782602627942812 0.10403006543515744 0.036774380222962144 0.08304818560014396 0.024939062945563535 0.07110111489682638 0.023729503864901025 0.09611256612055995 0.07906479316943289 0.04239441158231145 0.07467295333544174 0.03837978096104878 0.08793122474627159 0.06772876818224642 0.06897666162466916 0.012584913433756608 0.03507877919620857 0.006727382170676297 0.03346058215328101
94 0.07452779485473493 0.027026238472860408 0.07925962674391125 0.0076280290982136114 0.06283455777608532 0.021275567887389164 0.049986289832081886 0.07762292330867471 0.05230251575884839 0.00916701029824359 0.07198003640876194 0.07067017522371262 0.05897828808897141 0.051513859385743314 0.06581095311295379 0.0500074240334967 0.006682320155929508 0.0819707467607032 0.04240708197377786 0.03834856082490624
95 0.06691402201024092 0.023353225097807965 0.0761159970095268 0.058447040065176356 0.09844110571239321 0.02144292257680982 0.07096508828566596 0.025310809605169703 0.009898926346285239 0.05655491223209461 0.05921341255303796 0.03339535563580593 0.0909487892063679 0.03388158408321516 0.09175642928085241 0.01790584237810931 0.023036712984012414 0.004428960383003255 0.06867796392796414 0.06931090062646084
96 0.07004683231452223 0.00876591516185035 0.08418060261325948 0.03860374378074459 0.025513006028299562 0.07691507443784847 0.002608303496041759 0.08704026151792037 0.07377637903215815 0.07262170081983398 0.03698298992752661 0.07990936596767051 0.018229618042277934 0.05351840175624288 0.08571650158480627 0.01052724361292794 0.06673166793826615 0.0009195420577811432 0.07899225034445845 0.02840059956556312
