0 0.023017873296252978 0.02383368424669558 0.003815993419299062 0.023409307164312918 0.06072080611569792 0.07635605044887056 0.03797968119805037 0.03394546418121646 0.07027994076117158 0.024396875844127735 0.04656093638052795 0.07086159460664959 0.07073342976297345 0.05815044072116291 0.07116089748912201 0.047607134924599774 0.08970355953771746 0.05706399989813295 0.05069834162755006 0.05970398837586871
1 0.021610617327581388 0.01129773634698225 0.04704901917104621 0.04247158084542097 0.05254062464319021 0.06866412573204371 0.07630654740312054 0.07065876433987398 0.06889272211491841 0.048806786940833326 0.03172282557870172 0.007487841857900847 0.07496081641454948 0.04961329794329439 0.06962917659917 0.03571376457460354 0.07032798707002735 0.05805891492765437 0.044986367639228586 0.049200482529858765
2 0.05745080953481745 0.01692293039491656 0.06552359608247892 0.0169314150461682 0.05191766089005161 0.09088585256242063 0.028706698099737016 0.06503206524736735 0.007890775159318025 0.07029809694614339 0.058305085654639224 0.07676660897927623 0.004688351663857853 0.07919731475702711 0.007310215823399833 0.09984967330414306 0.028102863408121258 0.0963207610950417 0.07614375356907858 0.0017554717819960048
3 0.04525167029292846 0.0488069110581581 0.02139766735155865 0.008533565483810353 0.09057217155657153 0.07535039335970467 0.07147485442887129 0.04343391916552565 0.056200346698793174 0.054912245363909075 0.04732892032684057 0.05943078554523392 0.07893713447028618 0.07716639211962854 0.019179464459980172 0.0377934797552742 0.02643586509053911 0.059599388216545875 0.01104806212546977 0.06714676313037063
4 0.020776144082700076 0.04586027669173857 0.09257860925165569 0.08871947657172956 0.05425684231728434 0.06607735671678702 0.047831025925024036 0.009381270717676606 0.062160412860413176 0.004274491827774476 0.05027242810213587 0.05453491170846202 0.10292263628424302 0.09154173238570981 0.03135673240626068 0.04116118204617223 0.06929165951334547 0.007389685751285372 0.0515114966371829 0.008101628202419458
5 0.03651292928353492 0.09710602869011228 0.04964628759328512 0.042656373873648505 0.030172093946181498 0.059244382206923366 0.05616801660778397 0.05298828203978125 0.05117647636902066 0.06312250734810065 0.11109465198267247 0.01765224031185626 0.07069136364515512 0.009308347255299165 0.01644415179889981 0.006617202225590612 0.09566901458047279 0.12942282026581547 0.002006222675966226 0.0023006072998999288
6 0.07772778891736105 0.06901057348137453 0.036384880788437095 0.08202195731493747 0.04538472847871859 0.042307449898099224 0.07562461656021138 0.04616431509149721 0.049176398754474 0.04742578140444412 0.01850709925950004 0.07714396203053511 0.05369210720264581 0.015401060095424078 0.02808100667086712 0.04968428591507671 0.0804084563219378 0.058260415626186474 0.008722242612633008 0.03887087357563916
7 0.02558690992095894 0.0532875288507823 0.05373703491350109 0.014110766082409767 0.03884654701764167 0.08510204973868338 0.05869733130055015 0.0659022554230028 0.04600359576650968 0.045652149291990435 0.056269791588523625 0.07769204069486152 0.0822451164645945 0.03355638669236713 0.05391750271664086 0.08353689032919116 0.021728184269168713 0.06795785913081567 0.013562250599745055 0.0226078092080616
8 0.008012969942254063 0.060673062479032244 0.0770651591603373 0.03348536554899095 0.04696546022056997 0.09103696380017487 0.07612064041413565 0.028435686907377602 0.018575159796617807 0.0009166686482697465 0.10237626569590498 0.03435240491460855 0.034138280680970336 0.0021875652037937204 0.06293607797767917 0.07857758848542361 0.02454642330425003 0.08066107184128292 0.06509323538672457 0.0738439495916019
9 0.09577618808650656 0.07880736126138566 0.10224832580178586 0.06620726858875782 0.09109713867825592 0.11218791190480167 0.007488900782039584 0.05626718881028248 0.002608135397540899 0.0749960481323242 0.10456395475870818 0.035830551567778056 0.004918118826804352 0.024631326144273578 0.008581977338954714 0.018229298689628342 0.007813506777724495 0.020104434414493385 0.08057605702521889 0.00706630701273546
10 0.06599787038352596 0.078440643247545 0.061186644446550635 0.05318274644214529 0.06068046726122053 0.047871722117829196 0.0316821643639507 0.09398231012082972 0.05566298424693751 0.09613669755396774 0.007926850940843654 0.02570469067748701 0.07490499335399595 0.05102373623030161 0.03976645728248783 0.06032084221857992 0.07330625042367564 0.010445226061108731 0.0008241652925162365 0.010952537334501288
11 0.05296967010471012 0.0031888198454207593 0.04058799125281594 0.011661047095939105 0.04684921477929938 0.04410350391421197 0.08511968355762756 0.08505279253913692 0.0484488473644296 0.08711210778508442 0.029055041540767823 0.08366239638169048 0.019142548228602577 0.06290866334621803 0.0705122175920398 0.07903326255662879 0.04731081723319349 0.009810721346429506 0.08645097139432104 0.007019682141432666
12 0.058316186264101705 0.03804040235518576 0.06484772458780486 0.017961991888765322 0.035200276235409195 0.122394309358168 0.010806412812364493 0.09459506978690159 0.012674633324463018 0.04970773511155905 0.05306784225242427 0.013323713044875441 0.08705656667286683 0.12197544285120107 0.007784709044902298 0.015482578376331897 0.015864589746621038 0.1096440838518902 0.03757985033461607 0.033675882099547916
13 0.05446000214107794 0.08396631239522613 0.06901818951898668 0.0015334416425831997 0.04712925157839637 0.022604896051682078 0.06246602285468547 0.03343903294886512 0.04755804158896187 0.024225122737977403 0.07325199450219347 0.05072527772416671 0.08885807207943348 0.08065375040707609 0.048445626948995825 0.08597514312193293 0.042840880193294996 0.005078371324239592 0.0028981054552092104 0.07487246478501544
14 0.03509959237258796 0.05531834243106627 0.0034193418995822947 0.06369748529170632 0.04668318832713895 0.07527106568909074 0.02773189797995285 0.06224088504293414 0.06680875843123031 0.01654242179034387 0.0231097521424253 0.08053041786725591 0.050585656757208323 0.06925930686159117 0.061029418900493224 0.03065637103377445 0.029074495943996838 0.059679171202590274 0.08205382106195952 0.06120860897307118
15 0.09771767185549537 0.0661359002318879 0.010955428151793964 0.027464312014685764 0.08242536801007103 0.11593436889707817 0.1293305370252471 0.06854915835927432 0.05102716230374779 0.03313045225917871 0.024849000226110314 0.011412547226818717 0.002686100385603877 0.013537795396268516 0.0008453892774293006 0.024803822780701354 0.07248656767991 0.07589866322971241 0.006318701306995206 0.08449105338199023
16 0.03869925227970034 0.03982257165253036 0.04653027622493689 0.06823739331361164 0.03721751067452323 0.015521393985078664 0.05644017431548331 0.0313551807528011 0.027828021318182693 0.06437262960126242 0.07997841708839519 0.058874421033074796 0.08288346258913712 0.08419346764544003 0.0698506283480276 0.06549721030759433 0.02429527431166651 0.001426339287944107 0.046669672256758665 0.060306703013850924
17 0.16467441678201866 0.01571791860617987 0.04410377646185098 0.002790675104808651 0.006342810238456966 0.02820183670148156 0.03923478509158197 0.06425553863632698 0.07327457531011007 0.008915327827244217 0.09987139760589264 0.04178868036502771 0.040383964149073706 0.02992182426669645 0.021391185049530023 0.07487222368330884 0.005522651994172355 0.08967186815782378 0.13631352043569073 0.012751023532723798
18 0.017955289723879362 0.03651567448504198 0.06909007130208891 0.04395091484069617 0.027474615873935536 0.039061373468916055 0.05779589964347276 0.0714369671458903 0.07415370813524665 0.05515491914537455 0.06854964135032171 0.039470716674406575 0.02653731135707757 0.05051632929952076 0.020933071992883235 0.06550983213504252 0.039703596496010865 0.06984322110221135 0.09556897368042619 0.030777872147557117
19 0.03686688727798239 0.06908892664672178 0.05613337332153685 0.044891751053121015 0.03986702388500443 0.016465012804557585 0.04028545717316079 0.042178537382385375 0.07298006824753758 0.03138320200816651 0.03637983862765209 0.07786553151713389 0.058433442683092446 0.0782811162008651 0.055196919702454314 0.049391000793572296 0.053689869839429985 0.04440215075744583 0.047432684367580386 0.04878720571059935
20 0.0665532042887048 0.08324737926696114 0.030235925199471894 0.004040509794300188 0.05323916216214108 0.10977628533917543 0.04204895607361479 0.05063051692445639 0.041984741326261996 0.01969940952444359 0.01941100924334396 0.08188036592189062 0.055043937738340626 0.07577990697067094 0.01239821183639036 0.08095414875956888 0.02593081708826767 0.04856407615268418 0.03718740638921403 0.06139403000009736
21 0.025260598138278707 0.013154697702182151 0.022915188048951117 0.06968358619184292 0.08910263830009241 0.03335240706573026 0.028780418783252697 0.09609805306390025 0.03667354690686296 0.09652257005789303 0.08373194006300796 0.05719163655474524 0.033440841204305655 0.04570975453208151 0.05095524085258733 0.03581082030438656 0.03411379796542346 0.0075240345945904 0.06543825137029706 0.07453997829958837
22 0.01424869315781041 0.06086746003639036 0.015498981608050758 0.011097205079539712 0.023071121366474566 0.1064571228129753 0.03753458437517126 0.09251401425938063 0.009672258910502374 0.08356436552658576 0.10349721870195575 0.011414769149101374 0.06179337004720609 0.0856420853651619 0.030794005353289303 0.0190338086584963 0.06019258674245712 0.060050506977552064 0.012638366010510804 0.1004174758613881
23 0.079345016560046 0.08039960927782351 0.06384127946189416 0.020408305807918456 0.0735162451319041 0.058387300178510064 0.0323416142194428 0.007377679956664508 0.07652967567203124 0.07015613651876847 0.07847654086979045 0.030952752261305765 0.04289951711941568 0.027630017275250773 0.06334424484294758 0.05713499427321648 0.039710836319386295 0.030204230226465532 0.01673048381564865 0.0506135202115696
24 0.10048083435654867 0.03588329286271881 0.036442562098327476 0.020106802798408388 0.03210466564333445 0.046458169386433865 0.030491467398077992 0.000211625436783789 0.059090890332916944 0.0680484214310818 0.01114052045158044 0.05679441072242238 0.08333704929855609 0.08438722911660954 0.07328159992507159 0.06307994961865554 0.10408749222971612 0.03269809740366858 0.01856948164840784 0.04330543784067985
25 0.0019437441475040364 0.014604577731034398 0.051999265277168 0.03446378904998014 0.04514374682781169 0.06412469306398492 0.11805602021346995 0.061227033613655175 0.08487169651870465 0.0021145131956576283 0.10848552490664992 0.06259352541943393 0.08547141774236924 0.029572182772683562 0.09714251294354055 0.017716738807998154 0.024454797796455128 0.0663235957214084 0.016479307978625964 0.013211316271864584
26 0.017816918349515362 0.06180099223201563 0.06180799522260396 0.039140403633210294 0.08730433544471804 0.0787040104184325 0.00184173367087282 0.05387077725918389 0.023396144272219862 0.059791345139024725 0.08726152073616068 0.08231084775983902 0.03770857507698849 0.05313830665771527 0.09476016494136254 0.024127532554366008 0.017822761095780175 0.07847621604525726 0.031769804632144405 0.007149614858589058
27 0.004449567292660979 0.02942264835505096 0.06430482899809667 0.06736198810658132 0.018632177876208675 0.03249104716799036 0.049943077812546234 0.0896562187713216 0.039206497561833 0.05311883159096611 0.09719552499949467 0.012991936874167987 0.004273278417379205 0.03912882032759483 0.025896003705122815 0.06139027996438845 0.05526957047053045 0.08342004850952946 0.06698766648346145 0.10485998671507463
28 0.057339258837997543 0.005119926073003886 0.026625568653112847 0.08992282465281816 0.05442669639536515 0.09155348948759996 0.0917292946024291 0.09099613718992636 0.015740546104864177 0.04106251932253135 0.052867812682816664 0.08282996690912835 0.06994418031895981 0.0036732656479555523 0.054270148016957 0.02719399232353434 0.024433580226323387 0.012037801502321699 0.02914995568198546 0.07908303537036937
29 0.050596430597559854 0.03607186309833229 0.0956059895832623 0.03718443908965329 0.020484940535075484 0.009618706391631775 0.018090430845222136 0.032376735732436525 0.10977547086053015 0.007029733118496755 0.03050312304528025 0.10195051464876687 0.07091694694153239 0.09782413391583246 0.049884537475332696 0.07582806529446816 0.040707390687848184 0.005356894177739745 0.07745788002584036 0.03273577393515841
30 0.08139884917418028 0.019956826347860186 0.04454971951670451 0.08181731983869198 0.08885089491848029 0.020787499214174294 0.015839189596736948 0.03283637444401579 0.06742052333647304 0.08748763146349102 0.08863846854015557 0.08492551148670006 0.08289244005475986 0.027111930736347965 0.007101627923189808 0.0554606211887426 0.022615996651117395 0.0039187457351013465 0.06973288497484686 0.016656944858230206
31 0.03557835872222696 0.05080614701127674 0.027350756531803726 0.03380683684351391 0.06490048733796948 0.0736202523521388 0.09172242492562904 0.06495871474469009 0.006131637710422975 0.01614018789343435 0.08871333863567642 0.045638635817820614 0.08508676118703394 0.025975805650143343 0.05950447932447241 0.042449635342456084 0.05549277282142187 0.04063806303454283 0.08313642149000465 0.008348282623321953
32 0.10867449240528784 0.052204181364969314 0.027959205791188588 0.008815656764794972 0.018265736373274298 0.09628034908241782 0.09723767575839175 0.04198925129799464 0.0724286426488252 0.04679677835405535 0.03250836809084071 0.0029382395673723054 0.04158965321542725 0.02281730596350458 0.11239690468629569 0.020561005250758515 0.11382452083862915 0.016573839665773138 0.02457468460720348 0.0415635082729954
33 0.02171434250318666 0.04601261239121537 0.017835645238819482 0.012915066917968931 0.06410983587282074 0.05425757928481418 0.09412236908199328 0.07384674974521963 0.0015279523639409075 0.057735984771424026 0.03360293589773349 0.0590560985100137 0.03992061297931883 0.04183404854693222 0.09450846735948894 0.03465785461158966 0.03843122629463597 0.09122566044990942 0.04849808736210011 0.07418686981687421
34 0.022639403993718943 0.06271718006103012 0.01787491004553423 0.1135673136363355 0.005378453274736074 0.047191226256191654 0.016039685141319333 0.07073504291574663 0.13487242812577552 0.039591524114259216 0.08097751574709006 0.09953423336349537 0.037605960416622855 0.034578667424936815 0.015829850948294772 0.06560865126268052 0.025119502617325838 0.054877263962404416 0.039345794131962035 0.015915392560540226
35 0.05802839883811365 0.02814036265397031 0.022778017402038064 0.0713965212020273 0.1030626617034234 0.05287382463035918 0.04334487928778996 0.09602657619282297 0.00518238699293036 0.042366789927820406 0.04512391697701234 0.022487986532480218 0.02773968010621716 0.005574873431071897 0.05141694993748599 0.0979317886292568 0.10342884206019447 0.06075651139442224 0.017186861880039116 0.04515217022052438
36 0.08336102111791438 0.0636616562928058 0.006712201947197476 0.03530298129036972 0.045242659965743365 0.04272660292183111 0.04600161607935861 0.0637985643690758 0.0717493292295377 0.0489176551683035 0.048281557487989145 0.08210446545934198 0.045509412383139075 0.06424268623229805 0.019871976561391943 0.03363431296795605 0.04368409233250537 0.054778748753798054 0.044095018615045924 0.05632344082439692
37 0.103811014660082 0.018977936260658218 0.0915951558474375 0.05242279678560481 0.06142023659422349 0.057359254761368654 0.003812906543220751 0.07723681745328716 0.04434145548148357 0.10128534152507317 0.005349540747043037 0.03778696484848127 0.030166970543225854 0.09896356374119583 0.02591292985468027 0.08433653815261669 0.035845247128218176 0.05720842932242995 0.009006237377351626 0.0031606623723179324
38 0.016331368755621384 0.09298338372636333 0.06290415887572424 0.05722959413381065 0.016227636550099407 0.07010801431150038 0.058986376261492265 0.09719776866087097 0.0801085855125998 0.08481849188974999 0.012844629316935252 0.03007068916219981 0.019723017565445925 0.03512410730928183 0.009573516554811735 0.08702735171619405 0.0050918674918731905 0.05701297322504399 0.052995345019311656 0.05364112396107002
39 0.07870629018929498 0.04768662778557657 0.03758388111053009 0.053247078630988216 0.08282606902783506 0.09113635741430569 0.04618018868624773 0.019280531412078528 0.0008342155983696332 0.05510685021595867 0.055359076985292466 0.021055025931209722 0.048961665633297305 0.029165306871428372 0.07482733050281934 0.018470017035248778 0.05290819865242811 0.07762545024497626 0.037951825675480055 0.07108801239663437
40 0.0378990777090627 0.04351284951200124 0.06382887229875268 0.030789715412196658 0.022594741710479097 0.02080235462032977 0.08626762439127963 0.0737012385730688 0.07796053801168668 0.09211942698386902 0.03133572173911976 0.0016579485373488818 0.10333143609032495 0.03922438783442789 0.02690471474707234 0.03747115427669411 0.0018762849260804638 0.0277087714733465 0.08829528847943789 0.09271785267342111
41 0.0834545552023027 0.010997729418920141 0.08799687050319681 0.0874662695360703 0.07279719898503648 0.05128828474823382 0.05785668726147696 0.01512961108420518 0.027151189237456963 0.030644162113908108 0.06372755005154866 0.02207015678404073 0.03146927287918108 0.0703854943921536 0.05241548583005224 0.022337681988757466 0.01008205335300904 0.04046410259628822 0.07532121135413135 0.08694443268003033
42 0.06510555565250452 0.03350722589000757 0.06450016352853134 0.07581292587455099 0.09296332975524427 0.045494606784521135 0.04843581957391276 0.09110806592779319 0.013092533051837087 0.01858743409660213 0.08856180509770209 0.038286468082429304 0.02818055320226965 0.03042304188144147 0.00658457445363486 0.05673595374384219 0.006957533900339387 0.03793116660536863 0.09246713012214003 0.06526411277532737
43 0.017087839509950617 0.05283929176150165 0.08183266931651365 0.08305114072049485 0.0013118404307519789 0.012804878000881145 0.05693274576308857 0.05905756472020402 0.07967238725154338 0.08064867199518358 0.07087873793790417 0.008841177153684219 0.08658031251603712 0.02263314175955524 0.02230927185318712 0.08856991765661604 0.08975071511147568 0.04850922670632152 0.030888879035542792 0.005799590799562665
44 0.03538747396619968 0.07829003406622473 0.042471174279815435 0.0821371738451964 0.06774381576953349 0.047314633403409315 0.025506475557023334 0.05757427882388352 0.006324172117934277 0.09396714294304533 0.03289374433718342 0.024001724265531463 0.062443281209660466 0.013957024188290444 0.06624600898401337 0.08495798825994184 0.07460489805283413 0.06970077672534292 0.005654725276458876 0.028823453928477547
45 0.09796126731687042 0.06372322337052655 0.03317942524382453 0.005080332786580667 0.005988011595715916 0.10587683184772523 0.00802455828440244 0.0664061883930848 0.05447195451221575 0.022421626142213026 0.0390031559699554 0.030003573655852288 0.05731773653084034 0.07963571898460547 0.11052079538280951 0.007474145295677732 0.006497641092541028 0.06660916291038696 0.048207267549902615 0.09159738313426917
46 0.07820652815559039 0.016810703027382398 0.01845427140460195 0.026308975281125368 0.040490228974093954 0.026270236851691615 0.03947681003857154 0.091555727589206 0.03081099518631544 0.08830942449118134 0.05986436745481931 0.030509488827285818 0.058579131134425574 0.057329349244193806 0.07986662112243359 0.09470015804899659 0.02428839594129257 0.0408998776924275 0.0340988244755889 0.06316988505877634
47 0.047046614783064766 0.013481792692124883 0.022815062225751227 0.024533422109809137 0.11218325190331133 0.025496273861773097 0.04173722777191707 0.007974617775705684 0.025782677912297092 0.04584824152463131 0.020941028522682623 0.11352145860094076 0.09498433518083979 0.034494044211892214 0.06431929009140337 0.11380742527005432 0.11180417560483519 0.04144275941135281 0.021382391829064058 0.016403908716549398
48 0.06551389557876677 0.014235601954377286 0.06758379512281912 0.0752469185998945 0.08159484243119174 0.0836973550992074 0.02777538512585669 0.00976523796022371 0.030960839863436354 0.03734536718250654 0.055662148229298665 0.0673314472484862 0.06579793631760315 0.025796262676738214 0.07774672190091825 8.29552445715167e-05 0.055928461218579674 0.06769763703130027 0.06000325953269126 0.030233931681532888
49 0.06276334230247599 0.07206625570357166 0.0373230295743605 0.07040509628484694 0.0057786153236915935 0.05092327851685835 0.06314287787985431 0.059025661998540466 0.017458372928254813 0.07257118991183788 0.04898693528560549 0.06108180675977381 0.08237131668684634 0.059190464320692804 0.052747960838859444 0.0805845781556589 0.0007826518093760436 0.02985597167229686 0.06865747109659079 0.0042831229500069215
50 0.00011544153266549005 0.024947670301730437 0.06869227916791083 0.06256744281490632 0.0034654572228952577 0.05585236590244414 0.08465445721431687 0.10171477125236394 0.006887959911634474 0.030595942204634737 0.015359320130861017 0.07649361290572877 0.06829052158833541 0.08698973213845076 0.030070324477371117 0.031434205211962406 0.04937546730439615 0.09742588798307118 0.038683041409725165 0.0663840993245955
51 0.08010008612896534 0.012716121329768001 0.030572005254052112 0.08705408268478551 0.07654039682684767 0.009291632771196112 0.05243552997585076 0.06086102827367455 0.03253685055231503 0.0896895801308675 0.051087493570657824 0.014136576838620374 0.05372627446901079 0.026922691807762324 0.014061168784838332 0.06335852943403314 0.08326239996455158 0.03816620195179928 0.03622682229175173 0.08725452695865206
52 0.017036728590335847 0.04226745334997072 0.0609167071923134 0.05694981471623254 0.04410387811007092 0.06889575911408756 0.03131122953201352 0.01347712677716782 0.04711694164733997 0.0859061677242177 0.030037940189095235 0.06553368853526058 0.06415045376722467 0.08502163677215101 0.04422527651350014 0.06804936478833426 0.035369077029308596 0.08127525593225352 0.014615872016619591 0.04373962770250249
53 0.04473408218959438 0.0912086671770193 0.07493474659206172 0.02445403518758839 0.05498545886334676 0.03758989931986685 0.0916061396325526 0.04240300254317797 0.10554898092442996 0.08989109616691424 0.0006466572815805991 0.08658378040822072 0.002899366932583071 0.027504165001563857 0.028772765655067135 0.10260187948841257 0.055873939318262185 0.01956692879196842 0.008235252478400214 0.00995915604738908
54 0.08387213849995097 0.09320931002795849 0.05076904128969072 0.0162276815566634 0.06148741782037957 0.04256845503743871 0.03347930693293363 0.051733900121928876 0.00014687202761658937 0.030245229879550077 0.05615453777197741 0.08912530229723196 0.08395669969355062 0.01590171945674352 0.050820256303049274 0.06737203490183023 0.0827276025413816 0.06517668112385984 0.013059855976925118 0.011965956739339239
55 0.071164101359609 0.08624817235817947 0.08831864565088193 0.05727456725134973 0.040593108441419085 0.029424897011996097 0.00043595386176870267 0.04160769253375305 0.06317677477884441 0.04803661682741287 0.03906050361233968 0.06883689085174838 0.07708453623069744 0.015216745922562178 0.005424455158978261 0.08085073219791657 0.08343148706354897 0.010147018112090919 0.01628440135435524 0.07738269942054797
56 0.034540289875091605 0.09662828369125499 0.004086482355730088 0.08908816979941499 0.10776040053806527 0.023683521604641305 0.004433925582534579 0.02028567103554425 0.0735563255991607 0.04653350069235808 0.04628587158568815 0.07460460492282946 0.04597902327908883 0.01988692736212207 0.0670823370515411 0.032610541862138694 0.018837258707105307 0.05015129541456172 0.09644914905480963 0.04751641998631939
57 0.10748432235422954 0.10157738097406935 0.01840083924983013 0.06983778138554621 0.08526742256689314 0.02866659383749763 0.02698356199950233 0.03792335617413682 0.08291513120691271 0.006580859592172277 0.08311151943820978 0.017431649424670934 0.07751239539072702 0.007748630781266197 0.011604947431126153 0.06072480248928047 0.012820120483618207 0.01614603623790391 0.05756667137611243 0.08969597760629457
58 0.03291757213971729 0.06963463248214084 0.08855541734645866 0.05019021989357646 0.06601434523973568 0.029582252651230535 0.07618975759027591 0.027779809842933403 0.03420903702808797 0.0417369093990576 0.027548528714415592 0.06288405829504591 0.035636227635928316 0.02752544826784835 0.049057336864788983 0.0768554575127493 0.05083022010358456 0.032992647933768805 0.03621199860870371 0.0836481224499523
59 0.06435323190982951 0.002037570666928305 0.07961070396711876 0.018317624518943997 0.007954364934277446 0.06745959516391102 0.070041031884542 0.03258605608406433 0.05811013784714211 0.05683395258025358 0.05110054857521327 0.07766113760081442 0.04689025797810336 0.0071538775372890955 0.09869429221308354 0.030772250235199656 0.059879367174729116 0.015970861549110472 0.07301627465163624 0.08155686292780992
60 0.0663231672014601 0.10866901453321091 0.05920285414331008 0.11128802068565782 0.022980269184503837 0.04342781551464082 0.023471754209888035 0.008758904585113674 0.09471114597661826 0.08458626560986161 0.0313666305525214 0.03051532912923037 0.004658485552100761 0.001974091046406161 0.04311033284749758 0.012935668585217127 0.06511358773343988 0.10174569847116716 0.06425040431082636 0.020910560127327716
61 0.07892711559616958 0.015489821891818955 0.042345548143530386 0.08680761279405597 0.0386118222184248 0.06795747060131428 0.08158782264022839 0.03157228603712195 0.014220849488618218 0.018762479902749894 0.009757689683260339 0.08663364209248449 0.06914810960041333 0.07370756003061325 0.01568315437886907 0.0761238107605279 0.08416997464374516 0.03064813408598504 0.07071958066596838 0.007125514744100689
62 0.02867563002122525 0.03091373071922616 0.09190467605611638 0.03795626359057527 0.0592828332626953 0.07616710852212785 0.01900217548782753 0.014921309510539944 0.0030844913434035417 0.06270121868852944 0.009074377900652157 0.049383176474383304 0.051518136681125655 0.051939257698729126 0.04162655621828662 0.08179612540944672 0.05484555961462557 0.07835988843038472 0.08558708995913603 0.07126039441096356
63 0.013136690755644989 0.08365377720962491 0.04015399811025484 0.08464459420002782 0.04892917997791672 0.09202007487806775 0.10059248597002307 0.004228725394575375 0.09149596350074471 0.0293696866381442 0.00817031468650249 0.009853915714791965 0.02944270388454808 0.06432535167166537 0.00018263600210975886 0.04200281673410282 0.09692484826176949 0.04305593674362415 0.0486329439876114 0.06918335567824999
64 0.011757526215580655 0.10834731057087918 0.0828353882439771 0.026897160913800202 0.09777686122235416 0.0219152634240469 0.03370789649422779 0.09047764544013542 0.038284630946545134 0.07298616936575932 0.005156485720986078 0.009977970597782179 0.06410130006468445 0.035511552012483315 0.08118113838202522 0.07407367756776721 0.01296640819609172 0.01495535555227435 0.054516808056363844 0.06257345101223585
65 0.04155587693505121 0.013083969248802178 0.031162381477642193 0.09528276764341892 0.010814577706479332 0.010773648561273438 0.0803101972785126 0.00781777822715298 0.018204972420646906 0.10368608850543298 0.059977024947235974 0.05483924281749925 0.07859798722885275 0.030797560510405893 0.06624790080729126 0.021957756191605726 0.10977814522449732 0.022305616894255278 0.10545631881114437 0.037350188562799445
66 0.02794350004217879 0.043876250128737686 0.06089496510358559 0.08378504708370947 0.05908657880448391 0.05577569059410624 0.046366018029600414 0.07354259829497399 0.05191954613241514 0.07738176855703632 0.04298110929936913 0.08535302008702585 0.017812659716227107 0.040859758267785096 0.04360645777810652 0.03521959062646725 0.08533213663541432 0.039570845615775174 0.027930432860260142 0.0007620263427416369
67 0.04057693964414621 0.06884527315501934 0.041805266647477815 0.08552438248909952 0.06274413820830405 0.05436045798913383 0.013827784259823256 0.09732491085642533 0.07697956831871224 0.008971859125955101 0.03262159791061838 0.0072419103814560975 0.0014768485048119338 0.09185837171030815 0.055514786839095054 0.01228323735084251 0.043855008578433254 0.05080328068394887 0.0698293060013126 0.08355507134507659
68 0.06330535604494582 0.060369504395516915 0.09169456149608922 0.007536826215882128 0.06735004565463741 0.024018977216980878 0.030717020926577156 0.036287794425184754 0.008975530298115616 0.0834827678912195 0.02786953254316406 0.05836151222063843 0.010793335660778095 0.07944170021970791 0.07506645423720713 0.09311841843905809 0.07327007940592892 0.03733270031660786 0.02682919245068883 0.044178689941071256
69 0.05102730782296172 0.07902533613860936 0.000493973130451331 0.06540281509774973 0.014589036876452912 0.07746795117397103 0.03594099794504009 0.036142751964866236 0.05879838374305565 0.028563512854463353 0.0067756011853002986 0.03305541618944914 0.09350409766202396 0.024995500939925794 0.07653048763679143 0.08182318198992836 0.06377024780046851 0.09225709367766423 0.07345346521413446 0.0063828409566924595
70 0.004204800193778517 0.07517866304221497 0.07565368403277313 0.09504171906970632 0.026718479774409 0.07928175585719582 0.0662715783998248 0.010514506136177734 0.05647053485564154 0.03290498566004771 0.03821844219393886 0.011691144834487594 0.036428375848379685 0.029922390463245026 0.06630284525446588 0.05907465410070362 0.012059339709175058 0.09421971274739373 0.09364841077038252 0.03619397705605844
71 0.040299868929230286 0.04356181873359575 0.013506306346514596 0.03360916904851517 0.08198883727738845 0.01117153968199234 0.03253606230831972 0.05982317525484223 0.08683068465315674 0.07679888442840185 0.07227463837165338 0.019325945186430087 0.019801923511995317 0.014233298081971714 0.0009606592913145108 0.06530602500694412 0.055157657453965524 0.08457516752763264 0.0853020625483749 0.10293627635776066
72 0.04159835653894866 0.0964456798566474 0.013935667259489385 0.0377105598069201 0.09293706854854074 0.0005141906416246932 0.061322986419936235 0.008445234201934479 0.02075042237880591 0.009501587565956936 0.08946439048822519 0.07261776061469478 0.0523269605598579 0.010715590542244493 0.050140197612197714 0.07020908123355178 0.026892875710319133 0.06995599721113335 0.09141403386219811 0.0831013589467729
73 0.0833599022331447 0.10068770215597762 0.08328300819026606 0.0018132417298690588 0.05631363831432833 0.026305319788791814 0.08663901463283258 0.006436261406397388 0.059077900761592875 0.09323536198415323 0.018633014563174295 0.04739861994496939 0.0023440703567017512 0.013593862338058432 0.05602621340871045 0.09295395801088736 0.043456588353703744 0.03883072096268354 0.08643452842894538 0.0031770724348118905
74 0.1136251332575116 0.11188699510207988 0.03252547609778252 0.0031769991139662308 0.08432674629556847 0.09150508648152232 0.04889816706647871 0.08524899541150023 0.013962872739037615 0.05552675441130811 0.03801744840620126 0.01315640075652895 0.018418069980776174 0.06951695215416154 0.020497972371609052 0.05625238333302092 0.043949074993512936 0.028323444689576514 0.02926400823532065 0.04192101910253637
75 0.001571724663855035 0.07816530065264307 0.08376086458947887 0.07342581767781481 0.048440231148821164 0.07745147444154467 0.04743675344601044 0.08225475730210934 0.01173908673102129 0.02040626240176097 0.09616055087307541 0.08312824735627913 0.03890270852404674 0.007690454350754778 0.07491922780595206 0.003500834397330954 0.02525357742094235 0.05021833571914375 0.0014110413395270846 0.094162749157888
76 0.05723219332401393 0.013592532171560093 0.0680253918123158 0.037043446305959404 0.08114439521920515 0.060766842353062865 0.06484088211262357 0.04375977334482186 0.07829269418458093 0.03787291565625229 0.03122363179495317 0.02260094460545399 0.04079685776118889 0.06530176135421543 0.06139703389578869 0.02244790749471097 0.05888796419473534 0.07579908574786788 0.07705580238260648 0.0019179442840833011
77 0.03709047887892339 0.014317788047965834 0.03687152087743967 0.008777708397846246 0.07085709965921518 0.008494513740578856 0.011356969003495898 0.05621313597001987 0.042505442650390406 0.05111531603988841 0.06558004825191274 0.032466702259550166 0.015681118215222372 0.045295294379664626 0.02748962437119409 0.10821000145572772 0.09854011606731469 0.07179829499002409 0.12035591234181123 0.07698291440181436
78 0.0508440303158338 0.08762443359447752 0.09250383181181457 0.03237860803477883 0.08707780203802086 0.09055966638747116 0.029384979599649926 0.09223733782380644 0.08889627822088748 0.011296910780685506 0.0062612791495517284 0.041572108119780106 0.005515291237709594 0.011642918112333478 0.020136413882031735 0.03389389379289745 0.07174337905665307 0.03422852665372758 0.0940030806419555 0.01819923074593393
79 0.026633163725136324 0.06208263418617958 0.05148477672631567 0.025034388780553894 0.029890554723933094 0.04260405125433194 0.006345794217421852 0.005058211291854943 0.017582632176298702 0.02885164128878792 0.09454835786765493 0.036146257325853914 0.015889764228321775 0.05566993739330001 0.11164585559296596 0.028087644694161373 0.10039504784235422 0.04100064210937362 0.12959814319462257 0.09145050138057777
80 0.11641357200496003 0.10283477799814573 0.08437581381955715 0.002956587357733981 0.05200021948293491 0.020991941009641725 0.07676435110395571 0.02166113244941698 0.02329579570140718 0.09577396354789491 0.07048447044525252 0.006810365959701781 0.0016764067445115608 0.11176174832551887 0.003523410677085124 0.007737959282676028 0.09296699763465195 0.0715068579001896 0.01904767797905952 0.01741595057570469
81 0.05816872053696883 4.727933979375276e-05 0.033029461339832485 0.0014244608088258546 0.022131130911515574 0.08246561815654713 0.08511867205917799 0.042161387210918354 0.06514520579169701 0.058051646049555886 0.09270909961041443 0.08522967334372858 0.06008038313091932 0.00012890842195200974 0.05527858183329821 0.07152030024114789 0.06594722994866989 0.042362693848529594 0.034245540657673705 0.04475400675883351
82 0.04046384612042973 0.10009447518229223 0.033981193587424206 0.002327303227459525 0.07948740469069078 0.016166680119539974 0.05580879269373103 0.05918987784007208 0.09329992110392855 0.05849933404325513 0.045530026674149356 0.07921505882185095 0.1082009074902944 0.09506181572854148 0.011671186401633261 0.040483955956729004 0.034534819276454055 0.0016332421013364816 0.0042696906984119945 0.040080468241775954
83 0.04266378420828802 0.059677597181451374 0.011488464580491959 0.03214347379238611 0.08157782357064644 0.07504620108050933 0.022049293186576197 0.07570946843414357 0.00890099885967869 0.07228904007395204 0.06094402510332138 0.0770227749235286 0.0747546171385076 0.019548637006247607 0.003976952287739753 0.07756157268582065 0.04785866291657338 0.07353675432297047 0.0031061463341939817 0.0801437123129727
84 0.04261433095080255 0.03554281929790777 0.05682539099301542 0.10716490875105489 0.08240210865093774 0.008915986276682683 0.07138768276278373 0.09111632762258204 0.014549001054127736 0.12663966470194254 0.03803383811430177 0.10396919100937389 0.006648872254032638 0.099286673084947 0.02466291259063617 0.00927194938261692 0.01864680367163623 0.0018370440815321453 0.02992755706159228 0.030556937687493815
85 0.04511067943409015 0.03630254670298517 0.06274900112808131 0.08153509486673614 0.017956146933042396 0.01985588671809098 0.08067344871595943 0.07185862880177174 0.048772225682623085 0.04663787719771257 0.010637435863717978 0.03581682883180497 0.057116055212187246 0.06444927553841279 0.08200226659855045 0.0729673308062235 0.015076926058110755 0.08199715924783041 0.03342307645459713 0.03506210920747194
86 0.020064715983544364 0.06028246662154839 0.0730497930660683 0.07564221101593994 0.037854752517812604 0.010696930379883082 0.06289172911839423 0.07906453729147148 0.05509937802217999 0.03325712518273692 0.06465305808962536 0.056606987081515986 0.09144567387848297 0.045399434723677086 0.02607641613065319 0.04577827516881851 0.09553402930112133 0.014027294583480824 0.04160872866517138 0.010966463177874052
87 0.0764107224205907 0.06626942982876786 0.014744097554043809 0.056682547309288456 0.053238798221044596 0.04296170851386265 0.04986245620448311 0.053494220503571666 0.029263391140690306 0.048863874840548126 0.06789394417756703 0.018993804582663098 0.05876276517164499 0.0705587743195022 0.08272754124134635 0.03225881980722934 0.04468225242270649 0.014305999160140767 0.04268365397504238 0.07534119860526607
88 0.09677608621246551 0.07542911745341255 0.057072630224927826 0.009689173717480402 0.04822265144376663 0.07029589932584042 0.012539186681391876 0.006655650809264618 0.008495858194999276 0.10178757979383658 0.0254848904907146 0.07609842881862118 0.009012725535439046 0.09483297554158711 0.06756521149086786 0.056567652615787355 0.016749989741923023 0.08466254718851314 0.05199032175566857 0.030071422963492498
89 0.048697259462245714 0.0539373998072453 0.08163169388156555 0.048519077339243 0.009304599510407296 0.038145063162516965 0.004069923335812247 0.04741793681381403 0.07799218303080936 0.06946503477423113 0.045069045709533684 0.08022600659831647 0.052799230812840124 0.03698105806013427 0.08471797784376721 0.032591150306479987 0.08077084355684597 0.003762144640590818 0.025036195886955315 0.0788661754666455
90 0.028384173045519517 0.017966108347085067 0.08949668035143894 0.03812327602537701 0.10549511561358951 0.0714771756161148 0.008990286931114895 0.013723487526125601 0.043604895975293004 0.0019381431139321758 0.10339047228358024 0.020163856758124564 0.1029753849751129 0.03871574501068364 0.03254713231764798 0.01785134995434541 0.04471889866758458 0.10261108391835962 0.06336119045725615 0.05446554311171417
91 0.08844233186838807 0.08302918369674099 0.037366369763725614 0.035948048058125626 0.025943884553719772 0.02513745159367348 0.009784250754564823 0.08668433918078151 0.07587832074799786 0.04995850029043792 0.01468850162381293 0.08485708266594182 0.04413674671058624 0.05441070859354453 0.0009646829206083463 0.015041730063787511 0.08395891899306651 0.06842571096000662 0.056350669437649666 0.05899256752284005
92 0.07413260702079558 0.00999834846784752 0.0024833562633263433 0.019183130659050043 0.01239719248161853 0.03144816921303135 0.009919704341591375 0.06814581298800554 0.08407528312059225 0.04345070072459271 0.04900065466399639 0.08925727914614755 0.023714827647901435 0.04528391976249354 0.036153890288904575 0.0882685017721275 0.07108789766205258 0.09825632162399563 0.10305332876570938 0.040689073386220284
93 0.0519156919062665 0.07848955047203905 0.07949048085485398 0.0150043536981116 0.04765294264591537 0.07110105600505028 0.0036402059620898866 0.010906247890612248 0.014154051110324237 0.018668016461560633 0.03273813156182134 0.06635914316605661 0.07336396674094676 0.11624508289470427 0.11958770180239509 0.029507883500808636 0.01817218251720421 0.01574828487540252 0.04313892832927191 0.09411609760456456
94 0.06156991684319734 0.0482786239466227 0.016743067919151224 0.06002826588668778 0.0395976638903889 0.06227377249605856 0.0037351234507928114 0.01968704066974904 0.09638508886565664 0.09923228038241373 0.0362828858691693 0.0430250469578623 0.08268449080888488 0.004333315332691721 0.05736401491036789 0.08570611655477535 0.01677043126133583 0.08408113042106541 0.038908460591727645 0.04331326294140095
95 0.08401958824363073 0.06517987471764321 0.06953228769600193 0.06358315315792279 0.07783234259997404 0.01771482652675991 0.0026616918417018956 0.0609926172264229 0.0010362950554982351 0.0030342363367006717 0.015233164638427395 0.02834995829237192 0.04656199592576565 0.0159195636127674 0.1120748013102436 0.044711985120718056 0.0681182889875495 0.06564195584850761 0.07660533079053934 0.08119604207085325
96 0.04649890391970637 0.04881011218157082 0.07526845784740938 0.060892929973825866 0.018947392734052822 0.06287384924275778 0.043491122080910494 0.0700937367262542 0.013298359792108206 0.0854135089793563 0.0277493417548688 0.07116827945679427 0.07819467465918031 0.00266203138303287 0.012375330339441755 0.04684317723185243 0.08783973377930374 0.04138255798760246 0.06974315970196546 0.036453340228005525
