0 0.0696553596488201 0.10606043111636969 0.024128394228620204 0.005550703448076956 0.0570595122372474 0.02875241916961345 0.06486873371704974 0.012109785214561797 0.04418955637182407 0.008291095219828756 0.02604432282041214 0.02858345404551529 0.06342336596145741 0.0319945701964137 0.07102651262761604 0.0743638517238389 0.11126234864422117 0.023414503232834873 0.10820505107108415 0.041016029304594186
1 0.07771886280815853 0.044152106009700175 0.07028089546366781 0.08773870274904112 0.035320860036187805 0.021421929887257385 0.01698298611622667 0.07288082294029864 0.08245213294866802 0.049928787824602444 0.07603966473117606 0.05736629626731737 0.026056598403948774 0.007432525708009303 0.06116855734080379 0.08497180782183641 0.04801414506491856 0.04692077896953674 0.015009000931276002 0.01814253797736867
2 0.05691034127880039 0.027938053382053255 0.08329418190641813 0.05597424428573279 0.06049963416168072 0.03742150182624649 0.006449406460764611 0.046015934463224085 0.001585649414647474 0.03684914668077169 0.065232018408183 0.07274897515193528 0.06840931490830607 0.06628846048181751 0.0853837050679682 0.0034714208943080823 0.0393761985855622 0.08443560939414027 0.04779819649942812 0.05391800674801171
3 0.07096300867505669 0.054435163525064806 0.010192592057455013 0.026357413615066702 0.06949982559707704 0.04602796568489725 0.07802158199064739 0.0019540287759741205 0.0761721289746268 0.05579318419262701 0.05829829860385394 0.0011197641746824277 0.027609249558778463 0.041388864893651546 0.0658023507947091 0.050600317755874334 0.07753413213995336 0.033682696703961595 0.06963476523243606 0.08491266705360626
4 0.015383102712765688 0.03314312547396913 0.08428439166184111 0.038531063851004646 0.03619914541897248 0.050337771888726596 0.027690939137828746 0.049362838884401364 0.0701712879893075 0.034464374498014524 0.008888478785547433 0.1137450348573984 0.06834713563476946 0.0952682435016967 0.026401154539642244 0.00042637000504756997 0.07912533136005784 0.0222804309519652 0.03867829313523063 0.10727148571181276
5 0.040229353291360556 0.013046131088634267 0.039122883815845874 0.05706193373480455 0.04455923361911183 0.0046305183683732435 0.05329381767154402 0.0323014282829454 0.00326508464081445 0.09373141492357939 0.07905548521781905 0.07494641675988326 0.024699842315143536 0.0736147750171444 0.08031602330169467 0.034881505117853685 0.05016382219114115 0.09000135425990119 0.02262998962256054 0.08844898675984497
6 0.07396654411696897 0.022061639008844034 0.11361573122574374 0.09284376075014343 0.05341815465727886 0.0018767521095667992 0.06481599430112168 0.11775799640177796 0.013607081677423222 0.016983108660675532 0.013900007960888784 0.05090021336131275 0.023081661752393418 0.017771444488135127 0.022505903830965977 0.0848479457691407 0.025368759598896784 0.02860221227452658 0.05384545635912031 0.10822963169507507
7 0.056673200237943595 0.10336558385941497 0.08162115528117725 0.07771026036137431 0.06787069223244062 0.0955484465678655 0.07000073139412175 6.948405368125255e-05 0.0075097703291982934 0.014026567887566179 0.004489154847663898 0.029732858186164068 0.02166702362041881 0.08386574682188157 0.06892878481961333 0.015401609672165471 0.020435295738668324 0.11237784296368111 0.010180662781108091 0.058525128343851596
8 0.0467663053922449 0.07042322839964288 0.03675758465164847 0.0033257602186926266 0.026548956855763067 0.03389276233231406 0.0734415336825071 0.08369523967654405 0.01829478956055319 0.028345905951108613 0.07708090275710311 0.036989417789991964 0.009282810663319478 0.08846411674399372 0.05994804336316796 0.015150506264140618 0.08012068185740018 0.05023160232076487 0.0861019898684369 0.07513786165066222
9 0.03139579802629481 0.07396293561753277 0.08400386626661015 0.09048498422621366 0.04246268553551635 0.08651783510624672 0.004053756879427952 0.06209429945671097 0.07141170360500962 0.03783605803097239 0.0009820411859227524 0.03175379533489909 0.025005579924262344 0.06547662504887314 0.08527418797004852 0.03425711350461887 0.07408164307035155 0.05335539831803009 0.008907321524306342 0.03668237136815179
10 0.08450121021713791 0.00266379268240567 0.024588367746865694 0.042920093597086276 0.06874228606303004 0.024400650479866493 0.09156787207058231 0.025844557547125325 0.09853704483819467 0.004226067874337764 0.008988893820464047 0.055139015297171884 0.07014883366675904 0.012279520815257683 0.02037584173247429 0.09431244126075669 0.10011146325387553 0.025722534850631407 0.07670740706922347 0.06822210511675383
11 0.02597460638651939 0.009851480737012157 0.0013868343733569831 0.0715797156681311 0.05491342403682294 0.059232403271378735 0.06766343067947751 0.08529739900862433 0.03297618989702855 0.06306868418413136 0.010465070472989056 0.06607219523186914 0.09812331868415575 0.07364321937348316 0.034460613079545475 0.042118943243999674 0.0002214203725125797 0.10979085071178231 0.025415905470603437 0.0677442951165765
12 0.004282509326183422 0.03810189078072773 0.028704589898328484 0.03421621452871517 0.014400898694329837 0.07555558634448974 0.026030682115387765 0.02826947256816645 0.10601552706714275 0.05277477261741068 0.003873028728030954 0.08750471894122017 0.07103572330895096 0.10533273797626479 0.09942695521822344 0.0020875704225847085 0.02253930392161568 0.0021947046515169264 0.13147700655663364 0.06617610633407689
13 0.056991275156120326 0.08627941480050055 0.0048484652706369214 0.004883649157422768 0.0711190079986236 0.10593816786339096 0.01930220808523376 0.06391472859825488 0.08894483852315734 0.03243072746955035 0.09739298902320395 0.0799686865429008 0.018587432740861626 0.001933224827862459 0.04928149094954635 0.06777472425066497 0.038166298697920285 0.03428666814159065 0.03630839833425098 0.04164760356830641
14 0.06302766996437026 0.06963135845351702 0.05944319263437839 0.02224656890405208 0.07528080386472434 0.06334184065651541 0.04077727033241222 0.037667445181215994 0.03490465660804162 0.06067703534213973 0.01738784120706832 0.10034217196298613 0.007134693936902546 0.026893789176917177 0.07742408942067261 0.05192517701706707 0.06874454597874714 0.021278548201931497 0.04201071163096839 0.059860589525371856
15 0.0221921077095378 0.06639392864300087 0.030447435422060028 0.09356215204688759 0.001454404841632333 0.07920895069003427 0.09210716888170006 0.0704559029646615 0.04258119598362272 0.050811554203179086 0.030942265174580676 0.07254027767921578 0.046537232712129596 0.08393758718540872 0.09628267950625506 0.02105660163624083 0.009722695083179142 0.04087484839502567 0.0368965212736123 0.011994489968036107
16 0.05457759150326907 0.06961886796121249 0.05292954030435351 0.04052508207920088 0.03315445627293907 0.08617025968975936 0.05416912960432305 0.003509931651948239 0.025813859634650684 0.062300721663979396 0.06998756353539981 0.08971673320633863 0.011426032172760456 0.013003056645209477 0.050289430451783856 0.003763382132600223 0.054466368192716476 0.054760125779527935 0.08200959587128837 0.08780827164673922
17 0.09013546967285029 0.002425395986221079 0.01588361077545118 0.0126577754136133 0.03657796455763517 0.04793999787333548 0.08460877150727975 0.06903986969982645 0.04661430574590389 0.011299827483018634 0.06511739995720821 0.009828120493170682 0.024661265264249378 0.025476466582199285 0.10131180930939515 0.09274329269417987 0.09619359911266356 0.1008850380996787 0.025049327583795404 0.04155069218832436
18 0.005377362342222741 0.07632427747875777 0.055483865961884954 0.09334186560563273 0.0023947547760064533 0.09460362082239833 0.07234370301905065 0.0018184115705027015 3.8464987951142075e-05 0.01922772605626962 0.09053448810204281 0.09887337681370276 0.05293592576309008 0.06244422240110937 0.056681104619847836 0.040645265913538696 0.03346855576927249 0.06448224792511509 0.052931963829489094 0.02604879624211455
19 0.030702247107277154 0.030512765202214784 0.058251047187355506 0.1029674001921577 0.06643477172514144 0.005721655400815871 0.0982657457601186 0.006060597485278914 0.033493014050452984 0.04496153745264726 0.04154798826512227 0.042181964337941476 0.029504741371527584 0.040556661873807465 0.05751802113965438 0.022901446874669378 0.09312712244717958 0.07682449126457538 0.0903267455792945 0.028140035282767935
20 0.053306870392181904 0.026570438971707494 0.003221009202154222 0.07532838916575742 0.014089152741586574 0.07326611500531012 0.010312842559257492 0.0781472875920947 0.01826880542600249 0.06392940489237241 0.08859416709411946 0.05897765095315739 0.07598264798250798 0.034884315074595475 0.05633565931266714 0.05818134489743558 0.06642656603516943 0.04026954754691561 0.03329820958053066 0.07060957557447642
21 0.02844246000684788 0.05336347925080137 0.05352580932621018 0.058291175242356295 0.07014283054614069 0.03527118454387795 0.05948275470261722 0.0600660504281923 0.04672976073069276 0.029177851960858047 0.06263906593622155 0.08668724883708442 0.020834446697103565 0.06875278734988399 0.030330449342788158 0.05987795687792784 0.0769152490165596 0.03342101731611084 0.02127433264743643 0.044774089240288875
22 0.02325701686101331 0.025203315751529305 0.023536318417344392 0.03773697705452587 0.08412300521786295 0.07763802323979237 0.038272259300407306 0.03646033252151318 0.021831840149566753 0.07002175604263296 0.0113490507654607 0.07673563208758781 0.05753593943609985 0.03325158771764535 0.08027062870348041 0.06637129802734273 0.062317358283103384 0.037431469494641746 0.07340167229577693 0.06325451863267273
23 0.066849648387006 0.05065516195816351 0.06454385108280118 0.058735352595879614 0.0652181532279584 0.061913713668097003 0.06892291853619333 0.03304143245780571 0.06247079528657814 0.011587514254806856 0.06781740123181372 0.066488942869446 0.008878574139592203 0.035507491010359785 0.07535409667705871 0.019778401610353314 0.042596148472664984 0.026571610308959524 0.03908121133191137 0.07398758089255064
24 0.08255904553015948 0.05911191096684528 0.0799252142090971 0.006120354308759474 0.07923988709878425 0.03546444535689399 0.0708957002729702 0.0413287553801769 0.064747819705224 0.041861129272986464 0.01564752436256709 0.0611967010970825 0.030791355545276743 0.08221768130646655 0.011377889413005306 0.04598277107895006 0.06619020098996099 0.07015161813674983 0.05197741168409802 0.0032125842839459445
25 0.09287881645304823 0.030981282367214556 0.016972215313323477 0.03474691382670587 0.07235633300583327 0.06188556729902192 0.010647359652063117 0.08067123952721468 0.004784769615600491 0.08213364785737404 0.07901211500748465 0.023069006885726655 0.0963411884044967 0.0509564318917305 0.05515774023672283 0.06545842584465573 0.06094524408959866 0.052980689686104226 0.02303641400835807 0.004984599027722419
26 0.020172432473922648 0.09703923646930851 0.00375604520287425 0.04446661291968254 0.05335937577621324 0.0473912966836277 0.08118546765613349 0.02014667720852213 0.04194051825404694 0.06932609664604558 0.014728246234130788 0.055214148969540675 0.02218616438821612 0.08834019856527822 0.08453246406988701 0.0754672353687406 0.01825083503505544 0.00575392553449146 0.08853395681177587 0.06820906573250664
27 0.0019232164760611128 0.019116785518178157 0.02678124896368177 0.09151705448911385 0.09798622958014847 0.009112950863080803 0.028572963905430012 0.009320178380387548 0.10564912631859945 0.1072522476111227 0.03360197931881026 0.0985034614908241 0.07346688805744961 0.07456364513984738 0.011510813398854755 0.04014415250415751 0.08280792136784826 0.04094978315089169 0.014386971797765151 0.03283238166774731
28 0.049182038788251156 0.015882587387731354 0.06401474868302535 0.029713050652910217 0.045552765712015976 0.07255527244642727 0.03152338386032159 0.04527771279631982 0.036099765667061606 0.07603046040788526 0.041867213596701314 0.04493343988351853 0.07392847651830158 0.0661726317087427 0.06829574450493739 0.0631800922929436 0.045262443247851114 0.0720001079573177 0.04430554197704767 0.014222521910688964
29 0.06759406860989982 0.045308140570906014 0.027438451199024477 0.008077168400343001 0.07732937693334098 0.059081022435289635 0.0892281042480512 0.033151555903746875 0.060270258378688976 0.02291577282602498 0.048376166757903724 0.07659462637178346 0.09026853279170784 0.06039176854966119 0.004457280231728418 0.0034244391111343574 0.07355457514028713 0.05232835164441137 0.01645227152913703 0.08375806836692976
30 0.07028295346022317 0.030817908188032418 0.011781140717261229 0.058600465479330774 0.06012774520405664 0.052285369111083335 0.05847624319705985 0.023716637750609882 0.005081851916754702 0.042053851516374266 0.06906342316886392 0.07300615974150367 0.05461057625124775 0.05845259171465255 0.08993565855448009 0.0038029996059720044 0.07762568123597811 0.08885115265990788 0.0010102344099948463 0.07041735611661278
31 0.055076672406498606 0.06861737625426395 0.02457423363190795 0.011193802580158452 0.0650957530633744 0.040848308892398016 0.06467426923317253 0.08740768591370206 0.05557179292264868 0.05305275453083067 0.05545350053591054 0.022598979411476292 0.086556034085403 0.01931603199306996 0.03216388512349283 0.02597905876404483 0.07143251648033327 0.08662373529765961 0.03703212125456048 0.0367314876250939
32 0.018337522314390793 0.06775949405579972 0.008299563756924718 0.07254712557760193 0.07390293234755087 0.07372340707949519 0.004406719180721115 0.08117744011182325 0.06228249031486172 0.04272520139099119 0.07481217421326856 0.021860628296466424 0.06183200930637248 0.03254732336044877 0.02286025677501523 0.07419529553035792 0.011755545883487206 0.05682764646136083 0.07996868287380053 0.058178541169261605
33 0.0737988576636005 0.004556792344772008 0.05160283618364656 0.04666606097860057 0.03579253842082284 0.029474432391324752 0.027761042130382253 0.04612934014127699 0.012109887190879517 0.11541886027634266 0.01018433883463816 0.0562804622906378 0.011560805977307381 0.11761344694204634 0.026649958660518513 0.056256815769559806 0.09676042391475952 0.04338748225580309 0.03151632434605698 0.1064792932870236
34 0.05912393010984189 0.08677588501798224 0.026922058938443388 0.04656394146357723 0.07304584932577808 0.06276187379121885 0.049922814623561795 0.08390582582584638 0.02844931972782117 0.00047191810789451113 0.09231744485010808 0.01258339106576923 0.09142159496256073 0.03166967002319013 0.07528727464226215 0.03978486099232331 0.06795474383510638 0.014301019585947206 0.04575713164278262 0.010979451467984713
35 0.03778396158548709 0.08840347700799968 0.08265070020479659 0.02219293432217626 0.06810563234063212 0.06907655305585375 0.08804940771483896 0.02615540331186117 0.021299600869447 0.03102498813257483 0.03626440968991848 0.0778074873276365 0.02015660068858162 0.047423066091294125 0.00207318252792924 0.03554260948559527 0.017070242876698085 0.06511948073035412 0.08465980349228365 0.07914045854404148
36 0.08099167442351576 0.010156129528476764 0.03696277214758824 0.03735617363447655 0.10011088590560324 0.09309780638037032 0.020203146669542368 0.005889001451143512 0.0859667837371396 0.0015978859726483935 0.09979257517546994 0.0010695814625192315 0.03360272180552902 0.040521766937467806 0.10222469994097626 0.09238874534498345 0.0012931695362730893 0.1079813701381393 0.04252222979790429 0.006270880010232853
37 0.08512148425848502 0.06904404331824848 0.0010740789793007909 0.03719575087248662 0.03977779707903893 0.004411693642670285 0.08097781244658789 0.0626207331004535 0.07147189026056282 0.07686783643705253 0.07500867336334929 0.04731799527843561 0.03247803178863853 0.0645586414311214 0.043866069974759905 0.085963440814395 0.03233378825327656 0.008307419586880844 0.0660211109042287 0.015581708210027072
38 0.003925881677761599 0.004113865365962738 0.04239679429416645 0.08392692200515595 0.07413303887727182 0.032198522819746916 0.10275013014590553 0.04660912984873051 0.10862621653878685 0.01263310074058089 0.03565349206033247 0.016495748568239234 0.058810750675997496 0.033454651024682154 0.02856607615369683 0.020710983455275934 0.09596805853281168 0.03469456884096686 0.06269878716413471 0.10163328120979341
39 0.0012897700297904416 0.007175648537349755 0.022730449985190162 0.0414565766014761 0.07967765358367794 0.06414474635515383 0.08539884783214853 0.09031256151106146 0.07080745246851892 0.0568522183993863 0.051714691671512845 0.03178903629639874 0.03598143859618613 0.05575899914780946 0.0036186640044022435 0.036800002528745726 0.09452945904759753 0.07136315059163874 0.05422205998770721 0.04437657282424785
40 0.09280739367741661 0.0023500776056867034 0.04138647419578122 0.08043116888888778 0.09190543357432517 0.051424286897083206 0.0038886254291486985 0.033987299320524834 0.0020869066782213566 0.07571062491151559 0.011648738928464637 0.0978181249494944 0.09176170502247316 0.0033829940789763457 0.06572715413598175 0.017205804694510055 0.005584377211629734 0.09194013810694021 0.05499761856233874 0.08395505313059973
41 0.03452396896197739 0.08175084395305052 0.1120509164702256 0.087593115712621 0.05326559586152689 0.03305102825860699 0.057844675483704845 0.04699007003623573 0.01538692692150296 0.02864483715204339 0.011646022843113831 0.05012229842978664 0.00024740601040058527 0.08802260669490061 0.05403265631228268 0.025914775549857428 0.018987045147365555 0.034435768404788174 0.09143358749787923 0.07405585429813005
42 0.00424551356021662 0.01043124211828346 0.1334530264856187 0.02730740307935803 0.10211264328044556 0.029641835643378255 0.02006444252141544 0.010257069083854367 0.05918366585598561 0.0018123251085907688 0.02082462320956011 0.08724175826063484 0.0034835177943864756 0.02373630735201056 0.1181461864158716 0.05929475039989579 0.08656714566517719 0.027046125090674243 0.1370406238107816 0.038109795263860755
43 0.03274189455695436 0.08012988516527067 0.03170257106594391 0.043338352800824605 0.021231311279407163 0.08958757416185659 0.0773853998797443 0.03992734132062617 0.08463000209721282 0.013869262412234845 0.08455075336667078 0.03230529009262966 0.07504876190172458 0.037627079541370935 0.07781888208962408 0.02255051700562554 0.07006271579677739 0.07132890979189518 0.010568163032896443 0.003595332640709883
44 0.018034190578776692 0.09872407367267022 0.09517974934415116 0.07720897382328785 0.020326921463244038 0.024266490866373266 0.05040445971056137 0.05537749180891235 0.012434929662333295 0.04605939418034022 0.007785971043884186 0.0011788379326311855 0.06994772811574437 0.09877837910200629 0.06362580922455793 0.03595867269229369 0.016769138547542046 0.05000309509644854 0.0624958018553016 0.09543989127893975
45 0.11016820815543678 0.04790204070444746 0.0760083197140044 0.031134938256388908 0.039612530465143764 0.07806594063055261 0.025864476091387433 0.07699937578179424 0.007388226824583477 0.08476346455347103 0.0795289157181274 0.015250055139639772 0.09382937636798193 0.03206663570546446 0.06173185446273835 0.018223978784240952 0.023728689887513355 0.0025117476819444887 0.05156760741502167 0.0436536176601174
46 0.07682221077758582 0.007974458476342315 0.09467211825955302 0.019552270482390836 0.03632964544202289 0.013996245971907137 0.021778400858111422 0.06824295018268481 0.08867038879081571 0.0928741398074207 0.05257383508632953 0.04881443298664599 0.052577205288852194 0.0477907677117289 0.04357107986454491 0.0505948075669157 0.07097315537578949 0.02716061521413829 0.021640650733339664 0.06339062112288091
47 0.03594035528418499 0.09727871962511894 0.009171533902921854 0.016844386787794503 0.08351721447773673 0.05032101425596351 0.08777185664876244 0.07483176082016445 0.04544615669507829 0.012274961910389008 0.024592749254090423 0.09401277881777848 0.028502243776010933 0.06439077700279362 0.052489140163915836 0.05782516398928338 0.030019939881120287 0.067809747960194 0.044056912902219386 0.02290258584447878
48 0.09771714304475947 0.00338503061632121 0.061041735455503676 0.027881481982165234 0.02160828364288986 0.006873449302106139 0.028756930687239723 0.0337167728842703 0.058640588355526276 0.023599644899993465 0.06327072792840338 0.08101674726371733 0.10144939433721135 0.027700332120551313 0.07733115867682509 0.029020699240895793 0.014586002853910249 0.06834784739991373 0.08864224741243389 0.08541378189536256
49 0.04623518793325285 0.020070818463799198 0.006461575710402288 0.06083757678021365 0.03875900412530948 0.02554124709675756 0.049651243775535356 0.06470848180565753 0.05214028023671366 0.012775078744796286 0.060760839411174 0.019013729084619388 0.09296828052070864 0.0806578454972135 0.012583232020958351 0.10151291052779962 0.013414704520561302 0.10335407654643744 0.1073789296079288 0.031174957590161097
50 0.0712287306047371 0.07305289247646672 0.03736098445027574 0.09893945632768222 0.06713247342941142 0.06153950521958448 0.07011054894424361 0.098950810571982 0.06874880049405566 0.002459156056818454 0.016486839843928337 0.09531721906642679 0.00010401855459581299 0.003925532154888105 0.017462755607350507 0.03291143764801454 0.027715846464551032 0.011605189133125804 0.09248357210470681 0.05246423084715469
51 0.021814620662668628 0.023038652149451735 0.06886240123495307 0.07284562725221647 0.06678145312865245 0.03821894104177983 0.08101363034305728 0.006793031251135992 0.017260649538487514 0.07042343595950976 0.03886556877731677 0.037002586688324936 0.07940589498806029 0.07095569508175661 0.04785891380831586 0.0057980535174218485 0.09606476643282681 0.03324440197364181 0.08422954649224536 0.03952212967817694
52 0.01915235160933747 0.12019897643527462 0.009640682881499257 0.0038073485997785336 0.028187817030255902 0.010867308010229114 0.07098281150131656 0.056504048098510215 0.06908616311493956 0.043704231423401387 0.05520959503553188 0.00911971395333169 0.03849931528809285 0.11504855781151245 0.08885443866130228 0.09741444122491866 0.12095826022373529 0.0072405178240595525 0.030072099432508183 0.005451321840464788
53 0.06904959168267856 0.07345311126640794 0.0562777704264603 0.08469251830976211 0.008656179656647769 0.019463206770450086 0.04364078963218643 0.05375621618983848 0.017371820440832936 0.005848562744543254 0.08167171464058956 0.03952027216277468 0.07129607691092682 0.002667094760058368 0.0726880651264705 0.061530665780149575 0.06337781332584788 0.03834214605959249 0.10467656790171569 0.03201981621206653
54 0.0998264043877694 0.020423640847977136 0.03634289119050765 0.013114531077231362 0.007122881629649019 0.04090102348045713 0.0583275927932541 0.014736479122920499 0.050139672084622666 0.06750917419502879 0.10947502942324476 0.05377667930544453 0.15456915590369055 0.021295268458001997 0.023504073224811385 0.018062159351782864 0.028066360195232325 0.024264553270689115 0.021013271424784596 0.1375291586329001
55 0.03885699291213695 0.07722059624061231 0.02588686475702597 0.044120120088360255 0.08555323059484768 0.019588313830578154 0.020451323445284303 0.03349036469939464 0.09266466754470669 0.030675932130169673 0.04972439651935616 0.09062369069318554 0.04801159426014824 0.07751919630818392 0.004017625788557904 0.026391358117423564 0.060548066328567636 0.0003169631881993909 0.08255307751908855 0.09178562503417237
56 0.023246958032710412 0.008485085638717978 0.008375949623161183 0.07713278089982233 0.06731277252441445 0.043823029639679004 0.09200535593585628 0.006105041480450723 0.01281552520825246 0.08921925638536314 0.0004257419745860801 0.08776163530143674 0.02360812915561208 0.09146357972386875 0.09557360442305345 0.05317756696420306 0.03963294978601086 0.0851887505414511 0.04124790924702719 0.05339837751432251
57 0.08248524660033267 0.04169896619686501 0.0162305289439271 0.031671211717532746 0.008226584367217831 0.06057323835114045 0.04552464172931959 0.0522090152708726 0.07999178946517628 0.0477134660708557 0.08769860065820287 0.060513082639980356 0.05895980483016576 0.06480850365286968 0.07092911289610976 0.025448964446820908 0.020596871876689442 0.08236026370298268 0.05230234771383777 0.010057758869100715
58 0.040496158130682906 0.037703558697029606 0.04222461304593652 0.06824176618815259 0.08883840539493866 0.05927022829562316 0.023040347057575794 0.08690516413946149 0.022131720051582687 0.04063226324002277 0.05603540674639969 0.058479815746755925 0.006105351153523565 0.05994037390335908 0.019954540957594174 0.08433410427360204 0.058653528959157215 0.08876010434634535 0.05317993219195858 0.005072617480298169
59 0.015537532078699524 0.04312164706659518 0.008123557618208875 0.006139003275800473 0.039670061942335584 0.05869281376319211 0.08629310094726203 0.06770681357235954 0.022392068297284476 0.08263094036547 0.0672330976846278 0.04885691691819365 0.0730772159571202 0.08009513641498114 0.049113438624769586 0.028939619267702495 0.04115290780855852 0.06932867532254287 0.027036309644419467 0.08485914342987631
60 0.039026207396991405 0.04148916482018552 0.02032350960464155 0.01819152024345026 0.14706760679589106 0.03912591807911667 0.08907833830363558 0.003475873350858391 0.037633886066300054 0.02177516692151519 0.000509390369905078 0.07021932179705363 0.03817719952124981 0.05517875987234797 0.05042473446132403 0.12000074750049906 0.08887474898544152 0.09357804856715199 0.01702148142198641 0.008828375920454679
61 0.08027652846673451 0.06709234635036043 0.061744121815914696 0.0742797888286445 0.007023395583178048 0.03969173129108782 0.03697273379996361 0.039795122375098864 0.026863557328840167 0.06241971108783145 0.011714163360699897 0.05988335577278692 0.038363811162466024 0.032214691342846706 0.04519690799184558 0.0796560795610028 0.07836730281930608 0.08162763247320544 0.01750692347676805 0.059310095111418396
62 0.015425462872639522 0.04146156667940612 0.013073544776029974 0.07088507711517235 0.07476334638150829 0.09221326272259565 0.02905722205673591 0.07572954380414898 0.04674907104636494 0.03429193893496693 0.020986712278900945 0.03939776286807144 0.07364836503879588 0.09232447563005272 0.022725519851827344 0.08365071569716756 0.011310428609250033 0.0353402020497765 0.0868999883484056 0.040065793238183434
63 0.009636423162208906 0.08695639841018282 0.09016479319764563 0.0829107535497763 0.07323339178299335 0.05877477762914359 0.09123781915712652 0.020211738244694848 0.02201028550694155 0.05215384830013216 0.07533286692781728 0.0847324486943197 0.000556748220471845 0.028546432211308023 0.010780186124907566 0.027360519529508485 0.009629782517293033 0.04018239607489032 0.09555388048505033 0.04003451027358776
64 0.0644820968300256 0.01872143616267409 0.05124013124750572 0.03465232047362849 0.04886042261686251 0.015257037936643262 0.0519139224372918 0.05702457438530967 0.08728274774864227 0.043852966749927544 0.06560659978244307 0.059001581976204406 0.06462074790109515 0.07377290817583455 0.06475799319318827 0.08951063336983883 0.012853016943075168 0.03723006108692368 0.04257562679493488 0.01678317418795108
65 0.031094664536906323 0.05988332692769987 0.05821288471330703 0.08107814702917399 0.038075689430565406 0.07237974887435468 0.00990046379834841 0.02286262598633794 0.03466224782022177 0.07363406027070343 0.10142713643385032 0.0034305320704732167 0.10010798512230984 0.019000018388355102 0.041022299304738934 0.04487094508592931 0.047089888787868954 0.033842070118532915 0.060580522119612776 0.06684474318070958
66 0.022204135149211643 0.088580822158403 0.04236284858855007 0.06690928691740577 0.042918021783351856 0.04903020369542975 0.005645205140834268 0.03084662723405517 0.05475730781486119 0.024460284534083856 0.02775401258278533 0.07382248565173605 0.0905259498848791 0.0234381956783299 0.08278689972765249 0.08212408414571692 0.01824678980601631 0.062401843871921804 0.02806919361068274 0.08311580202409258
67 0.07442732858690913 0.06692288854607124 0.08987538846381735 0.08574977711018679 0.014801920228270827 0.09001649012323525 0.07804538651946545 0.05591984349972377 0.06937125929591004 0.07267467725649734 0.02480120559075453 0.052291184276361626 0.02092136278396296 0.021752545834144984 0.025608504866394658 0.0004374654998820277 0.025939219555547097 0.02721418343293659 0.03416671086019506 0.06906265766973342
68 0.0867235610789734 9.936040686237293e-05 0.046305745975683404 0.009177749596229984 0.03474976059608635 0.08756394494466224 0.07877275106808257 0.08687504666902678 0.06207219366333952 0.020492534088125267 0.04990483231786672 0.08440296283429821 0.05174935563263903 0.08231521274015784 0.02061585803377426 0.05624737209162784 0.02612705925472439 0.023588731744571167 0.009973070034661786 0.08224289722860693
69 0.037758403243447 0.010433666059178405 0.03462792472646385 0.04445608289417972 0.06285426855248587 0.074340773676127 0.07163587996320371 0.08130293116827512 0.0770169827307839 0.0475786462729345 0.023485279368858223 0.08978680708243175 0.07573233736579084 0.012241566241224862 0.03171309376967326 0.014891579926843783 0.027670872364671126 0.036911288819016015 0.07335273626037775 0.07220887951403333
70 0.08214428855057362 0.04244433561794205 0.05553798616746697 0.09307939779212458 0.02717765099054165 0.05035325146326782 0.031701840065345495 0.0657689420837979 0.08696164896137763 0.012560863448144225 0.0017180603167872208 0.09064562975738656 0.06765502116867303 0.08966938064626594 0.040272855855666895 0.07712398668588777 0.008134710381868287 0.0563871375293855 0.01955063452645807 0.0011123779910389496
71 0.060051972563440706 0.05478973495083712 0.021595173015808093 0.044690138854848925 0.07407387473192792 0.028239829485608284 0.10083332035760177 0.06849109832834738 0.05507543337346702 0.005851990998470906 0.034999866816033266 0.02977978852312405 0.05583841412997071 0.07464387514994866 0.016586769264665426 0.02338211983793008 0.019152968757138678 0.11391278758472521 0.03968342590083054 0.07832741737527536
72 0.04052158977242046 0.054047623473885406 0.06360589331102481 0.0022892239311263184 0.10394429039639737 0.05376911449306587 0.10441595169929065 0.07279542572546242 0.008841935255120306 0.10028635236478556 0.06626222883133723 0.04149999874404121 0.03860248156095108 0.014579915834795053 0.0174769423098563 0.07278652458185575 0.021006686733705923 0.014071961669342896 0.04705245279316721 0.06214340651836818
73 0.0713799912557102 0.0013016705005775432 0.10732516879497168 0.08617239084435901 0.05089357163912853 0.10461483295267765 0.0448100266175846 0.0014974288651042771 0.014542064351956216 0.0730012306105251 0.0633004917924129 0.027679986124681786 0.052302295908767046 0.06686801337579441 0.016756526026796368 0.009751893298276268 0.03783894992118439 0.016517333590886665 0.09964639542211648 0.053799738106488866
74 0.029593439091907457 0.08262506774186583 0.08007226570043256 0.0655015178260481 0.07723940262242775 0.035109291920227124 0.07122491354584345 0.04486196313403929 0.05922110202551378 0.017908359603963333 0.03383272162776438 0.05805267271710353 0.017543463717389417 0.0487725086708377 0.00849453466530471 0.05273147179825005 0.04389451156762968 0.0678347007286859 0.0418106536229252 0.06367543767184075
75 0.07925024227108049 0.029675874014359532 0.04356907786391794 0.0765110825426719 0.057713745322023766 0.005674424373208081 0.07546531128106719 0.05427205503926206 0.036928935002114964 0.015518721243605826 0.08061956771763494 0.061371772387347236 0.0774930649969704 0.039514925995140664 0.03311523376856796 0.010511278066855456 0.07384759300839835 0.06263494823677848 0.01099699943884849 0.07531514743014643
76 0.04315950413375799 0.018600844682562866 0.06860781829176754 0.013896868960854044 0.03432354735758531 0.018715049429743637 0.04783622740660281 0.07148871152268033 0.08349561875979357 0.07329108131449165 0.044234872432141976 0.008053592717660644 0.05336264173794476 0.06787604961728251 0.09056088008248576 0.0797641653089831 0.06198268875013662 0.05741542379435676 0.01006634068054894 0.053268073018618974
77 0.009012034374969863 0.01519504209637073 0.06363379704671117 0.03418105667423611 0.056839000041633725 0.03795014734859292 0.003009323236426702 0.08571693038399968 0.04945638964443767 0.09696619324508128 0.09247181037412816 0.05031070991579531 0.055058622880382865 0.03282573794907557 0.08875277076685614 0.025079608707433285 0.02017782576210043 0.06929315047775135 0.05636020849412358 0.0577096405798935
78 0.083491044406196 0.028864127019706157 0.08865958083357908 0.0803346368570064 0.004009681410303921 0.06960718706472895 0.004599848802771444 0.046257602000434245 0.009330392056874975 0.08554471558103033 0.020199520916154883 0.03671990597208973 0.013175281892007777 0.09361012798460362 0.03626449386467415 0.058948963343168514 0.0407881915365664 0.05628253398344161 0.06035098067338027 0.08296118380128165
79 0.0033093928215490935 0.06457647301964939 0.061620653445616194 0.07150042320609899 0.010738995092347606 0.08775947118888441 0.02814946119665698 0.021738575373146753 0.03323342219348881 0.05027365904493851 0.049768798851025364 0.09015084879071361 0.04312979057004332 0.07348582723634821 0.06728017453379168 0.04740247507665379 0.03913460308189126 0.08307241281837631 0.03150878503104301 0.04216575742773664
80 0.10297066313004222 0.01003169025950933 0.031770715302396224 0.0897920345625084 0.0005798654262894971 0.01567814987930021 0.06975367816254169 0.0454401200621545 0.044264031340781225 0.020206946643944183 0.05173036233595992 0.027209879418829158 0.10376712003767821 0.016312038976855348 0.060068732929062 0.053944290017080586 0.014153419109982152 0.09720902469258325 0.0896140206788569 0.05550321703364502
81 0.08246817371917409 0.031666564196766986 0.020483909206424455 0.0515870428451048 0.07718890173320785 0.02049240725895032 0.027009157886583073 0.05156430974144639 0.02365848656639083 0.048387646215228806 0.0825690149725429 0.07424649200386424 0.037844847928755136 0.07943214459175386 0.04675336151321195 0.060172214318711684 0.042742877072630366 0.05341071558798706 0.02107460387554327 0.06724712876572193
82 0.020697736309339798 0.048635494278500044 0.014406931456697789 0.10183482171755968 0.06868506832338914 0.03225047629563165 0.08721274124497104 0.0032767386597647324 0.029063537357662438 0.023227211635199266 0.029761881399503996 0.09592161232610433 0.06922640819601297 0.04529562696056869 0.001244856685313085 0.06986137193361706 0.027428484527109318 0.08362256586866744 0.06068699462471181 0.08765944019967567
83 0.08653885057945937 0.04127308150813708 0.003924487630622335 0.06571458167453145 0.04313463563621393 0.08065943454890781 0.035142307569611 0.09655306842032797 0.018125134832865344 0.021163178112946594 0.03204755739622176 0.01528914776312872 0.0716876467590173 0.02331761010207384 0.09307828404048082 0.028304022655177882 0.07420579537096969 0.05630239359863946 0.025876568277305903 0.08766221352336159
84 0.07151455710991893 0.04738135457414934 0.013866333362981325 0.06337929155237355 0.03939183037005277 0.07111739686799881 0.08144920388139223 0.04811750182798248 0.025297686830806083 0.04014285064164074 0.05009611794228988 0.04492576478819846 0.009062545735408984 0.07151899810319981 0.058228039738635405 0.07277939847173234 0.0868535095664477 0.0025599975583023046 0.015082713434444133 0.08723490764204454
85 0.04472843804014479 0.03427310729686968 0.014908182099554638 0.07037745334203044 0.03493567767299545 0.0027973418291380573 0.07383593846179791 0.08086105671527931 0.05043283163653044 0.02453050391867045 0.006293669374468758 0.04548256507980127 0.05066271491613736 0.08999189220416852 0.021159188684705916 0.0658997935055625 0.07666769551188828 0.08787931417676009 0.07741290791129757 0.04686972762219851
86 0.07127930003429776 0.08376217003549696 0.07847247563040759 0.0273532889087337 0.061473838158902214 0.011741850225037575 0.05545865091820582 0.0459383296198451 0.05785411536766916 0.07406137501624374 0.05237476515608015 0.05862831830561396 0.03333203778902331 0.051256992209774616 0.04268201029457103 0.03574775511559277 0.01902327398950996 0.08815069162897812 0.05034559404709849 0.0010631675489179188
87 0.07473347593585003 0.029393895755797903 0.08805375611206587 0.046344451764393474 0.08717554085425047 0.027864752590794257 0.0973189212905487 0.07256872910774868 0.054993405088718736 0.04005468786053889 0.09927394730666195 0.004766111666649034 0.008491932060295677 0.0036594307842606833 0.007847807562403723 0.09386782222697684 0.011735938452907628 0.006539948581847776 0.0977272630221671 0.04758818197512264
88 0.04248500513256865 0.08992510972008796 0.09809398001923321 0.019659842485280046 0.057809501117397466 0.03644337702098975 0.07124054450968477 0.08824827699255577 0.03635284568166993 0.0225348862418059 0.013868846418426391 0.012332624989147323 0.056681473473313225 0.062355308111424326 0.06040120592220226 0.0635378809825027 0.0667118044098198 0.00858752933601321 0.04784433356202431 0.04488562387385288
89 0.009044588270416725 0.052129870826727674 0.028560318821383716 0.08093743710270423 0.06405745389148047 0.030681679131340872 0.01711931771131269 0.05567189977253678 0.017585854050623857 0.09245656141400899 0.08221188191653851 0.06776095686283043 0.0971618808191681 0.03993422468524109 0.07486524112250648 0.023684926748755483 0.03299718147523111 0.04080382605425152 0.05634000276033548 0.035994896562605815
90 0.07239798834090297 0.03587050328963562 0.0789454327232257 0.06207138507326334 0.0421475014001644 0.07884384123135309 0.055571042862571876 0.001936895413238846 0.08750836487058694 0.08751643932202091 0.01872448530033316 0.04059990229361766 0.024356812222401644 0.07393009306232748 0.014285138128292898 0.023126038460314125 0.04348003874396444 0.03807050614868453 0.08569003437830254 0.03492755673479809
91 0.06744643844271796 0.02902907633717065 0.07446948398127919 0.029891136133142822 0.08507525320845184 0.021061880098530106 0.0464877654638621 0.07634044877410301 0.02185775841498493 0.03216411617964306 0.06780262594292584 0.09034254369932278 0.03789233677810814 0.08793416235600844 0.02922821827636172 0.07670432419254121 0.012959663302289742 0.047448808106955 0.02429268686367012 0.041571273447931385
92 0.08309446497018844 0.026160139042139253 0.050639257495349026 0.0819834323486604 0.010944438420821429 0.035562745159310793 0.016149736720816033 0.08944151455062042 0.03713489015215291 0.06087635357234263 0.09131126622314446 0.018151654426399256 0.0796331886399798 0.01797485954266268 0.09245062863352346 0.02850021549374286 0.03121026478892046 0.0570027666343208 0.08581079205577982 0.005967391129124942
93 0.05354030924946053 0.007068244329019397 0.10270448950459965 0.043546503940483774 0.07103726057096317 0.04734130963522706 0.08224973115878748 0.07655330489693159 0.049527422708873434 0.055416093772453746 0.08171332109732557 0.02281341923366526 0.027541107225493935 0.040540133504410596 0.016500238763476845 0.02901829982063892 0.09480876601664377 0.033738097404241135 0.008784916150035679 0.05555703101726854
94 0.011299579781416836 0.0226016429481392 0.06961526703767823 0.07677349305312733 0.06577009115230259 0.015557449284441494 0.06728296247173017 0.03701973288342432 0.05640271499930229 0.0695041756140561 0.0718512330580507 0.029675743793312007 0.07337688639425438 0.06198399815860548 0.06280718641907353 0.0465925204826557 0.01794232231054875 0.06161484017414467 0.009337459153076941 0.07299070083065923
95 0.014734494723892539 0.10228212396337884 0.026121817504057794 0.07076059477885363 0.012883647950028202 0.05941758205263126 0.0174906080627568 0.029964436851013146 0.08433388520961464 0.10244939926040633 0.03260409137647963 0.08547746507847775 0.07973798925727132 0.024884801824366237 0.060643347050244586 0.05683263870615621 0.01450516477648217 0.04293908276284987 0.0361182347915237 0.0458185940195152
96 0.09978565091990443 0.04448391194955696 0.06156535077889487 0.0638347625948926 0.0806387385383219 0.086607790348911 0.014463135821401208 0.01054116719665956 0.03295886117180246 0.06591306171001564 0.025963280253638792 0.040401082501715854 0.04125016884601584 0.07787378314278305 0.030412937607267005 0.09337915932064643 0.010443449943018948 0.0850002057777198 0.02246898676832317 0.01201451480851053
