0 0.06743322454686929 0.07040492749726761 0.00962300894910249 0.07630923283491631 0.037946751754889145 0.08436882856374842 0.08351421518467576 0.017615408412224576 0.06252867394776358 0.08332617235725889 0.05023342750477823 0.0686679868965911 0.04455439305343523 0.03230772827617867 0.055692897298521775 0.03330316778169634 0.026550014512819166 0.04230619616811377 0.023509826755994678 0.02980391770315485
1 0.0231539114853972 0.006709425922577439 0.05417975495894106 0.06386447824265656 0.055988514302384405 0.010278693909455561 0.05090329615216276 0.035091388186811165 0.011026689491920818 0.030660419340529446 0.067196293391085 0.04743716372544592 0.11716491769591464 0.08921370555222352 0.005284996061408607 0.023744372824619237 0.06232712739118181 0.047724122690370026 0.08344928300173748 0.1146014456731773
2 0.0679664171589761 0.05472931096422288 0.0773876897197554 0.01522954702624334 0.04600013751613087 0.06382793044097086 0.05543507439324054 0.03361816088999681 0.024984343817594627 0.007527631425575132 0.09058285624113653 0.07968999111955202 0.06489384049843804 0.07193130419745984 0.035771625837691896 0.048014217917081776 0.04858954309132003 0.048481958288493124 0.04604235384915536 0.01929606560696489
3 0.0169132024905578 0.016529234600827388 0.005624544878521809 0.034283699016828095 0.06883728246607354 0.020940092205927838 0.10715814004072959 0.01422674302642045 0.03263033451589101 0.06355499089627326 0.01520253338882826 0.10888718919484947 0.08223009556855035 0.024773700319336234 0.02768854638548313 0.02589134934498043 0.11378846969865254 0.02721078782891561 0.0970716133649087 0.0965574507674446
4 0.0908901935340347 0.05448297387760933 0.02882486818623086 0.06502152412527638 0.08827059169319208 0.0820343420645483 0.07974746966984232 0.048980523739310194 0.031359451200602205 0.017799104176295124 0.03882957760095716 0.0156266690424426 0.005721034332794403 0.014196688822919423 0.018374478536382903 0.08374521217663031 0.01558200560405143 0.038932122821849595 0.0880941084449413 0.0934870603500893
5 0.030812584534294862 0.11156350907819172 0.04410130964850813 0.013857179060860139 0.0854152582468999 0.04252506448741089 0.057661529326910974 0.030643575865402697 0.037633770085636856 0.09490940408652329 0.017581400739827297 0.05246765281531711 0.09367814591051592 6.401091748945857e-05 0.0558587300924619 0.069684604109078 0.02173337528939722 0.05018513622500612 0.02925599943464879 0.06036776004561873
6 0.05043583692428029 0.09413686283984857 0.07850776884060408 0.0026426009405011368 0.08046266325136864 0.08635309291765692 0.09383470610585985 0.011790567230324603 0.00012653104585271652 0.04051280108707605 0.04160714905187942 0.036137443519549506 0.09441291107525944 0.011290708475457245 0.008143753285607035 0.08316613752206228 0.006883843585409699 0.067481147297099 0.04940942905484985 0.06266404594945375
7 0.08605643104371816 0.035757454531210715 0.03871489019953292 0.030384242969220206 0.07260331987192951 0.09682680594116859 0.05084491690298609 0.02247323961773223 0.008320502973824721 0.026493780978822802 0.022062286008162034 0.03270961430912154 0.09134352052746061 0.07990535214434628 0.06359740928619195 0.07993363637259607 0.0032214377052280315 0.05293420770050563 0.07851961824921036 0.027297332667031396
8 0.0020450392855606964 0.049572393106696006 0.0356486536984814 0.030502587655231485 0.021357560840677477 0.029298539228388074 0.08138228132888961 0.0672615699691209 0.012611810878192417 0.08601896998114393 0.04700156774095689 0.09490389274337714 0.09475933386293184 0.038509455931104206 0.07501265356852516 0.06443071902875486 0.062021159189362254 0.018386116766433053 0.042173764646797916 0.047101930549374636
9 0.014048885061016795 0.07232897720016944 0.015879392688601397 0.018527405073486297 0.052016150508628 0.028829015376790428 0.0206141784574703 0.06922476349391773 0.07805337217134987 0.013386623706960667 0.10242743427776899 0.10853640362236136 0.05437886256333501 0.05616840877650017 0.08185421282934306 0.05196094257486796 0.002770168302233115 0.09182855212739281 0.0012256005705124952 0.06594065061729422
10 0.08928907350416725 0.02096663029585468 0.013222120877400807 0.0011097819565376063 0.027379424978589854 0.053000168005298026 0.030147380759469652 0.09471072112453802 0.07349576662441742 0.09563345222041453 0.023135371542000342 0.08780657498888134 0.018225066627278307 0.0073457562386323285 0.09206627283145133 0.05555628458665375 0.11354675361052993 0.043602153930630085 0.02178666902206569 0.037974576275189076
11 0.017449742870473118 0.09815022445646698 0.09991957635571902 0.024942418678722066 0.05478025935517143 0.02151270221791199 0.049705016010725245 0.08523815266680808 0.048378571995622524 0.06384375827457657 0.022629087987078154 0.02837965788893386 0.049987457689729786 0.027865258127159058 0.08002861225021567 0.04277551078978807 0.0591195704681254 0.07135403070314583 0.021796907992092312 0.03214348322153481
12 0.03521727197101466 0.07100558451894709 0.017779027327335342 0.041653335857864036 0.01925708744603181 0.0781341674820744 0.0626097526172172 0.08200137807363643 0.08609045120133417 0.006140720524291785 0.08889381777274266 0.024034541302254235 0.017150304971299584 0.055977119031565235 0.009122822974310215 0.019588872734071824 0.04531723263928576 0.08998885178767409 0.08659860662510946 0.06343905314194
13 0.033020009706287184 0.005262303181908533 0.023822796035063005 0.0492924423917753 0.01969170219617566 0.08343106092102398 0.07837941930068139 0.03984650034155684 0.03314618680641768 0.03576998353850327 0.04123383406324052 0.08750800015250287 0.036668901624976456 0.06723391959293933 0.07538618107035013 0.054259587520458 0.019259369923525848 0.08005463940714773 0.08391602932010506 0.05281713290536109
14 0.009094746646266626 0.008010656700851933 0.050191853511120696 0.08606836744231224 0.09302846582666366 0.07070221338921621 0.06114488724950367 0.09454665347209254 0.02087317246958959 0.0695645424520321 0.008511084977559584 0.011057566458874324 0.08074547020719301 0.06235898585014139 0.010764955567979231 0.008394376253521152 0.06925147047734377 0.050346019486251545 0.04495593698094332 0.0903885745805435
15 0.04298822375130144 0.0216454890679211 0.04164354187228242 0.03983757087985032 0.06088246948716276 0.03789393620251943 0.06170315424121104 0.0827502071881786 0.009652209316505038 0.01895223347803597 0.08502186394443785 0.022541343893015757 0.07800052571077912 0.02557629856456714 0.09083546010028166 0.06251309880794448 0.01983872773206682 0.05476838640130821 0.0853858590078733 0.05756940035275768
16 0.010737128307080611 0.0030980111378625967 0.0830376168935721 0.08911230377204953 0.037610609582403295 0.02835953034619425 0.004078444138936433 0.007401307121346449 0.0661257222494491 0.06630741024327241 0.03875434307897162 0.06208412474396531 0.09166473060921837 0.030034154150017603 0.08370098135079418 0.04025300144221842 0.06685492462458642 0.020306402254190236 0.09407236071249342 0.07640689324137787
17 0.061210498661106026 0.13846855780719794 0.011959703008584873 0.010337870362036745 0.039099714049613474 0.07578639938801096 0.06850579360855656 0.07632822669771695 0.010143482354685261 0.04230910181481556 0.12243250551246546 0.03763857545635989 0.03535817195264135 0.04188158661578771 0.10684657641644071 0.05324936347415298 0.054413297499744745 0.007637682856473581 0.0029174504504301513 0.003475442013179
18 0.05830174041426836 0.021968371192045703 0.053844060689328135 0.021096061438770325 0.012781333361755746 0.02054088361669589 0.07654033178251916 0.04593996230514794 0.028510078952327756 0.0535881888130996 0.04039680645598693 0.060536240046963244 0.07522562951457032 0.07076735822583848 0.011195016516098676 0.07950627505215296 0.05939157720901206 0.07979633148147876 0.06502948680169221 0.0650442661302477
19 0.07933811064458046 0.02389403627253581 0.028216126955990378 0.05986908403893694 0.040030526385460695 0.05448051713748575 0.03933852528917298 0.07884811497012774 0.02019665472403625 0.08593646129092505 0.018040524284100117 0.036060001038725545 0.07740112959820777 0.028881201035656504 0.05322452152022343 0.03368262144260666 0.06742920325084412 0.03280323771368682 0.08362765954913787 0.05870174285755901
20 0.07394716477444085 0.041706337816459264 0.09366510198204545 0.0719158438484815 0.010505343819072114 0.045354582465784214 0.04230505844611837 0.08906073264434822 0.08447606850905716 0.05122085300296538 0.08998286934308632 0.04288127820355877 0.012875235972251653 0.07668861266773837 0.023053603983807482 0.0010999054776586377 0.07595931405068468 0.009145479535261717 0.022663946639113558 0.04149266681806646
21 0.042955110924235575 0.03320140427053866 0.051846280085755224 0.004536746372738226 0.03981612097055248 0.0803333056152868 0.07678655148674521 0.08881309288716226 0.021658235211434045 0.05519816299947545 0.026118127791429788 0.014346022275608286 0.06117897481505379 0.04817156926774608 0.01968782855090961 0.036368736198009344 0.09971870426184934 0.09445410380253504 0.006795401540455639 0.09801552067247912
22 0.028914893115744196 0.04242553177902306 0.06748314373695384 0.1033172342290137 0.038722976188015026 0.04833974384452752 0.07357665149020949 0.05171508593997301 0.020633073804412715 0.008586703909364288 0.02442580629110701 0.03909774681996001 0.04188752448071936 0.09743656788931183 0.06809829402725368 0.045518721182655895 0.09716007589496793 0.009682375535104376 0.0907356826934 0.002242167148283327
23 0.041199662109234536 0.08872651705007467 0.06069023651779984 0.073558734495412 0.02583151000296216 0.011414240318362898 0.008461439423597769 0.08637449909746048 0.02148410198315227 0.07603419674052393 0.07313855395565 0.04507131352040873 0.08518453313848674 0.0309532367174389 0.045339478449733024 0.07047423165999361 0.05412383785107776 0.0555769841673059 0.02636661020949904 0.019996082591825542
24 0.05332396142789546 0.09695067443590477 0.049989075040321365 0.06222438269668263 0.06281476807281701 0.04034203196144786 0.024581978840982413 0.012832416322370272 0.0013355017298194258 0.026558548467096616 0.11327483626297784 0.09288197331841459 0.06484253171388894 0.05814533041181085 0.02641716274774595 0.03383044073819222 0.05640264329701462 0.07077051480352052 0.016099453520545013 0.036381774190551795
25 0.08750939036940096 0.024744504454916792 0.031119516021679207 0.04114803254211932 0.048363691316320526 0.0489043574334898 0.03441270528072109 0.03870000058793106 0.006480129701815975 0.04804008420217515 0.010965139107914659 0.06686239808462036 0.086772578071321 0.07561922259490048 0.04965453297479787 0.01017642009145883 0.0691784381921479 0.08351351013226818 0.05534079093482319 0.08249455790517758
26 0.015970407952556213 0.08313107706994062 0.1161490380851935 0.020043442109164217 0.08399465353332068 0.039679319629145685 0.020763080015932543 0.07260237606778502 0.0419641767404679 0.06789084785024171 0.06225517188492237 0.02191704420055563 0.08832529665824805 0.06436157711277342 0.02684097010686724 0.021278836004468032 0.026296645095077186 0.03971429552722513 0.07235347672999429 0.014468267626120574
27 0.08514863730506438 0.049123956372372816 0.07917200126490667 1.4068950416405373e-05 0.07475863438585358 0.08682355770303583 0.03631872002414983 0.05445522512899699 0.07965329295261686 0.05309067668686224 0.046135679639363186 0.027791441534389057 0.03765568898342963 0.06885254396815255 0.009796067030129993 0.04178268544467582 0.010381643935785207 0.08716893659607389 0.015535825617808186 0.05634071647591684
28 0.07648785988191298 0.08200651286567417 0.03818587066732545 0.07825849218748361 0.08112581120888308 0.01385941140904349 0.0469448974548986 0.06426099661452343 0.05693861273738237 0.04744660081991865 0.016104371892521396 0.058737560837817164 0.043415924419689514 0.027478812985869537 0.08382117012550672 0.030153433990454195 0.01641810471407598 0.027777683272541303 0.04512335319603169 0.06545451871844689
29 0.09819013326638497 0.08569046773148291 0.01673800631444809 0.02862764581710318 0.02268929830109736 0.06972201945098543 0.03165861778797063 0.06236618328076406 0.08917088128348051 0.004559956253859559 0.0714285409186422 0.08296437995459008 0.05554416672882537 0.04397634388706579 0.03469073167177606 0.018569353051765485 0.044944262323402255 0.032468530372051295 0.07110824161554828 0.03489223998875646
30 0.09971353570393389 0.03090830691160903 0.007859481005897988 0.03469511538119178 0.02461925166866336 0.019853552925240506 0.012596539017209201 0.07853955248479393 0.047924110468752494 0.017580836715862403 0.06948623569758873 0.08515200410162271 0.09007264792998419 0.09528399126349527 0.10139670893401076 0.0843030773252967 0.08552813883641978 0.000654811513958144 0.009121685003755578 0.004710417110713411
31 0.09656838970725032 0.13369657968579673 0.045844825760503805 0.04516532462635699 0.053589731877926414 0.03464930376849573 0.008572738448190668 0.09409191901522242 0.10224706634775033 0.021754711652902475 0.052050768539424294 0.03136018524434148 0.019076076894007057 0.07483901258002405 0.023344443247253193 0.07003154230584831 0.009147387159151992 0.048552927335987955 0.007440478075877857 0.02797658772768795
32 0.03311777581458661 0.08400522428127255 0.032959165787454496 0.029918983812996115 0.005140185037675784 0.07969454119521313 0.04597299081387945 0.08100466569590734 0.061801181676785284 0.05062330285417368 0.07245448777743907 0.04317941293525594 0.00760327059577456 0.013393136239173466 0.07542264514865997 0.0787626132272256 0.034252772933406006 0.06232522312786249 0.03616543749103137 0.07220298355422693
33 0.09040653094707789 0.06288653801751583 0.01363963247985313 0.0005663796900746411 0.015535199370591129 0.08055601985147878 0.01557377312037546 0.04314040800146067 0.1027264572631176 0.02319773607242826 0.019770992504006164 0.07270127538340689 0.08884696350443777 0.015188593694565706 0.002268856557740509 0.06047696651509409 0.07455224238083168 0.09908524795390664 0.05779854790678724 0.06108163878524996
34 0.07184715021093167 0.041232792968069795 0.0529978974514798 0.0335684444168109 0.012906700642565728 0.04457164406453441 0.01882966763457231 0.024124005719771406 0.0656559537193174 0.05191328525487868 0.05869174155369755 0.09048436149198513 0.05513780162563224 0.047129760148973916 0.07749956363340331 0.06633950262555119 0.07027559702979652 0.019360394435841095 0.06958771051464506 0.027846024857542014
35 0.0931902300323244 0.08583003499831522 0.07619679057807766 0.03396250640586386 0.09837083436270347 0.07540956977219371 0.015251199363654589 0.02485392293117355 0.08144332942888399 0.06926575446316471 0.015032494858390305 0.09307303461032296 0.04546183760301137 0.04651391763241146 0.009968850193015947 0.03827202883415499 0.00015294596104898695 0.06781113845703815 0.015243367358792873 0.014696212155457878
36 0.06953408736211865 0.04756646897563795 0.03223064756247836 0.027042864166526594 0.07731832840615835 0.0800331640227624 0.012707540312960468 0.05110874010462942 0.05101332626931888 0.008112414652090526 0.07068365239967517 0.07900597213524288 0.04713665451044792 0.029783260790529932 0.08355484661601828 0.013658622097577332 0.0075090371268570705 0.04090224571516466 0.09731938332214976 0.0737787434516553
37 0.005708652772155838 0.09565984614335529 0.09089290196195465 0.04332238686596795 0.09106932858486948 0.049837112276528706 0.03964762132468708 0.08528494675063512 0.027184309186170014 0.009691123628880412 0.06415397743053997 0.012903697905196012 0.07354516496193926 0.010462448049055405 0.01605978373417105 0.030181532469004194 0.04308213715324945 0.09187726142061499 0.023120831689126736 0.0963149356918986
38 0.012293560239300066 0.03180004735894819 0.0891223080455633 0.018996419140379046 0.019298018601618037 0.08395874615160127 0.0970527468676985 0.004940905043088147 0.01628842695546654 0.018756359440527167 0.07617013781448909 0.05899240341139135 0.03772991007449987 0.03344989023199957 0.01980549887301669 0.09729531059783722 0.08883461657659063 0.09626618181501563 0.022078262615809332 0.07687025014516044
39 0.07464040817200551 0.05441770413297835 0.043817010226694666 0.04195664672798167 0.06182377497818826 0.019140857045258034 0.02005798052038735 0.05254654544559361 0.06215398439411978 0.03380991322218605 0.02887238601283494 0.03017622766386344 0.06951736673133693 0.021560744820401462 0.06016641013884349 0.08172804695613063 0.07390261237509098 0.03699453446630503 0.07015248074570118 0.06256436522409874
40 0.08087290745469877 0.0726510846565032 0.029655460714174305 0.04329411764405571 0.014340709177666718 0.08165021011252149 0.026583661764012577 0.06068952755469945 0.006045000860068781 0.03214160996152579 0.010084241775174859 0.03343933213596518 0.09099551367793565 0.020086474607675726 0.08101223863968289 0.0635104002208323 0.09050459005748447 0.005666272810252253 0.08785500673509687 0.0689216394399729
41 0.00812312136183038 0.0038433616367337547 0.02902088670580136 0.08463585946448286 0.057871431160782257 0.07053841099622092 0.07842772874031304 0.057469573445600414 0.015244962411834253 0.08684256927460701 0.06593786578316882 0.012541116137832688 0.028490212106513913 0.04012169008526627 0.04861183276148608 0.03923354501539075 0.08708917044824252 0.025563302271963892 0.08581512548095878 0.07457823471097003
42 0.0447666131246388 0.10362797591964601 0.02391747841416217 0.07327594815653539 0.054432062231799916 0.1008498476847104 0.08894023620453077 0.053319881751573296 0.061195566958464204 0.014777626662021186 0.07211053933372488 0.02949071021133223 0.009741168807419886 0.05930496922739989 0.033885251670011954 0.07503220529511316 0.0025948819555037432 0.01945875217833033 0.019176544372483565 0.06010173984059827
43 0.05213317090171592 0.06775748751365446 0.10125741044323869 0.03938161859189585 0.0818669376746527 0.07615593874905885 0.03558179649325411 0.004771693613756671 0.05116458733137691 0.04639393430685496 0.07177602662247087 0.0014218173028935673 0.07765485763849511 0.04687599608178049 0.000349604307429203 0.023194233308317463 0.06698920923031904 0.02715962975224301 0.042561499710747894 0.08555255042584442
44 0.007428492776582909 0.02933267846241038 0.022005875677924672 0.08590312295082064 0.04896959839946727 0.07471765934544408 0.08813856464870853 0.006169823226818357 0.10813404227839474 0.09573909390989602 0.040985133843954476 0.059939774343077935 0.012571982604363142 0.05365464624475031 0.04284645409727795 0.06988110981845747 0.023751616181267084 0.04356372322876418 0.08384084604147084 0.002425761920148779
45 0.05596174688290918 0.035469491624272986 0.06128017047468926 0.04050715599709455 0.0856822314624093 0.005858639569525 0.09171801426659996 0.009482660157066346 0.03991552029531841 0.018076791460191387 0.03582225352165243 0.04810532167112124 0.07464877835587136 0.024432487743150523 0.07160488305100458 0.08252223580182887 0.07011229716923495 0.05901193872697234 0.041685830979604835 0.04810155078948241
46 0.04224248992855161 0.049429971091500914 0.07248587943272052 0.06706010054617413 0.013810248163541239 0.07022996083890796 0.017019843466133867 0.03696656099447003 0.028610882705582256 0.02229961637729761 0.002071275458300363 0.0745654077323096 0.04845398880002352 0.06538373250652607 0.06388569389137079 0.0740027216641121 0.07164282803531805 0.07364862878467615 0.04061212801257758 0.06557804156990582
47 0.09915089491313896 0.024993426141272097 0.0032231501243418525 0.03470991611831469 0.08737245339568263 0.08198887785115876 0.009270066127408457 0.056826724033832834 0.02561318208162248 0.07756241790463007 0.07953136007157045 0.020008082909055282 0.049002611171171974 0.05224291001317936 0.08255266368490274 0.05565826162019118 0.058709566354036985 0.04148053091456923 0.030350532835503184 0.02975237173441686
48 0.0006721045744644783 0.014485665158252701 0.09171827985610277 0.06780396456767572 0.029881416171953692 0.09333985699139123 0.07389949131875474 0.006194319362035783 0.06494792791498455 0.038531168612087045 0.02039979923688493 0.006779573796504369 0.0691443140210249 0.05837364815565187 0.01403071988629969 0.09498012156018809 0.055751695690198985 0.04685900350994815 0.07451863729987879 0.0776882923157175
49 0.002762723860582009 0.08137377244226737 0.012190275560901789 0.04671413301919121 0.031167643304970145 0.01483077842214768 0.003144277222853124 0.0669945847915277 0.06080767848102113 0.01847581419618556 0.12428220339664554 0.04783539471322884 0.10955448649967306 0.02090839170737432 0.05559337338490981 0.018071556283781244 0.02495232725458868 0.08216653320690022 0.0634201628739611 0.1147538893772893
50 0.05716710447701183 0.07177360749244252 0.04993138691183799 0.09012195509005685 0.08815040113712122 0.002837632989584496 0.008619874536856689 0.08641397084201752 0.04175886500821084 0.05585372864393874 0.051794305167498764 0.05970988049083684 0.05771479344828116 0.016225547995296893 0.004539795882582143 0.07750519703349468 0.029721998618369792 0.044966120868707965 0.09601651117872585 0.009177322187127317
51 0.050191357979963845 0.02129981079473825 0.03141083489619481 0.012697687101554035 0.01082241351408455 0.09088147919433044 0.08940259028168568 0.09643749645064682 0.04920650099395053 0.0649608363640751 0.0038933600281563356 0.09451135556487703 0.0092027984942279 0.059961919119441896 0.05983716502075716 0.08734251432085187 0.0867152939884648 0.0076883514844021785 0.009560216961561783 0.06397601744603504
52 0.014014141775967458 0.06781852342202714 0.009158430063755359 0.005795649534559618 0.03689111307849684 0.07737617309771196 0.007383302348179293 0.09294259330528244 0.028832052254937287 0.031712497167823095 0.06181663139681625 0.04689676481538687 0.09129115487232674 0.06750461744567965 0.07346381464202126 0.024593826085527796 0.06351128871016752 0.08544981788910294 0.05261776392350915 0.06092984417072127
53 0.047714019177312564 0.10072146159310523 0.017316712693534336 0.08093735492036644 0.046369131960070344 0.06402664894866016 0.05865595386895785 0.00463201593872183 0.023939036162455348 5.681127940472516e-05 0.022239574979105538 0.07178583067862943 0.0713514557852227 0.04379433911450933 0.035971471854625695 0.09994314792506363 0.06812335223603262 0.0195305461849681 0.0832407725532857 0.03965036214596837
54 0.07828111328263603 0.0723690309690942 0.02726353172760466 0.00867269183334023 0.09965583743639055 0.03292749182505624 0.0073878678607402935 0.041273833623335254 0.039697443419568774 0.04134765109068005 0.06081440321279866 0.09013778810970542 0.0033656680263311964 0.016520987285985455 0.03990144846051531 0.052313267052987104 0.10585097422407792 0.08587890946521325 0.04803654849369644 0.04830351260024299
55 0.032327649023539684 0.0716375721956279 0.02868898838047359 0.055164833506092116 0.03447398609821532 0.06424868292464228 0.07731218480779393 0.018390744035986936 0.0758935675306588 0.03365798224711649 0.10093536660131208 0.026731967808466008 0.0659408775691023 0.08774160606514873 0.0001545115447809224 0.002050670694946045 0.030847602042362615 0.07402640865756928 0.02981388766458323 0.08996091060158158
56 0.058649445922855745 0.05149902558736738 0.08858024708427564 0.01924205880088905 0.04437469024083507 0.04670526760295923 0.03742872164037582 0.013920865313698953 0.016006252718400445 0.07109577595293302 0.08216333026416714 0.012673968803485933 0.07133432344395013 0.06044457374982394 0.08638881461790288 0.0116688228384567 0.03204113439264927 0.06937212106360861 0.05905207918687001 0.06735848077449512
57 0.05878627469443415 0.04519667549158864 0.03168834760180689 0.01630735165526708 0.0386429307319348 0.05834170510275049 0.06833249689314284 0.0656241610392906 0.047785030750697864 0.0502773027319337 0.030500700940159668 0.07473594516498201 0.072971589227496 0.05847976410583076 0.025553611947627747 0.012730858064899932 0.07577735476160127 0.03496816440313131 0.053365186358523074 0.07993454833290078
58 0.0613060611210131 0.06005391267051021 0.062430827669370303 0.013695932797158656 0.08157256494638661 0.03024606443824684 0.0005755840072958126 0.11007121183092972 0.012397251634661693 0.07181385644029813 0.04405725207139244 0.004699348319515262 0.01710760668397765 0.0017535711675220847 0.07011869413619351 0.10838809179275094 0.015044005015675887 0.042497171440280694 0.08359322664886332 0.10857776516795736
59 0.08039741926968362 0.09581514710936646 0.06329864570071471 0.016144070319240415 0.051374112828678035 0.07060891041345571 0.07152697357182677 0.050635320774674884 0.09725332125274704 0.052167772285780026 0.04083986341507843 0.007468344999940343 0.021256106020715624 0.012056756968958719 0.010174362604601188 0.026702225895474496 0.10272545743005491 0.08103539883827997 0.025934652237013404 0.022585138063715034
60 0.09209571856784662 0.06450363446793085 0.032419521136265 0.0920217683188192 0.058629153852443265 0.011016130562752618 0.05746964710759728 0.05658352390253333 0.10579384515463457 0.035898167687778544 0.01077442645416123 0.020551683154782036 0.06089611060560692 0.009702958081993479 0.028850176688844712 0.03721869475054058 0.0341165755723377 0.06907792082814956 0.03755515955143384 0.0848251835535486
61 0.07598482485843384 0.02342209299683176 0.08265527415307168 0.07888974433908484 0.027209671508126476 0.0016696880857540865 0.04794075997438183 0.08500539516887026 0.07791749478192142 0.03006860754429328 0.01646823002590938 0.011394678289984576 0.07477461085350924 0.03179864467028397 0.08475149873452831 0.026844692301132494 0.052480508529144286 0.026561672864364318 0.07594396148457166 0.0682179488358023
62 0.05219024061452889 0.08686410617262942 0.0561122785000917 0.021251690423983317 0.014936396270377532 0.01942290149651559 0.011935599654934743 0.09066267993955072 0.0701770349936359 0.011194835040862496 0.0948246552783668 0.08468646881728935 0.08313807615030629 0.058965385071359545 0.051527929079552094 0.050374198669299014 0.058817165156024157 0.052088321561219925 0.008707452785671355 0.022122584323801243
63 0.02424079740226153 0.08339451265994173 0.007922900090972552 0.057451438276666676 0.026164122528892227 0.08140719066783804 0.0014011523693612082 0.10588120254547188 0.03985342651608345 0.07062524641792894 0.06913347163372012 0.005974644307879691 0.040973468536507754 0.0674069051638544 0.02367185401507696 0.013442630974507213 0.10971957257910557 0.0444142095483746 0.03216642935992186 0.0947548244056337
64 0.037246753710576126 0.025993687170589475 0.0423667864294317 0.0028733785058572244 0.0981057492416895 0.06261496642125422 0.016342943073240503 0.1010051284918356 0.09591650500729829 0.008034303956960734 0.03636945238521026 0.020826767937887732 0.09085941330892554 0.08259652689705245 0.09103798772496804 0.004444959717200644 0.09603820338323166 0.025937227296171747 0.001118649445688331 0.06027060989493036
65 0.0070193339145516835 0.059002049732648436 0.07841080573372389 0.06638920360642114 0.06081380141765228 0.02123574053728324 0.057914234594276075 0.008918926632522254 0.02500939976360317 0.00544865579943674 0.09629320394836574 0.07724972933172046 0.045053002334339634 0.08849831191785347 0.05031269685342774 0.08524803976031863 0.03701848111164755 0.01940517415045652 0.06624694492200413 0.04451226393774722
66 0.03675744033193243 0.03115728148368582 0.05939037222952883 0.0127039130517921 0.08669994433189057 0.08280974568713956 0.017136897962310618 0.03699483837597351 0.0731635136518685 0.03806530470101487 0.0683136904097089 0.058425207600097534 0.02724373942442383 0.07263516341127729 0.07707487139917042 0.07366727794758124 0.07668333901434152 0.01595849107789445 0.020404929950950997 0.03471403795741696
67 0.017568387991879285 0.04710398943074567 0.01605212570086531 0.006760712103440991 0.08598799844110473 0.07875637713356304 0.05339338024429091 0.03166865973358274 0.07437206040699249 0.08351310175819945 0.05571603112742447 0.0485133952759005 0.027738164616422645 0.05723087145066609 0.08396984305309806 0.05171758812386099 0.02382664564315037 0.0349244248716641 0.059521592116577066 0.06166465077657102
68 0.022099630436941034 0.08740541618284549 0.07061159753500079 0.07608268489366711 0.028941983189409947 0.05334368724180178 0.0853888121928456 0.08108107408571717 0.03474200760205313 0.022567006458208486 0.07225170592000926 0.004097770380271273 0.0802183293023111 0.002103993046807579 0.08519300892305151 0.049024974381168075 0.0864601131694652 0.002436271901263841 0.0027060581957768053 0.05324387496138493
69 0.05780129381908743 0.09214098594593836 0.019293074408440615 0.07539090403822361 0.0658925320521528 0.09408860945174084 0.042280051071618203 0.07942941246065735 0.08368686551007418 0.021564977423085337 0.07992107215461271 0.04208546371981042 0.008664038451719092 0.0797955364229414 0.06682175555082252 0.0242187753426475 0.010250105028106509 0.003628039590447935 0.001788157447579603 0.05125835011029361
70 0.08306062789493804 0.031233887118499913 0.017950881658758706 0.08186438789145996 0.06601091656609491 0.07978618235605059 0.061851673944338784 0.029609868680657212 0.08252850267939252 0.024451397742226738 0.021021709731556416 0.051701236853942054 0.01752010482592649 0.041842810879707856 0.029966012891420996 0.04030357115657526 0.05117286382275162 0.043217780361020794 0.079794348397731 0.06511123454695009
71 0.030169285042808587 0.08552884611102961 0.0546842759255463 0.04653982400518113 0.07861243555451404 0.06178679768449901 0.0764334319239564 0.027411308616405783 0.06983766421144379 0.061270041040486126 0.02596538600961845 0.02817457167688698 0.04620145391189111 0.009051933615136334 0.08209409370190736 0.06764210452348404 0.05043349596643313 0.03946005798532608 0.009239336889645223 0.04946365560380057
72 0.07079151341194118 0.05852228053876138 0.027998406839541055 0.03589863288802325 0.0842109815492075 0.024332595924803975 0.034261722557401036 0.07451635824526004 0.01631409803580807 0.020531888755294478 0.038200762764700975 0.07315967031046217 0.07183442970519452 0.06816165477576695 0.012151267334108118 0.08889104384911128 0.02434809974757624 0.045460015478799555 0.04800367763735733 0.0824108996508808
73 0.02786289132802521 0.06457967322797446 0.0412917059010151 0.06892652563204187 0.06169556711140996 0.06563476514348004 0.029980119657510334 0.01969256186644973 0.0801514313087597 0.07282719515497824 0.051271427193230225 0.0026410819839043933 0.025539389959206567 0.06682192151509596 0.05505132266264597 0.020288829849532505 0.05385109168875046 0.05317565260248872 0.07716528754148097 0.06155155867201965
74 0.10067964494872955 0.05281107485563268 0.06540767834608066 0.004363492783231637 0.07264286574253051 0.0805785989328542 0.05081420525957666 0.006737687316457344 0.03497930339474143 0.07990213712272778 0.0951680540224695 0.08608696384611608 0.009502961690597597 0.07687981357594359 0.035467153617580884 0.013744648395433472 0.0927921741962027 0.029042889719840072 0.0071642789937458005 0.005234373239507604
75 0.025952432332908913 0.003874955344030742 0.02835226948041726 0.045607665073980445 0.08323610810333365 0.009721487813405828 0.07993113479360923 0.01764390153844984 0.07748792831400665 0.07930475603392678 0.010423386956976428 0.006278036631023804 0.10131602698386391 0.07330536386127973 0.035496554568273636 0.09354613476271181 0.06885374926189762 0.01843751839437219 0.07176163260971037 0.06946895714182118
76 0.060411508338744084 0.05530346819898865 0.08017410025042113 0.06125265852464322 0.025144810956516234 0.044679157530489295 0.07706891865000083 0.06568987838174516 0.02003794308009082 0.0645915030433361 0.043992698545607924 0.07366990184240539 0.026136995465159962 0.06811807135489258 0.029493282797867653 0.035973437148544556 0.07792947400325012 0.0048009218143401 0.07832710199074899 0.007204168082207107
77 0.041823314771907635 0.0037955626082709897 0.04743547034300885 0.06814364911132159 0.09209348247522132 0.01996269503089918 0.057796535833193205 0.02684534210833627 0.05233599832471795 0.0530058616230043 0.012468001027606026 0.03166858444875918 0.02151800529321249 0.0649341951094836 0.018259248601165512 0.033163053647646684 0.007840877281622066 0.10876726295913906 0.1164598042514551 0.12168305515002906
78 0.10272899844629053 0.04440482815182087 0.03483730445452964 0.11247099424610159 0.07683979035976105 0.015298740193311565 0.0033152867981953854 0.012879705620158674 0.02817307872229386 0.10943761274658396 0.01720881186111036 0.09164334948895747 0.049099635092222184 0.007669052508549929 0.07034786500645636 0.03277240019754242 0.08945642502239586 0.020558792686114907 0.042431708100413405 0.038425620297189884
79 0.07471293118524878 0.019618262343844235 0.06723045800360736 0.10877787825427099 0.03604196780300175 0.025079724276673744 0.06627783447337339 0.06137959878693013 0.06294584251974683 0.02871923580941637 0.018388918124374737 0.10464879780481076 0.027448356733478105 0.03461903197133077 0.026096897525724947 0.008587951718445386 0.0454709399734651 0.03471471228228556 0.04410449167736835 0.10513616873260286
80 0.08077365758595491 0.0027732366847073864 0.02855493540612887 0.041868733836471834 0.02230589270793992 0.03895809116533538 0.04652638832074349 0.03043097195390125 0.05834045563570675 0.08869129519236112 0.004908330548797024 0.07160717279486661 0.10098658459945194 0.014838987512265632 0.04757127320789161 0.07425474190266775 0.039728580684396476 0.09641810990733961 0.07854821073909249 0.03191434961398014
81 0.031732842402186795 0.06587994195848416 0.03275895166883828 0.052202677201483465 0.0747953430797531 0.07583205268001103 0.06898766238389521 0.06533467029500102 0.04807438742131849 0.02903067939092345 0.07604335067144603 0.049351795405756564 0.0275520111435687 0.012605748593433847 0.04462434079560936 0.05819232659813085 0.054362264826971686 0.04108715197213979 0.05935911030291221 0.03219269120813576
82 0.019381036077105104 0.0714850160305243 0.05181813669635189 0.08384594148229638 0.08040342004040496 0.08488354806431325 0.0822599387493764 0.07294188883938857 0.02309265098694246 0.03323862018611517 0.025637199299131483 0.058691754581449526 0.03630853414368111 0.03536520777913155 0.024737212307148444 0.07811356494631809 0.021436558064761628 0.0029447011935764145 0.031098610544722228 0.08231645998726089
83 0.07935225337111247 0.02479034195023842 0.06802214266049672 0.06531376491588695 0.060025618823343195 0.019695350818630677 0.07445373823285714 0.05699403647718216 0.08393389764736653 0.054267080813111046 0.06531894609137684 0.03193010026573948 0.02635165111622309 0.027383364471589875 0.020586973072895556 0.05187836803856098 0.05249785249425084 0.0497907708935957 0.06452921328095423 0.02288453456458826
84 0.09030523125626243 0.008035242064213707 0.09577885567602232 0.04948810803603255 0.02721213004964192 0.063604343120607 0.00946612154937694 0.01220439107900658 0.07776600525748656 0.08522913479152981 0.02296544327322484 0.05259346171062946 0.0476653236157338 0.06860427062978174 0.0023240831455411774 0.0347341766650221 0.0072403884636550704 0.09256976861220434 0.06394233295770733 0.08827118804632013
85 0.04705443674669391 0.0495986742290331 0.012224162984867563 0.020651816079651192 0.0773351978516787 0.030625917183749452 0.07055447983338425 0.009525220519702665 0.07850850238464449 0.08422019755778161 0.010053918677777784 0.06982272065818963 0.01642167878030414 0.0816612119284953 0.06614739841143992 0.029401967087846696 0.10552889779528578 0.07703483039039143 0.03925892349469934 0.024369847404383103
86 0.10174876060227589 0.05966790644370741 0.026430659880452612 0.05267461198579068 0.07840243924935864 0.016425834196026487 0.00429190684267093 0.04316247211087881 0.06657234861456096 0.007552669666089706 0.05606076184618035 0.04011918217438573 0.09957639257030022 0.023554735909777896 0.09183813808277695 0.08662787887451964 0.06432358815304952 0.03137162335441046 0.00047135460032757097 0.04912673484245923
87 0.0226845955103255 0.010355923624954515 0.07859174580659016 0.03199175416889333 0.06127644551556457 0.016442062048882263 0.08294408174773389 0.04691232478368775 0.08241413783362181 0.04457837330180735 0.05064324715442183 0.05420037290805366 0.0469566210610607 0.07164120514356034 0.027670683967381322 0.06546921270952202 0.0755595395032173 0.027347562496208812 0.05346751444788519 0.048852596266627635
88 0.042855155831628515 0.07211906901637563 0.007976649059923248 0.06691452058192736 0.029821392181030495 0.04128926036662984 0.011757628755400071 0.04267610230115655 0.0887856100398386 0.01889656823085075 0.09485864393370556 0.027419321105816585 0.0528361485123977 0.035837727633797334 0.06328779584469607 0.07161428999971507 0.0417268156320596 0.09215055347151935 0.059224236916702276 0.0379525105848294
89 0.026754369009698947 0.003493126568815137 0.054126768165562805 0.07202022047723107 0.028435988095344256 0.009745022182052067 0.06343515756182717 0.03555065409943521 0.0428666303224093 0.01060830752563574 0.10064805587246903 0.00600432245824367 0.08045956163538993 0.07173536732437992 0.026262297379073988 0.05790831856127639 0.042051786175267516 0.10294910441093125 0.07964858619436428 0.08529635598059233
90 0.04623963560052083 0.09882736939089204 0.025012163795866287 0.10052743644009467 0.08792732742476815 0.005740923482406128 0.018939248343663603 0.07335464234504159 0.09390905776694558 0.024578620792729593 0.03335298247447166 0.015178842527364107 0.09499950374296658 0.06800909501883325 0.04551703267988909 0.023156899903063227 0.08091589441816001 0.017407905171175075 0.04217327812358414 0.004232140557564211
91 0.07944248817204622 0.01947891317978396 0.05840043846902537 0.008407957002041944 0.02517295795821893 0.06326665555940589 0.06992463924967154 0.04110443192926051 0.08009110924720306 0.04453418883299905 0.03649093489986921 0.024805722264445506 0.06413659945062503 0.04996118223865449 0.049122821911917434 0.08581078909438296 0.07450657657822118 0.002790768108506241 0.07946217420975946 0.04308865164396209
92 0.08212478084957958 0.09195119576493868 0.08853903203599636 0.04208610990275912 0.099170059136647 0.03947564346140004 0.0812427317928475 0.006296307171452634 0.05471055351775406 0.0762878343078514 0.02603774645807925 0.015731970975892694 0.08522843987914763 0.010297962918205804 0.03694910767366562 0.012074219187924189 0.021969396802229365 0.10148368427737586 0.0015236664567945377 0.026819557429458605
93 0.0795394203601584 0.021109550068998444 0.09381181961257369 0.055381775707903806 0.07067313427128034 0.06122679380206777 0.009616439373705505 0.06824054311388676 0.015332525105986546 0.0036949799074070117 0.012298649520494932 0.07980071766163006 0.05893852688113381 0.09129668091015246 0.03621562103253039 0.08403099021488204 0.049404383789828615 0.007551741835772297 0.047560679562000836 0.05427502726760625
94 0.0030578773213346413 0.08616507228538056 0.062194380496601864 0.0119263411962197 0.0035738469028426447 0.013666193113002599 0.011349037916603246 0.025497131374802768 0.08721201070803984 0.07010676966789163 0.06222320330909643 0.04480477445540545 0.04113398590892906 0.06455536774544846 0.060875753671139225 0.08925344892213691 0.022094929948351816 0.06936152926446831 0.08529633718189285 0.08565200861041204
95 0.08461815215467931 0.014028651966840472 0.08448119257398357 0.04182459564632784 0.0370460976212439 0.003285545676444764 0.07715131327878527 0.04169806617601075 0.03165747237257975 0.019991261922526066 0.10121573554577788 0.09477622133149974 0.008108557882220289 0.022155352826726267 0.09855767222230928 0.00603027238140986 0.0777903241162429 0.08041171250253178 0.02871869580919545 0.0464531059926649
96 0.07922834002709289 0.09575279165915022 0.0012703761794343356 0.054725623056794515 0.09025390867830876 0.04817415728452714 0.08711100934631776 0.06639310355796901 0.03349518982103538 0.004781060799777323 0.030042217297048025 0.014807562082396353 0.050799022002357926 0.0009305606336452445 0.06304475032551074 0.02059011864931697 0.05182900302565293 0.03947403835938697 0.09475132360142405 0.07254584361285356
97 0.08979288246709966 0.057110683193639745 0.048990241623897375 0.04508145005950622 0.02436198803480423 0.0028371061388013773 0.032751889186498066 0.07835492331798903 0.035650615260887634 0.08282672483557169 0.01476462454178866 0.06903449874823095 0.06859679310898681 0.04742617701484619 0.07639567755232457 0.08686285891085523 0.06204559844468376 0.03745513826233209 0.03480926460290564 0.004850864694351138
