0 0.055413198936729614 0.0574241481032483 0.03620717312472252 0.07451988281726926 0.06730176946354981 0.01263504385627391 0.06931795129575331 0.055094784271864504 0.07374567689384114 0.020016854854659233 0.0725419249173752 0.05042038697407721 0.05210936878059583 0.06010174483674663 0.012189613337945427 0.04820827087621183 0.029090972391188612 0.05008153130376634 0.05669980360995765 0.04687989935422373
1 0.00834563498927158 0.006517141493280218 0.04277911450118051 0.004467805239911929 0.034144456059309505 0.009415001189319197 0.026439855809047966 0.029965210851046024 0.025806646444101324 0.06093504939103529 0.006244239265777964 0.1020913229172221 0.11977296203060037 0.041882680977230274 0.11068389493691687 0.08236322946843422 0.11990247831910741 0.09058713052948206 0.06001883705842887 0.017637308529296448
2 0.06673880034888428 0.017346372304123663 0.020029919016186903 0.06419519562907973 0.06563639796521978 0.07281918111730416 0.06771873272309825 0.038910286365328506 0.076605917077911 0.035483536453480596 0.04195160080821789 0.04011794201345509 0.07098733993368384 0.07943358241261714 0.03202048617088872 0.009016626017078753 0.007122481630318461 0.06303715169147281 0.04882707519934421 0.08200137512230646
3 0.04166514766644628 0.035032662749239246 0.008564290399888244 0.0738888298253411 0.03617046908756884 0.06935768666915558 0.01038337226525437 0.05044209078319359 0.06820877867422688 0.04384440671789457 0.09427586810987554 0.0710223065453857 0.015225539929383674 0.07632284663402933 0.0196033183247726 0.06278062162497497 0.011712078385451264 0.06331515438469962 0.09049806914648965 0.057686462076729055
4 0.007076401452743162 0.03638848831418745 0.0339904502100579 0.06197365152624164 0.056930110861899634 0.092479262771837 0.08591125037747169 0.01487665891731962 0.0841433219554784 0.06300075621827407 0.10144144463518003 0.051834616504380815 0.03255982054121833 0.0028414342449729632 0.03080057625853075 0.06758672337134078 0.020921901212827807 0.006194309405800672 0.08493864719132821 0.06411017402890916
5 0.0866824378092408 0.07407172400420757 0.03638745964068379 0.06899880618064164 0.03327126720007071 0.010643370643244745 0.07507248362899419 0.07316894381973951 0.05422670200331463 0.04819685059903313 0.008036025549549347 0.057087746826723317 0.05576116441828053 0.07368899744037305 0.022784403583032384 0.029475967267102793 0.04644729685451526 0.04266526178367417 0.032833933748633595 0.07049915699894475
6 0.015314178547013772 0.019233362944688113 0.018654867149110833 0.004543294856169236 0.06743321812689279 0.05618010027989246 0.0718387703560365 0.05862133869177809 0.050062637501319826 0.07946507753304753 0.0005045576879448592 0.11153154179789516 0.10782718443594017 0.010030130726277568 0.059567543443555235 0.010450606454106837 0.09532038445418639 0.07120574089642599 0.07582752328191933 0.01638794083579914
7 0.02976177695648067 0.08636957845683552 0.0929648607321283 0.04551704108367474 0.08193900531939277 0.016070355152034654 0.038352381095847966 0.060447092314506075 0.011755360499481638 0.0018391069553446915 0.05558081354755138 0.02789238324945963 0.06474374937938408 0.08359442918851419 0.08592154850431778 0.10782392293552456 0.06589558955389055 0.005826636989722661 0.034665838423447455 0.0030385296624606925
8 0.013927783937902794 0.018324647512645325 0.027499788174279484 0.07184281311133965 0.05748992858824604 0.011998918809146903 0.07842400975516589 0.07383649876313596 0.06234444571734728 0.020102888554665885 0.055399055616666096 0.011641701398826539 0.08431348722496318 0.04186459323887763 0.03510430897934265 0.09032566325483446 0.08035959622356564 0.06609073750703309 0.04457258164330684 0.05453655198870873
9 0.02035626907678224 0.07252170775918519 0.0784550860172639 0.055232404074907294 0.07901625696327436 0.014188251452456493 0.039251885024654716 0.07324329535548446 0.0794748099372327 0.04635164723659973 0.07600765395009881 0.0709041916341755 0.03029251667823526 0.039014353297167154 0.06487842912089428 0.0009612807157475402 0.07069901863759155 0.08113501939870786 0.005386835782417041 0.0026290878871238457
10 0.06973460444221857 0.0631358851354597 0.08364353025409041 0.07266415518551933 0.017297613185012262 0.00426809932778658 0.05641743745330913 0.08964223274461548 0.029133778985555196 0.02239660167636789 0.06332133838821899 0.00822199720715671 0.09348991141801885 0.0858838102160654 0.03595157017239252 0.03989982947858514 0.09247685952474252 0.017259940168680824 0.0367106251111507 0.018450179925053593
11 0.08682105051435414 0.018848788753858085 0.10019173143733363 0.02454594810335868 0.007647176601972743 0.01658886372495451 0.10057015998989759 0.011457172929452095 0.02802921003158414 0.028849007887579485 0.06045188115863836 0.07966987803419431 0.022023830347034225 0.0111479776031785 0.03011137590034201 0.036344202436185774 0.07823007485545476 0.09267910469669474 0.09105806671088464 0.07473449828304744
12 0.028683493877012505 0.02424726832001292 0.05027772815422594 0.04669811443928807 0.029003615642819485 0.06675135228402454 0.08453983846133692 0.03744164359152776 0.017729333327256274 0.005438486351856009 0.07473942951811657 0.08700235719203038 0.06841569401669052 0.05096481966965192 0.08893478248745981 0.06287635724496982 0.050291991521064755 0.05624492616313566 0.007933578078303135 0.06178518965921698
13 0.021347185020732972 0.04850992722442257 0.10414796174680181 0.003980371860227056 0.03456341997312857 0.01905126488795312 0.02859228626430174 0.02403240878435639 0.1074286214788783 0.007102321733224779 0.052704321893009526 0.08508512272332056 0.02867338151627609 0.042553966169304014 0.040384901514094754 0.07165537475931184 0.016744198194943802 0.10521850666265853 0.09209026770151943 0.06613418989153406
14 0.09500913448676077 0.08976079022402154 0.03392011796997428 0.00094561614332331 0.05433535827461882 0.09032861923178111 0.05194887351589637 0.031247958395803653 0.04284198366687328 0.013376127035327074 0.0034997188733343516 0.05036527697528585 0.03855633781336536 0.10330073384550446 0.048353125468591496 0.017783214990658134 0.0367497300032271 0.09155478363127642 0.10507506668932509 0.0010474327650517189
15 0.02642888091678906 0.03618660043325812 0.0061590418370288 0.037596148661095785 0.05137526889389496 0.01848495045602041 0.08341824527856685 0.08373790739304288 0.0725469955326709 0.07783320186633558 0.04065199705970626 0.08244953673950339 0.0831762667918893 0.03323548808834748 0.07631073826102708 0.005728896575028663 0.01665775198361543 0.07621946718500901 0.06741250365405274 0.024390112393117263
16 0.014175108893993024 0.09573523845060793 0.08854316612695137 0.10207390894206025 0.06431725497834462 0.0022485660167424273 0.0186326805455776 0.07763344378802702 0.08158395033029907 0.06980900174182605 0.046687688490612535 0.008907504658524228 0.06449560308766472 0.08443017634422709 0.02088118323550667 0.012991449903352706 0.010187653667074756 0.07105214922398027 0.04244575895569606 0.023168512618931658
17 0.03501502978444428 0.059923690347583686 0.06964888292801885 0.09234042850128946 0.023561193617900548 0.04646074981781279 0.06447966860777024 0.0666470919811469 0.08446528965229873 0.08585618708166023 0.0018972544840430605 0.049986930578263374 0.025547097810686856 0.04550287126746395 0.043560607235111674 0.06522902172908636 0.07452715102908886 0.002584182312947961 0.05760875758062702 0.005157913652755277
18 0.0515815384904975 0.06177676492567345 0.048431600608396234 0.0664378563426574 0.026745846728864077 0.035473052161018793 0.08520197585936795 0.022279048406376185 0.0449522320194385 0.0417172338544148 0.0793039820094895 0.07131159282879843 0.025356674572838373 0.08297892827865805 0.022131300103931332 0.039772632738750265 0.05166609635914636 0.06234195500846534 0.06153151016338334 0.01900817853983401
19 0.05486150137249767 0.059909078185126016 0.004637712777663678 0.09751807386960944 0.03300288321130325 0.08383530084657265 0.030057535486865464 0.010647145366431927 0.031787223067678734 0.04803239910082149 0.03261896404481275 0.033755914065573614 0.10893068762704425 0.02596122178935445 0.057773553472116344 0.055372145903021676 0.07517745525616157 0.049226176881309015 0.00449629951422667 0.1023987281618092
20 0.03925493859718081 0.020724800539911114 0.008352016337834297 0.09326327876205252 0.11185095800945012 0.08526326694061889 0.041879245109914996 0.00732317755615759 0.05966203033156188 0.014625082716058254 0.024027794354043824 0.0969599230715352 0.03574304435302993 0.0704309335976383 0.08569896951611707 0.0698684401320243 0.06448700950955565 0.0142211630989343 0.00623840595825548 0.05012552150812542
21 0.07327687223851197 0.06515391097201056 0.038641809599689436 0.08632996903214556 0.049431089514193186 0.05978590446833692 0.06444600830354046 0.0024667599068357473 0.05716791936741239 0.04039743878019266 0.06656568115831966 0.03337007396038985 0.05332494436947523 0.02038354430333552 0.08321151110823731 0.00724596674248518 0.0821535234507584 0.05209774812222341 0.011618590947236608 0.05293073365467005
22 0.012566352363592262 0.037941837228884896 0.07365304908538169 0.05281766543299838 0.0038156389098757885 0.054883472064733534 0.07015063777517386 0.05820653746283629 0.09860957527662544 0.07807445052137896 0.006631910457764258 0.0283914243253011 0.06998961438368646 0.038556369999738146 0.07469943766866265 0.03827777594072435 0.10559200126660322 0.013672403944792045 0.043738387539228755 0.039731458352018
23 0.01685615117984594 0.036642961501839245 0.025564478332392372 0.007605363057958465 0.04357139415201605 0.08320742397431631 0.03222652387088235 0.07886650479903504 0.059053236817092486 0.07072825947129946 0.021133373512351068 0.052601541332083626 0.07181515818957682 0.07680569614682842 0.015699874421042734 0.050637805370833774 0.051123903838105236 0.035353883150811116 0.08498828353469054 0.08551818334699882
24 0.07409669188116792 0.05810996512740385 0.06714923664689704 0.0770286787150499 0.06124568330476192 0.0004948060884615596 0.06962829004655503 0.010423313872038063 0.0354733334660459 0.03213848307412794 0.05634236436457403 0.012934708447177692 0.0797524381507473 0.026512709891959828 0.046996671401329626 0.0587028188207018 0.08714315686679595 0.04028352599191405 0.018738619950181723 0.08680450389210892
25 0.02341529455781105 0.07681980372169582 0.0746253804957125 0.04795762544021008 0.07920490379624928 0.08976771163536822 0.024303208078690672 0.0125434550579839 0.033227652395437686 0.09023218231208735 0.02434628886421789 0.021180129035323198 0.08494184947982078 0.020576404017945374 0.021750124409678624 0.005547037031973485 0.05956414423109591 0.05071292024667109 0.07799671548322314 0.08128716970880391
26 0.016259441980755466 0.08365442671215735 0.04727451619982167 0.07599859449398445 0.011592354613726503 0.02903853638968298 0.07027374365887462 0.024085675234186928 0.09244972881306199 0.0537523582623381 0.05177618886051171 0.08278550471682881 0.08423844712530268 0.05314364870343305 0.003122177724747072 0.031452328190079 0.07521815839562959 0.017228980917058503 0.06512028608053971 0.031534902927279854
27 0.00882290094336278 0.037971420157834876 0.07649616427167101 0.023653873979768626 0.09141630180312238 0.02597145391777841 0.11412188095862955 0.00822091677253944 0.09010942697393108 0.029641137342565727 0.010049583443089026 0.10467902052743654 0.10062464646592387 0.008793999731861325 0.058831614206909515 0.015773613977235455 0.03971560669806652 0.06235707122886188 0.03021689842982041 0.0625324681695916
28 0.07238963064829788 0.07428900827951898 0.02798534117006724 0.009791398777349039 0.005445698637378768 0.018002557147642612 0.06819946015629061 0.11118224558464662 0.0766857223245608 0.034035814796627276 0.08469065643636886 0.06485130744386647 0.09948380767032564 0.029258273824595935 0.03882963472790784 0.021996919821074216 0.004817643458868969 0.02250901159745771 0.034443844412033076 0.10111202308512142
29 0.049426068472116794 0.07154160116488054 0.052338058357042444 0.0644003825778402 0.015115951800319752 0.05590663010877195 0.026291115189694996 0.06226522912891848 0.0424205665012655 0.012488346812160302 0.03587370578319675 0.04029353286237449 0.07616169821485065 0.04982997512431133 0.07551620550754679 0.07774754040987876 0.0060598540958341236 0.08239126059255307 0.07154517586625331 0.03238710143018971
30 0.03205406888563268 0.04261644122273406 0.05317116616275391 0.047165446415054456 0.06311242522927535 0.01349240016607636 0.06102802861981984 0.07521235554833941 0.05082360526042676 0.07778871108626371 0.0703310641080523 0.021172048431166175 0.040672898041478764 0.06192460391192234 0.030495396084516544 0.07177471122687479 0.07775031488256934 0.02450322280413488 0.021426471440559446 0.06348462047234898
31 0.0462157854951125 0.0005291150214421652 0.03733508662835765 0.09128814460428247 0.05862875884858123 0.07200571955811663 0.014387549940512327 0.09067366379296052 0.026964046573168202 0.08923179598985781 0.04907848457470801 0.07789525430225135 0.08785390785422424 0.047668241907551444 0.012597022525134203 0.08537616935299643 0.021960235319900726 0.03249082364293161 0.04114620933255284 0.016673984735357708
32 0.0044556186014513945 0.02334250138690388 0.083049458155389 0.09535980751944594 0.046776323018563916 0.005332944986002253 0.07918843725646034 0.025830357957908705 0.07156736563010596 0.03261697936452022 0.022410933654090935 0.07130279081248835 0.012742545702377496 0.017500830222695014 0.0832207526991949 0.027211785858784195 0.11352311528030386 0.05047884189548225 0.07876655426491945 0.05532205573291208
33 0.058657395885963436 0.055054308943138515 0.0952031048963044 0.004173393352953385 0.0035963309442347447 0.08269980735966356 0.06390243915647746 0.09851195852470898 0.0018787558244044461 0.07436013824467813 0.06658244650742554 0.005185962257843131 0.024858334292020213 0.09374574554233246 0.004733374760232201 0.03281777654313559 0.015066709983505039 0.09209669667785784 0.09793589390262873 0.028939426400492237
34 0.052228377955628146 0.07941450605789423 0.06678553863083259 0.06936793636003664 0.06328864600172848 0.08684029586387793 0.08578826707454638 0.0691509732089729 0.00555487640603351 0.01017085773264496 0.06109845714443515 0.02084274691929057 0.07232699380371509 0.021094120693276607 0.008632646113685905 0.03606610384726033 0.052835626512798876 0.01215158514758273 0.05944512799402099 0.0669163165317382
35 0.060291094467318666 0.07466984918880111 0.08422604166475273 0.03980628958774553 0.035809111359737494 0.008996026482229436 0.03826610544485421 0.04310967373162284 0.04746413468962003 0.08501301873252637 0.0786832185196434 0.08471114970354413 0.040072205901654154 0.07701797997597642 0.02987394063077948 0.06224774191327991 0.035127642350679146 0.03542427521124628 0.03351065676469959 0.005679843679289192
36 0.08868985774194002 0.004289409154888606 0.013174194414103087 0.052376990693593264 0.08299157521226559 0.018125111746342838 0.05231543013647693 0.021557032503647856 0.09244070869832068 0.07621508986305943 0.04127724422658117 0.03804557054101106 0.04057985487960471 0.08279352784991993 0.033527656959104146 0.07366802672606827 0.07229939899026072 0.003535449294818184 0.02484607258488342 0.08725179778310994
37 0.015808890754053624 0.14047851513332282 0.11376970609711456 0.022582165945719476 0.05627998414659631 0.007843563060424354 0.07367918189385114 0.018996393160405703 0.03003924107451601 0.030066004045931093 0.028722302668304715 0.02431652224148998 0.022137950243493732 0.05776955391919043 0.07864101369715791 0.042059113897427024 0.07878608857005329 0.03772776376404959 0.004731092928042439 0.11556495275885584
38 0.06791731389175681 0.05733037639286436 0.004789784125150265 0.07767169032757913 0.10752480923108577 0.029986575977829198 0.005289178166521614 0.03597216192222599 0.057349368982850896 0.00209993515795588 0.09793922063682581 0.014908573448152423 0.027524775784009217 0.07414761874244001 0.06860420238449338 0.02035073328425508 0.05714555136246152 0.09639163558532415 0.06610191612436463 0.03095457847185369
39 0.1127817582300309 0.0759529608607449 0.03804579924450576 0.0600160450347366 0.08379072658036721 0.021844870942613438 0.009157917171995659 0.04511368449720222 0.061476593688828914 0.06323428242914966 0.071489246336636 0.09081197799449534 0.05581296033741202 0.016611727598977808 0.022717701199236443 0.07504609221565281 0.016532698266057484 0.0002874541811948084 0.018771583575836012 0.06050391961432564
40 0.025325527194894965 0.07280750789526569 0.01146499555851872 0.07482709994696947 0.009078786016424256 0.09087322552425973 0.024199302647796326 0.10394050531651913 0.02751103753049051 0.0993335434211869 0.08250500085098111 0.04127210044685699 0.05658388915833612 0.03212406510972643 0.010840845519394448 0.027133335092489375 0.02742188053127595 0.06669068785564473 0.09888725738706056 0.017179406995908253
41 0.11050208583975325 0.014892901750028427 0.04009554464495604 0.04915195585557705 0.014633275724309667 0.08601420572572575 0.08439196126445023 0.019927158484380845 0.08390504516262662 0.09912539570201825 0.10188548062342115 0.00036140488183223837 0.07571075592235113 0.061703652003338674 0.013816902232865708 0.029890473798480876 0.02825618563911079 0.025602741181860754 0.026624144629371366 0.03350872893354104
42 0.08271869746589959 0.005979060826319024 0.09073907258433564 0.06886581228340945 0.03463386790767231 0.05768667866291454 0.05355436648528634 2.510617413239306e-05 0.0897056732339037 0.00646478643221883 0.0019224640910694923 0.0895547812769892 0.057855439261778205 0.08109856100696927 0.02513584049794013 0.060541189141889815 0.05519244643404193 0.0763620119874808 0.03399711275478887 0.027967031490960748
43 0.054594407753875564 0.02248778777794205 0.07129609367990448 0.016848211083100355 0.05189225305252598 0.07582167786882363 0.05158449956030871 0.008164605651784297 0.08262716304531915 0.012077242560630797 0.08825370284790293 0.05027388665317811 0.00043954420619769715 0.06026239870775869 0.06432239148354467 0.08251918187417087 0.028599617915587263 0.05726363726691664 0.07340733717167232 0.04726435983885592
44 0.005336327540692847 0.06036766406014548 0.026137290781459172 0.06778346587225424 0.020641468520664962 0.014518319807093805 0.040342669007511385 0.03460305256189893 0.0814542256508367 0.07927262884652934 0.040755853649392534 0.044760274666513514 0.03590101812981039 0.0825046310917063 0.08088111327208 0.04139511152248369 0.05621891470652227 0.08347624344829259 0.06801454235596469 0.035635184508147254
45 0.06359502319596702 0.052244462722871934 0.07362640811048474 0.028366177634769146 0.078665008475038 0.08437716064149675 0.07441488203425839 0.08049053439445775 0.06738068727506426 0.010148661186384085 0.03221594896130533 0.040490320608335545 0.03733637681965726 0.03910774933208588 0.03542969432491931 0.03743091048030987 0.08070065529999843 0.011898177128703454 0.05558398336858866 0.016497178005304234
46 0.02065580043912834 0.0954171729011767 0.0706193708492967 0.04371651059727672 0.0008920328870718154 0.083955692279463 0.0407657269695047 0.03295053153999214 0.08770911364397706 0.07911966156965951 0.042823718722527625 0.020026859515314428 0.04687667522298837 0.010019867194975563 0.02755259028865638 0.09182847554903134 0.0784664879308532 0.014097271059926688 0.05828098931668721 0.05422545152249271
47 0.04658906883464505 0.03223124104560907 0.049978224677849556 0.0015270754930497043 0.1109208014649985 0.047987397029201344 0.04077459709323059 0.03883484898424372 0.010297522669516158 0.09635750402632627 0.02184734018701596 0.10694827927918615 0.09458779985169319 0.08261788524793741 0.0682940581883568 0.018781589607709766 0.06328805631176948 0.017774573328929726 0.017334676416028906 0.033027460262702764
48 0.07430053125411308 0.05850364911182212 0.07098183071308985 0.05027103438284999 0.043096452772187016 0.07284700673075756 0.037744393080229637 0.06421782470089582 0.07952895606942556 0.08210182468299078 0.019087679699856294 0.017648759304341875 0.019052785557680897 0.09439295980785632 0.07536275502489573 0.031792274427518474 0.07431256515910571 0.01652068914751895 0.013747134241324916 0.004488894131539546
49 0.07204694090461257 0.022331968189072352 0.08965647866396172 0.011772026143879986 0.07973989670965038 0.006490641139447589 0.03744133931104433 0.07115180036817728 0.031194409986328015 0.0059663396271000535 0.02291394111050966 0.09208401836068517 0.06899674809838743 0.09458410813605597 0.0482066952573862 0.07119937329892968 0.040592009049258755 0.031047599651117225 0.007677475841455067 0.0949061901529405
50 0.014704053650048931 0.04862901828507389 0.00423959655657504 0.048862453409544954 0.0802419989751283 0.0507138404512708 0.028907186108878453 0.07278823144036436 0.05974519654924285 0.006671149501622504 0.028295258937491612 0.07630088551232085 0.05914185129868758 0.09416864536006513 0.034095559651276294 0.07494506989620592 0.05933598261146802 0.06418184005348436 0.09191538118186907 0.0021168005693812104
51 0.05878308468550178 0.00980480164267815 0.05189257986075014 0.047319850526011904 0.027454465970678243 0.07274856861883604 0.07496986737481703 0.07856964434995754 0.012541478941539327 0.03754770842256128 0.061115602593989724 0.07888382216465185 0.05832114144825339 0.07726846435231634 0.004445264665419092 0.03673562255143547 0.07992418388341643 0.04233313343169671 0.036631090351755394 0.052709624163734155
52 0.03599097169385547 0.09148232174175513 0.053252021252510016 0.04585094849781303 0.04974817690372678 0.08531292055059446 0.037592653026758065 0.026870927842694646 0.013549066118874034 0.0581049742998557 0.08258816805341632 0.036935445939470006 0.09691735870649505 0.026908201947402354 0.02739580543119536 0.070022125861953 0.023348887818743363 0.06550843993850888 0.06748310160241171 0.005137482771966871
53 0.03176266159253206 0.058457644775760535 0.04602192415955249 0.07071853916802605 0.013766586802114223 0.04840908630337934 0.03977615234565926 0.04480851500709176 0.04355940492777149 0.0411837325674336 0.020984257331929126 0.10061587841154433 0.05880783792371411 0.06233873626891633 0.03984742240656657 0.0114124541798195 0.10885688268715595 0.09288568741292104 0.014646910018032425 0.05113968571007981
54 0.038178597526936135 0.038457864486533024 0.020262257615832276 0.020662059494308837 0.042225566624372546 0.0379918508222201 0.058770307762215444 0.040711334436197476 0.07098540596912913 0.06133841520114061 0.006433516284419792 0.026055092102683645 0.03315202396260539 0.06603485933092015 0.07905682402041092 0.09264162539313717 0.047675081239621414 0.038262985767696905 0.08611655507241098 0.09498777688720812
55 0.08169222493037881 0.08492939835002991 0.04879351252322566 0.09650821578956133 0.04608141408903881 0.06551056878845087 0.05998108018503528 0.027514755901487012 0.03876720078719382 0.030818147945256762 0.05258714579089559 0.014814459497305197 0.0402010603285734 0.03266527379815625 0.005015240390440704 0.09063900284054362 0.047530861609154 0.0469968088407933 0.023410753933790922 0.06554287368068872
56 0.059380988301105865 0.04017520958512747 0.04944580093538031 0.0909430186499602 0.0007794086964817832 0.08642921496667894 0.07183177968006366 0.05580553652774048 0.08613181506677174 0.07209315276967414 0.07074214825616483 0.008105998487631152 0.0321525606772366 0.06892298405838591 0.022805040997965983 0.013777429843902489 0.02812177280819733 0.06526226860304025 0.024693962688691336 0.05239990839979939
57 0.08106749067359631 0.07165700013525665 0.064818213759797 0.06490668615993653 0.05500748189863741 0.008338685669424658 0.039506478047996965 0.06366669003098141 0.01056322167542312 0.07332980505939758 0.02375511496005652 0.00994394270821647 0.05640362414394163 0.07765484384651819 0.03672390687972629 0.0857962439699871 0.02985502632134169 0.08260796237550008 0.03609886579799251 0.028298715886271787
58 0.008029259975893354 0.05551146260466442 0.048811104950200766 0.014074594855206247 0.006546016625351896 0.0732083068500932 0.03168404342220436 0.03871279866385835 0.07405116434026117 0.048900557022957425 0.08693821068008076 0.039375572988106504 0.0784182132257489 0.03617075968860327 0.05859905641639652 0.042232848079071676 0.04594977417765313 0.06004092841893394 0.08921519107507649 0.06353013593963758
59 0.05927909721531622 0.0890904880749318 0.082906677164086 0.03320600226225657 0.0642934772064116 0.061476507631511156 0.08970898986881537 0.09418990312647381 0.03090947182087325 0.0406561094391471 0.009304065811138658 0.0033875042217788314 0.056012471157982274 0.05147208565572202 0.023626447741684282 0.02720577793300016 0.08142324360217312 0.05371956116389932 0.039360503404984905 0.008771615497813724
60 0.06391088898564977 0.02398567157360239 0.03921381407124948 0.0386238569634155 0.09474247110716229 0.054416777108607574 0.019433640084062197 0.030834014283587372 0.02270924574090026 0.058341433827581723 0.023140871910643217 0.04913001626021793 0.04474046296567236 0.04129734513743197 0.09287985506243221 0.0638177804360963 0.08154175446059499 0.011153748945989337 0.08316711645314237 0.0629192346219609
61 0.016558286589679054 0.021835352347576425 0.09498483469388642 0.09946975738224867 0.019900504114979484 0.05471252854190667 0.015469799874703703 0.07474454675733758 0.013099726171547964 0.03949027499380001 0.006902481527586177 0.034511865954642146 0.02551371479730731 0.06964226995056697 0.05631392906080111 0.08628301118659934 0.032058356683097845 0.085257876588403 0.07247296152914116 0.08077792125418912
62 0.03874044953377837 0.08308309176572362 0.08344259419005179 0.007857911266999314 0.09462687853857295 0.0532063725594735 0.0322211003173138 0.0481036086462702 0.0030299413644820057 0.05345270728067348 0.046806742739309605 0.07791210357583354 0.06029481893019418 0.08629408445225581 0.05949258938199643 0.02499580243303467 0.08754421294454624 0.003076598533912435 0.007056914168447309 0.04876147737713083
63 0.013615625641301784 0.02625874055597869 0.11305338197313408 0.06918942152232375 0.06529435375036897 0.06144737789968435 0.11230066611642865 0.07651886033068221 0.010290797197577358 0.08026750570456893 0.004507497551290893 0.03514734205039645 0.06422412595428532 0.06205854694073875 0.058014413225866326 0.07568982984745787 0.0232329819126613 0.03274827908697704 0.015490709262176968 0.0006495434761000561
64 0.010467088151108112 0.05264996336803449 0.0032420398799106885 0.002718426641146519 0.010226746620943259 0.04063928629576773 0.004379742465101136 0.09134537263993318 0.05204669602904584 0.038355258249552195 0.08939655237982677 0.028963458146254614 0.0686014286947949 0.032409186804710034 0.035628333069855786 0.09518846767987876 0.09270453179692158 0.0719771593166798 0.09518644614007983 0.0838738156304548
65 0.0835316553680368 0.08444608308715823 0.045546111824767026 0.011746913283505259 0.02625018453885753 0.04878458317087599 0.062157812166041805 0.017825756408005426 0.0230899275239952 0.057430018444045036 0.09754667819801123 0.05383335263445676 0.0695016764706451 0.06153042167133235 0.06923958537837532 0.01764294039748702 0.0379344836474519 0.08660362892602934 0.03211538081628275 0.013242806044640244
66 0.06752621569669578 0.04386371330394128 0.0634917071020373 0.09337525953576671 0.03099586583440986 0.03269142495266176 0.030537456896504746 0.03879208790459177 0.0044659098243109725 0.08084126220363748 0.08528533643117168 0.07076635652622452 0.04284623685860645 0.04195639848345454 0.060222568178047026 0.039726456576240375 0.062039110218648566 0.010643089862880827 0.007534676330123048 0.0923988672800453
67 0.05411007853236197 0.06321002778005164 0.058836326747829876 0.06565439602314845 0.04990393388386264 0.002233130962643425 0.0808601311850418 0.0814145482257697 0.04278428846699955 0.004172437578593937 0.02676349379838772 0.07567796012988166 0.04551632092633407 0.05515613814920281 0.07778235721029378 0.050606090559667805 0.06394532778928642 0.027060184849415237 0.02234494910662849 0.05196787809459906
68 0.03948448073180584 0.00803278584114212 0.022050580701359766 0.0813592418620711 0.07903041888419207 0.08792117935297233 0.059370026807913284 0.10421023555279292 0.003968752630403763 0.0072456061870586445 0.08583113750989195 0.04098162202510123 0.018826842563848048 0.05731073279758469 0.03318075884048165 0.056477989319467736 0.1058551993194104 0.03657748335879584 0.05023591720995845 0.022049008503748285
69 0.04981735863938586 0.06477351896291651 0.05661024702203062 0.04955978369669532 0.07304242897710539 0.07369113572844524 0.027278898811027352 0.027206317339679965 0.06899819226379571 0.052251155725587084 0.06096436864141808 0.042579935204046286 0.03523690494817866 0.06902400920358745 0.07728867211801824 0.014028683415759868 0.00044270818234730185 0.08715085815713487 0.0496831153600616 0.020371707602778434
70 0.003990500943997634 0.050128633702147304 0.020560500752626547 0.07354420413778942 0.06662163451694936 0.03759468403150207 0.023294738558006536 0.07268294084360176 0.04701752525433217 0.07189628108307945 0.039483526016497524 0.04542106560932338 0.03189619581474583 0.04412532995838141 0.055865578692828925 0.06517219366986536 0.08393239280044736 0.05500561465199174 0.0478282805979869 0.0639381783638991
71 0.06423594669474589 0.07795435971908289 0.058757791842101295 0.0015893555028718457 0.003306841271793463 0.07523208385155392 0.08512050314715063 0.04767763498747504 0.079926693692859 0.049642797088977016 0.04511952675741934 0.06905825637153108 0.009434851906809144 0.08471795384602536 0.051946057761275435 0.03696208820935889 0.06789736416893441 0.0038920429426559685 0.0683979257003131 0.01912992453706643
72 0.047843271778700014 0.00600614171648147 0.07986553239004758 0.036661367575042264 0.029101433962344825 0.08785624317394325 0.01762836223003268 0.011394507391226107 0.07815117905951932 0.08739046515271481 0.0738753302106415 0.08662381062176455 0.02045307430732835 0.0011003085667212473 0.012973429437673626 0.062342368727963275 0.07940330942129055 0.020053492446050748 0.07415508281446223 0.08712128901605165
73 0.020162995137589155 0.02988564730892362 0.031091137778751877 0.10800216468054555 0.10529505512406613 0.04154995575797074 0.11000423941904432 0.11341640615302152 0.003690021481137665 0.039870662778966 0.0039511613975838356 0.08602174001846061 0.10731974745102546 0.028143089265176415 0.013903032542327987 0.014273357841017785 0.03816337928368346 0.00869175736259827 0.07822219520697409 0.018342254011135675
74 0.05114908006701827 0.054587694722334434 0.06196840853064394 0.0718270661058766 0.03314307277479101 0.0723893800303485 0.016364015859199763 0.02728930189830335 0.08412434302000979 0.0745770694251225 0.08943352791632851 0.014137358016490376 0.08549500460663136 9.161740126372621e-05 0.0432007045447944 0.030848338906569874 0.04669672215083181 0.057537973807170406 0.0837491065552337 0.0013902136610376061
75 0.004461259132153566 0.098907160718713 0.04347132218709638 0.05848162413872403 0.08664094784692959 0.04041126836066523 0.0043751926515677815 0.0038626351179676215 0.007492333075825487 0.056197634564286364 0.07255028493355667 0.0959544466471986 0.03022723727492731 0.07420992687345435 0.010869011027372102 0.09132679508803186 0.1008395517603671 0.03520959968965705 0.08031591629747684 0.0041958526140289925
76 0.04822384383496926 0.08051041407248488 0.006991327194622625 0.046010918302245254 0.059322914804450254 0.002287334041971662 0.0713239983075191 0.0811135608929039 0.06723238938871316 0.07653774771106227 0.07973416878624986 0.043464408683443215 0.056599841494173006 0.022353383198250167 0.029400183428740234 0.028830773356506544 0.040336916378186025 0.060877475109002196 0.04651153221510042 0.05233686879940622
77 0.06339259356489708 0.07821109269392648 0.004176029964804364 0.0669392303556727 0.012928727771150197 0.01455527178555808 0.05384088184434911 0.07185808400521966 0.009188180746334545 0.04038382261906693 0.05626045252772885 0.046843167021846495 0.08357469264118277 0.07521938596915513 0.0718609410632387 0.0457975465645413 0.001462810282462351 0.06375942460332673 0.08229697100762746 0.057450692967910916
78 0.0433832514685529 0.05821773818927997 0.011273186378092248 0.07477061426510907 0.030166273698280753 0.03337030448546433 0.0839658041350778 0.04459568907840883 0.03751315604449152 0.07966128686420534 0.04885207096802147 0.05875422139535035 0.07511125780851245 0.053481494960568955 0.08146147042421334 0.020377295969785502 0.0173327570694229 0.040801772443162784 0.07907200713461843 0.027838347219381023
79 0.013340765434101355 0.05212563394307329 0.057193663753547945 0.07647315882089936 0.07402306626828538 0.08288858575483793 0.004824551675891173 0.07837213302765418 0.07913618442887996 0.011805808592478097 0.028718056421258662 0.0085259539997689 0.06628790401776981 0.06511438341923345 0.056727668955391504 0.02969685880991252 0.0443359314168058 0.06394836763170972 0.03195989497953874 0.07450142864896218
80 0.02516864915068462 0.03293163352019391 0.03848062241632927 0.043064565517833976 0.05575795007637288 0.04500145445585289 0.04282060606310174 0.09739979816154494 0.04760203468076182 0.04827433188007206 0.0628132686050058 0.07642203242536322 0.04770056753553831 0.02379899453071358 0.09126717847258188 0.06056534484281145 0.0006314446603319551 0.03403159732270578 0.0813499526376891 0.044917973044510714
81 0.05052460724091155 0.00445936670052697 0.036215749159570015 0.0606338539441501 0.08677130287601859 0.06951458482139629 0.022948728337389923 0.06812392980951233 0.06433609208613775 0.008733376812567202 0.07489823572734493 0.09207877663015569 0.08486619405181756 0.008568052202991817 0.035254098744611696 0.08642784276580173 0.0747195621420206 0.024142161586120925 0.027354377057198235 0.019429107303756018
82 0.03200303275457134 0.06746717678494128 0.05950490690356153 0.056980048607074944 0.040897327626555055 0.06385324419155584 0.0953117804868283 0.08323936012643657 0.034198367107645594 0.004680629189773833 0.0025239992201089396 0.058436110898977774 0.02094125944330471 0.04439540736834501 0.05482270002704379 0.02027679867684057 0.00928883715812064 0.09174555846525566 0.0681544988993279 0.09127895606373064
83 0.08715337133822199 0.044732460746277396 0.07345851034337832 0.004679531410107268 0.06475041581618304 0.017377600497938073 0.05595219738816647 0.0762348867188598 0.003543065521312616 0.08024257527746152 0.03979185430896746 0.056768935160226915 0.06575601350390534 0.06236164169960541 0.011047550218202255 0.08394388879665247 0.011781325412475374 0.07142856156659907 0.009745243125577745 0.07925037114988137
84 0.08431040518236103 0.036562626391637196 0.06220788501813976 0.08793741728599778 0.035022950663682564 0.05906433900163703 0.013675932164108364 0.015056471090735157 0.028731730271017296 0.054746054055360885 0.0419908370714626 0.051590718842086845 0.10440984446433775 0.049081812362500934 0.022514931565290757 0.07948655889469804 0.02196158704441645 0.0698842542295104 0.019850221374148214 0.06191342302687069
85 0.04213429166522584 0.06838306929512411 0.060275307545335326 0.05473807720754287 0.01327051795331314 0.028989596052102506 0.07680604455639968 0.027822508360236708 0.08076617253561481 0.026580278762383655 0.04697427180128487 0.008418138030416715 0.05018509477878177 0.05423754852716433 0.06854882860096181 0.04141763820460048 0.07260140447030003 0.05161581670167316 0.0630815332267386 0.06315386172479957
86 0.07300738204487643 0.07341888357008161 0.02728990223676613 0.0740282518944221 0.041578066497016945 0.003871805896082727 0.06646515383091882 0.07116008327033835 0.004451848175414255 0.029949376766898787 0.057358971918724896 0.07303594063811132 0.03807749853327381 0.0804490543130686 0.06896753816852531 0.07093529848976657 0.003137466545144008 0.04707157079993188 0.03517897775567847 0.06056692865495906
87 0.013966311055177193 0.07554151214463499 0.06443004261666901 0.006080037751619442 0.017812221819198698 0.06032517344911453 0.03261792311619687 0.04411386403710078 0.05596138355973235 0.04531623484214641 0.07444513476309572 0.0830873248804651 0.0634224879175469 0.08370452705188901 0.029320531128273705 0.08498344255843979 0.04686177236331361 0.01464879037629016 0.047281949122828376 0.05607933544626734
88 0.00358085884051491 0.07822091048646725 0.024553202546381093 0.04058709173398554 0.041265874390448154 0.0382687552041924 0.06154298417026081 0.015573908631115414 0.08115510126263384 0.07206851955396856 0.0492760874884767 0.015311737259284284 0.0865054000515157 0.06211936357460629 0.06688706980625606 0.043606620061231345 0.061555475193429056 0.0509121325420255 0.008557919803729703 0.09845098739947748
89 0.08459712245558117 0.03212677960607023 0.10616809729921321 0.07063613500945969 0.03233408593020814 0.003062417504634292 0.06770769163986026 0.0028606701002536145 0.06990466432105157 0.06525784193212168 0.048193832691853684 0.03303578552387934 0.03385569625465679 0.019130706983751782 0.02261603115439076 0.0793332373529353 0.1039656213184218 0.024999784940415198 0.017726277394952278 0.08248752058628914
90 0.0536428653655339 0.06737466908962389 0.05108034843185685 0.061161679124915616 0.09131401367811677 0.07997094148342548 0.00021058741335831528 0.03329134442385278 0.05978124738619381 0.06946087942621397 0.01583590826706545 0.0025667031028385563 0.07621535011514079 0.0025488269855830927 0.09482606622546104 0.04637973612956557 0.03366425486417312 0.04016634647461336 0.05824787482128024 0.0622603571911873
91 0.052822790708806 0.0787614676695793 0.00016061208964862606 0.056687827210511424 0.07886126402137121 0.013243548031172519 0.056525691227735764 0.002571627133527979 0.03153746068747216 0.01307692559701405 0.06563612568266619 0.03258440991466652 0.05922347078394271 0.0786102092403893 0.10785189835291596 0.07695143932463155 0.07051094253824831 0.020076657763108272 0.003593764709232189 0.10071186731336003
92 0.04380563785884641 0.052735434679066676 0.040394933714281524 0.08840628208397167 0.054733419871780084 0.08453904116558114 0.02322277872892175 0.0035720389546304507 0.023294539047176627 0.014341486309251273 0.12942510561747458 0.06385042030758328 0.07330705990295366 0.022071084245351005 0.050127882858798274 0.08651854278382691 0.005977557629914553 0.02700217048914278 0.08293808967927194 0.029736494072175358
93 0.06000208299844853 0.08581430278081377 0.06918955433623117 0.08002163400645303 0.05069460680478849 0.07549603496625477 0.047610218207049894 0.027822300441857042 0.00922615613182703 0.054903165223170534 0.08117785500231438 0.054019643340153835 0.043577129099697576 0.06868324069679246 0.027860486062435748 0.026702678109359335 0.06020523405711396 0.009420488345616046 0.06673666721685463 0.0008365221727676396
94 0.0642753908028163 0.023885201790660546 0.057309682101352385 0.08402611773282646 0.04770242315277369 0.02510782339202003 0.03395079898338782 0.0004990013268022331 0.023351964019187463 0.04351681488981373 0.10626216303309988 0.10133527312416547 0.014031314111614079 0.08128435980156581 0.08295668102989112 0.03027087103443578 0.058829553998878195 0.017056505298738193 0.0939694266314155 0.010378633744555537
95 0.054661188667715466 0.06396683044127001 0.03203035710333045 0.09451038180748496 0.025952728227650237 0.04542751937007378 0.02151426183880042 0.025208263515699884 0.016269801500972122 0.10087391851274331 0.06680799341214912 0.06690870497722821 0.04349159584024808 0.01931961560070531 0.0015118086745063233 0.008111521575557067 0.02973930234441322 0.10891605644583222 0.09446795809547996 0.08031019204813988
96 0.0869193159239747 0.08339450352761195 0.08753035942444845 0.05054154700868522 0.0724226434345716 0.05034610666034327 0.03016706446591537 0.06927196422568373 0.06169383709632054 0.05810826969379039 0.03669666723754192 0.03288854386584142 0.052149660538085514 0.0608075276876983 0.048177707346759094 0.010936580880895146 0.01327082480146127 0.05962521878922226 0.026659581367721022 0.008392076023428821
