0 0.07430622421869795 0.0758890179531395 0.08080557854179805 0.002323742745763824 0.013704906007220428 0.03949859647927273 0.0674352953854086 0.06461476640018164 0.05370436067012997 0.06848363262017343 0.058794102666247676 0.022835631904112218 0.044876276867064656 0.07944842027175028 0.003930805420050714 0.014144697544624288 0.020962243504727637 0.08501939992249807 0.0613213298000636 0.06790097107707466
1 0.023183737738282043 0.0026962574427293914 0.07273351005208828 0.034516640567996686 0.031075105732130466 0.08226345334303857 0.02446737578918311 0.074247313598311 0.04107940407362103 0.06214361947201396 0.08430256290299973 0.0316248778533107 0.07727390126390461 0.028168000537373766 0.0651753242080538 0.029844141431358787 0.058333601603772677 0.047465396059131026 0.08263090986346895 0.046774866467231335
2 0.09274366480025747 0.02245974436485312 0.026992602520607135 0.03240532038802778 0.08194740819742796 0.07375372036484154 0.011160126841143822 0.06063969255199323 0.05277015701301 0.05286271920790931 0.08805739637999908 0.06941086794960677 0.030916082881023165 0.0599719445737373 0.05799710865749465 0.02037661583719704 0.08729045416348208 0.03505389670152371 0.009653768805060785 0.033536707800803936
3 0.05876408605189329 0.027767231798054324 0.08416731668287192 0.037245901297311104 0.056356098588073195 0.02437004236308821 0.03047841924209878 0.047083807530529605 0.10764373652465284 0.0169181950160636 0.014223417437891194 0.014374579318090304 0.025061340238541577 0.029869073308557797 0.007387171022217294 0.09661131127014722 0.0634845193068446 0.08631713202191629 0.0771288343765262 0.09474778660463043
4 0.008560548969608702 0.01019890849797056 0.0006484327662234123 0.07174508720877865 0.07914925047609928 0.0480113365067856 0.07585469746168111 0.04464664883695339 0.06654131126117753 0.04253475061975961 0.08378242740404528 0.03918726247440855 0.07304735092785238 0.0999366604784075 0.026077174055398274 0.05256499038475011 0.065449510444466 0.03885217930140134 0.00261209897409973 0.07059937295013284
5 0.0002052388145509759 0.003827699390819174 0.05600354004745815 0.09843919607514884 0.0970373469211383 0.01335128368383746 0.025306098806541933 0.10860668662847636 0.10074562225622417 0.08786289536716538 0.030675454028907395 0.06569898498413902 0.0007174898765346566 0.05573087778507486 0.002299842318592684 0.025353005910519883 0.020892310862235714 0.10639810019619249 0.046666252880142325 0.05418207316630039
6 0.07649060195144518 0.05090240472924957 0.011351652032841015 0.06744653178767437 0.07898283906799987 0.031146505780359268 0.016375408505783437 0.046399677826241846 0.029468282812219183 0.0760897618601172 0.07871480274183228 0.08762767712144222 0.009778164633982138 0.035662027401638256 0.02826144195004254 0.06193679366256248 0.07890616842839047 0.014323746952627356 0.03155785597030748 0.08857765478324378
7 0.026183296292180427 0.08697459044727596 0.019008922340022674 0.021109010633370173 0.0336993312940442 0.03520830366566709 0.0623266429766537 0.10387559644468798 0.10018449825314055 0.05708341832321876 0.09327425000593696 0.04604744043854108 0.07797276360266828 0.03518975404896435 0.08925652338079403 0.026454975936061127 0.025369769696299196 0.015250862845897644 0.02027168721357914 0.025258362160996535
8 0.0793348906413061 0.010063817271381961 0.015021883556355326 0.06357490602741629 0.043040274371391476 0.0663417909941242 0.04375959053134407 0.03190711412409417 0.038859771563700025 0.0170052738989172 0.06180748412602219 0.04479010092375592 0.07532276698467157 0.07235707496920453 0.05819363719822751 0.05135669110504691 0.03762264059328005 0.04476384729521661 0.071904497914315 0.07297194591022901
9 0.019499459279522187 0.048113818388221694 0.05459410545886585 0.0008193078374943697 0.059583372211639306 0.0478315533842971 0.06322903603224911 0.05549698341503354 0.09417517229231281 0.06267971526664831 0.06309768874617347 0.06348462365742422 0.049988084779159336 0.019541415443536547 0.04765749261767926 0.021960410329827977 0.08050974969125603 0.040574559449302966 0.09713504998058739 0.010028401738768695
10 0.026030366850396152 0.06420584961681264 0.07577217599342052 0.08026402296919456 0.03306099521828542 0.025451185965716085 0.028489983765179763 0.0829503348172936 0.017612692597113695 0.04906127860350747 0.0839252969095204 0.0014987641808591858 0.0045182829723266135 0.07299790767952007 0.05516547171714674 0.0952641222107834 0.05799704617769341 0.05956106340632785 0.07489163466394427 0.011281523684958076
11 0.10533023075221834 0.11245287728481089 0.026637697533320893 0.014302334283279226 0.016530944344300556 0.06718120853816896 0.0705754109466229 0.022891414121088003 0.11280197111219502 0.07139912382952975 0.012727853131517853 0.017394890521977756 0.011355426910051898 0.06676535414081568 0.02482985449985193 0.05875818867775809 0.0726615880086403 0.003223102224910314 0.024246439489763977 0.08793408964917768
12 0.020542956501073104 0.04117839260485634 0.004057742254465389 0.07108020491703733 0.06551903644125383 0.05923075449902957 0.04889455648288218 0.07524465157444689 0.07284672984665463 0.08988627643550648 0.0034274030294578765 0.006895468983791789 0.09473064654997072 0.06096273631649153 0.007147661596264105 0.034160172386263135 0.0732962114096485 0.06924396005222308 0.006609727806605761 0.09504471031207792
13 0.02722585994949966 0.07941059530241248 0.04257612777647191 0.050853998497238304 0.0902595880672101 0.034361709305903765 0.045476498431555545 0.05311833003519081 0.04182677966263315 0.027321214384837294 0.0515444069753644 0.06542277812247908 0.06445903823843567 0.03578968716207855 0.08516412865074012 0.02277940168776551 0.05268054614308256 0.03177109372952988 0.09217954968300741 0.0057786681945635986
14 0.037089001289814454 0.09144795277174325 0.0742358469024632 0.05315269301909584 0.05852638655915579 0.05114983785692829 0.05889429540243721 0.09677276523824807 0.07296704332093894 0.0006861819391803655 0.03433379119224092 0.00027573458439403607 0.023066758817017384 0.026667413368325153 0.06708939368924978 0.056359753012958765 0.01762667920432841 0.02685932823125948 0.059098295127649095 0.09370084847257171
15 0.062361733103353294 0.04084341377872616 0.06473289518234832 0.06228756375122407 0.02877495898154487 0.027127003549042218 0.09461104085959811 0.049859107844027264 0.0745393894010211 0.058532589708579795 0.09298038298261231 0.052021161570588934 0.0929872461994467 0.0002932645840604728 0.010473022095258378 0.009337073182870933 0.0488200301234539 0.014680195166345295 0.045450312113243685 0.06928761582265408
16 0.055957376947920544 0.026004409076544815 0.05597041514238234 0.0811462390817146 0.0035040624133252122 0.053130398901933676 0.0796402281955559 0.0068291924101088215 0.07369326899252748 0.056404628847943034 0.07086961809642557 0.0933211542071912 0.0385137635694995 0.041512987321919555 0.026048555214971802 0.093457620528177 0.006993796875534599 0.03175716017180115 0.04495680878036588 0.06028831522415736
17 0.006198276598447818 0.0709005568207108 0.04320501363223083 0.05776088040064973 0.014137128556563143 0.015082751609758816 0.07994765902473634 0.05216819911629277 0.03440068178966522 0.009867176516931411 0.03701029616380782 0.08531636092261127 0.07056095905435154 0.0880758340188414 0.08500162916572487 0.04153789735738613 0.008997275093997866 0.07629894223065724 0.0662531588657915 0.0572793230608435
18 0.02816471877351771 0.021445748988086624 0.09887030236526624 0.060914037792165046 0.051868739098118864 0.06770561320550172 0.0683990074881843 0.09809422809470718 0.018772329970418427 0.09373851639311652 0.005876139877015657 0.014468106148700815 0.03535649781881906 0.0871789303069707 0.016316473532213067 0.04007023636472248 0.07491635985819153 0.02471067761213731 0.0724408911304931 0.020692445181653807
19 0.008242344059879931 0.08462691938519858 0.08469909773320271 0.08279005774718977 0.021880967616662042 0.0035963016605809993 0.09706026280760957 0.044881892793538894 0.06352403272683858 0.004519500447029236 0.032411383405796246 0.03888950201040457 0.06083468820582134 0.06637833036093553 0.03149623953530715 0.08124975555139975 0.09012536424023775 0.012184987224473086 0.02604027732592142 0.06456809516197284
20 0.01625718127474237 0.09292376827305118 0.08021676643623438 0.07683577962524035 0.07625714563520555 0.04961972603006494 0.060092243497884 0.08352479653955458 0.03464045489726275 0.004474329483083907 0.07924754365089562 0.052643232561928655 0.03264876394638063 0.07682809852573186 0.029326973525292177 0.04419647409067739 0.027730243183022477 0.03124571682259654 0.005511545245205457 0.0457792167559451
21 0.08369939908811987 0.004915888737480931 0.08280327871234905 0.06283848458569768 0.03858943977316978 0.0016485422719688418 0.051440013470919595 0.03435989388510723 0.035725237755261485 0.05663988317118782 0.07702339112470029 0.03687604072384462 0.07149430522168451 0.04598202451099292 0.008098060961849392 0.08055670274799845 0.08140241313883617 0.0761115378077385 0.059166987903181305 0.010628474407911603
22 0.00329925003249387 0.03226304213449939 0.04791057460079005 0.06039846089344238 0.09626533594152288 0.031610165329909914 0.064904154159241 0.04962677239781515 0.0828872042760096 0.001972537435531753 0.003413392667370253 0.06996383293555353 0.02171047810061913 0.09019052624536184 0.014775095740313679 0.08323689898652242 0.034985364885929744 0.0793035638080231 0.0584730191625835 0.07281033026646686
23 0.08758497852116394 0.03567265396441784 0.050867911202767936 0.01655148323768691 0.09300039358334977 0.026709107993905766 0.04077180361393708 0.047226629038814735 0.02517340964823818 0.04088764823595361 0.07516523392096751 0.022720125399655212 0.07867950292702945 0.04347570751109178 0.03201212033720122 0.015419804329294573 0.06541779307828664 0.06370693590457988 0.07827420870990255 0.06068254884175552
24 0.05305637875600206 0.08979331003160194 0.07224190120751064 0.06643680444111769 0.007126792722762694 0.06711427972396776 0.028422444202805843 0.09575000765231484 0.07290928395621732 0.05616248526915632 0.023602968574982685 0.03828754333839374 0.06939482116665051 0.052603492640279706 0.0028087779240005334 0.06116368210933889 0.04463249002051391 0.06601680591528393 0.025877529703286856 0.00659820064381208
25 0.07885713440647464 0.05114170656773483 0.08845156567780038 0.06295423185799891 0.03072026542874403 0.0835041076013217 0.0433396337393576 0.08572758377621047 0.061686973336461455 0.03668185068398465 0.003188507346905798 0.014444017095373338 0.07414525795569908 0.05816063484728805 0.028781699730940292 0.05089039682941214 0.06367470474251369 0.0008793420263385587 0.050312725493219974 0.03245766085622012
26 0.05907591967309485 0.05452415411344198 0.0890877199025834 0.034788921490410685 0.047276383580999705 0.09101816065542886 0.053734725611859345 0.05285745632030602 0.002155331686763869 0.04755813518551263 0.030743696265060082 0.06306137754918534 0.04425763368452283 0.02212494592899096 0.07069012928647032 0.015228528762122528 0.0722091872378117 0.005335881967436665 0.10034073357938499 0.04393097751861314
27 0.0575082876920167 0.04994124070993924 0.015735726222972733 0.06510265167434229 0.02910385386268334 0.08591261730753227 0.0847323908443522 0.015253325539567915 0.020534671231541027 0.03417867487881936 0.05211727059340339 0.04439868526929257 0.07904538515238718 0.08397607804941383 0.08587168649954365 0.025652873792482243 0.07511779099054872 0.011480115638606802 0.03469797226151411 0.04963870178904057
28 0.038318983570927986 0.07550611509232273 0.05154161500743903 0.08255327103542685 0.007830719441347942 0.019085040505411526 0.020611436721212673 0.07042872588261742 0.022099008752669444 0.053835585113996255 0.08781546634702356 0.08440889792103297 0.06795313568225463 0.026386650109187712 0.02296638888440923 0.04148968966016002 0.07046968838806998 0.04395888881321602 0.06979700208888166 0.042943690982392466
29 0.04709569400440706 0.003740608359484303 0.06245683637555796 0.0720942625554133 0.039598232187161714 0.0800675162918206 0.046630226828946526 0.05121102339168087 0.048367857494861555 0.02137823672763511 0.07744327384110722 0.031145312549581826 0.030289871048106837 0.02702857765251856 0.053466930202258074 0.0824299948733856 0.05140906339245508 0.048505957151829954 0.0695327100073468 0.056107815064441104
30 0.08725983361932449 0.03331366439844612 0.09474164934940595 0.04871772341179144 0.05662774443998724 0.09906752766501083 0.03233660468811589 0.07399382466397636 0.0010073633298191733 0.0071750909094637555 0.06997023732649188 0.026337458706787897 0.0034597539759038845 0.11365769111412237 0.11573236450268558 0.025971555835741133 0.02278532253515981 0.06518006898190494 0.006346412906960682 0.016318107638900792
31 0.013554648488061097 0.016279853485598787 0.02844065618822352 0.03735761593233261 0.061653122774454436 0.09814680772899546 0.10003718742286427 0.0036024297815917964 0.09695562037808665 0.08574494358066456 0.011514320955900015 0.088124927220596 0.06598671931310673 0.04446139804667414 0.03698023688487432 0.0007440285736526047 0.017623168867941845 0.000600558399471597 0.09847217029602415 0.09371958568088522
32 0.08490922846334246 0.07306158728945551 0.09258676740259818 0.06628941749597181 0.09234529480800216 0.0077702623569072815 0.02445876686954378 0.00382949174518607 0.01754236857290556 0.06907074469443494 0.05402097445411867 0.07877974711433436 0.04682894456390076 0.05554710574154934 0.025951524996516064 0.005009497311491656 0.05601170900823449 0.09323161189151175 0.038060905205250614 0.014694050014744477
33 0.05032992349921262 0.00581457693631647 0.04258654490824198 0.11891619243174563 0.018125714550795285 0.10393736228677727 0.09948578202839813 0.004281653473225074 0.02946924451214537 0.014377017797174752 0.029372405898301635 0.005507041157789767 0.12686109371998336 0.060529314030177916 0.006782190199046069 0.07644871964454891 0.03659783255330307 0.03977832260777084 0.08902687178827454 0.0417721959767712
34 0.08162308320454885 0.010512421943445779 0.07675962706472167 0.062477555843522846 0.010318205986264092 0.0652828504944946 0.08273986079968837 0.09715062583023078 0.01820751485812441 0.044022109811702445 0.09606584372075622 0.050122407557513085 0.08826826055939994 0.001956645828618535 0.01728231022361662 0.0246131295600207 0.06482175013904203 0.02022218004278953 0.05233534869738201 0.035218267834117384
35 0.07651491854825043 0.031786162925657814 0.0396216128883602 0.019493478309012584 0.03963993291675569 0.018941947193409296 0.09120237005455058 0.08282300188994607 0.024879318995893206 0.0644485988908365 0.08897338341034959 0.006028472455865532 0.028461529408981064 0.05982315077656058 0.05387951174366131 0.06577542950468843 0.018536631139216376 0.092523659974628 0.08630181669765673 0.010345072275720202
36 0.07846714534204037 0.06464571696351815 0.09457349860967723 0.08065396977801094 0.08955186568641664 0.04067376737520743 0.08502059727880187 0.06947932388966377 0.05816077228387075 0.03303964872056706 0.007636441503901902 0.008520372967741784 0.007662500984085879 0.06500342352503544 0.083817673531322 0.04979069675228604 0.02124057121152527 0.05508837901191666 0.004509450457419229 0.002464184126991428
37 0.0008198586281008183 0.02054014555939825 0.03743897425324358 0.061429944135482424 0.07136515075174121 0.0696041637231621 0.0031492101324077206 0.03554503037658513 0.051771992405452626 0.08268083198671285 0.09329692466855796 0.09012427216321953 0.055169406823033874 0.0017561519773788131 0.01615667499802017 0.0810114745010521 0.0860296330341001 0.09388972477220996 0.044905214088941735 0.003315221021198964
38 0.0830988060338575 0.03317522028999789 0.012270038095427259 0.07249698932716363 0.02398279779842016 0.005078739284455058 0.07942134803946553 0.10319074497943818 0.05066941759959017 0.09537222248585948 0.039510988337335774 0.08109402528522829 0.07207356469302356 0.007370280981166183 0.013684518437305797 0.012399494234604996 0.058238345725495265 0.09309236285327156 0.011745655740169815 0.05203443977872371
39 0.019485370586564042 0.07652378118538866 0.004061971903440403 0.052327198224995417 0.00039402805344800794 0.03969201997716391 0.06210202337433824 0.09232112152800621 0.07855416303085294 0.07255996877393547 0.020115539781768412 0.0737731480034974 0.010886077689385603 0.09386415699413159 0.007823568944971623 0.09072481702168335 0.01466698090358417 0.020623205370130803 0.08575655409350508 0.08374430455920878
40 0.04027997845075382 0.0255055288316769 0.05109502381634857 0.04660492354286742 0.054352672127130845 0.10421454269818282 0.06416272630618507 0.03900927940625352 0.08661847979488786 0.02870351681179911 0.005872574801694535 0.0018657608372992516 0.04994696718138631 0.05483937488520786 0.00271141168872398 0.009916108709899436 0.07622819565325382 0.11902412798667976 0.03854779536143307 0.10050101110833604
41 0.03020079137015863 0.04090963975292664 0.01717371459855899 0.07147543884309547 0.06534520889543506 0.06870794576792591 0.03313284698274397 0.07169614782228281 0.06655517756729064 0.00788980479537155 0.06260639734779068 0.06841644815011402 0.051141054069440015 0.04445247839579483 0.010831276679312163 0.020219517721967152 0.029795894111023537 0.08129758219889258 0.07364200967399723 0.0845106252558781
42 0.06368337086329354 0.07445825676101889 0.021979026272690425 0.02038844335569423 0.04580283519854973 0.07006336173994389 0.015267349420668316 0.0064331161358215745 0.06907676428747177 0.06030997594987556 0.07114865815317176 0.08743563499318802 0.008087332055693562 0.02696786879041942 0.04507326192981752 0.0737536447215561 0.012159927369834681 0.09146570660093437 0.07987435120800034 0.05657111419235617
43 0.03630618573134791 0.06397311442868282 0.05776812668106038 0.06208368889405701 0.07357326446679188 0.054660723569388135 0.06796927453787578 0.034872791677507065 0.01842271387092531 0.01199798263551095 0.06156983714997128 0.06643937353571455 0.0935172921557609 0.06912617046346141 0.05113241432112415 0.05585584069440687 0.03530312984079315 0.03084367219054331 0.004884765694632696 0.04969963746044452
44 0.02321104562983131 0.03534262065875937 0.00870587387163245 0.04980381190924154 0.07982827285960489 0.07660386107007444 0.056117927749377794 0.036190841755063374 0.08573363470934026 0.07160340663223407 0.027496592948279316 0.03377591600014817 0.009793715900449295 0.015105261119005564 0.08256536487676833 0.0749518826235463 0.10463541845365913 0.012014458441463552 0.06396572216894301 0.052554370622577826
45 0.07589414186925017 0.054116837308928765 0.013233025740518774 0.06853175132723 0.05785476447642034 0.06506630728583751 0.02114568076994371 0.030259658189823353 0.06834455734823937 0.05178942843079099 0.056809501609291 0.07091297865197545 0.06993541678282876 0.058453783065882156 0.04818332566986819 0.0012679931022059612 0.031718365953812756 0.06834092880669126 0.04827726445473315 0.039864289155728136
46 0.04201182418618577 0.0901100645749934 0.06189493005885772 0.05664117264097848 0.008850059642012735 0.004107037568923738 0.05655991337528104 0.06014623341804757 0.0890404707252652 0.0713465155432788 0.0424166484398106 0.00281797064502911 0.039129738316485876 0.06988701482964758 0.03300272151477088 0.07485087844470113 0.07678799377527003 0.033621004789731214 0.01390951065783014 0.0728682968528991
47 0.028149669599088066 0.08427620750124816 0.030374185474937986 0.0935990600029569 0.017721780605720695 0.014257993964435655 0.04423245209548547 0.06928151033196032 0.09499009066359496 0.05464885118481578 0.06946409566436577 0.021745146291980027 0.02662468843698173 0.012534691372629076 0.0938250534004849 0.050197913062874557 0.07701507442611351 0.05782520513827944 0.026181971912869136 0.033054358869177985
48 0.09653799918994604 0.01628301010720082 0.02454569865360287 0.024354868749203226 0.09220229051434925 0.10606085055929046 0.1030747314344499 0.021615787227300984 0.018730332011448744 0.0005764578193040167 0.012947019755236483 0.0530474156882794 0.077590522353556 0.01003032873821859 0.08935764239123924 0.07920497559393665 0.04673720076968834 0.0015320662775870548 0.060462750216574344 0.06510805194958752
49 0.07907826262392903 0.0997321010268504 0.03896941983928807 0.05779603986618071 0.028197804110680114 0.00637156504723847 0.05746064576842379 0.051473098791203785 0.09882626827048167 0.10129305523104273 0.05311713013072548 0.04098009373734218 0.00043034738879764076 0.012047474389256935 0.03874895169797927 0.015285386722949582 0.011106857612704302 0.02839482973573668 0.08531992094229271 0.0953707470668963