0 0.014388811008854632 0.012616564213176628 0.05217440738356996 0.06896045899599731 0.0897301036295688 0.059700121282608695 0.08487959489062333 0.05840759258127176 0.04300223263625894 0.022221249551296802 0.08803172906792692 0.0586225369323114 0.02453449987155852 0.0006854324078394153 0.027081909604698005 0.10780480216048251 0.06222650030751079 0.007435043993132956 0.07727034561449188 0.04022606386682079
1 0.0343583806922306 0.0552815994451585 0.028655938765029965 0.049824298980938854 0.024407929326460936 0.0774130663895785 0.02351610381968096 0.08632647817494712 0.09359769640308041 0.04559429609852078 0.0681270765851528 0.0013277408425300934 0.08189946259057648 0.06966124947723465 0.05803286351584687 0.0020520242113783284 0.08437506298912692 0.0017971877570075957 0.04385429443806171 0.06989724949745801
2 0.004229216987837064 0.058287637241441516 0.048473737378109456 0.08826054742176732 0.08642030554486892 0.07677074620528113 0.0694081006397585 0.035272411567523546 0.03937914403595682 0.08315142923921766 0.0019758540047571664 0.015036463782530598 0.08100146212712672 0.08779691366729897 0.0032596867075245133 0.06316300411636962 0.03747618054652162 0.047154823860875654 0.00999642652588093 0.06348590839935245
3 0.0942960087098556 0.0957287853458071 0.021204936285622422 0.07404435699182232 0.002439684426638192 0.03242437169937833 0.028847975034279962 0.06990117956250595 0.0005797548886814984 0.05218956792189433 0.037111111235105146 0.017458985220028464 0.017144196960963014 0.048772622793363085 0.04875785044991724 0.06980150456529667 0.11752957971517931 0.012104410791493497 0.040545723156863736 0.11911739424530406
4 0.012380794624309492 0.09174533111959994 0.05506190369690891 0.0009194673849891021 0.01817058623331621 0.04606083633795266 0.08488872782645297 0.04762359938294496 0.08082254735563668 0.05876131091697102 0.038509835222816154 0.04977686066254478 0.0012245915224524454 0.050543931561057326 0.03969664781241221 0.0024823208817759948 0.08843743372450466 0.058112130367807706 0.0877539402386789 0.08702720312686771
5 0.10692918772072758 0.07360086067617191 0.005776744930812313 0.023672983249965498 0.005582920776724896 0.013179679986896125 0.10738168921558662 0.0185940437198157 0.0813039803868938 0.03975511577698748 0.07593880167886412 0.027959290991612394 0.05937333302335335 0.04890948289168086 0.04309412233446506 0.016749381884700612 0.09634365872520086 0.0718381557357825 0.0009742513394457829 0.08304231495431239
6 0.08250895120629494 0.03856363024135449 0.07930959730322035 0.036483588509123865 0.055804042176215415 0.07036898337463428 0.024157600883143768 0.0007458483868148146 0.07023695737891593 0.05926803122343426 0.03112885687226511 0.0023849402133068504 0.004873834246417743 0.04398226012723302 0.08062387157942139 0.04970981280374287 0.05943191017740599 0.08250488647752877 0.046335332318076496 0.08157706450144968
7 0.05709911029282835 0.01608930322448559 0.06469526988219983 0.0394952278321724 0.03650001012037873 0.008874449238502728 0.06177661498438868 0.053520928013540574 0.05640030492892331 0.06813562101808505 0.01929323487547164 0.07008158459653534 0.016342819324582446 0.06852932149224107 0.06734362676496491 0.05796673052494095 0.06453419542570836 0.04087558578423125 0.06088472890895888 0.07156133276686
8 0.02591970251093443 0.017620981526147713 0.08927719763207569 0.08952428127188011 0.08306069608022333 0.04561125960408497 0.028056413905336596 0.07656206651693957 0.07471419606222023 0.01742065045235251 0.01192043869115445 0.08073023059401144 0.025514356090355548 0.02509698117011785 0.09153505402477113 0.04038328223180564 0.005121655387622982 0.05793700030258364 0.08830787679165769 0.025685679153724342
9 0.041171446061563234 0.054858980238706063 0.0008885914684081584 0.0816580168649464 0.07533325857242407 0.056855309301515 0.0045649466905886595 0.08352173157993845 0.08911780776817996 0.09895826757298005 0.11124208745153283 0.01326907751734126 0.06151097175394107 0.007918736338758026 0.016642972756119725 0.05377298371421872 0.0928264890844667 0.029399365042038685 0.013806512267248956 0.01268244795508414
10 0.01478256235944637 0.049932091082845784 0.08837215883836662 0.081185806396837 0.001296516240448633 0.05773290132877566 0.0590885040263799 0.07270595320155324 0.07344379743735349 0.02376201828386056 0.090715293591294 0.03133237815863381 0.05951621380733072 0.014755190726172013 0.054699031396969904 0.011326238163327479 0.07383022386960365 0.08604106132227078 0.010692409316000216 0.04478965045253045
11 0.06861789546207175 0.05451772168994678 0.07505431617244068 0.07421598645665958 0.026570914213105635 0.0629499862128949 0.07450471930245033 0.047208444513655655 0.010652553841247974 0.034056972065189386 0.0032523681318974242 0.02179728164257128 0.004910471296188429 0.06613919801185453 0.06278490911570603 0.06740068869490183 0.06592652010941953 0.052987602403447555 0.05276505355596669 0.07368639710838402
12 0.08198225699296341 0.06041682290512552 0.06348164523454432 0.029440419385556367 0.08208032689879056 0.005865626378992998 0.038717734343286285 0.029249050157064797 0.0499006524302472 0.044614153397510986 0.04173167392853387 0.08838630385478513 0.03274993157847472 0.05446143272725243 0.08706556583522466 0.01619030526010025 0.005280761089328392 0.07620800339636047 0.0504951463265594 0.061682187879298106
13 0.06333938774647908 0.0672194128569082 0.0946183645955755 0.0899111184263874 0.04225645508546233 0.03773509182916235 0.08194852739254298 0.08271893501521528 0.025860382095055975 0.03477993809079488 0.07825789565251398 0.006040247525107767 0.011071227084128185 0.02608001503457082 0.02135954309299481 0.09284870734546034 0.08762773331204482 0.01845039325643485 0.0024471100020109693 0.03542951456114967
14 0.025788327184923243 0.0674637112391935 0.03163681857237453 0.05009303676192719 0.0790409497574134 0.08961943901070958 0.07195571293622195 0.013149550572565113 0.08903740307853822 0.039236331922759424 0.005417364273692741 0.06896082043033011 0.052084721866956514 0.03658243954329873 0.0008667072294860751 0.08120045442903788 0.05860313729447565 0.025957563842510804 0.034701813328490975 0.07860369672509457
15 0.0798260459685295 0.03506527124740146 0.017145349179447416 0.0033396398218758045 0.10339415959530479 0.031472723414376916 0.030885651697777357 0.023399397309923832 0.061591920276687036 0.05036799400728478 0.01604377939864068 0.07192800316858491 0.04159483048864563 0.08676630663233038 0.059440274918841 0.03491844673566759 0.10917147773690108 0.13301957556248872 0.0022143797222026955 0.008414773117088506
16 0.006018589227455067 0.06399646770786889 0.044428649133044805 0.048866327017313985 0.055615670427330496 0.031478883903431946 0.0061856564489489955 0.11195783679279411 0.024102791166821846 0.0738255336887219 0.11218090485094889 0.0032237650822163236 0.02528120591139422 0.08454126874627131 0.06283405498983012 0.04643348378967059 0.06208102929405084 0.06259985687072817 0.0459051872686936 0.028442837682464188
17 0.07550603541558444 0.038516472559429936 0.00658743513377869 0.021394440857366085 0.01751693798649657 0.028020413722363597 0.10063283613840017 0.09993807693991237 0.0510867950602252 0.00828639263952725 0.09481279405486961 0.026941578362058415 0.060680315632600186 0.08113107683342344 0.09450793514638349 0.013155933213278752 0.05433734714591644 0.010915713827713556 0.06738579003169172 0.04864567929898013
18 0.0648937300185027 0.08052648674999524 0.04231947462823256 0.049186921776690075 0.04185016463612544 0.03004893686305173 0.0070236877826534245 0.01942854485427109 0.07716370669932145 0.026447947632841248 0.057880698076687734 0.07472239779633248 0.04083455512550616 0.054523097440719134 0.051107979148085715 0.07044980623724137 0.05301864709663252 0.07776080344333594 0.031043023253779656 0.04976939073999456
19 0.03936028222385142 0.05590235445901268 0.09234740122221603 0.09528962458361168 0.007539889409799663 0.030263878982660627 0.009236644221472228 0.010543197262415734 0.06954001758729283 0.004641290413024698 0.07715298476152863 0.0763459335058816 0.09526878626630371 0.07002033794788984 0.040291005806543545 0.07247611303326726 0.020276970442665666 0.09499633274754307 0.020186785398135607 0.01832016972488352
20 0.05205916622642219 0.02707612920702217 0.07757267198713129 0.005537859970461405 0.08495309513930975 0.04314010077829614 0.04738286377664974 0.02525899878729841 0.05969008892509548 0.01909541529396415 0.007942784851483699 0.06524841842190154 0.09461301083710501 0.018664703794267403 0.023113569093135052 0.00876604101318269 0.10561324652727583 0.0637733924472832 0.08351946949392794 0.08697897342878697
21 0.09781511795531715 0.06933477980454585 0.06520398509193075 0.10572159829877902 0.1051432919337158 0.021374222394209722 0.05064893302999705 0.045006582833619094 0.015903637443618685 0.0021004367095989757 0.037650678100295 0.012896169112511827 0.023012123103675158 0.025830358066837353 0.07758468731002376 0.05551245852326987 0.03384463419088747 0.07517715605352915 0.010548879410694921 0.0696902706329435
22 0.09002004151948748 0.015161519251135708 0.017972336487073092 0.09532184470378983 0.035741840717813236 0.01928273900735278 0.07205854422578166 0.01813135407327466 0.05197781053514046 0.006035476958585617 0.07294067423577398 0.06313122397120756 0.09059918631230855 0.06252078681699301 0.056020814040838564 0.05744626367725149 0.08277262217696818 0.04306229511820041 0.037879991615914994 0.011922634555108712
23 0.054952251216599364 0.06075135279843545 0.05527849091128321 0.08282192451744508 0.03377163090856148 0.021982457744678465 0.08362554786058826 0.11405388995010189 0.03347792257349566 0.04315703177746126 0.05699588092936673 0.04120799036216799 0.017011514152968813 0.051182086415625494 0.03133516123912638 0.0399828210887462 0.10313970968510192 0.04879324062399389 0.01739692396384997 0.009082171280402496
24 0.09082376644157734 0.01887067772891257 0.08428611335031513 0.03838697113568608 0.07449539414617744 0.04868529423072594 0.08357227009327217 0.00581860244994258 0.04199349711027636 0.0768448940161453 0.0819288566775014 0.037082164466869794 0.0539788609080636 0.01776391277648541 0.02423487016326804 0.0026690369045841147 0.10417190547973457 0.01565816708598863 0.06407746795302623 0.03465727688144731
25 0.09972919017509924 0.07816669621436101 0.021323335241537185 0.08467023898642151 0.037894558455387035 0.09780978502624452 0.030123957540410713 0.008664097598505826 0.019682660453737188 0.05699911151631994 0.05963552808312044 0.011999999141248427 0.041123211566337775 0.01042615377553723 0.07308816291239333 0.012484561192635388 0.05744537045092489 0.04685589934614186 0.09121664577817716 0.06066083654545929
26 0.06526546591867409 0.08371619193327592 0.007704145017822535 0.05721554615765008 0.030699965525903105 0.07530303809522233 0.09189229448456211 0.03714442583756279 0.041801679069883885 0.10132374930464826 0.002332343700935678 0.02520869171581878 0.012014193899723219 0.02943236729206765 0.07479823387398889 0.033404749597864936 0.0912269525025913 0.02864100934301254 0.009499544679537755 0.10137541204925404
27 0.04941560851123462 0.005517048497558677 0.04737430006868526 0.007149150177908892 0.013712693157844444 0.04483473773147933 0.02133208236412858 0.08208208920001132 0.04483094410501484 0.010073749284643125 0.10638682786575891 0.10807363346434964 0.08791077439792885 0.06785181590844717 0.0473725246056071 0.07148835871514297 0.01693426396421547 0.011341410156360466 0.05700963735573349 0.09930835046794667
28 0.04853273951021049 0.01245468756668785 0.11340193594811168 0.09210651715512497 0.08939395383301632 0.01021959105523499 0.02818724491608387 0.010655645303270312 0.004838576558388019 0.05849043180219084 0.08266144808215058 0.03464030026187972 0.11807441282202867 0.07056014550083066 0.013194544294760526 0.01838100260311713 0.019315844399756005 0.0419185901686382 0.11853626874912856 0.014436119469390628
29 0.02932312999268236 0.0918622780846529 0.047595821965280324 0.058012050439614896 0.09445234317918551 0.018704251536973304 0.08718669408916536 0.06690013108690943 0.026202553887674847 0.046319125796553846 0.013603560298263246 0.09523982163918768 0.055808052911523146 0.030220010944841565 0.03945118210694972 0.013311533197947627 0.06106777068686793 0.04087188501126033 0.056064962858967594 0.02780284028549819
30 0.043600352630580534 0.039531846550569044 0.07408706176055331 0.06098956015182115 0.05735422329384464 0.01611178963728673 0.06360320893047966 0.07246733901133981 0.03396041835947767 0.08133268741090773 0.00882915108237469 0.08018325124064858 0.0029411588193779315 0.08386549889784842 0.07116361914530445 0.042912974958552834 0.05031862430459533 0.07376985446473538 0.019626181830030398 0.023351197519671442
31 0.04697809799765139 0.01588665227124526 0.04723480590269377 0.06993762071626847 0.0070467813388569184 0.05782502881127196 0.07775662522663122 0.0816238224940515 0.07714186100347023 0.05658654385801331 0.008330690213342032 0.01379812654494884 0.05046128577486575 0.05018137392586243 0.06601492958768669 0.030441418033461974 0.05499814585262793 0.06105145485420006 0.08220930467500037 0.04449543091784987
32 0.0832409425807358 0.036701970062988816 0.08050385994553569 0.04000339908944384 0.08867308650951645 0.0492590450785316 0.08971628037423947 0.0396956439260883 0.04181919825726022 0.03191536869549378 0.0027262034107875055 0.037525585549502194 0.02518656030897762 0.046876562287888814 0.035749672245625315 0.07180465683238875 0.0013868702409834649 0.06874681653914698 0.03763594278824614 0.09083233527661931
33 0.015002501763000203 0.049097484861372616 0.09344226240751978 0.055159523872267004 0.07889049444586446 0.019485290134764223 0.005778177067666015 0.05838349511901415 0.09196494585927895 0.04860752750807643 0.08889334804656601 0.03650844746906416 0.05469511196104597 0.003697141239136024 0.06990902142657904 0.06956340645430656 0.04076219770882922 0.03678249482670006 0.05611934907243616 0.02725777875651293
34 0.05373975013672371 0.03529775840638789 0.01615666769591806 0.03199367397432932 0.05652548537416463 0.020388698440989887 0.04294580204725982 0.06229713432559228 0.013889368702424115 0.059967301078731106 0.0556093405371188 0.06254660540852693 0.03887170261433033 0.030746221123460166 0.03368289965566851 0.08378405788543855 0.059975047228906765 0.07513396595666706 0.07023053371247914 0.09621798569488306
35 0.06523852280755253 0.07180484888782501 0.09553854987515314 0.06021878455785595 0.00446925851138951 0.07587045487376196 0.01671841792448474 0.06291863638819947 0.01007182799041093 0.0346084856486697 0.04047538282984169 0.10074878483411488 0.02674195849140986 0.051096794046930315 0.00737031546798439 0.015571803035023766 0.0440537138076888 0.04707510493060216 0.1031492429905163 0.06625911210058474
36 0.07455627447797776 0.07952371246824338 0.05948933653507574 0.08857998923258419 0.004550786402482242 0.024401298068532355 0.08233892856099678 0.020243047691748083 0.07648428378512591 0.010479910637906886 0.05728687778904046 0.005659491154969834 0.08844699021933948 0.026004926734804232 0.05033839720218972 0.025998033760287524 0.03278261788103723 0.08472236383212264 0.02194321875077525 0.08616951481476036
37 0.03712724931333599 0.012267079158354264 0.08590636729797392 0.05952717033528088 0.0056686210380356115 0.0656808733563809 0.049806774431029086 0.0683988751099824 0.015479737584971525 0.04017546811406312 0.08656662051691066 0.04265803054667673 0.06747807836685307 0.08733286499122422 0.048814251931990814 0.07858797168371995 0.05004405565931559 0.037728775358636765 0.04433298034476863 0.016418154860495807
38 0.05855021447871846 0.05169654132534499 0.09203092397643198 0.011572243249080603 0.08987775395685291 0.00047827261647107294 0.07893020092944161 0.06884061348581645 0.07517657446612343 0.033917248986023225 0.054527716084998124 0.016418475363039888 0.05691390446105145 0.04775038808657768 0.02200722836310619 0.020766120392796322 0.08558870750897568 0.04288404364872224 0.04166695121904862 0.05040587740137904
39 0.015666813231346582 0.07186216674460041 0.04654994262055582 0.07148047189072311 0.01864993745107087 0.018500734783820416 0.050832708449020415 0.047512400071063964 0.032243946088519264 0.041996854451559595 0.06485247145736252 0.09392133285722414 0.0515299753051494 0.01002942588616898 0.00875596878942528 0.09613861713500678 0.06417875773967135 0.09250672780833813 0.08591655172371053 0.016874195515662587
40 0.018910313491682026 0.09645996099340766 0.006632702886055412 0.07038536093038157 0.0032963353771149496 0.07342467475310184 0.043657486696046084 0.02217326605591724 0.033171681871604054 0.08888760784971592 0.09885639498947646 0.0013629834941349336 0.04759345324055414 0.1055036793450199 0.07254016714163597 0.015070484696445266 0.07735853053932282 0.03537050463318655 0.014314853587530848 0.0750295574276662
41 0.08498486505073252 0.02960985098650458 0.04613325116779708 0.09085568695662258 0.002526842540624249 0.09794533097456386 0.04294656651843795 0.009839611751484033 0.08143383236562036 0.018466682715159555 0.06844989591988808 0.013666038450799669 0.03288994608875193 0.025984075433794853 0.07195617333154238 0.11353370567080508 0.03186074045816008 0.020087622598049578 0.02727132130536686 0.08955795971529452
42 0.030879887328242765 0.025150533213387234 0.018035211142639253 0.008172593858315789 0.022654417328134956 0.018673383946794596 0.05921413861495341 0.0735777889385482 0.010418568888388397 0.04622862395382881 0.03917651366462651 0.08851728975252014 0.04547466374399476 0.09550831470991622 0.04543050187360956 0.08948361331885724 0.039357055838662384 0.09175593868519608 0.06278460365967523 0.08950635753970858
43 0.09849406083185136 0.11488647607272558 0.022790705887769363 0.04739022189869048 0.06734900600498232 0.008148795878774722 0.056686783680037385 0.008588596482110383 0.010204589601866473 0.06273054115569102 0.023670591808717306 0.0003467977317239048 0.06863426904606174 0.0613742952751379 0.0028352736876590457 0.02297284557306311 0.10393731295571887 0.08892791523013195 0.06003374763386113 0.06999717356342607
44 0.036122721776629556 0.048038921425293576 0.03077271220650885 0.08368743558951572 0.0779758882172282 0.048983974295360694 0.017794443326615034 0.07727742055726644 0.024057058017769258 0.05532278433541353 0.0658145975591884 0.01662131445493077 0.039251508744359 0.06860754656286175 0.06365293523704532 0.020358437666762697 0.0732177137713834 0.03863996545647907 0.07020618092991916 0.04359643986946951
45 0.031221974939427338 0.037699213577465376 0.05857587578868828 0.10130826040117669 0.09911307637451931 0.02309720237249123 0.032748766590010095 0.09361385775383899 0.058387390552189826 0.10608712462719543 0.028748757665468902 0.032814361979677624 0.07970695829203231 0.027883190957112083 0.04298086189144531 0.005523989842803744 0.044226126574104324 0.016454403600563945 0.05816352688199868 0.021645079337790477
46 0.11224421773778463 0.034824679357208836 0.041848481064040086 0.0269644224897055 0.029144674950754894 0.04614712968348208 0.012889033039492513 0.10653404592208371 0.014301327248505757 0.12784824406051568 0.04459404875049137 0.0043229510200587015 0.08670988992029864 0.007601880184677272 0.07667070667614873 0.08717535624812242 9.994506986176223e-05 0.08155730752883761 0.020563458256142333 0.03795820079178754
47 0.007745905133104829 0.08929819397831851 0.02831634682477327 0.02467506245834196 0.014965121436231656 0.10173294660461772 0.0526751995099308 0.06516591834295539 0.058594298675640456 0.08497726268088797 0.04094978564112758 0.030090486545763285 0.0645635072166514 0.020651935168416444 0.09798559609510626 0.014141545351168095 0.005244458563153424 0.07229849274554598 0.025459706844316855 0.10046823018394813
48 0.055043464342382845 0.05598123601593832 0.059244947295122044 0.04972217163344695 0.07363290772022896 0.06027253659535999 0.02514103876376041 0.06297522199898094 0.020155691260192204 0.05300477897636365 0.08588785814663871 0.04310805839637988 0.05032365672526964 0.018778620791338595 0.08227756915834904 0.012737004591368962 0.070537850026824 0.06195761529017904 0.0446376423306317 0.014580129941244099
49 0.04811420518711339 0.059967644801431665 0.06987572271849839 0.028893689183860052 0.016870922097657642 0.08423469922963733 0.07242771907645923 0.05297792404403693 0.05985471734300955 0.07642073622338354 0.07480639242057836 0.05519542337461393 0.016177834209151754 0.00705376506965595 0.020779725688533538 0.05892341111272951 0.07323090712196458 0.02695725418936883 0.027998820240271793 0.06923848666804408