0 0.039746465879602795 0.0720249895354838 0.07463225756727448 0.019045622069977397 0.06668459438525087 0.008586777644673159 0.0603757066590578 0.037002544062293696 0.013160758321392347 0.06946445322359204 0.05552657783557933 0.01995542776873373 0.06411467964072094 0.045730136647732636 0.06761057472993656 0.07185544163344249 0.07226313162100818 0.04250776751553574 0.013266071460008987 0.08644602179870309
1 0.060705138336963935 0.003456460598606701 0.08263061183482943 0.005007594487764933 0.0942515686976235 0.08414375703437685 0.04688212378865263 0.04282004266923213 0.0301818828804439 0.030739602121968274 0.031788117520724066 0.08407767654084548 0.010546692079182228 0.09578134120778574 0.04453892547854441 0.0546261818447086 0.0741072072394245 0.07218897702385733 0.03207487086751568 0.019451227746949958
2 0.03227523100909343 0.003666303471929128 0.04945463949069999 0.05450725409910903 0.08589299068372526 0.0342252906046576 0.08003217621918711 0.05870985083902977 0.009681798643501265 0.04047148194218816 0.01806287178786054 0.04050097154217428 0.029174833359715522 0.06929687081927137 0.032388144528366 0.06439228028353505 0.06032671900728874 0.08162580948390594 0.08281039513919257 0.07250408704556939
3 0.09426081061889227 0.10033165341482057 0.05793936290003546 0.07838232301598586 0.06214889401883088 0.03587577593826585 0.054038866189859314 0.014049841454971543 0.0988439755180436 0.0036289479972460886 0.0068113650212948875 0.05792971918238102 0.009524379435368083 0.020790174203023263 0.017700984082053298 0.03270034481894036 0.07348560198947023 0.024969367307563585 0.06197474367216573 0.0946128692207881
4 0.018603149591784284 0.00021632969299662495 0.058945577115556876 0.09234960856400343 0.058891813398935115 0.0689676195114893 0.07822229762495543 0.06363734961536098 0.014225264810788242 0.06572554252176707 0.07225241794133652 0.0947667899928748 0.025077124363999212 0.06483084288624076 0.005252739095878136 0.06492085719945956 0.046446996273931236 0.01936434369866867 0.07547015403735512 0.011833182062618835
5 0.09245580785935534 0.014255931899796978 0.06307101424518474 0.012546459927491716 0.09733881398467498 0.0030780021316427044 0.003115861016083127 0.07133722254126165 0.04805942366645687 0.016540950126473563 0.09053169932376014 0.014679015008267975 0.0081800014338572 0.0879614721072011 0.03759628901158108 0.0774683291898652 0.07068910067478122 0.09717096649316902 0.0871141562680335 0.006809483091061952
6 0.05565931159868976 0.08208114349319959 0.008779292970353708 0.0939531628239671 0.018682391308307057 0.03218009572961573 0.07629002502173501 0.024890165396643397 0.022376477305682936 0.06544953006109684 0.07054960901109117 0.004253485902608801 0.059930706953497316 0.062188591492117876 0.053907131695499516 0.026550439293137322 0.09029296859225569 0.06343141650764338 0.0885380111091046 1.6043733753269602e-05
7 0.0446785656842145 0.05853170701166433 0.05696694605420862 0.024262769788912918 0.06050094318604076 0.00017493389245013652 0.08934548989257439 0.046346989468356456 0.0019799562276516286 0.048709103608192104 0.08260651522912286 0.028785362591759754 0.06861656208033654 0.06492815159300164 0.05867333096026889 0.05456847771470229 0.057296896321214964 0.052439012971566605 0.04778241464977983 0.05280587107398083
8 0.07694290062507468 0.10140729503513946 0.041272005953598215 0.04143048436755423 0.00018601002330030758 0.03010283461557482 0.0778443511159421 0.02813531853537048 0.061632062364641645 0.05063547609304347 0.006537044991998864 0.004483367597363332 0.017443891717741352 0.039324243385744764 0.09540262157525807 0.04864428920371046 0.08629503256032925 0.048613619433938535 0.09294302591151883 0.05072412489315692
9 0.013432258949867154 0.08772430202812796 0.05794583816311093 0.07644238843716548 0.09681035548221491 0.055782247085842195 0.041455968730412913 0.021021002403355356 0.010292369167446245 0.07750583973118291 0.07513349510699444 0.035900126157645255 0.015486515074484581 0.07411093822725157 0.03492157467974616 0.03611221093932978 0.0038925868862599218 0.0037746591547581144 0.09788493200619043 0.08437039158861362
10 0.053590705666523776 0.01433907117752292 0.0227002559975692 0.03780303409138371 0.024267209820567903 0.10562767940587724 0.026085784100817626 0.04543592611716742 0.09050877443983685 0.07714717286091344 0.05052944896728178 0.0843122936763662 0.10001110896896542 0.0013290914454566149 0.01849284681224709 0.0321188869194897 0.01087647347140717 0.0035061994867430822 0.10311282300944317 0.09820521356441964
11 0.011839300355273086 0.07419511928914557 0.0994016985418271 0.042935710628099484 0.03215795931901589 0.05479506863035122 0.008634615854567712 0.03206931488509073 0.0014062444171537498 0.07942765944716797 0.05402801595596424 0.1008648890787953 0.0317459848737572 0.07519055254528328 0.019581003084137197 0.07231728291063627 0.060548312667046834 0.03199553904768413 0.058019736051668255 0.05884599241733478
12 0.02194839253805864 0.030020990470823437 0.04265113101516719 0.09187646090662649 0.07640740469653219 0.02418138352647214 0.07569789897410398 0.08607212874209552 0.0587050040951229 0.04579968915619988 0.04285848299031257 0.03654954973683227 0.04150899022983191 0.025564364561209522 0.019807176631013987 0.08794007506411805 0.0700495655795429 0.03437575644334891 0.016000907592668714 0.07198464704991894
13 0.055315612983384534 0.04370702712765221 0.022769720143464605 0.018603240594539217 0.04910825447459717 0.06175484981198161 0.0444609422410299 0.029486733212565636 0.06263330972310611 0.09373590285373411 0.06387548169482925 0.08611684631785771 0.05956839183930345 0.06481589987228076 0.06396497860341169 0.03269632426778845 0.023225652996895278 0.02720094893389667 0.06522765689513328 0.03173222541254818
14 0.028580211494259565 0.08395914012277826 0.009236082554970075 0.06334867744221272 0.08252888551039338 0.056350046308119184 0.02123849226604438 0.05573306448114278 0.011878857648699939 0.07299567114440632 0.06700375939016735 0.059347897437676954 0.08650397152391794 0.04855625991446711 0.011225770856094297 0.08023423460602279 0.03853946466982718 0.05290800989394479 0.031973275727456 0.03785822700739892
15 0.043349096819361096 0.024520994099920708 0.021149603557813736 0.07160771274863982 0.09245134530623407 0.03690899643652455 0.013672297438705832 0.08832162188303035 0.030580347742462554 0.06686284685566804 0.0028808228204755325 0.018885081771975554 0.0984403660269948 0.10949163277848437 0.09887542771412772 0.052513162812406054 0.04172229172691683 0.0230313408515767 0.023314953233029456 0.04142005737565222
16 0.05925188285371265 0.00457614208377318 0.051218923175238844 0.08439990575432499 0.07145876139572002 0.024295070904674646 0.07871798513969597 0.011363991137876863 0.020594534915580748 0.06760624620072146 0.03939188340796723 0.08608749465907045 0.07517556580380612 0.03776306296336296 0.019485483223274536 0.08096235564915193 0.05754218500802157 0.024720674458925184 0.017155874495817115 0.08823197676928368
17 0.05468418920701861 0.09401332333205244 0.03540372511660597 0.03766081191038912 0.067100038834549 0.013701564191037194 0.051444421069034074 0.08642514952513948 0.01579783066286042 0.040954514175804035 0.013137883736873331 0.0578316263892854 0.011093645587353974 0.06931672642104984 0.09221671044756254 0.035247928267246244 0.042970712891219745 0.10753386669967174 0.05130231277814237 0.022163018757104313
18 0.0924446523334408 0.034389098936098095 0.06366461568594617 0.08782632591152377 0.0054544830326829045 0.07707790967015075 0.07131571245295083 0.09427986593257628 0.0020078530926362884 0.004499160971615921 0.018725274546770743 0.044768152224984516 0.10477118115497165 0.044142728985308056 0.034204763449227606 0.062006792794536 0.048223253764798246 0.042865802145733004 0.023988354547614547 0.04334401836643382
19 0.02199488423604426 0.0784500969295021 0.0524492055778229 0.019998803975292207 0.06975604238758912 0.04096566780543658 0.09321007588298814 0.07532358630739995 0.023979416859601633 0.02237450956852486 0.07667015498109418 0.09200425194077316 0.06115384884385263 0.06751321828038721 0.0008072107022983507 0.060465512930521416 0.058235781920161045 0.022466273877915346 0.02499323361466121 0.037188223378133704
20 0.04752477084472629 0.008319820106311106 0.03331144826502465 0.050758396084329194 0.019804662657840845 0.035086852238825995 0.07508860068337293 0.08299046110289748 0.09276392669572661 0.06856330615528856 0.05980480744765361 0.09402853465940018 0.0935610725274306 0.02473560485723222 0.0367385542529611 0.031014601318525545 0.014771846159372045 0.015106390062696939 0.04234439862764213 0.073681945252742
21 0.009047963453048235 0.05523680253540663 0.013930038323439602 0.07328497635722969 0.05377945615084293 0.05795596523796051 0.0032367110767861267 0.03979365040032025 0.08244407515191289 0.08684472087756441 0.08331391534652305 0.06691927397856029 0.06291517978383189 0.06694297059565686 0.024136500433134634 0.07955920293058524 0.01669767768754323 0.04850684582320745 0.025819825916074325 0.049634247940371454
22 0.027318117825415725 0.010771360140228217 0.07259850492567242 0.03970133200165801 0.03485259855323606 0.04934383991113871 0.048214153026820424 0.08199390421242453 0.02007890790270331 0.01729028795147407 0.048618734067052166 0.03381177475956805 0.06684690630308456 0.11018630532133328 0.10042401577922408 0.0020306911644915005 0.1033559946910503 0.009529042027183483 0.08464356901052512 0.03838996042571608
23 0.03252572271936955 0.03757762207087442 0.012658559248823368 0.04533713610754791 0.10517002436286604 0.09893635187010398 0.08756273267537062 0.01363412868524385 0.06841933471856308 0.048991815560469415 0.01763430541526232 0.07258732163081012 0.10002694116880854 0.0077538944504384295 0.013130157846307616 0.0410248506679553 0.023729737043293828 0.06430257461092719 0.0629512623629063 0.04604552678405821
24 0.022670621286662404 0.09320693650862343 0.05383717814656493 0.0070396959794016565 0.08330899877065735 0.073751143447554 0.000511048360518159 0.07340090917685548 0.04365691327488688 0.0654089200766087 0.04037732472991955 0.03803712627460735 0.06810293191984307 0.1077437248208224 0.043596389480838146 0.02239231217775563 0.06807932700691259 0.016193320069828515 0.018327896314558927 0.06035728217658069
25 0.013847894878866682 0.0744423854137124 0.037143443223766774 0.07392842336659035 0.04725558641515156 0.029155547694783675 0.048962362094876345 0.053049378706844307 0.030673366391835453 0.07313218891452367 0.06551861515649338 0.030611825369144106 0.07641203152752614 0.06002447748473289 0.06790108134237158 0.029044853635653713 0.032122766322900086 0.07196812286277723 0.04474841443387616 0.04005723476357333
26 0.0451262501640587 0.0451090644332962 0.04455672588303453 0.013913998537773914 0.06776445004511618 0.07775399120364064 0.061718032682244364 0.06217907381654675 0.018449896314077088 0.006170043697379233 0.03162870240131215 0.08233452453696939 0.0815609697611449 0.08223029842628736 0.057840448762448864 0.07997727957681518 0.0373807108796889 0.029551843520885305 0.00959246382762823 0.06516123152965224
27 0.045952529433725256 0.044227496363392876 0.026114344786936597 0.0727478500324443 0.06838894101577951 0.07710313559657946 0.00984115584920064 0.07969209788843913 0.0257442593012978 0.01846545263287948 0.06380177169148811 0.08197205507407324 0.043997024762844554 0.045677770346033736 0.054596249586039994 0.04715142202274318 0.043654250449775486 0.08227916888683492 0.04936932138104774 0.019223702898443874
28 0.020001155931859815 0.07400658327966846 0.04687893830252789 0.08841974166181095 0.014096459123527022 0.06379708868703968 0.03254016554882326 0.04329007207440393 0.09237394887543131 0.030720685961533652 0.033085996890860774 0.06207624594751265 0.06402409675666386 0.04051771675745813 0.044079861781223084 0.04477486517532023 0.06539064298491948 0.08961020336192792 0.017068380396660577 0.0332471505008273
29 0.04933987904273542 0.04973343093988376 0.04530310242755721 0.0056816314031353215 0.00975141747077774 0.0028317234383592087 0.08311111337758718 0.10140806075867745 0.07888759055697986 0.09425646626431804 0.03942552950253001 0.09067511864630612 0.00506966814290188 0.09526724049371947 0.023272127374712043 0.06968048627732203 0.057711435335024326 0.0034392044959607204 0.03980479184196671 0.055349982209545436
30 0.04099533900208109 0.02164826894341501 0.013377953382125976 0.043434381455991725 0.036942617224322634 0.10516293987556313 0.02170755938755083 0.10083612977249239 0.008231646969435248 0.016981279416368553 0.04598915466423906 0.08629083709508707 0.01182054525227132 0.08128081000136313 0.08981707108797136 0.07294282271106421 0.04127127040483074 0.031031275150880933 0.08213171436966774 0.04810638383327767
31 0.0996316352360516 0.0024160426222993754 0.023718336671963887 0.07660104505220924 0.016195856620981636 0.013758413170294298 0.07109047791023079 0.029163725094658845 0.08173043474855965 0.01852461858281292 0.07963891520401911 0.025000168139439487 0.035262642088806834 0.04913558996433104 0.04384547906988404 0.006782636376838492 0.11157591208636389 0.10612000920138456 0.10866336072891306 0.0011447014299573316
32 0.03772192463805754 0.024801515962834593 0.07452992515744908 0.07500065982119374 0.0727313202749518 0.0021486733432844315 0.022305032957667073 0.04804626459471247 0.07281279300405723 0.04687378281751485 0.11091410032528656 0.07655596471269524 0.11487003154774074 0.03153821219842934 0.02051888913863645 0.03745328038819608 0.02569175408686085 0.039343398895757074 0.0038617521067694383 0.06228072402790556
33 0.07754525023512158 0.007042896971494607 0.05170567284897671 0.00020819909162037115 0.03920533902423146 0.07240806310278781 0.057562700564348576 0.056734003283192 0.014422456234317965 0.08778995435380607 0.005873296354340708 0.08391172198044826 0.024068197718207323 0.0761476115699238 0.06187875062943344 0.02787771412941209 0.09230606148941006 0.09351536286784935 0.06139557494082124 0.008401172610256377
34 0.08850171520752678 0.08490264659520119 0.058627999478191126 0.023181240119797084 0.08818298505317926 0.020943715189184725 0.07178914257901145 0.05062982705141387 0.04406897016219319 0.059758219914422914 0.05965661307181638 0.01069684255927406 0.009844977851432773 0.022201310723434745 0.022888038484003944 0.09498254069595423 0.006410447742063316 0.0639172118191088 0.036808577580698394 0.08200697812209168
35 0.008555815702070469 0.06931659144637001 0.01823703189708509 0.03168706285812876 0.07376483152357051 0.04661731201390784 0.026351938540512446 0.08958992878652192 0.004506260756728365 0.09861613640804279 0.019790244760567958 0.09294579850936244 0.03377328072315488 0.06552028684023174 0.05099655641959876 0.07623489978306269 0.01870088369660901 0.013517131994334797 0.0778752502952324 0.08340275704490717
36 0.05099944684676705 0.0767670900387915 0.07823822976654282 0.05106776577702324 0.0813760973926944 0.08866183459298904 0.01382894835357144 0.01956910702296633 0.022883106080158335 0.026477910868756897 0.04583367047296805 0.06650616257781194 0.07326735256433801 0.036390436447538005 0.022084115543842858 0.05847888717323134 0.01891606173833849 0.03443007110329697 0.08476616843199448 0.04945753720637887
37 0.03542594044749299 0.09868380063514853 0.09852951385230777 0.0022667650070752328 0.029223280917504098 0.05351961322397756 0.06396940895453457 0.00783474934026328 0.046038951927136515 0.0884670507682143 0.06682434065195134 0.03429696290077868 0.0950321734773261 0.008619625189986355 0.06814946005097063 0.0006676421873688374 0.050673340043133286 0.04682301345691701 0.07132049392983467 0.03363387303807865
38 0.00911926922544105 0.06945461040946614 0.005772751849979605 0.02124568961283165 0.03557033944349962 0.03220836697994726 0.06512898562191799 0.06035112363511685 0.055860283481413066 0.0865362414368392 0.03537491066142676 0.00521221668775243 0.08461662246409454 0.09658385094157107 0.08228125264115316 0.05053340288266305 0.07851305564045927 0.01708683406740039 0.09701819361831188 0.011531998698714945
39 0.05442705997175648 0.01732528281273827 0.04549515686804606 0.08232465549762367 0.10864144205749324 0.012267371790950533 0.0829018009391471 0.014655268921388348 0.06569777790779231 0.09468233318489783 0.03923124027652231 0.02133208603996665 0.04228156757235949 0.007281859829747871 0.07624234154359907 0.015185698302261874 0.03449632445347077 0.044624302421485275 0.0697142213599529 0.07119220824879977
40 0.08430655113012392 0.011569748173476441 0.04996247255441055 0.02850710013704579 0.05884286486035995 0.07071821393273829 0.05554243978083615 0.015215722857765525 0.0316063190870653 0.005800790729212551 0.10524355107806281 0.03386657030773827 0.015828162420681764 0.1097555364402708 0.03710931349833865 0.08342693895777917 0.01054721906960469 0.03375319130880632 0.03889799204127764 0.11949930163440552
41 0.01704741901470228 0.009335147120482501 0.06290359078497461 0.07677619571889951 0.003195198137790231 0.0936187318405404 0.012648425362878996 0.082413327757851 0.03384911675640026 0.04679204158818623 0.08756314635375986 0.04087828301295785 0.007335927054277047 0.07606527567121614 0.05312921977904383 0.10039794852470547 0.019462891592406557 0.013481288305785417 0.09745680637674464 0.06565001924639707
42 0.02970535375847474 0.02435899344027953 0.006660780028123673 0.112959985568681 0.020461630443512784 0.02391926099417462 0.020677928000279875 0.07515533252448904 0.002429384803439971 0.04063744629556714 0.024974666836210906 0.08351519195826172 0.014070293465425555 0.11260831546298494 0.04445396954679102 0.08161850158039861 0.08092713189233405 0.0878101066481672 0.05252350377076169 0.06053222298164187
43 0.007720985149743807 0.02292401762847133 0.09389981598869485 0.06652040123976023 0.03244234393811189 0.04659634784741128 0.028477654989811124 0.053036489686413356 0.09396210922815587 0.02100437729953631 0.07219380886839283 0.009839006817087622 0.01709624050140101 0.08046813057088045 0.06371561273655182 0.046193321741246574 0.09831396512693436 0.033546931022991125 0.1020914306815112 0.009957008936892916
44 0.039105354998863716 0.024286115051149026 0.038757876235188886 0.09008277142247512 0.009033999151014981 0.05381271786209636 0.020598386580095725 0.08180384397515103 0.045583780998861165 0.0027871737492612646 0.05338354020422373 0.07841973856108186 0.027343972200103768 0.09106909344355554 0.05717684911808967 0.06188562564208095 0.08056667136138136 0.007696399221007601 0.07861589937487247 0.05799019084944579
45 0.08059161881359327 0.06475767053529129 0.07579342920855635 0.0337719253009602 0.06910269701347578 0.002427904756019596 0.06233596036007367 0.021595653812480808 0.05204998945115191 0.013770048520260269 0.0005446807366699314 0.007272402113727745 0.07179460677308999 0.012310047326142735 0.08976214527452556 0.09636612914735782 0.06525149330392195 0.03221937647610774 0.08890954116518834 0.05937267991140514
46 0.0574516636593825 0.0005305149563036027 0.10080613346322115 0.011509386097429202 0.029261671155149896 0.09901681367628512 0.06974057942753074 0.061863764408681146 0.03472710207666674 0.00832713465939897 0.09338102336157704 0.015362664460441365 0.06005592721619435 0.043685215009527524 0.015132931569921347 0.06809563776771947 0.10156591790473857 0.030488145854148774 0.04577105926419099 0.05322671401149151
47 0.09275201328265187 0.05795585150585464 0.03802902893449933 0.07630633297263557 0.03633212549793709 0.041099081248421106 0.07408664219219292 0.07617560416040775 0.059895038444970405 0.09855642132915265 0.0019093343793680573 0.0789433973485376 0.052712516019519665 0.008856521867762267 0.006038824667684733 0.07471538002046067 0.01339346162952659 0.029992964952212483 0.0620991484645824 0.020150311081621984
48 0.09541379067502492 0.0887151198126082 0.07607731280589758 0.08469006107754433 0.019685785973064144 0.028800746080714607 0.04812303684707246 0.08902466335991105 0.07171436676116753 0.0196236405161141 0.029840132403047278 0.026129122739774482 0.030052243618982077 0.06755371884563183 0.0627976962861162 0.07323034730377248 0.051175843035398544 0.012637167179127265 0.020653084441462747 0.004062120237568033
49 0.0017975872502982416 0.04614659368475127 0.061429867786305666 0.018153380537036662 0.08665817377781833 0.0863551793103739 0.08908239661117917 0.0662443017381268 0.09289005651369514 0.02975792473503085 0.035847607264757976 0.054737782098157994 0.02311751922558795 0.04345855129665415 0.03195625789701321 0.0565717314430583 0.007742924096949365 0.09402469429014074 0.03407423705270673 0.039953233390357674
50 0.05927566982311685 0.015618625934050969 0.09532804841248907 0.004503384097421742 0.015952292697404107 0.06624855286055537 0.04298725134421126 0.09207511025672946 0.042952844994127125 0.09391585028642546 0.08924982341967173 0.055304982831141596 0.029111307015392593 0.06048645912283161 0.029805972341185056 0.06103302302596625 0.02490311587319028 0.0710330757073792 0.037501602437747264 0.012713007518963282
51 0.10213500152626794 0.09666535060830383 0.01983890652113143 0.04726675792531939 0.054628901696673435 0.07126222630542844 0.09316885145175796 0.043188837491833235 0.05344499252105712 0.027676913533703402 0.068095233046904 0.049245812476976965 0.031166894455577226 0.041242198596712146 0.04654772549805088 0.027099431302390817 0.010163107733434665 0.011871018108133607 0.10212257525241758 0.003169263947925935
52 0.07305323471782706 0.07804164085562525 0.019600288357989114 0.07120787522415212 0.07938518306557478 0.030237659124493887 0.09653410149177484 0.0381172173994311 0.06763862847272675 0.07523551486880915 0.07533582837471699 0.05196267992901581 0.07173886083686128 0.05644136009272831 0.0002606285233136639 0.005958540799042904 0.037822652981589516 0.0016081854484460878 0.06378365454762566 0.006036264888255838
53 0.0432280338046402 0.09051517742863421 0.037159923027951826 0.08626331723986139 0.01868496399762376 0.04459239631956273 0.09578987462305265 0.06370165420664771 0.03054028723527585 0.07216231846372208 0.03548539217262774 0.01760676522341754 0.044387311400612216 0.013067518561936761 0.023834493956563462 0.09973457952722176 0.0021865993389203722 0.0017777729938857516 0.07429606796112305 0.10498555251671882
54 0.07970077596408605 0.04073988224732085 0.0003348046785587852 0.06689749200349883 0.04468824396459705 0.06336618762372248 0.05975040039275375 0.026787296128539653 0.07154282874718852 0.02360791318575668 0.07897128435400023 0.03476146303393725 0.028469612475244852 0.015048335000710556 0.05992493964563706 0.07341922912112915 0.050052382599648296 0.04342601182603428 0.07177564373136926 0.06673527327626637
55 0.0744518743804544 0.015767265068207678 0.09356954252351227 0.02865426018779784 0.028602071272204547 0.06919393035763845 0.03852723179380868 0.10431009884359911 0.043558284697263125 0.05123811138856688 0.06283837202548004 0.06713460565767662 0.06588260743894868 0.012685779126488135 0.10043120600022842 0.0028545982111543894 0.001857704897560409 0.08359205880597836 0.006330481069207141 0.048519916254224665
56 0.07381354588334238 0.014458020153545127 0.06625385245965094 0.009670552381219681 0.060314719185131385 0.016450714103790107 0.08977729954246323 0.030756531200833177 0.04821327721855025 0.08504512945202142 0.04716734267077637 0.027774285363960677 0.06073136971614559 0.07052589223414993 0.03550809932480829 0.09469704841366357 0.020380507126972144 0.018936772521492447 0.04415922281981151 0.0853658182276717
57 0.012913867855320673 0.03282417305232705 0.06764911781305992 0.06618476290623322 0.07586189436478762 0.07915962038495968 0.09417111047818383 0.07320614008999916 0.08147619412927445 0.0032563413165126523 0.07518162513085919 0.05293477853038253 0.07626391400423485 0.01895739150806365 0.04517786727300953 0.037678572313400355 0.004256817765703431 0.00971045800818502 0.023041429847040377 0.07009392322846275
58 0.06410865341175512 0.007948928651893372 0.08987248007628636 0.08848598020123502 0.08251349826657 0.05408506011504836 0.06867203052360744 0.053387679905402434 0.02182851055734555 0.06411229831583588 0.04698410036790504 0.04264950967872119 0.037096804275215 0.07881325591634591 0.03302044923296119 0.04378063302696234 0.02092335182650148 0.008725807144551704 0.040078185468912945 0.052912783036943516
59 0.010339217165658249 0.06564468496220709 0.05526878965066007 0.0013458050545643277 0.073620669761331 0.049417717206136975 0.06275554964443333 0.07092638338838421 0.07976007800631757 0.019134176165279137 0.003158758832754803 0.08719533493684568 0.06938435162664666 0.08736771674123414 0.06458498809651032 0.007504967833842202 0.02134677001401816 0.09051326455363438 0.02742059187511974 0.05331018448442192
60 0.01706620048646183 0.026229513299541363 0.053474636680676 0.0590449940373769 0.06904175486498661 0.022282783520016416 0.006186683678187691 0.0066966338637913505 0.08017308199933343 0.00751661194673015 0.017875365949743625 0.08488860591756929 0.08297068680526844 0.07026522193002148 0.09491663915300316 0.08520605076941368 0.05962294046948601 0.07334390398888975 0.05296353234777717 0.030234158291725727
61 0.047621006033475445 0.027510771333023397 0.05929441559973702 0.040988002857709996 0.04223835698478219 0.02840540320576301 0.10252995159647514 0.08703805426049359 0.07042660289249257 0.04455704411221775 0.05368689237352159 0.047523285415861295 0.06313176276653203 0.04095005890068336 0.032370165369694726 0.07577125861991739 0.008388578050579302 0.003648864000883163 0.015426329557971963 0.108493196068185
62 0.0909840517724033 0.02551909412002944 0.06316933697257301 0.024478932843724495 0.04452410377391654 0.05597237230806524 0.07328824291474857 0.052924681619423895 0.05003327538344254 0.0793616480517367 0.07012030096134522 0.01587322338981164 0.08312894914659334 0.019683840773690366 0.06722246885848328 0.05653134866354338 0.008595377014045535 0.049042484206000866 0.00466876749112697 0.06487749973529564
63 0.02841310463362699 0.053624229582494 0.01700400169029381 0.035415187581272725 0.08094203811940295 0.011888252710239852 0.017454428072732193 0.07968024384040549 0.07619921896079905 0.06270006016454496 0.060867891500124935 0.061964288873452414 0.08500230910274768 0.07108387143483279 0.053261835660467875 0.06946081276289395 0.03087099704803495 0.04401951207428068 0.04928277928332116 0.01086493690403156
64 0.07440860043857292 0.06263024579164676 0.09680867913349363 0.06781031271599447 0.04234401347714064 0.09515568239306389 0.07643778486894831 0.02261670155766467 0.04082749495528721 0.09568821758431308 0.042861516054191265 0.01907325270469679 0.0987918968085254 0.010568390778963018 0.037763754152391 0.04412938023016169 0.03129999282627647 0.02318510934117797 0.012599620455814654 0.004999353731676235
65 0.02198244283470167 0.02478702744649704 0.07882274067607346 0.09182928231880919 0.10599597236413993 0.052845824015023954 0.04936243735132873 0.03782646843077647 0.07115042092015626 0.061126525692351046 0.035716093121390326 0.005635430431272326 0.0007431967026457849 0.1074811067012916 0.08015884394817192 0.04081096039162883 0.0945957568963436 0.00034244623330401006 0.028296305021962252 0.010490718502131322
66 0.006283056081517076 0.0806661639948837 0.013945867129040794 0.029501136879098035 0.09334055070497423 0.05074868448008913 0.058909073523716084 0.0206815640692198 0.039448411939839695 0.02066913227161428 0.04707854586004209 0.0960655725510731 0.09007144899965594 0.042005203064714225 0.020876939743874678 0.07329045118741219 0.018308695700364995 0.05962941357427332 0.049880714508509054 0.08859937373608762
67 0.03625981728899527 0.04394775851175196 0.05392837807166672 0.07760522958651872 0.03118330687579326 0.0101422618635089 0.04822448588894376 0.08661612545644519 0.023266625489408794 0.07372393507200914 0.026043920223854343 0.06659089599614636 0.06317725008162024 0.08751177605791954 0.040835740347976726 0.08722114038402917 0.06337194854808571 0.05443716705006479 0.0027703958358904347 0.02314184136937095
68 0.0881053222531873 0.023061396196193084 0.08124606146283418 0.019039860274586765 0.08274794271370972 0.0676932035405901 0.040143927069806545 0.0032086865199982936 0.02694850740966773 0.00979300367591992 0.09045769320643104 0.05584466023445257 0.07676855605823046 0.02118961380338548 0.08015337126737875 0.03520786860768395 0.03630289953150692 0.032318143233844486 0.09020301852387412 0.03956626441671867
69 0.029324777860694567 0.010510084061059428 0.013897389832295024 0.04282975629022798 0.09484458640528683 0.06588635064905062 0.025184083671824026 0.057919046065707455 0.06638124586205434 0.07728816687896888 0.09437679495606012 0.07482915668939909 0.045490219846524745 0.08727952060699254 0.026888498877626708 0.0013920917777506495 0.01423676444994399 0.032377695565315036 0.07467482484510869 0.06438894480810935
70 0.06641975189244358 0.06149413526028727 0.0761888922942266 0.06729752550178418 0.026508513129090413 0.07138904972832083 0.0567463599052069 0.051100976719636815 0.021582023794569503 0.06308698099812377 0.009035361373848848 0.0801057663241559 0.02221951231973645 0.03521184313225059 0.07751392555129497 0.02965905738251215 0.028462743796917878 0.08428068084306962 0.0219562501558418 0.04974064989668186
71 0.07449086651104779 0.09197537728481779 0.05884511074956081 0.008996480221297702 0.04192355661276559 0.028947502395527125 0.06766706916721238 0.0423995169444072 0.07670286351175253 0.06074687253946674 0.050939371465143435 0.06624964046092267 0.025523767667045734 0.07034525190243075 0.028431157332690297 0.030081717959581828 0.0830306519888403 0.017421877944657757 0.04647290796520706 0.028808439375624564
72 0.04673754646678578 0.058913951522034984 0.050384975376461444 0.05525323745415683 0.013222409891427443 0.05553245719811307 0.05138875395406985 0.021620331875876145 0.07824013659803024 0.00819855653397349 0.07796323250043753 0.06734316170249051 0.05359418136646636 0.07343074153416292 0.027836509800385417 0.057051050192625415 0.0511182756241174 0.09480523752024622 0.0501793182205172 0.007185934667621606
73 0.0863739066862164 0.014534301059533447 0.05636721392591509 0.050044775274556585 0.031020830092082636 0.08677261322085693 0.10028529170868546 0.006536193954341583 0.022810446818053578 0.04691531684261952 0.043361616605322076 0.04315563607048021 0.010192975701402 0.06394816823726071 0.046592681882577 0.03682888401163878 0.023663983442576923 0.0520003913043217 0.08278471840020403 0.09581005476135539
74 0.026273229828995322 0.03407155174396189 0.06370254469965589 0.09636003154960521 0.005055518504293623 0.06975453706054814 0.03900047598611664 0.09026014353979721 0.08671766718581399 0.07224556438424391 0.02833239128983836 0.08308522542574295 0.009170099022808223 0.005653016756856108 0.024161914328502336 0.07356708201140891 0.0009106710054357398 0.014283652840405345 0.0958243849292868 0.08157029790668369
75 0.006223117759984307 0.05909779897905058 0.06307862441622891 0.055711679710697244 0.06654924439167297 0.05718808006998242 0.05316339764463859 0.07791043709777892 0.04465938911965536 0.08734701689478046 0.06554184576499467 0.07029502347811221 0.010518189257894797 0.018979026227666868 0.01032060951222358 0.03854811378021186 0.07069908284852908 0.04363128726841729 0.05082801529645688 0.04971002048102288
76 0.09574098309294003 0.0829440462920816 0.06656532847130409 0.0827380944264292 0.047784085577950115 0.07521804585095455 0.07040464097910884 0.08989536140062455 0.08014297190513082 0.03274284463426644 0.054238927683946246 0.017912010172733608 0.0344097463092668 0.020772095300204033 0.06961051365366416 0.03485592257903172 0.014556401714741601 0.0019461997201446085 0.0054766477330556625 0.02204513250242128
77 0.03687911247025086 0.06391996504902245 0.05035013913578629 0.07314270929771147 0.0643102628459491 0.04706476667277925 0.07061606700050349 0.04610877002140994 0.033944024761953046 0.03476400330550686 0.01121261851255309 0.07570809575167803 0.06147754267882545 0.06191011394592827 0.05219361546610518 0.006971400092757068 0.0682853522158352 0.0702745432713187 0.049393930120099516 0.021472967384026726
78 0.08968114487584558 0.038003592037420895 0.07927438849307003 0.017193098629819298 0.07441805626290102 0.008715892854408153 0.07006262426388937 0.019099783053628073 0.05558457696472465 0.02411535491266204 0.04025190639273473 0.07095553047758259 0.04892958041296996 0.09230646596033662 0.07503588991660784 0.029303625380425694 0.02205846568148015 0.026362640648894865 0.05261929115024757 0.0660280916303509
79 0.05992206900510238 0.08364233044874876 0.07546197287531524 0.08485375257848386 0.024383514559357902 0.08223312623917321 0.009150185628511099 0.06558509156174865 0.06255885668418158 0.08327755614699682 0.04855460525029413 0.032709761046704124 0.08642906257625954 0.02278609621479647 0.034973179539934465 0.0017817789097771624 0.023888198821039274 0.04266785483484287 0.04491321173192209 0.030227795346810384
80 0.021757471715135337 0.06026310250909487 0.002099077590042193 0.0029739540718757337 0.04795074875988266 0.033537955323933055 0.08203166474250687 0.06553376020972414 0.07971637129926182 0.030695930938764732 0.08899250835707152 0.015393621353760925 0.0734565709001781 0.05818403309954599 0.03749672083200289 0.07635187241892692 0.06582439101673476 0.08161634061565072 0.056990981597260744 0.019132922648645977
81 0.012566891195760448 0.012421297799130034 0.0010053131881019417 0.04842118760089894 0.04351005667513969 0.059627840087427 0.08096699408892893 0.06749429360176228 0.07854386226960045 0.027905957047553005 0.06862203154626581 0.036568388500337244 0.09227878375643286 0.07435253457160455 0.003918783137776161 0.11253498154005609 0.09878201485418957 0.04096274171679678 0.03204843018472133 0.0074676166375168655
82 0.01125319198121349 0.07908585948127318 0.05535690892748776 0.037642147644456184 0.059190657594236695 0.046702426379129 0.06259732851006355 0.023914660997247855 0.08458893858422102 0.013849597820514854 0.0557552527904532 0.08081683694943208 0.04059842725646228 0.040607253121959515 0.08202350046503112 0.0131335994481875 0.026797686024885144 0.08449258870002062 0.07617412213320796 0.02541901519051695
83 0.052863890027079107 0.0006893478243072503 0.02310102262523086 0.07250690237372234 0.014225079373060705 0.07274476536899341 0.039841649739091295 0.008938245111396317 0.04168621190357345 0.052322908140048065 0.08401129570743164 0.03670741161584543 0.054536208074539474 0.05890083599228004 0.0704606937328672 0.034491758909408976 0.05713734326168887 0.11581774178924521 0.034161649692627 0.07485503873756338
84 0.09388820088130413 0.07807253438939894 0.06365269027483622 0.04115713654343208 0.001548914086625582 0.009710657645817893 0.0030856192867601416 0.07605496839166387 0.04773319839730148 0.04023463608635094 0.07444716344060205 0.059878790469552995 0.08340876234519944 0.0460594950868933 0.025424010073580052 0.07714674410426055 0.017907935646323283 0.043116441862607054 0.06175681384896681 0.05571528713852314
85 0.023118215990317586 0.11200637188792884 0.010482553482180457 0.07781872779349244 0.05216373781896425 0.019690853054768715 0.010117106792931856 0.11975902712361688 0.049165792670308496 0.06461702561334944 0.06808236231216354 0.0673708258113751 0.037542783531174934 0.025373158426796816 0.03892273964175495 0.030615374560182772 0.11049777921695854 0.022130511668887982 0.02090365063175866 0.03962140197108768
86 0.021435665994162436 0.039001503043214536 0.013293654546910427 0.03566452237806564 0.05974424786817888 0.017998458425119213 0.10889755914525037 0.005527087487785715 0.10142430192882136 0.01810651333201005 0.0982782438621307 0.11200296193242822 0.015003240628785698 0.025974511701685868 0.03260198832988363 0.0768405074757407 0.004963685244746447 0.06740459037692362 0.08652455817898277 0.059312198119173556
87 0.06174695039484094 0.013249976653495726 0.06996599004597202 0.06555907155366278 0.06802296331704284 0.02564316484404093 0.04535036799896656 0.04540170848629012 0.08003511612044198 0.05116044744512093 0.010140899358386453 0.05862723380402127 0.07432243913132208 0.012546001783931539 0.04180087004513339 0.01084587007841055 0.031032678115608888 0.08035928402582702 0.06309064139588667 0.09109832540159733
88 0.02558253439021399 0.021254026406921398 0.03323818421309759 0.03371333801146871 0.06404628906282614 0.07988244517195221 0.08716832440631875 0.06604384761493448 0.046991812128600804 0.020985718809926834 0.08434357386192987 0.05487744019237561 0.017729567550322425 0.00695245112685018 0.0624420800513166 0.07910365779641085 0.05435212999267997 0.0574057378245358 0.05902443021435401 0.04486241117296374
89 0.02573559829930215 0.0076358072896305215 0.030338067083279168 0.04141881800812332 0.0847418256728318 0.10585320447322423 0.03262018395380969 0.03289518732020192 0.00742366487327743 0.04931222511656321 0.05886531567181468 0.07256066300423532 0.0400193132611371 0.08919431079119254 0.06053133264276829 0.026056692900677084 0.02419000726067679 0.0764956478046017 0.05868605181209865 0.07542608276055421
90 0.004992473208987094 0.02370061555319203 0.03144544544876828 0.10748964733691292 0.06671286059888755 0.039589333832373286 0.01780556718991861 0.03722652344433867 0.0396260371290046 0.04310676392115337 0.09990643805940924 0.027909030703837878 0.06295449203215057 0.06328908199686348 0.02986250981583117 0.025979304042621627 0.10731424834932371 0.11051496508828398 0.03796910709687646 0.022605555151265277
91 0.003709699568069112 0.05687262284060508 0.06037428512265037 0.07667978221376723 0.020568787629094466 0.04181260041883889 0.08299079977300156 0.020439367186945244 0.09237574479896953 0.02650374479370119 0.07464990653690996 0.035110854332837185 0.0002790178643646815 0.08832809863272124 0.09851875528003512 0.008792725723460761 0.031046116002411504 0.08836290722405726 0.0333260563309827 0.05925812772657689
92 0.12376591900352987 0.07117057193038176 0.11633793596303971 0.03645110364982237 0.09706005478105954 0.0266647335900557 0.041413453744614706 0.012558497905340478 0.014832774567529938 0.07947115404017407 0.022497224149970168 0.02464951396363411 0.028727171010562776 0.10380635841540932 0.0877697426663722 0.015916198601873606 0.038259475864592565 0.01417191338364244 0.011019799067262352 0.03345640370113237
93 0.0032110638736519313 0.037816771263316035 0.038200534407697134 0.011045594501698362 0.03135282247627913 0.0519471650659472 0.014981774164620758 0.053486637456170626 0.07106677303250132 0.09140241822178642 0.09294555747391732 0.03216806278826429 0.0981550034757196 0.03297718977157266 0.05334083518427328 0.03743825237091879 0.06850129245147998 0.0494342271968512 0.05293426357246902 0.07759376125086494
94 0.026091139132690563 0.06191275423207615 0.027075753032937477 0.08448072397376374 0.03916420007106412 0.014746625565597724 0.06705953279282376 0.06440725421003106 0.03785174486905886 0.0037920354603948156 0.07361141374892764 0.015345621185602027 0.033301278105537985 0.06592203171817446 0.045507472336661935 0.05743391421909766 0.07447871572460779 0.054776040190389376 0.08594360970716797 0.0670981397233948
95 0.055292720874713264 0.05921935204524408 0.04788474132232996 0.06937516916150711 0.07412716050649222 0.05315233573210999 0.021456935550875834 0.06842668385375779 0.057103282506054794 0.01545212329796886 0.04017969973710402 0.06528671214240905 0.029958921926002666 0.0624305962304127 0.020065351352184006 0.05115583154824424 0.0431200944138123 0.043932724437046766 0.04409759234064563 0.07828197102108482
96 0.09222698729785868 0.03159476597944353 0.02537480039534689 0.06427313374876498 0.009786796796568466 0.04155281980992081 0.05316678771309164 0.07947593164445052 0.07454708651693855 0.063364635396579 0.06683296551711647 0.008076511266174168 0.12556606329572945 0.03743825315480562 0.01475092449341584 0.07088668586138842 0.016687953914471934 0.0003326860636735203 0.017003497561794353 0.10706071357246714
