0 0.03700714596241753 0.02147454624566295 0.02028398911429191 0.01158151840991513 0.0010373206126044671 0.08760403218170429 0.06352313275359897 0.12057984846830744 0.05587061318331278 0.02148499313492389 0.040888131165421504 0.09084282602177626 0.027172324939178906 0.06846625438078396 0.07938228627764388 0.05322492254148441 0.07924811942350245 0.009024446858717916 0.0484419555352657 0.06286159278948601
1 0.036656052001173084 0.08425565992972649 0.0022669132335810735 0.05774688307073486 0.07343977943553391 0.03612900656122905 0.015261272931279735 0.054607841320108305 0.017224484569462722 0.10265921647570485 0.010106582685885318 0.012520066045440906 0.10261087714465363 0.057193218194888894 0.03794267700387245 0.09991436909631447 0.01873236139999755 0.11749150136526658 0.020647398978595976 0.04259383855655012
2 0.051755442491787935 0.01847747963162629 0.04898701189479123 0.0001640151690306129 0.091636252015827 0.08458866253914835 0.04925037256035362 0.0375863614120854 0.010310308761229193 0.08999553402443636 0.08135299926110136 0.10233548266367415 0.020520833579500658 0.04603846080039676 0.0028717953081925447 0.031387522603863155 0.07606051995946476 0.04975709050506414 0.03227611941185436 0.07464773540657202
3 0.05851964900965051 0.04267308288539317 0.058841351095281984 0.10852028617665439 0.011288478577064692 0.055736905810775235 0.048288226704823786 0.040100460484696634 0.08482583622171017 0.02718762389168442 0.04781475301730739 0.018361150107548907 0.024300403479097864 0.03935280886577102 0.10887852288095656 0.01954593476137897 0.07373231246315455 0.008325725689768467 0.11473580179585081 0.008970686081430488
4 0.004182352226604058 0.09388716915312964 0.04550835370754594 0.015314100194760885 0.05324964857579022 0.07109697152130438 0.06002817820171605 0.03100951885657821 0.0719503638767622 0.015807171892352024 0.05784917125093175 0.09553297086596048 0.009012203740453376 0.081707732286037 0.005389993030916405 0.017076320752286055 0.07851796776351294 0.009843470108254353 0.08095978528803532 0.10207655670706871
5 0.03619235278329113 0.04339823665924136 0.09928130663280813 0.06406015758626427 0.008102436199237036 0.05130700461536964 0.07533806721173422 0.008928089022566695 0.09094436886152595 0.034556193405441346 0.06241650690264268 0.05610089689277659 0.02560285899513135 0.005060797282982474 0.061302391250436204 0.04773435636374763 0.09274490713348302 0.0895861801903022 0.04218290665845778 0.005159985352560217
6 0.02367890684084806 0.03992168281555048 0.011028852145425334 0.0010180373432366 0.023485448501639562 0.05635081555064923 0.007673869506872575 0.08916570158873263 0.0383882310954051 0.07994905698919685 0.055873704929659325 0.07232504873046017 0.06977209644160345 0.09318479556535252 0.04350698389374766 0.05161790518452682 0.0225534891187024 0.047870126907044695 0.09874921675421708 0.0738860300971293
7 0.04607745880975965 0.07539457476438041 0.05524499064908925 0.08107987735945638 0.07165630486494064 0.04081460895376535 0.030691965977488998 0.05328614115038447 0.04881269150227285 0.0503000539658062 0.08586093805583399 0.021092077131505745 1.4338312476390566e-06 0.05392814856374077 0.08512015910374868 0.008145202446983623 0.046083959087674875 0.062306465325080745 0.07199592454075149 0.012107023916087948
8 0.059666196055664714 0.08808644172186295 0.024309817363291603 0.08649805015142677 0.021872205212851215 0.02633525645105572 0.0906888434170187 0.02422749168362242 0.04541858168062319 0.026702003396696698 0.07191185143632504 0.05849998548602507 0.07552735796803317 0.04075975664674989 0.01893692488304718 0.007962472977865225 0.006580903649344998 0.04589481702246249 0.0904029228397414 0.08971811995629163
9 0.017112704295349685 8.31293243147472e-05 0.0644304481401132 0.00781677536169999 0.01593898026856953 0.04022827589587486 0.10485215810516725 0.035596395707846305 0.018855318968497556 0.008835345594003197 0.10490979539611255 0.09354304325467905 0.02279505516158385 0.05938588032897948 0.030135277846156557 0.10438998611639408 0.06782327279714578 0.02605382125401291 0.10365685843663859 0.07355747774686086
10 0.06354303788714077 0.08974172988968332 0.08438210342318415 0.031663734622144044 0.03230216135121763 0.0016571160505028176 0.09946845843528451 0.0041615443370961935 0.03208030715574477 0.04651636487994674 0.059809590555101926 0.047098832497836605 0.00612061081923424 0.007231115039843864 0.06373342393461719 0.08151663058407968 0.09067167551974112 0.03455703695766371 0.017637907523640604 0.10610661853629627
11 0.004736441038082966 0.1232336859365327 0.09542848855986683 0.010350383057623579 0.020475368153520714 0.02419921927902385 0.11002214334332489 0.024836861323441102 0.021189514604324024 0.061078812666719044 0.08065409941050436 0.04969167087564277 0.038690114565619646 0.014620442342256838 0.08930246774258521 0.1102467574904779 0.010102326434196238 0.01165408238617158 0.04341849292950927 0.05606862786057664
12 0.12045510814970618 0.09884987266507245 0.09361823361064595 0.0881702584625249 0.010226415882064722 0.08661145595435418 0.022007323649408665 0.051931166533563236 0.10420414087647212 0.030545899694497926 0.048034977190410465 0.017985107646647777 0.0014597882678140223 0.09248166401314815 0.004420434081016527 0.02690838933721095 0.004838603819007335 0.0025565529562331375 0.013311233566207278 0.08138337364399405
13 0.0958174289345761 0.08282257887233434 0.00011753137623084835 0.05791338695148449 0.03400562381752564 0.03179489640890642 0.07018792190255482 0.055711947854298075 0.017051525048620536 0.09144080505941572 0.09926105064890985 0.04222758761396566 0.012054824434995294 0.10701292182202438 0.01871042538910248 0.05019053206694762 0.004239370452351249 0.09500431241610158 0.028918137700998107 0.005517191228656782
14 0.05395821543621602 0.05670513364691604 0.04333253547670503 0.020254316648692813 0.08611248278503889 0.07581671939046945 0.05102482352414052 0.08159637392086438 0.003433659331977441 0.02130888396364697 0.05191528017049106 0.056558219041709885 0.08985107458882394 0.06790205330445097 0.001845269651491051 0.009940330939238547 0.01624219886083942 0.07367143275967242 0.08370364374070749 0.05482735281790751
15 0.022230290161120193 0.07031445007925648 0.07012147888333213 0.043315294632329915 0.01632748257462527 0.058336441063267006 0.026798018245564895 0.017593907432967768 0.06193882561724293 0.042481051592437105 0.013571931111611233 0.057950651470738745 0.08264524207465757 0.05459981617942004 0.07984476579289104 0.07746541069245337 0.02685362339243937 0.05934414356229481 0.04521835460909997 0.07304882083225016
16 0.09895472430284642 0.03788557911222156 0.012076861155694917 0.0055262242173047815 0.09554662887892512 0.08564266057773409 0.034082738842718285 0.07594474005219042 0.024535145427204665 0.11642738513194568 0.014551541539649365 0.017384974033412232 0.039776642509763344 0.030802283575385177 0.08464729690440131 0.030155812243635484 0.10267455030076338 0.0029065165305783413 0.04877874207624808 0.041698952587377366
17 0.03175733853926125 0.10215382225473862 0.08711292623562057 0.014240686700065227 0.04135284862676111 0.08562008100430457 0.12721282742140474 0.11114042676999769 0.01768839630060835 0.023846647003432992 0.05675809298686726 0.010663370677098067 0.007167353473804455 0.052776922660385216 0.04399109270290411 0.011181079470025704 0.0314665874864518 0.08610789526847354 0.0498653507978685 0.007896253619926076
18 0.09617984161139455 0.037356912298770965 0.053971815289425365 0.0374089501554809 0.03964062428404338 0.04175224943744213 0.01168110264579173 0.017072507195296033 0.0343286106795054 0.004928097287040282 0.05616444639931142 0.08022309888390501 0.04494938120711334 0.027593846751272116 0.11296379098612885 0.03495530436808684 0.08072684893885858 0.04575633275939951 0.033872263588509366 0.10847397523322425
19 0.09416074340403299 0.07480889012195024 0.02625239531734614 0.06580132793457105 0.03162320984869175 0.032545291930534494 0.010583318187479552 0.022004508275053417 0.030632028658235833 0.08451092391286474 0.026977311159672977 0.05610593606204896 0.07999136253243666 0.049772120342534656 0.04988988700983475 0.07777857417919183 0.02976948558711921 0.04605885771095784 0.0956186014141545 0.01511522641128834
20 0.08845913963424352 0.02474123238536117 0.04961123062678099 0.019088641031269536 0.042037917146749655 0.025120863756664186 0.0695323501519926 0.09652759435897944 0.01918206299639275 0.052020448388862967 0.08458850945350792 0.06815974014939102 0.050822691105302076 0.020371080081081766 0.02830830626717049 0.006293601845325105 0.06799235183056651 0.08031813762406967 0.06721860634602111 0.03960549482026764
21 0.07515362894734871 0.07553968939562966 0.06307812219734317 0.08083528972212545 0.035113656591551086 0.07484053066725031 0.045808647959198735 0.08146504307378528 0.02715687083139711 0.07834011389728131 0.006717510905940177 0.03643151361945263 0.0044387832996506515 0.04944106688336599 0.01939803235017128 0.05067992902506517 0.07662936334077795 0.06553309768958136 0.013541034330962144 0.03985807527212187
22 0.08076171552309269 0.021854659475581704 0.012590523881458052 0.00676148798186563 0.11113292847872955 0.0022692939034230776 0.03795247543291607 0.008358072736510652 0.07959635542550508 0.07441259348626131 0.10347431427879844 0.0013860719616513358 0.008473948836001673 0.046830361819626645 0.11557707371654002 0.06768094472393713 0.11973406971060489 0.04560525635729067 0.04894447154443511 0.006603380725770015
23 0.03465116624782725 0.05954265240095187 0.016263583470376663 0.020429674969578118 0.07773818519877723 0.06623118525507461 0.013760324834755954 0.007019745077730198 0.01461726422776463 0.03501762328906695 0.046718672054304085 0.10610582082119424 0.03177144895276192 0.028984817363411575 0.018914069407805618 0.10329775864133733 0.09473463198364697 0.10199897509279082 0.0239994346442207 0.09820296606662307
24 0.04891499145404158 0.056641141836252795 0.10051655377921491 0.038649834131698445 0.07189294968553718 0.014771686683585488 0.04826365394590737 0.02517788565505697 0.09145700885569451 0.04484538169750167 0.08193023367740297 0.007286764515239303 0.0393423619936086 0.01955840597303607 0.01187982851359025 0.04769957864166409 0.04352228873438962 0.04644539848825402 0.10873983203239301 0.052464219705931125
25 0.101152295460079 0.046454548480313655 0.0015035206219373989 0.04790475046519768 0.021808014015063167 0.06525813797683214 0.05568385899316094 0.08156082855402169 0.0121593985599307 0.0820945327747009 0.07117685244372081 0.020471528456789855 0.059569692610851134 0.05818502027823757 0.0156640822690293 0.022887754934581964 0.006066542008773256 0.06135749271721111 0.09107222893405793 0.07796891944550978
26 0.09663813479853578 0.00979950952806081 0.009937836238167796 0.05423166813703084 0.004811948802644931 0.030803012188133545 0.0031281348908936664 0.08324254600958364 0.07936951791253566 0.08721123557196785 0.00824719818406289 0.10284744309612483 0.061559440281507144 0.007267139930012969 0.08502356545961956 0.08327097641158618 0.05189564993921909 0.04530076765518434 0.010776481375335116 0.08463779358979343
27 0.057604851270920965 0.03688197982617177 0.04057414746904071 0.03138402566077036 0.054129735620899545 0.041736678861305894 0.008379244435239942 0.07977380043469039 0.013141429291658192 0.011563025444294241 0.04429298742493254 0.08708353293937664 0.08349171298128322 0.04889607478413513 0.05630926881278812 0.08949097635591569 0.06793099237493874 0.0649400080665327 0.029509442591690804 0.052886085353414526
28 0.07467830184432972 0.028131689909158812 0.0755248443126953 0.002256837141880417 0.041000299417633806 0.010433537521121744 0.054617018294211186 0.0376684347248127 0.08170014022549915 0.08190728363614695 0.04877591462567904 0.04104215101416458 0.007033768696211976 0.09309739152419812 0.06577392443652635 0.04242802109304175 0.08285203642194588 0.03380109818126357 0.024320383045927905 0.07295692393355084
29 0.0873895335069001 0.08459560500098258 0.0121380623014506 0.02661042494310905 0.09227533404496102 0.005197505316467018 0.09249328983899197 0.00746931293339829 0.05897789640524071 0.037904125559410536 0.04596645773715144 0.01724415212935286 0.0325029745052739 0.06358773650734469 0.09275222776067421 0.0357178920317968 0.05138902073543745 0.0816012287826762 0.0709400543140884 0.00324716564529218
30 0.0015371790193073845 0.06912482676450141 0.08505188951847854 0.02400561802105126 0.057270833895683805 0.08786222034882456 0.07149492185748743 0.0452033644315994 0.07103065012232614 0.05445367123414893 0.07271978065942204 0.05125580266796818 0.0803538587336938 0.015752009235783137 0.028857879155734636 0.027330243586081913 0.015416666250291183 0.0840070977190648 0.04033991409931186 0.016931572679239674
31 0.058449004383572194 0.057926992257289416 0.000702143760833674 0.04982757927843667 0.06178618913013665 0.028926589995767336 0.09126308817097369 0.0500414781294506 0.0017047714341095993 0.044695499105347494 0.008143490240459164 0.048366442636841894 0.07502358781812533 0.09603839129012733 0.09030767988677849 0.03923661218341966 0.06869528971646292 0.055678473700942095 0.01533998585308581 0.05784671102784004
32 0.06447915496799766 0.07810260645596985 0.02939808612636102 0.06081262344103089 0.05589348152991124 0.04970785324944022 0.06967487507272202 0.0032588673026882594 0.027159459124688264 0.06255855899866175 0.02320972444559122 0.08113456121182058 0.022791844195671065 0.013158823865666795 0.0706544836870064 0.07454010382854402 0.06983663186879271 0.08987058735242887 0.0472985716412231 0.006459101633784319
33 0.06809922920729687 0.03583450084768334 0.019995133737719325 0.05003905183179063 0.07664240855503464 0.09348924478615506 0.08252690620143903 0.003860001482284507 0.05164936840659443 0.004935688868180202 0.04172258627983397 0.07310540061847791 0.05138055629388897 0.046440787172066136 0.019533902655279944 0.08764432044268186 0.05183261682987972 0.06596499160061117 0.01005685186885121 0.06524645231425112
34 0.02577268736032683 0.061302533647112425 0.032510898368766875 0.004502233254262135 0.07989979136460734 0.044605586304238005 0.028009881162255792 0.0413300766945088 0.09327456731124519 0.03311735837431585 0.03137798448531662 0.01649465301901704 0.08247351821340695 0.063185608444653 0.04984153753307796 0.039831464031431986 0.08607272877010097 0.0916623976120858 0.02543119730952098 0.06930329673974951
35 0.0046620520445922785 0.031640540731872266 0.00228779087441901 0.06588254525832607 0.056336693444171325 0.016898893497774837 0.03624582764485883 0.10116447625878337 0.051184731177898644 0.09822980488781181 0.08227151922939821 0.0668546171355616 0.09620665486344009 0.02449220674742089 0.0942719620439274 0.03518137486545631 0.056623460514590676 0.0015698457931539803 0.06459372413186422 0.013401278854678069
36 0.09784237130426794 0.023279550481756228 0.06406660765951064 0.010689110153318412 0.022195405281821786 0.09324465819394114 0.07410821208630591 0.0657842740069512 0.08830835964243235 0.01680246884804856 0.0070799843453410016 0.08398346136284808 0.022116278821890916 0.062456131601418434 0.00713826753829168 0.047496476723433746 0.023629972260058245 0.08448983476608615 0.0914556765279325 0.013832898394345075
37 0.01897824358279357 0.08605582293980954 0.023230615088139804 0.04370383013096834 0.10414077599755169 0.034188733897553565 0.020202984864932425 0.11135673245504045 0.07446173830650718 0.049353897488743165 0.04080059911397025 0.015516659754060146 0.06051106025450109 0.09310394995556108 0.0037852163241298923 0.021751583970798734 0.010863034772126995 0.08587659125296111 0.07522368608371101 0.02689424376613993
38 0.014760879067307952 0.08506700450395677 0.06823803697784211 0.07076128531813976 0.04864913732824375 0.02352155286022168 0.04911299056092415 0.07279449292660813 0.016843248288509288 0.08106909024565082 0.05901860709912155 0.0077709957285985905 0.030404038672434613 0.04591494056289148 0.03458011582391625 0.09026431483982789 0.017423412072586155 0.08452579378614833 0.01691537727127603 0.08236468606579488
39 0.022722559355247328 0.0780944682172826 0.08907918918387939 0.05806281338042189 0.04211359901024605 0.010126013600790264 0.08712606715854324 0.07236907636445396 0.025215080181606755 0.02318635598590963 0.0407520437945628 0.0666421405728505 0.017539207210167114 0.005663022202078974 0.044881794450251394 0.08620931031209204 0.04768113659070614 0.028341198618799204 0.08905606850344593 0.06513885530666505
40 0.1193425216639143 0.05497509843254687 0.03033488653711513 0.019996135542202403 0.06868518602252527 0.04797713471455515 0.10794100292838273 0.08428080750845508 0.057433513567229956 0.03580110320238059 0.01620963130492299 0.004638232164500113 0.013083739224553624 0.09111039873198563 0.019863888777154646 0.11354243428855448 0.026352016526839862 0.04071400631301339 0.007882972420249788 0.039835290128918
41 0.08227231221523582 0.07749491787752974 0.043308677575934415 0.0336259678589637 0.006852263422854689 0.03183650986316414 0.0804968092179886 0.027937351295798003 0.013189438220553705 0.04945699777335966 0.04796338307177527 0.09483248159426848 0.04766900260872682 0.0021162515870148226 0.09832372131189107 0.06102363554078138 0.07133886539395255 0.0510086802021744 0.0181177506531853 0.06113498271484725
42 0.06280820135732947 0.04439328031284367 0.056664614359087075 0.03207198704505359 0.09253381300914709 0.02505712167530699 0.02336288234785148 0.052832739952280126 0.037802201897836604 0.07240032530316678 0.008917103850658666 0.021186980288193012 0.05991218044986798 0.04077968203405891 0.04967219182452782 0.08803862868982683 0.010052514646190343 0.06484843201689085 0.06454624147842085 0.09211887746146186
43 0.009466846378236865 0.03642703336628999 0.05391595776613677 0.04899385966206013 0.03601424890908082 0.046480521191943514 0.025056623440920592 0.012305061969662296 0.07066797259347186 0.09010717358297751 0.04746412299687765 0.0077601732152045065 0.07394978178256244 0.07100163752398715 0.05197366412525997 0.09533554033824661 0.0773636248509396 0.017792391405591187 0.09464462099661523 0.03327914390393557
44 0.028060657190680117 0.004201464725751293 0.00825072594399981 0.0623577528905754 0.05494702281005109 0.10074614568233503 0.0033307085859337828 0.0003169788803895323 0.07003263575530107 0.0039424114329615996 0.0951630871828256 0.03453652397364791 0.05646813070339305 0.07862162996944122 0.08141225310112475 0.09242807056642399 0.09187468677250062 0.10181371206971074 0.0011522715323865928 0.030343130230567075
45 0.11714304438910017 0.03697793835321487 0.06650256915289 0.052372359620111296 0.004491754082257706 0.014194938442305646 0.08024035003738508 0.047552599563853645 0.023752620160953603 0.07747319988965606 0.04558565789020084 0.06185600199606761 0.08642414436162942 0.02525824393773197 0.06770744702641572 0.010349439097213425 0.0623155777197196 0.010941849453825075 0.016837948918099657 0.09202231590736862
46 0.019554515895086947 0.060907380037745464 0.01458721447791802 0.06242420614418323 0.07468261097684686 0.059097374183418386 0.06978784146312357 0.08111515309275594 0.030797315016731417 0.021003763414638145 0.005870763356648797 0.01584002623063047 0.06247303657606858 0.08608229726568173 0.024604639473901853 0.007410259436212731 0.10175028204849819 0.018780117891322244 0.09100179857825214 0.09222940444033542
47 0.07212830559338049 0.049570988582653984 0.02818630533131601 0.07245230894480556 0.021769144547929654 0.03992713054425069 0.004376224939207578 0.020720802775375646 0.042264082626432276 0.095928646724262 0.05988356340690217 0.02833648468494592 0.06145225741204528 0.09808270159533229 0.0758980854658398 0.027739004033541254 0.05042077043457183 0.0416162435666027 0.09561374287627288 0.013633205914331762
48 0.022147902589635435 0.06331503933287586 0.07288127364780551 0.04906110524927139 0.019291436078980605 0.08444187351191668 0.06392949077358365 0.04688766120141866 0.05148606396918113 0.07964722568030734 0.0397502086010352 0.06766364765604432 0.0071552415840738775 0.054393764612967584 0.04920279725326853 0.04861064135857707 0.06948936368151765 0.011111292609940452 0.05889694593246036 0.04063702467513892
49 0.07666327629114501 0.010918895167468658 0.06522332997150085 0.04153186821923144 0.05686476656952939 0.020104704494704993 0.06936573611960126 0.07549904603405547 0.08973173058672475 0.03894180212807397 0.0033799333334354935 0.09080877654130397 0.057939790157797794 0.09022720014435025 0.057751241457675864 0.011611243219039268 0.007063449832296064 0.007349790971368657 0.0669590610031315 0.06206435775756546
50 0.05412162347216391 0.06004325133380924 0.03545568086474803 0.04564229186005657 0.03874397444411592 0.0376043682603799 0.042000105941508534 0.06062334084607698 0.041151179245938994 0.0859913090208481 0.07193408007644722 0.0881202913489185 0.027861449267241763 0.01976259788904313 0.05700080039379187 0.030835189022023767 0.0758657270304784 0.06745786305989433 0.05431776507849351 0.0054671115440215225
51 0.03905661748069825 0.03160508327189583 0.014614308828671109 0.07152847866968197 0.05533167815525412 0.10253323002136755 0.07034166268770412 0.0294364387392731 0.018713916861795743 0.08481363702002348 0.06178559640595424 0.06176036109692134 0.0272816795310353 0.0035769852650878293 0.07893129093212169 0.07598187636688912 0.03904887774049785 0.1045062424696059 0.0028155445208770157 0.026336493934644392
52 0.01870991092116497 0.03897963586342205 0.12182136076612371 0.015968803872908638 0.04162214228087008 0.11248502558402884 0.07025430872113145 0.06918928293658602 0.05289355734211882 0.08186596328110976 0.03851148331936356 0.041568895126589844 0.006013396199000063 0.08056699639684291 0.02669757054710688 0.002048174518157571 0.10965626799362038 0.001848114470897746 0.004689582328794061 0.064609527530163
53 0.06917212233139217 0.050709876961896536 0.06975724283012696 0.06415260949725798 0.04831185101295159 0.05685848231809131 0.04358790062010574 0.07136765088692197 0.03824009295445204 0.02522941831258917 0.06599682233851076 0.029394515392068398 0.04404031495768991 0.058263450607282295 0.056255120893566636 0.07751520637171137 0.0035108479226862153 0.07595409041805577 0.022982290300348946 0.028700093072294236
54 0.0649402106576549 0.04380575766770697 0.04203157058540473 0.07976220228993929 0.09715714225291823 0.04717970065388556 0.0041008650540602315 0.044403672022208227 0.0650662453428441 0.07355922411354406 0.03666630205034412 0.03920990517584314 0.07369502466965012 0.07415019575946502 0.09578123002135427 0.02675933350726542 0.0029320184388275544 0.004739709960342806 0.08257661815846892 0.0014830716182724544
55 0.03127912527948465 0.0049384606290800714 0.06540659201895245 0.08120509065980695 0.070714706439818 0.02979596081814013 0.05450126282659966 0.06915946724587918 0.08443020147506815 0.03946359755249509 0.08149272256699457 0.07224253680920982 0.02819759994614109 0.005912344456267363 0.07399641317321762 0.08204020093142055 0.018160699157904386 0.025999307560563668 0.029373155243161204 0.05169055520979542
56 0.0027885645869354463 0.02389282738662752 0.048708672647554935 0.08668601095446228 0.08809535953532224 0.034306627548847016 0.023668876628264137 0.0765216597642562 0.04828090930473895 0.051759555660438224 0.07021786924214649 0.07713392326309218 0.006149683687450782 0.07067187371280005 0.0005603547308662251 0.053323395989191225 0.03761719878273544 0.09121417897192516 0.06315873635361254 0.045243721248732986
57 0.002592710875348673 0.004151591911232073 0.010862932460237165 0.12383787201640081 0.04656663166846537 0.10214545557272499 0.08090151064690564 0.03248819445365235 0.01674878458343274 0.06277891096276296 0.05669641829930169 0.09455961266006525 0.050543291463778714 0.010936870691616385 0.027573383250643554 0.02553250618250277 0.013154682803405792 0.08797147526675905 0.07354457392267821 0.07641259030808602
58 0.02161091465829895 0.023404348973214223 0.03034035312232342 0.02723095061482877 0.0055076055726140365 0.05311825259661728 0.03480957308529534 0.027210624696920933 0.06818071531349618 0.008515044590322231 0.10614620773763755 0.06742728463231328 0.0036703970705327074 0.0718227436472698 0.050090288811473614 0.08651210636080685 0.06628452174473633 0.08942009893792083 0.07511400556620856 0.08358396226716913
59 0.0907123333838269 0.020639093000490015 0.08444804691179944 0.06910863875680444 0.08994116941984598 0.014366013698241963 0.0771969151576605 0.08013111110982656 0.07179422640176154 0.09490378047243303 0.020586180147885054 0.03488236263991276 0.054478752869449025 0.015587682385417493 0.029204940010660044 0.03313099630703257 0.05351683918825691 0.022349343548728633 0.006986587047018394 0.03603498754294855
60 0.013453134495151984 0.058974768762529474 0.03281167795572651 0.07445386464909111 0.002013184317102045 0.018352629398296138 0.08043705018093371 0.08269379714893003 0.043697966299190226 0.10863212283388382 0.07072663794301544 0.0503280462239112 0.011066618009611487 0.08871163250040037 0.0875409599839324 0.07292067355422244 0.010583569332338862 0.009162919278418415 0.02714181106237065 0.056296936070943465
61 0.07406042553517422 0.012729903744152565 0.07597601421481066 0.0813302185847934 0.052977330520327964 0.06780149884806265 0.027774099265287747 0.011925739621354615 0.06588983469392631 0.058366695338699544 0.050236172649847075 0.09327707816806664 0.1027615513422556 0.05441191727795725 0.053982212877984256 0.02990732890228629 0.004484333868361892 0.001718847371651427 0.06604987526623103 0.014338921908768716
62 0.10907389476574714 0.0043772252451129475 0.1062671577509274 0.04175610485895269 0.06606823768469437 0.009490267309330919 0.028010536521466487 0.0903037114108279 0.09382340677576846 0.022356899401982034 0.014395388934452413 0.006947859891602371 0.041792227941511925 0.05575342559179635 0.04853962159753977 0.0002055856229894638 0.11282826234068907 0.061892424467993506 0.013827398003575882 0.07229036388303885
63 0.053182200328257594 0.024141327211834623 0.08043065220471918 0.07495128677364528 0.07135880813880897 0.04631798608450349 0.03097662943642661 0.05252727900432948 0.10918879462888018 0.04965951351697345 0.013266376365135281 0.10691459359570657 0.06863603995728591 0.027282055890181463 0.020833698037710825 0.015816015893423095 0.0007960354884113852 0.026474900453320026 0.09515754744857723 0.03208825954186918
64 0.04935537430333337 0.07131829672476749 0.05945480368927575 0.020965146036936482 0.0032114903837239537 0.04805401672165174 0.0805136934297276 0.08401710814644532 0.049292722316315846 0.04367355102030008 0.08369353258901828 0.04689630699815149 0.05255450145478492 0.07266643084357427 0.084529497812527 0.016014433768594117 0.0918497476712605 0.008726922989835906 0.028142387192446272 0.0050700359073297925
65 0.08840377743870323 0.02119241223779135 0.04932273222467374 0.08610007849883018 0.022546949368754628 0.06987357958522349 0.04703892426025376 0.009267289468071174 0.056789955174838765 0.013264360973564211 0.048941394403606356 0.023232069119616852 0.052909643152776006 0.09115997473588479 0.08905900482419622 0.051223929466500694 0.06144540241910153 0.060404666578314614 0.005122594458424947 0.05270126161087368
66 0.05841915844786299 0.06496327104372923 0.0649785283428519 0.00936090335764311 0.010776764337315083 0.09309733163071031 0.06049628615815282 0.026314947860895985 0.08086159645857476 0.03239854344785167 0.06790815410649652 0.0538863755977314 0.04837376816345014 0.10043010765103448 0.0058805435719392 0.08241291186579203 0.0022010538002271147 0.02895601594200617 0.039002835629125376 0.06928090258660971
67 0.06383603153537515 0.06860102807567024 0.023475341509740868 0.0008270584220182117 0.044449408068387 0.053068183685841944 0.042285278178762584 0.03247850417346045 0.07356398473765845 0.005057337702370112 0.04768562435165694 0.06396916937047974 0.051623417548598234 0.06239408231763884 0.07474902879437781 0.07293313153345987 0.08632235047546598 0.051979132661298576 0.07852856236618648 0.002173344491552565
68 0.08560518071701043 0.030579707210059478 0.06507806868379036 0.019008668798732805 0.0580027838901663 0.05272971972893223 0.07976216399249057 0.05732856256517912 0.0813924015168052 0.03779348907605778 0.00421370915924135 0.05790209256594702 0.08458090575034831 0.07473846694872475 0.051523435797793955 0.03934645251908023 0.040246595091898 0.028001752469497133 0.0045860286394738 0.04757981487877153
69 0.06400949799788144 0.05028207167829871 0.06368481922358828 0.03881992624835891 0.033685252465030686 0.04129267082699496 0.04140043435554959 0.078626831990324 0.048540394480148186 0.042177981803550806 0.036029330971680935 0.07322494374655869 0.0009580268425885349 0.06781663891336187 0.03039907555852352 0.02924232421560312 0.09109548088627291 0.08868300737172835 0.05582664207301814 0.024204648350938357
70 0.09091135041021728 0.0286510901073521 0.024022410060613623 0.05383531863061424 0.08250301956036302 0.11932239697138364 0.0016412885132219722 0.05413531843980646 0.0030265571930818526 0.04717283796101773 0.0577721484669593 0.09851123589130718 0.0918080203174412 0.015584588572122011 0.04420311846520477 0.017347460498570853 0.019620133112433626 0.06284215287438745 0.041630815792907276 0.04545873816099418
71 0.08520207267043262 0.03602854119055451 0.08894760790095729 0.06322108967345613 0.03387045442523441 0.011894295301076437 0.07071316318238838 0.07259456289539026 0.002865727307896406 0.06408550324407533 0.03401083462501628 0.029969793948325774 0.038267054677677055 0.08079405608194959 0.04774178671877371 0.07318215529812984 0.0004695160585513041 0.036995808967344106 0.07110199763566938 0.05804397819710156
72 0.060632619684653416 0.09400606604808037 0.013105400018611709 0.02941839394413766 0.05251470712826944 0.096556276648317 0.05770950509296287 0.05477427749742714 0.0534801231728548 0.0158306447876475 0.08729670363688592 0.03752776661891696 0.0937994091665213 0.011290868701560644 0.004677607763297406 0.0034683689349604705 0.0585201477880816 0.10477675108257348 0.016641155700223283 0.05397320658401674
73 0.03070068502379479 0.05011342496587865 0.03252189735211968 0.012552966963914444 0.02582377181055392 0.07570560626471466 0.06863651724299097 0.07958387862481665 0.015359159658106344 0.01665082075571321 0.05870026151454142 0.07244727568090721 0.020887463749753317 0.037411278265653165 0.058525126830794236 0.038880738616162244 0.0577600874604088 0.07277862922437438 0.08391672848761449 0.0910436815071875
74 0.0651772154301322 0.031237596311040096 0.03439052445292615 0.02734044268107011 0.04394151710385501 0.01079843714110884 0.0946581463023756 0.0009126752290920561 0.11597913769583043 0.09564546510735651 0.08533685841155735 0.013683472510081054 0.09108616008254841 0.058356248958597416 0.06690157149168073 0.05232096582878002 0.020302249098427316 0.02230170169545757 0.017746272061669975 0.05188334240641304
75 0.06685425510036731 0.07314054531919909 0.10496413565312497 0.10367353418542663 0.05588851908266243 0.009975205439547568 0.050830448750502376 0.058416189175273754 0.0003852553335368476 0.02249428456441072 0.07898624360133401 0.026043621793904008 0.008937180584287207 0.07867380663384768 0.0452596218307051 0.022261261339204783 0.10374645315374302 0.0008700150707064781 0.004534655037455911 0.08406476835075997
76 0.006985991807659156 0.06527924801179079 0.07300515813989489 0.058239860665609475 0.04596851588160456 0.010161749973211818 0.047761468448804856 0.031115878303085417 0.07973895199509608 0.0670229627193878 0.04642362452550232 0.009955069694588474 0.009364482197316002 0.08245392699720938 0.059705285716002525 0.0787267281791195 0.10578873389489185 0.08199052387301764 0.02460979289112967 0.01570204608507768
77 0.06870654490823659 0.07152068824033399 0.019817208409470457 0.0995371354803182 0.0802265007745109 0.0366488494815952 0.016879960482278977 0.045439512999012666 0.0409918776242702 0.06256126087801207 0.030496516998493987 0.031159049111626397 0.0628629110670398 0.015777653284949105 0.09544003870137725 0.07418827482340212 0.016193308291659846 0.08017452904752355 0.049710187103994476 0.0016679922918940524
78 0.0890642785308285 0.009109956426254324 0.03063773864068899 0.06296484304339502 0.020390588351540086 0.0626128244704004 0.01764512767129284 0.04368628681119172 0.06598823500730397 0.044351088434614334 0.07676648846871469 0.01252436731960625 0.07851242317166522 0.07740227887109041 0.06562470216836622 0.05141383983873262 0.07117854695068754 0.011473577798763405 0.06493556431108566 0.0437172437137776
79 0.01694461224503935 0.05036579368403643 0.09055073997408127 0.018271548638265033 0.07083455200111297 0.01988795295807373 0.0010492359812623755 0.06604448528546097 0.015643216443531432 0.09067142717966765 0.02955132728037282 0.0016967282931701537 0.09375985017684242 0.029364988090717917 0.09257694471609143 0.07478340651478617 0.08420408731758455 0.04187050358196416 0.04256374214955672 0.06936485748838234
80 0.06045269425378444 0.09025685217559966 0.08933198581800589 0.04345593489102804 0.023654934097249586 0.029863240369301696 0.03643299029279007 0.049626423476131894 0.023389669231703037 0.06919356691760319 0.01932179404504551 0.04135799273832551 0.0794543757390893 0.02031596137540712 0.05970338988302704 0.06607557670264791 0.019682756718452557 0.07882289722733854 0.0653026582325895 0.03430430581487927
81 0.05320740911011554 0.05863611971884054 0.06914526586651537 0.05503120868597698 0.03918778663778559 0.05048548810431382 0.03213872498699474 0.04284863965884733 0.07287927149611045 0.02811540029921985 0.08863336498510167 0.051068150120272805 0.01949282627402727 0.07744662870392216 0.07890791240009912 0.03554533967668923 0.03327222616339093 0.05226453967345604 0.05589159328349676 0.005802104154824063
82 0.0523509979245614 0.07001948988707564 0.034365018882211135 0.055281849652089515 0.02485379534172831 0.040026866914560526 0.001527536753591856 0.06120576307436056 0.0695682648800887 0.06564618112829237 0.048078100105637143 0.05541401951663488 0.02540711674754391 0.027012402469008347 0.07223214845870117 0.07147223694753069 0.045250436058198805 0.07215512201482722 0.033062782476307305 0.0750698707670505
83 0.005755047911271162 0.03260490753415831 0.036519398857589556 0.022470598073258286 0.08795966152032036 0.003036528706781095 0.11235017149523702 0.007659809134422334 0.0035645868725822094 0.05552760596708758 0.03795214065650619 0.06761243434119704 0.0031791714408174157 0.11302670746394942 0.07550711309474196 0.05226753997594949 0.09239557319948452 0.05246376571482934 0.09774651827934262 0.040400719760474046
84 0.0762768192002197 0.1056140734951985 0.0014052348074190574 0.0226722094556088 0.09414846744412136 0.06898429492502871 0.05152727079548491 0.037399560023003375 0.05350728898548798 0.029754424431122767 0.06825990729795976 0.008762436124297567 0.08610330964723631 0.04990072761727024 0.05172851899303746 0.005744655162703178 0.05959233660011845 0.027766419439650143 0.08645128842774119 0.014400757127290591
85 0.06865616882889046 0.04441337134326502 0.07753877409909982 0.08664998739204732 0.08899372980413273 0.02774959893827889 0.07391055931687884 0.09193220648236776 0.003989116967135751 0.08660199064778924 0.06401946732770325 0.07985505030191142 0.0017497111274749424 0.007745150663403933 0.025349518152184072 0.0011914360740424143 0.03555611158749639 0.062040434109851966 0.017055575892422563 0.055002040943623064
86 0.043091312393564785 0.08738811549364632 0.04413470516000973 0.07158485832458993 0.07788525849597518 0.025051156728921595 0.09196238916774684 0.07253656312022015 0.006567034171024401 0.03602027430488305 0.07666342564153883 0.055451010343799234 0.030164615960658347 0.04755788511868298 0.056806961957893566 0.05318558490545321 3.335591897642472e-05 0.008858047760709184 0.07424845118787543 0.04080899384383075
87 0.047767431721540576 0.033010609762644555 0.048215827859999394 0.054969666103720075 0.0645631404765604 0.06591835908250702 0.03176878702616809 0.06078879308082881 0.07249575883008097 0.007685215052598072 0.0528559764053217 0.03756861386332818 0.018942402806729198 0.07348957335303845 0.03357777881362625 0.02512941969980855 0.07793703462283329 0.06334897094644425 0.0848643488493642 0.0451022916428582
88 0.03717094658568855 0.08256523876521184 0.058315127380559 0.026284628624618927 0.030527602429268243 0.0814638955420533 0.025672483053659982 0.07240954674670946 0.07809792173165367 0.02127952821584938 0.030928060559102154 0.07809502235595592 0.07729491753784667 0.020761548120680495 0.05556831176210193 0.02274724928095734 0.07772744842205105 0.006388447376008005 0.07105869730411822 0.045643378205905846
89 0.06287849349666574 0.04990829329447312 0.0064232310229446815 0.011503774721004827 0.02117916162296774 0.06815360147876205 0.0305766236990491 0.07413682554483143 0.07822025580407095 0.06826239882394479 0.07685382266489343 0.05347102345516707 0.07095636030436168 0.04206390305230901 0.041732976634980094 0.0672299300369747 0.05949197807309722 0.05054250821496041 0.05991936345006518 0.006495474604476783
90 0.02095021900914014 0.09585679303802518 0.07642770104788003 0.0668805060615773 0.03543800142625158 0.09634719395165611 0.10316678884628804 0.0037616291763231096 0.019677170152094647 0.11041115884301897 0.01615517000035858 0.03263676926471766 0.017464686290556936 0.04890075845855782 0.029924611947712104 0.1005503364118481 0.05504039502891066 0.033149747746531656 0.019033985187084414 0.018226378111466778
91 0.10163146480866432 0.07778231311848448 0.10436090048242865 0.05996882776919047 0.03337560455449091 0.024988496785377488 0.028426979972111844 0.024322628288356844 0.03931837930623081 0.05653073958142171 0.03412596881440719 0.021188014760925127 0.030445246397543355 0.04073263095026847 0.0033522181580518903 0.03886209729469243 0.09566868204714989 0.10194474574307695 0.05161852730979415 0.03135553385733316
92 0.05796397637388122 0.06321814674661748 0.05404117987596531 0.03993889078745625 0.0059492362115751325 0.049534436076773325 0.06803892247182906 0.0535504592261905 0.005308891219886559 0.07358844318168803 0.016637650525840233 0.09353362109862266 0.07773539354416016 0.09506660858441127 0.010765570171786686 0.02416277106480505 0.0806005063489083 0.050377778026353404 0.0627863910306323 0.01720112743261705
93 0.05437259280442341 0.04154734743256112 0.061572588798188645 0.029531632004042126 0.03853761241353255 0.03236238521072907 0.06262376109091583 0.03379928396031986 0.08798258871202075 0.010712900689707238 0.022405191450510713 0.07102072000251156 0.08211793357374479 0.057678166988005854 0.054839140649694515 0.012281137891672685 0.05587811572669818 0.05740499520461982 0.05802585946488094 0.07530604593122034
94 0.015403700904580545 0.02470308554344791 0.0875918413310245 0.03543286010252228 0.017312335560401803 0.05022519589199665 0.10605640240441487 0.08244457606700263 0.0024203891479756003 0.10318727827066142 0.03330328045626486 0.050867418829193635 0.05750353200040338 0.05868501221498396 0.013071778422008278 0.007519183909930223 0.05951836929253232 0.09642907328375674 0.07222474982690436 0.026099936539994196
95 0.010864533715285306 0.10322138051324682 0.015579446238361052 0.005918019347276891 0.10149243984359517 0.048282558198883475 0.05702381864882768 0.0410418669616252 0.09358573163954671 0.01079390100248156 0.0883621268126657 0.020739641711073443 0.0164346006853549 0.020667278419494225 0.040598279221489765 0.10093783976418486 0.05111690561490647 0.0773720050216658 0.02350626673288814 0.07246135990714671
96 0.032572290739929115 0.018043043058576576 0.09560572275272289 0.07457861163743183 0.08752673281587493 0.008705111903540945 0.03532371779461384 0.05295177539964228 0.00024886056470752824 0.02284671866909965 0.051975175975453584 0.06298305309126803 0.016137197540465664 0.05652916610689965 0.058096166551239246 0.07021063673137333 0.0019172605935993319 0.10873535355015851 0.060118338024381095 0.08489506649902225
