0 0.02210803984987664 0.04389218600890305 0.002765738617354299 0.09390657237866358 0.08370565019589421 0.10335103300244873 0.033217437925637056 0.04257569362936725 0.051068962945624 0.008966423991812232 0.037191464193951966 0.031712050821446965 0.0944783324290268 0.0058203772531401484 0.04096087696818591 0.06006292292004478 0.04129473945444437 0.0989829649445879 0.08667473371888869 0.01726379875070129
1 0.05805035034392126 0.009884417869110608 0.02534899245203033 0.10756335772859862 0.013176368541419865 0.048241957480809214 0.032748497015746406 0.020016760205734604 0.022615917115662066 0.02492404985646605 0.0967826652175454 0.08257159996820877 0.024581540287293036 0.033266010473561244 0.09256847330370618 0.04062973746475767 0.05635152496158614 0.07569796538517527 0.08902804427297116 0.04595177005569599
2 0.03921730441388366 0.03459235321618113 0.03554007090005431 0.021412911895607768 0.02166935530350594 0.029456786625473595 0.08918335298827887 0.08722120344616748 0.024260465842590992 0.04703695000145433 0.0656555569831385 0.07365400281777995 0.044016504748266204 0.0694245565443407 0.05908311208892198 0.06818026310445123 0.07188269745970569 0.015245085582062652 0.05481224594580311 0.04845522009233185
3 0.003455496999046358 0.07047050391448496 0.05810490635519888 0.024105133244585648 0.07119710236481307 0.05899256774410771 0.06668057345534754 0.06462882785789494 0.04483752659268739 0.04382360367238728 0.024841409099222108 0.06259453568594639 0.02841031132274323 0.06151775058867394 0.05626931952299678 0.057629305645493185 0.04867608637800005 0.06829596941186093 0.020802995589025746 0.06466607455548391
4 0.028372248616179586 0.07982442878275514 0.01642574201406821 0.048462119119029146 0.08064243417385182 0.08616598650315262 0.07963976823542104 0.07609235040442051 0.06046915722741539 0.07131228024078307 0.026416510494755244 0.04454262047494208 0.0630669618752888 0.008286014781132578 0.030649904088818025 0.020227822061723733 0.051016164520739864 0.030000856525228586 0.08165631011685726 0.016730319743437364
5 0.03923011296068803 0.04223505283988056 0.004219055922847546 0.026473385283742257 0.06862874568504364 0.05689543994797176 0.020505702674799016 0.014816118211051898 0.0903079431441159 0.0805858390010738 0.06954463757286715 0.07406911683684403 0.0840960871649185 0.07068118501279612 0.03724356820522203 0.056439926036657484 0.035624239507560024 0.02287958608524172 0.03753973098584817 0.06798452692083022
6 0.023284156303638077 0.020142302354558387 0.05492855387521415 0.1227989802512691 0.05975443112977901 0.10608861380577954 0.011958380305529502 0.1227278116271864 0.016622865168390098 0.005031072451163218 0.12157889769235508 0.011463879670130593 0.014364142714223305 0.025040668143097217 0.07461621807686687 0.04183880759633216 0.04486819528920767 0.014113094714677636 0.08427328290171994 0.024505645928882186
7 0.07916162462703526 0.025116308869774718 0.025412804029439826 0.08233091978499793 0.026479115682952727 0.08579061015794727 0.03783560517381538 0.0994405008867356 0.03052905304175777 0.043645961361669414 0.03156273007138968 0.061791849342865246 0.0464416626246001 0.024384319786704398 0.007244750863179123 0.05624529094675513 0.05277775852329636 0.07518589217229747 0.01269707547696573 0.09592616657582087
8 0.10181842869930756 0.02700367662426072 0.1158592325612836 0.018434825217348245 0.009144135585497499 0.01210672104041973 0.03831110724416929 0.041760833000946525 0.06181954692466838 0.02211662593847413 0.08816065553400593 0.08307930444504369 0.02885243480093431 0.08324071448988583 0.019443595318315365 0.10195157259361039 0.004328083676864742 0.007745090106921735 0.10819513325786834 0.02662828294017391
9 0.08871586743256189 0.0842104637135376 0.09286387205381971 0.08538403428691003 0.0666609025130029 0.043373852912385595 0.016917380849734914 0.046676746945668285 0.027910618207683015 0.01938944830767934 0.03652649829227607 0.09425889922882748 0.03709530299739731 0.03854089769889697 0.03299662331409032 0.0009917363316219428 0.01811826534785423 0.007907293406442736 0.0894807940538082 0.0719805021058016
10 0.09845411272485965 0.09406147475005687 0.02948580850618099 0.0136878546105905 0.003698408180230023 0.008049427310583097 0.0036801587264276374 0.044212639703951576 0.054046920932712884 0.035975465058259236 0.07833788222246568 0.08920089977939823 0.041435915450883105 0.047659628190852704 0.1015606498814463 0.04518531234623637 0.09490911399938903 0.044790425979823474 0.02204761830917184 0.049520283336480814
11 0.07539134457102466 0.06926274915325177 0.045851776022281854 0.07632083069318846 0.040473332501693694 0.06780237853945269 0.021084471717641603 0.014524795186928303 0.015836139039811407 0.0813148380909345 0.08377110968457827 0.0333421265589235 0.0013700137179358223 0.04332718532887664 0.0619780149860843 0.06479104768699487 0.03896254408360086 0.058008076181644684 0.05408331937101179 0.0525039068841404
12 0.029843797376265177 0.07369701906000163 0.07181760174394593 0.05381914250767901 0.06053583349420337 0.018569362502318096 0.03995856508111183 0.05760141407664806 0.0796822070759323 0.04311048119325556 0.024454695095875313 0.04600104370893313 0.05768116699300337 0.073571902496306 0.04979602443079895 0.04787809627632246 0.06078447813530699 0.06577414135399372 0.01553025877115687 0.029892768626942342
13 0.06849947411725525 0.046842255598241275 0.007774230070517796 0.013017357207188525 0.07831558139956941 0.034090449632140044 0.0034579147068407065 0.09674565999136886 0.06645839965542576 0.08417158728687675 0.022691773197409462 0.09283368646910976 0.06945931958401093 0.0832051267338975 0.07084326090235867 0.03690326039892113 0.008874715390026327 0.04696529881061201 0.053276259213782186 0.015574389634447667
14 0.03311635401002215 0.07642088594334355 0.06407964892544274 0.08354183337949306 0.06734986379367747 0.009541636911778199 0.07129592739527145 0.009202542529359066 0.06867656488168608 0.07851891677928502 0.04171073298195059 0.10586605545744253 0.07026888358874916 0.05316655775835857 0.011033573631484186 0.045700308096327004 0.01612676733855757 0.004277567121703244 0.08756719783239472 0.0025381816436737697
15 0.07082731552362294 0.0016094184487708083 0.013640754548618713 0.0783789494866084 0.022068366647781182 0.06459550066229645 0.09118942859328284 0.11116853283148548 0.0032077494912046535 0.0708525083265833 0.017778441329356697 0.043498755835898385 0.10452262936178501 0.015701849184540567 0.0010286146517999803 0.08007540556856106 0.04733979655826892 0.0011374815563353594 0.04897614693870367 0.11240235445449563
16 0.09682329135057831 0.09810482368033646 0.06610580579474389 0.03203317253180333 0.04923957597581289 0.03892972035272489 0.028589129190914282 0.08926168299608252 0.0077270742996727905 0.06301155669541648 0.013250950532634706 0.037777976675202336 0.023590556643224677 0.06806215530748493 0.03692262027753316 0.0494698857032998 0.06698183993958727 0.017136623954132724 0.06480290931000739 0.052178648788807167
17 0.02781080820746143 0.04101571740062254 0.03385813544520721 0.09191108516603262 0.04386217258212178 0.04286863018505221 0.07332745128165623 0.04787260052501156 0.0752943387868641 0.02544971135602704 0.002508243331105927 0.09453619801201317 0.05997193807818582 0.03155695045843649 0.05438855215229252 0.0073789491310649385 0.07487561083568958 0.045881809536895156 0.046007267058204425 0.07962383047005538
18 0.007557425085345668 0.06846054447143618 0.0930063294383155 0.0003679497928128718 0.09368810912179876 0.020474841662580033 0.0013466210561630318 0.033105410358358095 0.02938093310822389 0.0607245710036165 0.06605712785496275 0.07720351183223863 0.018196359796358516 0.0578254656210185 0.010724713577353773 0.07514153576836848 0.08716076887112466 0.01008027756324351 0.09418385540098956 0.09531364861569101
19 0.055170449286998914 0.037963677729404725 0.0754790048473007 0.03286696915929352 0.08040750811969391 0.08805634439938805 0.06061401075226098 0.08036255641761293 0.08715959290112321 0.005739081599831013 0.03494658689607204 0.03991241596449907 0.030107367081454575 0.03545659869506319 0.06889068108764333 0.027403855728923166 0.012805466357915378 0.03930661746776762 0.013411789653061895 0.09393942585469169
20 0.006799548933132355 0.024407359055724356 0.05475185987947323 0.020269637109784442 0.007211451957365921 0.079333060814897 0.053505461090393565 0.08412897194044977 0.052003364627207144 0.0804635473677048 0.018091866264255272 0.036311318835459926 0.05453908142373225 0.08569458196732246 0.032836724175282446 0.07932817764806263 0.04857219590200722 0.08004239037366549 0.04178429568977084 0.05992510494430886
21 0.07235589219370726 0.09702790011407617 0.025140839396463624 0.031985393131322655 0.06173662240671389 0.049499300570882795 0.051514596740474136 0.00607174765060418 0.0577080302612965 0.04272068822685202 0.05164399651697744 0.07649695744691823 0.09466194474305976 0.038192691029644045 0.008826654628291408 0.015958668962902833 0.07648206440304793 0.017719985708175175 0.037013172034917566 0.08724285383367228
22 0.03630403412462428 0.035852865660733105 0.007585155889404884 0.09021756062587778 0.06856433256789021 0.08732706493508813 0.015131409512854428 0.06985449432105106 0.08648648598118606 0.06410034247994119 0.005629366387953643 0.04103705376076626 0.050323502555172525 0.07777293776654345 0.07916270357863013 0.0018458644586639942 0.06603689237679118 0.045359088015493244 0.04147162521055837 0.02993721979077589
23 0.09306882158979299 0.0875640504588731 0.015083024614000767 0.033523877063780926 0.07385581558608532 0.08459495528247826 0.05141654301967384 0.020061608239530904 0.01152977187188087 0.06248338428991668 0.04287118232290645 0.02512493680777143 0.04966629738167683 0.043411466146053776 0.07098793542422724 0.0028270833946569015 0.07470386758852517 0.0449684481130644 0.04745158005602792 0.06480535074907608
24 0.08592052428638705 0.010327046932684261 0.09989087954744573 0.04152746425516333 0.006160441569861588 0.09174388655675975 0.11936437932301737 0.025597547262641157 0.12836332032852946 0.03397303037299361 0.05788157460571813 0.0626672503881536 0.08466383861191637 0.03230776198380982 0.030913274111766097 0.010231071486608926 0.014243536962293038 0.03841419066229525 0.0038547961346052264 0.021954184617350103
25 0.020207045771927404 0.01814333317000873 0.1005652697392129 0.005936082181608322 0.055045860741527466 0.10664159106660831 0.02164895050645235 0.03462860026081159 0.09858425090474823 0.007698588973298159 0.051244880025416335 0.06486002467691358 0.10485313246373536 0.05848561139154564 0.025011436649980255 0.019255576647228153 0.1240396244061373 0.016784257782676924 0.01572283930642754 0.05064304333373529
26 0.1130933823269056 0.05804284955464681 0.0809480704390302 0.0029573544833248005 0.0650684951889461 0.0002697981013755425 0.030492219216616243 0.01545059946115639 0.061506013303363194 0.06535326288749801 0.10763173849949016 0.11274379796177061 0.002581203304003796 0.005321585588035749 0.033631178898032306 0.07670122321911424 0.00682340779115814 0.03762274008436839 0.055297073435485296 0.06846400625567846
27 0.1082085017519047 0.006882703598292432 0.05580259209399559 0.10439006582501109 0.06030910463481971 0.05491858166132037 0.06338097067892466 0.047827564500595755 0.10837287953316152 0.006567627347652456 0.005477952820692629 0.05667917970378425 0.027155305241108894 0.06450513612557164 0.036262515700024575 0.05988790321495965 0.10268804327141418 0.01749577706916439 0.01235791334133059 0.0008296818862710689
28 0.012841143399543302 0.0012055158507934165 0.06970090495634246 0.004592724962713357 0.07665626177187597 0.036133451148949114 0.09761685493212234 0.021326833277522057 0.11181646712491324 0.008355872016139172 0.042746154909823045 0.049728168010480606 0.06695077441455069 0.10072074461755859 0.053367388929728574 0.04693139393642543 0.008937285593001382 0.12507212980731108 0.013817275960538014 0.051482654379668376
29 0.08442533404629844 0.04921953434719599 0.036975731074363555 0.00950437442176652 0.05940396120131092 0.034273731328180006 0.09939409919680733 0.03472437259095158 0.05945105231058052 0.020511667097743373 0.0983407720811735 0.021579058680150195 0.04975949652766462 0.035975929197903385 0.04333648829036841 0.00030704291057088285 0.065065580955763 0.08575069211917105 0.06328187892141993 0.048719202700616984
30 0.019773225210375434 0.08843433883285112 0.024502376555280047 0.02471093681461024 0.06224965948037468 0.012903928669049878 0.005490846055867112 0.08963754763147572 0.03145728756692154 0.05299141411269063 0.05713415976940052 0.011168663776343176 0.016681077359487883 0.0876930688934807 0.04792864187973516 0.042438443319707204 0.09830264247539633 0.08762114919756939 0.03467532051626241 0.10420527188312093
31 0.04826145352683515 0.02711528568323939 0.05090854545684239 0.1003821591163628 0.012176478996072165 0.0699834525915867 0.009952139918523577 0.07774583032888063 0.07656317126885281 0.06768787115165535 0.03046870773331325 0.04709905906506633 0.02075647587028512 0.04983420853738138 0.0760843125117188 0.05840962428001726 0.09287379499532057 0.013292130443292482 0.04822186098327869 0.022183437541475108
32 0.057242538329822915 0.04535869324230781 0.0582851773992403 0.0122612878488327 0.05233776996333086 0.036296109113671364 0.047410290703207306 0.06272616620187968 0.0785951578388428 0.08009386313744911 0.028490652656255416 0.044593650986005665 0.06483944511479202 0.004323357746560337 0.06427742420339201 0.07566939712119315 0.06723800972543639 0.0834436784065815 0.033192816548765346 0.003324513712433528
33 0.06017866486502994 0.053920643197109895 0.03080867360672065 0.014454555703752946 0.06764527500739748 0.052637816750019134 0.07912782935621777 0.008229288895955148 0.06731455617052053 0.055943858716489735 0.018589474557796637 0.05542843323417891 0.02973058570438057 0.0397478698943128 0.006488475042270624 0.07721059732895971 0.05059558040277812 0.08651701106232643 0.08294533976311512 0.06248547074066792
34 0.10435875038015645 0.02207871570938455 0.08951983437652261 0.07206917089014231 0.010754850660418341 0.0789463439432968 0.05737391992382822 0.03196921883450102 0.06983128813487675 0.005255720956870134 0.04046199196595671 0.0033822597948470214 0.039139261914576805 0.07116214704191987 0.031361770613500685 0.06353813743288968 0.07407196832755102 0.008181843998555892 0.05676335923887305 0.06977944586133199
35 0.03537356146937398 0.041615336231033334 0.08115182851556588 0.04744912888022695 0.002987215943009556 0.060477150650997846 0.04301680050616938 0.08853051909184041 0.061294264509860974 0.06388149738848226 0.05467900526567709 0.03369792190389288 0.0037584870217862673 0.06434158067070196 0.08286033047451427 0.025754930794384547 0.0460651396247722 0.05328368779595417 0.07721153157967364 0.03257008168208259
36 0.07786147483705556 0.09997182765427544 0.08174620063606189 0.04634667855048318 0.015458600234189847 0.051885794849074 0.0980704366354577 0.008282199453297837 0.010623521940517132 0.03110658820218873 0.07941378552518764 0.009115298044704902 0.012022631776942036 0.09680972929896747 0.07400907887192444 0.0981542625112208 0.022385925000373445 0.0025947133259079627 0.01100316626708219 0.07313808638508786
37 0.01255905007225518 0.07697659585272071 0.008888769435666641 0.08687544071307657 0.07253152194385565 0.05209536725922191 0.060275507464842996 0.021819148062652626 0.03544892961614775 0.05619695536227603 0.049441679989369054 0.021612288476646344 0.06574876039349012 0.0240011359710896 0.08534990040041394 0.05722370793707259 0.00842002252106539 0.042002533767359775 0.07100595982859347 0.09152672493218376
38 0.11332375316484133 0.046801187053445735 0.060586154066693286 0.06881118295231972 0.06117667025357068 0.03821857066839543 0.009648604016309327 0.04385669764628824 0.0015815359107676271 0.027629996852152186 0.0806974007526641 0.03914055546871097 0.038284935006036816 0.05758334717703356 0.038665156796026556 0.08904387357038485 0.10636139425478007 0.02530093088779957 0.016893875758924592 0.03639417774285543
39 0.023796260089322337 0.0830569409245488 0.008606597532397203 0.039876088240560055 0.06793592863914873 0.04542612072215065 0.01530235053171364 0.08704084336235197 0.08786552372730833 0.020830372036644132 0.06313538953848348 0.07016882976433722 0.0742084196685222 0.03652473576202853 0.08019174959013346 0.02737033133094587 0.024959223201295785 0.0467688294560439 0.06654355730755546 0.030391908574508204
40 0.08173864662493645 0.006604640259048682 0.04409548618640866 0.0913928439483397 0.054900548995408326 0.07181731329753004 0.1089673365407984 0.018495988194423153 0.041459823620731334 0.03201590393425986 0.026730288485048895 0.003934207377192358 0.06278952874938015 0.06920425869561762 0.06711494310542393 0.07472398059533865 0.005935123885049317 0.02255913812294319 0.047661676244878284 0.06785832313724287
41 0.06020873362116357 6.91470644761188e-05 0.013940220024801908 0.021540701492943074 0.03905462111421934 0.05651956633435248 0.08197839249098407 0.06919141337853815 0.04504488847142797 0.04884128219162263 0.1128198847985556 0.02810105270911358 0.026327019328701892 0.07709907369323911 0.11229903986510195 0.056582253283674215 0.01356267088589228 0.0035589338060384177 0.07015578947883679 0.063105315966317
42 0.08524770942734944 0.08409483814566268 0.042479313368949605 0.04032973027056545 0.00955740967875168 0.044544210165142706 0.04120338750778306 0.0654173278151173 0.07075071018847078 0.06181107980477171 0.07029897715099427 0.020405483908086046 0.0865644004623781 0.012520389946270078 0.04427495870655084 0.012767667608178665 0.01939767828339067 0.08244842013978015 0.041873149134611695 0.06401315828719498
43 0.08723826672106925 0.044134793619539994 0.06648349236685291 0.016761137721148175 0.03161169939992176 0.0578941879088676 0.07910854726700461 0.09179206391521423 0.09623364080680662 0.07845589889110927 0.041083873102479476 0.05394665041911328 0.0070425074946125245 0.025357693199947524 0.009092119782216839 0.04614099954749952 0.02569441709878413 0.0883778878268627 0.03929135535059684 0.0142587675603528
44 0.08632796238022912 0.03306149682979777 0.05541149484281201 0.021614848318578156 0.05708068509436524 0.09512091089920449 0.0322348554002879 0.009219991999392899 0.05001632974808862 0.09487507060310701 0.004333732840779395 0.024442475618161492 0.03058508058173431 0.04333367254310397 0.08918088016615935 0.013706791002139734 0.07794230171201079 0.03512485766399767 0.0761352594645411 0.07025130229150912
45 0.05621162712957937 0.07485368025221396 0.00996909027768045 0.01749397044087319 0.02494417935795273 0.03884166205198342 0.05780278944632968 0.039195836338684585 0.03294811534591037 0.07721807887081995 0.01433233576136548 0.0631235733010299 0.005014483411777046 0.015139136105840105 0.09096448278290314 0.06844197108345551 0.10862110111059513 0.015422051501881006 0.07313116132054388 0.1163306741085811
46 0.06454790028076914 0.011841689742389534 0.07920151830490832 0.07408610821004169 0.022316990463494675 0.0040181901486894 0.07412838921545135 0.02608236614089766 0.05765804873056283 0.05343159911585125 0.08437398952856313 0.08838609225578839 0.022716180274636042 0.03605880557159313 0.05539146349674125 0.03448094560606718 0.021451276617474212 0.08213912144295615 0.07638903812538599 0.03130028672773845
47 0.0394359993585238 0.022660045514606358 0.032261749322050254 0.03263268929847424 0.04494041456704784 0.12218357660933152 0.031476156358819875 0.03986511240714448 0.06173959356942501 0.04155623819499489 0.06368108932072954 0.07551752040509181 0.025594524943940367 0.0254205307011088 0.07703448023123766 0.017286231002971737 0.09039354238212174 0.09587845936903751 0.0450214932999979 0.015420553143344642
48 0.06326206537497715 0.02357929799985189 0.04930355231140635 0.04403511280280177 0.09213826926703392 0.04172624657788829 0.05551086053316419 0.06211017756758197 0.051806046306850984 0.005143138256432735 0.022881436877089517 0.0882309116891603 0.042371009061949245 0.094960024679568 0.019325398457202998 0.023958327147759795 0.003758807608153366 0.07879297418312106 0.09068241435894134 0.046423928939065384
49 0.041997225294238716 0.04170368842932277 0.09672994231451548 0.04200594602616764 0.05173372324606665 0.04411545586645364 0.05702426907779657 0.05792766203364665 0.09889939959024846 0.045043873239669685 0.06378605784615404 0.04644368971032021 0.04884850937267226 0.03157950324822926 0.03348627475468517 0.06660613513937562 0.013530172890051978 0.0810188568661811 0.011327325454979872 0.026192289599224105
50 0.07773999694962949 0.058283146399124706 0.017578083707799997 0.06943850908629061 0.08493498959310503 0.04428765860459917 0.04555327923074354 0.03531693722889526 0.06419215818697731 0.05009904465022452 0.08450014426414885 0.09082983210536372 0.055321668616301646 0.044828934257142336 0.015125050558068804 0.007728083594271557 0.001822782029568673 0.025540773716517792 0.06971341129852508 0.057165515922702186
51 0.057038465322094264 0.01590729073414607 0.07456836339259035 0.04403680980728982 0.03347991784660574 0.03435446723524264 0.01509152473444613 0.010280578954873368 0.02297598243754757 0.04648707946498176 0.08788922228294897 0.02855568846102411 0.09845890576265844 0.04385068974184945 0.008169131434240084 0.08610256867811229 0.09635330750453631 0.05319035585422447 0.07282564917988414 0.07038400117070405
52 0.08921048971846923 0.02808908544839602 0.0030681065040981136 0.0781677852262961 0.09382266859822914 0.058132003650028255 0.04710174060743154 0.034392133695259126 0.01478895840270517 0.046336410902559515 0.06498718334687369 0.002112416564194998 0.08873744177516626 0.017673040852185 0.04410466497051751 0.021733577005246106 0.08794335582485827 0.05611218565691196 0.03224710693910017 0.09123964431147401
53 0.03242907854132531 0.07624189132514625 0.01820766238477887 0.04180983389400003 0.03252260827179679 0.034916798726282956 0.04677328039825932 0.0769838518273345 0.01552156736759614 0.08347286395630214 0.00212454005856353 0.06966287849152665 0.06970035019968553 0.0859543281248459 0.07045567842507604 0.06807313105133128 0.02326841771058866 0.02718420572487601 0.04873161945735802 0.075965414063326
54 0.004452625382212863 0.05582355707507015 0.04830487000658144 0.03840737065415727 0.04983111092377748 0.013917550492113353 0.030492848440045156 0.018364136700230505 0.08578991901890355 0.09816041394363925 0.048605398787569684 0.07267956449746878 0.07698233886554917 0.028393748135010985 0.0591170609984951 0.04280531542725138 0.093185336670693 0.031028622711992825 0.01675488029602699 0.08690333097321111
55 0.056041297517477974 0.03027065127090783 0.03558404505841368 0.07709547753521362 0.005846718313437468 0.0654027076897186 0.015830364284211272 0.07553109703550352 0.05771792350336457 0.06882412008186914 0.04547468616914651 0.0064661143699418985 0.04961969835679247 0.057699880176000015 0.06411783670260687 0.07469248913585438 0.06882137038365849 0.037550487178963095 0.024375626599052493 0.08303740863786624
56 0.047565860063895224 0.05317456794335775 0.061133354419704876 0.06139484929101464 0.014782252417964482 0.05208601851271542 0.06621915634272718 0.0904261899559622 0.01486681806400402 0.07990784575500723 0.055884425337657626 0.04281224458229594 0.08243996688102281 0.09130660575502304 0.05384423153705834 0.014900548365623802 0.008960894593236568 0.01093604967788105 0.04007459735761063 0.057283523146237074
57 0.08265680412258707 0.0668341094344694 0.07391496880178579 0.0805551305218304 0.06142171610443455 0.02993330931737866 0.0005447911658329465 0.08729753423138235 0.020701053706221707 0.04654112654658393 0.10573108325984001 0.022635846974233598 0.013495611444273106 0.007582044320552045 0.03510728891834156 0.1027315368743328 0.006234319885629737 0.07302456842492559 0.029965410113497893 0.053091745831866814
58 0.051008665425861584 0.024316419717102633 0.03039758430864737 0.01717411961918528 0.05500080239008707 0.05440352883566942 0.07914852951088701 0.050584751936010836 0.09454123224585363 0.02567707104488485 0.0638889489981485 0.05927382358695019 0.017952380769521582 0.0265804985802959 0.03776734405666586 0.08862452935765543 0.002404108201486176 0.08010839146392743 0.08834420194310086 0.052803068008058444
59 0.0506861291378592 0.044663538679363186 0.024560050757485526 0.07421466280984083 0.039010497555535824 0.056679779683376834 0.024017608759973025 0.01310632404286138 0.07913921145137823 0.0792832571083926 0.016028098788036127 0.02755520480106954 0.06378277251068235 0.00613903963786549 0.08762851110565802 0.00024162947392951422 0.08718970671561739 0.06006938510291014 0.08953396325668529 0.07647062862147956
60 0.02790824707731449 0.07354835398444924 0.04998704174175242 0.014150211726645701 0.05125493292961022 0.07803975472093429 0.030278495144228038 0.06705403623052485 0.07136082377403428 0.047127748698562406 0.054937675473894526 0.0840103433458902 0.03775535626483634 0.04950192993519598 0.05496998750744772 0.06792429096613571 0.00513496589019731 0.0649152236255265 0.004089461373525048 0.06605111958929485
61 0.0017299790493610315 0.06806942842857809 0.06434059421537126 0.04656991015975882 0.05770364870109018 0.012973575962056191 0.04874444914922019 0.02778264804246156 0.05234361344226404 0.0587357473934427 0.06159389250497638 0.08070882377203037 0.04625818463171846 0.048141796593584016 0.028008813713772934 0.03162471336031415 0.08061839113468787 0.03216295149981002 0.06934099893513959 0.08254783931036215
62 0.04269317741016339 0.04148404182808209 0.10681932757426982 0.09647188401666017 0.0002214660026285349 0.09142659020180478 0.03466666012047161 0.06376843766546053 0.05057300500225713 0.08169988706654269 0.07393714107812993 0.030544527972684237 0.039387560586047185 0.03620365817531638 0.014163387310211068 0.016102347573362857 0.03509652710677113 0.05087025908943049 0.0895245549382712 0.00434555928143472
63 0.029599116418354724 0.01199456602797715 0.04793154291179896 0.0521783600128482 0.025048518600059872 0.09433838114634742 0.05683178882043669 0.09782399539265156 0.04683225575936425 0.044524793410391526 0.06504018664573091 0.091115053032 0.10352842425755207 0.0511941521987324 0.08506124227088024 0.006646285895002341 0.001387297586033175 0.01726176510074391 0.053333546274415694 0.0183287282386791
64 0.09292169945697737 0.009776313790625622 0.011874723536255887 0.0971876898463995 0.09110426122564015 0.014434305973166103 0.07576664814334554 0.0653397151303912 0.01331284337673062 0.07397513047659518 0.013013853751175088 0.07146529705886069 0.011795626340077109 0.054181063103541954 0.017113802131959673 0.04926792734846694 0.07413718027629418 0.04164065109586373 0.04870262862816492 0.07298863930946858
65 0.02662850313732801 0.0615616032632435 0.08063859629041298 0.07583858211553546 0.08419405265141001 0.045516252853139344 0.040739375337602676 0.05223154983348868 0.0534848538315532 0.007445479889531534 0.03387483106775075 0.008890595816269123 0.06086895068642926 0.05310020006668354 0.038033050701372216 0.02576656137689604 0.06885544214162627 0.04200013416761995 0.08954533745709198 0.050786047315015424
66 0.06150648396596332 0.06824251900730702 0.010623799124461052 0.00011002790764538956 0.0009584332895679205 0.05786758746430911 0.07266993896116988 0.038967434441797046 0.002714812341921779 0.03301487982495354 0.10463113415832107 0.014444439987158575 0.014730458801835261 0.09038221387674777 0.10710257128317051 0.055316234620164974 0.03155094936801278 0.07872958877304989 0.08180246451886845 0.07463402828357481
67 0.05903221101116556 0.042701137421135155 0.05912362472163688 0.03264664125402896 0.008083574029134368 0.0583445054605293 0.07846956473627524 0.02420376724265267 0.04038326050223993 0.08288984501893705 0.03281822493537957 0.06286630993309741 0.03284913003421006 0.07023048566415276 0.021815867071538576 0.023040459319317703 0.09019869287029095 0.08944545030552274 0.047849491407784946 0.04300775706097015
68 0.04999154193828059 0.024908619823336215 0.041995726823327036 0.01582998597404165 0.020855504607711215 0.10068509657350072 0.09995170840357866 0.049884718028228775 0.0014459146626176749 2.1702736335499586e-05 0.07916783671964941 0.11152358438490595 0.053280272469323944 0.029412082122991578 0.021349544557625288 0.003669249476763191 0.014900089772844604 0.10951522186703747 0.06780135683787612 0.10381024222002438
69 0.0446039089358472 0.0794193903658186 0.06459165512921822 0.011515903915537891 0.04875192985569339 0.0683859102249657 0.06866600508650982 0.007273782314975559 0.0469399613488012 0.07066200652755367 0.042741641983568765 0.0681587165000002 0.05540863931398732 0.008277567021171666 0.08022793601171302 0.07176702034174642 0.04602740411306863 0.07576184288129033 0.03511959394319947 0.005699184185333033
70 0.07772274779398695 0.052723070300708094 0.004250633556842904 0.0830735980297933 0.0462988220613128 0.03553776642758565 0.09038749347954107 0.0535566829813298 0.0296675681924901 0.027691241600521728 0.017056907564301796 0.0782741343838843 0.10762372208639756 0.05715783801054182 0.031197642660687936 0.05380879643407498 0.05132562381678609 0.001108427420902497 0.03273993195670468 0.06879735124160573
71 0.004408561134879778 0.06710020376319574 0.041046847903429724 0.003724290208117748 0.04138690289600502 0.007110550503151716 0.054943952465954814 0.014166344772525052 0.0029724200260424385 0.019657353025444416 0.08105044668751077 0.03197434526988298 0.06290644643954563 0.05638822574316357 0.0916825808138599 0.08873151624290099 0.0998123865241982 0.053551086619463104 0.09831108878744634 0.07907445017328206
72 0.022145001339531817 0.0393629896722487 0.006250524248716011 0.055133719171727893 0.03636739481160601 0.08146082739280051 0.05013001561287802 0.08006596264681813 0.0012967820520736072 0.04799054324392144 0.00824420198866037 0.09053610783561487 0.07865282246157729 0.0381305320932958 0.013229552688556119 0.08188862219331965 0.04983441323026813 0.08327961929052927 0.10188583799267564 0.034114530033180504
73 0.05175620658605915 0.07454236477733378 0.05590291641223753 0.02875223011631386 0.044455942617913066 0.037701460752288043 0.04077027854953062 0.02461072889078009 0.0023945546925410554 0.08202289299741493 0.06452998873805188 0.09198257628787217 0.03827431546563772 0.038207407634292694 0.10390812091571766 0.09782899434977924 0.11005359692486053 0.003930757778757972 0.007334644885917464 0.001040020626700575
74 0.05759871215493638 0.041531277764837886 0.009036387150748823 0.0718967716849465 0.07814131962251734 0.01950243924470917 0.07890240017900078 0.07747341031612107 0.08303085210264367 0.015102336641284882 0.06708239274412392 0.03224821254387401 0.05550112228875136 0.018603959757499504 0.044638829118821055 0.049258077908860054 0.004323343521533076 0.08020924367588346 0.06023583476153065 0.05568307681737615
75 0.03665662954814524 0.03140682008620387 0.06177272338299876 0.027191627263057756 0.003893047015303478 0.04016522247609866 0.0460580900778673 0.03982643316034535 0.07116059957784553 0.073211453284124 0.02800865713411039 0.03553368123507176 0.09076770482708026 0.09937411668196262 0.04615509412771317 0.012878860858425026 0.10171308951524936 0.04924167336483682 0.04162087185018553 0.06336360453337511
76 0.03828756014100956 0.01801486496420238 0.06256356842178165 0.06013291301807737 0.011188023780702806 0.05098285259044791 0.07545079830127487 0.060338370195306044 0.05958213903790087 0.05044906031033929 0.024807471861617865 0.05461680569139958 0.07022265187093547 0.02132803425471031 0.08423513010419631 0.07364660255347495 0.059925967649739904 0.07137368716196121 0.017229980966567526 0.03562351712435404
77 0.09149529098116095 0.07365372571896367 0.04275735433301297 0.003688225010054318 0.0205491414143631 0.001647824943388174 0.0445324379525385 0.0825621656470622 0.04384057908131739 0.07907619918184704 0.07084993340776544 0.047960720232796544 0.0169584280916302 0.04237665293469406 0.08897465249927368 0.02847256004334987 0.09144166235345645 0.02853763204749221 0.009349574191561412 0.09127523993427195
78 0.014269576223445768 0.05905874432545957 0.0847468295919015 0.03357966795669734 0.06874019359808112 0.059031057048635295 0.03938606123278953 0.07696462515961709 0.05484846741749192 0.055548573656738445 0.056251361684212714 0.05604347289658582 0.01901474825876198 0.016825410090656332 0.08242404735323532 0.08532321927857056 0.04945429589354514 0.012394178818228666 0.053532394149626815 0.022563075365719044
79 0.05080029270696662 0.0772836921975211 0.03302833649152905 0.01009260522547466 0.05751150359472946 0.0022301236096876425 0.013033028338548339 0.004919675679790133 0.10819506892041356 0.04295177432842413 0.0775650268357054 0.058129306629372976 0.07324424765367181 0.03547103085489126 0.07489244168791968 0.04879142745085917 0.03201193681913409 0.10510289411525704 0.000369961063770696 0.09437562579633338
80 0.054905375516474376 0.0607834007489276 0.08361001547082414 0.08060245217197137 0.031276036451735316 0.01904837024885396 0.07474036327985727 0.06267870217559683 0.014903193029964443 0.08040013186397449 0.08643328951560122 0.019807906019319605 0.036284140232694044 0.04729946912141447 0.008806696362599916 0.0420051471739755 0.023680031012172205 0.06216478691803157 0.042486776016161874 0.06808371666984978
81 0.05040215121163781 0.015000153437385106 0.027363208324240468 0.09446433964629106 0.08267229073617227 0.08989901491863748 0.02274022249549004 0.01822661567080986 0.0070038367004422505 0.0696412347844255 0.09318712962596513 0.06694614261302918 0.021985123298725442 0.07435618202468203 0.0720828498979095 0.09642281924951455 0.07615677443286023 0.0033567826211399372 0.012820114598676364 0.0052730137119657875
82 0.09705219926349426 0.07522574272010023 0.006372634542209626 0.04926864105292309 0.03966097124779513 0.021525178508292754 0.08995201502612903 0.06883072054121667 0.01434495455084305 0.06578197885310222 0.043479504973947224 0.036333358876481446 0.014920259163581492 0.05423983629278017 0.08580155842920427 0.013511358093698042 0.03347002120533461 0.03706971289137789 0.09163535562419163 0.06152399814329725
83 0.08845978391930975 0.08692474508178273 0.0066011245096696015 0.015248576785550702 0.10129948218903168 0.09442498831469871 0.09817960723622793 0.04798861756601156 0.09380114288726694 0.02759459733754322 0.01355652608927706 0.05104022099862297 0.05409027676239818 0.0004227776084112103 0.012549062196730291 0.0607559354547691 0.08122629347075014 0.02798121746869643 0.0023846803860935986 0.035470343737158315
84 0.03852341733158741 0.046454759020769544 0.018708593940392298 0.07679984495612427 0.07070868137458869 0.08944310747620361 0.05159318354084413 0.015420084602666972 0.06056516213330385 0.0272807792621752 0.09032335952273289 0.08043072543713789 0.04290440960648838 0.004106820582849266 0.0809768413679361 0.0345479164721254 0.021752582596986002 0.01587260874289926 0.07469024139875513 0.058896880633433846
85 0.03484719936404754 0.06940413533026052 0.06749750204351314 0.04534896304130154 0.07732960237280279 0.07258751211954806 0.06596009692688105 0.06904112067106012 0.0588318667350972 0.05377247766622857 0.07023193354809719 0.031205334703375047 0.02309942894565754 0.02076203459427145 0.029615478961678796 0.04138829390746281 0.0780143363387356 0.007225963892719011 0.06700916978181103 0.01682754905545101
86 0.026532284513712683 0.08141881587557634 0.0456298729834058 0.05037808150844699 0.041215149802745675 0.007607907524346183 0.08122617949903019 0.03898314863036842 0.01915045702312292 0.04770692460373747 0.0641518918388012 0.03753940110086672 0.028146763412579073 0.0002714056339484301 0.11039231855389028 0.0828118294685655 0.044400194470207245 0.11159757586689502 0.0636687291938043 0.01717106849594951
87 0.05271497139415846 0.04481707998398178 0.009995541301189766 0.0823482946592043 0.05635961984733989 0.008479936148002552 0.08711803984609871 0.021314143253625704 0.015273143839513158 0.06733104361818087 0.05591829732945705 0.08110674938646091 0.083078327542789 0.0863077967556998 0.07465162200329098 0.03469999907778226 0.05131508733748165 0.002038224396551139 0.010053104928253129 0.07507897735093885
88 0.026998114808659088 0.0884859420499045 0.0873328240581939 0.058822389428273135 0.02032311609294289 0.09461441709430514 0.05949013595182815 0.02246403522770075 0.03880088179984295 0.007372454749070797 0.0033357495124693285 0.09621694579742422 0.03275605070463534 0.0964800252999513 0.038879608451697745 0.06470737751141117 0.002472384591838398 0.02380411319342976 0.04867688798145587 0.08796654569496562
89 0.018308082433080193 0.019335262096152103 0.06922603556574598 0.0312273131957634 0.006378486618210022 0.04071360109601043 0.06309097828821962 0.041719398504274134 0.025587685555560225 0.06956948079096739 0.0448053751006273 0.04980153757422156 0.07527854953659906 0.07621991836811218 0.021124522094896635 0.0579415561107236 0.08570942757702854 0.0817885900529186 0.05526959633887602 0.06690460310201299
90 0.07292824682209294 0.002324237598044107 0.07284414783870366 0.04513724121410597 0.0460583333466745 0.02481840558948286 0.037057668159574814 0.0544199725299067 0.043179286191177724 0.07942775699814661 0.04515814393366259 0.08516560032190144 0.08262375253461679 0.026855783544058858 0.08446213000071838 0.02154661848174283 0.06330936682862688 0.08311401609916164 0.008537668755627602 0.021031623211973237
91 0.021042154558575492 0.0806357740973561 0.023807396992442165 0.07258657220013517 0.01194320637076934 0.05203557284613195 0.023994781057156977 0.0205917933911218 0.08650708055658554 0.09187490970300158 0.017386142179414008 0.09104744916828317 0.035200293853359814 0.0871648337572557 0.07856067767586863 0.03348814751667445 0.07112627616733576 0.06410340455647694 0.017631059491626747 0.019272473860428786
92 0.04895940043666972 0.025261246010279716 0.07076448786186378 0.002166170337369498 0.016620009215681783 0.021700345179635674 0.0760823595711255 0.025537961071460433 0.08656780454755113 0.012172287838681425 0.07913902197640177 0.0723985081737012 0.07788692881798408 0.05910705267878998 0.025165396063522458 0.07046905738009025 0.05405627864820594 0.07491144366621104 0.0713153019675456 0.029718938557228944
93 0.08748771977956324 0.05084499880505746 0.050460737083934656 0.03596657854035611 0.0031385656373365393 0.036126027139073716 0.06549018438354777 0.0197237367112004 0.07245929588924675 0.0696598994638141 0.08392187622608349 0.05143551524463894 0.03429850109747025 0.07795714866410558 0.031146934773306448 0.012408698411813647 0.06837422269185381 0.0078417166229868 0.052598565368138075 0.08865907746647249
94 0.05449867161294903 0.04233856292748211 0.03552090919842196 0.06904303377262853 0.008358158514226315 0.10171243679372927 0.06995854554757354 0.004805477673746413 0.029360874277940374 0.0028181147742468325 0.08170967533932803 0.09981215673338992 0.03418646040975438 0.015561602442967748 0.005157854759843265 0.02416340754367886 0.08535893780352455 0.06632262402173698 0.08787066866539921 0.08144182718743269
95 0.020514030310875876 0.0709082028095118 0.03379532806478479 0.08701596121524477 0.01236563016398862 0.041926390211552034 0.05689249264586823 0.069227834577714 0.04460410701564536 0.11896594154745989 0.019525030324036723 0.00981236090598423 0.06269204823509232 1.6455842594471423e-05 0.11162864780828298 0.027614315381715594 0.06746726947811406 0.07924574435612465 0.03515550601281501 0.030626703092594538
96 0.07146936933218473 0.04238132654870913 0.04556347890097987 0.035592184999557436 0.049319211228513134 0.06483721659629556 0.08807576832512648 0.09406538035192769 0.01044813946904913 0.042931452482778173 0.06647676139055575 0.06870156590099413 0.005656133680062335 0.01647267594029353 0.0880352752731102 0.05435747191358141 0.01878596806531114 0.0167878981672522 0.033996459860081416 0.0860462615736366
97 0.0059271941167716325 0.05511154725916609 0.08619375518814909 0.08055906216042183 0.10041063898479773 0.06146906302285912 0.010042365301681549 0.008790118096880687 0.003018028761824399 0.07360661127036433 0.07549909529601896 0.014767604073486767 0.030234614622583273 0.07147165207025839 0.03335496755264318 0.09502412632407699 0.01644147950954002 0.04065645783885632 0.0437550761213717 0.0936665424282479
