0 0.116795634313551 0.007424130514757438 0.012746681821534538 0.08090376673452254 0.02929011859418136 0.004050231029227243 0.09844167118300048 0.023500304823169935 0.0620671030171811 0.07534368011208897 0.003992236293982319 0.027484765861873352 0.05380705687563572 0.007913955338675475 0.04459499792008905 0.045509186256250125 0.05015359650744573 0.017109012673777763 0.12233064352462204 0.11654122660443389
1 0.07005393852043872 0.052532330135447856 0.09470873719550507 0.1155734605682158 0.00793905968973458 0.0158575913189454 0.07238279663703713 0.034580554649497816 0.07906776076993183 0.04458556330012834 0.013154976184725078 0.11768305471360706 0.039660981951985586 0.029822873715088336 0.019289655289571477 0.06004087843392666 0.0448833391360962 0.05357478326657086 0.0022979513622777494 0.032309713161268565
2 0.052149520032178695 0.010287559521702174 0.030394230718703532 0.036487338741153466 0.04451899339421916 0.0813067801690152 0.07289591844569933 0.05569293793479145 0.03348970904059341 0.044206560033756635 0.02633608179036221 0.06345044490854285 0.0404540582309445 0.0014066459227166112 0.05384392391305721 0.09353823860646547 0.03474680060560456 0.05930834958001425 0.08441546785863599 0.08107044055184325
3 0.057796831277010234 0.0381934233950015 0.08078801234265251 0.045795587881932574 0.00907339457968148 0.05606465066497414 0.03281394099922054 0.06999425708825129 0.038629317467059485 0.018024771654128836 0.06289244836388941 0.036351499042164614 0.0452864849466373 0.07000690745832196 0.0060890381560404815 0.056885463213273015 0.07652844822230999 0.0655547915166604 0.05202333827787376 0.08120739345291639
4 0.08673815271627132 0.10613120133732222 0.050747234268379314 0.005339475666069877 0.07758005398680841 0.016638379049125112 0.05773751140525537 0.02947979255318535 0.05051181755000585 0.017295691388653424 0.00024656836918422043 0.0641901504280619 0.0031109475409172556 0.11394453446487184 0.04516433043292969 0.003339736105050076 0.09565011627134602 0.005441364703709096 0.07073758392021243 0.09997535784264125
5 0.03346015588336195 0.04657823254315501 0.09098674084924226 0.049410423196946586 0.05198022867337329 0.0669912725832166 0.07991043342617965 0.04700195920805852 0.0900221971032813 0.033850230878618257 0.0008243665865242089 0.002396929169045867 0.048680320139348913 0.056679543047820115 0.08163050385538802 0.052667255860183164 0.0009206360744525897 0.08089474536654483 0.03886830821989907 0.04624551733535995
6 0.05152572401933516 0.0844207314227709 0.07070274195862469 0.04724995527505591 0.04700172486193083 0.0849249746158941 0.05502084439716733 0.07037673899164282 0.06836392199343365 0.02248104387708869 0.037762754710932274 0.032297913509151954 0.04708375685276798 0.0483080992735814 0.027801517215215035 0.05742140403184632 0.06938689821236281 0.005717203708748484 0.03750309667170215 0.03464895440074758
7 0.04103742353547161 0.06937064580940468 0.07154303624100648 0.06683409867070668 0.027614501439373582 0.03128469514312899 0.0655809577226978 0.0766668199198727 0.0650873215566125 0.08053862269317856 0.03766195792493673 0.06854644555455622 0.01918200227482442 0.02118362638102312 0.06893563466925844 0.06248199672163155 0.028115610614902874 0.052445261715601106 0.0076819736604012805 0.03820736775141085
8 0.03169544542525336 0.07394665571150566 0.07186294440790474 0.0683851016033911 0.0436802934013994 0.0011047869479800091 0.04438547163788449 0.02455857440003332 0.005011190148203822 0.06483103401960226 0.07142841047214131 0.07516287701293856 0.008530442431215196 0.08567001225283669 0.06842941634745899 0.013052899651069736 0.014670784503424251 0.0725302062422269 0.07679995545755244 0.0842634979259779
9 0.09620823304022609 0.06322802090679594 0.01729041557399056 0.017812379923354923 0.06612218324098898 0.0866222758923191 0.016378840604111062 0.049614450285809006 0.02166285388337788 0.11037140605556693 0.07980771988556984 0.021693971652485614 0.06852229277660014 0.04604368989587316 0.09006852173385677 0.05324822673072459 0.009272495058395815 0.005220799146947664 0.07403644401787814 0.006774779695127904
10 0.06452169694753404 0.0003955957984192387 0.0808481228592441 0.029139203021674807 0.08229030261261502 0.06972934138811349 0.08735484462105554 0.02954468073203145 0.08401374887322971 0.05696391075126171 0.03282980119283483 0.005746491625750318 0.06783374855999617 0.031279193559840233 0.034803068494112376 0.05099652422702242 0.03723794986529657 0.06654895113718039 0.007474975910775342 0.08044784782201228
11 0.1143229977373482 0.017902391189856464 0.10149481437814643 0.051202375376778325 0.008523751556428396 0.03694942876372717 0.05380714942751312 0.041319690004025925 0.00752979805946527 0.053176087185282876 0.046825565858907445 0.07896735948759089 0.014077770699723016 0.09395900859577642 0.09727658997992104 0.0026895954677194933 0.06994837756356932 0.08565129183815791 0.004798028219292777 0.019577928610769544
12 0.05075003448274877 0.0692662605252935 0.004311484197969985 0.05823935740146816 0.0887465970374151 0.04449064867690818 0.07823734685930461 0.05643909204543761 0.0638310574236889 0.06226994009597646 0.00418715453830657 0.06496410561986506 0.0931136188276617 0.04994098943738881 0.017061682761332193 0.021217480059919327 0.03660617261729449 0.01608220591819618 0.10604841535128218 0.014196356122541996
13 0.009278121835362448 0.0774481125021525 0.020150780581080604 0.12070708831849787 0.052110646752164695 0.04277726708217227 0.0038406597758757926 0.03370797697673957 0.053094471855115864 0.027221263813172646 0.09758365546294406 0.008029767673317445 0.014647610987007374 0.05969294552810803 0.06373227443904647 0.04194389875167942 0.04730856776504616 0.03810595179072613 0.07255693720645354 0.11606200090333739
14 0.04723178409017943 0.03001832506170995 0.0810603547555139 0.05660382433075861 0.05057536533280657 0.044872375331749995 0.06913088933765302 0.07814895571605526 0.07789302956821192 0.03402044205051388 0.014763844709788617 0.06275299274900177 0.03552251694043592 0.025815802936690217 0.0572806421696658 0.0661183104438821 0.005295899251739555 0.06269188518783136 0.0414225363833313 0.05878022365248066
15 0.022333268680408153 0.10749361625646929 0.011908195204482967 0.013819648004523668 0.05277223032575078 0.0562934728062903 0.0031180014498636828 0.029937100727300242 0.10534494769428669 0.0961955307265902 0.04871452272659669 0.06462677975030517 0.012591124661661563 0.03443857424921627 0.05632317908382213 0.08753685055466522 0.08520998450684564 0.09347896949819759 0.0069110852519819405 0.010952917840741833
16 0.08150711232808482 0.1001504024321813 0.05902106952739119 0.051813155463446635 0.028855233053291737 0.0016455071680949625 0.06578271691425155 0.022179083112271843 0.0048094613804729805 0.003116997973234673 0.03166045294949492 0.10882777972690018 0.038728410954261244 0.06404845405034112 0.09731802593100773 0.014378575068700522 0.03933283493520017 0.05129888530122656 0.104273481570346 0.03125236015979961
17 0.020234441916272043 0.06530014382944678 0.05770106504416166 0.04837020791627515 0.08251355603476877 0.07000254590674906 0.0362473722352477 0.017653210226670064 0.05460061619907129 0.06446933834949214 0.05834939604596345 0.01233219786881704 0.03968526871508657 0.011756031959394559 0.07037710395202224 0.05382140732898056 0.08653776886307958 0.042166804903122655 0.02202017646203986 0.08586134624333881
18 0.06188736313571618 0.06601627902848331 0.08431439028072114 0.05711426865346346 0.028005721254853757 0.02360789364353197 0.014534074286240045 0.013041504869264583 0.06694790987920118 0.09686970397893095 0.0192269749045534 0.07766221422359042 0.07373080102508092 0.08874763371998338 0.08864130713278937 0.007453307518573222 0.047534641244639374 0.036423621922898594 0.029973134879409422 0.01826725441807527
19 0.013466866881327894 0.09352695329404896 0.0910224224093661 0.0795885398586194 0.04439711381688569 0.030138957107139763 0.027024981737533295 0.04138996223180797 0.04489397685920577 0.048927865847005536 0.09177888834643347 0.021343229920965157 0.09026128473261175 0.029044991535171642 0.062027660914623285 0.08216232264205496 0.0022245729517096262 0.05825500335512519 0.032534379731074155 0.015990025827290574
20 0.07550298048934012 0.042048000240156896 0.03613351905775603 0.03461466781766065 0.09675733158276471 0.002707877197086563 0.01860792887088436 0.0729194374939289 0.046489632429409025 0.04364418493961485 0.037980761164481264 0.09678733365067409 0.07690362872706634 0.023079538870297543 0.05523411966142795 0.06160786795240239 0.06678762364681949 0.07631281577582756 0.019564029442690162 0.016316720989710976
21 0.022906166918237467 0.03038208984456765 0.08217325115903541 0.07102434399835407 0.03471494781068592 0.049342660877985146 0.018795097312780184 0.06036486309133214 0.082860938655457 0.059486545361000724 0.07983644673525364 0.04313914415786368 0.017582197351383493 0.09472556758020838 0.025257892422730768 0.05501011423950852 0.013450408692793885 0.06815991644815572 0.054400773836314434 0.03638663350635189
22 0.09252178702487839 0.05620249209319997 0.03810474065386224 0.09010064418179362 0.07406119895535754 0.0005150734806063577 0.09182118959206934 0.022366272439369693 0.021153608851250772 0.09225885389455504 0.04864856582184128 0.03676740845318403 0.019233154602090647 0.08961513685663418 0.013871204108728833 0.01856305242626784 0.04107301242855392 0.044094470384248324 0.09079460791412178 0.01823352583738631
23 0.029664437264900766 0.05289200891696067 0.09598502380452271 0.012421662260232155 0.018111108891606862 0.059842131468192325 0.017435978107894157 0.07921813123826894 0.08383463870728533 0.08544061039859664 0.03476326492460413 0.017189898728647946 0.09177759551197721 0.04737171906908969 0.04237194460834851 0.08389258919743779 0.05598290157394647 0.031247925921632703 0.0050331961690051105 0.055523233236849726
24 0.09228567034809207 0.025729973637909825 0.04581037317791301 0.08544474949945227 0.07824179374307033 0.09481033255128342 0.010016044397027754 0.0700705897357976 0.04315960394734518 0.03801814463700419 0.06366989076848432 0.07703981529468806 0.024142960029631864 0.005073940166559055 0.0738662914633359 0.05656221461790958 0.03204661638204723 0.017609751130506602 0.019493020585432157 0.046908223886509656
25 0.10421770235795966 0.0012029610178989586 0.0011015231185307773 0.09398566076164507 0.06694692431223571 0.010130125160970269 0.031159102927460575 0.10209983997901587 0.035729698304668246 0.05077496024873761 0.02680265961289894 0.03198839472215292 0.06625631678492316 0.0644404127503163 0.03265083951862051 0.026443598873052573 0.10539702886358898 0.052024687549808504 0.018963847106601185 0.07768371602891422
26 0.0800571720721356 0.020181972287462387 0.06861231151426161 0.046141643522538786 0.027673829321454946 0.020125504919029168 0.0885561272582397 0.08019630380077329 0.05490120330088335 0.06656052464079541 0.058744703579153616 0.036549419267470816 0.05986570810701919 0.017504335466004543 0.0245124029473439 0.05524513956171315 0.05896820290147865 0.053311966379257385 0.03842513638966072 0.04386639276332389
27 0.09559755110835222 0.03314882996171327 0.09765944975294558 0.04793307418701331 0.05511653321767362 0.020979270149876827 0.038153955057465605 0.010913158483446069 0.053899598725144916 0.03404168576373396 0.10154167760179394 0.052564217667310155 0.05510780367284805 0.02718169037118733 0.08612441158694968 0.048019052408649336 0.005344410449303053 0.03917425345683686 0.0880090453219268 0.009490331055829677
28 0.009705617360655339 0.06567294875139568 0.07429639784300762 0.06351415200234409 0.08548737069666307 0.05685651362120128 0.026287546323126628 0.010957315764235427 0.08257379874233577 0.02048409188828488 0.04421126941900059 0.0970203804121845 0.027837036226690818 0.011708494931245135 0.07920601330834556 0.007551727452339732 0.07473975298964743 0.09555250962407016 0.030194758828810828 0.03614230381441544
29 0.05415280381165961 0.07705743184042828 0.02445167295020704 0.06703113982141921 0.05331784300485179 0.006616974796610826 0.03630171659516151 0.04824681220543517 0.09086154195046897 0.03089741848795555 0.06490795342134426 0.07164066695075151 0.014399113922350977 0.004091443389681332 0.08204855125027093 0.044031520867386355 0.023536971612803697 0.05049807345957569 0.07497956421630303 0.0809307854453343
30 0.04961157639291016 0.08045918499065696 0.06674942432740481 0.0861165066142007 0.054609393402661986 0.0181733673281169 0.010271322280058753 0.06003787060318516 0.061000515724585175 0.09065925322658695 0.002583020101726495 0.08686067852729835 0.09327461420475192 0.01018830019931617 0.0329847220616523 0.002896691804220194 0.09160786383442913 0.04386021248994779 0.046437291157784055 0.01161819072850629
31 0.09618583125548383 0.0009089879636560591 0.009911927870060133 0.056184334831975574 0.02977843878170771 0.08602009706293601 0.043492353668348124 0.11366345573147514 0.03474908779478383 0.01044309783767746 0.003118509537886274 0.029576829192931236 0.06399030204627162 0.1008635244652831 0.0823093596865411 0.012928002240593317 0.007189519283128816 0.1076710925847932 0.01727495624871171 0.09374029191575588
32 0.006994470562089405 0.05168903629237063 0.018371312571501337 0.05123585548435238 0.06677280109123863 0.08291887030532114 0.044914146751209964 0.05664479813267965 0.00935284782202681 0.07626941747743962 0.016380899044632614 0.0063911762106074336 0.08674095797816431 0.06276368609120514 0.06262831329018675 0.05670156832180371 0.043657158117545045 0.08417536877787428 0.0816860421982026 0.03371127347954845
33 0.04238859125293608 0.03060904167315877 0.0532352720041773 0.06158906633188202 0.01432765446370418 0.042555316308609516 0.09098284066312276 0.0682754133182421 0.028253421921299513 0.08594903080487369 0.07978307142337937 0.049477941009819705 0.0453444323517037 0.010472202784198513 0.09450714956825401 0.07491090423912722 0.06329035195177136 0.030750093688148097 0.020510183192336967 0.012788021049254961
34 0.04581618335668433 0.021564908943480007 0.1153181738662836 0.00810843157019437 0.05770364107851841 0.14113376600253388 0.009747128339934635 0.04078397864868239 0.05879665904854388 0.039968169018333284 0.0025326571988267483 0.08523496447553836 0.009902281766858635 0.12779022221649636 0.027235561020879664 0.08950764945990795 0.018885543312945237 0.017463630457754592 0.025284899476286572 0.057221550741317045
35 0.026194757300387877 0.04769259533752565 0.012189278867426228 0.04509955738242341 0.07940773562226987 0.06551451790915172 0.06510584146951184 0.0573210300449656 0.08921504632151343 0.052534237508630906 0.059766493034623745 0.1018277231667983 0.05456081691590276 0.05927747491306613 0.0046711275186702836 0.04552058668177979 0.019292018621120663 0.07793098583665746 0.036873727915291706 4.447632282805446e-06
36 0.08764282607201651 0.05685236444760314 0.044577543269039954 0.03403683639833554 0.09235231397951524 0.029180422599430576 0.07466627524437403 0.04806750701791427 0.035414236358254636 0.050151316885243054 0.032180436317961664 0.033147176337413056 0.046094882834502277 0.014748025433626416 0.07879165653045449 0.016748892066558378 0.060696165358356556 0.033132462180270626 0.06435569888464474 0.06716296178448486
37 0.0027946606789078163 0.07640538584261425 0.028266865354861698 0.07252458255146983 0.08319687844116397 0.06366579662137568 0.052451536478176235 0.07373454970157313 0.009915490717200761 0.00986194390293991 0.08571356920020982 0.054405391488061706 0.09076330321022465 0.0160805283334289 0.06052295912287332 0.006241577859506336 0.05774844224777777 0.07038401985837366 0.008644283792268913 0.07667823459699154
38 0.0821385438115476 0.07772264703648445 0.0631211301155047 0.025438097009265935 0.08288055386945123 0.011699348062089415 0.07301630391607823 0.046030485899271584 0.04255127075979985 0.05655713173539689 0.08015199932618057 0.07626062681667888 0.008874418922125107 0.04359148252605616 0.07067459894815507 0.03612759854471004 0.02443143956635587 0.033712972486420065 0.006744627828024345 0.058274722820404024
39 0.05344243228439827 0.07027161269160459 0.01909725605987947 0.02068377767795421 0.003120368660140815 0.05453820085849003 0.0411036971059085 0.07893828496324129 0.03675202588174424 0.06320879028552365 0.043949787537926055 0.08072252306482801 0.010947581761718296 0.08896140845263961 0.0894695645032794 0.028507569007541426 0.01843813905356481 0.07807478375173653 0.07143009382803196 0.04834210256984899
40 0.034779519747708716 0.022374564857241198 0.024041864609227973 0.05031006153440222 0.06659543504240409 0.10090997870411203 0.02933278355044067 0.0892935455965175 0.023575391269483492 0.06432553442283406 0.06409642585923224 0.07648080031226899 0.03148119060058768 0.02192421279568511 0.015367821494084903 0.027237550063771043 0.018484941542782938 0.08188358846913835 0.0882230346493692 0.06928175487870744
41 0.06459653678402552 0.036239254542199104 0.058619478799991596 0.04079344264631943 0.06720778565671305 0.01211203455562058 0.06176069677111523 0.04188915194353797 0.06900943531091748 0.047009833619797776 0.07347555971716896 0.044918393876925235 0.05198145419627617 0.053123568952429895 0.03800657441300141 0.0382979017859538 0.07339355214828924 0.057913882780424954 0.03622435842476552 0.03342710307452681
42 0.07910556052118008 0.05431302026614592 0.004143084575452318 0.06293753965934464 0.0360626659562561 0.055604059639939474 0.015994594907568167 0.052869481856408725 0.07976434054402474 0.0741619271073368 0.04370021867036296 0.09556081578018101 0.08990209237538475 0.00371505515774638 0.027667452351691442 0.07797884370928719 0.030131306543029937 0.03350094804077225 0.051455377402831314 0.031431614935055856
43 0.05233811250009328 0.09306663425280691 0.041218587629701285 0.028256612454410218 0.03853748905030155 0.03253134512843209 0.04601993264736269 0.013682724608191291 0.017257134731820105 0.050872839586954995 0.04398186640215086 0.01843999899237146 0.07330841322534885 0.05481733214837387 0.09821706469754186 0.023039913840165276 0.04408813448506415 0.0887898425660729 0.05597142662086919 0.0855645944319672
44 0.07545039349841726 0.014695273930609702 0.09036249575200167 0.04865922971247866 0.029466962454134896 0.08966200744107655 0.001119521934796256 0.06480446466774298 0.010112818488931292 0.031030921952502528 0.06230807747605046 0.07611103047326642 0.09868658243690204 0.006358966372592179 0.033039658958383865 0.08966209638311799 0.03808157547780588 0.023099028245191465 0.036212199782377635 0.08107669456162028
45 0.015178556535897721 0.04551909448773489 0.057299945165234574 0.05373970747789657 0.006060295160874628 0.06808534470685879 0.03448235315744473 0.05845608491557826 0.07999659112743643 0.03557301392266627 0.027950843384467895 0.05561865743234508 0.046517670083521354 0.05898492326532119 0.06934149349400207 0.014795248242164773 0.051776501748968855 0.06225660837657565 0.08280083635835879 0.07556623095665164
46 0.01168240057113493 0.09347251436918982 0.0129066835977426 0.09249969492843571 0.023684666491571582 0.07136523843941932 0.0015284924712742278 0.08050327456843909 0.0449409182114557 0.009106728142705637 0.03821951623823734 0.037115387991508916 0.0921518291298971 0.03928018382586145 0.06250123847747824 0.08092352496564433 0.059807249914826215 0.04099332478234851 0.07584576956680796 0.03147136331602124
47 0.01660662942885715 0.05483756675579803 0.023768400486999967 0.05827684574658563 0.07047442402944114 0.05543574872045268 0.026595399395857717 0.04950631623293723 0.060293451164010185 0.04884199061786518 0.07962061672328333 0.03763023865829408 0.07665720920786835 0.07790953563926632 0.05336089936563504 0.006771914829072671 0.005890400143699409 0.05397110150920253 0.08187982689299379 0.061671484451879525
48 0.02561581678392476 0.008646099457406223 0.09315564652745566 0.09383209613693981 0.02206790236452313 0.08890176950969177 0.005655923933792683 0.014687302817747782 0.03997931129612575 0.008106232848317328 0.09004918925413742 0.06123254335706576 0.08458448770404967 0.04559642082068139 0.05800016099960381 0.04173212266918413 0.037555801039437446 0.05059943160421927 0.10390709859896825 0.026094642276727937
49 0.01751835841618174 0.09008791196587106 0.02914108936053644 0.02475088234888366 0.05990953444342776 0.07623900598833942 0.07514798504437951 0.06618332225087903 0.0028645861491001855 0.09928915652985061 0.03399424431849205 0.04332020708477883 0.018602173332095004 0.09908737280110604 0.0456457846146082 0.07670788708486324 0.034821180603017886 0.05396429644185898 0.03373701158402818 0.01898800963770211
50 0.03974857220198503 0.08615096479775738 0.04240017533008872 0.0013834133536939346 0.05669463726962034 0.01139988920944459 0.039513043900309595 0.06707894885890966 0.00985434499818978 0.08546934913588757 0.05920981504569239 0.07877299425993396 0.05006541750949117 0.05385037402145494 0.07306105305460357 0.030331029449924565 0.05310050255004542 0.07857157822204001 0.07836428114973466 0.004979615681192499
51 0.007251277821496547 0.07973363545492637 0.0002901798732383444 0.008613089429857284 0.0612457512155328 0.08626085793505694 0.07153706067830631 0.06062435827760312 0.09092156453934012 0.059441589875958586 0.06877208768761024 0.00726308601037409 0.030133822396815765 0.07070439817547823 0.06930804093769326 0.007926122766306385 0.05869263774061741 0.08801678923790147 0.017414610878772396 0.05584903906711415
52 0.04756116914687009 0.06300928647610103 0.1014937851073918 0.011218068533455198 0.017675070202887957 0.12653056738959637 0.12517752146472222 0.05002873717100562 0.05229812762127763 0.03295060637880348 0.015322889300556525 0.008739258629082225 0.023398707228896195 0.09428111805294971 0.01609474661642863 0.05238808578443465 0.06784612604560795 0.04707962991344333 0.038090402744045834 0.008816096192443475
53 0.036854983842810024 0.00440250466696031 0.05649985999888512 0.103103297180316 0.04475295294826586 0.03338954855104288 0.035107625968516014 0.0887282404454148 0.08240421271453542 0.031069373278436677 0.0026717119965643877 0.036465340862074716 0.060524371170827485 0.05667495617206458 0.006222543870980775 0.0783588141517586 0.03995565232746907 0.017288323812278326 0.094522336890201 0.091003349150598
54 0.028751727000817684 0.04814154017646152 0.06034846484652154 0.011039509204570357 0.06376513522760088 0.08152854090217425 0.08464908549478303 0.03637417996061566 0.06338177866641313 0.004682459630320159 0.057983654394147176 0.057296439013928065 0.057929381894480256 0.06559390418226473 0.09091589788843767 0.006371280755435002 0.043203767666407496 0.09810582109144354 0.002767265897032795 0.03717016610614501
55 0.04708112122522464 0.048371226270518125 0.010211707162877039 0.06470230396724047 0.025968574359760004 0.025539405628875505 0.059854084586365236 0.019358236845258833 0.05221737211963824 0.08829731173365553 0.07601786925632463 0.07318816417907408 0.021504383397582337 0.1011997095415815 0.07034218359225754 0.04528457657347026 0.051409538518793776 0.026627457922798085 0.08531157064310686 0.007513202475597066
56 0.057108400455687845 0.033585064702447195 0.10011340710035363 0.003455131657348958 0.03946650591833079 0.06546495188860213 0.01667791061433292 0.08325800075247668 0.08063499046791726 0.0838658573543633 0.09053828014457768 0.06508865593635338 0.012203754836202356 0.08380678663616341 0.048826623301212714 0.01836068105431892 0.002342025616668978 0.038548203444100794 0.0018823954088711004 0.07477237270967003
57 0.028319449647196463 0.011203324491218308 0.08693249367958021 0.07312092525288151 0.024560227368760054 0.01478945604210723 0.05313426028513467 0.062435147841583716 0.0806228916287528 0.05087906175014693 0.023847553074137814 0.08171810527060146 0.07213620923230328 0.07100041540902635 0.04104512057204608 0.08400120027266404 0.019863689537475023 0.0521052923514262 0.05942028374713553 0.008864892545822121
58 0.005038083821369078 0.07093387963904316 0.006125440400748351 0.08185715151655788 0.05969515116948652 0.016152883699077192 0.08941363622821086 0.05096034567166108 0.0810733130808389 0.07997655910950204 0.08627552775449174 0.0551547361745411 0.03878640807724066 0.04507373471796507 0.01824338120036989 0.05492421411724392 0.04581019834533743 0.010006179769509679 0.021933105227954885 0.08256607027885045
59 0.07037463714193436 0.026762738047376507 0.02887433628476162 0.00790899145741109 0.01644413089377608 0.048366225708619655 0.00073309890155089 0.06711268047880008 0.029451785954270233 0.08093930700727069 0.09390989634677249 0.07417697423406476 0.07718990373766718 0.061981010242579515 0.023167487679574748 0.03203822179043042 0.07136507888247491 0.04781853776745539 0.07334912837374717 0.06803582906946194
60 0.09601761431756202 0.018769058104679624 0.09096443562565647 0.017627519778210084 0.06835546173455093 0.03983042643495273 0.07756850340361422 0.051562595222728214 0.09411841476987051 9.443806929811547e-05 0.031149430453029342 0.03938102809465455 0.015557882242181627 0.038006846486877174 0.015929401530787014 0.08150904505279417 0.052066338953490644 0.05162492461358988 0.021406959181685604 0.09845967592978726
61 0.06436338813813343 0.08290336553371278 0.048255818219165844 0.03888515352062239 0.07810957606473676 0.06754898541535023 0.04327279979130929 0.01854815334579029 0.014712768036250483 0.00508185302294807 0.07973300613440544 0.06212409732340484 0.08031951435940105 0.021954024026717294 0.08248232135664768 0.06745079564358657 0.00459628428515985 0.04586125780888485 0.07300596373951321 0.020790874234259717
62 0.01386944326648216 0.08558338001193724 0.035101196239549465 0.10240316060039856 0.0025505491662919837 0.06207596153443374 0.026572992464168402 0.054452729011266125 0.04191431864520529 0.0898743466879983 0.074982333555025 0.04019665634083349 0.03052528624562499 0.035183108530375096 0.005406021069402246 0.046118268034333956 0.03569731964573076 0.08116935421162809 0.09983710565113392 0.03648646908818126
63 0.003234205334939485 0.024131737041639335 0.04331220075301841 0.060890825773642986 0.04629454427999381 0.086768492329695 0.053009926096270595 0.09304965776204886 0.03214021393911502 0.09649778844372889 0.024390461523708582 0.020813736110004966 0.025114301964083766 0.02869984027100753 0.07969693565502971 0.08568274720809575 0.016635359890284033 0.05024927953410836 0.09578796810897373 0.0335997779806113
64 0.08366255847894968 0.03462689275602219 0.0314489324477033 0.031550603072697865 0.05771873732503807 0.040705010277410705 0.07230273172613731 0.05130737445756906 0.03232896778375085 0.07798064361049127 0.03452221074078307 0.02775485508712953 0.08395476949210813 0.04765945002345389 8.281767626768178e-05 0.045417479688998924 0.029058142691647724 0.07399031839684099 0.06281011394399645 0.08111739032300345
65 0.07394466743476208 0.007291090233525578 0.05514765250874048 0.00969131790748207 0.059466644575519506 0.0018756159126017313 0.07055367662567279 0.072774101521761 0.03233832686848156 0.06439062974352097 0.08514126022014307 0.018981191726404157 0.015008947028782563 0.07406217816231773 0.03798889243645981 0.05770546612218685 0.05494906904311288 0.05917589191623145 0.08129298518644862 0.06822039482584517
66 0.08921726386080046 0.03935818307533808 0.04138474143478817 0.003403561587261518 0.11193608632723631 0.01607406908307691 0.03244619126731191 0.03902045648739665 0.04573241359377903 0.050718505694563855 0.005874164477409548 0.047751520167002945 0.015346980347441913 0.10259269241939448 0.07528187491345972 0.06796976708397481 0.05920078570103132 0.024990876746412993 0.10905297498152434 0.02264689075079506
67 0.08369868612770218 0.039304662419155506 0.0815345674955883 0.08239627488568432 0.05818232982128017 0.02326005710738333 0.029712000487829508 0.033099216489759706 0.010844587232689327 0.04900229406856291 0.07661150925861286 0.009970090460854153 0.09469208235335523 0.04528966459617882 0.026359910980710444 0.07454539193662918 0.04721098082634994 0.02015606269729023 0.005534714332303341 0.1085949164220806
68 0.0068164147550828676 0.028611187086671125 0.028030480275154337 0.06280258282257799 0.03993793510271221 0.062224740206593986 0.051033913146620126 0.09327126319224492 0.04951390119031059 0.08732611769602232 0.0884447885218936 0.09093173218120473 0.062174551852152204 0.071845832768663 0.02670451806777716 0.007260410956220217 0.05198811910807479 0.0007362021022203794 0.02739103408759215 0.06295427488021126
69 0.010570205466212849 0.09143611675757267 0.04534967834726148 0.09314014175799454 0.006571410341043014 0.0788255533004217 0.04944237628252748 0.038947306353995945 0.024147775630117684 0.08519679339318273 0.06536157842293878 0.09280448485554256 0.06247826853760168 0.07829998398908226 0.07269168837017663 0.031001003750894058 0.029525494685916226 0.00175822717094272 0.025188658406141724 0.017263254180433295
70 0.0743154938249818 0.05701890293357796 0.06799116531473064 0.004095637301641491 0.012871512600060623 0.033271320979204426 0.08582859232423184 0.012297527596401814 0.028476879792301985 0.014847088840445038 0.07706746800018337 0.00779160607771221 0.03034317982474891 0.08968386943490791 0.06492911836185537 0.018379422239820566 0.10026105481048588 0.061887853761363465 0.05784991128883493 0.10079239469250986
71 0.014173537291033702 0.02372541656578727 0.03406746887362212 0.07741613503088644 0.05651572804499425 0.08404293383949672 0.03080470366640944 0.024195683050904915 0.027519277500827784 0.039941745404661354 0.02473279363034626 0.04069899632730568 0.08357882963815111 0.06911678467961144 0.043713127362300666 0.05215575670018611 0.06991446790132369 0.09233893099501103 0.09213847694372292 0.019209206553417086
72 0.029119292130741173 0.039730359384174616 0.029848427496703838 0.030977213700328205 0.08087784688988821 0.06263039416916673 0.07375425299341798 0.05643388877031779 0.03154485275348683 0.08139527595080752 0.008528211703164774 0.06794660057720094 0.01232547541184514 0.07408530869040125 0.012210628816278483 0.051737121491495654 0.06898574996480383 0.08328828406733317 0.03710488639032168 0.06747592864812205
73 0.09687714609353176 0.0033899534259833127 0.09675339639665306 0.036717741371955895 0.02635102201588311 0.027035679065909382 0.01612586568263087 0.05755431131525974 0.05845688519556538 0.11113622672346501 0.029936458368980273 0.10497816112519542 0.0032996120586114403 0.04988153445253188 0.013921240418857913 0.07581998073645704 0.054791855948515995 0.06380922415947372 0.006401901757854441 0.06676180368668437
74 0.09380161322402772 0.07643322233575855 0.0068507730327414616 0.09314820246894252 0.06917976526853928 0.06789715255560791 0.016525054960042588 0.04698011305121894 0.040210108539639876 0.027665347547051262 0.0314463767546913 0.013437003290904729 0.08868557372979852 0.06862085302758252 0.018235871482322485 0.047054913513274246 0.0343981934714384 0.0260320581350999 0.05462617041307364 0.07877163319824412
75 0.08752674291072148 0.08285291626101003 0.022530492565468557 0.05203664918994768 0.057792645096857796 0.01753498498964093 0.028301433048084298 0.05388805365752389 0.06496569066570178 0.030609392524086388 0.06093032199929629 0.04439434653464108 0.07716585911018428 0.04062679423424793 0.017188700243301252 0.05061087465615503 0.05515097195319054 0.009786114434472406 0.06762815862709919 0.07847885729836894
76 0.10461226367668096 0.04614843160408983 0.022394475496507065 0.030990433571126096 0.03055941612741053 0.022025062452120277 0.04134346102399522 0.023722132946904347 0.06971646252010583 0.0010554837916749926 0.056377279751954716 0.1060244636965928 0.020438050634362853 0.08966413525695782 0.07990994465273137 0.08034852251915169 0.004412954758623065 0.03357371400583951 0.02999751196255423 0.10668579955061672
77 0.10074279461022367 0.09449087045574159 0.015674298107194513 0.014394956500786016 0.035145880368077684 0.02072089162315978 0.06321389647930771 0.1270820743587581 0.014983982618634619 0.04349754976574946 0.03430445462338431 0.11935531979519702 0.08604025707096895 0.00941381778745496 0.0023043311783798584 0.01530258473969325 0.024251738573590483 0.018651830348277536 0.12509573921151848 0.03533273178390223
78 0.07020405211078412 0.055897526903588915 0.02223180946966449 0.06641330419600443 0.07024346505093691 0.06498621666958551 0.07113394578432532 0.028131573061951465 0.03405106304530834 0.015144558975747747 0.0378978144029927 0.02503601514265791 0.01816254756731281 0.06041975869225215 0.07708260693784857 0.06037135199350782 0.06878411386485314 0.03288653987979755 0.061677799108727144 0.05924393714215291
79 0.03389771668159389 0.0709618112023274 0.08814846864820831 0.09136990192190447 0.045141203153379314 0.0403613041678509 0.01719929299906305 0.001011988438478977 0.08563800802449494 0.05892663810920156 0.03863881148781022 0.05619479887196905 0.030535168852358442 0.016893434463605157 0.03193925384929951 0.0549421934833429 0.06582971084045276 0.08695152648356567 0.0545990855308461 0.030819682790247525
80 0.06552898880779022 0.0644007688769052 0.07831725561247412 0.01632199314272419 0.08556523468705063 0.0462508991782784 0.05112113393694132 0.07505572786677443 0.011913712863231318 0.04098052827805165 0.07697286047766182 0.03931331367126167 0.016321119750828034 0.03809399483761873 0.06415403212077524 0.06772031037765722 0.05635955151181964 0.0044698947299074325 0.06505405031419711 0.03608462895805172
81 0.04888984752041227 0.09523363033963501 0.024697689865879186 0.011976434345019939 0.06050532464725672 0.04694196153856522 0.07360226237476389 0.06953117937385647 0.03589006232092237 0.026055026991164576 0.012086222386569614 0.0979402014858163 0.02806883620861063 0.07156351638885343 0.08598530535493626 0.03298046575521677 0.050158656935042276 0.0001447787803701354 0.10048802965327921 0.027260567733829708
82 0.07652625049243804 0.08273311734127045 0.02948911415173181 0.04792445870864358 0.057849703979739646 0.04975582837146203 0.053207771899472164 0.04441468375333034 0.023024472248754913 0.0853622032603498 0.01836491482456922 0.07236094004986467 0.0464296949192377 0.03517282764584259 0.05881266282769644 0.06787411190565745 0.019400603458310947 0.04361875579765653 0.04339910657238229 0.044278777791589397
83 0.011089211168622017 0.07160535134769477 0.07817076207080123 0.0037038026018986355 0.08444329811459 0.077925604589893 0.09227715299157926 0.007670001011951914 0.05312016624971679 0.01603825390580285 0.021012309361374156 0.011387890939066019 0.08109831799557407 0.050702212185272585 0.10026529302132535 0.01776319860594415 0.005857872270517715 0.10428304293179017 0.03527076180820147 0.07631549682838365
84 0.037288068962012345 0.0399625298603684 0.006802851156826134 0.003769040541722614 0.07325968656998301 0.0728288257258943 0.03007541098091222 0.008916104457222442 0.02563182266223539 0.09090557057437075 0.07729843418843126 0.059972024072629186 0.07470865261627833 0.020493141591138284 0.08768103323410663 0.054890227632062284 0.08929135642443194 0.0664371688685296 0.023161268037137143 0.05662678184370771
85 0.04595479847337046 0.051985972642377885 0.04486885056882248 0.013215309125318786 0.006693994378192618 0.08016940231915247 0.04599234271714335 0.06049751634000707 0.035839255780096085 0.047759165049048764 0.04998876154853319 0.07888479498231206 0.02167311573167308 0.07713607591157934 0.08298080179749731 0.04109359001970138 0.05485682444758965 0.06946204171645708 0.06848448648555544 0.022462899965571624
86 0.07416182577850514 0.07039023583878147 0.037930710696401734 0.07062303254478458 0.033994655609852535 0.07231567686558542 0.020413292775200133 0.014221359163254756 0.07130211363055754 0.09501685804690987 0.0611091296861491 0.008217532750189722 0.013789258154304937 0.027295325379153756 0.04729270026176378 0.05590451056932031 0.038142906890935864 0.012672327131373253 0.07440475820037176 0.10080179002660433
87 0.10261354977090988 0.02573593743511882 0.04438663904297226 0.033669057486946846 0.0679331379194472 0.062072039058315195 0.061107494886858876 0.08359909529621473 0.042043060310380374 0.006171156445589334 0.022310235224239652 0.019097639075860276 0.01963664430937229 0.08978124631865922 0.04180475150660203 0.03778024238817739 0.05667991651231883 0.09163223626150353 0.008840455216902781 0.08310546553361045
88 0.002717474059115939 0.022536653965510575 0.10253903532382325 0.0038365196224763604 0.005061527707024594 0.08628875911489743 0.10616414779818335 0.06106323264088503 0.1043030164848265 0.042151644288083226 0.07179527398470303 0.0645558207148222 0.046449217671527515 0.002165995184070256 0.0995311183719653 0.05428312454664802 0.07362253038476713 0.003054991052854729 0.021969171457377718 0.025910745626437887
89 0.041612144037442976 0.024313333952768995 0.0586786558893031 0.048478928679728514 0.0004714331777689407 0.07748364775080523 0.029969150676017912 0.05203052918188526 0.04108990343499154 0.01275250362667928 0.06724888653949623 0.0854929934526295 0.05527480795396979 0.020748029879069724 0.04989760163527339 0.08375361514311208 0.033282834815538745 0.08370381251886216 0.054871484384502144 0.07884570327015446
90 0.060431244403808114 0.009757099377407673 0.05739451309886157 0.07271326285158815 0.0523106445236401 0.034196163234241024 0.02552464293551247 0.07421676580477295 0.06771535670424497 0.045179105333486035 0.0524272206257157 0.08456418825080439 0.021173606675932866 0.07468398733033685 0.018238209673675905 0.01888635897195757 0.008254306234885092 0.08226152497640513 0.06721806294605871 0.0728537360466647
91 0.09558094254412738 0.020044674566981887 0.07439694887231485 0.00803964706342413 0.08865195912458737 0.004883966696300094 0.0865980055576074 0.015772537833082443 0.04849781751047312 0.05733616736842828 0.009752899037291072 0.021224197407976493 0.037081148122410645 0.04654875635134631 0.0618824080063918 0.0634184407017492 0.07088798656396243 0.065854752776913 0.04286153005778887 0.08068521383684306
92 0.014945372226687096 0.09559095511956948 0.079384035921475 0.040129315587434516 0.006141826284028619 0.07809383025338971 0.010699132623160528 0.060399091900051535 0.05563594433697261 0.08723925775429812 0.007452186917776051 0.07077866988341737 0.03513922835021472 0.05308677494419996 0.05449629549883502 0.06509954357120508 0.0725724492337227 0.009336968999907248 0.04626276064814145 0.05751635994551331
93 0.09901488380725733 0.00379321809659616 0.011594314507528796 0.07387890578988304 0.06879987478498233 0.06783873570999206 0.09554725471135402 0.103022962183087 0.026451514400157042 0.05287392962170814 0.042029904985970534 0.06860861564945038 0.024037346925046214 0.02941516919456034 0.023698195378208012 0.03724872739625528 0.07210173437806436 0.03955045259925762 0.02703881555230411 0.03345544432833726
94 0.08267057445309642 0.09037107908990877 0.016861877605563468 0.034281884921627516 0.008551830229021591 0.06852135632443089 0.045483197942565494 0.06031609378584191 0.05815302236753789 0.015490304502529088 0.005363737245976524 0.05173744988329377 0.04778575479742423 0.07778544680421354 0.08818416984686415 0.02243994410936341 0.039273388720784265 0.04544866936724815 0.09071519918194006 0.05056501882076907
95 0.036270884193313035 0.029020467405071686 0.08655638466526529 0.05131603772329648 0.008848138286035893 0.09521005870825615 0.042074338591910274 0.05869897408638833 0.021887944363630566 0.07200604127756673 0.055674740656871724 0.09568689636691094 0.07571650413768088 0.029308744236717713 0.025246203872211822 0.04727526789938908 0.0009728374230069236 0.006273979682053892 0.08776833037481756 0.07418722604960483
96 0.06271611585244569 0.06922681352190739 0.06607976101322595 0.06546713014211943 0.03475777233009631 0.023726094598958723 0.041804181738848395 0.06387697670515192 0.0074996493959001214 0.06618826292499219 0.02145937168888101 0.07342279838800285 0.04690120827422298 0.045996894158732926 0.04640026444330889 0.040617495940135216 0.05347617101249378 0.020184219319276952 0.07552059299347559 0.07467822555782382
