0 0.03299633699516055 0.004446516214183527 0.08418781609289165 0.026720787787105557 0.03745409357920783 0.06770963454531863 0.08158486837318327 0.030064371119755448 0.04447547713127077 0.07886042561320082 0.016286706615492978 0.03114902876637648 0.04185126681463116 0.08551744354658622 0.07337719387244149 0.015229566264288175 0.06921513665155264 0.0870982391933735 0.06995637995541709 0.021818710868561957
1 0.05360590075567559 0.08547548680591183 0.09270824772518217 0.01479398047057554 0.016293153679525572 0.004582891904550118 0.08467756172951897 0.04393848489692004 0.013275520494458097 0.08412246446252734 0.05617270039639846 0.01865179016599784 0.09122089224542843 0.03998403910156906 0.04449983618402443 0.0788802001647181 0.07160788291290363 0.02302704479504294 0.028165223546557455 0.0543166975625145
2 0.06174941644645592 0.11512099169334661 0.09390372598941549 0.06682828455864888 0.05250837865980698 0.06692576104782182 0.06883628846073955 0.037665708443783835 0.023495838919168933 0.0329208049936528 0.019139872607108782 0.021906368437209747 0.06161202787052049 0.02856048197148741 0.05625304937258008 0.054520854006892765 0.033009876143247636 0.024871104084662667 0.06318030904678539 0.016990857246663896
3 0.055132057652752836 0.03852420907721614 0.043743227112904806 0.04001744297293544 0.09919300446639323 0.08587780286891769 0.04689500850881394 0.031226892927196947 0.008090421344499195 0.01039136777851143 0.03798833736995991 0.09460494058416864 0.10391014455573908 0.05806662030626253 0.04540529125671605 0.02812137047986104 0.010714414564327035 0.03630703438104423 0.06072424289565386 0.06506616889612589
4 0.008842257843414763 0.10873362044750909 0.021274769049031944 0.05373380690777062 0.03974296568568141 0.0731753239593456 0.014185029042055841 0.09607596787277566 0.06887957613233887 0.012338450424627261 0.014368519346435073 0.050160251498726154 0.09725807591924271 0.07589436249053919 0.03931264558668544 0.01682824001194788 0.060884930651597946 0.020372467245676214 0.02821627847469566 0.09972246140990279
5 0.005647645211282894 0.057025830342468484 0.07395058672894775 0.052052881680232206 0.03391122599156003 0.07061303817305487 0.016792560940912634 0.05573785855951806 0.08849052591199774 0.05415893078618502 0.08999438273160176 0.07858959089220473 0.04738736705956646 0.03196128499407946 0.07115708985970476 0.025825808753124496 0.07033718023652731 0.006257182779615248 0.055233254108472 0.014875774258944076
6 0.10107996461252403 0.06893790533954132 0.06551243928749655 0.012270352906077128 0.07676426713440496 0.08022705135584775 0.00495921030634776 0.10955238857885385 0.05072492788494608 0.0843208015614144 0.02116814392380138 0.009885401292686056 0.033015210553973454 0.017218999498514364 0.010443026220139434 0.01162196753202938 0.044638264452707015 0.07730550730581812 0.05664103338748348 0.0637131368653934
7 0.03242024109816983 0.015460966433743294 0.027806076967017635 0.07724929078601477 0.027119605428625685 0.06985141351688907 0.08010832019994756 0.045968520108723085 0.05945940179495253 0.03321710799288213 0.0024016335480258597 0.07308997689580576 0.05592667185170887 0.013621778809856436 0.054697167032116224 0.03688828705525062 0.08096524809656884 0.07754245595106023 0.06326735354653258 0.07293848288610895
8 0.084716795363776 0.036432851225011186 0.055165411689942705 0.02140685619444447 0.042149746785530254 0.05768463128532835 0.08621595252805933 0.08453489078760666 0.013048669818078975 0.017518197109248783 0.024632340903723904 0.059329397677695704 0.06160563596282576 0.07158574406876309 0.06056992665763835 0.03624898533287458 0.04647321993895868 0.03519851086086294 0.025834811542862584 0.07964742426676774
9 0.09188668440289059 0.09606693073584151 0.06266169925677369 0.06244242406755786 0.10666481795740036 0.010023518667432549 0.09740852241017621 0.015363403731379848 0.011517430591580816 0.03191526423051912 0.025993022212101327 0.06173739122217578 0.022101643108728034 0.06279267765443315 0.03551889153966964 0.047225742795359724 0.0645141446341001 0.0007848745491962508 0.04466218278184839 0.04871873345083503
10 0.05309398640470274 0.09346158127750678 0.08631029046804262 0.006933309160034738 0.08893730276718625 0.09372398959489354 0.009540164177121745 0.07443484028363985 0.05464430036371006 0.03200264554063394 0.08595265660979486 0.016644912624540566 0.010428562695387686 0.007629822515104204 0.05603221299311914 0.02209926218964677 0.06318729358823097 0.002867045689340954 0.05875521115382268 0.08332060990354
11 0.003219455661734104 0.046064338648722225 0.052831784716686085 0.07555562036679804 0.046599629388431436 0.046963267991027284 0.09055160006593259 0.07543120782699793 0.04957387273048363 0.03885207400486626 0.08356457031782322 0.08912807387229497 0.02707481062500247 0.07722727583797416 0.04311434010662882 0.010720079460706794 0.059881880900427856 0.004016425592973069 0.04529731875129892 0.034332373133189854
12 0.07125136342298445 0.0814562977769051 0.030369373274746515 0.019401129774703187 0.038980097192745325 0.08580539414730398 0.0775333901212364 0.03319237988118245 0.049208144496537376 0.016602927681894804 0.06876942801435044 0.04071228765642405 0.01021563196453926 0.0663976602940386 0.08705880969765604 0.08261927077666793 0.05227466513071894 0.04843980228627636 0.03879777803874917 0.0009141683703396558
13 0.07050902976769263 0.09914809097101898 0.03535504523273682 0.06073365691922947 0.027071545122794298 0.03214526587364184 0.0062473492703998094 0.01742372164935088 0.0923510579727889 0.09152298012957322 0.023788217002341332 0.0755404195129362 0.03187058906114067 0.005049540290117238 0.06523995606759035 0.049191144118623326 0.09449459410939602 0.0038258341486377824 0.013627214168252116 0.10486474861173799
14 0.005611513787457323 0.05305811445111479 0.06996521833423504 0.02812534557823675 0.06149038941803446 0.03968139248405817 0.05916537124469566 0.06703460838460974 0.04129663936838707 0.01969103070854942 0.06245512734635964 0.0752710215349187 0.07316326821745946 0.07637569682650147 0.0003104806319659464 0.057573366343552944 0.061740279285582574 0.03568376048155279 0.06414216864437591 0.04816520692835229
15 0.06143917151121007 0.062389206636940316 0.07426734420812713 0.02420601400220868 0.05941126652103094 0.06974490104878094 0.05138578068476858 0.06663915963832474 0.035203734749580544 0.013343914081281216 0.012521318944814104 0.010543809715521999 0.03386415011172542 0.06549453466578534 0.08298246631983783 0.08023183701532094 0.06824437800298251 0.049402822874543305 0.021941945524154148 0.056742243743061076
16 0.04486783169965222 0.07058696124497317 0.06414688354828926 0.048063005923408286 0.06707077124884496 0.018049651677282282 0.06988033839818061 0.05338229233678518 0.06635337242039246 0.04720232428485855 0.045470160113383465 0.07630936904881747 0.01883909235234511 0.052774464409705873 0.05660184668336805 0.06357224309718054 0.023139005644658022 0.07016466826699785 0.03323120685786571 0.0102945107430108
17 0.018360607148234887 0.03307398744511389 0.050026955741045945 0.0658812175695814 0.05171402337798677 0.08683376361407397 0.0907265397866779 0.0030968195260409844 0.09128239659278689 0.06407065383505964 0.030947983678329755 0.00016033837017196526 0.04498473187368935 0.055645667798355836 0.06009246782701653 0.044266175699095175 0.031562796857533715 0.03531476306212272 0.07356439207071 0.06839371812637264
18 0.06930047702134452 0.04792446883995604 0.09332485001899063 0.05473316634472606 0.10078298045133795 0.05056097169061479 0.016079026962606248 0.0382052011114598 0.009779624992952317 0.08774157209979802 0.09399910298272043 0.002829208951281958 0.02855206931421221 0.008700617691766334 0.0015677973576188162 0.07370295816540746 0.06032636664824874 0.03614935814625913 0.09219387054009448 0.033546310668603786
19 0.06327782836377081 0.04748110292933696 0.053725453849366285 0.048101829072378366 0.05543811353869441 0.03235573208061507 0.004930538470093854 0.062415269337124726 0.04240981564891967 0.009937360362072066 0.07435937263901778 0.053664570981403745 0.055962201130370336 0.07146506468459285 0.047846762964594676 0.023457266061632686 0.05496345161448942 0.03957289577720534 0.07980603933707092 0.07882933115725002
20 0.07120423597686674 0.05756358870960335 0.07143176954968596 0.04298650114507899 0.011824245393106888 0.019559777509388792 0.011517991304109914 0.05442911742952903 0.08669314756763047 0.08396324470150185 0.04382343887864082 0.06671213509314848 0.025682221245821795 0.0776147555134368 0.0036735920889359726 0.05342181336896041 0.060100618270326735 0.03443147847071461 0.07869615714360163 0.04467017063991072
21 0.08429925965496295 0.06798698805110888 0.07082747254798262 0.013615139543425038 0.07234866983736804 0.020993493398060215 0.025590430972592948 0.025145396745633493 0.07933942852121904 0.02098520877582412 0.06071668585058472 0.06204652351968446 0.026788770354539616 0.05165231699353185 0.039176129299214296 0.0640214316217706 0.04538220590006118 0.048183524515083696 0.08499441906878706 0.035906504828565056
22 0.01360185863263793 0.07070962461899137 0.025588623109134196 0.06671060442757389 0.090638487158768 0.039465881984794345 0.0946588775341094 0.008846185855995442 0.0888561636478577 0.03200762517727164 0.04926237273050757 0.06449870027491111 0.05904617888080091 0.025463182172970947 0.02251209377489003 0.005765557645156965 0.02438129512299964 0.08438741017022905 0.07921379381767986 0.054385483262720094
23 0.020056696377557116 0.06852799798026614 0.10073053831119781 0.08731295228241581 0.07449395651182204 0.08830838753352553 0.09201099486332832 0.10297794374143485 0.006766929639873949 0.04448441314579703 0.030281527669266846 0.0027132337172898805 0.02410363695153274 0.019146051216211175 0.03098852170600871 0.07625604635842068 0.0643753332912658 0.022285013916642376 0.014760620168764295 0.029419204617378795
24 0.028923942165926978 0.059551819216617896 0.03016519636193806 0.11056610396471381 0.07441315747722001 0.08731845175573012 0.08010748400920015 0.06695275497678886 0.04536591578274723 0.007293436145137572 0.0010490560134304063 0.03549339101131919 0.08335349316674767 0.004191627269309456 0.06555025317576407 0.0022431366343985473 0.03709100505000675 0.05716099933230808 0.01510527677941205 0.10810349971128298
25 0.02745825126264842 0.07354531594609862 0.004174010772632811 0.07284014998294311 0.04489311093833649 0.09831554714350524 0.03279822161064507 0.03738752142094764 0.1056568199798801 0.07320431749694407 0.06745334294189699 0.04047919551161246 0.0018670663173560131 0.041290340924539995 0.07735790637860374 0.040403523439784726 0.07347632951241409 0.051327349333176044 0.03515676587472114 0.0009149132113129725
26 0.024919625327319547 0.04158491090372799 0.08162815208195319 0.05598565982836794 0.03406606454685879 0.05759268320320428 0.017592264046256585 0.09111227702979534 0.07733385397472943 0.04488579097595822 0.011706182501998567 0.050661798295934105 0.019659571350720686 0.05163980871227346 0.04082534723725459 0.08734319259157246 0.0018544231344038847 0.08110481262927277 0.07708445281227772 0.0514191288161206
27 0.011853154455643226 0.032733468709496116 0.1000448530516191 0.02646435379444661 0.004689115035236938 0.061628678874428744 0.024172265022478184 0.0007054161023477828 0.09737412352869168 0.069717909071078 0.09584440832714196 0.03265096590820946 0.027778330540371748 0.07058834238755465 0.09850710864896885 0.1009787223013055 0.04510375453024489 0.03312596869869993 0.02857948320637889 0.037459577805657826
28 0.0872950848933256 0.06915562655301714 0.047776404848838716 0.03025885671543289 0.0005119289728092181 0.07185180853511275 0.020788779843482708 0.07014561992673796 0.05966721845401341 0.045661512293594185 0.08367487507714477 0.007005002835407553 0.05479926135865123 0.0328630108080905 0.05512549923175268 0.03490073459386732 0.06624680297923129 0.040516228902592655 0.05298374931266963 0.06877199386422786
29 0.07268994588867284 0.04412632872873426 0.06186789496484527 0.0440102011665374 0.043783895767401 0.03396298837757872 0.07501067007290396 0.09115913836117895 0.023114593161661912 0.05840402663629272 0.032658872557969995 0.09202080065117028 0.037638149534044 0.054681877341979164 0.02637263383633027 0.031812147633537895 0.036155531261711615 0.043019983664783414 0.012723197952995636 0.0847871224396705
30 0.09573135483239198 0.033034991836497135 0.08753280238861863 0.012968341232790743 0.07129812690119336 0.019079463020314644 0.052337010213529184 0.03225583130722579 0.017594253293292637 0.0019873263183226696 0.059736800771766844 0.01762097519309758 0.08721650132218084 0.04974866483324698 0.027843232367550506 0.08063384281860712 0.08949662079721411 0.09530450072816217 0.024276624195438724 0.044302735628558215
31 0.08924287949167707 0.022424591327572123 0.004519326499723773 0.08481415914996904 0.0798476306681977 0.06441675846221642 0.033155773355993574 0.10575962884528445 0.03332719108870079 0.03514730806933451 0.029508966365063862 0.07660752646491298 0.04964403062806084 0.035622076116205034 0.011031950446014521 0.03217362497512631 0.04444847824581197 0.051165162151330816 0.10453775379388613 0.012605183854917988
32 0.06484187551764901 0.0074031720108914045 0.0845290954274175 0.011550028015587991 0.011130783636142751 0.03767935110639939 0.10119305497500108 0.06213159373458577 0.07960111792609645 0.038613504976813894 0.05621926968272368 0.05937660144187355 0.09162042801904442 0.018063548875019472 0.07076903883574046 0.07587497264980499 0.07340526371130415 0.011791191751817713 0.0017428728158166674 0.0424632348902696
33 0.05293075919186138 0.0248408723262484 0.07097909822851797 0.0926877608640793 0.07476392349640548 0.028788590203478147 0.05541164417583622 0.08053557842589769 0.049737793553250725 0.0054016398209787275 0.03576318753225099 0.05889780549789151 0.0732391108857262 0.061059858471411 0.053340665501393526 0.05587837213899906 0.055696245735569444 0.033133941044549364 0.02105806266577243 0.015855090239882706
34 0.010705323784215976 0.025956797597167455 0.05412170770652048 0.0028823804562327876 0.07758293264571532 0.08947458540251792 0.08140547380816027 0.06996172552721437 0.06217855253440312 0.03721600598142404 0.0031958259724460653 0.05143980713408505 0.04984598967404884 0.08646021437306306 0.05462059403849903 0.05019305606463372 0.02577723505156202 0.03980297350098395 0.07883024008323661 0.04834857866387001
35 0.03282767147094183 0.0485085257358176 0.021481921689908555 0.06479051184300111 0.08890779527905257 0.07873794105464667 0.037255097690921744 0.08655026298532058 0.038160293899869 0.02457179414416091 0.024173817291705788 0.0191771677690125 0.06672956960870909 0.005833439160007796 0.071719986960772 0.06468312951535177 0.06992418508716644 0.058498064694256655 0.03626374951369205 0.06120507460568533
36 0.05953147213770961 0.07567385874948206 0.042872495452552804 0.014384862316708182 0.0007662783552630066 0.034852718958681035 0.038441093512323665 0.06844670000543943 0.07419945818533366 0.0283114861335083 0.02749036733699586 0.021435189493452217 0.0659468879142956 0.0576468264253793 0.021929510178051222 0.057119027842199084 0.06171750273571645 0.0869737882409899 0.07478685104755148 0.0874736249783672
37 0.034737962357106904 0.07856377602883222 0.019476986581063747 0.06728889987197167 0.027309882505597204 0.009994736662878057 0.050901367719434064 0.07279473885913515 0.037005647102016107 0.07233879077799084 0.05626962217413494 0.0492777367196365 0.07680407363124622 0.007267069269178602 0.06799307863651946 0.06219550673209137 0.025455817663698706 0.07180085721404161 0.054926238742085534 0.057597210751341006
38 0.03859749610503747 0.04614361791307876 0.02703906015044808 0.014454336990928273 0.04300812712984896 0.03869028423455673 0.0731837372338573 0.08851481544086699 0.07501579343267907 0.08671797082494474 0.08498476057998725 0.0075850809293652385 0.010850881373651228 0.04670302054021118 0.08187821884696418 0.05809052268277309 0.06625979461864316 0.01781294927172688 0.009216741619391119 0.08525279008104053
39 0.028236633621525828 0.0604161320129798 0.06297551972334829 0.00492899308054297 0.07193464337572766 0.061106819001604425 0.04521900975470432 0.03150504411333473 0.09227616623974597 0.0034555805462023093 0.04174604921336533 0.01733938025904034 0.041494087258794485 0.06302032140182152 0.06100577224219007 0.0599983750323898 0.07182100145281736 0.07233595462794787 0.029133946444352576 0.08005057059756433
40 0.06876904586360168 0.08864818293496764 0.05739101545024251 0.046251164197086726 0.08519845024832097 0.07267742180932872 0.010185580644425528 0.0973130177624106 0.03804953932219162 0.06877168267181889 0.07104663683468598 0.003918118912863421 0.06153673906088339 0.0031183057937968386 0.05002397656273712 0.03490147718849527 0.0009481554246774941 0.008254696428821142 0.05876920811602303 0.07422758477262145
41 0.06986981045633785 0.06655493598262154 0.0055021152073769656 0.038149247846929454 0.0764393683726555 0.03629312459905854 0.051009487736773045 0.0617258585242313 0.04944273222563573 0.002176078434409494 0.07739898347956754 0.059335506225765174 0.03033853543935179 0.049788673480145436 0.052325489527469314 0.07376685058244996 0.07363125979556881 0.04563965646992193 0.05814913154734134 0.022463154066389285
42 0.07250687292302978 0.05036728606851942 0.028549644674261153 0.019191129769718995 0.029486696710071748 0.03437670639236031 0.08427719686155107 0.07576200377498346 0.09005505151071588 0.08932463435549158 0.017834550329716647 0.06108524063381796 0.004772190327442606 0.06280741707263802 0.04245724907105579 0.027727175419883923 0.07852911675120751 0.08864701617425473 0.011377365810293465 0.030865455368985897
43 0.048727802983866204 0.08524690442641975 0.07454264174797312 0.08157920642968523 0.09344919556898874 0.09132278501025419 0.02402624499578494 0.03571184173507871 0.023566745839172783 0.08099048497819404 0.04155951487119622 0.01759452726849249 0.0551260506538989 0.010711428216411334 0.025139133220498475 0.0006707434440359908 0.08488062540690423 0.06965600119789879 0.0027283587878191773 0.05276976321742673
44 0.08725509937125012 0.022534693617443823 0.04529081893146622 0.08294804490753191 0.0668803399904371 0.02080843128586873 0.05824619373713557 0.05744379370206204 0.014448374819444698 0.06350661279564122 0.07331059802202891 0.06260913393110916 0.07508544728289518 0.015845675481956995 0.03797817803623427 0.046448789317649536 0.05049129636300646 0.043745244136742564 0.05770494877594879 0.017418285494146687
45 0.07090015170546568 0.00935857246477668 0.07790716483207095 0.0007300979916161999 0.040818657334005026 0.10076470067111142 0.0075726191352685785 0.06492748043362621 0.024449599396528653 0.03161651451201637 0.014561956207840154 0.09824529749387673 0.028660898145988836 0.019989745482410566 0.0840900363434276 0.09613847810222814 0.10726391637045649 0.028027080605795934 0.07652557485125262 0.01745145792023725
46 0.023147870735722723 0.054293407170596664 0.0626332669722794 0.009725184038546874 0.11437886779594994 0.03361485376010636 0.034238310995940005 0.005572569717947306 0.07369113048475089 0.013246951825315106 0.10274503479210609 0.00533190697397623 0.03546655931223476 0.1318250929271213 0.040149873889947355 0.023157331624555317 0.06345219878772529 0.0884285688585644 0.05082037485341109 0.03408064448320301
47 0.02168440090354965 0.021965257156288873 0.0862565606412165 0.023480584358642087 0.06389543446355977 0.03410182190421702 0.08542268568681881 0.07058068529121099 0.06659496525093578 0.050137413152077544 0.014884230778377755 0.01629111091732795 0.00535498430247843 0.046643910196306475 0.07696920474000349 0.08463931874926099 0.07641894838858103 0.08501847614863936 0.05134904272578554 0.018310964244721954
48 0.09236201884930151 0.07623764250400186 0.032454887506655476 0.03250600749701169 0.03389568758359271 0.051435672537351755 0.09810801572044152 0.02989136319912622 0.039926810135564705 0.09237812696639809 0.06307564358675267 0.04155795429582939 0.03392835362654556 0.02243704049703234 0.029386225958923005 0.09865826122256627 0.058535948241609057 0.009787657454066708 0.062713096946006 0.0007235856712234892
49 0.04993265252846425 0.05061035790115407 0.018962173574558847 0.025487567874034816 0.09448558502475579 0.1002452900273099 0.05593577122604966 0.03880273033161993 0.07820039809114014 0.023401757916658033 0.08441891032994095 0.03481043320245892 0.06749720229747706 0.008738592503762868 0.03868100141385419 0.045074716356169976 0.041276446711361506 0.006658799580303823 0.07475404070069609 0.06202557240822918
50 0.08688943636241127 0.0798735091795867 0.01601226250576982 0.05539195913516197 0.07683431798066938 0.10141190319678502 0.03635935574892688 0.036886196906128745 0.015152540255396276 0.023311130129700913 0.08021507551621393 0.02125695968150646 0.058031405486564484 0.07401994241371868 0.02310525090872903 0.002948510755049651 0.0021356810020537803 0.03693105144019888 0.07764807121321218 0.09558544018221578
51 0.04451537457026274 0.020219331192074464 0.05951050606365907 0.06961389408642152 0.02375030644157878 0.06323874720326586 0.013005360422660126 0.022293614164990087 0.07188108593942898 0.06564591039369302 0.06092958043815496 0.07669598533275264 0.0671302260141772 0.040806918098355544 0.07627512174942652 0.06977345077001568 0.05071983193485143 0.04302051077164149 0.010196525093407452 0.050777719319182506
52 0.06526692417292629 0.08329521396710533 0.03564938089757562 0.04237527111309665 0.0582999621218044 0.04207101606193606 0.038168289348282994 0.07709179215090252 0.08372914756031266 0.025004159945648165 0.010223393805707918 0.0742730284241222 0.011517010652108018 0.018584738595709565 0.08753766242420938 0.04395466079589317 0.05961353108120898 0.03702280257200056 0.049938218109647534 0.05638379619980203
53 0.07678231850882994 0.0078817825152743 0.06825506372864924 0.009335580494274152 0.06320165529472922 0.02156244128121777 0.026039920491629537 0.004030931414816491 0.08579161552584696 0.021276639365292845 0.06814097819076481 0.04070572229299575 0.07878497265003896 0.059812704302876656 0.07058840293178394 0.047041631371860605 0.03844738004238918 0.09363616607610326 0.094692934826803 0.023991158693823456
54 0.00022636607739938582 0.08112461235489518 0.09234071658840991 0.002050439029245077 0.036111488162360435 0.030205916621840637 0.0907747534483325 0.07938650167965708 0.01171663435062945 0.09916604626143356 0.010619778376149485 0.04739553453597441 0.08968669156371478 0.06729338242156209 0.01776275473856009 0.00021357661967222287 0.04271979522161916 0.06405118659570772 0.09262481140333119 0.04452901394950577
55 0.0616514608754097 0.08012243348972412 0.02106369748115218 0.06603328389507286 0.016508882709570342 0.04125975326916482 0.09342726157968538 0.0072500539234635454 0.023304392569158287 0.07509552952472257 0.045251544399805395 0.05758755279641103 0.020361323279152427 0.08844695866720274 0.020645112396780747 0.008667317109019383 0.013160847466144411 0.12300764748821147 0.06207012200967458 0.0750848250704741
56 0.08585206336425079 0.07398297564416709 0.0935825020287982 0.059423204885217615 0.07276296419119636 0.03317642747188286 0.04939920223101458 0.07255265253661472 0.05115323123182752 0.008727036782298013 0.018563318372924284 0.005711910350131854 0.03529332993019909 0.032322790371462136 0.08856220557601611 0.04182055863378365 0.029775032567909934 0.056169243669057636 0.07336339824174137 0.017805951919505996
57 0.10630874398213105 0.04770551239451194 0.09962621008630808 0.0212791917222142 0.04819398445445588 0.03485212117552061 0.004158733372785214 0.04748562195266491 0.023471103663142725 0.03542053205499728 0.08250510959792516 0.07246327558674014 0.027551819400105194 0.0334667166399328 0.048905291310625876 0.0572923682544282 0.0019472794491827352 0.09969908922242184 0.07477027815263423 0.03289701752727192
58 0.044174761062182925 0.03516974647542356 0.07342909096344956 0.028093011925375524 0.04979523896908412 0.02998136899913983 0.08347185912785227 0.013882408186638714 0.06960585278932847 0.02698679971337961 0.0007061384732355979 0.020570860422209382 0.05949075501100366 0.016991456312523422 0.05943834813683144 0.07121046769054142 0.06954353691561102 0.08841187896600212 0.09186057647604277 0.06718584338414473
59 0.027498500416987502 0.03583519689478513 0.043065204083332885 0.045810075604720155 0.08656221132561082 0.04209779715172527 0.08747435768480069 0.06588442054545847 0.014647256140514186 0.05246696778655643 0.04467670828788 0.02668409252910609 0.07746933531110216 0.06918797123241686 0.019571234811171803 0.062184085246940295 0.013155691407455369 0.06623886122615721 0.02948713535469759 0.09000289695858095
60 0.04648567876970407 0.03152358344391569 0.005598606216473728 0.015893868523052978 0.018744627523469 0.034877296646746846 0.06929441355236231 0.02094830631926128 0.021699010160069233 0.07586214503761149 0.09448368055179403 0.10118991636385709 0.05330336034976279 0.09758382727669031 0.09593156936387669 0.08488651673912666 0.030904728951651365 0.08286041833013508 0.00603046710119439 0.01189797877924509
61 0.1153416627880048 0.054259329192026355 0.02414414807831084 0.0644502116172434 0.007694823520959901 0.07978983141410198 0.05380255165088344 0.050231179519808225 0.0077511931584637785 0.10590887395403065 0.03191094200791285 0.01685407424642152 0.044395453804336446 0.03810412064156134 0.13494906279196262 0.015361657806278874 0.042840165075435616 0.026575881511726386 0.07205250871946395 0.0135823285010669
62 0.054226535424233585 0.005464345335544963 0.12217838055969615 0.12800734125069568 0.0495840816537853 0.0371518271279115 0.0408957110374076 0.05301586430774958 0.007780665570097703 0.0742879594496936 0.0008033784338250906 0.07777693511530678 0.012439810508047476 0.0033567446367730063 0.08688243160248497 0.0950713794189655 0.014262980087047551 0.0014559055069684349 0.1280848623824325 0.007272860591333061
63 0.04179132599377358 0.080867305051735 0.032281615680573944 0.02858051487577634 0.060459080151892414 0.07289577992923812 0.03231234776220044 0.0335127895391904 0.060844721371613314 0.011434631371030488 0.08403314646988945 0.07068540888770833 0.01562840032107767 0.04514735587980962 0.078368645413253 0.07846022477092851 0.007962133619450393 0.060428749562078936 0.06171472440697138 0.04259109894180876
64 0.022781967205123925 0.034940030752343566 0.03380067320593362 0.003534021525822521 0.07948663042882341 0.027183753882202843 0.06237353131681694 0.013351491384094055 0.043654445882388246 0.08268800623563924 0.06451228928013174 0.05711630811403295 0.046057855046098044 0.06330673639981471 0.03158728723698426 0.08173215953063763 0.0512810140101291 0.07351411513800793 0.06792037154069963 0.05917731188427579
65 0.0485668279131271 0.06522512609234384 0.06375753762289804 0.020504281246496826 0.06594287997963895 0.05520374340556724 0.0348658027124017 0.029562865027311064 0.08127081853148684 0.0072329697492151505 0.09057662186161697 0.09750893196997414 0.08709568223483449 0.018797222990240045 0.0522213997919104 0.015884895255695277 0.06238425454094815 0.01858699976144175 0.02697230954223254 0.05783882977061947
66 0.09368098194180643 0.08207151299048418 0.0072377478283833716 0.038837209420871446 0.053757584086172094 0.08183379834677615 0.0056753292098408676 0.08696963762347547 0.0894818748121021 0.03446521765955159 0.06856194734939877 0.08031871751146195 0.008156869601974403 0.0036934999111467547 0.04583110121827661 0.06479701184503513 0.06102172332670335 0.03649797056668788 0.010925980079788882 0.04618428467006279
67 0.03539467293366756 0.059278185054570574 0.08299163723775989 0.05407894346339021 0.07279263264819837 0.023796571914132026 0.06559795616831159 0.0019016324178650322 0.0005363050689678343 0.07516768223013005 0.007993449152943656 0.052707281748696946 0.07036613340359787 0.0722419547562847 0.04860878193401775 0.07175292824476266 0.07452981129837431 0.014599827312783122 0.06276734744221235 0.05289626556933328
68 0.019047485547816448 0.07546013084639033 0.06568163738280622 0.045232081695209016 0.016256139735481373 0.009973672375684776 0.08402974048585767 0.06334949595445667 0.02870675464131858 0.03493638437900948 0.05351445582765049 0.007432079439740833 0.06959841171090124 0.08487631210526426 0.05212984767559083 0.0922551738567346 0.05415338165140763 0.055587853894541676 0.030180045562162125 0.057598915231975904
69 0.08200253342454993 0.034276349511079295 0.06148045376212263 0.041425399523282475 0.020513223436507466 0.06715966852082428 0.055514889196420114 0.08432788354616842 0.04643853049070267 0.06992897868773669 0.07085944668145285 0.023906136962371267 0.07858355212801546 0.007512186816682368 0.04614602804033166 0.056393702462644475 0.030442368501323012 0.06222333550478421 0.016584342906978265 0.044280989896022444
70 0.0621190598259203 0.08996529405003285 0.002998160976482616 0.0996685271830384 0.026887036784143215 0.03849989012896762 0.05683710959211412 0.06186299247124525 0.08474501726101699 0.017452411855761744 0.010539146916172266 0.012665681879171898 0.07049101442837186 0.03485268249325513 0.030416210770098488 0.06565665953486723 0.08089171887990476 0.05995571963487932 0.033823815783252865 0.05967184955130306
71 0.023895856848559455 0.0224292135847731 0.004291233197316256 0.043101450627849335 0.07042346471229625 0.0627922302636259 0.02929395944630952 0.0731894910272038 0.0016926216105241005 0.11079633950424032 0.07020630978458431 0.10467062049963517 0.02306125344359695 0.05822004039829655 0.01405050985305582 0.028867427434490864 0.05425715520814636 0.07924695319639835 0.06670854663728262 0.058805322721814934
72 0.012736534795365514 0.05928399753689572 0.04735825354469493 0.084696230877034 0.05543185260534736 0.09209530295950026 0.03769111683277434 0.00036470866727868087 0.04402243734444382 0.057685342686230316 0.038710645737211585 0.07372876826875199 0.060731768043677394 0.029734996121077065 0.003995995960256357 0.02076113374590927 0.09261020590862454 0.04516838537135377 0.0860753634507488 0.05711695954282441
73 0.05027243019945836 0.06238056002296293 0.0037100314185050114 0.04449831238925263 0.03488797938104545 0.061909430826816006 0.03557665504768037 0.07599965084474751 0.068773617898196 0.0491850926459132 0.07673162737402243 0.01361889836736157 0.07833578653772597 0.04874981691115503 0.040260345400300795 0.038364964941055825 0.03712384354282538 0.0550825083582037 0.046650255080819374 0.07788819281195249
74 0.012319459187998181 0.03814724595076066 0.09715392109820395 0.07406759741040059 0.04517237677735851 0.008015821547234651 0.08398329591287094 0.03589765918636688 0.04193772369056435 0.06816498327934868 0.014493645340702731 0.008506089398606103 0.057563508564768155 0.0779822551478646 0.06250839054383057 0.037169526673220474 0.09178941497556768 0.023294937804705627 0.07023491707964562 0.051597230429981364
75 0.1022436829924714 0.056534297470957104 0.02532237037353921 0.012428642328010475 0.04360388005838021 0.06347377891031662 0.017650907780737704 0.06906730791786282 0.05809166777228653 0.102827689606592 0.007853073622346626 0.0479787961909573 0.026633744288362803 0.0956367455030364 0.06049221076298238 0.013767966315702677 0.10495693642293066 0.006800792772624141 0.08374121260707985 0.0008942963028232431
76 0.0020445028937341654 0.06469957309062489 0.05303971382135302 0.01427218090530636 0.02252037030662179 0.07480510282460294 0.07630112250983147 0.0033737964965544296 0.006461252155647445 0.09751598181580759 0.04128317462306316 0.04129814468619 0.0694973277896391 0.09430369041047292 0.03208011350764872 0.07557157450159274 0.03729205217972988 0.04942333276726625 0.07046739871802706 0.07374959399628624
77 0.030002814933060017 0.09131868001427101 0.045956546473208335 0.01131121123724109 0.014235329470619265 0.10256512650888744 0.02799667019716123 0.0513662211036127 0.011400069419681332 0.08441691155501564 0.054813777585978565 0.049599240918521116 0.11254088213443664 0.04183695036969797 0.08329453190349764 0.07572899516902266 0.007496199472447893 0.07060290541021404 0.0018730363505784688 0.03164389977284706
78 0.04364525461465848 0.011682539246040955 0.06042165646496118 0.04083188750818889 0.06313676145119149 0.08266470388357114 0.04210062876211377 0.003991844614599813 0.04828984345171433 0.07847588803693396 0.04405606880654578 0.07372723942115661 0.08535580689827146 0.040038010403591145 0.04005946144211624 0.01038329218268192 0.02472367951397985 0.056608662427122904 0.06472846759614591 0.0850783032744142
79 0.0874880472595586 0.053067922618429006 0.04295210273767675 0.02449997768857384 0.038319883950075524 0.033278354636629315 0.029268123688707622 0.10144732836809349 0.07021787859840976 0.07891939789771886 0.023860238064978778 0.052845277686172205 0.09738271688975479 0.05833503189489294 0.0028623132096687273 0.04285952220496388 0.021040439514466717 0.0675415759703668 0.035688142956929375 0.03812572416393295
80 0.045323020429385276 0.07180391289732108 0.07024215737871009 0.07822387200621124 0.07910669869994104 0.0508068245482664 0.013278193943006457 0.031872938437064464 0.06515184430940651 0.02509554039939751 0.06858039937765319 0.007253132067951091 0.01390186155483091 0.02403215710323432 0.07873663283762523 0.02067151433997929 0.09184259519805511 0.06549585528237378 0.021555213069361905 0.07702563612022506
81 0.021536851452297254 0.036209265216538895 0.02107403460901179 0.025388240740393503 0.0311100135576217 0.08882129410007628 0.04153687087392072 0.0005695873575937767 0.07977186611722056 0.09424017451385046 0.036214661500559533 0.024600651892221485 0.05982584660506218 0.09663685067341624 0.09556693781386874 0.009121990180561833 0.07710964527415057 0.07130059507271373 0.07144878064467931 0.017915841804241387
82 0.058412617737723084 0.05008734325150542 0.07955079040083063 0.06166901118993574 0.05451063082321569 0.05732552777809625 0.018105734409459905 0.016762802488056 0.058370715269815326 0.030983161826311754 0.08088931180376638 0.07083489962798672 0.01717759656144386 0.059951747844726136 0.041931621528198376 0.010132645797273255 0.07409992902017218 0.07206875902355428 0.04868320205078636 0.03845195156714262
83 0.07649472646421442 0.04051397940031991 0.07981784121448643 0.08877339029833221 0.020679116733434116 0.025151080215314748 0.010057173615055783 0.0017589398776707086 0.0814247825019612 0.0651589160661101 0.02612167267194628 0.041895527340430734 0.09956958489649277 0.05895311974352496 0.040813303531693254 0.012314683740010691 0.05273890046219029 0.05453945233773989 0.07740744144707931 0.04581636744199231
84 0.1379801162625454 0.023634194869208935 0.027142722659573133 0.022340716586973945 0.04894937549603608 0.11542685143415826 0.01223963648228125 0.10916658629262692 0.06874217989368374 0.01687821817080809 0.04457412395904248 0.030044719566252685 0.01668631847438437 0.06985597879238889 0.09376141606873806 0.02447701486427286 0.010667198060931393 0.030059882074637504 0.042215119018470304 0.05515763097298585
85 0.06736331664631309 0.0022949463177302245 0.06549078328143658 0.033724996752971394 0.06871693967690398 0.02140047872630082 0.07868752103578242 0.07458041786569788 0.021196211513058068 0.0674262308633212 0.06878190700035978 0.01979382870098973 0.04454180651669908 0.07833747321640422 0.05698120288001876 0.0710283142550078 0.02107704921423108 0.08143290886967326 0.028112611000486072 0.029031055666614597
86 0.003256874810202167 0.01392576498752641 0.038286096938726484 0.11463558211744072 0.10236472024787442 0.09724738546798439 0.03847569953300163 0.05270464276302562 0.1063010191152086 0.08212795755471014 0.004488403954955681 0.030874139821008142 0.04070356052284126 0.025119510977315188 0.05728384461041015 0.039808011105630293 0.03213735378754434 0.10794629649141578 0.008672367430356208 0.0036407677628226285
87 0.07565268847906644 0.044384156281975236 0.051764986813176636 0.05029564165842817 0.01662816825423661 0.04983909053298672 0.08307541428400829 0.005750301158775348 0.040675693512311886 0.04267076133121258 0.06938047530568352 0.05594829186085984 0.052615773694040475 0.060027606488922 0.016328633981060384 0.041020607389324844 0.08991361431301508 0.08586941885340767 0.05851995951372934 0.009638716293779123
88 0.10466708669373952 0.007124821530689182 0.051398910733870755 0.021774181985244626 0.07211355906043193 0.0012665873687052632 0.058445844840109236 0.02425129713562965 0.10550891830940874 0.06980407341842718 0.05607789933224696 0.0611899135249221 0.09962150434464649 0.00027984953024093296 0.030967026309836766 0.06983147622474423 0.019877019476222352 0.07000766242572251 0.021108618163287053 0.0546837495918747
89 0.09685650495707616 0.028975309864930826 0.07898097341285279 0.01765287969421391 0.041215051591880866 0.023906704987617784 0.05340992948470583 0.069108936592329 0.04845144620180668 0.03734664522911214 0.06457372370575815 0.00719767780969941 0.02542659043370944 0.09365842951294366 0.07318526691350064 0.034308935881183486 0.07879662062649408 0.04333170074367667 0.0033635430885593978 0.0802531292679488
90 0.015663550977691003 0.06939335553491816 0.02949973845655296 0.028740437741557327 0.04774682100100868 0.03847947909268051 0.02396142808172176 0.04414358156571723 0.07526665007202962 0.08140512153330437 0.05175532905921666 0.0521681830751969 0.03278533689824753 0.01439335307505547 0.07655631673150844 0.04691480914556803 0.06927954747284908 0.08099550679168187 0.06173210415088625 0.059119349542608175
91 0.024467053147304425 0.0799626197069381 0.0842513090069747 0.005559174948788836 0.021839727369715414 0.06791501151031148 0.03932015793710784 0.07387575235499648 0.03357331528210793 0.06810217859495676 0.07903037111755454 0.05236123082021433 0.04536889342716084 0.02866123788732985 0.04441203342597297 0.014306624026612312 0.08159537236064648 0.031146568231514085 0.06363977519994592 0.06061159364384664
92 0.0012547301434847288 0.014472261025045256 0.10245250315132579 0.060363031755567835 0.08570692447408869 0.010402254584051368 0.06068223959378213 0.07296904836303164 0.0059431430358452015 0.06924539931824926 0.0721744014997296 0.033953310475368884 0.06867165203209366 0.0047067330347800775 0.008394478216210654 0.06542232832728254 0.07333010898180893 0.05936405255994828 0.045530023574369534 0.08496137585393601
93 0.050869115111085814 0.019744027048486507 0.08837036682128198 0.061527414731509036 0.05380390451689038 0.062440435410771856 0.040379708058991125 0.06300852434486262 0.0214205615962092 0.07040345580891716 0.023502553738646185 0.0013998005989555363 0.09077928417842514 0.007377643539830604 0.10001245561470049 0.033258820887886016 0.03821429828501932 0.10145144333873127 0.014222660766472441 0.057813525602327206
94 0.07391029497482644 0.07814212677154632 0.07873493174145574 0.10555575615607879 0.005860275016798642 0.017843634554872964 0.03827992870159644 0.0703451161852457 0.09159618375563686 0.005540595449452156 0.031436345653431945 0.06686779648202314 0.03502156694273451 0.0746996821455953 0.029815460164391176 0.014341134222051839 0.0644124541780101 0.04703019078609887 0.06543268633131478 0.005133839786838523
95 0.10372639832096307 0.043520051306407126 0.02120352606935569 0.07685444384781104 0.04730135418194506 0.09611404446007421 0.0025735474530175764 0.044713352354538466 0.033916848563815945 0.00883141467161 0.020345274769219233 0.09447339208704107 0.019940594877990565 0.021589017534320958 0.05899500984886902 0.09163055836389492 0.018585055527279664 0.10137866305685143 0.016199621773127216 0.07810783093186752
96 0.07119224029741941 0.013958966087409774 0.06860524552999349 0.0187451546175664 0.05542799979409073 0.0011718631436494304 0.07481614719589366 0.0008525121571795033 0.08587307248106343 0.05644198855477641 0.0999726245928648 0.016788012202294412 0.0009118478093061321 0.09029254510681539 0.09988854962342537 0.08801167281814568 0.017839705380702304 0.0549069377714798 0.07684270306209655 0.007460211773827268
