0 0.006080923910302209 0.001866388345324537 0.010843720327456896 0.058925800496777425 0.04744466968331648 0.04738241704545681 0.0734386982256008 0.07287821590709329 0.014972302588224346 0.09366743936356102 0.03665354631839036 0.05406058669628651 0.08191849669835713 0.09222118715382482 0.004817806212431972 0.08029997258866829 0.030261007831069237 0.01742827004041485 0.09126200441647815 0.08357654615096494
1 0.05970188742558726 0.1125748295436293 0.012298415063637904 0.012559622483029324 0.018331821882191627 0.10115058225633404 0.01647340036266136 0.047042918087755764 0.09555637432609561 0.0292087312023663 0.11099637280298903 0.00382250522513659 0.04617887999462709 0.06766554432633906 0.0006806076284444115 0.053500295100568626 0.05982681799404182 0.04103292134490496 0.021944579227731614 0.08945289372192827
2 0.028436694249360274 0.0906229508870551 0.001101250539183989 0.04544118498041059 0.037711224225767316 0.06886821901854304 0.006008369273209189 0.02040004694533741 0.10910274837788457 0.07543594770431147 0.05390903177381833 0.09546811799935699 0.023353979255181276 0.031103645919881268 0.0011630127091600243 0.05560309888922085 0.10394385173029803 0.08517479692504562 0.0539212432870327 0.013230585309941909
3 0.019892198057076996 0.021159981952167773 0.08033536135879094 0.048168260712972644 0.08334389721594453 0.02301561522005051 0.07749123861293938 0.025147917775484772 0.03598058697671847 0.0754940627362632 0.08459268056502464 0.011984310833157232 0.06005964957908072 0.03806282056902681 0.07980377396775208 0.06366228000915884 0.04239764696187769 0.030263491066557853 0.036186429778812805 0.06295779605114217
4 0.10289670063608523 0.05876365573744716 0.11107874749902916 0.013478265973885606 0.061788997334013517 0.016258444178298876 0.007000124221963198 0.0018967031154679583 0.057417523050200064 0.08490412189697845 0.035704558335290536 0.01017872283741188 0.018996216343733 0.11209195233949494 0.0843933834530452 0.00989734938952176 0.02433004229668608 0.07299911588896227 0.042215664552986365 0.07370971091949899
5 0.03519243456952189 0.036652887323346955 0.04891941867082873 0.07950011004254914 0.021583650304804594 0.051505471594064794 0.04153901741175288 0.047780474770747774 0.04202569425145019 0.053874709807076954 0.05227571232888609 0.046421516627848734 0.012624489227964364 0.12418032688195708 0.0853550534686988 0.00653111717170384 0.114607639384724 0.014507826034716781 0.08481569648620166 0.0001067536411546832
6 0.03504929886794728 0.08332271982391216 0.07176158420684611 0.03302277855970567 0.014437091145510027 0.08617766750082105 0.06349557489421409 0.011112784314182554 0.07317874958612713 0.045109229484147834 0.10646289687327577 0.04271359307761008 0.05755372470729116 0.07115679997576578 0.04525993517995483 0.06690397179840137 0.020142210555062122 0.01905936389207045 0.008992118605361548 0.04508790695179288
7 0.07131540454726366 0.08346639993112524 0.09554119400487884 0.02271447735826998 0.025453626419247616 0.00820238677936077 0.08152647321782466 0.04813723048162106 0.0025605394306611393 0.05829558868217896 0.08667529948656187 0.03419850544559104 0.04133456746120384 0.051031673356654275 0.05986230499278239 0.017192741570910948 0.08387230108823658 0.052834606621723575 0.06551756128423875 0.01026711783966473
8 0.007058842032804652 0.04983671121696401 0.04231667996242417 0.024425720885784465 0.07032492781368421 0.0809296368329117 0.0772573603922897 0.0036851880003339363 0.06779910986688178 0.049409782110567665 0.046456588042251626 0.05606879032798327 0.02891237589149186 0.05739667072655179 0.035903072036465346 0.06958031207863029 0.08613795205145801 0.040386775396339 0.056309707820131595 0.04980379651405075
9 0.008321349560881982 0.11297179596299271 0.005075824430913408 0.006685933041088654 0.029611254437198437 0.01947805027394261 0.025978567649439954 0.11087888267570581 0.08048333594752105 0.10819543167421057 0.020308505633739114 0.008981149074534333 0.1150954435226934 0.04622328823220365 0.08471791990201562 0.023689128596173916 0.007609607716873333 0.01739846109927856 0.06843024149378152 0.09986582907481126
10 0.03822943160994057 0.09377204368803577 0.04796111539933427 0.076533287432405 0.060289304190616094 0.08397159316648237 0.05059287851226558 0.06948742366566049 0.02744938716738505 0.040812824623716625 0.05893649235363983 0.0046408936284117654 0.04152297488935458 0.06474865176891806 0.06411919093968711 0.08683282753154425 0.036089649648477266 0.004442148105516185 0.004485578479689844 0.045082303198919246
11 0.020880363269289385 0.048619268151891604 0.04106477764730014 0.020611296354834843 0.034208001055801227 0.010273098757764736 0.09842152818934702 0.06551992151599514 0.0024895314899777586 0.04630197776866928 0.07991584501398721 0.060962351984677435 0.016792505141720423 0.09840054768511156 0.08830840825739562 0.037295496458597345 0.07157268093101012 0.03809981688169322 0.016142846838790775 0.1041197366061451
12 0.05124100452580959 0.08671405207657677 0.08689270783343211 0.023993250025081053 0.09320332764576525 0.04166994031437217 0.02247782478015643 0.039123731291486746 0.07236503419212588 0.0021660922828722353 0.05387202312995991 0.09420992300424229 0.04174695225229635 0.04064695200110756 0.047779328100900534 0.026552928076787198 0.01826594513577654 0.028105370208286105 0.09237484280519476 0.0365987703177702
13 0.07648083326933657 0.04548960428220674 0.04762386616767127 0.06250403806487091 0.04571704825928452 0.07868771016230064 0.05864458911574855 0.06429497573702424 0.06824706545339385 0.031397745046851756 0.02818729974463698 0.016785506205729016 0.05856666942399601 0.06574357671123635 0.04533961852991189 0.07698483188168999 0.032879070468289195 0.0016349445725901202 0.05010514974439224 0.04468585715883931
14 0.13862878158931333 0.01899980904100102 0.0891352674352267 0.009879457851739258 0.030418876169403777 0.098538495752326 0.10224372354690828 0.07998906731226871 0.029844586496217906 0.045499044854879066 0.09924488907037213 0.012131948179903406 0.010310118996036153 0.034378842927789845 0.009240771377248306 0.05234076055346936 0.004893467915220469 0.03433744011843365 0.09899077613837907 0.0009538746738636292
15 0.06316334024539492 0.06400535521474147 0.028597532379168653 0.029218596822131244 0.06820687696096638 0.06690289091165601 0.06366954979100595 0.005815404471993156 0.05646556538830677 0.0841380284670411 0.07817934066341473 0.024394902991484776 0.048535890570960055 0.034421548612592556 0.05339365227992943 0.021950180299796188 0.08195183901279766 0.0359873831626242 0.03953251237867475 0.05146960937532006
16 0.03432622671163252 0.05959592026750864 0.06908451705340278 0.07062333486776017 0.08725559783893588 0.03194570467627892 0.0015102682648200645 0.08091113949202162 0.012435668367923543 0.048792862794047626 0.08741132594445213 0.0658396431538367 0.013580855493121007 0.06201747316788817 0.08626624924353421 0.024756086765636925 0.007251605663209671 0.08676202250353987 0.03062804193496255 0.039005455795487
17 0.06703493413473151 0.017151342175492947 0.11921304147172089 0.05484988467670463 0.05841292972632687 0.014835963094292724 0.01919661198869199 0.00921340783524193 0.031708508757349374 0.04683000878045284 0.015920937719541967 0.09216798431174528 0.07248893956966765 0.09656513576071611 0.003100516274360057 0.034982817747126325 0.11856924854071331 0.04292389107653328 0.014505404604186518 0.07032849175440353
18 0.028842756083653085 0.10615842268011706 0.02329766086391774 0.00315352940554194 0.08949722018154559 0.05296302732538666 0.05828731845440035 0.07092196290500631 0.029616744626569994 0.11078852292060834 0.05810338688176623 0.060924464327266045 0.009147582210656098 0.01632278875423556 0.09244687653209493 0.02917009023349376 0.001660409399823292 0.04536737556262367 0.07628651382537134 0.037043346825921884
19 0.10156113918602604 0.027643728053503357 0.017237394230403727 0.07218727185484652 0.05626345818629835 0.049088541442734966 0.09902106049211341 0.07393084326778424 0.05821217078480053 0.01908701096862282 0.09428224182266103 0.042698681556633165 0.10040025858533606 0.054602397174748615 0.0012630191187933024 0.04032516383928655 0.020487618537332615 0.03510855073646727 0.002275018500642368 0.034324431660964896
20 0.05101312545888237 0.07378951429676424 0.02370144018167456 0.04757707921165044 0.09102621505314629 0.014817792359318726 0.1003085258203902 0.07995409032094183 0.06361422144206595 0.0392560006633391 0.034137350882047224 0.07347677258657617 0.06629775770757558 0.06745585621625182 0.07876254074614741 0.024215070959103965 0.017982879763269368 0.005075598598609178 0.03368404748759764 0.013854120244647822
21 0.10585574690105412 0.046238991152426086 0.09111086834303139 0.09260919762286042 0.04801203648400232 0.058575674278647745 0.04042810498572067 0.04575345289579323 0.005836741106852994 0.04353365886661364 0.014378705113779774 0.10575531739773385 0.0006132463030709165 0.09272404313899393 0.017624266143305013 0.045357056409603025 0.0679884535558464 0.0048910403143111545 0.014395629576747195 0.05831776940960613
22 0.0029994802265187665 0.08308696617937565 0.03096330530523345 0.07114509973854433 0.07132637083689386 0.06231387585405205 0.08118629142333658 0.08006374005344534 0.07932065807411767 0.07114664274857616 0.021501357401966556 0.031053268935263393 0.04568392931755153 0.0012346070325241687 0.039067106702701346 0.05054861295216519 0.041363936610426505 0.06192012966518522 0.022149184122231005 0.05192543681989127
23 0.004197508194780774 0.004182873142355052 0.06918944246829326 0.09665113853499091 0.04682167104095067 0.01995480225268809 0.04511931061715969 3.138398102713096e-05 0.015204219913427483 0.06567424228065583 0.022092157421259726 0.03830424531648044 0.07723284138331374 0.10213180549882558 0.0899470882877214 0.0920538096885895 0.11730499597036041 0.03372522648180363 0.038746924654457955 0.02143431287085904
24 0.07035729303502478 0.015148341865387356 0.0006768506435979607 0.0236386826672921 0.05552591205770411 0.10236640719819023 0.023862212518132694 0.05854895038632966 0.02060319507746178 0.07018796453960836 0.052233421126315925 0.004292893468215876 0.023396943894115008 0.10792492978662468 0.10813094419172006 0.06628433579402798 0.05918601475225384 0.041712326439340336 0.020560920096577673 0.07536146046207959
25 0.010310299199413855 0.0480571115557907 0.050658797173355676 0.06499684357737268 0.031829713013703194 0.08296123189331024 0.03391536733812368 0.027347352812977312 0.049365181502263704 0.07071239296111409 0.0236509747157382 0.03127395433198301 0.04536486358641209 0.07726228341945678 0.07847991478268167 0.07646186769996133 0.042364330538104775 0.054809651178374524 0.06288261789840739 0.037295250821455336
26 0.0765152051837457 0.02116737569150412 0.06558662832583223 0.020989554132610826 0.023131703851819844 0.07698605304267615 0.04956828956601407 0.06698508185689876 0.06903667079269601 0.030820826179020943 0.020987172792861095 0.0942365782990353 0.051980169249133734 0.004285242419451045 0.057574990871041336 0.04626629080499927 0.08718135778085312 0.08051875573240294 0.030250458441711345 0.02593159498569225
27 0.021388585087325593 0.06334854770163088 0.07618843193150973 0.01723997108068901 0.021223099461215728 0.06628435260577323 0.025689538609210676 0.062411094287280776 0.08028290318293783 0.012147436912340966 0.06966971807224544 0.0836795492053596 0.016458449217050048 0.02460180878873144 0.03599804078209509 0.08290320484152588 0.030043489118741423 0.08935717943461748 0.08165721947405839 0.03942738020566083
28 0.10410437257024402 0.02518676417121452 0.032522102295744336 0.005851754824272396 0.07733798035066496 0.04059218071604035 0.07653335280925978 0.003604914767512382 0.05122828794527565 0.054819641014210475 0.05379405063198157 0.08842492044523875 0.001360143291148692 0.045248840873663695 0.12122065009296874 0.04929948042585909 0.015483620941444839 0.053920873539467076 0.09074013511929975 0.008725933174488873
29 0.10506208510698471 0.05962933862002422 0.0593322196233399 0.06436898086459313 0.07929479678070706 0.019719289209691182 0.06084976125045774 0.05187918770668352 0.014447537344202867 0.017281588109380148 0.0033002214844504102 0.04331067236031315 0.04572834615772819 0.1010916699854549 0.008881056909976216 0.046430730422100115 0.007011556254722213 0.041761411417037854 0.08234710644434405 0.08827244394780827
30 0.043317720927454735 0.09795313474833156 0.032875642518724164 0.004909531763641794 0.0900264651355138 0.012668377123998514 0.02739688874703381 0.014170658795137682 0.08220448270299181 0.08170075173643129 0.05056630321636237 0.06881495649175652 0.07213105593910997 0.06718670963294884 0.07711458903820376 0.025442062546465943 0.006017057812387862 0.08226689079854509 0.047500291071658894 0.015736429253301595
31 0.0736803987652267 0.05436650826881402 0.03698266984392024 0.026593100330472998 0.08792541242708131 0.08174032743708583 0.0863701903780274 0.026588565505517636 0.07485117553918988 0.04397352588778632 0.04157456659726582 0.018280532895468243 0.0036692328148735585 0.05489842411884943 0.06241145630092132 0.07753709809733444 0.054631779847777874 0.018774019256226914 0.05666463816007632 0.018486377528083724
32 0.01998913726332162 0.0685105287386329 0.08131468275170965 0.07011021699472665 0.02397205436176849 0.03589081046205052 0.04878624067804551 0.07999960047443579 0.07951354112691136 0.03891307673511442 0.05962232681383481 0.0550198456575477 0.047658985177018574 0.048199389337732775 0.004483866454044202 0.019647798346202422 0.01310292204030909 0.061097396931778285 0.0691326219031615 0.07503495775165388
33 0.011298035283041415 0.08082592240506475 0.011992855187037597 0.03336540712354239 0.015425338561860263 0.0854305587179367 0.0019140260567740899 0.004093602161069095 0.050487376731961804 0.03837388026643723 0.05295271065653262 0.06375515011005906 0.0904607490015158 0.0940709212064775 0.0662992623569158 0.034028290374051036 0.013795178001001274 0.12291767229117162 0.038049274900785746 0.09046378860676428
34 0.08392142145750589 0.018958216747641154 0.060199222363937974 0.10995991103393976 0.04736182328354537 0.010338537625721048 0.11510303046968136 0.008247289477996357 0.07042836313908808 0.04071628110067959 0.09704990863913418 0.05573605350437202 0.013225858549302128 0.020720227115894357 0.08452860612277424 0.05353433235240768 0.0323373877158274 0.0020932794554542043 0.03736225745117987 0.038177992393917407
35 0.091962364875826 0.06069586324136015 0.0922809644420197 0.08885114219284045 0.01802410665783241 0.017717821084997955 0.059317861654846794 0.009980093391723021 0.016965784173859213 0.05190650162088738 0.02665990700470785 0.06752093268387739 0.04103424087651837 0.08769936868913647 0.03180578894650026 0.007773609582229873 0.08982354039196391 0.08932747245074911 0.03983733944341528 0.01081529659470847
36 0.007783433297784759 0.007953463060328288 0.11673036986607203 0.014788543176412842 0.03631308605546791 0.06995744736937752 0.09575506116455906 0.06847485512349377 0.006909447496517879 0.05050601258726855 0.03304159871798796 0.02044473829026968 0.07871110830485628 0.08163488409114945 0.07383264813541125 0.0006362304367855686 0.0729492379717075 0.04966278764893465 0.04089914409710777 0.07301590310850711
37 0.02853363302828105 0.06287195761644329 0.02930103644456519 0.03637093756046202 0.06240652254440527 0.07099099148718677 0.022841006734922596 0.054898592163675014 0.07583252655251896 0.0548284141881812 0.040605246133481 0.07315120924015804 0.06358717976410537 0.05284755097593171 0.02061826776711035 0.08046551027384288 0.07551330431123267 0.04251756164113115 0.0025505185143053174 0.04926803305806015
38 0.015873385532324938 0.07469993158047694 0.042715587263942575 0.08005320377349796 0.04781702687140562 0.022738366201764736 0.07378378630856486 0.05361175716891015 0.08480681764692931 0.02789832938422287 0.04721815412042325 0.04507338064190084 0.05117508152492461 0.004465570382485442 0.08082851569520216 0.053319558172709405 0.040206473689889465 0.05333899710061819 0.0750579651224374 0.025318111817369378
39 0.021105024998915846 0.004243112389514998 0.09538641834198669 0.013320483337831309 0.024508016263433772 0.007248554719644943 0.08661896457461221 0.02589472271284252 0.09444734784464924 0.06524241853657473 0.028075713622578692 0.07201133583990259 0.09704546968450174 0.032133785215286585 0.07005965311927528 0.07739720316267025 0.05168148868511577 0.02047685080585492 0.07776210640480515 0.03534132974000283
40 0.06467735545267837 0.03956882852054138 0.06168350985279481 0.03441022393979741 0.07762882646473349 0.04298935568744335 0.052895065473406284 0.0784676040148471 0.027427314625515422 0.09380720907771192 0.05429926053921903 0.05695246747598751 0.0022367521240283287 0.021288104848289236 0.0947767157748143 0.020119847320558583 0.018783446155814915 0.10825843527157475 0.013802609543058779 0.035927067837185
41 0.08409077786528231 0.10655987713667166 0.007528862548095593 0.08462295052552 0.03392825239645352 0.01007135067991406 0.036638584289452304 0.024328438298046418 0.11794526971256646 0.06478289589153656 0.09263833882808864 0.0340013906077117 0.08576725668220737 0.1005838946916552 0.027508756890949088 0.010959915530768763 0.000827203611837704 0.04523780419192654 0.010892951305712965 0.02108522831560278
42 0.08446983004222237 0.07262118940236163 0.05281405753427283 0.07459967351715041 0.03503115699644952 0.004648047963680118 0.08071648450555143 0.05744868797467548 0.026317833089017424 0.05921451870467991 0.022025019844414993 0.08447586927593091 0.04168592287082275 0.04756079972707578 0.04409410581763022 0.028101044993986222 0.02561392808970458 0.07458228681169378 0.04054731715091807 0.04343222568776146
43 0.009795764736353265 0.05404027876951097 0.0003328533429238317 0.05682446777252157 0.01345089037977613 0.05755918193888698 0.04363363523704216 0.06904283732954619 0.045840806366692965 0.04729175056352177 0.05445358327834755 0.08957381752716748 0.06075475936396016 0.06826823279144462 0.04351413067426338 0.07019590085734449 0.09071911469097159 0.0222102491824927 0.03054081440876079 0.0719569307884713
44 0.07696438759368074 0.0703110885539235 0.0578715150793152 0.004205789844970974 0.07588422432883579 0.011175075142499137 0.09823347543190095 0.07364927953484689 0.00043452371273330627 0.012169588336767416 0.08790690021301907 0.062000969477609705 0.009456210328897423 0.015957202531733376 0.07759917948364513 0.050350083027131655 0.0832461087892033 0.04074158062415295 0.07165781619383244 0.020185001771301028
45 0.07862914791760191 0.0363549333991279 0.04961505218174964 0.060411990435538944 0.08655033221759494 0.06759418215066677 0.01955238740815995 0.004015705736331271 0.03990487228358021 0.07491246207977344 0.018733857406214117 0.09044122766038683 0.05757670979734115 0.07998739769400368 0.039721781149191254 0.03339778922044476 0.03871128353616232 0.014244904957983534 0.032017339534460613 0.07762664323368693
46 0.09362699934977449 0.09679925747954753 0.07454673145378135 0.034359670444655176 0.024825086550127818 0.01943495723392335 0.03759490065892145 0.055967491949074084 0.09082162840303314 0.024178149664539312 0.01935311469220472 0.03727848141323846 0.07600823264927227 0.07307186248065664 0.004627301563230809 0.09155311215634888 0.03836780488106094 0.05450876455284074 0.04558605249301505 0.007490399930753724
47 0.022236153169207202 0.040959406892723996 0.0898626377946191 0.045618459166454815 0.018684087850473555 0.0027886787906076273 0.027677874692285928 0.08225515546152351 0.0015671131446236197 0.02726484159545242 0.05974354179063143 0.0905034649777714 0.012089415483682262 0.06841057285478254 0.037008464129422915 0.09970127713194508 0.05982635337127918 0.09541317799582462 0.04524372985966653 0.07314559384702231
48 0.06544820327089293 0.049407421377893196 0.028598849512012563 0.03269020418566903 0.01800852933520483 0.013589848693818636 0.03219762258326777 0.03227816019497061 0.032738595420838616 0.08389546282946556 0.03562441842221584 0.07463133222373168 0.08379265324205416 0.08072258222113005 0.08310372123274487 0.08177726522280497 0.055468504075868855 0.022309670957171856 0.042584483203027754 0.05113247179521604
49 0.02014859440227808 0.051920349191916335 0.020714146088202396 0.07100396587203384 0.07012545135276957 0.0829409023481357 0.016731771422709117 0.005813447596891169 0.08427363815449243 0.06734545239404392 0.02116910857297786 0.08553679168965872 0.04832856114626854 0.07472639131377148 0.025983991088279243 0.0001945651896793623 0.028518925142255225 0.08338896061367747 0.061640958411442924 0.07949402800851645
50 0.07608329704797276 0.00885574171435789 0.0371418502617904 0.09208743309497916 0.03717170971733766 0.061834656963801866 0.04707301459142884 0.07088876841838179 0.0030964783642034237 0.042555106532013214 0.08521242245614571 0.0758809901314398 0.00448483403819059 0.025739659771520134 0.06461581384820327 0.06916451050574036 0.09323448609519211 0.041242482736633265 0.01587175410816477 0.04776498960250281
51 0.06746756499338784 0.012298206792007715 0.05792893888582715 0.07894189362879345 0.06278074210212391 0.08835453483077378 0.04736254727519294 0.066561003801145 0.016932990342404253 0.02507569365876299 0.03986905966647549 0.08184064632327899 0.05494102690864111 0.03480021636743824 0.06722583197444933 0.044491361155399416 0.0283824814665109 0.003281884821201452 0.051441656427711535 0.0700217185784745
52 0.002282571213034763 0.06241067520624197 0.07486648928797561 0.07834924842324345 0.0748455067552414 0.043296748360435816 0.02655773106531731 0.009386560116073974 0.05118393524167859 0.05229003585222734 0.034911717061825116 0.07318300555295008 0.04633971630272134 0.08070711762003269 0.08453213998322834 0.05679743699696297 0.03401093865813657 0.06939431259795797 0.021335136041370033 0.023318977663344672
53 0.05513824425615213 0.07304592572404492 0.014664052316265042 0.035187384293065935 0.04005903852155188 0.04927535662240059 0.048417583275773016 0.03810142933888478 0.043473642971727795 0.07275341909718425 0.06154182896016231 0.06979595121525012 0.06351613057807796 0.08602687808417334 0.023379675013456114 0.049399446767073 0.017431054786800765 0.0297746259172575 0.06488752696437906 0.06413080529631948
54 0.040187589878813164 0.036258930407063614 0.036554417923918905 0.07667050689935404 0.06591783682298213 0.08452383725042736 0.04756457287225481 0.0873049974944097 0.06360094656628948 0.04050077109424648 0.0625204483780418 0.0669986750061986 0.03327399927100709 0.028498013318099917 0.08744331411825196 0.019065032228693324 0.056479657003016104 0.008372541616747182 0.0412546552782724 0.017009256571912258
55 0.013301996236709072 0.01174868443812959 0.010183978889617097 0.045323619311275674 0.007470901153098383 0.02003291032940933 0.07422802948723092 0.11717800104001666 0.005777028314925762 0.03509005374925023 0.06887274645692756 0.11614548898789527 0.08504678056139636 0.08617065221973542 0.04014894548614731 0.06922862790131237 0.030892743135912993 0.014876178389966636 0.060402019350103045 0.08788061456094046
56 0.09065665063336062 0.06359406831671914 0.053693991496843556 0.08589489776579799 0.02860643389788991 0.018991055132387823 0.06676891313512782 0.00041388687780826897 0.08075704198403716 0.053101095448488886 0.013660050840274055 0.01867152376082958 0.016614269757972082 0.07797937444395306 0.05826031399233288 0.09365400934379435 0.020200861315537087 0.0704956794290381 0.058622784445710764 0.02936309798209683
57 0.09869967880929956 0.07737706337966102 0.03692186613588532 0.035211257280846626 0.025136984632707363 0.05355473050299431 0.059787228397490254 0.03388834379736106 0.062441098058260674 0.08706266930491235 0.0022375292206270004 0.043972262730759576 0.0869709551401961 0.019029861897002016 0.08786092270192307 0.03602118209685462 0.008069832318800324 0.06045814613497233 0.018064757579540496 0.06723362987990597
58 0.03151315129218065 0.0690447715341611 0.0037535228985033343 0.05271332806132367 0.022503502178938324 0.02955297127235135 0.07111889518438037 0.0656626550572607 0.06485185854662785 0.04183267453021343 0.04980783598968294 0.06890999558572686 0.03797744027068847 0.0896092938402912 0.031754582581606364 0.04798477521920969 0.06050095538524442 0.010119275332161136 0.07175644822833346 0.07903206701111455
59 0.05216141404303998 0.002276221197183263 0.05408795571091947 0.01259670083629058 0.07107099041689821 0.07327945420251156 0.059121483078685005 0.06508196649036989 0.039409190990464714 0.059516492733122775 0.04846253669650559 0.03796894755187124 0.07276880424161719 0.07385677066285802 0.07020023438169085 0.023055075426054443 0.007940657607769996 0.023097952119353872 0.07832725203196017 0.07571989958083326
60 0.11269744499274685 0.0013995068889653484 0.052614483306885916 0.04265719218130172 0.10091830408289972 0.012169650123392908 0.027029795884768854 0.06674882888488835 0.11524956000185041 0.002120486219708626 0.01070851892582533 0.02401473119556201 0.0036815212327889 0.112544806823424 0.052514771166766616 0.05670913395301838 0.0019770748630371267 0.014655554925101939 0.07752622743705637 0.11206240691001071
61 0.06832517129678072 0.08863086659714349 0.014848618258298711 0.06142026422373715 0.007117951739547701 0.0933964374053632 0.03214585429010762 0.09218735573835508 0.039232607274450916 0.05252968206545655 0.04763731957489965 0.0474838873970168 0.03437316276295404 0.04088571147273362 0.0892648697302183 0.00869250613712309 0.003894534734484433 0.0016614654967492474 0.08540476027153156 0.09086697353304823
62 0.050628508066542934 0.014987682409752207 0.07080914594728803 0.09681738414467059 0.07544178044458916 0.0897698634398369 0.08227928017440213 0.05811282086960702 0.02186816636114956 0.02724839349796148 0.013288917699453864 0.02121764523174906 0.03999735572829377 0.006385161313013629 0.020539036570116832 0.09685913320044234 0.02449196373328834 0.012150043208072408 0.09637984565848534 0.08072787230128459
63 0.06172167484535905 0.04823015247583155 0.03844933923881765 0.08513306426966875 0.03834458427375314 0.04348574672396298 0.0577188773537672 0.049532327086493 0.00012503851046913566 0.07558078206417658 0.03216349287707487 0.026698180117582463 0.06976748711907531 0.07187662620434379 0.05937284947360185 0.045202763060353895 0.036909752110470505 0.05674032723009456 0.062384981485364435 0.04056195347973925
64 0.019346435629279655 0.049819403197023764 0.027271716661746995 0.08074688016654032 0.050986253103425014 0.024314617118979892 0.05331072146231817 0.009510025719445748 0.0566035148892442 0.08693314181096885 0.059956812736690394 0.05457584907870005 0.06608833796067685 0.06023843694648535 0.0291227335922891 0.061784325954864966 0.037688548734983576 0.025463788046207834 0.07328819906979867 0.07295025812033061
65 0.03747148992784343 0.11470634497336246 0.04698081244483084 0.04139580858559806 0.060640040116608306 0.011617419560741986 0.08515353244694039 0.009087586371993469 0.020798325053940192 0.004279698214078209 0.10218727409446267 0.03531154704582474 0.027581734476378076 0.09057276197376629 0.10136146824596241 0.0436350522868155 0.05961525780363636 0.0378529170142716 0.04756206480184728 0.02218886456109763
66 0.054020994375916155 0.07252777314498993 0.032435654621384744 0.06446518502371723 0.0031251530843835855 0.06907247680220596 0.03318233865781894 0.053185352627105206 0.017137838398954948 0.0523724255130495 0.0904904230774663 0.03798713591133425 0.035330110342678 0.11535718371625697 0.09999775018270085 0.029614730980069014 0.0007942392577245603 0.09716133869811829 0.03652116622269011 0.005220729361435496
67 0.0246576970904152 0.08162364460374093 0.05900736462416817 0.05765285242981379 0.028603118355176104 0.010316978571100964 0.0761564209063737 0.08801755694246606 0.0057779668489823695 0.09119834666842315 0.09341504819496342 0.09769251072425865 0.03103617097097114 0.009108401278417251 0.06640266151023295 0.038315735650579594 0.028270218293426436 0.022240567691977648 0.028460413089474116 0.06204632555503839
68 0.1057824136749225 0.014969793911846496 0.07599072747041817 0.08395951803182031 0.0352530428855819 0.008452047427593166 0.016697383570846224 0.005264014769239301 0.07508917178270877 0.05325346818313875 0.042196676042351645 0.0808523711360675 0.045770135220802394 0.01922881039257129 0.1046481164393526 0.10419901867550893 0.036513962075285775 0.021025540887150668 0.06476946365829275 0.006084323764500711
69 0.07044151357330626 0.10957296491263956 0.005757463854252711 0.06919218535014199 0.10530566712835122 0.016096390316239922 0.07930060421980828 0.04195707303492445 0.037366489946733666 0.032005735864643545 0.01308700741483779 0.07122764915536656 0.024065054960480687 0.006918651616472443 0.102451702258026 0.001346131521751614 0.08261641395260191 0.021452792865426198 0.09770619357991388 0.012132314474081125
70 0.04895009093545335 0.005385412513321232 0.043611852904209235 0.09636313210751589 0.04310661640467068 0.019650693747656697 0.10766955176892608 0.0020714191731226643 0.04448295827764165 0.030990944938147046 0.020258916553505705 0.10806250579610492 0.0051593413416739994 0.12195468669199605 0.004111001319061988 0.08479376500897598 0.002100481249161442 0.0895785544260188 0.027140802594079128 0.0945572722487575
71 0.05346257697117818 0.06704550532848051 0.08549058567108923 0.03993663612557707 0.08892922650436871 0.07467236458342218 0.022997205252224016 3.2979540632929616e-05 0.0008972319055364533 0.049301672781580756 0.06439042390717242 0.08829881516894691 0.05829939953637849 0.008062764679872866 0.05898195889562424 0.02522815712556945 0.04076249131425694 0.0642786007458724 0.049729247905806045 0.05920215605640995
72 0.08486765449460704 0.025072771833793576 0.048808529198400466 0.012273007486224306 0.03131706731665464 0.011538465993389079 0.028219512331383336 0.02872110531536775 0.07307357266458518 0.07518274704773915 0.06519083725414516 0.04645442270208262 0.057243432810816515 0.09125399072576733 0.0542002996226371 0.04000792815719296 0.056446212784934245 0.050933820423216425 0.03472965176145763 0.08446497007560538
73 0.08719067011122993 0.07411086555716108 0.07194648948342847 0.031693553353811174 0.03954672506927728 0.03489031710767666 0.06551464212926218 0.061956817900107354 0.012815111063286254 0.015779076909140998 0.04264598558567053 0.02626664230881015 0.007798360948915887 0.061779417961790165 0.06359967440096934 0.03188346592447588 0.05599385778738946 0.08403754362041065 0.060253243848627895 0.07029753892855867
74 0.10166808854343852 0.06899517046990512 0.03518150326587228 0.01660157587507844 0.02596575748499606 0.0022901876664994654 0.0010051898840609313 0.04013165068176234 0.06846917463289451 0.05041691090903432 0.028584356597756135 0.09913695066922462 0.03792101793877467 0.055327826497497234 0.1211769783187762 0.08736408787785895 0.03080444418479621 0.025595755270969876 0.049940847622655125 0.05342252560814898
75 0.08147542735148758 0.06802442167415268 0.07431875069704426 0.011687902778103451 0.07824786472398694 0.024909181436702885 0.05318172361761097 0.06571248937643566 0.0651185253723442 0.03166770829558539 0.07550399112041113 0.07197276156300582 0.02875710994805685 0.05291154867549102 0.00041289593055131356 0.07845264581111339 0.02871928867037809 0.027893280625156846 0.049935363064675366 0.03109711926770624
76 0.03636677580733607 0.06292491025054711 0.0711085542107428 0.01298834299389098 0.07696905490197291 0.06342628353108026 0.07553035989962392 0.056672517100881115 0.01110529531326995 0.0725002614589589 0.03305714891418759 0.022509050942618947 0.05922336380662061 0.06491892108794052 0.04276553854414168 0.03204800914984766 0.056090264904713645 0.07337764573395239 0.006698671997049539 0.06971902945062344
77 0.09637642207643711 0.055996617916319526 0.04563975549959315 0.0044871314151596715 0.04543214052994657 0.010994581455666381 0.07190412698818048 0.03588706705560339 0.08758836194554798 0.04870663566072752 0.08733004339697857 0.03284067868600977 0.0046010862607090116 0.05387642922429423 0.04363090350499519 0.06604276880108102 0.09478479775926596 0.03734273668131813 0.04084998891533596 0.035687726226830405
78 0.06464787242404053 0.0014457797055258865 0.06905539253115586 0.047232197399604915 0.05371105308094226 0.02789203732971531 0.06975037322848687 0.04720678977831967 0.032656622865841284 0.01172063839588725 0.08540811165313233 0.08599936418273979 0.04436945865082226 0.020137719967908464 0.024283660955527173 0.051483616288746446 0.05131710332853265 0.05103833147404501 0.0868700874164012 0.07377378934262491
79 0.07401503310004696 0.04460991186919832 0.010721534874912154 0.02542391062127748 0.08552265280378522 0.03401272142900927 0.03642041035126583 0.090952730758113 0.038793477059936375 0.013088395024375402 0.03883140049894196 0.04009343721251985 0.004807516916451306 0.05528350337822665 0.09119661585096082 0.041817456069473555 0.06275874465676687 0.10258263853835194 0.02091925988834547 0.08814864909804146
80 0.03531104348409374 0.005653206189906578 0.02041853129191909 0.09411271510134403 0.05048775499077793 0.055669386972585964 0.047856842891212004 0.07382835610035289 0.04500571727249783 0.0008747915824234441 0.0704773948541882 0.08374676603241787 0.02117898190891285 0.09342216476737004 0.059428992327567806 0.025690792501453532 0.05432194666221443 0.03192411251904241 0.0852073402154088 0.045383162334310556
81 0.09433891499783914 0.07336779329106938 0.03405993901651406 0.027438675616029525 0.07820852348589552 0.015413662404732274 0.009997009337543631 0.11014147500547937 0.06400518920828618 0.08215621304218608 0.04920005269125161 0.008263750382672066 0.031222064833045158 0.013264806333785628 0.021918551576924263 0.0038538380155979262 0.09405492531192725 0.09335243877862137 0.009754661546694595 0.08598751512390483
82 0.00542825821904712 0.04443001976022869 0.08565732151308203 0.03546787464827289 0.0674809047378674 0.06645601795480464 0.06356525234577713 0.05783498332854495 0.09412633913755568 0.05670422180847682 0.02732099611151994 0.035640927306338464 0.005749063947988548 0.03771815207267251 0.07181525503527797 0.04032356010084996 0.014195117577145437 0.056306538298357973 0.07755963520001498 0.056219560896176884
83 0.08682550089039467 0.03563783002071799 0.017775175839175966 0.11242458086199295 0.06593613620856556 0.0789799938085388 0.010720124735192222 1.6567058053537017e-05 0.042479109038293564 0.08626421924734794 0.015933932145619098 0.012760577651499114 0.05105192745561383 0.1017187319070899 0.06444566997809105 0.06490108442515201 0.022645096123923167 0.05071460717764016 0.04707190477221218 0.031697230654886104
84 0.05521217304949178 0.02742806018999529 0.022071604532685824 0.02722987338089984 0.08924675186053532 0.08837155686331276 0.010628624160000861 0.09242436870635748 0.1001304573444014 0.08161809114153508 0.05504746430279821 0.07227454593938933 0.06170974406542887 0.0016145675322355724 0.0660183203030739 0.009534307815773349 0.03523747155683465 0.026005107820866343 0.010356697221660363 0.06784021221272377
85 0.008096158221726917 0.009076831584252367 0.08452662112350222 0.10734116020413907 0.022855493449255637 0.10043133205961544 0.05290922868994184 0.027787684680571394 0.0022827315617919308 0.062397792371425925 0.06996277844508185 0.03065847770425273 0.006722545942425738 0.037041032830496194 0.07079554434564779 0.05543134847377216 0.060052487602732206 0.002874693616393796 0.0883861472178014 0.10036990987517339
86 0.04850064367893826 0.07021035925456674 0.002879413628060114 0.03940319286056767 0.03834235586737534 0.014392270030171503 0.07904482979082726 0.006114026811548847 0.051221803546936236 0.0787942903198173 0.09662090266859542 0.03235068894868066 0.00016710043492027693 0.06354167807444693 0.08946447736482152 0.04601761599746225 0.0883209697795205 0.015889317598621534 0.046783749655561084 0.0919403136885606
87 0.03190764746451612 0.05028368307409431 0.021513259635153326 0.013477342566230927 0.03713431271179099 0.006445701090681458 0.05659903652583175 0.04484882850504471 0.0634014302183903 0.08645111689367178 0.06568354858449837 0.08063597093441158 0.08242108321306041 0.08988170899674884 0.05031255894993877 0.04664278484861867 0.05792457005842446 0.05960482392018225 0.03693980874031676 0.017890783068394176
88 0.07776723116354732 0.04460097558206007 0.04077544941970268 0.07708290991915474 0.05174369837748967 0.030884222130391246 0.09139635600298848 0.08083828338635049 0.005865998884041935 0.08193126756360862 0.043454310292702504 0.007130440732599531 0.03318541385309937 0.028899114638638028 0.09182999909779206 0.04931491547045596 0.015295844692865032 0.06417614035018221 0.06572781178582407 0.018099616656505953
89 0.09200642245180697 0.034687059908766686 0.07180308837556018 0.03073999498842786 0.05069297974908244 0.011215745805744089 0.01847211033094884 0.09050113357917948 0.015215343328884686 0.10090899834825492 0.023695867653142882 0.08422773914940215 0.02456183393962696 0.020814471320471147 0.061998122236445144 0.08582295864265363 0.059355613550726063 0.0189538501811652 0.05941911392333418 0.044907552536376426
90 0.0008297640970323034 0.08041713627110063 0.03667309427501263 0.09283569135633253 0.08426270032472569 0.00048607655409833454 0.04730388306250018 0.0654718697854586 0.03928772608060706 0.0044380862933700626 0.08373250876373282 0.010850343357181429 0.0567742722737029 0.04470570146715874 0.06617088262976455 0.02034902510085299 0.05774200610268973 0.032048093626735365 0.09556961157519638 0.08005152700274712
91 0.04602040129592595 0.09236014989746795 0.04372001508553635 0.005597478207711157 1.797063021469803e-05 0.010754553246996451 0.00951848528442079 0.041141414609053475 0.07178563078967429 0.05579479395884905 0.09848939896324922 0.06358311355403909 0.09467198654292208 0.03470958831394681 0.0956253514084698 0.070823795663318 0.04840810287835474 0.004562773063462274 0.018519723021120586 0.09389527358526736
92 0.07210702031165553 0.06474335285618182 0.0055685440075877056 0.08559106760358927 0.015174986915893068 0.039417007528944045 0.0832243225668869 0.03433287257052163 0.04250322916804661 0.06432208649678248 0.04484142313821178 0.016131262167289162 0.055740283280064196 0.06566098821059388 0.07245719790018063 0.06382213353508617 0.006111167221234175 0.07298913358051357 0.04861066466056544 0.046651256280172075
93 0.0017650091280137766 0.05265520693084817 0.07453804713501572 0.03397030483081353 0.04668640430948804 0.06681741213089497 0.060208101087668255 0.03053796740620365 0.08386777263793126 0.0785887619211097 0.02132974925241464 0.09252744626418653 0.03314735566368367 0.009110343805523556 0.04113307720308218 0.0916775861580596 0.04924410525708778 0.027930768280059262 0.06868723306031539 0.035577347537600335
94 0.03024203149341157 0.0026146468723168884 0.0778278007016703 0.051659994377425175 0.038299162735762574 0.025296615528994537 0.06561001559570934 0.02139034171692108 0.051133064381854144 0.07444507780444401 0.0791113076424747 0.014397641949276011 0.09574128563245758 0.025137325741577454 0.07686471151647464 0.051709569105886 0.059067045398715184 0.03127030713712105 0.05109726516985023 0.07708478949765771
95 0.06145232204210111 0.08069653095853785 0.07721121142837123 0.02951794241945211 0.03387046303757044 0.003935857836012379 0.02014641274056161 0.08285581794526546 0.047118834030179337 0.09294463313727379 0.012205852992117808 0.07487003641485049 0.05127070527274421 0.09152478100420497 0.01045964635420476 0.00978223604940859 0.06736577273313409 0.09192143120228549 0.038336169694737875 0.022513342706986465
96 0.02960249496586955 0.0796597429397347 0.08406793277572992 0.05024648905799273 0.05631757391372052 0.018551447251355546 0.04572301778096321 0.04810853583348125 0.008372739188331337 0.07605325488973329 0.0719697268476886 0.0787453678962103 0.027687611871514698 0.007385033617404493 0.05356788481247923 0.08528456924419783 0.03506385715562315 0.04862906057103407 0.024761877117033468 0.07020178226990222
