0 0.041880833041470014 0.05914958212954976 0.032717456026713373 0.01833629211767829 0.03411398760359357 0.021563004777904512 0.06101235397701322 0.08822981870682996 0.08160379270045039 0.05516108251987538 0.02295521840696798 0.05560879123976924 0.08377682153277159 0.06513453996631947 0.040076140493190394 0.06801592331362537 0.025114744247027695 0.08924358689328123 0.053345161649568776 0.002960868656399878
1 0.030856290163082938 0.04314517005434972 0.06850451738418438 0.05179542203569765 0.06898192737979 0.06847391464659867 0.0712160234673178 0.024232563740166115 0.013737029113547636 0.0671088234627583 0.019040410008361344 0.07630251961305713 0.03965577847027707 0.08719178434249139 0.03807836129873527 0.06009092843225103 0.0566674121611309 0.02967105984346142 0.019530949739898846 0.06571911464284234
2 0.069731075837212 0.04974102026617479 0.0387714703650151 0.047937513875203404 0.00348452134920536 0.037541893565546276 0.07241463578009143 0.0007413104354962287 0.022979613651533042 0.010807861707867392 0.02994314087591288 0.0794878037478664 0.020130904831754916 0.10834077613391638 0.054165249693262446 0.058577650493308424 0.09825025853185758 0.03909151360087438 0.10436695494513201 0.0534948303127697
3 0.0319904207096838 0.04442188868286979 0.09152408843963193 0.03210557845941517 0.051976902929213004 0.028252497913323647 0.07614312329580689 0.06098889951227191 0.08598941016714472 0.018615149987580792 0.003978168392292511 0.05238874418804069 0.09087366684391213 0.07886259892389777 0.02858210884935708 0.05903016071568165 0.09038945859873665 0.030298577882587073 0.02449982119155415 0.019088734316998573
4 0.05235939338525229 0.014188906420459653 0.0585521790769338 0.06106437105303705 0.0872867965853428 0.06663590952090417 0.08094798616016893 0.00643339940617456 0.06284620808770064 0.008836680150385386 0.017261679121012116 0.05391739676579767 0.03490845164261232 0.08122269902129405 0.08027541750227796 0.006806486177806387 0.0720374586874421 0.07705686052492575 0.029593924714040577 0.047767795996431786
5 0.025183250140871378 0.08489972451779469 0.03154998577960178 0.07589041784707473 0.058601993672661466 0.06631390421138096 0.034776146202008404 0.014258189821089015 0.07132462254856854 0.08043354116274729 0.04470962682180255 0.042328862972172206 0.0006077170959294065 0.03343759062327277 0.04382016744009832 0.07188611711117673 0.05314212385481429 0.07493105892233104 0.03675536472663626 0.0551495945279683
6 0.0620689433465506 0.08456396249804533 0.01890353313871143 0.043435876687963774 0.038594940883752336 0.04422513095226179 0.07606302131249164 0.08169991615400417 0.06252339627403775 0.021555182377554306 0.032961819763940574 0.036361032400614134 0.036299194872254234 0.03133775448334707 0.0646305249244413 0.08007366769532277 0.008064610841643303 0.07769013427260321 0.025329780259467295 0.07361757686099285
7 0.004852373646967397 0.08184670559133853 0.055956734674992625 0.02351361689058387 0.006919311305397748 0.08593850306850645 0.02685372504537561 0.049945156017479654 0.07104504037480394 0.039999312462087044 0.08456704976539849 0.03476651218438479 0.05154157899639122 0.06517130719685105 0.04610071270426677 0.061722909198114 0.005963516589843693 0.046662783554880766 0.06594125559967584 0.09069189513266045
8 0.05960503282824734 0.04440187882878803 0.08095309241587993 0.04394684871182817 0.050793352592394043 0.01899611059369035 0.04186871312402004 0.02434090218101281 0.03872100088417735 0.08703222212341648 0.07318929975693791 0.05485570511253569 0.08722567263452621 0.08150319771918968 0.036192950406179945 0.020505831306778695 0.03452814899909376 0.08763144692345923 0.005534631727222797 0.028173961130621563
9 0.03438735553945575 0.03761560059861363 0.06859516571877039 0.056727984410258 0.052399488807384265 0.07056334423954172 0.07239206599016916 0.005397149637491132 0.021021815647259887 0.07457168512234512 0.01608862259412992 0.03971690224302985 0.07747231400339012 0.05932724464419661 0.07217333429721977 0.021826441962748636 0.057097345741210226 0.07095844662849958 0.044174699635230345 0.04749299253905581
10 0.02228506553749472 0.05328265411978593 0.03230466270989053 0.004994971909587688 0.003704978818243598 0.07161617775305355 0.11117792957908333 0.0708005031788146 0.019614676112202963 0.04856350950091821 0.05265861688395133 0.0464650011834454 0.08947688033914948 0.05977376117009092 0.06286098674134759 0.07294575640969239 0.03134190481417504 0.026354957331401335 0.02922562812399952 0.0905513777836719
11 0.07811830614294843 0.07869411546843587 0.059715872150741346 0.07348296795763665 0.02443696896406922 0.07237087344509671 0.02693049468336221 0.09854886338917825 0.03828039873990356 0.06079249454400101 0.026900751717899532 0.04886460598943469 0.07325988573116406 0.008199238929819394 0.006303719567909521 0.06965278824317034 0.0018138325278099173 0.04478385554430552 0.026009868199168135 0.08284009806394572
12 0.02029834610724101 0.02771788445115899 0.08240973531997837 0.09078224013279992 0.07591096590910515 0.04256456007688143 0.06944772280531922 0.031578120493210994 0.09030575804603219 0.05186291072661401 0.03814206307075798 0.00579672749579489 0.06298288492093711 0.05997288955835832 0.011217357805267295 0.057025795609469354 0.007637701454300202 0.09101935262949537 0.036107083078928306 0.047219900308350056
13 0.06994107881449217 0.07732906409042199 0.05055421381333369 0.06389217568305003 0.03130458694329792 0.05009294329765466 0.020774732785027887 0.03541094414200788 0.04870174153514304 0.04574336314523761 0.045608364901692254 0.02559286747996539 0.07251390307207566 0.01713709303829662 0.01258666205606033 0.051063035919050495 0.07258464043313727 0.058606095071766506 0.07612462586658089 0.07443786791170746
14 0.08151627958482184 0.015321777624628882 0.02328203481620023 0.00902073436379451 0.07989381375261677 0.04941931946666274 0.0288987760050917 0.0790769176248967 0.05956226693614453 0.07613822733183934 0.056861148157951555 0.017090881543572096 0.03421123530429539 0.03879995994940898 0.06960588680365776 0.020822017580227788 0.08733059460476726 0.050767011139417985 0.0680564646173812 0.054324652792622774
15 0.012492587224892068 0.05255401001520276 0.07473783767187142 0.01361651144136043 0.0308550743474323 0.030845628137895337 0.060220992869394335 0.07221887455992355 0.035764065462617095 0.01977623016470759 0.0400341303525694 0.07732083414131323 0.09731927303536554 0.03677040413498986 0.023155023733708795 0.05765270155925611 0.08972532373497555 0.03183353846479001 0.0711377505234049 0.07196920842432968
16 0.0831049115676462 0.05359616239061766 0.0468761936945006 0.031688189265162016 0.04976379888883121 0.02920024480508522 0.06118522565138355 0.0781671200178699 0.026690470099965002 0.04895848095381999 0.07615682651214699 0.04190618318309644 0.05617755460675081 0.0019246287963999896 0.05304879946573613 0.06224821514081064 0.03830525874698078 0.05286371669950819 0.04262206385176569 0.06551595566192302
17 0.010169375451777932 0.0734519758062518 0.029633259221523277 0.050135915419993876 0.08637891653883961 0.08081590349512019 0.04136240467830016 0.038758497501913985 0.05344209168446772 0.0649320928346337 0.0184544064563033 0.0557205419163858 0.02366960406595703 0.04752075515225347 0.058807538206501274 0.06242250420780126 0.024019778966065178 0.03725585950415144 0.08094155508489757 0.062107023806861304
18 0.0834044860897171 0.06957878804041492 0.05161693182990331 0.011540864383613524 0.001818910653044647 0.07313282193140909 0.08430438070907241 0.05726750691404664 0.06516481846638439 0.03939776518187427 0.08342710718076653 0.057093482079313 0.06110281293645315 0.012778925020684447 0.05485654417664235 0.03603747088215313 0.01600211814489162 0.08388300031928744 0.03009630266379566 0.02749496239653234
19 0.06434237033905142 0.02447146122828618 0.09301206626646889 0.03689453674148035 0.017341867834211752 0.02731348340518074 0.030318724756501728 0.001959796867597896 0.06342303880077714 0.07172505008275437 0.06282584391547999 0.06714362415033794 0.019387786311290782 0.009760001515171894 0.026255122306347866 0.0754758479220205 0.09654002963944347 0.09400455786392045 0.08591286361003354 0.03189192644364314
20 0.077793996602784 0.02846911713763553 0.0671803519161509 0.0600572785783361 0.006390432840248104 0.07005589825605177 0.06407250581515166 0.046333199200349014 0.051612632904565685 0.0459879782861815 0.07739645766560023 4.433068116293731e-05 0.07857386071669842 0.06966766937895169 0.016317115651312903 0.032588699042553244 0.053288156590704266 0.04407822194174139 0.0568533607797213 0.053238736014099286
21 0.09829206211134602 0.013852043975069625 0.1017985075699688 0.08206876989436225 0.016453213702213972 0.023125065326714225 0.030758202182936283 0.04083641467034614 0.08527949176975916 0.01529945249630099 0.00444877670955693 0.09458618515195462 0.020111369556943204 0.015367020452266332 0.08086598196476588 0.08352285813186588 0.09457247767762994 0.07547778347843247 0.01857187828201503 0.0047124448955522405
22 0.0053982022696482685 0.08173197040442233 0.013999195816845235 0.04851164446357321 0.11658251602915848 0.03754615773251696 0.033216756009186034 0.02600185128274954 0.07808736727220401 0.0008016790406190526 0.009975373875828286 0.1148832351676971 0.04164986641815142 0.06656728471745996 0.09972543743194176 0.026778849660949764 0.03443039500284818 0.052847610334425886 0.10419759077318691 0.007067016296587476
23 0.04815245408365618 0.012277837351242764 0.0815548402257895 0.09527082919007011 0.07817118544331743 0.03949527324666149 0.025749101012619287 0.04977028097962899 0.08585237216767591 0.01859911405412206 0.07319099907410205 0.08275659235243706 0.008375806517550004 0.02356836961217706 0.02262687094312273 0.058236125328961726 0.012561351186638337 0.05751689483135611 0.07914048914492791 0.047133213253943304
24 0.05609655725953103 0.06818898742014277 0.0533266920868681 0.009926831535269312 0.02379628609314111 0.036982532418001056 0.039617307644310144 0.05802548203741058 0.09126004405593797 0.07327933231217323 0.08092325349093688 0.011243170317800956 0.08093336522255107 0.03293248918672141 0.08503712825091497 0.030259189909699936 0.015025970244263623 0.0829242960232149 0.05769395375150532 0.012527130739605707
25 0.03947398578329846 0.08889227205417 0.04407186644287877 0.04405455930950151 0.026503188901566874 0.01417867305325676 0.009077124923483879 0.034059224192926396 0.03159980797425615 0.059913134518630846 0.011033457628902888 0.03906288558500664 0.07699426289766288 0.08517722510364815 0.07464625678311705 0.06321807893715702 0.04296058249760715 0.09188578362911189 0.026818867264341184 0.09637876251947565
26 0.032223408036627155 0.02346750744588415 0.03059385121254091 0.0338846483780017 0.03996926709702478 0.07639749176292178 0.08809620992926553 0.09638552170087163 0.046754019915614585 0.053269847655058225 0.04267387304914979 0.047917248967678176 0.0763555449136422 0.08980598683646847 0.03425539906544398 0.04350541022819319 0.010892877180563372 0.05701697079102955 0.009462676588644612 0.06707223924537635
27 0.0483903083401245 0.06908383188439447 0.0311599132948924 0.08059225364838318 0.017470077659063905 0.02040760976491946 0.03957509284764373 0.07710550318260277 0.0775782226842029 0.05376702268354941 0.04412832723908753 0.061948295154757124 0.0483873483445446 0.0282972177785767 0.08218315496928837 0.003234994655459983 0.06969508321576912 0.07292791325893111 0.010095432114998899 0.0639723972788097
28 0.04610965553550954 0.0034041823877243903 0.08767349209062668 0.029975444380250304 0.032139312326067856 0.023375123186382882 0.042888090786223056 0.07989569451900608 0.024567045524512835 0.0031479785189406 0.0846116936635843 0.06626843893899183 0.11408959754271107 0.07989913185870581 0.07120678577232249 0.047332798250949146 0.04429110528244455 0.02097809167926661 0.04518962279386892 0.05295671496191099
29 0.06792659029685805 0.06074208578305362 0.08648734374737603 0.0742938185631717 0.011817171307072471 0.06030886860806851 0.01444193770461966 0.07987750698790223 0.06434111687658459 0.054586279383063596 0.021232709021817307 0.06602138158774104 0.0056362854527036285 0.016771105197617042 0.0830677272366606 0.06968009249625519 0.011547101537663107 0.04440377163300944 0.06969775431342623 0.037119352265336136
30 0.08368020087948685 0.03356752265188001 0.0739182072352042 0.004570662262691917 0.09270575664598268 0.01315683454621536 0.09014085094009018 0.030836102883182507 0.08293612262199844 0.037461495410632296 0.07117655939671819 0.06561751569884482 0.07352250825243961 0.08442361759016372 0.003606874388650536 0.013473171489119064 0.01007006928606974 0.06962014599623062 0.02182447507050059 0.04369130675389882
31 0.08107814781810738 0.010026011553947802 0.07353189616899336 0.006607360708430155 0.09531923318295159 0.015510208397429497 0.07585545853591077 0.0029388433048941932 0.044436542258346645 0.01497555790775422 0.013705557230998701 0.08993248868951065 0.03980275195202995 0.033092294189482646 0.00027830382593128634 0.08196816831867226 0.07568120820041555 0.07612365654157313 0.09105735909810098 0.07807895211651923
32 0.011765876616121534 0.062391087442913044 0.05647580164823096 0.04726423819829768 0.06514317937468062 0.0087200884547452 0.06432409608932851 0.03703420563751649 0.051662582231414636 0.06969197864749815 0.06486358536910306 0.06809324063770379 0.050160442687106295 0.08200549719949986 0.05083109938008369 0.04912805764680164 0.04484123367356664 0.033546884880096536 0.03252268000291948 0.04953414418237217
33 0.06786831408491893 0.08090616061365533 0.034948415179433014 0.04113584058734462 0.02694670990872314 0.004009566733361604 0.10617392596257909 0.0026466747167808373 0.030174926578039336 0.01620540438533931 0.03804287222281857 0.01233598118181836 0.059102136313766894 0.01554331364016773 0.017603114068462242 0.11052382895426 0.08835463535921198 0.09229688410432686 0.11151175944735986 0.04366953595763227
34 0.062147063896399624 0.0816696142006586 0.03287592745580226 0.003603220973430822 0.04806272754446644 0.06609665731864231 0.052665968098726985 0.05219609059454688 0.04552538791614329 0.05129827705711553 0.059601664879401293 0.05507545243486198 0.05250936201727659 0.04504289672574096 0.04605865530800313 0.07923893769691655 0.04198309253125927 0.08830563008460113 0.010309645904476392 0.025733727361530182
35 0.08773947688252069 0.046916829883286035 0.07069404975389501 0.006015046500726563 0.030366111066873123 0.0013180039567519078 0.022325392952735917 0.04459595285259604 0.10191409559003181 0.06023734881797306 0.04141610704788878 0.038084420565530734 0.04765486472595274 0.06166102445101193 0.04949578877854311 0.00844975194377872 0.03445721568826163 0.08867059288437511 0.07819961908366742 0.07978830657359966
36 0.058556876623539006 0.0837166692854298 0.05550294727204089 0.09135708617480459 0.08469423501189623 0.02674856866189075 0.03275023012283415 0.08748207059817316 0.04771912428769215 0.05603576590813506 0.06977470514822018 0.019038820851058562 0.08775851437018826 0.051781094941598695 0.06429335458190505 0.04721375226164626 0.011781087886230262 0.0002963588184499718 0.010226611848700261 0.013272125345566621
37 0.030279648275908618 0.010049356629123263 0.034850836393474936 0.040735605340983756 0.049372516042268506 0.06867627633994242 0.04829646639838958 0.022036100112642943 0.0663804101850778 0.055098894348782575 0.03700860023785928 0.07500562000161572 0.08954938627649817 0.038483837276580675 0.05451801599199659 0.058609114789805884 0.08379962070099388 0.03963444718794691 0.09098334333679717 0.006631904133311604
38 0.06926159467967866 0.0026608716813898655 0.06814399315761743 0.07293469148388665 0.0660128423040246 0.009716627826882467 0.09708103787071873 0.08324631754138839 0.02663255058816879 0.009411344043336753 0.026967003960675945 0.049008893853278 0.04992173925041722 0.026410321803044395 0.0810474588466032 0.03198589952158374 0.0948851924197896 0.023136114929620477 0.06563399857098304 0.045901505666912326
39 0.07891071369602827 0.07049815847892026 0.054505429419661404 0.043987714915466186 0.077513011608442 0.01528768017791302 0.08841273211236506 0.01587177382564859 0.013381124727563799 0.050083820219811705 0.02258115394321408 0.02686974215961208 0.07544265578776715 0.060769879843379504 0.06706595993793556 0.04434001545855837 0.08477894685251802 0.035163706031502436 0.03918871805895639 0.03534706274473621
40 0.0800362618872567 0.029513640570469287 0.09131365799411831 0.005790641895568845 0.06988510117521954 0.04515988081857088 0.06351980229349262 0.05673965623866719 0.0665246825725613 0.08975366510625556 0.08878137035401931 0.026602367751393508 0.034529229157616984 0.03456646204853083 0.047338264284901246 0.005164855643951018 0.04657546433868145 0.01581571596356618 0.07405864759748207 0.028330632307677222
41 0.08334156475519724 0.0516749634365641 0.05093079301541117 0.03275702833422698 0.03459610659541498 0.070588821211226 0.018843231948860215 0.0542716214329084 0.04359046320620318 0.08623336413682207 0.06488290431217862 0.026245987921237685 0.07193300719847337 0.046377235180944734 0.0544996279621868 0.07144319657223323 0.0331337489200474 0.06961062160271707 0.008091322633535455 0.026954389623611307
42 0.07342103293403339 0.008654586932709088 0.07405723920133372 0.020163381768780825 0.03904687230853058 0.08318422428834277 0.0633144727263573 0.06660731529394748 0.013917400184563066 0.022469542916510418 0.049269170489294085 0.013281629398140472 0.05165242941630174 0.06739655900059191 0.0608041898664809 0.0838607220533744 0.01950434246561269 0.0587957457347098 0.04489028527571905 0.08570885774466622
43 0.018464758891179094 0.03745058048543413 0.023713947160653913 0.06275367540137303 0.05924894241407381 0.07510168464866113 0.05511455763273787 0.04783166461308606 0.054685029326456476 0.05809726815533621 0.08175981282085139 0.06185933077792647 0.03574094497151117 0.07488400673616744 0.06786416890419855 0.05773680495719275 0.016931280570995588 0.04846239008186085 0.0596582960841162 0.0026408553661878453
44 0.0734153350538067 0.0782953830592041 0.0197240319758351 0.008583624167011944 0.044212840175454265 0.07148511244494007 0.07622640372019021 0.07521569085876506 0.05318281980023335 0.045209598322628074 0.027743664086255383 0.0021529091849220887 0.00015773457171239203 0.060066179950888705 0.04834703002804902 0.10491269999145765 0.08875246071104738 0.022890469749162208 0.05497418258641527 0.044451829562021226
45 0.03158999384167393 0.03779700254279102 0.04599500120607866 0.06910567951466774 0.018668669189209307 0.08438032120365183 0.04488699986763371 0.026990369771541296 0.02508410289295594 0.08442044629654893 0.02703416068911151 0.0666740047329745 0.016472019862003966 0.0876469348013466 0.03488785569906568 0.033702064713075484 0.08435705062675862 0.019742346796594933 0.07652417354338174 0.08404080220893469
46 0.06988193495801047 0.09851103983805767 0.05631627173576126 0.07234593745494859 0.0902932169008991 0.0607506130248627 0.05187509194515637 0.07443855788574993 0.0867738541999787 0.04083525166048333 0.023826709242566402 0.000995740826572905 0.03666392123372189 0.05071978119377764 0.06075164533605438 0.07961528164149881 4.385045578626803e-05 0.009644772137850617 0.009528649467203708 0.026187878861058906
47 0.09507882925226575 0.033590432594766385 0.026107788201747768 0.045243966628674276 0.015199365283805123 0.06857380502283157 0.02687345670235517 0.0946291053560682 0.055925436587738096 0.07311140884569373 0.023534605522445136 0.07533650703371508 0.033959822139237254 0.0313761826931479 0.03463920168325503 0.06436559682490124 0.06387320504799436 0.0318530573402733 0.09297368672174305 0.013754540517341606
48 0.09101738968620872 0.0018379452019953286 0.0338480856758749 0.023432791931972334 0.07254419086834699 0.015138345753261718 0.02021787721483693 0.09517289593236405 0.06679469905692269 0.09551823191891444 0.02211264446575806 0.10337283913436396 0.10769090497546654 0.07905915463471616 0.007318720464194884 0.016725647958931496 0.019300429827388964 0.06318561056820975 0.04416881245377749 0.021542782276494973
49 0.01959112899023404 0.09656737954966485 0.054614923142546366 0.0786407271335246 0.005497742207338807 0.019984559142809416 0.0760437883788688 0.024375231004165086 0.043332524050292816 0.0697073052264889 0.08950256742905631 0.017083480647762217 0.03354362043112038 0.03041365335231792 0.0007090123010468364 0.054553050671728553 0.05020941674784755 0.09593705633984614 0.041154393672552074 0.09853843958078838
50 0.03607901074669515 0.038933411074771634 0.05813585798435353 0.023574915829562913 0.0723877115778923 0.044839789794946246 0.04771968197919619 0.012296279119856018 0.06889018100305033 0.047144771779512554 0.07710824223496479 0.029726044668155156 0.06904855706879005 0.07517013634466876 0.07974599134453733 0.04850294652210667 0.037990898807326104 0.06818277529187387 0.046274799243965804 0.01824799758377458
51 0.056357383599975254 0.05505863592803763 0.010626169795303182 0.09053545227653884 0.05279355805583012 0.06008291095715041 0.018644067402769568 0.015415514872214061 0.02042781315301174 0.09350405820461691 0.0859018515159462 0.06557226206777468 0.049598823719927146 0.032191585511643514 0.04956653780886143 0.07453275889662518 0.0002534991790912023 0.030999473300792075 0.08330753575146774 0.0546301080024232
52 0.05350116568343789 0.07005527301473649 0.06039357043573463 0.08587654519277564 0.03528665025923185 0.06351415726903732 0.034771941388374014 0.05755781674965123 0.004930500132725064 0.06582787084153835 0.08079371796912545 0.05023233242796087 0.016693691560250516 0.004972621154006355 0.05997350209370295 0.05000362622110117 0.062275942788448405 0.058174009380692636 0.03965941144385817 0.045505653993611
53 0.10319881597664157 0.015575428438665424 0.006747708839641111 0.10904153673937918 0.08956402092844395 0.0045773727284626475 0.09934499796959792 0.0362399743251497 0.043427155947802165 0.04289389528005734 0.025308978370981276 0.011211689798343982 0.018522664905979945 0.014967132483448962 0.0537507816446967 0.027543020748421618 0.03530285432752583 0.10400937116941256 0.06537930424557606 0.09339329513177197
54 0.09600388687839008 0.07232966682948044 0.08062196283835067 0.09355513070549674 0.02411175411043669 0.019074735495014268 0.07211114000448635 0.015176124641960245 0.0048527556545531125 0.07176662461624544 0.04045815239139384 0.01787508108456249 0.03506725346820842 0.07328764427928662 0.009526621406137642 0.09371666220592642 0.02717300705116128 0.00010073729719024195 0.08756129201423005 0.06562976702748871
55 0.06012372766806314 0.07681272821138938 0.01546513874227261 0.0026483864106406968 0.05353684587795174 0.0774332453479049 0.08095174824470559 0.017132733683102808 0.029506866569965397 0.07083045205080755 0.050192871186896505 0.06474906379081383 0.06188450473033958 0.08182096904343007 0.018493688922806784 0.06416265156221725 0.04496597748665155 0.0547990552568384 0.06299273836884282 0.011496606844359394
56 0.019885932736469776 0.10230999337875879 0.005413534497646652 0.07877806413609123 0.021645953485883614 0.052932384521228816 0.05085573032720293 0.06522345331730713 0.0802817214728786 0.1031495583303214 0.03896003907853007 0.05410651919044919 0.06194122665054115 0.018136897928159236 0.02274288434532624 0.08005232000491588 0.02592798937374696 0.02282321099940591 0.03957355078902483 0.05525903543611161
57 0.058223561817754156 0.024923328496205314 0.00017284826816555852 0.12603649870938488 0.000562239519526657 0.01835733977977613 0.014807653392832146 0.04523937156009225 0.002592596358435514 0.13722409695425944 0.0702530632785469 0.029055178063360138 0.0034158574660089172 0.11009640555506729 0.022177202610649163 0.024283765243817295 0.1026634240347189 0.08916950936482777 0.03345315648930177 0.0872929030372701
58 0.06942759890308431 0.07206257653111077 0.053978646279710184 0.04477590218985013 0.008504668623628753 0.04729272404852986 0.06084368600741804 0.05668912741901299 0.04766967278507601 0.031935986034936206 0.06685577930544938 0.030460614599790232 0.05127247651326297 0.010123424815300385 0.05468015472538325 0.07187708310135911 0.07242879393224567 0.07091859076988109 0.009820030893486997 0.06838246252148361
59 0.07117862206952759 0.017927226283355982 0.04699860467974155 0.0858594393761802 0.07405618469594423 0.04864333208282185 0.02116062466384447 0.07587825188277507 0.06746048106432904 0.013512888747987353 0.07410172465587905 0.013208891283075595 0.015872615310655227 0.03260871887368801 0.05256516736506217 0.11793521435657818 0.0038613458292285708 0.012841867705258579 0.06724197108722654 0.08708682798684082
60 0.07122257355991087 0.06651234254876752 0.009941704034130827 0.07480370288854192 0.023511964065142835 0.022876476112585076 0.05687261309329235 0.07965599902508938 0.05256962838811968 0.07810441891536002 0.013471764880402654 0.067165244856807 0.08949100693410793 0.03639169334495491 0.02475115560581764 0.08053277829065125 0.01332077719776807 0.03134312917731868 0.07273146277334315 0.034729564307888275
61 0.027859068277592925 0.012768397094073139 0.07028765053869707 0.061718976928941856 0.07935853022872663 0.06400097680642661 0.017096305018361988 0.01567579136957589 0.0020809046912897964 0.10697170921066848 0.009553210644725228 0.07640178850925955 0.030287062548380133 0.005625416066971339 0.10522374111127976 0.026524227107570703 0.10394478121397216 0.06492633001133874 0.0028616548188917417 0.11683347780325619
62 0.041085399085443945 0.06441482305765003 0.014082639296347933 0.08661854796709836 0.03999197434429472 0.07850009560851806 0.08470195971287539 0.05582139716831074 0.03116688474076728 0.07500570514811881 0.0029594109017054113 0.05393463968318219 0.0010605004618093926 0.007811282727770611 0.08038573358183396 0.086539186359034 0.09361573036476824 0.02847653249796808 0.012079771170175056 0.06174778612232776
63 0.0025599256274190406 0.062032882299413075 0.02948424529848411 0.09240653202600374 0.07167310174845315 0.011514818099515944 0.04955644179645496 0.0012288382313680728 0.012013169214789978 0.07761325078680441 0.09076356684054346 0.017351885679510452 0.022110660241622795 0.055709551659519775 0.06937079359617207 0.11797782268589532 0.05564245019072739 0.019958126878520235 0.07254424304614511 0.06848769405263692
64 0.01940368276789888 0.05194575016247298 0.049263747542356184 0.0027345499669906076 0.03616663704150804 0.009272804996918812 0.06689181844525781 0.07945362695035332 0.06046645616139548 0.07455523513656237 0.06073501121388832 0.04531590381019566 0.07944024278574906 0.035424897174505914 0.026070305760941815 0.07724109296769278 0.06928178974368314 0.062398599536271235 0.033563067263642124 0.06037478057171541
65 0.07899109356054186 0.06237718951561502 0.011707989735356698 0.05040356116501047 0.015236263395931917 0.09631137009957823 0.031131289935666703 0.053793349085347664 0.08248689722375163 0.1004569239405092 0.029234501352471527 0.03061617225433295 0.09069774488220915 0.048885836179852635 0.006212459580007758 0.07973494280342945 0.04428744748140073 0.0036032656086858908 0.08159567530525505 0.002236026895045348
66 0.1253471688420402 0.07107468244734169 0.014350619138706602 0.05709968661981705 0.06006987497472464 0.05552508116458376 0.07426875372036403 0.04700725921513526 0.010097140174027299 0.13331006975914914 0.0037929884486640666 0.00838138430901022 0.06158645698340396 0.003927795069183396 0.006049025575993264 0.06055367335155561 0.0503684912207298 0.05024669632970829 0.052263867722388516 0.05467928493347319
67 0.09989762181650635 0.006131987424872863 0.032521316224236284 0.09719210794413936 0.07873298983617319 0.028718808876327346 0.08083423844978582 0.00021670387227531155 0.11058859594744365 0.022880684428055707 0.02469064909477055 0.08827865453985909 0.03885565241437149 0.060404567481295884 0.022164628238292582 0.06662426079185647 0.022750129730710552 0.007691803629168764 0.07007537444355069 0.040749224816308105
68 0.010576806473612402 0.05154299081076754 0.06836410799534501 0.02916717693375552 0.033665025785685705 0.09159064150175479 0.005696927921497564 0.056485171143445645 0.08528765809377939 0.011593504588580517 0.0704127156640108 0.08578834629215379 0.09262851279371859 0.04603421603882793 0.018692450681887667 0.07303070331426202 0.006486113733418385 0.08339776732468387 0.025689616738184748 0.05386954617062819
69 0.04477598195175947 0.030004800238822037 0.0701653272129511 0.07309111087148158 0.08384956589332124 0.006702349046126664 0.035944038869998585 0.049597510397081906 0.11174872708587777 0.06855821614608372 0.015957640200661004 0.008786194822392204 0.09355654645834204 0.04482219357366151 0.003339260802970242 0.02799379242124954 0.06889894203403198 2.1402895379174195e-05 0.07789327280208139 0.08429312627572695
70 0.08459571479045863 0.09638335349251623 0.012638262401512286 0.04836368936194992 0.032328130292644586 0.046166114703583866 0.05569625889366163 0.04292574453135293 0.04310921623025946 0.010580476117685594 0.04310565267799173 0.02368345255235289 0.07629344007570439 0.06664375576792636 0.0336409419138646 0.09838475851270985 0.08307121634194331 0.0061116303387452895 0.09581803585061552 0.0004601551525208532
71 0.08195827262796616 0.053809298914291245 0.03876706487764439 0.07929997131411845 0.04079674329029982 0.062216371904484195 0.04941833279828025 0.08558248126797467 0.03522979669157082 0.0016924611004522072 0.022014468555453512 0.05471171616415492 0.05990353969148417 0.034781632116379184 0.06462972580740003 0.003991729407726295 0.07059748630871497 0.08102078053658737 0.02731786807784561 0.05226025854717159
72 0.05867862491288979 0.09041877134275096 0.07211468519996792 0.035922170496158215 0.039256215751452585 0.02213838663646246 0.09846651671968068 0.008435998470103928 0.04457878698021409 0.03768549254304026 0.026979958871405252 0.08936444379127316 0.06871424238498772 0.025148973613451756 0.028957935206673786 0.0452007911008297 0.08907807583064728 0.05566685476269939 0.028147849349689752 0.03504522603562135
73 0.03245125842989583 0.07176587240544476 0.09178570100089582 0.07085308730933285 0.06818891866483268 0.06125429821339365 0.04093336000045448 0.024194753881298072 0.07941700512879149 0.040075188370464435 0.0037218689737438275 0.0654997959596913 0.03376507703504834 0.010169642975422279 0.01723748085690862 0.09340276085283808 0.049030620704429054 0.07995522042062471 0.02039297630614551 0.045905112510344
74 0.05704517779974495 0.07850519325827496 0.08552121168918164 0.013528189391297508 0.013738277062359791 0.04888016608065586 0.06911839934311556 0.08322026328807695 0.06403085742293274 0.04816716001328334 0.03169756464301455 0.008088862018646439 0.06293867010493677 0.060790196732459056 0.050062858737318756 0.04763477098313166 0.04157184028398265 0.06162068429006158 0.01047456415006367 0.06336509270746178
75 0.0072920630830406565 0.02390393931854585 0.06916777200932704 0.0836107368595504 0.054827593218192756 0.08191911919146243 0.06389214867120861 0.029338529445117927 0.054714188748430946 0.0686621723020166 0.0687428524120854 0.05973625232373766 0.034154054221447815 0.05154784975102061 0.036487482030916285 0.06869796957895768 0.017418429054829515 0.05690040843517922 0.042306220095849445 0.026680219249083297
76 0.04480862493688763 0.07760876407333461 0.043242252601203825 0.062060394836074735 0.05208657577831262 0.062396981922262264 0.08903303947693386 0.035159163585457384 0.08329788929697875 0.06318455662273809 0.04064479077660855 0.0011992995810221187 0.03281642853255219 0.014630070238482515 0.004680663047505118 0.08826685897280705 0.0198210530277572 0.09265033439519806 0.08525424645464001 0.00715801184324341
77 0.06296783603847608 0.018879886650490636 0.03365669673775581 0.08263991541048603 0.06548596410072995 0.06815722054941896 0.008590290374177027 0.07576531818463023 0.00606409645927787 0.08273047937882862 0.05503501033256579 0.08002768216928315 0.061130168994591345 0.05879815951661992 0.021282625015270548 0.030298067780751062 0.0075064412636313745 0.020128312899815204 0.0850584729505455 0.07579735519265486
78 0.033615726261206444 0.04747587425865509 0.04922190408053843 0.0801966452991766 0.04513125504857188 0.07906553582190427 0.027971576010982106 0.07072312097708741 0.0517838778442423 0.02746788080078886 0.05425320171043829 0.029227048411034535 0.05626084309007686 0.05552563103449954 0.001572419241461552 0.07281421449813782 0.06916276826408377 0.04430708787218898 0.0254986445541809 0.07872474492074442
79 0.016016095148839796 0.02711903435773178 0.0685003828269988 0.08140439251429668 0.053576776098202786 0.05207804207947874 0.03866630354263909 0.06522475911577903 0.0753909710155766 0.05039061611582777 0.0530069459542041 0.056913898251169166 0.030276222597819428 0.04347232095317431 0.008999771492662338 0.07738965955421977 0.05870110996593544 0.08138077662550779 0.03181732663041362 0.02967459515952292
80 0.033437023661223225 0.0908759621535552 0.08021526564490178 0.08060761776464452 0.005029813699735559 0.025683062022413897 0.004481721722199551 0.019125805720230777 0.066455586062528 0.03297168983503868 0.09262034601440418 0.07639928849904645 0.04091918887821245 0.018183707506029708 0.02831535245120459 0.07884135823849062 0.08015426665691959 0.0006613883673332068 0.06697468171724177 0.07804687338464637
81 0.0828133569605268 0.0680636751208522 0.03341493654202217 0.07563875244055997 0.008269139173309029 0.07896608443494915 0.03891914916331357 0.08348737723831355 0.06594386361962962 0.009978703456592715 0.018582527624959117 0.07783240243596044 0.01790734726401332 0.060569519869269964 0.018337251617698138 0.06808660961971646 0.05837918786079409 0.02224806322081024 0.07955295876842379 0.03300909356828569
82 0.06840938204928411 0.05069501103736959 0.08758650581254758 0.011068357399769172 0.040915308496487154 0.07420365138761813 0.05752459293780836 0.051201567883501435 0.021045061004844226 0.09061154782270578 0.06802326826384784 0.08524846915200836 0.012988209004912111 0.010407716181246075 0.0108071891447085 0.07242752416208237 0.027612909153272837 0.05887665938634414 0.012165666597907954 0.08818140312173427
83 0.08084757293025861 0.10873718506657219 0.04679815294553018 0.02686886599568657 0.061211332126571094 0.09787018714389496 0.0016837001610696492 0.06946935913823975 0.013855199639758401 0.11038840900597378 0.005660868007117522 0.040668566722826205 0.017684005566881912 0.023227742727722114 0.025731405498855373 0.022393566272224014 0.004890827328439765 0.0718803026837174 0.10606285214892557 0.06406989888973505
84 0.07103540715707984 0.09058048780185302 0.08240914941341947 0.07091832746639905 0.08798276298761155 0.050852890861384135 0.017923744106970136 0.05315230162864525 0.057479626681797014 0.007573059164441333 0.017634612205508115 0.023214667163291007 0.05075247604271582 0.05652690921549752 0.08697721657279892 0.0572680460564441 0.026858333375830826 0.019334949990487495 0.04050229597248352 0.03102273613534207
85 0.023574158620806834 0.015218701782979712 0.030348502867805202 0.08198209541907628 0.08356887921479891 0.0811428426450411 0.08727750043135636 0.016308849219345573 0.03286019932687312 0.08765703013067422 0.046455408818866714 0.07605856095880206 0.02492105930976824 0.07410766304133078 0.01078649264802147 0.00903605934979667 0.0721023501774219 0.035584452587545 0.04761458147195074 0.06339461197773903
86 0.014388411546638278 0.0493477870916666 0.05185824739266756 0.04139050137199529 0.04663237870942152 0.06476052061463684 0.0689724742356154 0.0732028940748328 0.06291621720300147 0.07282118578262513 0.07658058426518495 0.013548659625076578 0.06433682717622552 0.02259037336562972 0.0703621878426581 0.016626699300025152 0.06490708705963233 0.0391832136878233 0.07874405072542054 0.006829698929222858
87 0.08261891186972925 0.047801065407938194 0.022012519526790147 0.08309847256493773 0.011812120559930226 0.0718211132173914 0.0802007428353189 0.07590940949932229 0.032455153777516545 0.061472196797142956 0.03561309089174709 0.08147267546681258 0.03948082500755587 0.0007648896560365635 0.04338429103737273 0.05201654883344354 0.050712116095986824 0.05832539578455086 0.030155064073795493 0.038873397096680515
88 0.10048829041994477 0.06533326063310566 0.1089598316330814 0.10837088055397003 0.0777713233526645 0.031233928864515034 0.002157494926162496 0.06735280440044568 0.04481535436854187 0.004315887015237884 0.0500581381165536 0.01663419637826372 0.03818164986219849 0.05427512298283493 0.037474691542667825 0.00500517661033283 0.03686449801240534 0.060633017391947076 0.0627472548181881 0.027327198116938706
89 0.024742786784704644 0.03726542396254907 0.0787134011297883 0.034089325674119944 0.06747169925280776 0.04777799498007624 0.05118181579133525 0.0885786582003972 0.05875555338957301 0.06451650343495716 0.025484236490335495 0.07593299150942859 0.08516319512690429 0.03509371075084541 0.01473436158734272 0.04496926148298098 0.05788259338518828 0.031091569087608524 0.04464365974864861 0.03191125823040872
90 0.025452654785673913 0.08105609964708971 0.049653996187804195 0.024045549105988155 0.09015866483212276 0.08313175514551613 0.06532918030781323 0.054852533418612695 0.06404664514843289 0.08815657905511945 0.03869976128302849 0.06257713356799206 0.010663977545524209 0.007503329947658797 0.0165864436322971 0.03197827495063526 0.0723736738128811 0.0827754007903742 0.04381636811268445 0.007141978722751148
91 0.05107946132879224 0.07654941636232566 0.062439511586275386 0.07512831162983179 0.012738703818458725 0.040192848074258596 0.05232649361655161 0.0030179507911163 0.07454896535357504 0.04038730051274303 0.07072390704880069 0.0656066911911142 0.06150404650025729 0.05743697858461662 0.054915808205545556 0.07704341346858676 0.04449864696337979 0.026905073010209935 0.03392245658398975 0.019034015369570945
92 0.09982768555831163 0.02682398171533744 0.01106243175673688 0.07087064296870753 0.07680454245958064 0.09280656797372826 0.08582741851111325 0.06951162939215699 0.007793429060431127 0.013743524607519384 0.046149286081638104 0.0770563060848384 0.07494871307627958 0.025376059820935076 0.08566752346334286 0.07100043921955625 0.01992725474207058 0.03931735347176188 0.003847256922874347 0.0016379531130799212
93 0.09016469118149271 0.029490505460871876 0.018306069467323768 0.020441573094004285 0.011259384245903349 0.06259949769462082 0.09026525243756114 0.03835394280987139 0.006155891866228793 0.11710153336169986 0.06208644912918965 0.051342681666075356 0.11401206473019844 0.04233853366502401 0.007377609141314091 0.08032144991309449 0.11286469360040524 0.0018838024294592442 0.028388164150652994 0.01524620995500863
94 0.061637760650336305 0.07637616957734686 0.05185339760429499 0.04111412849695587 0.06901170041556412 0.023399573841192386 0.03216546744075449 0.0634532624364616 0.014200361717987733 0.0575764058326569 0.06619413605529134 0.02959673682021091 0.05874644118911884 0.014464905950047272 0.08716123424041032 0.08226212770056737 0.06947013505458137 0.012106843403546988 0.015666033769712283 0.07354317780296198
95 0.07081651688126694 0.03796781873492406 0.00043749312285618617 0.06680924145649596 0.08271311224864077 0.041309875166021914 0.038586921255982586 0.04349019044947358 0.01708332711275525 0.07275511700106355 0.05864447924680581 0.07235898687752834 0.06233902017984146 0.02400072007896251 0.011981501864928436 0.03593787969555244 0.06651819604555849 0.06999173067263825 0.08706304495568241 0.0391948269530211
96 0.07978461654306654 0.05890229659790044 0.09968153567350635 0.0061109676204319915 0.013374680386314924 0.08793276783422621 0.0441530773446592 0.062497013063121824 0.05398497424772918 0.002855897904422528 0.09860308524924226 0.044756078183359055 0.08828051465375801 0.03719380234585187 0.03186016169321923 0.10766116411096324 0.020173648325669806 0.026815435295271535 0.031389416055141735 0.003988866872143825
