0 0.007936007686875675 0.03323101938883136 0.052024774779795974 0.08025785024907395 0.0953772412860891 0.09666110151476666 0.0751645978443433 0.03848484285402913 0.020225505851340413 0.026974613387227852 0.06156350777879131 0.0364554658870254 0.012671466776107188 0.005323583427544827 0.0735693118910542 0.08987016771472849 0.040051253615189235 0.09305122865149934 0.014140839075136321 0.046965620340550025
1 0.042189649660213956 0.0752252813404711 0.03787895433755096 0.06547153867061858 0.03554479452322298 0.0553232331407165 0.08700099520866592 0.032641893639882694 0.0033147469163686168 0.08157798747310378 0.04864889898326418 0.06239810960710692 0.020610988171524226 0.07710953970973056 0.09319503256371267 0.0626532852939964 0.024330315628547965 0.020068279366907565 0.008793727637717384 0.06602274812667715
2 0.0022719817550924544 0.013494466063295626 0.059536428865627926 0.060617206479481475 0.018485293720188416 0.05801154994438189 0.005169004434496638 0.09474464546836259 0.05595833537758193 0.039800238090086246 0.0625291120387617 0.056312047659034206 0.10117055646966559 0.0782961189901155 0.08835509849365959 0.0015422996005567558 0.08747051296726593 0.005561196892455823 0.0994944263310034 0.011179480358886208
3 0.02279968682726345 0.007799369502083099 0.03290167320642853 0.09293070395043897 0.02906889161537187 0.03479672263314439 0.09226425561868623 0.02368027777830744 0.03519412715471472 0.05593782149345072 0.09482571810255144 0.09279218458083976 0.09745264346692822 0.005781623714519683 0.042340005083496446 0.04543230650434745 0.07412862565428172 0.061911002053787724 0.043423172064214505 0.014539188995143431
4 0.0644634440161864 0.06806835625087455 0.07635476777612792 0.02877105600474436 0.031053700049674053 0.024629158283030316 0.06503673822790093 0.09695063239160019 0.038329639862458194 0.011452365880834666 0.018078407528640997 0.059614597277872494 0.010882587237463829 0.058871236437167754 0.057332688935708156 0.1002416442925705 0.0988057109525497 0.030615758870920374 0.047388498481393586 0.013059011242281267
5 0.017683009584353156 0.015747567265045684 0.05317049607299461 0.07263638334013531 0.03516454571026698 0.018455289883036647 0.11369983661771295 0.01814526753627002 0.0585570735776522 0.053241760126777955 0.08577768814322782 0.10655636613464943 0.0031530039604559606 0.03389418029069251 0.008035473157659154 0.11641601380767594 0.07677333345577109 0.00869590951770485 0.025379408850174364 0.07881739296774322
6 0.0793482115082384 0.11385486265440724 0.11419683713419715 0.07175467413942488 0.0014087774817738094 0.0505768480243153 0.09174384448652752 0.06378868385589548 0.03700100012245688 0.06246968908939028 0.032493841700590116 0.09891581933516976 0.046273792884711264 0.03759897655208557 0.014843780759175652 0.008856514256980034 0.003920174398916944 0.027882897480487025 0.03188359954018178 0.011187174595075068
7 0.0506329149513531 0.03574124739797558 0.07825929238982449 0.014728594751389714 0.059375293191009496 0.012022654913631099 0.05229915869774335 0.07272430334932835 0.06795443582411531 0.036727474400843924 0.07655186277946117 0.0329914199433883 0.04739530253040847 0.046920602437743895 0.025340704772228294 0.08585997840005874 0.020813887652008197 0.052262544774266256 0.046428532463209604 0.08496979438001254
8 0.026182914003244528 0.05464967538937193 0.006555739955931124 0.07972993889736156 0.022011140484156016 0.09708747804408545 0.10752016073551106 0.05504242714210107 0.0638074765973832 0.005923027935470771 0.045128304809483544 0.054722654030925647 0.04252770590233421 0.060412771645092525 0.059440469330088674 0.09139167110446958 0.03452072321461141 0.026461678492004898 0.013722618647608988 0.05316142363876389
9 0.12062715751539917 0.1037046549739699 0.07396811509473815 0.10848089713098712 0.0010953426842685691 0.08754026995393462 0.027422849750021395 0.003606119401753615 0.06942317706595484 0.037914880619365744 0.05575157007384406 0.08907969501231221 0.002510371279943392 0.07228119358646806 0.0005566933359473162 0.012276278456364212 0.024960155800157625 0.04895123328958514 0.00541942589587886 0.0544299190791063
10 0.0033506475514499885 0.03847430421665692 0.08387924430716846 0.009145375521454606 0.040121953089254876 0.05360767619691417 0.08087715036876697 0.012293353226187248 0.05597574577041564 0.07027677977657096 0.06113822510086762 0.09890546667363306 0.08316594821490879 0.11050178612370418 0.0009477960200601607 0.028321196032899978 0.021979027396480083 0.042603602285676855 0.05476759147145621 0.04966713065547319
11 0.03434820106041101 0.02238925716468508 0.0663255742130503 0.014176555231337568 0.04664789653687303 0.04654542838229216 0.06350352958040549 0.049975322163581096 0.07909763025432845 0.07321125103644929 0.0821361254824268 0.06047694220512931 0.05131723458748341 0.0820124414261691 0.0021627445282825816 0.08069318769733243 0.017551551105658605 0.06081636136950753 0.04414838425379942 0.022464381720797365
12 0.09921265507619471 0.0001877192738177531 0.08894080362747589 0.09056364592523455 0.011733994088953429 0.11057820214293392 0.06607571900895227 0.09498677966622775 0.006914891984167352 0.021590118726771072 0.029570244393478818 0.05691882275160354 0.0543416426635083 0.011428516585176327 0.028922841573001706 0.03423341108960389 0.030815274127822555 0.05557098958459643 0.10477129627402099 0.002642431436458696
13 0.08403818603647856 0.07367336739389109 0.01839653100762105 0.07242024886045915 0.04221695138107594 0.030417655398911406 0.030461401151592047 0.03710229647784193 0.049494556773994884 0.024438488671368074 0.0627667492791447 0.05852900341279092 0.061088740368733296 0.09519597599916395 0.012031706810928026 0.07592307636725497 0.09379176076494294 0.04940861641667182 0.012163471696297168 0.01644121573083808
14 0.06739838010748293 0.07284049779334902 0.058384250454005956 0.07636153687650772 0.07459304553252899 0.03358325628487595 0.0160385680942565 0.035422998005920164 0.05060607398738182 0.07257362303680862 0.03752680547925539 0.06764340694662693 0.06847904636565497 0.012202939050215173 0.0526260149403026 0.03503199396042809 0.047530712360689155 0.026082106932762833 0.038365946974381525 0.056708796816565606
15 0.004367964899629982 0.04981143194627199 0.04145151045181027 0.06832278467514075 0.033706251745203815 0.035589101566584715 0.06608282804471116 0.009334058024139029 0.08526921494852543 0.0773366608818675 0.04633671898441195 0.07334535238552731 0.08545380852194778 0.0587772697512015 0.03545225214911735 0.05037070697265547 0.07463132680210628 0.025924876981721082 0.05640724649383735 0.022028633773589244
16 0.04336808610260465 0.04235978105704323 0.04666213138939062 0.0021923315222568737 0.03785233404784397 0.0668122379687359 0.0780074028340193 0.08252443545593496 0.03139582648944947 0.04578309231040569 0.0739043068280058 0.07202460780416145 0.05714488026232588 0.06419404263038743 0.05778373466414872 0.07094040094466125 0.014069298903959361 0.0425635551634649 0.05066401746462383 0.01975349615657668
17 0.04259045682401163 0.0988651242528194 0.09279238334032917 0.003423977903217895 0.04391782468594226 0.03233549566735342 0.03827414143649477 0.06314298028524709 0.09202225521974841 0.06580094999057871 0.09752402167914336 0.06608401742203995 0.02053704453470411 0.01881478384082326 0.05166254674058791 0.02955160002211608 0.009919179696412784 0.06487777943481574 0.056024928957872235 0.011838508065741585
18 0.06953476787668565 0.02615784717481981 0.06925541529477389 0.017911949866594383 0.014706451576353688 0.07725647573966286 0.046475801573081385 0.005216688076965969 0.05444565303160843 0.07294228557710339 0.08214996976109432 0.04673874560110236 0.06268341302247614 0.011285624597895824 0.07804033839364902 0.03278446011291358 0.08477508023488142 0.037754206043932155 0.02675872871088649 0.08312609773351935
19 0.035260451999804515 0.06007437548279233 0.04777724080948729 0.07832408871757243 0.03994839576628863 0.028032772555581426 0.006686411273762955 0.02035075571823483 0.06603245335418424 0.10662027816844453 0.09022545232082259 0.08987689948884627 0.060135303560358094 0.017687096964231982 0.05931689780914133 0.07514868505329184 0.03459416539769644 0.022942667314908446 0.050729922759611336 0.010235685484938636
20 0.05103106576991937 0.0581620590624761 0.00013259513864407043 0.061014371539716616 0.01813716995807284 0.0109330054858895 0.015306192882218576 0.0965719244744734 0.09324003357077193 0.048400687408557345 0.027323851283800007 0.04686599881146945 0.06439943072803507 0.04385939304304249 0.10549519927945109 0.08266853086339007 0.03223264689698192 0.07676668125198038 0.04693714237421311 0.020522020176896826
21 0.03763063443221169 0.06720153974451365 0.06398936508882157 0.06963684517192377 0.016424115156005267 0.049353464541921306 0.07725551036342049 0.0048128826118878166 0.05372369281035471 0.08594343072374215 0.05818816329502487 0.022625733087619185 0.07056880478966034 0.05399313617018489 0.04216437608151746 0.04864759333113166 0.008869755966486568 0.07543972572539602 0.07090649713912386 0.02262473376905294
22 0.0473858034508279 0.09344863229426452 0.004589041025387447 0.08744799644306457 0.09248781391343039 0.009610723089929087 0.09332677225688443 0.04242551566117439 0.07203657936886561 0.06575420291512891 0.06829305625861085 0.05355969966566933 0.02064248221341418 0.01285743414317188 0.0848297401783318 0.05827042543630192 0.011526942129733557 0.052194638423739656 0.012222724509117988 0.01708977662295174
23 0.048711561777932025 0.026794832532122215 0.08589797794507435 0.0013521498597569741 0.06735567361547272 0.0648323728361137 0.0017926936893538972 0.06780635192167883 0.06754736925389522 0.08381437440845545 0.0037529355383016444 0.08105635337681244 0.03527235236688595 0.010062168764008141 0.03410140055948366 0.06896626644455066 0.06527813564577796 0.06386112304925504 0.061253826912281706 0.060490079502787585
24 0.10289803923946247 0.02922966139773793 0.05221252793221753 0.020775346097780006 0.09580286448513159 0.07616243072344425 0.006845852070319327 0.015304485130255981 0.014732957919942826 0.08115750326961779 0.08865381679183341 0.042963522060547606 0.05326063513850544 0.012168938433711815 0.09983110095602443 0.01146054876388725 0.02977308845162719 0.0795882320233768 0.05037128865181809 0.03680716046275826
25 0.007689849332400676 0.06307463089550233 0.04418351812457583 0.08763319996580604 0.06309856114655502 0.09940116632485244 0.044770866129542466 0.01884548277902682 0.018338303224741906 0.00880996584080563 0.03558388299137166 0.09186429546268739 0.013099203264333134 0.03325801945243762 0.002814771663106592 0.05610936261546867 0.07831026376815196 0.0678383445213627 0.07834585343939503 0.08693045905787605
26 0.0813015095754581 0.04775978035677082 0.05263651592569242 0.023593870549697 0.02895089989665628 0.037853567909863425 0.060154055208569805 0.02420578102581885 0.0861760268441517 0.06371647439285841 0.020717743234637574 0.07593693486351455 0.08655601639321076 0.05172855051810881 0.0017939186882266426 0.0003663102658038315 0.019109175824472826 0.08132036184908083 0.08204880134787648 0.07407370532953075
27 0.016737012997242673 0.029054068951137994 0.03751212796930999 0.05752746625243782 0.026933233046024994 0.012028301728103716 0.0991455060750981 0.05683469532683039 0.09297470811664792 0.052127932326312784 0.05785511657434253 0.03938970737279772 0.05732178785706245 0.0027030824447088746 0.07364464758791671 0.05062103406646995 0.08740173250399152 0.06052421713262533 0.009863519663010502 0.07980010200792817
28 0.11003136475770141 0.109818566447532 0.006439254424933758 0.0438603296167845 0.009660338127079266 0.011662424910800946 0.031713865339297126 0.05356372245581936 0.042003785138607835 0.08946933264024709 0.002744774367803555 0.07850399718983452 0.03316749640874702 0.05795907907739764 0.028612409128836537 0.037482162633318536 0.10545303196249342 0.037705027246141117 0.06426369138019784 0.04588534674642645
29 0.05900454235684958 0.06496279798477989 0.08171684272056366 0.03095666952078366 0.034952180919852936 0.0519011857912804 0.06561536782921071 0.018514879312531485 0.03856418462460797 0.08501598025523652 0.026793102591041465 0.05326995636037845 0.07552213609661415 0.01867167243920102 0.05276296559258608 0.07797531233661963 0.0420368946770079 0.02967409423123736 0.023290839322982607 0.0687983950366348
30 0.0005868585184434143 0.00787613578674832 0.05569586870456537 0.07227535157485628 0.042805860467326 0.039239181206485896 0.07641797099968306 0.07099143761499152 0.08481881848114374 0.008542854263771006 0.05986237077536042 0.06677291044979201 0.060601263215285625 0.0662880026233634 0.08277621811847811 0.06934794318268754 0.01053790941558488 0.04704932864034174 0.006153941214677157 0.07135977474641442
31 0.06966837529886538 0.07934129846632815 0.01792180412629161 0.07139458074546949 0.04107980458703831 0.02394980367618181 0.05057970057536908 0.04105378582045436 0.0766090239419115 0.05645447972613123 0.04550345458231329 0.06372101635969016 0.034107815953008935 0.059143516503489715 0.06929608934638343 0.04470493506409842 0.018831581891631564 0.021752016023884678 0.05221437136689023 0.06267254594456859
32 0.046064179378330725 0.06997820245189719 0.08545383509165312 0.061823915304528694 0.10129467430665615 0.03558736398175414 0.008791334368483969 0.034990010589106085 0.03197235071944293 0.10065474451468447 0.04988712185712941 0.0022351406886822398 0.014890288719162514 0.0012616050571286452 0.02362998143742417 0.07287434746577334 0.008094647584210985 0.07789190816648374 0.09478233820695818 0.07784201011050926
33 0.07131208892774597 0.023959624795614642 0.05366233625009307 0.10096953790168489 0.10034538985907465 0.04921773907023397 0.09020624699662373 0.08128133890203622 0.027161614152460004 0.0538939227039491 0.03838823426768176 0.03173814124926377 0.0049099117007691435 0.03557835620316961 0.0834290181210162 0.0030376855032963664 0.03602644329505258 0.04346266890257153 0.023324639763757326 0.048095061433905274
34 0.029838639426668315 0.06604861839502325 0.035386383300022535 0.0081167059825293 0.0868170587677816 0.04009090489744526 0.022631395507472153 0.09707194093837977 0.06766614570237327 0.02999468199524235 0.0553158719688403 0.08252430580266247 0.08051612298171609 0.02684508316306568 0.001460279022199051 0.08509816561359781 0.004728140295635948 0.016308648197071375 0.08891435422878252 0.07462655381349087
35 0.03497544801440215 0.02212272216403041 0.03932179991264012 0.0871535518689854 0.09688259196476047 0.025355735704423465 0.0373049015967879 0.003032132970502187 0.055998576893854214 0.027226020901240502 0.07417939441917751 0.0171894891708381 0.04619410894025864 0.04748318865170945 0.015499713436883254 0.04534181024066852 0.10139221580313768 0.09799746942382542 0.06957242445057772 0.05577670347129691
36 0.06073744394068493 0.03635402962576255 0.0747689021003514 0.054215283077654185 0.04955900883576647 0.02620142195008479 0.07616744110808604 0.0780462444193558 0.07858037913820522 0.009649699691842319 0.021285884653618067 0.05523450470263284 0.08664686824598045 0.08528312015876446 0.054077823369454575 0.004528771303671601 0.012484847464405594 0.01789537888224397 0.05009357516447064 0.06818937216696425
37 0.04608525823275517 0.06032189417379126 0.07331542937629916 0.012355007543834718 0.039276486550312815 0.0789832000946541 0.06770821019513251 0.07419557680733777 0.04160754387935526 0.054944357300178485 0.026088301071433676 0.07484985652349825 0.0058760953678352774 0.02961787788265452 0.08293343454389131 0.041922101051792456 0.05837083268276707 0.0414929823550363 0.05578197270634065 0.0342735816610993
38 0.059562148395980265 0.06893839937120361 0.08499551502353869 0.07948267230275691 0.08347388157032702 0.049887434434235454 0.026833232343005404 0.03613677974071928 0.004887595351056048 0.06412778129952124 0.06704094774592838 0.025790474904151782 0.013275199757414041 0.012403894872993133 0.060504531679410986 0.053425740286722576 0.06501175924926302 0.021838180225855052 0.07795535252547757 0.0444284789204395
39 0.08729558908097049 0.09819998623008806 0.007923009783173405 0.08962939632522729 0.05197894953984751 0.07867873453822603 0.004105363156969847 0.00011042771713257905 0.032579502017196234 0.003078073292189154 0.04665642302470269 0.10168457022597248 0.06730056257782781 0.06563129524928703 0.02208104936785672 0.011660394565620772 0.08330325471425734 0.017287725883168435 0.05265162742377607 0.0781640652865101
40 0.025383143481084187 0.02243576489381729 0.1518005294226971 0.04557746069580199 0.007360835822841543 0.057811551076188225 0.07185009538243126 0.07823019351627922 0.07038381057093146 0.026820669137448898 0.03228831309938266 0.10581310813457542 0.010351261286490943 0.01598197394985891 0.03552117480335187 0.09502891408580988 0.014701996836718505 0.1000470190576233 0.0007567095415020307 0.031855475205165455
41 0.042126726162186344 0.020444399092383072 0.06968406538972904 0.0934506376026335 0.08440028007244955 0.053267346903347924 0.02622508527826414 0.033901643456805554 0.053623685919048626 0.005915279329897128 0.09308232300803485 0.03348949273942946 0.014724679271823738 0.04226207166911672 0.0552503975239021 0.047434565814522135 0.05823400859157288 0.02110270505472032 0.0910954461260295 0.06028516099410355
42 0.08492304827606907 0.06234044632319852 0.044458723506376245 0.014513828977587346 0.07078837474902408 0.06916604484960588 0.02957452100113258 0.0848400744537455 0.06698519010063377 0.012434087160597388 0.06164140497326117 0.006530668602532226 0.05782034667463036 0.032404179069521095 0.08594116347347777 0.07056316189270041 0.02093718104259642 0.04820867576899057 0.042229850951996245 0.03369902815232328
43 0.08427140838569852 0.016509048696780527 0.08287406538044163 0.026704758702892257 0.11104250291676786 0.060158523521709285 0.027880964919579802 0.034170901495144415 0.09834736019826776 0.04594817629893157 0.010627361214211416 0.010984991751109126 0.08700176065762578 0.0145473878179931 0.007071239598890595 0.030310795195157867 0.0016534433788451609 0.09458843055897607 0.0545829688774551 0.1007239104335224
44 0.06216853610100317 0.01772984323634043 0.08086615616679617 0.015517843713100452 0.05011886941110263 0.02418459014087909 0.088364458599837 0.024772886010195463 0.06520106700482142 0.06952668991383783 0.00988778558084097 0.04179581937822738 0.02975102420524628 0.07197149581198872 0.07310665596473456 0.03406135073669385 0.07435952624632132 0.048796388899745906 0.04594968540207259 0.07186932747621473
45 0.021788434079048614 0.022979181102782634 0.04093278993386997 0.06275591020132082 0.03214894592532131 0.053354541281903714 0.06545537234993636 0.05160347502996587 0.04606880469286509 0.08143800427741278 0.024018130408186966 0.0729032595110109 0.008243276229648053 0.07594786604626398 0.07547816437542988 0.07655553493131179 0.03069132197789201 0.07014894014401107 0.00783978554457981 0.07964826195723843
46 0.05918674230708792 0.06066567119974913 0.09638947528540005 0.03916577684057708 0.09099319347524677 0.03648363290207616 0.0856375500079191 0.035374189835782346 0.006002816027404712 0.08883110021389189 0.02285496654489476 0.09446218615525961 0.0035166210021627575 0.009417609058771747 0.045436822260549105 0.009229334983431045 0.04654232093576599 0.06089229771231265 0.07660473401587144 0.03231295923584571
47 0.03439441244953869 0.0623878371403784 0.0327975234374283 0.08009628229094526 0.0871785480867577 0.026300879870494637 0.006656952342223229 0.08751805598816771 0.03941466719605643 0.06886373697897807 0.026043500758002998 0.03265709702046112 0.023667674766998395 0.05130121703692783 0.024486745803774437 0.016261903779682327 0.05566905978512589 0.07117531826365306 0.07512038592454566 0.09800820107985991
48 0.005730767068058324 0.07629117713669475 0.07557767348444294 0.01769963149460563 0.002408921511512121 0.07057402380260334 0.05566654156898595 0.06708252528637502 0.07616816258607441 0.009576474838056374 0.08413533208025754 0.01687115167391462 0.05101034570491657 0.05481804236147505 0.030375069599944116 0.058144873320710756 0.11234185154906333 0.055504527212366615 0.06761537469580992 0.012407533024132604
49 0.015775380417743665 0.06573003297516902 0.044727400027757394 0.07460235128418012 0.030100992969651724 0.009441681963461655 0.0839956805132204 0.038647929766032825 0.08556064604290439 0.06717200982654582 0.07106736334130451 0.025327263259131327 0.04488469663199348 0.02530295939954178 0.023673087610977323 0.059856399598033974 0.05625947095853259 0.0339407351294127 0.06438241156703882 0.07955150671736645
50 0.06372786755326738 0.0017150448083860794 0.02508704700906206 0.030912500134287847 0.04446269854846766 0.06541206051846367 0.04397607509359871 0.02054087047999893 0.03487292599650593 0.07141497332967509 0.0649720331268357 0.06132178920080831 0.031284650547188875 0.033696290359720084 0.08648857094547985 0.08719177264592755 0.04730699654127104 0.0638401052810698 0.03879940935425211 0.08297631852573335
51 0.04179534555646029 0.10328642168264929 0.08071799088414645 0.08563601774471832 0.07075651987308437 0.039382798827454275 0.051656867190692846 0.00020912319867467998 0.03418665508836386 0.061203089086433654 0.0536708833660548 0.038555578375296044 0.0019394670536570196 0.0005782650973114958 0.032568385420586723 0.09731834636505077 0.06120445065782908 0.05345597151468471 0.011244087704315876 0.08063373531253522
52 0.06907068864974984 0.039463374321512465 0.0538090791321704 0.034509989366975025 0.058379655882115404 0.05278572617858065 0.03180284433017803 0.07278776870915064 0.07022542802046623 0.0623271553552345 0.032233010697564034 0.07297655954661056 0.044655107269160686 0.02161483710229212 0.06507139724903897 0.0700099897360261 0.05790466916813231 0.01110640091675311 0.011600608874973592 0.06766570949331542
53 0.020630181298678715 0.08130209785720181 0.04558503101849769 0.05028505591536043 0.03598560550873065 0.018136618980168894 0.0018852273538427814 0.07897917162851614 0.07743707122265363 0.0791092178547672 0.07009960779908331 0.0072279956431647195 0.08592990095699192 0.019009251769025307 0.06945371581868201 0.06385952367616014 0.04019248027358121 0.01219576806607137 0.08562532142874779 0.05707115593007427
54 0.07089826809733954 0.0360332305230311 0.03742822338799509 0.07692702964491675 0.025764100488217683 0.07969424991137615 0.07782812651059315 0.004370027303533088 0.03955290740775487 0.06621612242235472 0.029219677563516518 0.0059491920453998365 0.08384838791206466 0.047240988026698176 0.04398884436880473 0.0768074479180571 0.08403526111819296 0.05468659097696117 0.03529084364895011 0.024220480724242422
55 0.08230131199561788 0.007566991337212544 0.01033102630309069 0.06494896071199048 0.0435464475407444 0.008093520380199797 0.028440052434682415 0.09148021383981492 0.004526487494850914 0.049773479711002974 0.09694118336105854 0.1001969083397244 0.02314532400409917 0.09030594996282577 0.04536439344913509 0.09068504791819396 0.008152693757388524 0.07710273144312196 0.048956805002685795 0.02814047101255979
56 0.02778591063996561 0.08077027712916615 0.06945041420172278 0.06840491978685147 0.09121774812159723 0.08198636637460288 0.05108665305373667 0.03127465307293031 0.04607138116912547 0.0318500726917929 0.04857138757800602 0.012593674569050237 0.07999062747192369 0.06818291678679934 0.0060488065972290036 0.044902222893835345 0.06659288538488409 0.03070523040346454 0.008911238598738914 0.05360261347457743
57 0.08338528714458107 0.005535060031090448 0.05679096068777701 0.06554960353408791 0.09561306379873674 0.0897351236955524 0.0269945050565368 0.06501188572617458 0.0647888980890276 0.0026852002836038097 0.061415352959101645 0.0166609133087746 0.00026013650574281916 0.010555214479862605 0.05406181449363807 0.00020179815805778138 0.07210989453018658 0.0922477517110553 0.08386255638431073 0.05253497942210151
58 0.019068765755112526 0.009099919409029147 0.04152265378279343 0.01648890098329042 0.08965461858362785 0.08388971826780577 0.07508247934680366 0.06392137651535669 0.008530334919183683 0.0858359736688289 0.007494939165569122 0.01359645914486968 0.08194235665802371 0.07403889051288313 0.08612707948969663 0.03354312703953461 0.03875024638311711 0.007755629912298576 0.11973370694501698 0.04392282351715833
59 0.09665758803655972 0.010554544793208208 0.09106636969953165 0.005054770485289335 0.06359511342009116 0.04979855032308231 0.00879082001567944 0.08732253872192124 0.020349578163123775 0.002292974305244486 0.0748322014366454 0.09617959518797503 0.03807051028130152 0.02006159197423282 0.04263979180328198 0.05771236523626627 0.08347814887984252 0.09254289390398754 0.04973439502755628 0.009265658305179104
60 0.09882212370051971 0.012267708918150221 0.073849863580459 0.005498503345882327 0.09071510294377744 0.06571674189882706 0.01111641380723235 0.018424979139354716 0.008155256725186043 0.04323579872880334 0.07529201097375487 0.01584183158177467 0.07911111659366979 0.0468700074010399 0.07934076946032162 0.07479445234435869 0.07462539959682143 0.03720632677721168 0.07541731395993434 0.013698278522920737
61 0.09487778545265518 0.038100399825861345 0.017314884390022933 0.09858986982033122 0.09870904137700343 0.012895254548969119 0.07957241003177071 0.06469085732478777 0.057934691297555296 0.05404669733639231 0.07891273488135057 0.026391811002963134 0.08201834318801639 0.015105532378374175 0.058570653542614586 0.009949631629936312 0.0076144945421067105 0.03683609733852425 0.023010771778839922 0.044858038311924676
62 0.07785191182318728 0.03529230867577022 0.010560572638095565 0.033925449719956056 0.07084347506418345 0.015173503731516831 0.08881818329459391 0.026074772487514657 0.060889198095416555 0.039736249342109786 0.033191053234022265 0.09439073628618287 0.06055806233860847 0.01800030215664288 0.00891108691797716 0.08203321805292735 0.008979547728843873 0.061210838076228305 0.10482482758574878 0.06873470275047373
63 0.005919645398102812 0.043733116465360294 0.009327488787089867 0.020380894797371093 0.049309949836505135 0.1049726482005427 0.07178017616602139 0.02665218571861635 0.11219739143195619 0.06150098204513931 0.0946202869434693 0.02744667208802355 0.012018643984428371 0.015317943107271649 0.0857609407208575 0.10234158923929722 0.06972203600228534 0.023719083642562373 0.025447917330484616 0.03783040809461516
64 0.040425140817114444 0.027590452053985696 0.01719330637111811 0.07018914167502525 0.038224164001423026 0.03199338492119405 0.08123932300387292 0.026187403030222833 0.022592456812786457 0.07583096530270968 0.06346108883139548 0.028092107054011998 0.07521304111059836 0.08329184699053434 0.00873902561848041 0.08306637150950053 0.06982200299895709 0.07133748827351462 0.0755318218583957 0.009979467765158971
65 0.033496050896465124 0.013233765317345833 0.025268265177445345 0.018203139535670633 0.08053348287043462 0.10621299428751585 0.021091141798584897 0.07195838300659171 0.11670853453362796 0.08711270469413486 0.03476135291647524 0.04901186732852689 0.03824317843273915 0.00302846476086227 0.0042068586945959545 0.05137842471801611 0.11229405275469144 0.03322634693675223 0.006088710446494965 0.09394228089302895
66 0.03555724057616345 0.025785106167611857 0.06844641432359491 0.06908733452067609 0.015939124459333397 0.01448510938537273 0.08403227617086251 0.01520620331933841 0.0740693048158576 0.0837852383799317 0.08248387393947836 0.059798078428097194 0.08216488624634576 0.07055988853071844 0.057276507078280255 0.048231685088037914 0.039195036027385693 0.030490911701278562 0.015757883371625654 0.027647897470009508
67 0.045376755897961585 0.041286214123431836 0.03313857716423173 0.059378824687148744 0.052661276216909275 0.028397137808421867 0.03489845447220372 0.06410861331846174 0.06296242108056332 0.015886809133563124 0.022405849281138864 0.06616292311568664 0.017816611586093864 0.05694125401292273 0.038907005785686496 0.05109478778265027 0.10172622428890392 0.0123160609629854 0.10551089097045296 0.08902330831058197
68 0.08876673729537071 0.011535915785816532 0.08573704844726791 0.08511102655311016 0.06631164865680649 0.06483088946130308 0.024414169127305953 0.05522570275266757 0.057323091004761434 0.056817558283648484 0.004955436294991639 0.07820182165721534 0.02102827088900912 0.003231520646199712 0.009419052182905589 0.0663203617839017 0.06934385384748912 0.007315005330902362 0.059083226993340655 0.08502766300598642
69 0.06753722019352411 0.07128349399232344 0.053607679133833706 0.027646237796652495 0.05202142829937913 0.008296331620948293 0.07227817214600463 0.027698936691510453 0.009943486638645268 0.03935598831315182 0.08685057638146816 0.043630601631593297 0.07487606488744805 0.08643051248821175 0.03836631249957323 0.06281265695176032 0.03287628161585757 0.0498944922685864 0.08876687319799788 0.005826653251530123
70 0.07355297204291242 0.013446408156483281 0.06067944864110711 0.03301654966615388 0.09961644145024014 0.02960982997012884 0.02077656268992915 0.05881137529801349 0.08221169457064033 0.05780461788184704 0.09536285881193886 0.04246837288720218 0.017132657318833323 0.04285442838758297 0.0009806926545194742 0.035827962587802686 0.09448084365348737 0.0033475572839936395 0.04539110545902941 0.09262762058815424
71 0.07727165902782611 0.062281996446347576 0.007783740479874154 0.02691597644306899 0.065440013101994 0.0665927631139812 0.038952782819402065 0.021785116106146224 0.06088897067772245 0.032866702835552535 0.04171491883479337 0.06164958045468937 0.08130984719492335 0.058986327390530564 0.02448541008946887 0.0380134719625423 0.07741706758831912 0.02329328069650398 0.057093642179463965 0.07525673255684981
72 0.06434775816884372 0.07723263183093738 0.08384443020888131 0.08068730887224351 0.03227348359146756 0.023893984331150312 0.029677812185587238 0.006861938966817539 0.04216505196218398 0.0629261476240401 0.016469577197581957 0.08184336979761478 0.062793132199257 0.06763817978313338 0.017604631034466002 0.05295422570223977 0.07010377456877805 0.01156163729050951 0.06083174976217952 0.05428917492208741
73 0.027068554161995603 0.04985123156663974 0.09035814727784242 0.019267839611014505 0.09381378410219507 0.07458331009526546 0.0022769055833438277 0.09244437317380397 0.036642283526272364 0.08958271240708447 0.08424175839527766 0.013646700087822594 0.045616683973384045 0.022067265381464668 0.08253892271322827 0.0007351797028120067 0.03950577986543451 0.008955931511267114 0.07953337005335216 0.04726926681049933
74 0.09141732706998876 0.022709180965476704 0.043725911278126854 0.0886658768783004 0.04876142210947261 0.0513073970175861 0.0302599679049434 0.06672565792224606 0.0652229369647168 0.052171760760734806 0.02396204586068445 0.06818714204402966 0.008017804703418117 0.07885455361959673 0.02726685677756094 0.027833805271493005 0.007779240124092472 0.053026877572540966 0.07042221055206943 0.07368202460292184
75 0.04659399167753999 0.07835847838933 0.038851141929664566 0.020117742656593912 0.06401035622639212 0.011502854647231036 0.07647844055772972 0.05803856301222614 0.04058329864456094 0.08370899047038999 0.08044845298741045 0.0315100403693979 0.05340506422811058 0.03899457330256508 0.015077731721410758 0.0708498891559905 0.07897576326039332 0.08605421710151143 0.007245477810113176 0.01919493185143842
76 0.0876998564859193 0.018887664320922693 0.017135031195774343 0.05916043039686773 0.03403757115804083 0.053987592708108066 0.09411536085983496 0.04951710621753875 0.04623403411534449 0.039498723729403926 0.06871337289920493 0.059102537590745144 0.07146779004814768 0.07596880363101818 0.032594088130912434 0.09801296994831653 0.008879377265535773 0.04123590325455321 0.02268862442043255 0.021063161623378557
77 0.01693508346877203 0.003151936341939833 0.0867620698011715 0.02430856766407202 0.08909790456942511 0.06954348838161536 0.018204880072552974 0.07652491100572503 0.040918620536600524 0.02333390304902257 0.00904324092442906 0.05288065897325508 0.05880327916240696 0.05522235111447193 0.062381662715982146 0.046044867380788494 0.08284005200402664 0.01576326611038361 0.08583684300416934 0.08240241371918987
78 0.0728633783752174 0.0780464011048122 0.022824906465260624 0.006108967034113166 0.039691837264560555 0.07765762481311149 0.019971209086320642 0.10726606356321777 0.015740745482213634 0.035903835761882774 0.017123364991361488 0.04913588300032535 0.07888933006238578 0.09726145019952974 0.06012450417843594 0.03105602713442671 0.08450544937466464 0.0082009718508549 0.0754072467065159 0.02222080355078928
79 0.07268170805619945 0.002783527263628333 0.09138107035997153 0.03780225525646435 0.06997502871130287 0.05345867504170645 0.013919937748946381 0.08760690273099575 0.044295379575379504 0.015776330385266192 0.03819495735346323 0.009886889501210933 0.05087103007495884 0.0814973992735423 0.031685925027530176 0.03659675720596412 0.053123390257093075 0.09079149536066401 0.06489384265511078 0.052777498160601836
80 0.0789322635985144 0.05300960674956073 0.004127265794634717 0.03338151144193762 0.0005640466823136778 0.06188681396438311 0.08023349943684126 0.07107612748010748 0.030311828808733125 0.05467326927814939 0.02673771354601197 0.03571212503985225 0.08170556172843645 0.06909935864413809 0.019229604478194894 0.03774554649663005 0.03766823728385851 0.08587423018538516 0.08177992296105656 0.056251466401260386
81 0.04503923779168947 0.00023661540554113217 0.035339974196872244 0.0807756946943346 0.02438721390850021 0.08349107358437895 0.02810005759603674 0.0775814719154925 0.057645628412066864 0.000684202331052161 0.061429945197540727 0.0893655406393329 0.046857242796400585 0.0910941045348418 0.015326125912709888 0.07542782531360394 0.06034201396498011 0.03882376340008535 0.040741768523527185 0.047310499881012665
82 0.06892722378258771 0.011376842726318826 0.005374123521198693 0.05241491355414336 0.08166089667026225 0.025916055422763432 0.0248087959733618 0.03230036537195548 0.06837407923647541 0.045300125369143435 0.07022244641206217 0.08176650852992155 0.05521201440380055 0.0337056424156641 0.0583252963653468 0.06535563367000657 0.07059089229872262 0.06861038841604591 0.0028239038569158677 0.07693385200330344
83 0.08733003340895532 0.03934014673315956 0.03606666643154687 0.06544021199075381 0.01794308118707244 0.08567089091170083 0.001190408454414502 0.05131406707484275 0.009219986180804692 0.0520722491969053 0.09284877415047336 0.10503796036701811 0.006389579561455946 0.0705742399122975 0.06579613825879005 0.015964657126372024 0.03963082197631823 0.029887907327802898 0.01816371570348446 0.11011846404583137
84 0.09820932229357604 0.031100942727933668 0.0874351485734758 0.041129273860360735 0.09352968658352735 0.017135465924353634 0.08513849272591317 0.004392794058059952 0.010752596951243983 0.0784736142004347 0.0026703394619861016 0.0005248793520728753 0.07497655371292598 0.04121586658744002 0.04568229464570929 0.050612472714959854 0.0777940117938527 0.0507549407333563 0.05505403007393663 0.05341727302488106
85 0.02757233924469247 0.04191476270825943 0.02726310601471645 0.08741982162323642 0.06377030725514317 0.070270178161495 0.08668786950795732 0.04187100690600105 0.06317217706347081 0.026618623907435284 0.07438558892512477 0.053913721976276675 0.005162233687655051 0.023785975910887217 0.0718191721935425 0.057352985849026324 0.015740991198428127 0.09260599172235943 0.0007724304679324487 0.06790071567635991
86 0.0034141230027771147 0.030923597626495297 0.008035221274044694 0.0010411826642163992 0.07799549606579223 0.045591442614096866 0.008075238002237861 0.0573367930823146 0.0780029238586809 0.058803575536909757 0.06748375666614495 0.05478750717978638 0.07835073855154412 0.08421520172013297 0.07092175826865549 0.08144726752912473 0.026756257742780194 0.08138183654776879 0.06778395708621673 0.01765212498028012
87 0.032033971219054505 0.08208620083258643 0.06707417948308965 0.0510340929082741 0.02436808354176121 0.01864289331453158 0.08260455065397977 0.036897839391071656 0.04427071139390157 0.0004839354721352833 0.05685823977169468 0.005415619473595086 0.07993825678582783 0.08011833097908427 0.05157346317891447 0.05154528356691533 0.023991699584267327 0.05747970601286574 0.08126608069790905 0.07231686173854046
88 0.04522819012534634 0.07528914997334044 0.07501165352727036 0.03683607630020538 0.043914691988518516 0.008524898515283333 0.03475624005777426 0.029648926171653895 0.00032677093216948086 0.007525837254154834 0.07267748871302214 0.1013465048894268 0.010976675124457193 0.07492085478778829 0.051850813921608875 0.08241557806927552 0.0208875264920194 0.0826515912833254 0.09544826628318862 0.04976226559017098
89 0.07278397155302153 0.0004099065441429599 0.007718953752141538 0.037686335593215416 0.10311163133379286 0.06548211748697691 0.027321215650570458 0.09299168655888462 0.011531188789913525 0.012604342094798104 0.1113560825692841 0.08113603181251461 0.07809375189057682 0.09234115738509685 0.03792634906435598 0.030774021632678016 0.021413918005748683 0.025863754271322505 0.0412607268170941 0.04819285719387031
90 0.06773024085459328 0.07831997232127262 0.007786069011145493 0.05174130515182856 0.0531801002965284 0.09230733536919644 0.08702730227841715 0.02037202274857235 0.07808362825385065 0.008020178137329347 0.016650520859989013 0.003617669148191503 0.0639263274528287 0.04333270323362788 0.013395361519240218 0.09910909634477567 0.07733247606256935 0.029132304766922894 0.09428519748107962 0.014650188708040754
91 0.03070954707542446 0.004147093276144767 0.10518460207525662 0.10197749447470221 0.07055765373182818 0.05411259435540048 0.058574939513088405 0.08334275526557322 0.07485953789029759 0.020456063821557565 0.07785662645465016 0.009882585810681927 0.0317091613821482 0.06807894575394535 0.054548766518393944 0.006465924145410978 0.01786311083304158 0.09131261320273021 0.00879766164142153 0.02956232277830259
92 0.05235697722771995 0.006004059545556402 0.025501695484569147 0.05487747572202818 0.02478658621065351 0.07150978588595619 0.05837371369310586 0.0040121295586420585 0.0831080737636482 0.021118605787143252 0.08167074130599447 0.046778742035275815 0.0845019067615196 0.067794970519404 0.04517664897029283 0.045426337250267824 0.08789450410589936 0.025264696826288024 0.07937996830369315 0.034462381042342116
93 0.07695897285676025 0.04979132966798752 0.057009696094933233 0.015121310016332982 0.04799452894604728 0.04054303803796132 0.11453542498440665 0.07918744154179633 0.1096340222509024 0.03132088857994959 0.002137492548680711 0.031915341918109665 0.019455449160814958 0.026919924572276436 0.08985175872241861 0.08939577618412098 0.006064553501500346 0.06427489917270465 0.044337319893051015 0.003550831349245025
94 0.04163812877527102 0.02652905124226443 0.08711867989702701 0.12493017783846877 0.09643014225468192 0.018279184298459487 0.007093176192558023 0.010442807263710698 0.024798484142222372 0.10020059662868022 0.04689127781154387 0.026449155697703317 0.08193800757509755 0.11779461220080249 0.040412510478500904 0.007390275683954157 0.022665999704594552 0.014273718871982593 0.00043494005541003196 0.10428907338706664
95 0.07950849742923938 0.05988416171974238 0.0255707848889542 0.008057835340069047 0.03357066023386288 0.004235772863978231 0.09392931647640097 0.1134011332290497 0.1055437215963948 0.013334750097747573 0.018833495454248932 0.09129192419068513 0.08613562646693057 0.008426463145343926 0.056523363800033935 0.0306030013616108 0.08390292483095636 0.05184301659976263 0.034093687956130055 0.0013098623188586356
96 0.039015585184754696 0.07766474777181796 0.07611115264359841 0.013484177566216468 0.047762084032134305 0.05200141041494026 0.0482518859865416 0.02858640737551235 0.06869580429415247 0.028519976387357284 0.05489269252059322 0.07027629997791818 0.05452256929171278 0.00900845858273875 0.04970425754866246 0.07287136300284523 0.07051763613954583 0.08107176089204059 0.05065812693706164 0.0063836034498555815
