0 0.057282872351680315 0.06398419730301912 0.07406897736957087 0.019612243152339608 0.03737805157222838 0.0939696233439952 0.0007450121141281052 0.06920395697768866 0.04446145500109713 0.10027024762641984 0.04086630613855644 0.011845206338576983 0.07132895277546579 0.009705397270555709 0.0721284317900725 0.04832666524445109 0.047942381936209755 0.06166064078307648 0.03967800896291523 0.0355413719479528
1 0.035913204123220334 0.09771817287587518 0.06478573312701753 0.051280459767379966 0.0208601735551676 0.04998761040164004 0.02394712849926157 0.08021740788913947 0.0812280988927532 0.01588742979685776 0.05956173680686954 0.05152705289373195 0.0646361621506431 0.04464369895930158 0.05698208776806035 0.00791331698639927 0.04763446238277778 0.017518705118023527 0.02671890388003612 0.10103845412584407
2 0.07074498790015912 0.03211226558132705 0.08252838651995055 0.08317898133278848 0.027633466587165277 0.015690164032195742 0.011031789822867195 0.10785385538295247 0.050830723997546796 0.028182107856823884 0.043948085873431686 0.09932753777722599 0.011101213171205224 0.07095805732036999 0.06243848378533899 0.10114532136211359 0.0638286070141452 0.013252839642188964 0.008498903064361176 0.01571422197584251
3 0.04423205596781096 0.048390532862325523 0.036088155612947155 0.04824377955486247 0.07671921473301964 0.04188543244500975 0.06437475892618433 0.05603660564056013 0.029860891213646955 0.08198101646763688 0.0823185806713711 0.04028943030323658 0.05667381139093864 0.015664471557550002 0.04926057839492686 0.05654834858050334 0.03773103410538964 0.037897296557283064 0.08438643955170103 0.011417565463095964
4 0.0056766106578561674 0.06474666252179112 0.056302669887957055 0.02668765015345159 0.048090096436395904 0.030901967277267534 0.09422397885307807 0.08354206002611622 0.05844421177520918 0.08993085306657468 0.06753484841565396 0.04058845534243659 0.055775369661533285 0.02377273996323571 0.0030602487098907124 0.031725871914782294 0.09061710923790918 0.007873974533660226 0.035540397074610784 0.08496422449058949
5 0.05033742109507214 0.05637084172257387 0.030607659736386295 0.02357281544822283 0.06142871230626133 0.05202533172764506 0.0868768517775246 0.054850358257216236 0.03717413948484732 0.05621740025245892 0.09188923498142612 0.0351897101283938 0.054062398311607 0.019006619952829533 0.03934842045239935 0.03929356654411355 0.08657452426635595 0.0323269388987508 0.022389720427048086 0.07045733422886714
6 0.016299112029783198 0.038748068449332373 0.07017826491699473 0.05052189066230224 0.09008527496284773 0.06048429772651024 0.03250712079245756 0.00224683879138399 0.031343557263777196 0.05458265287988834 0.0694064940570649 0.02552642257444149 0.07846776584542303 0.032909700139731234 0.06544372041596996 0.04897699444010431 0.05057315849549733 0.07850025006123969 0.07629004078611287 0.026908374709137595
7 0.06885211027960814 0.07154706365718991 0.07914408084407391 0.03995014234135452 0.0810530756186449 0.08060519385601181 0.07507272461579939 0.03076600819767208 0.017858949384409947 0.014070814000462986 0.019339546598705983 0.00569252508249008 0.07745037587610003 0.06306429846912637 0.05357075635558591 0.07825765332570725 0.026890504366638538 0.06720731332829413 0.015916050788295215 0.033690813013828744
8 0.06445687026097453 0.06108369058973688 0.005532327091979655 0.06943590307084087 0.03159061321746625 0.09688278057100758 0.03365395644928131 0.09686156861325824 0.05489764926522192 0.04226892567671367 0.09268512897758033 0.08825413185852322 0.022771199741144714 0.05544773018749774 0.009394184222826955 0.009224295214076474 0.05624080467372768 0.013491087642170302 0.0069001454587168986 0.08892700721725476
9 0.06761146992694722 0.011184736542322868 0.002834355457580555 0.029081356663187563 0.04460752182662227 0.08529989920512862 0.06606108975579564 0.05908970645348756 0.0024992607451014832 0.06377721804002302 0.08628351577012697 0.021279519367500412 0.08346123215283834 0.005139594631187289 0.030005405535123448 0.05749329393496568 0.05157530987190142 0.09373519595425495 0.07249334247768074 0.06648697568822393
10 0.10465570989499696 0.049604888153022865 0.053755065841021556 0.07051179743138548 0.002419484819930372 0.06778467209162235 0.0393757309005611 0.06947278133723835 0.0036423195747737475 0.01030750862736062 0.06793508714268363 0.009896762083721682 0.09891186728683816 0.014276668485933364 0.07509670373817429 0.07222077104820035 0.04020983691264905 0.0586095040605359 0.08619394494578206 0.005118895623568151
11 0.02881245845791796 0.02844425880566102 0.017237673925092296 0.04483173841237377 0.03516133432773391 0.02367246021590834 0.0981743123093218 0.10092973786376175 0.0060211246836104374 0.09573185184532192 0.05566205956579094 0.08097749811657566 0.02068553980281595 0.10666652914407666 0.02264465525122392 0.041479567609543355 0.014748783089868482 0.0939406266633099 0.0627260947996244 0.02145169511046754
12 0.07380339305318756 0.03387162719098494 0.04660953882055413 0.06052246644708881 0.09113161461967448 0.08489730528322248 0.022751519242690935 0.07709631089152677 0.052659332732720276 0.03270602829691665 0.032660006537892666 0.0580905042962376 0.017300937133451957 0.0017842586706645646 0.03251337352532734 0.08958173643969894 0.06248702140039653 0.008117032956675097 0.07997512621721824 0.04144086624387008
13 0.011895694361272764 0.05939214861717842 0.042167842959318344 0.03449350502373908 0.009966808523653649 0.01988645060319453 0.044729847904637805 0.07192469306475048 0.0770197153923959 0.0700859349405404 0.07289236234978004 0.05489302970658021 0.0803825020992219 0.03201044930374532 0.049117997957475 0.08978575142169493 0.09087478915313894 0.009506360589050298 0.030996223413506965 0.04797789261512501
14 0.08387222415483608 0.08528365843068951 0.030023960211488593 0.06786026633929125 0.024405715358922685 0.03758460356178459 0.0009325780673928135 0.04356466059776012 0.08881499967701913 0.039322643313917556 0.013018282219711484 0.08062209489141718 0.07607100796972913 0.03045925375112444 0.034283160407438874 0.03065942470088006 0.08104319022272254 0.0806733094019658 0.0581640567375568 0.013340909984351406
15 0.08027701845683519 0.02402657416852831 0.07102330963020918 0.06720464273841652 0.07742733937253708 0.06863962903871862 0.04888681666997663 0.06057644283605941 0.07957914351288443 0.07761131507016947 0.031175804009846375 0.05028869493509021 0.024279526959304566 0.022635372402246078 0.055153745981948804 0.014476762742868786 0.05046094438980311 0.0685088570061377 0.010067223392625913 0.017700836685793774
16 0.03558736830173385 0.04412981456175482 0.08288691648470706 0.06752302032795592 0.04085583901181357 0.024121673781569736 0.016020671641555424 0.0008906695726849228 0.019883679468096813 0.08716109131618119 0.05261284253174002 0.07633303758266637 0.08719174819442789 0.07993439573375409 0.045317274063990234 0.0721509632815158 0.02742568757356898 0.044375467296367245 0.06549935988839536 0.03009847938552079
17 0.045882501375679056 0.0002048322158284213 0.004845932317085433 0.04005188721661755 0.05658012492739124 0.08312099946981015 0.08372762697917874 0.038412964186280506 0.0019163903429848595 0.007073229296686194 0.06477945232864812 0.0674012165330301 0.05483872916907702 0.06022544480864814 0.08100199974600895 0.06228120809092134 0.07446100494785497 0.02248036412935925 0.0608960737133964 0.08981801820551376
18 0.07604216527436997 0.07166807841485093 0.027731322557664306 0.015380206369845696 0.008860224104382404 0.048994691720331815 0.06972714097040913 0.07660382979586615 0.0013771328019557068 0.040080574522729354 0.07387024374245098 0.07786079555513312 0.08278269550993751 0.022811576500750743 0.04449274057143999 0.01715427467907442 0.05013874368707789 0.07927665122523689 0.03986502798841454 0.07528188400807838
19 0.0490534374370935 0.021085944561630196 0.01213842523015149 0.030253060271650235 0.07040825993152507 0.04448047369958933 0.037488553186622794 0.07915524052132111 0.007221049895059801 0.07282210414610005 0.02895362083793734 0.07475630630099206 0.08660966122478064 0.07669433219023791 0.0869379697560841 0.003919946436498315 0.013167268579145493 0.059075528083227316 0.07935652535440124 0.06642229235595203
20 0.00537439653818438 0.05354892603502862 0.052558757687649275 0.06877190576888141 0.04218412044715701 0.06000906253692441 0.014028035395328101 0.05868299148768895 0.0013954167514748069 0.040693528279255015 0.08702706287379126 0.09573003025056676 0.02480505406787956 0.10012843427463321 0.018235520344387347 0.08132067667347524 0.0007864058852622258 0.10012973650962681 0.06467841028807406 0.029911527904731693
21 0.0355069020952037 0.09477286292037133 0.012315473315209576 0.07481575835804788 0.019610051730181044 0.04425321651719376 0.10241930443881798 0.09280885057313831 0.09540566685664054 0.019506257582980097 0.002463887167796746 0.026394217602253016 0.029905745713912822 0.08316618774614648 0.027675396646459433 0.08177580759776439 0.00399690350967958 0.06430489407282368 0.009220959803918481 0.07968165575146144
22 0.0338441276894285 0.07167630677135833 0.09204745796141015 0.0636216022282343 0.061769718077167995 0.02226008845581264 0.07905629401930087 0.021889236969391115 0.034324853881372665 0.01188063902416322 0.07836945155253248 0.06648367465614732 0.029610949235888452 0.0658127527861349 0.03237860826633908 0.02990172741459996 0.08789491096512421 0.08284902593842873 0.0124030776302876 0.021925496476877544
23 0.05342183827220324 0.0613717547984037 0.09380822647565679 0.0021877688737453765 0.0007979141809330287 0.05894198407295078 0.0972316291664492 0.08899225580289137 0.0031733937882679423 0.06740015361836123 0.05517117726272248 0.051827153355460606 0.04896222801747542 0.09506326802189766 0.07861966625566544 0.02452961518060471 0.023013957016850124 0.009985560769732593 0.0484174730302769 0.03708298203945107
24 0.037969103945934723 0.014305938061428642 0.09365014670012951 0.0831508755403171 0.09111930619394822 0.0007310575008876827 0.031328283187418635 0.01546040503181821 0.047559617824947276 0.09685871742271328 0.07467911199714389 0.0011156517235413753 0.007384025709254829 0.0002822974980965132 0.05448181197744732 0.11967985770281567 0.07433557257144484 0.08722866540186544 0.01920170964954224 0.04947784435930462
25 0.018515979446020882 0.10016297437964025 0.03838422985433072 0.06477726056751786 0.04090157365500362 0.0264999166457439 0.08601954893900493 0.08887248893599477 0.04978397701686053 0.012013773760438851 0.04836819078700708 0.07393496039030092 0.05254711126989126 0.008657765224864288 0.07894903667908729 0.0727914692075075 0.052535675459591695 0.04821189902100494 0.01702362732933232 0.021048541430856417
26 0.06228525533230495 0.04921263554286377 0.0237352104820415 0.0022011855727777367 0.016097335012145043 0.051639634639210036 0.02438124577368272 0.039952286511848664 0.06431791660699895 0.06721953683159758 0.056316641085163745 0.08445059016624121 0.05567061939489005 0.04668785885584022 0.07631480108112688 0.03586605222018165 0.051417646054810355 0.049939883181936894 0.08233078081956904 0.05996288483476905
27 0.05561491688925357 0.029286111565078085 0.052655618291695926 0.07815195055540715 0.06413440672572418 0.08497031569474535 0.06014731356088144 0.002394547868131198 0.03090989543738891 0.023034847022245602 0.01281063456507174 0.08861254806824971 0.05038872883976995 0.07897829060073899 0.006148927766352041 0.07784335806911138 0.050201476444480586 0.025914371087845882 0.030613650890430315 0.09718809005739826
28 0.07437681139336035 0.1042375199675403 0.002935085372610532 0.10413474583423908 0.03679533041864599 0.05972922531328721 0.024846155741238184 0.08912848310961546 0.022200719788714168 0.07557311567204046 0.07573062927717612 0.08635159579631921 0.005824712928603966 0.04237025957025457 0.03330363169518555 0.027148074613629242 0.03725983400630394 0.04611740706540186 0.029961873250113204 0.02197478918572037
29 0.015755181509378453 0.06410945890313484 0.0034079547427796663 0.058208388379586466 0.04461861146683029 0.03070874872533492 0.05481871690733442 0.030674716889818182 0.08319977788868514 0.0079160184522893 0.06729162395755522 0.08696981856526158 0.05362917350635844 0.012897582442579528 0.06349790970634385 0.06115410964805471 0.03971946970110394 0.08325779413503406 0.06959467295728784 0.06857027151524907
30 0.04971543695983644 0.04703585427349105 0.06854606278611429 0.024488545575266623 0.06978299010363172 0.010794051324287058 0.017302100971021764 0.09230892790222833 0.09985062547064623 0.032721974235104735 0.017403851829224905 0.0940999591628713 0.015426149124551963 0.029492110303094284 0.06330395691656418 0.00277669597488771 0.058313744794212086 0.09597139053049891 0.07721891278547523 0.03344665897699121
31 0.04807835086155555 0.06788633310974457 0.09370538506040356 0.04763599316541082 0.09225266543376318 0.07797562542374978 0.015295813286538019 0.027302919272092607 0.03378907198726016 0.06131401359758073 0.008929701159254795 0.029059282536540856 0.009994988218295413 0.0902802146168454 0.06480407169799583 0.030081836138437255 0.0246459539548643 0.011828470875302305 0.07606036866917953 0.08907894093518547
32 0.08722275673057785 0.08391212462758897 0.051876291479922634 0.0904955721754899 0.0014687074671281373 0.0819401046839507 0.07845176007133793 0.0068853295422563595 0.07661980672956509 0.015449562026715654 0.08153776884544982 0.022487561406469545 0.045182649489648785 0.025596363349060645 0.042343134431858435 0.06153707793660152 0.081328959572827 0.030388687799834696 0.007416102863996971 0.02785967876971937
33 0.060149328829600245 0.04749939821470885 0.058591044863849036 0.05530828311938913 0.06835480578995669 0.04272566032904765 0.06201658691562014 0.06280353079050659 0.025371033744132285 0.057880630962552006 0.04479485378694609 0.01911132414879734 0.05225651668514164 0.044677599502504245 0.06328215314415007 0.028461868143523614 0.059872495294136234 0.05024795746330111 0.03184790829712171 0.06474701997501511
34 0.08006105705265719 0.0738152654861539 0.08610938815285853 0.008532444374868248 0.04949847703445393 0.02179462413932414 0.0266658025763426 0.0031123576068673585 0.06259561727692957 0.07175589520904888 0.01308187626319991 0.07339709803646935 0.027978255811280533 0.07134204247093721 0.06237082122670543 0.07959407680323717 0.0213606542397024 0.03682112210709146 0.051235403143745306 0.07887772098812669
35 0.08242533821799017 0.005747122751392462 0.07308543635606989 0.04864149117569525 0.07012176481200665 0.03951777880884693 0.009236740990030136 0.052709927395962336 0.07971037706262364 0.0682543969322376 0.08167046257573478 0.08583965150326581 0.007810715165373518 0.028824707096061386 0.004060489918846469 0.026636283257815006 0.07070068979178847 0.08398666069429113 0.07214514460534291 0.008874820888625703
36 0.04039969204754647 0.013678342869748726 0.008115341894066534 0.054945658917425366 0.08045554340465882 0.014592574664136266 0.06625902304158254 0.06501635588401962 0.06012092576901475 0.07197149367893943 0.02020338896297994 0.08654627501042009 0.0435701739291877 0.08311892160842708 0.0059889838818740606 0.030605853647280887 0.08030647170405955 0.08575693702055043 0.01360082374563766 0.07474721831844389
37 0.05526634019473736 0.061206870336515944 0.055472067288505594 0.04617163284696352 0.07538088193059735 0.07808265960454375 0.03911132450029785 0.032720938224276644 0.004680643945744883 0.02091504763228966 0.01479555002223588 0.0351933585105278 0.07452501290561137 0.02207489092702157 0.08115457566890284 0.06595515374825135 0.08025602887594505 0.06689613430489322 0.050879753881175764 0.03926113465096263
38 0.1287297153770398 0.015436553501403931 0.04727545587009156 0.01728315938385192 0.022323365131965426 0.048224574414799104 0.02877964692474385 0.11245300372691983 0.11353960055700105 0.03239124969474982 0.11095442647326641 0.0430624667338239 0.0007792371267189929 0.003141324282712891 0.008497095215124317 0.10334560215517928 0.014793329053666657 0.023388338617030536 0.10601753687398668 0.01958431888592395
39 0.03126672497038317 0.017703485654828693 0.0722151268259586 0.005335883620839657 0.0840595380167069 0.08370030910295848 0.03609347903052175 0.07055142165513135 0.08733195925443896 0.08831017727435363 0.07756262321848928 0.035107291725607614 0.0031114499683453506 0.0749229455102372 0.058063324663972085 0.0839869588656432 0.002557029626745567 0.022438018031707994 0.013685629750254788 0.05199662323287577
40 0.07422545552514241 0.0749388465280736 0.014508640056282683 0.0787895079069932 0.08001557775732765 0.016435766261176016 0.05315752779172999 0.04753613214077909 0.019775275479499244 0.06589757805422047 0.04241182210323227 0.08201794516462285 0.008335623463667854 0.07727921235411826 0.08400633655616452 0.01714888454494907 0.016837519178780125 0.07164193816379077 0.003679714240974484 0.07136069672847549
41 0.04726559079522916 0.00288817230241332 0.014088858580503976 0.09404670401828757 0.10630872195989606 0.07259295757642678 0.03422615875811811 0.03735339351680902 0.0647812420916241 0.09584716791055302 0.10794525415552099 0.09063133788656608 0.02753552817391045 0.05106085828014429 0.0122985880479535 0.018235813235725654 0.036241412005625306 0.027327269134390226 0.028447310082709346 0.030877661487592755
42 0.08271673794746276 0.029438953456775926 0.011992428284812383 0.05443565831822065 0.020223530584899386 0.022176234631773147 0.08885917753412843 0.07943394633855436 0.010604290425370849 0.002466460036579141 0.01181535571085575 0.026522508627292784 0.08200917736106557 0.05399096539562141 0.061492731232412605 0.08542056915928593 0.06458701253487836 0.03804270941026687 0.07614416207011067 0.09762739093963298
43 0.029474436216128788 0.025151193634119374 0.06036348500324125 0.06365686139128202 0.06389893117323593 0.00324485389822007 0.011043846169395922 0.08364918731257782 0.09190022970203983 0.07934415484522335 0.07047696394970693 0.06653448253899849 0.0587410351596874 0.06058601770575137 0.06098618375007716 0.06946464632898708 0.04624965922086839 0.01768853937125941 0.007102252537111668 0.0304430400920878
44 0.084633156453819 0.011104621456920375 0.020942175335487007 0.09595007420046334 0.023057029272815322 0.056637959658211195 0.07378494864237861 0.030923523837469175 0.05552735600295125 0.07823327539444416 0.02583664451646364 0.09347684747324606 0.07462672097319682 0.08180014148677767 0.0382277489535426 0.012322131800119434 0.06145171700425566 0.028157504335939193 0.01260031553637151 0.040706107665127944
45 0.05348030249945715 0.04046468242353154 0.03443073363445571 0.013388129732154102 0.02792637929117788 0.04257372141170305 0.06560248595372603 0.08396728643455724 0.019659043527111446 0.04120927595984449 0.014087468618874442 0.02101573696788122 0.07645705276860504 0.035816892334766114 0.06648918786655285 0.006830854171948124 0.10396666528997653 0.08485173537752028 0.08765922653236122 0.08012313920379555
46 0.02766723621616926 0.05010275190950591 0.06303328386887934 0.03519415943819306 0.02253713833718477 0.029782317804538383 0.11602385459794884 0.06216837059021431 0.07979603535651304 0.0036517278920955836 0.09760098067737119 0.07334244320874944 0.04145888828378449 0.057011837269107975 0.0020202186037274064 0.09050007459142026 0.10923558998443288 0.015789626962024007 0.018713776669067764 0.004369687739072065
47 0.0905466687576506 0.047569909064949796 0.06518821298982745 0.049310338656565866 0.0707921058603828 0.0894016823813102 0.06555079987405754 0.024721238210951436 0.047183456514970454 0.031455645113378616 0.014403954349806446 0.0044466577366286805 0.02119304228567427 0.07391848138716842 0.034258037957680613 0.07605886108598145 0.05458752113330122 0.0629781579721931 0.003611350487887027 0.07282387817963401
48 0.03119521868021019 0.013764019270988075 0.07938417896641219 0.026808396005861577 0.0762272424610843 0.038671560490583776 0.03666143679728249 0.09285004366469837 0.06006232656865798 0.04508732644513487 0.0375215875297087 0.03676965277374684 0.06989720041713493 0.0918284694714735 0.08839090558134763 0.01748791038336849 0.01400815052956888 0.04539100530838372 0.0016090077223555766 0.0963843609319982
49 0.10963529674852959 0.003952050213361623 0.013519040202533915 0.06742293380730631 0.019981124641211222 0.021068355014597688 0.038431561781054814 0.0814932358733511 0.11021610275278138 0.03989831650722601 0.0447086484670764 0.029010123173856206 0.04645887695929713 0.05230092455098051 0.047431648195693704 0.029724277731097246 0.015529137428911887 0.07781500932833162 0.0804696761365313 0.0709336604862703
50 0.08635435724253153 0.04997241154009073 0.07632011050382963 0.026785175354491327 0.05993229088291591 0.03857334251774238 0.06571972732637328 0.04307364903166004 0.05331346989105612 0.08402117666213679 0.07813760413706165 0.031179667194502648 0.057780505160869314 0.06622464854811513 0.03693409086122651 0.014064678071828866 0.04662868739961228 0.027776646867849662 0.021262371833203297 0.03594538897290277
51 0.06713572157594717 0.09777068907393893 0.04466430056782074 0.05981670841134931 0.05758735657168329 0.04023360816972281 0.09385487393997943 0.04237587873269025 0.04172233439013516 0.004419933196924367 0.01102316370941795 0.007785165935996062 0.06225462363937873 0.07505620203378867 0.02367414604784781 0.008308651340410355 0.07039751835397247 0.09357562853701747 0.03756364356105208 0.06077985221092679
52 0.053830918780376665 0.06014275842934726 0.07502850195569608 0.03861933190323753 0.04300097902251055 0.0781979777971576 0.036779470278194615 0.042026214447241556 0.03695478922511653 0.013409796793933794 0.0316917203354555 0.02909376332509066 0.08116776630925372 0.0610756434168931 0.07583574562742437 0.030392286925041506 0.06061063537069164 0.03888483709507466 0.05026969501169964 0.0629871679505632
53 0.0697265238367967 0.061394584974598786 0.001037936670444153 0.011342840631747399 0.025458566899958037 0.07059813359855532 0.06955519916734094 0.01694895981930191 0.08682494962838153 0.03126267354826514 0.07802161708906706 0.07872833932959698 0.02644015718230565 0.002922282576868691 0.0810142359342106 0.06482021681518607 0.0749446425778465 0.0709054942584593 0.02850043135295425 0.04955221410811509
54 0.08132070292540274 0.015986983827751697 0.060885077460028775 0.009917457702337415 0.07733135102125033 0.06033146206466922 0.03845479815680806 0.013460351990786566 0.08375190877320408 0.06584033723304038 0.08545911974439888 0.041499343539441624 0.045849107598700874 0.03327849647772759 0.06761214450785737 0.02957906042950415 0.07789379664044466 0.03467639084659821 0.05765196199417197 0.01922014706587548
55 0.05637753174992533 0.09677309644403069 0.07664880502114413 0.03339044407929556 0.05781325057406561 0.03925249878800116 0.04057219942615907 0.0571560819005617 0.07746542783729196 0.018666084793916973 0.017129250579514643 0.03171682459935305 0.08810318825411115 0.07022871041078929 0.03350667490889837 0.060917438275907836 0.031149116720193132 0.01591047132826899 0.04321386996481251 0.054009034343759185
56 0.036114622258854985 0.07156906316793772 0.05656546638677969 0.06633796832627782 0.0721494284066863 0.02550260442350356 0.06923534732965468 0.007459757124360986 0.045819497156112284 0.07714466873286786 0.016612480170451513 0.0017932790254041582 0.03231174467016262 0.05243345112026399 0.0791361594004586 0.04729533285620568 0.09008562067551813 0.08362671794550615 0.02153488705375418 0.04727190376923917
57 0.057447108252981945 0.09363411430906671 0.026032747222843815 0.015296520776592607 0.05378746044196153 0.06008450766302658 0.004854161265484971 0.016957641779765897 0.018519116561426217 0.051143772712500576 0.03268031753579299 0.08120702172264392 0.052734855300677216 0.11124714374201485 0.022573715237107998 0.03891140895737156 0.017884685321833023 0.07799549336060438 0.07714960276718615 0.08985860506911715
58 0.07689188175776462 0.07080593417213613 0.07627881984000012 0.049454531582328834 0.0064875073010182875 0.03185339222573238 0.06643980599655665 0.05647870051129233 0.02476504842683167 0.031946742515751886 0.0012252968465714107 0.07959000360508278 0.020009049106438213 0.062022819152655596 0.012967685863032737 0.06535883896611928 0.0702014879951734 0.0611443456579576 0.05864802626394041 0.07743008221361553
59 0.06538455410377432 0.04644481588645677 0.06180597298874941 0.02162984409618989 0.03438053198500729 0.06280251672325912 0.039553068287750265 0.013154163483206041 0.1081569386429181 0.005693944200199978 0.03879404394903627 0.10437372398266007 0.1011449268584915 0.017750007792991185 0.08597640794281085 0.009844624732189597 0.020871204733141174 0.10932589928859694 0.02887764899882049 0.02403516132375078
60 0.03599767809005557 0.007983957900302884 0.0567764816987948 0.056897958232172134 0.0980430043192139 0.006726514562736217 0.05978886541687476 0.07777027437076264 0.06549444406492792 0.04862366126451297 0.06490453606665735 0.09027861005794693 0.032458711617080506 0.07157393723200711 0.03495901795192189 0.01401055632791601 0.05816833168908808 0.026885038106029584 0.04180690754270013 0.05085151348829862
61 0.056754295082985906 0.03581060738999051 0.08667002132797187 0.08152696270874009 0.009273534492402672 0.0015515319681235424 0.04612766094330421 0.031369748563310366 0.10765999714161688 0.0952921589244819 0.03854875172356765 0.03451586504888175 0.04404579671055441 0.022185813675284445 0.046679906841960224 0.013093787204767242 0.018382096761104923 0.1101484389994698 0.016949277645679682 0.10341374684580207
62 0.035069058336920665 0.023067194628650093 0.09523354003593758 0.03918761466069191 0.03453730951051163 0.09777942578030739 0.05579521826777135 0.022337189165081102 0.07513424117583538 0.06252801566468741 0.013313176294650727 0.07230018147542823 0.020966084682514187 0.017928433205986093 0.03367015290028167 0.06890246444532348 0.07030642578168084 0.025894417713297292 0.08841132922905434 0.04763852704538858
63 0.06572844211171922 0.0520519823714704 0.05443719608344545 0.08485206684973902 0.04018152113387397 0.05908380194235818 0.00031761434285972393 0.07553445528266141 0.053960295924459056 0.051730061031342235 0.03873549796004154 0.06762072890165378 0.08267119644818145 0.03243870691119096 0.044473831965396546 0.0030955977822047223 0.0769126364897787 0.04415021965323231 0.053714008497642136 0.018310138316749137
64 0.051399165974847116 0.006044981745575742 0.047243822080990996 0.07887099559401864 0.05127431970342364 0.005213308676877173 0.060697805399509454 0.029466478602154348 0.08973444409172278 0.00570854990510936 0.058064970325940414 0.03572982031437709 0.052720050153133205 0.07756874397695059 0.06455577233100489 0.07014987063299336 0.004292692104838138 0.08132257068538516 0.04436713945741449 0.0855744982437335
65 0.06031444829525805 0.06692694826964866 0.0639234175081797 0.083931157119653 0.05027071929404138 0.043458229959639105 0.03358493831909905 0.036152224464006004 0.018640400307274086 0.07985957415003374 0.015168267093340959 0.034962797739175155 0.06820625106225937 0.06819985792455675 0.017020549901500714 0.0860219958781838 0.03171269600318636 0.07105642027846013 0.05530120585507978 0.015287900577424199
66 0.043653880392341464 0.03341237835509693 0.011916807260407862 0.014344639812851615 0.10272326737985248 0.027814547970657445 0.08241741926919906 0.10413579916349376 0.07196510741037127 0.07751548978953708 0.02127959468004752 0.0911057621904245 0.06882189226337088 0.04218524626709325 0.0513369992135931 0.0610112502516781 0.03216063447628635 0.03032671916284114 0.027901655853701593 0.003970908837154502
67 0.058828397997451876 0.03102875369386123 0.06780369764341414 0.023603171182179913 0.016919985611852043 0.09029479800784676 0.07333522190801223 0.09596171079836135 0.0724267772781828 0.07381388866591809 0.018626772879111915 0.06628438132561569 0.06606077483660887 0.08278290907713325 0.013599600358649008 0.026308120468496028 0.020184079946546384 0.04584923608863887 0.049774768588025244 0.006512953644093971
68 0.08159642906128274 0.046579315851383286 0.06974197062494265 0.03975597420094624 0.08361219864374904 0.01263663376839151 0.07240073855154518 0.01869337175501948 0.0837137865949142 0.04859444371076734 0.04069052211152538 0.07478315080550538 0.007391744663193129 0.07770274221283785 0.005834263157599133 0.03230247202902265 0.024780182110383287 0.0610112160574263 0.0948796440547294 0.02329920003483584
69 0.01924161318327956 0.056984384304732315 0.029894457862189586 0.09459746011815842 0.053928777021957745 0.00900028514149583 0.003974142361386697 0.08903231413641338 0.06353782875892172 0.02632582204910742 0.046902399151374514 0.08553825883774552 0.00789570479735088 0.025766614401746803 0.0977815225768315 0.05821872943101221 0.04461425380018483 0.04101530509007409 0.08273067664063569 0.06301945033540131
70 0.04418111661305022 0.05643320078334612 0.08014621032790448 0.009011191578056344 0.08576883517175744 0.05508706739344099 0.059074170021894815 0.05847105571631984 0.027585049298180044 0.025052201730756587 0.04051996406272279 0.08012012967562518 0.003995549298549122 0.0762554669314575 0.03733940037259813 0.06693981405074548 0.06880357622553501 0.053074405397681275 0.0595337939385749 0.012607801411803758
71 0.0627906881054068 0.07017184406407492 0.05121285817145627 0.026769986145376054 0.037327234531696965 0.04426013475732226 0.07720899321501584 0.04973607507236525 0.021807393176958074 0.04480409323495422 0.05134992524834953 0.07018522372897082 0.020569979783112154 0.06785607328580333 0.08123036371739646 0.03297234241790911 0.08201225900097277 0.029907114399783198 0.04938560321267475 0.028441814730401214
72 0.07855706256313008 0.07400765142232575 0.040528372781570586 0.026175982275508228 0.06465828368093199 0.04003794366672168 0.0746253295285832 0.03171817835821332 0.06335280742127791 0.0063844829747209085 0.0039906459431519724 0.06919909355964789 0.06632005456929586 0.001546898772197664 0.0723121967918489 0.06570764902748116 0.03936822762062336 0.018822795060414503 0.08384338160641452 0.07884296237594049
73 0.08399487094828782 0.05790082828701045 0.05770585291802015 0.07482993375295355 0.0833879202788085 0.013405619422812431 0.026875788335057407 0.0347626333863233 0.035392662664213634 0.06483552816492315 0.07064114845757713 0.028872510051563167 0.03999089356437188 0.04336117674488019 0.05874221296086887 0.011190738190029347 0.058416646567451554 0.019218950493774693 0.053882223994551795 0.08259186081652074
74 0.04398034825344738 0.04470641136401185 0.04555362245531235 0.04341899284706082 0.053622274852677954 0.0056181987744043475 0.07066313685157129 0.08381097004319908 0.037372898982400045 0.04527024323580127 0.06634467816438404 0.05684184895730158 0.062346567313036845 0.081205082803756 0.00990487600290577 0.07020816057542402 0.08238603039942503 0.019581790302841254 0.04409294822866578 0.03307091959237324
75 0.03725589155985598 0.06750780175876536 0.06525162416344829 0.08082884823224849 0.05335810955334786 0.053590492569312774 0.07071577675786384 0.0070749658844327865 0.08059949452029214 0.046121359057120594 0.043866747503870734 0.02643960202376056 0.017919002106442334 0.024428213338103404 0.04049241296457514 0.018563179978180078 0.09176815782022177 0.06811123442940054 0.03884488474710151 0.06726220103165592
76 0.06076847505485885 0.0773356081928838 0.03282772386033819 0.04567427605401441 0.01282903384596979 0.04808755995555466 0.04633187551519871 0.07016883526583854 0.08770700564186157 0.06965736858966655 0.045582288502033046 0.004040995520734565 0.026281266443086232 0.03157737973070512 0.03549756657805645 0.06257243778905892 0.07416195334389102 0.008155051134125972 0.08038183166073193 0.08036146732139157
77 0.022303983533045604 0.029154657990216742 0.03429746890136709 0.021028511538785037 0.03492734123998906 0.049280315490570346 0.06233740077176799 0.09579486454497996 0.0909695207519831 0.03089131369340157 0.005049773626623367 0.08257864343856983 0.002500841117769023 0.049022744041980156 0.07807427899722331 0.07788383431584302 0.04418581698830631 0.05603901134511294 0.051995202314781476 0.08168447535768399
78 0.0023306825068307446 0.056995462384856574 0.061792313042832725 0.08334857138021898 0.014312898278716433 0.03139087932588215 0.061269419931258846 0.0236891945915255 0.0356960297992651 0.12331700821010338 0.05783528513777064 0.0427742301609342 0.020118615483982822 0.05622357548081346 0.08489884975003369 0.06628955629428167 0.046202286705038585 0.043299656663841876 0.035300428146697885 0.05291505672511469
79 0.014745320741071466 0.06991111754785898 0.07892299551757902 0.09923866150431533 0.015316339421970554 0.01674648580043534 0.07213132923781705 0.049267264364302225 0.07834420480954257 0.04582618883910171 0.09390688052028466 0.0929389490496597 0.0033306321785535344 0.04783323518632211 0.0668144662490421 0.05679231544142057 0.009304501268582639 0.006671111280407678 0.0005795913154643095 0.08137840972626859
80 0.004820737482482259 0.03928571960888973 0.030655227041644778 0.08334090054643348 0.08281252617067024 0.05650231258665001 0.08877337357081884 0.07396978531057033 0.0883701134646721 0.07445086899750246 0.05814897759099975 0.0826100896250924 0.04657910970976072 0.05378201507293372 0.01330576964857851 1.8887194091090778e-05 0.05494965791402482 0.025684386239111484 0.0032405842452835776 0.03869895797978962
81 0.13356396180548338 0.025844968186524014 0.04504481990467976 0.042614908941063255 0.03692378028328202 0.016365362277318246 0.035130095725254246 0.0361243733632868 0.05913223433558944 0.0756874694331263 0.06740690088837868 0.06856333950017682 0.031335773191638154 0.000784182038692027 0.03701143381336951 0.04470478527472645 0.10333561742043312 0.0899695106198968 0.049680590514515836 0.0007758924825652004
82 0.04199459096667435 0.008628537874911867 0.05206896728978195 0.07024234476283527 0.028640733794382506 0.054880476936011294 0.05424613531508805 0.01941877463897719 0.03969541029762949 0.0792446244941819 0.08027111603584833 0.07628263243201804 0.006277886983984174 0.05108592657063035 0.03312486259222932 0.08398743610681704 0.023445058297875406 0.08652182854333004 0.07300693555272003 0.03693572051407347
83 0.07347331495881837 0.07280123735244962 0.016923051651905302 0.030799327825854393 0.07606965047316562 0.03950365245320956 0.004075084883406623 0.06305843028884425 0.019125053297019443 0.0811752813228992 0.017167585711249444 0.06335744627653059 0.06936143000021786 0.042237590030231836 0.07702676284561348 0.08295235486697826 0.05408492445188333 0.017745039559355764 0.09407674468712691 0.004986037063240069
84 0.035883518878184535 0.009930733867117195 0.05408578838429673 0.017169714728233542 0.08774332103776201 0.1219375907438153 0.05412689580655591 0.09887075422345573 0.0165183520927568 0.07120041034600079 0.038637123500562275 0.10396148195543081 0.04452933497765461 0.03385208601443494 0.11392583982244445 0.0359635447320689 0.0007416677508922806 0.014825374125861306 0.02206003541047023 0.024036431602001754
85 0.02830091747591429 0.03260716496087537 0.03629830159311342 0.08049109518370834 0.07623559528382928 0.019210015346996127 0.06637794319782352 0.022039278561708807 0.08021976788693935 0.006853556422019779 0.030519250967847193 0.05917459283847576 0.013665653674291988 0.013652485346514346 0.054828876083779864 0.04055359043235562 0.11953839527971319 0.052283319048509025 0.08930755625158751 0.0778426441639971
86 0.019875437029253595 0.07881130343280314 0.048249791717189815 0.1005912050747348 0.04219507363753882 0.06862719787859434 0.04800667385776739 0.01062444998334011 0.0951541531932086 0.0654431275961574 0.025401869393132725 0.06495115293526457 0.0001720713112779891 0.037256414017683814 0.01882336056246002 0.018910136486761424 0.03285112044161698 0.04521362551349911 0.07010647813482297 0.10873535780289242
87 0.06914414327606347 0.0950371643136933 0.06512419633521042 0.052984434473033866 0.020916079847962624 0.010075173174459523 0.11357417397623294 0.02160609746101313 0.05892322164873528 0.05403147322551673 0.045555630041156696 0.014634984460994862 0.0479259457290366 0.026591628912023806 0.030257462425711305 0.08025968617527784 0.0015950744578752097 0.09890039176936441 0.02015876278011583 0.07270427551652232
88 0.020426171306971865 0.05686931321821075 0.02718910745856971 0.008287387717655328 0.024778227398673153 0.0343851209190302 0.059782187775852265 0.05888360411929476 0.08946066406535545 0.055028036614883466 0.06410189610465637 0.08207528533499715 0.019524898619158654 0.05948805050504444 0.04561713605897509 0.06142032101790468 0.00848926769304676 0.06235202003758769 0.09402137682247234 0.0678199272116599
89 0.07776687620724479 0.06483783282485875 0.0603776015109846 0.08767124919781567 0.01545038888823751 0.06261655811287066 0.008938453593320916 0.08708635328782832 0.0568665096815211 0.05437614378011658 0.03384010106826767 0.03093636515413437 0.03336981846163059 0.03616303842960737 0.046482059778518374 0.06211152829063659 0.08269660392378374 0.041803280012507035 0.033324654382456464 0.023284583413658855
90 0.05131415307419597 0.030598228755124062 0.05520676953931701 0.04641810090134629 0.05834487591603247 0.05163571060199228 0.0166386265212762 0.018147952420485423 0.059831659814178186 0.0023083465185398935 0.04835206456091403 0.07837562880283169 0.08232512800367613 0.08881152947027836 0.015216325067992795 0.06413789281397299 0.013616134635164978 0.08999751739620285 0.04207365511821216 0.08664970006826632
91 0.0387052055975255 0.01861753419891892 0.08637076364414964 0.02802401253341834 0.07233919993869695 0.04591940437038174 0.025983716253269055 0.0702060688790544 0.05196906508005824 0.05510968292765318 0.060456439177463774 0.0362894600123058 0.070796733908035 0.029838211353027538 0.08288150097863847 0.046382445167305185 0.029753813823541288 0.054186121352139995 0.0262667870320142 0.06990383377240282
92 0.0068994732630220995 0.0022875835490114658 0.09972024408873498 0.005369999899931931 0.02203101172400383 0.03669858290062361 0.08970251606132007 0.05427108873721133 0.030844159707971646 0.005510448885857683 0.09275173725221746 0.025062373498133127 0.07028250883226639 0.012957645190493111 0.09140416672392067 0.04164226153554745 0.106588041670812 0.08029390744175532 0.05260401344778391 0.07307823558938199
93 0.01454121649325624 0.022350498306945542 0.0929776217871588 0.05394943157361394 0.022094279417764987 0.010633089738466767 0.05617398884513448 0.10293577287171964 0.07191359772924401 0.09890469777322156 0.022161382522059632 0.03278651651296306 0.06780267654852411 0.011068543810105948 0.05766057337738791 0.03286471538159499 0.004443720045182994 0.06993419727342585 0.10507141863207324 0.049732061360156246
94 0.08649649509118194 0.0195024424222779 0.0698269868855225 0.08468979762488371 0.06075796596195853 0.08435442528253462 0.0030443709585217917 0.04539232264756457 0.02426233265371327 0.015432603667953387 0.04949768017325631 0.038117953664378645 0.0774427372667537 0.03365796417525372 0.08169230286843356 0.040802851114977355 0.08293314431614986 0.031436926940767745 0.06584660435445057 0.00481209192946653
95 0.020682644334852084 0.07498167631342924 0.023115668764418833 0.0064404530233999 0.010276145101560562 0.04036531376088402 0.0011143123395731872 0.0917375418391568 0.015117527288951861 0.09762566197135793 0.011697363502557602 0.08206479410588116 0.06316043652529883 0.07854341004932872 0.07945019708057788 0.020496227572134765 0.09933752246475472 0.01532822107891757 0.09397711860373825 0.07448776427922621
96 0.031293279536369206 0.01638763850502689 0.051763013641665474 0.07305042763813531 0.07045732184434267 0.06888983428658191 0.03379543555331311 0.07084900719757713 0.027608465048796944 0.045643721121060264 0.01988311148261836 0.03916032536232363 0.05493027214874216 0.06536184776960222 0.08092518257670014 0.044725211268828335 0.05529271839641273 0.05193822900811252 0.021058049813167983 0.07698690780062305
