0 0.0646827072258644 0.019079623962958436 0.024893716181353255 0.030787014050810725 0.06813555425258401 0.026608212765075568 0.0737871483385664 0.11286329810161966 0.006370123615302583 0.08653080696368953 0.03828583558645214 0.03391890252731146 0.0901627489382333 0.011177030752347078 0.04487128356896486 0.03610105430677151 0.03578421275504036 0.07785466954638692 0.0181955437676759 0.09991051279299182
1 0.05296777511307124 0.029653756461400015 0.04108923533135439 0.027309419108409682 0.024800494104602378 0.05183393375466323 0.021083443493666906 0.09457954304101333 0.019575527911938312 0.04170092367432404 0.10105470930476655 0.00039597219547432506 0.060752472872232566 0.10251102453339045 0.10480881444149791 0.0957410864112195 0.031194032017514715 0.024982258655030426 0.06821234437001474 0.005753233204415146
2 0.10421512163500972 0.06387750420978928 0.06589873986431394 0.07294114203463455 0.007418616272298525 0.018862465059188496 0.06693806472144237 0.0285093839532562 0.0077856307279060965 0.05059238190618956 0.05386812841048325 0.06076157488007038 0.06875270837089184 0.06569722013967563 0.018009781191613134 0.02363050061262751 0.08187969427896238 0.08751851847667359 0.02960406540696923 0.02323875784800428
3 0.07248799216968957 0.07423346665517999 0.055250135585639217 0.07715145073202334 0.076150948517065 0.024339253394912164 0.022086845196923947 0.06124829204323862 0.07035429358729385 0.05923011734108234 0.07464835406455379 0.010230635876163083 0.06749462883946285 0.0577307757624785 0.05549123173438132 0.024734971202005303 0.01894644370541083 0.025901230649013448 0.04524382009251588 0.027045112850966845
4 0.03168681766379156 0.018314191758508125 0.04316667860681137 0.050704648492159866 0.08452303503224441 0.057345518888871204 0.035885412995200046 0.033676587785158245 0.03293043064180695 0.03435566661688733 0.10809828885526994 0.0328289586614486 0.029715626860752468 0.11356900907079695 0.0016743504198741494 0.06017029969160096 0.03537589213867792 0.07998435940858134 0.03710133565228892 0.07889289075926964
5 0.013388317679920323 0.05884323517780247 0.09795337402286397 0.08427104272244286 0.015556537334820571 0.07634585183095718 0.09396244030684375 0.06335002239812922 0.03759300176418837 0.0030161477326368404 0.008766120741471779 0.03491086424150966 0.05514553459814772 0.021001254544997086 0.07201742026019882 0.0651546107459909 0.02478215656626853 0.06976983565328587 0.07468250690301678 0.029489724774507616
6 0.033604972806505984 0.004095166483155514 0.08953001337472145 0.021749125488899047 0.03562959638956633 0.03362376555617926 0.06508304325089022 0.10379813376163753 0.012503909097458552 0.02115949763043442 0.06350507521167902 0.008007407359099071 0.08658704628499063 0.055643948215298625 0.011784324163910079 0.010213088355625354 0.07696356534442175 0.11419368648533254 0.12329419324008922 0.029030441500105367
7 0.08680045030421028 0.09599409535014153 0.053872692849818965 0.10119241907285084 0.008743176769790934 0.05784145900332742 0.035412768546139374 0.06825257463433579 0.02851168611908894 0.037020387680063556 0.08142341913211294 0.008098650550067001 0.014447925722511626 0.039018560915742656 0.0020675499174454054 0.08894838008019078 0.04080715634916313 0.02921188799876063 0.032263242174278485 0.09007151682995958
8 0.0781198394169414 0.047026541205470763 0.06815706189216218 0.007104781345259102 0.034478486749669635 0.00959531290581318 0.058661765070190344 0.07060225630819808 0.04826284995664927 0.029265984600178305 0.08942542528173197 0.08264265219642142 0.03453323093887365 0.0825681740038174 0.06024764857081549 0.03878296920121028 0.054971782349494396 0.02264615766296557 0.02266373563999113 0.060243344704146495
9 0.006015126350012526 0.08049462624631532 0.0401350321104053 0.06501973233114797 0.06531599567557898 0.02776698258263013 0.0491892319250415 0.03128842087321733 0.04357530864695591 0.06306734134839469 0.08293132478442901 0.04663166539077288 0.02102116457143637 0.03485194541676156 0.03531414877042898 0.06992725812069371 0.023769797285092906 0.070304707221139 0.05915711729927028 0.08422307305027588
10 0.07963639861459983 0.02669920153821164 0.05878473317375439 0.04036287455737923 0.036515211961517906 0.007748852338552272 0.05545810458745634 0.06845893011634469 0.04924144383921413 0.07015690623097642 0.07111255312779918 0.0895307987019569 0.015488543371468011 0.017208829884727786 0.06373217473859548 0.053287327656772014 0.07508719058620474 0.003942233718976531 0.09932768295219147 0.018220008303300984
11 0.05804929092149433 0.04516022430126366 0.039454723709102725 0.06970939822793569 0.0420492009496943 0.02121755345310175 0.0264080470036169 0.07214012313246189 0.04223066306527109 0.018814612895410945 0.06557579396975319 0.05719305274369852 0.06941577492788224 0.06823799849971895 0.038368368848869794 0.0656279930407325 0.06891625125300324 0.05034422747441488 0.036457707420102736 0.044628994162470674
12 0.07527983933410425 0.039953994451789494 0.08708071955223184 0.06263301844221333 0.06429297696263653 0.021069869358293265 0.07183636141580303 0.08418652106576496 0.03164740938858606 0.026824832941298483 0.057432434114004206 0.014322858990549385 0.01228554544907603 0.07018507645857576 0.06309967403995037 0.006350186071552122 0.09676809362770884 0.0747928232836078 0.0043149405473805694 0.0356428245048738
13 0.07445673966606454 0.055536852274709586 0.054158196664560655 0.08269202371423888 0.005048156987335831 0.029014928474704438 0.07233927191775945 0.0714162585033835 0.06138205499874432 0.08726941136896464 0.028525153385519995 0.04969430049475744 0.052758179489807135 0.041225444204924376 0.07962137561579387 0.055834465644896386 0.017856180612858288 0.008436916472760049 0.0611333264914827 0.011600763016734069
14 0.08085855902382062 0.0668185195172568 0.022078698645962302 0.06031565588456104 0.0750009319099076 0.07452987513969472 0.026325904591700495 0.04886831397191882 0.05404844030017328 0.026246253075359775 0.06007081361256452 0.017721670639887277 0.0011165482328848169 0.03842006449775678 0.05510465830831581 0.04948081744600837 0.05323144923913863 0.012627305346920107 0.08684176442044007 0.09029375619572812
15 0.03905393631618196 0.10215068631158933 0.05964992530343938 0.02389944592925486 0.0796750393640179 0.07084076266781295 0.003473851851835019 0.003534300066609877 0.01616902890394186 0.03330397074468699 0.08312552621327485 0.0926866011213278 0.07649474591917116 0.026911499334085123 0.06018530448760694 0.03812216600426212 0.11167041553392608 0.009527737097791537 0.02512031777758395 0.04440473905160035
16 0.035710732351440226 0.0468725227982273 0.08800529326626334 0.05680718623264627 0.03500644364005023 0.05997285715197591 0.0022235032578062225 0.043932338215233596 0.07029331301462961 0.06464091912190179 0.08510911764773116 0.027076993745489813 0.05022100366012248 0.052804377386483116 0.023053194204964916 0.014655045157100779 0.07605786031712077 0.08639341250063128 0.07727985201168162 0.0038840343184996795
17 0.016434772063625896 0.04909040495857331 0.043470338982387315 0.028827726079284594 0.07242384369665375 0.07086410429166556 0.03912525983112863 0.04934226739234346 0.008763335545049333 0.02451219171700269 0.08661758973371936 0.07142057167034686 0.04511746361399713 0.044463446962568494 0.010491405450336755 0.08943867092069792 0.07141602152968145 0.04342479174304581 0.0394867591759009 0.0952690346419908
18 0.023856572979876443 0.03097799853042729 0.09485580854518513 0.001520863547278163 0.07640962588937635 0.0439652726957559 0.08265055568217086 0.0008410953528118636 0.09953775643457335 0.06880198007249767 0.05111493083130415 0.04330926094372198 0.06213002328879404 0.02004219789897062 0.08849558629969294 0.026727719300318153 0.004789088198284823 0.07892933186561192 0.03708354760088568 0.0639607840424628
19 0.08866600618029283 0.023827459452223317 0.06910655366351041 0.009034677077684978 0.04883577824414993 0.0362468453982179 0.023684895690060586 0.08049550525681141 0.06277597467810529 0.03769004889936272 0.013680529308541139 0.07280552723147564 0.06733840367450651 0.040670563395455994 0.03355038494537738 0.07771372104236851 0.041598525831685065 0.0342938805503151 0.07976887979275922 0.05821583968709601
20 0.08717702104811745 0.04408204343519208 0.07312004380413485 0.0027767008577958257 0.0563886280725361 0.08248194093030656 0.05207695148142385 0.05239133834506934 0.03916796715531393 0.012443561509616407 0.08501182957093478 0.024571607280033762 0.09816172531703994 0.030984062139730945 0.10192842982785248 0.010930148449888431 0.033442190013999805 0.062096026567414295 0.025089483713436438 0.025678300480162532
21 0.02892740885014855 0.049641901718626515 0.052359895457420536 0.003380473532520569 0.02220387921389221 0.10312420219498149 0.07358175495704175 0.04883086548168598 0.027359310624695488 0.06990408017936812 0.09119539392089053 0.07832320886915724 0.06944763371243717 0.022222612169718912 0.004916415961942734 0.08186537227259742 0.043055660770609544 0.05972954614090981 0.04137710903647681 0.02855327493487865
22 0.05019287375412895 0.06974708283304104 0.051127366502408504 0.023345636445489436 0.08683849036046114 0.018906592841049005 0.031332305174019304 0.007296891460715755 0.029474015093179592 0.10687519988288018 0.04260984531051228 0.020671632578162034 0.02519104582635987 0.019735507955705292 0.0649437701915535 0.09479554789067356 0.05972218002492869 0.08094842135668043 0.013657694276984097 0.1025879002410673
23 0.0761505679507951 0.06593077303043772 0.06503395598742981 0.058212449344490914 0.03803735605915174 0.07136375983779755 0.040855128716512396 0.04547843363432369 0.054024008033384655 0.02320915871479217 0.06961244227700397 0.006858411119170437 0.0742902836433183 0.06311785441510644 0.021110460763275 0.07792716132540738 0.02952550020588451 0.009718073704915946 0.04586859830621642 0.06367562293058593
24 0.021105682358549795 0.08419150980235597 0.04208211619229382 0.03831976949742433 0.044130147566198756 0.04145482160246871 0.01255216311576771 0.042278615307243375 0.05589151174924685 0.0789707306715203 0.060902076620381364 0.021834563468178476 0.04433982845349851 0.0881100149787169 0.03789126816134633 0.07532519835388435 0.06846601977959213 0.078818277301422 0.02078488308430827 0.04255080193560207
25 0.031440963531250594 0.05061228489056167 0.07937932999160881 0.03891698318222648 0.06297132215722959 0.05704075182426723 0.040538356693311364 0.021353806038550627 0.07708690346392022 0.047838637562753146 0.017419233313747052 0.0615023715000402 0.08384967521707509 0.07982287353391034 0.0465035897370934 0.007614335927024405 0.06858694177289199 0.06967839082814659 0.04771403132183083 0.010129217512560507
26 0.08862940239944105 0.07106677347269791 0.08672282571335853 0.014275357232686001 0.0759248404325846 0.03692597773565086 0.07925324361465069 0.07976154970588395 0.07874845135870655 0.08277574368881026 0.051688515214946114 0.07152952936004396 0.0032751747892640864 0.002926791347667846 0.0058253489260897216 0.004145803514911169 0.04006076345790928 0.0328558588512885 0.058266349076338875 0.03534170010707016
27 0.04774856250529114 0.035937119451435406 0.09004915554260633 0.037705828172474164 0.015872038680639255 0.07438097892343867 0.029057512720094412 0.0383002444541689 0.09594547563010393 0.0399270969340944 0.052871025095402015 0.08622630690352436 0.01649460804392886 0.08943584804826857 0.06534378560649212 0.04740564519756939 0.004023024967323823 0.041821845630735884 0.055894764965686385 0.0355591325267219
28 0.04635796995511308 0.07576364894701931 0.005180619449297851 0.07015457129369654 0.06715786295652879 0.042876483466523535 0.05509223585161202 0.04064484121436786 0.01654078392649253 0.060121410691563654 0.0497255706309964 0.03011343977478833 0.07611856337853429 0.023442659587405098 0.045523192749313025 0.04182175345616311 0.04895555198150611 0.07549325114054567 0.06444862626403045 0.06446696328450226
29 0.002558127171022495 0.06618904858070057 0.04906729774702984 0.07038357068807002 0.059530744958824974 0.048124029488016265 0.023796936296890826 0.08810601652674137 0.045187431298313666 0.09447904510851843 0.019271148895784337 0.00474321474978897 0.07257762549043918 0.011065195819310031 0.06230709553509144 0.05567144842973872 0.04918309739553491 0.08006728641682401 0.062189962792123445 0.03550167661123655
30 0.10807773858832709 0.006703602812942783 0.02148129760439474 0.07109143727872705 0.08118676439612857 0.0694241296902861 0.11599590114706568 0.10560762470408017 0.0022273321611405374 0.02859935579935318 0.005050572217769524 0.11383507208417439 0.014792638682981562 0.0685119635198344 0.0016253571938041886 0.037199032550144756 0.03631342124013154 0.01744244050913379 0.006920001742901982 0.08791431607667813
31 0.05872719515164626 0.04056678675263928 0.07142295611958378 0.04236142136249561 0.07006119382296006 0.09236340707728491 0.0828050183585878 0.043282831116762614 0.09608194895341153 0.023343962971587084 0.004037573940257857 0.08220902023507504 0.010225386970940598 0.01568430245352615 0.021342576593045778 0.014698172241734178 0.06766713013761287 0.04997620982316806 0.0785263228979798 0.034616583019700775
32 0.11856718783448593 0.08508311773265846 0.013405370683557533 0.013054427739493302 0.08344220730615384 0.1000094029524081 0.10199910931555962 0.05355287338297894 0.03147046895157856 0.006104327424379193 0.09045893240991085 0.025400396088592674 0.024077786137885665 0.00193710273525103 0.0298386572574052 0.06349294478248724 0.07401140089766343 0.01346398014622296 0.031925626481823365 0.03870467973950399
33 0.06830758767751156 0.05186449467166238 0.002628160826421365 0.023776364011723616 0.06890290913751329 0.023485909287364055 0.07562407469261162 0.04774047664934255 0.05879680219330258 0.040839486326575365 0.07428629288599867 0.06993417302969958 0.014907081702320801 0.06606723596067667 0.04344138440507227 0.04262127064860164 0.06690921954822028 0.08136706174597198 0.02474262787456026 0.05375738672484945
34 0.08357997430824224 0.056773073665283405 0.014220946710149264 0.03374684565398114 0.06032105128208954 0.047818217086616384 0.07878340136572735 0.06996749956014851 0.017450741385764162 0.08051510211673511 0.0868919339012251 0.00719646410172967 0.05886902924003564 0.06258055529451949 0.06848469491404743 0.0016076376844298393 0.03615812279729625 0.08071357667551095 0.0047863623646439936 0.04953476989182448
35 0.056600849249413464 0.06536464405396399 0.0009393597946434643 0.10795390193929447 0.06750938106180786 0.015201473567750829 0.012845320454423822 0.05350403679598643 0.10610934303589584 0.08116268699809823 0.09363038320236712 0.0015171920143308426 0.05751313336286347 0.03250276868918771 0.02748943344180786 0.03904890485302008 0.06661314973450697 0.038307156573392 0.03926018404556956 0.03692669713167623
36 0.08067810712154103 0.07157702712308879 0.08205115535509722 8.279621108895865e-05 0.08936756498971332 0.04000196731486635 0.06887217816266364 0.08883086009650279 0.07936304907311327 0.030768891652311912 0.01884265678257514 0.037008850134313466 0.008421105517111172 0.06386176211251307 0.09103280093096773 0.047615592877208616 0.030400408230050278 0.03736185979572471 0.023728824912230596 0.010132541607318194
37 0.04105872241538491 0.011358274258673603 0.04946442738800343 0.09060486018308077 0.09138120475043185 0.0290762680801144 0.10750420691401924 0.024507290161369124 0.006194304759990883 0.052999905994434035 0.04716189900614165 0.03951270067710307 0.03477597705448733 0.0795226254551765 0.11196249432137587 0.075338658683084 0.08146331999519282 0.01487075145472197 0.007662948895360242 0.003579159551854261
38 0.0770315892656137 0.021215622400947445 0.08435180541606815 0.09490646771319325 0.019497339233794955 0.08977000312560775 0.08912055975026471 0.06573382127288525 0.06570431494253084 0.01027516237131037 0.013258277687929441 0.05846546227256262 0.028944505955576575 0.06505097538798567 0.06040858030142034 0.0018286372891192812 0.035411713765301764 0.033196493943829036 0.0422465320656465 0.043582135838412285
39 0.012966975474227732 0.07898936598914633 0.01823762662980927 0.06819753197457716 0.026935203003394383 0.08064928300087627 0.06992040639184144 0.07509465135438202 0.050651795761099266 0.0520297330473534 0.06621157224328421 0.04355813402951637 0.03672509512522995 0.03694003731379135 0.07973146094936105 0.02798029614029071 0.013614517619970868 0.04575660667202263 0.07664752034333827 0.039162186936487355
40 0.05133178716551204 0.053563879011803574 0.06241019103940424 0.057396497672046895 0.08728887014091101 0.06106698175712908 0.037395834712385945 0.011631642325693277 0.00456194073180365 0.049107700070664034 0.07180383021189699 0.02368087811488323 0.019109979157240036 0.050099524589707234 0.024642862571558437 0.08944495966255289 0.06707261237684434 0.038256947778014826 0.05872746033306228 0.0814056205768859
41 0.08062916988421508 0.02119382378418529 0.06585351409144029 0.054675287256329114 0.07683588924030561 0.08399433071581373 0.040701653706775136 0.10589939989385731 0.054722930591949825 0.005984229924420403 0.01750173139740709 0.004284656677451123 0.013192818160825896 0.056015921392265806 0.05300257903939693 0.09318775721314337 0.05013203885718391 0.07258028437322112 0.01548799875580225 0.03412398504401065
42 0.038526213700162265 0.09801041779411813 0.05187483611993534 0.0156785477221931 0.08139722082928876 0.045539453239269403 0.06971205802846224 0.023974572980835298 0.00848551661991572 0.08495546923387284 0.04532311975579941 0.08284342696856531 0.05750896752416803 0.022612979572658544 0.0013558635494876922 0.06762669945249064 0.06610160556830326 0.0827597884045346 0.010936492352578557 0.04477675058336102
43 0.015223957395949932 0.028685967843838683 0.0773168361953085 0.05262100183411197 0.027414344604553206 0.0533460937081662 0.09548445456041887 0.04168241610946717 0.034621278073394705 0.07495164969433261 0.025730902579085696 0.006449273559064864 0.03262147714588088 0.09824112120628359 0.05748569749598339 0.06252352483137326 0.03981549068291683 0.0392071591670777 0.047005259721569166 0.08957209359122302
44 0.08664148113151092 0.060230463103531424 0.06060735676277069 0.0832758618977855 0.01179624290598924 0.07687902793190317 0.022665998527147374 0.02057430270172615 0.08584137966867238 0.03917251268625784 0.04452203502361821 0.0443878383463465 0.04987173797760805 0.07507459989399162 0.010125021044161195 0.07734315773311953 0.033977739342557725 0.06129755769569705 0.042408629490816786 0.013307056134788815
45 0.058345281286138403 0.004998079436465512 0.06568388804186256 0.08445950273412486 0.053627093837369126 0.0011289386360040523 0.024761454065161923 0.06654213150655752 0.027722466627170456 0.06795509273977687 0.06902076085235016 0.04098095054245503 0.008263956583526195 0.07689257953121623 0.06154738771380647 0.007485785454576793 0.07683147855581943 0.07710178562053852 0.05155166769062147 0.07509971854445838
46 0.037731592177045296 0.0854992116172309 0.040236174078680374 0.05773378227742349 0.04147661771029217 0.016267857071999136 0.08224432186455705 0.02999033871454713 0.030676593578722107 0.020688282329418235 0.10232475130433819 0.10192722387509064 0.044766108621379135 0.055137244878860174 0.050135155365642094 0.005493708160924635 0.06551534013512296 0.034812124640988366 0.0721276354570293 0.025215936140708717
47 0.07123793550612545 0.08811386095569736 0.06119548751007276 0.028346428374229366 0.06534133707320576 0.03228152669657534 0.04033612774468055 0.07844147340915877 0.0029059983080178876 0.07897965803493946 0.06548289607601306 0.029792567768787748 0.019590402365297778 0.014396929298171629 0.02251811769625474 0.019451254006988505 0.06840343875433552 0.08549073218384447 0.05720360715387496 0.07049022108372908
48 0.09330721887641939 0.004235731837512147 0.04128854751807458 0.024778223740704625 0.014107648322342476 0.0018108359402906461 0.02578485875797218 0.09846981073767684 0.10830488175622639 0.021603514229040333 0.03190083086880566 0.07980036356434293 0.10168327135990819 0.022904463765609978 0.012067453094513722 0.027447174711325847 0.05245280821385743 0.10330887625923267 0.09003543701034813 0.04470804943579585
49 0.06857173671349454 0.08431521064406035 0.08174094293876775 0.09132887226623847 0.023431493923278552 0.00302579156446398 0.003715069539979672 0.0651073478369904 0.030139860448488803 0.018140826294327804 0.005410928533186889 0.03391720076257309 0.09337365997374787 0.08430490193546525 0.037216065514277245 0.015242653812547196 0.053948500670133494 0.08609211219128855 0.07496790474516025 0.04600891969152995
50 0.06906223458407335 0.0650065998511446 0.07812800782005005 0.061949704675481644 0.07629580964455002 0.04771418007630638 0.03467198046549611 0.07737104586549719 0.0742654215339932 0.03633236114757158 0.07357168637758474 0.009086756576130324 0.02018686576682589 0.046167954173584394 0.07284879388537455 0.00874244560271307 0.06140921497393123 0.057762336417493676 0.008147981945254349 0.021278618616943572
51 0.03445015849669259 0.039163763170034255 0.05463223402229634 0.0797177936533913 0.03751337798160092 0.05959389767646204 0.04352287146675993 0.04129422941867524 0.031188575070518185 0.07102479267196293 0.05283120171452618 0.003785661892890052 0.014746987417174454 0.002920038879572239 0.054116445882224175 0.08337471264043954 0.07576777665044288 0.08174809856517945 0.06612397897786652 0.07248340375129071
52 0.07422702312394383 0.03864843537120845 0.021075533081769297 0.005208776234351404 0.014918347519612572 0.08599184066743751 0.01269463916770993 0.08390496261722337 0.03759898231268294 0.04900491667407177 0.07854802231557344 0.08167882146388786 0.05833987427762581 0.04441745082140523 0.03905085441806484 0.08260368457164412 0.042391518421651966 0.0539270579587725 0.0016412606263470754 0.0941279983550159
53 0.03424946949238956 0.03643411223354336 0.01620894971085946 0.022211908290015785 0.12022089034743956 0.08054065614228537 0.01231822154053472 0.03867567413354942 0.0727529807007411 0.08785406945994509 0.015259396082262356 0.12063688648908998 0.011861785990550091 0.0008318872813387887 0.007647586312326997 0.10636924933782714 0.03125067739432132 0.0816065904484077 0.08053316304053289 0.022535845572039276
54 0.07887234419243055 0.08721877320644167 0.02973630785855826 0.001768837282604538 0.07144625504398057 0.008779076349909458 0.019384280352130984 0.020042631862403 0.08888051859156931 0.058994336668764136 0.09720943346805419 0.040101624140478145 0.07561081131748668 0.004144437347069594 0.09243796610141158 0.08114066974848082 0.05304925303720101 0.0243079873569112 0.03077347329078181 0.036100982783332604
55 0.04420034311692147 0.007012884859071221 0.011020857414563568 0.030727251189950552 0.07628502205835383 0.08328036010500207 0.05631268362194975 0.03775836474588813 0.041821906415044005 0.06807225089787798 0.04501484381234518 0.04049236905099538 0.07586257707326448 0.05609387011153837 0.06246694431485574 0.024280014573308688 0.01853207749358636 0.07736120484615164 0.07248908386210626 0.07091509043722509
56 0.05642146278398613 0.0160245446881785 0.019610998368137438 0.026133122493635683 0.08029846667009753 0.085068870905877 0.049935186849556085 0.03213492021894271 0.08117786084879007 0.01641799872469518 0.06949254446793025 0.05405016893771329 0.027023394646578453 0.08524385963265643 0.056192787117863505 0.052779612849939914 0.013355352748718139 0.05271412378569468 0.07520914180151683 0.050715581459492134
57 0.02097825028895957 0.07776658465035467 0.03586430508541839 0.04008946088287622 0.04758101823612063 0.052218936148841565 0.04010294500842359 0.0485472156651651 0.009969741372249097 0.07923489452150395 0.0585249431627098 0.07011318906882263 0.07928205197923642 0.04902925869670566 0.006555309920759895 0.024172651015114482 0.023718655771981182 0.08137477126481749 0.07422499833942649 0.08065081892051308
58 0.10323959156506268 0.08293686138158234 0.07460063826465906 0.011936764129090645 0.03192875150191349 0.023587823649678787 0.09842814908731483 0.006599343407449678 0.09300652402018587 0.004692246851312212 0.10356950280129294 0.009306977169361253 0.034793925228000136 0.007074480488639865 0.024704974714515358 0.07572957247401278 0.08996470333606428 0.010955788632457657 0.02424792581601498 0.08869545548139124
59 0.039875437691694916 0.06040964138087354 0.08012585738293039 0.06118100824304522 0.08363614811468449 0.02397619801260843 0.023962459697631996 0.002695202628420118 0.04469823989593441 0.029139886123558695 0.005744379372843872 0.02330142674047406 0.025258222976364045 0.09242010641952074 0.07981959987858474 0.0007193853257568213 0.06577418882156293 0.07694366174334365 0.08922014806999132 0.09109880148017575
60 0.06569574590009629 0.01693361603165108 0.05660642655275232 0.10510675237908014 0.0828254214078411 0.01988487579924024 0.08186104465034942 0.05194892118939391 0.026473666197833 0.03102949149228571 0.06377937603566407 0.021180712923957665 0.03537477583664122 0.0292333414663917 0.03913731995673014 0.04521781555766408 0.060263514283719635 0.08529725733162773 0.06167575074872556 0.020474174258354894
61 0.042390364445688014 0.08229137610441985 0.08433333295745371 0.002314500764126843 0.018550007214752865 0.10123330302689322 0.03164975471218054 0.017835305093144876 0.030425716656547863 0.032127633811229385 0.07398497525810203 0.07620139895613323 0.07550998914696033 0.06358564809883716 0.08953207771262178 0.07087071884851776 0.03948874841749987 0.0002065580193627598 0.027771193145478407 0.0396973976100497
62 0.00879646844047227 0.05138928670601646 0.061329364110115414 0.07264907804333882 0.03558742149009114 0.0557701398523733 0.021552081691073262 0.06718729609813534 0.0033608877174768695 0.06814994052252413 0.021338236469071088 0.05796312753604869 0.054238056363570264 0.02467160455268186 0.05116237736180287 0.07176365825927121 0.07760404871097255 0.06868134435174333 0.058437040477864605 0.06836854124535639
63 0.025143584389417335 0.0902943801769105 0.052639540446075224 0.06048979652722725 0.0025143853203733494 0.06775364585262625 0.030443934788173626 0.08358745106784693 0.04643134378810129 0.04507987677487628 0.015052408907057658 0.10041904121077438 0.02889902247362008 0.09853960434435134 0.023118156894116084 0.03360261770185795 0.07304732684579875 0.021126808897228868 0.07397837451500981 0.027838699078556843
64 0.06575325106572924 0.06546236347326968 0.017691774199472224 0.008628854380140704 0.010068748820040581 0.0972589604487012 0.030993210214295366 0.05783974771208658 0.08939421720431918 0.01916223392871615 0.0863522173769996 0.0950535517051595 0.10393223557139035 0.000750948342734891 0.004142296982475454 0.09759658772760886 0.07809329642248036 0.009738352036611556 0.04858443777137276 0.01350271461639575
65 0.074809317070439 0.021916087330327735 0.08067697786527135 0.07015064161659168 0.08745286065965491 0.05203568940616992 0.10108202273071586 0.08945703211570023 0.0031878515747535926 0.022373282334826723 0.015173590812306752 0.08033521752385755 0.02055681787514127 0.05376880400318102 0.01945891672388266 0.09335843263531911 0.026514642350212576 0.004967523237514873 0.015403204542538875 0.0673210875915945
66 0.018327639466302514 0.011437824083975711 0.051848531472715426 0.05935264069037983 0.09553932430866705 0.03744267890271003 0.0687096942836818 0.051809799807152765 0.051915057723618145 0.02935341880065355 0.09010599639308971 0.06867480566370317 0.010857733805418213 0.04630471423306969 0.09743067426185942 0.00885285355923908 0.07748646713021486 0.01826166618269748 0.06175065274037929 0.04453782649047238
67 0.08719695078359996 0.07157631311471428 0.05154597619550425 0.04428429423010085 0.017026621609070043 0.07096782345724709 0.08081151940728311 0.040258373054026235 0.022765457799271152 0.038822598420478034 0.05345442369399862 0.0856286366620444 0.016319620064993268 0.04291481820181746 0.010598635216744886 0.04494169339945542 0.021873409045135173 0.08822471677495283 0.06711403515481766 0.043674083714745224
68 0.08321206330756399 0.04697264748184728 0.049995409508972334 0.058389336598617135 0.03769500748215265 0.030936556161549042 0.010124582131116807 0.06840482043313129 0.04996128388643295 0.018920106898816454 0.04806122903086214 0.0848162938822959 0.04489026332528696 0.023703787398843195 0.0024306518175552104 0.07573876911569158 0.05824584978229808 0.056446036335832575 0.08049917116574806 0.07055613425538643
69 0.07381645900880594 0.0726004814545345 0.06789369718349487 0.08116795969161746 0.0070321844889316 0.09526909947749662 0.03697694544756948 0.04291528000078062 0.06627709480956674 0.04509229896320502 0.025064500493871194 0.015513660433614771 0.019879049889772273 0.08218656593166286 0.002100999752496858 0.07319490994814344 0.030024241984583262 0.030858036078167204 0.029908961466743874 0.10222757349494122
70 0.02622193910390741 0.0839156268310194 0.017918679954833323 0.08939806730828675 0.03663250689458476 0.07160656066934926 0.08348846123383362 0.05549088553475527 0.03656268729508602 0.0835009630950422 0.018758925483105513 0.07625676751712437 0.01939335124486995 0.08806050347500848 0.004278884932116313 0.05441930356853809 0.06787831464806916 0.0362203706980459 0.03770056614072426 0.01229663437169988
71 0.09082880694975516 0.007372378732218027 0.048820854573235865 0.05263001619058213 0.09193214070668962 0.049893794325914724 0.012432678481839958 0.037081957353520434 0.09834523936270834 0.083305074327984 0.09657514246841958 0.044390706223089035 0.04564553053505821 0.03589027921653062 0.08373396492957226 0.03584651385509398 0.028196819967571778 0.006848348890398728 0.00249909740839908 0.047730655501418515
72 0.05987381247657515 0.04348728431009171 0.06109595709333457 0.07745940057832432 0.01856349421913737 0.07324489251769903 0.11086246173824138 0.03744179308943904 0.011624672823623988 0.03147409912536867 0.023958450640174926 0.09897170272138903 0.08504673322591048 0.09421539391769615 0.019877233520009828 0.00698285695057599 0.06792000318805347 0.035478142153185184 0.01976025661467478 0.02266135909649474
73 0.0771717364943376 0.052216423645683574 0.07818948841754461 0.0752564307268563 0.07283425141804777 0.024522561091404483 0.026471972920965883 0.05616361310814644 0.020807742232345817 0.05650989296137533 0.06673862520803396 0.052902247450885176 0.04007126709933906 0.061667530568833624 0.043806070918125 0.05018700996058903 0.07133791828062606 0.043771351720005326 0.0168944378869504 0.012479427889904702
74 0.01573347270835738 0.09077997562640194 0.013195636937523255 0.08505760788956471 0.025358240999478466 0.01975736163987768 0.11572965797655496 0.12711923501981784 0.030937468232580326 0.01303923606698099 0.0373566879599241 0.011074541916073299 0.1288788420239253 0.07770114055532847 0.03338735043942022 0.02284455568634168 0.03812264723558682 0.06711808356117133 0.028642770754050445 0.018165486771040573
75 0.10123817573607898 0.07502683722632505 0.10533427521874415 0.029115513614719042 0.021415057855041185 0.04789813934255091 0.020410778318836403 0.08199797921600904 0.07580724693966243 0.005441468599272879 0.08771365262869751 0.015503248814599661 0.10506521953892761 0.011141702499505517 0.007157108526058283 0.010654807561002382 0.0312877577120441 0.010685460874347628 0.0894196543274508 0.06768591545012638
76 0.05348347878353445 0.0011673357918265484 0.023097979169326124 0.08564266677610648 0.048479836077036376 0.035635764989076654 0.0748807838990467 0.09673640684326915 0.030943849873723474 0.01069172656953231 0.022508192613196507 0.0840891993984884 0.061354826581617276 0.04864371386293046 0.012649077798249924 0.01999264962088363 0.03934566678592188 0.10008931446522576 0.0855456699729778 0.06502186012803006
77 0.0803007844617102 0.009276573785433602 0.07927622938899682 0.037418847842911246 0.024977163407804606 0.032474138089356265 0.09401151054540495 0.03152813322485817 0.032366916314012624 0.01975664780251635 0.07248882515622056 0.01592341408684162 0.09853004267129768 0.03574200838136955 0.05476598224815914 0.05277412892820501 0.04522236219383016 0.04758558017614934 0.09394890930186622 0.041631801993055655
78 0.04349284489258374 0.009956732283421152 0.015096799915262525 0.0655611072562347 0.06179250291822068 0.002097336413989799 0.053840282784878846 0.06658676541176978 0.020111836903170976 0.05453147310730853 0.0331193879308166 0.06824934941247796 0.06997601228320458 0.06997347341034703 0.046925472369636206 0.05240089084369022 0.07104269828097529 0.05068210541035583 0.06922813821161493 0.07533478996004032
79 0.033229633826788875 0.0883755567250199 0.06601297705755443 0.09230524192390589 0.012999148302921093 0.08577010881412185 0.009480275276873399 0.015494588876839145 0.005388220031067747 0.0182595983618111 0.08490924076330747 0.03038772825757327 0.006204156088104638 0.06976537659989647 0.09058495163756944 0.10004411156756726 0.023111164263815657 0.07727072376732583 0.09032891045064755 7.828740728896407e-05
80 0.012090651677755535 0.012538447160631268 0.010112793551484837 0.029207945886703435 0.07311329523023499 0.0817153400645537 0.04191055801768134 0.05028923714052448 0.047986051586867244 0.09978335275254162 0.015273899234852555 0.0808593801020027 0.018713832955585062 0.05184198211830376 0.06849505568168675 0.07276141180025697 0.06234712684357161 0.06561486089330311 0.04225843867842919 0.06308633862302974
81 0.07506513201868961 0.07917255619547207 0.09044218288305675 0.08496758559904066 0.02213775201180847 0.011848753015211528 0.008004649684614487 0.02513803824154506 0.01146731757502754 0.09016022105204403 0.017478359313596113 0.08785118930927979 0.08120237830029255 0.0549783236686291 0.06335727607258977 0.043552325948882635 0.07502850541506056 0.010778054293943563 0.02559690875359009 0.04177249064762555
82 0.08174768590933638 0.050018595868337366 0.010135480979669853 0.041987367918535516 0.09394418230522063 0.04460908062706517 0.02672348277954753 0.02613752602386781 0.003913235788622514 0.013834238805592815 0.035706198076993885 0.08732584743329866 0.01709533620757957 0.06662729803624098 0.08851184977915902 0.08112237089240706 0.07524475357731537 0.01309515861356978 0.09429288042311687 0.04792742995452325
83 0.02048195216135737 0.07619408180249831 0.04178051335784379 0.04135239429228556 0.08702108150015923 0.016846020814146153 0.035118666853281494 0.012344375173141683 0.05073001133072157 0.055233349498143035 0.020284937651367935 0.11200601231914885 0.043309598267772274 0.01234026941867305 0.07422169497401557 0.03494835302904361 0.10191862846087095 0.051691523842780286 0.07007876562000077 0.042097769632748396
84 0.05246695316427914 0.036916097942161566 0.045466974468885986 0.06908435705288891 0.009382158501980353 0.06818217299306044 0.00561850791919145 0.025867414391343133 0.08454769250505595 0.08003728829065834 0.05588440830270643 0.07985791543402643 0.039615902336740866 0.06590605908597344 0.05570215700873075 0.06999812880297272 0.07273877816454934 0.004440745827631553 0.00811272025799651 0.07017356754916648
85 0.02505397684053434 0.026543350788962815 0.033869339103519774 0.05569695838231964 0.01057277193776873 0.07382645324301722 0.05402644570444927 0.08058694813077491 0.051089440691931644 0.051024324502921464 0.05033891699967763 0.031408354656599524 0.08160601717164193 0.05549681291567737 0.08010265928277359 0.029500121439131662 0.0830652044528031 0.051031901263479985 0.04374280308232913 0.03141719940968617
86 0.050598227777088195 0.017923747054846003 0.07536426058193872 0.07538616190439816 0.06708047268417858 0.012852116311117158 0.06356159411441725 0.003575281398049219 0.06879267588646729 0.09017683251828779 0.07613369517243898 0.07365829827303706 0.005773722197677419 0.03747240515677632 0.06545106100278197 0.042942996970389266 0.05720256577202568 0.033463434520909864 0.01943546516656746 0.06315498553660759
87 0.019283072478733954 0.07578878742515571 0.06970001935650487 0.07802085221605408 0.058968349341501115 0.02712275974297495 0.0445530469540572 0.02313621350342253 0.057351569741303475 0.05511513443895516 0.04018025626259914 0.013414779584350804 0.04070326779269258 0.08785079006702748 0.04621834491203445 0.08582525800556451 0.014873448692098622 0.04624488700279972 0.05172457724454704 0.06392458523762261
88 0.0015254686590960818 0.09853455728067474 0.0611680165481931 0.03492104019336184 0.06991443839066684 0.06634745033667705 0.07022824902044845 0.0350647696158131 0.10162995820513719 0.06266193406884824 0.009386594233720054 0.03062817654147213 0.022626872700088594 0.06346630636092708 0.027768822486853285 0.03586024918539672 0.03439272462335288 0.06179322207086593 0.0729117648241981 0.03916938465420857
89 0.06690440046502248 0.0014207581655793463 0.021455372515157296 0.017409526631944675 0.05336083176904669 0.02202539088227475 0.07654457442152901 0.08452186875134045 0.08625927141803609 0.10255812884037115 0.008113320005645023 0.09372514379935165 0.0962556281596232 0.03225082013481305 0.051226550109740684 0.10044268753278959 0.017278513640283207 0.00043752602646741575 0.02756294442630237 0.04024674230468172
90 0.0005623546973560692 0.06074191025879835 0.0737635972922815 0.06256645285843392 0.03201172888556194 0.04781544359484039 0.01677991186080207 0.026766550535529503 0.039118325874966 0.024090335532662814 0.036160527476182945 0.07203823314043467 0.06868326220687491 0.07463484661016581 0.035024773965904296 0.07401974320573278 0.06601512248651874 0.07513369904231475 0.06448164693129987 0.049591533543338465
91 0.08359343558446788 0.06497633148880691 0.03538301291979986 0.0875140638147181 0.013619863785521663 0.07162601305162652 0.027251886479015205 0.057475025517852545 0.005875221234053809 0.006672437787818782 0.011733704762704807 0.054071615792876074 0.07195146906566213 0.08704183181271305 0.08155802789236083 0.053904168087523796 0.0723595312298439 0.05743484353155823 0.03460788063316923 0.021349635527906714
92 0.03986284730500336 0.12918041208422343 0.0035642481478122775 0.06470285352990025 0.03603511761548632 0.06824394856712265 0.050296986506465 0.04857265157250276 0.12439172857696286 0.008437630945305523 0.06977968210481333 0.005916198992326859 0.004585188297268223 0.008514161445929615 0.029014734053685796 0.03052385174720621 0.03770444693338587 0.047115139800866304 0.11195970264549004 0.0815984691282431
93 0.009668879886630441 0.06261152397835218 0.07898827445500023 0.09355736062443828 0.05249415340850749 0.012974455096082197 0.09575008115271169 0.02578728804531961 0.06337824171844937 0.0023709738185549905 0.01946587540454191 0.02970762554478679 0.0008365699160641665 0.09675624358643237 0.09293434401033662 0.04723900415084495 0.08832458060518796 0.03806908829490527 0.034439712853933845 0.0546457234489198
94 0.03803453626175892 0.08263474240003715 0.09074014714269946 0.026042100977768948 0.015202670187957328 0.038042549575566374 0.00275993995503499 0.11397456354627565 0.06791498473830114 0.11594990473642733 0.037180538062069175 0.0026441820535825448 0.00039755355340147426 0.009074533549160478 0.01137739103072583 0.11038186517987837 0.021631904182039332 0.10364985108780199 0.0245341894757414 0.08783185230377216
95 0.05995434336557671 0.02642268522943333 0.10995881185316421 8.609284212737059e-05 0.09752352595780482 0.01048651403527386 0.039989996659907975 0.047655679240418865 0.016378060601755715 0.0788190528300066 0.0810243606505157 0.019011071388349416 0.10432300981348368 0.02342159797307941 0.028831952773182207 0.04182993526625108 0.04550479691109709 0.0715678933825678 0.06546903782149958 0.03174158140450471
96 0.029936276224347805 0.006864034902803285 0.0787898105357409 0.08086198837137289 0.09069590118088273 0.037819697863353395 0.027735728485903957 0.06989892016962126 0.043951812423431415 0.016531753751376863 0.07972169933695862 0.0519061800228411 0.030114116585985482 0.05326297412623441 0.04416195345265393 0.023137076353103327 0.06019321540595054 0.06972606300787287 0.08919300720774262 0.015497790591822526
