0 0.05344396506757531 0.03949131873646968 0.006748151081234591 0.0728990158859648 0.023627131689235196 0.08141170830036534 0.08429005722806068 0.009865940517737247 0.07530691099142062 0.04598199950754895 0.07281917381687127 0.037411633159214495 0.07747014898009084 0.08454122698145905 0.029383993722006806 0.06094297665193965 0.04145384467168331 0.006487945621738765 0.06092704493984382 0.03549581244953976
1 0.07713865044607687 0.04228404932040378 0.04087793224200261 0.046017030548124636 0.08021888764989499 0.05734501741850054 0.031407205320399395 0.05505966291707517 0.04000664180941913 0.05723405234313887 0.057417864342614866 0.02462366834357486 0.08936749051592378 0.035310088653379944 0.021057583413530194 0.05097978787843686 0.07166895602214722 0.054930362799798564 0.06395997480432022 0.0030950932112376343
2 0.06439048717021227 0.01597818838438239 0.06574779958264353 0.0686142390236504 0.03367725380400411 0.06968337905585004 0.020179111056049765 0.07189419745335952 0.02392258793627626 0.06334859707316795 0.0701502400971224 0.06498985907483529 0.05997504958643368 0.048192017510374247 0.07237582194706992 0.07208807005014874 0.018441072975092343 0.0637228650722785 0.01335486176341989 0.019274301383628872
3 0.03787713291035774 0.08638061318594939 0.05426701217570174 0.09222072926244783 0.005956829261777058 0.0476815283055056 0.0007349460703648011 0.060435376255143725 0.0007434039339685636 0.0327637557916312 0.100848633728747 0.0015560993144833506 0.08016897785873685 0.006726041357062319 0.08821853492755108 0.1027111047187969 0.008971363122547833 0.03467290622783319 0.09213324225597704 0.06493176933541688
4 0.01561119407074212 0.05228438649403722 0.08227407033297947 0.04737346523893198 0.057715914154468036 0.02114212654962652 0.04141748602329926 0.05824650171798255 0.07119434598402596 0.008872826736687723 0.06302538597352195 0.07603757993344447 0.08079215601790919 0.07371320109910273 0.07546528244599678 0.041421558681096954 0.020753690157866808 0.03913489601086148 0.0016756046802564252 0.07184832769716223
5 0.06207178359437661 0.040131692381299995 0.08119589512115927 0.08409610446589447 0.036119980087023905 0.026245215204020404 0.056363682542200776 0.04259821982667089 0.0881578979433612 0.058632077982139354 0.08226417241437631 0.0015413256998297788 0.038233906500996666 0.05397357657884154 0.062198650886684415 0.030392034091691007 0.031007344786744447 0.04632016272806385 0.018889254824471697 0.05956702234015367
6 0.023115185772211708 0.031964034281017024 0.06972920124763209 0.030183087055755037 0.07095708703987937 0.07085534232527216 0.050799323211531716 0.0544929960947976 0.03367127036507893 0.03365645849241469 0.03640307422441496 0.047410641377058416 0.02472392251808327 0.061393434834565795 0.06351262262494362 0.04527678162226971 0.08048883925061999 0.07645707887917683 0.09427238379743391 0.0006372349858431161
7 0.05403638026815468 0.06677113583792708 0.06505445835290107 0.012061749801986934 0.07446303853666399 0.0682481824156939 0.06558714482239981 0.05424276578070238 0.06747843828988523 0.0637647640776942 0.03650229840984405 0.023792262075957162 0.011046437283259923 0.04485592060130488 0.052697133787605814 0.043837221142645745 0.04753567562453779 0.06528102049574852 0.007076759773972782 0.07566721262111407
8 0.048977325985381806 0.04744421246913581 0.08261802312538083 0.047904490038571286 0.06325270633835846 0.005860901825724005 0.02595201218954713 0.06262873388448807 0.07263835699552101 0.0600099918871761 0.08773007186291376 0.057551161513165104 0.046286071098438894 0.014549231863313571 0.07705956184488418 0.038324423340287975 0.05635512701874586 0.014704524335265437 0.03597324048036662 0.05417983190333396
9 0.0643641401781287 0.08431997517369641 0.00018401407338346153 0.005440837280000939 0.0335468477417715 0.05202162799416813 0.08578712894557056 0.03209423560325015 0.0679431240128256 0.022522310875639235 0.07109954209198115 0.07641033150492352 0.0023075762507996753 0.03719079750879721 0.08699731239900667 0.047155662428606436 0.03626296769271803 0.02193735895095833 0.08205710509455652 0.09035710419921798
10 0.025615559985952656 0.019370084943570374 0.08039439196969685 0.0789623337897874 0.033281679906294194 0.015056186556503207 0.08408236707471053 0.10184023792802109 0.00023228883325324048 0.0045146866122988405 0.013511498719089377 0.03964549965531242 0.06634297699403206 0.0296854383869657 0.11730072027559015 0.06718439790929265 0.011261145654695146 0.022772375339980055 0.10944557432853848 0.07950055513641578
11 0.02776380216247848 0.009812783937636706 0.08485509343613551 0.09028640577706121 0.017280928239271694 0.057674010821511586 0.028052665333462075 0.002612842361873865 0.003602097039106692 0.07020772669814733 0.06026958199967384 0.08316606615489043 0.08117514469021626 0.009957567827044352 0.09409876459811482 0.09760727494994088 0.054521752143052445 0.04528336917882385 0.07701088606308085 0.00476123658847717
12 0.06886392537599806 0.029042365043054366 0.038640273715295444 0.053059116951270587 0.031165612353654705 0.0734895471221043 0.06751967573130525 0.01646915706770178 0.06455761140220997 0.06791569408387829 0.014575161587645743 0.061636935402079374 0.012378345740169317 0.01448896885932932 0.10105912345922652 0.06901998001145387 0.049583514425775375 0.09088480693061614 0.029940785095879056 0.045709399641352504
13 0.013373182053730219 0.03792813417802977 0.07549841571650379 0.0837311330943956 0.00517302160147496 0.07526822948765481 0.07482986427490709 0.0731555975973158 0.060497043759535546 0.06883954828292381 0.04799811738574584 0.027227819672102402 0.07805746165158185 0.005035385393718691 0.06723395352172236 0.023420073549504525 0.07959441514142163 0.030773844343594883 0.06630521061474991 0.006059548679386477
14 0.08586966483867624 0.08138489665398838 0.012806571893462603 0.04958796316064162 0.01386092190746695 0.05075265518061556 0.06898477424672467 0.00757334499403869 0.053636325246535714 0.08162874031026222 0.051554543406079685 0.06950609792291108 0.02094338100860325 0.014877907136402174 0.06899240815665297 0.08347415458605315 0.07214437487945136 0.06306196151046194 0.02432983703050101 0.025029475930470477
15 0.056193143038577344 0.03490076130856448 0.013099609192566905 0.005962428573077004 0.04189340308989297 0.041413723485037086 0.10854622693143808 0.06350389278326626 0.01623121206688406 0.06641194131002752 0.08287022630051595 0.11354579503972717 0.01867899574735755 0.045593005811109505 0.10544337533188564 0.012425955016621337 0.00655449776987241 0.05195759765596375 0.06864660399370748 0.046127605553907616
16 0.006089732302332164 0.02024049467831152 0.0033094806617758312 0.041263875850837725 0.029609034815589918 0.07066274427892952 0.028705336552043183 0.030852764024041156 0.09437936734952117 0.09357707626212086 0.05140703387913313 0.06578576503148036 0.07306196190804029 0.07178294382671875 0.09062501737728897 0.08127171703479612 0.017073800888100555 0.052490296225270856 0.06985656764704572 0.007954989406622105
17 0.028487729436839016 0.06591671027373104 0.05437284372248999 0.0677204787566208 0.08062715475361311 0.05741175486071494 0.07531692753973468 0.061644472311183016 0.0224374498005978 0.04012598579604458 0.07750848215006018 0.04431486404599965 0.02330322895952729 0.08295899851332007 0.03632849324896077 0.08028247790335673 0.021492232540128074 0.0061892431619495316 0.025032607603666053 0.04852786462146252
18 0.016070039233412384 0.05859598774340393 0.014110372757114645 0.04881356789112246 0.027927287879103112 0.02148298770547042 0.0003242740643535994 0.09008461796229364 0.0783061748809319 0.07002856344063493 0.09429037570784915 0.12642918407786685 0.0009898388319326235 0.05287595553913133 0.0038428255799111528 0.02584120235926899 0.10832405760940655 0.0024414697850659536 0.11699673621420052 0.0422244807375258
19 0.023017169496616162 0.09574644771415856 0.06138596744743209 0.01430352913498576 0.005651512310238975 0.030062036402825076 0.05068551359385365 0.005488764986303536 0.10145283304656966 0.005924588461372613 0.08200518670869691 0.038297594897960835 0.06799271135677824 0.025100162066519046 0.0715210516799493 0.08115249584354588 0.02410562898761609 0.05333301607654688 0.08607388639175723 0.0766999033962737
20 0.04310779654995468 0.0030299179884983696 0.03609336073884347 0.07264275532337154 0.005071312340191718 0.01086870680953148 0.034818541560644664 0.0939817412519558 0.07088827751026475 0.0631615689801125 0.069670589870677 0.05893767356757668 0.035978444102761076 0.06403714107660634 0.010033634952248278 0.08941332337084723 0.05243877220330443 0.09314090340211843 0.009576823574526336 0.08310871482596537
21 0.07436829753612649 0.0717174608744928 0.024741445833884455 0.039157321969323006 0.041495562930520875 0.032334065493700465 0.009450644594026211 0.06787364719626639 0.015242392335897236 0.08642807203294099 0.04868153776118982 0.048060275863357683 0.08308852178524703 0.02301168517530153 0.07382714514907011 0.08557711456927687 0.05452106390223427 0.0071856143892841 0.02506747612374589 0.08817065448411349
22 0.034059295533205816 0.07598261938544891 0.0075577020238746795 0.010278270470192882 0.08663362272060908 0.0676967720058387 0.05117122665477839 0.07426612117930341 0.027587738013956652 0.044943639545853814 0.05273802893094044 0.05114049822863359 0.02454524850839127 0.03251305692040011 0.022758473887706368 0.08462708074014637 0.11596236605960776 0.09136959807382834 0.022473474938957554 0.021695166178326
23 0.022560504033379843 0.11714948774775744 0.10828563378341541 0.007357078297663923 0.06168544900653144 0.038426087177374266 0.07537435651474764 0.038517525269543974 0.06703963930715864 0.010906302273752505 0.07701678128806727 0.030977520649041915 0.03994288703656272 0.043751063995972346 0.03975665927498759 0.030895475686574702 0.1186494693005168 0.00345920437632522 0.037539247101485144 0.030709627879141263
24 0.07835641512268426 0.05129054927448497 0.05628940717324179 0.04856562355407244 0.031226397609952466 0.05097186236590768 0.08720328516640868 0.046043936016451514 0.09226920118043806 0.08905404427380355 0.08887572774434946 0.05321409811265021 0.013838625660179222 0.05134500079657743 0.07271972786516914 0.026925777117184167 0.01939342221342093 0.00684965025603421 0.03482973040769574 0.000737518089294151
25 0.003528017432629895 0.04855525177021173 0.06960589466586044 0.009744041557318473 0.05192458027831453 0.09153701350023433 0.07892828717659711 0.04931451038026867 0.006872033578479206 0.041513777312644856 0.01334903021193381 0.047375650828173674 0.005213573462280903 0.0887224416712599 0.05316824632460988 0.034479490960048424 0.07586774726279878 0.08889799188018546 0.09271572594956089 0.048686693796589124
26 0.07618074769969178 0.082592950947207 0.06332880785693432 0.08390807045747356 0.01413102796742193 0.0930567417219376 0.056565333757304284 0.0965390530691341 0.040869579301374664 0.01133490329498261 0.014619098775214867 0.09697097727195636 0.007515528228979805 0.04663270100484434 0.02175315800753559 0.04218094826294151 0.061079636757279086 0.03873712449014517 0.015568829309089498 0.03643478181855186
27 0.06758188175698804 0.007424552505254678 0.03926507868392871 0.05387249325691903 0.07857648006727427 0.09100999020641097 0.08251796022662075 0.030242533724285453 0.061323657420652586 0.04833088019882596 0.060208701038045195 0.00981676431867218 0.019437033687327677 0.05816487757032629 0.07248058426711873 0.004945837231574566 0.015449692108063691 0.0839218088508625 0.04839705496167145 0.06703213791917714
28 0.022604226448560968 0.07348725772337275 0.07093285108501242 0.034719908855314556 0.07387204489319245 0.01203686071749684 0.06491014603419903 0.017639430118416743 0.052824426405361224 0.0451349925207875 0.04140474889537238 0.06270265872882139 0.05547889556575454 0.0632067328762536 0.05320635913190409 0.07240191679720212 0.06789726057947108 0.06100249562154367 0.0341981970294986 0.020338589972464
29 0.029391362424883282 0.010253034535867012 0.024513942964419125 0.05586131185634777 0.09603378722844665 0.07995947055949564 0.07435347471506505 0.020560857914110237 0.08399098852016211 0.04003639338516474 0.027215846924461447 0.00051585295849547 0.09089607356984897 0.03948253181003341 0.022763508121540037 0.0201450158207673 0.07607394630391404 0.091222796156913 0.058134532972429084 0.058595271257635424
30 0.0621083357895903 0.04698189922079158 0.014922843595024549 0.0006334148401994756 0.012497159542865338 0.07516797684158914 0.06722942571481426 0.05661498684886887 0.0777664783174062 0.02118175321909405 0.09906466918914718 0.08184160303635238 0.00046552680454631327 0.06910263704203097 0.04389696257955041 0.07777309816513019 0.0720758022814313 0.014586661400334638 0.08655227605337716 0.019536489517855783
31 0.0017276188459782304 0.005195363056946927 0.005355240181854538 0.04957656514686983 0.11290559258905328 0.021410191381826284 0.061687200390377235 0.10869077213229107 0.021325255009514897 0.10579310380740252 0.010610845891210618 0.06404697307288507 0.0366796666982752 0.04127513257025878 0.12858241712255186 0.07421728725212956 0.07348555132341049 0.031174135078962877 0.0389214714477698 0.00733961700043081
32 0.09720481855258058 0.005915991940443711 0.10752536285039159 0.019637528686994983 0.020532290760985176 0.014811015926501813 0.07530793934053345 0.08207781202033786 0.04174911663507394 0.06370382423914717 0.05978480373409 0.04283270432159077 0.07094439502609827 0.03358567619579379 0.04971531927140037 0.008700274748648141 0.02745158694695241 0.0203670415218895 0.048008049206749843 0.11014444807379657
33 0.02915978811270676 0.02627555845930371 0.06057508061545929 0.05820738393712999 0.04249422225222827 0.07579523821922439 0.02764022485673272 0.08550554316358495 0.07788295153268741 0.08495588357449659 0.07023547501073986 0.020396865900919648 0.037358449861930265 0.03504784542600038 0.07887562623200405 0.07912875062037153 0.05216308115205313 0.022557166814154275 0.004056904061871169 0.03168796019640156
34 0.0230116264902657 0.12313964312780933 0.03210085791451353 0.00983044223460533 0.0012190069406155606 0.0584441605224823 0.08425715760178949 0.027263172824317852 0.0489149598090309 0.08046755013600966 0.05866832316346522 0.01808354159419615 0.025148041999193984 0.1034202616923188 0.06349607501473938 0.08882422069139703 0.002593227967710761 0.0660807240843812 0.025594496609996895 0.05944250958116085
35 0.008560593751528674 0.05494989478966622 0.04599300350185055 0.04621238440306789 0.03457326624237071 0.0948606046513232 0.04047508003694329 0.04594242966970716 0.08787797111877495 0.10178391055814275 0.038440569737074014 0.054539052791068916 0.09586693013210079 0.04868908051431983 0.06232048765322005 0.011216954654556367 0.008224999790246133 0.04006250257540335 0.06743235710943367 0.011977926319201372
36 0.11710062102363995 0.017240722090399955 0.002005705273697264 0.027944857231872202 0.07281046543378158 0.07164481724589838 0.08035143734251016 0.10096694998307168 0.07830999596799898 0.045121758552172056 0.05691379615271508 0.08097393323001979 0.06811647632679466 0.005198197982704868 0.00875888966592966 0.0760935399921658 0.007142033833357645 0.03573764332479092 0.003187039983772605 0.0443811193627068
37 0.110758471884227 0.00924569596769173 0.10006880150460117 0.056374613650644424 0.08386143664423809 0.07392145267572038 0.018277650939224784 0.03470977131804649 0.025746586515563483 0.07597874407066212 0.0031682316352913504 0.0057520974899228985 0.06624526513162488 0.05636003188944717 0.018882495882358012 0.010384529071296306 0.1065100292002309 0.049233627505067185 0.07253552684156844 0.021984940182573205
38 0.07887106197744574 0.06588003871431974 0.04116284764652538 0.06540179283117217 0.04017849628121143 0.010756984123884783 0.05273489941127447 0.014444882921312761 0.07644825908319758 0.03746639987498491 0.019937089771925976 0.043396365262195445 0.07641272372774048 0.06819835157928687 0.03701700668824153 0.06844617583922759 0.05233251858583657 0.02456308422862138 0.07243923386997299 0.05391178758162219
39 0.097776800498533 0.0022852772654487945 0.028749959407877286 0.014884635196955986 0.027811660061726626 0.09063734645961218 0.05562009909395685 0.0911462069010126 0.024939149463517506 0.0468800449038616 0.10326468243879039 0.10318802754380953 0.010732486752925553 0.03577109552376061 0.020605243246996315 0.031986164233889954 0.09736996397504137 0.02704458011354527 0.020773095342924437 0.06853348157581428
40 0.08347151690517067 0.055897620817075985 0.057494737421351534 0.0494105154920415 0.006563396927244275 0.0018141879219308451 0.0663822242668841 0.02467444414092079 0.06859070978173767 0.051012105809575194 0.08734697307666293 0.07816190510539062 0.0193148159555023 0.005141885812354589 0.057774897485263536 0.08635981753249777 0.07042891728045798 0.027521931415556995 0.03843191028053749 0.06420548657184322
41 0.08531711911884124 0.05836892130670792 0.011563922602575221 0.05839613152766579 0.09069942067004143 0.04773326915266582 0.06512738106868553 0.057801563627934816 0.040793576792796 0.012003543488804745 0.05178299762399908 0.08235708266869071 0.07097663871253082 0.0014463232677205875 0.035291073782754714 0.08223759376107918 0.01976378327328127 0.03334736072879616 0.0797477488292838 0.015244547995145232
42 0.030869197308583517 0.010415603815076849 0.0743467037835934 0.022861705408195775 0.08764985044944539 0.05333171747420078 0.03274170370661538 0.0884152766437513 0.008535437600773865 0.02954148197908397 0.07958664913081955 0.00703712838982629 0.017996233272166227 0.08003987326140208 0.04679713007219933 0.0787080700168605 0.0467517215657939 0.09135271119876029 0.11008358069110254 0.002938224231748888
43 0.09410256051920285 0.06860990722066151 0.06289723933280136 0.0019473064090865097 0.045022404653917984 0.03514521993668818 0.056497357353436015 0.01741866107469382 0.05568672959840979 0.02256157730829934 0.009318748047596196 0.051956187139255025 0.01629190505804049 0.09908118131990983 0.04603151178827616 0.05182502477653621 0.07955917787066062 0.045905569226060615 0.09293272450261562 0.047209006863851904
44 0.0743932719044129 0.037671817467882576 0.07843077648793197 0.024960438972611826 0.08778186215438552 0.0399032864150081 0.004801704978366207 0.06301019634619733 0.07781193672502223 0.009015661030689587 0.03773140208928031 0.07468474538053282 0.04513913101219694 0.0019178962310037206 0.08216950576395027 0.004699476580754169 0.08854647088591362 0.055110767377383525 0.09192581377598334 0.02029383842049283
45 0.030076761452844145 0.0828096285239777 0.07446956265640532 0.006449938634226881 0.060013721336390255 0.014409854727610293 0.08039883610716576 0.08068492029180595 0.06600464305970138 0.01685982299591214 0.003199866046002395 0.04580286014430991 0.06545434337555109 0.06071765813972223 0.08373537759891006 0.07078935434489662 0.03659058934039999 0.029039365792131518 0.011052882477269264 0.08144001295476708
46 0.02349706656834773 0.0436438425819126 0.011824538142753317 0.042672318353011655 0.026809464863289407 0.0699446105579054 0.08067165517199822 0.08085383145010415 0.0002452280892381097 0.06789055817969805 0.043256667724943555 0.07448180703948597 0.01319121787270804 0.08643043812807917 0.07750646085241657 0.009441764374170266 0.002790930114680822 0.0859910128251194 0.061517799122150545 0.09733878798798684
47 0.07043707563196545 0.0906640237443507 0.09391277904297994 0.029641471209290875 0.026800832211636056 0.08363450221929226 0.025007575370422613 0.06597307557227525 0.025344071619131818 0.03145849954697663 0.059407320287556506 0.037788910364727785 0.08770165790001438 0.027409570024115152 0.0608903380230301 0.02689588977498578 0.050948617480623265 0.015042580632771203 0.07872373014737652 0.012317479196477585
48 0.032179631317659434 0.01536555480376589 0.042073388041031744 0.03332222712006898 0.04785136854424022 0.09308817047311516 0.05572023526721352 0.03661343053673274 0.09539824666513792 0.09549830335746606 0.01576299800974159 0.06989834762194311 0.05715915588676228 0.01578965452406053 0.08782251047916367 0.028213092173191782 0.01908762444052798 0.028227621506589966 0.028830602911938435 0.10209783631964886
49 0.026708299339967306 0.06282433037475275 0.04269385476006372 0.03573717971781653 0.06125697231381011 0.005674461178893484 0.08762656020162846 0.03647000635786675 0.05667043849532821 0.07503473354896893 0.04365834739935297 0.011199056381344642 0.09501461316099599 0.05872784387871879 0.05378866331389837 0.04147734283327944 0.061692671225640774 0.0531812482752815 0.048037052222836246 0.042526325019555195
50 0.009369474371786828 0.07419793619109363 0.04383932458436692 0.08130833423706887 0.06158118268768224 0.05187112508619756 0.04538009202116088 0.04740784762192668 0.07372052596832653 0.07379765455207792 0.03517610267550501 0.05893190377900659 0.024588934884441215 0.08451699974262743 0.03129072475119764 0.06667351642803614 0.05181655887920312 0.04926927139600486 0.01176020623758399 0.023502283904705788
51 0.0819871132473359 0.0458643876764548 0.02284738495516005 0.01643781674422894 0.0775902925802217 0.088532204651715 0.036669306108792446 0.024525784257756922 0.016154715941785736 0.08728450544263122 0.0691259913957979 0.06824723529698407 0.08125750617116353 0.009125174410280618 0.054748883802001186 0.04447124963677865 0.06875534585325756 0.03927433092123217 0.06036609087472443 0.006734680031696974
52 0.01732044106937241 0.10636818640957617 0.013380619675561313 0.030614211430072265 0.09533089117160343 0.00039830262306887564 0.0332771219202625 0.028422864909854326 0.08232566085599098 0.04643598143244769 0.02946854466973296 0.09595698447824692 0.014878941305951632 0.006258219504349116 0.08268035942926331 0.0023208681217423586 0.09186860889067168 0.05597512651901961 0.0810042593843021 0.08571380619891046
53 0.09105908201681077 0.00818886162231221 0.05093797529989704 0.08460338514556207 0.09666115264862592 0.07870248772457746 0.0038538336091141676 0.05875042616939175 0.024923472321386864 0.04840898016509309 0.027080727774282252 0.014312909294204352 0.09272755311038737 0.08301727515324858 0.027105166016577583 0.04316258244758334 0.01190069504033316 0.04178921028744305 0.04424773388278857 0.06856649027038035
54 0.07538485058872112 0.04894662744208106 0.08539189035956485 0.049531719755828665 0.021603631475674668 0.06059313950115935 0.04672796833674716 0.0617621116998342 0.062126537862766056 0.08045408276551261 0.02814406576451731 0.032451772304285066 0.01011548092278247 0.08214774539480703 0.05052054176837739 0.05817862733436455 0.06293892399180127 0.029180886286221633 0.031755328039189436 0.022044068405764148
55 0.01494036922911946 0.015059660948768157 0.07589720406303793 0.03357975275297659 0.017767277388362528 0.06430461982010972 0.04152765195254812 0.00394797164040478 0.002515876328495798 0.10960365958418794 0.10947747417858515 0.12138275009773887 0.013250069330526353 0.029450498469558578 0.07112220889167688 0.004883896115316355 0.0878374287343475 0.1098222672982988 0.018728380890218572 0.05490098228572201
56 0.10408091764978028 0.10058452091125442 0.02544160675814689 0.05603718986515399 0.02655375546308273 0.036760899754365764 0.08076645726501515 0.0776202074259439 0.050344697080392325 0.06831456796401925 0.03423571540928699 0.010482229551423498 0.039247958018746046 0.04416996861621792 0.01647383203411016 0.026210650391648167 0.07665347183414185 0.05667332181736928 0.027250962147703058 0.04209707004219835
57 0.06217884247549902 0.014680062230217575 0.10122151962246213 0.037421982485186446 0.06261249654131397 0.04852942572088941 0.03420422752744673 0.024553097590806025 0.036199247855831666 0.03148770509631636 0.09833229619437808 0.039659117272314866 0.020731894503158543 0.11011323325030314 0.05182800376041623 0.10559918740859994 0.01101559126745581 0.005157798820784076 0.07158053883140789 0.03289373154521216
58 0.04223294573996116 0.05153349853387629 0.06815880047277885 0.061864511425999066 0.009998859312264557 0.060173780419555754 0.009898902003869873 0.005036282845033099 0.008399386265298951 0.09695876769942942 0.038701437571988906 0.05397560051714041 0.06694555679622387 0.03354368891896794 0.09651928675590879 0.07423350310904914 0.0742264321503619 0.00326423853756097 0.09911239183410986 0.045222129090621246
59 0.0012218889205525356 0.0792842897176652 0.024382385927506876 0.12059160640798465 0.04122329269843005 0.020406190254537566 0.045342874999664357 0.0424882921153752 0.11085151867937604 0.02005906013052221 0.06458054711379542 0.018670244559547435 0.0898743909295867 0.0262817589117831 0.061843855862838464 0.056871108056509155 0.05801801604133922 0.010789127865662152 0.0544189604788437 0.05280059032848
60 0.1074773207818474 0.06157399450995944 0.026234868177350858 0.0031177715141252928 0.01953778835727301 0.0455758151141751 0.06497172017663075 0.020403892334440548 0.058662374628025704 0.081069687754266 0.10499670022489135 0.020435528285041173 0.03338929277640837 0.07846869994051688 0.047359861326299456 0.021057144540112406 0.023428752433352778 0.07386406419941688 0.05044989322182833 0.05792482970403817
61 0.0823922076926679 0.034554998391329604 0.02125604944873893 0.03361407913074446 0.07597412375155617 0.031852930018279074 0.06780338182430162 0.05944628777926059 0.07095096049053598 0.06281435462703577 0.04591986143763 0.040399294573107154 0.05965666236403291 0.07112238967622615 0.002077843656759336 0.08657973116139724 0.0480017605978082 0.010411693331764196 0.08562968854218983 0.00954170150463478
62 0.08527632501748046 0.027005677995548278 0.0034764584240735254 0.06307080046050975 0.0628480815081234 0.0702748350215483 0.06428261256364898 0.04014619643354939 0.08490152092378628 0.03656703234897642 0.030991209612230963 0.07059068428583162 0.06978702976089107 0.05167792871155181 0.06138772895229286 0.005853201389717641 0.03996564455494885 0.02620256622233529 0.06804229721997654 0.03765216859297862
63 0.05816177061929268 0.005089491883552051 0.00911081456915167 0.0032088945447360513 0.04440657701382148 0.09381708521499062 0.08604706178038148 0.11026821293500597 0.07668330280465432 0.02626887761725058 0.00485170837495535 0.027821957102658362 0.05584026948901339 0.11035929330761347 0.08371794599070363 0.0021379038152280296 0.09319121599623084 0.05982872816344403 0.000784669987670952 0.04840421878964509
64 0.054647173220492 0.03640715847650871 0.046708874214625475 0.08828795558743813 0.03377567395066127 0.007055440409304303 0.001324725750835838 0.064581394399842 0.0047239642498541476 0.027476992957058948 0.030490834811384166 0.06540019847094329 0.02464025322300693 0.06586267303395757 0.07220706623992952 0.03029473916094288 0.09041537180546329 0.07305383767367966 0.08559267543907809 0.09705299692499367
65 0.0766240841474677 0.01398215383919126 0.0068590985418391474 0.07428814922749839 0.08935517334431126 0.07377221343072847 0.02352414870765183 0.10754841092681264 0.027460831190286368 0.05176109291280111 0.03068571700942615 0.04865332595033868 0.03237148021170779 0.028568646453177526 0.0914581689681273 0.05420391316924671 0.01945451460160136 0.02554636875675363 0.059331575138009636 0.06455093347302289
66 0.08057319861449212 0.034733680505878696 0.03577179986321341 0.04594755245059268 0.056550266916599604 0.015130297086101195 0.09838066307637677 0.10136249730080886 0.017745612251254362 0.10703018276421217 0.042699709407808734 0.021864561463382313 0.04241410784570311 0.025283717425944378 0.0883868749487421 0.061293543362194364 0.012992061020312107 0.06685559245920898 0.036878283283169874 0.00810579795400401
67 0.07854820211126877 0.005183048538983099 0.06185148008010412 0.05820086040996578 0.042840955223446504 0.06007417620912491 0.053067140460046264 0.04245893828501896 0.06287056924650164 0.057812813524697575 0.05480751783797673 0.00545718663929054 0.03838699055060286 0.050667492515397546 0.05588449324125283 0.055530231681425256 0.036278802254197176 0.05967469689288171 0.07084122038633993 0.0495631839114779
68 0.07168433070647312 0.013041907096251167 0.07898035684215059 0.06561324777601034 0.03735282221620396 0.058972367748876896 0.0016503443659614664 0.061733597135760696 0.08479931992881515 0.07793584986543312 0.03757846159175858 0.037647120287995654 0.041726868100261966 0.048479681322896616 0.024779730319708836 0.07064105947140849 0.023596847558413726 0.04032097011034845 0.06536441481637739 0.05810070273889355
69 0.009118111319723883 0.01486445017861839 0.04558313709918205 0.07962335331727462 0.10700352917305787 0.008153387447593082 0.09356459750271226 0.020805657240222555 0.08585809360049594 0.05839395675155877 0.04898946494091146 0.107443922299564 0.006011145849497222 0.05186333142299312 0.016721026571318767 0.07716190307637452 0.07408696585716869 0.016214448148592957 0.031319783960526516 0.047219734242613415
70 0.04239183981861269 0.02184528788202732 0.08163976687869193 0.0041915885912639315 0.04860929557092745 0.008457857224933694 0.052897123671252114 0.07659218278605245 0.003783570639179948 0.024069280748033908 0.0640629515242976 0.02732407789148419 0.09845762433883508 0.06430082639964438 0.09598336320522112 0.06392473098401502 0.08012417021456034 0.029233253031944184 0.08142808826185673 0.030683120337166008
71 0.02654443127769506 0.04474113601322722 0.07002412423518514 0.07209909827694791 0.0531511411099303 0.005694418778187844 0.06636263926744443 0.014243799703767457 0.007595414923998604 0.09746633379982018 0.046293907607810575 0.09206332675366834 0.02039687154422102 0.054232806255876315 0.03253422736403736 0.030482673513697375 0.07156742691436836 0.09121385016016854 0.05894473895381227 0.04434763354613568
72 0.06813963392951747 0.09643553692000945 0.017707308604452365 0.024553929388107715 0.016641724431009176 0.0741048620851114 0.0031868942981381474 0.029207486656850423 0.06665661949812135 0.08101325093933265 0.06443629429320144 0.05571201007246665 0.049649000082251205 0.07524758947967373 0.036790114272340815 0.05192902049617211 0.008084345433454423 0.05713644303666059 0.079194363277926 0.0441735728052032
73 0.05043240972111697 0.021254253015428506 0.0579331403051843 0.04820624641693122 0.031651861630034236 0.020348271139379315 0.06053403699195759 0.03478576542997644 0.04914361985652533 0.060692227619650034 0.08036100303876252 0.04236618024494135 0.02906558653864435 0.06067645419020905 0.0622511478535953 0.06710214856114821 0.06737754807170114 0.03511114508826968 0.045679051854216036 0.07502790243232843
74 0.060083169851127854 0.0856210527516143 0.08266398438360995 0.00868263510483341 0.0651620800723011 0.04357107147030243 0.05986617183592122 0.009234539904107377 0.017258886506272688 0.031676648156052915 0.07087134908254014 0.0517052504466259 0.08704092872783507 0.029446232625545857 0.08576213202087993 0.012231731834284101 0.060456814405351784 0.042233026060274126 0.07776896702960519 0.018663327730914638
75 0.09192503979220121 0.096285129374741 0.0014102282966980755 0.02712611534704865 0.05986576796213731 0.03295222535608299 0.0010647388460528473 0.06626865723464827 0.0298216778697853 0.08072382017139222 0.04081398545125049 0.0578597352438261 0.09568932645227952 0.06792057986016395 0.01254324101207483 0.041642884734086574 0.029321098923656825 0.04926178195771656 0.048092250342732235 0.06941171577142492
76 0.012290997746913453 0.10578686308974998 0.07000100740912883 0.10114281017178375 0.048459923422866084 0.01622582148856949 0.03353743600104975 0.011974898725961294 0.053170034930238134 0.08874140604230935 0.028443044213759528 0.025961720872160355 0.049841702044380355 0.10583987480414331 0.022267820088129633 0.02298218424351706 0.07661178552580986 0.014126757159468348 0.008442981559092878 0.10415093046096854
77 0.09064563985148957 0.057192553265673955 0.05214195918567369 0.012495425207783817 0.07601268203096091 0.05396246491298658 0.0002754155820391361 0.07703397114671812 0.09009786153444366 0.025040511796197505 0.06604127739265582 0.022934781210928255 0.03201550095582937 0.04001570307837924 0.06355688443861615 0.060429623104545686 0.07076984455198394 0.08195863482276315 0.011391648284253705 0.01598761764607765
78 0.018659684732707432 0.0899758605602861 0.07220592378533455 0.004981223953043597 0.0575349135133296 0.04532664644720656 0.07374454334414861 0.046324417601011386 0.006480990839667633 0.04687090065295483 0.07865601225834912 0.06993356583547782 0.018721587760480985 0.0704931838016175 0.08475885920935973 0.03867145875561416 0.03819018814705001 0.02833138399233876 0.02560868411418258 0.08452997069583891
79 0.05006963359829852 0.05590140980589818 0.06862790393338673 0.06822963509962887 0.04675578119206653 0.07867847341676076 0.0912031189864481 0.0213134956071004 0.07720404802736075 0.02002250820631133 0.04244572094678316 0.018056429759121636 0.07008365042262844 0.03352745989230909 0.010153761302980067 0.05558806740004883 0.04141454608558868 0.024053095129281294 0.04814106349875992 0.07853019768923877
80 0.04229847981130913 0.08266977168505124 0.07971551358625971 0.03284783024124731 0.05407123345231105 0.021573467213785946 0.08019153445199602 0.07748130921931824 0.026157969042593498 0.07280612159471397 0.061552586278180124 0.022366038139246393 0.06707868188879124 0.060283806651286326 0.04986556117509784 0.008746096388003298 0.07423801254569364 0.017491320307263813 0.03123980460813808 0.037324861719713054
81 0.05712584833859654 0.08295029340326301 0.044218639503462574 0.030833568644551963 0.07482327624029853 0.020407371389212958 0.1037399835923522 0.01994701588257662 0.05427893297870196 0.05528814428632994 0.0006973013651575227 0.07395879988786705 0.021243397154438324 0.08637624366887185 0.10041449301275587 0.07980021779294201 0.036644325133743966 0.003733880074629424 0.0027211828963903976 0.05079708475385736
82 0.07436766600808138 0.05715173171942019 0.04842583679275588 0.040548090053268135 0.04547648362639255 0.05369332871745985 0.08524741826890467 0.06428959495829686 0.05730021580945745 0.07272315186286642 0.08897679522947363 0.0754072122650197 0.03490722626432337 0.006854578086801273 0.005358851382397892 0.010842364167497006 0.017038085036530544 0.007700597857643098 0.07648260603438044 0.0772081658590295
83 0.01704111929652995 0.09067011974435232 0.09954752808946472 0.08857474350858983 0.006729407839217001 0.02191191631114945 0.0812873108831662 0.08225561788952326 0.05146372629906422 0.024976859153684187 0.09348064600463772 0.020367043794801486 0.08140468068743498 0.09729459600798554 0.021036400943913132 0.0003831176793168816 0.010088982832579682 0.01765654191638735 0.0564196732526267 0.0374099678655755
84 0.00950683028038254 0.003589670608879352 0.015954071202773666 0.08541543682276857 0.038267297467774075 0.07071506406717915 0.0503568599152925 0.09815791623760242 0.024891474226664004 0.022879819122727213 0.0629889504726326 0.03341646760965635 0.09573373408785353 0.04380987735681742 0.0986997208703353 0.0823955396473275 0.03398891886472501 0.07855744755301551 0.026983465960211537 0.023691437625381725
85 0.02535096884830517 0.0033962530674744697 0.07059673143768237 0.09795360736272213 0.0678862883270378 0.047543110903707796 0.005286014718573574 0.010790521053023413 0.038714830038340683 0.008553574806314676 0.07668338362565368 0.07809643053202601 0.0317415210164913 0.07125571097433717 0.07045419282277991 0.03381368565446267 0.09406493104553357 0.052329803729262936 0.02759803243138842 0.08789040760488233
86 0.10485048136623737 0.0958252005644998 0.09111652162513142 0.002430337859045197 0.013767326607808961 0.0425290836916642 0.02988160085130231 0.09004234016481903 0.0409061829575219 0.05493493822855662 0.10506518137809835 0.0023339102285943737 0.06775944949039288 0.007905319399663706 0.05261795051979569 0.08612461243747305 0.06551936368512107 0.023436526831720397 0.0022968843568769224 0.020656787755676788
87 0.02740708835338822 0.05151107951991838 0.01962427632049044 0.0803788715685147 0.07155057907258489 0.018031036855253608 0.006780477881195231 0.004730008108070742 0.08112473812094731 0.04926402670019162 0.08804653819775339 0.005743975694006858 0.038126212162081764 0.08011732955295311 0.03618156736404587 0.08590997739899298 0.045627475547638366 0.06362331068818566 0.08383347990506429 0.062387950988722574
88 0.05034213024205559 0.07374950667239046 0.030539787889980154 0.005640922410999355 0.04945483381371065 0.045808716900484756 0.08269063642484818 0.0187501195671137 0.05577465743436002 0.013276734208145383 0.07561369623893141 0.05646657579897455 0.015895354448322758 0.032488745044757905 0.00201905159948851 0.09717957185094464 0.08209262164181538 0.08819674015200743 0.10029745930255948 0.023722138358109535
89 0.09172316728072631 0.06070238144546638 0.09195512397188002 0.02729047465083064 0.03449495225586782 0.0017633880233053865 0.04979998673223682 0.08738498278344291 0.057573262067667455 0.08737167627517252 0.06950861941487523 0.08001101066917793 0.005102444426741738 0.0022132447494294005 0.0655036697269485 0.09235816243321952 0.031518311331669546 0.00840245444084047 0.036829633172870684 0.018493054147630653
90 0.030989452600875787 0.06671792657427673 0.015365971958470876 0.04829735595524488 0.00016060519364895004 0.02760630903010506 0.06730301122695911 0.057627496980610336 0.06438370440029938 0.013093442723370416 0.04042078810153819 0.07871732527379639 0.04929761216949639 0.07100868648553571 0.06897245645732028 0.052343764021446935 0.06768726387498257 0.07056962048199365 0.026999850844833095 0.08243735564519535
91 0.01840886071003701 0.0552802468550921 0.07541069119264221 0.030741387469545654 0.02789781691789976 0.050654735549073154 0.0059508420867365784 0.08863250107930902 0.026514265414511632 0.009365990217066116 0.08491095415911457 0.07101332535570756 0.08558390561997546 0.0739872609354456 0.0486478270330168 0.08698275687399748 0.021961505138079537 0.04490358669990959 0.07965000005683658 0.013501540636003614
92 0.04996303572385243 0.010808252365066514 0.04806303917886576 0.06728226526477375 0.06001367879556212 0.063638301529998 0.057519106121218085 0.08211424710945811 0.074192768442545 0.08078050118821306 0.0026669329886007437 0.01197907768349099 0.08049836100602263 0.036461584547781464 0.023842139517151507 0.06182964352587317 0.013029158185180766 0.046708380990516114 0.07512512518233122 0.05348440065349842
93 0.015407076481701842 0.0674318055815157 0.03327542559970036 0.09648771536764951 0.008311027572899938 0.0906862185250497 0.03955558376763908 0.005742866216998858 0.0010322638488525484 0.06315304570856892 0.0029470748876807363 0.08135684131866877 0.09910404449786792 0.07473719840687519 0.07463775303332444 0.04822986680532568 0.006254494753108157 0.08687739997665285 0.06868106339540617 0.036091234254513646
94 0.0426420053677697 0.07906938277730949 0.030078190235200895 0.09087622969263906 0.01040231583972437 0.04424800908825616 0.0920680811684638 0.049374493504345675 0.029603771951461227 0.02708847193284069 0.00868835125804538 0.07864922732499016 0.09118694877135916 0.027716518098613203 0.1046616400113546 0.0884504181893827 0.049212678825376284 0.05146616844156742 0.0006735442097924638 0.0038435533115073876
95 0.036726284108233025 0.050495193871114695 0.01322634373364606 0.04500205037445182 0.07262222712912679 0.06515755448400957 0.08957140027349479 0.016793606841900455 0.02191689226547767 0.09054336622530629 0.06600543760093204 0.022872058405636397 0.029595042855721947 0.09014768877693384 0.06207938276121112 0.0750681829928175 0.012466722428439388 0.04969999468624453 0.015563629633036494 0.07444694055226574
96 0.02653567003217332 0.08318959230803166 0.06604218292051375 0.014603986121535455 0.032983860770585426 0.09992653764923436 0.05639707473771355 0.023106193913810552 0.07687557013754735 0.10951122185467745 0.01036988148154703 0.011820016472127636 0.07166028235813018 0.04357642539621264 0.04705197496967389 0.09081214094805352 0.01334441724437751 0.08343844666665551 0.008575191402255308 0.03017933261514397
