0 0.007637306634406738 0.005208272600220212 0.09205662661813892 0.061510839338508566 0.046959646908586936 0.02452319938692868 0.04294261339253977 0.01748224742360447 0.09236747173818062 0.06150282352612215 0.006355228621582204 0.05482748211041012 0.09405353326646632 0.0663511368025943 0.07963916945755639 0.0687861510164385 0.0012663518582315813 0.06586960461123514 0.10158304916169596 0.009077245526552513
1 0.09105462443606147 0.02617750809919616 0.03509587202538204 0.06431509890409251 0.022504087609501355 0.0888305805973002 0.021087283776807526 0.024678488243389023 0.05916947866826059 0.03093436577814233 0.08489492520870032 0.03289817298426 0.0034112417056912582 0.014257233352562067 0.09108829471601487 0.046276404121314015 0.07069054169845615 0.019006243684986393 0.07851835411658237 0.09511120027329938
2 0.0901746039741867 0.09046441633080679 0.007753067734030222 0.09085101262613104 0.08243343268798717 0.027058193898329332 0.05534833807547495 0.020304626203600722 0.0896436810109879 0.04594549467954465 0.025280869911105938 0.036955937372031344 0.015786168537605345 0.08543539705578401 0.012329739379546022 0.06179080270687454 0.0359399735300466 0.023234375889742257 0.039693902899412825 0.06357596549677162
3 0.07863946820735149 0.010441190108639779 0.06449070173732832 0.05191994780928149 0.04698707718246762 0.031162012518237813 0.06806576564263601 0.07685103600818416 0.07470874767780615 0.0384159911220463 0.056533706511497014 0.021701072257733267 0.05256023825106408 0.06430407103522467 0.0014030437368961802 0.05300813372381109 0.07415724969010673 0.0023842651004033068 0.04998064947171486 0.08228563220756975
4 0.04419733413440572 0.06762737421119248 0.016291787990806272 0.07638587965879311 0.006411876324974883 0.07911317003416515 0.07360153815748009 0.06738549431092121 0.06648896053843129 0.011153805284850679 0.0859801748372719 0.003033900435664959 0.009212545617353574 0.0697110955508045 0.03556405797766934 0.05796862599456022 0.07573504516629846 0.06125414119883869 0.07910988673717467 0.013773305838342728
5 0.02567104250179485 0.10513373343837756 0.0505305526234376 0.04474823503729853 0.040565352908547396 0.06572013813425738 0.02665113278395256 0.09494911350592211 0.002343457837652889 0.02666643858508364 0.03421871459446014 0.006246915029904708 0.04090616113025255 0.1273431332031854 0.009798464537112772 0.08314406345586246 0.0008848951442068083 0.058862494435033046 0.12614623581457085 0.029469725299086813
6 0.08913402466105698 0.0033690906681749 0.07970374409115337 0.056827677387127795 0.054257236989847045 0.07888453937616105 0.020925744218154248 0.05771884212163971 0.02872711505595092 0.08531011421695596 0.05954357297594618 0.03231454351666004 0.07323201958420221 0.07032377043503829 0.03433034287590635 0.01682854540860155 0.012546341480830612 0.04202707167618986 0.020212691921690784 0.08378297133871196
7 0.03690223221588643 0.0324642301934318 0.047603394939171303 0.021534772668247496 0.018545054930271677 0.05072768323030969 0.057284728837366954 0.05872333564252371 0.03463658196811214 0.039755053919422204 0.05474240455846202 0.09070861590768854 0.07842707591535562 0.04817359182228137 0.03754138066194247 0.06594283976032729 0.01828196182259009 0.07486356274571226 0.056337396366334225 0.0768041018945629
8 0.052624783225967954 0.0725596158876368 0.053988830770216496 0.07226742034323241 0.024087852570201126 0.022562763244909096 0.014593318481685371 0.06099644585486357 0.06821379194208639 0.004799106173118071 0.09647236485601743 0.04648803177739854 0.0441690079554136 0.0012097390417192184 0.08722302588131152 0.036410174750098716 0.07057876649286057 0.04079028404967427 0.07103744225935787 0.0589272344422309
9 0.05472247222906274 0.032100376338478315 0.031053083962260197 0.028786995765860315 0.0651431333143153 0.07214738144670924 0.06510361096019644 0.07812418184695216 0.03887468018122682 0.008030918312928978 0.004416458696117929 0.054195354273627504 0.07525760921222804 0.014779083040148095 0.02436880296483374 0.055544210140928765 0.08754843532199028 0.043476734373232295 0.07897901474910292 0.08734746286979994
10 0.09220135243083066 0.052312027198220666 0.0797050844585035 0.061665382608705264 0.08284503802121217 0.04921143594640461 0.0013597350451586567 0.003244539590774956 0.06417571805138537 0.08524811873089594 0.004420555351579739 0.06929993644065356 0.07836836645573306 0.08799635413767694 0.0011582606404835897 0.008214665402436623 0.040932598348378146 0.04030802524638847 0.0277771384945311 0.06955566740004697
11 0.053875041730065805 0.08471064469782842 0.006579787451463559 0.0748001072376336 0.05523310085743859 0.009939538042409348 0.08279982209410369 0.08990060447947115 0.01637642490549026 0.05763656796148585 0.012106230236044744 0.01850323169801899 0.03481942209113141 0.08347657404540014 0.047895573492220546 0.07743193896101294 0.04573602203510356 0.017927588760028805 0.05858321125471871 0.07166856796892998
12 0.08725814087799381 0.08142766995741468 0.0007878059046728074 0.03465756809770574 0.015660856421097442 0.04580938690953958 0.04044564458219008 0.08334161726373929 0.031558329758613175 0.07725510715488897 0.038870331049852096 0.017873701477054003 0.08482361820160146 0.07403592248540837 0.004793549977905708 0.038250734970946755 0.07459368694307766 0.07092786974503079 0.020041832551403734 0.07758662566986385
13 0.11382347920492364 0.04908033657937368 0.09128924178728146 0.08524720809557113 0.08261653985285503 0.036520175564693384 0.011299982238017831 0.00796324210760669 0.00020507106503387507 0.09537090838024069 0.0009085021297345662 0.04094220734807934 0.014539985056664257 0.026479606150464536 0.030811983328288647 0.013762044824782514 0.10205405102315925 0.03530586955431997 0.10062974474652017 0.06114982096238934
14 0.06603654207262706 0.07765064502441338 0.04780752343881408 0.04246809241718937 0.05153095759297785 0.057792242344435064 0.014313577224491128 0.03839728080208908 0.057963823235347246 0.0006150949317841632 0.04335136369151336 0.010885647818256409 0.03171120794990667 0.09311107246489261 0.10084510376657177 0.084419141828949 0.06169720632985053 0.05988545068553946 0.002426178627562221 0.05709184775278955
15 0.07346803507595785 0.025329449432885252 0.06999971683867454 0.0325482283513435 0.05805073864348791 0.09063555137521519 0.05709063176835956 0.05418206921321771 0.051365496199687805 0.08575360617567354 0.009487485471251616 0.03207180840638821 0.038393691826259485 0.04265086116829707 0.07247861808413358 0.04896327832860618 0.01141748679816916 0.05602301177974584 0.057332740358950966 0.0327574947036949
16 0.07163304904092832 0.07864565153226136 0.0870353560517487 0.08622701416264822 0.013172321450613289 0.03516076324057454 0.02542273419877627 0.04777173219081735 0.01183761994651604 0.06940948249732769 0.02593471675318619 0.0782782612272479 0.020494757225392082 0.01924890255757109 0.040984398345928506 0.0634960076029453 0.029443772571562714 0.06855930493571781 0.06930804680377979 0.05793610766445683
17 0.0574673169043083 0.04656826937338576 0.06284466946858538 0.05954874018497875 0.07622162616773817 0.009800488212102837 0.034022364804612695 0.08654341961168352 0.025021405337981778 0.08259004017027179 0.07844099204875436 0.026489296582470963 0.007926324563009816 0.09826452696282519 0.055263320491863104 0.043755825374989385 0.004854717846600608 0.07774042695829772 0.014879027592243587 0.05175720134329621
18 0.04538679704699524 0.03683252565179495 0.08421815751892432 0.05045969232439617 0.027100940917079305 0.07334686473050855 0.062217415102938 0.00424425072310299 0.039212122042165835 0.06493026297995487 0.06891017690977588 0.0981461747214365 0.044411483319631836 0.05956482288030949 0.0009187686727323288 0.017672429048757814 0.020055335166800536 0.08445766581867445 0.0934854582529865 0.02442865617103442
19 0.06537158121983229 0.03768686266399936 0.03332402392769229 0.0376153428510382 0.0182663386105855 0.002546946201701066 0.05591051815717501 0.03908638043039969 0.028635870468051453 0.09909833285913149 0.01991480612144655 0.10353937063521655 0.048398326799894434 0.0582030783278966 0.08692567185570436 0.07535643908099446 0.017225828236968558 0.03313913100339522 0.05942125744229814 0.0803338931065786
20 0.0010366237428180223 0.010178933880614898 0.07213376662566082 0.09381866631650106 0.0359005463760769 0.0037311042927269007 0.022429135370039165 0.07551690365523646 0.04709556084090402 0.09263378998592613 0.07740134555212799 0.0013308365958352591 0.025060850063874276 0.06717908899678483 0.07180510103184713 0.06793551729231717 0.047382445846458274 0.034494494041735886 0.05621760994579573 0.09671767954671927
21 0.011306744770339881 0.02889827705631549 0.09574789719407273 0.05145741858428084 0.0375872383758324 0.000550194193913552 0.08373051510174352 0.020039450621336687 0.0235633806542449 0.04334915140705397 0.06030539114200606 0.0009067797613991223 0.09346398863151104 0.05479498756901724 0.019220221654751183 0.10097537888024494 0.09843178428441836 0.027088064075061598 0.056382304316076805 0.09220083172637976
22 0.09305567981254745 0.004938030467937239 0.05197637686373313 0.07859616476470717 0.08619573790614578 0.05578689891661582 0.019929627746908544 0.09355666068299626 0.037850872635603515 0.0451490396228999 0.07406467608633743 0.007963521905292419 0.0261650038290155 0.036183004128077165 0.061251188917315 0.002066781125252884 0.08901406710005388 0.02888649585454422 0.03579463709038913 0.0715755345436274
23 0.00862999912877281 0.05993541640232005 0.05909313503099266 0.04580806123228486 0.03600909065016153 0.041919766889820485 0.03300656260951217 0.0013500192225156715 0.0030834098332630567 0.0997378300296574 0.07255680083056189 0.09573426110583576 0.0360005194667014 0.012173584225140546 0.08182675483154501 0.09687211170110908 0.06529846854273157 0.103916160389178 0.046534038593996976 0.0005140092838992049
24 0.04983863434455223 0.016152101114835907 0.07986344072873006 0.0830399861097224 0.06500613453288845 0.08664770159683768 0.013939209216165512 0.0238891640934892 0.020762102632718358 0.08189868733846918 0.003514391647373249 0.0874009945005963 0.07225140905271907 0.018761556281948984 0.05646176938902111 0.0721682633935468 0.049978400463806846 0.009547359711126835 0.03917924071194371 0.06969945313950807
25 0.001954914874389303 0.02288665826327251 0.047258218652009715 0.04770733236367201 0.015530938608490613 0.013108289390169774 0.056620857188504084 0.08019278560315235 0.04262848253895698 0.08821267629679658 0.07588511922678158 0.07013768917630206 0.07872765100047752 0.05698032161226448 0.03843831594621876 0.016656497866578135 0.06787934404633925 0.08637658962160319 0.06457095530883525 0.028246362415185893
26 0.008211631026107074 0.05926772785167211 0.023194861674749732 0.0007709503181852038 0.055997384193103614 0.05764040299818222 0.0036330586280921176 0.06703375547783379 0.0772306280077118 0.07742046096699957 0.040028202738339194 0.07710880315620074 0.011460748175766 0.07049214783360074 0.06961013984235011 0.06928692842651125 0.05594063884190198 0.06772293065077911 0.021377832763903745 0.08657076642801022
27 0.0865480716690158 0.03111367157011951 0.11409670340670591 0.045174909455179234 0.07838482601920588 0.0596662137645639 0.04081067112785412 0.07270166613517076 0.03351029658640808 0.017574048297325826 0.008387944154674174 0.027424494349976236 0.011065521022453334 0.023085577844724585 0.07267833331929192 0.029189982729045022 0.09548812336669474 0.06690476678446075 0.0022872568895544276 0.08390692150757585
28 0.028794865854810146 0.004799277302691617 0.04667331967417592 0.0764922783858045 0.06385868766320892 0.08645733693833875 0.056624115254691694 0.08152092125453367 0.05313020091829466 0.036638625262479886 0.0568497173541389 0.06877608945495287 0.08914742486011787 0.051015951482855 0.038655545803342496 0.004830006489532369 0.04876469004438909 0.0035312698725675786 0.03140140361722601 0.0720382725118481
29 0.03235656499627853 0.08654553967253706 0.01082435373209964 0.08012673732081017 0.02288558710591954 0.07253927778750975 0.050058196897721695 0.015496602905855632 0.07002271113247839 0.010118519537225723 0.05194673498502235 0.08385764183045889 0.035404772219674835 0.06720224271187582 0.05017986460650481 0.003353941346670194 0.053517172597575276 0.07565026918206921 0.048807613747071814 0.07910565568464048
30 0.07843179232261355 0.0017772191480351569 0.0032346959865654674 0.06203067649301689 0.0013738923152101386 0.05558215434655112 0.05791431624498831 0.07330811726323691 0.012827471320499873 0.054193168750705706 0.00428277756073211 0.08491721935648668 0.0755918558615537 0.07507852259114155 0.06665422500293477 0.03718521122795097 0.06359082951683236 0.08126023952696454 0.08033802522354168 0.030427589940438628
31 0.04748202695457139 0.03508343056075931 0.08210655668836085 0.0812919578051275 0.018525940373363428 0.04977296779871598 0.04564923950736526 0.021680051154488254 0.006614228918460919 0.058664976694292596 0.014696982139703985 0.04856116429712766 0.05330781165433521 0.034103222400730576 0.10580109710455261 0.07196982502834363 0.08643517835492916 0.014003926388372239 0.04952018453508905 0.07472923164131023
32 0.08526844181182719 0.03048159789563141 0.08268941452645871 0.0625224546073666 0.030933446878414407 0.06611495205074587 0.02638145542009652 0.007862294667006931 0.01576661588104278 0.0530630140010351 0.02126066306460543 0.05725007096304016 0.0018738426340215476 0.06487038143356694 0.0722889063357291 0.07523984416107277 0.05676548295980083 0.06113750130124324 0.046126917529585934 0.08210270187770852
33 0.04789253456193186 0.0460657772484189 0.10568956673763044 0.001003037998014333 0.08214664151431479 0.10822330969191386 0.028366256712547253 0.029691225692615668 0.0728617748674089 0.0646050658799696 0.12981791744193646 0.06079281131523138 0.0048675020498858326 0.03233020537437878 0.08612105310010087 0.015957231152275052 0.02601121182587885 0.004283324430105728 0.03529966770996538 0.017973884695476526
34 0.07549116703087451 0.075469619044753 0.039800281143252805 0.063224543043726 0.034669457257666944 0.08269033978977428 0.04148798986576258 0.07766689793342871 0.04474146115482648 0.04538550483075374 0.04017939870719478 0.06984129325295772 0.058930084070228546 0.013440060742103925 0.028814454306385982 0.039882259741980015 0.019668240086084473 0.04165841575519804 0.027985897663927287 0.07897263457912006
35 0.06413327324070617 0.0980031109638424 0.02340540546931291 0.0857316370613076 0.013786944698875302 0.015315369744040243 0.007578231203015895 0.0735932015507798 0.019304715235911506 0.06504577205871194 0.06692086609618599 0.005929106443877042 0.0837685481454396 0.08726107822261175 0.05915590339777216 0.05059716114397582 0.044795215397628305 0.04673411920381442 0.08299234031721238 0.005948000404978969
36 0.015354850842582599 0.05290795291284314 0.06249357592187672 0.05052356999935214 0.06127306661943707 0.06580260822400498 0.006063930137206818 0.06958937676194257 0.05694691152620346 0.06455390652059567 0.048568886645478454 0.04195083587648305 0.009392906923634427 0.033742814724500345 0.03188658838479286 0.06976573093279008 0.05539985319033226 0.0651835743131019 0.06855278620863607 0.07004627333420528
37 0.026010147516963334 0.04541664499393235 0.09665909824457421 0.06545419333626122 0.018998968591947628 0.04963930338096491 0.015528332178629601 0.010412887659739545 0.10287269013234747 0.10002825511857058 0.10242895989505671 0.005675390076883061 0.0797755631029264 0.03401926761937748 0.02102191056339964 0.0324013038601028 0.014813615840023454 0.07703219282082421 0.008314983233425763 0.0934962918340495
38 0.08997289539936582 0.028651214804166235 0.06328825544174628 0.07764528996406239 0.0529718865878539 0.08907739389675992 0.005937649806972518 0.05358608704337437 0.04635590674325069 0.08944325175898336 0.06490952461382395 0.04124222473213731 0.06466951030463988 0.007197236221845769 0.032655956244864524 0.07180574626287477 0.06555007068851211 0.018345206084633657 0.01404115490578654 0.02265353849434598
39 0.0718745170241122 0.09125716482416477 0.07296343208629118 0.05039929302388837 0.09359941476182063 0.024673019390326175 0.046140808906967284 0.07023869601476744 0.020484639248822174 0.02263013587948562 0.04318165607604415 0.0077434854658449 0.007040102820113328 0.03957823363226779 0.04748327513540613 0.09432447224449164 0.017923876542684063 0.057266101228335496 0.0896579393892416 0.031539736304925105
40 0.06059278292678305 0.12071054051254419 0.008383766586282157 0.029349075602764875 0.0568541348402965 0.006387397062526913 0.009173577868556273 0.05180852153366661 0.03340383951891983 0.04991086231525573 0.12099209241952374 0.0113603713620189 0.08523536764359962 0.016561374365575417 0.06891496482927216 0.057154573288993385 0.04403148866225713 0.07926387421336031 0.045027084090333555 0.0448843103574696
41 0.03320689935764424 0.013966684169410586 0.07437480710033398 0.029006905333301854 0.079977148270457 0.060105336427544793 0.011012314028353329 0.006368355338242886 0.0769072526151509 0.04544220265526611 0.06201235917707876 0.03579064977250563 0.04857497095536879 0.053933935450590546 0.07104193981397103 0.06813232902437995 0.0287443273944228 0.07036419506821623 0.0769967521882414 0.054040635859519175
42 0.014690320017802985 0.09799022677103796 0.06722508437368496 0.027021476256476953 0.03296717120794325 0.01766444378159673 0.09581850417839119 0.07538865841933709 0.09376300765000878 0.06586037203485173 0.014917648993302765 0.01919989072783387 0.07059316755680194 0.053057528067525846 0.06086051654017451 0.0055427468827920065 0.0714060715931049 0.014370784989760478 0.06567368720837387 0.03598869274919799
43 0.002026185590582544 0.08079151458368954 0.016560955074487495 0.06228760493350417 0.08314674531685028 0.0820768975050903 0.05413402835202069 0.06560030564972588 0.03776389325159855 0.07335473905575338 0.06182432155332252 0.00994968147049852 0.016055552922502467 0.06281579532979892 0.026361949689791452 0.03791531889437061 0.057847732655667325 0.07502638231700551 0.017891393337386 0.07656900251635383
44 0.08972044535192955 0.07492848338879396 0.10554878311549398 0.08093087653214444 0.0031279829234629585 0.016301292575484 0.07155364373520379 0.08741683400191497 0.017393895923082714 0.0025873884072280407 0.006287376628868895 0.0330469159722418 0.05817934152220723 0.006989060057131574 0.09956403854168806 0.01264439710440006 0.09466111541038122 0.03982468869517673 0.01889906488278668 0.08039437523037925
45 0.03200907635390348 0.07377350689334608 0.016200144759300535 0.08941552020230505 0.07106159476385648 0.027017566932599626 0.042767233508618906 0.03138276562228138 0.0487347557703798 0.08115318782446376 0.019148567923859196 0.08407439456349734 0.06182334218912289 0.04398135201758813 0.03648237775939657 0.04597640607252522 0.07600573783448204 0.07840586370090691 0.005861327628461805 0.03472527767910497
46 0.04085698790296654 0.08287618592354638 0.048544222694280534 0.06602204926456848 0.012347345705559927 0.004119677094032255 0.06736750600141873 0.06811186514344256 0.04282692758292962 0.024715441904269247 0.0797920833956871 0.0048798941926385675 0.0671096854736565 0.033786885599044296 0.07974447871887287 0.06406936000288771 0.040229823466567796 0.04142697591436987 0.07671583185862504 0.05445677216063574
47 0.0046281138691937045 0.10271436547614764 0.035627290994012295 0.06446667462669957 0.10346975469211551 0.0015744930774395948 0.034059094820543805 0.007458543353591339 0.08429449969735872 0.04156999636924785 0.04105192696836922 0.014790754859567188 0.03876780234461924 0.048337375208381626 0.09868122279060898 0.01510206948068517 0.10924268148988674 0.08545193108040912 0.028919054624055612 0.039792354177067044
48 0.04917739438772302 0.020296340106110103 0.07121540074037754 0.02764990090217557 0.049435181341946764 0.08956789312686185 0.0023865671017942246 0.031447309033802336 0.022236155831651356 0.004982943653513042 0.04452655998729803 0.06966456156098935 0.08415323034638557 0.05263136164780836 0.06881181651211693 0.08826238904696808 0.05560696922701054 0.06498395478613099 0.08740126770530031 0.015562802954036017
49 0.0914996690230825 0.0788133681833337 0.05875540270519747 0.02174253661897688 0.012820162967288863 0.05812482140808221 0.012185674237732855 0.03311239699476008 0.04032138894005991 0.09344233383542512 0.06342966327766346 0.09887967214567733 0.07411598716241373 0.05053625544884604 0.02208974803483221 0.004858187550481087 0.015885816083949126 0.05903787599843408 0.037490492595325796 0.07285854678843756
50 0.059342961006455905 0.019003447336740868 0.047827526984297306 0.03228764239028782 0.012917241268333017 0.06688831788544251 0.03819249225793455 0.07074450260286164 0.03846446066504628 0.058104667759874315 0.08991560448007827 0.04042448905990958 0.028518768990740687 0.036886024177099394 0.09011745667372774 0.0751969180077265 0.02557954945950179 0.03530661890265883 0.06661359002135808 0.06766772006992489
51 0.0493428886327465 0.005144966645630526 0.06738647615784818 0.07747210552583973 0.04734427175372718 0.020101269937338864 0.030659637976397855 0.006896552588604322 0.0598807276062925 0.09005976017583947 0.0244085063303032 0.02900078169505842 0.05750041006776322 0.060736248584473296 0.04140869841472756 0.07649914552584436 0.07735665360495894 0.0751184422985347 0.012563553994488667 0.09111890248358248
52 0.08123301723046805 0.06079297989143106 0.0712552430308565 0.027888188031176396 0.038520453520586334 0.013037464914634497 0.011316316868872092 0.032110807534763815 0.07486518783414702 0.05392384986629004 0.01891914665542798 0.1039322262467141 0.07213837261392886 0.09625998407152747 0.03022743496514916 0.1093237510065253 0.020972478897903185 0.0008536504145550169 0.04597390727731703 0.036455539127725964
53 0.09826484146044608 0.09364415996559018 0.004256150781271881 0.06878406621225702 0.02558212267639645 0.04561905014102606 0.0838299436967812 0.10423844475386784 0.10790300286944712 0.10985824932546913 0.023828074369099984 0.004659844824843657 0.02422963790932041 0.009737252311588247 0.014272346860878778 0.0799141789431142 0.02298033141244951 0.009906275411027442 0.04282792101401442 0.025664105061110522
54 0.05573481607905138 0.02848567052009065 0.08805791904443509 0.01338482169753063 0.005402332759510693 0.08515975269699014 0.033322177535929025 0.09531166817546743 0.08683322700410542 0.05834031065540939 0.07110909870918744 0.0011333794282642905 0.05874365151290214 0.06584106130555588 0.03761550945483446 0.07603642061208694 0.0856475761112637 0.042460451695092376 0.003037519408188332 0.008342635594104725
55 0.029275860453376327 0.0673678338691718 0.03181950818353917 0.09014425391702774 0.03663214573301141 0.08604655959741529 0.027484405454855823 0.006004943285257125 0.029491085090007335 0.01681231968043073 0.0744422466210091 0.05480284436049618 0.0431799721935715 0.09331140366497166 0.048379197408144996 0.03221930001849696 0.08477528498959454 0.02014982090663807 0.08499609366721729 0.04266492090576706
56 0.06261928160373009 0.08513556472494409 0.08749095217822463 0.06036521505473948 0.08378336413940071 0.02340201523408877 0.07638842595708792 0.04056564076381221 0.0003118850099830993 0.05826147240868013 0.0032983546237256513 0.023026836914431862 0.04565848703877821 0.02934839739732598 0.049907210490629995 0.013150007523889742 0.04077894805956586 0.04855451612202862 0.07875015399224407 0.08920327076268887
57 0.03678283097553807 0.08120130816055902 0.04181898810162338 0.0883104717640941 0.02986166257966114 0.034835745544056274 0.09031343594289057 0.0996820000083308 0.001426929246917336 0.02889921618671546 0.022125476481310052 0.04687111289061949 0.08984298717535096 0.09088914255829607 0.06763619290484967 0.08711275004547236 0.003610965971737642 0.005985280855118534 0.04181110748463922 0.010982395122219678
58 0.020569400565355406 0.024187693304297188 0.0634162778287687 0.00043571061873048933 0.04748159847459727 0.04945514844491459 0.029318199564166477 0.049119417169335204 0.08964618033779545 0.06725591065137003 0.014776869604681688 0.09800121921559561 0.017701110245070362 0.008885311940783168 0.028546338435377752 0.05039221744421618 0.12496516545813319 0.0028139116775245518 0.12023098516287767 0.09280133385640897
59 0.019468439608420658 0.06261846931233828 0.08594006968120868 0.03730235018826334 0.06737306043533543 0.10384756363581063 0.04327083581279543 0.02627242360430736 0.0415731991483138 0.05428183938880157 0.021741995364927883 0.003580369880652543 0.06998676950400648 0.0752166273295774 0.08620705765156036 0.01643509051177607 0.008712675970565468 0.005567067137944392 0.0947924366189001 0.07581165921449429
60 0.036614571686146555 0.033603285096309825 0.07279134100149409 0.08743608843151456 0.0468217527048885 0.01429788715705957 0.04024992055477571 0.06638915897860002 0.023993841723526328 0.01862694660370235 0.06224882024186373 0.05640108839437318 0.02842329667322661 0.07501657997430021 0.062467265209665036 0.08440078674952335 0.001517419963491406 0.05079988799428769 0.049736364707934126 0.08816369615331711
61 0.02827574842800883 0.09654997683233042 0.06779726751565783 0.010118150003824815 0.0424006525529784 0.01168824684012231 0.11102656110377167 0.02877455349396521 0.01141445073415567 0.10519056710981502 0.02294910473650621 0.03813255719398837 0.09326605147096846 0.007274950097061621 0.08578437667569118 0.005098210819532303 0.09483160250579198 0.031398438606609944 0.07524790099855476 0.03278063228066501
62 0.05611720079447323 0.0917583653474516 0.013672608356046412 0.10830827914846565 0.040594194004237416 0.03367558466467988 0.06100203004848752 0.0415381484915287 0.01596336355086641 0.1123443645861922 0.03382969867503617 0.10130245951756835 0.008376943840337395 0.05313363851401906 0.0007678100365732443 0.05589292683667999 0.038570683529475305 0.006806794577352973 0.021391123636111835 0.10495378184441669
63 0.023491179629905375 0.016271761242788577 0.03847846483731563 0.04016038209575114 0.02020270912204129 0.01748156788452019 0.0758536614208455 0.0883333499008142 0.017506336549055274 0.08189467888057564 0.016608577601883476 0.08319187569123729 0.01575515754245845 0.05610350235707478 0.07753755020629889 0.0396077851036432 0.0485459348509309 0.08569791086867783 0.09457197854560735 0.06270563566857484
64 0.03163659564728912 0.0009974970379940393 0.07117122354758708 0.10122310768072468 0.09772016973941093 0.08773072876112993 0.07966222683352035 0.0910584467493941 0.10482689143163189 0.012568421824071765 0.007796719081203006 0.06637968821217041 0.015624371640175239 0.008031461545539853 0.09663775361641049 0.01965468451669824 0.029655561578220108 0.01894551628671281 0.004005993613638298 0.0546729406564776
65 0.0052840906916173346 0.0282209268663689 0.026594017674917703 0.04430766343718478 0.00039985190443526974 0.09376284241141204 0.0019045837520477802 0.0637928867196837 0.0739199596082112 0.053109657199779475 0.06054115827893802 0.03635259089495107 0.08768606583157083 0.02981823369487612 0.017535554414317676 0.08324330733312582 0.09311651665767522 0.09289776463653734 0.010458556763552455 0.0970537712287971
66 0.05516728724364558 0.05324667141030689 0.05845288830493728 0.02347275834829186 0.03928962572823417 0.044922952384141665 0.0500966393886892 0.06353978487544464 0.042786825543811975 0.025766138283090552 0.05555133810669369 0.04566209247477666 0.08219632469009704 0.07148317896302482 0.06503773202930462 0.04681442250691638 0.03909775674494679 0.038512549362937985 0.06218006246995651 0.03672297114075176
67 0.00833532587504805 0.029896783730292083 0.08295070608168513 0.02413597254489041 0.07309351946018883 0.024267196410210055 0.021105957780292766 0.034043543062885234 0.04710009795246384 0.1001094660005255 0.10910071164776254 0.01923927297063861 0.06373163717715126 0.04286688683965752 0.039492117770692566 0.013647654981529206 0.10733595744479377 0.07926830264730289 0.0415295276482745 0.03874936197371531
68 0.036706023759028227 0.02158324452920625 0.08549238055894295 0.07548049413570465 0.08935891304701897 0.0338151234613354 0.019476255188697108 0.0681667114492801 0.06547849399021125 0.04685341713412851 0.006117221408344039 0.012370130726077058 0.09850260555298158 0.03549830209070658 0.016173063108283384 0.08571969341303175 0.020001487604811886 0.05312076206645988 0.08531301251588402 0.04477266425986618
69 0.04247905406032509 0.08179531223451932 0.08775461842557293 0.003423203283580982 0.0003214296664231535 0.06508485779456916 0.008068539026851175 0.02570653482471663 0.08965267805569865 0.0993788075023641 0.07310585872189967 0.09812511912428006 0.040454558568191905 0.05927963663851567 0.015642714950672622 0.02861172680953459 0.04000696478203176 0.011523695702359487 0.06907631524362459 0.06050837458426852
70 0.05725725915142704 0.028890264357636926 0.029471658309065007 0.04355818743886655 0.06310551411009911 0.0438460061630301 0.05178797191177983 0.02679365307467401 0.08626777645896565 0.0718735794388606 0.05750420531293039 0.024914087855127057 0.08463121358405865 0.030405757871057242 0.019474152243114783 0.014855854202765202 0.06585656567064845 0.046697697364778176 0.06786967536937503 0.08493892011174031
71 0.09682800257583685 0.004702253799500337 0.07957900924567869 0.04478610323525481 0.08671315440399163 0.027578278827710544 0.04018322426385679 0.055838455896925654 0.016044492747221237 0.040583260707434454 0.014485994511177375 0.022718288162319997 0.01938549183359409 0.05959386401609109 0.09481012051907803 0.03727715472101805 0.08752264231812475 0.04630126192259948 0.04047216516550534 0.08459678112708074
72 0.08004319290469793 0.022954647573928833 0.04176481186199578 0.0017492836492712365 0.0029116515910945053 0.08055699543946541 0.08288874375251498 0.05137734953604557 0.07920734457475949 0.007002210997084257 0.083406096441937 0.03397722601343596 0.056319759288693746 0.015066212250490044 0.03132340930427526 0.0326848733964775 0.08141923996756467 0.07839450687391272 0.058426573503392046 0.07852587107896297
73 0.09458976901474024 0.054208570136181085 0.04190726269967335 0.01963813033020672 0.03006879752710731 0.01498771292850277 0.045437787529950584 0.09397512764466671 0.06297913713450362 0.038749904498219016 0.05289769137484692 0.04161648115708298 0.07387371127871321 0.06500217901368854 0.0320540580444948 0.06207114161103053 0.04532454638593143 0.044615099402455845 0.0018163390320778026 0.0841865532559264
74 0.0455585767622743 0.04584455982012352 0.008517915814506836 0.10697267825659137 0.09199257170477462 0.10846257861353226 0.019471260768554554 0.09680675302831608 0.006365447298337139 0.10440683930371847 0.02340276561540592 0.08764118683349145 0.07123186385654179 0.026241585528507125 0.04940492850739021 0.06995235737256635 0.01977833673259846 0.005057509849519101 0.012438415810401043 0.0004518685228495305
75 0.06402708602136283 0.08390995952330178 0.047951598946953715 0.00029124694904912515 0.03741649306478296 0.040056764997591976 0.08372347672142881 0.01841318341207345 0.07560460720365993 0.016185726800006742 0.05571948514934848 0.06524849689463098 0.01083442697761807 0.044611821994115654 0.024582362905547425 0.08136130702955569 0.061976618008644714 0.028886959250170003 0.08639194073338373 0.07280643741677391
76 0.0867789324865105 0.021375616675708205 0.035639664771859404 0.054442794256058566 0.02124181625878406 0.039888480918447995 0.06453728613380216 0.02461873738195984 0.04212401851560889 0.07098128732026021 0.031908070206842595 0.06806795194869109 0.07407822836544939 0.02416743066008046 0.06633553816491572 0.024756529639035095 0.06142311838352615 0.0699782406361084 0.07176952611317801 0.04588673116317336
77 0.04549434516525334 0.08971425874163574 0.07696637971152212 0.043721544471385626 0.05366588568507167 0.07920472476755216 0.03965347455761669 0.07159242997896759 0.0843387418807175 0.0038997045052067427 0.04175011713754743 0.0490315317832336 0.009738276548092445 0.08446441257621447 0.06609675125762524 0.02956285811034474 0.07818037449561537 0.024473310488873804 0.0009298380541064951 0.02752104008341719
78 0.024854314440011634 0.07163169138192624 0.014329674143198677 0.08291853138250714 0.036296063220234084 0.04432512685373158 0.03727743948993193 0.09479198177802066 0.059725757755585446 0.01942299127580747 0.0351124803199913 0.029877492416583443 0.0840447490469756 0.08430004332036276 0.06086722922922408 0.06700086396305951 0.030151135773088186 0.043521045160213004 0.05423538280623258 0.025316006243314627
79 0.007533561067802747 0.07643330998362986 0.01249220889077204 0.06727606511625348 0.06896624309992355 0.03191788927351871 0.08303196933483872 0.056242905205942856 0.029690106592882813 0.06976753194566215 0.010590049444916597 0.08954526677319964 0.0899002440851653 0.04861842747611915 0.08411443303682195 0.036248485391832445 0.05998327664217602 0.01780556598336955 0.050270236582455205 0.00957222407271746
80 0.06461343687401971 0.002283472554894735 0.0854068746133322 0.057202958999483605 0.09246500556169059 0.10778351556077852 0.03562946941137662 0.03141061102900216 0.08746229003722984 0.008412448205589384 0.05371607672307398 0.02149337551797009 0.02236831479978325 0.06476473591624067 0.0135618076317441 0.02043098134605572 0.09647862685055365 0.07697153217650386 0.010775785883585088 0.04676868030709232
81 0.06907913365644006 0.0019367700312099762 0.018589812975373647 0.011806719160805447 0.024034325225468382 0.03850971463685604 0.07205965663788538 0.029545826026178612 0.05505886838397335 0.06278396368635983 0.019775157211363772 0.06728723043297445 0.07511616056177942 0.068209567813099 0.0779320898136714 0.07864820588712089 0.07812549818012325 0.02357506068140196 0.07003297822515349 0.057893260772761565
82 0.06533451070838098 0.09917374680380672 0.004836904857118442 0.06819852208370458 0.05005028275685039 0.06517096799626183 0.009882919632141654 0.03552694006043044 0.07289254401655615 0.03711777302409854 0.013844394425572375 0.024212198667875287 0.04299811832448064 0.03952906004997968 0.04295438874578702 0.07773619737634481 0.01182289936630441 0.07845397589994046 0.08117204986173768 0.07909160534262788
83 0.060461335139321 0.04377173107149504 0.08679147541180034 0.05444872268091231 0.07798774846296717 0.09888643424506571 0.023683941684255215 0.020499518199607405 0.08526425859741574 0.04687740202946336 0.04332191362374134 0.006810010700982197 0.0023203080856510085 0.089331512292593 0.059311616544402916 0.07303180983344183 0.028556324266150096 0.04526882573319195 0.048763075301831 0.004612036095711627
84 0.03429308798306343 0.004915193508350432 0.02523380776605008 0.017689052190159246 0.07937523057934931 0.10346793568748762 0.06760486056076118 0.008785132166220245 0.016396291782954795 0.09282184684907108 0.06697575805517786 0.10488729616513058 0.0820085727479564 0.10769123607002154 0.041342457389834095 0.012582689090453385 0.060960095531935654 0.01505591263808378 0.014223643429266852 0.043689899808672605
85 0.033930571986472896 0.025006895989240146 0.06308170398822954 0.05746422003340949 0.05443602210789065 0.03581074464580616 0.09831475835719794 0.0014905953826158949 0.07392679515032614 0.025220524741580676 0.08481067312921028 0.1003907673606012 0.00964745749739224 0.08233173442785229 0.002572654449912911 0.005685986990800924 0.05861898264977052 0.05962071846259556 0.06953735083182626 0.058100841817268385
86 0.03135294979785512 0.06851313513792574 0.017871335540275212 0.07442682333195717 0.0720593604137438 0.05148187734778852 0.022611211934548472 0.003698184480348159 0.10524498190793972 0.09652912334690006 0.09261250637807462 0.027874330617729516 0.010843155785695205 0.06477363792694672 0.06481785086135732 0.0023385325368160377 0.007505389282509135 0.05537341441086685 0.10091787501570511 0.029154323945017605
87 0.053502829312352326 0.034699503724246135 0.0357951746713127 0.006124548947653454 0.0625143793059336 0.08528685349122384 0.0335649939729016 0.04182675708265164 0.05421873348537839 0.04018782822142592 0.0664710898035661 0.02363138010352718 0.010077631904550653 0.07514075620460577 0.0815885817954805 0.06386479776038018 0.07244077274059019 0.039282137121545664 0.04766767034498664 0.07211358000568756
88 0.03372791692683073 0.016343177403879694 0.07355561656966905 0.05358346100014268 0.058659487282437216 0.08134323568485806 0.053174646204393695 0.0837614201265183 0.008296196323361132 0.09476867037094905 0.03495886610019511 0.031199061000821253 0.06664817124366053 0.02225328492869572 0.001977211479795947 0.09397431138016336 0.035361978893434114 0.00487292636975342 0.07777026823606308 0.07377009247437778
89 0.05856151909513784 0.07065920102275047 0.009457585426178527 0.01621861557110314 0.031053109733466637 0.0751784698733184 0.05234375309138866 0.026767937257752995 0.06319764692258018 0.07582231550984003 0.047082633267456 0.05482782491826458 0.09648683244272807 0.060334736090648246 0.03529655663438867 0.047914250541381084 0.002992561730359465 0.07620351156481932 0.0778465955487898 0.021754343757647773
90 0.049041771266669525 0.03253282661589685 0.015410957001096444 0.08003118186354051 0.048328522201467154 0.07964099893095526 0.03900801410068731 0.0870439725013875 0.0012851323412684326 0.04849582685924456 0.02531015265252059 0.01398457645684861 0.08614251088653084 0.08274445137108782 0.046902969907081135 0.01776122513349485 0.08537794326837293 0.055227252713296725 0.05340161201876866 0.0523281019097844
91 0.0668569703394292 0.018250800571733478 0.08546699186768458 0.06449313446371764 0.08589662016682133 0.06897802595650286 0.008614765894299723 0.010582065388918134 0.05980405454166338 0.05872182507997442 0.07012136501048821 0.017600310965055984 0.02714678040912558 0.07706470601825077 0.07537637401410467 0.0078526611541633 0.05525302096507351 0.012701557166484873 0.08659925201423624 0.042618718012271906
92 0.006093917485374092 0.05530045798245057 0.11365081800012253 0.015111844926481755 0.004947699696289951 0.002847143812949899 0.018466669253116817 0.12688136378746098 0.04709956149835128 0.007326289761647288 0.036120945493707465 0.09836789464678641 0.04809219470775445 0.031101667994343173 0.05611146022023788 0.11864110472265726 0.021095599190535212 0.014956330028333678 0.12750636644579855 0.0502806703456007
93 0.006883448194605555 0.0008843579058275789 0.08116431648327856 0.015233479186712386 0.08937051197461447 0.06439710555284915 0.012871237292408296 0.10940368603814628 0.10471627861143565 0.10070399013694478 0.0036489048657717404 0.005418147421355967 0.06791400381226274 0.05560436061089507 0.08129102538392537 0.013276749319095655 0.08039217882999282 0.007615098296322952 0.05913752326844808 0.040073596815106895
94 0.06994560391872975 0.012319873047593239 0.03108046110339295 0.055035041331093895 0.07307594958286132 0.019848779047652764 0.06207486435898945 0.055599366167320884 0.0831776302165892 0.05840082538856968 0.03466825411110324 0.08193683431412778 0.036050515176062364 0.08263608008486463 0.014087965574248462 0.016662675051043123 0.0671175648219483 0.04272161306400238 0.033505315846981194 0.07005478779282538
95 0.06799513716407878 0.014722289706028499 0.056904923069641386 0.009077418759359574 0.06637695308753976 0.08801131026876882 0.07347329776953107 0.0807156670398026 0.015055562519213327 0.029395590087026992 0.043369135197572684 0.0366393742656743 0.01595686912912598 0.07917649347877821 0.028975785432637527 0.06276205486873473 0.06035456325048582 0.026787145965390616 0.04932890138559701 0.09492152755501217
96 0.01512279034442848 0.058565109149181574 0.09180393722094207 0.09938928827629769 0.0068871913650982155 0.07832819939035483 0.07969346713251323 0.01740407334364475 0.06034853506786918 0.10525153775940987 0.058297934144940014 0.030703680291277166 0.012191267288049285 0.01194851308884228 0.04597852346308004 0.0020239561208359887 0.10551209719029624 0.02057711702624069 0.0065018038775765665 0.09347097845912193
97 0.09748870277397488 0.024699685464201333 0.11323822552322278 0.007956124974379785 0.10943376535385883 0.003170869695544595 0.06330254482101547 0.07958016938648728 0.08790326906964847 0.00266797120333182 0.011879362529713885 0.04623106294776862 0.012077764471736174 0.016343783505978655 0.007247178808647714 0.04580828878051339 0.07641579675475738 0.08201691146935676 0.04993359126459876 0.0626049312012633
