0 0.05693009307037523 0.042162319572952196 0.16407878228003828 0.015728022386853276 0.06153305068296054 0.020871922954153535 0.0478201302031485 0.007625769563755479 0.006893627105528183 0.10345529913091604 0.12795127557902183 0.027339954967043823 0.0029778417190636924 0.004865830389611252 0.07172658683801648 0.006055943931710422 0.007347338638914303 0.04050839802748682 0.0923278524602724 0.09179996049817774
1 0.06770705881136548 0.08869095412024351 0.03446021078308767 0.04025569522148832 0.034732574746674884 0.060324928351863975 0.08983682481542278 0.05070990263224888 0.09119241024990939 0.05723026416380463 0.045794471360731136 0.015759810370411746 0.1042342643463058 0.05423838687327283 0.03275725589626652 0.0813884834188049 0.0015784232385044421 0.0005333903110765514 0.022183847256782064 0.02639084303173437
2 0.022551545059117988 0.0033284176327847866 0.04729609637168305 0.05907275588705665 0.00430691880655713 0.06555275117005364 0.07486329536595387 0.03585529956346944 0.020609345729788207 0.059371702647197655 0.08373659919278631 0.08525316144917057 0.02591768121104445 0.049214238419429956 0.062414449207726395 0.027881360478083622 0.07030031893183128 0.06284561667606003 0.07384594028506652 0.06578250591513833
3 0.033910676861934136 0.013927290723978416 0.02203458440066755 0.07220091157645156 0.06040223276141821 0.0567223804412995 0.0284888717005411 0.07520588922538354 0.030642269761129028 0.044221413822097676 0.012470510405730915 0.07925865229250575 0.008690292596109192 0.08867885386291581 0.09018245742399791 0.02854642725536173 0.010632161866201315 0.09668269489613943 0.056516133477347984 0.09058529464878937
4 0.07309697134734199 0.026272529552244808 0.07949549949088157 0.004751517969912207 0.08338304994664604 0.05055824501157938 0.007080028667324638 0.023009772345784364 0.0662627255025669 0.02383925661585697 0.0900804689489891 0.09287196368392789 0.09177018513594845 0.05100910662627344 0.039913133365798076 0.05303850063363609 0.004073416287341123 0.03695064174813651 0.0640610482340019 0.038481938885808836
5 0.032404008867176794 0.059394156465324296 0.0683345172536181 0.04426501982236604 0.008237603201778665 0.059933625222653365 0.039333119783097864 0.0067555630747308006 0.09103266292213331 0.02742282941579009 0.05198790689103187 0.09105018385141675 0.06829332819408142 0.0351326548673326 0.08029024804577567 0.04680430788455555 0.058659833696990495 0.023731961741631825 0.05718377625537129 0.049752692543143254
6 0.014921212137561672 0.09889832153050472 0.0936244766514567 0.00493324556323473 0.027916823181176303 0.0025412412410336493 0.04060384543758577 0.05331629576058336 0.027303660609943617 0.08438900019614325 0.06044310529644237 0.09222380785349887 0.05160709185641248 0.04124755695845723 0.049792380060709844 0.07386847388786796 0.0916172611864707 0.010372300942769093 0.0691631776767966 0.011216721971351018
7 0.004345483714220098 0.041647688776165696 0.09371079527967949 0.0009702840077992603 0.10036521311290106 0.001026919450012689 0.08223684690227129 0.018028251967352138 0.07226858744536548 0.016060545912111347 0.006401046581511009 0.027650263733666382 0.0941645207367279 0.07203903880229263 0.07388944211136624 0.04599453187535517 0.03769580867381086 0.08543103640914239 0.05263077464778187 0.07344291986046687
8 0.07052972864680486 0.08062674091058375 0.04971163840185854 0.04339937561225665 0.05683038826939682 0.035462219027194396 0.08191237279510463 0.006694977482565408 0.06591148179461387 0.061987472875816435 0.03524210446485729 0.04819442666799029 0.04376201036212117 0.01268823438305676 0.07545195694245568 0.049691418217093254 0.07255275701334776 0.013607747472417704 0.027962028218440585 0.06778092044202409
9 0.08394056571516222 0.09083863123055601 0.05359160403370953 0.024709332217392285 0.08132738959012857 0.006771604115503399 0.003820991608998308 0.08373115678598826 0.017471202295577554 0.08755784985277679 0.018944848882674496 0.06768112956743161 0.04319460736174141 0.016818717083066734 0.06550687154965563 0.025898683129205825 0.05895431086637134 0.09806426939078039 0.04263852649059545 0.028537708232684176
10 0.0868021357579719 0.046521323715692044 0.02351520723541202 0.02501881809944578 0.04362866853776295 0.04441163492875984 0.05768568638074264 0.08511436413248866 0.04363326419240642 0.02751791692724933 0.047863832360626954 0.04503479515717404 0.07382252436697635 0.06813700969799948 0.08480023885016826 0.020580121726282798 0.05662526503450649 0.04717900252318074 0.06348183561616179 0.008626354758991487
11 0.08405588621139017 0.008515105111190148 0.032139452620826334 0.0822916231911666 0.07813156251416016 0.002599357697986755 0.029169132800771276 0.01350033249437219 0.08128532145700043 0.07512110526383732 0.04331782343058265 0.02629907031941212 0.062398797633661414 0.03760809236778433 0.08170566908356297 0.028954842017905144 0.049099163428853475 0.02525618686636554 0.08262231964388209 0.07592915584528911
12 0.014062503790231471 0.00825941056101113 0.020460688587419767 0.053817947191683264 0.11283547717380771 0.07351691106020478 0.02808820768956224 0.027608697440360038 0.0496221286061441 0.03810261568045399 0.033528222758662976 0.05575405421526867 0.060651239656305055 0.07871913233774984 0.014066516630468788 0.056951556581023646 0.030370377104823452 0.04739243620852584 0.11828760156107819 0.07790427516521523
13 0.052292501270140145 0.030564312742296096 0.029647903121837904 0.04506381683906562 0.06496951054859704 0.07580671129537414 0.0013066947527583224 0.06661344551329587 0.011216093571417375 0.07512820475557407 0.06871520612968895 0.04648959084281944 0.05594427145368039 0.07056387730491791 0.04467182154717948 0.06444814342104487 0.05075915896867598 0.06147029707487328 0.008864541885786507 0.07546389696097656
14 0.08324842398558824 0.03853618796723463 0.06091580659996081 0.09174904052518182 0.07642070602883033 0.013402280068874152 0.0391417183563427 0.03926983553361048 0.03135946864941456 0.004122638325007924 0.01333659087464794 0.07056261370952661 0.0010119640125906498 0.003420787503138295 0.06305100496243671 0.050015892091265717 0.062024043112245526 0.08124466210323772 0.09291380310327889 0.0842525324875863
15 0.043108274885003316 0.06888500873521555 0.06412952097524251 0.07043416466685154 0.05179547280259064 0.053026641289595916 0.06661489529709168 0.07416776147799574 0.0025389814456686197 0.024129210953572462 0.06590724009080315 0.06945344856208592 0.025437596606090317 0.04000260471155866 0.07300858263412884 0.06558212871368661 0.06301469849494414 0.0015365101388306638 0.013376370758908225 0.06385088676013541
16 0.06185501755145592 0.015785180301026214 0.09539561698246668 0.01612893357674782 0.017893817106582083 0.11340605190940418 0.09712402742449941 0.051740089267427285 0.012937610989801984 0.045814537587561245 0.0038988298962442476 0.10683285115478924 0.06460301716433703 0.07799595408195882 0.02826532310560315 0.05128885982934168 0.11002128396205904 0.0024517887509026125 0.01966155109526494 0.006899658262526266
17 0.014434233146924042 0.020765448222848797 0.010945550014588048 0.03946951511751897 0.07725556301387615 0.06282473848630644 0.028131699472185873 0.09380030115069872 0.007572070423608892 0.10493509174335862 0.07063867277295732 0.03429257121105945 0.07192002802281465 0.01423111819835328 0.036502061257524136 0.02872867676766194 0.05561894494230903 0.07685835232739978 0.11011143493537782 0.04096392877262795
18 0.04000102903174462 0.09873175464493256 0.011675938564147137 0.023326619008124463 0.09304810087487266 0.009424856286907864 0.10900495526994027 0.04950985669513084 0.07246222392775901 0.003679513143019634 0.0771871970745058 0.07549622368315716 0.04994514538465576 0.022664118803351053 0.010615052447296453 0.0421855572734882 0.02248562234484637 0.06775862591974187 0.013131273375818866 0.10766633624655951
19 0.035694673688963834 0.07193658231630969 0.04117854505371146 0.08993916382780752 0.04855214756889465 0.08376986123383244 0.06769705839130126 0.011562732630941099 0.0755084253528761 0.040793791720343996 0.010740803942920471 0.02809983660580319 0.049485583079234445 0.04280964464521488 0.035879266641222735 0.036052571175186406 0.04893126908467425 0.08918231433593062 0.0653519614677897 0.026833767237041315
20 0.01778582766944765 0.011495920979354661 0.04288345717444462 0.08981026915784776 0.06672494494872805 0.049583285721757124 0.04487285581512711 0.017637597593839323 0.001638474662666617 0.019154655217462402 0.018163949191483963 0.019112400285543035 0.02123407824263532 0.09885880623372648 0.046966728818387204 0.06458607590854788 0.09853570720296988 0.09227146631688758 0.1012983297844403 0.07738516907470314
21 0.051301702804849775 0.07258548216874267 0.058392424422168326 0.0368139225713376 0.054251167468524236 0.008091739049931202 0.004460290984598106 0.03927961353462068 0.04447984709627591 0.07456370945694148 0.08092402911661312 0.017387013911348486 0.07556470467867347 0.03721800886416349 0.06018861040153302 0.043387521346899584 0.09052323860291416 0.06510483749426446 0.04521670533928601 0.04026543068631415
22 0.0775157624233403 0.012753457902685375 0.0797461830189572 0.03522590103030714 0.04426148824258749 0.040170655188743104 0.019278706528292316 0.004474749539578912 0.07655651534343362 0.050095728365629186 0.04032291236425128 0.02988109448255149 0.0632778149509277 0.06984480827854006 0.07464195978546029 0.07294994220514882 0.057110829781823094 0.08092403587807613 0.05752966570337393 0.013437788986292555
23 0.0033878230519808774 0.07246204791899914 0.04292157524650994 0.07511929656680333 0.011303819420253896 0.0920432929067218 0.06767522182917876 0.0764041369056862 0.0671518356174086 0.060301299084593876 0.04620254337694246 0.011897234390666186 0.0314882885838913 0.03932819433388957 0.0767970849258349 0.035946024540628285 0.07864040950411923 0.0019500453603612886 0.050663980218253024 0.05831584621727744
24 0.09356276570780159 0.00494747471226251 0.10135098951362728 0.030169298884944056 0.02643510210306205 0.010315544369112407 0.031096545342892773 0.022642450144814183 0.042171449734461366 0.077082044691697 0.03407949265286302 0.032509386991757705 0.054053610084077934 0.09017069302063023 0.024832341836740178 0.09629861192488375 0.004432744583853589 0.08549010853328008 0.07846533063350399 0.05989401453373455
25 0.0014054563572400657 0.07033513854983803 0.07997118401512593 0.08999585748737816 0.02873796080715691 0.07659109609438057 0.06873933354407068 0.0024209885587875056 0.0643091828756246 0.08684167228699877 0.05416593452517689 0.04592774973991115 0.01869146426163541 0.08115066267774985 0.03651608349606021 0.036328229652821536 0.0036074746300778656 0.0784255839806623 0.014596781009478987 0.06124216544982478
26 0.01363351455071268 0.059952394553488116 0.04939728140407096 0.037160748873306254 0.025465931149994347 0.06871822585323147 0.05291551650853234 0.026928525836931786 0.04926966870118339 0.053022868181148236 0.05669033239012884 0.06909374911402436 0.020193343699738114 0.0809632358195949 0.05377321371038122 0.06077648629567024 0.05086328646242228 0.0775474752626361 0.04325653445966601 0.05037766717313837
27 0.07117062728410425 0.04606163244992381 0.05871602561143316 0.0284255047305396 0.050797545511524704 0.010370419168375566 0.04127445621597886 0.008833188668913229 0.03771638752563926 0.0808098437241216 0.02647451157502855 0.0785674650164187 0.042858248327162146 0.008381488726525319 0.0679310161476085 0.09000318576009644 0.0450897452898876 0.08433117455744446 0.07055476991977452 0.05163276378949964
28 0.007389559873514126 0.08598416908676162 0.02619085665169085 0.09075189316277729 0.03553365183886156 0.0606284833986255 0.06371727736044686 0.031347736313139876 0.020276716260252278 0.04973596517051201 0.10371083111641392 0.09852479696985657 0.03583670278070739 0.022682353262116733 0.08295661889131123 0.021574347038607063 0.02022183193776591 0.060520146660967764 0.06586727079344736 0.01654879143222417
29 0.08233874385129825 0.05903517112537574 0.0553736470667001 0.08358799028843425 0.026250869244916483 0.011963272546706245 0.08842323152681764 0.08922064141401613 0.03679116832884661 0.06628010610786006 0.008655429285566478 0.0525386440757453 0.021379366073800223 0.0572289385216148 0.06374839919825888 0.031104396943298238 0.09564536868323391 0.0066833431052264105 0.05033907521884991 0.013412197393434496
30 0.09361025627915098 0.0950695219850871 0.0367726323989967 0.02311183142362702 0.10056334414201916 0.008959781090602265 0.06611431220818367 0.011160481769247525 0.0311850978365839 0.04326120286292051 0.0957170570619715 0.06112537051877975 0.05015337279643911 0.028791092644518818 0.05995152059537963 0.0665710316020195 0.02495095291590762 0.0264897405853577 0.014707854997795852 0.06173354428541191
31 0.08822472092679279 0.08721190086252835 0.04751235913556541 0.009122371534560877 0.03579145063766425 0.07563569649063312 0.06005900596873788 0.05011298523398186 0.08287080921072555 0.013523732064163305 0.0948507054470645 0.008490038263533822 0.04250378838401335 0.052579519224428564 0.01576661438618357 0.038109583515926186 0.03294083368769119 0.03355148428529998 0.041483944956337455 0.08965845578416802
32 0.07032654907221525 0.10695931556214146 0.011908531980467039 0.03489509235572695 0.06801673928010019 0.062884248219212 0.048846048861624906 0.03074403941772557 0.08282376249718484 0.030246780414560567 0.05734878773598623 0.07124446537950976 0.0450711753499413 0.0180461933943044 0.03443935774892164 0.11048012063650663 0.04041423348151872 0.04356518128223742 0.021447056585626165 0.0102923207444889
33 0.040678639124179176 0.07453420730293434 0.03078927414334454 0.03896691594511386 0.07009860128026504 0.01678703241257616 0.08277344113412646 0.08009094401061821 0.029007798933316 0.009712072458474073 0.0701704460316699 0.07023075833205224 0.0024447994154866296 0.08101310258459643 0.046249411470265185 0.05004240612382711 0.07050280978454693 0.05731231880222957 0.0012225023953649804 0.07737251831501321
34 0.06485075509936948 0.04601514808136644 0.055063052788609214 0.049714369265571164 0.003765630920142569 0.09484120132808377 0.02842383397181463 0.009409046230126361 0.10151867280149443 0.03757302718641511 0.07355325382625781 0.08764690137224593 0.03022062564097073 0.04465309993074403 0.0679055897479917 0.06338489618139304 0.055830171203167495 0.008955685847804398 0.020035479994325235 0.05663955858210643
35 0.04177776928437356 0.0664718782035937 0.019044429195830465 0.07934759118828912 0.03654613782494951 0.05145557390649173 0.05877912491495337 0.04825781249942314 0.03645744044264231 0.08833567957680943 0.008738134456291418 0.07869146566407789 0.07088554884390452 0.008496621400334378 0.07935335372777734 0.06518163092011972 0.04143762413257854 0.05505458565185732 0.057376262185373915 0.008311335980328355
36 0.08760654295772657 0.04130278572484828 0.029731163028368212 0.10176912788570687 0.05831138527518877 0.024286757376927003 0.019630405419439858 0.07974303335723355 0.009834383573100396 0.027580291033405046 0.06436726654155396 0.011787392441825669 0.09995244520956668 0.022138906944353064 0.10148471581032241 0.061368678531600794 0.025508100374521708 0.0333811437395371 0.07919057282275022 0.021024901952023948
37 0.03739410394914193 0.03468162712283511 0.019192217220807627 0.028898381714995085 0.08259666278696583 0.05776614552596223 0.03715140456052134 0.06396216102954007 0.008587439512284998 0.08844631124488486 0.08590880074386763 0.012197309469559 0.06755505855384322 0.0800680354825448 0.09943905636798457 0.041589318277424014 0.05386944788823688 0.01095483518606586 0.030874999196938417 0.058866684165596435
38 0.06469454840389073 0.0718436942200218 0.05621088948237042 0.00978178634890984 0.0525549475305168 0.013670618041752515 0.00016319637794451116 0.0722975637368734 0.0813332741055134 0.07885739905059459 0.058598541411591015 0.0677233924811982 0.08231856876312016 0.08253170921939781 0.044032659623794795 0.034935813877417066 0.005816813489552741 0.06726800517111158 0.020675524472108922 0.03469105419231977
39 0.06853997154683111 0.053083805583542365 0.029421446537863084 0.08960940853076745 0.005464813070041602 0.09221538260096276 0.07030713597701721 0.022164180131576033 0.06680564504667194 0.011777932876041175 0.047877317035423805 0.05320539303645241 0.022377571933454413 0.07597695521644282 0.0643879911308702 0.019147393901160555 0.08922183784707707 0.012753363986364416 0.10196309262801767 0.003699361383421817
40 0.09634258382760129 0.09944560373192461 0.022765554013696263 0.025042375615128686 0.023105180041448053 0.04566027209357653 0.02923879015882053 0.08701591344710026 0.041386519702672896 0.01319753873317937 0.018387688440773584 0.09044697168466619 0.0015485793539170589 0.0147456630187484 0.07641915284276178 0.005688177127410832 0.07742504495809799 0.09626529486384183 0.05407005696830818 0.08180303937632553
41 0.0025573774873328798 0.0772287493752532 0.03999644524026171 0.025496612050166966 0.07753205389830725 0.01623105284251598 0.03275414155855507 0.031171038531754642 0.0822188999383626 0.05438951068714778 0.02632896616042415 0.05696329278821733 0.002617168271993449 0.07678024161145461 0.060633285243616296 0.05659829395613726 0.08374124609256725 0.07454506654656767 0.05147278269190618 0.0707437750274577
42 0.070743359061908 0.06957386608842316 0.015351516260877838 0.05362634185697934 0.07680843475095074 0.07235987847850864 0.0522426017367891 0.02451290321827 0.05290087859043511 0.04301514126503696 0.0661939548718931 0.06587153784246982 0.06176023228240934 0.06420042181011133 0.033870239985059905 0.012504612277758769 0.04245193706156026 0.05409039452600413 0.04144858994115813 0.0264731580933961
43 0.04055074180781654 0.04319316305464192 0.07346090777796466 0.054136438012881996 0.03154675063224395 0.08035193265037768 0.0702413405954817 0.001396307148762636 0.034488051414314304 0.036720694431140184 0.0823425622642587 0.06942124777789721 0.036009796550944335 0.036890580930955645 0.02943242829129881 0.03779167692763637 0.08603600410748326 0.028034078665902407 0.07135646607267276 0.05659883088532492
44 0.04401941132034751 0.05055111811982542 0.046344672168456495 0.03013506829870141 0.06114417398833034 0.09907409750159482 0.03393072837856175 0.0153975962688031 0.04411766789717169 0.04776352260476198 0.053100228517247494 0.03666500447806611 0.08548029890107708 0.07546846627971365 0.014482409728907924 0.02392187105577724 0.07346040263302386 0.032471133552164015 0.043623208572534544 0.08884891973493385
45 0.06533418738786563 0.07314206731484744 0.05200368191469693 0.052775561784511864 0.07229798210512457 0.030170685886394353 0.05612257948762309 0.029411353596891524 0.0046347978128914 0.06397625078014933 0.03845277519073963 0.03788456782640307 0.022920255179164007 0.08720240490432493 0.07349524063718446 0.04766261917167114 0.056773571313102206 0.024865138709276192 0.08400944652363988 0.02686483247349837
46 0.08328760973499907 0.08836456438373477 0.034994913052811626 0.03903095842702635 0.057884720010061834 0.06822515400089375 0.02424604012396929 0.052134114582868867 0.027970322285207707 0.03875865272042083 0.06033494049488476 0.04209692525553726 0.024726500626717968 0.07004363789016713 0.04296242298695539 0.07590840910078443 0.07927719156675643 0.024898109073518967 0.022539624484954814 0.042315189197728975
47 0.0008570307267602667 0.07758251486467233 0.0439710333334379 0.08443522438324993 0.08968193976611594 0.02833927656717441 0.04372239289908871 0.0790097629441556 0.006965413785419304 0.07859298095142232 0.018008974649243285 0.006260666973824673 0.0901205412101431 0.07127910849251247 0.0809933524293257 0.04646544628589419 0.02559289244217953 0.014103962303856927 0.024999820399944386 0.08901766459157888
48 0.009296034955022828 0.08875055065386282 0.08847449655561301 0.05091454587559466 0.04084766010770808 0.01506001198281776 0.041770208582947485 0.04703802002137481 0.05030222605149433 0.08415977734431501 0.04484008545679734 4.4175515273765546e-05 0.08193146756503006 0.018971842829320608 0.07028055734962449 0.0528230959772288 0.019955315492014455 0.06335612202076546 0.08811275140577723 0.043071054257416905
49 0.029860648343002318 0.07688839048235478 0.06639508122749761 0.027409998166002057 0.07192299973492297 0.07260567652487444 0.0844047602391237 0.04736080005874073 0.07695405460395241 0.0466984060092225 0.018376824731381414 0.07877173414597723 0.0792518471559999 0.02068629965535308 0.006063273098385628 0.0026558703239385234 0.04681302078368747 0.0678596240073885 0.04668821785903783 0.032332472849157065
50 0.04301139843227419 0.09723452012990871 0.10901055626921362 0.015507392825796558 0.040521148277200714 0.057409765138156404 0.08529625933371705 0.010873490181931653 0.011511008005372617 0.06209392319498726 0.07282491946713063 0.09591256786393189 0.007746041279955281 0.052605976421503955 0.060460010310676875 0.012963157735441858 0.022139767991220215 0.010868981343993308 0.056522468336018046 0.07548664746156922
51 0.07123359868871414 0.03260838452750682 0.09943650004100293 0.012736068742799042 0.11751711554040468 0.08435137230770523 0.06076059017323455 0.05564609299501472 0.048298394087676014 0.007580287248131448 0.045118895580222286 0.02254572620331273 0.07243394041616837 0.02146429749006901 0.01534356828495192 0.03961987739051328 0.03084802359776111 0.059428956667323875 0.0890909738690923 0.013937336148395601
52 0.061706919489353376 0.006510716000801199 0.0990247942471558 0.06949388370430262 0.035811749972611814 0.06193834406307515 0.042192508720859195 0.10656698816435463 0.017054868983894824 0.01500552218412442 0.013736059562420078 0.07582668485974554 0.012137183049439112 0.08252033750545619 0.03806917853844644 0.08673373574775792 0.03631030281199735 0.04836662972919848 0.007763790767871669 0.08322980189713439
53 0.14435801049874997 0.017421561444781217 0.03070548442160033 0.04450432460550777 0.08259376845972448 0.1106485918798017 0.07939803708625892 0.06230624287091524 0.011874920599664612 0.06302866816489244 0.027064768303512003 0.0005973547246949018 0.018778884942886973 0.01144390842114624 0.01466565364209828 0.06374347015457334 0.06268487203410249 0.015699487037518865 0.09119230490130342 0.04728968580626676
54 0.003227218630310438 0.023876630331371912 0.052622415687610585 0.0034587862214149117 0.06462892308518864 0.019017028993402147 0.053938465738306324 0.03662878016142899 0.013949507925267824 0.0285978364787646 0.07141001986511467 0.0842053226092496 0.11800578497204338 0.0877932355449749 0.09903294812574555 0.0013629634684591634 0.09044049524895244 0.017451200455478558 0.11492873005797476 0.015423706398940395
55 0.07467095432911522 0.025366362693742404 0.03208078647184369 0.05755441333341166 0.036668980247552274 0.12499174374071266 0.06786840454118549 0.04246900370156249 0.005965429690934178 0.06605272542777596 0.06988590309260533 0.06572042374540212 0.06607547763482197 0.07606309575193997 0.009408878859633 0.002151741205684142 0.03030435347135948 0.05144892348250316 0.029167058580553927 0.06608533999766082
56 0.020624269047557073 0.07201856024533639 0.06736112865416963 0.052270733650281224 0.0447444900239182 0.01720711557829874 0.05959281189870047 0.04570963503597678 0.06315162864545516 0.041045947264230706 0.08016443535470608 0.0013663595995067118 0.06090139478025502 0.05795355756197942 0.009345155341068726 0.08234960986085357 0.06495291075655463 0.05903334526327301 0.0198642306135296 0.08034268082434892
57 0.04493496936329917 0.06690032456746889 0.08850840836522306 0.02993789168987382 0.010014751800108796 0.03304156898953713 0.09304152315783056 0.09976372291392421 0.028659603865937515 0.0008849631854492493 0.04554217259890945 0.10640170913934743 0.014665443696826333 0.08913623112714095 0.027119059510490637 0.01695917724732562 0.10487410146915477 0.09025682639221728 0.007132727544056731 0.0022248233758785747
58 0.027444915572952366 0.08047013114139821 0.04558756563530098 0.06226154040520147 0.0063582899710097045 0.04639151801109407 0.0641389965368912 0.06144131900587557 0.0494164259201841 0.07650218386982514 0.10745923042922713 0.0377937431575656 0.06952218081650531 0.047894007136512984 0.042751235080723246 0.01789832406671433 0.000826107393029032 0.024808483458813715 0.03993983878573735 0.09109396360543835
59 0.056753088277247635 0.0745070374640269 0.05515837469368434 0.023454636932518078 0.03547869757217364 0.06871914902853973 0.07927411556398127 0.002606955403086181 0.0360670030475617 0.03723563257684267 0.06156659579941839 0.05723892232084214 0.005102607293810889 0.05374112816115636 0.03199757875079065 0.06827349905553246 0.0317404555121055 0.07872577567648432 0.07415948375105261 0.06819926311914447
60 0.037904098631655836 0.05598963813964095 0.07374094243755129 0.041132924388150506 0.04629423289038009 0.028281903748705834 0.05940966631956458 0.10354301290212826 0.05019616407094796 0.01567450161775063 0.0037394638970676243 0.0415963943891524 0.05117278672302082 0.10411332248379193 0.03690091084678342 0.0774446657705911 0.08144393941945186 0.007042773589496699 0.03156834640982372 0.05281031132434422
61 0.060081535032306774 0.045812376409270085 0.05774451259496164 0.08121446682261119 0.08659376625586997 0.02903187427867939 0.10300234404422796 0.04560836045384882 0.03420306544021954 0.04368100046855394 0.08414975992319502 0.04124579423751183 0.008316316295464364 0.0935035916925686 0.016799332844150014 0.09533739575662623 0.0003412725639035322 0.0283938426854797 0.015292760235401187 0.029646631965150442
62 0.016431883102723116 0.09006864184901502 0.04029098284134048 0.022449346662503894 0.07552537487018195 0.02352562444793511 0.0195243051537708 0.07469460548699818 0.03181705588640682 0.03185317072767572 0.09987866736467674 0.0281589773614555 0.0737114331192794 0.1004398078528028 0.029755468632240125 0.010678829485963326 0.024166622329371275 0.088929310277964 0.09342845986217237 0.02467143268552357
63 0.05102549218143078 0.03358281987589183 0.0637854061876957 0.03528459504562608 0.06487379914946978 0.04168895240519403 0.0552284894972836 0.04820277046421155 0.03735019538863336 0.060393240464329326 0.08099204232413403 0.07084914236326469 0.07592881184662703 0.011156904804367582 0.04568604283906766 0.08824442792435007 0.027730633254048835 0.017240067645232213 0.041485755451097416 0.049270410888044486
64 0.09063981946233032 0.04630683166028758 0.04996355697518586 0.08136003926721204 0.07762189560212257 0.04733566456069634 0.025343922733993707 0.08832864708686397 0.0038845038327289623 0.0006889396564325662 0.03635226009206463 0.08034654739392405 0.0545202244283315 0.09711322282832145 0.011762480549946467 0.006882169490665341 0.054579357428858936 0.016286509376850767 0.056037446704098645 0.07464596086908425
65 0.07593584780307457 0.023988227683046114 0.09696171402552843 0.03246967794884274 0.02538881636413907 0.08939336254086219 0.023915584906041138 0.03678696517996248 0.06199887227448996 0.058250510983703076 0.028488138483897234 0.05432716265623449 0.0650932336619485 0.014890871632172386 0.1121492411494027 0.03578247679369289 0.007669414255686068 0.06614811091353227 0.022955319877675236 0.06740645086606832
66 0.03873647645610797 0.03169623112217091 0.04734727263136384 0.06125778293996464 0.027167713147182092 0.01060399014957457 0.06062594252618872 0.04164420424582489 0.010165438224914211 0.06567683750864171 0.029636949370498333 0.029005355730821126 0.06715091416154709 0.09415838181467585 0.06487078849456293 0.015965961418410907 0.10948209808997274 0.09040064093278778 0.015919265084492207 0.08848775595029745
67 0.03853297982351285 0.031473451716895424 0.07123636084360947 0.07936407635580854 0.02120132654201285 0.02024453055612127 0.010014201036828407 0.02602800176883279 0.02505159291463877 0.07430408496965484 0.0812004689253161 0.026982825627507583 0.05124830008174037 0.06554546839535474 0.06872584445755284 0.010548213877728137 0.06300317269305411 0.07411971042028805 0.08927590143732098 0.07189948755622196
68 0.07770318011511129 0.030081798897829304 0.07358693998101584 0.08394746840452887 0.03528806795276501 0.04384756207393676 0.03815285986718904 0.05602523036998316 0.04552559337494158 0.02966765387334565 0.08170631622956401 0.06738552319944674 0.06621153158501845 0.05318317089749235 0.03539708803758391 0.0795033084829245 0.03052681037249352 0.018443021306097724 0.040247325682312575 0.013569549296419736
69 0.044098601338882125 0.09929435258129331 0.008602825163747402 0.07537903976198379 0.015905105856043135 0.1038398841535519 0.0020637688168173352 0.061309698941782294 0.007814606933259766 0.04280251607203153 0.007369038872850224 0.07958584244183259 0.10142247646031165 0.05255967250134934 0.021754692489749285 0.035260189580685525 0.10457427833153851 0.023227300778145415 0.07976830352056853 0.033367805403576464
70 0.07008998895692234 0.040476611673289184 0.004656059480338302 0.08889703592477334 0.04793899481306782 0.024940753029457054 0.010775410892003885 0.054970832678152934 0.07980139567528963 0.01171159315607544 0.001943701583573797 0.0802856924630246 0.03214908045674482 0.04541585061866777 0.04749590270178933 0.017218138360054005 0.07950753054115434 0.0802563048110548 0.0991912795254058 0.08227784265916083
71 0.07630458807416034 0.026338276282867938 0.05894579635858027 0.05842342158763524 0.009446056757380044 0.04610913488419516 0.031471178882429486 0.004183811794179404 0.052414619827777675 0.07549217787717245 0.035198662687617586 0.07662563627533964 0.026553153496782583 0.05850911906466335 0.06143634990142556 0.05156490631319065 0.06739030193815719 0.05274590613931738 0.05896246030620391 0.07188444155092423
72 0.01668060665423444 0.014853138981362556 0.030961400869711973 0.021960685209884406 0.018400184974940798 0.0853257436600644 0.036226207736255 0.09527282990858346 0.0196587077056416 0.006390472054612907 0.07894823634880506 0.07559109004810408 0.011059822074123194 0.08972937828069799 0.10757893699589412 0.0485722495446535 0.02849971306892573 0.05300899497919334 0.10954944864076392 0.05173215226354746
73 0.010587924924592797 0.12684105672388982 0.13481530777269332 0.04240705638819352 0.031694490092052906 0.006592070381697914 0.039397368743904364 0.06414483583724666 0.030149582354953724 0.0866673782920931 0.084892239897529 0.004617068656734823 0.020361592035877726 0.029059069460254744 0.03331745958322115 0.032167561619991424 0.04808031502226925 0.03661874975260225 0.06122525257081202 0.0763636198893894
74 0.04678589666435011 0.020715533670629387 0.05496395843963015 0.03185594422094699 0.09499588932217717 0.011244957991993017 0.02659833735233224 0.054380375733123 0.00504736184187107 0.08198360288754591 0.0853863298160821 0.055199956134958476 0.043900058503973514 0.0564663899356595 0.036749215758982934 0.09262740896247448 0.06055967311348375 0.033702440240108815 0.013540480669290585 0.09329618874038689
75 0.044960928405052225 0.024635288129751902 0.04339437114174924 0.05560427397495318 0.11927291187730127 0.0020556103501528137 0.0025843533830142754 0.11029792932453589 0.006030204933030831 0.0638811760242108 0.1098579006046551 0.06855666112321053 0.0036909526982455572 0.07233486455390428 0.047525015117398615 0.029474243456419722 0.09010561229354432 0.06483912465397107 0.0032064564401056415 0.03769212151479294
76 0.08089182852294181 0.02692027740708494 0.042182559765982224 0.0734809386257839 0.05774958251914443 0.023849504762269786 0.039382154541176155 0.007581841816728255 0.049659581617988946 0.014188334869547863 0.051171496658058674 0.015369356572054701 0.0835976999670837 0.07609443926074379 0.017212607291560374 0.06789991723107808 0.08498153275456737 0.07700561745866394 0.08525506305458719 0.025525665302953828
77 0.00434781457782316 0.07013677964560845 0.1093864357060753 0.032993665224468074 0.09033355523931927 0.05627820453721974 0.09656055169404917 0.004622916352740339 0.012170323915398172 0.0391705051139067 0.09769971706901491 0.02592256671602338 0.09058839654010534 0.0003541915387461069 0.01148224407995973 0.03375733792921702 0.1069722964351291 0.012418759934159768 0.026349741273076537 0.07845399647795977
78 0.07439292999578201 0.02445241758590011 0.09257512918211953 0.09206004697682901 0.055975370008979175 0.025958532969922444 0.03110011521125493 0.05122208035647415 0.06337550876700089 0.08586862385944542 0.07381488732590412 0.051293458342618094 0.04787579341482954 0.018801356947679156 0.07843645218348311 0.03661848951730589 0.0005746793247666176 0.04103309167443248 0.02959876696795923 0.0249722693873141
79 0.08791382323229414 0.05827512023833266 0.09995303037313362 0.08100877827398364 0.016899399588908463 0.0037708482502937903 0.029386404184828234 0.022875214940835522 0.025949222757118043 0.009465384810067404 0.016062286381195983 0.02781784885520342 0.09485188003337451 0.07265424549608326 0.10844883219496466 0.007831577324678481 0.08556020570306812 0.011450777789298056 0.07804182854737828 0.06178329102495967
80 0.03651731583330597 0.01623205186097832 0.00015365691991261088 0.01712987308315226 0.029272752168697833 0.017325559043842857 0.08538965734815909 0.04320344320015371 0.08035954268271558 0.08430281950780455 0.012857850635907294 0.08149704765613211 0.0740598220147704 0.03554256523052276 0.08311127451605155 0.07771108093256754 0.08323858586838569 0.05726355078883902 0.04459542830361215 0.04023612240448875
81 0.031843449184798825 0.043330175063165555 0.004584875176730327 0.10800795954681326 0.08351722728899585 0.022726491491557692 0.016536214434464097 0.006152857288585846 0.0018595677203446204 0.10212872546361126 0.10154500954671655 0.10667062238674689 0.009613417457296327 0.006663958987971735 0.07667277863889335 0.07230236287134939 0.0205553052484809 0.016530090122594827 0.07864683679637671 0.09011207528450617
82 0.07275462239565277 0.04440300129555262 0.07923850977270483 0.09156161350885574 0.0037874543867260474 0.045293608996426336 0.01458318914427676 0.04691818066932215 0.0878603889101274 0.03746458365388332 0.022353123966720036 0.045617365228431274 0.019749482100939953 0.04208061361208712 0.03423766394949039 0.09211250312388204 0.06388152321141999 0.06053374054902974 0.0073369620469233765 0.08823186947754795
83 0.09610098160692936 0.0611272050783685 0.03514102852861455 0.03620646247713019 0.08449015114604118 0.03968966700164396 0.002994723077180923 0.023515399630272715 0.07178948985079874 0.0010794579522978992 0.0604020870027477 0.004658497854742155 0.07807888428968968 0.0019377486186498228 0.06687616500297827 0.018814933233396038 0.08621939205766015 0.06770440657510989 0.09269256022601587 0.07048075878973259
84 0.0007419554016487989 0.03680922886182391 0.07083193308948482 0.10399234466490484 0.039090024614682924 0.004383998445498816 0.005089242897182551 0.10772190932136375 0.007973295101801428 0.021848739194205023 0.04267215030329087 0.046530460943946195 0.016922742304862796 0.11242585914048284 0.0919274367959168 0.10094970839506662 0.09389722688023247 0.03198554090673551 0.02480489428092356 0.03940130845594558
85 0.0809530456789257 0.03760322910087617 0.048374770308274834 0.08217622664347647 0.03138523838745532 0.010926110361099679 0.08356990353789397 0.01446654386833001 0.022747689436679142 0.08504670212095473 0.06602005117810042 0.03293394002002979 0.07278762255363115 0.04898854774694935 0.0435008382848567 0.04508951425776762 0.028419728597522165 0.01878013909465008 0.06286635006921629 0.08336380875331063
86 0.011665719514442476 0.011219265114961557 0.03760988390368439 0.005495940904380592 0.10442942689455671 0.05279222353635663 0.04883790993919962 0.07383127525985245 0.1004745093712012 0.009350825756344276 0.10661638547598724 0.08112968099460566 0.002038134803193927 0.008153935956898603 0.06831085028029588 0.07210543751390075 0.060289998834061546 0.04737659924139112 0.03697698449607328 0.06129501220861193
87 0.0015458570900996292 0.0012976802567226668 0.08570419850654358 0.07265068723366384 0.018896597419797156 0.040329347539368676 0.078392357505326 0.08576615217619456 0.0028239267473359046 0.06609271744545446 0.05053163475805962 0.055130798851507054 0.049389017707086584 0.040052683199152936 0.023714706270652034 0.10600324382750993 0.06659194732536677 0.081319760535587 0.0734888151232022 0.00027787048136915764
88 0.05028229414425837 0.010355553836809634 0.06769357724430429 0.08244560803040091 0.02608792976264691 0.03078217640835301 0.1099770516799729 0.009363738329305135 0.0364780518168109 0.014092288129878597 0.09288049321382294 0.020997064108508073 0.0020000208698733395 0.07561980107211197 0.06321362225406284 0.07032403048398932 0.0028621058807827577 0.07945766764512976 0.04595815357107626 0.10912877151790198
89 0.02635313832714627 0.021132316548367547 0.023451291880442676 0.07314430199959088 0.05546081105478056 0.044068570764736095 0.0728474755389364 0.04549937199208285 0.0011799728718360927 0.10944446447129358 0.0015220231840787858 0.021734784415442233 0.023429931254734644 0.10737692675721662 0.020090679797050138 0.10495935188948126 0.028605485833130967 0.06227015194051522 0.05150601692964617 0.10592293254949094
90 0.04857745604435844 0.04852183473748719 0.008183481284778455 0.08406845602786246 0.0291803939907108 0.014258925649465494 0.0021076975175521096 0.10909527069714424 0.03274838337260724 0.05734527143660815 0.03713547138623726 0.029158956859014717 0.09974113117255042 0.019185228451883356 0.09851490334784464 0.05638760327887144 0.08554733957892985 0.04864242359395922 0.0539347283703618 0.037665043201772615
91 0.030970291972663152 0.06747732690848764 0.05820171122341739 0.01683637939539776 0.010190729845477843 0.08058141682061334 0.07101434406018617 0.06302288817861174 0.06950700519725049 0.03171004171013101 0.05270921775578251 0.06950024869738854 0.008752018584403718 0.07477672351801219 0.07198926222762599 0.04028247351255061 0.06139484234487031 0.006683804975377989 0.051380585292013004 0.06301868777973878
92 0.0100071409014676 0.06925498428574382 0.06427709342628089 0.06626433408640782 0.045266262984608535 0.017205154089182505 0.07271571307072124 0.04232209259436015 0.04336184814012482 0.060111550326140045 0.07261488338509427 0.007776738642094107 0.039625972957929495 0.05684716867740708 0.0730535521603544 0.061992424003363 0.029020806792949782 0.06379487405314342 0.03660122130563204 0.06788618411699512
93 0.02735967317036976 0.027186833540088256 0.04819882347930824 0.061908290447427336 0.03807990978318867 0.022540049959485654 0.032362013364998436 0.10098084690041599 0.04158007935862467 0.06633122513318505 0.07574940335304818 0.09464949707712784 0.06780590694034659 0.015228026392300725 0.034555251885152106 0.016946939843921285 0.11057899347085731 0.046208292444454235 0.060223818097639166 0.011526125358060395
94 0.03369420707717281 0.0584454515571354 0.011638623084696443 0.03400284036277634 0.09701184592842127 0.1033377885247614 0.021699584308435108 0.0011530803480875173 0.07398369380959716 0.06132611993341643 0.013016959676133475 0.024248194230900633 0.06558758306714378 0.008209080265982256 0.06101235132399342 0.09303113374170113 0.0273676715359974 0.07063254586962064 0.0614035317868587 0.07919771356716877
95 0.09638202210715406 0.09542620003293495 0.06710216634529254 0.11025836634730979 0.03801186634669838 0.05251709813027839 0.00563751079991358 0.01750801242011765 0.0307132912407388 0.11206956437905492 0.052904380456426314 0.002201357664029849 0.05516881120414737 0.013941258540464426 0.09354058007879297 0.0818108833971277 0.04493918924650324 0.008651359397976557 0.015618954778483247 0.005597127086554984
96 0.05067715439913191 0.0822573279022851 0.021236914123852868 0.06020445466856738 0.09018154936030985 0.08815773782648274 0.03832387529852662 0.0026886681225027015 0.03343156979095468 0.048028605897330635 0.015353486332509622 0.011077507626603277 0.007089128875012655 0.0457967706589882 0.0875319022624355 0.06960922698553548 0.046325075134408485 0.10104140593198402 0.07758051150546998 0.023407127297108348
