0 0.017104523735453632 0.04153929790710848 0.003962676135703977 0.07436317552172712 0.012688131660730661 0.043718585778952636 0.0642536789667564 0.036429654533485435 0.00962326626941991 0.0890318661060372 0.06466478385747396 0.03894121188018828 0.07216252122405341 0.06700725217222456 0.06703633139166842 0.04237024050586171 0.06411771848497025 0.07951914768663271 0.07073792941149029 0.040728006770061075
1 0.031087971252655833 0.022196229699088584 0.08036246198362047 0.08442421268532452 0.04988108510049589 0.04609837253043606 0.0028994144454425274 0.07806529648321209 0.07238771626319186 0.0753874022896861 0.049673636764715555 0.07641426072656929 0.0644994943397765 0.06718689934664843 0.038529344982610465 0.018376425242260602 0.0471081926866375 0.018328181133275886 0.019701804671790002 0.0573915973725617
2 0.08143525485972085 0.08662519015636781 0.032614755019503484 0.06356243795243177 0.07716263772925298 0.023564462857934176 0.056424614480833205 0.021564741493359494 0.06617761527496645 0.01552367543930772 0.07115334937343404 0.06550431836233464 0.009154565962713312 0.033114464792339225 0.08383904892309178 0.014737766164279024 0.003465889154920342 0.09757796970149907 0.020202486979618427 0.07659475532209183
3 0.07012466537176817 0.06065310885671694 0.05679789907744354 0.0761378530051058 0.06030587605201699 0.045771920447780494 0.08432902698079978 0.036254702625306744 0.03171246562446059 0.08643053002850047 0.045646509634373784 0.006836948508621968 0.03849334644580802 0.016782270980160566 0.0019277726896091145 0.06156373899446815 0.03610458954936292 0.0756029961994113 0.03580853575806118 0.07271524317022336
4 0.08085265951882918 0.0423724056508326 0.019524410783437852 0.0338986170799662 0.038578828447409584 0.021272770194917245 0.0358830454404926 0.012735596481720153 0.006737813336456746 0.0726889162772734 0.08831500947959602 0.005473185937489992 0.10693305346931054 0.07920608267706856 0.013627735716761593 0.0454236992790261 0.07592604501146215 0.060835781385178866 0.08730194286464783 0.07241240096812263
5 0.007644689765468982 0.05920808584372581 0.04768943555954766 0.04870786233776475 0.049260694604797456 0.0493301648041328 0.055494818799313714 0.03310344543222729 0.016422304468999737 0.04802123745635852 0.055019488823460506 0.07352494871472234 0.08414880054588748 0.06739450370420426 0.0531712734028885 0.07622154716380906 0.026459900455443598 0.06684745087374723 0.034973161870557476 0.04735618537294291
6 0.06724557241199364 0.08502305378108647 0.0372956102267273 0.07992791049946552 0.04492729055101899 0.004022893035425337 0.012281455753639973 0.059150512919000656 0.03594782624030383 0.023982909685728512 0.06280138602320752 0.02629172060614099 0.04233570624907313 0.029400177801589693 0.041840768726818446 0.08968652937508868 0.06001442240385818 0.023652129808933227 0.08684529210222766 0.08732683179867225
7 0.04133431775225143 0.07835149645135314 0.05034687678762553 0.07782256900185375 0.03100562699763122 0.08164947398390635 0.05346127755467298 0.022216193016269644 0.03081856332694303 0.07671316310226302 0.07939613837172849 0.026077229995424955 0.05543187799955618 0.0029875280738757086 0.04569935750410976 0.08771600318145821 0.008770238489204114 0.02181836958882053 0.06974978603899626 0.05863391278205577
8 0.020518036108731107 0.052627646789185585 0.04165948508714649 0.013439157198978799 0.058775068643351365 0.016116016218039233 0.00710770878819046 0.038582790580934584 0.015112659401454167 0.04442339299201582 0.04827332052650049 0.07919098197617458 0.0693698614549211 0.0774486246634638 0.022158573293189182 0.04326255504983809 0.1080238598881338 0.0388615751751177 0.09035244623419586 0.11469623993043784
9 0.04124378213506992 0.05977569197522736 0.02534067321226058 0.07618859824095688 0.02312304775408719 0.08982682477166246 0.08257255253158574 0.0803404361877006 0.041894649370162254 0.05764328409372677 0.006956169508766572 0.019074461655237792 0.04286834693735127 0.03655541522998162 0.07191637709975571 0.07741221739535804 0.007327761214416047 0.06396999639821245 0.06505318852867846 0.030916525759802152
10 0.10132411362853201 0.042350771480494494 0.025966397643680677 0.08352475794251658 0.007042854773689521 0.05033699501594171 0.05990457129783829 0.08848172334910154 0.02490119091029079 0.06252645935947572 0.07217873422319718 0.04239565519736851 0.007834801529105961 0.04545319513406445 0.011970534962569265 0.011213274038619759 0.07190611998259973 0.02454982937399562 0.07587048191191999 0.09026753824499821
11 0.052874158271862245 0.05734918838719694 0.03222235550546446 0.0749039390911294 0.01782770118163409 0.08208495286244517 0.07133848886666122 0.058881217473714074 0.012610680261656036 0.0542877184689562 0.05809733072825579 0.0819382919696502 0.06649145154132542 0.05456931039869257 4.075752285311458e-05 0.05077127186074303 0.01057344249630328 0.030393649025315425 0.07802546205455907 0.05471863203158252
12 0.047416325030378105 0.042977472697964245 0.018602105330384863 0.035756385720836614 0.0302978921172273 0.0881655521209824 0.023110739598676055 0.06014690852497212 0.04353432103859846 0.0022780790413786255 0.04241676520243977 0.017689942042168765 0.05484602004336569 0.012364939915326749 0.057725496958092336 0.09454309978399832 0.09363097864605913 0.10680962002120635 0.09396678626778956 0.03372056989815468
13 0.04328487608652246 0.07837824900245198 0.020654583855699037 0.005391768620030007 0.04877412394995263 0.07412468694158321 0.07983057184246321 0.017205998578594374 0.03949228338319416 0.07988691723417116 0.06522103747229462 0.07623709115822218 0.05494705146259714 0.041806180425698745 0.005214527517096654 0.05951469267918677 0.06704114957929135 0.05781902329554592 0.0023770944720160193 0.08279809244338815
14 0.09028397261762651 0.04884762087881976 0.06944325623584427 0.042512526307725625 0.08219943843836125 0.006149429371428146 0.0596036154634455 0.04311733192499097 0.09404810140297584 0.0780032573505894 0.023501011555733163 0.06378187321965789 0.01397007764817186 0.006079310954627242 0.0636261158949213 0.06838524167038568 0.02127407588882026 0.01783577355568179 0.02513489027238454 0.08220307934780903
15 0.05854060288770031 0.028782870522647733 0.03915421036320115 0.051062951637830034 0.05449379010801958 0.09241815940675657 0.07395045534205515 0.03382914386585198 0.0917241456579363 0.038248757272738895 0.00395864837842244 0.07843776350546028 0.002735210368748321 0.006617157379319647 0.021068490477461566 0.04444763097509673 0.07107183808276962 0.09007019102736999 0.055637173536431224 0.06375080920418255
16 0.0806022275974484 0.07902671002563287 0.08152777272262778 0.027329448846221377 0.04101575665103249 0.05399345859329663 0.03263765527244849 0.01649670030253449 0.002769467768173489 0.03137944302044097 0.08267871829692496 0.016326632685071313 0.06922896117436193 0.05467856351356511 0.058360023033656665 0.06911103543391328 0.035816822270280525 0.04678352200572197 0.05232990882711011 0.06790717195953717
17 0.05492885562202393 0.011795436201289597 0.0639589727400285 0.04042307626930906 0.09492151286373007 0.06795324003596555 0.08230973480336451 0.0767041820757258 0.03493893653352793 0.04369504823037084 0.012584519088274172 0.0728986981808977 0.03635440922293667 0.02010096074830756 0.09111902965048291 0.06576827341447616 0.001555093769210768 0.06449545345519941 0.04012449464128248 0.02337007245359655
18 0.08326452927504954 0.016875276280450397 0.06644057142467243 0.07279402105484699 0.04962906828433171 0.03224641035779753 0.06352939132053775 0.00103271270324916 0.018363906418200113 0.05551435298388418 0.06755711643571552 0.06853291351786793 0.041921277661488295 0.037267657238243636 0.08585890073641987 0.053787656424303554 0.06142807013705061 0.01439127552734622 0.09105088254044953 0.018514009678094825
19 0.06736723062354066 0.0887646614530064 0.03509304682607556 0.07986745313136331 0.021451522752307852 0.018205977751973648 0.013626125162173226 0.06959086082442122 0.0015508494962486977 0.09978691508536566 0.058770899997077096 0.04933988516368015 0.09252244456271612 0.035059721090791536 0.056919484484593254 0.03314465627796133 0.07790552542905568 0.0576934124810849 0.0230733708759517 0.02026595653061198
20 0.02363439468345409 0.02016668645084766 0.062458086532092116 0.050008840067371836 0.07513148797957353 0.04417045036979987 0.0590382930544407 0.08281584053652072 0.011377705008660973 0.005269754531530068 0.06667666058632189 0.045617980642704385 0.0377588626129776 0.06556034132992615 0.0325997272745678 0.09263156847467377 0.05867424551572962 0.029238226857274337 0.023840362165499233 0.11333048532603374
21 0.08937245362348326 0.049109375351124265 0.03412756070536929 0.05841148712973753 0.0787955816995525 0.0703955118735847 0.05562604430194628 0.027213848713013866 0.08248340110000428 0.006925817619580398 0.028187825967623963 0.007365612508161627 0.03731311417004999 0.04824171354858373 0.0162563819520306 0.0935742936138801 0.08084697648648471 0.08313884110545137 0.03430486420238862 0.018309294327948922
22 0.031175999053800085 0.038807430306630954 0.05090489221532582 0.08548609286196764 0.06446435617720339 0.0009029026818717001 0.06666129931382295 0.06470201123475816 0.029873756542479177 0.036408802904724376 0.0631760351840305 0.009660843499357731 0.06667003726788152 0.0663465719903011 0.08385580796296144 0.02883293868354034 0.07560853585782502 0.034870387039203046 0.019554646423429477 0.08203665279888549
23 0.08236694400375032 0.07919136556685358 0.06729724944284628 0.0827664465276752 0.0011889273326068446 0.07703751120248904 0.005603275816551294 0.08146655809993127 0.02046520085454841 0.08408146647623824 0.017159287149479365 0.01131845942604563 0.052551026948572895 0.038313973794845815 0.005184175297759174 0.020767487655685958 0.0625814592426729 0.07364574610060745 0.06869306743536414 0.06832037162547624
24 0.01535932330395792 0.04715948744676568 0.050881092941078704 0.002344014991473207 0.08617929680467078 0.0125851708074249 0.007063938870240958 0.027453530389296286 0.07373043745996252 0.07815586445114837 0.02108581701279038 0.06017930620669229 0.07927505321951302 0.04263437113848143 0.08891666464096841 0.035896866418170456 0.05364147920815249 0.07732943677642147 0.07210918453425962 0.06801966337853114
25 0.07476067165643652 0.05140004714154142 0.08496244768142544 0.05975116458548511 0.07656415172651153 0.0778305097498226 0.00954803790041915 0.07720035380216173 0.0675132950137811 0.0410098709403473 0.005561330470151526 0.03149729426598211 0.05696274562394326 0.012417810332402412 0.006743762099084991 0.08129947953944736 0.0706068265526188 0.028482748500842536 0.012880055267473642 0.07300739715012164
26 0.1015512140521069 0.007808635800574185 0.08754609379383126 0.048681287034659244 0.03514227676648932 0.021313867736575415 0.01860802811947695 0.028633825055893312 0.05555833167087817 0.025810194236003992 0.05588823809953095 0.07268432561183698 0.009076225658489805 0.015381728419623831 0.10391246925627198 0.014899842536696756 0.07779612059976591 0.03867709947731921 0.09719140274610051 0.08383879332787512
27 0.05012368007721029 0.05777613725669483 0.037056291935242174 0.019502996011650186 0.036028296106986143 0.09671178756883586 0.09127716554064393 0.01737654571082136 0.09130644439933365 0.01871341191265266 0.09241561504749854 0.01987445561182111 0.0018724443410270003 0.08257954162790909 0.044658936999518596 0.07014309455430838 0.045409300529297994 0.06330794193094672 0.0023105103879418076 0.06155540244965958
28 0.013364079790733084 0.05173524272774755 0.056019711880824614 0.031053148275677765 0.014460325978537126 0.09042875101199224 0.057652640146522195 0.06729319100858629 0.08402632467869697 0.05032358001006984 0.04186141050665462 0.04782246385275584 0.012613588484616947 0.056518370438647235 0.0878138036372091 0.06633455069643657 0.020994299967864224 0.026316201492560268 0.059436384191924374 0.06393193122194317
29 0.008886910414411137 0.05390311180565314 0.03249236975588631 0.11186611146466373 0.10832114783625559 0.03613864080470368 0.00817804350430004 0.10693755324005548 0.09984632384131305 0.05993596361129885 0.004163789979745109 0.0015600867632698428 0.0572336036495153 0.02589328699298896 0.02701476353115291 0.042353160568837825 0.006997427904674426 0.07777622368730411 0.028742200437326892 0.10175928020664388
30 0.09785553496861427 0.019087039922847316 0.048332821315168535 0.07940668549753017 0.05525401551266277 0.039451948559097026 0.033729529714586474 0.0941048728698425 0.007239881841054715 0.04711920916372955 0.031097745628239668 0.04317151255702853 0.08306385170722169 0.0543102731807913 0.014873895703945397 0.06686061457177643 0.02931579919588704 0.06648066529351383 0.026159240855607318 0.06308486194085547
31 0.07487901855118971 0.0381883991277717 0.08761457990717078 0.09105024852038963 0.016822235914747942 0.07464384081342498 0.03897946527850458 0.05346912515884062 0.03779570658969876 0.049054981500207546 0.08161450631360173 0.010146420185232475 0.06479382595915262 0.05226997373436085 0.02145012861742907 0.011905187041643561 0.05534518815585137 0.08895443000327412 0.03874903652322947 0.012273702104278415
32 0.05966845046937221 0.02274505426718012 0.041005358352651095 0.0008240020813329415 0.04194305575305638 0.0847079676702067 0.027339055297548886 0.006520218064542474 0.08152944013279889 0.0806526029379393 0.06992141261962707 0.03283562630612818 0.0520383271751804 0.0799418657071406 0.04577486556121264 0.03999188898919654 0.024886361762128696 0.09530159067923318 0.05704914836652682 0.05532370780699678
33 0.043638018746165456 0.06892669462374039 0.06279612416646713 0.04767842434741967 0.02854543436838689 0.04991365565865479 0.06257426274488893 0.01184853941725973 0.05171627291719695 0.05675152152475099 0.05703474883145303 0.012535458533992495 0.07371107455079455 0.06245902817676628 0.06924108514452358 0.024811223538884444 0.058273226919535334 0.06780824261981222 0.04544067983524682 0.04429628333406024
34 0.05492484092702572 0.04465629784706312 0.0845179685421494 0.062173753309530386 0.02762034021032197 0.08225173026903695 0.022659019712385778 0.009343396259715234 0.03767084417146084 0.04999818986977263 0.013349525087523004 0.08500987988480088 0.06301077612560912 0.0786656216905529 0.08689421220409237 0.023353291937365985 0.044420928840675306 0.052335119498209084 0.045919818796059275 0.031224444816649877
35 0.040452254792856725 0.07329819704182501 0.0021349093635653175 0.0023691346026972226 0.06859773153011384 0.07348525944024087 0.015699205254774588 0.01426892555180571 0.08446550997514582 0.08524802157416589 0.0739120377300641 0.009247789045081797 0.06754122512515794 0.07198339638383179 0.013072835308635901 0.05309104119187011 0.033335894870398425 0.04878389388867184 0.07788562585544886 0.09112711147364841
36 0.07144770560064663 0.01732801463432371 0.09045701206027543 0.02794144165475309 0.07372350953441137 0.03475953838626777 0.08753123485812357 0.006223209359880645 0.08000211106258673 0.058396911190467915 0.03456779416942259 0.08848647758313231 0.0723457602775593 0.03133193648192195 0.05343901411249698 0.025326460158048653 0.045847300709695844 0.08111835570995278 0.013267447696749562 0.006458764759283405
37 0.005305600096762668 0.07073652361872551 0.004046360001461011 0.08880953439296299 0.05338243881745705 0.06861579263787694 0.06026510104308702 0.0737057962501732 0.09901222250792201 0.04780243430905245 0.016315692972018857 0.05502215586756877 0.04017713606291944 0.006513031735078309 0.07544112730338537 0.0788897736339856 0.009937641310003962 0.061592125213047286 0.06477683028655012 0.019652681939961333
38 0.010755296237672405 0.06702845578759602 0.0535879319101872 0.027800639343141007 0.07971825196300124 0.07532849440514972 0.014970379356137195 0.06896175485209152 0.08441350134298622 0.03453099413917511 0.08931574770393727 0.01930132851911202 0.023370819522413707 0.038546586680882164 0.05637945885490305 0.03856951522905263 0.03893365782947517 0.0784873009992782 0.0056504931167455 0.09434939220706283
39 0.027591707275106406 0.04778669862281793 0.07504942587898544 0.055181104569539126 0.05076207010072868 0.08342799402263554 0.05457262244685626 0.01851949240680177 0.0034600418267946684 0.053390771248078804 0.09662055629741126 0.05094349832046234 0.0886575295516357 0.017184791295563065 0.09499410296311284 0.0711667288824483 0.043285406277513226 0.0008049664956246856 0.05757937448009369 0.009021117037790467
40 0.09710012005903286 0.023063538008093392 0.09478345202274337 0.02870346731004313 0.07925626473817154 0.027525903592601576 0.05839683339000294 0.009178843428644104 0.06013563549026842 0.08299614577463868 0.07499796400309638 0.010002172117575139 0.013785779599480871 0.035620889724055894 0.011172758950361784 0.029463307540166583 0.08667757769560752 0.07441580373625384 0.030618375938744335 0.07210516688041765
41 0.03024460015475628 0.08016050709521477 0.007022618119740473 0.1305547825801432 0.02173719715455492 0.01841561122856931 0.09065430986212904 0.0409253044062541 0.09855374822360176 0.0006642909880124655 0.01772128855247472 0.04624843657317386 0.024973811223992354 0.04024815881560681 0.01949756018670671 0.07514042128241437 0.0463632410827601 0.048771259968896516 0.12476745858036241 0.037335393920635854
42 0.054943794052475244 0.026093944916036765 0.08187503200893119 0.06770839860086166 0.01313187696885249 0.03927985959644125 0.05052936305498678 0.08491520278384605 0.020947543236832768 0.04791345860876872 0.001599289682200925 0.09259908875284575 0.08706692791145236 0.03787110326963484 0.07326534540652122 0.004433781158765516 0.027235058463268423 0.03857956646724526 0.08285466557326827 0.0671566994867645
43 0.005183304109766 0.010025873889877128 0.04006854161126061 0.06969668157605378 0.05903405650349922 0.07900603133185088 0.06098829024717424 0.04088148928692913 0.03779307472405663 0.06580747781035443 0.06631088011650016 0.06590144688910217 0.04461619788240419 0.07514415018189959 0.038298989437697405 0.05917351885360258 0.04950794736667324 0.06594336170351554 0.01318152593714585 0.05343716054063722
44 0.03330886278041602 0.015743683406466945 0.027780812462337538 0.09842776481201602 0.049145187664810235 0.03005795574005544 0.09804697563026539 0.033246829959892914 0.017875971873107323 0.0763728130657253 0.044133634557085764 0.018201526496918197 0.014164952953920836 0.09991599110667224 0.040415344913998195 0.06307913165769485 0.04335222103316835 0.02313297901669922 0.09448854484457546 0.07910881602417369
45 0.06254888895196602 0.015489448709856076 0.07838265528706971 0.03481715916760296 0.06779434782886556 0.0721958918747854 0.05653945063735201 0.0942676823538759 0.044102489993343756 0.007388931430231347 0.054482687097106686 0.07411120367852181 0.05268414703807152 0.0024177425729812897 0.0013869670854817712 0.031150782927749976 0.025826811598649496 0.0933734641186872 0.058952331196630424 0.0720869164511709
46 0.02949769447381304 0.05839097098985428 0.07166888904493725 0.042523598727703206 0.02004572474023893 0.0568983712084687 0.05164431239985509 0.017322249556653437 0.06380702254671972 0.06462725105568537 0.049769061105171715 0.05602239129938484 0.022426170632161516 0.0973715614249324 0.052047004346651875 0.0596622050496355 0.05138919931181815 0.11394581812241474 0.012296877744929026 0.008643626218971235
47 0.07781437304851446 0.021865742772075498 0.10508657357631881 0.035830374367546214 0.08674310567675513 0.032706275790233434 0.08552098783389495 0.04021858493466678 0.02374663383067679 0.10357917210401722 0.05926686473953111 0.022965954337080915 0.01778381148914461 0.09600781598003745 0.026325158900887546 0.1121414661017832 0.024499786359603204 0.003328966603309532 0.02165915767274944 0.002909193881173887
48 0.09411416286556712 0.02530952394303703 0.020270918084757502 0.04187855354143366 0.07658575479060616 0.07386193210328643 0.09334963502371862 0.07017499773111448 0.07658026585550821 0.012098722820093917 0.008853839469586325 0.06021953408802233 0.09523790577577533 0.009339441808185264 0.013218831898423537 0.08645261263612657 0.06679338668513236 0.010503599295823398 0.04890993908748115 0.016246442496320672
49 0.05848052442043703 0.04277462755060818 0.07206301578666897 0.031398993669462735 0.02416828170390587 0.03668248043329954 0.031615434550598634 0.007217649697165234 0.04935335663066387 0.08190331513259833 0.06585542745006169 0.03208045790490313 0.07609151671433106 0.026770593434864976 0.03866170316249744 0.07173219714495768 0.06992454994883064 0.08125818892563938 0.054463130968771985 0.04750455476973353
50 0.01570212798393651 0.06542753888575767 0.046806974141890736 0.018937192742089767 0.06784673657909096 0.022666799736813983 0.0724425899110473 0.06409891587789444 0.033696278554941825 0.05478604280274042 0.07758378306047799 0.07081824885661335 0.06564420182227772 0.0002838021516476243 0.06078528307219208 0.022775446564421417 0.07237139945479851 0.029198100898285957 0.07224356118185864 0.06588497572122311
51 0.06492504453569083 0.08060906123651294 0.028015028218381272 0.06654625468362958 0.008941551117779892 0.07363919990620095 0.08145139823846428 0.06400708127999712 0.020047539638099042 0.08119595100002308 0.026239903942949637 0.09181682068317171 0.04367547996360416 0.00793272391325677 0.039614813178993416 0.03315777444950427 0.021559188691364608 0.01531041181964827 0.08228008231883684 0.06903469118389124
52 0.04253636234324322 0.07792440631757461 0.013560860104158743 0.019388368648023117 0.02907615386550232 0.009916642811224721 0.07502991111558108 0.07529658694406638 0.06315441289715325 0.04732822290494645 0.045979194976737615 0.0800369465626568 0.05408077697805891 0.06742697949448265 0.061215970616531036 0.06678940576695448 0.08992860829098492 0.018024755154380262 0.037117701842514145 0.026187732365225484
53 0.004116928246160625 0.10069800642851866 0.08787713154200784 0.041175798143883814 0.013286239686794685 0.04196303943662742 0.0018874635962548877 0.04826831642253592 0.03960142125267127 0.0553258153507069 0.0514598473922453 0.04639801535754399 0.0509953521313095 0.09410534993361717 0.08851566241753071 0.01156099219814647 0.07715234418426888 0.0876405990939518 0.005786825512214665 0.052184851673009375
54 0.05575755900203171 0.006184587073209596 0.0927477033517233 0.010823048502225674 0.04569733177313223 0.08584509512576766 0.13778695496980914 0.052888051371332234 0.02682918038769372 0.03458733638489487 0.11149465184993802 0.031249784670874376 0.03465836307967869 0.057613908036337196 0.04147400009293049 0.05832014097190432 0.03822843889734301 0.011515101999294505 0.04947424211709945 0.016824520342779592
55 0.002028127692262991 0.11010464629246193 0.05506869072835923 0.026118714944657447 0.01732479385722706 0.03492077029026051 0.04226060559219775 0.07283537467565296 0.03323338025565697 0.07221567198416745 0.052921119913603806 0.06418814974859585 0.03046130614603529 0.05947176752535876 0.10494091362096122 0.007362450374304573 0.08864607911898274 0.04621301752037623 0.07822774687838444 0.001456672840492881
56 0.07916398190208797 0.01655753537494514 0.04573810197625264 0.007913195025812675 0.02102383326213522 0.02284294021998188 0.03847392841950406 0.03279631724463833 0.03860048142714683 0.07018687814797998 0.09402056990272915 0.0977226853608646 0.024756292196286327 0.07635810688430394 0.03520009852706269 0.042017808315853694 0.033794331228376724 0.0657030880879326 0.08765329251128878 0.06947653398481683
57 0.0009467259846511775 0.0992028827467284 0.11798035293505187 0.01141079050032255 0.05177673595804881 0.025716718639248067 0.018482181037660684 0.01941954447707232 0.11154386599916741 0.04014958109566073 0.10787912643410333 0.040288448203675116 0.005679848186269127 0.05655459814955775 0.06504182856345189 0.0874330542080278 0.04871343510069184 0.003495743391513828 0.046379942906880155 0.04190459548221739
58 0.06350469500646212 0.03913448473869036 0.047674140012435334 0.06575280783060886 0.02586640097464275 0.0007952876252914136 0.09377977703333334 0.09024020540305801 0.08610875563528136 0.07056443737359408 0.035638751836117734 0.010914895661862004 0.09280436615578075 0.011405571083670863 0.05449934046525782 0.054147604603529076 0.003519225829819923 0.020272939437954732 0.09057294958767467 0.0428033637049347
59 0.029798551541007055 0.03289162135124717 0.03136196349839071 0.031162287367195667 0.02880430735031094 0.08768396798240131 0.06771913986363343 0.04325858969094732 0.010083603496811557 0.06533068184708345 0.01894493678701437 0.05896370486177405 0.07915908589543431 0.06513430353119543 0.05885795794917806 0.06349797404206485 0.08740776528133057 0.06654293334143804 0.02252114934668339 0.05087547497485822
60 0.025175311150192926 0.05027188576427315 0.04919045960281274 0.023615219108523627 0.07422960571159232 0.0557263451352718 0.03166512132085601 0.04947137300155318 0.024195807562243196 0.06280228768721384 0.06362226395840603 0.07444198571175872 0.057170039245546936 0.05064988220926156 0.061373773603030944 0.06367848639111892 0.04320999898032062 0.02417224302231314 0.06793137788758574 0.04740653294612466
61 0.05921804036874164 0.07620454543928619 0.06565346605122502 0.06649450577608124 0.0772656779023976 0.019982387679441372 0.06412981897189067 0.0483942359003985 0.03449268148624671 0.04748854051837772 0.05483236459958937 0.012154129928165206 0.04381621186126202 0.061649225722179186 0.05064403107286274 0.06124810398384383 0.07927038405443985 0.013946514647932525 0.032539003768376894 0.030576130267261543
62 0.016908683358917105 0.08136707325790002 0.07776012139036029 0.0037189970240839774 0.041755818726792376 0.005450606027325272 0.07286379179382599 0.07807080096468508 0.003205810075325124 0.06341128240203604 0.06299714590940582 0.05638387257529172 0.06008016158676231 0.0380494637209444 0.0679069034998199 0.053145755795586884 0.07238257230432943 0.061895149179326536 0.040721099653608726 0.04192489075367316
63 0.029637191014336928 0.07646760119177402 0.04695359466951038 0.06710255571511706 0.0752259573410464 0.07882694911932905 0.0010627237298898246 0.07065266942522394 0.03331922801926942 0.03177362368853937 0.031680739253208905 0.04469472246128581 0.030499205819547546 0.07813832551404506 0.01861957848503193 0.060140294973555664 0.0496117498986201 0.07235800910262104 0.07090339499352957 0.03233188558451797
64 0.09769671368407597 0.06932071366816275 0.06500296536169034 0.05258605254949757 0.0016092086359595784 0.03260068606668301 0.016965380445409906 0.04703511153817708 0.010049609075833668 0.06898148191429739 0.03875598842697574 0.07954425061740562 0.0712843878320081 0.07944349086721339 0.10266427101320173 0.07522072756852609 0.01015456472267686 0.01128115335022093 0.0690568091280642 0.0007464335339199753
65 0.04801698286011755 0.05362231973313444 0.053305545323365656 0.059598075731211175 0.03380315375502273 0.08255557247539169 0.01640810137929715 0.03148346901298267 0.028778808103607525 0.03647426088300069 0.018604313712602953 0.060356921381812846 0.04173467768945745 0.03750555276013521 0.038478659807413454 0.08399776796768166 0.08698292046415922 0.09946553910054134 0.010274344855219289 0.07855301300384535
66 0.08665085028895494 0.0946884053532077 0.011975447665574434 0.07978140720767345 0.042322114848299765 0.05661617115585983 0.09292727685433602 0.09698020712535727 0.01489602771563922 0.03592501071660344 0.0099327582059202 0.015106723677124585 0.07671632403029596 0.021693145473778375 0.11112014972193685 0.006942881343620385 0.014915967566075718 0.04580780802972201 0.050331002194531065 0.03467032082548879
67 0.08344996965968329 0.011083578835614807 0.0350264197006856 0.012218630784707286 0.031078941705876457 0.016330982500093773 0.09484432814793281 0.07317407780983096 0.0917492692331536 0.0878077282600234 0.008284316811444703 0.02730202713511819 0.047473559032374345 0.03878420251424788 0.039740677708160185 0.050317733439758316 0.048934468022179746 0.06674798601820002 0.04320423863994617 0.09244686404096826
68 0.052764220736643 0.043790919960555494 0.014676219005675825 0.019971409612919187 0.10162681676217526 0.025918163039093577 0.04329098214457806 0.04747393255979097 0.06859440910257956 0.05627207218894077 0.02746150772360908 0.0044069921106763225 0.008096574450430018 0.01916499299468328 0.06175352052893575 0.09334331474869012 0.05631900727777905 0.06790853983617014 0.10199582993743338 0.08517057527864115
69 0.06524618730137524 0.07623547175166322 0.07385271281243874 0.018958160036638857 0.03852830806746269 0.03646177545924278 0.03050946713446061 0.014728445871503834 0.013432661276866598 0.10076772454360347 0.08172264683033227 0.02664966094974742 0.09156481760581 0.08645952703884409 0.0034340298147816787 0.025171226919042708 0.02602640250814043 0.04300436103639527 0.10210419949044901 0.04514221355120129
70 0.04922644941032641 0.06289977271863587 0.008957981138055203 0.07639248709128588 0.0580400691845121 0.02072803748534317 0.01628109895556743 0.07807731573036839 0.02688642105209729 0.06399928812428364 0.05784836680025311 0.017946179234062245 0.05213767914727772 0.06681246189403772 0.0674578452560478 0.07629119399137711 0.05807563470020707 0.07877779662824413 0.033819379430909756 0.029344542027107994
71 0.043229826899682765 0.033956210855130606 0.04340661403576038 0.06602343900027768 0.049425267742117786 0.06765161388819692 0.06723333216981231 0.009995857481060579 0.052208458631278994 0.04301184555747076 0.022139743783417255 0.06499919835084071 0.062255067925152466 0.04695797578730822 0.0777444695522849 0.05668566255352511 0.05234480407235773 0.05768675166217657 0.062121591844115705 0.02092226820803281
72 0.07550850177238647 0.07337426099596567 0.003079209730269772 0.060177339736331846 0.00703514413907126 0.041218900460072816 0.02496484649485329 0.02871222658289413 0.05912732703969419 0.061962446137199347 0.0102106559747029 0.06638624418037604 0.07085573329662054 0.07557936201978122 0.07589658196891728 0.05153002532661621 0.05192641286457611 0.07499555518691559 0.012892982418140582 0.07456624367461459
73 0.07784307824211907 0.055133302936597926 0.012059113750751927 0.09547697510277883 0.021803748402807736 0.05428808630769989 0.07700322217402333 0.012637935391064342 0.007801349527286598 0.05370159014781273 0.07616234950692448 0.07133314418720621 0.04883471612228445 0.04177723010548614 0.03624275862981387 0.013846087781203175 0.05509664597080207 0.07943995824538587 0.015985102362413708 0.09353360510553776
74 0.06861256661907095 0.08042653717156414 0.013850005150779514 0.016951131422768106 0.04310451068856368 0.08785649723165813 0.0502932051840703 0.06941579947048919 0.026389452302946405 0.08592918134407192 0.02788311869401807 0.0014537843983604992 0.04326057007496723 0.011976458436271806 0.042664478617216416 0.03533743204292776 0.0782645604188403 0.08377797444514816 0.055075908489711826 0.0774768277965556
75 0.09077471373990072 0.07277625742729979 0.03497170680684965 0.05945150551043824 0.06339921866198596 0.039873241341346545 0.05486223401113625 0.04019049767400379 0.01222938068605914 0.04266216431892004 0.08773736107141054 0.02345079069440322 0.008747047960445845 0.09579928316792079 0.006267872568542777 0.05009235104508616 0.10441595024773262 0.014555790752422358 0.08612179487373862 0.011620837440356831
76 0.0458643279615083 0.031164134255284706 0.06470469808512463 0.016982883051240457 0.07588305518960127 0.07780908838314377 0.07987282764712128 0.0695002031889677 0.009666571041177975 0.05892357059462766 0.04145900202409461 0.04660478685468553 0.08767568318968787 0.03750996445317227 0.07530367715045763 0.06848794127611516 0.01919532191877764 0.05009207601517495 0.021991392016494773 0.02130879570354192
77 0.0705075798841635 0.02111311771384786 0.00019757988449120491 0.05807617457537419 0.06796277572009893 0.04622994748061851 0.0832390807982863 0.08691189086413517 0.062233987075531016 0.0840801742473764 0.06477281423510697 0.016890709776025564 0.013049220355736807 0.0924060987312736 0.06978061531105108 0.011218454862135506 0.03904185271185303 0.01482565903417281 0.027702838807910208 0.06975942793081134
78 0.09866752247963351 0.10042969529929614 0.0562542363411587 0.012584311774886368 0.08389160743696733 0.09542073590402787 0.005509239481060739 0.053026095803688694 0.018780983016380436 0.09052380458664784 0.06672032931946047 0.001912198249952253 0.013129788997938052 0.04237249839362197 0.07104102887462768 0.00041961761831879385 0.07330086017445842 0.05981686463271857 0.02277916394351145 0.03341941767164498
79 0.09092987211997643 0.035575843174197284 0.006501110314693388 0.05287801893372073 0.08945159663262556 0.08591743509503855 0.04524485099177866 0.006012805811604421 0.06074690703280692 0.01801610619001195 0.05306562542870051 0.05492548557127833 0.05780008897628648 0.034812714807029015 0.02914420970976171 0.09108481582915914 0.09664299830544429 0.075251218972178 0.0017643752267720815 0.014233920876936451
80 0.017088701031677485 0.004697175212994657 0.053890265117453005 0.06048089117515157 0.07459256312848116 0.019598616493870104 0.06819455004206192 0.0005800247723994432 0.05535031291414305 0.01619725461117012 0.08665078136228664 0.06707856892266167 0.006699565619430387 0.09253473315601049 0.022462673297417957 0.08764463772244142 0.07732926510873585 0.06050708557676331 0.05341212355922933 0.07501021117562048
81 0.08315470885827762 0.1095428350513519 0.035495348960158435 0.04587579278346171 0.040503472989491904 0.019755177493148732 0.06548675757662878 0.07736132185793049 0.013754945553785878 0.08448536777680354 0.03296893209732034 0.10298355372523797 0.005285920196926725 0.019708191373245903 0.0290648173743687 0.02898610779663009 0.06405509792444394 0.038869883523736756 0.1023304655078988 0.00033130157915174993
82 0.07314778136670716 0.03672630981740313 0.047592978321525946 0.033618050541389964 0.08496592133415326 0.028945835953825955 0.03255125257165047 0.04679668051075634 0.0060526947477242184 0.07329525279037892 0.051852218923571065 0.06591825855343986 0.0216702595050036 0.056166144622105355 0.09844682203668195 0.03753978505499214 0.09463112097801875 0.00405932868311705 0.08725711543357953 0.018766188253975278
83 0.03697905588008072 0.003162562045020544 0.0857684573669595 0.04774090670927776 0.06784535327292796 0.09170364242941255 0.0546274107149761 0.058357013700881144 0.02718295409973058 0.06689267489777953 0.06940741888533214 0.004197045571464372 0.004514107342080246 0.05304719636934397 0.04142849707719228 0.0038757592990947705 0.08891885817992504 0.08370739336976366 0.03408725115151755 0.07655644163723968
84 0.05917904165162867 0.05094665070504444 0.05169942125795833 0.08015188609774834 0.06575667304573067 0.024504508892353383 0.04154406559329619 0.05973396815988735 0.0418409010737436 0.07603952328032927 0.018797052743543628 0.0841536754763663 0.05747476672804624 0.02687180977150689 0.01399480698817375 0.04399964127494561 0.07184427756938849 0.031231938767063473 0.06604944030866287 0.03418595061458244
85 0.06592476259255363 0.03696336322261699 0.07105030766411775 0.04135120992445826 0.05269406690182094 0.0348871007177244 0.04937508426947353 0.053781258243975304 0.04575843444598022 0.038458625325221006 0.010424637803122477 0.024211929863353774 0.05792933296041873 0.043445899671870424 0.06065885074982079 0.07334381044031979 0.07082740477224846 0.06395606714040838 0.06877920598419439 0.03617864730630065
86 0.08813339339143754 0.015031509551485933 0.05737487821680754 0.013220559387904538 0.037999735564369745 0.024827042369280197 0.032520098299115834 0.04602911539151906 0.03553994159130177 0.062088785352309044 0.016062767668577692 0.08344880993063498 0.0899930510992849 0.06058149874333896 0.039995337804673736 0.023707813094796776 0.08522087733999244 0.029740337322294197 0.058258103030279056 0.10022634485059617
87 0.044180208302177615 0.02534231115886301 0.06249477246520327 0.021288537991875047 0.03878792241805516 0.0016734826466506085 0.05556339917355706 0.09036844376584331 0.05475268223291334 0.04442505724440069 0.005366148440787548 0.012251082440461228 0.09563794707979399 0.03555824416281368 0.08569755858645207 0.08207063750105403 0.09887441820443059 0.011596356002681076 0.07349242270658397 0.06057836747540258
88 0.08831805913013029 0.03391565936452737 0.07072184975524294 0.02153771306880181 0.0679162139335941 0.04347569761013697 0.056634670209751804 0.02154431750580221 0.036693271799846085 0.013451813651616958 0.08986870976461118 0.06294945680217946 0.05042115498373472 0.01020955039270714 0.050495639820520966 0.013298395196912064 0.08097532994545643 0.09643888177125984 0.02429580500890985 0.06683781028425807
89 0.02586965457645648 0.05814738401381633 0.03935526748658815 0.02141638312320472 0.0912631126515181 0.04749220782153422 0.05177782692789727 0.0020167168393711316 0.04017426563471768 0.0983884439372575 0.044598429395190105 0.006142324786981558 0.0708430939696627 0.06238765453756476 0.05925539240985736 0.08098250443158737 0.049627227302148774 0.0795953472019716 0.05652033266657847 0.01414643028609558
90 0.07061622803951736 0.032462077712330235 0.002132908129220205 0.05484317562979207 0.0804414385630571 0.07667868086567152 0.052641679409582566 0.07820307837888188 0.04235623454729702 0.002801004465418903 0.08797562056272933 0.048077374055190844 0.017240030768427367 0.04893773199596239 0.020104227269127264 0.020625768093869765 0.06727830153273033 0.02466894366103874 0.08963650248415365 0.0822789938360016
91 0.07064498627203332 0.05423058064204501 0.058983110171327305 0.07339257003348774 0.05412264416002155 0.07792572637137798 0.023104602325687434 0.049675540882300306 0.03668958178031634 0.025079695677616587 0.061275852250826414 0.043304702402995145 0.036938366255806265 0.010869208450665632 0.005304977237206194 0.07582117366240738 0.05515919814332968 0.07873792016404685 0.07043683925064609 0.0383027238658566
92 0.0008438469800608427 0.04877434563769329 0.09457552765906205 0.01093306523317019 0.022016815367636344 0.08537670033532542 0.08278818205075571 0.020853932582203374 0.06199072722990711 0.05487512992989266 0.03748537142283041 0.08713318380694451 0.08946784899748501 0.024089445709555974 0.015673811904982318 0.08422182234743303 0.028536906574248684 0.07585308395329164 0.03860793945514506 0.03590231282237629
93 0.0030233309625237862 0.07567806772814331 0.06278151080296379 0.03474352007612928 0.0650737475224457 0.008921285285642101 0.028687555585465867 0.06600434165712343 0.03498167057031627 0.04577629084965774 0.06306045864857848 0.07514386526549988 0.027119564382796994 0.020482375587773126 0.06147112777202471 0.08211387007454596 0.061785218683986 0.04163651129956603 0.0724307630514884 0.06908492419332911
94 0.06807497475920699 0.08359210711732218 0.07441698617870537 0.02155834965688035 0.008614106577204962 0.057905637615081336 0.06167025165577572 0.03704809039059034 0.08203054703728038 0.01939962376606684 0.04179296423626734 0.07133283402153326 0.05545166075724306 0.07092341145784263 0.04647717373887957 0.07897744523691362 0.07199300334920641 0.03281683992619281 0.00044909768693253 0.01547489483487446
95 0.040333550544777025 0.00973380423719443 0.007570342753813773 0.022129631118583293 0.06918456738410614 0.02428911677547001 0.07906819531085076 0.05141584920100686 0.07752592544118544 0.03262334710129587 0.02808340159058912 0.07909985944247877 0.07900959129281976 0.06281208249522069 0.04211215312509031 0.02670444497411253 0.06809795795331072 0.07540213487217466 0.04920096439509049 0.0756030799908293
96 0.07643069068483391 0.0036174803671285187 0.00944318988199366 0.07913104077081534 0.0030490872714637497 0.0372427371050138 0.034189497616521076 0.10887665967105603 0.025119603437874335 0.025411454715440235 0.04193443814498722 0.06590329025536623 0.024173304588019782 0.06206852425012163 0.06610065517141155 0.04393596537835866 0.08820830543291425 0.09275040163524118 0.10709505169799637 0.005318621923442398
97 0.036710430578233234 0.040585134169735096 0.08031525370502182 0.018743391994027695 0.021524995429969298 0.04328365335777567 0.06388228152416973 0.052476478249411394 0.05228848737813428 0.10842652436015031 0.03872208196797905 0.03502959002872963 0.09102493190562863 0.04964931178063089 0.08342382401881962 0.03538157740905027 0.03181224451080211 0.05781454176662997 0.008302827461966552 0.05060243840313467
