0 0.023777866780114825 0.028924456825200517 0.05664813684739842 0.06619385657417576 0.07115226783110341 0.05171842501167461 0.041354221111606235 0.07574354754948326 0.06430458300552827 0.08296180059837353 0.06420180267653192 0.015633177189235823 0.08377984636243985 0.016063756636228017 0.04927369582760575 0.028227318446361265 0.06150702060568281 0.06663204520177039 0.04131656527527833 0.010585609644206805
1 0.05950390238718622 0.0012123773007160661 0.024606529015070523 0.08624426763338507 0.04746971137380683 0.024642312505504527 0.08645330950127261 0.060321263635597144 0.08958641699481393 0.01862873158836504 0.04430468952878926 0.07391112428970692 0.08020110780695883 0.06484134076988217 0.07449610451403352 0.07307574700730861 0.007541069854555728 0.054378967459663426 0.020764486275938455 0.007816540557445238
2 0.016598754311267463 0.08638891796511936 0.055303753135418854 0.08395215091749597 0.04269357102750977 0.0704846996961559 0.05876221801348259 0.04947315096523843 0.07242359224102661 0.014318333171671834 0.010125923077809885 0.0698357270264612 0.033795320578025576 0.037741694055524896 0.06409079358694131 0.015456784984450118 0.05392123209065553 0.029925518760036688 0.08329570294513039 0.0514121614505779
3 0.011211752653681732 0.016425627906112326 0.07218618764467871 0.029190035497423227 0.027541217300791666 0.05093429439853553 0.031013792132987366 0.05759381733314965 0.012092539955251766 0.007754492275221927 0.09243801270845722 0.048762928682511746 0.020855513581925944 0.08147499401237027 0.07583150661867613 0.04937108970207581 0.09544325145426315 0.051019901709852856 0.09332907580979015 0.07552996862224277
4 0.07468142542037144 0.06724251783377391 0.10762769586800804 0.08372713110752045 0.0511693017370423 0.03466224764212842 0.002928100202896421 0.09551236488164108 0.036317282454413194 0.09778878081276444 0.05521910161634635 0.06689301729155729 0.01768683965059526 0.0034222150694749793 0.044250487615102516 0.04253888807789573 0.0309517014956782 0.07022218966275619 0.0036179280645526365 0.013540783495481261
5 0.1013638735902245 0.09384121747961907 0.05859765024692145 0.08480687664644587 0.10016138100638053 0.09946015580724578 0.03151278913015596 0.005989182500765235 0.022564219150280587 0.07845286344010534 0.035019983867213327 0.009706404797256946 0.015102616631137978 0.04668298227352154 0.07928542674309567 0.021373812623126102 0.03421787081465174 0.029685039188366243 0.00637208576132086 0.045803568302165316
6 0.04809157104676845 0.12309724963094529 0.034325228044418336 0.07991228833924988 0.040431496040719966 0.05295114365989923 0.07161835685630683 0.054766877800930605 0.0007355782080318481 0.07340593073386531 0.06012798757533206 0.02094282956607654 0.01853111510644727 0.11467423613627598 0.0008514313581898767 0.05554970155496976 0.0654562324665333 0.00561806243929475 0.013295653263751185 0.06561703017199351
7 0.018745666448282412 0.09491607128079214 0.055989641882752635 0.011798640038339551 0.037054522186410865 0.0492665200742931 0.07447622614324037 0.044978196971757395 0.05275557927148947 0.06457186845134405 0.0042245536034162 0.08651800798347392 0.06684531292186587 0.02857504713975958 0.06406289753184742 0.005836461893329967 0.0757627579647342 0.07873584253936432 0.005060213094533892 0.07982597257897273
8 0.13191123872798438 0.10002986682823531 0.0863508841995196 0.014748796472152834 0.05623364152840933 0.0008479668948923669 0.08092777681552117 0.04374556412203859 0.07982032259597126 0.028399687215425157 0.10887168257863618 0.005548248884988659 0.014252954142101778 0.03112451001832024 0.006144962100018349 0.06859153138087866 0.02642932191123896 0.05562528865947434 0.009932080622869783 0.05046367430132302
9 0.018951676112741386 0.029843342124585986 0.08653676760786476 0.04414921267551209 0.006397964029644099 0.012979485410681984 0.057546243140409875 0.09266481033324779 0.08938239771490887 0.09061936373548968 0.05530691827250323 0.028107394394880338 0.062291283835292414 0.029349640365768478 0.09460542801772301 0.0009014725474234464 0.07291801305221125 0.07712414610000046 0.015831840156467374 0.03449260037264341
10 0.07867034367086215 0.01835845994259631 0.002397082983309376 0.0911524050713034 0.01198929016058193 0.054588247700627306 0.009976269718652588 0.03156902831807761 0.05558369449495415 0.07242610454590792 0.05824636043674774 0.04302685219983494 0.06325060484123521 0.045629345785145395 0.05481791920365052 0.08409410159357346 0.06394150048365911 0.02907333131692106 0.07638262788553331 0.0548264296468267
11 0.04946442192665044 0.026986828934058415 0.04996141041337524 0.05767750404562931 0.06241972851932368 0.05250254352972031 0.06538935154382262 0.05331333730517949 0.04994839225944575 0.020370462087898854 0.06855826578505271 0.03217645806081445 0.02347968954259235 0.07545151334341826 0.00803627151842923 0.00811208103177518 0.07974948791920246 0.06727679568515228 0.06262718352197758 0.08649827302648133
12 0.07329255880456088 0.07899396251702202 0.044968313156040426 0.07553382890653672 0.08353637426279296 0.059913127926341195 0.0005423765160278519 0.09110269633298908 0.0181734241661209 0.0022597875232613926 0.07060501883122274 0.006899745249887858 0.023252511348567578 0.008164538262998178 0.0713040724302336 0.037232710084001065 0.0913682228477971 0.09281550746516494 0.0650005459925748 0.005040677375858583
13 0.08045245573994005 0.017504864507703267 0.06332046107629705 0.07925618111476873 0.03753559029372607 0.0052116944352186894 0.06084746582626283 0.05175029841588853 0.08032641792396121 0.057462351249969186 0.03456246831880726 0.04391319368617369 0.07783022363827079 0.002476020619209253 0.017918228575560156 0.06664214398716324 0.06519057111407776 0.05729874182704635 0.03576166701221595 0.0647389606377398
14 0.09712193834560415 0.01769016084054987 0.07488805326006008 0.07780781544046274 0.007195347476701279 0.10050530867580436 0.09264061382832278 0.03228795700016368 0.07181411807367606 0.08877618120472446 0.08869632381015138 0.07198723276739462 0.052836478482205136 0.03817475542738759 0.006746236617669289 0.007721571160624131 0.004561586910759311 0.003329500508596363 0.03295648885787775 0.03226233131126508
15 0.02295937987409545 0.00021644696200261406 0.10013462078654566 0.09754739069790462 0.012709276669834856 0.11827190480187638 0.028725830684801022 0.024941674282220962 0.042162378619189436 0.008718901876336047 0.004984838634691514 0.09882164722391155 0.09686778804280596 0.04819616000473384 0.03461996962450244 0.07283182764145181 0.042334440372214927 0.028723854167983814 0.07819083213526419 0.03804083689763301
16 0.08623157196923548 0.10489351421279501 0.08671933401002263 0.05354067800121108 0.06233280426622478 0.03844226211771149 0.006797406353615834 0.007390847729948174 0.05566866648764379 0.019177095084141456 0.024613366635378144 0.07953333189160591 0.044544301701751186 0.03442951692611143 0.08955038979612223 0.02675476777352868 0.0004355655026257609 0.08975221382693273 0.07237425017959878 0.016818115533795447
17 0.059334277521356164 0.09127285830912761 0.058025391505852605 0.0059790909602846845 0.044688875447439984 0.07251427746288748 0.035152264830772856 0.08280920229027486 0.0032191087705369876 0.04483952469482344 0.06702087532231459 0.027081546780893553 0.06768764194269107 0.08536811864292963 0.025916693178809284 0.03503784261324137 0.05283519852524455 0.0416485164735954 0.01968952188376222 0.0798791728431616
18 0.11273392028313026 0.05241161244054407 0.07049695988631484 0.05594360274502195 0.000525724000916669 0.032394993714512266 0.0036802947126402014 0.036861955521193875 0.0508177586756785 0.10001389201104628 0.03685691313920523 0.06945675148052383 0.023252636082404476 0.09685397117885958 0.016243237647221454 0.10246266246251418 0.05270444457482816 0.06774610654390834 0.0091851371608859 0.009357425738649738
19 0.013123742578978042 0.09376356521922806 0.08103541176736384 0.06915130652182064 0.0007708171490598858 0.08063822954545716 0.0686731094804671 0.03285526767636727 0.033868653999074516 0.05607743629200562 0.036554868938324846 0.06095538884023806 0.04416163607214146 0.041772637210663564 0.020769818995411006 0.08233270862729274 0.04469767552318679 0.05480034341339604 0.0013901980378786113 0.08260718411164475
20 0.093712563838135 0.046186502061906186 0.016755608683234904 0.005835429371025488 0.04392889606779787 0.10956941664889057 0.045162148656602265 0.08730097040792133 0.013212229392810285 0.02672728142828638 0.01073071959352882 0.08547340896979357 0.06301056556757557 0.1020539451588907 0.03196810526704708 0.03782374698213292 0.11745289943088484 0.014507847516774518 0.026974334494485896 0.02161338046227606
21 0.04701496944204599 0.05408204885602064 0.07969190651466011 0.07645430807335463 0.028515813175651602 0.022108612509692753 0.04669025266558143 0.08524830569116695 0.027944329251953916 0.033858813089551285 0.0316125890362377 0.07293174543750387 0.07969859252190004 0.015960557411140122 0.06460540442940876 0.08295313554272654 0.04184811367569227 0.004718371027418609 0.07082290597049982 0.03323922567779313
22 0.06186093787880224 0.012271116757764511 0.012558258814690325 0.031107463589878356 0.06645842215189932 0.04259979498502432 0.060414741852274606 0.05746706923749113 0.08648279773384099 0.02066497408935608 0.05691939831725569 0.054134971352487245 0.05554497377253545 0.02947357623704081 0.07594916821885235 0.011616641822757543 0.03931428695458979 0.07757770656502565 0.0707166719840199 0.07686702768441367
23 0.03051636170061605 0.062362932250539856 0.06138579297897909 0.05537635174854016 0.06758968110348906 0.00983568775172664 0.07350274098183156 0.02395461077223163 0.029132331236461348 0.07774536199194268 0.07569648119222634 0.08351392303970225 0.03665196611725053 0.01768616776757137 0.03361174094105729 0.04868023575597689 0.0372571647445894 0.05206610173689561 0.07489401636103797 0.04854034982733426
24 0.040356183025146264 0.05275327001260959 0.044589967776247075 0.04570756577146436 0.030521675946844292 0.027050745663095677 0.03062078167831955 0.03344980283332348 0.0943361408412257 0.09187798368177802 0.037957666508881355 0.06364054023636924 0.045484074689092595 0.02660255221766552 0.04524290282992557 0.09008770770645587 0.037910277872577974 0.016493443805068807 0.05325552453287575 0.0920611923710332
25 0.06539946161355692 0.04860896670984519 0.01357671226294346 0.043734965688646765 0.03845660258224165 0.032602960043886166 0.06818005079973322 0.01481515901103668 0.08601768767661366 0.0861693736185416 0.07208494768794796 0.0792765840350058 0.01862523926791786 0.09070697082237446 0.007505350644068619 0.09401315187353633 0.05817449637784545 0.028828288992917873 0.02841814312421372 0.024804887167126595
26 0.08231916601901558 0.0006899330574282183 0.0181870182410114 0.0424008513360049 0.05932701240466198 0.03570636108094646 0.0687493264346451 0.12207482438763004 0.07074005675999621 0.07628942431640687 0.07181052433273036 0.03167560597476431 0.01060022336891305 0.0031868915978370527 0.04339886137314821 0.036128032633426836 0.027837305793394315 0.0624182485834127 0.07064106516401475 0.06581926714061159
27 0.08287588342987982 0.08914727357970362 0.030619668202002962 0.07761917561711057 0.03751497967054562 0.05490948841229242 0.09822704863802058 0.05493232716128022 0.032842531408345935 0.007307186039222054 0.010860400631125375 0.0030696322459537032 0.05434715456430684 0.08607230937138596 0.029481976563677743 0.08402059290825811 0.011542006353458562 0.05063272986587646 0.08903810439277805 0.014939530944775223
28 0.03296442042711025 0.032725076314428496 0.08163221354083933 0.008850051601229173 0.006635883643975695 0.07793052579517998 0.03274930419253819 0.024955123862404272 0.029832231944173004 0.09491980429537376 0.07683723755225384 0.07750950703550612 0.047092148721170096 0.09259829247703896 0.06914471642500854 0.09842001051243811 0.005537832273323291 0.04817266590266085 0.05128655864385452 0.01020639483949353
29 0.0047943587692658995 0.04876606638141542 0.07642077123666449 0.00023012868430140256 0.08888307205513013 0.02056980319606871 0.05254668145122346 0.09965485526751805 0.008292834739681777 0.10017364257288959 0.022459086531614252 0.016061955747666796 0.005118931539179195 0.05023509334967112 0.01866359114331794 0.09600264551227766 0.06542395556898008 0.09714746093028905 0.033652466738776185 0.09490259858406876
30 0.044123684459997856 0.08624675148742113 0.03240040302328093 0.009025427959704476 0.030132362700613827 0.024693610741820117 0.07100082171504811 0.03499495751433791 0.10497709789729052 0.04167019349620067 0.017723716632773032 0.03994261651703802 0.053909932847594245 0.07610679997958178 0.06034779893014394 0.04574093133777658 0.104029364073868 0.07247277097976301 0.032797628068116806 0.017663129637628918
31 0.10073434252889604 0.06341244582267551 0.05161871927127694 0.03460370213050756 0.0903924731563856 0.09161688378238772 0.03198964220542003 0.013700200061225559 0.012198093073749822 0.0933866696875897 0.06574121953859155 0.003722472431891107 0.09349234062516804 0.07034399974568693 0.05647138358220295 0.03005001219500248 0.0005958326531218148 0.01950948289470692 0.022740202524374847 0.053679882089138965
32 0.07680807344398934 0.09617263104572098 0.05388326535276412 0.06308550677823713 0.05702568806291846 0.030071646936766193 0.02565756022377609 0.0097142073833444 0.08683728967549724 0.08491363017933547 0.09600134946398241 0.009009110774639156 0.03723597901095172 0.05551555071429996 0.029093928173994275 0.0033620407702194943 0.023599927838282304 0.019545158087495768 0.06524934497339412 0.07721811111039145
33 0.03597568525776109 0.04740759653622804 0.1029289694618238 0.026897040335998112 0.0315367604401039 0.04282225225745198 0.06313744133259395 0.022937314184681284 0.027982892053005963 0.045418602905335226 0.09744215355711582 0.09710423808981736 0.02648075896951801 0.016864842118163893 0.04318924736864055 0.01569830336811908 0.019643743446267573 0.0889010869035397 0.10300474339835829 0.04462632801547627
34 0.0033933606469643404 0.01955758910787111 0.02568408875088065 0.10214094653720145 0.051447919349057215 0.05036024370272761 0.08952584079480277 0.003063831546877008 0.007514287320640915 0.02937285515129895 0.03176017256349352 0.03524499865168433 0.04991087021936667 0.09480051402602868 0.04654753597743838 0.10928281375940768 0.009512633814858304 0.055662467045875616 0.08129176881561645 0.10392526221790824
35 0.09383007692261909 0.0692271348079139 0.007496656037582075 0.07161438846934226 0.024587865946700385 0.09636790204494985 0.05553643383933707 0.017262820881510543 0.03998228913040228 0.04514515433722885 0.08874799603425461 0.044212362737038685 0.004757837662658751 0.06484793544139685 0.09228029357875239 0.01455563758485849 0.09270947120386597 0.04748906995129203 0.009730577907111555 0.01961809548118431
36 0.06647915866540807 0.07442468824818112 0.040781781841074886 0.07948879609341633 0.07275929594866369 0.048565097403985236 0.0034786326063501257 0.020906918833416093 0.002794159700862975 0.08042138752398786 0.06660527300343459 0.07351642032073272 0.08484193845454766 0.05093421709489389 0.02961297024491249 0.006541319345057342 0.05557946878417953 0.05085224767092227 0.07950949897307068 0.011906729242902677
37 0.04417712707700135 0.06114583376456882 0.057765162142930905 0.06532374439520061 0.04094896135931754 0.04879288331989091 0.03154185394483054 0.07365057440754805 0.020360126060138758 0.0724757398605625 0.07201957156333998 0.0018753283099268543 0.05815359523495443 0.03707705039330475 0.03551443107540656 0.06646118410797455 0.045479917929859365 0.05423411525496942 0.04797586505761784 0.0650269347406561
38 0.04074644058646269 0.028659844434955603 0.05965570708987982 0.06691568992358216 0.00307100496506884 0.02369377628030596 0.04007844517322709 0.10335530855552952 0.03794317844491983 0.10798662979405324 0.09279403148489244 0.05990982589664078 0.021372844369978137 0.03635814762032438 0.06415002317821858 0.06458032633575182 0.09117250985330275 0.020025857166061575 0.02490040363095833 0.012630005215886319
39 0.019293785799967142 0.00941213757972307 0.05698638248645042 0.01715917190966362 0.05319956682461805 0.049466577662760365 0.006618853136606606 0.06888895773864392 0.04310155988034562 0.08421323025603336 0.07984296369293602 0.08572797269122497 0.03696249758328707 0.09582516861421249 0.04022679072538031 0.025468652985577225 0.08673493244493544 0.025327066762347642 0.026383900896332958 0.08915983032895372
40 0.07416281251835657 0.004087980846595594 0.006639170025903765 0.06672761148088757 0.01975733680907406 0.0606920777635573 0.035487957616376846 0.05295324554790208 0.012357995737403765 0.028650629288332705 0.019899293085074786 0.05026792805604961 0.10235774254772063 0.09840222518019713 0.03945979112379935 0.09438510589768129 0.020079687305038573 0.03219527209663904 0.10029092651968294 0.08114521055372644
41 0.08301617950328752 0.03460581650651871 0.041846994374781316 0.06249507952846696 0.09631867151000444 0.04608743205109923 0.04132144848741717 0.06760405863367952 0.08251192365807569 0.020925152161231527 0.01664642287178516 0.009791086957362149 0.06599526088194717 0.004387093159347714 0.012472334349413495 0.06840823057261254 0.0805428022092324 0.015321419812597867 0.059556712853077905 0.09014587991806164
42 0.06511416762913723 0.051159419985895606 0.0810382192679513 0.012769554595290672 0.0407854218070432 0.07722373461623075 0.08359513980157054 0.02038678635408398 0.01672992424119617 0.0786240449603607 0.02755923437068661 0.086667725369638 0.04712692191295045 0.054644920464390526 0.05917073001802991 0.04057377052321068 0.03274432095606436 0.03892654284150109 0.04782681638600372 0.0373326038987646
43 0.025070201266293564 0.07903501727598286 0.007921778375556798 0.0642227908062168 0.058629843157371825 0.05835062665261066 0.03505861722307826 0.04590827645268719 0.06601789835983687 0.047802455006597785 0.04883535866468451 0.03188005548905723 0.004356227823409462 0.06608771075494943 0.03624340463766379 0.055729881911018644 0.07295888711751378 0.07497000629532458 0.05020606278725752 0.07071489994288833
44 0.03618281824585884 0.04338296745260226 0.035014116175373505 0.08881121770306051 0.014780388617189444 0.05018126103738013 0.08184828378979896 0.036301166738330476 0.08422353155804692 0.09514635922214591 0.05310209149820074 0.04331887348336865 0.0391775691186071 0.0363413596228003 0.07492998625382045 0.012919720064762377 0.020875365968428112 0.05043189806055536 0.09367323365288191 0.009357791736787769
45 0.02960854263156401 0.021317989951941146 0.08048062295463233 0.007377939555387595 0.01976099543577806 0.06633351654299403 0.047624826922281906 0.09405632847266575 0.006512659860312149 0.06949541853114427 0.06607340520107781 0.03609693318366894 0.06651553823550402 0.02081091581200609 0.07102234135714111 0.048717340728425144 0.05078510234338697 0.06758391590062009 0.012311077860862595 0.11751458851860602
46 0.028372184837453344 0.027887650412067765 0.04575842762495038 0.03316634465089501 0.036168469695603715 0.024017844553425507 0.0380968605793408 0.1278367415535652 0.07932723042388573 0.04547616727785498 0.09248899639584407 0.04630631556907235 0.03319465111142622 0.025661771805532453 0.03007295445940694 0.06633445270437388 0.09872005267583986 0.032512049159970614 0.027281347455770207 0.0613194870537209
47 0.05672889778634678 0.030575090642908514 0.03795894744959267 0.002939777997502171 0.07400205079741706 0.10451756833663471 0.011386860164131322 0.0653770061038116 0.013621233564515813 0.005117180706758462 0.05748851573813469 0.05287447459981856 0.03806419244955731 0.06645024391830907 0.10663887394671683 0.021106439505148625 0.05755370546875175 0.05709681475121746 0.10383886891549983 0.03666325715722692
48 0.08925525327618782 0.06516241345688739 0.0033145585059511113 0.04745357525875456 0.017613336425480165 0.11281984055252918 0.031198580004650495 0.0435644594453903 0.11275813316552719 0.04862207245685089 0.029397089880938688 0.043954143773692354 0.08806413495883275 0.048866122969537205 0.07613859402542694 0.002278797665918333 0.005258973615644122 0.09455987873241824 0.01006784524089072 0.02965219658849135
49 0.03287205313814981 0.09704160947974377 0.017527810642627206 0.07165025710110337 0.038705580216232785 0.011724321973896855 0.02652221867483935 0.05841504848767696 0.10421090539499389 0.004209526623400153 0.08112264080423907 0.08776179634488182 0.03343737126138409 0.008532409867819314 0.009251208230070586 0.051668924510807096 0.09852666560482908 0.001395675819360915 0.10034002347705391 0.06508395234688986
50 0.06968116899646748 0.10404671137415818 0.031046858965353294 0.07376682424847372 0.016365364422245485 0.053680136709001416 0.012611240778909292 0.03351928764709295 0.06644555942866455 0.06497067669507757 0.005892301626322627 0.0329816804408064 0.014183086378135912 0.06625439337173392 0.09202221891692033 0.01847010272647847 0.01987386661167041 0.039795461709751574 0.0968721873135712 0.0875208716391653
51 0.05854817662766973 0.013873993515144257 0.06236441111454662 0.03065095627631412 0.05570988853032627 0.01620097392938172 0.09188050638642077 0.05891313208847607 0.07741667966465736 0.07081976856366333 0.03383781427863939 0.006547617289805253 0.07679700800285681 0.07804988823120843 0.06424738577155524 0.03200173883426411 0.05242646584746815 0.06761948483720163 0.009728241444451178 0.04236586876594947
52 0.08590714288462965 0.07017273614845056 0.10990775507947176 0.07440503849396217 0.03810653357562302 0.042159105624351524 0.06915005606245694 0.005878203331065869 0.01663357027708591 0.07916320469576109 0.01374182360596255 0.055575874085587174 0.019417484820850987 0.09623340204983111 0.018078159127471856 0.007116350646267582 0.08256915621277922 0.0014240776979654174 0.01806730360752526 0.0962930219729004
53 0.00012054034930797905 0.08132036300149778 0.04474674306608601 0.08022561122999809 0.06951032063770828 0.08123806123532834 0.048067998282816264 0.08123009617463402 0.08692293279618021 0.058673138175229414 0.020598289662771902 0.032147670237089185 0.02596663048413064 0.039532968869964775 0.05768827300139182 0.02320087341019736 0.05541147154767724 0.0019652581818260383 0.020791088253799384 0.09064167140236536
54 0.00474207881996811 0.09081192089359637 0.07597616508774499 0.0980075225984285 0.06557454984943263 0.06263283289597134 0.055912362468612004 0.029947896287113744 0.016766573665207753 0.008034780916635913 0.007639136553168266 0.06048273752651824 0.05645630034533765 0.08667529328112256 0.03235329396683511 0.049786465721673334 0.003997377311346758 0.028555483053369416 0.07139724080524679 0.09424998795267067
55 0.04036341872434201 0.04758157558425644 0.01308412427772488 0.026204263271237576 0.08233635854231622 0.06084269262304472 0.08398518716645756 0.09217433915650745 0.019517242408535168 0.04789300937055257 0.04691299158141074 0.08174565507897973 0.059283126476516894 0.09125192227816713 0.0008649841785995145 0.029005438029006243 0.03394707513709684 0.012846698758174463 0.08655700410916348 0.04360289324791044
56 0.0743843952046693 0.07403327419652554 0.045141449508168306 0.04732080880838059 0.05371920792953765 0.06906147017933681 0.061284632910642324 0.019675855252847325 0.057062977166908876 0.04507376645135186 0.06791420720814784 0.002717846083949616 0.06809199166742536 0.05037521909205263 0.008255403604483885 0.020136706005363957 0.0751667161643602 0.011252686229860344 0.06959151683879204 0.07973986949719548
57 0.031210921942049368 0.09080707014207011 0.02081976520565055 0.0024806670906739087 0.07229350796162656 0.022295566733255893 0.012385286095630898 0.012495009126981628 0.056231478552787886 0.010618389172128184 0.031741110989270835 0.044220212914161824 0.08969410865959153 0.07835912774467477 0.0707456306174534 0.04907651034019852 0.09399916995761116 0.025737755962990487 0.09575412761549551 0.08903458317569708
58 0.06539081791205346 0.01759499688347325 0.014398237773169153 0.09672325094905315 0.12428563495639591 0.03547047893176959 0.03690054808074759 0.12856922159178374 0.05929668842004979 0.010945931850547468 0.0459850481936458 0.009137072239284227 0.005124823335732662 0.014739888487543727 0.11610617363638705 0.06568438157151928 0.022410507813008042 0.07931692590677543 0.018977746536464838 0.03294162493059599
59 0.005650416176746587 0.07724165779702277 0.08893851742759798 0.04921684566092182 0.08114978980100948 0.017137774605157904 0.05331034282512217 0.08437715885640146 0.05777184217354669 0.08763111592753121 0.0038832110510762974 0.042461227636279485 0.07241992075085797 0.052285405954495476 0.027624582036765825 0.01978667486941974 0.06342411631821708 0.052473352255796184 0.05741144543633374 0.005804602439700315
60 0.025969802434040526 0.05664568476236677 0.03623140654111976 0.023458699858774083 0.07727341179490338 0.006826838266955574 0.02869998271121978 0.10128761808816672 0.036731854730270956 0.01198724912545506 0.07475552451037212 0.03329112112886585 0.0876616773324132 0.03315322836630815 0.006159347400761408 0.054345887782396796 0.04303641795379353 0.09680754428336169 0.06354105411809854 0.10213564881035611
61 0.038654418665342964 0.07022469990255654 0.06681363749767093 0.03743958526690414 0.026348677681410398 0.06436782779051481 0.035801796228654835 0.07913565486427897 0.026682677934736374 0.04962394060726203 0.07543798560993163 0.03907383672764985 0.07582593187240746 0.019572016832108782 0.018637169424248333 0.009115941121405869 0.050328752994326514 0.06972389900927786 0.0776121144059736 0.06957943556333801
62 0.041547158053173744 0.10895829642296331 0.05661860759731789 0.018350868152231394 0.07328951382247133 0.09850434853233885 0.04450414172322792 0.01678885817282851 0.02701812145629967 0.026047252272372055 0.019974769565143963 0.020130901849260092 0.05880067049573654 0.10474859427714851 0.023469981237731283 0.048766119894910274 0.04416077833936012 0.010229161270088279 0.03690305082559475 0.12118880603980164
63 0.07194498971199194 0.0498916978239046 0.033668108050817006 0.060794469351489 0.02767226272699379 0.0932326934762395 0.06231390327046548 0.08593655891979274 0.00585902450820381 0.04730909977703663 0.021637594113796007 0.024724341374914336 0.003609244348583702 0.035470216463310965 0.004655928899681393 0.09457353823957022 0.06458386178270006 0.04014748170032207 0.08492733625369975 0.08704764920648697
64 0.05231940636907469 0.042950682852444994 0.10219883253766127 0.10664947614357893 0.08704573668568859 0.053358580506388656 0.026424052489701744 0.07169905100814512 0.07950551617091407 0.01541390712405307 0.09316994214437013 0.04261658465044592 0.0070268162830214465 0.08072547797132698 0.033101893730854516 0.01174803304229015 0.010529084451562407 0.008832515478139893 0.043721115441576884 0.03096329491876057
65 0.04144826457434657 0.06196277091710942 0.05123533781369909 0.013796294917222531 0.08032760539491547 0.08309071838672817 0.07622095350866202 0.03296506190051135 0.04757155633271987 0.07609095880363474 0.031355721351239256 0.02494527872949344 0.0033339232635468093 0.029401431069104658 0.08080909962227067 0.04716801523068992 0.06301877468651063 0.05442940390353272 0.05302619638666371 0.04780263320739882
66 0.07961735772404092 0.06989743566964948 0.04294660297557302 0.06222063185187603 0.05546391091366097 0.01958823557880704 0.002991347026355315 0.021631525955888742 0.04855331955468123 0.08496036164710573 0.042455684636234926 0.0713993478350193 0.06512293447341146 0.03775908047209975 0.012213620038239332 0.05631884262018487 0.08659848788277488 0.06721364001732005 0.007341259753435565 0.06570637337364137
67 0.051915427512940635 0.06981169959751932 0.06146162627478619 0.023847660628540265 0.0430905356762964 0.043462971675167786 0.03882594083429388 0.05426751114116203 0.03946048895310379 0.025701753183586102 0.06105936693676282 0.05489634207523785 0.06645982933536237 0.05640744986268116 0.05608578929689228 0.07110495873644891 0.013730293168089996 0.039075946751432486 0.057728846563629324 0.07160556179606638
68 0.03162461198853593 0.0073111558560819394 0.01930864758651087 0.05591587657781876 0.010230441707036145 0.021056558166201025 0.107228334366823 0.041432202991654406 0.01066781744372817 0.02237170622558464 0.1186539333129572 0.017877502611789338 0.11259084529019088 0.03512524615211598 0.07976610886302325 0.11264929718057251 0.03890341755777692 0.10833487779461633 0.032972739101082726 0.015978679225900082
69 0.06966797613667329 0.031538830350043706 0.06584718331982957 0.06130885047425726 0.04153886426160017 0.08737150120553627 0.04035389184502358 0.08996382842815967 0.011053984304495229 0.07446358462974238 0.02050025830926535 0.04328715693299483 0.009746237177526389 0.08419433305323966 0.06444939583139984 0.03488084249636394 0.0021005834174466645 0.05327204049675008 0.03310367080787749 0.08135698652177441
70 0.054822447401429504 0.04132004117720937 0.09908729381192084 0.09853326986133888 0.05257084622569984 0.09123689720052168 0.0333589372612925 0.005405926440129954 0.05980573637360734 0.032377292120948295 0.06480209933334875 0.08332651307993767 0.10091999102895534 0.0839372797975444 0.0026384018985114777 0.011986477455113545 0.011002005916442023 0.032069079782640654 0.007524844968590755 0.033274618864817224
71 0.06737391779396422 0.08097449659052838 0.05661101004987454 0.11362545566391045 0.09906707186962746 0.07402065506311273 0.02744771056934713 0.1095551173491376 0.06701338148652748 0.025052317019429785 0.002337216226021525 0.03404752496067878 0.04964878284260518 0.022032439988254347 0.0004069854181475546 0.027116511753025672 0.0004335914809705652 0.11027942430423893 0.005970046246230148 0.026986343324367626
72 0.0848124132687038 0.01094556494034759 0.06970818302773193 0.016074963987817895 0.037617726333167345 0.0027180775797011327 0.05453127683533651 0.04603519447213601 0.06556423913706859 0.06852910919381358 0.07548584716858427 0.07866279483406342 0.09316478820199116 0.022259478066750604 0.0257192758940283 0.04937701192923529 0.06449502079555534 0.05412880074693226 0.06831068414526446 0.011859549441770591
73 0.005251930239734758 0.012418659221799104 0.09015357864154798 0.07350362165025658 0.0079360893297481 0.08103785863475045 0.026845900232692697 0.05151226109945836 0.06274347999039165 0.08809409231628283 0.028452260675652184 0.025869695850237944 0.048091139410818655 0.009102038805841357 0.017370417224627722 0.08938056629227696 0.07998649517295923 0.05868260827101963 0.05725303677608764 0.08631427016381615
74 0.08920108467766373 0.042975287533641375 0.09519522429044083 0.008172809910519845 0.07129643574961057 0.002017681213617114 0.08000572413818641 0.03928671506340113 0.014186945289093025 0.055083723146218413 0.05758083088764133 0.07230880075187267 0.06421347693024473 0.05943653571904168 0.011275873466273602 0.058505117075937925 0.031074342102588883 0.05504564850055545 0.013187092280821558 0.07995065127262961
75 0.06238249866215782 0.06452653054088515 0.02336197187647145 0.09695492817583291 0.02139784295778805 0.04280900203946664 0.021958711810613724 0.09204697855207283 0.028007006657045558 0.0718079386904784 0.02884287476871458 0.08636346245192605 0.029108695881272174 0.024092638833124635 0.039715510723131814 0.0792521649158317 0.08897740380675861 0.03385087592520587 0.06318322090036788 0.0013597418308543467
76 0.08252707655982322 0.04114407006870142 0.0719264111060272 0.08508509080426019 0.05425651151264852 0.07676131544666806 0.07267893163214582 0.07661365736607705 0.02246569246747202 0.0005322736660818036 0.06583806107306715 0.06507969222933839 0.041189539015874035 0.004487537837427302 0.06550415505536943 0.0756016795303165 0.00022931426407146467 0.006889174879214011 0.0070579228541587545 0.08413189263125777
77 0.007566794378877739 0.029026673533446085 0.0437077893557526 0.07497107927431551 0.04379600214172579 0.0633221594178236 0.06686539394563573 0.07043763680938962 0.07809508689440876 0.02788492505633812 0.053296765083860206 0.030851875295490046 0.026245566576730876 0.030285659611449727 0.06506873154810743 0.047859020437010416 0.08824362685499873 0.049248206730909634 0.03176037585312169 0.07146663120060796
78 0.038994701559864856 0.021655280996074767 0.05652212246695827 0.010161791218131344 0.07726987109278917 0.07647410972009282 0.06895264624217974 0.06383159875072364 0.0011049373915500336 0.05337186142298585 0.007784888672228016 0.081305633708748 0.043386125478803945 0.0676168700931542 0.05069718181819725 0.06060006052628573 0.02302774166332751 0.08129652079886239 0.044681955760428466 0.07126410061861396
79 0.030373333997798846 0.0015191959411989143 0.03491958256226025 0.018481976223490307 0.11174660314994446 0.022184098840403666 0.05442409964810458 0.005896530343725198 0.058839361834858855 0.050591333128268454 0.029675893574996146 0.053879932562529397 0.01344801165599707 0.10117211670780671 0.06564128465884325 0.08578558421030338 0.10455923863781594 0.021915380981714656 0.09994310983843917 0.035003331501500826
80 0.005801329500360981 0.0612596570021792 0.09503068303131285 0.014655794594752252 0.03907192867022666 0.015233036038730626 0.014748225467869962 0.06164320617156056 0.08561313740811546 0.04121440873742798 0.09452455256383224 0.06880503319849493 0.0897829312093242 0.048653470869263464 0.05441153834376555 0.07339382264455556 0.009816755544169064 0.055058611664207405 0.06554594473486001 0.005735932604990884
81 0.05714792475691631 0.0185140297746562 0.08401149123689099 0.02788323211682682 0.04160050158349397 0.06951232888799237 0.06822418964429845 0.029214418473503936 0.026021425211875247 0.030292408221757747 0.024653839945983396 0.061959020259104734 0.04277980502542091 0.04649816582199798 0.0493044051239675 0.09209022639102732 0.09529403937525953 0.045915071918800565 0.06626042345099407 0.02282305277923193
82 0.010600944813562498 0.006889873910798932 0.0802109095049068 0.0122367306507459 0.011970862088360004 0.06706909559236852 0.0789874832592476 0.08760227812936397 0.052786547263431 0.08930354516677144 0.04977279267721797 0.07299585056887187 0.06745295874359866 0.026248140225124183 0.09533453402179935 0.00660430200773509 0.01706039276181247 0.08715618099728394 0.010344464474105008 0.06937211314289474
83 0.09475272688419635 0.051300306580546476 0.07618242106243621 0.048722392884154954 0.04092549042507041 0.0462616556807062 0.05301722202178194 0.01354671530240763 0.04053355791220592 0.09276178173102884 0.069720067217566 0.06045358690988194 0.01736871302398035 0.044657973093876674 0.08692182769407243 0.011590335223496026 0.011189575455881964 0.024245458205151015 0.02885318386552043 0.08699500882603829
84 0.09778470512583336 0.040087760945030165 0.08195096031878982 0.05582240166047993 0.018105438216061198 0.07240537658085594 0.08061171760211494 0.04743722429451049 0.04875925122157257 0.003365994464011344 0.014701635184398836 0.026896797281255935 0.047457042549087836 0.020261491217947385 0.08531081624006506 0.025163265614795642 0.039547518031069456 0.040217101079200124 0.09344119133847684 0.06067231103444318
85 0.10097805578760409 0.030800500206334513 0.014081397527405153 0.008007262076888821 0.00502538841490415 0.011992086009986023 0.11131155505536879 0.035424861989839525 0.030096948900000715 0.1030340296169794 0.10464363559080721 0.03302156889418524 0.09049745860073152 0.011996306116531127 0.001053866547640922 0.017149382713771283 0.038780353295580536 0.047859713601684686 0.10163244503465159 0.10261318401910459
86 0.032467046286790605 0.043233821627454004 0.05281854669651123 0.06966249867791094 0.002063491591338894 0.015548847524659182 0.0695148569215834 0.005995664497779149 0.02622325294579951 0.04719865795464448 0.07813968409199734 0.07846317791178252 0.04413618319855558 0.04588785821235073 0.07106369480456586 0.03990695746454781 0.0834985266660894 0.05635687641775681 0.0774985305887004 0.06032182591918214
87 0.10244735639560838 0.07780812934021888 0.04208924691582951 0.03548245956044921 0.07383978219250337 0.055087409556497484 0.08113543042981884 0.026202440089927382 0.05183185274111554 0.06478226936457936 0.005053931191453693 0.00019724415794999053 0.03728830771351434 0.07018250349211526 0.07519089408286043 0.02977353203345715 0.014379673471923657 0.04059317087742937 0.019317486799104288 0.0973168795936439
88 0.05868857599281602 0.06227787593675197 0.04680011021174523 0.029476073420780825 0.049479260158705705 0.04308951650902191 0.05837475148380322 0.03946677518119986 0.08081612829922122 0.08824708373575306 0.029734221776927555 0.09322329181135552 0.054710854903429196 0.05020153435925813 0.02436324815700234 0.013781938613567224 0.08265034309107219 0.02822421828873966 0.030387840027957254 0.036006358040891986
89 0.08048770571590731 0.08474220846677542 0.04848633731822777 0.10812468045317151 0.024143765718523478 0.03900405770306546 0.023757728153096368 0.029821686182028257 0.04522543724804958 0.09642423569213138 0.004497209812452232 0.007466886155203581 0.04242169777378345 0.07393168924849709 0.03515169726385264 0.0265210537134269 0.02391889924782143 0.06797309352102189 0.03389055751933675 0.10400937309362754
90 0.08233580863613772 0.039432237335904875 0.048966468893970064 0.07933476607952125 0.05381312550300892 0.029583457948314504 0.08664321921659575 0.07772625156555489 0.0813844454469324 0.030131320982431348 0.024174506845722504 0.02721882169693838 0.09501525628069064 0.020126939176501983 0.036052308862007394 0.04381845079040921 0.006160373573583849 0.050411516552709784 0.05685307710663472 0.030817647506429787
91 0.057041671016137635 0.009457547040784596 0.00023538266409935815 0.09525589948851064 0.05647050745829322 0.07226977375823262 0.032025511652469967 0.07586536097321192 0.07136141029051674 0.07792786212055054 0.01535767417629088 0.03853468986143485 0.014961238935892525 0.04868494307089221 0.07568121773296656 0.06321746365628905 0.07340191193973565 0.003492287794538031 0.07364154259354846 0.045116103775604564
92 0.05104161027777429 0.02341233993250711 0.060583956212761095 0.014351290792598597 0.06087369194017423 0.030397907884339874 0.09462507922034706 0.03635614985360724 0.050827269316001136 0.03812922317339216 0.06634387036724466 0.080188940780453 0.05884349722690478 0.020245997529259104 0.059877130058787066 0.015594821460748925 0.08395965796067947 0.02972780485617094 0.06443453485033018 0.060185226305919014
93 0.08228274248913274 0.026619624823397938 0.017586296836855937 0.005589048726695044 0.11424244246707418 0.014398212137833663 0.07186368524548137 0.0354736294716994 0.06306529016950678 0.004931977316755248 0.003982287148933042 0.10475671229794283 0.03635687748765829 0.023130784695187846 0.029863441469289136 0.09187990591937743 0.016481102706329638 0.0990434852443525 0.08381833004734364 0.07463412329915342
94 0.03691036866182331 0.05490495321523572 0.05800506444181772 0.08580126145093908 0.07793932357948306 0.018800743520259337 0.06416792422165164 0.07443141925334848 0.015204047003941018 0.06103698271565551 0.012804097164914114 0.0036036040536253206 0.08939108973452306 0.05369167300094988 0.06451466041441058 0.039542464357708536 0.015729932837393962 0.07486182590020239 0.03792670029461657 0.06073186417750072
95 0.08950236045337562 0.05771963876320152 0.03395532508762246 0.0030998669363165557 0.020131425540343962 0.08369532155348326 0.05015184462753219 0.0092954254739687 0.018948653197140602 0.018745254162694222 0.08995756453838705 0.03159145442475966 0.08111019987808336 0.07962310090017524 0.03207632418178582 0.006890125950563282 0.09999023306992143 0.12137097429972778 0.04210073547463038 0.030044171486286766
96 0.01503520323797384 0.01716485821897597 0.026114809453262302 0.03515946366890371 0.027144461990830634 0.09788773504100765 0.018824603682925475 0.020567315071535707 0.05850445065104898 0.051542111745789834 0.04410708791169523 0.024904009269607143 0.011795042665961892 0.06685492749748531 0.08649424218307102 0.10262138166701858 0.09645798351237013 0.054463120685949155 0.09072734812845014 0.053629843716137424
