0 0.026783518861630412 0.08050523745814861 0.04663758420724904 0.05594233611631094 0.08358204507523323 0.09503597827601372 0.012117087654247256 0.07436182243567897 0.07929497233788725 0.04330369334596332 0.03765761514927164 0.03994873450180739 0.05004472873604626 0.046786028494355106 0.031863802247408375 0.04034560015829546 0.04579500166482482 0.06491825093277433 0.025363848567854553 0.01971211377899929
1 0.07922532763088506 0.06696198165369469 0.0630660202067895 0.037021863046851816 0.008121038095219165 0.03085841791543652 0.07417894669405892 0.014480318704760048 0.03460805076087281 0.028116388366987315 0.08881781650788938 0.07221608435569281 0.09380599692046418 0.03700171912269884 0.04062121836703877 0.08450311960639384 0.06019755122447606 0.015345591218554494 0.03434354797197326 0.03650900162926257
2 0.021234255351065857 0.06158720270352493 0.07189751830417485 0.06854673515798174 0.036697923698326425 4.257210738717349e-05 0.07749034173169543 0.07481331459994041 0.0685611826238447 0.044253213452901605 0.08488853814323588 0.03489178771453492 0.04757623370305522 0.0430767629675339 0.07074002648946565 0.04898329345647393 0.032794724893835586 0.017081177276676403 0.07346022100154799 0.02138297462279726
3 0.07803709746115717 0.07355766866510635 0.06043708453928 0.061271253953426405 0.032352173867445634 0.048288365878949586 0.08391020485737899 0.0005690681131496583 0.0037490383613513986 0.018314334290103124 0.0401950202519685 0.012892379053757796 0.08115691792150323 0.06539845379957676 0.020426956472333054 0.0790439682019266 0.04011519914255996 0.07350412612719563 0.07806024481699234 0.04872044422483782
4 0.08106319533971652 0.044033671563557066 0.0014852865397537928 0.06867864398618823 0.05279880121565438 0.10213026884906909 0.04850526012949152 0.0496593754466868 0.03596284051678358 0.051548870507972674 0.07718906559009463 0.025538004907754853 0.005789639943553563 0.03953350733227873 0.07603036540272677 0.06366053981900402 0.034602295253123194 0.06386804193858696 0.059095864274820976 0.01882646144318262
5 0.0868934462139767 0.027156614479101726 0.057415140185962235 0.060826841690315686 0.02213448833255597 0.06688916813760122 0.07523240798775675 0.022180015368544262 0.07032608670229289 0.03399965980605316 0.06920786525332595 0.0709861165873674 0.03614161618916472 0.05107850838985462 0.09478708322817306 0.03225241524715684 0.024729320436482218 0.05171231187270289 0.012040107638541063 0.034010786253070455
6 0.04005848366950977 0.004854024177194171 0.04250954050907717 0.02903637796189766 0.06643739825183577 0.07749932786610204 0.0709084697226414 0.04606798711259406 0.059427425387166874 0.0218314922401986 0.035427487385501485 0.08462767366489085 0.07431264832444634 0.004922309338479851 0.04153618006529631 0.018586510904229775 0.05250664499749518 0.08499445042564044 0.08689162091966558 0.05756394707613687
7 0.0058027446334053285 0.0861256805388814 0.01969204439142078 0.07376003236562652 0.09295426942362264 0.006649975777628826 0.009582546798635284 0.014276545536275151 0.02004714094757437 0.04477988039637865 0.09704666673458832 0.04191294275501552 0.02223742207593411 0.07369144837933495 0.09462520889459446 0.07214984363591044 0.062022464113724744 0.08901808490966238 0.06061791568852465 0.01300714200326123
8 0.0774635241718753 0.03608831431992536 0.03497403670658529 0.07605353113110591 0.013667986129787027 0.0751598612043437 0.07478061906756416 0.06223012328859435 0.03154385721423084 0.016921533408574267 0.07519090124757806 0.0048356883612371395 0.08230806710015752 0.04247873943665877 0.05463361963092038 0.00720825423168083 0.07149288470629343 0.04912221998051461 0.036801165525403544 0.07704507313696946
9 0.08748645137720171 0.056727387404294345 0.06721340359193602 0.036750434002484754 0.07429994388530424 0.01957266274458976 0.08243331985234774 0.06793142247979932 0.09829820470762252 0.026096139202693238 0.017396746930268214 0.024204802336794545 0.07577158298611861 0.052181454135425874 0.003758577528925966 0.02349354867473801 0.0334053376385339 0.018650630141293728 0.04011829885095346 0.09420965152867403
10 0.00774516345586434 0.08516096792651753 0.061095617150326256 0.07080606029304831 0.00034706848262420917 0.012905456957883636 0.10696718338116612 0.062281630395212874 0.06513121417202314 0.012689317983514636 0.06100368037277188 0.05689403117019118 0.10829142992786972 0.013852369685065879 0.0674160498026145 0.036412060151997674 0.03775387650465062 0.06408504437354762 0.028244050302162326 0.040917727510947556
11 0.022391000257502403 0.03436959387022023 0.05595025334278896 0.038539360208453034 0.0666676406140393 0.108649638473642 0.002736583817288007 0.025831256928445 0.058361041745197614 0.042489100967541535 0.037161443834888924 0.042903571252635456 0.10297939785085765 0.04540534152068147 0.035076690750522145 0.03504229082556847 0.10270163179903263 0.03562773681334163 0.10424327937126213 0.0028731457560912006
12 0.005762946891604032 0.04213386972314998 0.08307572960121197 0.04396932719411237 0.009565132937208709 0.06866102119488557 0.02379988652928381 0.01108081562789267 0.047840270295525227 0.08623896940580306 0.059959508336779155 0.03561270443242854 0.01105270558247961 0.0819845888213472 0.09323614716354538 0.10037025430419569 0.045378523338247226 0.10857306881375163 0.025909249915672554 0.01579527989087549
13 0.04281726745643428 0.08253864797117295 0.08354437563367469 0.10139090724551683 0.0024226956448573536 0.0016444657652765274 0.0614736519665582 0.027114965456341674 0.012629637673254389 0.06628295711556494 0.008434432897892408 0.06659861385551977 0.01811019463082604 0.10046675909694137 0.09351228379390882 0.09316414242353577 0.06378104931067008 0.00029581430103136204 0.04910680827940778 0.02467032948161466
14 0.07846648895893564 0.02844873453960492 0.08704907063393838 0.004031935536884258 0.08759637728986626 0.004077440997341528 0.03370611328966041 0.02201268148533939 0.016882894135904877 0.010812495047369447 0.01210917333143657 0.04272876349194919 0.09213185462534262 0.06463428494492572 0.08555354246486244 0.0881179906718041 0.09218572465650397 0.0769290679626578 0.011662711744798701 0.06086265419087361
15 0.05274837548222486 0.028107635257859476 0.005610358815601478 0.02447637279056632 0.007156275673189346 0.006155659548184848 0.07505536183718853 0.06497797096431106 0.07486631434869265 0.0293871771153599 0.04376327752118789 0.05368779198568879 0.022300533880677396 0.09346724523913698 0.08485445694931018 0.0675574808420081 0.07452959481316002 0.06006376001888745 0.0641143410546204 0.0671200158621443
16 0.07882062587794007 0.00233285527597257 0.04785893722329523 0.06522503021637986 0.05330854978889743 0.05635292584662856 0.0799803764457389 0.01578688029142458 0.02224907067155656 0.025335035674947264 0.07959491007715161 0.05479103072303812 0.022134228295521613 0.054381203831155536 0.052506694133620864 0.057149819929845726 0.03860139461229979 0.06483219282211958 0.07258976789834296 0.056168470364123195
17 0.05971764922257008 0.005567528053438988 0.03220439744495827 0.06463652849276304 0.07548655591742258 0.07279641742059337 0.07125189362943084 0.013116159254211144 0.03458655854734084 0.0819883123224111 0.07512348059652035 0.007394804441266779 0.06102872035763115 0.007344629878339518 0.0853011293592268 0.0001056339731900576 0.07225831523182315 0.05889336925782319 0.07210932200900959 0.04908859459002925
18 0.043896538362868165 0.08619395190761676 0.010137165421294971 0.026608967200835335 0.08068728458747264 0.10429930661079265 0.020845159634446657 0.0037890016379593526 0.07239364671860359 8.27588181383601e-05 0.06740463715034957 0.02220687161294894 0.11971022816258248 0.034953646967786016 0.030052034411864686 0.06603976944577522 0.009844240058956722 0.005773540629404476 0.11007821640984498 0.08500303425045844
19 0.029683054331624728 0.10191439927763367 0.031531208389049034 0.01653276542908348 0.05271537847081395 0.004970657270733969 0.05116200354336179 0.09006462340641878 0.013880332470804753 0.018648021738952938 0.07087356567994445 0.06262195701209447 0.07936124836104962 0.0004639532140026314 0.051242091398740724 0.04893576174611427 0.08692548238608741 0.0657283405846831 0.03168272952003227 0.09106242576877392
20 0.08650807971424843 0.052160439605033145 0.06856991611201899 0.011890617394101051 0.03415341041512262 0.09936726323348649 0.07434261014011191 0.010274825318132078 0.03223226198867563 0.03391713640819818 0.019146346763128888 0.01576686166547034 0.07559514798765155 0.09041482696705058 0.06103242319974884 0.007279548763522456 0.09308059022404426 0.06154223742810356 0.004985617352265707 0.06773983931988509
21 0.09946061638268364 0.009957819916946957 0.08681659777560372 0.010159694582486051 0.037091816413696396 0.011941523163953959 0.02924246136056985 0.07623051999521882 0.03886596257202016 0.07202541729020218 0.06246682476348687 0.04187446622420472 0.018880825570186874 0.020053728583908335 0.10572057997149396 0.03236197329097178 0.07004990115635598 0.015265107045374763 0.10229489634362121 0.05923926759701385
22 0.027586272954083446 0.025437806366720744 0.06062469321603352 0.027720066234941547 0.0834772812449435 0.047339270614129916 0.041318569036558936 0.05778713919432076 0.013830087101170079 0.03154389405527826 0.048357017540262934 0.07882930443786032 0.05364003431876534 0.07294190910229433 0.05852039477504256 0.0801768292727775 0.04461954878356369 0.021238401741512515 0.05991389074237273 0.06509758926736728
23 0.04024492138390391 0.10597070027585921 0.05981591180483122 0.05941924254210524 0.08127601393803263 0.08764594869023172 0.0090971571918102 0.06306681356936546 0.022835796366033424 0.007022882355544926 0.05973162526296693 0.02401093850898933 0.07597803228215906 0.053235941164859635 0.041215822051856345 0.042236688434112844 0.043028672504882785 0.05716982838225894 0.025748281065934936 0.04124878222426105
24 0.04061734155330703 0.02234683467669052 0.1085881406451719 0.023523522457314247 0.06475941295162578 0.04465061204161653 0.026202168115834795 0.054320449007093465 0.03969038807663842 0.020691900767893855 0.016710802444024914 0.10052718097804761 0.02904952829605004 0.10921522347688573 0.030775142182256385 0.018141392840981506 0.07063791462226202 0.028513704891622978 0.06506771442091816 0.08597062555376433
25 0.08815860175080195 0.04544811195434912 0.05876902226676695 0.0600207199659077 0.015840267422000533 0.09067117870784105 0.05712150434768032 0.02727093382830196 0.08113047390431805 0.015192631984486667 0.030354762607000676 0.08978870571102619 0.034072791444086044 0.03412964457077175 0.07066367445448282 0.03453680958994656 0.015174797137450508 0.08838451145720855 0.03694753797882283 0.026323318916749827
26 0.037789692274990516 0.025935579387187574 0.06223641247039674 0.059239004124566605 0.07158862875451148 0.011674158414372401 0.010714477200804874 0.0013328671491158605 0.07773616398035811 0.007490217788560222 0.07751432986646946 0.04279252326167448 0.07244982014314647 0.09415089796017802 0.08541197321567454 0.048365874809464936 0.05889806169749587 0.03708413315807902 0.06785560597534081 0.04973957836761207
27 0.05731800105397154 0.07855639689735867 0.037271838182088235 0.011183527416771009 0.08037406641941719 0.0247800520261618 0.0001267808558210938 0.06390743728911663 0.06293544040806613 0.03208731022057606 0.0595903719236204 0.03622129372794336 0.051454784662060854 0.055596038839878854 0.07489231419492992 0.04666073550394531 0.04842154128380696 0.07313060042161998 0.03175752659608779 0.07373394207675828
28 0.05820616493337333 0.0642952565441338 0.05938288902952583 0.0726867570909291 0.0027122837118461634 0.05130133131776213 0.07417158420761841 0.036716914634243036 0.056233397975724735 0.02562480426048253 0.02256823672939735 0.07823871056964811 0.07172574629310798 0.03297012574072013 0.04434568097115577 0.07554124552327675 0.010304752329608594 0.023306808648354094 0.06843626631683312 0.07123104317225888
29 0.0484556369801399 0.07511105825722919 0.019963972686463907 0.06108158831680375 0.07899077057377595 0.04279659250273766 0.0745846108884501 0.07177856888804214 0.06921257058012388 0.052433219391784275 0.062315575686233936 0.07808268186577558 0.015694664099287145 0.07718804317293651 0.02108529009443602 0.01872268096341305 0.009368121829822437 0.04283996160168523 0.0449041485161536 0.035390243104705656
30 0.04166375418748692 0.04399060609016781 0.016317642769886263 0.07107272484398106 0.09428697523471417 0.07731049089256702 0.09089858892466668 0.000789129379934073 0.006614475542503382 0.002507462029699318 0.05868249664601855 3.0982437496788474e-05 0.042670255320709026 0.03939797860438702 0.06417983977431653 0.07233231266782608 0.09290548109104464 0.08736204584374731 0.019750102288365205 0.07723665543048225
31 0.0045916326105361 0.03204322386254343 0.07815538529500825 0.024962998605593596 0.07115689169834419 0.031102670041013213 0.030135520666536582 0.0769629178368734 0.03906487088933922 0.09211393704746389 0.09129767880052292 0.07763410974533978 0.09228479585477678 0.06909481470027658 0.04384431800813386 0.0004655362442909737 0.03634619042965259 0.03328098374509603 0.007800814376919483 0.06766070954173921
32 0.016009704527461623 0.015882274153145276 0.059972735163607245 0.10877937540626054 0.06969587465702635 0.024855582870952662 0.022796365129046814 0.11028767997819455 0.08932184646682861 0.04111521377776237 0.05510633589647609 0.03838635496558939 0.03336152307997522 0.08063191825252121 0.009213926449242625 0.038038528331932595 0.005938492711936729 0.052615137061919864 0.10673497699121406 0.021256154128906284
33 0.034342108618724276 0.02487714316627919 0.09333988279540176 0.004865764829082248 0.07432816391241333 0.07012234866893188 0.05788791535509633 0.08282804392833994 0.0990871935613567 0.031228516750253444 0.09348027946915205 0.0120192518031717 0.09251466328647234 0.030151900269620228 0.04354212347565327 0.02231336396945179 0.03728284241054211 0.005614044935663365 0.03499845610922146 0.055175992685172544
34 0.07198883849927697 0.07882519376299837 0.06017356791976458 0.08204788984597886 0.03919509432057237 0.004648523687031342 0.0813769289928741 0.08164404710438955 0.01023754252708893 0.042316183242608274 0.012961928555668615 0.054408218508951674 0.07279820225014247 0.05441198129893756 0.032503819702336005 0.04927979813379156 0.05127612487351836 0.04268433208237134 0.014424026279296903 0.06279775841240218
35 0.0745002264933498 0.07875530874035885 0.03397365286903787 0.08796947326801952 0.06742803556447498 0.09862834398187859 0.09837960501904688 0.04260434280122566 0.02054446677475056 0.027489864957778595 0.0076373038769471475 0.0023161518837436696 0.03791009842161567 0.0816632030520676 0.07559762024132795 0.03491076465030776 0.0010134674065437426 0.016556363831046528 0.020891199441553522 0.09123050672492537
36 0.055957062279318404 0.015568608507708245 0.046147624563529145 0.04996461917059712 0.07961693347416789 0.10346997878464222 0.048268667521997294 0.04090034612168455 0.03522305465083928 0.006267997173731756 0.07496655907683487 0.0578250857188432 0.03570418785289408 0.019055558122355466 0.08639725125201003 0.07566915491545033 0.06316815741163165 0.05378352617075726 0.049041962939141925 0.003003664291865314
37 0.07201747879954966 0.01840488861151613 0.06848694475913313 0.038538010022948654 0.005357773726608685 0.0679012460391522 0.016959526208969806 0.02786366625689303 0.042143850107674026 0.08050465421296732 0.05303069150250222 0.04178665195497353 0.06255177862431384 0.05788070650134926 0.06997334597611678 0.06936580874793036 0.062362912988802664 0.03637550297088131 0.04943105055917786 0.05906351142853938
38 0.09368947225665872 0.04275198897361912 0.007041531411529264 0.0711370818386605 0.09103187810514736 0.09422406352483513 0.05280051438970007 0.02357796722483434 0.031232080585328083 0.0678455464536465 0.06949072302794368 0.0259692847575763 0.06019867545702241 0.08671850555535002 0.06852379050226887 0.00198196834507141 0.07235438815669169 0.008720216052414166 0.008306929084012265 0.022403394297690057
39 0.07662445820119244 0.08065514424626176 0.057809338315001124 0.04871571037805665 0.0369170886814541 0.0032877463204016638 0.06734669429428601 0.011669466177935059 0.05505451120842318 0.05623372475581407 0.07576652087956458 0.07650156021128082 0.06068603163580506 0.06973047978023936 0.005194769297310659 0.014045741850952375 0.052738235720032396 0.06802593131141474 0.04985791799289149 0.03313892874168239
40 0.03553415069625806 0.02602930213463418 0.054470547549279 0.04865702933374167 0.05158372234614814 0.07618476063032513 0.07361797305468502 0.0961607758365101 0.08863775660666405 0.03306758356097004 0.06969881605529422 0.02063983655836153 0.07510596321212329 0.018719349692947897 0.05584467273337173 0.0014141676915861573 0.06795222507948787 0.001980971894023526 0.045294423985073565 0.059405971348514865
41 0.046018828259161544 0.09492835157467577 0.027750697644725056 0.020804613515488943 0.056838812717881736 0.05074079937195529 0.017306435657212082 0.009618805803163981 0.019078239541160967 0.010746961200182318 0.09699172369066497 0.08931372153567395 0.0902840538531691 0.060854916440106696 0.06846691718962952 0.05809357338280079 0.04658282747951719 0.05047002687277618 0.047659955140619735 0.03744973912943403
42 0.0774920109948419 0.039276502832508435 0.05942883505886955 0.0009344831604853053 0.027056700472049798 0.08490749487392761 0.051893594846568254 0.07922946320756495 0.08664757342984457 0.08409506238665798 0.08498275640453384 0.0031975907306252328 0.025716251643498608 0.07454285554677846 0.07126716260401572 0.0104769366699343 0.0019306875337239894 0.050581839835898555 0.08308402222546367 0.0032581755422094513
43 0.05601288252018818 0.0862205847249186 0.04528963765099063 0.09235769670249244 0.059653518083953964 0.03192861748218883 0.04345346324017611 0.044356152982550294 0.08663146599143931 0.025228945582764225 0.018870318070035634 0.05889236901494639 0.05236768429766549 0.015222609331082613 0.023501092126003847 0.08247349538433857 0.044374637652280516 0.029851407280243783 0.0840589619675447 0.01925445991419582
44 0.0035482207588673495 0.08740298743244533 0.025924163183880643 0.045354252903847266 0.11519072228972675 0.0905708407767054 0.038857330647972955 0.005439845486073113 0.05375745338386152 0.029997815414989713 0.042976761346948764 0.012604354935051531 0.005853190929035107 0.0009034204899444655 0.08512351974054615 0.06301461433756549 0.10594603349532569 0.078057083628306 0.0882133844013417 0.02126400441756516
45 0.07959870281532805 0.08469789526465939 0.03733554483130482 0.00685644011379691 0.031314218418344544 0.05142068320464005 0.04846296511067135 0.01874525707492712 0.08049010401402032 0.04823808896305797 0.0785659812486495 0.06787635636658555 0.023785638757120746 0.0356425407445646 0.06484161652360287 0.04546677653556731 0.007413374904204871 0.03523105286386125 0.07095510605506375 0.08306165619002905
46 0.031157675062415756 0.05267285444232546 0.08133935846647061 0.08060214249585339 0.06551668851477353 0.05596976167683188 0.013343516387176825 0.014966159409852983 0.07821841414826781 0.05315856036366266 0.08178059865122514 0.04133352905245516 0.02258123613733279 0.05935545683498777 0.06417740949984124 0.036358718816696736 0.009099080523909897 0.056690905440870944 0.031002699675175337 0.07067523439987418
47 0.054583501902835674 0.08674511111289415 0.09024794971013365 0.03066745457287406 0.09237444638430503 0.061764813982806435 0.04284004346054079 0.04278250019733923 0.06244956971760673 0.0012783501354141566 0.037337445445537965 0.06533057381271314 0.05607392570889779 0.03122769645669426 0.010714442557824722 0.0028081116346746673 0.07413859416757375 0.03446188818434752 0.05770800454286779 0.06446557631211852
48 0.07545580530440636 0.041657398495641006 0.03569236085746114 0.08169613671219994 0.0175054043174773 0.019554370881717433 0.05698673086468879 0.02153785004607066 0.07676389268938487 0.025543841074056845 0.00572561920171054 0.10043666838063174 0.09695029252077438 0.005156895640444464 0.04839632809961322 0.07631215045275352 0.040617948425616314 0.05153154680616692 0.06325039729047797 0.059228361938706474
49 0.0021310570273560927 0.013910761898492306 0.06541979724589862 0.08807080005065317 0.031063026563544035 0.09654770931241029 0.04191655852327048 0.09823989097910804 0.054321298269230676 0.09415785573728852 0.07182629029002878 0.1001101988787221 0.015511954046831486 0.02504836008277604 0.04947544836527771 0.0753270442624967 0.0026404338751430017 0.0015170662621263428 0.023682722356637317 0.049081725972708386
50 0.036275975991965 0.03978912957112218 0.0852011801358195 0.02200294095965595 0.07202194950714431 0.026838287655630445 0.032713500001820855 0.011850958614187874 0.053999291277175274 0.0022759924431628277 0.05029536224042053 0.06835777432826211 0.07238982828064407 0.10744959324579312 0.028121169206023512 0.01961437037968442 0.020459773649205648 0.09954022976496951 0.05882290116400126 0.09197979158331157
51 0.061577097016313594 0.019767287779657854 0.06698383348063808 0.033589267033207304 0.07467220638051918 0.043682994667341754 0.07410562037244406 0.019244530330869355 0.07306138192074255 0.057667199754883915 0.06853477150944765 0.030708541302696263 0.02220267756549122 0.036012136326417796 0.059292401203366506 0.04932380174680077 0.06578013725742869 0.04440029354332989 0.021321002540003266 0.07807281826840048
52 0.04299140590243379 0.05552608458757554 0.08225462305054428 0.022664715009719286 0.08468936858599002 0.07089349020943375 0.0009455837458642629 0.08528951655678631 0.014615769519085203 0.04678662505904668 0.07568598517862762 0.031166353800511675 0.0771801451497379 0.042436903482689026 0.08912186455767367 0.009887772510338101 0.00564662348447963 0.012243361403086352 0.0786078492285466 0.07136595897783034
53 0.009853361699992695 0.013268516805531096 0.028402813668129943 0.09234578163089692 0.03921149792493876 0.05968870641365364 0.07670024888725374 0.027664386409176893 0.02943053603969198 0.057721378877444794 0.014270031711691946 0.04329546261515567 0.09665364333184509 0.021693570584588897 0.07401072589733787 0.08045073393374524 0.047780765309924776 0.06549444315547119 0.0957534132075969 0.026309981895931984
54 0.06948980983701726 0.019824089107863964 0.09323149033729729 0.004396766391939473 0.015511178220801652 0.06342859455221794 0.05220315137468539 0.07689822462202792 0.0004132806589464811 0.06193032034139355 0.037418638652140714 0.09408693023356353 0.046750280221396004 0.09322331072645831 0.050983591836200146 0.013322451797341154 0.04932419976659446 0.07326254125831315 0.005363821720036663 0.07893732834376492
55 0.021712644883616537 0.10246609407619167 0.008227822745728933 0.054526160826104876 0.053036474403468294 0.04734689179646561 0.0773950066964232 0.05423879351584926 0.015452222701359273 0.04095657078978932 0.020349970555904585 0.02144425914161782 0.07663738893038081 0.007973980691946766 0.11149099973491992 0.0637540573268173 0.07946895140859654 0.0849380264261981 0.03325239298401729 0.025331290364603812
56 0.044473929796728165 0.048074333630015266 0.05011228909554959 0.08282814649546785 0.031593630533647346 0.015462223439301096 0.09061874510523585 0.07985908733096797 0.045627622612700584 0.04664798806336088 0.042986080495471334 0.0879419246271161 0.05011653933422394 0.023242006063099313 0.0011975380872516043 0.062461565788676336 0.050764182629204006 0.05711423701003516 0.030649092823690265 0.05822883703825737
57 0.05863312262180908 0.09127075270609335 0.06730570910044746 0.0734313012932235 0.05828610833138068 0.035431758854615594 0.017797947338037894 0.07507170084319034 0.03970777477923856 0.031570616633291686 0.0026601845356808416 0.035887464777522755 0.06528988100479449 0.05315022116639897 0.07191003651289243 0.06355569191410121 0.03916397827259749 0.011064085301078407 0.05554848497980996 0.05326317903379533
58 0.03814185061602488 0.002968513944282755 0.04456476978812975 0.002636568974822521 0.09139495790907518 0.08160758188398176 0.08843252572971759 0.044168496713877736 0.0917428642294572 0.008891521053200135 0.0838085758835879 0.08329402498801185 0.003932239602235743 0.07164791616832865 0.058583894128803604 0.04760771532410641 0.03695898513642063 0.008339625168936328 0.07035225223060781 0.040925120526391794
59 0.010072388955544558 0.001280280350037672 0.0032424298655978697 0.004318626076318908 0.09584478024158538 0.01745280988772749 0.05229249273535998 0.08561395060197706 0.02162287000804576 0.08352402534961959 0.09030230244717666 0.05497791918230195 0.08689451283763479 0.10345146110561645 0.05160416293364757 0.08491460956439442 0.0009397034593803519 0.038476397341888215 0.07912497442743435 0.03404930262871107
60 0.05002660613198685 0.09871944431427439 0.015535040881315678 0.05138678441819087 0.09714867737737504 0.10336093373525229 0.03780763506143072 0.047530815541175817 0.009940006075401958 0.001540618496523684 0.0988708299284957 0.027088656941803232 0.037031240188919 0.08548642942629882 0.09063244020349864 0.0004328938982023222 0.0877116089934113 0.03110633119281271 0.0007744044085058074 0.02786860278512514
61 0.08582427045026254 0.02869233967416762 0.031777652819211244 0.002659769646611651 0.008896584213444398 0.0054108212669432025 0.13687879132383546 0.01051213853914656 0.14280560573274217 0.020985922560584767 0.0897671481030134 0.118805015359055 0.02489354429336209 0.04167470378043973 0.036048228254449394 0.023915605429938928 0.008761948043860334 0.11785368232875705 0.05551605605796179 0.008320172122212623
62 0.005473744899712879 0.06874698198972665 0.07210233258389184 0.036037722527179614 0.028147910679901637 0.09768299121254792 0.10403939636656596 0.0009478442322220524 0.010238638621065664 0.010891838406590646 0.06008509617200631 0.04655273728658606 0.061582015327961655 0.04636296680800978 0.10165100187419684 0.027402665832848 0.04119585768045353 0.035428832214807554 0.08778433228302816 0.05764509300069719
63 0.010894428001497146 0.07066461145757501 0.041724163936045756 0.025286173411475772 0.012424009363884308 0.00236671746124791 0.1008370041678571 0.05919332705417965 0.08077264789949659 0.09418778490484449 0.07240057750041899 0.011501794439224966 0.06028539030366094 0.039690049479621 0.02870429603549112 0.08893478844510852 0.06706498453935053 0.03180057419487878 0.026307411550702983 0.0749592658534385
64 0.08927528275636605 0.025718866757570322 0.03226574492027412 0.07654341923247471 0.0524568340712924 0.058937603494304575 0.01832763536384696 0.01676471023473882 0.04273340283129402 0.06867534314380591 0.03171110996326319 0.01595956648038402 0.015080912286555182 0.10238432913687193 0.03577830295946898 0.0884141386336436 0.050218197043397 0.041949920081891856 0.10224763621848834 0.03455704439006806
65 0.07432052091016854 0.05012005376606935 0.006633338054615108 0.055128683022974335 0.03645338564269129 0.03514093378192563 0.08325614774963454 0.11822279182165989 0.022022667060383496 0.004447960518422445 0.01831591109423143 0.06147716777344869 0.010316159119888998 0.007915233616774714 0.0390509690946988 0.09821619288656373 0.009573652125702005 0.09530399170333642 0.08902379264572034 0.0850604476110902
66 0.046921824551052774 4.915942887295942e-05 0.04174721440651969 0.0851099419395405 0.0033022771017072014 0.08514122352358795 0.08248553593589072 0.050398751240573976 0.02978090470125014 0.004381924242720756 0.0804352779625232 0.055216678268893905 0.006189893185825501 0.09400438174948827 0.04201335846862486 0.04312766747735218 0.07165084742879824 0.023393006453823213 0.08109436011466166 0.07355577181829219
67 0.023311199764160562 0.1002511224239151 0.0658829139877558 0.08627650373556214 0.011757378859916888 0.02791512602947531 0.052690660823308005 0.04269369079706953 0.01471171963150871 0.09887146854607787 0.008629598253768626 0.044361629102849506 0.0034976437673563255 0.023561348013311716 0.03219421403905334 0.04579367059752154 0.09598644636046667 0.09285830790936529 0.09590287414862568 0.03285248320893148
68 0.03893368491883861 0.050278779502124574 0.05090318003906737 0.0027891303218526634 0.030389130906975356 0.08836697499879091 0.023172081400335234 0.03988800240832712 0.07895161402767706 0.11113830553728374 0.006812689763631645 0.04761737459079712 0.03233139804217538 0.03364679255578235 0.008182528825784154 0.020350734258393375 0.06790080515740216 0.061085020779661 0.09578447030387072 0.11147730166122953
69 0.06503307401271424 0.0445627340430885 0.015549306940778185 0.07189793881768168 0.06017668626317903 0.036562993393449296 0.06593434882122368 0.046742070393844405 0.03630395240329759 0.037662455649481986 0.04573623616080476 0.005917596546036035 0.07244582873597263 0.06934493595823293 0.08590388503061246 0.06109489965645215 0.006332207757128482 0.08612612294055444 0.023548390138168507 0.06312433633729898
70 0.09131162347017394 0.07869237617844277 0.02462364861185476 0.016303996615879546 0.09501917440799558 0.08414000633861561 0.05489515998988091 0.09881595474592873 0.07208384714888759 0.0016941377436704437 0.00562785444736024 0.004718167699787858 0.03473257944085185 0.03597624355638254 0.020041192578362853 0.04286762677951406 0.07922339403777141 0.03988577656294262 0.0532650466687528 0.06608219297694387
71 0.01415927129451146 0.030334034647096907 0.004098069986046891 0.09710571902871935 0.08474925098250488 0.03768249112489319 0.025422979041429265 0.03187930542825471 0.06230774359121354 0.10303116838212895 0.005001821313262281 0.07041248521656429 0.004867826193235699 0.07753706393153596 0.06702841046204545 0.006430152891322108 0.12249671616103532 0.0700874739225063 0.06134791911756793 0.02402009728412534
72 0.04741860597225565 0.010438725818123166 0.0037770405120779076 0.013490431852002183 0.0821608296032557 0.07267716212461917 0.05748994029708083 0.09868553401375439 0.05347081408364244 0.01047360162087871 0.06633505601898386 0.006768424775331827 0.06451855991086188 0.033403045238563356 0.0454888433408519 0.11165443188572655 0.035651928801693634 0.05904960260158047 0.07051895713856646 0.05652846439014983
73 0.04941092220766603 0.04542046315467274 0.04194589371665488 0.05192959144450484 0.08989521860548985 0.0770861653385233 0.03353661766252514 0.09476455553727799 0.013068845956295696 0.013821780924712677 0.07490463908168803 0.017621557030941724 0.024543917990565427 0.04173032199899355 0.0725835585261527 0.016407376394420754 0.04996142942320762 0.050554857928117355 0.08494314057474986 0.05586914650283967
74 0.05088957063030249 0.08539498232462586 0.0035950206629390105 0.01849760634537674 0.03662018796065123 0.056829223573705824 0.08336835776074351 0.0848601116817092 0.09162813917771018 0.08951550058186461 0.009425333903058879 0.022813099697985877 0.06317894259591494 0.058630764616752054 0.024094164237258915 0.05110679844928938 0.016655785841129398 0.06047652214379702 0.08715619921643117 0.0052636885987537105
75 0.059808588224803345 0.024390930903661567 0.04131543895728813 0.042936017164167055 0.050405194462810735 0.07831233106956692 0.04151469598652395 0.050697406703897996 0.06681566121828728 0.027955873747260777 0.05774751589192371 0.025222672921573482 0.06469216637855002 0.07287688660523173 0.019880040484556293 0.08905932970802119 0.04564321869906711 0.058349414601788704 0.011573501702428997 0.07080311456859101
76 0.08668352469777892 0.0736451649455402 0.01881629475906033 0.03709285846595465 0.0648694940773667 0.07907829757878664 0.03294200914060172 0.08899138075184623 0.0056316244591920524 0.03488853622964392 0.05426093765895112 0.059937940178456585 0.03612682623220636 0.025118653470105487 0.06335978313205017 0.0588733966484352 0.010372233282500594 0.07367081891906499 0.027598386902425158 0.06804183847003285
77 0.08515347705856556 0.07053176974718409 0.02518539121962129 0.0048932684852121605 0.03539757333666036 0.05559203297189495 0.012964483884255482 0.06461269231074242 0.07293805474240862 0.041637116118887395 0.08347387081120172 0.029142955488962414 0.07394956110877088 0.07370998631324643 0.014282705930898728 0.010143423197802455 0.033630501682911776 0.10159315025620903 0.09239462884863131 0.01877335648593291
78 0.09779804350017302 0.06486124493626855 0.09667676290097216 0.006390024227029239 0.010001088618291718 0.008298853500020697 0.06594333940509513 0.005608899251569595 0.09718449238837082 0.08246496136200077 0.039303264875362905 0.011814154616022048 0.07478039940268374 0.03398795558639252 0.07640158309396702 0.010305741496573357 0.038772740928695884 0.03409683075344188 0.07304310925903791 0.07226650989803132
79 0.05017511826652192 0.0015044152152089007 0.1222988294685737 0.01924597881600228 0.06690982496410834 0.02495535022216831 0.03336181885007611 0.027682926718730815 0.03543965631851343 0.10829771462494818 0.012540552120390163 0.03674763865915732 0.06419177060813112 0.11808994523522373 0.02858757827255813 0.08317511797775094 0.014962812960243217 0.07239876334849722 0.04514427729801407 0.03428991005518221
80 0.03220571101034305 0.022996010139706004 0.029218530485778264 0.010077979359924173 0.0785450666168519 0.08047685941071679 0.015910482009310976 0.07412011777125026 0.06255611100952006 0.03252926214046405 0.1193138516458832 0.12128409034317204 0.024100376402335203 0.051925966130967005 0.0006840935945376222 0.005329367423287771 0.01298292691255091 0.09518300043423779 0.10706431933782573 0.023495877821337156
81 0.020051767964141636 0.09378680562277926 0.03151675840112084 0.04613966479889631 0.09072373975463079 0.01890720738961404 0.06226549019656937 0.07505456799401282 0.030319009798856232 0.07567602978894465 0.0769617380925149 0.016211809749225228 0.015708100122340612 0.06480393966604005 0.019217596697377486 0.053804076443823706 0.08995166506807047 0.028543648619523156 0.0659833024700978 0.02437308136142078
82 0.07673244139429658 0.0514027665587169 0.05503885061150394 0.06302816564859888 0.023940170608014472 0.030482660815290944 0.020180300146924027 0.06253792854459134 0.03230232412025336 0.0014479488313714722 0.06211814720182098 0.06312494106052363 0.0715247655875315 0.031088886472663207 0.08076156652425315 0.06824895355203918 0.04663890111583237 0.06372458341739383 0.045406405429713886 0.05026929235866626
83 0.03173670718751352 0.033381189828525164 0.006299491494199799 0.02726321935025589 0.06521459999601298 0.005217515679572319 0.08340155899184835 0.06917864695038738 0.09023193043644936 0.03706520564574562 0.0647902216930254 0.04170971647233707 0.06919348588228041 0.05231419893743441 0.06157810494687982 0.08936523203490973 0.07944190079231547 0.033305208805937674 0.02330391261335165 0.03600795226101802
84 0.0734635592311126 0.03679453411786747 0.042615270353787135 0.03045090404354293 0.07850894504786281 0.07205260298898436 0.06471678140987877 0.06671050170846186 0.08982433237265545 0.09395432471846706 0.024479898328180545 0.009346855893471081 0.019543804248691576 0.04304675045802924 0.07460295220545336 0.03526530224420444 0.08185482376949786 0.018178817588463063 0.01184284680711732 0.03274619246427119
85 0.07046036842495003 0.08101024566009245 0.0025603163239695404 0.00228171640773888 0.04145643893284183 0.0965797312410009 0.022916860553999288 0.07220975602656589 0.10673069104931529 0.020665268776410436 0.060877985582034826 0.059255318785633594 0.049206792334686944 0.06985880467484108 0.031279506389685865 0.10726948535113377 0.061737476395392885 0.0031315241999820154 0.015045465699788735 0.025466247189935953
86 0.07648449897850207 0.0665703874780349 0.024348346397232726 0.017401148513354798 0.035970996435392 0.07200731404350198 0.08249191776534383 0.07705940219802403 0.06665843362554813 0.06870028767058978 0.004214456863793895 0.03195673145574353 0.019112853248596306 0.06573612992487336 0.066137775571655 0.02778540992977972 0.08671639074373463 0.021813993308398984 0.005512145646715843 0.08332138020118465
87 0.02320266911165476 0.10485235882108357 0.09106499135799308 0.031797682504267656 0.0014083873225378054 0.042398345855741634 0.009632650031838682 0.030058960700244747 0.043113332850882424 0.09189944895163396 0.04417306172020761 0.06339472390996366 0.04120373392079866 0.021245795081572507 0.1019082349223602 0.062093049223038 0.01933614540213625 0.04402932701955935 0.100852910337142 0.032334190955343525
88 0.09003285527765853 0.016297877892138157 0.07497584173476943 0.08793189827749189 0.07314644989332864 0.035764571743672376 0.000604308023993793 0.04752467680465098 0.0495064196282372 0.06256406430119012 0.04169529861813169 0.025674740847394788 0.05492320362788141 0.06438258442356569 0.0070038843247855476 0.05950454942377373 0.06939478694679711 0.010686152854269094 0.07279923639235134 0.055586598963918384
89 0.03778023609504119 0.014122032235921718 0.03012376974904869 0.06227845507382041 0.08853707603008738 0.11132251958276629 0.01986580595716601 0.06477668096311007 0.03257360913985116 0.014459490126415297 0.0036676646079025527 0.07050075605355008 0.01651555011849401 0.1104061908895714 0.013982570634563101 0.053144807139325526 0.06712401763289949 0.051489459062635475 0.04966755465181825 0.08766175425601193
90 0.025709863204400454 0.005590253627965199 0.0506024895726538 0.016478759899159773 0.07170033524962201 0.07587426752053714 0.05601825273103409 0.05496784026754814 0.0330120038006455 0.05801067351189346 0.028808038334702697 0.03791405384140466 0.06486488181080688 0.06853373586353764 0.076316476687469 0.06376877147972901 0.053562931350725 0.030771350894705642 0.05521885621651086 0.07227616413494908
91 0.05499826928369352 0.04174909705986471 0.05174114751908637 0.058662706768379896 0.026778980105270075 0.04300125613597951 0.06952686555004182 0.07739812878051067 0.0348031838540358 0.008046729471221514 0.06641275332450679 0.04646314414010351 0.08457319200687993 0.05716795381445085 0.04974864701708433 0.052010582084241065 0.016219476468426905 0.08279902720836292 0.027478866515747942 0.050419992892111964
92 0.08137424669331013 0.07369850572998492 0.06324823786306148 0.07023922728331522 0.07388238937990543 0.07636938456319088 0.006907422684437619 0.08048504265131697 0.07525548952371544 0.016004377655516582 0.03695381465147865 0.011000662327825497 0.0036116940865841963 0.059290016038763625 0.03241262517946457 0.03601188941520161 0.04657693992881963 0.07714565262208452 0.0539503405673049 0.02558204115471814
93 0.09074716473340806 0.022442933623635433 0.007676414545886292 0.06766339118671813 0.08110023296433046 0.08891020528980931 0.0348678254360048 0.016382269428462392 0.016360832035443175 0.08944056020119362 0.0861696385908417 0.08595744189654507 0.04276664601732618 0.0661139998819847 0.003825676452406765 0.03174722444498009 0.007039341337467837 0.09033854726279311 0.04836863910512148 0.0220810155656413
94 0.06572401922162162 0.0639812082584962 0.057489594229164866 0.007902235505281945 0.05600717792343207 0.062058661650134024 0.06458116726661331 0.03020625862198944 0.0735124718105149 0.05341090615685194 0.016277721666367352 0.005398293208548666 0.05224699805302797 0.0690707709493784 0.04654740810507341 0.07642164800143392 0.06877555015640213 0.035059171530416405 0.07225687987533129 0.023071857809920052
95 0.07455237463359007 0.09258269501968996 0.034242571612339824 0.04586594376641896 0.09154224940664014 0.0372009246635333 0.02203114978326648 0.009789897057179394 0.048863446768656955 0.06397085051268356 0.05787593039026157 0.0756084824372839 0.04988006251169306 0.006749156464691003 0.09103202536275204 0.05309857188671041 0.03558653372768104 0.044804916749532596 0.021996583704093978 0.04272563354130158
96 0.08683360209016196 0.019811281127329612 0.05792677698054027 0.010793111658231968 0.08330720845260027 0.010684618698297853 0.09131318668342518 0.04375960280789686 0.003199296129646307 0.04498833082729489 0.07703653764919303 0.05121770421651124 0.08738290555233111 0.06963111163145314 0.02838633946927404 0.00191157572942412 0.027814133374192578 0.07224038564580686 0.09281404922094308 0.03894824205544545
