0 0.04221114712655436 0.010731055297049418 0.033485310790481726 0.07699463483557209 0.09118038812224685 0.06226270831877812 0.03864328301198948 0.06599527712678818 0.006392502316061047 0.09151714929149737 0.04200818998124467 0.08335000687542744 0.08612216288759177 0.0164952130207126 0.048389266600906436 0.02318492119833137 0.005371242923342432 0.04980596011273805 0.08830872951919808 0.03755085064348844
1 0.003197079878316381 0.019810175713709858 0.0004310516614962903 0.054347428266301165 0.07990346788691778 0.039944461593584175 0.053527005561018394 0.06750354633042965 0.04950135430489198 0.06101759231015334 0.06809889119742008 0.04725222431614193 0.06974603628857916 0.010960649381620398 0.07490810856201516 0.06103482959745901 0.02316967870048125 0.08956410268525364 0.09111205806655848 0.03497025769765202
2 0.06536989422391375 0.024591588499022824 0.10396775599111559 0.08664591464953818 0.08186743700885234 0.0500902804810601 0.05267756071227858 0.04278409482625839 0.039645478791031065 0.057034188074923255 0.1111771528213294 0.034564554289830296 0.012752696330314544 0.06106593257723218 0.00721849886650174 0.09202797909437413 0.006731361730643251 0.005623492965806374 0.0019413646681664426 0.062222773397807726
3 0.05231719925791709 0.0696536664329282 0.03463161391050686 0.008189145188972664 0.06483387906793157 0.05342750384783 0.08264077162314697 0.08830120881243426 0.06372151550614841 0.031301457825065195 0.10027395403385093 0.09499537035248695 0.029400522174808215 0.04265752342417503 0.022516880106939544 0.06811898714660752 0.002049496733954951 0.009670145109908658 0.00778792389855318 0.073511235545834
4 0.10271126683889527 0.05308770003803122 0.07568327781381212 0.001063091718816247 0.04606022774739666 0.07276775701344813 0.054524909174942696 0.10125570212594111 0.019436300360776208 0.03623274648743457 0.03961303018979392 0.10101428431631654 0.018450404344160044 0.06055506948201363 0.014629929682663675 0.08780672674475348 0.004132269299522323 0.030589933581425897 0.049646134522189925 0.03073923851766647
5 0.05930937784785327 0.0867128063926276 0.06134377573143024 0.045721393397347126 0.023219187945182018 0.02261039495405862 0.020645663344462554 0.01827228692778038 0.08642676599234743 0.02222543914862665 0.008430205348399911 0.03764810629704806 0.07600182652212928 0.052827136697771046 0.07213584275256293 0.07467025609672107 0.0730932016168795 0.05422598951015701 0.029253037920608366 0.07522730555600698
6 0.07837521473953266 0.015236719663727612 0.104551820759786 0.069963375840774 0.005543069916323064 0.042650314400377004 0.07242378313730621 0.032950592135728964 0.018691549935713522 0.09730352839552885 0.0846724545613243 0.06663894924352937 0.08007332652851668 0.022117787650911932 0.0688250751550628 0.01614505792688723 0.057093157397246644 0.020100293417337625 0.021040930237786155 0.025602998956599225
7 0.029606013131660877 0.04138219100505955 0.06489125601340062 0.03186195024163979 0.004074851398761838 0.022756561826303465 0.09080257536757014 0.04698186720001685 0.058388972275546305 0.05995711097228354 0.0823795718223444 0.087862243064303 0.017783800852352812 0.07128565881890855 0.046273303720378876 0.03746699554379282 0.0609638684007697 0.05471976624348672 0.07555094394199895 0.015010498159421048
8 0.04103559521774536 0.09856989928859863 0.00152975867239487 0.06836605929079283 0.06388225155357216 0.04291762906955923 0.010913564091540743 0.04752578066323389 0.02018475603134457 0.011814487203844527 0.056090396589669765 0.08788100621482782 0.037525018886647665 0.07007526014072554 0.00946164808419055 0.08276449632749991 0.0983778961584588 0.008600740006248166 0.09029490462008265 0.052188851889022364
9 0.0652982097821824 0.08209976504860418 0.055892407423041045 0.08874088694929344 0.032509808164659655 0.01997884064265597 0.045741359363372626 0.010659038941994095 0.09135740509475584 0.0039108809102422586 0.03071213961807312 0.01271980852084813 0.054355259557925195 0.06244513112978034 0.08133315401218313 0.045234555472248084 0.0604123370215149 0.04211153445035946 0.0843661849235369 0.030121292972728933
10 0.05536635651723401 0.046684800323708364 0.06341042462377333 0.041129299573108395 0.024108992383979632 0.09079886764112363 0.06018539880637674 0.09056562935268973 0.05796864566651182 0.021594001847000565 0.06580173265554559 0.03409421721264425 0.041632914639241486 0.016761063324776202 0.07275467418043578 0.08674204233093136 0.014467111801724195 0.032606204175851056 0.015893928380744292 0.06743369456259947
11 0.02676307981338409 0.05916024533308928 0.10904920602201955 0.00389057953404455 0.04978185972752421 0.04660655742691848 0.04018715088326782 0.03658277515205798 0.007833352191254405 0.016943303416146024 0.010342861206167245 0.05470932155980841 0.04939754420514952 0.10094651858803436 0.10188910288208401 0.04197747118320845 0.04322982478433328 0.0665011656484827 0.10751676099625863 0.02669131944676715
12 0.07407479473537869 0.0640386883622492 0.0846813760736617 0.06322545200030756 0.023429846849198407 0.0035921437988207777 0.08816728497975318 0.04628976501896122 0.048621385469863714 0.06775154572886914 0.08009764818888954 0.011599775849217035 0.09927479116034099 0.04075716043558694 0.01745895191418122 0.06915667876926543 0.025443184977115067 0.003326761509381425 0.057442214192810974 0.03157054998614766
13 0.08890397474567223 0.04934050908413485 0.09237267212016881 0.004081779177335353 0.017225940273867146 0.08720141985049328 0.025580541066850954 0.06670851571903959 0.02839374858921212 0.016461468366806366 0.09092739703500351 0.06269765629179172 0.03667682365367628 0.055962493025704205 0.02127181271176282 0.035740706168619414 0.06011936959235454 0.09113686536998195 0.03547134929833862 0.0337249578591862
14 0.027533637706998543 0.054016249647734806 0.038800967320113 0.0730528049103614 0.04896775235337104 0.07152849229580509 0.07106481697315707 0.057639189383802775 0.0009510964095258085 0.06647263287938411 0.031242328836178484 0.04244661472738602 0.05885581733228567 0.021447484719443695 0.029194140474732146 0.04050427912115225 0.07806860949065655 0.05727957823453772 0.03797763702388496 0.09295587015948871
15 0.06577163612540025 0.0358034193994959 0.05192086924110806 0.052771604376865726 0.014686271074556879 0.049311287031619355 0.014928834611692504 0.011146545746137805 0.0685878101756035 0.07021548682104055 0.07033739372722286 0.047893062590994254 0.05102869426015406 0.007150866321661518 0.08013720400221179 0.06671555377210818 0.07764079120227464 0.0215223289262134 0.059194941697108656 0.08323539889652994
16 0.021058658352971167 0.020552443781181977 0.02809786213688634 0.08661279341268839 0.10857129836513897 0.04391490361512074 0.04403488877847115 0.1082936884237457 0.04855843423858993 0.055073621160709116 0.042274304102688 0.0513930690145131 0.006352990641956644 0.007498390675230816 0.056888086078864086 0.0818225488218388 0.05384948689470564 0.08393246509714493 0.007056474387352536 0.04416359202020202
17 0.03314105975896689 0.001003388080409549 0.07587910155471995 0.08974350941293527 0.015347397017021681 0.034290992433431186 0.0843284757537129 0.07626501618413509 0.039555785814352956 0.053072969480960755 0.054704069556870315 0.015547103114995643 0.06286529638702637 0.04434818554232066 0.07794929338110478 0.0029405895745941517 0.07386128656395566 0.05925486046625886 0.051426170317935005 0.05447544960429234
18 0.06585501040964421 0.0642122131250748 0.0379367901988144 0.03093647472430099 0.038772211154643965 0.05637246141745666 0.07150541496599107 0.0339259594641281 0.02639317963791597 0.053576705558861897 0.03175278448047869 0.018962258360789675 0.03457132716897352 0.07761031647431273 0.06073849099329333 0.07522991204463901 0.03332434416122089 0.0747874281628554 0.04341741442903829 0.07011930306756649
19 0.05433873642469105 0.020882374230237807 0.09288291288253843 0.06117402257101055 0.052690769083859036 0.08932764888087535 0.04451903102071421 0.09754346131976455 0.029350994744387 0.01162029552677912 0.08195458239916674 0.060896150916415 0.04359367073330018 0.028696953390081596 0.07404114435971158 0.022600200374697437 0.037261039256831226 0.048707107946494986 0.04595217821397298 0.0019667257244712377
20 0.07871264114293157 7.850081869878381e-05 0.06321000063701249 0.04969222997284677 0.02487064002005865 0.04478903012629867 0.06386508652126671 0.05568678737042457 0.0656017639991054 0.07184094456185895 0.0696878990021909 0.0693753090952591 0.0569649745274435 0.0030137856842064603 0.06230178775147347 0.01970350768368527 0.07713436482711387 0.025848379160365347 0.07528859530545551 0.022333771792303884
21 0.08648118775876143 0.05660490620658285 0.0368310303150368 0.009481303902937405 0.07585288214881888 0.02116396298338545 0.0319312795575832 0.08213759217702701 0.04558577952373192 0.055129095772290276 0.0625442504973212 0.026795674691204623 0.0385030293708092 0.05836618652294171 0.04359880879041868 0.03305619618073214 0.06517290241120577 0.08590551685504794 0.04201912860865802 0.042839285725505626
22 0.03934241750294 0.025950682689554538 0.06473870569734301 0.0530141145621727 0.04824480320481001 0.07683329739945709 0.010529897232282493 0.07559962959030178 0.06878374930659314 0.015370573434308992 0.06273357697326827 0.05223010023698283 0.058630209909362255 0.05926876888114262 0.025254002872886094 0.03947909318564468 0.06572651447450066 0.06408002939128304 0.05503214651852576 0.039157686936639916
23 0.024459265115971816 0.0310164658583825 0.03592762319156124 0.03777126836192811 0.04540270971394923 0.06618387452163611 0.06385158829348611 0.02874804888494492 0.07850142412000384 0.031959976073889916 0.01747551982777976 0.07536410160043876 0.07643694588097022 0.08062237636033849 0.026126212831400927 0.04967220726917467 0.08341740740919273 0.06766647264562416 0.04699743804774757 0.03239907399157891
24 0.012607288878626022 0.05050082685169626 0.030134050915626164 0.09394046641509975 0.013366196649547014 0.10268320414926281 0.00788979178699945 0.025177068729184748 0.06615321791200439 0.0852475774137212 0.042612457966757854 0.07889298191002485 0.07031353788739554 0.07613100045910609 0.04224861434605181 0.01271269193086693 0.036008965350689585 0.045682871153829706 0.02494129684739402 0.0827558924461158
25 0.06083079133068553 0.09074995802855114 0.059366896266060974 0.03320306034811999 0.008023288382025952 0.054807040502128195 0.05067717910355046 0.03993198108241126 0.013928713609095733 0.037370561208141535 0.014167596232158446 0.07406904111462742 0.06285971245773632 0.09105648199109481 0.036599004318035006 0.09244550734680143 0.058367556291881874 0.025131826734477544 0.03723717440017489 0.05917662925224157
26 0.05161092915833284 0.04080005939091055 0.012726581615451593 0.007447465268371076 0.0839345442752356 0.017102956101542183 0.03212235726608206 0.10800583777162955 0.058003248087810357 0.037107565309452556 0.03159248682464415 0.05383736985564726 0.059163023278152066 0.06901810936706884 0.042235064074460704 0.09187210988891205 0.0878585672237014 0.052575878802755216 0.0023812948986325186 0.060604551541207245
27 0.0741026971938588 0.028478337348632768 0.07948274913636273 0.06912583339812621 0.05258026236324409 0.05493323859222023 0.0710474874915367 0.05164709207483153 0.02846147837160645 0.059614189281544244 0.04346420281160625 0.05985480680443745 0.030974296211051005 0.0460813385380228 0.03111686958332102 0.011227630862165548 0.026818159300845027 0.0646065623762338 0.04872122350535542 0.0676615447549979
28 0.1077494515270802 0.021995434751938325 0.09034740153800797 0.019378470988596026 0.0496039265795448 0.006233626555509889 0.003513211612011943 0.05989011507404101 0.08582352339045825 0.004351570789594418 0.03509587908515359 0.05880264547082287 0.08822989114077746 0.08199324419678714 0.04270267441143947 0.015579766132622604 0.03952409445292092 0.022747078017972124 0.10858570935651014 0.05785228492821094
29 0.027281851700753403 0.08821888683027686 0.04684013506772211 0.055355140316638705 0.07800510131786968 0.01625363671959147 0.009803278995346353 0.08711258444008171 0.08954966833368917 0.0898405928715177 0.07901285970055028 0.012611943476612862 0.02990823272077757 0.06521992974089127 0.03854968661254669 0.004315617143112341 0.019367821443146225 0.06807052611935817 0.04013167506861391 0.05455083138090341
30 0.08373087158502829 0.008017326734157315 0.07746387168799111 0.0242280830008589 0.051998340166095135 0.051923783399970044 0.0822602867281265 0.03803366041403278 0.06871181138169208 0.04736616389618769 0.07184410841157995 0.003797235779744879 0.025401612928551035 0.07694345884408207 0.07481623176519445 0.04179106475503171 0.053018686147839306 0.06138238674480339 0.03936371797634206 0.017907297652691202
31 0.02788410939461407 0.022264250394740188 0.04588971069276503 0.0002595185112266629 0.05325703340007064 0.04853258113178264 0.07262931699938646 0.011864972211372057 0.06656274298824026 0.04866223644505473 0.04687076801320814 0.06343556845234809 0.08780815817563288 0.07242322733659182 0.06361221198245734 0.06317367349099909 0.009765174294794841 0.06959624109792396 0.06265109709011081 0.06285740789668022
32 0.05695011641552973 0.016460921719497906 0.0017280604528616273 0.08026397343808854 0.046989987853233786 0.1028901204298704 0.0018705454494499477 0.02135354978499499 0.08112298651639262 0.0006920239180938713 0.042122902354951676 0.007877000672207006 0.055010315162631364 0.0292449950210624 0.08476398307526134 0.09047141755893973 0.06887089580814844 0.051306637934630805 0.07911334921750068 0.08089621721665322
33 0.023530538685779583 0.02650878066105701 0.05864897155991674 0.07023005241795682 0.09447439102835614 0.013393910319713412 0.05473577732242703 0.0009977971706874689 0.0008352702873404462 0.08777748688446103 0.06897553662462975 0.0720104904508028 0.09048972236653695 0.0964350372933025 0.026452936787367005 0.03887373119871033 0.04939653453508377 0.035357624616435136 0.03264956807884 0.05822584171059599
34 0.06405768298243937 0.03001099041312931 0.05696921175593848 0.039655060645567834 0.07814735594277769 0.04545956591954407 0.07564249412031016 0.01576374297351989 0.08832840416251181 0.052814739413482116 0.07438356186165762 0.035322799167210046 0.034874953245734336 0.0864500701599306 0.06653043141283013 0.03317152166948478 0.0163647565431675 0.017859322546993076 0.0532978293700554 0.03489550569371575
35 0.01200593139716566 0.04494982736751533 0.07012892161981722 0.0003159545028494221 0.01937674330907069 0.014588224693169222 0.07043837351567411 0.007407746253767932 0.05463531602703651 0.06894590401065129 0.03966274610011741 0.026498877410135336 0.0677531745318879 0.055982164547548924 0.07418029971647865 0.06948612015877985 0.07630391964220001 0.06528480829682509 0.07562101274583839 0.08643393415347088
36 0.07747490166269422 0.03637556530043149 0.020091362558040737 0.012670128722015409 0.010464944181975263 0.0525952608953673 0.08428507276999173 0.09075191235555712 0.016992210923876736 0.07610132367225805 0.007490972800957908 0.08573474681897592 0.08447627031949048 0.08903963361958306 0.009628712210154454 0.04469215573836104 0.03313019736627243 0.08213006078431037 0.006528155635748845 0.07934641166393755
37 0.01207045752685397 0.058844298019863864 0.08979378365672319 0.04545431913275215 0.027251148309724887 0.012882158022842084 0.027018682474930753 0.03259900039728767 0.03915692944498197 0.03983231282170412 0.09829065650425159 0.08274827114201258 0.0230918851315562 0.09944910452851408 0.028475916214221908 0.08829425596716606 0.05454779510781288 0.05128140444452444 0.07587294062792092 0.013044680524354606
38 0.010716898802105928 0.0857676479020716 0.050083330497169405 0.055945251919781294 0.07010178924210579 0.07757236766737341 0.0708817504908105 0.00422213793969502 0.040938815029129154 0.031000100942594477 0.02405079728412169 0.006855934034200214 0.07800159251109204 0.0613924807753803 0.06213286514976175 0.008587609174927431 0.08627041423816853 0.08692099102700604 0.007647428804211446 0.08090979656829396
39 0.041308290264301314 0.06734266305209317 0.019482346249444716 0.04770936709478442 0.0016052919566820686 0.09060936268025688 0.08911743234573917 0.04024441266534268 0.03342835187849753 0.04531007552669951 0.05191182379989181 0.04927872109016408 0.060299298747318306 0.019897103649911593 0.08403089970389005 0.06321264948429241 0.088515168260858 0.001987508712731078 0.03853710324454608 0.06617212959255525
40 0.03207509098138946 0.0858981714177183 0.07525905786247074 0.08438095581811246 0.043236883093989965 0.08539491638311451 0.03973543086066634 0.0718000500962528 0.04403910213428101 0.06040233903919643 0.06969886767820832 0.02036877514207665 0.031873971701257844 0.049508791868461126 0.0002935050132267362 0.08743637789507798 0.052226894289102134 0.00021571935281289724 0.011194275540873894 0.05496082383171027
41 0.022372035865653308 0.06953179267687835 0.05743840645823839 0.026112767530572612 0.07088037481073227 0.0013547641242150589 0.02596685472633673 0.0529239026762719 0.07364749671936897 0.040019735406719825 0.07296278442257392 0.08276695573216121 0.035463644795959176 0.01509456722678582 0.056293658144418626 0.04338815950674262 0.10090786393519499 0.08316692261343724 0.021842738261045394 0.04786457436669352
42 0.0005639496627176851 0.059549703953936196 0.060859499250703136 0.046872098737435114 0.015712991382153527 0.0851829701780211 0.003215105964592613 0.08101628350217929 0.08279586695965489 0.0839332050602327 0.02468046212492184 0.02742433049155236 0.061944950463204286 0.07960431603683056 0.08052279200954697 0.04491268663003662 0.0035313545550157777 0.05150337646457819 0.01544677820730342 0.09072727836538354
43 0.07742653253706022 0.039432664903483246 0.019819014814527507 0.049897922440420614 0.05576593038702642 0.04834188775976865 0.0294618008372497 0.026215313132317505 0.06906511559025093 0.033890916411134474 0.11251784147533833 0.06563705085254601 0.12425679992435561 0.0211514308202343 0.07987434185912481 0.06592415367065775 0.006886191227894449 0.05076559302813675 0.020498892088758578 0.00317060623971378
44 0.10158443114669224 0.0009095850038646027 0.006434304987751464 0.015879232934955877 0.0850166687657217 0.08937050726990442 0.07431839789937707 0.008185398330781562 0.04667562537401102 0.016345290020897206 0.00012379724295774307 0.09550612456651121 0.08722961953033721 0.0383152839293179 0.0995548524273213 0.07465971413137808 0.07134991919436223 0.0007010618501391283 0.06562418137853546 0.02221600401518273
45 0.059917044593047614 0.0612037357137526 0.0019328047298381758 0.010128780977571734 0.012147677091245862 0.050686777370367246 0.012986868550365677 0.049161340166345754 0.07775658075670305 0.0382951449139959 0.10300939691597673 0.07072987081852825 0.09296721616673508 0.08032845779565312 0.009267915962799148 0.10614125420439724 0.0155036472313533 0.049576394080469814 0.033697088566405124 0.06456200339444852
46 0.05839941101946078 0.006390552378565179 0.03370460269678223 0.07860228465340516 0.046350266940336934 0.06220976879359624 0.06806246057184283 0.036609733454961504 0.020112580384101006 0.0789445235098413 0.07992421865145317 0.0810230627751067 0.05255072285848836 0.006508414864888129 0.0602902930808911 0.058817836713897134 0.008316951831769295 0.08382616777493729 0.056412856174904394 0.022943290870771356
47 0.02200782485245092 0.08449480858727139 0.09288501178520285 0.005117619413127338 0.020480897185811423 0.021837665575335823 0.014913556806675277 0.04063922020570308 0.10875125406740657 0.048243015111125644 0.013747253117959391 0.08113286862014625 0.06468163646379933 0.10179672069527636 0.011787215089613617 0.02066357899348184 0.0942316280834654 0.08304545056802395 0.06595375269168546 0.003589022086438003
48 0.005385238035484297 0.06960120169097413 0.05612058882034833 0.035364368489004476 0.025773541609094522 0.03069565719822738 0.046272159927295144 0.011110260080347902 0.0031891118357377027 0.03613292689725805 0.07858314201739568 0.08320126969878723 0.06561862735271226 0.07248398924815395 0.05260848786804205 0.042979781804229636 0.0646715796606806 0.08371369871410257 0.0765996196495611 0.059894749402562925
49 0.0791096114793373 0.0035740544415477113 0.08834453541311457 0.058397021769578436 0.022746477292444767 0.08186618057967121 0.01906774214788457 0.07667645535230368 0.04087070219576143 0.010404172435804548 0.021140323313517315 0.04530378629862912 0.06782900738750754 0.06471076614712447 0.0674251899013621 0.07500525476174702 0.07117799363515417 0.05237467842754881 0.005735932650273003 0.0482401143696884
50 0.06846166126721565 0.020945485187493427 0.03512295207778483 0.02226695448048436 0.10131216421380497 0.09320874108434848 0.0886596493636267 0.043752463231488646 0.07482020787044398 0.04324884550111572 0.06942045705084875 0.07134913910537827 0.043134757759233505 0.029988621480471263 0.024553861665584827 0.0035116785648943174 0.019103090909976344 0.015159453678476775 0.04073281588543948 0.09124699962188942
51 0.03678682599759166 0.07044563426433863 0.0505635838223664 0.03544845955199302 0.0467234153083667 0.043263066514048897 0.08382899615897459 0.011987017854883947 0.0737179274808757 0.03407304131242867 0.06965052024946312 0.02585439513678139 0.04734786263086891 0.04512370249346446 0.03402964079557603 0.07018999295817886 0.05030175563860925 0.03681867436410112 0.059432425131787044 0.07441306233530152
52 0.07914793112966638 0.08536468755686444 0.022644754286165216 0.11430111419913892 0.055461859141787306 0.0125745157981007 0.011046560678132925 0.006818702423017787 0.10338067718780061 0.07974719350862469 0.10935707504758138 0.051565188472886415 0.09851503098318173 0.004918654836747034 0.0030922770666936632 0.03662282736751455 0.0013848226029491927 0.09837343488528831 0.025654373013779194 2.8319814079505102e-05
53 0.07391044958669696 0.08173308540667727 0.0028343671044409632 0.06108126269249 0.037764264354493315 0.05479015718226693 0.063611298655542 0.051154125095988545 0.025736616916551127 0.09707110155519288 0.09168277762335877 0.09670464182377825 0.06277234363024194 0.025071125343803218 0.027334826694406268 0.023596616556273615 0.04865334811193483 0.015466124982640432 0.01793137183479338 0.041100094848429615
54 0.03006420766720763 0.00815893514090202 0.04651911153595759 0.05431202457157812 0.0422593924758634 0.048133271609216245 0.039339643496546166 0.10014772565770044 0.0693839909194578 0.04960680179707124 0.019706578160420096 0.10158698517730072 0.013620227090758809 0.07527302227111833 0.051819599369407464 0.016336330741761714 0.0008177037354346323 0.039679646013583564 0.11735288486917775 0.07588191769953614
55 0.07072047218418125 0.03074973369971923 0.0814174553302791 0.05435525714111598 0.0031894456080572195 0.03377203281381258 0.02154942702628229 0.06084508697537181 0.08976729624608552 0.07904914936114861 0.03396841077462675 0.09286715498462618 0.08293619974229949 0.06880807131380115 0.013582553979464918 0.05161866245663838 0.09515592363324032 0.02923778536465158 0.004603651851838688 0.001806229512758968
56 0.07414912503708336 0.017566253528201282 0.08288998203899497 0.09595689237037067 0.0644993830516212 0.036661636391410755 0.07203955005206128 0.01889086278809615 0.007109080985680249 0.047145197843499 0.04606526280210772 0.051043799336843686 0.008166465888822404 0.0908657290516222 0.08831167737795992 0.019016460589012647 0.03677126201614409 0.04499322313713301 0.026802277675600505 0.07105587803773485
57 0.005272943284525651 0.09525318383169773 0.06464362581817328 0.0026193306430188214 0.009869179288613382 0.06630490215310895 0.09079277572693728 0.12793474170180968 0.07011430218722005 0.04922946780140902 0.0030296298156878695 0.00227742556278446 0.05812064620415326 0.02099884735238042 0.10019023307508405 0.0012561234119359073 0.03664548895650619 0.059517776398891824 0.01864988369161505 0.11727949309444705
58 0.051266866443523955 0.036581716634467354 0.06569649152586321 0.014286874525091529 0.08899602349504843 0.059170678389583224 0.08420632798840412 0.01591036538807126 0.08593924278361141 0.029410975559415867 0.06859621997471807 0.006743458518682188 0.07239081762020608 0.022778017194100875 0.03683592986316168 0.05024205865773905 0.03864273974387858 0.06271711518972838 0.02629113204484023 0.08329694845986456
59 0.06348324642450023 0.06861954893738534 0.057387702563046206 0.010001235944422645 0.064094335625778 0.07356088279602933 0.0632137453554455 0.08705271331571542 0.04359209404264073 0.050580129460149274 0.06587874543901617 0.0829644495095274 0.04449248635695612 0.017863475829102835 0.045248446957602835 0.04332299861258292 0.02943917631057534 0.04945687471313075 0.020672359601301652 0.019075352205091184
60 0.07131534614606848 0.015931817664600577 0.1279942656258293 0.12608446459221556 0.0005699355956405327 0.013633346708674068 0.10805580491720172 0.11225405082543173 0.0395289555604768 0.04551006944771327 0.02716016739703394 0.023440490816679645 0.004724655525260866 0.11619001334768828 0.044759522755909935 0.030215427002762717 0.0018711441596715873 0.035390795994640865 0.037029726684417924 0.01833999923208239
61 0.007064489394669685 0.0012436646263753262 0.08556845237604122 0.07425336077616744 0.00901151860062381 0.08398949036417855 0.07054693000481493 0.02717103517867526 0.05112688511326813 0.008401420029147334 0.02205980117602027 0.049181436878600965 0.09083104944621063 0.06501141194568424 0.0810825839453957 0.0793782221841991 0.07628154606433396 0.0712338798934086 0.038377028564658765 0.008185793437526208
62 0.023728926863058077 0.07673678667501788 0.08413833981554439 0.07366175309658712 0.02719085402727211 0.0014902252289708397 0.06092904760422465 0.0268913332645295 0.0715384735519397 0.012863898655034144 0.07914756055722923 0.01172548172527663 0.08034917360976254 0.07615058228338101 0.035872218494790026 0.04530893609894326 0.08495309118649869 0.05086529415939165 0.02283702837057215 0.053620994731976186
63 0.030046031793780095 0.0697651739290948 0.006683872204257375 0.07410609240075891 0.005193828115100881 0.024228471005827566 0.0771655622761825 0.0038313550934229324 0.07772513202729911 0.05800585437302229 0.06151364298672533 0.06409248744665913 0.07507294394345101 0.047905526731324186 0.06801951641029551 0.046942379146019925 0.03429717922039307 0.0775212090786044 0.06874843095985424 0.029135310857926762
64 0.009752321602260096 0.06371390694744548 0.09759518065758142 0.046156951482284936 0.06813815827200356 0.03783059665702937 0.06538911025465914 0.053711328049510454 0.06196622630005579 0.07435237120239377 0.006922314371313195 0.0622652623728073 0.06297803467349573 0.013008505552549137 0.04045226663606701 0.09600098152585289 0.004052977258212814 0.013925347995736824 0.033861634053353504 0.08792652413538736
65 0.08190190851197653 0.039456215968910836 0.10261840959378728 0.03386352173014731 0.013000943516055468 0.0877647063786195 0.021811211021544125 0.01528475167337996 0.03520511173100612 0.04287520863774113 0.02854430994526121 0.0014221907795329068 0.03905885604851874 0.06045250080092067 0.07196483089978425 0.046996349433410405 0.10212604427394908 0.08393200878240197 0.07375858261187661 0.017962337661175862
66 0.02967660540876 0.05685566231506881 0.025592961794544362 0.04283654823586094 0.05469570665106169 0.002294152397494067 0.03505179411237039 0.050221811899918395 0.03777502680124466 0.044247450147258026 0.08007037873318594 0.010529056382808636 0.06427145588974022 0.07170690653065455 0.07307009572723892 0.02883860370898517 0.08152259365872692 0.07900406753545697 0.06990055268174988 0.0618385693878715
67 0.11021358862097519 0.10578244878616039 0.044993211936886664 0.02513778478620553 0.017789058045933323 0.09242075835187155 0.03441017713784327 0.05325434227134855 0.004801744820772604 0.08743048432240452 0.03361676099331191 0.005554822857417267 0.06603879901845552 0.04806720990545583 0.06722911251022307 0.01132046054201437 0.0900109820134836 0.07103498833905005 0.015119384566249694 0.015773880173936997
68 0.01686118990589701 0.05481777754537932 0.08141522012561066 0.08112305333416285 0.022880698116740542 0.018517458826267662 0.05750441710160833 0.0770244948855379 0.02255133615824067 0.051275807933395416 0.015245865670866976 0.029887180683405176 0.08528430287341836 0.06848531210138434 0.04528165351371398 0.0353593472907168 0.06061949911306346 0.058914245866402946 0.05827288988083273 0.05867824907335473
69 0.045165564980251524 0.02316902865219048 0.08798683675146532 0.011364557120502662 0.022168617467002594 0.04461699976521413 0.022694594771470008 0.10002554446991538 0.03644478731113701 0.07751858045766914 0.026962553692049702 0.042058224503174625 0.06257416433854576 0.07235692138815923 0.03322807555440536 0.07961422871440654 0.09528043976759482 0.06682091317137742 0.02141327691718983 0.028536090206278657
70 0.052186983056011306 0.022211014716520237 0.06427135265504001 0.05803399534039804 0.08681184710160017 0.006661248447480117 0.0865934920906438 0.010604990594861297 0.02594217498931574 0.004272436149558989 0.02250762729879103 0.07760528732216405 0.10496401546913554 0.041115616007789485 0.0400936045749599 0.03748289010828371 0.1014219425120224 0.06060565421898898 0.08640235578466923 0.010211471561765901
71 0.07711508430292169 0.06166867664049514 0.0957652682176813 0.014233145122281788 0.09289756418372438 0.05753978479876296 0.06087525350629416 0.006971932914275865 0.09827265857042597 0.007898334052264228 0.04006308957185222 0.029188117673178762 0.03907802149353108 0.023838842137709624 0.05532347389941251 0.05718597039405362 0.08168276933441172 0.004044316859022061 0.05941564235990072 0.036942053967800224
72 0.08831839609785729 0.026739813578846236 0.030696929627019656 0.006687622860059128 0.09530758761519359 0.08405241733733929 0.08490284234737915 0.07492993773753229 0.0934792706483841 0.02262238273532751 0.024683367788329615 0.07886356198936743 0.02448731673557045 0.043464520291173495 0.04137475721969698 0.058893935531662195 0.018790281133512974 0.0253068143451678 0.0679507214555056 0.008447522925075031
73 0.019332812163112875 0.034216529348739776 0.010368520521834233 0.08247375705454006 0.05274282962315632 0.08874241624451866 0.03529984253900333 0.026813580163017475 0.07925421707391189 0.059850565618759455 0.044945439848434895 0.0666323339913059 0.06897442651544983 0.0403012345959217 0.058036717206906424 0.06442922561267572 0.027734174742673225 0.000592480649800448 0.031286729846876665 0.10797216663936113
74 0.023868451256966145 0.024345671183443825 0.011684983923740865 0.036611306613559755 0.023493516570279194 0.06728069845895635 0.06104899437047777 0.07783351978306095 0.082377742243763 0.07250146535102146 0.006493788069598464 0.07990809595751111 0.04659256382783694 0.07989754061085232 0.03966650579891304 0.016636018388194816 0.08897109275293988 0.03291656309899723 0.0734806664895464 0.05439081525034041
75 0.03366012291090345 0.06085064064246381 0.08405228741241749 0.008965761905188491 0.07514157227442628 0.008207453304949557 0.08876508401513153 0.0879726647776229 0.0015861470533787745 0.09041032221442545 0.08499595167598735 0.05105060805743728 0.003771164767905959 0.015725824837158894 0.0748742318055922 0.033816809697999314 0.058588785828926265 0.022494095472483957 0.08877172349269309 0.026298747852907933
76 0.014756030134556113 0.09022675046605853 0.010089483815053132 0.06409951686521628 0.10021447664704747 0.04445046724358025 0.07152816287999653 0.06542458253695692 0.01634724369678478 0.05166225398015829 0.03057182144239506 0.0366367478936976 0.042966451366274215 0.036935792528443784 0.10246786904252118 0.02612838757266413 0.01425264919027803 0.08890849580345125 0.04792784652711679 0.044404970367749645
77 0.03976651166599591 0.044149014453453296 0.10284164295551868 0.08589292036100266 0.04466976368897552 0.02130975445704139 0.03586138082183567 0.04652711049309509 0.06469066438224337 0.005045587638532209 0.07104951334699766 0.024492557236142912 0.10062791907615379 0.09029828607095697 0.07424224318988516 0.023676887489443185 0.034447661009947124 0.012014899793255145 0.019684893235478375 0.05871078863404612
78 0.05537104799914775 0.066866400571081 0.048350255542820804 0.07912379145654817 0.020657272905642912 0.08396619135682823 0.013930800637684936 0.07096788563328803 0.0829065049727117 0.06485195558584167 0.0046448956025388856 0.06801785582552715 0.030575757817164366 0.03302642256413612 0.013553718147841601 0.06851106890804444 0.043009222086801614 0.04997189145567218 0.021618830953491174 0.0800782299771872
79 0.04998107088101886 0.07514882129666463 0.04275734083852463 0.03448475108865847 0.040729900360874545 0.08117514699534455 0.06720241144761153 0.01628079118510578 0.01684968232787977 0.06229796736171746 0.06595414861588611 0.06802057776707121 0.036897680983352665 0.014085644768061433 0.06838125170111907 0.06705556349892572 0.027499261561730326 0.06784282313637997 0.037500315296101344 0.05985484888797196
80 0.056697578348317984 0.08379680609151827 0.03689307525894568 0.03475301181968329 0.023941091762659548 0.08299192334627638 0.0814698164108753 0.01848013329520164 0.04987830701167347 0.04256008368383378 0.05178953937521128 0.04216622757703336 0.03359139832049702 0.03525123166143755 0.07196004881092594 0.055002705004993456 0.029131179102348238 0.08369557632133354 0.04461391430680036 0.04133635249043389
81 0.08135045572417868 0.023508426793770715 0.06757946290328223 0.05460631265388174 0.019381650655804026 0.061181020434238266 0.05832322494028323 0.039398917432462606 0.0009742954678560729 0.06681184339163816 0.029621673697591385 0.04139487583984201 0.07527305120277465 0.05341274116599768 0.07496192514392572 0.05837548993471597 0.028635229149389912 0.04320270799476096 0.06848735602136075 0.053519339452245324
82 0.006201991365369552 0.02880598528665455 0.04774032474967033 0.08632091376003742 0.1319806305102404 0.024350297371730344 0.08758409685543186 0.0036615777546917 0.009491669434269292 0.09598577305763017 0.0010075718972279853 0.11025899899558277 0.12411660443625494 0.010966446700839145 0.06928194050681712 0.02074514230592716 0.01969202805572109 0.0528096368506554 0.0001007129147669078 0.06889765719048188
83 0.04171086592443468 0.03759598189246843 0.0552484033704477 0.053317063729124405 0.004450453437511534 0.07561828955432819 0.053203447288918355 0.08830442540598821 0.04629947878723853 0.028059090099644638 0.03432290265974026 0.023941869307648144 0.08467737730497603 0.03575257363692552 0.054500307912222136 0.07069583867738564 0.07622508433234056 0.07997600215425898 0.05396527330416916 0.0021352712202287478
84 0.03026761516603402 0.08951330181646075 0.027804594783531183 0.0395473552843423 0.06712654060489473 0.06984468003422264 0.007717716813211031 0.07831991609002614 0.03576547630488415 0.036200181786576906 0.0661345840559358 0.06352866867338165 0.01026848156671065 0.06768277979001061 0.05194935343062223 0.04016089768032844 0.08799248080110934 0.023626057307288863 0.06041868202881307 0.046130635981615604
85 0.010035568740594423 0.023140356120016917 0.09908065070164608 0.025470098673171727 0.10858792276306631 0.09754221471709595 0.028257460162141968 0.028130314789465597 0.09566963213860381 0.05841481050594318 0.03667166659746085 0.004020267856190584 0.09207785067262285 0.041004410113005686 0.00038268505077164585 0.10400341386908397 0.031933147682003504 0.03673631321670724 0.07617167201849355 0.002669543611914162
86 0.048986612729108585 0.08109361795642511 0.010532765837236667 0.10025497299166658 0.08042544292849454 0.029463379954269807 0.0030670201667278487 0.06740930329877313 0.010861693235618579 0.009864474816984603 0.0173476780244228 0.08366398560818981 0.08912517625256604 0.03077987976525235 0.10121008238167883 0.022052857084266558 0.07501643458044929 0.034702889198686186 0.03288843352106446 0.07125329966811832
87 0.09850892865948174 0.011883959912469417 0.05360825910528054 0.0898084252721187 0.02357392246481665 0.09102373958183009 0.06503486845304382 0.0021289114105254975 0.06766748300923933 0.04751968123118122 0.004875944538216386 0.038623908305360555 0.014914799048905782 0.013625019760728562 0.08082723386066479 0.08785341680878321 0.06401430636897727 0.08571654473197246 0.016369463624436878 0.042421183851967116
88 0.07067700331771977 0.07431798485070264 0.038270560606624905 0.04242542794875258 0.0527562563668702 0.04294543827675007 0.07710963765532877 0.002168033467881841 0.03481694053701783 0.03932726018791718 0.016113639380531387 0.05148895214319432 0.0361748342060689 0.0880649919627381 0.06746133466485457 0.08375061800716992 0.08295708313461016 0.01248766188471371 0.05610203468613119 0.030584306714421805
89 0.04794279470373828 0.03741260261248114 0.03679991850193129 0.045992629361165674 0.09641319405070238 0.08241433601825686 0.06331747142294036 0.0029773183097106144 0.01767028543250033 0.023168502619006635 0.07910075705338135 0.04999318550701499 0.09308193312687493 0.03403000876007655 0.10690575732990427 0.06270396411180029 0.008381198453894463 0.031784815851273254 0.03264127657422486 0.047268050199121565
90 0.09744447603684123 0.022867774939929104 0.01953198602496949 0.033929392755860995 0.12585097308498025 0.08947763378959425 0.013864252530880871 0.07617978376367314 0.03928529422048222 0.0032473067023710473 0.05128697196976918 0.04379659160213072 0.05356554509914894 0.030167896698224977 0.005570035966165981 0.01270196756399281 0.08188861959664877 0.1487614113734698 0.03240403206863542 0.018178054212230794
91 0.08025481654697404 0.059576611214332116 0.026167200363168032 0.07272586091267158 0.009496625912729121 0.033299031753893156 0.06534272593742269 0.06511091074330481 0.07361289073612785 0.023589183446793914 0.03088421000911088 0.08084321336214766 0.07072177967145098 0.03255303387656102 0.03880658169208931 0.08362405688128123 0.07725577945952658 0.013831061901616336 0.024614873304674455 0.03768955227412433
92 0.013967818409168083 0.04043352807070046 0.031160474826676002 0.05708670852121828 0.07417818765175509 0.013205924729801472 0.0777796875807615 0.09183142588603165 0.006791394939846334 0.05824448947796907 0.04465333567455359 0.05304025493175481 0.012577787694507857 0.06386567783761989 0.08869653097892104 0.04242438606880619 0.062251883017043604 0.0510382988761207 0.07357210535024296 0.04320009947650145
93 0.07923639976968616 0.025935746362901614 0.07631407281020099 0.05979301709619953 0.024033579098964062 0.08401793077134259 0.013250426084199298 0.073356449609744 0.06088509088213748 0.03399907492710704 0.001317916347973861 0.03383924861069193 0.03347205377845354 0.10329136724693234 0.049778251138849754 0.07683982949593487 0.004932471924385355 0.056480509363924306 0.08883422224573395 0.020392342434637035
94 0.09963181612469288 0.0762931388041969 0.045444299417921864 0.004226400648799355 0.010241169716973367 0.019141376172824173 0.08897088699700628 0.0890772917488315 0.05792916064567364 0.037048428073510165 0.09462103279533483 0.007686565919141412 0.025223823009656532 0.08765956446674839 0.08620321131177154 0.026514012923261634 0.06182314780672286 0.024624591028268424 0.010115874214809842 0.04752420817385433
95 0.0477029704862896 0.05210816287375042 0.07205662036715872 0.056948043235039734 0.04586317425778498 0.08105317554123688 0.018956716262755434 0.07210498884262176 0.044415590217529895 0.05814138229874032 0.05049290140829727 0.0671329910827318 0.03638545747348651 0.060495662430458785 0.027305568720074714 0.025178071668932357 0.05869842309111221 0.046914782686124604 0.019127802693653256 0.058917514362220647
96 0.07166299319701104 0.061225590865736396 0.05061248299249546 0.042040049591103835 0.08307220868218407 0.07940820781378234 0.014804964950155153 0.06548094165779356 0.011588242856752104 0.0573420500224098 0.03354332579138935 0.07715425709523718 0.025864410256966546 0.0506050904021207 0.05304916949784539 0.03411147236676046 0.07770911335869699 0.043072494024035485 0.04440992995926841 0.02324300461825579
