0 0.07468923337544506 0.036201817666945656 0.04159995440564729 0.003003009919079279 0.07696854047436587 0.005417600186121353 0.025348086658558845 0.005849091088061369 0.061777731294575214 0.057918192660418935 0.08483226849167873 0.025712309873423364 0.08555935506724059 0.050679167178857024 0.03285413988938409 0.06418728273658796 0.0852822282044256 0.08340244417379518 0.013833330377867504 0.08488421627752113
1 0.06666771893038463 0.08094717984744164 0.02470701423728775 0.027575744562717348 0.10139867562199742 0.09583791770523307 0.10434158715177243 0.08559346502743635 0.07308563529340435 0.06151811969620069 0.02249409637992781 0.021431327469328576 0.002002257882423294 0.020830785942163137 0.003980411264709194 0.0253544782919081 0.0167332661931299 0.09145912627765816 0.017068640352565206 0.05697255187231111
2 0.016748822567164333 0.02452211594391574 0.015734869864838134 0.034941305762433 0.07973730937293663 0.07295720327454265 0.05917603129036165 0.061743476740450165 0.05642269554245663 0.05364466557335275 0.07124648851723892 0.014225358181036079 0.0320642259789902 0.05212554100090704 0.04742913881179832 0.05519993202968572 0.09249765146005091 0.05906818630370483 0.047700768611748094 0.05281421317238842
3 0.04947032191764474 0.06518812848946123 0.03886013959033065 0.03626972355828776 0.07351186806610271 0.022177986493075515 0.05083406792124869 0.07320885602335299 0.08545069232959909 0.037108168130095175 0.04630462258710214 0.032438733670750855 0.00959129742669601 0.03617227708487627 0.09347686664636669 0.058168704982231624 0.06882200740530556 0.01417939184653603 0.10575329796857331 0.003012847862362803
4 0.006495525089418419 0.007530565071049127 0.059665898731330505 0.013360317547667132 0.0893528068623979 0.0922167736476326 0.062210341639251585 0.05650559444365553 0.09039852651762639 0.00813646052213896 0.08807111168443707 0.06411005432333915 0.022358522433542832 0.058685689894081766 0.07385228694604089 0.03136017881899794 0.050237367682008725 0.026808858442773247 0.03201040708858357 0.06663271261402649
5 0.0846155377511812 0.03613887643866862 0.030841689897030126 0.04545056127147183 0.014551650162625019 0.021278665139211055 0.09169012775687965 0.050877438015728166 0.057102570123387056 0.07548237308558864 0.048634015370829675 0.011946321144629757 0.02982480875687722 0.03203513020610068 0.03797273214502953 0.054559722900992515 0.06553906338007572 0.08615976274935148 0.0875578021668134 0.037741151537528446
6 0.07270619491412257 0.03474353424103022 0.08743124309109573 0.08029486790634688 0.07016499981138159 0.07731735986632156 0.024568398067724723 0.0057669229488375605 0.015003786237652339 0.010410164189534258 0.0653587147614102 0.051574151536503215 0.09832638850596581 0.014698593484975429 0.09631510939026028 0.03982288253280583 0.013709031219925427 0.013562864742586351 0.057829294448898665 0.07039549810262098
7 0.0014825095793317364 0.07678119104378361 0.07944497356287143 0.07409072716126107 0.051343014191807784 0.03393038796557513 0.02602608123624411 0.05566709645978357 0.07281663273070473 0.06862455755104128 0.04702145490401631 0.06751768614629493 0.04668939988795129 0.00498792548716615 0.05693731686144334 0.023323709113356676 0.05148577203428454 0.07608927375181318 0.027020882336536083 0.05871940799473295
8 0.01649322608588103 0.03438844380504251 0.02821677931137443 0.1087413650215189 0.04385569327431612 0.014225916957583917 0.08044398742519933 0.014426100525043388 0.045711707636165666 0.08089771042855019 0.0517641438225918 0.0039112373048430325 0.08094815515997551 0.09966754491776693 0.005578698116295245 0.025284449046152204 0.04522049351556751 0.02770769833536958 0.09978209602703446 0.09273455328372819
9 0.08161620252701374 0.07554207632341489 0.07205715929445683 0.05244292461317412 0.04924577732113041 0.024236431406043906 0.07107997953210216 0.0580627651854104 0.07011341894068523 0.011151198877324275 0.018182016099756233 0.0006176993457483758 0.06793254440976043 0.06382527309665005 0.05897460381198022 0.06980674461362342 0.0024009098578272824 0.01527963672655818 0.06736559872230283 0.07006703929503698
10 0.020270354962245857 0.0829633837650298 0.08578885132586868 0.05094348742451853 0.016735005457253267 0.012755275413909709 0.008756504674331186 0.0006965307285315028 0.0649363437384395 0.02601076019757615 0.061512943274026614 0.08755781306469552 0.08237383508953915 0.09838565515103913 0.06305349361533392 0.06933036113693256 0.021145981505215763 0.053732086901886196 0.044332508715797934 0.048718823857829226
11 0.09223922101675636 0.08296669940303872 0.0788635939339386 0.08890468234014173 0.01338929399331616 0.004878697361023038 0.04384134187443587 0.08580972292485904 0.010526322590119699 0.07005648583396532 0.038001942249952216 0.0617863281672422 0.01288307845312188 0.05067917689141774 0.028781781367804047 0.0013026012703518802 0.06771734639519228 0.07338598280834449 0.05707012337446057 0.036915577750518166
12 0.0922909887606498 0.03000747719149496 0.06639137589568274 0.07280645638977629 0.0821594072789908 0.09278670110190305 0.019966707052408442 0.008719741955967295 0.02086170221767503 0.04752650089207571 0.0052418024182034366 0.043911647948304405 0.0630687256450733 0.05461971001121436 0.0526862648537813 0.06737479745737768 0.0335003015734487 0.06999874043520746 0.06048189372547659 0.015599057195288733
13 0.034755961682823834 0.06971851521703389 0.018519907781910042 0.0958761416968459 0.005002509747719855 0.055999966807627186 0.0139799995315329 0.057559768403644865 0.05043727166067562 0.02847801288357215 0.09621715666300784 0.012955869663182672 0.019849238389781466 0.07797637254475367 0.043685031846967065 0.06792071639808257 0.0583518785881792 0.08986221236413647 0.0749723233198826 0.027881144808640228
14 0.03626558581460844 0.05151259519851809 0.08339352529893346 0.010383500305304126 0.08225065761138331 0.056371073297053965 0.029934768861846043 0.07264869912867468 0.061264376603537514 0.0677220845337313 0.0358928768743366 0.044071353241571506 0.08142837511235701 0.008110990437459902 0.07769467707507426 0.03367008629787696 0.004512016286850526 0.06293455352449796 0.057678174156209815 0.04226003034017441
15 0.013432717418358784 0.04969981801425345 0.08570757198452081 0.016020311706700176 0.003843830070198736 0.015561876648103774 0.00927580027142062 0.11043710211909616 0.01697368730396813 0.07175883584178384 0.0104854474998382 0.07892752176310525 0.08084102082930279 0.05471258442905307 0.0968599252129959 0.11485450090266677 0.01045940108785576 0.030419319970475325 0.027918597856293473 0.10181012907000908
16 0.002889197858721332 0.03792180679658023 0.04813011410831687 0.031281340424035256 0.053795091174073835 0.02092195451488772 0.08922653816453752 0.09339053462092851 0.09951481456134086 0.03817476035977395 0.028870246371802185 0.04752484095910541 0.11161973256236234 0.03282723049104852 0.015287138834722444 0.03646930521518192 0.033052798604930135 0.04187719005213705 0.11067107210488401 0.026554292220630084
17 0.052701202067587154 0.05823253157454618 0.06460564133062763 0.008892055922766587 0.0496872027613294 0.040623769413219685 0.04876098840088881 0.04038744190418197 0.007504977645170195 0.04015710916940544 0.09142790472700171 0.06772121187551908 0.037078121806666135 0.06859497596147135 0.08902521322040298 0.007250928817031459 0.08970618963020469 0.00907596616105475 0.04097310789064265 0.08759345972028196
18 0.050519525064484455 0.10608139826643077 0.06550195701567757 0.07871709469587265 0.019861383694491405 0.03285560000575293 0.02343537603975097 0.041607437077641106 0.027973991280827483 0.02517355486482409 0.02532426939532837 0.0897533466860819 0.0044558380562021395 0.07474976327210149 0.02295217520055584 0.061226141135599856 0.004951436868445339 0.09588545357740481 0.10103836200028504 0.047935895802241994
19 0.005729943143289343 0.07180628352003293 0.056548821120362504 0.06782634147914966 0.03094836169377709 0.027827728940156844 0.05191526056699344 0.00842568189779288 0.07069097029947505 0.020852503304778558 0.04306996586941679 0.05348847955052832 0.02998997690244868 0.05436592401860404 0.06343543595036943 0.0688725940809521 0.07638100114828811 0.07187377434980324 0.07013058944329127 0.05582036272048964
20 0.07139558384350474 0.02537471970385605 0.07421817152725857 0.08647259577110374 0.07977073419380899 0.006128188548366663 0.08777454931128506 0.042286212474100214 0.02384585413164261 0.07073849605920468 0.005391188106978583 0.10425583697101608 0.027287396319312356 0.030023721897392604 0.0073297385604282035 0.03519090869331195 0.05179968981020157 0.05629014623660547 0.024395477792954635 0.09003079004766712
21 0.0993195301598774 0.06602504098265079 0.0844073443778711 0.08509797428702358 0.09530491735474939 0.11059212850923035 0.013691634306987678 0.004106812340228775 0.04536007600015054 0.03531035679452315 0.026509113167029752 0.009733475440259102 0.032923970819997345 0.0017202036665802409 0.05484517335540475 0.08504440399060205 0.0008058990042015765 0.08311176492728618 0.03279830304121935 0.03329187747412691
22 0.010221418252351662 0.10480370798820936 0.11138788498683695 0.008089574984486717 0.037361184962431654 0.10271539678030009 0.028254468129673346 0.09784819123019119 0.016054222422627665 0.02621052523363656 0.0007197886526744622 0.11180597914514522 0.000747452362921526 0.04326256784205183 0.030133395736650942 0.024925010444519898 0.09213178062877025 0.04756169583198912 0.08103385928213637 0.024731895102395117
23 0.08618461937634399 0.08241753176189834 0.06645256404749274 0.08052119355966403 0.05631993314853041 0.03701813813627846 0.08217796667339748 0.047308806880337166 0.08567277267800465 0.0371873285205157 0.07415972891327836 0.059711224018768196 0.03727282255469569 0.028489398644975922 0.012851799380885839 0.002019833241181492 0.07100715492743837 0.015038739329263508 0.03142111321694892 0.006767330990100787
24 0.016422386162836998 0.07938508327479038 0.029296046184637464 0.05361639166227226 0.10374487766156754 0.09961622578746344 0.023002072995182855 0.008739996987526423 0.06573457921667622 0.06281166915921826 0.025223654211479738 0.04234992069428158 0.0655816663107095 0.07222381822380644 0.039976941801590726 0.036394977788955896 0.053473458273347214 0.01986523701901959 0.05235484632031796 0.05018615026431934
25 0.08243774075303151 0.04244597947674079 0.09837118857674895 0.03369259982336059 0.02870581737201989 0.0007937898112372678 0.09836415112161052 0.03328281230282034 0.012753705006157164 0.027380368664707267 0.1241957565637787 0.0067376537771875415 0.001198183537581264 0.06593621352970817 0.11169439428655253 0.039789008839165384 0.08782743050286787 0.09292141703476381 0.005155892660694229 0.006315896359266585
26 0.03534540503631427 0.10141643965946867 0.09398052035688026 0.07553014480960818 0.03010614497755416 0.011938162818732449 0.08429328822646891 0.08677697738810637 0.02017754211845002 0.06318290419863364 0.0436217469876272 0.10549132500323385 0.010597636490132248 0.010805855434753134 0.08119284042543967 0.024570796219665642 0.012617708054069369 0.06848328312790058 0.019399285057390133 0.020471993609571183
27 0.0700506713892497 0.008717639524171207 0.024753088148378385 0.027773403895040596 0.06455961035626087 0.05451130089722908 0.08543649134415485 0.0029186338474788873 0.08595589990588369 0.03460936422909196 0.05039931305504245 0.061826248436425 0.008332570373588359 0.06950597454568531 0.03713540392759471 0.05920288516670922 0.07360402420876538 0.055487202471724874 0.04386769836713495 0.0813525759103904
28 0.08865311802956727 0.058004313714254956 0.06658596387967333 0.07547908261943112 0.0712120145760502 0.02160668013922979 0.04180540982765857 0.079888240294464 0.020306847022120454 0.025162044286251593 0.0034452290932650235 0.03340620812707359 0.011697725878175698 0.08075190178148225 0.09094482491659855 0.02953616419362806 0.04233739423158365 0.06337044268307307 0.018445930951484443 0.07736046375493447
29 0.07081742780567458 0.07529125071056227 0.018471318203359285 0.09182374260815002 0.10278841649329601 0.0977446454680968 0.035457125207505595 0.07974223262175688 0.0011479757246691629 0.029116714063616402 0.029237763255245484 0.0465882178102589 0.08706501958941414 0.0012194475309865332 0.018949151252064464 0.08829178705343046 0.007088625206350798 0.08267352587012246 0.0363075524652975 0.00017806106014222597
30 0.025202103145304328 0.09653451402026121 0.10800490015820616 0.03165388667520345 0.06075943595649165 0.08089330963412422 0.008640379798871348 0.013820403245585033 0.060082482527576433 0.09997868391664808 0.006086607656746652 0.01280179314465953 0.08902678190240283 0.03688700922901179 0.03508696091434596 0.07625527812561757 0.0486019671813704 0.06990431086090032 0.033924857243018115 0.00585433466365501
31 0.07144841789369674 0.0996110651564691 0.05782406380157259 0.0003308037508363415 0.03290788753359912 0.09162948009966615 0.04608831205458801 0.04897436033287524 0.01925231941822407 0.04206425920116484 0.029397450056888923 0.007121729374217122 0.005459433224439073 0.07149512420703596 0.11238733144878289 0.07078098994291107 0.007514692713114056 0.05724380175094657 0.015193603041894987 0.11327487499707709
32 0.0535867620685932 0.026245009466793513 0.05248438843302454 0.0776394321494205 0.059746566378369434 0.06561849799237013 0.02044289857343461 0.02441232060848825 0.05144343863864168 0.06774081311996756 0.04861104807063412 0.08959548343413909 0.07046495403514137 0.05099879524478502 0.049698480764003544 0.07402427848265497 0.009533739511748702 0.07700995695584613 0.013073717283886357 0.017629418788057453
33 0.04880409825726806 0.07587527301605738 0.07205117225635096 0.058547129300200264 0.05876111453885728 0.04018037195126431 0.0775822036445774 0.07560975019942305 0.07519301810732774 0.036528054471960926 0.017933089799142116 0.06143538039345446 0.005178913543151629 0.04377991761918811 0.004376241476035054 0.030845790177041643 0.05500501735593594 0.029797119743533784 0.06076548286976845 0.07175086127946151
34 0.0796846686207582 0.019894000213193777 0.01804032687698453 0.07082536877419011 0.0702056411599504 0.019182641961860286 0.05200522215230707 0.047203855961455383 0.07586875807782832 0.07006731483699286 0.06961685704580363 0.04430259315683138 0.060987886961086805 0.035120911635340826 0.07424885550067466 0.06003793127736246 0.033903719306234266 0.06636549079347641 0.021831638826900975 0.01060631686076771
35 0.030494799233098897 0.07666537191382075 0.03228807802523119 0.012528873177142394 0.09171427996833269 0.06874192115116508 0.024297556203682277 0.0659331760261061 0.06166185086530929 0.0895185799993664 0.00512493898106923 0.026927758251585145 0.004446018047720814 0.061781266071218977 0.03355683378652945 0.04338717661076664 0.06426272693528916 0.10610520407822012 0.08367234172620018 0.016891248948145126
36 0.07539088142565203 0.020484837415354406 0.07663820475195221 0.024338337611175556 0.02406490242044735 0.029014778296645206 0.09734330109724307 0.12384818296872475 0.06514362079887666 0.03136139639079493 0.08537461498329177 0.07575915436399298 0.027766184357541 0.01979762340575367 0.04766600277986192 0.003728086339851216 0.013569545231416949 0.11222927059120698 0.000580136654849334 0.045900938115368065
37 0.02543656350066068 0.03718972860452177 0.02098416999080183 0.07986156094518182 0.08172719987110784 0.06917573728325278 0.01216489554786715 0.08823897598974749 0.0839462730993559 0.03646120412125298 0.0446845811897603 0.05997528942589856 0.05866264682836849 0.037268505242124904 0.02207283746249988 0.0040758306111494695 0.07711416132314186 0.025155294525613752 0.04205357418800796 0.09375097024968466
38 0.08012850092120095 0.05120753900384843 0.0414715631109881 0.07030957614600637 0.01054132185540727 0.02760701019647271 0.04583085743710573 0.08662778136647077 0.06135896584086913 0.002281458977590368 0.03086960884656001 0.006914508773266965 0.08713845110931309 0.054083733129408625 0.056744350766227004 0.06833035583489422 0.04160436335817955 0.0860432998774008 0.013511538345480703 0.07739521510330931
39 0.030842143491007033 0.005028045039764217 0.1213802116437826 0.04757765041582346 0.013433794826749484 0.015259686881788508 0.030247343903742053 0.04718600234320314 0.013428896940035372 0.08983249050917914 0.06300038408897916 0.03426221284607346 0.11970332997972181 0.05127819165185965 0.05925966027977217 0.04904760409291895 0.11962937890658275 0.021382746200323963 0.03132214484504802 0.036898081113645065
40 0.021684717884459838 0.028447853737561316 0.1032058642306187 0.08789957443341789 0.08128252156926723 0.08198719083801032 0.08442886477585528 0.010235602121025983 0.09676498035834988 0.011949666170122955 0.07381970412435615 0.022230963493392614 0.0664047103815939 0.08657365980376618 0.013850229204695494 0.06298673153494365 0.007254552560254818 0.04838061055533179 0.003380680538297369 0.007231321684678782
41 0.09210419635519157 0.056796476966016696 0.0826944233144077 0.07224495111192007 0.04085049509606028 0.08821759015959815 0.01842634418637643 0.038956986645545595 0.04142477931411791 0.044006496797369433 0.05492023413400744 0.049990723444293665 0.010948731633641153 0.035901573546242384 0.06529803423681536 0.03625264283236881 0.07867117663177273 0.03984249531703477 0.03705912188735435 0.015392526389865631
42 0.05559208492746902 0.0886136718781583 0.04352370269895528 0.06025211062745325 0.03056216163493005 0.0007294268208627398 0.009420731389814063 0.0021280246518301585 0.08492890256306526 0.028948798607442962 0.05301688156496019 0.0835473594131039 0.054409315811218883 0.04856736446762332 0.013674796628530403 0.035200640028397324 0.06419012140392145 0.0626701640582686 0.087979893984694 0.09204384683930071
43 0.06184062310333538 0.049085314296863206 0.0373769531858264 0.05382870072584562 0.044354681326307356 0.06444419048406146 0.08001974428814092 0.07376632400237688 0.09058144062732928 0.03471062975646952 0.048724656269102926 0.0913229551145991 0.021872280963953078 0.004941838082326968 0.08812004468195916 0.040107465789387224 0.04661976050750046 0.018650849969397226 0.019447645267242273 0.030183901557975498
44 0.00017312246060573964 0.032887554056540175 0.03353227569461697 0.09020379474336888 0.07224297234154778 0.02941920221187584 0.02063352402362295 0.050097693666882694 0.010253757653377155 0.05146766273862541 0.11136478627956184 0.07542511711324452 0.02728574215150893 0.02241584140989929 0.007693778576843751 0.03994787221909072 0.08530257597176608 0.09376055421669811 0.06451758064550554 0.08137459182481765
45 0.0874036543005693 0.0591048351797853 0.07205621990031617 0.022793482702771647 0.10260687949645465 0.014858193379883599 0.05111540655042103 0.0017611340839353278 0.09377385972568425 0.041334757308797716 0.09944531348896887 0.10100348217034835 0.02456335653681322 0.04057686453600492 0.09092488117875366 0.009130838542575837 0.016609537040402918 0.025995580620686295 0.029784047282723852 0.015157675974103162
46 0.05118677581494478 0.04888170715660456 0.036971098792838046 0.07899482333442 0.020552406278845498 0.042734143666258335 0.02213760349696318 0.0717753850693614 0.09289498985355436 0.11400421407048487 0.06490836622981373 0.029848993933463085 0.042721482209831706 0.03537776458000271 0.050569922663715364 0.03250754256009233 0.06087079943701972 0.0022567623845913425 0.042492461549166666 0.05831275691802844
47 0.08719277912994325 0.035726659025644286 0.07510839026244928 0.05599259098602642 0.04402462201327589 0.0012841149375775642 0.08753478758595065 0.007628057985815041 0.08493877800847201 0.052058090150209915 0.03879240363514453 0.07595605997379241 0.06543320925356726 0.02252517551988863 0.0039364197501300605 0.051264438798152026 0.04748494513201844 0.031434933702989554 0.07626750970514157 0.05541603444381134
48 0.08262093355936413 0.005070581907403849 0.029143249390888873 0.07245677676107529 0.04333219279855409 0.10339734013359944 0.0768107417590509 0.007052269687613881 0.10554480586091808 0.0989641708538879 0.020831396018120046 0.08895484284947598 0.046682647749094676 0.05165044745263743 0.02188567175222481 0.02244297170335569 0.004138177902155032 0.04954623730411869 0.016429309206533613 0.05304523534992732
49 0.0375752425261157 0.07929211207877235 0.018237096936695365 0.013087361705876927 0.043276451947226936 0.04650640770506459 0.06925987086412747 0.061646222567441435 0.024758567508601483 0.0002538174184047804 0.08065754531678859 0.07565409706591422 0.048517539564652046 0.08969260330691262 0.00688454014219763 0.018272897297509826 0.02772984259174754 0.09514372100575234 0.09228424979848696 0.07126981265171127
50 0.08722753598920457 0.05004262789467448 0.002412466492394836 0.02355887707623927 0.026401367244224313 0.05899400496266143 0.05295018143060536 0.05014930824396059 0.07411317948962749 0.09121425558528817 0.0763020796504105 0.021155626126754458 0.07410352491089822 0.07808814948568851 0.09376776897030877 0.01987003306051425 0.026256779420694553 0.03123045158134057 0.02932242638596849 0.032839355998540966
51 0.05326753494845266 0.05389545093201845 0.056148108095488355 0.09256361563673048 0.0032975007493038075 0.09111047582412023 0.006226074396268149 0.05229075152372744 0.061857760112983544 0.0451535951208705 0.04197939896968771 0.05111822357094503 0.0158311396065604 0.0461981705857783 0.05379876492665917 0.06687193104404124 0.0288922140214506 0.045614222404311656 0.06671249046405706 0.06717257706654535
52 0.07348272442896905 0.0016346950262559382 0.054710960069993264 0.0759185479086148 0.05657033632231454 0.06170385872634328 0.02949505893164397 0.06008401110676846 0.07432299708180254 0.08191921112456446 0.010019727192973489 0.07100219064943546 0.04802022197661241 0.0261378159480194 0.0580262941395654 0.08309845111811176 0.00021369652008833127 0.032590532053360786 0.08322535702698196 0.017823312647580667
53 0.042619352560772074 0.07576195618793335 0.050294510654684245 0.012405332131946004 0.023883528330130993 0.003523155355401498 0.020049062042429178 0.07503764351581266 0.07195885674821768 0.060485067681417634 0.021005182012562525 0.05476975356912816 0.04765838395093487 0.053907748803679136 0.07390273524276945 0.054408275479511735 0.0739270472673573 0.04016147111425291 0.0770555211230013 0.06718541622805742
54 0.02942771221990993 0.06302723592796476 0.0897375618266684 0.02464760704740671 0.028315957725875945 0.07884169194250246 0.07763183279028193 0.03622583975469447 0.09084239541099787 0.050442832152930155 0.008767202978294562 0.03009715601947292 0.07440111243985457 0.051592258719503646 0.0548532512711656 0.004101133418318267 0.055084266515641356 0.016673638022760034 0.05124898508160075 0.08404032873415569
55 0.030777139688783824 0.037872273867888114 0.01465265697590629 0.0432170487630454 0.0648265840192809 0.08194070530506997 0.1010280055633592 0.06517710834470827 0.01896937041769259 0.02270799065222927 0.06879447163298215 0.018954010062732052 0.07378292840178254 0.027135120072863138 0.0007811659663787635 0.08910805615027233 0.05801045759292233 0.09720815057817234 0.025439679770737543 0.0596170761731933
56 0.03448894543963413 0.03333862131674818 0.08359908060781067 0.05345996608118114 0.035022726872656236 0.05785687304349164 0.02407348487229185 0.062154136910847015 0.07194463409546295 0.06559044717436059 0.03172014908743264 0.040814468676079685 0.070850844629558 0.07449301876135916 0.0022422119279111403 0.02967845816928455 0.0434694451365418 0.07299736598620071 0.05516093980091481 0.05704418141023327
57 0.008611284176893014 0.10383644299385959 0.009435721790222461 0.025464862433057577 0.015547475126895036 0.10777807494351908 0.09763154488037588 0.011471023075718323 0.007729966705588756 0.10990569324615099 0.0009057440571899989 0.10156865729599787 0.06202982290909935 0.028322209695595447 0.011540987227537838 0.008241344576124897 0.055873814886127984 0.10954723321508147 0.10967650111409377 0.014881595650870631
58 0.06402257494055724 0.08632323215948295 0.0839370590672025 0.08209957860434407 0.059311707199014845 0.003959387391475187 0.0003950510607657845 0.09829548267756891 0.013585060793776381 0.08908282202403649 0.051860317932469036 0.05096953607207419 0.040349855779825694 0.014778898510604679 0.015435974061859837 0.0035283964004708345 0.05836306633236701 0.03609073368547181 0.09947319570619982 0.048138069600432924
59 0.010761786530586116 0.040804050297016135 0.10768067486232465 0.003072982156346572 0.05512491812206438 0.1078110810393723 0.052633753601733585 0.011822248867930497 0.014997504567338279 0.023396785133717235 0.05939076353059893 0.06892674189164015 0.022216176721912617 0.040489024378002295 0.0424682748289163 0.03568219907664511 0.047073051021391615 0.04092663182652603 0.10961938802322367 0.10510196352271348
60 0.005977049814000705 0.0036150542272290467 0.04068253661127975 0.04102805792657432 0.05677669230876581 0.010076884613565828 0.050952187407973255 0.07036963847995177 0.019779878806506744 0.014751886828226236 0.06166705954536057 0.07891759738046644 0.06704794469042488 0.09738027713518846 0.010503980409819612 0.02974155304802044 0.09654373076306255 0.07149537765306792 0.07180564302627683 0.10088696932423885
61 0.02815896037891409 0.019725148968621545 0.022400041728061714 0.0650770196439586 0.004899580135338722 0.08545458695332558 0.0480057826219368 0.09923765245977186 0.057164688590753916 0.015361619731223792 0.030540713621291123 0.0800400752908212 0.09842368205462465 0.028128662093586183 0.08718020428016977 0.018372417942984408 0.042349243069943095 0.014912556263222073 0.07914554417697219 0.07542181999447867
62 0.04762738133251199 0.05301263709065539 0.024564273371163788 0.04010637301740432 0.015901099222222825 0.08619682159741864 0.013589108339350694 0.09453861598286722 0.061921426311481356 0.06233804748538036 0.08250921250884917 0.07387725399716431 0.011475199837833941 0.03595496550283262 0.04488583108588479 0.07819559472911015 0.03107136230347894 0.0838604530551907 0.0167895640551373 0.04158477917406157
63 0.07293447500708433 0.07167389088137162 0.06493196262300677 0.07381550352252875 0.07334730569351366 0.04979056018182097 0.018453973913243382 0.049209942733070826 0.02350154295408701 0.03338568211185119 0.03542553273811739 0.010986854376072597 0.07949882263808172 0.055748572699265066 0.02171852944692055 0.07571399393920604 0.051887634997315496 0.007727958625654993 0.05840576609050408 0.07184149482728337
64 0.03765568768605204 0.005535419977537136 0.1046346329845612 0.10487500276713582 0.07998285351733189 0.023599078657371576 0.09161760781262841 0.0532278049059118 0.01587806277455629 0.09240644995543358 0.014932752164900061 0.10920662744650053 0.013751349504108328 0.0639470522337106 0.025485110675062754 0.03537140286359846 0.0020747441240160126 0.060831860636516126 0.04053282815770357 0.024453671155363704
65 0.04142604273752801 0.003677483007771886 0.05299050311521644 0.016875599218974333 0.06903895242812788 0.09531870816324171 0.10817879087998442 0.1138495742855502 0.045155629642819856 0.00246625465303896 0.08290894908414156 0.08755029828981506 0.02370407674323346 0.07896568694425331 0.020321865748154092 0.001393764475497972 0.04299301668335755 0.02783878890909493 0.007084277972323129 0.07826173701787527
66 0.06988916899842978 0.042286134293562656 0.06666552906232633 0.04452777347880222 0.04280872425213705 0.012516212827285182 0.06856710413464928 0.08094711872168164 0.03146028801357921 0.06907392479532579 0.033510467142197714 0.06130688172259551 0.012648116814415517 0.07167079898488955 0.06859549605187688 0.05547450497731696 0.030788219344280852 0.06910577232680554 0.023676376397138144 0.044481387660704225
67 0.08096609789876785 0.08985589051331669 0.05876203457975875 0.027492148528887362 0.047249564597675486 0.05319065003034047 0.016689262568836984 0.07725554434466328 0.008856382613085417 0.007664227962113184 0.0017944385975562757 0.08446357123035586 0.07511545855750092 0.09150251999969532 0.013487180146412042 0.08322343470765513 0.013654069456142406 0.05058956806917031 0.07617718022623822 0.04201077537182783
68 0.005752352269188489 0.0964674499839509 0.07445732099888545 0.08477815060843627 0.05519159977191862 0.038516586625974694 0.0607054337734682 0.059421274054434314 0.08846705527819135 0.07236430823143296 0.037460282002499 0.01735977316915003 0.01176602048996329 0.013898320468076266 0.010953552302136056 0.014769897183002588 0.05098945805463849 0.03131821375705904 0.08779577379942992 0.08756717717816404
69 0.06959871546024156 0.05972148469514995 0.016754800645208727 0.04721783123740958 0.058699100367572865 0.07611180616000641 0.032755658465209204 0.0045419970431613554 0.06728533975270162 0.05081138944118912 0.06449775681423264 0.021281536443222462 0.011076369561927223 0.05762260044838944 0.0387453239086633 0.03994772218851863 0.059666516617587 0.07048197545144204 0.07659802448584106 0.07658405081232587
70 0.019340541685953963 0.08887130958219723 0.04723764963571504 0.0014419856980822591 0.1019321901075385 0.0897106434678865 0.034372980986629734 0.0874316607830164 0.0826652640038246 0.011024850801946038 0.05267354759552281 0.050736043197231455 0.008276397015325645 0.03073642674890878 0.08867820951742554 0.07797563687849636 0.08596632057435728 0.0068736065567874885 0.03050993390991849 0.003544801253235777
71 0.03556419060172996 0.07522672838635781 0.08852827044597711 0.06950879474038035 0.018450726767001945 0.0074300647817652 0.08348797121355186 0.07709540164156822 0.07944375243744727 0.053765800877464374 0.020568935299085118 0.05653785049882444 6.016804991525417e-05 0.08105764448678707 0.04198311920198878 0.011966404103353171 0.041366471087038434 0.05489566032658185 0.04945350017462071 0.05360854487856125
72 0.05160864690873533 0.050200187538466265 0.06116887615055967 0.010409141061666197 0.07076802011456626 0.05965332293832128 0.06561254509904235 0.0869987200125315 0.06032800831549451 0.02870492195979481 0.022955342264582183 0.03199001961575321 0.08228052167416257 0.05571316938190822 0.024544832800384615 0.04226151694247372 0.047352861696754116 0.038848536673443845 0.08104620570195513 0.027554603149404177
73 0.043827006895136626 0.050580348246069884 0.05161087759573809 0.09082911396793958 0.011584288908834148 0.02980553110351451 0.031156835504439415 0.032073026182793264 0.02451139390450669 0.045358977297823073 0.04550821211557186 0.062128258796789175 0.06792513174673755 0.08201128332560526 0.09086368090751842 0.07689190869206908 0.03139230644250212 0.06637987886256727 0.04456124973747412 0.021000689766369755
74 0.059975112107159445 0.027315357067346353 0.10200758748898785 0.05018403887907738 0.038670083888921944 0.0344451651181355 0.036132277596250664 0.01784581008099206 0.056488412049642715 0.03810789858043116 0.007085734126376342 0.024559679771741345 0.04865790311334295 0.08126902574101828 0.06294432663316585 0.0852271175695435 0.048576340678870476 0.07261917194152831 0.08130497892668773 0.026583978640780083
75 0.07957089471116943 0.10020420404276446 0.03839138699986587 0.08585495121507357 0.061056392756374256 0.03616312602084243 0.020311993557530605 0.054734677071334156 0.04299080738057122 0.02412521734042814 0.06506997346823842 0.04835135992622181 0.02320228766527745 0.05786414522865505 0.00880989219981872 0.0821582121676511 0.020244605039713988 0.07594995153709648 0.01962867955614276 0.055317242115230154
76 0.0434305061708926 0.07936885088654742 0.06483080593020599 0.03559331138703896 0.03454597229478856 0.042246325582055475 0.03657473954578201 0.08036574422229834 0.03873753520438751 0.08560665503124568 0.05303130164954289 0.0440875027651067 0.016254821992783997 0.08699127146506293 0.08921403081242332 0.02218593331652661 0.07522680587686068 0.023129847151214914 0.01347476607333383 0.035103272641901766
77 0.06103354534857814 0.11324453619458398 0.0869222991765105 0.05173760722625504 0.1120161027778797 0.011386985266946205 0.052741467678516764 0.02746947427970232 0.027051088592685086 0.025942017679486163 0.004567805002742638 0.08379989083934049 0.03377015725368823 0.050876739454962586 0.0308779593900726 0.0821991096088181 0.011726638876506115 0.012238179304305544 0.06366406960117356 0.05673432644724608
78 0.0589834955633055 0.036062483879965974 0.09436622484272844 0.031048576834626754 0.04674754682360378 0.0944222591668418 0.03657889064483016 0.09743795380356779 0.016765396786326162 0.07964392279922491 0.03130786819315195 0.044990057926537735 0.048396425686279464 0.05121811205398734 0.09600895923811024 0.049458316507801116 0.006878756807899789 0.045627571480396825 0.0007293623216565049 0.0333278186391576
79 0.0846989226786204 0.03419849462127407 0.10742525966269197 0.08642920297765627 0.027173471933396136 0.09506077586156259 0.012320485783775462 0.03446048061782068 0.09145122431010325 0.007715581147288308 0.00887538694014278 0.09189275177322888 0.04096278419605689 0.03768912797369649 0.0036221456742915755 0.03902707457785197 0.08064546760874033 0.015449284822188939 0.0263974114499661 0.07450466538964685
80 0.021471533839429756 0.02713391011754313 0.06453749730108008 0.04309699639365458 0.044257403916772284 0.00154397829002139 0.03224001792687973 0.08161964634572932 0.08830167549601436 0.05821602349260554 0.004323649526491127 0.002542098505464483 0.03849595818558683 0.09319498205002319 0.07002344123372109 0.0146250430988567 0.1029622686112644 0.11917920923837563 0.0672835907955485 0.024951075634938057
81 0.03529131732201404 0.07009346266415818 0.0727638677693321 0.07384593369745397 0.02026924326735161 0.04572744796250978 0.0524241470257065 0.058925899730563364 0.03836570526543466 0.04318297857436446 0.0751980053046414 0.050296127293807565 0.038452695742392184 0.07985519705898636 0.007336535599557345 0.029135394775590528 0.0036058455666230613 0.043072576471165254 0.09479737432804487 0.06736024458030285
82 0.0012596771983077472 0.06228819453967268 0.05922925894809249 0.03352269630385728 0.08222187932274448 0.022210734649528732 0.0966880220391871 0.08466553326813196 0.02644775152709187 0.082526679264472 0.04305640183086728 0.016966268856954545 0.06961842464233181 0.07464177106653253 0.0037207829789702475 0.049172636228686416 0.09702075103814771 0.040595512687680434 0.05380696519328888 0.0003400584154538765
83 0.07142075428205337 0.04856786178366968 0.031779013783610706 0.07547555988526551 0.07733325508422996 0.048707386312787274 0.05000700170836022 0.0722371943318283 0.0053273371166187205 0.06434609722766062 0.07745374419916003 0.04061863622960961 0.012929359579185602 0.01865420740259004 0.07620541657670026 0.08248032830690234 0.04991930516373596 0.05228777335109817 0.013235524750041581 0.03101424292489204
84 0.08547824241857259 0.030774705868141756 0.058533048150077906 0.05676928998481529 0.03143951913764452 0.06613914469344347 0.08866602665867473 0.04482363416455694 0.05754646995440492 0.03967667610334368 0.04067318896661911 0.032067385721563854 0.009544115973153008 0.0637431401960204 0.011228484455288961 0.0937131051898345 0.07858788269896604 0.00992397639569586 0.003311180382821452 0.0973607828863612
85 0.016614432295202562 0.010553040224655958 0.046941089852159244 0.030598171262045146 0.013799066940809327 0.016192483146189218 0.10064960249817191 0.05282526016350467 0.09556178048715604 0.09466433189773667 0.09528893549540461 0.03908937727210211 0.09045403065960803 0.0701342157226494 0.0007981373572441173 0.01581628923473211 0.0790874637824255 0.0042003545683621055 0.04884527111071868 0.07788666602912267
86 0.0315356938700039 0.012578143099714351 0.04081405428378964 0.08447043365191434 0.056830278366962125 0.0014232066122162748 0.07377291478352893 0.043841228142817844 0.024947271718597664 0.02431501299260786 0.0562670921481803 0.11168988406440396 0.12325039700954067 0.026585027541518244 0.04729754564450541 0.11937139459131253 0.04807844304253869 0.030233515558420895 0.015424384637736472 0.027274078239689806
87 0.1306763673142957 0.03443754807976183 0.019870662674221294 0.0491848226786267 0.03564301922594399 0.040923498797283 0.13547140967156354 0.03150346586891969 0.01061985794137321 0.07880460371755675 0.09960376513461582 0.0953940205297881 0.04546384466254867 0.06234953026889815 0.08503281343119341 0.010547819243038842 0.005053803307212208 0.005958671912701911 0.01490212374176305 0.008558351798694195
88 0.06072991303455701 0.07408784338927354 0.0772330251886727 0.08691066198163976 0.016652226232408324 0.03398866894032504 0.041335203684634766 0.06820239129615893 0.05161701791202114 0.05720486116348834 0.044837421060238025 0.05885546317037828 0.04758300152698954 0.002626906412576506 0.05414455567134511 0.015707068028202223 0.005256981019959131 0.07913553802148154 0.03613582564727358 0.0877554266183765
89 0.07966206726381796 0.07761051132970515 0.08736141484198431 0.009660997013691068 0.053719602342545046 0.03171811703300365 0.010357124515355616 0.05762915815909285 0.0005347435302360954 0.0289519423411132 0.07565664105602339 0.0841448975684924 0.03206749419176182 0.07159609374307972 0.045259902209733416 0.043403891777845 0.028734853366426297 0.07180356529961732 0.04512090381842891 0.065006078598047
90 0.01734779674451709 0.01989909205602414 0.11865560444308336 0.052132260854725346 0.0990705643708866 0.0017198295784938953 0.08596571562026888 0.02654190579409584 0.12049702439791261 0.03578567529204622 0.0035287967518434875 0.007694883912614555 0.07529449829131697 0.02531191162663083 0.028522257767710252 0.00150436817340443 0.12015136778153088 0.04562814189874768 0.05453254339530222 0.06021576124884483
91 0.02087499866023358 0.07583103553055219 0.09421267538694955 0.06851016425983576 0.07794787091566865 0.02153645679566554 0.08496003069653854 0.024061233185673114 0.0170751738884334 0.10476206215666548 0.02428139697752553 0.012970396413681681 0.06784852899161786 0.03627071706155764 0.08055490302427908 0.021759512258479004 0.012892454148126434 0.057744028191339065 0.033161566143764164 0.06274479531341397
92 0.06407017222577503 0.028981467091029202 0.059924063559802045 0.04951661048821178 0.053880156971325685 0.055670222224290564 0.05365209533002574 0.08984903857569901 0.061182792366060536 0.053944127727982606 0.01665329714771774 0.03553265574978949 0.009175427798944334 0.044588264881981615 0.07261704614740569 0.08273786154453061 0.023279991079673254 0.07770769295099125 0.060204396415519085 0.006832619723244752
93 0.029781294045194844 0.019736351747120563 0.03129095468594774 0.024237698892366304 0.07797372701907183 0.06969153481588494 0.09672488388592222 0.05428204876809876 0.08984875187259288 0.06426150671617932 0.08896968405639831 0.0034966925809899845 0.02710337088509984 0.037033108440709506 0.06279876375735424 0.054056920686100546 0.10523512616083623 0.0307156419301767 0.009735030599689672 0.02302690845426569
94 0.07496366078620662 0.05521348718330502 0.06795253671630636 0.03429129624889795 0.03535874198657798 0.019048876522482182 0.07395201935281949 0.04964038010533314 0.05728104257127962 0.04612641801191726 0.026531748239983114 0.04859099564097504 0.04747495979804219 0.08860088292878592 0.01261233702189881 0.08861159012350249 0.044969473561929776 0.09270095455091402 0.009134680309461489 0.026943918339381395
95 0.08394496829533105 0.04226788378309615 0.07384117479054784 0.06933507004428276 0.032407835493539296 0.006899897670925541 0.030217249612708105 0.0669136309055897 0.03508336188403287 0.005890436068235189 0.06373481800060876 0.04581501095817181 0.0780962299447005 0.07781235285789641 0.06622896812421898 0.001995098675915448 0.026760060671171225 0.08175560838252914 0.06202317605435016 0.04897716778214878
96 0.03667061310857718 0.001776573792533223 0.06730930400387827 0.09173663210951064 0.07705946055655345 0.019521296986747164 0.023010155402978853 0.07906251776826526 0.03792062526855136 0.0062789526952021476 0.005735419986848098 0.07800472412075647 0.04379208510307868 0.03813046752167859 0.07046878992657953 0.08824810443778781 0.06667890613740232 0.04432486842897299 0.04197220133420778 0.0822983013098901
