0 0.023928243437252826 0.09173739092260799 0.06621689253533918 0.09700400144799218 0.022866773665852425 0.07537491380916442 0.11563903629467737 0.009990075419079715 0.025884501900206646 0.012996108277437232 0.10233974053036538 0.03359664405354472 0.018130209769185137 0.0028069129291630195 0.00520697317015927 0.02751466750353615 0.04229786842028892 0.08572324914466704 0.00807698996838967 0.1326688068010906
1 0.05086463937527825 0.027231144103945625 0.039856191995965885 0.01068664596256215 0.0799961548680114 0.09563050570949712 0.06365356243434465 0.008534261431147869 0.04079389670362297 0.02400986703789701 0.06679465383974713 0.00411700593237403 0.07086711859036939 0.07273558872919118 0.05662334055235967 0.07041209485912311 0.02117971621755814 0.06443522091166176 0.09031569536040182 0.04126269538494078
2 0.03516582866295543 0.08431808649493173 0.08193934781559487 0.08728170790795649 0.02973265962271095 0.017839664534122626 0.06710756789208672 0.031658190487231765 0.044151530668635974 0.02908768429752767 0.021534173044822302 0.04268874183812601 0.0498087554987581 0.004128081571835105 0.0577398234396395 0.08258677977843945 0.0833652707130455 0.09201674231750212 0.01505655216111249 0.0427928112529651
3 0.0731305631814603 0.029608174397747485 0.09367957297573741 0.014381781210061097 0.06636954591340906 0.01607331478397902 0.06595630502853032 0.015734089810005257 0.10194478349497621 0.0688266384085874 0.06649064798453846 0.005433139250677232 0.09293831037261278 0.006026565420095191 0.021044144220944902 0.058516063117386274 0.0590719547338646 0.021794720593915136 0.030442138682393528 0.09253754641907855
4 0.0013133958761984768 0.08215535074168842 0.026172773024640123 0.0833477471860349 0.07130560752208324 0.0879534838648991 0.10844027591416561 0.03267028091546198 0.014941381012498622 0.013489530372783064 0.09548636141978321 0.014216291154301326 0.02990950218391849 0.03796471150928156 0.042088898307996045 0.01545421909822212 0.0539687745248092 0.05771496043744002 0.07495129425233106 0.056455160681463314
5 0.00701035154822607 0.05903110835846835 0.007542576004269566 0.04618352130117984 0.041691479190975836 0.05600030157723506 0.0019501753734913042 0.06241525404678392 0.08958035602469731 0.08911359221865085 0.016341709355402176 0.04171212571016425 0.023911124220157714 0.05568065006164906 0.07258527669692375 0.052139197321607676 0.07128038895019423 0.0983983521532007 0.051211672906778374 0.05622078697994398
6 0.03435103949307444 0.0016811463517248917 0.07501990713800534 0.0705481183326364 0.06640335348953437 0.038763224319446975 0.057752904534942084 0.03624577299887935 0.07651099383198992 0.029584627845961303 0.056844189380241716 0.06476743948599985 0.008320313831600316 0.05310377381542232 0.07632577919918876 0.04880918163481302 0.05018396157201592 0.016440070513849842 0.059985867973473585 0.07835833425719967
7 0.03944696120773982 0.03362833387555526 0.06036767640039958 0.07189563909777888 0.043371633874713655 0.05758157290744642 0.07729420432176697 0.05252700422364424 0.050138054040440805 0.06772506086589003 0.06029278207857184 0.014142101472825304 0.028005807424796025 0.028425316935526853 0.055331530480561816 0.08843014556754766 0.034197929323689216 0.016401464702812413 0.02824376621693411 0.0925530149813588
8 0.05472543461957183 0.07266190617574919 0.04423394757677078 0.044567694816231476 0.02110735570964847 0.06784205242715598 0.008955320499875352 0.02893086525758515 0.05643380956001057 0.07136626875848207 0.09314494289084756 0.05709423733968425 0.05262134453256612 0.07567021927379736 0.038885910530519555 0.002086096076295185 0.04414105870021286 0.06440612656977202 0.01999132163397487 0.08113408705124954
9 0.07423119697217329 0.011819113784152548 0.024200508174505194 0.08987671553312553 0.0593459460027537 0.06498964991894397 0.04756633307752444 0.03918960303684481 0.09433995481287774 0.046283727722697926 0.0685740099925777 0.008142324348356862 0.047716115297583836 0.0425211232677166 0.05814938893870374 0.026503508222024973 0.004323626034655605 0.07957483347069426 0.03039864203556315 0.08225367935652433
10 0.00026472588085154 0.0564584683404911 0.009346022453497414 0.06299129038614866 0.049631297301800756 0.03466879940581434 0.07951050896895302 0.07032649969669645 0.014792663076763544 0.038908586262053506 0.034390311093098 0.06597882604013289 0.05822356309093282 0.06736306836669102 0.05219213087138674 0.02343677908775875 0.07762885933535794 0.0814379668494731 0.08461714198747575 0.037832491504623
11 0.05285992579604674 0.09195138782158337 0.05147964388904147 0.08714204282005769 0.07758729293694248 0.0181097782868586 0.02096299332931451 0.05605658925238137 0.029042658855700943 0.03277748128036657 0.0077757361730136955 0.008379642595831214 0.08867321745239405 0.035222804779425236 0.08159696352970792 0.022475405668781735 0.03946553713049438 0.042975676378184426 0.08228326058347017 0.07318196144040341
12 0.0008428218418113072 0.02263629000144202 0.09114977641252876 0.07211889062081438 0.08531252404982784 0.09447045754967873 0.006172553776800869 0.02304626950433162 0.10040987431208108 0.016608862926766024 0.04242991675442282 0.007681674322825708 0.0834484512583971 0.03384783217370346 0.08944589615981804 0.08589621147834266 0.0008287501038357736 0.06499363255779357 0.02197882115805144 0.05668049303672669
13 0.002720986283598706 0.06686499710353874 0.0669735376883227 0.020914355293086363 0.06924414764878994 0.07327833370100195 0.07529715840610901 0.08844008561117982 0.05431661618379479 0.10833710615205064 0.033158469358161295 0.006633201962868258 0.0003464495006943596 0.06438742262756621 0.0051176043006002665 0.04041791918696915 0.018408005112384343 0.0018889963312670633 0.10839991081604641 0.0948546967319701
14 0.08477433443882403 0.08453508516534115 0.06987155092213071 0.009037948554567389 0.0012772576644922513 0.0075680148396701325 0.07091638408096208 0.08151772078909278 0.09599718206421456 0.001972741162255867 0.06614160920639874 0.01870460451972184 0.09536613930980888 0.018607882672509724 0.07891797535061132 0.05491128924932055 0.052475771947593015 0.0009464804591728752 0.08144068116885145 0.025019346434460698
15 0.008643912314109263 0.09452516652409901 0.08068769318310662 0.015425415115348864 0.02772141633207133 0.0608345766985289 0.038433798478529485 0.055072411554784366 0.021388400266345267 0.06409163493189833 0.03729066210737075 0.03208914034109025 0.09486009705979509 0.09458953828982415 0.021721438313739946 0.07020864836484318 0.058770796951915005 0.07216162950400633 0.04126267203852775 0.01022095163006618
16 0.07283430469454456 0.013315337972183894 0.05846189597257509 0.08620607785930419 0.06760192027873381 0.052315935215672765 0.08100969253938312 0.04062553891152831 0.02991187731745724 0.035423966435642336 0.0609714731620902 0.03234550424600497 0.03176403222486981 0.03618252563405318 0.03333306296360539 0.07210837402047691 0.0409805457507294 0.050727381670842245 0.08277193671080024 0.02110861641950232
17 0.030986269820353494 0.08082619563458651 0.05112449296840356 0.0724115526804928 0.0026200214725557373 0.03634094272155432 0.01789533648586951 0.09076671043697114 0.08789480181348117 0.054090952942063876 0.08020272123577137 0.07702949227553615 0.010818358630606657 0.07011614011277963 0.030938989896311237 0.0623710194338002 0.013534167046377166 0.020278449328803166 0.07316686068266959 0.036586524381012654
18 0.030247140439624825 0.054755622502930014 0.05785855730747417 0.020721835264010082 0.04658044768785465 0.06732835067336228 0.005022650063583503 0.07856776999835563 0.03503827322479674 0.030811546644374188 0.07927289931868248 0.01153318262751706 0.07326372465634494 0.07850686147147465 0.06320894613138836 0.07205708286900282 0.08092092643934792 0.04974379975518412 0.0368729383595579 0.027687444565133626
19 0.050768922186360116 0.07734394458447015 0.06812141059275817 0.014601572489169514 0.050183684381216405 0.018133377065568872 0.0037904588956818863 0.05954292571708498 0.0631281749643172 0.001866603011921451 0.08851976619375837 0.04539529108096082 0.08306632992351907 0.05402380655517404 0.060382078122285465 0.08213110517873541 0.0820783564297993 0.07869632858159692 0.008654821872255008 0.0095710421733669
20 0.036247903373586986 0.07575596457687037 0.053770477275822036 0.001923685573922534 0.04846853247977159 0.03952517692618975 0.019280658245862066 0.08065550721140119 0.0040696067263363426 0.0980511144463828 0.06280874344963903 0.07001156112373623 0.024983415222387124 0.09643854986317735 0.029333010155603793 0.042232341199238646 0.05360207186351192 0.10686879371371615 0.03289805217342347 0.023074834399420697
21 0.0848001224825023 0.000611949353055575 0.005611760434116594 0.02032299765760669 0.06913004928389 0.05383748339944941 0.032951468324684235 0.09606784072365987 0.08205777562607179 0.046170528193712 0.012652689764428503 0.030551976101554867 0.003395502146490179 0.099019598387589 0.10244351492695808 0.09978335267909647 0.03401282390869429 0.05301166434225837 0.01969585968828711 0.053871042575894514
22 0.06233435147694531 0.06407624800105835 0.12927552326060454 0.05013567500925997 0.10220355890742931 0.02270576095417482 0.02434258278844893 0.03396782197085262 0.08116295760782712 0.007898922087006027 0.09994475983074194 0.00802748444737269 0.028817762300178892 0.03323040514919148 0.050566224396664 0.05067033173188551 0.03870044581885031 0.0433637808037251 0.062194416402671274 0.0063809870551120385
23 0.08272167267772228 0.046876401323528404 0.034516143813755756 0.08062756810134268 0.035000620737567587 0.029895120534194467 0.03581155672696113 0.023271896286448747 0.06451495610815365 0.07177647781494159 0.04889699490271914 0.04439408022101399 0.06685685643629956 0.0718727411769003 0.08218607371414641 0.0382273187968179 0.022217085441571974 0.03713169284429044 0.0647601783535045 0.018444563988119556
24 0.08788194659962284 0.06815678480945321 0.021475509790460867 0.09658094469486728 0.09290277510862767 0.0012006843411999121 0.04082521399549412 0.06307270853593278 0.04280312631292819 0.05005766582944057 0.007787091902153879 0.004055926033607866 0.09458932248893717 0.07752932149974555 0.0087504890420679 0.0746895187323462 0.01019267937077468 0.01338940774379031 0.05007458020604824 0.09398430296250072
25 0.04687074289046331 0.029644718546746475 0.06007248666557402 0.031225362779854663 0.005038727390162022 0.003338931288501784 0.07568000252107697 0.028775523768273838 0.08213395581681614 0.08795109916756172 0.0695832121868795 0.056390983478404225 0.0823630562429776 0.020278524108876386 0.11146819703454207 0.014316526244582722 0.10716951913547602 0.04051950185688804 0.007266169777676193 0.03991275909866643
26 0.06068660983515698 0.014928856539106337 0.015205916316929278 0.05083765912997063 0.014024800221369198 0.06916217212334269 0.005039828854728048 0.09571479624204411 0.015383784097324051 0.07550937967933496 0.06732928532151125 0.07401087108227887 0.002786199461276902 0.0705046962433283 0.09418041318607649 0.008191831757184274 0.07929613965135034 0.02222456821964208 0.07733959223251617 0.0876425998055289
27 0.029341561017181432 0.042294279832457427 0.06869881997537919 0.08516629502961912 0.06045417111691922 0.05909064449552014 0.08109407138531857 0.018764980632809163 0.019181617230452905 0.01563765726443766 0.08096945830578112 0.04898844279739697 0.0800208214972745 0.04954761458312272 0.0534422553783124 0.032775681284776675 0.08098837383369437 0.011143327301504297 0.04861308271737963 0.03378684432066245
28 0.06278042850856336 0.0805344717353384 0.06613678346301441 0.08031691706572079 0.08293287884582727 0.03332916111077528 0.0027987853937810753 0.05315861416132436 0.05728280837507091 0.0680696928618402 0.09956476825018863 0.005673289175540816 0.03507465236594218 0.06936445332254884 0.08509516286191236 0.013169026319634842 0.04419452570552352 0.029388831370075717 0.0038531460635789915 0.027281603043797883
29 0.11680395726791468 0.007851839016263375 0.040470416593640646 0.010445056339035728 0.09434439015024446 0.08454526322048453 0.08292902298560564 0.028550470604888255 0.10308882636304567 0.031199969909746644 0.006021299222819603 0.0031970843642316624 0.017571001393492686 0.0564789322462564 0.11122465696982124 0.004936540622180205 0.023177098556749137 0.0439907790140027 0.034649589021342006 0.09852380613823458
30 0.006415084546097352 0.0708546743234518 0.08110203505928788 0.04356466514815286 0.014170136457775836 0.0766637400882659 0.018403468342487746 0.054151265909580096 0.07412674624919831 0.029964704328858862 0.05588345956735338 0.031705876760979745 0.056175907291412946 0.08205410410469526 0.035015283566987826 0.08078059431998133 0.03371719497436328 0.07695289862290923 0.0038616960134858903 0.07443646432467421
31 0.03728016234962052 0.08494456082714001 0.0474877620174106 0.08464597256842754 0.05834044207148718 0.01664193247026786 0.05159089785162656 0.07548795060015229 0.05148977555035553 0.04476207008452352 0.025460828036418713 0.024016987940733547 0.0030610210075812925 0.07146797383311923 0.0037004432447193627 0.005791858033659774 0.10256989907495485 0.06272202199983756 0.07352440842801526 0.07501303200994858
32 0.07362257779385284 0.07524632866136646 0.07461232855759937 0.09346787354775855 0.05005322424722717 0.08278198030625358 0.024715464110809986 0.07013188911284313 0.0001469728177985758 0.005301737027468735 0.005577987475797116 0.08445518365364228 0.0452973180510295 0.009135183891992813 0.037193432431391615 0.08132943011410235 0.029307096193589708 0.054701641120635254 0.005177552027928225 0.09774479885691292
33 0.05969284510630693 0.0031697816754116957 0.018947218490622055 0.07757818106157623 0.03883200207868717 0.04768894831917954 0.08291804406282548 0.035302174474234574 0.03818684799028646 0.03396522557439911 0.05880177174254005 0.0945322549244138 0.053892469596040875 0.01723267008565905 0.01793795719940849 0.07057261813193302 0.02745335441757295 0.0738137592854316 0.08098569919799944 0.06849617658547144
34 0.08399278066979823 0.027979658494573782 0.07519242329400848 0.12153336810797585 0.0499944577593744 0.0317587128273743 0.030055351726624886 0.09437375008217865 0.02097043375542768 0.07063441023886788 0.045051741600081414 0.07984465843435821 0.061828227580224854 0.02638491713768285 0.008587066605517722 0.023038653847605464 0.02357509359339937 0.035566934811337755 0.05939655845956257 0.03024080097402567
35 0.04238394617606896 0.07404433357129449 0.05946711190066878 0.07886470355724585 0.07996592846133019 0.009423787763680034 0.05832233071264541 0.01616584746132698 0.07380463969553801 0.07681127200168134 0.024138329513134747 0.0809317922859833 0.005790657150197399 0.07051297513931737 0.014478517100518647 0.04185060921076108 0.05293792455717752 0.05450976773409501 0.07292274134447749 0.012672784662857338
36 0.04427334854499593 0.06183187578765453 0.05639233748887224 0.06682552122069839 0.0008042004718939801 0.042105513356135785 0.04438259387690946 0.053469524219855596 0.04019894616302236 0.06229689499593486 0.07243344797831608 0.018930314424416214 0.07161583730793906 0.025477824425228692 0.008579768503310518 0.04719617969834907 0.06813051966907807 0.07155692254253118 0.07625041557429828 0.06724801375055971
37 0.06382587395642442 0.004699965271874138 0.051390586336952246 0.03808487213085712 0.019066601397235216 0.0043762413321476925 0.015440602565395216 0.0040542545276110505 0.07657957569500956 0.07759569007789736 0.06083826163106162 0.08880586727074256 0.10125032980479695 0.019906269858572512 0.09635472444336741 0.04868231690679961 0.09866818393871804 0.0836635670002691 0.012639835854640473 0.034076379999627746
38 7.084868554553612e-05 0.05467384858665824 0.02444800644296031 0.014693011454100575 0.03034161238963384 0.08139794695317452 0.019124672146705074 0.11153677011510794 0.10635711939765279 0.09218906599583666 0.053580858617023365 0.10540409669472198 0.09939541376862573 0.040952360240379265 0.02404057222785966 0.01590232206383644 0.007232423943456467 0.047600838035344394 0.049884349624819656 0.021173862616557664
39 0.08357121790860175 0.08979718103379664 0.01198762917260482 0.00896381685992701 0.06564260543264949 0.01609088130869199 0.06420212433354287 0.08475457264901082 0.06087704431245425 0.0756505414562038 0.0007439740261753443 0.025293817626302603 0.016482042223526745 0.06868536989032101 0.043306571979314944 0.05275458947444142 0.07413496593568197 0.08724677814556407 0.06042301541894068 0.009391260812247917
40 0.07859094752390733 0.02147704274625123 0.0737743416428256 0.033421469730084793 0.010368466577917103 0.04180576918141771 0.0818137475757741 0.08235816437561624 0.008151912816684778 0.08828955366004056 0.08249407323473407 0.07360974888737518 0.008771623956534441 0.04413614491555335 0.03187164581146549 0.06712561649256121 0.0666473679780158 0.030780089986409125 0.04037870990359524 0.03413356300323651
41 0.08683046502613327 0.06041949524576797 0.06374888258173143 0.06697152748035437 0.043025782672701206 0.08685009699593306 0.02864661278142083 0.01157468557207536 0.08003317603203251 0.014149466771319685 0.02243321046538375 0.06431355877068012 0.05642535943953725 0.0526959505388595 0.08726001700202636 0.021097607378180467 0.03404438403797661 0.04872670486151275 0.04687576954916808 0.023877246797205345
42 0.04388339285772047 0.09291658529860598 0.02823801423565694 0.10009453537669391 0.06042779395650421 0.0046579071811397 0.08025804022182269 0.02483919552434899 0.06277718366250036 0.05574929092799424 0.04576984740035048 0.042089334608981614 0.04404003008086022 0.05945025393866992 0.0787878977707243 0.013758484828477767 0.014806307646574347 0.07797700885401485 0.01594016086179575 0.053538734766563144
43 0.060273186210137206 0.00823872906227988 0.04721915890561828 0.05203787473598052 0.062173269407229476 0.04704710839266057 0.062147081030425114 0.05245592427248677 0.026002182545851904 0.061924840706652814 0.013557537129192011 0.018166891198718133 0.07575806215652313 0.07647764117094268 0.07915304364125243 0.10067168085373349 0.09947256951624543 0.01586144224186289 0.027511708269790724 0.013850068552416746
44 0.03392434248380311 0.03525074963325999 0.06642108337124389 0.017039318444824328 0.07656357557654388 0.022691549991441254 0.031067520383910432 0.10668068152933069 0.04272439222899789 0.0116021931926416 0.07329712675757946 0.03398687787792842 0.08395550773020383 0.004012939858007314 0.04117568609902647 0.028363096454425262 0.030575198944236867 0.06570418565039282 0.09063634098051325 0.10432763281168943
45 0.013995116168076372 0.03469944621552677 0.08650325135840609 0.01477635948723908 0.037477149875576175 0.08403252522345461 0.05184587250527621 0.04505318235440384 0.07755007202553982 0.08736929047916414 0.03330378379180237 0.04734035324078491 0.018112316586383886 0.0629845253951133 0.08438687841842342 0.060234383088142884 0.0053140159658847655 0.020343731128850635 0.052577347506453855 0.08210039918549682
46 0.007048860129235542 0.07191580189342191 0.04001318898409475 0.02700670158350383 0.05030982036111842 0.02376925267283648 0.04476059246293567 0.003788810985187655 0.08640830988508028 0.01832084682234212 0.027311113042468776 0.07727111238659377 0.10600247380454796 0.059706995208436094 0.016022064972135416 0.10092826151534834 0.02739994018090828 0.037031394837922386 0.05928492587637739 0.11569953239550501
47 0.03746799960028557 0.038038270896948875 0.06057063151944828 0.0879291357913956 0.04740901240885836 0.047164272193986966 0.07873177809843085 0.0067050072401048455 0.0783929152023717 0.07128490955381805 0.023312051446512196 0.04334256476556029 0.04433763659068124 0.07398957631927125 0.059056963415172394 0.058280153838615095 0.05855068378155038 0.021359625600095855 0.007007720205357888 0.05706909153153407
48 0.022343449481067427 0.020656714454993726 0.07132692489614564 0.09281264233961792 0.0392362693537528 0.058487211571147335 0.036871731304356156 0.08471718542101737 0.07109316429055487 0.010094124405112224 0.011119109637670667 0.06318109238011534 0.041266605647643506 0.009925147371376779 0.030043532374861622 0.08654468494020243 0.09226075238640082 0.0633434932730101 0.058714529222886835 0.03596163524806663
49 0.08129809988727967 0.0562446286818065 0.06292827680886849 0.009079875343207163 0.024698788866500784 0.09071125481659978 0.07199385928046466 0.01921819367848461 0.001717721444616812 0.008572777681362442 0.0836911755343205 0.04052044570607062 0.04583426469156803 0.01703978783960508 0.0798021008814573 0.07879511523332765 0.08623472557685238 0.0299993935633012 0.043450583848926465 0.06816893063537986
50 0.06479605868415593 0.05944968030238402 0.03421916479085285 0.036249235130131785 0.038147321243755083 0.05764988370115158 0.06856056334469149 0.019720968618115273 0.07320654302924956 0.01369311944907907 0.03733107104763744 0.06263834151813517 0.06061972714383556 0.03294955236290403 0.057676826047549694 0.07752629167304502 0.02197872364136279 0.07952135985661647 0.039777456419167405 0.06428811199617965
51 0.0840531179714667 0.06877855189088183 0.05359286123967662 0.012652381814720582 0.05372555366405349 0.0472467571824497 0.02263563064033544 0.020832726187577696 0.0386083158540725 0.008522494764498852 0.07985275187325132 0.03277240360037684 0.08511068006619003 0.03332872976992605 0.05248800874436791 0.07875138363792657 0.02671544702231987 0.08354082141138038 0.05054506019335324 0.06624632247117443
52 0.007750260800583456 0.04809868663960931 0.02305944304879494 0.07467573422254714 0.06848715128503319 0.0007549969444927526 0.08438512515793135 0.052776461789380384 0.025546035856153112 0.047018086912616025 0.09090885999241549 0.045201535099588366 0.09472185625882482 0.012525620140171669 0.04199224372101681 0.056723666116260084 0.07082254165344647 0.08199226101510135 0.07099182310972271 0.0015676102363107664
53 0.00012943604262773668 0.013526881211969868 0.03629386701920549 0.06105388292375541 0.02465727089294475 0.011638046611837451 0.059961255881048336 0.08081303058491902 0.08247889253225665 0.08137119394011004 0.05268945692581852 0.08224080203421945 0.042141513316496744 0.0038627919373693115 0.00033551656043051743 0.0469082846130117 0.078788837760312 0.0818422905798768 0.08988665802067498 0.06938009061111543
54 0.10698688171135876 0.1122159453317743 0.026845424239191257 0.009277901388890633 0.026726354911442412 0.07289611744910085 0.03768948537875296 0.08392972563871495 0.01147629061627007 0.007272143628356891 0.008000326128250485 0.06047494371575294 0.10949431358303541 0.041399939594734904 0.0006246600159826005 0.0985553304549842 0.054258669955895 0.06462396347988374 0.01917239022970543 0.048079192547922055
55 0.09167710267396006 0.0673807637207438 0.06987039473762183 0.06313913247484321 0.0145018402438119 0.07639792629102285 0.07914959998937075 0.0014158444013454969 0.06927964969434601 0.05854033105010447 0.04701854036233636 0.0226838534530629 0.004505266582834351 0.1003030261907105 0.021049432429184087 0.0957224259132176 0.0491076583865357 0.013174403140220697 0.042481509216527026 0.012601299048200554
56 0.014866462220227871 0.041595349544290235 0.03812943072129551 0.06219142841788008 0.05821314037518014 0.0835246619398835 0.05294395755906959 0.0764697233763335 0.00462897451254079 0.08954262137840413 0.04352409451399008 0.04153832791405022 0.0249451650051063 0.08912447939424388 0.0816093180981745 0.016595472859608218 0.017691130052109025 0.06576608267597217 0.061164467890860615 0.03593571155077947
57 0.005030694146378638 0.06014600052059207 0.06941034649766126 0.03066980049765503 0.06455598675483999 0.05444242154820111 0.046466288416096256 0.028784612598267176 0.07413143604065146 0.013364511994942213 0.049687199596902897 0.10320962908760761 0.00755551630750949 0.05078775693198573 0.1105466473704341 0.03755567702835774 0.017266952522061802 0.04751152761246663 0.02510867304783745 0.10376832147955146
58 0.0016203052221400302 0.037725663385426406 0.04348775073042598 0.003830998215405608 0.058262449328896605 0.018055114881523282 0.04566409694848383 0.09611642173460494 0.07322532683342955 0.043962846199740835 0.04233745905611641 0.07402916712982423 0.0489962313200159 0.08970646619596029 0.06819720685225204 0.06307416370136708 0.03382718464507282 0.0805322707299269 0.015915339145330873 0.06143353774405612
59 0.029811049902759772 0.09067497956928709 0.07857535782660449 0.0989037657274455 0.023443007678796327 0.05223355399799824 0.019897477019371633 0.010406601736020099 0.042229058904794434 0.0338789680312441 0.07720833885057293 0.06213615668654052 0.018457873171642915 0.032076023879846996 0.03538354222856993 0.06705179720355414 0.04585294435059158 0.061215476145663764 0.09591119732007343 0.024652829768622323
60 0.04190067485042968 0.057205838735773895 0.07837381492266124 0.02381808878635841 0.0730747047143431 0.010955319484846997 0.07817410741913376 0.05367838136189469 0.06617586823345901 0.07947383761956113 0.003995447079298936 0.06328663609798225 0.04238524210258107 0.04048130743856055 0.008428356544576762 0.07583742862096235 0.08079474595557246 0.02636896008079188 0.03789145518904049 0.057699784762171365
61 0.010932461499916595 0.034363971302108574 0.018713906827767676 0.07923572366907165 0.09322644426312177 0.02341969465350517 0.09886352437497352 0.0048345632049096405 0.10057356823422882 0.036105190124021906 0.03339447902956292 0.07366343609937576 0.0001926581332415214 0.05639960944627793 0.08906845552666515 0.01706474409631965 0.009991956891431184 0.027706824486522258 0.10113126668484765 0.09111752145213066
62 0.048390172107755126 0.00846351286909496 0.005382156806908955 0.0693022287196445 0.08033049418428244 0.051632167860747764 0.016474142440202667 0.08480848125719273 0.0633891171316979 0.015487392701695095 0.08779407169197426 0.07059937504776854 0.045358887286949236 0.05867320459860524 0.08249020658716406 0.06872577183780525 0.02752367919998982 0.025392920381021596 0.03532812578663243 0.05445389150286732
63 0.06906517954592414 0.02436923610657595 0.07000749969168295 0.07835277694894037 0.041155208885639304 0.06635564784231777 0.010266719267286365 0.07479151481075219 0.06585189777729698 0.05293674771746535 0.02815007653765793 0.0031040646415420124 0.07879767188005778 0.02240496759973731 0.07533535221304939 0.05975088815025414 0.08176745636239943 0.07871018977882333 0.0019550151543194917 0.016871889088277765
64 0.013031073413338236 0.009240727943438517 0.008650102004670967 0.08617456301778854 0.07425077990171464 0.09629024863254253 0.013443012945806555 0.07698015149181019 0.05981339368409069 0.08443204272854711 0.02136475659570401 0.04085590907273308 0.04767479450072965 0.037162004084892356 0.014132511390460912 0.0755564007310718 0.04708499659464567 0.017158874884386742 0.08969371219536577 0.08700994418626194
65 0.0726103199228324 0.02218144236081557 0.01679158717951334 0.035700364689658384 0.050658776534394066 0.01890381107697363 0.03268155616247628 0.06431741567282927 0.02281284942118719 0.07610758092994092 0.050408694037315634 0.08444341714030665 0.04325883849079281 0.05391690293805293 0.04731316706190966 0.07852046281036434 0.0798705017886364 0.07813250824439881 0.0033309291032144576 0.06803887443438718
66 0.004323807184897821 0.13019283356011216 0.09810901064949755 0.024388522842973086 0.11417386787732231 0.053201110324731446 0.007472396526429838 0.014092295236906912 0.08993008851293577 0.06388913091356012 0.0051516735730941276 0.03074451883580043 0.021140382692478667 0.023542204972886487 0.08127918417824183 0.0693649127728652 0.00916258249337814 0.10563488885931738 0.013600187634163435 0.04060640035840717
67 0.01764902667286879 0.016900063653077075 0.06188977208432401 0.01369032680338794 0.033105730390961 0.07475943865711465 0.08997613343890001 0.01066948995068639 0.07600525673912496 0.09170753973292901 0.0703447455339208 0.07740709776674926 0.09028017616256095 0.08674252136175063 0.049764600035190794 0.024152222172372003 0.03413913544500038 0.023012542073212978 0.055522779561984675 0.0022814017638836683
68 0.02728741964296255 0.0036631283980808256 0.07579157766411192 0.08377133658571535 0.0545171608399224 0.09703033927622205 0.06502120656239606 0.0717864329803953 0.0032604498170614635 0.0035110128443991617 0.0926907376315691 0.0646980811364867 0.01568026959584624 0.01988091240756412 0.051581776711625206 0.06084196507304737 0.05547939370399905 0.10343873225141711 0.0390822439179507 0.010985822959227537
69 0.04050583915167861 0.04439689743630138 0.03280860282068434 0.009163870712011262 0.07790050927912996 0.07439587327961807 0.0339653424327377 0.07269166460660924 0.03133569515305157 0.028546809763732875 0.01768109352921445 0.07685384142286698 0.08752662993838128 0.03930813798625859 0.020560775054542978 0.07740776985566931 0.029153048050104016 0.06434188474737823 0.07377253974419266 0.06768317503583648
70 0.045165009859622865 0.06502598179405124 0.010508695043653716 0.01881857093688193 0.08624012779402086 0.05449069040340261 0.043259629334564426 0.0008546747852324491 0.04971229431903775 0.031275139865459045 0.08369612654218031 0.04826759772405234 0.08188242370689143 0.06542920436655153 0.074665513694275 0.0036500689891330257 0.07892836581275373 0.08648461335130177 0.06244888309837969 0.009196388578554175
71 0.011108009102629985 0.0423478208370338 0.07999364489400607 0.04630792164833069 0.010749714148767752 0.07147752367673983 0.07215679853167492 0.0061497047679943346 0.05862113607672187 0.04602553179853646 0.04425761777010893 0.10246045816866063 0.02996449499258756 0.047846297308163005 0.07905472716901513 0.047020927079460685 0.10166310314226477 0.014676498993184855 0.06723629961862802 0.02088177027549068
72 0.10771442137570109 0.0535448579353338 0.06058670205088523 0.04638334053838991 0.09814832702822042 0.007504331784297804 0.0015754772387131138 0.029433116317236534 0.006807547778204538 0.02740518710345479 0.03603034461240112 0.09531947554790539 0.02228462690910614 0.024037689255001382 0.03092751624990859 0.05778883512079678 0.1082828688562436 0.04073503789026274 0.08245877656242927 0.06303151984550774
73 0.044471885616439936 0.01952293342537335 0.01892161942011413 0.09667020920871645 0.0688375754892743 0.04866418319576192 0.0212377256852093 0.06833894416071618 0.0921272545288186 0.08685937941225737 0.03885188949019548 0.06522302896676642 0.04273681750254087 0.053448657205266606 0.03276213830473381 0.040684684410966315 0.018945066076265456 0.031250942814346115 0.01615170863526408 0.09429335645097306
74 0.08117976900150047 0.04734624366539985 0.07484661315910679 0.0570177913790568 0.018505634661681796 0.05661257572387881 0.02272614507423213 0.013217298379331924 0.04629109956466477 0.04747429649636156 0.052943492734553566 0.0029812283431614097 0.06517556871486158 0.08965064731301545 0.019416158345319973 0.05047317568399159 0.0873611812704892 0.06862490727810643 0.06874332223488101 0.029412850976404895
75 0.0549524148640079 0.05216866366662135 0.07040683117427364 0.05756471454297567 0.06945392711332274 0.01153772063795491 0.011269358771661641 0.05978002137179169 0.04328448188354904 0.055935855333463375 0.060739912737842336 0.03298202235731229 0.0463616265817043 0.04365142853066235 0.0909415062569968 0.046353199174520944 0.0036127452122157386 0.05641128123440376 0.06565389591969922 0.06693839263502019
76 0.026175510957935168 0.05474040831907819 0.03358227198967592 0.06101218720628323 0.03850138083856908 0.0280812337980222 0.05047793747963703 0.046635912857095854 0.008490239331393257 0.03105707944746435 0.1195862736095183 0.022894479307823096 0.10889123050680485 0.011490404488815038 0.005164416013907741 0.0005433903835393355 0.06183513903286182 0.11028852309734428 0.10969836569392422 0.07085361564030705
77 0.025373180646794957 0.024025346926359555 0.09580368294683447 0.05722438708981622 0.025014066925302694 0.037188973051278044 0.05168113088513291 0.010534874941689563 0.0839162498007562 0.054568308415832135 0.0735278954941268 0.03512633209831049 0.09298028951245667 0.004098044496165557 0.02138423575647902 0.06817769330248605 0.07068726166303921 0.030136839485396416 0.07646824555225262 0.062082961009490595
78 0.08131190185068982 0.0019516499455498428 0.08367221928726204 0.09201283547943498 0.05906043665104207 0.022475975389474868 0.021333284942267133 0.00042571704627655045 0.0035836034800294137 0.0025085125642620183 0.09360230744332522 0.023413801676401794 0.10054275967350743 0.10499897067539274 0.0076882582656601 0.10126968534014123 0.033954952347768366 0.059190351643730814 0.05308595507547614 0.05391682122230735
79 0.081312815715368 0.027821772544173038 0.06042802925526508 0.05292083045990823 0.06849537477479284 0.049817411017730295 0.05359575731872802 0.04899413990430717 0.022816733464920656 0.05583165808348401 0.03258927967585489 0.05200004185220051 0.043422492546562955 0.06747087168938494 0.005679692220258569 0.07546237013412337 0.05356158147130388 0.06254826386161456 0.07294156259062301 0.01228932141939602
80 0.02483491913610356 0.09937133811975145 0.05950803976171316 0.0050336869290380755 0.021685081388734796 0.004259672974823093 0.028323717235148937 0.03843123959168768 0.029610945756110136 0.056919468089964426 0.092198896527162 0.035362754738951244 0.0756553015493137 0.06306252627989672 0.08371755340706452 0.07109056964297573 0.04929779705192773 0.0835675948465722 0.0700815316122251 0.007987365360835798
81 0.03920669764363306 0.009431651496930836 0.017643114002345445 0.09276857029928018 0.05564953013829935 0.01391368249505547 0.0688120765790196 0.09582027598512272 0.0016457071132799565 0.048853061016739384 0.01905834728467583 0.08814102628320877 0.07089356325589373 0.07101780083232086 0.06670990291132402 0.06335341650881501 0.003503611519764814 0.041287670312546494 0.07412155246187489 0.05816874185986944
82 0.006318935438231772 0.07306025793742822 0.023606957212204745 0.0843666640450953 0.08221683004624288 0.022310960053050978 0.05491825382724039 0.050197846026863245 0.08462009964760227 0.04692000380381891 0.06477750388078685 0.030107031062623267 0.0704715650206205 0.02470236066276887 0.07020728453635729 0.02128398572149019 0.042288535263435324 0.07435871454431689 0.035094620530820846 0.038171590739001095
83 0.056026751810051276 0.09748789290344323 0.016947252053743173 0.05663227877233115 0.11016265727642652 0.04521058741229055 0.03346156541704921 0.08668925724946407 0.04417041485521923 0.018791432729124147 0.0008433335203485087 0.0038000447626659615 0.06017489947696824 0.0967894134183009 0.07121139552433424 0.003655868475119905 0.01400266111339056 0.1021067849785995 0.0678152267261859 0.014020281524943641
84 0.07126027333627274 0.0841908336728067 0.08670235622189307 0.09230200648882045 0.03325562243468072 0.046542191668958774 0.06574194984680513 0.06059528458457486 0.01632286955805557 0.005361215877880179 0.008118220733341298 0.03818440344267478 0.038368385075944686 0.06669458891484258 0.03467187174010025 0.0955080059727022 0.03720806102450593 0.031654772205331146 0.008093683190893096 0.07922340400891603
85 0.005127307852493344 0.08168991521018366 0.018943532024659007 0.031169974609267907 0.03693908458590357 0.047001721062438155 0.06806698408827373 0.07147856741182193 0.04282293138039448 0.0540532348707134 0.07107652324065221 0.06432558652619028 0.06671760465777067 0.05378068829920301 0.06307337581389302 0.04783867289347298 0.052173577492062556 0.07129950277685133 0.0045165291247853375 0.047904686078969555
86 0.0708690233675841 0.049990970649546246 0.051473246007055516 0.03998447976695044 0.03471836668774663 0.07573182229075798 0.07831695922100738 0.0555323862694713 0.07524064793744166 0.013055897125955642 0.007746539558234217 0.06407937960275907 0.022037551355786205 0.0868209491888775 0.051789198298361636 0.07550945364465933 0.027455582658594883 0.06254290293955822 0.03684679781513237 0.020257845614519487
87 0.046752257398626366 0.013019669369380007 0.03845768115015088 0.06916475759898526 0.05963416298929887 0.07052379521880914 0.05463352203170022 0.009750106742636261 0.06900507696306796 0.08211268369498438 0.055537596949589846 0.016684681050886056 0.025727626062866913 0.015133977402744457 0.05226662788603569 0.09545896317308362 0.02423067341728732 0.06168108868279046 0.09513872757558976 0.04508632464148678
88 0.07019806089178453 0.004855097728289189 0.07248756198958659 0.06682824841437493 0.015734677923036122 0.041252637322806034 0.039996265710148395 0.0806682016907703 0.07477008180147839 0.059011918334864896 0.07326052521663651 0.05834292235029043 0.044221837786584985 0.022155020700463653 0.03171525584899907 0.06322058999149788 0.012249169589394161 0.07912698559062095 0.04318532783665871 0.046719613281714256
89 0.02378428724772087 0.0010505889965663176 0.0021190259853264633 0.05554759229909695 0.0633720691072762 0.023437956713185586 0.07703765094041287 0.02435122248390721 0.06999813635036803 0.032290554305677 0.06422886723343671 0.05913128461500756 0.06896053641758483 0.07845181094379952 0.069584922740246 0.039728149804328525 0.028428288905924585 0.07712269070647836 0.06595582269492178 0.07541854150873441
90 0.04805324854829048 0.028416068954835758 0.010426207232210669 0.09892640196214302 0.04316369191886392 0.09229209471892678 0.0033723241310922416 0.05852275294286281 0.06115205986477217 0.012780329787173715 0.022644730781285045 0.018186410781370087 0.06932193586572012 0.052465670385294275 0.013220203809612042 0.10169310187946481 0.08488829955740601 0.05684240159036146 0.09458508138189983 0.029046983906414758
91 0.046226211660422914 0.08218889053214593 0.05636130342992201 0.06454602354632723 0.05448888194324352 0.08417023214796067 0.040496558898891595 0.07409580554492765 0.0565525251572954 0.02935716168787548 0.018860794862277208 0.06800834433917177 0.07484091731984716 0.07197780818315612 0.008746846548016454 0.005754306660995671 0.06540937891783626 0.00876368319246958 0.07244906243559805 0.01670526299161941
92 0.00958137394157053 0.012673430546795556 0.08431071303842776 0.0760587646695252 0.060471532567771866 0.09123907986087013 0.01568190500584443 0.09349200868870913 0.05818579938034816 0.020767098943907353 0.0498444843396009 0.013203045364624898 0.011017043908435244 0.07633336271584602 0.056836624244098986 0.04989450555200521 0.05782223738869693 0.09146142712470513 0.061195163887601094 0.009930398830615523
93 0.060622808206803075 0.08708169180242786 0.0444371252586276 0.028669406938491473 0.005591187063236762 0.05098826119469246 0.05590525803260518 0.03563009732751271 0.052813339730321124 0.03102840760491332 0.039945301331213406 0.062450432731860316 0.015508730520826462 0.012759155978840349 0.12192701026210764 0.05522026655452735 0.006832186343442732 0.05137426706896358 0.06407341169074963 0.11714165435783692
94 0.05666543986187221 0.03179261826483297 0.047372170179159255 0.0558391261591807 0.05190021064428328 0.08117860691388239 0.07834384166236247 0.056963535982020475 0.004969050347308579 0.07131441071247034 0.028727877958912428 0.008205275736396246 0.07913723273694732 0.08249890444703553 0.024900784484718205 0.026306127395694587 0.05883376969739992 0.04991804555375807 0.05231020928175103 0.05282276198001392
95 0.0333419157162684 0.028818191440631323 0.05736800318006633 0.0039050051348670433 0.06729204038789505 0.03888495961264079 0.002129913158633871 0.07160415642224609 0.09354335084043061 0.08387746210057968 0.039641752511540444 0.038024488179722316 0.05184352376499261 0.015524679091247698 0.06953706947929748 0.07715585530972827 0.09005215190496337 0.04846695372895061 0.05234372830492731 0.03664479973037073
96 0.0790155569508403 0.038230439645954864 0.062285498090900865 0.013370580206981179 0.07955796769309362 0.04442542463855221 0.05907714498377547 0.07634465380689073 0.008587098452279892 0.02800258361363921 0.09510783481785366 0.062035513734399084 0.006130165865070549 0.058436595969339714 0.06231418761471437 0.04568768122783045 0.07275810324318951 0.018327710857757404 0.03138096425975134 0.058924294327185635
