0 0.09586915554068345 0.01946455848250164 0.09242850637860721 0.030279307165848892 0.011146187457299074 0.07798353707509828 0.05603486097321182 0.017423761634308404 0.036238099771120726 0.060815102921039615 0.09141232198097783 0.040523678315681995 0.002304144915675417 0.08298279326222141 0.006310102229723326 0.023774455322380324 0.04994959375953293 0.0634854760163393 0.09009679640526451 0.0514775603924836
1 0.06455803197089455 0.05222085013468668 0.032021445504279634 0.0017740906767237591 0.04183802083127317 0.05776353813128357 0.09477871946340784 0.025172200154194996 0.009165793237526962 0.0447051403012163 0.06367416007457767 0.05674517715886737 0.03688716247405415 0.02733975088433608 0.09346775632851423 0.03512652061814279 0.0476572592221739 0.09793535262880378 0.045436086420491066 0.07173294378455146
2 0.05072258966678757 0.0690943646035784 0.03739146490549487 0.08683902801615494 0.006744694644721152 0.061518341754534245 0.0013031437658178 0.04781549171553432 0.07102564274679268 0.02345726874029807 0.08559444994917466 0.00045690108787649916 0.09987984856666102 0.07708931911402626 0.08630658232516976 0.03214222153042412 0.032804081530755716 0.027801689449661916 0.05634540762942979 0.04566746825710636
3 0.018829089890810717 0.08640413274052976 0.08518600125554572 0.05244514693224731 0.001217471644096159 0.08173700334587006 0.028823810301469778 0.03243200652198211 0.059662721529771444 0.09127596675274553 0.04788938223723971 0.07168854149431621 0.07818525501675087 0.03652345381596757 0.014666439904522894 0.05539649499811777 0.039169497662956916 0.019910548413521474 0.05450506993171427 0.04405196560982387
4 0.05951747338636228 0.06933549487175457 0.05057736604883626 0.07974270910138534 0.01639373694901584 0.04396498493922481 0.02044839707252995 0.05388517983798104 0.0833846596167226 0.022181528230742483 0.09115955990209718 0.022589549616300598 0.08137466546519652 0.04871324218816155 0.035264913577415014 0.09056944221382587 0.025358672233193814 0.033593412579031603 0.06655554774077328 0.005389464429449441
5 0.017480997845866524 0.08124735934903739 0.07189057047698227 0.01692738576258019 0.055481706525266496 0.009401385246356262 0.060162015075558906 0.08723319125320951 0.006765867377770312 0.05186359673232955 0.09845724646988774 0.05562849985609422 0.013353185620154208 0.0701460807466507 0.062271399133255106 0.0104412158508249 0.03045252272368029 0.06299669781504767 0.033055984890391354 0.10474309124905637
6 0.06212506763382203 0.0009654898991495768 0.09004106324823835 0.001121831201323436 0.00442419725802139 0.0570896165362245 0.04652869641088729 0.0733574977798988 0.04770423993101068 0.01796746737774047 0.0628549303082087 0.06870118126784523 0.06353115223238694 0.07994449548059399 0.09646595189219467 0.02848739225142327 0.09201976176986576 0.008231719950877481 0.060155767688645036 0.03828247988164252
7 0.07766736915783255 0.015596344352965887 7.881657008390876e-06 0.00023249234532928873 0.012573314995989855 0.033457630729505125 0.09321688267281324 0.020774856859264054 0.04284783047525699 0.013256785739625663 0.053963987022136374 0.04935692364320785 0.056988448901105306 0.11864661044641282 0.10583392227429697 0.08855134446900449 0.02576282482396581 0.09186229860983806 0.019163148426767328 0.08023910239767386
8 0.07077065886338485 0.018296497123609867 0.02372984139403353 0.08554672554039564 0.04567517487162839 0.02794623139086504 0.06948183900086449 0.007347620955586935 0.03935172419234287 0.07256164937227155 0.007105163786235432 0.061756696826509964 0.09416896979191301 0.07869440761116746 0.06287236947434262 0.06152414722665195 0.03937642775119442 0.016047633762073188 0.08458679905658538 0.03315942200834347
9 0.03509463336904222 0.07393668640905074 0.0622578278800553 0.05575821174445827 0.08097843665445914 0.0946397439517626 0.004930891828053408 0.027699643217900735 0.04698710094963295 0.04696062967379348 0.00896468279968297 0.01235941054399163 0.03686304182044448 0.0466751740810558 0.021946232542733365 0.06618348023091483 0.06731732796428738 0.05472669833316647 0.08838880263640385 0.06733134336911048
10 0.01873552364595772 0.10526908751897747 0.0679588309826437 0.014065505319017655 0.0986669892757822 0.047627944207077236 0.0337937245936865 0.10395149759822593 0.04415695679374956 0.01362647859180354 0.08240254650828485 0.05281466015355318 0.044985199048585195 0.054882236518108474 0.0823227876761368 0.012385583097986291 0.005970038918228586 0.0182705745218071 0.07478465709828135 0.023329177932106537
11 0.068908911959318 0.009451088011756504 0.04632053795761992 0.06976002785351752 0.011384773651035716 0.06436590736593668 0.08301970258528434 0.0883411917897965 0.007554380814121719 0.004081777589443855 0.017156321993300864 0.02099537390750702 0.06728962809559787 0.03144938678742029 0.027313096120504275 0.08806852005812717 0.09018838982793509 0.07405015635463179 0.04437883272669026 0.0859219945504549
12 0.06739085944173696 0.0936349877008326 0.09556040818619238 0.09825453739139488 0.07587879193703229 0.027597239821835 0.007459824478295424 0.08318916391241826 0.031559460138477435 0.06666395703041703 0.016694120161730313 0.01712335167989457 0.0012671028619190817 0.03291194661083387 0.04144383048973557 0.07430358964195118 0.08648588389740901 0.013523659959879976 0.06309648945757824 0.005960795200435968
13 0.04837264277434124 0.08464691269585778 0.061670779025943624 0.025374137739361438 0.06384868154070988 0.08583954799285322 0.07544843578611657 0.08723661820568586 0.011741903369291819 0.007757516011090105 0.0812391422717153 0.05575034394601147 0.00015658581749061895 0.03897296145248886 0.02501566874127585 0.01788467731762444 0.057448863910457525 0.08659473913988165 0.03827141530645959 0.046728426955343356
14 0.017579804142399517 0.06556308724742653 0.08449396507667722 0.01984602297451216 0.015071412489934289 0.09461189804152849 0.02658272796465279 0.07495150274689273 0.05753777306626896 0.010876524710801009 0.055756580560567426 0.08245004851889398 0.08741516442884846 0.0025156796847628634 0.09477038122554149 0.019499657386283894 0.0471456294984548 0.0027752004175310477 0.08434530264597521 0.0562116371720469
15 0.07628671881532767 0.061053833632671105 0.06683681712523451 0.047211633553825176 0.04166218735040222 0.032550020502612936 0.0565216376093372 0.023538263311063356 0.011521941434748053 0.07000710744656596 0.05533976999715611 0.07589173945556961 0.040586622190768334 0.08642918174256707 0.0705568695723738 0.024494884615480023 0.01993411533084563 0.06283656470984753 0.07234948477671899 0.004390606826884633
16 0.01216980712131733 0.05456962898439094 0.05386324194782538 0.035411132958961304 0.057900655903464604 0.02287099793104212 0.01827034102235614 0.06411996174582205 0.08452133838744429 0.008230149729992087 0.026357710159233372 0.08123028250750676 0.07038852723506736 0.08331669437385268 0.030234546164184094 0.08117033639196726 0.08197178961188062 0.026541790861786183 0.05678498804722243 0.05007607891468305
17 0.009813311991681086 0.10588015524919729 0.05693665478849692 0.09383132690481578 0.0701349850890242 0.05699926215161033 0.03146166491659899 0.06930570211087905 0.03373092378363816 0.019410779909818182 0.04678492860606461 0.010372285734261385 0.007139067876892366 0.016109921073501895 0.030050437158110017 0.038706932856318606 0.09384760179037938 0.026705154131051196 0.0791595590371656 0.10361934484049502
18 0.01583064786763594 0.07335109286437758 0.03566063786186264 0.06303443141390952 0.026793837211755323 0.0580078079566444 0.06945146295491329 0.05712850272508359 0.06704578841503843 0.005611545788331306 0.04279176151587558 0.09227248442766964 0.013892768845564531 0.06932737181090293 0.0835929072453276 0.11584450276728483 0.025824564949401326 0.004703764157022733 0.04547632386930208 0.03435779535209641
19 0.03008934568171019 0.07077845261358676 0.040121398128288036 0.07845111845147527 0.017627797658929908 0.07814275067755261 0.05846418669192135 0.0672490610125392 0.0684521941499246 0.023052310158640427 0.06843162051974601 0.08058178283175872 0.00841975272389423 0.03111878654947995 0.040919157518149375 0.055274846530854904 0.06471976574671792 0.002382635430599764 0.08562849679762442 0.030094540126606416
20 0.08802398046012597 0.08823076551384054 0.08694771748882286 0.08442826323982701 0.07239773470178149 0.02492945566841193 0.05862087224900752 0.0002684859904109153 0.06680617592871757 0.007221812062406174 0.026912433876715196 0.029686419776387488 0.0737696726786159 0.04344018078498657 0.03765155906014391 0.043345018790080736 0.04272148839318895 0.013257203923152458 0.029510199345149327 0.08183056006822755
21 0.03676694374523583 0.04477792299349816 0.001846448242166585 0.0020365702410023515 0.002219999649709998 0.07004088877370296 0.08995216054405936 0.08948485429058109 0.051045294133377474 0.0002447596863390225 0.049839233092612026 0.05869304384145899 0.010071306277253727 0.07080462524497692 0.0936736210045479 0.08726534447313469 0.07923897464428678 0.05643172768398415 0.04628746656308115 0.059278814874990815
22 0.040087350201388504 0.030689337400953094 0.019423342367446004 0.06286734099382317 0.07361791062359839 0.021463942172291913 0.09931227842237303 0.023900700122966897 0.003280208116924072 0.1015580720086445 0.01899575207288515 0.06412062780911146 0.03354409834875415 0.054867964528537205 0.009015441466305644 0.0930847191562235 0.0804524643015571 0.06168043931398858 0.09594032686788706 0.01209768370434066
23 0.0343269292805706 0.014227898142882542 0.09820705766841574 0.0711422567812698 0.060060423938709216 0.10002862574438824 0.05544652430319109 0.006701300439411203 0.09987225348054887 0.013317579738014033 0.07158675745636985 0.016046503882462784 0.08049579147547549 0.10204610077431635 0.008328839103109813 0.033358861757355245 0.018298524227484913 0.0064485410802102424 0.040578181787410135 0.06948104893840382
24 0.10163670903215269 0.07375881890279584 0.08732447883419465 0.006314544882420241 0.05271704469926734 0.018823346819089024 0.033227390340042885 0.002368531228586429 0.0988967098149887 0.0016451189898030606 0.0851891196866915 0.08743477818472864 0.06414668439095988 0.021386410011524234 0.05528136009264585 0.010496111880906933 0.03501216860687075 0.07153104307065333 0.07078268190120546 0.022026948630472398
25 0.04331393847704682 0.02887707750778773 0.06907374887627556 0.057014743957444866 0.01967672643015388 0.012184989786874207 0.029872479300718895 0.07102048124026832 0.11913208938136338 0.01929941359463495 0.0008576079130589576 0.009114148070826332 0.08917126393218915 0.11659615395420442 0.09950520708351059 0.008804046901206978 0.1047021489442818 0.006051044655002491 0.09477908391643611 0.0009536060767145024
26 0.05767890649422706 0.03260322301349134 0.004950682580908047 0.08881269607242742 0.02063482625814733 0.060369776414125505 0.06930995084869972 0.027429851146441538 0.05161845012250435 0.10007074388652 0.0868803005576145 0.00978084896669863 0.058894799217918445 0.0915747833413766 0.07430312934480444 0.059399169640709085 0.009864820560365412 0.0607910691737856 0.011839677316648525 0.023192295042586464
27 0.05105923385654248 0.00755268223497949 0.04024630535103518 0.005876356977182092 0.010698849383546137 0.08390002877036316 0.059699139067730944 0.09789815599784318 0.04953960930588082 0.06813135032617997 0.0683964584353544 0.058590561930123984 0.09200102533871726 0.03844879399815132 0.028151759039888983 0.025127187569941378 0.03340470075276764 0.008370642907886238 0.06567681214894384 0.10723034660694145
28 0.1011138509728743 0.009070184121456937 0.041175598187554806 0.01724266387039912 0.04806104846560186 0.0048494754518670575 0.0689299886813143 0.035620159489070644 0.03720261341180466 0.07678218623553022 0.037122390574243554 0.07927883033326609 0.04277394190723132 0.06201124988582097 0.09343065577507717 0.09796510774597621 0.002853973824861491 0.012209108156792532 0.09198541940292447 0.04032155350633235
29 0.01563047628753837 0.057601584562860166 0.043439921661664944 0.0022371290172147206 0.10204002978042886 0.003188780049043558 0.00876970207368217 0.10071944831422058 0.036849733197112336 0.012828812563907749 0.009406965384557679 0.04771797083337282 0.038351807811018566 0.09053438898985268 0.08416233918684084 0.08486340241766685 0.05629544165999652 0.06697299846221877 0.033937633477292825 0.10445143426950901
30 0.09375296597256143 0.07563043385291446 0.039063702986060135 0.039910180950714254 0.028997006031220934 0.0862035068754485 0.0013601315499064607 0.0371786339106713 0.06327234550448894 0.06530371809171513 0.010424991004587674 0.0907030581058323 0.033719302450324846 0.04852173803071727 0.07803148645463241 0.06937703156358115 0.05851556340315155 0.008428839099276924 0.060701715872117375 0.010903648290076697
31 0.09239648170042083 0.028883215203015806 0.0004954766139947574 0.11247962769502093 0.01742243991794611 0.09882231620188747 0.06302466907694643 0.017129535916538853 0.01438759832430584 0.02925775986650827 0.026565351262099805 0.05534284583386687 0.036986299071842664 0.10368865284118584 0.0051193679492667465 0.038334797801768815 0.061062282744705966 0.10501697995883709 0.01093136512081662 0.08265293689902432
32 0.030328619195024772 0.08412584950425829 0.09918984246050878 0.04001010004690188 0.07698709286041217 0.025705884512576674 0.0338791322610577 0.0786126782326955 0.022593767477046067 0.03692483652023024 0.009762352723879623 0.07638296610802081 0.029168610336329035 0.020148392483381655 0.06278803290018568 0.039383388796158166 0.06181385137930721 0.10307669797116847 0.06669631357724257 0.00242159065361464
33 0.006810235346851825 0.05490997526032291 0.08551687899179056 0.06917217145685499 0.037594600189055166 0.10126255441249815 0.041068972468250226 0.0657334297639987 0.09647035258273613 0.000768129059352111 0.004442924966158524 0.0467804231335901 0.08742070161641997 0.0874727948996237 0.03283017641295031 0.014185783697882691 0.046590295069653856 0.09470056386634304 0.02539982487584245 0.000869211929824479
34 0.005149734024498046 0.08228461031936161 0.07760051372587698 0.01965614569096089 0.05218896529515896 0.018461383748763983 0.04663839081367437 0.08200946343819733 0.04494047763100626 0.022913667312970842 0.03232004476902828 0.07772210869141956 0.033798668171491617 0.06048479921852064 0.049484623093918136 0.013331956434284854 0.08676876666941843 0.08800459770731242 0.053020452819660835 0.05322063042447602
35 0.06832150803665656 0.07165277177968656 0.040373612129378754 0.050512911902308714 0.0549556024447528 0.06543793496397879 0.027274608015329962 0.058236903973168316 0.05564543528734726 0.06675939843136156 0.0636953021688412 0.03857794834538173 0.05273891351625239 0.045139508086198425 0.0428525687138373 0.06135693003303279 0.03972938969970002 0.025824713593522845 0.05524456051181316 0.015669478367451167
36 0.02323483681349921 0.04295546841591958 0.045001734434913204 0.08092030617666479 0.05864944816448001 0.02755436607330862 0.06709690119208488 0.06824533134144825 0.021071053190459904 0.05629398689492446 0.04824617519005393 0.009454125045900633 0.06323054920015693 0.05791139402521858 0.06937976510615396 0.045050660277355485 0.0918995100640165 0.04177629835959806 0.04786157371217349 0.03416651632166946
37 0.040339933857939714 0.04411865998433527 0.03356057973187577 0.015827872423208118 0.08693405103913611 0.002831541711400337 0.08539872729531182 0.06753253011167648 0.011173273454726147 0.00563770405905013 0.10422253239708452 0.0670827550198209 0.013079702048811159 0.10698270997095052 0.056787960270231176 0.0217226949741164 0.03377752227390008 0.08036083787457225 0.05266224124383502 0.06996617025801806
38 0.06869460848805944 0.028655122899738927 0.06517593976768227 0.04075244368523053 0.07473380937940399 0.09017780474033778 0.02276401886733275 0.057000256392913916 0.053325022001934876 0.06713322564029353 0.04119997234609843 0.049566977682538 0.019431232934203648 0.07743814991182173 0.00964483362274752 0.02834048771195029 0.07812198481607222 0.06049078497430149 0.05151078260077879 0.01584254153655982
39 0.05946409542855229 0.07662260531163816 0.0866969309326835 0.05193418178366991 0.023699204011188846 0.010845372136986112 0.06343399614344994 0.06425760264223511 0.0664575633783375 0.056374587813983607 0.027015507967308325 0.08632767094744412 0.01409410825292059 0.015834805828439835 0.003077916096517662 0.04895912123929542 0.062030751188900626 0.08226953381265412 0.04860666770639529 0.05199777737739904
40 0.03708982967794589 0.09914462781082314 0.09755816974241983 0.006462228099331123 0.05105626126662771 0.0794479366345832 0.03343674974445092 0.07166717897235245 0.0554551457216283 0.04753441398621623 0.0949331486396357 0.0050178969566309385 0.0776882759615286 0.00965006658113538 0.09978501346638878 0.026610715451429234 0.038190324607704655 0.0400651837739043 0.006761197417353009 0.022445635487910617
41 0.025940347923795373 0.08041227588039165 0.011858843322731528 0.010447500908108321 0.02869662076362587 0.09190475457810518 0.03916145846906092 0.0010840465460635028 0.06050635818608102 0.054625848536590006 0.061263513217089206 0.0643109479313061 0.09465433993588669 0.05500401312073054 0.061899419967777994 0.031161289282801225 0.019405766511971127 0.07613432620399214 0.06412863929907033 0.06739968941482112
42 0.08863505583885405 0.04517464403071893 0.022427782722041302 0.04046051325589297 0.0792508418586802 0.006341923115474815 0.023557865464311184 0.007124149305700823 0.005041148899441521 0.040699422085149504 0.009426643742781632 0.018871172156212725 0.10162941843797409 0.06111311129788903 0.054727418732274984 0.10311436414577706 0.07344300852512206 0.07293222713448727 0.0617395901884561 0.08428969906275977
43 0.051926314790365226 0.022294021242281845 0.10568801241945963 0.08420548067692944 0.02516711999643925 0.04824835048961871 0.10436602618038286 0.08070859153153859 0.0746505093556392 0.050776265178336125 0.030854852753400892 0.010994137707104501 0.00811070349448322 0.026556416165431546 0.03303955964946546 0.06018140373289163 0.04046822111829443 0.05785058206470149 0.03992614693371096 0.04398728451952518
44 0.0767460562118175 0.044923025027039404 0.0029762689160579103 0.045266621867424785 0.035998309015568504 0.07193657458548479 0.06985338661167724 0.030345883904591763 0.07232057253386583 0.06950624062027685 0.004609122276827681 0.06913954450344852 0.061760928349589454 0.061245262258376836 0.055619261520919366 0.05098316916095805 0.06150262777119277 0.05381550422748795 0.02437839181545653 0.03707324882193823
45 0.046579860559623515 0.07752485823626076 0.09495960873387982 0.010830589453069462 0.09089175302051226 0.02990109717423956 0.07270672914973876 0.08410658051172325 0.02085881587591403 0.008866054359822123 0.09158354482297824 0.035668559789526655 0.04776472968353845 0.0863743871022003 0.010662189578583142 0.03417654894711456 0.06804855594421039 0.05228017909313691 0.029549044261426603 0.0066663137025011815
46 0.052283797285322856 0.013310983549178753 0.06416221712456714 0.017051140289352736 0.017547267920442505 0.06524672539312276 0.0012763595377024634 0.05441628924320369 0.04542722436826556 0.042345118525341736 0.03919023214289173 0.021185537262280868 0.07480131405614669 0.042268641644231546 0.11768555646647637 0.04131695638212453 0.09194212429401546 0.015091523019166197 0.07981865849883098 0.10363233299733556
47 0.10367873323171677 0.10564204300308981 0.05091032922859016 0.05139319949561959 0.07777564876201463 0.010419825482518246 0.06085800010410593 0.053096522459611016 0.05897001011238909 0.05604168269902526 0.0102993368438927 0.055237560955738056 0.01587608763889451 0.03227162001356666 0.002026301697859589 0.0002036936796227625 0.0682978939115275 0.05063386042371182 0.10767733844542066 0.02869031181108527
48 0.030943013376897584 0.059563047410720646 0.04509439017950522 0.025680082201119992 0.002731292169286503 0.08495673021068423 0.052136602411403304 0.025399760753471126 0.09912631310261871 0.09611524051638794 0.012609630804394069 0.0538215125184576 0.10168779478293508 0.007817949191926842 0.06941511552040305 0.0513518684904564 0.08203696557308736 0.039954209124126144 0.03318185430070556 0.02637662736141255
49 0.024844341178903294 0.10775578171737549 0.008538569159693234 0.03996193056564297 0.01580571860098441 0.014739311209804878 0.050104219243872684 0.06013017793467712 0.08158659910983176 0.04569772369153755 0.05350368077056247 0.10597206923106203 0.021871865214697205 0.08229693862258844 0.0637427234493607 0.0701450370902516 0.025452920829809836 0.05334918301575901 0.022436258108303492 0.05206495125528201
50 0.08834129005537035 0.06868107216984363 0.029719784596833887 0.015031005571449504 0.1044655337020829 0.027650814087142137 0.11856841159248827 0.034764995525917844 0.0767346535015031 0.08976256895602144 0.003185684836863591 0.026853468935554403 0.005264812401084816 0.04279092949393296 0.06108266146411615 0.02086075042496029 0.08768178886834425 0.03150947722992951 0.0007038934062123818 0.06634640318034854
51 0.06710612297735499 0.06831275201260344 0.06649799641053154 0.03837851443164641 0.032304280980988725 0.008935541648423232 0.021255830087091747 0.020464943050325344 0.06693140603708052 0.017038104830481026 0.07597891674246925 0.04166090569501048 0.04902975069260895 0.07520626567661355 0.0657882302017364 0.07901348863624956 0.074415724245873 0.035679205788062426 0.07639288526272854 0.019609134592120915
52 0.04010093996741716 0.009961564799828295 0.018569213826692393 0.07494294404670489 0.0917734019947294 0.007386563188746672 0.06235223351029343 0.08878194337560127 0.04007539839766736 0.02943160236937451 0.0071143451354700295 0.08117624431315558 0.048223976676840266 0.07009193841412684 0.03950401647120045 0.08220106664233223 0.02507559107268944 0.08848854950081146 0.026692967069363756 0.06805549922695475
53 0.021778624879709545 0.09186410023547635 0.08801075750027518 0.015837403155513075 0.0776806768260039 0.03872497431227369 0.018583864196827796 0.08699124704897272 0.046894589848895 0.020134787320302692 0.08730021057129465 0.05110860617508432 0.00440853833108842 0.04152070579523188 0.04238128829966407 0.06161543380525297 0.06969016462649359 0.017106964964166138 0.07046475237053718 0.047902309736936835
54 0.017295544426547252 0.008235154570221418 0.036127747344655896 0.09368310928378085 0.07428238667666678 0.07594480078870638 0.002311219182318876 0.041850835557738206 0.0706104781577694 0.05969038023849236 0.0007197059240526913 0.10523715128752081 0.018101494270087646 0.06831050304543589 0.015150766460577085 0.05480284456215396 0.08736339271668224 0.0629983050979062 0.08816424043731681 0.019119939971369352
55 0.056993721698801944 0.05094326603195085 0.0789913515063028 0.0867910277632208 0.09459904345094299 0.05058733622321474 0.06700028396962604 0.07513696651632538 0.0017622402279737221 0.08513852405494259 0.0020298794571139895 0.014463877979842306 0.048415159577567646 0.020180876733544593 0.052646139985480456 0.09538633630030904 0.02336061540847212 0.026718926391190348 0.041530885966838474 0.027323540756339127
56 0.10008044532734287 0.07002217010105605 0.002341852942182811 0.009998724702249582 0.06257248645501452 0.10579423640525552 0.057686009831435396 0.012566796756305645 0.0811174763258646 0.03127244669333975 0.022139154468314763 0.042991710954562716 0.014848082409469611 0.06977669025195754 0.10985799928019736 0.08676136598608715 0.027663621154680143 0.038620831316299335 0.03585002990626874 0.018037868732115825
57 0.014002010781944439 0.05100632243519274 0.0451982621184841 0.0758538810779835 0.014033722833743472 0.07003573903157202 0.09213168267111188 0.07058121616226071 0.03119402083805656 0.04694742516616745 0.041080954974530744 0.06271244928703001 0.08825743205156074 0.018368742289742356 0.06546497287990265 0.03819291977021715 0.03456242095372634 0.05695219168596727 0.06645592973627044 0.016967703254535383
58 0.053463485348971856 0.012045933044043878 0.058555628046732734 0.0846773266963966 0.08427824690017806 0.07444085117401629 0.03869239756491846 0.02578331768462412 0.014097213068160877 0.023185510737953746 0.07923561689925361 0.06702287263516415 0.03348365343741871 0.04760738324730838 0.07957743282981494 0.0030520829023372447 0.08233681491555923 0.054245239879853815 0.03354455316257488 0.05067443982471857
59 0.016822365467036922 0.07615245123786166 0.03596535519114974 0.031652019299845846 0.030092105976839683 0.048286301698985165 0.0848871045158251 0.08571204124398782 0.010418726103600463 0.09139038650391361 0.08210752252048467 0.014328602928645415 0.07907244178901493 0.08848540928835405 0.04032000748602658 0.010146547886722628 0.027168396528015667 0.014521965188289503 0.07762097062285414 0.05484927852254629
60 0.039982095662247016 0.062292469492016965 0.08536150765601158 0.026017240545874103 0.052413885004392424 0.058914158873066454 0.058389101843068975 0.09335234345768069 0.024709199440491325 0.016415501472202738 0.04482674120090224 0.022887512100884796 0.09443192526088763 0.08551516227950963 0.027828991278537305 0.05657396001921958 0.07228449026628504 0.06775039032288586 0.0064802519079054455 0.003573071915930205
61 0.04015749594159494 0.05578689852765109 0.07866850861616849 0.013210849043635916 0.0612214611898576 0.057930199045530366 0.03348882738399955 0.0032542710454067755 0.013258172196437303 0.06935090593244214 0.005172955021020737 0.03855559697118093 0.06734399097884188 0.01973360662469294 0.08033562607336026 0.07328582286965428 0.08429012797894951 0.06648343596459823 0.07342845149132696 0.06504279710365027
62 0.06204792422503798 0.05956765253753414 0.07781762710301532 0.06055111213827241 0.04391805697651148 0.0841766369570361 0.029615056036878883 0.04246548485099922 0.027283264047087422 0.03241799312901746 0.02596466483542882 0.08255387734909946 0.03360174588506306 0.034422111792179105 0.04731663823892296 0.0885827048670322 0.03707991561938896 0.04935148184993547 0.04254632887602094 0.03871972268553856
63 0.05810819408100778 0.0319853404034135 0.05076380938556904 0.07876651950031058 0.08027083183113722 0.03729753122339834 0.08153235295228388 0.037873401998428764 0.06702315715809579 0.033682302615600554 0.023998593689858967 0.07399267727882695 0.04750710850838673 0.03928635604430053 0.019196503247417118 0.06658857013130527 0.07755253783348903 0.02526562810914701 0.008400823248673738 0.06090776075934923
64 0.05910922845381452 0.007201546506164442 0.08158839182471542 0.02254067938544649 0.030016815175043038 0.023048653767216508 0.060051213961254 0.06043956559074588 0.07676834845214628 0.03534341525673009 0.012337860146664086 0.06781478436055381 0.05452192693770284 0.0630964136513694 0.0476093954429139 0.075727999393259 0.0629638094506011 0.04228242787667036 0.07005452402023876 0.04748300034675011
65 0.0881216685563341 0.020376481142731696 0.051437579777929746 0.008536755001044035 0.05622702086615473 0.013407874283098515 0.04482294355919122 0.04526959832424809 0.04357322282812753 0.026499322773378197 0.10344539650402056 0.05497158792275979 0.02720830077571857 0.01889194868290859 0.07330168442175039 0.06412311194802339 0.016392579612817905 0.06388086237232435 0.09191286100636183 0.08759919964107657
66 0.08696261851001919 0.011007810134306224 0.07808947213487977 0.029175123031090967 0.0824525379670059 0.0597034534453374 0.09472892724009081 0.03256460270149452 0.06496280976341087 0.05442844811934448 0.020025064946615743 0.05275957229077436 0.07015071822057092 0.057360553691725776 0.017856824314210623 0.01359190159961842 0.04661850035991158 0.04740190357721589 0.013604199912645464 0.06655495803973108
67 0.04006670756044981 0.053837919928839885 0.092132756570348 0.08866345425611188 0.07171410361743576 0.04878344921334654 0.016609635265236598 0.01448001893329921 0.006864438905479309 0.06145508195775069 0.022280142898070888 0.04446318097456874 0.09304441693511108 0.062204405011552506 0.006143756725568871 0.03010906348898439 0.03740962842631371 0.04550314851370035 0.08097949350819131 0.0832551973096404
68 0.06176332642545808 0.08178182427391721 0.021422479646980443 0.02231217079282549 0.09705808472562096 0.01377711499976971 0.07814111561888265 0.053715620175219136 0.055442174610086895 0.0488142726783055 0.02594782520072951 0.05869654940628228 0.01907233994555799 0.023897920493849024 0.07640584990499104 0.08555192695223136 0.04062477056686704 0.013034869882921058 0.07011988358983832 0.052419880109666216
69 0.06210949502727496 0.024936757720238758 0.07151950505189927 0.050350530246107826 0.040778050574777513 0.03432973023802589 0.026366017097334892 0.04623979211132941 0.06548967867994555 0.041034872967184666 0.042085757502207645 0.012416742578671027 0.054245191056634647 0.05093170861270948 0.05625096908733995 0.07430636657712338 0.06733315586517961 0.0676181353323546 0.07600338933060335 0.035654154343057694
70 0.06959024627073729 0.06117428961065364 0.04645256834047116 0.061718032811533534 0.01048223302410932 0.03552825581431752 0.06470855500194124 0.05832978093776102 0.056438629620196655 0.01176151166594413 0.08546876974590895 0.06816556530467957 0.0028629367731384595 0.022795401113881772 0.08248817508126106 0.05722249516306762 0.014766570765238834 0.05498154610198656 0.06892008096816944 0.06614435588500221
71 0.02936801660297304 0.04175851119893089 0.08536416252122712 0.051498358780887044 0.01319481550529129 0.03646037104731206 0.03259454224195927 0.057134322577692874 0.05257996553249966 0.02042250537239296 0.10641274319288044 0.04316577932177898 0.006655764682466807 0.09778879315896663 0.10869473773057782 0.0656005425181102 0.05125127601281412 0.06318933761939147 0.03026361452684155 0.006601839855005967
72 0.046527470251301856 0.014758587790678946 0.06742613990117885 0.04308192950381767 0.06998641292503298 0.030886092754387983 0.08422116347369366 0.012046548554458789 0.05377939762141955 0.07251338311173079 0.014939562966703268 0.020355839788675195 0.03126091961615649 0.07452280932356223 0.0651328928122086 0.01523499409651023 0.09018615150519171 0.07959679332974212 0.028080981223334318 0.08546192945021465
73 0.0017015602379861858 0.05467606090181008 0.035583741094798005 0.0711575472951503 0.00326534063870039 0.014826784298055262 0.10936643165982149 0.08088149804874982 0.07010677003964863 0.03146021961923263 0.10282282692549856 0.026328408599077868 0.0545068179449133 0.027289231155709026 0.04360978523713616 0.007347177013198093 0.04966501981392079 0.036535341719621084 0.0936569214235582 0.08521251633341427
74 0.0766822592250854 0.015367146689920948 0.039604641765091785 0.019227851845722267 0.001549994984118412 0.06237547193955976 0.014020004249162138 0.02907200618433925 0.004678473073280024 0.06404588811832436 0.02499709006201999 0.06210269005696121 0.006413970397540519 0.037714825514063584 0.10498344488805202 0.09044752800862269 0.08048745103773007 0.07074735082230627 0.10632599505087333 0.08915591608722602
75 0.0036416093952504882 0.11116480363137246 0.02850864379224954 0.056109609344165985 0.02590130110019931 0.01613143150624711 0.08545795131564515 0.0994592744092526 0.004163048474156192 0.027568069011240908 0.06103572007027122 0.02762293648061125 0.008220354033416534 0.1250570480592479 0.12533442578845827 0.025096212110869334 0.004230432717911385 0.09925068381435787 0.062122538701062095 0.003923906244014407
76 0.05825256627997342 0.04621722551127218 0.027819464586161236 0.03921542684880628 0.053078293485483395 0.003368836649363154 0.03977894550891024 0.04576244774676093 0.0638259026978792 0.08808698104972792 0.02842398022929668 0.05475819183852638 0.0733347196529775 0.06818571193723902 0.08114471251870677 0.009580138483693252 0.0717446770013947 0.05303146070196655 0.08331284395478367 0.011077473317077811
77 0.055380240911509275 0.06655681482123518 0.07782058569624128 0.007128588392498427 0.03162940141332934 0.002261691695733044 0.07817847902017797 0.03945967679061479 0.0382428075139823 0.07633159916417852 0.02853554689458284 0.07042832979653213 0.058335874490651494 0.06612793072035304 0.028834916827331945 0.016521249942797942 0.0693869471783648 0.055893640987032554 0.054274692086054746 0.0786709856567985
78 0.05178774528796405 0.061401036361961106 0.05409675876100943 0.019394977208277032 0.04382620970390155 0.0242478090306222 0.03514711543212347 0.002328353811107088 0.047072425231690106 0.09399381451483296 0.06404250348799892 0.03979640514360284 0.08167923544528326 0.029064625896681292 0.0328046510569375 0.04392807731778883 0.03940693597000548 0.05159782999760296 0.09543310788074218 0.08895038245986772
79 0.09628278692597939 0.08231476147572864 0.03568523514491807 0.034651033357234795 0.08592575994063695 0.013999829461654381 0.07066407844967644 0.009384275462971891 0.03432446007037884 0.07812721697717934 0.0832551561409685 0.07896874309009252 0.01908846227310323 0.02509283899686466 0.0037990978813146592 0.09585944173697174 0.03258879704701285 0.08880330554072846 0.0021613007659578654 0.029023419260626654
80 0.0020144988493089283 0.08090114336808209 0.07863479085072352 0.06217297289886369 0.06431274474294638 0.02744253862172177 0.08371215206335422 0.08520521850768736 0.03576124692876196 0.04364182830145901 0.06855726852711536 0.048832984842031434 0.006502020803094925 0.027550621331600862 0.07507648367372668 0.052501925427266914 0.025849306177766818 0.03319453593715255 0.07950799082590526 0.01862772732143007
81 0.015414262345752718 0.01918300465726812 0.08525146397465881 0.041046431173263065 0.0931767624293393 0.0776730171919103 0.06547949971613064 0.07790402642879433 0.0728398014443406 0.023243868417108855 0.04489749154056024 0.011087317046006625 0.013743779092263549 0.08005919629329933 0.04510682676002562 0.04102663891149314 0.05944726890197419 0.030270925086935234 0.023390409378185758 0.07975800921068964
82 0.03237959956244939 0.08151112967205046 0.01437441488392794 0.01936220850057701 0.030512873649556804 0.017584407871030674 0.10019149137964577 0.05239991365785955 0.05921183588872143 0.01047407941648375 0.032681387320737026 0.056993328208373537 0.02658380751556499 0.04724849031236208 0.08165223039867538 0.0629515670183749 0.048918241981891784 0.0573248961754995 0.055484938143947886 0.11215915844226998
83 0.015272142369751232 0.07590396705883307 0.04703214021024774 0.03297762545032379 0.028411995242405765 0.07052685122063722 0.035326919646742665 0.07670471385102064 0.0840584607717069 0.030551395507329365 0.0601605587572639 0.07795899936291836 0.05694646988775262 0.0622760964396166 0.04559865033046073 0.005062421225152074 0.046100952949922856 0.057360269867642 0.015515082782517817 0.07625428706775463
84 0.1032154380324232 0.07164008654478768 0.05773011496753636 0.02227918381440457 0.06716673536851768 0.10785686433393554 0.09827564547648834 0.009095218104165118 0.047936579092304775 0.019008819220216078 0.00025983256813126294 0.012902764062948095 0.048866289621695286 0.08491165425366388 0.03504507685636718 0.007493967298473104 0.06647532063735415 0.023413974963861262 0.0995365437352075 0.0168898910475191
85 0.05142070569488954 0.08747337098708345 0.033207794390979 0.03894285925867055 0.08100051994011896 0.08592796675705666 0.041092274118864604 0.04312401295995374 0.08366617866735529 0.0026785702958996484 0.021492647791697468 0.005837515521277485 0.05725418056260266 0.01113809848788194 9.383304004684379e-05 0.04363829393656113 0.06150536734448527 0.09093708996622536 0.0849067805575393 0.07466193972081123
86 0.006668403501061388 0.0818957569893049 0.10031396348681251 0.10237991532143703 0.05755256834770335 0.008687979779488474 0.05203992186773791 0.03456350407408944 0.05580575297839578 0.0006336425125057632 0.02783319475317397 0.011510109384360456 0.010506133364841092 0.09620695448887137 0.026695658957689904 0.08445190749218617 0.06037534475185559 0.0708567753809213 0.0942380467689141 0.016784465798649305
87 0.01798244503340144 0.09689316025043561 0.09383805242534753 0.0011976665352768667 0.0079680727082005 0.052457506335196045 0.06596488453790074 0.055001088039663616 0.016842638249887843 0.06530806332554778 0.03806186200309761 0.05666366537231689 0.05028183347368144 0.04554562539714979 0.04550653831009793 0.06600642720647999 0.06309671234770528 0.06432404009323019 0.08781812772915333 0.009241590626229527
88 0.024935162495384904 0.045683008852252086 0.04593208006792256 0.09173520897218203 0.03618177080562429 0.01945757167186793 0.054354244168706836 0.06495332458671922 0.08102902092724147 0.014093464461549554 0.14007714842322336 0.03165137686248559 0.04173507908313489 0.009932035902688785 0.08047434114059146 0.0016670586660584431 0.02451048269377968 0.03618683910475313 0.004860125879220493 0.15055065523461322
89 0.007316162417769113 0.032430874462561855 0.0563410770211086 0.012844367653167162 0.006369982889734378 0.034934623448990745 0.03632565548961357 0.06351086080401161 0.03291522181628574 0.07682378189886803 0.02583786377337124 0.08915040059828551 0.03796383190927939 0.03647244576852604 0.0876300027437509 0.08275071472824835 0.09213398634800664 0.0803704522946229 0.05869601813883587 0.04918167579496237
90 0.07207742460829729 0.0750379411146744 0.06905450378161644 0.07653555413089476 0.03365099546324833 0.01399017683338993 0.019210707477147638 0.06821473737197573 0.06562512483313131 0.0907902892652139 0.05877132196472147 0.0940640818207389 0.07310049904762027 0.024940544247931868 0.058130379701742875 0.011500085097092494 0.03380849612152791 0.00391657622430897 0.0023050719206471715 0.055275488974078454
91 0.002727328040473924 0.04824368742453886 0.03249469492805241 0.0772360701753534 0.07123663912191751 0.08105983788299215 0.024465779434448488 0.06347914654658439 0.04785639295717343 0.07285084456010035 0.0858241122994943 0.038006669902795 0.042747181952679146 0.0752703391557765 0.0044852011106104915 0.00765412316158153 0.06972007199777677 0.05811348967316773 0.0783208627813631 0.018207526893120673
92 0.038925508071503606 0.07170628700114902 0.08307575601643655 0.012444840085093481 0.02602039095552409 0.06334484829195819 0.08251946421899019 0.02949034414284979 0.027903116722684435 0.0557466142206955 0.01931044399625999 0.04744096622763208 0.032505591024376355 0.07208352731668702 0.03986105868920411 0.06559555334932049 0.024721275475945437 0.049672483047581775 0.07564202964139274 0.08198990150471512
93 0.07153889029003492 0.03022464362069205 0.05113544934560396 0.05863165281619593 0.07104558776274185 0.075765989408216 0.02385251753545157 0.003551695074265264 0.006161804835748882 0.06702458750728729 0.026161768839464875 0.04949483521058187 0.06653561604545209 0.026312687288849515 0.039941678904501905 0.03288826512625181 0.098416283191315 0.09704317114464918 0.022793263642565696 0.08147961241013056
94 0.005103892357806245 0.023451364217186844 0.019462488782862993 0.050193729318784214 0.03915586992054512 0.025066023481207598 0.11703155373789424 0.049103954101320624 0.020484674395974994 0.11665566270090255 0.019497952525378025 0.07111907678050591 0.08397992616622336 0.06650345290246819 0.040364182091794855 0.06067426310185379 0.0017996415404631205 0.05081164149121419 0.10985909133898841 0.029681559046624725
95 0.0699518945132141 0.08023803876374332 0.08801219212806675 0.02487259833299714 0.06321762368785623 0.005341273109217031 0.05797618162824527 0.07621821736893118 0.053171849119557975 0.07376419780637238 0.008165963950232358 0.04630297517720879 0.01606405541810161 0.03467563458836498 0.0026240174468845456 0.07102101954503846 0.04575915622690884 0.09301185376400475 0.02684404915773718 0.0627672082673172
96 0.0737221766070859 0.09023993299979065 0.022188073758771704 0.0423802787737641 0.0689365670673011 0.011815194814073024 0.05795938896844947 0.038345579668952696 0.035629514935770254 0.009163275527098108 0.017357222427813207 0.05713929844716015 0.06147822376952205 0.08647877497951091 0.02556200957471208 0.10004008729497416 0.04706628491280344 0.06171397504653438 0.08733050903535698 0.005453631390555737
