0 0.0683209613011559 0.038547645762591676 0.08178161332867245 0.018991653454893485 0.10173923039821679 0.024140880513381396 0.03220615530167448 0.08256489075049682 0.05764128058472036 0.031946522059001475 0.003781153126486792 0.002968397550045043 0.05222430829869596 0.002186423689078042 0.06706052123452728 0.10011484438857914 0.04098653169739061 0.0245566269735658 0.08130255179368572 0.08693780779314073
1 0.040647597253901054 0.04494049675341066 0.03481692937908048 0.022041395242827503 0.104502698851485 0.07300217763632687 0.08526637114437087 0.09541482246669186 0.0078106094303385335 0.06816730542099467 0.04382331277076086 0.07149592111603228 0.03754596945986412 0.039808350463868374 0.08239052852458834 0.02302553090681604 0.007465898918553557 0.03469083257055185 0.02984324309013343 0.05330000859940333
2 0.09552103169972954 0.007267584665190624 0.013318311823089407 0.08795948387577905 0.05019153375929656 0.027460930954647543 0.018249110111415657 0.07297618530257884 0.04102423072679919 0.06879173296627712 0.051738392907143 0.07612987699946501 0.005534644863470517 0.10148703720832752 0.06418177508802411 0.09037467704747526 0.012422753113629096 0.06377535854357062 0.03615746032572618 0.01543788801836482
3 0.012727386854807034 0.007879472824309217 0.07427322375082965 0.0380991438936821 0.05712373806721086 0.0034349643713725477 0.029503046507423216 0.05978145136586871 0.0022291889517928308 0.0460947319242285 0.04167673290516254 0.09708593553709259 0.07417610094813837 0.09294338856881693 0.02856220629371413 0.011991796043049452 0.104599049664718 0.060957948062552725 0.09489162839869063 0.061968865066540105
4 0.02927642336270655 0.121619407589091 0.07337522143492428 0.04135192566713208 0.11836374107727582 0.060308593832563304 0.0031509085187854217 0.02755554728186823 0.022543315698657175 0.019549332365903744 0.02337158444353304 0.06092744661777141 0.09636810447651695 0.07022385858030179 0.022488514135330172 0.010787482572315684 0.024339186006916133 0.11650297886586171 0.014048881240459488 0.04384754623208605
5 0.07266931558615325 0.0719745228667999 0.0666944310954791 0.012475937309400114 0.06976673746201023 0.09215452970640459 0.10082286960418263 0.0881793530055621 0.01887138944268778 0.06519387853876392 0.022687964790938465 0.02170851427986274 0.03503380388635891 0.002114243848024689 0.06105042927260512 0.0156438709936917 0.04434989675931101 0.08650055450761626 0.03542769801852404 0.01668005902562377
6 0.09854433806634504 0.043975643746389716 0.04783375000022636 0.04008426517862582 0.019719345702700845 0.003992006508059133 0.005775682229422107 0.10928262427783199 0.058416609988120614 0.11618041359156944 0.015275008637819215 0.028613917863625868 0.013242923909129352 0.05005811742259884 0.058094456221549115 0.01911014017703398 0.11566909748064465 0.042140119334066556 0.0800415724300497 0.033949967234191795
7 0.04981524169585874 0.0780092277145266 0.010293226875946856 0.08437055659240143 0.07289718650702623 0.029702310349961555 0.05492100060905716 0.019885799681160665 0.06231996967807392 0.012618400800911199 0.08400553313559926 0.049382982941875646 0.09673279480418759 0.044225252734738416 0.07493863099259265 0.0256206703875928 0.0682935866993485 0.022913295823939958 0.01906350055556743 0.03999083141963313
8 0.017614051873388235 0.10235614697937294 0.015378499684538593 0.055346824729362885 0.01950844720126752 0.09979328584560201 0.07176402358847062 0.07163689624509952 0.07167037620057871 0.10046576900481409 0.00912571886139891 0.07699726840323019 0.004951001180100923 0.046273524125574325 0.07099336663792467 0.02832188285157714 0.008854311604553938 0.04061913429832719 0.06788782229688688 0.02044164838793081
9 0.007455915838123058 0.06848520217669356 0.06723431465897335 0.06689020117112528 0.0887996035737707 0.009191885840366188 0.08314130963790478 0.07492885753701928 0.07689915444861982 0.08009803486136872 0.08365989558085216 0.011647620381689627 0.029996556022488914 0.016360616716955965 0.03834138512910013 0.014873078548826187 0.02938358228887092 0.08452112026963486 0.02569345682412171 0.04239820849349468
10 0.04305044470938835 0.05726684149104446 0.07928570035064685 0.0570201676450735 0.0663761148525864 0.0012294552261593668 0.06767368957518617 0.029640041996422308 0.006622510337312464 0.08043423455298782 0.06343498116018603 0.006852924127559299 0.0547196226114278 0.06996737378280762 0.05587143169056422 0.0006473935277326111 0.08730786600777023 0.10612516569791865 0.004497747552008979 0.06197629310521691
11 0.013387595767449793 0.07233975315592986 0.06210121303708825 0.0641855274561214 0.07097146635485846 0.0313938703265725 0.012831707615488032 0.09571058381580239 0.0967412368432254 0.10304026372142516 0.06028346872296978 0.027256622338212046 0.056331009585401125 0.04388195174464349 0.037212052098692314 0.017282035516284246 0.0007843376780124105 0.04887227669112985 0.002863314930948489 0.08252971259974509
12 0.03492440347530119 0.019622918560651285 0.02295385943379993 0.08875819745027143 0.0051688505564265715 0.0726348559733864 0.05856408479116546 0.06776445983915563 0.01173095718123464 0.04856208853004366 0.06449373278902179 0.09082963381099916 0.0024430471328027907 0.09294335430015459 0.038797386724981946 0.09086467633131272 0.005292014508875536 0.07937760317168462 0.05649078570991631 0.047783089728814364
13 0.08568101987453457 0.06429641549303647 0.03059177922164445 0.06854792366883239 0.08486605136061587 0.030162897635226033 0.028011481791071578 0.07731462882868571 0.09540484184538729 0.05849296952574302 0.08461551063546649 0.05943735430395942 0.008117650086551985 0.027738115055390426 0.004772447646962704 0.03177226203343662 0.05903142911770094 0.05012569379286637 0.019467263740391993 0.031552264342495764
14 0.09660403117873641 0.013557862123886624 0.03250712309762498 0.017200235556621483 0.050672549375727155 0.03431794623785664 0.08421361145036582 0.03390355469911373 0.07558621162700555 0.05589809496520592 0.0610935351268685 0.006770805616312773 0.028454529548511985 0.09168026147127986 0.08828116098041423 0.09036149133239357 0.05153092074346557 0.028112538049643164 0.030393181163964854 0.028860355655001155
15 0.021208351725589228 0.01766710234731563 0.052360098399598 0.062163748448322655 0.07423118912844284 0.07124246137305697 0.07719676566615127 0.07936133083904624 0.014866394379083922 0.04577114607587374 0.005871957818681414 0.06280175161587384 0.04538617075642056 0.07686145068869868 0.0148069329566597 0.08098035767087193 0.06885843230435912 0.009778593229132626 0.07112212235992274 0.04746364221689894
16 0.017895622118127768 0.0025398513582360204 0.05570324522716596 0.06279257318282234 0.07574368856272337 0.04998938608087317 0.06232497277187535 0.010720367931203612 0.06310924786574684 0.0576703889468475 0.06444790629073896 0.07384928863673118 0.008931115921613777 0.0744823132780433 0.06145954644857429 0.010191671789959177 0.04152732581363772 0.07370898189314842 0.07376668234658112 0.05914582353535013
17 0.012412603879462553 0.01837999426547749 0.006748638898430813 0.09045721563786997 0.003809568268054173 0.09431200040835554 0.043112453946359715 0.02567412160770832 0.0476861055269259 0.0026228704826288815 0.06993096956826828 0.08966533700240542 0.08192954624759051 0.04797568656372963 0.06503885871048777 0.0924197086180828 0.059326174352547396 0.09463832326832158 0.03662176329382683 0.017238059453466594
18 0.03790833905996241 0.0661481202640462 0.03767610938476165 0.0766686999176043 0.016830280355260192 0.034337928833265925 0.00946582642496922 0.10957213171653157 0.06437648215410861 0.018162921492332836 0.013742321158754988 0.06736147332801166 0.06518609577512496 0.0346447942295171 0.034373580716836154 0.06807351806397578 0.05961362700575681 0.05461508138210713 0.05272756805734551 0.07851510067972706
19 0.030308069873883636 0.07904030326395925 0.07536337528708568 0.02508991692998239 0.08014299260960893 0.05755142161886174 0.043292599681850084 0.07274268111357259 0.09099215278289735 0.01304700667780721 0.07630134941639229 0.06970405445347715 0.09060315894780172 0.021097248641396723 0.03750757118798588 0.05045668605949453 0.041824870358838674 0.021262052606641248 0.012906352176375924 0.010766136312086927
20 0.07953520106708836 0.008973822859916044 0.0705317244450517 0.06620837057429442 0.08156143795408584 0.022866128643398587 0.05026385086250289 0.01670396569260429 0.054405803356092255 0.002961323710729037 0.06167098891602832 0.050107255879417355 0.06895001331685857 0.07970803186268224 0.03516210268775161 0.08109687170267653 0.07294108225410438 0.04529941841333229 0.03825467448313653 0.012797931318248704
21 0.06103552165583398 0.03093543903581352 0.03473853344440146 0.06304343771169676 0.05884505840130812 0.021679248437431728 0.044716444376317874 0.05463136266784279 0.0762191000213749 0.015142840888372845 0.05285971553124011 0.06378343183110594 0.03988734739477908 0.07313416511914689 0.05723027630391443 0.0668835742048138 0.01961856079212152 0.06487035580738601 0.013293229213377673 0.08745235716172041
22 0.03789238053288607 0.04426572856379394 0.09034518804474777 0.058808864218173086 0.014179463161184343 0.0514327308701024 0.06256258056821024 0.08575655300210747 0.018832981583534275 0.07465157099679333 0.05623320604565155 0.021095168245730753 0.08954202943674934 0.023187873909325377 0.04825178921433105 0.08366144803844207 0.04270256579180649 0.055524101089690324 0.020091349677009727 0.020982427009730232
23 0.08304313656822901 0.044032496564939815 0.015292444095980812 0.032517379008510594 0.07306351704970714 0.004358173840862718 0.07577272621769326 0.012884734354069267 0.06791313122143884 0.0057605394917683685 0.07037373759879016 0.08700351227787216 0.001647458082470673 0.07666439574170647 0.037601697060377935 0.0915991179739856 0.0890610240262853 0.026951674174300846 0.08103703750885047 0.023422067142160493
24 0.009242110521400455 0.057029703030422076 0.04136979485515188 0.0127265012007875 0.06285867728666474 0.07025905813102608 0.06661059803306577 0.05982096586403196 0.06247245641390942 0.08572236316224495 0.07635792932886516 0.06842286138534232 0.037055901689765705 0.06332879437371054 0.0339817449267559 0.033979406250977805 0.011891521676739432 0.06881138048414027 0.008569076094787352 0.06948915529021062
25 0.04008462925692241 0.09039855236862857 0.031291219939894484 0.055917616883286586 0.054391044830008464 0.025815980933543953 0.0865452591163855 0.03163551366258111 0.06835890681173275 0.04615446237482829 0.0457560611178172 0.048716947708328295 0.08399719882217482 0.017376088103395405 0.051786505940781644 0.04406960863766407 0.09088745529060631 0.01333520233063108 0.008967477445783 0.06451426842500602
26 0.07311656324693788 0.006124787440471936 0.08953446409484633 0.06954295982329457 0.005212174070403171 0.0565718229362686 0.010330477847582967 0.09540215954033023 0.03305128391990351 0.0016034856574850304 0.07200259238782902 0.053543009229962815 0.06734100657691836 0.07670742651465619 0.0935486349554982 0.0019234570681851584 0.0036365834862910505 0.06442036885655382 0.042274938718267686 0.08411180362831364
27 0.03820230887035389 0.03301962273320856 0.0947310049489649 0.10782490903651938 0.00019216992490404976 0.05596135775234054 0.020510041019096044 0.04654776536090729 0.00885311186053374 0.10097679534083209 0.042669006552777396 0.0879038031372675 0.013994785199108389 0.026108158117316673 0.04996740289107846 0.0674190211304197 0.041622879007640314 0.020333340264095487 0.0972235852456864 0.04593893160694909
28 0.07328318562134732 0.08087994923191401 0.05669795196619366 0.08423273045647335 0.03746496010652149 0.004457052897363817 0.01967105696858555 0.036584123382938705 0.0325337488240304 0.05117786250502072 0.08511448316716538 0.050770310291839954 0.038595795172768316 0.037545815975227 0.08197146153786547 0.0026264291943224475 0.021307405192534892 0.03173348107200635 0.09298146925197866 0.08037072718390238
29 0.032884776883979484 0.04595636429106845 0.05480201425495572 0.005856750948644657 0.031585267352607894 0.06095161437160377 0.06481433361332695 0.029137092907872114 0.06024851198571206 0.09964435349043586 0.052608372993284955 0.03370654690967905 0.08338895052401009 0.05019782530904072 0.0038698239549046693 0.01741135485023721 0.05473493940201922 0.07469458501385008 0.056322623890229614 0.08718389705253746
30 0.06903649617732191 0.09807364803744344 0.012901671945550147 0.019264104934135055 0.06624616394062531 0.06449276084486982 0.03670835096144815 0.01621088763291894 0.08598355544625474 0.05293203454435437 0.08969789793335156 0.035392159140673854 0.05613907814956862 0.10153579591665651 0.03465582438957811 0.006085080635804716 0.036332075065509055 0.04255545632058404 0.004204327467102083 0.07155263051624962
31 0.044567024280173305 0.0308053930455486 0.03227509664646939 0.09992289664032913 0.08142668222718424 0.07206432369394869 0.018744951478233365 0.060588546880557474 0.018242527691777175 0.034939109360950016 0.03609977614219927 0.0011933895933514231 0.06290752302239988 0.0712889063998815 0.0886715674428003 0.00859204508792945 0.059075243299456064 0.03310192190726183 0.07518831800725821 0.07030475715229055
32 0.06233276434173922 0.015616458151008752 0.019934675148842475 0.06428867388362766 0.03905762570619751 0.016132374373565694 0.035520663077132995 0.09767779370794166 0.08992286668669237 0.08275977886399272 0.026460441665919265 0.08053546760706994 0.04549514212011268 0.004623642776180327 0.012054742759775798 0.10342496013350011 0.09536711430673998 0.0575753696926071 0.014704124074841422 0.0365153209225124
33 0.015961277627272463 0.029409202397802738 0.054914557947645645 0.04838600463578909 0.043104050595806395 0.04265740313049865 0.09781527011350713 0.07890502850768101 0.010849972632039514 0.09277058984844753 0.02612756687363525 0.09500624601299192 0.0006425072541485539 0.03643964836222016 0.024357523981980874 0.016688053615115883 0.05192925257071211 0.0860929255185814 0.07459330537870276 0.07334961299542092
34 0.08174970831948515 0.05837730047268547 0.04642388713401951 0.010352041020163225 0.06923936431608324 0.010273080303813398 0.026639780127865487 0.08139687356272605 0.059278186158076375 0.07217553497179614 0.08086916058074221 0.033795241420542216 0.037671495808141005 0.06301042977844558 0.038726550356847765 0.009878133794291769 0.059820645405206145 0.06334963853905716 0.005769831769718337 0.09120311616029368
35 0.017054582021163386 0.003986989599467003 0.023482322115004693 0.025883690760498682 0.026050969711843387 0.08570591128402497 0.00880597351386914 0.02528524744076932 0.01908637377965146 0.07291211407905193 0.042632352235583794 0.07697867888221308 0.13907283143201643 0.004808057332574768 0.11341183144793103 0.1334270005978937 0.08895163031256582 0.06161177506118053 0.018054769622387796 0.012796898770309071
36 0.08030046882447145 0.10660760334329136 0.06259569828184834 0.047784351623670285 0.048856093636071275 0.0019329990446934314 0.046950308276037446 0.002302003015479737 0.10547130766187135 0.010160246894383879 0.011180490978241213 0.09917114278390828 0.04931252626687247 0.05574051806150532 0.04246592615006396 0.06869048608131675 0.08925393473578189 0.018540556756068638 0.04028173765577729 0.012401599928645889
37 0.0027145312677017974 0.0109491741015549 0.080358446622058 0.004761829154827338 0.04056924553921675 0.07528784212399842 0.03322842549276563 0.08991894166774281 0.05568807799107592 0.07943574469380195 0.03106994693734757 0.049825621962723485 0.032309757069375354 0.0890777924668171 0.08384692178832276 0.0851692036033271 0.06480896315741456 0.0007230940622821877 0.07059850778003392 0.019657932517612393
38 0.026772155956806664 0.08372053440398021 0.03506975894685478 0.10391749389025746 0.014823013080546017 0.11726776701481237 0.049543992929568056 0.045137547086018866 0.006376825691138819 0.009986053839087303 0.02509044480612838 0.12310877211057661 0.002765251064254473 0.03752657656890379 0.025687971613174 0.12010737268300747 0.028711237199489783 0.10813528720362012 0.01450230001356462 0.02174964389821003
39 0.03220256369292477 0.07733759794268077 0.09845842518526671 0.026382989738360223 0.08962331457624992 0.0824333782423054 0.06988150945037731 0.03909222836107804 0.003947492946343375 0.06539448269906088 0.023117573715413158 0.00865751305777422 0.0011502326989024836 0.00030861731164641426 0.09859209891411855 0.062347614405713965 0.04571855014816808 0.058554747264681066 0.05335334780087507 0.06344572184805945
40 0.06863573083001288 0.0340054946005153 0.07669665821474579 0.04531021079934188 0.06388305692394258 0.04797252593704119 0.029827370561043794 0.10103059143674861 0.05561578079976712 0.046484176388053536 0.06895786911542877 0.005934716060927805 0.020376866838257762 0.032692104741351063 0.00926563778185493 0.04105959106476637 0.07982872726433668 0.024587356320684074 0.04852292567152487 0.09931260864965512
41 0.05312701541306635 0.05719261071347122 0.08107142554655754 0.02878985377166435 0.053031580228227404 0.020968235247578765 0.004035754108685368 0.06781698154348319 0.0486034200743726 0.04693357804352464 0.008279817133257133 0.07597302782265579 0.059597690558170505 0.08233227985661236 0.08685664543609563 0.03415510246599836 0.05098871158009629 0.05545165351828122 0.08306034329184371 0.0017342736463574861
42 0.018454234157622578 0.07313408990277953 0.062250790580798514 0.07299567811197322 0.07646593361184605 0.06830356940615898 0.07988813183021885 0.01871151406198637 0.060681298301585904 0.03849800505100147 0.0487831787281257 0.059310699031929766 0.016411702953875514 0.06360118546981573 0.032212157529548424 0.046854652755898105 0.059444014186783654 0.026957572876445353 0.044364681173339506 0.03267691027826693
43 0.01896480510668772 0.04192047298773706 0.07316347439139392 0.004151223426295358 0.003988420973263098 0.05754952513682666 0.023734673657275857 0.09620189321144783 0.014627155374062568 0.08084104682811567 0.09504260020700944 0.06406841236372213 0.05506925638194119 0.07188042033393921 0.017375874471823368 0.04758638206510668 0.07627291573345421 0.023717823079080484 0.0641345165725985 0.06970910769821934
44 0.04789006010408997 0.04788164732161708 0.009248365395380103 0.08301798999725042 0.01191082706699351 0.015179454621016684 0.024264465491781507 0.0016363696070794184 0.0034203314962259375 0.07696068252336864 0.09191120030675264 0.07936221452483132 0.08021579953672046 0.039454189272017715 0.05090325578630901 0.0935472204537421 0.09856194179471074 0.08041532923545838 0.04526482147835266 0.01895383398630168
45 0.007641427547090343 0.040970154491438454 0.06457108191237274 0.0929011148921663 0.0895738501369968 0.0022559386517406036 0.08345410275430484 0.008517724266988477 0.08168969063110024 0.02536214970419517 0.03621820365432909 0.05403403156515526 0.054977848461102895 0.06314225677390338 0.02540103827911347 0.020394613820615033 0.09047472519255782 0.05386127852258333 0.07636331603238293 0.028195452709862893
46 0.06732714361641084 0.0647948382842868 0.04561977400255616 0.07592966822267637 0.07621832405728617 0.08986513178161218 0.0661163626222867 0.000654086779624332 0.07194850426363017 0.002931046793853342 0.05801810930675471 0.04305265337076795 0.026809524009646347 0.08079692280295148 0.012912759946399989 0.04441797429765157 0.04900038751874932 0.06692507532046386 0.004491858238350503 0.052169854764041255
47 0.03644667907806939 0.030423314186130118 0.02651642230480757 0.04228063133640725 0.07138108784228951 0.046715877983725715 0.09465946682067361 0.019514657264299535 0.017186442785838207 0.08996725678228812 0.07922653795849584 0.08626828246684363 0.04692560185263459 0.059571637680865715 0.03755385275222234 0.026388933415030562 0.07386202217765639 0.015519772902654341 0.059930885302534966 0.03966063710653236
48 0.0723163524865538 0.008946845779474369 0.06899705900769737 0.03238213392336857 0.03795704516599783 0.07265486867854162 0.07460968723740367 0.07503527110382542 0.026404667089936988 0.03763295048418282 0.030947765355988588 0.05055135500270123 0.051997886100369616 0.0340784518479742 0.06388664333728522 0.042530165916140325 0.0717272236748363 0.0709216523859489 0.05652113946362715 0.019900835958145808
49 0.07176670983304718 0.08711373351357903 0.04384192818884797 0.02870120954536535 0.0564784576736554 0.04069827490790265 0.05031482496438317 0.052144927604954566 0.019832845966870363 0.08082713798162827 0.08310399071495123 0.0009924686126665185 0.09697664516298074 0.012239926336595186 0.09505986676761521 0.07944455026830274 0.036148944062823894 0.03649022842582921 0.01274903773962526 0.01507429172837595
50 0.012459565142455074 0.0654209638115506 0.09706720593382252 0.04697891222814136 0.02022833091442763 0.03159494179416457 0.045672728445102055 0.019317999032774317 0.029155896194927353 0.03514386142542556 0.06289089541132424 0.041284859194021264 0.08984596553353566 0.0463167074279448 0.025660936870325595 0.08662010753848966 0.02825520102627103 0.10360614995291363 0.016654969371473115 0.09582380275090994
51 0.07881353546287473 0.057459874190829194 0.021886603425018046 0.06592208155873423 0.05988214002756754 0.08561615271294168 0.00042205686006553764 0.008742080654988693 0.03519528267496128 0.005440860716156866 0.04618757451388704 0.09106294593982432 0.005204871473703608 0.06765442883109761 0.0814146179166404 0.05735099861938152 0.014416466569772824 0.06496720487595826 0.07282655812644008 0.07953366484915667
52 0.09545892018097368 0.059016467102573134 0.07136095493554337 0.00982719574918534 0.0006785447340978294 0.08353064052741573 0.0452200714394771 0.04806398598561342 0.023028062272625625 0.08475289033786508 0.038582296339111526 0.050608741967403864 0.08548980696799985 0.0012252836567429725 0.0488984195548169 0.08704904728936186 0.03948947699806506 0.05809692279420634 0.011852056943213483 0.05777021422370795
53 0.038610192884726065 0.008452104348748454 0.07082150203581677 0.07095560123855714 0.02064430178019396 0.04073029968555683 0.028145330616807636 0.07713911561185013 0.07695499510709218 0.05774669641545101 0.06427045273411093 0.07409323624589774 0.04414870644999247 0.039272471430163595 0.05121507529163817 0.05256141393590697 0.04949068642372168 0.04877642336768443 0.06028892403593385 0.025682470360149815
54 0.0017413255530947642 0.08596992727612499 0.008392519446143838 0.06097224850782142 0.10756954811330953 0.10968080103490659 0.03821217918571453 0.05386655084286135 0.07944799398635966 0.10057792244867599 0.012369525860169338 0.0023861562658020257 0.004450023242606094 0.024070517828515204 0.017592434030312826 0.02442130210970624 0.10466354401858549 0.006179788986027585 0.08169363327254027 0.07574205799072249
55 0.049235525579927705 0.06574774876866672 0.06488151114696969 0.06025736203383609 0.03692536474062823 0.04488800181232931 0.0968945000886077 0.03927394012022826 0.09060691608484946 0.04234552370928114 0.043624585505204566 0.020763629503335608 0.03289147036292146 0.02936024023233776 0.04940696108103033 0.006269197348902028 0.06250844850566002 0.0951980039129646 0.04173285653389888 0.027188212928420313
56 0.0827350254344111 0.06019466041712872 0.03860499850509393 0.033678999178861656 0.07162281600947186 0.07225466281126607 0.03347399130517148 0.08973958906626361 0.006501263434376752 0.08540152276509556 0.06453009628759498 0.020981594391598718 0.06814037196355724 0.04870576009379072 0.04983398945125972 0.04396410982352982 0.000446260445566959 0.04666462511548232 0.04861562160799914 0.033910041892479786
57 0.050915248907324656 0.05281888283567147 0.07008239166343247 0.05102142661928213 0.04982509219851977 0.05010136794229622 0.07135797209802815 0.013460441354228083 0.08331410535705133 0.04007528809338374 0.01702300681909333 0.08490131646116128 0.060922488041622896 0.07166376612411202 0.07733209257426683 0.008670632086791223 0.03492678824512379 0.05659019427922646 0.003366139354488282 0.05163135894489605
58 0.002413597427846971 0.03509784951894763 0.13339911887976535 0.03833224368486216 0.0007942327294972669 0.008374508692592297 0.03476964730658716 0.04798534420524936 0.11894794301932832 0.07192206439920464 0.07953373870728497 0.0005345608799793511 0.05912759132200507 0.013050079004167037 0.08700442302594037 0.06331552327805975 0.11195357076700774 0.01040517324517419 0.00010263990533889484 0.08293615000116177
59 0.024331408601112443 0.055661887598032554 0.03916760759509576 0.08557937212915075 0.057292163751420266 0.06104769351785168 0.03345082984880908 0.06514202868975688 0.0532617925065781 0.055182038892898425 0.039835708428584554 0.03157408819642732 0.09151716288052458 0.04363121411845891 0.01294350639381928 0.07368306088309662 0.07994935729783857 0.0033311529559917315 0.053060449671069945 0.04035747604348248
60 0.08546863678128655 0.0893511534990745 0.06638341475637584 0.010724674256713336 0.07828550661608523 0.020669488648947666 0.03471703254639679 0.021273465917183692 0.07210437121526911 0.03473100610948324 0.044773277039085076 0.0762451160641334 0.029345140212572497 0.08079434948553194 0.07035744840908933 0.06486081255602716 0.05965914611060864 0.014854835120881526 0.045012563610439225 0.0003885610448153264
61 0.0191814271112409 0.0821475832108324 0.00515551998325782 0.050739845206949456 0.02866221610867907 0.05825024882785117 0.08632647657039491 0.09403688989320914 0.025878646695949203 0.07013698793867928 0.06853815221716192 0.07988695178492447 0.030254687429274948 0.022575607751959395 0.023252887186194053 0.059026861989826235 0.037639112274450846 0.057603874066437695 0.0508086331607434 0.04989739059198389
62 0.05999835343132257 0.061105164425826 0.07850387603445212 0.07373693167572792 0.04642447565420985 0.038122539227112374 0.022767362962656745 0.0005334338768093872 0.03871712798301485 0.032237997156669036 0.04516864381099565 0.06145325214618593 0.043493319879709516 0.07640362742954591 0.0720202155996447 0.015850910119442816 0.025808860932002683 0.0497310961822998 0.07703558291858355 0.08088722855378871
63 0.002264109773010922 0.04036071718770794 0.05926562281944955 0.059019984977570744 0.03925483121613548 0.07867902242766285 0.08692352274055667 0.05886037822484384 0.02547061096057097 0.03618374367099358 0.03826025215406267 0.02253485533307515 0.09391269251865904 0.050255988451147336 0.03597199254623429 0.07777815015920038 0.007427502268073715 0.041657945579666594 0.07883687816956456 0.06708119882181365
64 0.059043776196158346 0.031055951817645956 0.010897000019259475 0.02629073922141403 0.04144770732958744 0.06581506398854006 0.03229396686804451 0.03946987377611336 0.06137249420196836 0.00821623371237342 0.0894947977921654 0.08295890467120823 0.03799136029546625 0.04558147575166893 0.057917004995336724 0.05802335487711988 0.09423691482047225 0.03574748641683922 0.0832894996767993 0.03885639357181868
65 0.029397418891268182 0.04925585752183998 0.06033003343190605 0.10200856473892389 0.022405429538895794 0.10992505279114138 0.10696650412548356 0.013156703863107097 0.07344540305578987 0.027910869325934933 0.005116638398262591 0.020249633123105338 0.019879616908246918 0.01185212048625982 0.024484887628696467 0.04833441787679216 0.082870022388471 0.049261047665081006 0.05608721779303926 0.0870625604477548
66 0.04255417452838335 0.08467761015626603 0.009982459795910788 0.05545331078235661 0.04238150567192874 0.018908276413003886 0.0946502150100979 0.01295022865081974 0.00497162665243914 0.08109516955309927 0.08195939649766026 0.030240558983313934 0.03918230918110434 0.041828493099426954 0.06995220395493615 0.05498109185219444 0.09476715336125499 0.02586187065666658 0.05122632114024256 0.062376024058894454
67 0.044492532738566515 0.09838012443793731 0.06951374429428427 0.09722855456120502 0.02883159759284249 0.058319410594953054 0.003066462839912897 0.06109404301758568 0.09798783048597051 0.09549175883543631 0.015485367555480582 0.0731406928854765 0.0015008695171962354 0.05106337785372452 0.013207208480620037 0.08909129593553332 0.012258657748407523 0.03158805210720244 0.018788334580688817 0.039470083936975764
68 0.09300000682057215 0.08865239687605314 0.019796168483642653 0.015075729246339204 0.07804496582165611 0.04368192557725098 0.07660381103778374 0.07372056967891263 0.04993360961142933 0.09363705649815145 0.017679365123872602 0.021891219845880067 0.04067051596773736 0.020878033097850787 0.03982861929647454 0.007134840394848358 0.0806368150471993 0.043743979092792436 0.03753993887894921 0.057850433602604084
69 0.06221310326682173 0.08357963946398964 0.09357186225199284 0.003675255365935996 0.07113811469322508 0.0922894936401716 0.09591204591867707 9.698524984400893e-06 0.018348678676308596 0.06984263116860052 0.018679176550849625 0.04132735516249355 0.09444364683319087 0.04804643352482778 0.06295256761923716 0.028515109272264055 0.013550493606889567 0.035937609124332914 0.0240827366916701 0.04188434864353692
70 0.09952563157040682 0.02927438992293084 0.09919126344847577 0.012715956524878983 0.08668544348951468 0.0744631443101943 0.0671056134509808 0.07084548488421788 0.025917795184132206 0.06276601132618971 0.00427103813896382 0.05856910012182174 0.09715812165872631 0.024604794702957074 0.023472115347832532 0.025569151335449875 0.06196658427191132 0.019285504147889886 0.006011361687884288 0.050601494474641046
71 0.06739316617884357 0.05305702576042249 0.09493958613690505 0.1205411634081279 0.0070228347803956035 0.06782916146845282 0.08209990287576392 0.020710246401144 0.040789474490196126 0.025342289152674592 0.09570380619590002 0.06582205995293224 0.012404614662523817 0.054967695382617025 0.029340241229103736 0.10041627496055526 0.0427173931080915 0.0026068253710123117 0.01357805360045872 0.002718184883879137
72 0.03143565240716322 0.08652271934751694 0.0002817552080855328 0.06485647052929738 0.07889271935568595 0.059008129045668274 0.05831649421629534 0.021142021035286354 0.06896155467169793 0.01100953854664767 0.05378481245014338 0.1127854990113914 0.020785858702346303 0.0022519187508550933 0.036150890116719646 0.023419162315714538 0.052663522193411916 0.08724311095724549 0.08661355726939864 0.04387461386942895
73 0.07966392630003055 0.043374463530691916 0.023374085942467836 0.0830222737811129 0.08969749525306821 0.07840632053534785 0.046650971171232805 0.012393125540649783 0.03885900453395111 0.08204668416347329 0.013736699920791547 0.03910489353729511 0.03593988239254131 0.006892495278040466 0.07778640165036642 0.05358958103106984 0.07682697385156892 0.05286597978504795 0.03786545628958268 0.027903285511669346
74 0.028778299057458784 0.0449602421955441 0.02243609696754022 0.031699419926011725 0.08832380592410789 0.08023602121816363 0.08578968668590425 0.0710429760247966 0.08505133190353037 0.04631565565783721 0.04071681182921057 0.10181307412277912 0.01811747851705811 0.06112478978274805 0.015215114233172592 0.06386095774010216 0.04587322187386446 0.007441999646284414 0.03062466553848297 0.030578351155402785
75 0.04597071866906978 0.052174682716543186 0.011966294603516043 0.021287393694155297 0.07044250580877412 0.08467563953891957 0.06006289819437844 0.04005169903524728 0.07899525293449951 0.0835306366578263 0.0158779690615829 0.05238283895864226 0.10238966591558503 0.050911364435782425 0.0027961918536786264 0.07821516681805815 0.06224888927304047 0.011731214029487725 0.038005063226504376 0.0362839145747086
76 0.00885563251367298 0.08068133937147534 0.0612156342578153 0.04555558570001885 0.0226072418524919 0.07914539093053143 0.05574786055907363 0.05590683233728523 0.07879659348403399 0.07300099520321403 0.08132729703923777 0.04390344218382249 0.06755369561308708 0.05035184414940052 0.04363702502640205 0.0037265076083248774 0.030387111137105478 0.059523490391772425 0.0452989082718267 0.01277757236940781
77 0.08703584496974022 0.07615144077078002 0.017282607103525374 0.07963803881899009 0.06790391994287029 0.02490870795365877 0.041414100812935936 0.04191720551731331 0.014254188461152204 0.006123270580259475 0.059378471648867705 0.030254790579433456 0.07783878580342755 0.07452971443716838 0.017408685116233304 0.08801220504576834 0.005926815168944082 0.08091764164077918 0.06983991338856405 0.03926365223958824
78 0.04866792251288621 0.1037719446257139 0.015414316566610985 0.07842370250098415 0.004455213848630398 0.08896241934547547 0.027054085462571237 0.04281944527882112 0.08978002100945333 0.06495761839065513 0.07666323468025224 0.02594484828204321 0.0012400667199546508 0.06721044126730283 0.07713548878464312 0.007008412775745267 0.04709709190562035 0.028756811229167407 0.013362507672600287 0.09127440714086904
79 0.041264771587485746 0.11703738753320202 0.04168638688695574 0.02316055820563876 0.05991960250779905 0.05863575189142219 0.005311842043921829 0.07098568761291638 0.013859268861069831 0.02489489135443542 0.05712614764491614 0.060184283480469655 0.053431664285637274 0.09451215071328618 0.09939646278306087 0.044898694495870625 0.013548558652046763 0.029299839779146478 0.0005438824527720451 0.09030216722794679
80 0.06031960949807998 0.05932932869358706 0.05199013086408249 0.07470605231624032 0.034404036231917894 0.04085208249597085 0.031893938397041896 0.03127593606306318 0.07504768564019414 0.07864146073293479 0.004398853036209827 0.07358127787233953 0.07932139276759054 0.037681194367630566 0.023536531996863147 0.04178520764270239 0.06653461231391485 0.07892353409862024 0.012342008620203685 0.04343512635081258
81 0.039802456744994635 0.06604629624278799 0.07960980532624064 0.007454232831733806 0.001034689470876606 0.03436150664126355 0.06797566823821244 0.09499624046164136 0.072098609751033 0.09512719835629231 0.0931391613811517 0.07123809716087942 0.009147876065421286 0.004995732563967072 0.0637087904148334 0.05039992603388756 0.005570114417796023 0.04736223082048583 0.02795002217886047 0.0679813448976409
82 0.015996219681224222 0.02315277534065789 0.03445941935593999 0.09184400171400872 0.018465408963854832 0.050979881132428975 0.09252982385071752 0.07302770418213805 0.06646253752106247 0.051509807085658964 0.07216569567538404 0.056439713795233784 0.007349803554396477 0.06735941766440315 0.028954146580252756 0.06882886796073176 0.04227914693021818 0.05577341320853176 0.06181170950460513 0.02061050629855135
83 0.008001199329714197 0.061427957430984524 0.009600258027213072 0.008393684505415663 0.07162111870080465 0.0042017301049501595 0.11787485372082052 0.11624488500787383 0.0282069120990859 0.11532893179598211 0.05678090974417616 0.022005164985923135 0.027633984855907474 0.00826705865782098 0.0977365164906899 0.06019289075164937 0.02340617914654583 0.07200198061821539 0.0805863001672407 0.010487483858986391
84 0.09472527938786673 0.08282876229249533 0.04262051408346698 0.007173473596739471 0.04157949244904234 0.01643833932401911 0.022189812453564012 0.09035281649351927 0.100647170136108 0.04102778158693195 0.05512206574191749 0.05105173784704054 0.05248664332625584 0.08366828581381713 0.03147907938579165 0.004119612583252009 0.028011007351699087 0.07606051117143545 0.005778538490779171 0.07263907648425856
85 0.03193853040915663 0.01097560394014235 0.027521365025592943 0.04059827217961921 0.06960403354306732 0.06681793224518662 0.04612175184546937 0.038418177670211384 0.0786768531049678 0.013453635789683838 0.06170877002535452 0.053685303220451154 0.08750349093624597 0.009892651202155772 0.0239267293604397 0.07724026437707902 0.07957004910615145 0.08390480220480873 0.07890206628647566 0.019539717527740436
86 0.017435930765584955 0.06379152160116683 0.012745664489009918 0.07323202799647607 0.05016679755439496 0.05578362079798544 0.025961143704743173 0.04256724067439901 0.010084546106502458 0.03937515329194235 0.03567308933326121 0.08060278378173803 0.07598646576094321 0.08055483658217619 0.05720964314341368 0.04766797014087571 0.07442467784319222 0.08191929844328702 0.07378070789916055 0.0010368800897468525
87 0.07318586790773249 0.06904349256216605 0.04617905150362293 0.047946923132535804 0.024480267846689833 0.0536771353962457 0.06480709790707785 0.040405594413544965 0.09352436653213506 0.02926651845804082 0.0567560127457012 0.08110511554370974 0.042327045438027594 0.018865715907955213 0.027273363516256876 0.09506926826092453 0.06489308223666033 0.046295545969990505 0.022635363058073316 0.002263171662909244
88 0.023614265577088567 0.057345187899085576 0.043076665306808454 0.05722320700607234 0.04066748527656885 0.08095179744692815 0.02380174395938625 0.04010327916783781 0.027865873122788654 0.06217498480704193 0.0936225993257106 0.048635540538594715 0.08251266743452224 0.05863731532097932 0.022236725838011055 0.04816086045273328 0.02959180552607665 0.008992420632009944 0.08875870704314776 0.06202686831860801
89 0.008747741776470168 0.06498137445127083 0.09189085171542516 0.05622444668209277 0.02748981581581257 0.042532717323043284 0.08053969495275158 0.026279038179267987 0.03989037770141781 0.0698835600356184 0.07994981791257406 0.006668237517044781 0.022376516864017867 0.06803058226792881 0.06336684172331276 0.055177156844068286 0.019268223920228356 0.04491520551913819 0.052787056981607114 0.07900074181690915
90 0.08050723817756009 0.009393319574673611 0.03766588856114996 0.0054970554258719235 0.010615296522087451 0.022434743757914953 0.03071977312887456 0.05873099537037078 0.010351357056631816 0.01913646848382974 0.03722471623040925 0.08620443858297833 0.06259195086533244 0.09490433213396676 0.06829845950050843 0.09783198369483448 0.07050713846462045 0.06574189145343881 0.053520306851545976 0.07812264616340037
91 0.03201371671108318 0.05324147652507165 0.08117353968529614 0.07515876218934672 0.0700510435159908 0.03556055040574335 0.06050079685321178 0.06452536563039289 0.08090029539479439 0.07487135310002892 0.029489157182093276 0.06720593307293984 0.003286454584703436 0.01093269701198354 0.01612385239438498 0.07557475872986477 0.0685552429694793 0.017556105211469913 0.01979617434707007 0.06348272448505084
92 0.05255155426798324 0.09363030077142472 0.032443524527477535 0.07877445143208979 0.01682257341220741 0.09051843244419114 0.012588336798454735 0.08654565967082738 0.009218708432245828 0.029208257717628416 0.06959186058634581 0.0717527490396091 0.03807918589647337 0.0017607510334195595 0.04748657645449085 0.05462649468952899 0.0752971741305954 0.049086667270217585 0.07613814616563705 0.013878595259152011
93 0.017322877269071335 0.05867655402237301 0.06292185474476929 0.057581843175594984 0.0748568023045083 0.05864016185190989 0.047751914936580576 0.05609340713071743 0.0732272766545117 0.05154261298172128 0.032206847197769846 0.002495002657757677 0.08696408447788781 0.05632271950550665 0.0635373988315551 0.07293444867185157 0.0080679212284981 0.017005021642564865 0.04449607013637258 0.057355180578477966
94 0.07528361947617038 0.08627799450134009 0.05284516697135684 0.0320943661547138 0.0777876707703033 0.01648590447153775 0.03879559917285066 0.02563664946844205 0.03240387735363366 0.044172714640793656 0.07557538845914716 0.087550732254925 0.08583276546362496 0.013091176418912663 0.034440393628637295 0.02663790435011958 0.036288086557824104 0.0838942327638847 0.06744588015280423 0.007459876968978253
95 0.03128995375361326 0.06710353015583631 0.03664768214800294 0.04428012388516056 0.059510711495922 0.08916939597882954 0.08050276392754772 0.05158981591948279 0.04307660512587826 0.06471466318165146 0.06766208693509353 0.0396977066082978 0.06588580192273177 0.044567697299064575 0.025758316266836858 0.04967066606009287 0.0005709339994261558 0.018624464481094484 0.08901543179937724 0.030661649056060017
96 0.074845877631499 0.03483620816956845 0.09897082111498264 0.014525305546525563 0.06144035033584267 0.013612312165820257 0.014365600892230383 0.09252109683544488 0.04055909567120227 0.11610279930097286 0.051199693422827444 0.019544797713096616 0.030786801736433604 0.11446777906038734 0.05687474859744931 0.03533085292648037 0.06137831018587148 0.034751882620453686 0.030064902750616386 0.0038207633222946554
