0 0.00580701446531372 0.05881891645701573 0.07671216023047499 0.009359820535436873 0.07962267221959407 0.039428420328185124 0.08249307804081094 0.03184149442592283 0.08449349656456616 0.08621245388312375 0.0005298288524755492 0.0506441094973422 0.0642641668952791 0.05669266224249019 0.06437512187484541 0.05142932808340089 0.047246756473247505 0.01007731644268375 0.033989267015822826 0.0659619154719684
1 0.01387381382692204 0.0765296108766742 0.03474715876142709 0.029067038372303056 0.01580570258598147 0.05932876577379659 0.1012879911283539 0.06976855726398361 0.005239013338411812 0.09645183557495336 0.03303559415074212 0.08796758793670285 0.11099848549992838 0.033079699786912865 0.0710851959046747 0.00844445291623473 0.07151909633188408 0.017710145031649045 0.05768495346034995 0.00637530147811408
2 0.000330863819083137 0.07643567789128096 0.011391748464003152 0.019851258125831692 0.07249807519090024 0.011707882123152656 0.05869130764278885 0.009317922336607528 0.0719019271882731 0.09222444477501732 0.008138906118540198 0.07512063005644895 0.0800521284017825 0.05011768697585355 0.03588286398268446 0.08856450564406688 0.0824191379367802 0.0468168975792677 0.10051795759763153 0.008018178150005488
3 0.009024284453030646 0.02904890362816488 0.0739693843389644 0.027949663190843597 0.08220887142847816 0.05995978409859853 0.0043874760204266035 0.038135657844517286 0.0728464221738104 0.026548762352596754 0.06794513865264959 0.011767158867604082 0.05046741203755889 0.06486213263222468 0.038573602444435286 0.08046858495227337 0.10025539616764345 0.059072329964713774 0.09199117032694668 0.01051786442451911
4 0.07047323105143222 0.053912668461734356 0.01982407613685923 0.03311406334883505 0.03771061180231361 0.06661151236945513 0.040981314417214275 0.047770088307654744 0.07431399038254172 0.07079295226741596 0.07387964305856629 0.015303644065107942 0.06016350839055016 0.058652488715816964 0.06550087204385648 0.00016144749169532814 0.02669309866671151 0.05399821520215763 0.06401281185699138 0.06612976196309024
5 0.06906534248691931 0.05808889505482955 0.00019572951921885886 0.04343562803755661 0.0021111744763410868 0.04918712054373348 0.05057712285946972 0.024825475711527514 0.07816285917069286 0.04570323939261349 0.0033567071177606246 0.06845755912277099 0.04419530293830908 0.08321492565960804 0.028844918260176333 0.08900192296014137 0.09878891268288295 0.03286119140500243 0.03221074337103011 0.09771522922941579
6 0.02945948635231106 0.0757347581882082 0.11507379027453306 0.05223329008391914 0.02885383180080539 0.06565551046341418 0.033120032914544593 0.043984172870215485 0.015135466664887923 0.026901478325707866 0.06851338249290631 0.029655020988666906 0.0929940074585217 0.04485180704969108 0.11505817829566027 0.005643703259299241 0.02356932526313241 0.005730428497166128 0.027174496771083224 0.10065783198532567
7 0.043877380595840426 0.07591691711008781 0.09265301555285771 0.038606748511931674 0.0320302480165902 0.08452562151969638 0.03647985758504855 0.009824688347806225 0.06956429337868418 0.09467238436399966 0.05415492334005806 0.007560751603474654 0.002615221001667964 0.050774482075486634 0.004970802182278083 0.061057105750515914 0.04556032456531762 0.03725841577113368 0.04475331301225952 0.11314350571526503
8 0.09453193971903114 0.07110098588961386 0.09053751274846829 0.11169774454866567 0.04825827830649676 0.060504926602412475 0.00441329476978109 0.11166341482319406 0.007159100675016812 0.05075031494228386 0.00656861849402115 0.007353668696663853 0.07254957120369745 0.03208471957645118 0.03347421994011044 0.008683884713126904 0.08887419502945068 0.010190347767855549 0.07031351315486443 0.019289748398794392
9 0.0038754286969382773 0.0851215349648452 0.012517916868870476 0.018910940227854847 0.06373146734552228 0.023922608254368257 0.045641548881274224 0.09046968634246283 0.06841241469347382 0.03511139511448313 0.09858792299296952 0.08315392849694044 0.07864323930324103 0.00015176308067739168 0.043062883942450836 0.007838859386189414 0.06988131085157713 0.0907327495424307 0.0801366940023837 9.570701104655867e-05
10 0.0750008146409608 0.030293877638515484 0.06542097006912047 0.04580257616930743 0.024862051122320074 0.05515512315868155 0.05858271131072895 0.04591083304737978 0.015431799087982732 0.016247048635020675 0.07184161350302146 0.06630999357357655 0.05460379272084595 0.06345790548152842 0.07384883995277026 0.050983677511505024 0.07005466397505276 0.0372657918888331 0.053403948438464945 0.025521968074383807
11 0.07184021400313896 0.026511898230689394 0.06533134623553838 0.08618998454084954 0.08285124145395195 0.06541910577840766 0.04942602336247394 0.08412666760655141 0.07074472184992307 0.04838758670701714 0.023727028883764996 0.037824923177683864 0.0196819320697427 0.057719689868694225 0.03700757606743667 0.03614274207482243 0.007465908663470509 0.0525654505846749 0.013008423171523783 0.06402753566964452
12 0.06760205618746483 0.0506614211619338 0.05275411935079551 0.08175620928585721 0.0598692466167234 0.07825799803274525 0.07090223857242935 0.07752598657689379 0.005403224296503687 0.06338589359141285 0.020909822526230457 0.07921334008889556 0.02928730543559615 0.025208896323577982 0.08838854765976556 0.014407090085801814 0.04728766008778906 0.011792503409335927 0.022384812340800513 0.05300162836944714
13 0.07943866777753697 0.0214561757677451 0.03427881060847989 0.08118384873627141 0.009394625076713547 0.08052220693959138 0.01798199989646172 0.07323054952604846 0.02191413843890922 0.05325181907441861 0.042522898924780735 0.03663282976559881 0.03950001941904724 0.07988565989487623 0.0697820428281734 0.023714681611846686 0.03377742943086268 0.06631618110044668 0.06138855922338744 0.07382685595880376
14 0.05353532292419445 0.09011850150687045 0.028346919088168315 0.06728353638029075 0.04229337578914691 0.03609293314098281 0.09273475678740403 0.01000254152730976 0.0757133738502861 0.08498329459640828 0.028422771732327913 0.0043154548384131625 0.09588451789893619 0.005549290953418063 0.009316628119111879 0.09327813414348449 0.0399420107330763 0.05021457893240966 0.02927624804397443 0.06269580901378587
15 0.06325532464307572 0.08397163109776867 0.07673056012954765 0.07198918049107207 0.0011541869628916277 0.07618959123976975 0.02709530218169209 0.04413132658250699 0.02784551656185712 0.024066874704326266 0.009294770537932007 0.07057562068330134 0.03406544517707106 0.031537150292797266 0.06116148090346916 0.05731182644423529 0.09158241538434556 0.03158346719857812 0.04899968532821492 0.06745864345554721
16 0.08423748978466908 0.04258410530771172 0.04443725879574803 0.06656085717544606 0.04943024364616699 0.059647267159558905 0.053662725324400265 0.051542779268938244 0.020936581899408002 0.023257041080300373 0.09358034846829424 0.009362360460405877 0.07093471882462513 0.04193591971734332 0.05094311813600035 0.03734728004220977 0.051529305442689376 0.06543762047310234 0.06267362027468815 0.01995935871829355
17 0.025737056876469575 0.04115581332540656 0.05964757323784727 0.023989429107834616 0.028244792135043877 0.006021888405757015 0.07931192943841166 0.08318397710660959 0.06463391473443708 0.06141549065281093 0.036588919969211535 0.08174408515867783 0.09463525627207407 0.04291505800604268 0.015245423701239979 0.05788692900856274 0.06858525045050792 0.03803750943791936 0.020427934480201033 0.07059176849493465
18 0.026395208075847706 0.029846483359432525 0.08544567545933421 0.07402045023735383 0.03964331720599655 0.11287156815623806 0.04034342725712766 0.0416803458995891 0.09700022899510616 0.05054365145908998 0.04683340879290847 0.043403897097004346 0.03019952151907206 0.024927209854526924 0.02330597955844682 0.0025100632734716194 0.03646651921459047 0.10687716427913628 0.028826550489235513 0.05885932981649187
19 0.057904320289855454 0.062431132287649446 0.012539400486999565 0.012418393719713743 0.07436553786465135 0.03176945958897267 0.06499371383182764 0.06578924877537409 0.04983011976733355 0.05691336444091136 0.015518915177893076 0.08550030999446934 0.09359060161456963 0.03204185872505445 0.0538928227486274 0.029413407653245772 0.048822088727901496 0.021399373133710153 0.0893910083177115 0.04147492285352829
20 0.05262879912371272 0.07784516099066582 0.06104632131628846 0.08811118300588565 0.002844282473407424 0.021255973082971467 0.05269751395533837 0.05088803010668932 0.05809843060977765 0.08861237843368756 0.07520634121126046 0.06364910749137988 0.015311596014061415 0.029491513387484267 0.06895837233565295 0.10500439737198135 0.0011951214335862396 0.0693798988365804 0.009612705214742993 0.008162873604845525
21 0.006888510125553507 0.05485468525378602 0.083356875951094 0.05962174834539979 0.07424478978256799 0.01514195758445098 0.07438756921205934 0.08029191979474937 0.03846454806121907 0.0640548128968754 0.06364030110475839 0.029278599491954195 0.07844004458314151 0.0338054845069556 0.043392437058232605 0.013305788644469189 0.07006199184166059 0.015432823720871066 0.055780643524694896 0.045554468515506714
22 0.03375554827246551 0.08914337554648555 0.08587043870178619 0.01021735285718653 0.057410928123809074 0.0725276082940549 0.013586460027970966 0.025775756165244756 0.05696288015599667 0.04440728471096555 0.014924711422981667 0.06740872146972263 0.05256041729736397 0.01742135624269477 0.07345427929134846 0.0827563840829819 0.08797194228311135 0.010641358113709963 0.058771573227025406 0.04443162371309419
23 0.12511843969263164 0.031883957432971975 0.1255600939711305 0.03401541250282909 0.018496765782245194 0.07434739065140382 0.12166924376744884 0.00633722468227716 0.0007702153361185855 0.014871542693135566 0.07070975879367698 0.03460221889821162 0.0552441277091168 0.006830811753300814 0.04870862309859976 0.058959092658368704 0.011415700207221264 0.09460918449727156 0.02050156217773453 0.045348633694305314
24 0.046651167656729026 0.09772039534632473 0.08937004853881841 0.01166212103725718 0.025213100356545018 0.023978868189997747 0.0678167385961906 0.04183245317444768 0.08104361970297812 0.027562615197144282 0.02585950129178125 0.05547178589349919 0.03570794176643072 0.08245578593529489 0.0246464345652615 0.08356657895675375 0.06938196700605113 0.021549360006541708 0.014611542131987669 0.0738979746499657
25 0.07072211618594311 0.08144547193171693 0.01915635642811696 0.049748536263540616 0.048861882169153964 0.04288130755136964 0.025709737982464214 0.0960594944454565 0.06920502592632354 0.06946970558622201 0.07867003121076863 0.012166893635465182 0.008822746120718206 0.07855323389002755 0.0829626825975936 0.049830273929095774 0.021102865876987276 0.06446275854108408 0.013846681253282403 0.01632219847466981
26 0.02801558681939537 0.013494148655333226 0.05062900371933449 0.09618100142046943 0.03788760726681851 0.09998234443679277 0.09261232644648944 0.07008614871740458 0.02761908949034994 0.008601501033217916 0.002024200376356804 0.07457894496140445 0.09786527850549095 0.037936174561758546 0.03750050735494195 0.05483016091543751 0.007557935794026137 0.0287405615126165 0.054937245172296464 0.0789202328400653
27 0.08930241193628471 0.035938261699638846 0.09590096000847256 0.024988848110433566 0.04039170174871967 0.05131714792749641 0.0865224094460072 0.01652684849644085 0.03715377329397208 0.06320770009146219 0.041999480006342294 0.04289342449421621 0.013260501264882813 0.01775974693484729 0.05156833940023917 0.006233329502442523 0.053799674260130936 0.09663831636754111 0.03751347488800579 0.09708365012242373
28 0.01642708239000059 0.024432366422522535 0.018593062023527878 0.06844320472897608 0.08975769034342351 0.05275142401558739 0.08697051479053142 0.036184312780506114 0.09299358871772416 0.051506758326273626 0.08068951999703135 0.013240894146528563 0.028983730946952765 0.04109025983904282 0.0651136993340938 0.08388716739360083 0.029101208005300413 0.06568744044801428 0.0064417864951904725 0.04770428885517119
29 0.0993270247994978 6.0227481517854274e-05 0.07310132195261908 0.04317205206654974 0.07038958522298647 0.00033003689290778517 0.10079807550474361 0.06176486325041769 0.021121288427663292 0.06798319277611777 0.05991239124639918 0.10771626796500791 0.00203715373449925 0.022157215645718636 0.11057190128973059 0.09279442584050382 0.014550058036429659 0.007877144722875658 0.03607664880175509 0.0082591243420593
30 0.08350447214281914 0.013300742824015237 0.012494836261766095 0.016205441778449074 0.07524589950649287 0.024371625029278237 0.06003856884615506 0.016907902056100148 0.057112910849323434 0.05098987695309143 0.04847635469778606 0.05095575455727636 0.052097913142968445 0.0587466183208918 0.07699523753658641 0.08357699220446334 0.051835148416864395 0.06183556019792076 0.033809159108713426 0.07149898556903825
31 0.002745505897625056 0.09753207223341558 0.08473995521224378 0.05662401419214008 0.01178068925010552 0.08062349924291816 0.09724722851505456 0.056445034127249744 0.027583102059100428 0.05048089932911497 0.10180192533919266 0.019990914353815822 0.005211446586493728 0.06870048302128896 0.01718469541547607 0.0704598618812138 0.028526632958083376 0.043142307480622664 0.018468202143186885 0.060711530761657986
32 0.0740530932009206 0.04634480880489986 0.04925562280409048 0.020868895049293172 0.06824571704120909 0.04640233998429303 0.0999393057242601 0.020489185399093612 0.0037211500514360042 0.04181848988886762 0.037100703878355824 0.08441035974307907 0.08774893806894253 0.07945468915889528 0.037546824775716844 0.002038439176122623 0.004858281935401997 0.11013121149250735 0.00985487508622398 0.07571706873639071
33 0.007278804015427283 0.09423590459707584 0.012955078700016038 0.05587464049863439 0.049285697991945286 0.014248199604641913 0.01814060276426721 0.08198225782347546 0.07676006604126231 0.03624442030210493 0.030865619784269216 0.06956344063766369 0.05128867303760274 0.049257983082159396 0.07771102808650476 0.05147615815015994 0.06548780968481666 0.10391986977514805 0.014038323729217882 0.039385421693606884
34 0.036775262169588915 0.07071127642047291 0.052694466537536684 0.025490918179039496 0.05956278897234403 0.07233428106185018 0.06530348487622212 0.04959013965616454 0.0579866041780569 0.021336420651660748 0.024893230146924905 0.0068984265934655935 0.07087817003800122 0.04897685279562727 0.10427838602244965 0.02838370388919872 0.0013427236098915525 0.0073632390386855545 0.09206307441497046 0.10313655074784867
35 0.0020752732672178953 0.02427835413428635 0.04527176515269832 0.006887272689797844 0.04429703359540368 0.0356147903498373 0.08250397660626245 0.041835258430236506 0.10201043037704728 0.06153329361959776 0.09231473974685006 0.025844010395447634 0.06521128719684346 0.07263223399756574 0.08885072411088278 0.0447661720217748 0.01388820732391399 0.005678411571592455 0.047246684616666604 0.09726008079607706
36 0.05976513790814199 0.011857247139939972 0.0647870358472939 0.08034059002049364 0.044878818339848844 0.06161931158270646 0.026530542015916085 0.05102453301332967 0.01381732925860554 0.067686371603511 0.07373493028045269 0.05552631572442432 0.009700697221196009 0.045739007141228846 0.08204921957524511 0.020067676629041877 0.07860199718730175 0.05924440074724374 0.02204508446629482 0.07098375429778367
37 0.07159038847534734 0.055667680488102673 0.009653221497604744 0.0006078186591907896 0.019489427034626312 0.03465264669556754 0.00396260460457803 0.07197170588168114 0.02998687119875805 0.08486540164373037 0.024630400597765348 0.021207780766724943 0.09093129698151983 0.07411516543952879 0.10355564444815411 0.026699590148594007 0.08978271433142196 0.10011138760778455 0.06974164995087223 0.01677660354844749
38 0.09715120098125272 0.03560951022391205 0.05105508863836264 0.0699776572569169 0.04553338829540854 0.08433582454395311 0.049139185691517505 0.044544201437956205 0.009741011952635341 0.07981180781140546 0.013653831218378806 0.03836614780630867 0.01430835241062174 0.004875347025929305 0.07869481407933465 0.07832900951543753 0.017121211999639188 0.08945965202116744 0.07192283245542792 0.026369924634434213
39 0.03495765565221262 0.01631169494701022 0.08225223732646243 0.0068460371958054145 0.06928265804840614 0.09770430922530676 0.05023650558210444 0.042250541506535316 0.039138315334354155 0.01201224326580476 0.005602420780705097 0.06167012404664807 0.039558479456727934 0.08987538057263354 0.06837178905162895 0.005187419792177865 0.0759669555934598 0.08239288501679844 0.07790444003375198 0.042477907571466036
40 0.0547028137807285 0.038311255295629225 0.007929245397344908 0.06790268084662394 0.051174945765040045 0.021746935660511894 0.0653803488340301 0.042589074514563834 0.021868330771972217 0.03337856675167767 0.0970090915288109 0.034454152931831974 0.03882307271140834 0.08600884590624226 0.015672774648687108 0.05704275947408879 0.025896497073635692 0.06379233717319722 0.08455672609495005 0.0917595448390251
41 0.0199986271084119 0.00833486837487202 0.08632376179203467 0.09749670522581823 0.03253224346692561 0.013133318112509968 0.08123485229929973 0.01760331846679252 0.0013417022319431602 0.0849505941549406 0.03945804584376069 0.008076056804516264 0.1117336912726083 0.08694116667543104 0.06852416626849826 0.10555343998981723 0.021425152143648752 0.03630986410262991 0.04884503152477944 0.03018339414076167
42 0.05340614704775573 0.01871161159998175 0.03173800234365466 0.07311705217415108 0.04711927813512677 0.019523363087430846 0.024722423251788427 0.06436230550795491 0.03077672980792274 0.050551158907082776 0.07701115981423325 0.0781270041536658 0.07596756672728594 0.01624699895936348 0.0712113618161082 0.029069094770281075 0.0588331709658178 0.0740758807832703 0.036665025268130605 0.06876466487899399
43 0.0602669573931193 0.03758385801248189 0.026454696773209677 0.061547803526403544 0.021633776244160276 0.006350395367028284 0.09024838426077575 0.0037983283364178746 0.017117814592305505 0.09467791879835191 0.05726312832944102 0.10727617252631833 0.08161954656931583 0.06883159314136439 0.019804436437678787 0.006890166658342929 0.033652314658397416 0.07776088430645596 0.058187321632947014 0.0690345024354844
44 0.020113377480595628 0.016574010755074243 0.10127189964150254 0.04507697395557403 0.015182002016096357 0.11409362528362368 0.01720086560412042 0.0025108149658910664 0.08026472885021918 0.09183532041280633 0.013290541839976924 0.0796374161153487 0.05385807871977206 0.032342828021999524 0.03708258850072419 0.03096418704010469 0.028282013134193686 0.11441905399492483 0.051210524712827644 0.05478914895462409
45 0.04567319355933423 0.03505578618752994 0.009895240826775856 0.07687448668275958 0.11327069290383972 0.07170114211815158 0.08433318264050715 0.025072308701992257 0.006887190564770478 0.05724955335795148 0.05307506273755324 0.0376282579615 0.030140900024262583 0.05038181007705395 0.05992158234088895 0.04080454838793337 0.08035647827984782 0.025370422248493993 0.06976433870488742 0.026543821693966282
46 0.0025580639691154977 0.06051859227486926 0.06210059118283706 0.05319080857374988 0.013935679596824338 0.07952685621018708 0.008015214903217077 0.02192360745254469 0.0811165883819958 0.027001817825214866 0.07680205330511493 0.07482350723096073 0.015299296402108014 0.06204729712661305 0.061927345469302404 0.06063073102835599 0.058416331640959204 0.07487146396134385 0.055180627587146924 0.05011352587753933
47 0.06295441137077323 0.07848103668733458 0.02658928355198066 0.0034743039696421944 0.07777585751161877 0.06845730446325184 0.008182619327527455 0.10622448514071145 0.04253030944898774 0.04681426594599487 0.07782651889577372 0.022118660635458882 0.049926682923741264 0.06225220381638856 0.06241357984164315 0.0752871317796435 0.04420856688311214 0.06375332697757183 0.00992493162287589 0.010804519205968295
48 0.026737152402114828 0.010654821568560615 0.05838380449995858 0.08600511861428628 0.09344647879434878 0.014950564072318153 0.03054724381563583 0.07173663000268211 0.0400089649766506 0.07089191864115106 0.02417865442325049 0.010971948806319682 0.009789365545337582 0.07953368176421022 0.07919699768703745 0.09348033723845506 0.010312347613506816 0.07066113905796305 0.06772251140112365 0.05079031907508912
49 0.05342010960809095 0.005539353781768908 0.051767705102388144 0.034385752280893224 0.047577872310699626 0.09413866111149348 0.0445417368963623 0.0593023029218055 0.017750522356139987 0.04955582014602504 0.03589538924835868 0.0649660965416029 0.05906818886358304 0.08236578271288388 0.035470300230799647 0.08779281754005183 0.04711718357145809 0.06780774800204646 0.0303199137483456 0.031216743025202626
50 0.017622618921026425 0.08736428103680895 0.014773838288030803 0.09118496704630105 0.01499133852836218 0.08935448214116137 0.031011202769736627 0.01705864044448899 0.08477932917198625 0.09151839668130071 0.010174731647782861 0.027008590062905624 0.005512745779784125 0.08906334764171912 0.04129215769931116 0.03486861747539574 0.07366722061414666 0.03699383985426473 0.05923754556335275 0.08252210863213387
51 0.06302555710578582 0.015605455542947308 7.139096458528164e-05 0.07414810962368704 0.07014889357528607 0.08046689882750445 0.03255993886646627 0.055598133653557896 0.06369151000583352 0.061437068715877126 0.06380669077260055 0.029547079372939846 0.07698233030474681 0.07763669005534916 0.06483445469954789 0.001304513687969056 0.031179920773594046 0.022897055906568372 0.03256766407110263 0.08249064347405075
52 0.08629007676359345 0.005431366470788566 0.04081586662263326 0.04144400142017951 0.04043720753211611 0.013619362627787743 0.06923585458370016 0.005496790237122459 0.08434530524827305 0.07929509039635985 0.04406485865684334 0.07312342780696342 0.05815967424627359 0.02637276149342268 0.06448162448338501 0.033239982258044934 0.07117776162821791 0.08165138295192627 0.021822390972142634 0.059495213600226124
53 0.02064307632459207 0.05391366950883086 0.08286377600706796 0.035422280052682706 0.08768306169064255 0.08969349384813588 0.05880403938382203 0.08289357968235432 0.007086075831651638 0.10195257352698048 0.09492090601174936 0.016209147613991177 0.020207173173119253 0.03210639865041036 0.09522071729905972 0.03627627114856104 0.0315156901195044 0.0018735036073083966 0.04749753898270301 0.0032170275368327
54 0.05679371883007688 0.08204565512335059 0.02980309358640283 0.0197158678355995 0.0791727665635471 0.057409837724129074 0.05475624435357012 0.023526152990104698 0.03905624861873357 0.015314714169083005 0.0679510854326387 0.07314250753167233 0.07885001187008012 0.008332065194278853 0.06082215060150077 0.08206539418467486 0.06540841342017892 0.018918830420666503 0.03896448835868577 0.04795075319102584
55 0.03950271857218435 0.047254587335877465 0.013069605899629667 0.07295373373776075 0.03559706789436504 0.07198324512737612 0.07448075260025193 0.07284603286758834 0.004728653296089544 0.0017898403805499856 0.05893473840292644 0.06619747787262961 0.07187245684149968 0.016323856872860327 0.01689496775511927 0.08325606902201765 0.0913041821361851 0.055916295293344735 0.016222437200923378 0.08887128089082051
56 0.0699413567889858 0.027946782616436492 0.042176449723657576 0.04792169760459247 0.04965112791140871 0.028863484824620516 0.07821226983486224 0.0925518890040197 0.04680704220667045 0.0458234194183745 0.00753983652821655 0.09127984934997241 0.06475358428130297 0.013775236070316815 0.051109943694414524 0.02839136941700362 0.020954196705149745 0.08226153394322974 0.05813438818572332 0.05190454189104164
57 0.12010075310933223 0.0029981908356878063 0.014700566570037836 0.10883043083945709 0.06032781972391536 0.06543780304718427 0.04626957081440268 0.12317705858561906 0.004901963048099387 0.022736178945902838 0.023902432198317825 0.011438945859974514 0.04579277546062861 0.03162837630985126 0.02777265704266032 0.011649402819099706 0.016723763821369385 0.10286856471248328 0.11521281781123176 0.04352992844474496
58 0.04632403820646037 0.0763140618957351 0.08374338817226183 0.002101473427344083 0.07784680292297473 0.022419636342358717 0.025980437268126766 0.04580442921793561 0.026637404266956904 0.01944301223479721 0.08372679260559579 0.08500162319067013 0.09603704661784863 0.04557896231171019 0.014884371124060257 0.04986655522733845 0.047681730982449474 0.07878176241444453 0.005670570777635663 0.06615590079329546
59 0.019769125958650765 0.05834524062079008 0.04741110156762004 0.08350856189322615 0.06390401847945912 0.025999504593394354 0.10076681813584545 0.09699752216919037 0.057917195867196604 0.048264510176251905 0.04528148274806153 0.02436518352005851 0.07925858815138627 0.008327988006387428 0.0741121773238218 0.034158780922837265 0.0033469206735458157 0.10844169403671318 0.0187131638558144 0.0011104212997491265
60 0.09100714744074503 0.05833075195673709 0.007183292488468065 0.011111533204118802 0.022997407164853132 0.02287787079669846 0.03062128454153475 0.053192070658911746 0.08578539168597224 0.08733081801429946 0.055075889285123046 0.028381765584026535 0.07680609388633326 0.015368565856615361 0.07265964396970166 0.0336661658499581 0.04736572353193047 0.060298231440685544 0.08511371934877676 0.054826633294510645
61 0.055994514230719696 0.04524213988581509 0.025435904680457866 0.03945818686729897 0.028738600513287672 0.10894037408569633 0.11300975169691094 0.005832000174148323 0.04000620723329052 0.006512328673035403 0.006264699182042499 0.02268673136296424 0.03363882225201147 0.09405653007318773 0.09782385716380101 0.04801393767958987 0.023742989780597603 0.05546469818812356 0.09954794186200538 0.049589784415015783
62 0.03543589026510429 0.05610856145032366 0.013730983555934396 0.08607621743378704 0.061568640565499023 0.008576917910854812 0.03788128651171296 0.03140427561649018 0.07324977552717699 0.06235051177828218 0.06560849698650142 0.009329114855370744 0.0724484910630552 0.08495461964927872 0.0244413993770352 0.054930222930917406 0.05635663962543678 0.0261316033609753 0.08142068653842668 0.05799566499783699
63 0.03873220739321001 0.07068983490345267 0.005554829074896275 0.05396102225843946 0.052826210835413154 0.019612238572987897 0.06247594041980981 0.04930527076781735 0.045846646064810356 0.048092648659505514 0.09536929675842702 0.098404557504666 0.03382045887689172 0.03987666529201195 0.04463109741646676 0.040932865165497774 0.08221979300830837 0.06695950001800055 0.03369541591112346 0.01699350109826388
64 0.06319792446798762 0.02718105248117244 0.008417026487300038 0.02517037379427898 0.06897488567571677 0.0765851659182239 0.017922997505052912 0.04755052739380362 0.032536136350408855 0.03080944182773495 0.07434480505714829 0.008656266914462236 0.02763149842271463 0.05236214762884 0.09888040061091719 0.04998627309393973 0.05860605802306134 0.07331320175353184 0.0742565834790243 0.08361723311468046
65 0.056659734694742225 0.06658610177824496 0.01382052935786542 0.09835114157034411 0.05936422460443075 0.11697480164829517 0.05947942683358756 0.01803494858588594 0.03565934722464122 0.03318509361101679 0.016798618198246077 0.10897947579518871 0.0438475124325617 0.0056607528380431425 0.024021825381181545 0.0013531790820820546 0.06035501249213923 0.06456124991533946 0.08626819015932335 0.03003883379684054
66 0.049434534936053647 0.08179637363174076 0.03170745297377901 0.08411322479131703 0.05352877109731492 0.06504889160646991 0.042681253525058284 0.006230975824687475 0.054939668758278846 0.07584026040002338 0.057253370736981855 0.06537806782079848 0.08700459393183399 0.077026893775309 0.011562569090697694 0.00917562916523958 0.005245589675815495 0.079326154081375 0.013130541553544688 0.04957518262368108
67 0.07238408043752592 0.004953595234950713 0.05629198709409369 0.06787475851059958 0.05580939059709999 0.05243803477957665 0.03567086124406595 0.07291022639708945 0.05069396126368242 0.07996089910391749 0.07564375995801084 0.025671495423843515 0.0817630168327045 0.07077659461516835 0.029330491221115293 0.011447473749761912 0.06170356236054298 0.0615203875364867 0.0072218565266359 0.025933567113128084
68 0.06878663073013916 0.032041156526514826 0.03867265868964639 0.06215171752963991 0.012601616832932245 0.06289484862685947 0.07936665543296766 0.0244042280807261 0.04461484691083837 0.06435197181450564 0.005914082369192106 0.048684231421168934 0.034612202097559976 0.08716695504785854 0.007564333595777586 0.0875219663194618 0.06060887027573792 0.08389693136844809 0.05765679730753187 0.03648729902249336
69 0.042040280072461585 0.012215136655176293 0.0873106342271159 0.05408482747913818 0.07293159282002198 0.0014621186278775404 0.027945910294055524 0.03669919856930709 0.06944070869605616 0.07616655802084189 0.0009083181077786674 0.03760281988703881 0.029270163067636402 0.07337618602371677 0.07750879620264162 0.08539470445321132 0.005335287359229094 0.07591171342113298 0.07880861556295851 0.05558643045260381
70 0.04581756903412425 0.12648044569652495 0.06211879517781948 0.058866098719471294 0.05433236350643269 0.0749535161006461 0.003852892669409352 0.04811512567445817 0.015612985944141618 0.04781233698653757 0.09231141738119394 0.0150228599267815 0.030483796953270997 0.06439181851060671 0.018830397060900127 0.014754570504302325 0.05281166699219715 0.10385559328299057 0.0562907995082048 0.013284950369986325
71 0.06754034810390878 0.0580648536649134 0.018309791797667695 0.041625513084256154 0.02674690412105094 0.07926426360609656 0.025647273684582698 0.043638468296306916 0.041776770492896895 0.0582064021853029 0.06495239685019764 0.059992207012592794 0.06502169565451227 0.024249842572394834 0.07366874478887758 0.039170180751633706 0.04193746147443876 0.03891277904484852 0.0734747578594365 0.05779934495408454
72 0.03727938849533822 0.03859393489571789 0.039724463574266455 0.024124834790981625 0.046764241175270366 0.030841473507230543 0.03001147260616468 0.017399187526326555 0.062368441271115564 0.023988818700860712 0.09485873541516349 0.09879437979943842 0.030583605301592244 0.04007223801301241 0.05136342222235761 0.09576080295838002 0.09896036687768044 0.030599690632968572 0.046581176070325817 0.06132932616580833
73 0.09581330248304328 0.01354966273497213 0.02464487779760331 0.08787691836047733 0.06727464429007095 0.05188474326499805 0.0808250644552024 0.06481624600619434 0.0016645994031281896 0.07796340294597341 0.020487238786267382 0.05366106157542496 0.020440460763426177 0.0823267204876337 0.0206343561063383 0.03362014409499355 0.052525420653665604 0.07065704369374459 0.07707002051765405 0.00226407157918843
74 0.0811170754351544 0.03735562705119621 0.05139801863617356 0.0321079894742658 0.0465289225295165 0.005760001788829881 0.06322113135115046 0.019649134664617342 0.006825507162616457 0.10200976314377148 0.028480077724958565 0.041624911249856594 0.08773611059954671 0.08350739815408366 0.03938046316968882 0.08024829799496468 0.0907060110924831 0.06509675987856652 0.011914222904937447 0.025332575993621896
75 0.03144598419410912 0.07125474983730494 0.05681744944262139 0.07510378764329964 0.007368154247176124 0.03769995795810869 0.05656075734141403 0.039450504020719264 0.053013855939045416 0.04261241002995485 0.054404403206623854 0.003126079067218316 0.06245037478294962 0.056572810163522516 0.08159829192636558 0.013410079024382087 0.08956684958304936 0.02163471318393578 0.06396265646656478 0.08194613194163469
76 0.0798955713198411 0.08018081181553084 0.026422474700918047 0.03270551123015738 0.07844821350364516 0.05436971308182796 0.07786410619743311 0.004019291089803762 0.05994153928972637 0.05538048094718427 0.031025695195915207 0.07191242627248498 0.06253267385893141 0.07342757197143295 0.03313839630299584 0.06091429326240924 0.055586846924461614 0.015172617169894083 0.008004298233683104 0.03905746763172361
77 0.03698977232622813 0.08892326733782561 0.03835747014098439 0.07891067343699565 0.026938212936059275 0.039124580869250365 0.03666365590190706 0.002051835061470794 0.10521782491141254 0.04247666421800043 0.009270250765807737 0.06449267411146521 0.08517867107615251 0.07098305950290719 0.051066122697079955 0.0539973949100023 0.06530386460951262 0.06379138380485976 0.012132126050979597 0.02813049533109916
78 0.059603959231025704 0.020146608932671218 0.0495799868869178 0.06271141652849045 0.05648729428818892 0.051476047635965916 0.07991837377695246 0.06661159518780327 0.06996231842505853 0.035624505563036896 0.024767047084140802 0.08599085981450756 0.07256624275348005 0.061710867252627075 0.04116750829257076 0.07837017387684181 0.039060323507159864 0.016601674304165856 0.009516570667870677 0.018126625990524455
79 0.0062748849327760765 0.06792302104756943 0.026432040957471287 0.04169828494140463 0.05987814747168646 0.040506228278556065 0.0395002559860998 0.04167042818462333 0.046055395327681534 0.08592928222266337 0.02796598567349974 0.050819369786605686 0.076702606341585 0.030535440167545228 0.08336741454608113 0.061781431375389925 0.08443223707429469 0.07579841004872637 0.04205448306766698 0.010674652568073307
80 0.07668376525434474 0.016388538105199166 0.046863606935527755 0.0540691394021834 0.030369049935150216 0.03242540693923681 0.07127326150235098 0.07461134217960393 0.02009858506234725 0.04607411689232882 0.01215856379577676 0.030572890195824525 0.06416203283326594 0.03340693687737941 0.06773427604696752 0.07301989789177811 0.06462074106179451 0.08326136401201284 0.06233205079378471 0.03987443428314254
81 0.09069755045889315 0.08182854770111685 0.04014147398346562 0.052675928900683185 0.09514671605635322 0.045722961073230886 0.04385281833004618 0.049908783661389164 0.03624508863697006 0.057488948295000744 0.07986299765606408 0.038389016369196394 0.06348204276839593 0.07823865108030784 0.04987964006565894 0.006939011622939522 0.02927136021521301 0.0009780734942859187 0.015025553201257272 0.04422483642953195
82 0.08377057607249719 0.03764915185336242 0.03423439138181205 0.009103187360781476 0.05702127746473591 0.0879148827918154 0.08379454050034221 0.014241385039703958 0.021997903379807136 0.014592076935958586 0.09105926084168332 0.05904176783537078 0.09398578967641179 0.03753338072409627 0.029034778514719164 0.017925008848692203 0.06733893429591335 0.029490694261324234 0.033191395974432415 0.09707961624654014
83 0.0010557743183795168 0.05344713585596728 0.06480180452676407 0.006116897728863646 0.020173682373367426 0.04688543639538011 0.08770380052817371 0.02651835220459008 0.044751422271827455 0.0676224760208189 0.07132947900132469 0.053745185073035 0.04750561380986237 0.06551164856054548 0.06061108007774955 0.022063281726643513 0.06273066847079851 0.06988712555683434 0.0658904174862494 0.061648718012824975
84 0.025572624872260374 0.046782791175564886 0.052476114636965755 0.043404644638498864 0.04471023457213409 0.037522720669637875 0.09088715300496529 0.011359068532102655 0.05471330634574922 0.041905501105087645 0.030449039459248057 0.07473172460666853 0.00876226682988491 0.07575858945763898 0.0801761417371492 0.10627930964180791 0.09601656396418123 0.0007804198692351185 0.047631653730984914 0.03008013115023459
85 0.08093409787607758 0.06226403394713128 0.08457040790661204 0.02542830494145886 0.05566743348630832 0.028475651192958515 0.03059110838513408 0.07039915395615458 0.02201980628912768 0.07682059068586743 0.04283980860263733 0.04067763958066901 0.035348035814387786 0.06967333129048739 0.010946690829306186 0.04536048445967268 0.08595447129031848 0.028362159087134513 0.06815399985797219 0.035512790520584044
86 0.0018714531579390738 0.09392821694902269 0.02671366136483182 0.010216749709692271 0.11548540588584263 0.07092078520873413 0.005580997466543232 0.036129782279217086 0.02678935848015302 0.0020997192844309674 0.10030419615165781 0.035876247329175305 0.07349627251090184 0.0008891480531864364 0.06254245875494241 0.012489506611802672 0.07935304603516705 0.09727320674341525 0.0986624670147953 0.049377321008549066
87 0.0021149235577223586 0.06579417100569128 0.0467563621103414 0.03402328693759593 0.007730515487008471 0.046593030984653824 0.0898937231570293 0.0034145036739881857 0.05196707471572419 0.07599599367583647 0.0859201529429093 0.03284665985640536 0.03138471682645327 0.09277863889767493 0.004848424475964067 0.07361449773077382 0.06528764417235587 0.08563617490738197 0.00684128713992652 0.0965582177445636
88 0.06969349133113234 0.03932313082685865 0.0464878920098868 0.08315448911319077 0.027968397842003886 0.07743730744255384 0.01018123576352633 0.0854324276032321 0.001915029939960272 0.07150148302282484 0.032989351416534474 0.006041050707015657 0.0647774785979228 0.03340879248162815 0.08611752690077477 0.040417472946113094 0.07373021395553349 0.048740172687817794 0.02015985787495836 0.08052319753653146
89 0.0724784084013457 0.015365890889743439 0.03261776089318159 0.010849270872975044 0.03533785387281398 0.013056720845678958 0.05283441147072195 0.0569326384971874 0.044008222047609354 0.009867085431780182 0.05131714501644255 0.004086043811200526 0.012293854975723717 0.11475426397542235 0.06720066982320447 0.0792248993102536 0.0536302000745954 0.07448612525566962 0.09186700891997088 0.10779152561447941
90 0.007265859843821541 0.03449345527098915 0.04679712769266533 0.019035246908103768 0.01737273768305451 0.06503054530741877 0.0394074477908417 0.0743139472159154 0.04119312087070832 0.02257948500580205 0.04783127729598976 0.08446996884438772 0.054500132886562226 0.029832815895853227 0.08365412994170379 0.07834615053497801 0.09265127082141422 0.04308262622273854 0.06055431698693881 0.05758833698011321
91 0.07525056591681013 0.0529673749480024 0.07333175231179181 0.06416737540494337 0.03414236065911536 0.07861369870781294 0.023490553387448713 0.06719928519540096 0.0488871500724781 0.06972645090504433 0.05492947044378598 0.07820821907269038 0.012040185248188203 0.06090822620339606 0.013706602620765252 0.008328498717574014 0.02286759449504228 0.04903777292022926 0.059087194408734674 0.05310966836074595
92 0.08735623067817305 0.015401091599345575 0.05413080357741922 0.01356046516629862 0.05357884703904084 0.02401822580298158 0.0530324033265378 0.0865418894856468 0.06319606391879257 0.02039260249483433 0.04494941496299669 0.046985182243398343 0.07291072188863977 0.012475734181249698 0.05356380906934019 0.08527320273568605 0.05669320512177495 0.05649084618864655 0.0621580119472535 0.03729124857194377
93 0.06158902804698683 0.06634470657495478 0.10934758906954793 0.03163917113372622 0.04033875723281052 0.011439542758159978 0.08290269117240423 0.1167564419549857 0.09079790428904842 0.029162612495296215 0.0847190196563213 5.337532803278379e-05 0.05912452479971689 0.018127453674665214 0.020086701503690456 0.0598239814060676 0.03894596660017099 0.008911087046938883 0.060394368289204116 0.009495076967271044
94 0.06671822143705027 0.10359344843233424 0.05688938719083337 0.09603911908873405 0.02819078996337245 0.02417751200342856 0.012367678109279853 0.029958269843557667 0.10618297995788975 0.04001200587396284 0.04052856929150698 0.004510587915606835 0.0470909302486566 0.08254030019787112 0.05457106936532949 0.006031895807911061 0.07009028184454712 0.047057595533153015 0.04325666098128695 0.04019269691368775
95 0.0450126276033291 0.030423181381053415 0.1112405993023418 0.11197029903828071 0.0048885396975542296 0.03036923150579429 0.03958831777998921 0.047494978648938015 0.06285624600997682 0.047381801799333295 0.03690018583419345 0.022610344101351623 0.06651051766497139 0.08000052478809068 0.05222691467102342 0.0009702561325581406 0.08226177036549857 0.059880697023508886 0.06582252820643035 0.0015904384457823967
96 0.0654010942328962 0.05839885379308129 0.0380443721783151 0.07859973662299621 0.06046544974236385 0.008974777002001303 0.09623902843435515 0.018993589541536064 0.04041537040749246 0.004526694918834185 0.03863782315101494 0.09193052468215379 0.0924848540073366 0.08257947011162146 0.057283157134987474 0.03641335271944669 0.022671787987670642 0.004487427445845516 0.09095456346274992 0.012498072423301008
