0 0.11426201905546063 0.021192700377123685 0.0349802260186341 0.034237832622111795 0.1178842641951281 0.08033954871118124 0.09583563928275284 0.09132319903036937 0.01707102684883073 0.10083529936627661 0.032449174178190716 0.018337049265477762 0.0003464994846452023 0.02684282442554306 0.028636211766083063 0.05461716928096859 0.06006075665664067 0.025978194776895173 0.022167821647049255 0.02260254301063754
1 0.06971422806163377 0.08846377084277669 0.08357500910590344 0.010450648756775526 0.05096792458915097 0.06805280921426525 0.05521153968649542 0.040618635616464074 0.08981650980962794 0.03694038633459268 0.04591639549554868 0.0653333968891719 0.018534269844067225 0.041405543855339975 0.02307437909332191 0.029188324653471598 0.0832233461266942 0.012011609126598101 0.0016393581016512304 0.08586191479644933
2 0.05147128924466058 0.047309391852909416 0.07675130669629042 0.04950457199998778 0.002207142730776661 0.002887968425755961 0.04299576827706847 0.06796512114181281 0.06933301468978788 0.06653049493105816 0.06344505133250514 0.054313852357039685 0.04775286366849956 0.014092130706950624 0.07082351380139343 0.05055899458485337 0.08507090588927119 0.03809046773178702 0.07681412206291419 0.022082027874677623
3 0.07104849224262445 0.06405397808664767 0.03973614268488202 0.058351716307986516 0.051448730703500416 0.045834159871791125 0.0441523243030866 0.07484071747843662 0.07066105491274205 0.059000001943569136 0.048372115708415896 0.022547605809883443 0.047778269909206035 0.07543015928013938 0.009923073123943901 0.049243954810689584 0.004927976498941972 0.07365711797101814 0.07184115316414867 0.017151255188346207
4 0.08663251208262972 0.09383229230829064 0.03843392579273651 0.046396574865313255 0.11331157746642975 0.00447826655994652 0.0031375351505566603 0.018219484200364025 0.08228585914030401 0.005299651283111624 0.003263233064136259 0.08305963176104078 0.008815860014901788 0.026508092422348754 0.10001451904637097 0.0796123397433229 0.08628319290011821 0.01794027827255043 0.07208049832737772 0.03039467559814955
5 0.07738218989429516 0.07812120523477895 0.053210145801819306 0.024844433988438178 0.08559094809635112 0.0014200866130829569 0.039809438984250996 0.026042281397100867 0.06967321055867348 0.061120413126346425 0.07006220569039978 0.016939876170747378 0.023335814211779722 0.026851112042604663 0.10066443466747325 0.08296543087358298 0.027931764076301886 0.05875340934418258 0.015196360411932508 0.06008523881585796
6 0.039252165426720005 0.07431084279021423 0.03645114338383398 0.08630219703646502 0.06328818496432798 0.06245803633102757 0.07749678838574514 0.03197684876295576 0.010480733634952067 0.012599747843805216 0.07481002189314342 0.006797684007300488 0.03950319754025423 0.03657869591734178 0.052832870746343935 0.0793416732548207 0.076338022210237 0.02416534935252409 0.04049804266189545 0.07451775385609204
7 0.0726230510881634 0.08382065640388162 0.06625971404135651 0.08337052541937147 0.0017984366996708994 0.07786078298636467 0.05825701208462849 0.019122828305549542 0.04904804727945436 0.03517895726157964 0.085713447145059 0.04132272164135509 0.011656135648612726 0.005653373897643328 0.04846605997653549 0.08137660587414476 0.0727353818295392 0.02246920435449586 0.05618060417727447 0.0270864538853193
8 0.0898552964413132 0.023312382494276515 0.008691000695870608 0.09430879962490091 0.05874621252097988 0.006957516646575278 0.0005412133945205092 0.10517109395789524 0.04711522629027575 0.07107280307884639 0.022642984963425483 0.06282813168532592 0.05771661553563645 0.03630605641247064 0.1185488166940076 0.0763123104815959 0.029758553918707086 0.06645905820435621 0.006183840945314363 0.017472086013706183
9 0.038107558311460094 0.09989287112997643 0.039848253239496124 0.05965874704161482 0.005776045615421762 0.09427752281606232 0.02098430208335494 0.08532419023021662 0.011113832747079342 0.03692741357663455 0.07832403069037759 0.07951695564267336 0.08068849023229899 0.017987881729324497 0.05644583924400604 0.049297215261672064 0.025194481036441597 0.02976239501793149 0.018851802003172848 0.07202017235078446
10 0.04619864630097455 0.0015972682130572446 0.055646777347191485 0.07048746772018559 0.04937836943731784 0.0608280184224506 0.08007796710027631 0.04217909168902388 0.05711945886264709 0.02189449726537137 0.022247966757909104 0.06552517829295128 0.020904438810685464 0.0415804203449144 0.07178335609159982 0.053520160269037956 0.07095681602733708 0.07473120472356547 0.05535577366181462 0.03798712266168895
11 0.08795746123663788 0.08949459014761549 0.04571913973449454 0.0703758911685825 0.005119726825166913 0.018425666526063058 0.010008812719808696 0.007090469017921429 0.09292774408034306 0.06666907030908356 0.04800398202722481 0.045480762920836325 0.08587165298712938 0.03680983843396864 0.03910172315799172 0.07021600082829735 0.012023346044841895 0.04094381728640842 0.057854496589507635 0.06990580795807674
12 0.07644626152169909 0.007580373866926178 0.07095329875486553 0.037308964538882154 0.014636906173126796 0.03812715058441849 0.03352054746786926 0.0846720870122827 0.06940123406362476 0.06498849320295812 0.038463802636638365 0.08311592859056438 0.017632412440250895 0.0017905149336379326 0.08708855062443778 0.04419668425616237 0.00042849070385679746 0.09709760608366295 0.05657398746282453 0.07597670508131098
13 0.07986174678483048 0.0055591905873195995 0.018818269546249124 0.08833854546326746 0.03263043361854627 0.07429853468003791 0.019860585806478915 0.030286793285573748 0.10244464208911656 0.08712739223955834 0.04739082101021597 0.07198981630396116 0.10971769464356099 0.03377260924055304 0.06710356861728244 0.034980918368220315 0.015317899411877903 0.0063393540810989 0.036025641124060606 0.03813554309819013
14 0.06783078845872448 0.03851417175066998 0.02707375095085088 0.06853115056623327 0.034094939917313834 0.07651598093448984 0.07352122865387503 0.0007444517607556706 0.05663954986513609 0.07488652572047894 0.07181929076938454 0.005929476287296146 0.03122088134575331 0.011078240773028176 0.0801251853761189 0.03054278360325087 0.07864529674849743 0.07138607122759404 0.02140455711891441 0.07949567817163422
15 0.00036972847086609925 0.09640744065556718 0.023049553552215222 0.048299016660328264 0.04078373572992386 0.05482266012003907 0.029337591239197654 0.09545428235586675 0.024878788167403753 0.04179045762203316 0.08308147113907965 0.07054523739620472 0.0489977521983054 0.016451236242093478 0.016299623090040936 0.05691298181679333 0.04976038853857158 0.07156112585715661 0.07130423300079212 0.05989269614752122
16 0.06467620123171566 0.09522562151593533 0.004291718541906323 0.0014285019613302671 0.08632470129239384 0.07358758707025159 0.03637450803693027 0.007325133895225104 0.039994894561630745 0.05246035091380808 0.027469277306971965 0.01299498765754428 0.061827119419396365 0.04145669806846037 0.0019646084903547347 0.08762409348769731 0.052065939997939646 0.06926438957007641 0.08921708313455086 0.0944265838458811
17 0.008762968055899762 0.08821030967203368 0.03847520392433675 0.04396845732057374 0.021760013446271848 0.03759351071535589 0.005848933377173983 0.07806647831524058 0.11503140381371764 0.12147113241817392 0.0030591932826479914 0.01358173570602745 0.06565592444735936 0.0886141161138646 0.046608050577269994 0.03745659342642549 0.0228502813843576 0.09291781726167524 0.026764022605297744 0.043303854136296775
18 0.002952650847978874 0.10765590707850657 0.044806574714224306 0.06500250335516124 0.03144173419566351 0.10760885989807707 0.018902801411439945 0.025893408186200412 0.13047329260406723 0.08102404550330765 0.04169678170380616 0.010258424952078262 0.07065894989761479 0.01586516256966214 0.0007832694409296659 0.05573861894700984 0.06312147658572802 0.05300830637572034 0.016375814936045757 0.05673141679677843
19 0.01640901323373897 0.08569771398650394 0.08475886892663524 0.06363114552823693 0.029466591826959487 0.07154869208619329 0.06078591748764763 0.06118499011251768 0.007105029986283403 0.014520445508203752 0.016327270444006052 0.007107817367677671 0.07010767405134002 0.06313281608181544 0.062497642327413734 0.07244108731676853 0.07872242553539074 0.05195890753768338 0.08214515719004481 0.0004507934649393162
20 0.041902840047972185 0.09402064535492423 0.003957202169496044 0.012315333924276722 0.08430498880176081 0.0734060265009118 0.0777283190639815 0.011479563104091952 0.045421279596936405 0.07104732149650532 0.009902467154025388 0.06633557684902827 0.058367942250212655 0.07372441172134257 0.007699083840411954 0.060848773846333665 0.0004438043336498209 0.024789141974105044 0.09372749859053041 0.08857777937950315
21 0.02995127600815921 0.08163179187481312 0.06780148105662452 0.08351263910533027 0.030849323961995516 0.02495478638853425 0.008895705690138239 0.051109193634048825 0.06298158272413251 0.012949372119227184 0.08881421559333065 0.07408541596616308 0.006568726797666333 0.059473860802124266 0.08120207765914601 0.034308784547290624 0.0412364083992817 0.06924528347672416 0.07601134243014254 0.01441673176512704
22 0.03152931679604469 0.06420500288227232 0.025150778654042173 0.09866212578006883 0.048901578416365964 0.09706159209502965 0.09282843390463394 0.06058436494984511 0.06504511291087335 0.08259619965367554 0.032429504776436885 0.008501319980708601 0.05589762259982386 0.010699149611932081 0.003427427092579656 0.0892124329562609 0.04676850535921923 0.024881689237568068 0.03116566290180006 0.030452179440819155
23 0.005400873156476464 0.0661965010496528 0.08164890628039108 0.09086646449861978 0.008787701311128427 0.017887834756093627 0.07043275708919024 0.05589989452256217 0.07828149495401507 0.011924909306252153 0.10556650391038286 0.0017054717257963504 0.022706792168238493 0.10547422409557643 0.02483036075341229 0.007299197091681978 0.01600411209684329 0.08369178720906002 0.0705460210060183 0.07484819301860841
24 0.004986259849922604 0.0777810085902965 0.003082442136949885 0.06391299934298139 0.11083934054470475 0.11066385168739565 0.09980985700733404 0.007217664898192964 0.03185898858834149 0.035432443884211955 0.0391772853699775 0.09755291793735461 0.07154989781389513 0.09655764411462346 0.00101247788118672 0.039268921383658124 0.006695525674462409 0.01876163322328868 0.006505079334267711 0.07733376073695433
25 0.09643664612199257 0.03518123611331361 0.0012295841407409824 0.07761649931108516 0.0978576247942329 0.096043513939449 0.04031639902475088 0.02252181998512689 0.08556282352475414 0.02044693006941342 0.06667230296677298 0.09246969594409893 0.020789558302676907 0.03994566289015069 0.03472327182684143 0.019688741867872596 0.018295589199200647 0.07356142801989722 0.028156559355150525 0.03248411260247846
26 0.0207955783473207 0.04272988694645796 0.008451529875441885 0.04123439375602449 0.10297515530826312 0.034881741025519726 0.09311859907020024 0.043759126349954186 0.0380005934440678 0.07723278608172195 0.09879419592795047 0.07282218893680761 0.02562057217581619 0.08262459326507458 0.009664461185942717 0.0382090136249862 0.04811336705271072 0.028297277001856743 0.03342892525467776 0.05924601536920486
27 0.030355765199001895 0.0017650777667370429 0.007532422135533415 0.010973418501224788 0.0017150855588075695 0.09970230730322234 0.07420782735887255 0.052963652250638905 0.07287591596366334 0.10263473638921118 0.10406178841068671 0.08949433034091182 0.08441828135682715 0.09191497227344775 0.018072477521091975 0.024376096856059945 0.0769525510538175 0.016372803473544112 0.02220232079490759 0.01740816949179251
28 0.004144868570075216 0.0725265574696646 0.017946834470840865 0.05720516874199732 0.001290432792103753 0.06199333508037705 0.03679403434344383 0.08774552054035213 0.07290481682540309 0.08199674319873992 0.03850955233896786 0.021498987069140166 0.044816459072943855 0.04559093120484473 0.0640706573557142 0.021754045223599448 0.051205978685953564 0.0690696324186236 0.06757618982953699 0.08135925476767768
29 0.09512045217845691 0.07100910625816048 0.09118101182018004 0.064336604228691 0.01796420552607856 0.05167416191085663 0.007191425251799532 0.020770055756044493 0.046743497445894316 0.06396221934579276 0.019843812079579026 0.01082792185631225 0.08515068104398077 0.079703028745898 0.05380212285282849 0.07963245617563948 0.03156698937400468 0.08677950637850934 0.010322216542019778 0.012418525229273385
30 0.017690799583790252 0.07516863518368504 0.07686891175095642 0.041886584397652714 0.006555713602982976 0.07216582923046394 0.05933376104454286 0.01710601363830978 0.062152560062177196 0.058299308823647256 0.07532868339351495 0.054236403232978035 0.07850136688136082 0.04672756161244615 0.022623426075238998 0.04249103544012768 0.07895860313123869 0.024578970677923948 0.04730170403628897 0.04202412820067333
31 0.061615328790688206 0.0684692324678958 0.05532016688982982 0.06502241575243421 0.008186912430482836 0.08767976045954247 0.03408894270105285 0.029187531682789248 0.022090093778499298 0.08876363348799345 0.056048288352843874 0.0862268222958528 0.04677890383736259 0.015412434487901212 0.0815109464720142 0.08436420183193548 0.0003622195747137548 0.014534336986305754 0.0781189075660393 0.01621892015382291
32 0.02800201541051312 0.04538906696740309 0.046845646751370644 0.06154051896809676 0.029084838443060194 0.04945587670410978 0.00928927713464577 0.09244874336922675 0.025485937549658846 0.05347963758574461 0.03418772607729632 0.032005752418477196 0.001866036520996406 0.10014350260922117 0.06313487046723444 0.0315284930559477 0.08551377330406879 0.03535917372665954 0.1013894234416894 0.07384968949457976
33 0.05920013605669463 0.023652904498921976 0.04025188603083965 0.0031466748342274947 0.09016537402904465 0.05935910219244581 0.06853445209273235 0.07314688223649547 0.06625482282251163 0.0812987674671245 0.002971521060079619 0.06395505259728085 0.05564539955962229 0.08518993708661309 0.006327973262560454 0.036211000718184456 0.007258542936287227 0.08342351209282674 0.029530630380832805 0.06447542804467414
34 0.05519026307994574 0.07875766067126205 0.00971392048226047 0.022576095714644362 0.034749434101899734 0.03966638675043993 0.00045528622628764623 0.03545445460682041 0.029956503186660297 0.03411242140962475 0.008578692045865215 0.014834085022554119 0.07707335751207138 0.0872048172140487 0.09300348251528616 0.08674203972323828 0.08115440174937506 0.0920764506617567 0.03989231880368838 0.07880792852227068
35 0.09823674572678161 0.01958186765568361 0.06637957715143704 0.005357990257022517 0.06599052399028532 0.09993642328017051 0.0150386146126994 0.06984551220502 0.00207028370050059 0.09253418463748139 0.007477667613781509 0.05172496149302429 0.005812760184549475 0.0464803976341291 0.09424377376159383 0.024737701676542597 0.04341550084390216 0.020920038592139895 0.0888403381705968 0.08137513681265841
36 0.020185596607750097 0.0960710746411172 0.07838460728386792 0.030105150984146928 0.060337179072533935 0.047612868328706995 0.006884495846596695 0.04991580802446518 0.04713579037473942 0.06641601888450782 0.010711899578753192 0.06583036236929966 0.06470981862525987 0.07417548663920694 0.05868115256715556 0.059622875116995724 0.025679883230441392 0.04209488861612627 0.05754515583519127 0.037899887373137986
37 0.0949572522568307 0.05331556143253413 0.03697291731502408 0.029210791201084996 0.02033367640691461 0.07270412360705143 0.008080894424183093 0.003854407269293588 0.062162590434113256 0.07094529570321291 0.07743384970664066 0.0026529180917738756 0.03608412530170046 0.04934919041452694 0.024878499527024825 0.040185381362198125 0.08252385588886951 0.08685718705794873 0.07390237243176481 0.07359511016730921
38 0.02246808326241629 0.019934511782854873 0.05744727083232632 0.008258216103049179 0.0885619487922128 0.0014169860221913508 0.024246585454260353 0.009225898601991779 0.06378355038886352 0.038486556561389204 0.050215168125626694 0.10315614216746875 0.022353140186910342 0.08431413336268195 0.027190638876021796 0.10142407066409413 0.049729653405662044 0.04247689854884861 0.09769523671769956 0.0876153101434305
39 0.06391359906112062 0.02522177138023453 0.05642375524457311 0.06576165247459198 0.07887046626975831 0.05996114184045907 0.030030352799000144 0.051894488657796736 0.04740850128825554 0.06457650699561497 0.03822771164541198 0.027544901884003613 0.053014236002123925 0.08062862275828545 0.006229180063604288 0.03698146969150978 0.07062299542169972 0.03908892937309707 0.0532529651218119 0.05034675202704731
40 0.05344260533613069 0.03299451094965786 0.035664146857945056 0.05441807645963322 0.06044846884142516 0.03301904753048954 0.04338349366610645 0.052698320518966536 0.041719993966155215 0.02943921754219416 0.07823247435702076 0.04573560367229942 0.05444676328144269 0.07092383761418625 0.05850634955012116 0.06909861241141027 0.062483310000973985 0.0005273370964335753 0.04769773362779503 0.07512009671961294
41 0.012272673777861082 0.00017969362157776338 0.019840210745319033 0.07956284393021643 0.01577797065348201 0.05604547668852904 0.07456809982653957 0.008799847206071394 0.09028243358949382 0.08649848528753652 0.08171591304307976 0.04268393907239087 0.004721206818947591 0.03311615680648454 0.07472256724767883 0.10182588547346133 0.05240570618063755 0.10212003723863244 0.023086318964410515 0.03977453382764976
42 0.0563715958514241 0.04172306787747915 0.04050728586291093 0.011773453875244583 0.09680428621752274 0.04726334731973529 0.08387341789788484 0.03850654177841229 0.08531278099747167 0.08048546048593604 0.09452132367407604 0.005416373916214113 0.06348058728497376 0.014957104579905083 0.007781913186796301 0.05044750359881647 0.06156310513044724 0.009584850728100454 0.07339012920394894 0.03623587053270003
43 0.00530584983050833 0.08725723103841318 0.06451324033559128 0.0773380477832112 0.0579073393037507 0.033738549693467255 0.05914329799735403 0.08889977565001919 0.007673731625438612 0.0630471874139971 0.035801920809677625 0.09108237015627754 0.007494361202625015 0.07891311029411854 0.03788325375187228 0.004738339294149453 0.045767931197913475 0.05003659978117907 0.06660248551600045 0.03685537732443572
44 0.08449479870193596 0.03405195026477315 0.06379094903571367 0.021987226103652918 0.06608178328306036 0.034382346180863374 0.008464859712407674 0.022153457622134474 0.060269394540436665 0.060209616657730045 0.008704159080588332 0.03588560246720031 0.10337734568161479 0.07571814843785378 0.0532564434765354 0.06566717285413291 0.021021508776800316 0.10551670933184067 0.03130425740390375 0.04366227038682143
45 0.03611268450668291 1.6309514692499496e-05 0.021181641588224987 0.053353235739227865 0.04963751992746105 0.05619387735706211 0.059369162763512076 0.04547872587920988 0.07253494762724673 0.05490752418903807 0.020201769330854484 0.047960043006737646 0.07029200867254744 0.07045072566980912 0.07870055662199398 0.06315438594687463 0.05872595154657105 0.03673552076344733 0.04875426401030732 0.05623914533849894
46 0.08407761478584111 0.07741133774677164 0.05049528485082603 0.08567416995720938 0.0873297156628903 0.08793526378928108 0.058998601250755615 0.08273936842025104 0.0178921203023124 0.029518195581729235 0.013150320327442276 0.08957420481850417 0.03835292855006145 0.01751467316456675 0.030277664645949557 0.07208009641115624 0.003314617767617158 0.0009264132522254397 0.051161774097947484 0.021575634616661524
47 0.08058077035113566 0.046033686605043325 0.04376680655736234 0.04227713420738639 0.0005720465998358294 0.008810769888965798 0.07260934154260114 0.10841382445009833 0.0800436585350598 0.007940305159886666 0.10120410421873864 0.009440445463524393 0.040713456444566955 0.0924550977063616 0.007236602140177645 0.03383109983278777 0.09686113430840032 0.0683379665431692 0.047105645989672755 0.011766103455225527
48 0.0032924390862776676 0.013648307449702376 0.12081969964729412 0.03830692989766388 0.04995274259278276 0.021878435489823392 0.005963694295801518 0.09660256605910375 0.023747438336423305 0.013627726855258565 0.07369492686111385 0.03858894723141781 0.06346561221188665 0.030798906869771603 0.04575902077949039 0.11666093918653746 0.06895888360041882 0.03283078473190656 0.028851347847973455 0.11255065096935205
49 0.08841253120910766 0.0508138080261368 0.08412780023404438 0.022242017643132266 0.08375352515054868 0.01926147032331064 0.06718255137395913 0.022421015343489423 0.07603377423992266 0.042909407871762055 0.03261627715651152 0.07507866667658104 0.011246313386361036 0.0876999824688457 0.05547705165913133 0.04319256441351308 0.014513480546708162 0.03396582717757464 0.019731884244608734 0.06932005085475124
50 0.01680541475059384 0.06022995600608287 0.04110018728075574 0.017416128580340168 0.056722842664548245 0.009166914721286579 0.06923205590898722 0.10078283083151174 0.05096917537599391 0.0022289832718779606 0.06754324389597288 0.014088601004568739 0.013602841296222553 0.03280988724262634 0.09923135069093635 0.08861521912184203 0.10651233155357974 0.025036866804037747 0.05737104350195367 0.07053412549628184
51 0.08465109609632147 0.10297725899048049 0.10666222402261685 0.04686378633978207 0.05458332119230639 0.017390367568081492 0.029071428610156106 0.11255595998582257 0.042908732052403385 0.0019198728414969517 0.055938779221131676 0.02322572954339814 0.008554384809323681 0.09077145112325152 0.05619197993736176 0.008159478169955837 0.006954787364524519 0.06293370692146537 0.04056439591188188 0.04712125929823778
52 0.08943461797943365 0.07513570017581642 0.013299679475265221 0.09999477709915101 0.07820338706585139 0.06012945639977525 0.0189216280708033 0.0911130800995429 0.03292641792295969 0.008467032269733287 0.027946741526877043 0.06682937823271705 0.06413104240576187 0.003687977827970538 0.024349670940554024 0.05840210826498343 0.05723601612044343 0.03509434398177756 0.050374780256060715 0.04432216388452207
53 0.08879791713445837 0.041039251493630295 0.0463092304478781 0.019602334923836177 0.06049587045834513 0.055892688988386924 0.015554841373840216 0.039356754559888456 0.08371471175955492 0.028140206364227455 0.05326750801573789 0.027580437050797275 0.09158279167879807 0.09037399334912982 0.01892175726130075 0.008504839015707392 0.07575427893228148 0.04356884137564705 0.02953159389951915 0.08201015191703506
54 0.07361456565728865 0.04284317473281418 0.07011823536043302 0.020905494414997002 0.07788696375240993 0.07677043143131533 0.07970799819682166 0.052463115962455516 0.05283032063695161 0.016438696709000934 0.03186572254912798 0.0131461067504275 0.06816658432261788 0.05854456705144557 0.09673421708582478 0.06434178244321724 0.002115437874476828 0.02884883936186036 0.02972268213361784 0.042935063572896094
55 0.02529015132590719 0.06638164311053717 0.008475915627441438 0.054388674961205925 0.06966679137789471 0.023724931985635193 0.009219954804700642 0.08350924336815548 0.08587525551627447 0.09970896370736888 0.07856385070777569 0.010580869920686187 0.048605640263204956 0.08093834209825021 0.02329522330612297 0.06303225509512655 0.043626548366337926 0.011368891173875278 0.05414391966868855 0.05960293361481071
56 0.039092157200548934 0.06651024746726916 0.0043761117389529 0.07401538661962402 0.054355890515153486 0.0074106729492214645 0.08843310947183511 0.002552076298561737 0.02399152765873632 0.009682281300803878 0.0855204565537793 0.06252048465439518 0.04241739827363252 0.05109050671848405 0.0692219921811677 0.07877641362137543 0.0762551412881597 0.06705815604211202 0.03987104305731954 0.05684894638886757
57 0.0827057167082844 0.006516113970240581 0.0325709157748364 0.022083628216556093 0.006562790236118432 0.023085366264585083 0.06988032992495309 0.037788922416372765 0.08455870168926574 0.09620989872116358 0.017168944176463443 0.0955969814188699 0.07732753880935257 0.06240403755255278 0.024660272492612236 0.0376381184719235 0.01004836237571086 0.08643371666240354 0.10285665361449015 0.023902990503244865
58 0.08591791772274894 0.0670053865520374 0.07069378814774273 0.06154641927511217 0.08194488016752309 0.04534751431689815 0.062022324918450555 0.08437273273813657 0.0307210749869045 0.04400914748370265 0.04611501131550575 0.05908783797522305 0.07740237840375998 0.017131971410644275 0.013230227329175136 0.034406587510557494 0.061393106879725365 0.01622461356556475 0.028648432121092547 0.012778647179494925
59 0.007968898568834983 0.0936445290270978 0.059552864325785895 0.005946229553435663 0.04244502962064118 0.004396176719898918 0.10839332743540965 0.01628106560997116 0.006847251665484189 0.08534149929735613 0.04872371140371798 0.07059963201185558 0.010890408272380242 0.05239745818541218 0.03891303989345856 0.004913173838082892 0.03694992281325418 0.09476147639765897 0.09230331728236091 0.11873098807790289
60 0.061319533327175914 0.015447255676087622 0.06491952954991251 0.0037843786920699844 0.012318332919176167 0.04171426303636755 0.11369788604988386 0.0440026578059633 0.03052924424633195 0.04668428502320553 0.09819159134314225 0.07964675976821065 0.03394252570007877 0.08015270858428912 0.07130636599769094 0.0055105147306932925 0.04430267671584249 0.0454481073187336 0.012846744511811677 0.094234639003333
61 0.021932918455226765 0.03903297125655372 0.02862796450244248 0.021624366159614383 0.02221268618129988 0.0017526026620016289 0.08838702472597348 0.0643625834209781 0.017399709039798365 0.05298481998776971 0.026817740916582594 0.06935370799310517 0.06271713937136456 0.07525959784571043 0.04000664423687034 0.08818592833368873 0.039476621034148805 0.09462995772469314 0.04983746340056728 0.09539755275161027
62 0.07552997435494999 0.041395574999923586 0.02903665520895172 0.056092420031975725 0.009468219445750877 0.07214834664215009 0.06021607592949464 0.008667817989796631 0.07274458718187071 0.04451287811699185 0.08727342511634759 0.049740953976532234 0.08271327710347182 0.03905172241552828 0.06145030811133796 0.01930334622648734 0.010777917682594926 0.05971711259733027 0.08648142235607195 0.0336779645124418
63 0.08397273557987539 0.057286694175748644 0.041648247563823654 0.0758363648627714 0.08685319048220447 0.08380375314725783 0.0384855538992908 0.013525047924428778 0.03486792247811012 0.04565485339930085 0.08084992039120371 0.06272390331012058 0.02338435036403723 0.053337434114521645 0.06947603202431259 0.033607186293134375 0.012873885531668149 0.050990037867359894 0.04947604003106903 0.0013468465597606533
64 0.025958600340329246 0.044848458864755414 0.092648734434804 0.040037193490213195 0.06435368935962196 0.04603567135043738 0.06827657526941046 0.0771336078586503 0.09119723034289222 0.029364561059864513 0.03447128611302024 0.0045404588212718585 0.005076813593798234 0.02446602319224568 0.039292353059042565 0.020777463927112445 0.08879087033561008 0.030804028305878087 0.07503688776613135 0.09688949251491075
65 0.08665589880730315 0.025723410682374402 0.08900178119857945 0.03535836769572497 0.02493013931527808 0.042133016881156386 0.04832986688633274 0.014637559227741109 0.013180234274241587 0.04853380920920582 0.08902971736362716 0.07655866011688152 0.016695827300230708 0.03484452575580754 0.05580684454242903 0.05756942395953081 0.07959158151098256 0.06337861929584342 0.03312204733313361 0.06491866864359591
66 0.08141197470193207 0.09689099536342892 0.014293956713616593 0.011555365938669574 0.03650016796536054 0.005356021460441912 0.058154856127686214 0.009045882344169287 0.08519813844273658 0.08904452602703657 0.07967669007103496 0.06675616594651264 0.017597062371710978 0.08269764209937906 0.04012745995262621 0.0023232177145689798 0.03740818886927582 0.040593758598390685 0.10639448536694461 0.038973443924477665
67 0.06898652278584952 0.05414870882224845 0.006339546404724109 0.02115288423098607 0.048455210607697446 0.09769738744726757 0.0792230646292998 0.020774733453983604 0.06467107549993066 0.08982496668870192 0.04478506482831839 0.07138657894109605 0.0019778097842542337 0.03520141198549832 0.04559837622185 0.016963988144368333 0.05240804790567578 0.03730753305096265 0.08518972152608364 0.05790736704120334
68 0.10341132932452456 0.01855847435115894 0.07304516406948613 0.02103325378027351 0.006222458200832855 0.12047992984254495 0.024996620345026227 0.04865039355244439 0.010390615266058957 0.0189744637431134 0.10225203204588898 0.07619500987126446 0.037172671438528156 0.08739783030748585 0.027178199337454623 0.008258571937551789 0.06543685747680379 0.04971666478097445 0.038155852730277266 0.06247360759830679
69 0.020049734071439142 0.07567253611718762 0.0036469680771093285 0.0698727748766876 0.03835590061937874 0.0710528624234769 0.06609951193268504 0.07565454410175006 0.023306824798775442 0.04537615140928777 0.046621011821367485 0.02912311012732979 0.054355535513820046 0.05659938675055675 0.037128227723711764 0.039891958626934856 0.031191363600770183 0.06382263710839169 0.07275951773185055 0.07941944256748942
70 0.0051657440054161275 0.06851424776250134 0.030450219709531042 0.03981955131642558 0.07306787055313507 0.0506328328878898 0.054293191279533956 0.07002663425947157 0.080566786849939 0.05852048778036742 0.07378617739008528 0.08390430615471833 0.02844496383850255 0.05359790630866594 0.01552515247519054 0.07632062717214753 0.006169784718130089 0.06443418500792285 0.0445844223703568 0.022174908160069163
71 0.02995098521981719 0.050209788885409924 0.060157560773379325 0.001797388457918137 0.05321405977633711 0.083616718467894 0.00607854208928018 0.06265411264741955 0.05935207820663578 0.08101721392420433 0.07951331234272861 0.013877563968401231 0.07818485491311652 0.028193090652005134 0.044813313461177944 0.0724814176735253 0.04770062895547253 0.0793427747063486 0.0466682163316844 0.02117637854724428
72 0.08370174013884579 0.04008889239862673 0.017494606534172504 0.058037243820052965 0.07470618618340732 0.05758723656221634 0.08733095824760523 0.07751366370429556 0.07584471263520186 0.07929086691092009 0.06344078563716085 0.0029573084647685913 0.06465623126357986 0.002434064553713397 0.011100961754118687 0.08140195833742388 0.009741893993463436 0.061456878261425985 0.049510543941741154 0.0017032666572597407
73 0.007051697225274324 0.041153403042522 0.099098777567246 0.051186901524981704 0.0935910725444722 0.012680455532977922 0.023177753348055177 0.014881922637889311 0.04615173597462801 0.08289609755550159 0.041677879754882505 0.023846215580658754 0.03313532682254012 0.10061291425907594 0.07271565658904859 0.09665085839323807 0.029160858483469977 0.022674989276798604 0.0876868355981081 0.019968648288631097
74 0.0008971420256067434 0.039793938512694894 0.001584324636003005 0.06804056283047512 0.03322518712037815 0.039003402639766614 0.007538967302475283 0.08256074439659651 0.008333855053563159 0.07070726915911127 0.07189318614503765 0.0514692295903775 0.03751373612207882 0.06282203992203461 0.07983861895224784 0.05819331217762666 0.07530970866233065 0.07428473331806577 0.07101545183965284 0.06597458959387698
75 0.06963763249670754 0.10781600173059905 0.08703504261169322 0.007505198035203232 0.004501216661755788 0.04443845044294494 0.04537829004997453 0.10655405388850044 0.04537800327682417 0.0246371350957831 0.03697792377347408 0.05390968622727069 0.08726076326719281 0.021102273218720744 0.04798733588612032 0.06336627289125622 0.09278749426742806 0.03348676374515656 0.01317586457141471 0.007064597861979784
76 0.030878557314258474 0.08189244217710441 0.016166828863629218 0.09048122013352555 0.069894886130876 0.011276355088701949 0.07160417102387603 0.020519194118532414 0.009428562590238766 0.06255269213052475 0.059587863035191084 0.08384498064782771 0.0292291454643224 0.003548621591690433 0.04465975899235518 0.09309944999496068 0.07863601414091113 0.019003287609883117 0.060037889819817 0.06365807913177371
77 0.0005963911195129826 0.014320172369844184 0.0684187824647992 0.04239434598553956 0.08177903463446715 0.04798846554664184 0.023649626193370826 0.039064470490630936 0.027969335426532696 0.06658503872758835 0.040385969787547916 0.0573246369646485 0.03419653765560348 0.05292434278211993 0.0649703537121512 0.0614836008575739 0.051553539021334686 0.0704456051247592 0.07838989866726795 0.0755598524680653
78 0.08469393307039493 0.08011396024128371 0.07229911706547465 0.03444970343339776 0.026685185582830204 0.06800507173278374 0.0915445545919041 0.027968720110296587 0.07628765319530888 0.01769221031980259 0.09827454501994153 0.07218327909734544 0.031212817621100345 0.0016782586873962987 0.057870412735334 0.06811115035916315 0.015173671423190564 0.016213540947056924 0.03170306022478347 0.02783915454121103
79 0.004969189047525798 0.09207413726169741 0.09468627361208318 0.0460157961630727 0.10152206770909013 0.08942992018535884 0.03342485413163066 0.013645481734822067 0.08038889290232201 0.006338694629495111 0.031667179342424655 0.02321940946734416 0.10014468850872708 0.060008494430507854 0.050019896662175406 0.004066077367665474 0.01741392999069439 0.0453047546249014 0.0758551014246033 0.029805160803858137
80 0.056517738929958 0.08683966091949052 0.04815925048699972 0.08224172345216929 0.005732965785729321 0.016379745715267294 0.01713502983484539 0.007618096952143943 0.09217465843175307 0.0848606687578913 0.005684200124194969 0.030706317019581434 0.07726006780768302 0.051699645919612645 0.08316237476443053 0.09951844797672177 0.06263163379602524 0.027416253578872025 0.00901792124916575 0.05524359849746479
81 0.03765804673734908 0.07425103720599176 0.10029570841373678 0.042044473610576664 0.022853327761957042 0.027862301011221374 0.09439294748302848 0.0413525896810636 0.0324317237288455 0.09493102524076807 0.05502155037875771 0.0634740606653254 0.016193125784469027 0.0996826521526755 0.03513551159496456 0.009624962904570971 0.09411173742611127 0.006049428704782496 0.052016773485392666 0.0006170160284117814
82 0.015176601929433953 0.030780463372401534 0.010991805911464056 0.035814399332170566 0.07169356996324022 0.09380865359229827 0.057738017962256416 0.08905056359126963 0.016112049217530264 0.07734512702613357 0.06305400174836617 0.08819328926615315 0.06953150200688063 0.053408343178834417 0.014219955404075267 0.08603708026322665 0.0020155537378431197 0.08540621125852509 0.0061214900386254816 0.03350132119927151
83 0.07675253223508346 0.04288149545343233 0.03026799529987647 0.07629673515853883 0.054102695198040826 0.0015366854079063906 0.1322446715696884 0.09456551089954068 0.014298743579399475 0.09507931415615414 0.022532190970706426 0.09768817447051553 0.03036603653073485 0.013503056417730731 0.05148306551840799 0.009914431343799253 0.007305622284405694 0.1237391813166811 0.006452976047836094 0.018988886141521444
84 0.011764813106591906 0.026815722522339273 0.09364549053076596 0.08781957543996764 0.0636726283554291 0.008548605929941175 0.030836008487908174 0.0574659651073458 0.07605441202621369 0.007735147160859062 0.0855995954884575 0.038246404866243464 0.0532292962520078 0.09334078399300422 0.040210925951942804 0.039289333480597585 0.0031934191074630205 0.0690839956859596 0.06810166789134423 0.04534620861561817
85 0.0974324090721605 0.06203021551391169 0.028788312917145547 0.022694164055935696 0.061128773844925155 0.0004073828036568668 0.057231216112400105 0.08391748709457479 0.020508110131266605 0.01883149148333828 0.020490219400708436 0.02033807681683033 0.07917869110547102 0.024875833246547057 0.03167368249349717 0.05634625658382577 0.08821440809605455 0.10998227193096007 0.04748484019246865 0.0684461571043216
86 0.06179302543956448 0.020393320285204408 0.0065183087805493695 0.08217226604651619 0.04530056375981889 0.03865883450669778 0.0011587116740452033 0.08038419389692328 0.04003518240208796 0.039372078123585987 0.05482057421749238 0.08258395386085726 0.07577652933299386 0.06718379125865495 0.07861304987649605 0.002317825232505966 0.01768005358297666 0.059716837054705485 0.08544380800061326 0.060077092667710816
87 0.07322295683662529 0.10005874577373611 0.02281330269574262 0.02509825723199282 0.00414975348134979 0.05077032774670231 0.013119811141689551 0.003705612051882221 0.08415735649680403 0.03843724498463431 0.07151140249914445 0.021027456752716535 0.02319820015410293 0.07645859282229821 0.016901980036809258 0.0922685781122156 0.10967337229015442 0.10069012127074492 0.016805330188734768 0.05593159743191997
88 0.05445317972966112 0.024873688064235806 0.08284400638320889 0.0369267436376039 0.05181860382593857 0.059714615696168774 0.08209766802333349 0.07915713170685316 0.0784233183676974 0.029996565579935183 0.06300514306446846 0.05316007406719284 0.01877187902764083 0.0671938810215194 0.05392883599331445 0.030188273984275826 0.025253705313401882 0.04235156997604508 0.03745615657761968 0.02838495995988535
89 0.05202260815173414 0.052760329921446296 0.09102783400368321 0.01256180091905634 0.01421682235147633 0.024162218418089597 0.0016338810713203184 0.06609830982529628 0.08487338119297917 0.09899223783038126 0.03124893041230428 0.0218824879917114 0.0993012072719059 0.034368704544201864 0.061640092398010424 0.018959418932920417 0.09898417293542161 0.06245840821774473 0.04881706383352637 0.02399008977679014
90 0.038079216387990576 0.052354645464952 0.05586014695818739 0.05946183122864511 0.07068862189045402 0.0013368914073820085 0.0636288687601687 0.07216094593002954 0.009503597103250808 0.06581289623629438 0.06728452071338531 0.015942441274074483 0.02424654131423373 0.062414347860006145 0.06750808983658158 0.08439422634620937 0.07297208504508745 0.03562161677013442 0.0073961080134536525 0.07333236145947922
91 0.07053502637665804 0.01494306635040895 0.051653632228069866 0.0007495759827429446 0.048387098291322136 0.05350437381879999 0.07944709358732034 0.06774871849794321 0.007355983213439118 0.057487264655861556 0.09064838111836201 0.009177692328958622 0.054329779488112254 0.026428839192208127 0.03916687367599076 0.08373759536467104 0.009910754894583058 0.09628491495474782 0.03994584077090541 0.09855749520889474
92 0.058866700375323426 0.02746795928239707 0.06802853867579849 0.05962352759457867 0.06069397238060863 0.04627016318372499 0.04045597420025789 0.04936039373292233 0.09670781297474841 0.07003606262897633 0.0624989731264411 0.002495107859667321 0.04286178019021256 0.06220209420013815 0.012947631516525412 0.05955355503857471 0.06100745689042931 0.013340176280020358 0.03705484412332968 0.06852727574532526
93 0.05638141552056889 0.0687282817875623 0.06667778142322295 0.0024928528119084145 0.022218554882291058 0.06432547186807444 0.08562233424134919 0.06773205273407486 0.047024719854248394 0.03656375344930329 0.027978336969488246 0.06011370013655962 0.02265695528053524 0.10179280687661638 0.05258877564822843 0.06081370697023374 0.032983436736008696 0.0185057760829047 0.09807219499765747 0.006727091729163627
94 0.05638034589613276 0.026951422399259288 0.022941904694844136 0.057112034995428614 0.037936983717992236 0.07080720261744211 0.008505328236164988 0.04015601310657868 0.09086180675509675 0.029439476961259342 0.09367126949416064 0.04525188972964316 0.0927785185248177 0.05493507798539621 0.02802710473368498 0.09120722682314054 0.05027845179834218 0.03372541467975471 0.014001914798663077 0.05503061205219787
95 0.08223153102345439 0.05903846943453241 0.054898552473509096 0.0349526606872822 0.020067373864747277 0.04076555328582625 0.06521244682678141 0.007403342670154216 0.06983054061015556 0.05877221272755694 0.0789628238027433 0.04235066778052174 0.07477667972781739 0.019157927529907623 0.07978475649028816 0.02508461824737921 0.017288207395736773 0.051010271706752965 0.03698539456942992 0.08142596914542301
96 0.028252691300061573 0.026310457125403024 0.07362560327656006 0.0015944280238205696 0.006826582472084446 0.08580834542547218 0.02970536598155776 0.016016454636643612 0.026969630221070857 0.09768883602739453 0.06713563829605369 0.03198996132208696 0.09168764331178997 0.047294177538205126 0.059432924412262125 0.02441464963179738 0.06596138893317934 0.07339729042315568 0.06836099112972174 0.07752694051167922
