0 0.08466138257917187 0.09066300349481773 0.03293551418471884 0.03330161534284115 0.0447552641061175 0.017847886351481105 0.061623772514586596 0.042019801308182586 0.05611253031610953 0.07655728404635896 0.0027970191714558274 0.023197047859062 0.09152631154952863 0.03278816590406985 0.058016579309419475 0.08054525327042489 0.016029928252448075 0.04702444275024292 0.05009389017234677 0.05750330751661571
1 0.0687540499187358 0.04691690070937772 0.07386870060705071 0.07763558997264161 0.030662155369215634 0.05868653147378765 0.0041422722547524975 0.07275370170926444 0.04974943571660162 0.06354018403248232 0.08822012317251161 0.08529178504498637 0.02637195265871436 0.04377370055239795 0.01319596886049136 0.0038439683484881235 0.053514989245781366 0.04201175435503888 0.046177948843598444 0.05088828715408156
2 0.03683212775510106 0.03561557891810512 0.016958989743768915 0.031747857060276774 0.023682846406993047 0.09259674938953243 0.07316940149463337 0.09478372828330789 0.09868311476289393 0.01464756822508936 0.08845092436889934 0.07816306970127278 0.014851239901053494 0.0747895499731423 0.005805405405375954 0.05813210452783729 0.005264003478025508 0.055443074389502925 0.005628022524456825 0.09475464369073164
3 0.030997137107109208 0.002279491107786861 0.027897609305161532 0.09360058131934847 0.0732417439421405 0.029635340208391706 0.06882478289783016 0.08785512681783947 0.06760254733467613 0.07909145733559342 0.04736273779356921 0.06655494027692763 0.056195616623900074 0.06186003161062296 0.03244474210125032 0.02297362800266924 0.03852253631568501 0.026928083456506956 0.07328383420676841 0.012848032236222693
4 0.03502780410913818 0.08954675382715156 0.08921481150606295 0.054854372274728114 0.002903626037122625 0.03247027354114649 0.024260883235262792 0.08013199892882666 0.05968155082017815 0.05986337210578062 0.07224672133468743 0.02666879778257421 0.07471613388385666 0.07492766725503372 0.008208872762226671 0.07301033963356482 0.0558638848060165 0.015453538081607187 0.026201134067968333 0.04474746400706649
5 0.07134837517383925 0.06684095173902749 0.013488494826777834 0.05830267752542046 0.0712200498420561 0.06214700816211578 0.03656798709637487 0.023836489545893215 0.037615879038618606 0.06664564715194263 0.032636349490577414 0.028146070163429703 0.032612820304044596 0.05043255151610325 0.07500709595911083 0.0021794613727116044 0.07793596252624432 0.07662465532949157 0.06158308821226599 0.054828385023954505
6 0.06493685931565643 0.08813054439746551 0.050729599875318214 0.07851488837822708 0.09083880575985714 0.03436964819949171 0.027891694257828743 0.017715693919848417 0.01328846510077156 0.04659985906313001 0.06481969128653456 0.026196007084950523 0.09256336296370922 0.07007112517186194 0.06455449608327449 0.03916826644558465 0.04861778888662594 0.06020941443908532 0.002509602261707141 0.0182741871090715
7 0.05216800304952982 0.05074301976838911 0.04249878193559014 0.058608111010364436 0.013696389144809964 0.05841738907526225 0.04385713793534149 0.06380124008331556 0.034415299066417486 0.07670338333653215 0.0690925161577127 0.048611154428182764 0.07844551699799325 0.027225730353612105 0.03245138983880821 0.07249919287735782 0.04455049292547259 0.051234111789731446 0.03761741692448221 0.04336372330109448
8 0.04805255039480165 8.105535223008147e-06 0.07320354864064284 0.09108202950751706 0.040329088805845355 0.04463640496002461 0.017746568141770343 0.09730432262219645 0.03113558806771852 0.021001303396895224 0.03520204081428363 0.044060726259742215 0.05714170469871868 0.011934784909791185 0.0247201303479149 0.11104547097321915 0.0865462977723568 0.010186861155591613 0.06229003539697506 0.09237243759877155
9 0.07381569159223704 0.012144818153784188 0.01936357773145018 0.06156129528197709 0.007817280848668704 0.08149028070073597 0.08408246555816058 0.020179952364183785 0.05387330432968463 0.08083626239472602 0.043723166361344726 0.025951089268340916 0.06501217163433398 0.020931541485996706 0.06977877493251695 0.001967160645037231 0.06845175364877365 0.06983174909300634 0.06195592559588632 0.07723173837915498
10 0.06638192348198882 0.06430285090510342 0.03446457538170383 0.044990624432602024 0.0648141257580014 0.05052644381510713 0.08739136691366729 0.0818587094680888 0.010965982277759207 0.013196331340866577 0.04632021477916687 0.049722007159005883 0.05506900278069268 0.0015897807055327594 0.059222435332310225 0.08755880600464931 0.06899509750075924 0.004176881992367565 0.03202671896341528 0.07642612100721186
11 0.04307224045601553 0.09934993080211225 0.06026080977416783 0.057405152413403694 0.022506166714486176 0.09412649366495607 0.005097746582199081 0.08691340962063861 0.039520900493144884 0.07748835251522336 0.037912979604125645 0.07613019379089422 0.015901878162416914 0.06987816754862712 0.004265462789322597 0.06565939512720126 0.0477234537123009 0.07204942293401136 0.003957243762739272 0.020780599532013288
12 0.021125540055669613 0.008200825608101788 0.0012925712468743605 0.014690864267456446 0.06677374609042169 0.07483717757352466 0.059667223809139226 0.09571707824065498 0.06695511949240482 0.06325317653505066 0.07544886030325136 0.03932726186605647 0.08434386439677803 0.053782470040067545 0.04958124476874247 0.01659769071903082 0.06580070376146198 0.08865413636984203 0.029009428347468086 0.024941016508003077
13 0.0549844369741069 0.07403882155775014 0.022966521614998757 0.10815954755467037 0.0030068506555331145 0.07718644478152496 0.050697269006189656 0.09973803232594271 0.02883936054368282 0.024926740025628946 0.005204978492347203 0.11044081779884421 0.006663765501681595 0.04306445572707019 0.015493556446144424 0.04598210980781226 0.02319644224919596 0.021254855638948213 0.10014486745784272 0.08401012584008517
14 0.05596084574734055 0.06648029873222053 0.043975020154859 0.05567209717087588 0.0751206451837218 0.04772599785554867 0.07672709610038499 0.06888384749128179 0.042144262014734625 0.04789914329266338 0.0225447565764418 0.030348634094285645 0.04074173761139706 0.048827434083806534 0.026502433761453056 0.02430781581055274 0.01483480477236623 0.07448718835263977 0.053110446691270546 0.08370549450215543
15 0.09681343375247055 0.050101139825156786 0.030801966692102355 0.050507838334472394 0.052097457352238606 0.05163948492726619 0.0395255209599034 0.000500801957874483 0.10242238005347087 0.010412982624749052 0.12284986341529759 0.05720682300833868 0.007439846421559508 0.08283868850659092 0.03202395035201352 0.014994996603060638 0.10520492490750888 0.03512837265386153 0.005373871985387887 0.05211565566667629
16 0.02448055437726555 0.018521504711292897 0.07648320040491913 0.05575794399706317 0.04470514315627864 0.02312943364071281 0.0416074964772016 0.01983831128488289 0.058691704030119404 0.0022553832836349165 0.0639776267108423 0.0728597048802237 0.014260494928106276 0.06537364246243656 0.05476761361303925 0.026460735193215127 0.09362792001688733 0.07631665022796852 0.07681459662962775 0.09007033997428217
17 0.0355782602299741 0.009095974922135734 0.02398770973815485 0.09343581185893672 0.06195023195723509 0.08364210619144485 0.057933813949773705 0.060952050095058975 0.05783334579007296 0.020519415292793122 0.03748509321636193 0.039667653396824605 0.07100925761413998 0.002498622535090277 0.03052455749546128 0.07436783837949885 0.07612780328068625 0.06822268504470302 0.05313719291092367 0.042030576100729924
18 0.07585628028363493 0.02761363714928529 0.027127272541356308 0.035752620204275706 0.04008266506668062 0.02865499408381455 0.04603977136810113 0.025289544075579484 0.07152207632162468 0.04352274875058675 0.060913689021198425 0.07088692881904872 0.06481985518249216 0.0629662942850501 0.038998044751773736 0.0722182976092628 0.05217047568209962 0.05174249116398763 0.04363015819542424 0.060192155444723394
19 0.0626213467867628 0.04475182450478966 0.018036443021542864 0.07416560484749785 0.051872963556130774 0.08077906176743346 0.06998684335602086 0.06653799294395935 0.0631909765777815 0.07524009670817622 0.06332675911266221 0.06608904636954822 0.03070235639343188 0.026524007476878785 0.039481411839867565 0.02999742350625827 0.016928650227122886 0.07109861441135551 0.02563993833345757 0.02302863825932181
20 0.04456265403889447 0.04773066650635719 0.03543858234349793 0.04354355697492937 0.047282701430635926 0.04676626009138946 0.0752999412100847 0.05395579836606208 0.07840483306272299 0.007856545106420367 0.004088418777104783 0.05932230076749728 0.07447243216367154 0.07234464590871703 0.0338638432360387 0.0314697845295374 0.0740747412630598 0.06202562613893391 0.08233919569878854 0.025157472385656635
21 0.06962967094512278 0.026692110730210487 0.051255345870982724 0.08208811810113348 0.022446857820080827 0.012093146697161222 0.0712445846732783 0.022797663000017707 0.06377817869839796 0.0870471694505737 0.082683474693346 0.052539521835438495 0.06564881437881723 0.0687050582598698 0.07716464555067977 0.04973612666203676 0.0008362121651902758 0.026481338742872503 0.013249622350168378 0.053882339374621634
22 0.018296527307581096 0.09043984656757019 0.00912942829783455 0.009831267742274252 0.01462179964014476 0.05181822143887421 0.07561204310694829 0.09328582018460398 0.09272272002666954 0.09404197833587521 0.05195774109370985 0.09353264700009463 0.004918027026745725 0.04784477893400163 0.05286138640600273 0.015541784056481182 0.010256508092727934 0.09938934667103021 0.00473407488964065 0.06916405318118932
23 0.03192258744155935 0.02990896532067802 0.06813839335070297 0.02053037629388075 0.08993569464460538 0.045740404286772306 0.07952165700633844 0.04545561944908895 0.06963032255182278 0.04982336208387634 0.04232761607807036 0.03947307739889003 0.02360984868741701 0.012023830058029372 0.01273714961380174 0.11190883894191547 0.08804530394689576 0.018480441359339295 0.07846820709880016 0.0423183043875156
24 0.0951686014903238 0.006554345188009186 0.0747040287590777 0.00109480864859788 0.045133428411121015 0.09979005607891028 0.011350819780033355 0.008080042320385282 0.03358164388191673 0.04535916342920163 0.08247937055360224 0.08358526446559383 0.0032592190652707795 0.007444229285652299 0.04525673501443409 0.0857143865420482 0.11669434948999445 0.08707484980588062 0.044212432468351 0.023462225321595715
25 0.03311682172769247 0.033826987116886004 0.020616548281226527 0.021240496267907177 0.050614714686362465 0.0386185079301841 0.0765559868218358 0.07770250195284899 0.032906767971440445 0.07735545771146064 0.07319329680311326 0.041253678648651 0.06048569859320954 0.018479439279604774 0.006302420948360384 0.06984118071361176 0.036413732082048005 0.08028094501511004 0.07469339793027381 0.07650141951817281
26 0.10832800666252945 0.048786563396505535 0.08541978632141319 0.044485434763453985 0.00041279655500329343 0.0038952396270965726 0.028176082989972744 0.10605809467442183 0.048030946103905035 0.08774746716770328 0.04800374976260594 0.011181415594533601 0.0579256012355497 0.07932510209058762 0.024326614066582864 0.04914658890464983 0.05495001027803809 0.012242078423012712 0.09553143720490746 0.006026984177527379
27 0.017528707723094426 0.05115880380110666 0.06021546178308234 0.04760681420861192 0.012493073040621009 0.03989821839295936 0.07379629771859997 0.0399799173661688 0.08395003773424145 0.02895496794095686 0.079182245734457 0.026002067678936897 0.0806068714744409 0.07947763766374408 0.05652177498981988 0.07526804078444635 0.07313299433331517 0.01878472422868997 0.04651546203424237 0.008925881368464755
28 0.04597390756194623 0.03983593923307967 0.10942864246843038 0.06301915747877956 0.03152907759356682 0.08017260851386022 0.03105106828000095 0.1122966208420626 0.027728431701437455 0.08526859636437319 0.1056484483313887 0.05220240517148386 0.015998059029899363 0.04826982052274302 0.005044461160756088 0.0024783139716420617 0.059251452010982274 0.012888372680611406 0.039770148046592776 0.03214446903636315
29 0.003876795270356592 0.01264462199045519 0.03922878332274951 0.0971398252977507 0.05019108594425022 0.0632544770023595 0.040100468992548176 0.006097331654899753 0.09236292567735546 0.05498416864910671 0.07104122459321222 0.04264409431617518 0.0345611168440332 0.010577298335786195 0.07438037240008236 0.006588263003099638 0.10265466663755174 0.010635700216935164 0.08847622377468865 0.09856055607660383
30 0.0023240259560163507 0.08506133603559833 0.01741683687921456 0.08720319213311777 0.08147512050151552 0.025276494647615045 0.040514245399295386 0.045072596976292546 0.039244181987657764 0.07449930817304624 0.07276573712693211 0.0345577627636401 0.06598527201687701 0.06740308136761841 0.05469566119562439 0.07561597230162447 0.06326091606187016 0.0117604376606659 0.015957968694769238 0.039909852121008595
31 0.09420958996912283 0.04414359148579081 0.051718908628235284 0.10036100375533 0.016581255105669872 0.02705454462217659 0.060290853169646566 0.01789718363202812 0.0030216675545076876 0.045001663234248986 0.05504559513834572 0.07609643420535629 0.09391768245305235 0.03817271257817655 0.07856864348068734 0.032380386535112264 0.013781175147798768 0.061889454708517935 0.06964959040921587 0.020218064186980213
32 0.04695224612186756 0.048864014822053665 0.10788099971113005 0.10093411410760768 0.03196137884742075 0.03947954640937774 0.06835371765217002 0.002405501528265268 0.039287630223759286 0.0010739200580477874 0.0066885581735843195 0.08884892298968076 0.03932067799137119 0.04866194102583898 0.07845001881965095 0.06328898599060431 0.05565303059870268 0.021714413282428777 0.04223469533528449 0.06794568631115369
33 0.016880307476053777 0.016193608875041485 0.029900167475539613 0.056370792115136466 0.060734436442252036 0.029537276652596995 0.05537084038993926 0.051865405030527424 0.03324082863671908 0.008457326083721909 0.06219568390592203 0.059910838836287 0.09505551214918065 0.04353814157915217 0.045054006010080076 0.08002574872324326 0.08330758384409385 0.018268523738276803 0.09373597410037057 0.060356997935865235
34 0.0020404283571690313 0.04406972205953664 0.059059386392082476 0.015495575890506234 0.06598206278771515 0.1006100324455439 0.007233468064669412 0.05705124147169764 0.04859405478360911 0.03837906916712856 0.07100574669636567 0.09812414650791308 0.07250613147529882 0.019531480751355985 0.005014715495462233 0.03838622830169299 0.0763126409201224 0.054863337263459405 0.09275910687707778 0.032981424291593564
35 0.043447703122609226 0.036444700555589994 0.029387543261333863 0.012058223820056805 0.06743503240678245 0.07018565239247043 0.053674930663892756 0.047160875797116066 0.06816227423613756 0.011677450428369878 0.05817538592970778 0.06959149369962819 0.07311616090136326 0.0014831463514971273 0.1001056635587832 0.018274483878328807 0.04933056801447307 0.09281818225940312 0.0389987543740026 0.05847177434845383
36 0.09008194410374346 0.0069686234332165965 0.07936307363501482 0.04845438667827285 0.05662030763479828 0.052165482896740625 0.10060163671702829 0.0807531194077941 0.0267317210766218 0.0667724930282521 0.011601076580003441 0.07238338138868454 0.05478972694958712 0.02528616391426479 0.0910104593089773 0.01404600663503396 0.006487668502899641 0.023082600758579014 0.04132322710109447 0.051476900249392825
37 0.01992234179946479 0.04630649740406082 0.04667331286447919 0.04397148794909884 0.08990594864954803 0.08096242998202764 0.0427305532416379 0.0058031966663978085 0.04757133992037861 0.020760467694924074 0.027797757726894117 0.04982090799405735 0.07104969296414675 0.08563763750119935 0.07887418726168705 0.010479769688487708 0.0749630927475541 0.05455767380801694 0.07921508650238557 0.022996617633553408
38 0.08619106600429752 0.0328547328935236 0.015076482590630024 0.05886221634841928 0.06265051010113316 0.02161465337895577 0.08800528005358561 0.0893721591993014 0.02598120563586714 0.016660315794377635 0.07257122564214384 0.055385337234293515 0.020934177101408023 0.07893957544069204 0.03531747116671348 0.08132549543360199 0.03133470791166353 0.055325325471720574 0.037379023429954555 0.034219039167717326
39 0.023331728905340805 0.09977979657915731 0.014033034185274153 0.03418950344458164 0.022496015931631592 0.07743139915390655 0.05154410638500423 0.040270500087736916 0.04431630493405809 0.032436309104312215 0.05785814209115306 0.09838337356904223 0.059199867569885725 0.043502108187134396 0.06041118758662767 0.0877171889529693 0.08821373956668507 0.005829133527305614 0.033187384334082165 0.025869175904111277
40 0.06914090836207698 0.08443024084592089 0.07378698400493858 0.0861616919300777 0.053268173499596255 0.04769392647660901 0.030817588442304384 0.03138656892871672 0.01673099634145456 0.03220804446356222 0.000980553195236066 0.056281336616635216 0.029869896074277823 0.06647182324932 0.08303916190464229 0.004176120284310599 0.07501200141379322 0.04647468942365022 0.047928725862952 0.06414056867992526
41 0.016193804212544165 0.033636012652844695 0.07029706410563846 0.04951263348306441 0.018027549143937633 0.0466238377232938 0.007522307853522662 0.09111501155158855 0.08627732695572791 0.01251572930579953 0.04893975690017956 0.05852401969281312 0.0861594440142413 0.08969718153969715 0.07769091070781863 0.01913896677736507 0.08661700596835577 0.024005772945179634 0.06767517264842336 0.009830491817964427
42 0.033117458281801564 0.09555284860214276 0.06293578612226958 0.0502575006039944 0.05759248503201457 0.0129726630558038 0.062329827728216394 0.00470516011967335 0.08243365038822782 0.0754184025937643 0.03596485248455036 0.05750203979781399 0.05322931671273619 0.05072844524229114 0.002257305628812681 0.037136137506915114 0.08220109987782409 0.06590433309293378 0.020181272639780333 0.05757941448843371
43 0.03172958282608987 0.04733351868094598 0.04751215343478905 0.0552254765954857 0.08944292814225079 0.07760208683351273 0.02925176268886658 0.00517291853325185 0.024751803097386466 4.804993813124506e-05 0.12984945459841704 0.04486741734214127 0.04229017475343721 0.03358218984727752 0.009597844272796929 0.0036914044634610067 0.024349994863087945 0.08570689639228214 0.1066747758977864 0.11131956679860236
44 0.007980408759812893 0.11152576036680625 0.04799474960893455 0.06401795431482908 0.017012159939732905 0.08847257862903467 0.038652000511436246 0.05114806514780686 0.00815234375918726 0.00015671901107519598 0.05181086034963589 0.02729504674998283 0.10960866262060524 0.052294426230725874 0.06704101848878097 0.0756296265611084 0.019041198381197597 0.03422239787510486 0.07335635764737988 0.05458766504682263
45 0.044193480835093175 0.05931142374365267 0.020866476844911653 0.010947347100847292 0.05136076092041896 0.06147590967133882 0.09056667842074352 0.001649955575061969 0.09263131573194558 0.08034144228658655 0.06417873842754081 0.09202106896999002 0.018133524049238087 0.06399507990185986 0.007217046418719721 0.010342715340352405 0.0921271181507353 0.01621251775177446 0.06252494062946308 0.05990245922972599
46 0.10067703847004858 0.07429013562448332 0.048492120138363154 0.0456357900695386 0.014317800432610557 0.07558524788075728 0.05206422941022935 0.04965200120316338 0.021851274553187302 0.05163916833204074 0.05787855620097367 0.09633187094689702 0.059937105724287024 0.0634128344103935 0.0040030792964250335 0.06573947669683068 0.008426653841689039 0.08644031041621787 0.017020982148868723 0.006604324202995507
47 0.08495139469518107 0.06616598725803698 0.06768379352217482 0.049806909778955626 0.07545298665245077 0.08376695823270842 0.029771793765504997 0.004790606512290268 0.05347561195873575 0.02429299222917166 0.03468274283545549 0.002514589182953197 0.06803047939574487 0.08779102646134553 0.04563059970192469 0.08426654741289168 0.02301261807272882 0.05771071075131845 0.028313212247420547 0.02788843933300606
48 0.021749065317255244 0.05067831142966824 0.0750903452386779 0.0915490570118649 0.1475481700613405 0.0413786638161067 0.0019402131396968959 0.008419800881416072 0.004805292805463445 0.11807732547037303 0.012548409956567226 0.02236255757888445 0.05006223420567899 0.13231604498345523 0.0394260016897559 0.00923279888580024 0.0019378657302601167 0.07782050363737338 0.021582645274954914 0.0714746928854067
49 0.08335628052676754 0.00851439767686684 0.09076706733200288 0.08731386630274392 0.05984550947634706 0.0427194974382142 0.06756580713176452 0.0012146649786787772 0.050893548429864974 0.06539954550724522 0.04158683177274772 0.04400310240923744 0.04289486813835321 0.02742182369075035 0.07690865243023473 0.03896289538058307 0.039227566210415454 0.00992571368651367 0.06830555658381396 0.05317280489685449
50 0.07923517589857085 0.05102322280344725 0.06184543407833507 0.07628242710715188 0.050806103757224406 0.06202239817194873 0.03868559734955461 0.05346114683648 0.06708853321124462 0.019030973626763693 0.03149721740034905 0.08798146849073125 0.0011037094573428255 0.010893025204868836 0.08709537027174075 0.07406830077002002 0.0286140070113885 0.08820889411583066 0.0015832468411873938 0.029473747595819524
51 0.0008423636547617421 0.035987955639933115 0.08875453210754242 0.03401596837876092 0.097349303072259 0.04238753008851496 0.06478353378185803 0.0684316746690038 0.033091765739069516 0.08295676891562144 0.0911568414987532 0.019669313677937755 0.03420423322819434 0.05362595712468272 0.03150847116407998 0.01511821012438535 0.0011867182757904476 0.04036422699870453 0.08119724997177387 0.08336738188837296
52 0.07400633291490295 0.09585320700072855 0.09186363107462661 0.00822136756267865 0.038826677311878444 0.03205866610241267 0.08902430601408663 0.01202607673077624 0.028395219540383144 0.0007818207395105101 0.08315016250361512 0.10514846745776807 0.05948156393728389 0.02110053873948544 0.06363612826921855 0.044869792807818915 0.031226198791736423 0.046710039189850054 0.02035216159291082 0.05326764171832847
53 0.12037529649860819 0.02307272254735008 0.11038082632657309 0.03447451050854173 0.03156642734996955 0.005517954797766182 0.004591029453121095 0.06859602285521244 0.03608441080057193 0.04057072104668715 0.007181320410878319 0.05142251828485679 0.11532902194038915 0.1108230540539718 0.038117362193284106 0.0248185816958824 0.030436243177898992 0.05144920626704798 0.009163014176622984 0.08602975561476603
54 0.0011670959315913717 0.003843442576136835 0.07197423523645878 0.09665153195885917 0.0656506168927333 0.08208379779437507 0.006007294285413427 0.08548827419670063 0.059871301568175585 0.04769970743186252 0.004851907729167189 0.05800593839173692 0.003931840854670163 0.028919654256952733 0.07231081945851639 0.07077871111616357 0.08775513416975425 0.0011257446986887194 0.10767391173286822 0.0442090397191752
55 0.07421978188788417 0.01617614614570686 0.07249437818121726 0.024486713837839524 0.0449766601432031 0.0682613492680825 0.06050424505346815 0.059999683544350105 0.04501773909433842 0.06972910960851117 0.06276502338573017 0.06023804514282945 0.0734656558002128 0.05838148602159304 0.013517510294047647 0.02474702658254727 0.07139711340218796 0.056695057993401 0.026665644252628642 0.016261630360220703
56 0.07567014010795965 0.043220633679589913 0.07458957988462504 0.06440473814251879 0.04742408937031122 0.09211235752350498 0.0781290528215646 0.08510092020603227 0.0872542977796678 0.011692032933669407 0.06312637258355504 0.028168602005875582 0.011474729269373313 0.03771672874405102 0.011855205198864438 0.00869653976257089 0.0029668842113310455 0.0723524107767645 0.0028259371572230824 0.10121874784094757
57 0.016001301364605848 0.02839519111944395 0.06737974806696398 0.08174308300388995 0.023558087645978484 0.03318074763109502 0.03891524679916058 0.09271250799673432 0.09995640036327681 0.078061506082812 0.023502034474034348 0.03891647577211919 0.016531157211457478 0.012600651909214446 0.058785123068092374 0.061119375970389106 0.07933020230571039 0.06942873332976945 0.06243590012645223 0.017446525758799954
58 0.0711247936465905 0.06731499717331813 0.013626753672710032 0.06850556800395471 0.006292840712158998 0.04277165358518539 0.021992529864435506 0.01658925344764674 0.05609445840447149 0.07133868986656165 0.015969147860846328 0.08986021613316698 0.07467302225288365 0.07232448416644191 0.065830745039226 0.05000597646268095 0.0753529190450376 0.06519606660500563 0.05216596200210756 0.0029699220555702245
59 0.06799303971047005 0.00032590162907054904 0.07510304925300887 0.022306261652131454 0.05274301795324048 0.054210579035160224 0.07282512113640707 0.08637236856071324 0.07706098546355274 0.07799492058021201 0.030154351498311083 0.017400088601816868 0.0024189922102782766 0.08143962623435476 0.0481471462237278 0.03753248530281773 0.0745948932860676 0.02092967019307136 0.01883973864166061 0.081607762833927
60 0.04699241792561707 0.05042434295659471 0.032736011236315185 0.027749331771874674 0.016181010570827863 0.033562622005662485 0.09563992801236954 0.06918380189654279 0.01696260887358721 0.043400969178791084 0.11449637835416414 0.07556362356571662 0.09718595848782867 0.0023741369096071043 0.019097704941559678 0.06938706236575094 0.04188568601501275 0.04717170685151534 0.044571648013780184 0.05543305006688214
61 0.023079851971352337 0.107059699777583 0.05402196273870002 0.07276957687035127 0.08533619012409004 0.09768647200839359 0.013047358158313139 0.033025046247219275 0.06429213652150269 0.02828001430701725 0.026651573449033315 0.049608785835050365 0.06409581037241903 0.08032095170816457 0.08039911772006224 0.0008741650853771152 0.03728639387465171 0.013438621172562646 0.0565213097826274 0.012204962275529016
62 0.09204203931540923 0.08285002115588265 0.04400691861113977 0.03798748932072296 0.05699095678068451 0.010730636475581767 0.060688690143749086 0.07023216176964504 0.056237999678113326 0.06798534721999194 0.05999512767884557 0.013071207298228778 0.06015033958684291 0.05341144318899836 0.020128769474557322 0.020569737480906652 0.07130412155241427 0.07749812420855846 0.02704977724286981 0.01706909181685756
63 0.10370403418390901 0.09223034881421692 0.09610093379567157 0.10487599969828039 0.07265821481552495 0.023459406058880434 0.030186173460236443 0.0938460683034032 0.06719759211766708 0.007748738168206589 0.021018126025641317 0.008774672291648777 0.07217150576719715 0.047468788541387814 0.016092653993289113 0.08600447037501859 0.011927465148708042 0.00022993889906597792 0.003981571709305763 0.04032329783274093
64 0.0033918718622432263 0.03100831248426347 0.011782272363782959 0.08145521939438143 0.03754606253211855 0.039691687987101355 0.047594042770618065 0.060382712462200436 0.07514185078350576 0.06130791453822463 0.04879978539485261 0.08167152419326631 0.02549074315796055 0.05133543569773358 0.043381874803636804 0.04721973750959798 0.08539522833782852 0.08330712468848825 0.020665368772355346 0.06343123026584009
65 0.06385817950994764 0.0472239626553935 0.06845258607651182 0.03027928209838181 0.05780676999575952 0.0037982382047062105 0.07059449439545067 0.06388304743589085 0.07268428290074214 0.06660885483300681 0.07143484701409257 0.010425198143741666 0.0542314216276513 0.03767487152083381 0.0388327695027449 0.029288374336939607 0.07152999226556792 0.07083121679044188 0.03294169681527284 0.03761991387692267
66 0.08709832820987422 0.06678333833885716 0.05597959992136049 0.012830733311772605 0.019649124868593427 0.08020578193563332 0.005338621377434118 0.0921180534741789 0.020332749453903468 0.029200524885084848 0.007215826243653716 0.05416060350813252 0.04162633361824751 0.022157276385965433 0.08609129717883532 0.06272515000149358 0.044466922771348644 0.04361710033555125 0.089895209014877 0.07850742516520243
67 0.08153916928749781 0.0644022628542195 0.02692256150745829 0.09842541324824401 0.011742750852319728 0.08404892269436422 0.06901561403925165 0.06090047691000683 0.08476911427325787 0.040191513853129246 0.032727360904442476 0.010649300178015709 0.0322585461601673 0.08796570885065914 0.027268765146489116 0.08335350732525026 0.0017879223865200527 0.05707971303619135 0.01365122411679378 0.0313001523757216
68 0.022494162688195395 0.011051074318974397 0.032970377349624436 0.11164096092660555 0.04035438012868992 0.034800610464678125 0.0981913584707226 0.12630117600097027 0.023713725454040897 0.10965579536225023 0.05993725591379576 0.0692145310500193 0.001517131616002318 0.022761926682907177 0.013067645784312664 0.06350726522269518 0.019135912618400194 0.010560296012611454 0.04898206850477769 0.08014234542972644
69 0.09129007459817504 0.005007420145643869 0.10640111869927442 0.04673532471576839 0.06820779135645993 0.04271472208079325 0.062024438680600966 0.11097489384606936 0.07190953711480808 0.04894676305158195 0.010160320386128324 0.008578315399219593 0.04741880718601151 0.04802144150359901 0.0034596473233086734 0.026608305402845405 0.08508099906534208 0.06256582860156186 0.030822855162089588 0.02307139568071884
70 0.010502191371149107 0.003616430856852984 0.052263325726040984 0.10474796916158073 0.006189672784277869 0.05562529088457535 0.1166429185533021 0.08854158536575221 0.014382247465074015 0.026044244184271276 0.0578950068078617 0.05339152624214419 0.09663399077899305 0.023388736913723524 0.007714837108126002 0.027542581790890325 0.10780318166810081 0.014872448626197406 0.09024432173883204 0.041957491972254145
71 0.08270032381674831 0.05826117647135354 0.00970078856809855 0.08794809779771623 0.0284576130232818 0.006528193488413783 0.07161579758430163 0.04062532037586744 0.045886330167716094 0.0542617176690091 0.0445866186187402 0.008960817593461685 0.05376339905742173 0.06895191611140365 0.07129328712005963 0.019411052432026142 0.09319379285809573 0.01084725790883815 0.09806715136614369 0.04493934797130279
72 0.08140452392933048 0.06377745118946992 0.013601422687577715 0.060773160167345 0.0518536195934504 0.06830909353016776 0.041418343017397 0.04510988900477579 0.012869018247946406 0.0720104377997326 0.04167251304783144 0.05752246608177884 0.03404195391539098 0.05916035560715134 0.045998556166661354 0.02322330215157401 0.05786397893347794 0.062033278090186994 0.06823217092680924 0.03912446591194489
73 0.017431328273265618 0.08793415782608978 0.03870986639591753 0.031515536364054554 0.06011451948868005 0.07982263116943164 0.025857417129344622 0.03806537959864337 0.0913121341144796 0.02649733792635457 0.017177945814539266 0.10539930512214903 0.03465937262292472 0.06879359436896097 0.0821192361245013 0.01782656132886468 0.06947396115191343 0.036289272534431066 0.021366151587797873 0.04963429105765646
74 0.030392244024743834 0.006335541062213701 0.08430366183349872 0.08056560959128248 0.004781480800450723 0.06812228204796719 0.028376470924244678 0.058690650267485586 0.0716110706124427 0.041150587713592854 0.06800354839081357 0.03144583107095614 0.03562419636019151 0.04188502582459343 0.056131386821984604 0.06611797550669113 0.03915419487788339 0.06751346897924376 0.09650843194549291 0.023286341344226923
75 0.05239264396909535 0.09779023478093847 0.08326864054413066 0.0129223700770135 0.03274893665053162 0.06136378663979755 0.09783538000131822 0.03451808667239867 0.006637038534192067 0.010040434006311709 0.05545062358252059 0.05875105302060388 0.07592054031285697 0.004355338557837753 0.01963393552446062 0.030109382746392556 0.07972481077426993 0.08094338086567206 0.06891212992380812 0.03668125281584951
76 0.05684731425316626 0.08401469955737728 0.019019855846293808 0.03856129760071902 0.05550673065812989 0.0614383319604098 0.0656030813404399 0.08453470741195014 0.019336409356500887 0.03754101501465438 0.03090135187891671 0.004974815909172441 0.051098232955865915 0.0715062496058136 0.025433939525479777 0.03249596994540901 0.05678138276929199 0.08858414586449287 0.07545200042328931 0.04036846812262696
77 0.07073692716484353 0.028660927859813348 0.06584983520068276 0.038734748305958584 0.02085701909330617 0.059186772590022356 0.07796103566452464 0.05270636650336514 0.06432440586596373 0.03561843331595179 0.010531695527790227 0.03154259122325421 0.049104389880901184 0.013719382380004088 0.052606791923034454 0.07142779708941199 0.05801254686807104 0.048727121794582655 0.07382780987256629 0.07586340187595167
78 0.007007803601247158 0.002237170671226299 0.0797270550964486 0.07534801916459784 0.06092433100594504 0.08156508759324442 0.08837088414963208 0.02679734742600963 0.07390441521532556 0.025227196879027722 0.03136028167365474 0.019756304027815617 0.07200467512590845 0.06541252412685528 0.08934726148201086 0.05291768947957577 0.09443857712937113 0.0052730665919420204 0.007918191941780584 0.040462117618381435
79 0.06970159963451428 0.08177740584038444 0.09117785130888052 0.04409838879812145 0.0030321577767005994 0.07776619730692176 0.04188190922529502 0.014032188459445996 0.025214106838808772 0.05738563432581111 0.08464638786817723 0.08472748724575774 0.0769829418728913 0.005356540171854896 0.08371048852270192 0.03275930362948206 0.005523004392524743 0.06770691776649798 0.03859283498836867 0.01392665402685941
80 0.006939998823277471 0.06201886595199527 0.002031159705117272 0.052251587919183606 0.03646778646692563 0.10313773425361135 0.06641670993823276 0.03322005384989077 0.0809103112836647 0.03162049395713339 0.02738648333274914 0.0785349206209081 0.0387814233839426 0.07410318526377674 0.03163791712209591 0.03564347606570581 0.07564590307682828 0.07072316524092606 0.06494066521388239 0.02758815853015283
81 0.03877599534981614 0.06600324382498739 0.05173275031754897 0.0038583428292874957 0.07709915219450782 0.07681525159312257 0.0366456199365664 0.019015340193801026 0.03612974131687159 0.006679033149357794 0.08170911549850325 0.03135066047892695 0.0823290722522803 0.07696989535175497 0.06424130986447879 0.06155375023847767 0.09785788706044575 0.008471743220661418 0.01930319425622899 0.0634589010723748
82 0.019747963795988806 0.08012166245278805 0.05051196267723203 0.0036810195387393524 0.04703738994926473 0.06165105696995876 0.0013926002739849425 0.07581384828426456 0.08914249149407319 0.03882627529920513 0.1029435274018872 0.006457511134768011 0.0004615242341540459 0.01732534342687812 0.07261716240559009 0.06411500844395178 0.10053882862001111 0.05467933657439614 0.04801723770480209 0.06491824931806191
83 0.028326674713782467 0.07112605371828536 0.029900983815326073 0.03316486642757615 0.06317191416560398 0.08371050514381614 0.04135649588095546 0.07184284786525458 0.08487852850096199 0.0842308766392901 0.0698147449974125 0.04565184086012096 0.08107732578044709 0.020403558307824296 0.007419620990753315 0.012900620087531133 0.005416617497507257 0.03657673835923668 0.06407373295082232 0.06495545329749218
84 0.0038601492411211536 0.10183161382276026 0.05905480664555212 0.01649801025617934 0.11709717495690034 0.07081324745442862 0.10949433517017321 0.018950597804990817 0.01603209164808995 0.019519888362518542 0.021248045897976332 0.02697335980842487 0.05254820697086076 0.09592479572872967 0.035761298801410754 0.08371752871965164 0.005100020559693979 0.031239359847066724 0.1030486965272949 0.011286771776176053
85 0.018245221142252757 0.09011417256814809 0.0072885142633464135 0.11702340145001532 0.08776426493494634 0.03539757567438874 0.030536280243099893 0.0023845396632797026 0.024913016191157603 0.0015153557264994293 0.08268544420479546 0.00216395620785201 0.01373430194786738 0.01655533948097659 0.06256486254303482 0.13287012819001665 0.14047093840462616 0.0642227796162083 0.0280682802920644 0.04148162725542405
86 0.06344552557676283 0.027472177336065697 0.00805527079269054 0.017608106531337486 0.04935550803925142 0.07906658214390645 0.052700280631033575 0.097544190266731 0.03574584391984066 0.06945868230721076 0.008352659997065703 0.08311205004747672 0.019813090487968803 0.018868150647447894 0.06622237757208806 0.037863119475101015 0.07363046555245702 0.06301746905166009 0.08063055425870473 0.04803789536519971
87 0.04859901288087951 0.09096592375755873 3.4560366704624546e-05 0.045494212979560786 0.07515167432226696 0.09075670956382903 0.027827250663596863 0.035090033212202776 0.039820369291821964 0.0028127779859390715 0.05059654072997305 0.07833498324128353 0.04437608836465388 0.07048398266098664 0.0352713850259409 0.020431323718946705 0.028283569101851518 0.06017966986537448 0.07804021852554856 0.07744971374108059
88 0.08186792754648858 0.07492070604889779 0.030558491094445445 0.07925933567824447 0.012006134608807941 0.09040905968111525 0.0005908659131176626 0.0690284577825394 0.0631983813434874 0.005544107459891107 0.038416740214461925 0.07769473378101413 0.053573889196484765 0.014266527510136512 0.032162012493712484 0.07437366444940012 0.08999806884238125 0.01778710197779528 0.08798499824385625 0.006358796133722251
89 0.06391532108376384 0.05583922482777419 0.04711484248803106 0.10288691849138677 0.09924691787068668 0.004073547825620455 0.006395098029692739 0.05494441421872179 0.062174783918031676 0.03892936713383351 0.07158590097296516 0.007935282880854003 0.10989271408788685 0.07842000622683486 0.007125212518162895 0.008052878596639907 0.014268586752090227 0.017730370617933845 0.10621031081958451 0.04325830063950489
90 0.030888091465535016 0.04109658015982216 0.10575459496741473 0.010111629207619799 0.06530001780207273 0.007388887151481135 0.03701553057749292 0.0275653561783334 0.0128961873397642 0.02619259846419306 0.10505181287902607 0.0034704981686632546 0.10556060039265434 0.10407470596167558 0.07222682986145003 0.07723418526656546 0.09830932681952617 0.005390855348251819 0.007535954801470065 0.056935757186988185
91 0.04197280549604273 0.0886103487730851 0.03759367318135904 0.08659466036585312 0.10275717673916282 0.0736134183619211 0.012919852691202008 0.061395738634240506 0.028169577100923462 0.049526082004126296 0.016951521773209174 0.04559448761255923 0.07178089906515682 0.025774113129229132 0.03996426460156504 0.053099126109016646 0.017829576934176722 0.08900002319606296 0.045969151236617586 0.010883502994490465
92 0.05700338733748438 0.07024329265891421 0.018788197423455957 0.07441325106917009 0.029740126348072365 0.054357030539228954 0.06789378238052962 0.05986263031999987 0.03253403685015768 0.06048614595169422 0.07288148177001767 0.07023508063728591 0.002102033421669133 0.04037694712587164 0.0724989132099831 0.06364551040815324 0.07380769084282267 0.004339981794026289 0.03822877252774423 0.03656170738371876
93 0.0030606673854888518 0.05393941222366888 0.035816937412679044 0.03584531388437253 0.04798164897977023 0.08443532914732367 0.0016927315601661514 0.09576132491444085 0.07184188088163478 0.07268969048694535 0.018291553389285675 0.10277493215989572 0.0018963184775258792 0.04922978290872321 0.015655504223864504 0.08478494047951682 0.023776560452507266 0.07130930099188136 0.0874745468588582 0.04174162318145103
94 0.017745547123130628 0.04331707481918237 0.043041248792589956 0.0010573502835908193 0.09265976347067427 0.05729201224408228 0.05613265147545645 0.065273043474514 0.008727945491243826 0.05360250792754183 0.0823009643649738 0.09412979530195217 0.013415349016857103 0.0681023082901817 0.06253666781298296 0.0006536407790626696 0.08877891480474459 0.029456824018355136 0.06334047182881226 0.05843591868007117
95 0.06284723338156954 0.0053854673144019035 0.04345908885986052 0.024606792474494665 0.023975566728819207 0.05402174017930884 0.04633103441389962 0.06325827165056738 0.09259280470761205 0.026435560202240357 0.07417499616691002 0.07532522050895053 0.025537020502702564 0.00292587652397434 0.08114671599322977 0.06599030872470019 0.0679094054431822 0.018976743486761094 0.055595835666560484 0.08950431707025461
96 0.04460497123604195 0.10180235308383376 0.01572073933164546 0.032329947866365095 0.0806769584816684 0.06535328366939114 0.034202404474984974 0.08268898491979616 0.08528763006760257 0.03576590634255517 0.015383241450968201 0.050629725101646296 0.02449921107899858 0.06905210145170419 0.055547229005433435 0.0199980462838036 0.008814759998011719 0.10103554742996133 0.07181662151450371 0.004790337211084472
