0 0.04329800433147 0.03834502028257042 0.014165779236568714 0.06868497964052454 0.020658861244128923 0.021319536060881474 0.008136719933924657 0.029627001988243494 0.09246309783353854 0.08659166927098388 0.050156147953384064 0.028012568133024256 0.05627762063759968 0.1000385074763191 0.08992740069702818 0.03727079282656432 0.09567075337387944 0.008350716871962755 0.021737681236613973 0.0892671409707896
1 0.004522676846449257 0.022498126249847154 0.06501465922761551 0.08458578756686982 0.049150944835426036 0.04176128459578629 0.06068654543584923 0.07594222500060253 0.06455184229144056 0.024690999117138894 0.05471771437437863 0.0067775232560461345 0.028494821041404068 0.04981613786050582 0.06596439892065664 0.06282237768216704 0.005521303953389494 0.08756958106850281 0.06275757392594145 0.08215347674998275
2 0.004312330566821159 0.010556524639053702 0.008046593967626784 0.07384012837552266 0.04229553292938895 0.05889479358720715 0.05634262933406469 0.04768636990618343 0.038682237089454674 0.05733995315299842 0.08279412859546358 0.037443927534236414 0.08650290007028273 0.059528939384066726 0.022164655939974572 0.06969424150746513 0.02193166617462631 0.08644681879183955 0.0699915081158606 0.06550412033786293
3 0.005731517472287018 0.02066382360949146 0.07145387354555649 0.08752779489374828 0.07427397951184375 0.09134151534992276 0.0891493576484065 0.06851212757282059 0.04183590287867038 0.010070112408881117 0.02461930258621471 0.019422261082316424 0.07320495001126356 0.05028200065422814 0.03884508323990946 0.03876457869164924 0.04344430575468741 0.005082235258522555 0.06698033232481529 0.07879494550476479
4 0.053433270526049244 0.09425457679162913 0.03393250861479706 0.005526300435665482 0.09843540214045367 0.05246124985476959 0.027769981378293417 0.011683252263577035 0.014859325293717324 0.09317011386518802 0.07807658454841464 0.05634111463163653 0.07522946451992785 0.011278723608380737 0.07210882465874176 0.04461579447868566 0.07312852977577172 0.07968589979583847 0.021447774217742063 0.002561308600720818
5 0.02030103499391772 0.06868624914331291 0.07549581799020808 0.0012933761775240093 0.06523325493716439 0.03864404065730369 0.027732765235731996 0.0637008546037588 0.05023523058509298 0.017439713833341655 0.021002773358447437 0.06074689369303407 0.04882070071230965 0.022287721299215028 0.06472899303798091 0.059951624040335445 0.07529194736113613 0.07949343664384186 0.0759733371037279 0.06294023459261522
6 0.05229339343281358 0.09107234975660332 0.02730872440937641 0.09294714954817083 0.06503671103408769 0.05148640194133411 0.042583107159663756 0.050008477634901724 0.06303324692946713 0.06640693568761427 0.005990755207482739 0.05159305698468213 0.02326048376236057 0.001180451300930425 0.08451942394074692 0.012223853317923902 0.017830839073168254 0.01502898355706569 0.09405841245683194 0.09213724286477455
7 0.06452491177295502 0.025915113152507552 0.04398836119219596 0.03877589914860037 0.06434580230521071 0.02380040537962431 0.0841784411338734 0.026845908514998483 0.04793301211981072 0.05680926118487499 0.03730744299312921 0.05082413933765005 0.0027278886851589182 0.04444393675229426 0.07882453012931538 0.07673980015221 0.01839966521011893 0.08845342792677219 0.08307106912635555 0.0420909837823439
8 0.0756273730546962 0.009603352870373325 0.043252748105394104 0.06867933739052076 0.09147296408102902 0.012526928794089955 0.07817443849149282 0.0571923401103846 0.008966111186068361 0.004026364839581087 0.06181427833858115 0.08743770588884127 0.03162847677219016 0.03552305066523798 0.054078900592824074 0.014112413183090203 0.08425486443976696 0.05943139940850853 0.05112089735674278 0.07107605443058646
9 0.05038305416106116 0.11127733069451887 0.05308256969876932 0.0375097765122436 0.011593002607318503 0.13060605596426253 0.08649568315853093 0.10485637265973988 0.06099186462085428 0.002377984243236871 9.541555240088927e-05 0.04735247186331073 0.08174914380384901 0.006409673308966095 0.09157914073907762 0.00033224969465500193 0.0004961937064869153 0.022538894200128664 0.09738060247752064 0.002892520333068459
10 0.04249291342240124 0.045001847004020545 0.09690534644452242 0.035425241574109506 0.05729098524088503 0.0933449381015865 0.0323734406812551 0.06256791967921284 0.07790266007094308 0.06163073954650472 0.007178550448086632 0.09778925024568179 0.01692830016331984 0.06552470014901889 0.004889842404275951 0.015555141880162854 0.07739450795548765 0.005692287402171008 0.08954260519608775 0.014568782390266672
11 0.0672962495161715 0.0843950196956288 0.05378886278125338 0.09408300489720874 0.06812056672294212 0.042435039457494064 0.002841047940029636 0.027422675589502263 0.09158997133739365 0.04544048880288578 0.0009137530275333878 0.00374715260732201 0.07671049616514618 0.10648938531199222 0.06850645495716894 0.055003576342639256 0.024253362374679274 0.016583310856254814 0.038833360316147585 0.03154622130060632
12 0.05661095853214175 0.031561608076448845 0.10014283153047895 0.08549209329215438 0.013051175428663148 0.009465668419838638 0.06996675388492994 0.074488306016337 0.10634829317156277 0.05421065368636004 0.003198171758594646 0.07377568174210686 1.0776863104342735e-06 0.005579236705193558 0.016984519257506766 0.05635919397444947 0.07971072208594837 0.05718961497911027 0.07108039626838455 0.03478304350347966
13 0.012780522106989699 0.09893392373360341 0.03739898483650835 0.00695520818448871 0.033740048861770504 0.04081270052173467 0.05074656131706268 0.06368787159316826 0.05785948933588233 0.008507379121993997 0.06047926790592009 0.01524115718754161 0.10322780554872524 0.04604204220683802 0.03529320820945033 0.07517084615661217 0.1012088315796512 0.06312441670695446 0.022968552450407152 0.06582118243469687
14 0.02948262256472594 0.06407025490939186 0.06898964792797428 0.017310333293574977 0.08242724297894971 0.08200312039597724 0.00918905756789693 0.0725390460720157 0.010470152780109175 0.03023929743602361 0.08492127938926902 0.026481426340120982 0.0668547420027597 0.005353481975434496 0.07103852074635295 0.01618532269811141 0.08487462117099398 0.01937311695916259 0.08550271650982602 0.07269399628132943
15 0.00932148374161132 0.09678132049398942 0.03573153658230528 0.027255383622279288 0.00265782397387591 0.07797860893918224 0.0980871433088326 0.060907358215184206 0.06587735136072562 0.041700901858435495 0.016493429936460042 0.05110470731654729 0.013234021915451952 0.05193193292717352 0.10030477035328192 0.08554066064629112 0.049385553476668904 0.037376624417870596 0.03189087885432104 0.04643850805951225
16 0.045933376392730034 0.0692409596369239 0.09464353725604385 0.037165492878959726 0.016597687090487073 0.08625652267141709 0.10082385461284693 0.04744559965247507 0.02099167418207753 0.024565366484540305 0.0036850718845992 0.06136112966468827 0.08438746385422734 0.05362782602498042 0.004207605857344754 0.07580535802091388 0.027961467032022996 0.0019771093519586323 0.04783043213726879 0.09549246531349419
17 0.07338107245795245 0.0793985600119971 0.07108446753099541 0.07024897988501139 0.06166434353528427 0.05650105482256983 0.019292861111327952 0.0648081759635222 0.030371725439689842 0.009843292264478389 0.004909326325565865 0.040686523810576816 0.053393770760418985 0.019067907691275737 0.08378467451317813 0.08993047310660432 0.05650677479152191 0.0753348170636195 0.03451623364756827 0.0052749652668414825
18 0.0054110629949130126 0.04477626545360008 0.036786719001055526 0.08006918332654288 0.0971399472838311 0.0419021085161183 0.03847089792867831 0.07187186036588086 0.019505061906767016 0.02528748543072777 0.08335189339011351 0.09026169862929066 0.07606946902572373 0.0002580006662283913 0.022357346432742516 0.04526698303652423 0.06914719652428891 0.04013613736621298 0.08641924892738417 0.025511433793376087
19 0.005552672452074838 0.04204488045130119 0.012321634699647062 0.027216420357455456 0.05164036059163509 0.09381573464132817 0.05987817735923963 0.07902908501332638 0.04962654739860928 0.029180308847236533 0.059035791852329045 0.06388130041460005 0.06414025950470112 0.06853207484896069 0.06392685237151256 0.07112131904989553 0.07513189444519588 0.06618513094048657 0.0026831966116223687 0.015056358148842609
20 0.08545565368495806 0.07542366136987033 0.08229904920477503 0.04749815592326221 0.07525907109957787 0.07376878374914651 0.018997047963576107 0.0639869229552731 0.01266540648195393 0.06966574828808764 0.0028698557178184728 0.008868936137614983 0.047284225497846916 0.05280455798429275 0.08171958688587698 0.09128981881457753 0.013165951089132436 0.012913479836454465 0.05311651088110579 0.030947576434798826
21 0.08332844707694452 0.04448156104631573 0.03478417615349793 0.08982432374418614 0.005305684281069113 0.036407433135724886 0.012331394154389485 0.06845872680142967 0.06738220775147553 0.03264802206059896 0.06677145304213551 0.0703936817389802 0.06329507356344766 0.00257104664509111 0.02857641927241063 0.027027371738391148 0.08340107701411079 0.09128767870622201 0.02471378559683048 0.06701043647674836
22 0.07500810764413564 0.052879103472605424 0.08276673387439396 0.07304483856490454 0.005132836457384799 0.08425234729812599 0.020189137385028696 0.00022570459151374003 0.06378698155692634 0.0034101953926245743 0.03717943866125129 0.06690085778784526 0.0008232269212075541 0.05930715513323396 0.08057178770431546 0.055644099917898905 0.036862062042608355 0.07735257613952942 0.09045259947884188 0.034210209975624135
23 0.007771719480368626 0.12086816237496299 0.036472727540549976 0.007235433521664442 0.003178709409412005 0.10815570379817399 0.035360037173277445 0.032051272174058655 0.036966871248838344 0.06272609857873976 0.045751394116897354 0.0367637129925625 0.036584350739410625 0.10038118108702326 0.03081807127991654 0.06987562867290013 0.04922702393533655 0.0345265050924777 0.07772337660405951 0.06756202017936933
24 0.0356797302709528 0.08870896767334889 0.09074891150957852 0.0061198857463565645 0.03847393389519218 0.029471911662601564 0.03272268915087623 0.009888761556304426 0.1009093707172238 0.05523049282805199 0.06452538705486743 0.018518961288141112 0.01093456973234714 0.022123612407854636 0.0024339520207469914 0.08816428986374236 0.06086509257959011 0.05042182792490866 0.09097096588043616 0.10308668623687839
25 0.029360232966745906 0.08180885914580087 0.08194924750838276 0.03361021061524269 0.0365491655151213 0.026606954759189318 0.09110570646842422 0.045279608353578187 0.02519252565711221 0.015329874511029769 0.0835307947903505 0.08971835115388656 0.04755310690088443 0.029022323046044386 0.06907386229622009 0.003525887847082876 0.0038315362744266173 0.055119660122581564 0.09109011793721744 0.060741974130678604
26 0.03113966899355454 0.01075496735144953 0.00477860041603612 0.09965033490419778 0.09207736314184828 0.0854493953523923 0.038316693673857004 0.06733944385132054 0.06660014665178003 0.06921570143413441 0.09820134221116614 0.04082465925964652 0.009759309398154578 0.003219847581322879 0.0657111514766948 0.04839966267794415 0.02276412573213398 0.10277837853892129 0.026105619439337483 0.01691358791410751
27 0.029429166126729796 0.02378615506354414 0.0828066909239317 0.049375287206767 0.04040375910048488 0.0587336892091978 0.019446513485811487 0.01649976782426402 0.06418264507278842 0.0715203705492355 0.0106164760092873 0.0408408203990526 0.04986436370671172 0.06207183446929311 0.09152217568965418 0.03025882424693623 0.07753338344014804 0.05164516586770064 0.08686783396372033 0.042595077644740985
28 0.014939103671995847 0.07828485912903861 0.07359517422875173 0.0031118417854245958 0.04171778438140868 0.07717230812373152 0.04253563341472816 0.020165856162047965 0.07109806371051267 0.0578674553824833 0.0266348938397965 0.06352391390381208 0.08101730593161444 0.06817928269840513 0.06542497928562645 0.0628820853994278 0.08349007884196807 0.010728167182607632 0.0054904348165886 0.05214077811003014
29 0.039542382915288866 0.07374519090973439 0.09054923175707863 0.05259568435991602 0.05285669560812755 0.0423486452383833 0.03703085500744153 0.07502112997168446 0.08011682093042546 0.027081319441419643 0.06766422136516516 0.026030711199076892 0.0360159591274757 0.07116666622592442 0.05480027709898203 0.042098938776152395 0.01010895106469245 0.0012053095659628464 0.0548245237081081 0.06519648572896004
30 0.04381929674824759 0.059133118365545835 0.06687109316748006 0.012780207232630373 0.07720957490494448 0.0348188667627851 0.009869396239524408 0.04785904822873098 0.06007682204796473 0.0710785223387842 0.07234122584924658 0.040275408273560125 0.07503321645111317 0.02925202597031583 0.03549552610438908 0.014877641248957551 0.07872299309908459 0.010882471590012868 0.07965270956575052 0.07995083581093172
31 0.0023235724116859903 0.01408780011059382 0.011740130882570766 0.10074797046099596 0.014868074803592517 0.07798289099784937 0.04182421620612241 0.08835999892783647 0.06080409662317285 0.007398850135303478 0.0028817093690311603 0.09058410267105907 0.10134426615845549 0.07454791772861624 0.017294176589456586 0.025048946493282945 0.06897196812632465 0.0873371711447626 0.019731856220004663 0.09212028393928294
32 0.11051300558498074 0.12912072762203583 0.11687538862851254 0.0402145292171884 0.03720168286601795 0.008298928038710294 0.021360159362242923 0.06422222668913466 0.011901402837197664 0.11703346231067843 0.04387849645475651 0.009609632158379178 0.06467218944084126 0.06960815991097176 0.00043271301873688573 0.10144047834272811 0.014301406020258105 0.01626089338293646 0.015174515561086954 0.007880002552605226
33 0.06090783773755617 0.09509183769693194 0.00464350287646834 0.049074824992091294 0.007150329053778677 0.10610847321523979 0.0449842431343875 0.024674051593796282 0.045877761015061504 0.08698611582325348 0.10006113769749823 0.060298019958958865 0.0549786807726954 0.005887744340464411 0.023065605128512294 0.10298373057793368 0.043497533302230364 0.06360745213653067 0.02003007265137739 9.104629523386055e-05
34 0.04236972513833987 0.0767442603163024 0.056649702763784185 0.06756122055854559 0.008990811054314431 0.09150630997514014 0.10062955856575674 0.04559835342200772 0.05569686106159653 0.06191012392714776 0.034203419121020845 0.035266818036752134 0.027651739816318584 0.03602672393744639 0.008612285785679243 0.015195436285050674 0.08819962565080866 0.01764044178655597 0.05816978447740748 0.07137679832002462
35 0.02044202346547898 0.028442478611005607 0.02438821701238676 0.07326892908180038 0.08151922494512023 0.002107382343100531 0.004625102848897544 0.07254449078189687 0.05937083864267495 0.019439191016964383 0.060776719938716875 0.0515873261421431 0.061154310043433295 0.042950460091949354 0.06962100566887282 0.05931010119476535 0.037843269420213266 0.07230839375038392 0.08678665175588567 0.07151388324431013
36 0.10281300030473674 0.0100668091775397 0.08198174106825287 0.10347994241493702 0.016687996084429533 0.04752564269596308 0.04307400265526754 0.007991506757323397 0.04281560242600776 0.09222343183735994 0.02480896066233149 0.0013325495014499793 0.04712213113606651 0.03474321600802908 0.05838452135967016 0.06843937305365055 0.028895054721551558 0.0959770713472076 0.08364721619233975 0.007990230595885632
37 0.07839975173470062 0.039995740139454325 0.04455375188770458 0.04182574424662632 0.02640049985952986 0.022517967683606654 0.01673906778100055 0.03252713236489357 0.05168961943699967 0.07329764628122352 0.003228268355459902 0.05573152530174165 0.10403741179515459 0.08847956804972096 0.09427764817297664 0.1041177061191257 0.031154734954684203 0.047597881663898646 0.005690013574945796 0.037738320596552175
38 0.00429777516317858 0.04195469622775809 0.08654181935269985 0.08108102151125654 0.08426745839930525 0.0032005877822748378 0.04269547993973955 0.0007153037538334102 0.027129041464043522 0.0933286921443568 0.030818440671971283 0.0010811627012953294 0.055730307796276114 0.023179261114572105 0.08384261333575217 0.061449674081872074 0.08568307770796872 0.07947676014317834 0.08729198216241917 0.026234844546248474
39 0.07521877791680519 0.0802551358274461 0.08036709398267382 0.08217990842293543 0.07569320040730337 0.0318928843621426 0.038856110976220735 0.030340528554194886 0.01547061421457739 0.025518775577783804 0.08129537363432139 0.059460837307752416 0.0048341964229032825 0.006065353714029206 0.03796609187809017 0.07900234555466754 0.0606972044289858 0.019473973306685086 0.07769770268615671 0.03771389082432518
40 0.059097213999655875 0.0492540022695277 0.016829392462620343 0.06921092919992186 0.01884375318044911 0.05955248718501831 0.05398329466441474 0.06566430598715566 0.05504418386429445 0.046334837210649606 0.032552079648854974 0.027847951014425998 0.0800557353366704 0.0832797469260853 0.08805336198811603 0.032047769383999815 0.019093994330240026 0.07459577188762952 0.06408872473901348 0.004570464721256856
41 0.06528051698130409 0.06366066949584445 0.07139504063263478 0.05492829345215502 0.03406079128893891 0.06968809858103418 0.03928827732030273 0.059584089188861586 0.038805140524029905 0.022443887035671812 0.013366978818458684 0.05561546253844718 0.03464722590207576 0.034676263790860494 0.07566914088684563 0.07669176953095247 0.029710507810974677 0.02544744450995591 0.06550330672760729 0.06953709498304446
42 0.032952798624187325 0.024280243494288117 0.02399151731395732 0.06302160415129605 0.048863157589001074 0.08239043988727932 0.02667360868954768 0.10490111904621963 0.0319343236706847 0.017749003385479026 0.016056244298735617 0.09176332440350073 0.05904635168702472 0.037233157015612806 0.06706856909405541 0.06477970179597961 0.058286575210364344 0.03672216911012531 0.031548730020706316 0.08073736151195487
43 0.02393917242844587 0.04130168232940974 0.0065681892495448565 0.02341839288411137 0.07590465351469683 0.04561174107359672 0.07420275572209424 0.05216516831222606 0.0625185068857135 0.0633218756002356 0.0018598180058514847 0.02965866242367177 0.07904160295343413 0.06837228532624093 0.036016347679551815 0.09689608399364749 0.02567111288728176 0.08093058412550007 0.07416737302016935 0.038433991584576485
44 0.008650730465805138 0.05016364949992268 0.05134061967765826 0.07552491730031993 0.044476407093940615 0.0613808091300365 0.02502216727627538 0.04063991317287095 0.08102204908607144 0.09757644674973341 0.061812716500419015 0.014059929625329523 0.03174212429505149 0.08469190469753232 0.04116565865557679 0.09684278191772595 0.0033080971663070296 0.0017807755476763906 0.06373460391795988 0.0650636982237874
45 0.025734959538453332 0.08679390499587578 0.004006847675008562 0.06230513030996456 0.08381637389698297 0.0410693338017197 0.03418217390331068 0.009727674200780722 0.004284112214354322 0.05994860817208362 0.06204801570024079 0.01945252013289003 0.06307580042168655 0.030116324443650297 0.09410838495382497 0.07608462068572253 0.0648279450587773 0.04808837432652799 0.08466297649212025 0.04566591907602512
46 0.07009799932718663 0.08508336457938191 0.03936519359857607 0.010034718494328833 0.08769909328309787 0.030241336300339712 0.020205652810882595 0.01819973432439302 0.0989394361564231 0.0640024573004948 0.07226768435286963 0.08109825971397322 0.00887573813715792 0.01878040101534625 0.06759260562722194 0.026009108113674382 0.07363593965256243 0.014421139498174456 0.06950482247782704 0.04394531523608826
47 0.09309221834744036 0.08317975736181699 0.03987084525155384 2.4273761839754276e-05 0.009168086560695341 0.015685985964967238 0.03992869708201576 0.0019299487560952217 0.06308144345804227 0.07848796560013734 0.019219713075885388 0.018307325953079188 0.07633347427925254 0.049619358119351586 0.10411874179868384 0.10259643101620139 0.027054238600886512 0.05580617412476327 0.06700256221369326 0.05549275867359895
48 0.08756127575302551 0.030592376441291595 0.002007105410582949 0.07427580932250041 0.07733002253917792 0.08499985219997026 0.08959625532658555 0.016921722401975172 0.0404504676011894 0.07372889505762414 0.030840125462226604 0.042162526280318406 0.0888587904829116 0.0615188438863584 0.006241828625311098 0.021395512795847955 0.006662053798894575 0.015044665223460306 0.08049223295499022 0.06931963843575802
49 0.04247943415835274 0.08103108036915883 0.09229241321482523 0.04158310951162553 0.03428686877500802 0.0028972238498955792 0.04521312771515661 0.0580734965863572 0.0018018803971645463 0.03288421730863238 0.056206623684507726 0.08725743325887184 0.02715251207096063 0.06062833996055472 0.08096539930279048 0.04538688244680255 0.09042181556547882 0.0695571799282808 0.03564806998864383 0.014232891906931947
50 0.06391020500714477 0.07299711345689434 0.04509025257969089 0.08101844503603424 0.07013161451978457 0.04128840229581426 0.007817940508604989 0.026723536461250825 0.058831937834135914 0.08011737474189268 0.07061238639042758 0.08436886105195206 0.016845982115167062 0.03598772944090591 0.06103621593599189 0.009484394801181122 0.060218202933251454 0.030212990824070182 0.06901412266356721 0.014292291402238094
51 0.01520912115431458 0.008216946876880259 0.07539135650944366 0.09282103215731516 0.0626740358383732 0.08210456609387119 0.06778166293863606 0.06390291127464395 0.06255655283251546 0.029628684071776976 0.08662182864405941 0.08856043572275059 0.002246828238090199 0.045983153470647575 0.004413012406021306 0.019366223771018938 0.052627238537161225 0.07395793350824846 0.03541629484166498 0.030520181112566845
52 0.021649476705135992 0.012673766507959905 0.0754301386464533 0.04407629017532495 0.06528110507584195 0.08606537177054974 0.049069734367266346 0.0053325059742757395 0.02256792202899559 0.08337524052768898 0.0703697961583498 0.06809147389661356 0.019518457699706452 0.05066274166171556 0.08348399107812374 0.08231335193110526 0.048345629134204586 0.06093096962492066 0.01986960608596349 0.03089243094980435
53 0.05789241091657121 0.014540865621212514 0.025368127026672817 0.07686960413077032 0.07847967093266947 0.0055027965545905114 0.019714242974985103 0.021274254086320863 0.010621529769980622 0.07351448574652464 0.012477333630716377 0.08270005774410409 0.06889129789857928 0.04860630269821438 0.08743811528605161 0.08316178526928572 0.06674159882843288 0.07702394413533438 0.03335391281182738 0.055827663937155964
54 0.05866393285286399 0.042241712901725355 0.011392786452412458 0.05107790819241043 0.02128841941719342 0.03689183913597445 0.03276967465693931 0.060172090307200825 0.0013624866268027126 0.053739423031650656 0.07849985761342801 0.06120316064673643 0.06876703195141165 0.08643253163249605 0.024122109030470983 0.07365907097504472 0.05113302857516267 0.07068654617345874 0.09934394297589207 0.016552446850724763
55 0.03044653834161355 0.07571683819706095 0.050895310243866336 0.03898856557009538 0.026440665657337957 0.04666851311619807 0.07645632329076342 0.051328567003768324 0.08537547280320017 0.03731146989169799 0.055336849158503794 0.09821614921080485 0.008745365370199952 0.05728981465967937 0.04076805156632477 0.07259363979275388 0.04576145184951926 0.018592966450785803 0.03717658697701511 0.04589086084881089
56 0.029167250972837646 0.0553572181436827 0.07843021450142744 0.08032492945947656 0.041326019646572475 0.08754564216042326 0.0009116071268934462 0.043220058081590663 0.03349666281961922 0.004758066442555284 0.059605957510358125 0.07345691549557674 0.12211203817466401 0.02592670433832463 0.06339578725864878 0.01718776085509483 0.09461653414993183 0.0631937712608931 0.0036921127806306734 0.022274748820798534
57 0.09464945174498551 0.010527977149512568 0.10082148269764847 0.11039822016086473 0.04150620784212521 0.032323823906130866 0.019678060197460486 0.07598644379591907 0.011547178827640236 0.05459369554679695 0.04193663832186357 0.02553883272163111 0.02217270859136354 0.050311098043951376 0.09720016903372615 0.018776776545203242 0.006082629595855687 0.025856350214874993 0.08961303734396366 0.07047921771848255
58 0.019455009011556165 0.050537903489421145 0.0710249537591736 0.011288766602939431 0.09375765136653257 0.07985515260718093 0.03000431167586561 0.045267097380950354 0.020093660500699658 0.05542002119198655 0.03685775570925065 0.07704048487641067 0.04666780770195844 0.03929540091035341 0.013537984483465389 0.08228559462258124 0.08677795298461831 0.031042259183060052 0.04964279793786281 0.06014743400413319
59 0.10380587009601747 0.0019515436314122502 0.02600589992954144 0.10452196997615676 0.08075954651488708 0.03142360976424034 0.04286084310609874 0.021583631589014343 0.05007848335282005 0.09279180976130974 0.022060868798170687 0.10374563458871733 0.09267711147084647 0.01128092011497429 0.03888822038850541 0.07186660212109276 0.0020749545007311973 0.05819236371787562 0.011270288051193417 0.03215982852639466
60 0.08158743313868307 0.0730440304590772 0.0025053251905422314 0.031633405274356076 0.08243681456426599 0.06927634607511643 0.06880987496972905 0.05690622373038692 0.016678809759754654 0.05113555537268493 0.04341454408841832 0.07962813288657875 0.0040550907931400475 0.09367005737273688 0.0650683994126863 0.0018856020646541003 0.051662806162862784 0.08079146606771209 0.025321095892913165 0.020488986723700867
61 0.09614528258092958 0.008994121339057842 0.013042008641895636 0.009918830385048167 0.03624713715205968 0.09128123884712191 0.054432908352770114 0.07103250093796903 0.01096683982721488 0.015323531128402321 0.08086169809772813 0.03976313974592584 0.05227383513760379 0.07663585629493186 0.06317513497805434 0.04637894201022443 0.06975300843314128 0.09275769426094328 0.018795125752090653 0.05222116609688734
62 0.032461425649007405 0.09095632970628367 0.01265407706578484 0.05432590113911257 0.033948004814873936 0.041269992056761746 0.07918550897879814 0.07140950450624547 0.0017038952252852583 0.024845994233496108 0.07058036330237724 0.08921519018037177 0.07439537293431411 0.0027657635037425794 0.04817101785651169 0.047707480926878834 0.060641785578119264 0.021179380483306243 0.049563427211169686 0.0930195846475592
63 0.08241415332264379 0.06938311139618149 0.0011245080446139965 0.08516944776741592 0.029692750465102207 0.07027546191204023 0.05407789264493362 0.07790064404813854 0.04474081031052618 0.066259377205726 0.053121229818552954 0.008882379798070522 0.07780413434883214 0.007476392207208233 0.080850630054378 0.02376400659427666 0.025313760692999634 0.012610033334114356 0.07274948714525317 0.05638978888899215
64 0.05795132116902593 0.010379855303674737 0.0534843474791805 0.03867026309899468 0.08582542840694696 0.013080791024675752 0.03755355124394697 0.05339094250849057 0.03469886173299635 0.07496209172749102 0.08291330893277238 0.03254053906053016 0.07856185007127311 0.022215152390895786 0.07937748566804367 0.0692966665858278 0.053230761152491264 0.058662873849549504 0.0474344337999916 0.01576947479320104
65 0.045922244005377 0.007783611690842713 0.0027596299885613274 0.07296274288307937 0.07110910000254608 0.07561087449356525 0.04197355955475976 0.05729889128626471 0.018800246035215604 0.0839155476783294 0.07053829266666896 0.05553079693835749 0.02618670688058332 0.019482824099131324 0.07419965384624287 0.03137124854267482 0.037673448345366435 0.0656121850080537 0.07842652407416813 0.06284187198021181
66 0.015309257838465444 0.0570190530095666 0.07398759530697499 0.07794344438897992 0.08316072203068942 0.06811332302109038 0.059117159305713214 0.008742463512490237 0.08429850022990286 0.07479738015548199 0.047214019309316124 0.05990827237138454 0.06128264095431152 0.04604471824443148 0.06469511744552854 0.05936217976970464 0.013056728329426495 0.0008833752507479101 0.0007287594309660624 0.04433529009482778
67 0.01345525406311538 0.016709195445152453 0.07218092409806744 0.031633333143654345 0.058578375919698666 0.06526428331947748 0.04110476359223524 0.028233011944967475 0.05849917673724298 0.07058996091204528 0.07224018372829454 0.048553660104209764 0.06647413046784531 0.036394746355226645 0.07219576725330107 0.048167699930708595 0.03375077818304617 0.050108434050137374 0.07446135668691256 0.041404964064661105
68 0.004422012703834002 0.052271890911061915 0.010285603587134868 0.054257520284791465 0.009303707595659001 0.007349370219897435 0.09206156171473011 0.08242631528624692 0.056876298386027056 0.09264386295717666 0.08404925486307156 0.07400548392788485 0.07785860971340418 0.041509671632861574 0.029724325484706406 0.056666458969305895 0.06562484125604144 0.06782019362946201 0.01092394695473784 0.029919069921964785
69 0.03656490989943649 0.03175765349749994 0.05688436952924837 0.06059743381360931 0.08134092056955984 0.09039510869207792 0.04159604446878427 0.0713278970681049 0.03852070268712649 0.10061254619404807 0.04549535966898151 0.0610253824590546 0.007748704359972953 0.0433069778868252 0.017092317040393993 0.005233317839178141 0.06985159073913053 0.028913069832683984 0.08040012525765837 0.031335568496625076
70 0.04782228100705962 0.0838631944639039 0.04688285210430328 0.0005865134740944789 0.023461324675556568 0.09800349873184257 0.0056233296831818096 0.11644884239870142 0.03597604635888924 0.02458910770792687 0.012585502240692357 0.058041969168809666 0.07838409433820692 0.026040990673587863 0.07401368438752663 0.07552266858842441 0.07133848648441866 0.036161666584867656 0.04307705134000663 0.04157689558799945
71 0.040422060431574765 0.04758685172259622 0.06425642301860388 0.06856039643369091 0.07619490273918676 0.0712152124092395 0.01944702924420241 0.03817523889597401 0.037536863491059974 0.08999428044566785 0.07813640915494309 0.0625972837852765 0.024034898200682022 0.02577019952711913 0.07846492772550677 0.06183651698265323 0.028803770851908928 0.05299658071678306 0.007791286630952023 0.02617886759237876
72 0.0645643386387671 0.038115915307364905 0.018571399095951818 0.06839860017330665 0.07809999791711125 0.03273756499594053 0.07980776938958299 0.1005875525647597 0.005080347295791536 0.04564300024806011 0.09476527884530049 0.07804128286709093 0.0045976146995738675 0.025062874634317864 0.04070662686687174 0.050947280558585474 0.05189938746971453 0.07147098296339464 0.04819291116461088 0.0027092743039029915
73 0.04516481748360212 0.0878447502751101 0.04115391193123267 0.013805441802096745 0.10161349408889263 0.06557678605647789 0.08652113073389722 0.018478082099843664 0.045385726645956234 0.06427619016278135 0.013212442570047013 0.01539093914236173 0.07936857628783606 0.0037350229143674253 0.07719477143379964 0.04935404437897948 0.0187756873996865 0.08673084351397571 0.022410090814306352 0.06400725026474943
74 0.018156292504356946 0.11783345339197968 0.020120099180544155 0.029675892414006602 0.028300379763331687 0.029947257313278755 0.0677448572898241 0.04145087818278752 0.08760254324473898 0.00040786736479180035 0.10532467699662562 0.11397985677099616 0.013338965316052175 0.03639555489790808 0.06008182098460134 0.05338082716240136 0.057358122601063426 0.003463101028292735 0.10968886991542114 0.005748683676997586
75 0.011779878056390719 0.10938647273148526 0.10365279551291641 0.06596357965972283 0.1027434265485193 0.026616025760412904 0.009230834504858383 0.014514869422615923 0.002948755708956073 0.08507319956401692 0.011134313954700164 0.009068258211243713 0.03399991988508398 0.09771029916952612 0.022949084683167992 0.0578900012041458 0.09043641656557067 0.04979751647554456 0.03587806969291052 0.059226282688211715
76 0.02799042865354692 0.029540078600980218 0.027733810005435584 0.02481195588850032 0.09814071351962075 0.1106277742485067 0.015472341080532892 0.07624806323584783 0.019047942896926406 0.06947677270057423 0.027749882035503166 0.02371653991184811 0.027006566006664012 0.09103791105326764 0.11075397889034526 0.044302333779249435 0.07509904637389013 0.05854208973934842 0.004114368718594126 0.03858740266081811
77 0.10166758823351583 0.012026856954352277 0.007987056578047174 0.04270009647101433 0.027492448805405457 0.029468340689803682 0.03375028141881659 0.10967941424834421 0.06864549067879376 0.06992791271625269 0.10839579730889679 0.04010220588268872 0.017676888347615247 0.08455129012010391 0.022566679297037314 0.017937950941707102 0.027310013000771228 0.04022660346264386 0.021697998701094075 0.11618908614309573
78 0.07179949606102692 0.0862171627378238 0.03820199270158277 0.041185268248647856 0.026220401384090757 0.09954085705090955 0.03322302327230432 0.027520477246994832 0.04574359256342372 0.01644371403573537 0.03576458504998013 0.02703193661362442 0.07209088048274052 0.07189652668909245 0.09671175243181308 0.09685122643191048 0.060444689149701546 0.021504378466105634 0.006907157501413453 0.02470088188107831
79 0.047736254511038696 0.10075463553021805 0.002258439875183635 0.08491436574907518 0.08170192719109724 0.04694027165582787 0.07403186032900175 0.06957026618672454 0.021684273203688632 0.08456739036829782 0.036489117176632675 0.030927106010524417 0.012111360026455428 0.0556759108659809 0.004519648924355269 0.05559211080527118 0.07248162501564949 0.04922412221173105 0.015160764875954923 0.0536585494872912
80 0.09744477760445809 0.015563850827522499 0.05727734143806002 0.07566471293883152 0.03969898108309832 0.009655103844872961 0.06942639836074668 0.01973257259908984 0.010165479122524761 0.06579858830115498 0.007775497256798768 0.08987105808942894 0.002976283126139266 0.041430570746529005 0.08468555549198375 0.07592672248876739 0.08285991646959928 0.07810506833909614 0.018715241272654917 0.05722628059864284
81 0.02408618288772021 0.10204972163446724 0.02803978759231484 0.07071586034934682 0.10254088988428932 0.04087356715513653 0.05940231735746769 0.00791317173321216 0.09129836125355535 0.009202548219027577 0.03773062319618151 0.0523332719147646 0.024184685351791697 0.020682580852523478 0.04845203146897714 0.080061475286832 0.030753514239134302 0.037106041486522356 0.05402601143296189 0.07854735670377344
82 0.0820600777852755 0.049928053768780116 0.007418483228905828 0.0895861178843466 0.016203852554371054 0.017718152281410677 0.047952749534948845 0.09326495573507598 0.08905689745547789 0.04766802243349478 0.013281300621309028 0.06291253887359763 0.04151167906342311 0.05597413099221267 0.08584044193923007 0.012692712912390719 0.05874783297637273 0.09332859535579507 0.029323601151431768 0.005529803452149781
83 0.057606214002715164 0.02509068212343838 0.06905393413370077 0.07831786357969597 0.06864979699113977 0.024998279963587264 0.020189288942079976 0.021588467292213784 0.020151879357033393 0.058233300170856 0.028810349096508626 0.04659286356408283 0.059836995586681326 0.08257826430320984 0.07754869773052077 0.06421840538236796 0.046445178757336454 0.04592717704522405 0.06679430691147256 0.03736805506613511
84 0.049741848647168053 0.0009317333118344077 0.078856629851509 0.01827682092090296 0.10396227984301194 0.09452293924227209 0.014736606365353669 0.004517559889623277 0.05599831190353994 0.09344292023340324 0.05144367150832613 0.07229469079936403 0.08711478068774715 0.003447419936203143 0.026624980231504905 0.0846914110700147 0.050151019715655255 0.032583488091420955 0.06876584971511777 0.00789503803602742
85 0.07840732143952041 0.07311475670968566 0.07859474818916612 0.05263349691036884 0.06170610349936102 0.07786978709156826 0.06626689258628447 0.06458014524545802 0.044176311599311485 0.03610430826297875 0.05779627958614902 3.2154764866742226e-05 0.032434143831834045 0.04763292336459496 0.0077388171248474035 0.0434419383055284 0.02785779933706681 0.020661128839107364 0.07899507175353855 0.04995587155876362
86 0.06511368582885453 0.05589683646264171 0.05301516211561077 0.05534090221648008 0.08037743865553336 0.02765645070490119 0.07026477878799216 0.05155765608156115 0.006842933084480109 0.028592762095384385 0.008468262448449646 0.07555259324248456 0.03367795967824208 0.07952730964219046 0.05996919209556643 0.051265439016987525 0.04003759332970601 0.060812602774250074 0.0416925595813876 0.05433788215729613
87 0.08850095723293565 0.08966194297620525 0.0313328241185197 0.06414786730841847 0.07173324814125791 0.00291842663120405 0.05401645490092221 0.0006926228142881042 0.0542320277277126 0.006881785804137078 0.07083496671372444 0.0013167082362873493 0.04834720085971636 0.03885189017371466 0.08945816125817048 0.05241346332102534 0.08785843184114371 0.0034726250916176427 0.05384340046509198 0.08948499438390692
88 0.07697494564318495 0.01321166339122486 0.07932250387644194 0.0462758105584586 0.05296714940580026 0.024815530338753753 0.057174692604384805 0.03839718207865748 0.03671540884369737 0.048842916349648685 0.07355138212048826 0.040820145980652256 0.048877508155560016 0.05564599284833306 0.07623046237407696 0.0668620851020267 0.021117610948143885 0.04739398232936363 0.022982993625783144 0.07182003342531948
89 0.05753715061022124 0.09429514949312139 0.008188423285715955 0.06653135872415471 0.07662020005935088 0.027870755996709923 0.08482862286937984 0.009335409686329227 0.03538564343773772 0.02473422267309589 0.08267599432287 0.0016899600713616559 0.06705582093884634 0.10152725819857997 0.07196718774262693 0.08563359309229386 0.02030915461108932 0.02517669720405409 0.014150971508022378 0.04448642547443858
90 0.04998643717259405 0.08899320865558574 0.04302511287379791 0.018704165963199338 0.0710750754692586 0.06824892946317498 0.01250700906590255 0.03680019940954588 0.013371607472060834 0.07293772511724313 0.0687722494539125 0.07375527759666645 0.040679146306441906 0.02870684776722553 0.06456137411002559 0.012343748633133091 0.07380877238176917 0.06456452289564388 0.032959380761106265 0.06419920943171241
91 0.08027116151353943 0.023652886986991216 0.05226633909196956 0.0853123210546526 0.07331687482630954 0.04500283091395357 0.0770364439431603 0.08989923173228194 0.0026040370949567265 0.0954866999314673 0.011523732028121413 0.06739957332641953 0.030097642003709037 0.010424999099644046 0.02879406838168569 0.0508853893202929 0.01807350195220779 0.09754934901434963 0.054610407495563916 0.005792510288723732
92 0.006410618413666304 0.06386686138469068 0.014766616840138285 0.042362307566594364 0.07808398307982807 0.023402436530201007 0.04784497583762827 0.08113609351372958 0.03453541960276352 0.01706573641444383 0.0308393821587318 0.0059742919280758675 0.06695104173378917 0.08411310495202336 0.07469092253995709 0.03609809620302879 0.06540231250430127 0.05528824375873925 0.0815734716301014 0.0895940834075682
93 0.07741815386983233 0.07875415008593024 0.0422664799753266 0.019728805059287893 0.028690397887002936 0.07692816897828689 0.0715116325551329 0.008812812096987846 0.024482102481600303 0.016213350832005514 0.039016072135102366 0.03762500825140093 0.03594376236930548 0.07998687814114992 0.006902606961682687 0.0714590438528608 0.07397946136277139 0.06138373239251673 0.07412772046043446 0.07476966025138174
94 0.0333614176219938 0.04088493579323578 0.019204332008265133 0.08224370192888322 0.051640346200976295 0.06245185505456538 0.008155577990575265 0.07818207343461679 0.07043776196674753 0.026938686685631097 0.006736537845272013 0.0769746618151318 0.05670314490713109 0.006745034642159828 0.023820674833287002 0.03516912206628837 0.11092613016348878 0.04789692087362997 0.08910148064848399 0.07242560351963678
95 0.03361445896652881 0.08249945455039431 0.058084811818660945 0.04446187210503599 0.11242084300165456 0.10714045153789437 0.08045091716953505 0.05294202416706184 0.039853320422449295 0.04577551925487047 0.06201009043535639 0.011734087857082612 0.0025476654045854517 0.026964904642443045 0.012739742432115812 0.02041139444933823 0.06317957704443754 0.045516321719094914 0.060694806930346214 0.0369577360911142
96 0.04720533997286373 0.04781910419454959 0.040632511925863 0.0904229525784976 0.028142824373324125 0.03172487681532194 0.05430957680292735 0.01938852082656531 0.059860036250028205 0.030512875307565544 0.057023231902655895 0.028666596478269288 0.0945461299365574 0.015295039541270374 0.03857147135566134 0.11056644726829488 0.04654313352054457 0.10572430922325425 0.045244499351273545 0.007800522374711927
