0 0.04834545519511022 0.07810081060912419 0.01945724913708251 0.048679770531501354 0.10132870529526888 0.06848786486059047 0.031215144656370018 0.08776218278589956 0.008540704507674074 0.08907909028469542 0.05821249609234206 0.028547743209256526 0.008513484260847812 0.02858636509100924 0.04902227992371497 0.03840874124408449 0.054588330392141234 0.012857334314853756 0.09995520161649137 0.0403110459919418
1 0.02054813486257914 0.045526699464445666 0.09194990460699103 0.0027943194798810285 0.02137271502388627 0.06165327605036565 0.02862092676900499 0.09875337717181361 0.04554129269631096 0.033603825527008295 0.04669958159077637 0.06894869458665409 0.12058677451526807 0.0018412617147576145 0.08445959075805919 0.04080874209311403 0.05149223750164107 0.030632617570439762 0.09104385556120541 0.01312217245579793
2 0.07340282476325598 0.0720365028578538 0.06504774556670753 0.03757360949015227 0.02734930945255508 0.04200550644405175 0.05351707213023628 0.05274658563653671 0.049104887518498126 0.055696995615762156 0.0241745626475097 0.030190338141691923 0.06868841271446775 0.05677088376921398 0.007428149461454528 0.033014609876178554 0.052638194897279826 0.06843357418696026 0.06920627522326939 0.06097395960636443
3 0.0691174760757946 0.022107257912361386 0.05681930066423744 0.10977447394208292 0.013721859051141209 0.0021083086635675296 0.013357365571758806 0.027903677356920658 0.022670321544983742 0.005460209039149023 0.03340422503824232 0.07464548014583111 0.02450108154226892 0.08121062435922637 0.12289080920112538 0.117802672508618 0.023612479696878644 0.1219093050671783 0.03397893515227976 0.02300413746635405
4 0.07441802042650827 0.037799263150401934 0.0238310568126727 0.051568272660186515 0.046255430004670015 0.09077433727273743 0.015597052089960622 0.04318682775957593 0.01623248004511405 0.001631178770447914 0.11036448058324123 0.011791062335946076 0.034184197375886294 0.10458649303389696 0.05523906540584039 0.042924822672575594 0.09126663653318445 0.0512145917435645 0.06036790712656552 0.03676682419702358
5 0.0030001262980187313 0.10077344973776359 0.056906965374741894 0.047869244019304986 0.007666069024810348 0.0883129630882077 0.06294689520057181 0.030078818472472905 0.0041664624831675625 0.04652035448790364 0.02306024149796288 0.060542397303770076 0.07960596634585038 0.01550343486905912 0.10428150550542568 0.050566898773761006 0.06355269184234917 0.056126555807697466 0.00037597206507430605 0.09814298780208675
6 0.06160587020100723 0.037208219372525206 0.05605971646369893 0.031504706736832054 0.035685175078020936 0.06992005948053484 0.07284034324239207 0.02598688688635905 0.012808221453260259 0.02719640416701735 0.03173494800206907 0.04288948306423707 0.03179028740496704 0.057563889396342556 0.08945520986093382 0.06626852838397392 0.05164591497899399 0.031327613959158174 0.09066427218889654 0.07584424967878
7 0.08996368938573204 0.010534977754049987 0.006428943308470353 0.06815828090813912 0.09002753997567399 0.009515569663486864 0.02655173999533404 0.030518790752917368 0.1046499280979331 0.010537618251182192 0.01916614598456261 0.04691576709927462 0.09719453381687507 0.047722366366294997 0.010073102836021365 0.0706151232123275 0.027094840257731755 0.06341399554294999 0.060287338915875684 0.11062970787516738
8 0.08554023577309473 0.0746837938929404 0.019125761313342083 0.05758548552911512 0.0496955859111935 0.039955779813033616 0.04059750895189947 0.08672152004764914 0.06838707702595237 0.05738208583746906 0.02071960544351902 0.07975694297718944 0.04203458011118626 0.08545691187979278 0.06986864488586397 0.01959381211643278 0.004983573321628946 0.03744987220211837 0.05498432518638439 0.005476897780194539
9 0.10138566970985247 0.10539757822711951 0.0014115125931435978 0.004979947259643435 0.0803409334306236 0.05398904375370198 0.09812619688123043 0.0081422552980367 0.013505161444035858 0.09267227540048244 0.0032152308890308202 0.10008056613566083 0.02888000428751601 0.0009311561350391152 0.09166624741250827 0.048697175420447096 0.001586709769894362 0.051964172624651785 0.06528176871478392 0.04774639461259798
10 0.010798146990643109 0.08689895414956844 0.07487233031524491 0.08136082933109828 0.09180648566579316 0.020353847145813446 0.020846357487409282 0.03228562881989831 0.01868443069444427 0.015390623327327725 0.007071984959215614 0.0870810822726628 0.059209758045180964 0.034211171718058514 0.08240483644388641 0.07867202885707665 0.024849021734898263 0.05977611361743722 0.03031296003949329 0.08311340838484946
11 0.033206576637359576 0.07516014266912852 0.04317300775332524 0.0897147625081585 0.0013671521136799933 0.024124758701453062 0.08162986103310016 0.04019282087555826 0.0373739404369596 0.030145169191220927 0.056953184853048316 0.021274577459908718 0.044734818349853246 0.08536608444760668 0.06741382587622982 0.035019379197827764 0.07465614403016343 0.0794339671788153 0.006550673250345145 0.07250915343625779
12 0.014814522186753703 0.09168401137226018 0.06564571271177341 0.01313450867763124 0.08434454486136489 0.02999461208276805 0.02072924379624011 0.06998424500160287 0.00424984579097359 0.0767708545698703 0.08707769585817343 0.038053823162034706 0.042198401391286944 0.050220044849901266 0.008394813812393568 0.04508768749641231 0.05132437519647569 0.08126891703290358 0.07422094075326426 0.0508011993959159
13 0.06051571065706991 0.02611053304093024 0.08104575713678548 0.07187487171332779 0.04358664951883549 0.0690989801771022 0.07377098118986879 0.07089495303049723 0.041548245504020594 0.06508859664034712 0.02611096026651673 0.04030522309228788 0.022686796986380615 0.02172596475763985 0.04829687606679547 0.06618132674760786 0.009716937988618116 0.07087750299299693 0.05385401522692886 0.036709117265442945
14 0.05371800620929139 0.0730599561055518 0.033518049712329905 0.00786501103056608 0.034742085577099374 0.06610328142641873 0.07100765773296379 0.006206645721704014 0.08626269243932909 0.07294137968510898 0.02136834956386115 0.06287064610474309 0.023969405294249683 0.07846335931112687 0.06774296994655164 0.05865635604737907 0.06392569806373714 0.03283618985281536 0.027006380326007516 0.057735879849165256
15 0.021453499922247037 0.09046868422764671 0.0023844822216661636 0.01078563143072365 0.0877642599018402 0.04577550720246158 0.013529643763323034 0.02732673941006686 0.09158377820196961 0.04030140731367377 0.07334898753832597 0.012334454286533863 0.07842872986676848 0.03792164053725909 0.08112364179426601 0.08499387093546677 0.06713700308229409 0.042516651530421744 0.006850024012494817 0.08397136282055052
16 0.08138123132444071 0.023832283654213554 0.054941233818246976 0.04766247054584422 0.010907731663519512 0.03702137271280176 0.0598861321911565 0.08211297348740804 0.04359211724315717 0.05521170196380868 0.062039470768141335 0.07833782758970549 0.06603446442169245 0.06709298628106818 0.03922173029052931 0.05663371892133861 0.08761608320233787 0.0026004345942301113 0.0059649458866182095 0.03790908943974132
17 0.07294748986653402 0.039117169792460715 0.05438349272425783 0.08026674650481809 0.07254233625749335 0.01894264386109603 0.029084608005061918 0.03228460211668066 0.0818058556258427 0.03832335174222862 0.0313920794066289 0.06875802819976456 0.053634263100912356 0.0579671236814504 0.0618004621785759 0.06455769532990603 0.01155876069038099 0.06078569684647766 0.062263216601702955 0.007584377467726369
18 0.06301619985807669 0.09050600051983691 0.029308054129469036 0.011662192784577844 0.04640064471687092 0.014217726293087766 0.07790849697016741 0.0785642691231976 0.022456794085673328 0.061550663692636925 0.013531793020035683 0.03130930404629011 0.029420245685124285 0.010060984551839403 0.05388862352178274 0.057566687634750466 0.07399423771404867 0.07880038757822977 0.06617098241955031 0.08966571165475401
19 0.04982346767484096 0.07606204840306037 0.019069569387303142 0.07860749774004269 0.04588769622811629 0.024438364380886066 0.0871881512897781 0.08347704280170817 0.06951721385745821 0.08203958016895468 0.03244106813048504 0.003937998017757876 0.005918068314169626 0.054141852398451915 0.056553379508597706 0.07294073997051956 0.02376663408726086 0.05272326912577907 0.01371744741657003 0.06774891109825978
20 0.05257392105890468 0.09571987981042217 0.02170276138902292 0.09687808876102236 0.09138341649534823 0.04778011920839592 0.04583176911628734 0.07332982701707702 0.06611619033773597 0.017920270392067967 0.010767338778989693 0.046252939151608614 0.07827553107341999 0.003189494592879686 0.023716808892210697 0.050596149874264154 0.04641211103521365 0.05056820665520634 0.03585892283239409 0.04512625352752852
21 0.057856209588044896 0.04780918880105094 0.015911385189000638 0.10146475556140687 0.011810202173712437 0.10134656851419917 0.05490659855440885 0.046759093785449415 0.04806284790005281 0.0495413990890078 0.026263753594316097 0.056709335952633895 0.014278774620234452 0.07033514195107908 0.0325358190877924 0.09420753210185798 0.07098476258406343 0.00022448785072629764 0.0810509962659704 0.017941146834991845
22 0.026162728097252785 0.054428591275986746 0.08640564501926053 0.005544381819987273 0.02424174509904935 0.0857446036886209 0.0454682978362577 0.038166696218679616 0.02265595473184009 0.03814478263224395 0.038991342188126187 0.003371992821725729 0.050221731474815755 0.11254033263421374 0.06845076803096158 0.10277054287421367 0.03941136103038268 0.07557610175269562 0.012678357024784996 0.06902404374890116
23 0.002151744289248295 0.07561228257654598 0.05856963375965206 0.06937472571774826 0.0071019089245846385 0.03881020197708249 0.008674661496246712 0.03618927253048722 0.0800267756547437 0.012594908912629257 0.006354616324072989 0.026161893270331974 0.09249317478530707 0.08825213673962717 0.07890548874792944 0.04691657940182495 0.08404055945117417 0.02434320989036191 0.07253467866829591 0.09089154688210561
24 0.043773213200503244 0.08089901246644635 0.03046167660156998 0.02383552423897339 0.014372523822037951 0.03754328821613628 0.07486326043191874 0.08097900596950085 0.025998967920447768 0.06412379666437043 0.0518744868239705 0.03750801937630038 0.035015487539045806 0.07290264336778356 0.10597891105930181 0.04408073160549988 0.023635194155488204 0.05660272128499819 0.012555131074346792 0.08299640418135981
25 0.08390615475666573 0.04684842274612144 0.07107673995362557 0.05446458342640837 0.012287554681601693 0.024939058801969862 0.028887363696709068 0.08848106702454273 0.01716355233420968 0.08550127453573124 0.07522445256704834 0.04488970067568384 0.03899599944794627 0.012226302118128838 0.07343059518956763 0.056346638001766626 0.05822096874474708 0.0025956645545581617 0.09063686923518609 0.033877037507781725
26 0.0847103026348192 0.01790763992434259 0.11062738747863284 0.09197615960113892 0.056297093889395376 0.07988853665256596 0.06785194024392936 0.09859008679788638 0.023564969558476565 0.01306734948906023 0.037273962620610654 0.014356624983152662 0.07577020895340089 0.004913302382792018 0.004499157872860879 0.016193339865663337 0.02274024325941801 0.0926070294457825 0.03339881145891268 0.05376585288715893
27 0.06620599440423677 0.062537185887373 0.05410252877838868 0.03622744855621693 0.07953373783165421 0.0007273273550291539 0.0757846233973285 0.004973002535956892 0.04746374690604666 0.04847608163547536 0.018368190933447687 0.05435127360415869 0.047717243521824916 0.029336063889013792 0.07757687119638727 0.05699866272573914 0.045333950868878654 0.07142885677081334 0.03871753811473071 0.08413967108729961
28 0.0658835588682542 0.060144264943251646 0.07227770871707097 0.04600220745567975 0.07351577150538897 0.03188959492823958 0.048774334247791845 0.047555069494319424 0.06171990613773394 0.07613280453538006 0.04806445351086307 0.03355893250369652 0.08001982207913641 0.010930216088189094 0.0005971201841017067 0.08089118329440317 0.06521666323800035 0.055457826334314585 0.04023147874651186 0.00113708318767267
29 0.06646600724821103 0.06879796174900954 0.06499297955558651 0.04255214091078936 0.04058816901113923 0.06613378498292762 0.06772136643561565 0.05776153921112875 0.07118736543024487 0.039156943780076774 0.042579567733528785 0.06769014385443162 0.02959936896090224 0.04859785115492083 0.004984938224300519 0.02625562839955054 0.03297550837836729 0.0285452533388819 0.06629445440985371 0.06711902723053337
30 0.08953493225865503 0.010373829039770998 0.003928663377971797 0.06490909916706293 0.08106571008158445 0.011904619552372429 0.06996628488882586 0.024671430687104427 0.0501104489060842 0.08392758341643988 0.06594230760300725 0.007056684562559421 0.061872095633878355 0.055165924948845514 0.004699549941437049 0.044657976398927525 0.09032525118266992 0.014998506010458202 0.07639865605969202 0.0884904462826527
31 0.07116901229973852 0.00036192172758532334 0.01224306902259814 0.045218817587675514 0.0351270856984128 0.06504179487844317 0.03915968494245776 0.06712106381815518 0.05101665532743003 0.010256655748637862 0.01176509051254149 0.09650265999190402 0.07509976209296242 0.05048962563898137 0.09052380196528759 0.023168511167792834 0.08648514601941262 0.08020116350352043 0.03300851007432178 0.056039967982141274
32 0.014364310441528293 0.004449205076077662 0.018793438167872784 0.03593977073928826 0.09924014947116225 0.02752720016289045 0.08317313726728412 0.11016630123870155 0.10539152033931261 0.05646852467461391 0.07448175952304478 0.05631798061841822 0.0034915586801887266 0.0761843577799297 0.010171003938158068 0.0017733034433672402 0.06772781887252075 0.06921046501575419 0.062108936897934085 0.023019257651952195
33 0.0009125632995804692 0.025653757388731553 0.06176808034340361 0.026783068225743653 0.059729723592819826 0.02261849184688185 0.03178138071611213 0.09488726543602112 0.08128244853109105 0.006043345048661029 0.08781930617346727 0.029580798159493403 0.08733211241481179 0.09590047810822734 0.0323076262827406 0.001921653040046945 0.09598116446161718 0.0600353337343854 0.027979722023192276 0.06968168117297151
34 0.041948690477208145 0.050579722352535564 0.03976757846199315 0.01628542031003059 0.034343606885813865 0.02794984517045826 0.04966422439413674 0.019777348515687097 0.009322779671121979 0.015025830254089602 0.053370508580144395 0.08548497829180395 0.04727623772464647 0.08306990671609281 0.0850667834093712 0.06807411957151586 0.05250931225496632 0.08109799782687163 0.06728793499611246 0.07209717413540011
35 0.03255905182996314 0.044211788527013234 0.005097160206743406 0.08936942037165946 0.06284621715277242 0.07287799686153076 0.016229477449118648 0.09281887951480591 0.04215976063014559 0.06168974793110878 0.024954336131862563 0.1010343405778053 0.08533366444691155 0.01543485766930128 0.003750114997084825 0.04749736135658822 0.07721048077547178 0.0034439205265911405 0.04038620400831056 0.08109521903521151
36 0.008443228939222521 0.04080616422284547 0.03185290515011907 0.11169775745316254 0.02305847948175715 0.09048676253562894 0.06907691475471706 0.037421828748165784 0.04621270842942177 0.09183981332482645 0.039754600006468584 0.08940817758560042 0.04176471416389122 0.0445567913795431 0.057358462418623544 0.048617424194919524 0.021813040075285915 0.07071290414556008 0.014397878383748496 0.020719444606492485
37 0.01568307232391895 0.07615057328804792 0.04796554310714027 0.04321580644012376 0.08815707986570602 0.06382720380536787 0.06068837740637813 0.044209262663051814 0.006901849400537267 0.07136121492725744 0.019710710921303914 0.0431266094102354 0.07484693587406105 0.012825232233198211 0.08988939649971837 0.08362026716994952 0.021791979622968652 0.016336779771513064 0.07370697661547727 0.04598512865404508
38 0.0443859346301262 0.0881616390668803 0.1028833231783015 0.08274833464193894 0.013740356257232151 0.014213709712546596 0.017017136979046343 0.022480633826143757 0.022614399189532307 0.020689668223679993 0.07635954718207455 0.008994365807917062 0.1080457226661056 0.10945452611458083 0.04280510978784654 0.031302104171247715 0.10219123049007323 0.0037793299520292216 0.009293745619028236 0.07883918250366892
39 0.03944795226189225 0.0741992427298119 0.04279667245733818 0.03108721371132586 0.08099571442242616 0.06763949532929238 0.01506197284712675 0.0014425603270940399 0.029850700959261303 0.06714160218794639 0.07125810422345417 0.06073069883297548 0.014738879116526703 0.02748624114967945 0.08678380429357407 0.060675539927461046 0.04009981674918436 0.07905170184197921 0.06418177800889648 0.04533030862275372
40 0.06946012480399785 0.049236856955689634 0.07798038113238685 0.0015579966698343144 0.055633533777083535 0.046058645026607385 0.052446641608279436 0.02503024729404314 0.040181510516589684 0.0327256867865234 0.03923031387927073 0.02348733847206785 0.07831954812612402 0.049697452241215655 0.06432023666139862 0.06061294135718898 0.06063132965304015 0.062313226887863574 0.05493692108113057 0.056139067069664504
41 0.017427851328218107 0.002546382924228691 0.04418420442679614 0.04097270829364887 0.10253480588997277 0.017954772743278696 0.026636473461110293 0.03322011510715433 0.006957719776967575 0.09062138826313759 0.1138301849744869 0.03563098623745585 0.1279012297667361 0.012183684551059639 0.001766362742580037 0.014008692388336788 0.08943796193694978 0.012273851578216444 0.11374142924795815 0.09616919436170701
42 0.03134736141305981 0.008101053379196343 0.012293332560938555 0.060707446009831 0.07838536131674272 0.08028969708249115 0.09080612795455972 0.06076144019163965 0.07039285544409894 0.002031335604407613 0.09454899643332593 0.01132190910580149 0.09363906029004415 0.07116422912059137 0.0042685224847960265 0.031784614229152 0.0806214633986241 0.06404764594218672 0.04984941887292808 0.003638129165584586
43 0.04704003401018085 0.05008697638176174 0.006743637275528834 0.03162677399840358 0.08416935968399414 0.025007651035781748 0.04204706872505963 0.010200507200536875 0.05644204374759903 0.024699875847841283 0.07423509060511249 0.058366311390180454 0.09215046996990074 0.04806758655186163 0.0580540932719368 0.09724053450212704 0.007999620866351476 0.0797975277159747 0.037007568325783786 0.06901726889408298
44 0.024673148604866694 0.0824299932362738 0.005065090773131257 0.0473498708431059 0.0006598095277481561 0.072942411277986 0.02125143676423929 0.059112461928990535 0.03669310330027575 0.088589953558165 0.0021211317024750747 0.06351447202599919 0.04461593220262387 0.09161891640889787 0.05505012399099544 0.0666154783481388 0.06338601679305153 0.007806598737473667 0.08172100421176093 0.08478304576380115
45 0.021844324180011074 0.047846299285654384 0.10941984140202624 0.012729542337460561 0.05220861338069515 0.0958747615261992 0.013141100906835283 0.01662788219411746 0.12410840232051477 0.0446325446698045 0.014067159089080518 0.11406805457622994 0.04769461712734092 0.034011863683369184 0.012959586538037226 0.06904971100052426 0.029261253332750904 0.11120290762657155 0.02023231498355417 0.009019219839222685
46 0.09380091779505166 0.10358312806394437 0.04521100558652919 0.021372685035815655 0.05202731565298808 0.0951470950167029 0.06852827372598715 0.09940117739229663 0.0005178583846481483 0.03166096606575161 0.05358618122201756 0.007554470913479275 0.016674045477157094 0.044745521215365146 0.07680106627438064 0.01318153996198651 0.04799796014810832 0.04796205084648071 0.015826259188011945 0.06442048203329713
47 0.08165889167025833 0.007181262905373643 0.07377006553539177 0.08230129622977961 0.005003072557593741 0.04264442016224217 0.08876904721310334 0.011827754760812081 0.029327537989225674 0.05817777445504469 0.05645772374558747 0.0010316653186367099 0.09110754459536481 0.07715540547979716 0.045417694705582684 0.08434510218955284 0.010352765830548474 0.06713953158364552 0.06481198566272275 0.021519457409736664
48 0.07647312111357936 0.07892983673472188 0.06860196338016243 0.060938918131830604 0.03473656675053769 0.043620207995675966 0.07151834704063706 0.010986173319591098 0.022915664324155784 0.023729552347860824 0.023416998119328937 0.07722224266574682 0.023946505527032928 0.09360140268555324 0.023384464522922206 0.012662600096747616 0.07946784391714795 0.08739397591448379 0.029143776578499387 0.05730983883378445
49 0.08120341321751123 0.028191693598115207 0.04114869528636447 0.0704007709436719 0.028849460854764412 0.07880172091624266 0.06450859669497719 0.038578260232637315 0.03826696783204144 0.07540949230820077 0.03688143896857218 0.07504681500043141 0.029403137933480414 0.0029356541080848625 0.008484002503524499 0.07903062206901311 0.03267892330782389 0.07941150888068753 0.048222190206448426 0.06254663513740706
50 0.038803056481561134 0.03538947943220877 0.0035435965590680184 0.035142884698244996 0.04732517092451353 0.06669949330441385 0.04599505227352808 0.07549703030232637 0.025132616798719604 0.05820944144279371 0.049757614126201236 0.06336483554495186 0.08143877511474053 0.07684834562436488 0.07869542856029203 0.002710985615419594 0.05589854714726798 0.08827351232270271 0.04724408927171064 0.0240300444549704
51 0.0003691331286845973 0.09019736872510907 0.08720072550526739 0.07744994116130764 0.04173530890550765 0.06834803400191562 0.023502329977000986 0.06649832510998152 0.08321838664846004 0.054545411285358135 0.02336415625735751 0.01245810994987104 0.06720519971362812 0.015242408957827303 0.11053737744903876 0.04362167840943807 0.009873414363279317 0.0014124210208750663 0.014487498351503326 0.10873277107858875
52 0.07746227416633625 0.03663028046334286 0.0926850935507099 0.07451198948027493 0.08929565124775957 0.038995728786547945 0.07482674299201739 0.036327173013405954 0.015113547899004999 0.00938671894781761 0.041814861592547756 0.03427301328430541 0.014077035659242836 0.04429878456069495 0.039116692907607935 0.060584547974604074 0.09861398313417444 0.044472176972340086 0.0434195166655611 0.03409418670170398
53 0.0747261672648535 0.02537062981214274 0.05915808786017408 0.014598501756685658 0.0452759969503326 0.024255450142813054 0.06887695446880707 0.052858901030163066 0.027815104249983597 0.03860736047334392 0.08085589192124683 0.08003839550646873 0.044156627597603824 0.042024443968542116 0.043230172255926964 0.04032193691135647 0.062239577379527615 0.07232566288655734 0.023296650912681682 0.07996748665078922
54 0.05745339949299219 0.03328656376123312 0.03330706026415003 0.018441873594444415 0.012360826804742694 0.07778749847650082 0.05785955502910861 0.11723150526899336 0.019426766857479762 0.05321705415092555 0.06547923354409849 0.008811242563956496 0.009011239870341442 0.043815756095408644 0.021516018995773465 0.00818241049698214 0.10025882497048784 0.09083568533622387 0.11763802296109067 0.05407946146506649
55 0.06618973138016108 0.08957463931105003 0.019528343995659687 0.037131627645435365 0.07803835731270535 0.04971126669821321 0.04219107612322238 0.0754456049475199 0.08716519480521343 0.03383686133174436 0.07175170904402921 0.01614065157514576 0.03963299715907647 0.009264065072697074 0.08482759324128963 0.06462926697403759 0.04824083521987426 0.040036616328802836 0.04420205036970443 0.0024615114644178184
56 0.07023742698892706 0.046295253270260725 0.027750653670992595 0.06917362664018574 0.10449198433778505 0.07354476050720143 0.11116204877583895 0.10329398003964034 0.022443690576201644 0.011880781279097705 0.029927413878972454 0.0035786665907044223 0.026701177154016823 0.0024139730670231516 0.02611566899252214 0.020906358619372824 0.07113114461656514 0.021427788040373697 0.09875968152702504 0.05876392142729311
57 0.0806953699331764 0.09202447710693791 0.08291471914898892 0.05969249944607843 0.0672111912596543 0.0030728483413640724 0.037231819151579866 0.07706158058849795 0.04681083640975337 0.021169611424814456 0.004627140721039496 0.036333784751570036 0.07224502786769238 0.0063531462312882685 0.024353480512234037 0.08275699355556547 0.07225063346220863 0.0721967599363437 0.016331272897158782 0.04466680725405341
58 0.008714841951612123 0.035546902172492664 0.018341540045463893 0.060111832682798766 0.0409168617270019 0.04201041846664959 0.03290055791556984 0.11723395113189769 0.04390620963784633 0.02356251353835895 0.0861490644110763 0.06413808776614031 0.04252515935493991 0.12130614707269434 0.05916511018203886 0.014373888782456002 0.0601168990905303 0.06260411434848114 0.05549114953944894 0.010884750182501974
59 0.02946725326712693 0.0973725895214887 0.05149364447070996 0.02485092140317432 0.010342286893014582 0.044163300374789126 0.09340487771622338 0.08048943655957477 0.060237037839301975 0.008302093961200048 0.10114496530207086 0.07869110281006164 0.04310518347231455 0.058585661726385525 0.024624048789979196 0.007874938258763588 0.09447642870046886 0.06215688637297412 0.023908284791126163 0.005309057769251578
60 0.012979377798213693 0.048303994729135984 0.04603226813765619 0.07090657317911979 0.10915645687347154 0.08808617942318138 0.10024481799299105 0.029662924801150042 0.035089455905743694 0.002122676817746342 0.006413322288948553 0.02204864008203076 0.054020507803795685 0.07504424195295771 0.0531153937406675 0.014197325564092032 0.1142761358935957 0.07635152684840354 0.023538883843688952 0.018409296323409974
61 0.012325606099803318 0.002553848907416502 0.08509423056398796 0.0025122765891726563 0.027092176562618957 0.06326689257589305 0.03767111928329282 0.0038879762167811013 0.03581658890381945 0.09155124286857627 0.06406015679354951 0.016672753890725502 0.06917652270620202 0.06689809066160819 0.07796252749281497 0.08666400185931317 0.023737471135852093 0.09117336060389886 0.09623167584891758 0.04565148043575605
62 0.03484508789544127 0.11006380904315563 0.06526523721752589 0.0867633018461468 0.01618353707863223 0.01234678942023049 0.10113519654192377 0.029034336283472167 0.020824379566812146 0.03685078344542228 0.08821340635744812 0.09143861207809238 0.03636485002269098 0.04092189841292145 0.023529095621284028 0.022473964702986453 0.006188759913328606 0.025459440262856077 0.07530165297354394 0.07679586131608537
63 0.059250130333003775 0.058441003033806664 0.061803550416935644 0.02690883765170245 0.060308100682191536 0.02286316342450561 0.06727530655057633 0.05276117952362143 0.05643969064420628 0.05428861170792041 0.08884746260663091 0.05592356061818914 0.009000919130090207 0.020467908705819025 0.06676362240992739 0.0545037109091636 0.051573539587482946 0.04279748354695537 0.07445535573637087 0.015326862780900657
64 0.060555290962234665 0.07828838867800453 0.011864358777279255 0.054361882068789766 0.02575533516220778 0.06627344180517808 0.06567135260673562 0.04141843881536051 0.05976411005163602 0.08961098496604201 0.012158228675836222 0.0075170276120940845 0.07293141127338496 0.042756301520571215 0.08752155048746782 0.025076829805459448 0.07320875522161009 0.07358345653930753 0.029027031087236095 0.022655823883564383
65 0.03860035692452727 0.028367702459993684 0.01620147839418682 0.002834710363108491 0.008632667487191091 0.026718407437458114 0.134257952844941 0.1198010843026257 0.06435925044752532 0.05947723098917456 0.014731550346171832 0.029768739956752728 0.07959040745351065 0.013926521438008859 0.09775236064001429 0.08355541720179521 0.013637923164392529 0.12540211947390437 0.031868755415993044 0.010515363258724434
66 0.019922321080154088 0.05445341907725162 0.09249949348183054 0.01722244426949213 0.05153128615395546 0.03471647154272798 0.015548384727507532 0.002610978169341176 0.07005053972449271 0.031232082993192373 0.05923891475611586 0.03966051856709949 0.02358709351859039 0.05889626550576285 0.043471545099986825 0.08482534170150326 0.09258610111755573 0.07007755730292144 0.07080842330423953 0.06706081790627895
67 0.1211384440546797 0.08286416783512215 0.03987227704770228 0.13878103873253017 0.005262888512382218 0.06328037999004218 0.08937881953340177 0.07688413330518015 0.08479555113620245 0.03988940053121583 0.006821799682904236 0.008036773421412444 0.03301545941536817 0.06757143602081915 0.0009448905225935851 0.0032746245374372673 0.03576825700659747 0.04933095780075739 0.05108745942545635 0.0020012414881950555
68 0.06821197095311596 0.051788520073828954 0.05336798521917863 0.0351869844841057 0.05283916736269808 0.03147972287638133 0.03537464789244386 0.06671683111189206 0.062013658692376586 0.07277920010913236 0.07442120594176037 0.028703826528771122 0.007674620850355968 0.037185921115012247 0.055090201554673195 0.06684781304968453 0.05390003716400485 0.03495370926294821 0.062139577371492054 0.04932439838614386
69 0.08104596429153804 0.06812434575134485 0.07716886483629867 0.014322597914784501 0.09058643217631507 0.008727293829482004 0.013131825006070356 0.06290680043211679 0.035170505643108155 0.04380093915829953 0.003114878996941496 0.0225787699640452 0.051552321292001435 0.104114094032908 0.08799930901625917 0.04975565221721293 0.06792082138006172 0.020312425874507194 0.052496380522031656 0.0451697776646734
70 0.05344532878611395 0.014675017020042704 0.031882456350181755 0.05008106109271495 0.09428604187890288 0.01192693135730329 0.05485648767924472 0.08606566412216343 0.02846621851644786 0.010679453750851116 0.06153598135507145 0.0394745517018595 0.015360414123524634 0.0992361897216469 0.04263027032008499 0.07502879597316851 0.045679042814185014 0.039775289197782955 0.07907803865341821 0.06583676558529118
71 0.03278137525897481 0.06274126564259493 0.07010309891924515 0.05566807131374642 0.07108639784580212 0.045744360785984435 0.021455395903638107 0.08332034180219956 0.012714772669517468 0.08004116415218597 0.08213132772728556 0.02771336292261466 0.08168263049036878 0.03941139947099998 0.010874002966933975 0.07385578001291186 0.027443265732045835 0.018995321565719068 0.07063285746882934 0.03160380734840211
72 0.09233078478148427 0.0009160718418873441 0.024905385161750795 0.05025786618607317 0.03228685743577896 0.06894948371006994 0.08323242552299491 0.0668341960363902 0.01603068578964181 0.0731111245481421 0.0777551656226963 0.03291272112266314 0.007398304689870567 0.062205947092214574 0.07212819665275871 0.025646054786132355 0.09449019264424378 0.004771763947699753 0.07096397476782697 0.04287279765968045
73 0.11046215312431312 0.021628075234591856 0.0654145329379074 0.06788550588327781 0.06205292578284632 0.08999141736551529 0.03688734386881854 0.06390364982719574 0.04967937895368538 0.006661270531807332 0.01965889184944713 0.052921574547718904 0.09418786216800568 0.013865247919913747 0.043890572719025724 0.06132717892168959 0.014779080511100912 0.06899448279113676 0.022452424425143887 0.03335643063685879
74 0.05194254276279302 0.028938588875735465 0.05480047701744087 0.028790161956403198 0.00480918344464589 0.007753945616040801 0.09597468933490644 0.009726747837877196 0.04659326843165054 0.0983496261736564 0.005579077012531966 0.09842789780259291 0.018371797758994734 0.060777076587632844 0.04939036070314905 0.09220149065791475 0.09314132609707193 0.038546499599153815 0.02583844212786513 0.09004680020194311
75 0.0086581318002205 0.0529306732049887 0.07857047647878003 0.026151653219570605 0.017174968730347986 0.007785244036402639 0.09757910919008149 0.07521655451676866 0.05871589429238958 0.0860118350240613 0.04897172868368447 0.09846282616223896 0.011153300931467177 0.01044053315911945 0.09118160878685137 0.06794563092898909 0.05468269344418782 0.051438866726039326 0.04854747612239402 0.008380794561416901
76 0.08133737879928195 0.010584867798744877 0.09287395255527942 0.049514371657878954 0.01844619280590081 0.05048874406319825 0.02627430392449076 0.08424274313878784 0.07843316854942385 0.020551900384298067 0.05554142341382729 0.026862811183962384 0.02363356170238821 0.09124100839765492 0.0376870955583555 0.061898408623034314 0.02466170163291488 0.07011823932478027 0.040621086638284544 0.05498703984751311
77 0.06726560714644762 0.060714837105190274 0.0026573728606159863 0.061615900561906904 0.037080355965676555 0.002523366935398885 0.0034287556448380167 0.1167764183288752 0.06948821904555301 0.04987896891632087 0.048780931636333465 0.00766939350811612 0.07948491837596743 0.0417523393944668 0.020221478062796998 0.0022438596595110594 0.10707697573256655 0.08045801987057573 0.027865766249280725 0.11301651499956197
78 0.03641727307108366 0.07083630517070115 0.008693208537730736 0.017512302706600025 0.06816392360554084 0.007443523175399907 0.08196308946689351 0.09755170608289113 0.09187869364871412 0.05593122105545421 0.024500010856546277 0.09239028879570109 0.06851179128573458 0.07188713537114448 0.07418873421153903 0.03208268672211105 0.011142413256136973 0.06295625145145085 0.0031523131644198166 0.022797128364206488
79 0.032887940656632954 0.06710076042429255 0.028950106452924534 0.08496834831967286 0.08492997637409436 0.08148590816997937 0.062055311196082166 0.048998961219012704 0.06467058242435707 0.05542751640374933 0.01577440600622548 0.010981702930132817 0.08472326241028534 0.0013266829398068448 0.012504549637475734 0.06742961750976163 0.06861334123759402 0.05081610362475681 0.04373885591470618 0.03261606614845734
80 0.004024332250630697 0.09029630334792432 0.07706353993638405 0.003589602347164932 0.07268979851488974 0.07963692735509101 0.0055550541282754625 0.08323474477731069 0.04207727424413243 0.07620778320374096 0.08386729861441598 0.07350928015487955 0.04674695437687403 0.04056161329804809 0.04931954785344189 0.051526896873046256 0.023193891133287306 0.06197208436279432 0.00310539771174639 0.031821675515921945
81 0.05464345177323975 0.04900214265263603 0.011307411478808108 0.06696711266026777 0.046420930581348475 0.04858053224623692 0.057944168505224575 0.06159347268884592 0.047357843217164595 0.004762133186127156 0.050328091650040346 0.03726241355878111 0.06619797298821178 0.04168485688038156 0.0552790979175928 0.017321942439880878 0.08575779990312059 0.08076522484962714 0.03557734810879236 0.08124605271367219
82 0.03592447155072577 0.04093118066703036 0.0626685266411557 0.020886405073338447 0.060575696479278456 0.03044624863151566 0.03165900849474067 0.06576079146768715 0.026094891401949264 0.04391436809569493 0.07723241503176874 0.02829978151485555 0.11661223191347146 0.09189924044087376 0.0843532237562376 0.05189734659979038 0.024483445959161396 0.022156126347052735 0.060208375485125754 0.023996224448546263
83 0.01978474453024004 0.021424299346436092 0.09771260870899734 0.04889986936190585 0.05360280013583929 0.06198272466259898 0.012252976396041487 0.02174903089487489 0.007083491805116139 0.05050779626729503 0.08285904780160322 0.038074727727955386 0.001961349990952123 0.10372920575834725 0.1095094601635192 0.01721649984578336 0.08130575485853724 0.02822903318790147 0.1001940637128658 0.041920514843189656
84 0.006496444000887764 0.015842679862907397 0.020369407903815858 0.047791008804514916 0.0706838224836297 0.0365237856326467 0.010539813563133162 0.0647359196785453 0.09721861185866404 0.10880920170200162 0.1063034439090642 0.015399660793551715 0.03343641724038374 0.03355083839388591 0.10580720912080584 0.010788596593363068 0.05598122050878317 0.08428219474234806 0.03901256874099829 0.03642715446606953
85 0.04818624415310753 0.028441333085718584 0.006392280027094954 0.021841030119150336 0.105071178083692 0.050805847873501495 0.04778002904553142 0.08271061639075072 0.10095791596088974 0.008189815008292358 0.07486742971062867 0.03247586847104408 0.030471574670257656 0.01760303137540046 0.015381965715465809 0.06339149298467853 0.03153202245824641 0.04923096006160678 0.10070527226555734 0.08396409253938512
86 0.009991345289577045 0.06569673704909083 0.08676088300374778 0.04606206837425518 0.02606043036829941 0.038631459382340486 0.06321465805461789 0.07800657598893963 0.05360407072050307 0.0536221325890111 0.05890448932688884 0.034115346944355675 0.05616878882362452 0.020417447622455964 0.01061287398285703 0.06964413489365956 0.04452270792269661 0.07225491631641212 0.043942475911946846 0.06776645743472051
87 0.06680574802191686 0.016360845711033477 0.04640119192262511 0.01525832642761213 0.07481644412627426 0.05135265380859457 0.10042877357509325 0.032199293247137266 0.006357665127166784 0.09828302705521368 0.04724895358386593 0.07715448453353871 0.008809381044581737 0.09381253260256056 0.10075541663137678 0.10148563107671862 0.02844708204486993 0.011466837047562352 0.013876665669545539 0.008679046742712176
88 0.010142355441206667 0.01722679864347131 0.040451603657283584 0.061863942932638256 0.08272221937206942 0.04005613082463512 0.06987743611054015 0.009300031541278755 0.05111289637029619 0.04324644278974162 0.04627398243797859 0.07153839775980951 0.08295458119425309 0.0469802602260733 0.07833582468728198 0.06538778109864739 0.03203844394517166 0.02571502415893018 0.06127487820275185 0.06350096860594166
89 0.10504557585368034 0.04945086686192721 0.04602286493645328 0.05066228282496129 0.03800596603183235 0.00783764046279927 0.07878914856524731 0.027940328438932432 0.02117788169008382 0.08065734662289066 0.069322034434203 0.073867809097794 0.004806499195948407 0.014041480184162404 0.10131769695771 0.07141417034153809 0.00041482412056879263 0.042513398177657404 0.03608752599959075 0.0806246592020191
90 0.0763612158264597 0.07000102122294385 0.06281917135747711 0.04011563059626086 0.016348031600998233 0.07711351645504923 0.05360376167399417 0.0086831430533234 0.04441230533746596 0.06438733601425647 0.07786772589213903 0.06552994031708972 0.0352175727454111 0.00012171807151447448 0.06637187206289948 0.058432775531414134 0.03839324423027751 0.032574188803350695 0.061137160495339904 0.05050866871233486
91 0.05583599042595536 0.002755883357701149 0.047794622553453986 0.03930456291131469 0.04292834281249243 0.050687102370590834 0.03313126978933274 0.05859955221219411 0.037908228870080475 0.012059025593350998 0.09749494141136068 0.04170961165804558 0.07150399703629076 0.09466774593676075 0.01230335721952563 0.062307564125755874 0.09711935699430284 0.020981886333101035 0.07138865575882626 0.04951830262956393
92 0.010483790148183557 0.09907560643767849 0.08298726000591114 0.03931979516310941 0.05373955591744173 0.011442369909913581 0.03540620064902435 0.006987311824886224 0.03360542378777267 0.09807084214403895 0.04805987906375186 0.0938757790873792 0.1155386842504162 0.016410287796702706 0.00829481500090608 0.021717214025441776 0.10039082918605505 0.009828756137546463 0.004158892419408834 0.11060670704443158
93 0.12523897639332016 0.03021707699449355 0.06525884658742345 0.01590513520168957 0.061805984027560705 0.06566025214522533 0.07424534372172754 0.029642588215774035 0.025190691389862806 0.09807786474970522 0.019325168015702204 0.12497675139123685 0.07197482342021702 0.007536067604559579 0.012477320655034749 0.079790629411013 0.015953312368722997 0.0037674191208552327 0.051136122537266765 0.021819626048609167
94 0.013901333419414623 0.015607515792755109 0.09464020177478759 0.0005316234969906843 0.01075749396404564 0.054621862938056646 0.055877573557835056 0.048316190366978005 0.01736861227833815 0.0891102924762246 0.09538364919112237 0.08357158978326187 0.020191559151666087 0.00033044279932747044 0.11926636300522891 0.04719995870329357 0.06448817584215147 0.10251809339167109 0.06600716262876029 0.0003103054380906603
95 0.08065533766996454 0.04973885376685401 0.03941265048332192 0.020141083087442824 0.08244564996312861 0.015167053346783275 0.023788315737016372 0.0076004433272104524 0.03332882544141068 0.07108750242690899 0.035257284606875126 0.09026535155788612 0.052181540435598216 0.017892086275499763 0.0642375728381464 0.06214750670938334 0.08123390710262958 0.06073039561438475 0.05073907652622315 0.06194956308333174
96 0.051729983406025484 0.040845283139105557 0.043850477396150556 0.015416917714214322 0.004383275922176394 0.08917528483553978 0.03456432309602177 0.02441746528723371 0.08813380478783343 0.07145645865822944 0.04441364774465129 0.04945343196264906 0.07417591225374935 0.05952339774355426 0.00029600377386042163 0.03239122978039413 0.08993605303629158 0.05951702486015601 0.03333682627458737 0.09298319832757601
