0 0.04366399448544963 0.07734448534161997 0.06660379008513437 0.06529045913308133 0.057980819514969674 0.014987683003423026 0.05522126171026204 0.04418448794278697 0.06238158959255954 0.04191456328045023 0.0018757703356871082 0.07087969743109489 0.07104811770914393 0.08446188610152945 0.0042911463682836805 0.07609023872781794 0.004495137713300004 0.02870974396711343 0.08551139948327448 0.043063728073018254
1 0.06576575823012686 0.048444880814449635 0.04883266786689069 0.04804841335187868 0.0485655981759458 0.06408236203942223 0.07022725959374516 0.032357824442901716 0.0728653795342396 0.04988295316348003 0.01187073408301596 0.01052276069007602 0.07671357826031396 0.0812017068919443 0.054278751256620586 0.07168937880137781 0.01714760625871181 0.010078225344054512 0.07046938661786274 0.046954774582941845
2 0.02509920091027475 0.00656672226344426 0.023142754258179778 0.001367361118137536 0.007984227333836568 0.0958728885790052 0.0072101649446135 0.020613241089016958 0.006747100287006294 0.08482404762478708 0.11465923988629352 0.058221831075846324 0.11495616517240431 0.11394936520831506 0.08255632351408612 0.0986460908867666 0.06271777690778317 0.061511873869115774 0.0024662537918016475 0.010887371279285548
3 0.0663259355423712 0.0032391034826462772 0.02893577634967493 0.06808222589719859 0.03889476761298191 0.08667510643047015 0.09139506654650034 0.08372108702038905 0.03189010290447183 0.047060691264420154 0.024025509235169 0.0003078792595888609 0.03627205253939345 0.06049944629134167 0.06861838985216481 0.0914640878017209 0.07363235773612435 0.020612684769680166 0.06408415708788444 0.01426357237580796
4 0.02644480955044543 0.09043035391383802 0.008020791874965592 0.11581593418036726 0.05148403521471251 0.02253951941234692 0.018524639664038493 0.036843389992903174 0.08957344632196262 0.028504000228741496 0.033893198041696326 0.05344759883101753 0.052389642922807206 0.06992764790729059 0.11557695893180417 0.020585073752472618 0.04028701382737628 0.06587312908827485 0.023010416558535963 0.0368283997844026
5 0.0018524861354407085 0.07071930764825089 0.007409879096304116 0.031580641163188164 0.004532806785527157 0.07180444812173953 0.015116160384657358 0.08311252988681793 0.07692950412867347 0.06214495776037122 0.061627672672122914 0.05729643534573275 0.06704774944248096 0.05736062865665563 0.030884108155364857 0.07909850519671283 0.06362215285723088 0.03099093565412108 0.03929203999426788 0.08757705091433965
6 0.02396525374251999 0.026206053295870047 0.07377112897066748 0.06974624483837912 0.013875261853111085 0.06194732925503587 0.06242934501849577 0.06243572781442347 0.0397925010952971 0.053845729843526105 0.05490645202265295 0.07747727171767912 0.07038723674648714 0.011415080374269984 0.07090195848548704 0.026382955778572966 0.04864862454128996 0.048113616749861816 0.06172134830803775 0.042030879548335245
7 0.007322542180132766 0.08884837419305235 0.07082441133352875 0.023205198549288732 0.021759140608165892 0.024844721892281242 0.05680834467046266 0.02332326740502749 0.019867956194047336 0.08199724407511909 0.08540793246281454 0.05157208649551278 0.0041377543805580855 0.03142899634583314 0.08607844170980188 0.059509401450213974 0.06959315610935918 0.047016247770385745 0.06620135703564355 0.08025342513877078
8 0.05796463427278476 0.04820093235798652 0.03173093419787589 0.07990823101543275 0.0787190524517552 0.080011719946035 0.06733417545652877 0.080352181686238 0.02761945724197472 0.028218922909586112 0.0696080563735264 0.0371642339244863 0.03961676235818879 0.023342563070622033 0.06431380801021082 0.008427931365299353 0.0296391712608691 0.05226259116092924 0.05150495922132128 0.04405968171834896
9 0.036452461386500504 0.09947348976668914 0.024809907314150288 0.08105526969998525 0.04440063533925531 0.06037245608732724 0.05405969887010303 0.07025490552359841 0.02233811224015105 0.001819094362918232 0.06681160261762589 0.03899178822708827 0.0904193283421799 0.0865720383781787 0.003137645261938859 0.08862514263490871 0.007336205926286893 0.06773044481117887 0.020151899365887932 0.03518787384404778
10 0.05377957753344293 0.1076964119298548 0.014909183824864608 0.0024189796382392314 0.06791209452463932 0.11351272113714053 0.0117473213813784 0.028451571602461152 0.021835349792925434 0.06763364329269794 0.021294723514000195 0.03719630304198624 0.008086016172029914 0.10704639296981039 0.09392325076468613 0.08710439678871233 0.03345438748435074 0.0075249174672587914 0.11421178305710326 0.00026097408241758624
11 0.075705800694105 0.09377303000680105 0.04803710595266283 0.06651506968274122 0.02772779707686607 0.08074366201844706 0.010231191492697729 0.08447136227106952 0.006662898378688769 0.023843893779150655 0.03900803319842261 0.06131893120173096 0.005043554275320941 0.08450485002581427 0.06301541256950953 0.08055622366606294 0.009433175575288784 0.08623042511528303 0.05073132808358795 0.0024462549357489316
12 0.024611395909862995 0.04714597407865235 0.07265199976755823 0.08996632853640071 0.023354213976375705 0.02418631863657161 0.08690341973118743 0.035796520393428226 0.09560340536338408 0.0464320685912964 0.054970558243200754 0.026909851907526847 0.06384858648873817 0.08122636450800376 0.08055566199264073 0.02138596828269061 0.028139393018657106 0.026923786146321047 0.009931499964426573 0.05945668446307663
13 0.02805493413354673 0.0003493586797067057 0.06784525434661991 0.04712785709001457 0.09247950011691274 0.09411294888139828 0.06488121842224025 0.06381837666757588 0.020882584518932365 0.026118944438513328 0.04996546359702581 0.020014749404234738 0.09050346477938068 0.011980358644594374 0.0387346981579324 0.03290029503184124 0.034023854622182825 0.08357435710816198 0.09342860724781761 0.03920317411136745
14 0.04120753362494927 0.0886880918714029 0.05020024251004512 0.03562155494407013 0.06007926969158194 0.014089782139568992 0.0035117513193338116 0.08791907723169068 0.0087196479611215 0.021562740388836914 0.08211117505426016 0.057200779802414954 0.07525495882772641 0.04821496964383405 0.08610513849531849 0.05440314422556311 0.019734219484797505 0.08540986445609143 0.013816428106759863 0.06614963022063253
15 0.0788865424852982 0.027854454772631577 0.01747387076807718 0.03137972329291306 0.02491331124626635 0.03381564298933932 0.04030579229404069 0.04732448286310853 0.016236454508698366 0.03904900494994352 0.018729314798128647 0.08395339651155374 0.02816373010935341 0.09186423358915054 0.054609496207048205 0.05801672128792639 0.0921118129455585 0.06756229215807806 0.06241298739276356 0.08533673483012198
16 0.0782629352963902 0.034928950237017316 0.08885447494892659 0.036171678902796184 0.05600882433053582 0.04999183165153331 0.042200986894589156 0.10324417828045294 0.0315488987387078 0.02046882664936394 0.030590141633344375 0.004781751938433777 0.03566366042439067 0.08932110909533492 0.036612557984791946 0.01817537210368375 0.009153061963888248 0.06219777393887231 0.07601043346483567 0.09581255152211104
17 0.06899289055277456 0.06802302205199154 0.0314406249888926 0.06113804960638948 0.0015484654673127282 0.05790903386710688 0.01502809820743935 0.09078101568531083 0.06457613174285304 0.033089066706150194 0.05534262323827015 0.06965518638655915 0.03492901549022301 0.03736768310446443 0.027151175168201955 0.09148022235564857 0.014632420926971207 0.09830878284361609 0.016410933614442923 0.06219555799538114
18 0.051436301729183426 0.008472182733552798 0.06023397576335584 0.032299569003369825 0.1075195531004762 0.0057321465745375005 0.10443967747026804 0.016568922790083693 0.05509289436324274 0.000134046675189215 0.026490019946133123 0.05628130463615081 0.011115895877675426 0.06066191506331367 0.06032364892527373 0.11516642926246047 0.04940724101228824 0.019382771025199832 0.09609402553320127 0.06314747851504442
19 0.06283677862199814 0.09076344995664674 0.10806781354506874 0.04197234284189707 0.047440467026726656 0.005052221608519092 0.027796253641868874 0.003214728815703862 0.03682225347113988 0.0359337986664277 0.10065714529053099 0.015155265674285174 0.0046320931290553 0.06542551222740928 0.07068363558412255 0.07148826249351681 0.03933180373305443 0.04322063019065904 0.013809480510745039 0.11569606297062449
20 0.03241813686962884 0.02811292874632309 0.004155154016890151 0.06340671426655618 0.08781775856315777 0.01782032216653418 0.07828232544074724 0.037584172907267184 0.053709329606527335 0.03843391152128984 0.0320771634609592 0.08801024525684989 0.021626897424751032 0.057636932510023 0.0755580974865242 0.04010175082321906 0.027943892578260434 0.08412797974094145 0.06238122241984836 0.0687950641937016
21 0.040144908780747605 0.033090485627014575 0.07548299613644063 0.03350792355247966 0.07505672801658617 0.08563932396629884 0.014270907823345277 0.007963860203802397 0.08796143679538139 0.039156698312441375 0.06852779748559429 0.05319890148604041 0.02228711924118207 0.03922727146598504 0.02562008092526443 0.07980871086536545 0.05992016613167315 0.03188346019857144 0.07866477859649032 0.04858644438929544
22 0.06771043853504784 0.031008806637762967 0.031956127001399756 0.010259985655633002 0.002246162756961893 0.06875582582416853 0.0008870828738975501 0.0778672013126441 0.04030221497606158 0.09410445437357884 0.08966197677962087 0.06889290128826907 0.09471318485751617 0.06812764353379461 0.020078937507598964 0.009624627011084257 0.09627012254954828 0.03523488542489046 0.08903879540191448 0.003258625698606844
23 0.06040325052589324 0.02498888992452016 0.05366397505038397 0.05188957090048576 0.02245233383464369 0.05344192974921435 0.0029064552833402138 0.058274168843230355 0.08796557794962315 0.0001800784882474653 0.030775081396389913 0.08074110574880088 0.06585338887474487 0.0668411035191377 0.05818587276205152 0.04367833042841778 0.08281518545080017 0.04680974937849882 0.08392411943891943 0.024209832452656486
24 0.08870059659200612 0.06113850061127605 0.032980390305763704 0.053294446577352265 0.02875699902718812 0.045936610027137656 0.027888370276551153 0.06807163267973046 0.06412782466552586 0.007357243103485815 0.015585481895902652 0.05924735168396608 0.03089559972720012 0.03835904524377772 0.052193139911278004 0.06654033879943688 0.09363667624344924 0.09188229798007708 0.031500850308573254 0.041906604340321785
25 0.02652747054601109 0.05167363687502566 0.07342289261679699 0.10113905371083548 0.03320026906155444 0.007926446860462818 0.0726466360360854 0.015914964114576775 0.10462119038047789 0.02999179101706852 0.07715991929559766 0.009383850446238542 0.04611490805157082 0.006539278084421683 0.08271275122537104 0.05000428936712044 0.05820982892416848 0.09049096024992864 0.01645592195755888 0.0458639411791287
26 0.017946301819043397 0.048633484754085764 0.07931277532653537 0.011379134346435166 0.0536770298308257 0.09322764734510677 0.08116067921080776 0.022928328344234902 0.031129763978689 0.001703205708404238 0.0902053251779594 0.08108850571192762 0.07806206167658586 0.08278970896802089 0.013339921361956027 0.08456779283167079 0.04298994599618491 0.017815491671981074 0.014810392349339086 0.053232503590206176
27 0.00988827256096819 0.10467147916799302 0.0009396261750753632 0.07881779547321223 0.08464624060945507 0.038948517885163195 0.07650791859030771 0.013867242108980877 0.07216817423324268 0.02011802122765152 0.007283299871357566 0.07887552796604763 0.10082576476138695 0.07507868723576779 0.002106537863778547 0.062149734558328486 0.019271500702943554 0.03498196517150725 0.023092232458283814 0.09576146137854848
28 0.038056121809747115 0.04394383475485444 0.0029298516013134225 0.0781768718001068 0.07131220021859748 0.06970520955358596 0.04573971702738796 0.021675993906984582 0.07983857956249274 0.06137472014861905 0.0526909448217217 0.057355329949726454 0.0638306437695125 0.015380375601073639 0.05324174433306668 0.012241249878102371 0.045232322275959205 0.06426661650498139 0.04919810803538197 0.07380956444678467
29 0.09793449558996051 0.03335699263011531 0.07145598266398498 0.0030359634729675623 0.09756351760841583 0.010135091630946415 0.020324396337823406 0.026303355238323185 0.08014072885457393 0.060620865596629755 0.05460782025736725 0.059985432173394915 0.08258297232856163 0.08314437488586389 0.014516787391976337 0.050620591659482315 0.03721844963079503 0.017544441501456735 0.027665254311285106 0.071242486236076
30 0.0990216299294436 0.0029305253335993355 0.03608315396477324 0.07439814070906416 0.06191996837174492 0.05066069488832255 0.015254184725049046 0.0970145080961232 0.04749729340500683 0.07792701073296686 0.055068384761142744 0.04346941024931433 0.09584335414657459 0.03802586089163568 0.0005784495884773471 0.04214597897068946 0.021066237967850093 0.08859740376076927 0.025113354549533982 0.02738445495791855
31 0.06794019376688158 0.05734538179553224 0.06920759996478423 0.08019295912952863 0.0523386723388477 0.07526996024177185 0.08081867634313043 0.04202278475405471 0.04701996549881321 0.03795744535933149 0.015577964830201949 0.00950015162992965 0.019252475088892607 0.07530062646098251 0.02705072256092783 0.06874975522460657 0.0727868853374127 0.07823853495592663 0.00010968011493039895 0.023319564603512918
32 0.017555278699328436 0.08681465345631492 0.04863665821110914 0.06337137406539495 0.015857759962197897 0.011020114250420923 0.000810024730727001 0.031853575116950944 0.06340909626651972 0.09087421695526651 0.09070181442596532 0.03308021985808946 0.05485472399715385 0.04026489770320296 0.07697758806438257 0.07390419354873114 0.056250092259170395 0.0629358152124334 0.059268868666172814 0.021559034550467624
33 0.00499588111440267 0.03928646146010466 0.11573028996878577 0.07515796036442542 0.044974911725547434 0.08866166114218614 0.02906096395725809 0.09043451175126237 0.0024163936245893466 0.035506788387486006 0.04259051717221234 0.04112702273847169 0.0011011530918452399 0.015148036110397108 0.08220660453439883 0.057760192475722845 0.11730499758944077 0.057424371363201346 0.00308312787701371 0.05602815355124829
34 0.02855951359554578 0.017567312374007837 0.01143759636784668 0.004286006210759625 0.08037915498156088 0.03578034144481386 0.006429353767660001 0.06866777961602778 0.0829270453859441 0.03470391117502076 0.047633404827025834 0.0475138637525459 0.04191324665367058 0.06944163078941347 0.07716912722989089 0.07280550278548109 0.050482996469380224 0.0771362540505811 0.0839902927968984 0.06117566572592515
35 0.08184087204004453 0.03889349959905313 0.055553898258032565 0.02262122307402311 0.008679382466325533 0.007461243223824454 0.03266996936520562 0.07612858238084577 0.07562061342090022 0.0813433287759289 0.022660154529580652 0.045988883697595836 0.06573511032513589 0.033992305195439394 0.058342820989448464 0.06521704769657587 0.02335548164181753 0.07892919854458742 0.04966646144347916 0.07529992333215582
36 0.05759197892557851 0.025637856200661828 0.004259273803363687 0.07101232031630916 0.06496285803545913 0.07213965192068046 0.05701351588543072 0.030277845168379662 0.06261993765198912 0.04960690952895609 0.02404151836123029 0.043672824528014055 0.059591451953306604 0.03693798919393943 0.07845791947845965 0.07709259531343118 0.05017038921748884 0.06626461810278096 0.06207443261597979 0.006574113798560859
37 0.07909788910519973 0.04179995850163372 0.048879199915867866 0.008991254112319512 0.008091626922469035 0.06692250929820918 0.10049012511393775 0.003360629550238022 0.1093802064886887 0.022143627310264234 0.05155758872947581 0.014311351327474365 0.0666325668022594 0.0325607195842498 0.01232970559511052 0.06642307610859792 0.07370168121071063 0.05152607472127178 0.05841999794268584 0.08338021165933636
38 0.03785083768576412 0.013841636177277532 0.08815164443568249 0.04178257274073451 0.05468441420459855 0.07038139226380641 0.07008666240991294 0.03208803666911966 0.01712629460020061 0.04321495439001833 0.06591132994287441 0.04158668319978811 0.03785519003618575 0.08913913798528625 0.041684467898997414 0.07968048587017798 0.026462932720469415 0.0658621703644371 0.02711441718688823 0.05549473921777994
39 0.00493595183167346 0.0469490759842082 0.022836509360841337 0.033820466631921606 0.09454828523203365 0.04624361873884164 0.04910065357236318 0.010865058148436238 0.09458990029937035 0.02558085548435542 0.0349541911868654 0.05939964024342951 0.07282588167110349 0.015261005261521974 0.06681332985943608 0.03684238731516453 0.09694802018864 0.0866275504839155 0.04884799565351317 0.052009622852365295
40 0.05894901752079315 0.03261836745698488 0.06758128476935024 0.037166661317712166 0.053299657952533615 0.0365879148199891 0.03401266688802116 0.058589376049497925 0.07845354588144082 0.005582642305984809 0.057206943992262345 0.03130449033659328 0.009525915920252724 0.09056635871575855 0.010019780496042217 0.079874823423326 0.08475235910096096 0.08474060596195328 0.017025491382564123 0.07214209570797872
41 0.04254920626910889 0.07726971128757594 0.014983394435461622 0.03189862029918677 0.03189926181599266 0.060691253250548194 0.023232967980342537 0.0561658100420291 0.06177181441446392 0.06632833801527777 0.02755648542441012 0.08707477774778204 0.06277900738499172 0.07962429735663137 0.051792845009136064 0.03967001936877672 0.03996652549168855 0.003359740137021911 0.059517988567453196 0.08186793570212086
42 0.06819434893037377 0.04565732821174191 1.4529107243772146e-05 0.02645234424740526 0.05036459825298535 0.07169533662629975 0.06757533560967514 0.06656160444317231 0.05901613589246447 0.009152689210811488 0.04033074618807058 0.08414074884646551 0.06943327582805746 0.08373587830837541 0.0702946987447182 0.03450192978955004 0.03770134870112525 0.07414156925157957 0.008482441259559161 0.03255311255032563
43 0.08862350996015117 0.0718517258403145 0.08463348008375379 0.09555640977346108 0.008528080112637434 0.012239525593623677 0.037067652721119664 0.013264679587239677 0.09015374445404796 0.03283348978478357 0.0947515444006379 0.06567842446253672 0.03182712718916579 0.08756339168256569 0.0025333742068569306 0.02028397909466873 0.013630427723916087 0.09574766833020117 0.05183524063263299 0.0013965243656853888
44 0.04205557367023043 0.052214841138757885 0.020578436011070282 0.045998281372897576 0.04983384915047877 0.06375224339698923 0.05417261262166272 0.07475216442530172 0.01947111342369533 0.049667194463120484 0.08612682678793687 0.10019693790154742 0.048095856841250666 0.07270739656748325 0.012697372531399272 0.08927274698655965 0.005417228693320235 0.01571961246986625 0.09298608257886108 0.004283628967570907
45 0.03822698094649817 0.08501687337510702 0.0019210987461369773 0.0534780589769847 0.033102354366761906 0.11291283667194754 0.05678863312899576 0.03902414834187956 0.0754991714265186 0.006711202085627503 0.018566595095561498 0.09740917072451129 0.03975131637075145 0.010103042608988236 0.025058025142160777 0.03580366323011207 0.028786441596754662 0.08447341820253831 0.03559605996051921 0.12177090900164472
46 0.08932194125778459 0.04512616924028134 0.03173939887979849 0.039055344470186236 0.05315131623619815 0.06320180139709491 0.03888186001165185 0.10784692961350452 0.0035653654311518777 0.023007284601949857 0.01480611733063175 0.04903469970782606 0.03344118688594268 0.08840530700146923 0.043184900073462804 0.011934588874895324 0.04427210951563336 0.08246860749525785 0.028306531358492495 0.10924854061678689
47 0.08053105630787265 0.02942414862220547 0.08855699744943808 0.003064089928636562 0.05147548340944154 0.08846553014046987 0.034842066029104383 0.02436747464470081 0.08515306581695328 0.046584609642776754 0.034427201156293656 0.08703013859990345 0.04372533191175565 0.010925629064596543 0.08264251753106058 0.01706590276556802 0.04406190871593744 0.04887861433204867 0.05412167062604057 0.04465656330519604
48 0.027890883296034102 0.03900401612708066 0.08279885931467784 0.010827961867091184 0.06951399535012158 0.033258232472419234 0.09600290646972502 0.026060968308266347 0.08404305143167178 0.07387719539989639 0.07232442557177983 0.055157561829655234 0.007872761313843919 0.028773250596411237 0.08889198875147025 0.030201207933624418 0.03120974115436177 0.09000782995565486 0.025723052152781326 0.02656011070343297
49 0.030072608625983568 0.032572429557685474 0.07220735234307062 0.08152423797751682 0.017346232825256262 0.03857721900855592 0.024718015687255256 0.041334823685771745 0.037480705869007196 0.07684693115477581 0.0046213353795849284 0.08890705677960949 0.05467309117550132 0.070574988278228 0.04584210139505803 0.04206304761307257 0.06860619102465487 0.08202076722164417 0.003928192310947481 0.08608267208682051
50 0.08183802553266471 0.08974823996428696 0.016647317650209492 0.06199952513667124 0.10997513134127221 0.03797011336588372 0.046207598052033116 0.10013965560964043 0.05012270218295485 0.01017417437702537 0.05169511530781378 0.021334248553097807 0.010342183500299553 0.08297650347068639 0.05248433620672078 0.031500187644897294 0.04400440568538594 0.0009383368890513014 0.057646872242033485 0.042255327287371504
51 0.09517487030076117 0.08675157486111496 0.05792854171685992 0.004751247327775445 0.042638198628352046 0.04635057984034553 0.09854207143196447 0.1073445257485233 0.013012471072963829 0.03360796352741045 0.09467102061801513 0.03847226944536694 0.07346372123625536 0.0533818615474035 0.07881290193128344 0.02270999221705906 0.02000375709725904 0.02132831757772006 0.005099561497606347 0.005954552375959893
52 0.018474575339791067 0.08265357152639584 0.07640352498982585 0.07551041126384211 0.06134033242596825 0.012826394214071547 0.0453144384753116 0.07280556121026899 0.010790982537182537 0.07274061167512968 0.06232488762697118 0.03441340914193072 0.017219164130578515 0.0013249096215028871 0.08478126620446665 0.03774081733483712 0.039581823119273454 0.019417002809457143 0.07227231553502343 0.10206400081817157
53 0.003126456344204108 0.08346733411667007 0.0425541095324665 0.0646016184782923 0.0787406249944981 0.06644488021893022 0.03192850453955621 0.04855018156988769 0.047901374874673004 0.06617311995930522 0.010216457491058935 0.05756736806354029 0.01626323254642292 0.020203076862081615 0.07268465683992055 0.01907220668466823 0.05058666042184928 0.08051025834632301 0.06852681746428849 0.07088106065136324
54 0.012851557725270218 0.06897875544265927 0.045397263949309076 0.08878993051222026 0.045233707495380575 0.03689780373663997 0.10313001499911008 0.055997267746356 0.07957650249400433 0.05322893551359348 0.0003887664215804936 0.0201715080854924 0.040719568036286145 0.08719229673928391 0.02801169430040802 0.07356524071306828 0.037378581525200676 0.033714298416711704 0.042546889452280114 0.04622941669514506
55 0.024594417566818624 0.02096035040024016 0.014373709598026977 0.02847447852226639 0.05479368897916621 0.06951208972732148 0.0011349484033789353 0.059351384765932894 0.019361742654418476 0.10495853806807728 0.10553559587971045 0.10614063039681855 0.09574103236215362 0.08865481685693616 0.006585065974188038 0.05476532085145885 0.002733068869029949 0.00404535839513364 0.07885260834489992 0.05943115338402327
56 0.03048721880003902 0.09503817117135277 0.046001331022690016 0.02958610087275019 0.07881406064927236 0.03011062105211702 0.070044339921127 0.02276488964361613 0.03531267910927691 0.07713196317898088 0.046211231248562044 0.019101948029112793 0.04915229290828058 0.006879094192580079 0.07497204062402278 0.05421790158059246 0.09033006703858205 0.06992383868570563 0.019825053197718583 0.054095157073620864
57 0.06969804565821332 0.013264031032403652 0.04583265910695583 0.04176430887882358 0.05205693038443381 0.03738681169014241 0.053457079555803394 0.03523873131664933 0.023471199416202022 0.07310946015937178 0.020705078372939934 0.0598322626809805 0.03331697468882294 0.07170706237247962 0.05375980189143292 0.04650012248228713 0.06580829944159726 0.0650848378588411 0.06625780183586139 0.071748501175758
58 0.06358085867593122 0.08802855853280331 0.06918157789385629 0.07718658754655586 0.001790482594608214 0.023048451802420905 0.01717835333756491 0.08819893016681064 0.04924654537771566 0.04207096236410719 0.04476091915060097 0.07503600552896256 0.028472615108940908 0.07077166502865825 0.01596548680481074 0.038733342219622366 0.013786955685420486 0.09919056342893802 0.027588567854823803 0.0661825708968475
59 0.08551392880607468 0.008158980830849646 0.07388906763853645 0.0380785708332722 0.07519490780651836 0.02370633015132212 0.021953777583792338 0.04282112881666392 0.027420858619556343 0.031051787076592022 0.024234934297417635 0.09489857631348664 0.07223810246217786 0.037645545835008364 0.06448561127073808 0.06050887459231908 0.0810479223650485 0.09158565696468324 0.0013546881430057053 0.04421074959293677
60 0.09442115169140965 0.0013211040898802678 0.02612472873994746 0.041520331410722804 0.04674663993876036 0.07508371344040957 0.06636721737093956 0.08792604509306895 0.009202559968745286 0.09808673193082504 0.0692679339113344 0.09623521728716544 0.014144726814353864 0.06543746801628596 0.021898524560465912 0.051223234278010774 0.029271165434402766 0.015609478088564688 0.06389011430302514 0.026221913631682078
61 0.0784977243443495 0.05248804567724089 0.02744997501360435 0.06917091792484224 0.014665955546226671 0.016700565724895405 0.053611807179291975 0.057866407637354775 0.02020367794586854 0.007180024437409473 0.06918596129026446 0.06770023186969344 0.06783705532311061 0.08041901559115239 0.05493565397105275 0.0755156499253468 0.06964773490498238 0.04853852597363484 0.04224953155466898 0.02613553816500941
62 0.09035670394098726 0.06554513762017421 0.041085686462383975 0.011851632516264964 0.012586692845019324 0.03215230860714608 0.06687146430592257 0.09798306494050602 0.04126710246702671 0.06018013811589798 0.08252809734534965 0.031242208153793156 0.007213526947437056 0.02541040049314351 0.0923732976618987 0.03366827554594199 0.06523413447060034 0.059216599637386194 0.004784305171113665 0.07844922275200683
63 0.024843889164116985 0.024238423748848062 0.07284428235944276 0.032475742839596804 0.04530967054108888 0.010617534223272529 0.016711232282447187 0.029755803458260174 0.08755027559094022 0.08030859443578785 0.024578951261371725 0.10059363529499751 0.10741118862651636 0.09636263873628614 0.06153800850462787 0.08294030190752243 0.013718492978056917 0.0005747017680236653 0.053819310457637944 0.03380732182115786
64 0.03254732109074364 0.027321272667193492 0.06728702698138517 0.015942368705710624 0.07334230417289973 0.07784783469244046 0.017063888866037824 0.03492534996527608 0.07862564300002879 0.019783211416920528 0.07429925787005229 0.07935407358491837 0.0049707896467098885 0.06955658999278426 0.07474647350600981 0.07483685227144002 0.02917873207687386 0.059086909554340664 0.07797256587654987 0.01131153406168456
65 0.09767936919627557 0.06781523143505097 0.0933437795102073 0.05214591656256452 0.05191466742090478 0.08213946882271106 0.041385861182398176 0.043807403106184396 0.0015924637762363273 0.0064175667737544975 0.04957389806591289 0.005386986043930654 0.04528903710384869 0.038986034296452345 0.06838804625579559 0.09554723118094971 0.03696805914510971 0.01166463303133862 0.026110812355507787 0.0838435347348664
66 0.027964324819282592 0.07351906193262593 0.03421669880694728 0.055759289485614476 0.10472040236091257 0.0016702797046883025 0.011924620138987317 0.038303876360134465 0.044422317708534526 0.019644299701447234 0.010569417908374228 0.06146928947534334 0.05634604119736731 0.048927318510501035 0.07289857014936242 0.052616555170450406 0.0980458107295881 0.06170108085072429 0.08813255374563432 0.037148191243479914
67 0.08044042831323132 0.030848432456367886 0.04005948919355448 0.0411561887477252 0.07382222071758399 0.08008093597179237 0.05665481156753535 0.07187715942384203 0.06580585777708894 0.06760818762095894 0.02960264404440021 0.01236750331951613 0.05380470365500409 0.02267651645435607 0.07252835995668754 0.01602064161451269 0.06659992806420047 0.029252918674487153 0.05589377764726666 0.03289929477988868
68 0.07239406993533101 0.03352753356193568 0.09378393889384709 0.039843814587366314 0.0009872489143015555 0.025680122012726594 0.015262615697334869 0.07877027385994537 0.07602421553653706 0.07005140683055573 0.0861406270761502 0.028404699233487485 0.02275710461137526 0.08652899204170454 0.06649808836085344 0.04166694575745458 0.07832258751646777 0.012240136702184597 0.058257189592704435 0.012858389277736465
69 0.046083903598769814 0.059216577524424295 0.07170423492335432 0.044234734328979154 0.011602392968913093 0.006533737119516513 0.04009613237735312 0.01592613623843417 0.06277458019498454 0.06822758621790723 0.056541943659091064 0.03106525154560365 0.07917821038646818 0.03757368062523967 0.07608655844575875 0.07634896852629615 0.026909267565208915 0.08167518450287373 0.03151629713499088 0.07670462211583298
70 0.0743256728218631 0.011789251868063335 0.04555825708182635 0.004577363469573658 0.0023191804176171823 0.08601580252924358 0.027033782863847867 0.007968296788203063 0.0012339250797063855 0.09096573558401878 0.07430657199913338 0.0687281189940598 0.013232730447797226 0.036242842868846194 0.07836002057848906 0.0803608472889145 0.08468567737194346 0.09198905412948928 0.02878767851104438 0.09151918930631944
71 0.05885527213163729 0.03857937990904015 0.04791795910327765 0.07195288160641111 0.004102332103187522 0.056595950179450676 0.08870561374771853 0.0011682415876958546 0.06377562563512162 0.09664814539988921 0.09161130409323082 0.0013708333417854041 0.016201266977442442 0.03198426247570209 0.038759365105019254 0.07860036299510989 0.08510443195906231 0.03025815651474394 0.09148485167074923 0.006323763463724958
72 0.006696482257692509 0.07879776825606316 0.07976306900978629 0.024187514637075212 0.01133040774121022 0.08293327642265766 0.028739049260371043 0.022853558295159213 0.0019069725292379933 0.09108743418445393 0.0654521215997802 0.07251845291948333 0.018411055301050073 0.04091203218543527 0.09429716846146156 0.06907276930783453 0.08245154683474094 0.022421731211902305 0.00770739854617626 0.09846019103842839
73 0.08036665871963457 0.007015083176947401 0.07161443304344456 0.06771874802441138 0.06944890519755534 0.06665812868969853 0.0703311208057324 0.05623652131011682 0.027978542735544686 0.010805835975804338 0.02317171587751511 0.03366736528193741 0.07837612861412552 0.07461751795830651 0.06594184919791349 0.07484685776804496 0.05682802253629844 0.025720681476790835 0.035735329417220664 0.002920554192957159
74 0.007574059130954425 0.08273643312971457 0.003029386379587055 0.09681733451974428 0.09206814899619707 0.062056272457973315 0.06201548495717051 0.09060925708982062 0.032964777524998656 0.07565382460879587 0.049324203576540514 0.010003637248897686 0.029868815744185827 0.06852367293977656 0.025868449039584133 0.00026672948942983076 0.027442949153660193 0.012886287470049631 0.07901568250539237 0.09127459403752711
75 0.03039126493773214 0.08654469658769923 0.08771762405885253 0.09550193420726477 0.03979122061917287 0.011759488529316273 0.02666821199273103 0.01922191943747217 0.016370778755404065 0.06160006691330099 0.0014841020020580128 0.037705403331766044 0.050807397176511275 0.09448277893389741 0.05921615882044563 0.00982429883815103 0.07205869236019506 0.05306976719779959 0.06679275751283643 0.07899143778739345
76 0.0477860407834615 0.058311093932317135 0.023163814989966152 0.04403482991521807 0.008594084870660155 0.04202799216380477 0.09347517357580992 0.05172811147708744 0.0843984364258591 0.07585475634107748 0.05685854026483001 0.0347625378957394 0.08803508270187853 0.031419841233472044 0.029313012766381718 0.06134237151088072 0.05932265252547963 0.04082644633631391 0.041202741578875636 0.02754243871088675
77 0.01384410433468148 0.038940051047845946 0.10335124636568158 0.07126698134054334 0.0053789702680325435 0.011157653237790907 0.003297017364380083 0.0014718981395667875 0.08960730540529707 0.05095888085601659 0.02192255212086021 0.0065369718202187045 0.08460122680151184 0.06844064321120381 0.07474145028960762 0.03414702086169046 0.0962369801392471 0.09862501674076428 0.07065179041516421 0.05482223923989564
78 0.04402999059854753 0.05190470957568883 0.052929891416688406 0.07484364936778923 0.039622655047318295 0.08464138711728196 0.0480973246588432 0.05721438020587364 0.08270312285704529 0.023410929523933394 0.05312327767527154 0.03070834654276894 0.08067801585262518 0.06787410141263538 0.023478534130589347 0.04578035034256914 0.008661490486456412 0.05188507538648286 0.07691106632265654 0.0015017014789348358
79 0.03514086733306258 0.03398790897459218 0.08228530118502649 0.014777334561511243 0.03913353079606741 0.007263242739563694 0.0034348368882702062 0.030160572522075057 0.09325691757627573 0.09784950750095976 0.064583034961772 0.030053799096952685 0.0968465671078384 0.07036514401343988 0.021461154341364943 0.0391116156536137 0.06117059129402692 0.10126353301515942 0.0017966544908841558 0.07605788594754369
80 0.07918481595348142 0.03798176877498395 0.03831722459838514 0.03305506922882174 0.08269329216673789 0.07378682716803726 0.04732571814921997 0.055204548875957875 0.047221076893380225 0.0007904522502466542 0.05211312693268724 0.02150129567819853 0.05418763040050763 0.04744777664687035 0.05607453074381179 0.013936249930177965 0.06365361566927709 0.05165736300260518 0.07893468384140138 0.06493293309521055
81 0.00782396432634768 0.05043444501791373 0.07559103798316276 0.06568236327362979 0.0868619033019326 0.07055800085755563 0.013294634975839685 0.00796996048352374 0.11742725410242362 0.09640461728003374 0.07309014782212392 0.08924050827094449 0.03727176157312577 0.021001777287019234 0.041764146172864954 0.061639696527139944 0.03380322802785014 0.002307822079466645 0.0024237474442276646 0.045408983192874036
82 0.008795833737863962 0.027999927955495624 0.00751486669381832 0.07147184142004706 0.07005059514133981 0.014585737242203176 0.08620341171824439 0.0968461393485919 0.01245508252531902 0.09617314690069789 0.06898602997210855 0.03961857957907601 0.023483684453015383 0.027687858173606195 0.05122020634452781 0.09689094880695905 0.08019462725357475 0.017694657926992423 0.012315234608069074 0.08981159019844955
83 0.016463641737093256 0.061949117048029044 0.036588460947255354 0.06108502314438771 0.028674879260235254 0.08835814642851039 0.0022635621453989457 0.007232624442738618 0.07602623125803463 0.058304787160172976 0.048607123187790424 0.08495508572882854 0.009750316424627673 0.048570613674651285 0.08263085421140189 0.04495681823038479 0.06753254754444217 0.04745910816012397 0.0358914604681154 0.09269959879777749
84 0.05519918582004884 0.08130696061894001 0.03580669639359353 0.029078538736177148 0.0675199421790718 0.04196167963468764 0.028385124070369104 0.07731979978909687 0.10039791788690297 0.0499949777098442 0.03674648718155391 0.06873901438723079 0.027358021604314213 0.06404295298433695 0.03058511078914686 0.03450136291024624 0.022406535868294074 0.045040880730753914 0.08825239709028802 0.015356413615102996
85 0.04375686625121356 0.09458718145166839 0.06474806493695996 0.07721176041941603 0.03899315076888857 0.0946255769330555 0.03290002620817939 0.0017391671217579078 0.011856248182401186 0.01967196424268117 0.04799394245447788 0.014339771962608867 0.05399961156552314 0.06281609293334339 0.06346684443014915 0.10067603776637671 0.03457367854293564 0.025808471009430907 0.06269197823874434 0.05354356458018847
86 0.0425103636786471 0.09780341432710395 0.03787212895835856 0.030175928759078995 0.06575271459978786 0.04868458788160047 0.06455051336757359 0.09156167868939902 0.07600767260488409 0.011337373546840439 0.060737985786680805 0.09218981582408152 0.016893574091593522 0.05192320928702487 0.03174850931546604 0.02592407629709884 0.08019513659230156 0.034757819916675425 0.013856151427433447 0.025517345048369933
87 0.05673334805336177 0.004507407105625706 0.07618240100117546 0.06702463851503469 0.0793625427390233 0.062075772258500334 0.03874146856296279 0.008696971590296402 0.08715434815423219 0.02900769455524489 0.0024357260396823005 0.07582432818986866 0.02710287660322594 0.039546925529324276 0.08229291503334049 0.014641022035058791 0.0784408032542648 0.0017375813880953245 0.06212059102855509 0.10637063836312662
88 0.0833771320473038 0.026230345938305605 0.09746356898116869 0.05112745846544354 0.005478916365828551 0.031097574674300243 0.03724595535741096 0.06041897422243453 0.0321372594357503 0.05784138328252854 0.02109952391788145 0.08085968877905636 0.03861234530483761 0.05591334112279909 0.09106933872057336 0.10440757832389455 0.006610301357260582 0.012987209444045602 0.10016948501011105 0.0058526192490657445
89 0.09512618768721735 0.04091336547748023 0.026565043400881828 0.05562207123449916 0.09479219598178958 0.1013597636667011 0.07935766161604814 0.04174765935483263 0.05470991308015276 0.01621623648220733 0.026006002030681815 0.03669549396991027 0.025850063552665 0.003503964947256641 0.047179995675912856 0.0895286917962981 0.007584690133878779 0.05397062751337345 0.07475307577490733 0.028517296623305835
90 0.008560524369731336 0.004692154119163013 0.00485436285426516 0.05539923085694947 0.06769431686784248 0.06443439117339289 0.0658482689500762 0.008916419220229429 0.07313620969647201 0.04496224173415116 0.07298445344606208 0.004762473975415418 0.07635905268587698 0.010142675032926412 0.05164371712119934 0.06808835128586037 0.08749210721458486 0.08862461933226494 0.0586994751613618 0.08270495490217475
91 0.02726803999087233 0.006342123673508181 0.0861024108203704 0.004933362486600773 0.02402195906757514 0.08455620369225042 0.017920675144610054 0.07760570678159236 0.006999544582505119 0.06976128655911609 0.098695406955791 0.09084038176481068 0.06689616390829624 0.06882421213133987 0.09879590266102785 0.07812120743226371 0.031973072867906786 0.04026059122226265 0.002382814868888172 0.017698933388412462
92 0.04143303977988527 0.005316210049515852 0.0750153943838696 0.09014754882127035 0.015706089055989476 0.038643887688618005 0.018343090188284585 0.05472192892226225 0.018710463370017354 0.0476068887805661 0.07090509159953284 0.04377333093668035 0.08178775481042155 0.0666823042787928 0.062244340773418054 0.07909837758834727 0.0750511905948448 0.045500256617057894 0.013355759329680956 0.05595705243094461
93 0.056725125570141775 0.07087140661129232 0.08340718017400987 0.059509775986095415 0.022621034957097885 0.03345209493458491 0.06702023248658032 0.07636956570807624 0.01335979172335382 0.033529271064311555 0.05633060719797793 0.036773088477508785 0.08548148286069197 0.05915256540876766 0.07310635508011636 0.02372466008054526 0.07022624664969414 0.04930215186776434 0.003797072810360788 0.02524029035102861
94 0.06221436823623061 0.06785946326126586 0.07521571019152991 0.009094262050045434 0.10462325945234568 0.06210915387351616 0.04506994991419015 0.0675443399508119 0.02480098784240898 0.06410069352208042 0.04865857029411073 0.01833293535199623 0.100555332783395 0.01066811090068385 0.03500740651988186 0.025675355803865926 0.03378351737236897 0.02410213014092299 0.05419151403898887 0.06639293849936041
95 0.09740375385369594 0.05767425623111605 0.06052373128874538 0.061598724759321 0.07815717717245858 0.057996051405968765 0.053822891635785915 0.04035527111099046 0.009191683086932629 0.03733436754287784 0.03214350209989154 0.02810178915299437 0.06903367341729277 0.037088940953400804 0.049719748407561735 0.08884360013149545 0.03309158467551629 0.010002607140723754 0.0037704669012857133 0.09414617903194528
96 0.08645958084037345 0.004378505117646578 0.06106151417524062 0.09418293491163383 0.08363856048577403 0.06515099957343103 0.07141874114383172 0.05475615026688691 0.03819735171146666 0.005918986576098845 0.041467033725148025 0.011506277149857086 0.08170809717076413 0.05051542818601977 0.05509775945151243 0.06715868570909711 0.014347480135676825 0.005478044132900351 0.08048287511833666 0.027074994418303907
