0 0.051655983391564846 0.04827185952343872 0.05708963797881214 0.04033377929201761 0.08589509031013814 0.0405854519834302 0.021137266310351323 0.04673952254952727 0.029285613202229676 0.08436650660120804 0.0381762004097623 0.07500521405525236 0.07447377661296481 0.009061640532416343 0.03185789199358173 0.08541718006799656 0.03268120011885524 0.06490586641741598 0.012824060489626065 0.07023625815941062
1 0.06781984244402833 0.044993339661507564 0.0037118959770551787 0.07191434273251623 0.00010558833852541402 0.07462276240828924 0.044299732598831 0.06908910421644018 0.06764366523478672 0.053924564057968534 0.05117972829945297 0.05332686732259498 0.03965687037377831 0.06125923970736175 0.05861925691944226 0.05069308606136559 0.02622610189623144 0.05968103503492054 0.052806567467949234 0.04842640924695448
2 0.029537099630945272 0.06204714177024367 0.0463168558500801 0.022286837156416668 0.09005869193010937 0.01655984718109398 0.05308290823448069 0.00731041992960845 0.0178326571532958 0.08807209172391953 0.07982565349641317 0.04735641297557597 0.08445871939425842 0.003830279084907876 0.004340330399263368 0.06790421563930657 0.07830105152501377 0.08811505323281477 0.0770920452270861 0.035671688465166315
3 0.0260304593668667 0.07170814802300128 0.01808380182477228 0.029440892333672475 0.05717928958724312 0.10117868699514589 0.022820280554214274 0.06731403775573433 0.08496187120615203 0.02587221071182061 0.02247205033762846 0.012315644724284744 0.07843731486709689 0.018546986717876957 0.10054775966919272 0.09650178769212395 0.021256941803581262 0.05040170367814933 0.00616138713831664 0.0887687450131262
4 0.038325438811995884 0.028818003832447463 0.08144646982858171 0.006362664365661613 0.04084830508365425 0.05152392256365699 0.0038046934910227767 0.06764115164643196 0.06319564382941745 0.03960793476459313 0.0474553506742344 0.06615790715465608 0.02439601726528912 0.04517364421263554 0.05733392853358489 0.08130189829228149 0.04836796367691608 0.06950729769428043 0.07760343067006457 0.06112833360859406
5 0.07068517053074562 0.017623971642360646 0.053757508703028686 0.045176663159978266 0.02956985664248209 0.06290895909280421 0.02640146519700704 0.07245901888981003 0.02562967048255451 0.07682031347074245 0.024750786863015416 0.07781669098390823 0.08958001805695874 0.0886859205483636 0.041930039649934435 0.02149661098185081 0.006630242480816044 0.02635991215031021 0.07512272119378892 0.06659445927954005
6 0.06301221606295916 0.07433375101567848 0.05738688220413227 0.05861173950009503 0.026015611293397183 0.051077762734463725 0.02670900045371317 0.09435630095673762 0.048734124560242245 0.10217608326929525 0.059508333585117805 0.020483379878047218 0.046466074711128166 0.04631957695581209 0.005321750707458967 0.12320066065758682 0.08591076126172936 0.003285809422187374 0.0030839708147464002 0.004006209955471229
7 0.02184580395745555 0.0525452436308293 0.019616884196808255 0.05519309582414978 0.06574978170491957 0.0679780530151969 0.044093545796607604 0.07311640025081746 0.0010883007925256455 0.049747169436163675 0.08687994447160773 0.08785940692419542 0.046950208425445145 0.06389092484463708 0.056951753357992824 0.0785186673889694 0.06957390786221232 0.0018011099245179311 0.026614952411740594 0.029984845783207655
8 0.05880609061665779 0.02609045538627088 0.0944871399200091 0.004728243896214113 0.056654425898022734 0.08368595131185495 0.03518267705663349 0.015584961269994998 0.05286431310684621 0.023274356351381566 0.05680269958723012 0.09872493588217598 0.027651027309154634 0.03543074363751113 0.09128180379583045 0.0022870487950057347 0.003417332089083792 0.09293203228459705 0.09377111291563944 0.04634264888988571
9 0.04554456740105832 0.08870808605871629 0.04495924116529399 0.04889546090808733 0.020322133980085148 0.0005048950757861962 0.08397868702819142 0.04216709404126966 0.06376189103247305 0.09133663439860089 0.07665975631880365 0.0257353770968473 0.04226464629068003 0.05720498688323418 0.016121828712406343 0.015075971210612996 0.08336905875436186 0.09020433970718607 0.008220305366465442 0.054965038569840245
10 0.03570561468953795 0.0608496710438556 0.08958795308992178 0.04364963106289625 0.06299600857204152 0.009708944656767481 0.09599408877126978 0.044828921359590254 0.10449670722384036 0.07550973978757311 0.0015015780957999688 0.0577454896291511 0.04727277131226134 0.02061996828880311 0.005242425613421724 0.02567034801847668 0.10362763453645568 0.005351141765589701 0.08009347608542142 0.02954788639732509
11 0.045063267693540396 0.04369321332675321 0.0540381693928172 0.0915471508825982 0.015887194501318834 0.05669379467132886 0.01915066517728439 0.006075621710433058 0.04677954363398098 0.022130996093643874 0.08646026564201979 0.09303123888355921 0.04153394971550266 0.03593923039223272 0.008915193229509946 0.0940121942510187 0.083376144550529 0.00582117591930964 0.0634559547724506 0.08639503556016861
12 0.053484006335841654 0.001045483720702773 0.0744200880455121 0.08268513593648458 0.026650609016426657 0.05219058353192578 0.06376740512938055 0.06307444420228057 0.07103851277859091 0.08210964380691342 0.007399980168209446 0.01853888924565725 0.04561729903452122 0.046093400081153514 0.028199053743956082 0.11536160985284521 0.05677545144445815 0.016761107315794985 0.059195696318691135 0.035591600290653856
13 0.021053115357788258 0.01866677264484972 0.06632940888770532 0.05227602334748491 0.06483201381521839 0.002089417445047525 0.1278443651694794 0.0495189006606602 0.015061018325268362 0.07857368405205957 0.05930605478962772 0.003231208198234825 0.0912244986832426 0.07080778781716011 0.01073145466901494 0.008151386622110332 0.03810551511496967 0.09311178387738864 0.09687400215512464 0.032211588367565096
14 0.031002986616309552 0.048540118739707275 0.0970909972171561 0.04625898303095591 0.052381381455067356 0.011182132425747695 0.04395469101353396 0.029031680053747285 0.0950806298773065 0.022464282035360415 0.035407974348942106 0.049770371298718905 0.08793711814340922 0.09181197558201426 0.054897025911372105 0.05316993610726224 0.01555709799747871 0.008794427287009668 0.032020366419063966 0.09364582443983702
15 0.00691902039770243 0.08191520048558555 0.04630232720714906 0.060168086277627215 0.032049406776678876 0.04157896370728317 0.0035355947323726816 0.018468428088914413 0.04914588572086029 0.06916054245927443 0.08043796637189589 0.02357712197058857 0.10138967529938342 0.05769154290325403 0.07626697046869542 0.08037857831705748 0.049075654768883564 0.020090726641919687 0.06464025618721701 0.03720805121765666
16 0.08283733266834672 0.08784578439719488 0.022157411395818484 0.058120445303086556 0.07123217114704893 0.009211274512206524 0.04579106109266203 0.086494144190412 0.05304688154418393 0.02612619729807501 0.018516198592155527 0.017310346330936907 0.043640956158574246 0.08685766114851863 0.005207049947995546 0.011371103560411416 0.06813697656880735 0.038463048693869954 0.08701110977836055 0.08062284567133474
17 0.0010511691115725993 0.07024821482191367 0.001986248255809243 0.009767379223474208 0.09009355239898051 0.08162165474933554 0.03671973772623294 0.0791479615822346 0.08516313799963734 0.045020059743516146 0.03534228447449092 0.033283210605161616 0.019458349320623385 0.043144195735313515 0.0416038819909078 0.017576374209102474 0.09803898181993533 0.08263666204626298 0.0934772214683505 0.03461972271714473
18 0.056946723285414835 0.05460452119599394 0.04343213811471541 0.009176160068982354 0.00295008043569238 0.027873669560603748 0.01531378202817353 0.05764738917016494 0.06885820374137273 0.0925354865555926 0.04731334462917637 0.06381233889137775 0.011924938832259726 0.09617831998986628 0.06959996160991999 0.011684817585064596 0.08386899075443877 0.0673855335607206 0.07877673048760868 0.04011686950286086
19 0.055356540900092545 0.009747663949228332 0.03707052029199952 0.06356336520489034 0.07647137167611553 0.04740538191364541 0.02676822808938603 0.03839358033215193 0.05642107490953856 0.06547012343045429 0.039263055581446396 0.053862437188373226 0.06650015416147363 0.04779058219145638 0.055734157534189734 0.07501519412650172 0.046918529765230935 0.058113711089687624 0.03609536086835378 0.04403896679578429
20 0.03736605891948878 0.03738049901465337 0.06612688177558541 0.07912098178933377 0.024350829133564796 0.021266284658774955 0.06392363323051946 0.09601972287127089 0.03354151294457724 0.010701952086301153 0.015040235586380431 0.05587443344001241 0.08091822100795072 0.06112897363928041 0.09431865776834335 0.003905370791695277 0.08903690292073585 0.02084426379440661 0.08247932220857643 0.026655262418548643
21 0.01977716966064057 0.06310185122448879 0.01785148100083343 0.036969423788249765 0.0469372360344181 0.00585029149515133 0.036041593399748245 0.033456096089429885 0.08135429082070847 0.09396142612626966 0.06621071960480039 0.03947474833488316 0.08711130766008943 0.03743693738826974 0.04747601608473375 0.08290188371328006 0.05390640410140969 0.0208065264277657 0.07176660503577441 0.05760799200905554
22 0.02766313850484908 0.044263036290665324 0.056281685901334956 0.07404179674977632 0.09235378293951911 0.06783459405523456 0.03856565536969969 0.03551159667725649 0.019335077961195764 0.04892124399390361 0.08280850045008856 0.04606304794631887 0.02219995523569547 0.0234469260885051 0.0371683067850808 0.06451714289987212 0.03611556830991517 0.08151073340355543 0.012990521900897693 0.0884076885366356
23 0.01090329051893273 0.08360798481851145 0.00038191997647440317 0.08016865293176759 0.0882841087576272 0.030346865368583015 0.06030482539133757 0.04445309881296528 0.0418137514012081 0.08619885881834441 0.031438141598280955 0.08667786624794396 0.004541934685171239 0.028824777450005 0.03185526264399749 0.06424559783885801 0.08757232118433905 0.00977571204562189 0.041207675318111155 0.08739735419191945
24 0.04165872288353405 0.017642137363906754 0.02249543468764039 0.03900869984463913 0.07717233364114219 0.07575229943231074 0.027930872289419543 0.02992310537792517 0.05156719854416376 0.021356772780028944 0.022082849561973306 0.03647167828725308 0.07133311832525442 0.07778987575131056 0.03353390694639645 0.07323106207549794 0.0696105275151086 0.07023738407233217 0.06680442195513155 0.07439759866503134
25 0.03996147442416879 0.02807359038878919 0.00868556911321307 0.04999183639454383 0.08070034101196517 0.07414686889113005 0.026674486576427847 0.0658405358166395 0.035188044924687384 0.07377456265119586 0.005079359984963304 0.05363301131471336 0.05542297277540534 0.04306433428486467 0.05060190169245487 0.05658969820248496 0.05011559574285555 0.062233921182747225 0.06420791684677192 0.07601397777997822
26 0.06561013811965447 0.024596028477065095 0.033039587495885085 0.032848542356600084 0.06292145716414427 0.007376894469642537 0.002138020104226604 0.08418714263804591 0.0885946612234223 0.05276834785190507 0.08722383360832339 0.013302769334652966 0.07590551951069127 0.025265400432450315 0.058599094663707996 0.0651765259664774 0.003022162155635703 0.06677164534826809 0.07914598690848487 0.07150624217071669
27 0.024882555231938205 0.058053744747120765 0.07484233769288683 0.02889087903725815 0.07021555598028667 0.050130051709085605 0.05205859497914566 0.057067779985059894 0.01133801018376222 0.06910127803457962 0.05219389036834768 0.05996712406984937 0.07912650957844519 0.05291272165284603 0.046198844963664776 0.04208889666495848 0.04590230118861293 0.010767139679661464 0.06265374915762742 0.05160803509486319
28 0.047642195155910554 0.0564683292813559 0.0466106585648758 0.00021068999131025238 0.01957261194863773 0.04634628553117463 0.01292410845697494 0.06575095239061887 0.08767823203642928 0.04072919265016311 0.08917872435756037 0.03526917756622632 0.07231036690072076 0.05009127812737666 0.025664851669959517 0.09129598977590862 0.03754890017185409 0.03806229613592754 0.09522875472064143 0.041416404566373674
29 0.06565281813421739 0.06766998507496079 0.0475564414063945 0.02447531795709883 0.0718684241595161 0.08216203349835957 0.04986882220868317 0.06051352918824729 0.016094545851798578 0.02725135592248845 0.002986822388067701 0.05172103368601081 0.05362811871658082 0.047445111528848415 0.055260580365291356 0.056208068844994054 0.04249373282526295 0.050618017647210856 0.04226964383137096 0.08425559676459747
30 0.03877747629364324 0.1060100821536691 0.07752432267735192 0.06312096332778307 0.0009865508256756016 0.0516846636821069 0.05249161346015653 0.026328329000364366 0.018591871561910073 0.018341274597595998 0.025291316591009465 0.08943600037120517 0.08100883231435257 0.013515639289380791 0.0002726899853463191 0.05721450990536834 0.06587170656598805 0.05861878955152426 0.0813175703906012 0.07359579745496717
31 0.015602551849415823 0.03730094325716232 0.04546094878831032 0.03283527475322578 0.07353975497138297 0.08077704666975397 0.013547691906997094 0.11753264791566366 0.050764615522550155 0.040542056298182666 0.056109619491526284 0.0907427421721772 0.04145112024025939 0.0070654368315750575 0.07987598246125946 0.04091262037788625 0.00048461870901305825 0.008334911936475663 0.06575950170513385 0.10135991414204909
32 0.009873420284809144 0.07222600728201309 0.008676622537321132 0.03223342114820232 0.09701185863099691 0.09903695300588074 0.05337964741382483 0.08123413040932374 0.06353525372736041 0.042678079060043096 0.10062120062543078 0.03974165527332675 0.05476530122647847 0.03359719144519092 0.04567720621210019 0.020419502693345755 0.003669794858210115 0.04757731083633247 0.033365982481228296 0.060679460848580856
33 0.016520751035738027 0.04447340526891665 0.07718284537447184 0.11081791816688845 0.001964857409108424 0.002939801466669695 0.08665287787391225 0.04953065245902112 0.08740002751545249 0.023656948532504156 0.01835551113439274 0.07465040053128957 0.09895419209770313 0.07002688070492799 0.01070692777333133 0.09632209922295824 0.058773371615472005 0.0013859126144323652 0.016989214607370975 0.05269540459543867
34 0.08392122338713104 0.08404351660526113 0.053881210416012924 0.04098253568467367 0.0353588545424691 0.06845783159968034 0.08344378285171626 0.017264930065578 0.06170772030271345 0.08389866399386214 0.0683385745934645 0.0039544502270785495 0.04850260967479356 0.06240862285067218 0.055054273518101784 0.03050719513199395 0.018399562892485427 0.017255577955129418 0.012154431265811439 0.0704644324413711
35 0.030836074290129405 0.008653043577713607 0.0710848913966468 0.013305387095361334 0.0426796811361 0.05631355701124673 0.034895830118822246 0.057605085165647746 0.02182547966409433 0.01764093118674922 0.06776437361922118 0.06622952745237595 0.03933792464091511 0.010086181478226857 0.11587684247671075 0.06760307944172805 0.04787183911476544 0.11620503134581213 0.09467748300587187 0.01950775678186148
36 0.08818944653478102 0.06623792740538396 0.04457411689085087 0.08467596022923206 9.220847357269387e-05 0.046102557265062474 0.02004767207015762 0.0867342461918094 0.04149592988014743 0.01334207402647563 0.04096811277503385 0.051980538539201225 0.04817109065078627 0.005591449213828643 0.08504234380761391 0.0954053672839095 0.016969651681989124 0.06374384188725088 0.08425170031450963 0.016383764878403737
37 0.09780454126754752 0.10281014358449547 0.09687349618423562 0.1041271779687653 0.0016099705390744978 0.023146336700793857 0.030951095053719794 0.013005384777334839 0.09486479918834269 0.030022737749846783 0.06203910274121541 0.04315122453572029 0.045494853022132874 0.04303568508536485 0.07006411110299325 0.020230018928435477 0.014993743452567891 0.0021073921212722627 0.1004000364619847 0.003268149534156622
38 0.05620283884666169 0.019088202301827895 0.09329024620639914 0.0066375819058413455 0.06777829004394421 0.05237698550335724 0.08882460204079964 0.06958961244523286 0.049127659903670295 0.04072013359751858 0.03565325568248329 0.07373541995494903 0.031433463705507154 0.050243672252333275 0.08074312449090922 0.008139644389952738 0.06071417891921243 0.04134299978506305 0.04998105514994962 0.02437703287438763
39 0.030937526096831494 0.03572489318650952 0.043921097558666126 0.07887011359515972 0.019861023448815834 0.014847335582250525 0.0902731567252673 0.07965798414946652 0.009717639258660678 0.004652929216822565 0.031618974769582454 0.05678711854857568 0.07682020278515964 0.06768631614969273 0.08157596775084627 0.06165359101324075 0.024360211047503005 0.07480194567544358 0.029746032366341574 0.08648594107516407
40 0.10714794302596085 0.014892991290543006 0.029515122523912245 0.08486211737258792 0.10255988659632752 0.009637211818960177 0.0865052753110487 0.08603077932219566 0.024541829278904522 0.03566986046499814 0.036942345429416865 0.017011558845243097 0.0006224928358461292 0.007715743420780649 0.07710661215268957 0.027011606857052246 0.07087377037463055 0.060150276316322505 0.08133833221910824 0.03986424454347133
41 0.03007510489983056 0.023032296256903683 0.05046882135095845 0.07548721314011851 0.08372036318696728 0.07010883568655239 0.057351638861319755 0.08311734723721939 0.004665508078387725 0.03557628559033845 0.08507731439314069 0.050346720721998035 0.027526444068285853 0.026954944356209633 0.003997632363264628 0.08300039508986617 0.03116632813081916 0.03804681267311304 0.0849769296856708 0.05530306422903573
42 0.015094903038793819 0.025367896930168835 0.049830931436531806 0.03461792837358107 0.06552831166185366 0.062350687810465634 0.07642822994303863 0.07160562353897076 0.04758465545323758 0.012604470749547663 0.06961368951255363 0.07765119524698026 0.04570602600810654 0.06027349160379097 0.05562997883180562 0.012335425140429648 0.07266578337648616 0.06324916356939848 0.0451376144529968 0.03672399332126236
43 0.09370181362409967 0.08680702251818859 0.018858346388088226 0.08451317085229947 0.028679267139721236 0.00454652722562872 0.07078998048762782 0.035773537239906145 0.02986456042427587 0.06641699575093157 0.04967327652471721 0.011761858275086239 0.04673491415928282 0.0685873423122036 0.08151334832178944 0.01962321765997809 0.08020344569377705 0.03473749643736281 0.07570684151456901 0.011507037450466419
44 0.07079123490312376 0.07315596336007445 0.0722116262158658 0.09620548753003974 0.025587466113212446 0.07326289086191559 0.043001424840680584 0.05898136205380304 0.019998475443521263 0.02141308628649858 0.05403545297719761 0.006154798136436457 0.053692804339518244 0.05516334464159941 0.054297835347260244 0.0008301045838315117 0.058326129891429636 0.060877633337676644 0.06464288226613539 0.03736999687017946
45 0.0070003940315406885 0.0741677076430709 0.051783600337185216 0.040170746402757765 0.08358276467280844 0.025890784625843 0.022766283223995754 0.06984051912573791 0.026193212187239096 0.03553941995408998 0.007798799989167353 0.020076204782031745 0.09005740420651492 0.03826278011526998 0.0695906315138133 0.024416714453960126 0.06568265407059316 0.07587490482496204 0.049123969906886736 0.1221805039325317
46 0.08036437757827526 0.014899165890349017 0.08243231762935663 0.035634210144211816 0.05507566853813515 0.020512147149186977 0.0530698895989024 0.04808281262699254 0.082432699866419 0.05180158865066202 0.025442354818610267 0.04432585204037475 0.05727134138329101 0.08878620219401388 0.054568135029083496 0.0768408034624899 0.028084093555137732 0.027187651908935174 0.03801823864482881 0.03517044929074408
47 0.06596348580776355 0.037628042147841934 0.07643706482992393 0.08334691203800207 0.009430545331436807 0.04283456559227524 0.08043277605829928 0.010409807748695125 0.00040803319323300677 0.0792004171325333 0.05419913110369407 0.050202860249695544 0.04178869820974397 0.033715558504076946 0.0015583739306550962 0.03095506098716158 0.08728419493225915 0.0699593954984404 0.0700882262637814 0.07415685044048752
48 0.04987178765909989 0.03336473832136376 0.02419980609270306 0.061000672381258295 0.06033052366494272 0.07405492536806124 0.04194360658570182 0.028748367365426672 0.0597671351837715 0.041781518436291055 0.07238404008183699 0.0021271231271473264 0.06429989867912778 0.042126872501494834 0.07187054475090213 0.03190735282736459 0.04323803379345824 0.06940413498785344 0.060549507275101194 0.06702941091709344
49 0.021356176751142552 0.040434923505200324 0.04474581467261134 0.05890311089656533 0.07854426445892124 0.09400859125222708 0.0011913285322550557 0.0969311324987502 0.01878010053520239 0.07968438250561671 0.05971481492384166 0.04138903243179001 0.04863927068265972 0.06148171379290448 0.02736826476754984 0.03766561017521388 0.028290184991241595 0.09616556119809068 0.05832044287851585 0.006385278549699889
50 0.0951978527336344 0.002963301561470289 0.047081688193371295 0.08346602016502655 0.024688164882847946 0.055629929409878806 0.03005827042269144 0.0627253958865204 0.0064559189973067204 0.03826901936705006 0.06191905838907208 0.009598001811597043 0.09502861998720927 0.039841395291387166 0.08332592122208446 0.0781612832641592 0.09545447689500366 0.06334044171538028 0.011296200023817465 0.015499039780491481
51 0.05443589531685508 0.03525991802466062 0.07151988506887007 0.07023053604795355 0.044882313442374464 0.07429743020447818 0.02276715200391899 0.07102553299434904 0.02472311799392019 0.08897372338270398 0.07213602812749062 0.0018260846466072295 0.09103626688178659 0.03945418846869026 0.015213285287041653 0.005890419546625566 0.08256015683811908 0.015338710687040262 0.07555708549980186 0.042872269536712825
52 0.02759821231541825 0.05048475597426167 0.00812400084443492 0.09761795772648096 0.08889496158956782 0.025910431890401008 0.05600319850248981 0.0163531229024071 0.022582128756496896 0.032905815481669334 0.083634959973133 0.04274937198069535 0.06089696056027689 0.029387352750832076 0.09892554006571297 0.014810917498062674 0.08724967766096753 0.0022667263668315948 0.08870994348825575 0.06489396367160429
53 0.01877554742272783 0.021194650995814895 0.01384039208488668 0.07778805506408923 0.017533630238736757 0.09653812835395786 0.0223534982017121 0.08398963293959032 0.06151100438064259 0.059874627144155826 0.08646934552879355 0.08018319446113373 0.0027062672801247706 0.042976532395679806 0.08493349224620331 0.01976549640310504 0.012811135663504435 0.048591003607711514 0.08248587635603372 0.06567848923139612
54 0.00592621749854289 0.12194513065284206 0.022923913949713357 0.0950247313317775 0.0861723119894858 0.03106579882809101 0.03177270588692374 0.033802520775792634 0.02641163041400545 0.05833371462466307 0.06800432558401662 0.11313869471702424 0.005495713751740838 0.0741208753366276 0.015421221513317844 0.017797613923558723 0.045766425887308754 0.041270534944229706 0.045130999250787895 0.0604749191395502
55 0.002476939245562743 0.045377840862961115 0.07992945684510307 0.059222928579237596 0.03348430044071478 0.027442758834858125 0.025036155562566716 0.09910840747425552 0.06696620380995047 0.08199748085074446 0.06549255575396397 0.1019485478426532 0.07615311784786949 0.02684049226081946 0.041512021245559264 0.01980889918287918 0.04306679687602103 0.011239460940891396 0.015851448545378368 0.07704418699800995
56 0.09480771863410323 0.054023779457745905 0.009516388662036118 0.09497001573183926 0.023128224241334074 0.020166799969566877 0.07491670930321077 0.08765996196477784 0.05375042425892563 0.04877854172810455 0.03101892033590524 0.06663476542084251 0.02539248961956761 0.03561356583241557 0.09048800175682417 0.003169829324195686 0.019156169058216512 0.06588282731925847 0.09298843292902215 0.007936434452107665
57 0.07595594776801359 0.007419462592097181 0.09672076596725722 0.090397711042893 0.024750504204559303 0.07602180527821717 0.0278737120868241 0.004584233988634642 0.06902536502756292 0.009046286391967645 0.08910623195790683 0.09416361570444427 0.06941466450601165 0.012644360955728717 0.033644414751018197 0.03998594876750959 0.018050094539876185 0.07685857670591188 0.04679828919475429 0.037538008568811676
58 0.060819039687968764 0.08115298244403847 0.04743610326843283 0.0283446695150782 0.050745928492320756 0.05479138601863568 0.002274998518675543 0.05656788399428752 0.09535307267465525 0.06525517229050026 0.05930275967523937 0.06773987286588154 0.036311956726359354 0.04759674363990115 0.004898962176781995 0.0023356019406467325 0.07377502768848027 0.03596799130385703 0.09180272574326365 0.03752712133499543
59 0.04629441392715265 0.05592905314175492 0.0637922898174633 0.07559974436201647 0.06266937515564755 0.08125323521602201 0.009665223719607855 0.054640725157110034 0.006127036234736199 0.04666821047422453 0.06010906957769513 0.033389658342064435 0.06402058031342493 0.039328686522142706 0.07396763072036004 0.08279231180079186 0.04684647194008462 0.05981015680301145 0.036642394561270615 0.00045373221341885945
60 0.038264478579387924 0.08287317334994578 0.06300568032708641 0.06106345639281917 0.08761731500785304 0.04689688157693282 0.050577766632790226 0.008085059507598883 0.021207111544341833 0.06836775326876386 0.01600477234310746 0.08090050853949632 0.06111686820018338 0.07118291264993548 0.06412860943970843 0.0027372771265628294 0.009609897453479186 0.07181434411342376 0.06939110155472977 0.025155032391853557
61 0.09583263220077577 0.06996323706090377 0.00904759856529204 0.10490115327598955 0.050027738940840845 0.046171589374678676 0.08001800178695996 0.03157488028166553 0.00019649808795672212 0.027215468866239722 0.08888988723274811 0.010905762637264638 0.03805088161607166 0.07349207690769649 0.037490833674483894 0.008266589179060799 0.0688794631232275 0.06126678929440164 0.05424413994602535 0.043564777947717286
62 0.0026315870531217495 0.042588174010399986 0.06464145123815035 0.07319636171548492 0.08316834347498743 0.01144412007629196 0.013774763066189568 0.018180003697805175 0.050735046597289696 0.0771317928217002 0.016021173373255072 0.09167429061724958 0.04890399149593885 0.09275265400151911 0.03616278293867876 0.09243198066572778 0.03851196029436477 0.03969763263314628 0.06656811934679505 0.03978377088190367
63 0.0024478690569229894 0.023956516454806443 0.03586873358023791 0.006820851755008459 0.033863701626429196 0.07810610427058028 0.02154935104682855 0.056666606749867864 0.021171078057970832 0.10488660732140902 0.030439201941115535 0.023158295281581757 0.0199525346592264 0.12441750436914023 0.07546519401111532 0.06931182562294828 0.1076571865789594 0.03190305256888403 0.11377001479368327 0.018587770253284203
64 0.06789222271695859 0.005192160173146413 0.06417433650705133 0.046745346813500656 0.05581903487840617 0.09671926897795119 0.05482872181813074 0.08389168794945343 0.0682077189504566 0.06772865191127594 0.10123324244642702 0.007160228198218572 0.014299511149297619 0.00029627930773185 0.05309338390348616 0.018462710451494974 0.032171500941117225 0.01916941919165975 0.10863532354647494 0.03427925016776046
65 0.10354469581433387 0.07472310258744971 0.0809455543541827 0.0795715354435239 0.028011263010262282 0.1024677082493376 0.03489914085119684 0.06563007843472358 0.05777025986952142 0.023063665669727517 0.03647939525603209 0.04140103782280832 0.00530578751052024 0.016945887524758514 0.02895194169732071 0.010911493785974646 0.056391685159237086 0.048308144096205576 0.09455224142899224 0.01012538143389142
66 0.04191509775927768 0.09815726585751457 0.0058711043167075675 0.041682000726830724 0.01763292803410317 0.07150452845975812 0.05745709526741572 0.025270782181835302 0.05623541256766115 0.1086017667295623 0.056485965401514016 0.01459492748008893 0.039524736089852026 0.03446831032631554 0.0197392214452198 0.04155652118280155 0.05428847958534861 0.054084496228328074 0.07183750943280975 0.08909185092705516
67 0.0714356544958397 0.08560937695595743 7.0117448726390434e-06 0.05529748047128071 0.00423741252697409 0.07972852604868591 0.06290350932764804 0.05824655990160562 0.1018571944856499 0.020323635719804382 0.03973747790150497 0.03454044540327593 0.06672858375077674 0.07540963538200632 0.048915651348279465 0.02549697763831255 0.06704087327479044 0.022537526179664348 0.015714657474587047 0.06423180996848367
68 0.09434421605729783 0.09579469072405988 0.051822518938902155 0.007900058206854639 0.04999746360277787 0.01996180098663402 0.09594815639972223 0.026859508604006578 0.04193175877556424 0.06725851356841207 0.05146186555666532 0.0008850174874832199 0.08714886013993613 0.009134548784226296 0.031086012364357395 0.07497180068025411 0.05520431766582931 0.002524444262570213 0.037608140556886716 0.09815630663755986
69 0.05718591555690303 0.060821696783347694 0.07211235546804493 0.06850402978479046 0.025670051101975764 0.056096199719935354 0.045135271462404404 0.06172658142355333 0.040966967457552024 0.0705769988006871 0.05573280735090632 0.04183957438369907 0.06300745976010586 0.02364581822364148 0.06823117489078298 0.03702641075050578 0.005805274405162659 0.02863439054695814 0.04317283346278175 0.0741081886662621
70 0.08346830025550565 0.03508686437526345 0.0439422411143143 0.005308366097748497 0.0701860119703911 0.054624382463903574 0.057237899241591055 0.10408363081594406 0.036639094477962306 0.020517386658389453 0.009212139165458953 0.0846530674014376 0.056404408469964716 0.1010950291247243 0.03268987689643342 0.057526993325508646 0.005357088534124212 0.07845379156380226 0.03863633729002825 0.0248770907575041
71 0.08856928548694334 0.057640432377346285 0.05033462779544329 0.004886864373227187 0.03521140380140187 0.08900141592563157 0.06908717944362838 0.002178983461055582 0.016577827499011814 0.03600617589901794 0.08222310977493393 0.029399183043964047 0.0421909064088052 0.09547493008727788 0.04307800513359991 0.05601326194165139 0.008574096596021161 0.08657502317400195 0.08403562193175687 0.022941665845280387
72 0.05839543677200293 0.08871465036283753 0.052394196554423525 0.01605241683859041 0.025880724026085336 0.12555016598847848 0.024978026868581454 0.0237590084630245 0.014050825660031591 0.12128694372514395 0.063614569913244 0.03475714595601668 0.04026892596322164 0.022325776545081277 0.0708071825485716 0.058286984188784544 0.07362125154804684 0.005361977289232015 0.0062076431305588126 0.07368614765804277
73 0.004387150903343393 0.05120097547513238 0.0537330849177554 0.07741513087578697 0.05468187931081769 0.0579684912518308 0.044524125470937675 0.016995046001684395 0.03538711517800502 0.06926379001069177 0.04553455362398813 0.05263933355516016 0.05994538534749036 0.020575183368387456 0.04095169156459955 0.06384831266948542 0.07153691687183582 0.06383871255616519 0.050230116112371735 0.06534300493453085
74 0.06265442732100458 0.05999148249251062 0.08993212411640931 0.008011734219445692 0.0928066484070966 0.006284516019976774 0.02526145378546514 0.006825257279201839 0.059048455674697194 0.035275302183678796 0.07784205955796535 0.08789842144567046 0.0615705883142547 0.022080029623137137 0.08140128049605538 0.07091384894513145 0.07029892191140666 0.032086486020858646 0.03481102096483125 0.015005941221202546
75 0.05272363103346924 0.00023451697233495863 0.054213891325539214 0.06306283359917939 0.08186652786767719 0.06235827263166927 0.05934980431534646 0.0823120451912506 0.04507391828964854 0.013633255296169136 0.007140083494709865 0.0880455938820214 0.07516153520079548 0.02094887105187039 0.04786123803910994 0.0560117857717534 0.02822277647663229 0.030550205626686377 0.10030528158927687 0.030923932344859937
76 0.05324846535540618 0.05935677621042146 0.03896636877046504 0.04906592960010136 0.01754122132781184 0.0695765202664178 0.09560735855209157 0.007488532311305901 0.06368176792300224 0.059298405008256776 0.05472017228639505 0.028801529806125038 0.0735338031530947 0.06785357123635402 0.03797011385960709 0.07454216634731024 0.025270279754903677 0.007859229024672237 0.052491208602503676 0.06312658060375388
77 0.016370184069049224 0.1006512276064449 0.0523805060956033 0.05535794913335069 0.07622468121530503 0.028110713965751336 0.11189616572217449 0.04442902463223805 0.05806248181707125 0.002964474358649117 0.018420962160965348 0.05604532340802278 0.032467705965238035 0.0717041750049421 0.037056240575766945 0.007046816481961852 0.09219984935769576 0.029124551458508122 0.0952540016909701 0.014232965280291445
78 0.03803414536774901 0.04385313881892766 0.08417319470559434 0.020300849155946616 0.03491524697770051 0.05242860667747078 0.07356937074316655 0.021772764201273675 0.07965214924013085 0.060170807171203246 0.06430830657014218 0.010214895241373529 0.07680904149626491 0.0038796328522584795 0.04507074305515357 0.052580318330018284 0.06033553590846381 0.07793283220428372 0.05554838465270195 0.04445003663017645
79 0.05833483221912911 0.08755758684608846 0.008508278412173794 0.08054370103921533 0.03394493455405792 0.08157754596683112 0.054538691931926064 0.021598233313813744 0.038836580132717416 0.033949818408576936 0.08113229069243284 0.012731472126135068 0.05739557304083162 0.07884519255699202 0.039230779355025204 0.06902251228728871 0.06626418971460951 0.04374253039395272 0.027551493990592108 0.024693763017610365
80 0.01667875829547867 0.01603145243384327 0.07627174559119893 0.05135561627776619 0.021633713466828887 0.04266418692705099 0.06272079057262392 0.08799513163528065 0.08895629809750882 0.08594247956576187 0.06237796572626303 0.039241517076178165 0.05391465688504219 0.09680940540578074 0.05390336506613468 0.042455384125111496 0.014890763046779939 0.03099577758080318 0.01743370145170728 0.037727290772857094
81 0.02606056250803612 0.033343303778344026 0.03983393616231765 0.06964628274088651 0.048775957412078505 0.02462587390984946 0.08112783849614143 0.06651735131787095 0.06431378350854859 0.017899743445403987 0.06429542479607703 0.03441338853072539 0.03177289097771697 0.053087545676426595 0.018876778446906814 0.0786044071377088 0.09038763219941211 0.05040247109539221 0.05420755286619864 0.051807274993958256
82 0.11627955869554658 0.05168649799893079 0.024918005274903385 0.020457612087543743 0.08906778426700986 0.0578746655039898 0.005328001890011612 0.05293702515188686 0.06350076124992833 0.08630135710900258 0.07335377243235433 0.010784986886275529 0.022403062442377216 0.06792437402736537 0.01132864881868956 0.11233184600435489 0.015039484665996104 0.002769499466185546 0.11123345428654607 0.0044796017411018844
83 0.07888023536831001 0.06044468222250641 0.05626358382068476 0.02364748705116138 0.013015926277394676 0.02538392521212331 0.004743999492078503 0.10202917788789577 0.04709564751988926 0.07973861469292752 0.09692778430400283 0.03978141105257599 0.023788667423241892 0.017350206258482923 0.00235542184047569 0.12003106847335775 0.021636121422350826 0.017558845210281317 0.05078420488830358 0.11854298958195558
84 0.08548014408841034 0.06405391595204145 0.022268766372949826 0.06538172934395241 0.05711961463846406 0.025267752157679062 0.06243358592591821 0.03694120651788994 0.002843643428760215 0.10859651377679547 0.046333986767630474 0.0421331946384966 0.025777647619139636 0.03937800645643551 0.09297683175758821 0.034522339178331335 0.008843426983631098 0.041032555942013 0.06328296043967441 0.07533217801419866
85 0.05359647290216668 0.050310324731332595 0.031861238542040385 0.049305538976708994 0.03871176214405511 0.08911349149027327 0.06601684787563378 0.00291910000910297 0.06002474757730281 0.055474779886036045 0.07017689744783656 0.02118893991905412 0.08856698923561611 0.006339876864424688 0.03730209511843054 0.0061944134747648795 0.05042961125411377 0.0778603289077034 0.08122913129484466 0.06337741234855877
86 0.02384900718367092 0.05995295800315493 0.08041768930029332 0.07953395446373542 0.0024415750831976142 0.08880763189143265 0.016427056592554133 0.013848006303017267 0.023330752667599965 0.07083375015528864 0.08149343206094815 0.005741580608042971 0.0672936810166959 0.0012857064197447166 0.0590432071864445 0.06720237299081802 0.08888800253195583 0.11156060105299344 0.048038941932673634 0.010010092555737938
87 0.08954890136968444 0.007390020683003304 0.06207312892703242 0.022540525613247635 0.08252667474660126 0.04191700058512038 0.009360768113951414 0.03889986161432798 0.06816669536686815 0.061729562507381625 0.07352881614699115 0.08597419618294397 0.0637548916962291 0.009708602324135746 0.002786485872724762 0.07125187662013713 0.07734584885452785 0.06615640423505398 0.06371150814544616 0.001628230394591491
88 0.018612651584888607 0.03392490422976556 0.03754062282920957 0.04402553193968883 0.084030398541766 0.03253609216919146 0.07270875451243335 0.07907074187227614 0.02345225889518508 0.0702928121161784 0.08413838840551736 0.025956135325403376 0.0027598773344973946 0.03711621408162488 0.00137406918639647 0.032253111940915895 0.09419474236344205 0.054926039399145324 0.08600005433057512 0.08508659894189924
89 0.05991678695918025 0.058399314884548234 0.053022986647406824 0.07641890085751218 0.03698356535006657 0.03201552808316947 0.01569554594517757 0.04870117607900939 0.07515268994678816 0.027451593513734 0.0037148859370910153 0.07905497558189228 0.06794803988395459 0.04499208037172643 0.05749793132547525 0.09518537222748286 0.07178266883439426 0.0761836648253821 0.007083488498138905 0.012798804247869753
90 0.038635966047361144 0.09134182283601097 0.048615407939556037 0.08892842813711645 0.07269034654018705 0.03288769601948292 0.030560239244726083 0.05015988210298094 0.08664415475857366 0.09110176193708966 0.037489972310575326 0.009245984446406272 0.054910132525901524 0.02397718130396807 0.03735836816073473 0.02455858970461132 0.016374207541814075 0.020892528501921758 0.08757177058969391 0.05605555935128818
91 0.04944133902556504 0.023646107895809673 0.013276620035478057 0.05645091195585938 0.10369413271210662 0.0196215695863048 0.007727909907719571 0.03044848297502439 0.08042401020910538 0.10274174883616283 0.08814266573866698 0.017946027156956403 0.018258635521160478 0.016153871929241472 0.03638077805303275 0.10921339931960371 0.03174889822149918 0.05259814635242456 0.09847003425679003 0.04361471031148875
92 0.09542127139176479 0.011131587952416195 0.051566937538792317 0.08247847816077748 0.04503906207270716 0.03667366247092969 0.07143135345195002 0.06580170485011735 0.004516593801497663 0.08243289195769746 0.006081688475793381 0.0694526008722795 0.01735598971861923 0.02481759573950293 0.003850702708182199 0.07061584438608916 0.03969642252899267 0.07195924022390902 0.05739947606889088 0.09227689562909086
93 0.0883373458455803 0.05762354370323646 0.027646383648467287 0.002448343660835837 0.05833743323363834 0.07752330770498755 0.04870354667917718 0.07372459665887232 0.08646206377627139 0.03126523127314292 0.07255623423987285 0.04569440460066592 0.03583889839382092 0.05943007322772811 0.054061091138363396 0.025883045903237634 0.09240982510025383 0.004246578745361039 0.04847153799813421 0.009336514468352472
94 0.09100189519503656 0.03294694937891101 0.0544295757269263 0.04701095447593602 0.038025862811455736 0.08583480683481613 0.013874977737585155 0.06438411453458362 0.007649181748648554 0.04839285983299439 0.051911345030404406 0.09475725712921329 0.07760464306108573 0.06807566647335232 0.016134636926421475 0.06346256232488871 0.09403228062973623 0.010443979265027022 0.024437734623702564 0.015588716259274757
95 0.012740178112705773 0.052950814894081086 0.04557137212629179 0.06860860519011414 0.09881639828992751 0.021672524065165448 0.11536436585952918 0.025541708233652198 0.005850097880357423 0.04908747818952721 0.031181905473043104 0.025874458514063163 0.03280382148927197 0.042974105992366105 0.02315718738578586 0.03869618046558382 0.08870336058967697 0.101714154215507 0.044828274422507364 0.07386300861084293
96 0.07421769608963746 0.08157402566566317 0.03412730749294718 0.0494599619878131 0.0902257303572791 0.06408575212521087 0.018904281150821333 0.027454764221065225 0.09217418768802965 0.09404011297581538 0.012541124665149448 0.034684859160952895 0.005875912219426413 0.008955968950034605 0.055077413995700646 0.007510727432463008 0.04125443054280764 0.0980213446306636 0.04500253590394105 0.06481186274457826
