0 0.0021355253990606206 0.0061040219113840475 0.04671674873159005 0.08967422685996189 0.060046277084777874 0.04127754346195547 0.005000944085671758 0.06563722305449712 0.09774863212412428 0.04660325599037881 0.006057977777719849 0.05483818970910818 0.04713231202358571 0.057543745375443996 0.08362658292962008 0.015432756618195641 0.01029432192828601 0.0838359366724138 0.07406271653369749 0.10623106172852742
1 0.03152878447505075 0.08230161437021494 0.10828032965392691 0.08009133702753511 0.010249866674120771 0.0002620205670422775 0.05306200636360677 0.06081255900745311 0.03663586168652548 0.027067598626479117 0.04343472459332557 0.014036052763368476 0.00241141455917604 0.0718047952411345 0.0959902615997746 0.029146243928263267 0.10817580319841073 0.0539294105705216 0.07878968736694847 0.011989627727121326
2 0.09577492906769637 0.05288556548212531 0.02847450121499543 0.09608111403006898 0.014634188427071693 0.08369883798683797 0.021877408043064192 0.01595821634448694 0.06224781610372376 0.07126168246404116 0.05417949235286745 0.05906342806095006 0.003072610244801156 0.08312333917380081 0.0928274499535141 0.005687895404446072 0.014921724243416387 0.04501798920530374 0.09035635699376715 0.0088554552030213
3 0.013733796588194479 0.0683145922762047 0.0025068590256874745 0.10276064675167079 0.014496182563510967 0.023301968054347134 0.02065683010920757 0.08210662030835249 0.08618389957293676 0.07033086909359736 0.011947621021637139 0.0610157760030867 0.0731476479709323 0.07077824319640505 0.013875632615607328 0.06284248732421485 0.03856786848211553 0.0363999049539261 0.044832896001313134 0.10219965808705206
4 0.07224267770681393 0.011753675182956006 0.062408791059414166 0.00035526352271764876 0.07539570365672485 0.018694520995310483 0.021355434292461634 0.054127349845279914 0.019008235176175912 0.0940897543702805 0.04997823002653857 0.07080172122470653 0.09280871116531687 0.0683220744963596 0.022403556213291508 0.00485811078608175 0.09451289515820167 0.013258994410984121 0.0557696352946776 0.09785466541570671
5 0.08506727201192842 0.06598046813535344 0.04913660919525654 0.04345779186398975 0.07435492374759975 0.04859374172436947 0.02093162793186749 0.07035103451696838 0.0670167598964904 0.07186322044359586 0.003424850138314304 0.07502609802102417 0.043789084348120406 0.0130929405035466 0.03208266092858311 0.08055894320555734 0.04777309014289276 0.023715233943088197 0.04954609916633774 0.03423755013511596
6 0.042813398475508586 0.013957448009050372 0.07369472382888571 0.06358508972554336 0.10316219260946947 0.04116050129187917 0.03599136950785008 0.01253015517563896 0.04374888968752281 0.06712937039029707 0.019236252028294838 0.019023721797786185 0.09609433037134728 0.014829199804283029 0.09369617642462 0.0818088395628439 0.0322096899311114 0.05416151218634995 0.03552610265617672 0.05564103653554123
7 0.04676015990489993 0.07603367463630363 0.09350322805770234 0.0857674315033538 0.046435510858391364 0.09897557808478723 0.025842098412848298 0.027409479718249807 0.0022212757130287714 0.08340435489429752 0.04760856418152191 0.05627345050139615 0.0377229461828865 0.005022295587429017 0.025443566945159556 0.062605792134499 0.05163680772427376 0.01826445789572744 0.0749360668269031 0.034133260236340855
8 0.010946608500736903 0.06648449276907355 0.06717676789614623 0.06924924820300926 0.04626615602283452 0.05071127697404675 0.05828019425153455 0.05106281472880907 0.08073310787289048 0.020196123920982793 0.007705723685916466 0.059417957148821886 0.058657417134674976 0.08025108657515238 0.001030663066190192 0.018864141754699016 0.059996888005584254 0.0676633995448174 0.07395319610007117 0.0513527358440082
9 0.03741808003808574 0.05749404011441215 0.0030867728199034743 0.0037006662586327363 0.0823994365322922 0.026944031377384284 0.1285898996346794 0.013487042966829598 0.01844492540235219 0.024002256667585126 0.04941172973737137 0.11165783366946933 0.03433597229947089 0.05172624986768514 0.005060883312766994 0.09110945229925506 0.08926515503369684 0.048680046719535755 0.0707254656231533 0.05246005962543842
10 0.027038528620866215 0.0824872214244769 0.04037623699420332 0.04305213964079435 0.03724416659543233 0.04913376142603986 0.04864364218800982 0.02022261763673213 0.08713315240816384 0.06264393592355923 0.010001293330774019 0.05621135423953997 0.09040424499615343 0.0919063548746309 0.010201256886978748 0.040091667772273375 0.09305198503292451 0.06069943500623998 0.035702788779290215 0.013754216222916704
11 0.02095452725452345 0.08632600125087769 0.07282148211608074 0.07011330468564135 0.07463473157702653 0.037618086864180264 0.06069950150811676 0.07471245716659479 0.07333466915842915 0.0944596433390183 0.03183180485394191 0.013940725957298915 0.040321869859501716 0.0018438322099134867 0.007481536100922545 0.06668278380998148 0.0531836891194411 0.04871894496964919 0.007931486673171438 0.06238892152568924
12 0.031023589900156433 0.04791805114251832 0.07988173412326119 0.05329656052481975 0.03219851344184631 0.0171349119987632 0.07163358123165237 0.040857662642226754 0.01461188950981711 0.0582490914751284 0.0965300208585483 0.09044999136865253 0.055227699464716125 0.08296848535346019 0.05314017668791333 0.015613137334491545 0.04579002061849042 0.0705542317218132 0.041942278647194464 0.0009783719545299785
13 0.08194985752083205 0.04606280473127488 0.024945278092221197 0.08111673570380505 0.06505125964129184 0.07871454127294358 0.0626610593263562 0.07274038872454483 0.04140585593955543 0.07121896780368839 0.019762628010915044 0.012876634532993684 0.05193467275037757 0.00023127506449610664 0.0806392029736443 0.04983941584834215 0.021950831282443715 0.008456490328928713 0.06573954727311279 0.06270255317823253
14 0.013563011665320361 0.06523057627722044 0.03250147589330598 0.03644539651721257 0.037021533015037016 0.08064571694854945 0.03156246123938994 0.009549508066174241 0.04652267733229175 0.09704595941677359 0.09583295330545549 0.0690011940648806 0.023570298657107795 0.04563867840894681 0.05264754812224506 0.08261702340495637 0.08200246555194046 0.019012810030958737 0.07153205526348311 0.008056656818750467
15 0.08077693718361807 0.0017407752269637806 0.05786568358353654 0.0627687260491983 0.03150732902571748 0.06197938378142722 0.06020919311208506 0.01944895939274506 0.03711123364879522 0.0435969157807386 0.0669151228104292 0.045965986625151674 0.007052913504001269 0.03348786260001638 0.05593309813267346 0.07347596094271248 0.056220040469861475 0.0740805830125389 0.058240608632236235 0.07162268648555352
16 0.022344191876982823 0.09367101126553855 0.029206013709087777 0.06320045452510974 0.0661571071098857 0.003350342840906672 0.06871509577801863 0.020391649403062234 0.1030056616141399 0.0914544223515146 0.09248583075543815 0.09751277977895015 0.01037188072306388 0.07262607158653359 0.10438195359943361 0.01942909424184449 0.009665670824235173 0.014872806794149956 0.00444232220570969 0.012715639016394784
17 0.003462269538202839 0.012433007366966741 0.07732724039426457 0.05468593019265845 0.04038964162910339 0.023716927924377837 0.07500050797554561 0.07086786055350253 0.0593208098040006 0.006868872383254969 0.06294362368249186 0.08274379915644124 0.03190519070192261 0.0931816583996892 0.01750867371127787 0.08991583480306387 0.05472214279523008 0.08204307258963263 0.009603077306453177 0.051359859091919854
18 0.014199137470623052 0.0786512906585911 0.054620449593286095 0.02747607777967581 0.06026757423075285 0.028908645988780072 0.08661482377863049 0.08862466985007501 0.02604199243943574 0.06127517445468541 0.019664788126827152 0.019670799960750298 0.058832543452508074 0.08809021480165276 0.0826212303793442 0.06510832743950909 0.04821380759284564 0.03305843705569061 0.011260852806653659 0.046799162139682896
19 0.05415846808264157 0.031166516759719213 0.008317851761589652 0.045403722757311894 0.026007769461617827 0.11142628832890701 0.03239373116676128 0.1089263187147669 0.07185181471658568 0.017271953426766625 0.08940468655578362 0.008406538589360604 0.07594487660648695 0.036784308307912836 0.021662442445801264 0.09643044194780652 0.002682149624204405 0.1116748213211894 0.03917309627074386 0.010912203154042904
20 0.03099071161318763 0.05400517390667657 0.09464274283548758 0.011023351080270253 0.015654039883669823 0.0283640939131886 0.020852067851668474 0.04438870488907837 0.04484043617376294 0.026085867064518986 0.08168009972368133 0.057302782920343 0.08092070027136165 0.04373615642143699 0.06100500711551224 0.04070170858062491 0.0769101003045901 0.0586958659291772 0.07907375172068686 0.04912663780107631
21 0.06286675937306038 0.018995469235769127 0.09582481980302925 0.0716144101045613 0.0563058581316622 0.05647993198785738 0.0941739859270781 0.03456685443195619 0.022275341752493592 0.07337407777239675 0.030675497909491832 0.0965356339689497 0.0858440017959373 0.039099862629356316 0.00241776031251698 0.05522569998500941 0.02379610156565357 0.0032209625786607326 0.007716361851261058 0.06899060888329879
22 0.08223272306394609 0.06610620453687127 0.05115832282121077 0.0017138165559787612 0.05233616919931274 0.07457013820430014 0.09284231084384331 0.05428149373646433 0.044420296352364205 0.01747122835735278 0.03738184834163708 0.08836959122972371 0.06765426765873893 0.03541435346191797 0.019183396831319807 0.04876019783222597 0.030664036231993378 0.012347194819042175 0.041446426436605135 0.08164598348515137
23 0.05563511253467889 0.01678534447859578 0.04277872068560401 0.050238568985522425 0.08302697072039364 0.01190295008717336 0.043040579718528045 0.06600594299727595 0.061868716269033855 0.08378522793917019 0.08642537198730417 0.02195349989335444 0.04080941411977684 0.05521396113098387 0.06865226474603392 0.030443862270186955 0.04430478766527749 0.03227663006844698 0.019922124999300305 0.08492994870335896
24 0.08795846194812072 0.00400829766532217 0.06743423098656945 0.008867879936778482 0.053736671504419194 0.07289427244593114 0.06976700529160225 0.035899016408248885 0.005648149994316349 0.06768360416715204 0.0820889157035053 0.05133497910401546 0.05902118607642045 0.007236008652460794 0.012201107776333955 0.05236274765838617 0.09109189150270317 0.00868798761651375 0.06276255168962933 0.09931503387157106
25 0.003940559074033293 0.015118342613458497 0.004653124677300214 0.014727133048363475 0.0026576358232737796 0.05998530442654011 0.042115492381657474 0.0014972149752478963 0.0413651081756064 0.12109766811416553 0.07818206916374792 0.11672098785222206 0.040430381852935786 0.044377757155142784 0.007013581639313518 0.11741276093601265 0.058022173777838165 0.0497642205762096 0.09784064994973972 0.0830778337871911
26 0.03999534458358095 0.013100976081075246 0.10417504505586724 0.09399288760728738 0.04834464267691567 0.02968771154077768 0.09690995121323992 0.007288026040774758 0.0275598709318702 0.04870734286486923 0.08424374592597406 0.08175172247052831 0.10039466977295726 0.00409499880838158 0.034622532543656624 0.07884195730601543 0.034803777937223335 0.03185428062197224 0.007633316212474491 0.031997199804558375
27 0.05149930630241039 0.005578778634735483 0.016624355861399275 0.07477552997503213 0.006118268252876482 0.06856133483156615 0.055997069904960624 0.05891654267158212 0.09311774092760441 0.06117277569407086 0.08921995223937791 0.07053110480692937 0.06258943360224044 0.056241940173531034 0.09094035287155483 0.05940046715914061 0.0022220911571253655 0.025675675583580165 0.01634484040357064 0.03447243894671163
28 0.07740601764710715 0.04096580074606582 0.04791851754713823 0.08783518759047303 0.019477170026950822 0.05932922727215949 0.07549919554082074 0.07642801603281728 0.03450506335231021 0.01760887914878927 0.05774101684018805 0.021713851159774138 0.03552652438386757 0.05854478352355022 0.04252370670809671 0.017455419011147423 0.08972387993139835 0.05728635357763804 0.029102912371695475 0.053408477588011954
29 0.03369756700383854 0.03712632275430745 0.10837389511780013 0.08635787763942808 0.021455178486931778 0.007659204004721204 0.031084241444913847 0.021802796048559288 0.02351266208654206 0.03870871314694026 0.08450571437619718 0.04699973290387758 0.033627873247425374 0.060180383133092506 0.05965731541989541 0.04907879455045859 0.0018331322263599522 0.11177262919267612 0.05736759755722988 0.08519836965880481
30 0.006539802941426382 0.057847142371797146 0.04236556547040112 0.06811405474474783 0.07812133306757141 0.05507549749765607 0.06370600985813632 0.027699872287466308 0.05377401191052741 0.08087957839029772 0.0693906550210281 0.05961159063759629 0.0019187068953080812 0.032533622414408866 0.02925160682726518 0.06481088149058058 0.041605312821423 0.07041255830065389 0.020179603007146114 0.07616259404456228
31 0.01935520051857889 0.019099922944478005 0.06401785069369623 0.020941077018501546 0.02520269479232749 0.0825594497761705 0.09621447023104776 0.09860063713156686 0.06208017427729469 0.019459054061108563 0.00537199731726845 0.045835356143811505 0.09049308509401133 0.05777425520119812 0.06251935348851305 0.06584934284550308 0.0005964727371351444 0.07068632287407914 0.07688244245087772 0.016460840402831984
32 0.08302949311082602 0.060426309867539385 0.007525994017297661 0.04840906454106766 0.05891814912783608 0.07852513081260916 0.037217547575200766 0.06616601991958175 0.027618232174548705 0.06464562155793198 0.02405759100229184 0.03726794353778827 0.08498661535267561 0.056352077720882826 0.041102781801713034 0.051299526124802215 0.0005201812149099448 0.06068361417713126 0.03791323067613398 0.0733348756872319
33 0.028925155532508236 0.046307636335485854 0.03006344073923004 0.0067050720278170215 0.0580347147464638 0.03433933204219042 0.08441896311111265 0.1068817122778905 0.029166031808188515 0.05419977642493285 0.0039866155207200485 0.05831653724009308 0.022671165977533252 0.006973078747113869 0.05603270048048784 0.10728929920220281 0.08640651888722857 0.055189755045984355 0.05583193089550821 0.06826056295730781
34 0.053184666247832635 0.06115943198011117 0.024684229891544895 0.07384110225525728 0.01860400563599609 0.012454445963065504 0.023548651673027287 0.07432830226370477 0.0073557303055928 0.035838460529286395 0.06494397466692539 0.10137897461818787 0.0012364604037208493 0.07874811008413321 0.027558958938869185 0.02638688401464945 0.05252818842581947 0.11271749927020931 0.10930779651621561 0.04019412631585092
35 0.08213057238116138 0.04055262327537523 0.04009423675699595 0.042429733846015026 0.08917928645263035 0.07692249715675988 0.012210528918766011 0.04414078029137681 0.05564760864625847 0.022036935236536992 0.05101501387123112 0.0026281248368979515 0.05437890322693251 0.05874652240093015 0.0036414325017522222 0.052480232401652345 0.018552617388048195 0.07960132988654471 0.0887469780745722 0.0848640424495624
36 0.004998564512014216 0.07144416735308944 0.07190567854936931 0.06262240696366304 0.05350835810905856 0.055768975394605 0.051931315672830394 0.06865016882320213 0.07016548336572984 0.05598383579445999 0.06614246412234291 0.07184940182433594 0.053726189264082715 5.943442437119207e-05 0.061200876461774655 0.01203854465503768 0.03753968629163835 0.02198074428794715 0.07348960519248436 0.034994098937963035
37 0.08626169659488726 0.06264792948298985 0.07619027162947821 0.03894043155664742 0.05882732720568745 0.05736371881365658 0.014104533659949238 0.050033895808701885 0.06740730764383397 0.027851326472650383 0.0815363519718232 0.042279559357649155 0.016472531741210193 0.08095581986267444 0.04095222744190758 0.010413014188679045 0.015216254730846158 0.04383469401468888 0.058323194095812964 0.07038791372622616
38 0.0690687364439983 0.056685286247333565 0.006297499856035153 0.06196842257467572 0.012562142497120973 0.030580176504699783 0.01358131490996184 0.07302138935601514 0.07748870701948167 0.00894470231677759 0.04028304171272326 0.06200684603960556 0.06882397181916747 0.04775750637489364 0.04007808676111032 0.06862090845523124 0.015858342211444422 0.06736776263845033 0.09616556105121378 0.08283959521006029
39 0.0659711638596671 0.08629732378517917 0.05325596420007589 0.03821086966109188 0.034221909700398595 0.07060681239103941 0.06380996076877171 0.02801950579550121 0.09074375425262886 0.008684030591316904 0.07406537214997638 0.05066021133224379 0.06284069023764745 0.039922784207911566 0.05629935680116812 0.028280497105834607 0.01824038918678321 0.02235261780270683 0.08738444097902417 0.02013234519103339
40 0.05454744627361355 0.027861043190670422 0.09476540556874126 0.020332339046946944 0.05979198011293265 0.08090575047101332 0.10034050659470237 0.023108771770217 0.04831941526834484 0.07673567449521078 0.07034244749440208 0.045024460162257286 0.01703984433973539 0.06855047245040466 0.009567365884650958 0.08342703141983711 0.0591886168392687 0.012312785972016847 0.036001490447320594 0.011837152197713257
41 0.03413037576573582 0.05857320928979191 0.05934878074654856 0.02013008669987647 0.06104007518293362 0.03749425915598139 0.07536611860212675 0.051094811570707825 0.05470143937960954 0.043480096179745555 0.037565462776140264 0.008747647771007278 0.07744348602917907 0.06338330797354257 0.06559909688263667 0.007654773985061505 0.03329031966745746 0.06397539667007474 0.07763168803318513 0.0693495676386577
42 0.08474331260256636 0.01292791089045443 0.0854408979914779 0.0678664209844324 0.06935337691716578 0.0023219249968182815 0.06390733674485843 0.07026717968916761 0.022326825315540602 0.021783999756637817 0.025334816180782947 0.07078612617110921 0.04747231882635296 0.04278267758136326 0.031523499465969135 0.07865841096565289 0.015032126833195205 0.08330051774548816 0.07682519600235044 0.027345124338616224
43 0.02609903064969203 0.07687468117022532 0.016353704431496103 0.06216074479855789 0.014355481299114202 0.04700586623743621 0.05110777483836255 0.0067876108613157396 0.07327751144358001 0.061204335741315036 0.032932171744114 0.04277069082023585 0.07887598853302313 0.06185450010697533 0.04707182951908417 0.06478436986816125 0.03173119183322103 0.06328791652626277 0.0787143776360362 0.06275022194179107
44 0.0622585565508851 0.07397215454365753 0.004678509697662951 0.06608845852202107 0.06530988064550958 0.01914297732724827 0.030340924879041636 0.07444277341907453 0.09228567432539872 0.056233693813910704 0.040302441993039555 0.01670283740136124 0.06590626679245873 0.0661141617664637 0.09779032430261332 0.0294248657081796 0.04450557859290182 0.01638274791824303 0.02894134884011065 0.049175822960218336
45 0.08401546214130418 0.051223514602075505 0.005452197466272637 0.08826557903546514 0.0367830516772453 0.02833160849426009 0.016534624752121765 0.08488908706409193 0.08773122295983345 0.05875574396851122 0.08401863819603654 0.011372286642341415 0.03751058750190754 0.03818516668244545 0.058338574202360625 0.056484289063713146 0.04023519871456617 0.06485641730044348 0.011325664566727584 0.055691084968276953
46 0.025705055788138947 0.0805224979132818 0.07960602032608101 0.015933808279568355 0.08130063441994385 0.06707923506800487 0.07399104494908516 0.018176323423946664 0.010368507646393174 0.02458714392004747 0.0185792995294902 0.09803296998610836 0.0570847591599002 0.06443044836947656 0.07843304175992129 0.04373881852733967 0.00802555367657919 0.0015095569323747473 0.05158410745695816 0.10131117286736044
47 0.08650173223181089 0.07188527181104962 0.08682942445667328 0.05215938069905495 0.05118332548105609 0.04261937858037207 0.04231408035008097 0.010549847724748422 0.044145643846118895 0.032464684419800924 0.06354879970173301 0.052410024978164015 0.05445871811385478 0.08245315282392163 0.05419986208625069 0.06971177505531481 0.019323791072658997 0.010035898798140843 0.02634532967283945 0.04685987809635565
48 0.0020722932428025613 0.06419228695860622 0.031400724677594846 0.08287620646975216 0.009104956763142921 0.001782444059163454 0.07383734777364624 0.059619924550718476 0.06123974392422811 0.07390725585345126 0.0134138556930716 0.07660170688180984 0.06526476443070182 0.0264420432904062 0.052467436413534636 0.030681899585055895 0.025963817397830387 0.0824987453559569 0.0815218675009304 0.08511067917759604
49 0.0073202418705971585 0.06804184448738111 0.044270279237828 0.08104340936487066 0.015580870336204068 0.013317329573315925 0.003776149433038204 0.0046354257798619175 0.10050079376714996 0.0032388973004477566 0.11581373070132901 0.09979442802939308 0.038124657580448584 0.08741006254412409 0.07745687793144476 0.08598921509705222 0.075749549925021 0.013901579333544313 0.015392240904239098 0.04864241680270909
50 0.006680524138140131 0.03676047897239396 0.0636976761165754 0.023779664930840463 0.05705615107610852 0.06832421376277008 0.08122384830559004 0.014441720226624502 0.09092896571218495 0.056985337260050055 0.05582459792134912 0.046091710627470375 0.04424302430688681 0.056583662999311904 0.08002318011595998 0.011393104376996215 0.08538224580108877 0.04800895926074964 0.016170354727919195 0.056400579360989946
51 0.044299781337594046 0.08105998180899802 0.012201976614853104 0.0514451691684066 0.05967010758009147 0.008274634048207233 0.01956900584460254 0.0656175641204141 0.023535438169266235 0.06770444435905754 0.0703272516875092 0.08412531695307834 0.08037981275041224 0.08822699352764948 0.04587464054743719 0.04639264382674147 0.024316285937100106 0.08131415189542911 0.006072486765909397 0.03959231305724273
52 0.027723814527785516 0.00440231274215023 0.027368467831461702 0.06462322647929589 0.06507723646503764 0.029923085380549816 0.00703781889488524 0.089750292868499 0.02052538400857083 0.10336067769740923 0.06160553928466347 0.10282190892671564 0.051731747378282726 0.10724848321888457 0.11168854662082195 0.027878954355910618 0.010868785138801719 0.0012872587072507353 0.07113643419507813 0.013940025277945432
53 0.0012186416457764724 0.06523402436754275 0.08444120652614508 0.05466849949584481 0.08358538332460279 0.07499014679273783 0.07499164251826129 0.0465873869205288 0.014018436537842434 0.0020017481398659255 0.06919775598234995 0.030574071275896605 0.062846259741291 0.017979614408671105 0.025778471442494996 0.044059978152323244 0.07678103415336504 0.056314770692365256 0.06808728382566434 0.04664364405643014
54 0.028877856558916483 0.07115010474537575 0.032388306940483974 0.08147631123091624 0.028392811449387226 0.0017944351539033957 0.030780663048237292 0.04734889430319861 0.05992268237932936 0.05957724840834956 0.04070772515012523 0.06235087620365005 0.04938430449180607 0.014257851426288517 0.07019479930085071 0.07834632589036729 0.07826861659574356 0.07566419873517809 0.062335374351812675 0.026780613636079868
55 0.06332271933118017 0.05224471589821163 0.025636235924032243 0.012724942053371796 0.05922147675324676 0.08175275386807039 0.06992574940281081 0.05989840118953298 0.06496134004263783 0.010374860362246809 0.04361753465136231 0.01494238730744443 0.08548984098583558 0.017333691147439774 0.07241964024487894 0.07590926122994138 0.0700449637212987 0.020811512035624827 0.07857237765821866 0.020795596192613716
56 0.044550411460476565 0.0707040704224884 0.031135616778291166 0.0796980559901592 0.016786112696756738 0.065480417615375 0.06694414031366591 0.09013354448887632 0.003147545856555486 0.07375917933830203 0.08716741404672503 0.008878742808835785 0.0835665142268266 0.045983556721110035 0.035614636800602555 0.025982857505039505 0.04573233854787333 0.015460368734940694 0.06549369791460623 0.04378077773249347
57 0.02758508015255346 0.06805210992176784 0.07140574155114933 0.06366544961873641 0.041288747049484896 0.024937022156089575 0.08083401563515134 0.009757638757308203 0.05335384910053913 0.07556383129163007 0.05236163812824705 0.029528898366569568 0.05189540860664424 0.06290089623446334 0.06682858893280834 0.053560767306612814 0.10997412256788403 0.02127012502455862 0.034147770007339186 0.001088299590462703
58 0.060267092701221846 0.04215442743246828 0.019203968887188595 0.07508230774358474 0.004417089395701345 0.0687137238208305 0.07996018447527833 0.06720183372906267 0.06408870313563818 0.051272909162122175 0.08484228242830047 0.007142237783674632 0.05696573118392142 0.07284070509490038 0.03383550044885995 0.08303812819301981 0.05779447231021771 0.00599200694082772 0.03781300628214051 0.027373688851041026
59 0.08306390215079623 0.052134237825654926 0.029380219509055863 0.006130782744548536 0.04684390335519912 0.043398336799712646 0.001991170312652512 0.06382313197876889 0.03315795456523713 0.07807193351035684 0.06895760323787117 0.04570268055662076 0.03786628511827351 0.0817961832200025 0.08218661309241938 0.05844081165932463 0.05311711747027933 0.038876636366250855 0.057080167365418065 0.037980329161557067
60 0.07955637052607309 0.018370918568209847 0.05860460398813196 0.08554890673596546 0.02293699940357449 0.03308379887696618 0.05453975969336787 0.020611786638717586 0.0780848161993655 0.02960896436293585 0.07935787111986899 0.03241203815468276 0.08164041117296753 0.039384020094958956 0.03647138207453001 0.08786568233855722 0.04971077417622344 0.009997338219863231 0.06902117672770874 0.03319238092733126
61 0.07773404755699598 0.06723419755778616 0.06067359415334451 0.04483402603561257 0.06881868714983819 0.06115203279323551 0.07645960996180425 0.08185333725979262 0.04062501003944033 0.03257836701049362 0.03019129271842113 0.04619534849680633 0.08978080862991272 0.030298819529446467 0.025297521715350137 0.01924777153237093 0.07109121159227406 0.003405319746101174 0.06591876034438819 0.00661023617658544
62 0.039969407434417036 0.0438048178206007 0.09312380949814586 0.029669378482052717 0.000531725265052252 0.06531937768415134 0.04143620785465235 0.07718560306885391 0.0724929527878515 0.09018253467087424 0.08938015950239639 0.024453165436791324 0.04709715523615897 0.08734121133543382 0.030820525540880973 0.04220894015345362 0.010096674702769074 0.027822440779779238 0.015043145406603044 0.0720207673390817
63 0.09458718419899523 0.07972378830368775 0.040607084860576154 0.032495120820682004 0.07966375122882101 0.0449046244921753 0.06248073114285016 0.04622152767718465 0.02082040966422212 0.009571127485384683 0.08452886663921777 0.09163500367767005 0.03206747069826687 0.02272572925558234 0.0289264275143619 0.007497601665227398 0.025535867660417006 0.08490651129313935 0.0823749733609552 0.028726198360583127
64 0.0775772934585062 0.03909449383274892 0.07791255512567159 0.08384749064133253 0.05966213664355644 0.0786669459904242 0.020220994410746793 0.002046553000679201 0.07016637218990705 0.07369922435404486 0.015054856391728292 0.002324163374785097 0.047708442304894454 0.058104118866168834 0.08178717182132338 0.013543259751507136 0.07525762982236356 0.02307470693814457 0.03366784384628865 0.06658374723517815
65 0.02524079930109777 0.014454552600441638 0.03375267973945129 0.07147159841488156 0.08712449915930512 0.10268260072650985 0.07360187618303599 0.04146307117815297 0.05544254126423937 0.0560493789518486 0.041558108046042555 0.06529376055367883 0.06626945552021855 0.02546638136197759 0.007486598695109535 0.025845582586756646 0.10404744623266933 0.05503925410072926 0.0452076151609772 0.002502200222876325
66 0.08256769498490284 0.0390635262925742 0.036328114834008905 0.07194541427371381 0.04081302374605611 0.08187268721436895 0.058754458260819396 0.011665869068000552 0.06378768060821287 0.0042850926351161575 0.05331954219664945 0.021691151540683774 0.0679446770812192 0.05627125502697979 0.0848714760563952 0.04417337434023009 0.060088930390527186 0.08629025068105613 0.02521168767075019 0.009054093097735258
67 0.06962576050698352 0.011069751393096239 0.008877566964703992 0.08158075104482723 0.06328589223702989 0.007498946695147508 0.047241696054488094 0.05778312385834722 0.0026557811505865695 0.08302266203124803 0.08125391895660278 0.07274270679997251 0.0851543763417971 0.08031555564358545 0.0314240624842314 0.0819823552828306 0.04950023932162808 0.012528827055473327 0.04636646293252277 0.026089563244897886
68 0.07153476130934361 0.033200308354256705 0.03358326673091769 0.10152197425069635 0.020843565607617395 0.058190310827222674 0.0385093917336476 0.04311373323883697 0.09440704808268374 0.06012200494819953 0.08543985684499222 0.051652804088742656 0.005293995845441113 0.10275628565644991 0.013089315903305932 0.06109612779410117 0.0789759250001048 0.03194543971933538 0.004933892419309179 0.00978999164479509
69 0.0036823328940681207 0.07062443441961841 0.03191487340879392 0.0018297804649669755 0.008865063045327175 0.08347082289716347 0.05727640854816492 0.0618595596526185 0.07423938812187236 0.08353967197079408 0.07879579835509673 0.06722861836328 0.04078979170564298 0.06125323658213819 0.05336740462782615 0.08491927666083318 0.03103818365580772 0.027272012706805484 0.06580231176535946 0.012231030153822093
70 0.03910865302296157 0.03876357269077343 0.031095489702599857 0.042286582758899266 0.03183413479462775 0.012979680527542078 0.04880127520253244 0.07168936851351489 0.029985534588630652 0.05460715658023342 0.04242677179379406 0.05229414184653787 0.016103668710767325 0.059773714006264335 0.04978644561615118 0.09259454363803758 0.07439744044388127 0.09264644689219323 0.06740315574638135 0.051422222923676375
71 0.08121330535680464 0.07682252478502416 0.07312979551207492 0.0065156082105755145 0.05563025483982144 0.03890258364158154 0.028691676983186566 0.05242034560043967 0.02440209980083989 0.023964707181559824 0.08606572839655605 0.05085679566002688 0.062494670148790454 0.042546626921026925 0.05320821327816974 0.09317161349194886 0.08424637134504848 0.007936218552304034 0.01123535738998947 0.04654550290423103
72 0.013571222377235556 0.013219902558836122 0.07358504934066953 0.07048576544965036 0.07293794084796279 0.08867967083488992 0.0799679573850498 0.0024483595355807935 0.07112343555719726 0.03864308308997124 0.10130208483183983 0.0005689777351201697 0.002652291066567236 0.07026285028372561 0.059346317570220984 0.07701016588422263 0.019290113103702062 0.08069115832113202 0.04319117758368684 0.021022476642739273
73 0.022871514095000725 0.030116304142480246 0.10438398267744431 0.01665603975861497 0.03020186299514154 0.010219266700895596 0.03491492713847753 0.0005059240588252389 0.005352638995933113 0.05063231966195007 0.07175585485654531 0.09553450057593584 0.07549154770704504 0.047626208727782574 0.01055198507896159 0.10817997804643813 0.09869274697591979 0.0405477173755946 0.047244243350004426 0.0985204370810094
74 0.07376313703611345 0.05231546661524499 0.05785148640488242 0.036957130885479916 0.05078372690501366 0.08111178632449294 0.044288048281137735 0.05025963092886007 0.017885656151670128 0.03975326073978287 0.028636607313043273 0.053880543705634915 0.02488061018972975 0.022921210248450192 0.04706630157740859 0.06607509538151318 0.01710294338440938 0.07542431912517804 0.06718068536090087 0.09186235344105353
75 0.0849481907021345 0.024809911841182083 0.0508372120531943 0.04218093323801723 0.02199659627745979 0.01772011689475143 0.06904806706058264 0.03418065825260817 0.009333645503105004 0.02198160010200962 0.06285531284436814 0.04213472506054841 0.04067947540303811 0.08278969719690649 0.0590362201885821 0.058833790482478845 0.07195215747961316 0.057829790393746104 0.06438601498377243 0.08246588404190124
76 0.06304534645986014 0.014370834652607647 0.0673525766555552 0.03634066702516484 0.03756028702937575 0.037959939313694194 0.0705297127555811 0.07740399526653191 0.017531090314191308 0.07084753137787395 0.049333809117446746 0.07507968219367649 0.03336284155105329 0.06285680282854218 0.07189865031828212 0.04530293985488097 0.05634213063257773 0.0640531396987897 0.03703467438295091 0.011793348571363953
77 0.04913497253368791 0.014284634776994092 0.011861525983329563 0.09032434823693503 0.03843485519574538 0.07925715803872167 0.004681118667842143 0.03811781088960747 0.06846046676202629 0.017307109219258068 0.05044286347555043 0.07828489680936244 0.06337288971357492 0.041960705619680114 0.036330198106590446 0.09574349125748313 0.0820785908582295 0.07360539136965721 0.011363489860147298 0.0549534826255768
78 0.09809842135957739 0.022736848605563815 0.020939251482337315 0.0537612011565444 0.09234102331166501 0.005857420603626019 0.05247127760734776 0.07971614780098824 0.07607913994351674 0.0034708254341273086 0.10195536316278202 0.01914258351302501 0.06674442761328875 0.045517354842780446 0.020815292536774818 0.03125112726025025 0.0953550655226109 0.03349090219227712 0.0655285065875526 0.014727819463363982
79 0.0018510863137682668 0.09744402225486266 0.06760847069705898 0.02017597065536539 0.04871949156908065 0.03194294450120058 0.049997374767296744 0.007947170719562788 0.09240118120420643 0.020981781591686594 0.07294451818079511 0.018061375447235076 0.09323108574413512 0.02151466194812604 0.08746634434148212 0.04705712661751552 0.05804949589527076 0.04141174830497094 0.046370106332145694 0.07482404291423454
80 0.0036673981334362725 0.02968986811388875 0.01605356860663503 0.05795726719613739 0.07957963624182168 0.0755617925155772 0.05279745659679863 0.01716456107600827 0.05702059995676239 0.07926627764797745 0.0024435124611308047 0.06622313155976817 0.03116054960668095 0.013419742767921846 0.10893946442047436 0.01223038952291141 0.06051436834506429 0.08471028298145558 0.06544399969286356 0.08615613255668583
81 0.015553534122615922 0.06127053033578041 0.04932489521203757 0.010482761451575302 0.05874903640240724 0.024939565804289108 0.07738563747178924 0.002736403335029348 0.08520961852867158 0.004005550187655808 0.055322259844646914 0.049539102487080905 0.09742407308281613 0.046357626129792856 0.00328248628965556 0.10329287063655818 0.034322003137862725 0.08417587098848493 0.1212840321138054 0.015342142437444868
82 0.030230449622527324 0.07344925737953062 0.0319089592508198 0.08987142783938355 0.06027973813175785 0.06202459081061676 0.08681335773586263 0.0669919821325883 0.008854270605004887 0.07209951025949711 0.05201387481516682 0.031997197853441295 0.07240604616834367 0.07902938662881638 0.007455509917798305 0.0030193893924792647 0.020534429003049425 0.0514039275418338 0.08362768846404432 0.015989006447437948
83 0.029347218173769 0.05430048730331373 0.11211335895634421 0.09968233977887385 0.037107558792780396 0.0058649684403880445 0.06819737173973263 0.09627072841831241 0.006072697726126467 0.08223542445978928 0.015377291471648687 0.01518173203929013 0.00688877277228671 0.026239053224144732 0.07436962179038285 0.098952623025796 0.02897525597064244 0.019363710460716294 0.08258092197622949 0.04087886347943275
84 0.0292679531210276 0.02885171774184942 0.05636463946704271 0.032705395477899385 0.036095289059099166 0.051241580984561386 0.013096996065066046 0.09324588092024048 0.09034374809465556 0.03530133774053803 0.012308357346345737 0.048650650088414 0.03146425879859686 0.07165834668667977 0.0479402180977069 0.05335970405957302 0.08033607711759493 0.0677165451635276 0.0741177963991539 0.04593350757042743
85 0.05442312136394797 0.010500997827373392 0.07477992354975842 0.06134384025376853 0.09108384468974107 0.01899147639275767 0.07429110430248685 0.055534329396493484 0.05605400401173918 0.08362733956941837 0.0031691604942076577 0.054560200241019395 0.07876444397541374 0.018373140901480522 0.05604932126175161 0.03634310436535337 0.07812949091996794 0.0018099365598594377 0.056745513942401335 0.035425705981059985
86 0.07120603855085222 0.056094889308088945 0.022736648297596855 0.02751603420314213 0.0887521552185559 0.06447553933946823 0.012553503875916878 0.02988765257958238 0.0811288831749803 0.055296918377421934 0.007499950476344489 0.006175382097879615 0.04461114239539484 0.040323460416707195 0.07315697141707908 0.04780323738788192 0.05629113114159398 0.047577899988124284 0.08258202602261164 0.08433053573077713
87 0.0843337260227945 0.05649695456759183 0.003925211086172529 0.0009777042959480046 0.0913859392601176 0.07821652412316751 0.050274867189297925 0.01324922972024484 0.03486850128848192 0.08574074528702322 0.03742022259140656 0.021669412159139225 0.0748949794286614 0.058926080235888974 0.024961514918079523 0.02658173239472696 0.08604554977543295 0.03389500860397507 0.045557730620861034 0.09057836643098875
88 0.08425147409227245 0.09615702805604462 0.013328091990898199 0.04674884954468321 0.029719491744593703 0.06512627303522603 0.03152899863987098 0.09612484224319018 0.01541870645380855 0.026723597280141415 0.07474246619561771 0.046356065563918324 0.007086093224245106 0.022238033103283095 0.08641239017679066 0.03844245949652915 0.03391614948759528 0.04800477038885969 0.04471114584412768 0.09296307343830379
89 0.017033897289517708 0.06086525546935407 0.06191013809872041 0.0006133887442655334 0.0377540897357892 0.03390813131604227 0.07906510485091017 0.09029008053701357 0.07443892838619187 0.06313665339284812 0.020002739596375992 0.05352506557869807 0.01768412041681318 0.03455863026022272 0.041910155261725014 0.007812453695805129 0.09333992679353241 0.08932619867499342 0.07674667769982714 0.04607836420135408
90 0.06531596511001102 0.07326367617280206 0.09161532702165989 0.06848529047212508 0.0014598155930734904 0.10320066318726266 0.03724506544836702 0.0008354691529388455 0.0765192480936806 0.03928904558306918 0.03708662108053974 0.05307247363043813 0.030678199699121216 0.06591084859898273 0.06966184494495817 0.02923821430326149 0.03952565656309432 0.031049406142654303 0.005256147835426825 0.08129102136653334
91 0.052109285954880985 0.08022304149743668 0.037401046682298884 0.10177013113165094 0.09513205731007435 0.006120998967359738 0.03344977216357252 0.01335260548140372 0.022719601007632276 0.06438286151785201 0.10734898059000361 0.003598190025603385 0.0628262053920079 0.09338134440356323 0.06259004424215513 0.01845204020415679 0.02079059753707435 0.07278269382235057 0.0349396049912263 0.01662889707769638
92 0.03530296047576833 0.057960289945085 0.0991196299497366 0.07842172659996821 0.009292686609489172 0.004729220917760981 0.003470291877749115 0.002330368201054247 0.04382342071910896 0.050138381887794924 0.05639875477618586 0.026787426216360637 0.030472793711067148 0.047492075927847564 0.07945397795665284 0.0612803849272589 0.09087551654150776 0.07834614436139613 0.09687427879149971 0.04742966960670776
93 0.0011911736887991267 0.051146917916388084 0.07522483491735114 0.09021396590428388 0.08612277492819147 0.02060069013402667 0.007373360898730447 0.03860097201210827 0.0727624070191581 0.09085698849161071 0.02816259952933495 0.08528709393764503 0.03570001560799656 0.01934160405446823 0.046578301642720074 0.06236616204096281 0.02931091180628921 0.07816278347420104 0.06673686927730128 0.014259572718432947
94 0.008019060504270729 0.040101825675771 0.046247639900661074 0.04432831958433897 0.032006510706343465 0.05548772702777272 0.06971024971505711 0.07065193483525564 0.06308143235819132 0.04085433477818678 0.06770722175986582 0.018938809396796496 0.06722446202174427 0.05695982446063768 0.07649126264554384 0.07219498114294216 0.05479789081639546 0.0365796804940221 0.05252954497803914 0.02608728719816409
95 0.07851719727992588 0.06542938266702711 0.05988278394667027 0.04788857038437808 0.07274277721889576 0.08393784758497051 0.0757402133365607 0.025688070411603574 0.030098250750889483 0.051063638624478186 0.036737857180525434 0.018226327535594902 0.043791170830358925 0.05356612051219375 0.03090593290110017 0.01681114125164874 0.06915374783683413 0.06315379831681968 0.06957903322951839 0.007086138200006139
96 0.031824412488386425 0.08005909904067457 0.06609612192652532 0.09577170653721163 0.0014179328470079384 0.010003582831775961 0.033089548394841836 0.07757774713811712 0.06478808842717243 0.047887446351125 0.007254761358040389 0.04465464856482573 0.03220648400981525 0.09162494988264692 0.03195748377222393 0.07656595419117294 0.016142812957214498 0.03084388972783714 0.062024464380021356 0.09820886517336333
97 0.056630437675731456 0.026086602454988398 0.07012684141808442 0.08808927669903402 0.07349142659755935 0.050720907752404225 0.04035776934986422 0.03615233285855062 0.05219013555894238 0.0799015832720095 0.040037355089004315 0.0641886790508335 0.026774041347258325 0.018476891256643105 0.04031942734155675 0.043155867173698806 0.02678136802248253 0.07160244683406254 0.07452726945550495 0.02038934079178696
