0 0.021948216067314154 0.022018402111216383 0.0721110168249248 0.07408686200238501 0.029589950206284042 0.002833130637163118 0.09771944370722478 0.035126221275367984 0.003030420373869009 0.09151021333702622 0.051367013583801566 0.03133172112557691 0.07548154126476478 0.08807820112526063 0.06878499222913041 0.03442983407639267 0.0044367398016313285 0.09130080429262596 0.06449356191201337 0.04032171404602701
1 0.06733004524155699 0.05534680533213834 0.06650131292855507 0.06651872858018393 0.07356367475652274 0.06008059121240017 0.002219948062109563 0.00365619871230026 0.011375709753542467 0.013473545045906156 0.0679161027351374 0.013281509427190065 0.0868922707939541 0.08095861638092823 0.013775097902150481 0.08213229914841431 0.07715058595992583 0.03670694185208712 0.055061193540436586 0.06605882263456023
2 0.002836528076120323 0.016090529738537113 0.07663554530550855 0.006736844915964669 0.002919838624815608 0.07417994392559016 0.050711539271562266 0.0020453219092050924 0.04675369271076119 0.015220947553004458 0.04221573899098353 0.09400491190319846 0.11136957983923428 0.029227196672092056 0.07717915619894881 0.09375863347794794 0.04716703293719248 0.09291038680497629 0.009260054752070535 0.10877657639228602
3 0.021665859539513808 0.08816465526859595 0.026965181580807924 0.03330795724904769 0.021918298049024103 0.052620620902308825 0.044153651546975425 0.0726903959717968 0.08703594398604814 0.04451424261692143 0.08219215309778252 0.012093645675178153 0.004824270654544148 0.08840942461333344 0.08644347005781837 0.0594907409220198 0.04440296888250007 0.05596900861039045 0.03308161232078131 0.04005589845461161
4 0.1006097778990194 0.0011729330566130922 0.04673961359885485 0.005329419434948559 0.10100689469366482 0.00545049700612011 0.04891392844923469 0.07922488919961922 0.010034148996974654 0.08761917591447925 0.049911374557415664 0.09349400475762915 0.05497767030137365 0.07059148137299928 0.06507282590248198 0.01946533776083916 0.07658941552200256 0.045108791859742425 0.018847647536253377 0.019840172179733905
5 0.09253535681021915 0.032049941678750284 0.06441720280850419 0.017135917892363878 0.046337127633496546 0.07894313907792137 0.03502243576285145 0.004643023369222114 0.04742548675887329 0.006803760336497492 0.07912230171204541 0.02619657448258253 0.0762742117542961 0.05123181764840488 0.023649154973052044 0.052367124004460586 0.06667973106928811 0.0781416188993496 0.05088697194699709 0.07013710138082388
6 0.0779060773826866 0.07088040769055277 0.07403385883836507 0.0432325235413868 0.0533495800477188 0.07203446060134654 0.021809524682907002 0.08111952001625516 0.04431675223903502 0.007841803167988206 0.011717322679788481 0.0680583671857678 0.002046698429615275 0.009414589740927327 0.07329424813899223 0.07990014880338572 0.05532760700046028 0.01710058043022093 0.08802028774562905 0.04859564163697091
7 0.006061465004655763 0.06562118009558476 0.014493531176699975 0.051625562708695866 0.026925218169688167 0.0901968460356396 0.09115791454883027 0.07538155478010013 0.038256147794539355 0.0360492865283863 0.016586303999247095 0.007661217692522734 0.07586734801800987 0.05399461508098755 0.05457631757677786 0.08883743138677547 0.07901550220180101 0.03680810749988722 0.07736618417706441 0.01351826552410644
8 0.0611308552379669 0.046339315398816305 0.05972158230232696 0.01102206126635307 0.062270894032244194 0.011388592590056647 0.054852993507400354 0.08512420728116762 0.030237850593810043 0.036746614883335554 0.007962580272620408 0.063515761809672 0.08432278726989458 0.0764405242966436 0.06535736033881658 0.03309169193554463 0.07158773358334919 0.08328326616159912 0.03781741219247617 0.01778591504590614
9 0.05102154102660905 0.023898068795911734 0.04156166288546269 0.03749660713456122 0.04039443476104117 0.06189083934428314 0.04004979186347225 0.011290371759358975 0.027752473195103586 0.052951380429574695 0.06947393396162488 0.06724312033023878 0.07344707576184954 0.07137546887526844 0.04296217766488365 0.06441025597518328 0.029435940063415628 0.08948544011488695 0.050276690044186424 0.05358272601308393
10 0.04520958879336154 0.05018135327905578 0.06406673048870194 0.04253712634524644 0.018115678254108994 0.03623447095856808 0.09823868636960809 0.09683140871886482 0.06890647193012861 0.03710172061828669 0.0876827701952719 0.002617921362195581 0.05754035359381165 0.030851281566927673 6.65369774402123e-05 0.021066795775693595 0.09933749986702514 0.031186394680583006 0.09081283146185608 0.02141437876326438
11 0.0229093386103535 0.08903736654248362 0.035272938835089626 0.08279717129762348 0.05022697192951702 0.026753013338271327 0.08138868882068852 0.069642667355351 0.06526196798740186 0.050029591241766445 0.015830056807173025 0.059848106956112125 0.08411189606584862 0.08191593569742289 0.015709031506530195 0.04745345190061477 0.0023874001608217696 0.01872064832575947 0.07857011873847053 0.022133637882700046
12 0.04610461448761252 0.05885760124715658 0.05247598282163482 0.06444087739328093 0.0863945837347625 0.05697424245202447 0.004944717512754314 0.0847677527797228 0.051756505740675036 0.04641548682477345 0.058503045649514 0.025986211694505205 0.03565843075870972 0.03504893575848856 0.03917390321218082 0.07894833790696204 0.03620917478368518 0.007830766884843498 0.0689155020696623 0.060593326287051295
13 0.08439394768904668 0.05512904650973021 0.08038032454611578 0.021338730537042588 0.04301488774984981 0.06903515390575678 0.06534226988262745 0.047846061058957626 0.00368776184151696 0.03230181071668479 0.05692223096934264 0.017049507458845828 0.014495873150041978 0.06352037606076606 0.07834798045373116 0.07589216378889115 0.0824744156514326 0.029395470461547932 0.020430384896442246 0.05900160267162976
14 0.08483891298221938 0.02692620887967195 0.03901166898162054 0.047050769799284596 0.006794320781557343 0.06530132664141128 0.0685440463859714 0.08224941616186897 0.08224965562849311 0.00014175482205107317 0.003586514704300458 0.05972387711198807 0.0928086765034734 0.005574088355893531 0.07916102319382697 0.09665396760748139 0.0313998961668421 0.05015506066326809 0.01840351653836177 0.059425298090414636
15 0.0005562862527042937 0.027139812240808345 0.033262315073508894 0.04542585515210799 0.030597857051101927 0.017766708117169797 0.001104574170869015 0.026523444452888977 0.08238415303956939 0.055482399837120305 0.05119153709097192 0.07012094660046297 0.09057439761238611 0.08552577362735056 0.0747618716811037 0.05093357607413091 0.10697595793470513 0.0846810708902256 0.034832859477905764 0.030158603622908283
16 0.0019824189607934558 0.06259782016356222 0.018356949839141004 0.09700956554722676 0.08197892310585372 0.028323681651004188 0.04669110335591767 0.020199029766227856 0.07171680228373255 0.1031727073896993 0.03773430213479304 0.018722065879867727 0.03432948914261817 0.08587950137694643 0.030422920585804446 0.09417841904239743 0.020108400553604116 0.02169724957052626 0.10232263460693422 0.02257601504334968
17 0.0038049866450748752 0.09240831366736678 0.07070213092816498 0.015592415659653597 0.08509645938655461 0.07067279030975947 0.0003797605372073807 0.05154764124143894 0.0768362855557458 0.05490522401910124 0.08541355968691543 0.010441798793903766 0.040986146886449935 0.03422692807321634 0.0835378282596023 0.048582009653352895 0.06839831272991273 0.008258854771527113 0.06826079879447036 0.029947754400581547
18 0.06769604531792037 0.013293201499811795 0.06861379358460318 0.0635561368283071 0.0681679252715994 0.059738944329939196 0.030033056153728054 0.04963481662197364 0.025463109248949026 0.04913001379794628 0.038845844697849824 0.0064668115949558826 0.0590254986630052 0.07141266394105808 0.07295527522139532 0.04060089480413181 0.03153485144908738 0.07559189873998909 0.03636739447522786 0.07187182375852161
19 0.06202500710091231 0.0526197086772652 0.04911765220953709 0.04207200478139326 0.044491631945258875 0.07011598061569482 0.0575841089990779 0.06640681404350411 0.042655655731693776 0.07926844901286871 0.036627435506365505 0.005799391947999456 0.03531360454760776 0.06817236345362188 0.035767045246979365 0.029307809505194064 0.05766936424652369 0.06359305183947501 0.07041411787197781 0.0309788027170494
20 0.00813352991638225 0.07381724468468345 0.030904118067258957 0.03766457177660293 0.05985956141592276 0.06318419846756598 0.041369929260666474 0.05671180078173056 0.01674811643230656 0.08024908608374794 0.09196646203461695 0.057491778263158475 0.0451164974353426 0.016419822354074468 0.046213616535578005 0.010106542051957325 0.029908346703342133 0.0736140544758455 0.0931974035469257 0.06732331971229082
21 0.06474892993376746 0.015643955654631423 0.03413299667852736 0.026961569109508914 0.0382905045485178 0.10567604246844403 0.04868177362993864 0.1256947850681912 0.05308555384959368 0.0005666706009526469 0.05474315205662782 0.0359129714331695 0.03226835356866842 0.010749515416676422 0.07736322823886567 0.005943250786022272 0.01017852479206821 0.11393566485064795 0.057032994527951596 0.0883895627872289
22 0.05859894635169234 0.013174189904876447 0.05288081692450434 0.01654589588670887 0.06624189224627561 0.08432578793233503 0.09092578343000446 0.06688101506247458 0.012050982025163854 0.029861960692327074 0.06174282874890568 0.054795230232602646 0.0868986524749356 0.0006559648320675342 0.054457832400467594 0.05600039016832979 0.010347180595733899 0.05178119429585871 0.059475073397826074 0.07235838239690978
23 0.07430054261709627 0.052649796724834504 0.06030726500459977 0.04561771227225993 0.02852414384350512 0.04736324319513894 0.07640452857467267 0.08008137471022542 0.05142820959682289 0.00028981875470152974 0.03052856499152642 0.025647918674893636 0.06286363476147917 0.043788502030790655 0.07416630947327679 0.03156658407021395 0.07538111052803298 0.02842482526914067 0.06274362748599362 0.04792228742079484
24 0.012493830800467313 0.10323794894177572 0.013966921625344847 0.05696068148879353 0.048830418140346 0.07085558953114804 0.059929347758609454 0.07510510863809766 0.013131305152343661 0.023239861552964126 0.08144937480196117 0.10402284113103617 0.009693648832885643 0.11280610135351575 0.02915143142848115 0.04551993225174279 0.026698077714280035 0.004192219643811622 0.03653294378728561 0.07218241542510972
25 0.05861815265819666 0.04004953789943497 0.03784032976286969 0.08998437375520058 0.017764456633852566 0.0013769621572888731 0.07571772376699844 0.08399570341493963 0.0362911201998269 0.04344700928960639 0.04261888978173791 0.022893762366718116 0.036687617910597416 0.03623001244451353 0.0372893563905628 0.052347818347436105 0.0866930467428628 0.08030871120962622 0.06128043606973682 0.0585649791979935
26 0.05478064122115804 0.03381268443025328 0.02962913036108592 0.002932300435267967 0.008011763867778314 0.056437505110731374 0.08330815297460026 0.038613493744829856 0.0891967708619099 0.0959233539263805 0.0929717899341051 0.039244896730876666 0.05888705043540866 0.09245151365156319 0.03272432299234458 0.07487789338729232 0.015319954600160892 0.0016067492728300938 0.08486715484566595 0.014402877215757235
27 0.08107012755164013 0.060158222092915915 0.01072158492596194 0.013304367801767721 0.025103359668157476 0.0538996004252565 0.03228220230656165 0.10007036064781592 0.03295944077098088 0.09539824355701353 0.08333036341294081 0.027360435858802226 0.011526432293349327 0.02423148584736058 0.03878471958949653 0.08578651328037669 0.03590904168525257 0.0867090863208106 0.07598507469465769 0.025409337268881383
28 0.07624253300524446 0.01961536167492034 0.05774657633371637 0.06101503261182371 0.04984428218378319 0.04774833429413751 0.0701624479247569 0.046767374027575206 0.0015182579710895873 0.08424723055619554 0.06485193986793168 0.03545765129418173 0.08145424584720833 0.022477543013048155 0.04566309695288772 0.042432332655867246 0.011629473498157423 0.05438742276025421 0.06145745524145058 0.06528140828577017
29 0.017560834788883498 0.053090339873740997 0.07806972135799178 0.002429301820750234 0.05044081978019902 0.018557086204975155 0.0753944634592833 0.08080579664667789 0.09365824233822201 0.1036944533523585 0.0352024155897221 0.017518806151082877 0.043307856857505746 0.05663273095481188 0.07068238323550242 0.01794149058826723 0.013231064085425936 0.031866856287271185 0.050661152111668356 0.0892541845156597
30 0.07041630682572372 0.02388167681981335 0.05244150891486863 0.08773326413055654 0.10424562119995745 0.03137097041717139 0.036632158366141976 0.0571109546830121 0.03826543048918319 0.03624815692062554 0.04816749935415828 0.06541787192254069 0.05086783069649275 0.0024900950652947786 0.053485704529030204 0.012945245905095026 0.03835259007800725 0.025000542610461685 0.10821601320201257 0.05671055786985285
31 0.09054764249351839 0.11468767811535964 0.053077461835261644 0.08766936380334237 0.0028524480753542945 0.04280305734559198 0.004691530774285727 0.09724412980141968 0.05656416354558082 0.042213756846010336 0.008495983928010797 0.005086690793486622 0.03737263223066873 0.0025915297435934567 0.09465464007599232 0.014189248943729292 0.09164485384118153 0.08845304720694468 0.058302555127252825 0.00685758547341479
32 0.036914154455432155 0.013823844643903915 0.1055497546486869 0.011224557975223122 0.06047316550475292 0.06976310126212969 0.016328219393914857 0.024047843524862843 0.00015501377400640927 0.057749809636134984 0.05281381849595353 0.007251016551695941 0.10420862544253183 0.10284149511349797 0.029887707629371076 0.0824051832689538 0.08910697801325425 0.020876312649955646 0.024204082115551903 0.09037531590018619
33 0.057118815147463434 0.06808922803504389 0.006584812328481854 0.09112645027069383 0.0001025432698073782 0.04084359513904086 0.0018577185399310389 0.06952613656037021 0.08254104164323414 0.031839412514426874 0.048149824584745884 0.017936340634253468 0.09197549957395819 0.06575108016137092 0.026445936646629104 0.01778283975641713 0.07502965821366381 0.085935312470389 0.08678247564864665 0.03458127886143253
34 0.1127185132871768 0.06010834172811103 0.04325049963764996 0.05827729760050398 0.07810921712036505 0.030286443683906927 0.05140167774904718 0.002048421881448903 0.009035148755411396 0.07527806760922608 0.0002479684257471489 0.06471953367666577 0.05419547361675875 0.06887059934859402 0.009300690628551303 0.030490462556488733 0.026998861473810896 0.0906106382358386 0.12341274955427424 0.010639393430423479
35 0.020470374351708124 0.08178660460943364 0.013885890644006835 0.06427679190012676 0.026906457094611452 0.09764054882036877 0.08068288450781581 0.06823949947666064 0.05029292745760253 0.09562165297709307 0.0014009468182837423 0.08085864264496878 0.028293729124621428 0.013223092108352512 0.07338216048169074 0.017226960324591395 0.09274556354824216 0.03246089624980736 0.01466273142650463 0.04594164543350951
36 0.09763779276306034 0.07905199387410689 0.050090756916725765 0.015724278976147463 0.035636081122717864 0.0988541669098449 0.022831643682988022 0.06514507379073559 0.0162523316978999 0.021236234321690632 0.053826772711700166 0.09376249160927737 0.025615603025561665 0.06946284883742233 0.08692813745906589 0.011534431235529647 0.028993665783802077 0.08776575233286636 0.023087331401976205 0.016562611546881108
37 0.011943062322881634 0.03462592952409245 0.0835153920979637 0.008872512967425172 0.03906205951571353 0.0012380961377974062 0.00047685547402494136 0.004335578253571609 0.08910893463567278 0.04786531781915538 0.09977322866714046 0.051918655893175514 0.06986908630714632 0.09236620602470375 0.049944154233923184 0.042922052064294655 0.02710776820122832 0.09003587283189418 0.06900794968126626 0.08601128734692881
38 0.04110158031757806 0.025153451467394807 0.018224165195800016 0.0027499861843866603 0.08883151328486054 0.08216172165464754 0.09452419440275246 0.031374581701398695 0.031536241863937026 0.057226326069025994 0.03979210471195205 0.02588147644084423 0.07473999197460832 0.005677084499135399 0.09206579203741502 0.013935245362322608 0.014943560895554759 0.06643998763902652 0.106802173201457 0.0868388210959024
39 0.0809761894487056 0.0344446393063733 0.013511426689147796 0.029769826886068603 0.04145986605984626 0.07207822394815207 0.007156575678416664 0.058133127612419386 0.0522329629271224 0.05887875508429052 0.0831049714736706 0.034041394285444275 0.01723930788286783 0.07611703897494834 0.05363609849369518 0.05285714968565294 0.05040531444701585 0.04656526136641606 0.07954451536546471 0.05784735438428167
40 0.053363692636349734 0.045822656978146616 0.05228613871158774 0.08314422560579032 0.01414754219153427 0.0827506924767996 0.04068863928859829 0.05736662623316948 0.026766953703915193 0.05271016768932395 0.03220788056043035 0.06844298379614591 0.05048242052816562 0.041566369740382754 0.008694750950098125 0.07140184076050482 0.06421002537343366 0.0822193638885571 0.06481775295168332 0.006909275935383053
41 0.05233717307227498 0.025536688051201985 0.0478968606510446 0.02489688151820277 0.005781747007833203 0.02283706729282402 0.08154617063277163 0.0003182323710332349 0.05462317505732092 0.05698029530639339 0.07701348832267532 0.06051213323786488 0.09245265051514366 0.05491897271371587 0.06154699642827854 0.017569318023179466 0.0406230401708248 0.062425779288016965 0.06984104931586943 0.0903422810235304
42 0.06304512216942716 0.07752334315468601 0.03276779582149768 0.01541150085563035 0.029859771535271265 0.04348784815713576 0.031400837284146714 0.008637136234140159 0.05112352440255786 0.08374533228696053 0.060869858461996065 0.04684465251473844 0.06275671313620891 0.08263925316973188 0.06525760753621196 0.02083043890959311 0.0779951494426284 0.0428370374600414 0.06398898506005754 0.03897809240733881
43 0.075064983060754 0.014795846434198739 0.002988493554303944 0.04308167485356957 0.05479471830112685 0.04870611900255266 0.09251623318069523 0.0821093144198709 0.04490777218211621 0.08619074527220942 0.06868882685002785 0.046408293258420885 0.04639610894973393 0.03396967824829045 0.005235927797146769 0.0024282372709582244 0.05509740430529598 0.06341178213425329 0.08171021821663757 0.05149762270783756
44 0.041476794657055636 0.07512963404748559 0.03642621951280085 0.0649498054070898 0.07978960509168481 0.015955435001590367 0.03452225576471113 0.010805747877766007 0.045316714155485556 0.04541334003216023 0.029882002301109538 0.07814327861929767 0.0965297498375666 0.037903539760494584 0.0483713017097299 0.023918000371850937 0.08318042924636847 0.05573718080719061 0.016627537126821978 0.07992142867173972
45 0.07167877573595949 0.014504920789807987 0.024315308083658994 0.00942003500503262 0.051456163209943624 0.0807523901415289 0.09161753540222328 0.11617853518918343 0.027358642312147824 0.0014258918498884934 0.022018439340976984 0.03206193647104097 0.0355705799107701 0.017859182924612117 0.06702586990389486 0.0845701056000408 0.025359074095266925 0.07185939703204795 0.07204503720095327 0.08292217980102125
46 0.07652293428277346 0.06636953740820603 0.07484789834613623 0.03788495027786619 0.03536456766187298 0.06470331872513345 0.023166966956269484 0.05714640642732778 0.047701012798515484 0.07706633949578168 0.029840878410707074 0.06833929904836519 0.017530084089065312 0.04290354466276499 0.05351277923365392 0.0546854559690357 0.05717870873335189 0.05050099649838791 0.061294488794337916 0.0034398321804474255
47 0.005939498015040869 0.011413445339770577 0.05747910790852628 0.1008511744364006 0.034602568470748586 0.07976610304214457 0.03712648768165722 0.01837033979671252 0.041102238667026295 0.012463614036527876 0.089442391453073 0.020397246094995884 0.07109725109712127 0.05888228464567147 0.0740555612226352 0.067825796408655 0.011712497888739088 0.047636736448439056 0.09048887221081202 0.06934678513530267
48 0.08714269265070068 0.017132590764244893 0.1125328987101188 0.05460942391808631 0.06540350879269927 0.10671328431142127 0.05882492557068525 0.06887584030282476 0.013507067269388176 0.020123205433278262 0.05299689128442374 0.020154362146187627 0.09935970631120955 0.02470616954747391 0.0021721511257692095 0.04323493969902829 0.03751715975426612 0.0008692268604015981 0.09767609347366932 0.016447862074123302
49 0.033212187756414574 0.05774321598878571 0.03307473300618763 0.005025236624242694 0.09575924607010833 0.0385549727550129 0.08449352911250689 0.035845646553537204 0.04669155701407186 0.01202053745241322 0.03848770220097545 0.06051284708945344 0.0438435656902334 0.029314724951237128 0.1021837811505708 0.04433385665016092 0.055951668167735065 0.027000275515289014 0.06515306158444785 0.0907976546666157
50 0.0699777126006974 0.039048269788864026 0.013862710786287567 0.0505840603338906 0.026218698932134955 0.06532886018414001 0.06725215044116319 0.012799431470234634 0.06330892312954603 0.014733849940091748 0.023203563737050025 0.03479505979717495 0.06940372257666745 0.09360016249556383 0.025806258860006075 0.022758605430940312 0.047763613259886185 0.07323826047388492 0.09024220713932588 0.09607387862245037
51 0.026182128276220854 0.07869435241674574 0.08932681596560477 0.09421907854078869 0.09005297023166892 0.007951205923916639 0.0405125057646292 0.004350330761078723 0.02156785338451176 0.023979592759354598 0.03951991648711688 0.02777306316501252 0.014900076413177213 0.022429102340092835 0.07826905614214542 0.08936566497207064 0.0595691670660131 0.08588043123692715 0.0490861598799027 0.05637052827302169
52 0.05315550209420278 0.0537180349146954 0.08017460862649152 0.01914474791653658 0.10133848517052642 0.013992057255158159 0.03138010278028297 0.0002125743298880266 0.006954866819824502 0.10164170546848877 0.022172446750153174 0.05146338996416345 0.054696086481778344 0.06372268797039717 0.03408866744047289 0.006248775282580093 0.09823148387683653 0.07146730328935004 0.09303643209070062 0.04316004147747257
53 0.09955190085711242 0.08840903366698018 0.07345548841338573 0.04591718291204644 0.022960747445897167 0.03954571060447964 0.058266294010273265 0.04728580054341962 0.06543094760723608 0.056635613092103916 0.049926304001082625 0.001647106705766085 0.01606508182149105 0.042215349019737135 0.07678599146307419 0.00891719522474401 0.09113355249430742 0.057726437923387657 0.04683130570993345 0.011292956483542147
54 0.08435720347607666 0.01789107438575077 0.0722306421331449 0.01162230412505921 0.08273466180774024 0.005681038886140879 0.040901643017832834 0.06567114433989006 0.0802951663909626 0.053247668097374086 0.07882737323107271 0.019244444005194098 0.08515828085912219 0.050251441770598995 0.0016139861144608921 0.04021568793077874 0.07408069301335252 0.05281081888492248 0.04469422452893001 0.0384705030015953
55 0.06035266755361893 0.0692263269970328 0.0031289663316476373 0.073747336257327 0.013758872126872362 0.02227928609516054 0.09245946755648592 0.009919553005299845 0.052679818935223416 0.0019078837937341355 0.10480898610913159 0.05241730678643744 0.09864569379817464 0.04718941315879483 0.03563364467279381 0.08362687336021252 0.025095384136598987 0.031857767677146695 0.026438162253547972 0.09482658939475878
56 0.077374288972084 0.007979855169025753 0.057448661200448635 0.10736607075953294 0.050878979549897826 0.02322110566419107 0.0031607649346078867 0.04401584133998649 0.01115341934969653 0.058427545257637874 0.017009180374370176 0.10289238752615654 0.07350026541239646 0.005407924434405069 0.016994870993912788 0.0684646872928445 0.10405285578161841 0.003089512180827585 0.06392423194644067 0.10363755185991898
57 0.07369942522799583 0.05511972471645365 0.012560564660361555 0.09764801161834233 0.051247396311900444 0.01605749005966043 0.04928843314679513 0.006269413233630769 0.020906001145698357 0.09465030036274014 0.009344129251474948 0.08336626972857479 0.08932078856286231 0.08109320259820818 0.03427246620260158 0.05432640138531489 0.021263666873923153 0.01280218922513471 0.04552785798029747 0.09123626770802934
58 0.015146509657625692 0.002861601741896096 0.07032889251233736 0.030082337692247343 0.10205751611256904 0.09109724029491213 0.007686054342557761 0.1040770638141871 0.001899159849985228 0.0031633556870242466 0.012495088245955724 0.05918938784401476 0.101619388660258 0.061111940224048075 0.10311133952037341 0.0437738918641201 0.026338419245950564 0.043293348323008594 0.10419161241235482 0.01647585195457408
59 0.07460821757291507 0.04717566244382971 0.006075600427048073 0.04361462784640823 0.07019071328650456 0.0705965419054132 0.07196219767111825 0.06061019416600954 0.04822804297684344 0.07669404366265126 0.04732985016171964 0.08171501118489155 0.019361770853384756 0.0231207435201151 0.0467618849693609 0.02632703581960641 0.03224952709689971 0.060760134600865136 0.04740920130369176 0.045208998530723715
60 0.06461398557436471 0.08150243675150447 0.005820941560866799 0.08271149297176776 0.07987534797604359 0.06269745385412112 0.066221330050697 0.019074726316580748 0.0709504929103233 0.03759348299476613 0.05174439706920605 0.023633082047427974 0.018985897679073962 0.06629956579687925 0.033963156166576386 0.07018788686045514 0.021807286993487596 0.0422601968871756 0.022475235537414942 0.0775816040012676
61 0.0668055192647722 0.04710176531687553 0.06724430999672555 0.05803508546303332 0.007942158398858028 0.036431728866200934 0.05624560106456948 0.047137782098399514 0.03203101733948106 0.07720068830448826 0.043713390407072755 0.027370422845846627 0.09432244214444686 0.06365625436148396 0.010956492439135245 0.056400785894421115 0.01063525174349713 0.06949842118781209 0.040427479543294995 0.08684340331958518
62 0.0470097437868309 0.08148571765858331 0.01786243319452683 0.07155057751513565 0.04579515068107477 0.08111677877453811 0.033127768611731646 0.05208833715790839 0.06719454605856624 0.08435115098916068 0.0053135366646434885 0.007903487604389128 0.07342528903030669 0.031667825258760475 0.01413636874943922 0.0699906608196858 0.027240240111055605 0.07159127684860067 0.06672221429872743 0.05042689618633485
63 0.10076497571730714 0.09705416455936366 0.08322089574920465 0.08052564033745614 0.04208032438399136 0.03917473983257 0.10345597198513856 0.05239759556366996 0.03554544015178877 0.07358382291080964 0.001473722890215827 0.015925042017663135 0.001787816944305834 0.04586029914411397 0.03737056504439317 0.014261673497716659 0.08846372092337991 0.04217186842423361 0.04279890023837976 0.0020828196842981603
64 0.08991675741612105 0.05860129930826711 0.07139826691426256 0.040116999640663266 0.03903551157363421 0.09746294529998319 0.045469117662003115 0.022366947681158617 0.0527237844720434 0.09063541526279578 0.020579816966623508 0.07405546295770492 0.022384807213729638 0.018676087321803064 0.10127935667305593 6.167769295435323e-05 0.08679570689365329 0.04121162372877751 0.020987257143441174 0.006241158177324573
65 0.02432245190842975 0.07001287598395113 0.05909531622929556 0.08294198263081352 0.047920256888074705 0.002094601750545114 0.09689032936927444 0.02599917164122432 0.03283269286296604 0.09189269498803765 0.01807548725327369 0.03716946922478663 0.08741926795363934 0.06409154468267075 0.05879772761234663 0.013180660997782112 0.00818670659626874 0.08113545685370215 0.006623857224981923 0.09131744734793591
66 0.040101880456156515 0.04262855823493165 0.014487336066520206 0.05536893019349659 0.013095952670493434 0.07788381927818541 0.07095665714613883 0.06117840101197035 0.01028023224204701 0.03247397638581242 0.08834145967594947 0.05001751490855796 0.05894291364435742 0.022755048915070783 0.05059843940158302 0.03946601794936731 0.08586946163755695 0.07805221182725973 0.07511784752041119 0.03238334083413369
67 0.023763463230534503 0.005172525631681212 0.03360414794047914 0.03477280314298526 0.03393993906155081 0.08345846130657077 0.007114422706511853 0.011106307399255043 0.10801405563396367 0.09902475055494898 0.04698434482165898 0.0837495596548235 0.0664390825986629 0.11435587476888187 0.11453282957578689 0.03261590417813213 0.012956980258323538 0.03033355626711154 0.01446621341468101 0.0435947778534564
68 0.07781975704211444 0.08666166186262089 0.05670968093003055 0.061041012125384236 0.01429748230449527 0.007422016823750859 0.0727468582901717 0.06509417131064224 0.0557890989171254 0.039400201145526566 0.010297072895253829 0.008042045472804606 0.08134117385357158 0.05245811517096758 0.07001353146363531 0.06050308627334837 0.07232594845431617 0.045205052262306145 0.0143755198483064 0.04845651355362774
69 0.002576639454776353 0.07390703533842899 0.052902994083015166 0.065976609914313 0.08458129927193145 0.07507534766681101 0.08422957817658164 0.07437236659291149 0.005054156667269705 0.0648825517253121 0.036123988770584675 0.01948202258166279 0.04364278115405127 0.026813317989826606 0.060338480629223375 0.005883835737276926 0.06980568105614807 0.03457704457737985 0.06659449719330765 0.05317977141918787
70 0.08724306243881605 0.005456277370170216 0.06139507696056849 0.08950985141473995 0.10265452156714244 0.1030565624544899 0.10373380547935028 0.001617588098894734 0.058897173841009336 0.020573308358765596 0.019948420897059102 0.03619294523302854 0.002470951997020958 0.06812502056114697 0.03865661273938587 0.0264558286550429 0.044273761273929395 0.03879221201179396 0.07278538102575764 0.018161637621887567
71 0.07082992531873733 0.023157135112112454 0.026710699021445336 0.07427245471481396 0.08398949112630213 0.08548853081552352 0.08636270738051606 0.041177881807788946 0.06048072080396745 0.0920689388805813 0.0026198262370575637 0.04276421487737559 0.09393198837142067 0.094368259291645 0.0011665855870265959 0.0028358723757174647 0.013576243267360835 0.09324054789166575 0.005450799094554971 0.00550717802438697
72 0.03913606512024472 0.009886457363394803 0.004351336384633282 0.06212133734051669 0.054113902789716575 0.08501901125957084 0.012568773526018383 0.050520191773919566 0.07576904533104384 0.06020674311650373 0.04185242603350254 0.06005952845045093 0.02971838022023869 0.04590916816179063 0.07441817237671179 0.05195490322729825 0.038239582733864096 0.06584259381873547 0.06426485393237873 0.07404752703946653
73 0.06848455119736668 0.06555663975551473 0.07750503410172876 0.05255121541413598 0.04086257046590539 0.07914541811047278 0.002144550778243962 0.017679406173199408 0.05234367468164603 0.05070721367412271 0.07258225273787092 0.03810064417564174 0.03597504960999645 0.054964551898154024 0.05292329147770859 0.04476914039789706 0.04182936615231595 0.04377774033279287 0.03289499237594045 0.07520269648934542
74 0.07259566150465309 0.08457893291983615 0.02180657480816471 0.00881438170628908 0.056860267048565845 0.07690944622295727 0.08842726492334808 0.08547649585349841 0.07640433661092803 0.03693646075851716 0.021772678741285693 0.05291843130872322 0.028771990031709795 0.03176830106626919 0.011993176391940889 0.017298607680970187 0.027443398359017126 0.07386755886478717 0.05781066890522342 0.06754536629331513
75 0.06425737523047917 0.0545910259032865 0.05075370728536982 0.05159210021815013 0.061260866704856226 0.00612177780140909 0.04950333209622329 0.0625555230895334 0.06137092293104703 0.03205704072272904 0.07308464880900789 0.061094203117076744 0.04525029320353373 0.043674603624057916 0.07261510907333907 0.01400467031432794 0.02646102458322211 0.06053662278447281 0.0530668458406824 0.056148306667195606
76 0.020215358325025745 0.021295241480864608 0.060942849187535175 0.07458980529926577 0.051854435159608296 0.03490821737487081 0.0664808956038643 0.03915301437850112 0.01409684468324048 0.000498514621246799 0.08104991109368324 0.0667914871733476 0.018036968587370264 0.06707592277237902 0.0877844632026868 0.0618765916070596 0.07671875053808573 0.08681986356785559 0.049325047594599644 0.020485817748909427
77 0.013814744103996664 0.07314107088656217 0.08061250390024391 0.044313931536759686 0.0604366921590563 0.003970860746046321 0.019853783547580533 0.04911389720887849 0.06797041407445771 0.10654071274221905 0.012109001663562685 0.08868440379151732 0.014075208105762212 0.06274221354596307 0.09260031589387352 0.02045670529767191 0.06333200969332141 0.03738234163108765 0.016036837248211984 0.07281235222322748
78 0.08933155251027824 0.042327005448961424 0.05473223313524734 0.005102630265757481 0.011054375108035275 0.07414028602917741 0.036384752972191084 0.053031814899999995 0.008496663005341928 0.03052686186396636 0.04383213487701435 0.04844957863558896 0.08281646654622352 0.013150117094208342 0.056499302266995996 0.07517599769225033 0.08844977125908404 0.07463283146584677 0.05089563623091443 0.06096998869291655
79 0.009428326362972316 0.062371938642463265 0.0007107643112809048 0.0492060636257018 0.04957248381747188 0.09635378249711439 0.017010621860454357 0.1033760216747383 0.0001973557075873369 0.00989862429039348 0.030609087205942628 0.0726752835652025 0.08574448556320464 0.09552819264547133 0.022238182397414603 0.018679809650747607 0.0820217713218355 0.03186914049294458 0.08559416556646746 0.07691389880059116
80 0.08238753677792916 0.04028891159579624 0.016237192518005903 0.08677920351648195 0.02834908655827877 0.03399777461563943 0.0650282602431357 0.01191681450019914 0.07518673344196951 0.019563108089578396 0.0861282238753507 0.06510912032928026 0.07180937817545448 0.007155221189935796 0.08012392515660208 0.08856110519199364 0.055939778509381005 0.04485746081073255 0.038047200878548446 0.0025339640257067563
81 0.07306422055620462 0.040555202006514995 0.05458717873431862 0.04191990567471796 0.0500288466223451 0.06776325217654615 0.031016794671681603 0.06450478171858842 0.027831713402229306 0.015781361772807853 0.07479817560158167 0.0089701959833848 0.0749394998270079 0.026993368241256546 0.021033477512486333 0.0873712262668422 0.05487717471356174 0.07335171462248458 0.07209349173526872 0.03851841816017081
82 0.020842488091159204 0.08039731354112394 0.0486350945201548 0.02493791800653639 0.06288970396336371 0.061599084632220545 0.07408724433050795 0.04513699219171832 0.05464268526201509 0.02157339868214887 0.049459490021925456 0.02326327280584297 0.056991916294760865 0.09197051321591071 0.058714393454978926 0.006428251231789457 0.08234436153256078 0.09092781927948894 0.038257507099235304 0.0069005518425578356
83 0.0326694740501102 0.00991533085898157 0.006395153430542354 0.053965778510521756 0.08125621063598021 0.05298010143955061 0.06295195645467719 0.03235572855263064 0.06375944338634627 0.0668208176544272 0.03923346783075532 0.05252767894594154 0.046013256288413414 0.08290187366218113 0.0512517556507939 0.07850484713920694 0.033072660016726645 0.011306734803629767 0.0504073210288871 0.09171040965969628
84 0.03611971963967611 0.06142360298231484 0.052965823462538426 0.09483517798930324 0.0394450740954445 0.001643499220984232 0.03833137895282619 0.05314047690726014 0.09397179953090043 0.0585472891297131 0.01107939125895282 0.0008255081649670376 0.004664552056226441 0.08276119008862187 0.05497279072863911 0.0019565091449657546 0.07330125404065338 0.06796165702882186 0.08383211922432052 0.08822118635287002
85 0.03654475531076766 0.046118094721051536 0.08617114930752473 0.03177815319356669 0.09171698215806105 0.04406510018271274 0.010581811710921787 0.08339365732905013 0.010618712992273056 0.01735063768115991 0.05470628018652637 0.029402242561991747 0.0504135831004036 0.08447199274617036 0.04437687479102225 0.03986664255739621 0.06096138142094799 0.081468526759362 0.0785419866830729 0.017451434606017446
86 0.07477013460168667 0.010505477859690759 0.07480695847792117 0.07962440897694545 0.03984726937046443 0.060773150993597445 0.027721234273036306 0.08221684581782668 0.0017482378524255114 0.05128907275516057 0.020717521563262255 0.009995196336867976 0.07987371200972791 0.042371716220042745 0.08922637066877963 0.09113164072342868 0.06485178949092811 0.016942406925631277 0.021748124641660083 0.05983873044091648
87 0.012001915803391308 0.10191550876556947 0.03269502032962045 0.043435229355371 0.09961214999068836 0.014309552645205219 0.048192195837654245 0.054896144287388364 0.031094600451849714 0.021395268015141973 0.05090315298065517 0.05122723846539125 0.08627803363284911 0.012056294255785527 0.043415639815840575 0.031316081726585544 0.089398424814987 0.035754925238756646 0.08100024202881018 0.05910238155845877
88 0.004897519450870233 0.07302769717653432 0.0006922239136107931 0.05758728868447809 0.06355792991610054 0.0702191131311692 0.0044872588741709865 0.10445358532105764 0.046655469196830085 0.07187017664400763 0.08975505859166096 0.016379113681492394 0.07121136870998457 0.0019114587014377356 0.040079621882829576 0.11338211786957825 0.03990685823492742 0.04943960457362214 0.01824550235269943 0.06224103309293799
89 0.022354440261386457 0.029529768130285475 0.1268436440511921 0.024466347777014334 0.05671207968031183 0.02196306332425022 0.10298430487360317 0.01664455992688653 0.07599604434059995 0.0374798472421678 0.09281028889771802 0.006928348828861254 0.04305147786254331 0.1010536507975403 0.04886815295093622 0.010647519276743022 0.0217323282835577 0.0754119461111167 0.039118171577159494 0.04540401580612617
90 0.01440748919281644 0.019419018720182268 0.11486783314816579 0.017927561135187023 0.019304037595854546 0.005420664926018368 0.10389044708125446 0.10168022509117113 0.10151797625227234 0.015326714074585742 0.09830711401227106 0.06316575357645568 0.03310893921370345 0.06419619904640306 0.037462272443449664 0.017064991718020044 0.016304147851774538 0.07234673428224456 0.022103295649783916 0.06217858498838586
91 0.04507233189912259 0.08198584924220692 0.0249260767234329 0.05624306764802589 0.04245555766164812 0.08090883604934414 0.0856930872195784 0.11256506486233812 0.00766752308125497 0.0486037999077758 0.049262705703176056 0.03774197716350184 0.001812467546704985 0.07846529327044133 0.07519642070629029 0.045705868110077076 0.027558945196785332 0.053851463955882174 6.863644322712677e-05 0.044215027609185456
92 0.020770608852966596 0.06993310885051143 0.039534558886203205 0.055384549401197004 0.06015064972443176 0.08090494909019902 0.05176771260158485 0.04384237732244447 0.06710175640061723 0.0369301683070381 0.07322669632225992 0.025178476915878805 0.06928091522312152 0.05491697931663596 0.04387296025584825 0.0695952925795692 0.011046710990208302 0.05708527450547924 0.05445153081716068 0.01502472363664458
93 0.05380363543995669 0.0016704203815254644 0.05752198419081219 0.08319440171220076 0.05076311890984688 0.010703125949949157 0.05067097201514821 0.09526102412844585 0.0455659822252965 0.025862728710523607 0.12659129662548047 0.07004284191064937 0.041525933818251495 0.10359358475997837 0.018563799644621397 0.014928486554026463 0.09163867353373369 0.0245506371334219 0.003024777760562784 0.030522574595568987
94 0.018716853441199065 0.08950897003651341 0.056633965628402734 0.05243122242900945 0.01659787370438328 0.08540743434212043 0.06789201292946662 0.057255874571559166 0.0025334463013989878 0.056097764738909095 0.07215856789802237 0.08157147806111034 0.015349496748687259 0.031483907041414065 0.03343518117061918 0.03681322193577122 0.025640541671499175 0.05651084751397442 0.07091771702412804 0.07304362281181184
95 0.009471146149977018 0.03663429482350967 0.0192139586936012 0.07223056239383603 0.0863762877110163 0.06457694745377034 0.023138882169908448 0.05968782321153624 0.05572794298770208 0.02061391857936702 0.027231817858225645 0.014391998662169841 0.051562346411236554 0.07619103968967372 0.06737412202151093 0.0916939467863129 0.04972738207156924 0.06316876305151317 0.036565724700127665 0.0744210945734359
96 0.06774969311471501 0.016205173838141733 0.015291738261657433 0.1262619487683453 0.08118872495817844 0.0634551778989385 0.06487846676652377 0.028681122996930514 0.02229152961844043 0.039582341753260517 0.007648673436353517 0.07533193304199373 0.03167610593226264 0.022061335935800327 0.10657643981590625 0.023562725996532342 0.025238028167551753 0.1130405177590451 0.0033828204037904715 0.06589550153563223
