0 0.03483133883228515 0.038965961074541616 0.02744833156756423 0.04884451418969999 0.022151092613287814 0.008921314221183483 0.05208390359763544 0.049738575291846214 0.044172956500935494 0.08052582553592787 0.046788368410416406 0.02504541651678075 0.07155160326701049 0.07962661154733652 0.07965626167554266 0.03276795883400097 0.0811386024104109 0.05901833147372084 0.05841845150889481 0.058304580930978366
1 0.01563977624801325 0.04763229768899416 0.057369712578096456 0.0413816407622311 0.05669091910840154 0.08598405338714027 0.013268722773070545 0.04631656410362504 0.052829991754388315 0.0897409051713864 0.053824303508285064 0.021761163405390024 0.09345943392119026 0.040763974992219204 0.09102048411515246 0.0014528656817304527 0.04271521993082231 0.030268764918642214 0.04649590617229243 0.0713832997789283
2 0.006695560753571131 0.02403907283039091 0.019283458511710413 0.07550240808363794 0.03865277640421 0.04574644994600337 0.09543673284890655 0.03663592664688025 0.07457032751207211 0.05906794361413002 0.05396918300581107 0.022305452634568713 0.029366225575361154 0.05173426819748117 0.04870526596814514 0.09931923806560983 0.09590393038684784 0.0512672035237821 0.039661368095984355 0.032137207394896
3 0.0666159269425383 0.010453676300976251 0.04760323782899011 0.07954504132735421 0.08782035486276417 0.04641979920613921 0.08405726759111459 0.05609637430470228 0.03245467962853701 0.07896262270991468 0.005711394943818698 0.07995186028161985 0.03543376092725929 0.03517135526675785 0.06634941809314014 0.08581949136293221 0.003047556314004621 0.01868825983303535 0.07768138386435594 0.002116538410045212
4 0.04807272593564428 0.05623196558209593 0.06276498429232112 0.01517062986088067 0.033213383381888395 0.03768532940790067 0.03254332668324032 0.005935533100913881 0.05139771740728885 0.09896507003039198 0.09958374321801924 0.04494881859487422 0.060002751397659315 0.07875726032817613 0.020213347624150394 0.0344743163791083 0.02421138828588501 0.04258369711196094 0.059125417163928606 0.09411859421367189
5 0.01706145273183095 0.08538664951266653 0.06652850315391981 0.07691097598338126 0.05303797507668811 0.07036680010295394 0.06134616917638553 0.033199111845845425 0.034176521492186356 0.024219078573586357 0.04061195313590961 0.03232764971359637 0.0707025668088398 0.0856691238983102 0.02681981865133384 0.037430022773798595 0.009237382334384389 0.061270651507628976 0.07107183592367311 0.042625757603080766
6 0.03594367563921698 0.02597684446004845 0.07327836608496295 0.05582502308880201 0.08738669791561927 0.08141215283284696 0.05358518365278975 0.03919872211062795 0.07173485843835985 0.050320131887999386 0.06414814915688309 0.014156284413914534 0.09181729395533797 0.03345492191127766 0.04420530690014113 0.0897999413346822 0.016022870702872342 0.007394875387864589 0.06159657757393923 0.002742122551813722
7 0.11516035091045955 0.010071244684838046 0.029355953742657346 0.06523430893077507 0.03698658217611968 0.015084537612406121 0.08141554971683185 0.08580634223088152 0.019020670584490872 0.01439773048697412 0.04020137500612474 0.05007053830610248 0.10869337951401643 0.008158383536732993 0.024180641889789297 0.10329388433284274 0.007499682975983404 0.11394865313232935 0.038901047592460505 0.03251914263718392
8 0.00832480687243513 0.019413552686643725 0.032823274429253216 0.021244095180913716 0.1123485797124375 0.013098008040235322 0.059729014884753476 0.09626466885570581 0.0948450260130076 0.09261297230287342 0.03508760893379238 0.03933307220141736 0.06928508110056289 0.053716425185032037 0.06299172669634573 0.07352343182216026 0.040416992460260544 0.02965488700431856 0.02454180252139786 0.020744973096453324
9 0.08779347769652172 0.0682353038160516 0.019332778178058712 0.06790720609805391 0.02618532381753255 0.08038201340432363 0.09039096874969474 0.061684958759243416 0.10516927669487057 0.044881408563096296 0.030193394725306327 0.005136679337375995 0.05422191714524645 0.044985532299831196 0.06701581158865995 0.031072313855949166 0.017028441352452833 0.08663930491712943 0.00581012252152945 0.005933766479072195
10 0.06784979408685361 0.00931589099750879 0.0048021372426456715 0.031597191742288484 0.031643416033135134 0.02043009810128826 0.015299589803539267 0.10023825962006892 0.026438820761351452 0.09099737822907113 0.0799730872466223 0.01820482148566266 0.021556446183523977 0.09832241467496015 0.08230490921517716 0.05159068144857982 0.0376665987924585 0.0604271606852332 0.051715281401606014 0.09962602224842532
11 0.029805342734365668 0.0379028735634847 0.04547545613483242 0.0652105851540782 0.07758978881921613 0.054117534367852674 0.061555897784161075 0.056646938304247114 0.07115113597293307 0.032246206095444464 0.02484866391297791 0.07151526469290209 0.045921801170005494 0.0046487016624442955 0.05397917484467326 0.047615133705404655 0.06722014704691083 0.03456682805386185 0.02832100759063651 0.0896615183895675
12 0.01011265044598996 0.05541927932086699 0.08437945901879278 0.05118268704075048 0.055056581785142965 0.0369405345360668 0.005187327461415438 0.0038529265999660955 0.08950895080046814 0.08046045945007879 0.011453402635110339 0.07043364549170397 0.04304590767321059 0.07669682290041094 0.0371876008273679 0.012110036129061173 0.08824361252509247 0.08126961235647523 0.05785690691508669 0.04960159608694222
13 0.09876248308967435 0.02636459825072576 0.04394268859059845 0.07536976185842849 0.057738968557773454 0.01937102204708224 0.026152359485869674 0.05500831862751276 0.0460669500264371 0.04604705035678649 0.040842624077881695 0.04250925656660941 0.0933623022646584 0.034728871521973924 0.023475313173545183 0.06258677938964068 0.062019306978762026 0.023482494614270155 0.09483899630031677 0.02732985422145314
14 0.05843242685494421 0.028366326448349084 0.07433956531499586 0.10078039221603251 0.06912606381981912 0.01747977637021647 0.03497906380567239 0.08192119861970476 0.0142900367021386 0.015604452774427215 0.05915303909007718 0.08298868922758765 0.013629784778847728 0.059192583251532385 0.08756637831777757 0.0026410673899916804 0.07541358746995322 0.07902466183973703 0.04177808922903312 0.003292816479162419
15 0.0829761353378983 0.06889548739699677 0.012276484824539267 0.07235105155926351 0.08317452080967988 0.05752381363032337 0.02942658124538662 0.03069356088654707 0.0243648752831467 0.027175813298346528 0.00879282392281576 0.06683616324334009 0.048378554830249075 0.006788176764583587 0.08969689505349772 0.07976223427969524 0.062401576285243114 0.056206461430920354 0.005279722579835817 0.08699906733769103
16 0.013850621716734395 0.04039900890672239 0.0007909903351018124 0.029660338116186284 0.06900849063323873 0.0363639554277273 0.043286111243996575 0.08839393638293064 0.01980792391961616 0.0015663244516738205 0.03855852737593974 0.08970694406772288 0.0981616637477683 0.09526070515825337 0.058411910195913866 0.08273532297475236 0.08782155747643365 0.009655686940179596 0.07579300538819965 0.020766975540908273
17 0.019196319920598677 0.044534269483067115 0.006953083938331254 0.08994822315722362 0.06159838383770023 0.006973468970190525 0.04668530885704208 0.014697255754020923 0.05497418146835112 0.09231766249292936 0.07054505069801392 0.08558705280145537 0.08104032301291139 0.007759461090079844 0.014048755395844763 0.07943339926048754 0.0068963282535556385 0.06945710731676426 0.07473801840594761 0.07261634588548495
18 0.0481552569495005 0.08616109407231205 0.05101306395652977 0.011654289720819843 0.07944175096305839 0.06009163165178596 0.09065936000768565 0.014692876852893692 0.03658472365880391 0.10274499451577938 0.006556863927391081 0.04000367493410629 0.056615034375446745 0.05155095678319791 0.06244631990068628 0.03984694918232692 0.004695482238491533 0.06257318714293782 0.06245021772527999 0.032062271440966364
19 0.05664931951235424 0.06154046478541884 0.08921452004938392 0.017913173658464378 0.06664898279038875 0.050994764254255046 0.08917055896777305 0.060229694061244586 0.07981704593373365 0.03224670545816901 0.002081618126171492 0.09319549366555727 0.018591086516826668 0.07340189971225172 0.023227089971203405 0.09377481385478632 0.03768245477766426 0.018974822981472014 0.025235562751716355 0.009409928171165087
20 0.05705845228994728 0.06462338461472077 0.04132934292743218 0.038802914864464313 0.07975793210858441 0.013603988436056418 0.051209716807830964 0.08012011078532252 0.027400777234886344 0.0106080591600778 0.013468808937092052 0.0015145046148834055 0.09797464170246786 0.09656659155364299 0.09315143417010892 0.06462663411731528 0.10165851113026647 0.03901329928350263 0.022062337393793145 0.005448557867604296
21 0.06206215995357876 0.02047333065592754 0.10556728995629318 0.05367395437619684 0.08015343043801619 0.027008346920617644 0.009927866481481645 0.027706564685854775 0.08113211804075873 0.014507052944012421 0.01578072204776751 0.021478081017317185 0.06895303326298878 0.006910286421458315 0.09707025681101616 0.09100340234012935 0.026551216832491707 0.03837290250696961 0.08797491993704488 0.06369306437007861
22 0.07094144007754902 0.06421456418121355 0.07983455019902143 0.04983445039010447 0.05183768113010813 0.03491954210791068 0.02967516265422414 0.04993499883614948 0.09174705843881821 0.012963374036031308 0.05171047538866258 0.0632472913713686 0.07873509394115921 0.040547617320918036 0.051438344001557966 0.0875977153171328 0.004138739186336285 0.07564740231119581 0.005571664561176993 0.005462834549361297
23 0.04968918427000578 0.03465776658866234 0.0691719946195672 0.03237119957076715 0.07003448750162924 0.025766288208599816 0.04158487294782429 0.04635748951674407 0.01603574306120645 0.06808042270243331 0.04235681817276477 0.05945985994905995 0.03855062046220498 0.06351216180006768 0.06618877707845529 0.05163743494898063 0.06395679802509181 0.05318354641348643 0.06728162135440471 0.04012291280804402
24 0.07967997288077862 0.016632911283080365 0.08109556141939044 0.0003309133109765213 0.07566431903990718 0.09184025384308986 0.04454273352370218 0.0026258249294001472 0.07187634395577285 0.02720009618628257 0.04919641561427945 0.08373242949569955 0.00614133343956551 0.011575047566108259 0.021247840674195786 0.014422180591409742 0.0641686411765534 0.08474655182913478 0.09041412100973532 0.08286650823093747
25 0.015412880015181223 0.08595298582940519 0.09996773876570393 0.08171732208327824 0.018974547045817393 0.020791075985352063 0.06306126165212622 0.02101900971193589 0.027324544333522455 0.06319696713978265 0.03478666916337974 0.04327777209520403 0.07736678469940031 0.012612830527077495 0.00409461624668038 0.03885761733267914 0.05959837233511449 0.08534392904512014 0.04815917181174384 0.09848390418149489
26 0.028706892981725605 0.014898469418070343 0.0808617332571915 0.04855197611555313 0.04054559331676968 0.03698174829090616 0.06827209366007626 0.08431704734667544 0.08942557258525806 0.03892649817234846 0.04558592669372281 0.07971621528875256 0.050320350586281336 0.055741960519960686 0.029454919027134416 0.08195588404315031 0.09440062409850357 0.018104080024489995 0.001538688905039811 0.011693725668389927
27 0.004230493696200154 0.002986159295061327 0.04652990498240734 0.06661809948624461 0.05223566124985975 0.017462179872350797 0.04674456597006737 0.0952031435709116 0.08274642967436348 0.053759548257174654 0.053982623855508304 0.07715478172068625 0.07364321545610607 0.029986147006600582 0.039434194354271875 0.048187109070422465 0.002698822198386804 0.0980826217162854 0.05282550391513004 0.055488794651961305
28 0.0682609982715955 0.014655883865435832 0.08060891775086784 0.030025529942111245 0.009328039214255518 0.09582881313992977 0.0858058945685508 0.08509157088609381 0.01053238392304966 0.07049914603523147 0.03189768830814676 0.031225948585800932 0.007290397187170495 0.05721626824489211 0.09959328879337997 0.03393908470655263 0.0205446869085162 0.08892682377455481 0.06697663387064076 0.011752002023223898
29 0.08849094956001209 0.014586837479940277 0.052420786031248945 0.038016557371539667 0.004659230149971209 0.09185755856077667 0.060248060657233864 0.09872830294930461 0.013655035031835482 0.03506160150177857 0.09529195733330349 0.03613100154372177 0.061086640022833795 0.024825725578235293 0.019019825546814886 0.004421520149739942 0.0999821894436533 0.02932756453296962 0.029903502036371165 0.1022851545187155
30 0.028821186133811613 0.02023718879707643 0.050416938394478784 0.03356567069835502 0.03292261372967502 0.080241992182071 0.02654352091556144 0.010572401150405726 0.08178158760390306 0.0030172329294511344 0.08886027045542506 0.09384783482848028 0.06792292483646951 0.018642903286221577 0.012877489300980286 0.08127113689149397 0.04074450999354989 0.1173883452288017 0.004784199935457244 0.10554005270833139
31 0.025172275202571426 0.03430365688981181 0.027679585018715 0.035828552212421746 0.10542174553485865 0.06833266926721047 0.08034296091477029 0.09142717471604303 0.021942435155100894 0.056674130503940864 0.02097034479853575 0.04392329202689146 0.06430095426375408 0.07230524084315545 0.06244585588881362 0.06792789932624912 0.02746864793780252 0.042143540221524285 0.040380277111674794 0.011008762166154743
32 0.047098050994472125 0.051246405386018816 0.037259876864274226 0.06051657174903646 0.05976494773173932 0.05868678175026168 0.03366670175769423 0.05696303864765775 0.031873029138702026 0.019333568884498137 0.005230487421824691 0.059707765951434684 0.07398434535384392 0.030245597676477904 0.05371099415440389 0.058660480428028974 0.0766998912117636 0.07387615817452102 0.04855246380115558 0.06292284292219105
33 0.07528774680090543 0.0651339170149625 0.05189128737879192 0.0243088774840852 0.06066973365461975 0.04986377714516704 0.05154398333486942 0.01588601420915259 0.048622126950834066 0.02162439869968242 0.07236640810098499 0.045007520235949915 0.026098833409803467 0.06845617193155272 0.04669222042734385 0.04077169255898693 0.07491878340954629 0.06993629737717322 0.06174725651342311 0.029172953362165174
34 0.0789998254640124 0.005682111581069854 0.034527462935910753 0.07210747698682397 0.04583010727790586 0.09578954718265374 0.10877410807299823 0.048548507903583324 0.03200729742945851 0.011284413753787147 0.0320362015927483 0.05494927273864626 0.06757006609259854 0.011517890052272018 0.09275018057880736 0.023187061931655883 0.05902505647556535 0.0280559228557512 0.07443790214993364 0.02291958694381748
35 0.020415326874114424 0.052522755668631946 0.0618973588840076 0.03742568817018184 0.06348690414841213 0.07062868815496551 0.08980842042104596 0.06770470030498967 0.04156936663624936 0.02184150958411127 0.05097526950917885 0.07072970704302226 0.0036937885432005105 0.037356852361911747 0.08410930291427798 0.022355192365798856 0.032474492286378415 0.045633950619347205 0.08312418888424745 0.04224653662592708
36 0.012388751612761258 0.09105020354958115 0.006330504936992681 0.07953576995071646 0.058224106440419816 0.061730392043729335 0.08876593682412122 0.06104834768787853 0.01624416684244666 0.0761438045483183 0.09574053703317469 0.018212416325009244 0.005292054960877216 0.05662695818604624 0.021931733401669592 0.04134525290983467 0.02973767189784192 0.059383023132022164 0.03634780243457743 0.08392056528198154
37 0.03458331061413459 0.08664689204541368 0.09183892590486008 0.005925735156450158 0.032083373651181524 0.007591148736768715 0.10062961044576096 0.006538298828467555 0.05190992422695008 0.08088305674968715 0.029103607884283386 0.09929149059916337 0.0005573745808182371 0.016517332622102605 0.03201593190191109 0.1011569916336685 0.014653021259522846 0.0061988977242302505 0.09798178572212385 0.10389328971250135
38 0.07050360178725591 0.04883895042054825 0.03553328166233666 0.04348410877309234 0.05244525404063638 0.02714972027369591 0.07880341976561783 0.0633948684102741 0.05355358568282325 0.0747496594533287 0.07754699728631761 0.03119880470343725 0.00046358134868813904 0.040023553323935854 0.016157622814657383 0.05549258647400133 0.051079285085893544 0.07204720913342488 0.041730384970924704 0.06580352458910986
39 0.07807880006184098 0.0068225857986571655 0.03850850597944381 0.04609711157805621 0.07211239167494309 0.04063325162457811 0.06935655951777117 0.01750083919526608 0.08576655419761658 0.06385490833381202 0.03229659846999146 0.08218011905152976 0.03849683014602184 0.014949249377263355 0.07267247308762335 0.06020915982026043 0.03340207283104627 0.07434110382151084 0.06318208358194974 0.009538801850817645
40 0.06138899089230368 0.05630316456954261 0.014748617229506307 0.08297640679099888 0.06970457780762215 0.079150574802299 0.06324180111396314 0.07030352731043182 0.02118039854012805 0.055408874745097876 0.018417717996652417 0.057504999865157266 0.08196604535461527 0.08333936891666405 0.03259291828862883 0.03878709148633198 0.018680565209098658 0.02446367186205708 0.0477453723499424 0.022095314868958604
41 0.05243676179160028 0.10242803525126694 0.02915770888888826 0.0009183306452074266 0.04569036978324474 0.016496561978748533 0.07606413332308576 0.05913641575340802 0.0702326755728325 0.09922928652180019 0.008177698512864793 0.08313687860937509 0.010043627066340865 0.07775491600482332 0.04093177795269677 0.036284041056755506 0.03087003891569343 0.09643390303075777 0.02194068762287828 0.0426361517177314
42 0.020537084222846048 0.011734539972560243 0.003579360317909346 0.031030590871408123 0.08608761769800097 0.06941675141146977 0.07965124365003304 0.08736689414109458 0.07995216840324275 0.0029491192279392157 0.03948819292391608 0.027276252268532666 0.02030301039627449 0.08771127763006514 0.055775920135864306 0.04822143715747575 0.021755598019416254 0.07713792320611994 0.07590294064182085 0.07412207770401036
43 0.028116553129496926 0.06599200402264536 0.019636299164702692 0.08910080499004501 0.033164848428766894 0.05180365255745236 0.038384804210193135 0.0748612640867347 0.05020241294568779 0.052047407247210103 0.05163836507729923 0.031391618518026264 0.014799341298252163 0.04670987474138582 0.07592588746630399 0.0869694023686225 0.07300141543136716 0.007389754272524143 0.029363204426169322 0.07950108561711432
44 0.060050610939336356 0.07152908413222514 0.09611756311219329 0.022299351487015156 0.0834434920154194 0.03143060683062743 0.03031214748147267 0.049117240058929014 0.09156983641960788 0.002724199177497162 0.07464772521792219 0.030589725124160888 0.05525139388622692 0.07755166135946058 0.04137895095836728 0.04469558556247767 0.08403092869789423 0.02335894284054678 0.017569488725425075 0.012331465973195005
45 0.03623252900885667 0.08557936649001611 0.04347828555913371 0.04905197620605879 0.03369042042236159 0.021033841892569776 0.025713937001258475 0.03795743364967288 0.019907755268501432 0.05814221757408744 0.06706492648655665 0.057998922339729905 0.06364309294783708 0.07681855982647193 0.05062503436976702 0.0018053374188258654 0.09018156411898963 0.0193241817505392 0.06026340679130712 0.10148721087745871
46 0.006917909002137556 0.005847103880044687 0.014498260944315184 0.12036030424945587 0.04860540669515798 0.07647631110520584 0.023323934831220257 0.11805754605455343 0.07411978901621127 0.033206000982376985 0.026227150929276303 0.02905246930428506 0.04707959452532031 0.0880007662130819 0.009366734514528267 0.048572693017532004 0.10719264590742725 0.04888955140158973 0.031944127199800304 0.04226170022648002
47 0.02254098680139335 0.09185217921600967 0.012970072506143333 0.06470384103334823 0.007990649280684237 0.01851770913688159 0.03500711314008441 0.01589932016750412 0.009547028782278264 0.08653838686901635 0.01219679832323863 0.061451433295829465 0.08442258266227928 0.06789607166957844 0.07491721221543467 0.08028917771163076 0.0496843353639646 0.08275929707352211 0.05777613354689017 0.06303967120428834
48 0.054858672331347676 0.023707504934053096 0.017238386080362253 0.0865114620926197 0.007476400794618175 0.0533913222944681 0.081423701460719 0.007757743061507801 0.0035922803222906605 0.02977315527137675 0.020703687146083734 0.043136872764860064 0.09069398399096153 0.0666334152101183 0.09398658228982008 0.09726746910854263 0.06305273643571699 0.043671571768930315 0.06282044861305831 0.052302604028544815
49 0.08986471830845233 0.09260478556843012 0.06369849156638376 0.07864284884039056 0.020816104806542723 0.0069072632192578995 0.08872788331906943 0.08126630939824506 0.043958944441543364 0.04392213148885605 0.030185938006418195 0.04212401547361843 0.07804553189795409 0.07837983148112532 0.022742381293598582 0.03297343911968788 0.052425148541118745 0.01952790990439657 0.012765049023625496 0.020421274301285677
50 0.024461870801864426 0.03746178044811918 0.056025174280415584 0.025224576240485293 0.0917764203216147 0.02338936423226857 0.10285407867731683 0.05722006114452301 0.09809588552373204 0.016744637916861538 0.028294086431177968 0.006818397846357055 0.08776901668382421 0.00015897512060688527 0.07137002933434028 0.0655786620765133 0.09133766143581103 0.09906889322773105 0.016347544156303906 2.884100132993262e-06
51 0.027470461399231972 0.0462690391922447 0.047200557962680675 0.07338120033543881 0.04545575498253838 0.008282277333928322 0.04742439730281389 0.0006347673983462609 0.06714699708333119 0.11180353735612782 0.0494820330291156 0.03550262439082336 0.023600002823168972 0.007079308970844452 0.0900750952957614 0.06856726874951738 0.032267003196340176 0.10555401273412483 0.009333526706247946 0.1034701337573739
52 0.10005537472423778 0.041609983452864395 0.0932277417443463 0.006657178568473833 0.04309671289002478 0.05011338283128894 0.08084760893398242 0.005410417913431675 0.04495634875899119 0.01402975280927957 0.03740694318803473 0.06924107918414678 0.03604577987278669 0.035789368845924645 0.014855556712952144 0.08166064431523844 0.0005513024118501665 0.10133765882162893 0.06382643154486413 0.07928073247565237
53 0.05482771996278755 0.06390292247276534 0.06953094321018652 0.06598533816753924 0.021780388467378956 0.08004058936471915 0.017365013692987454 0.01952446401132418 0.02453931988575162 0.043365094166607276 0.06264424037958531 0.048348182596997996 0.09471067375719276 0.06578304790704348 0.022113829937212996 0.055169031512916474 0.08547570580780804 0.016703981371153497 0.07210364371691946 0.016085869611122818
54 0.053816458059991454 0.11990124691166865 0.020374198898946826 0.0067603792030665735 0.026913006658092115 0.02472763275032271 0.07164500935335644 0.09511238056206203 0.027086647033500375 0.09920231542868671 0.018686502629103874 0.0724786820380671 0.028919636411781788 0.05401509226287137 0.03546160996615522 0.07104671721023258 0.07204040543250062 0.001991245939403321 0.07132066355348753 0.02850016969670267
55 0.013455539358113043 0.061328545024450315 0.0666485977632954 0.06730352529529851 0.027434624921864097 0.016236254211111238 0.1127574620570449 0.08417245810156171 0.07594736124350021 0.013500700299070042 0.07770819710728068 0.031259080113459854 0.054546354208507584 0.05381363849293564 0.006962824556663148 0.06964945309757561 0.07458657673176368 0.03626795499157915 0.035330422179202146 0.02109043024572314
56 0.04114771141486716 0.045425263763420556 0.09382377138711943 0.009965351243435536 0.056033547282571254 0.09184930718560345 0.07034236097289742 0.03023672142495969 0.06548484853966528 0.08951072888698436 0.07539231411094711 0.0019545079780489733 0.05183509169931382 0.08846495172121861 0.08682403971220876 0.013751836179153166 0.024034484646049396 0.028631781186213987 0.013995466230934896 0.021295914434387164
57 0.06297728509191539 0.05195587881567335 0.04774809975999415 0.019489568967421895 0.04653932915811039 0.05735945000181947 0.05464466226895331 0.02858723102619814 0.02855038900509996 0.08704008669026296 0.043258750744396564 0.032841982946781555 0.0937158632517889 0.02302662686612119 0.05298959216763046 0.04029109257750058 0.0009022666207791074 0.032772724580003916 0.0995135824766129 0.09579553698293575
58 0.07959098926659436 0.05941191557787665 0.05503870638079185 0.009557914500567588 0.0841170070858784 0.08403397549303883 0.017384819219823516 0.05887456599009981 0.05491977883218878 0.01532058942559046 0.024432954045288453 0.003595582734032335 0.025109254640236146 0.0767565791104694 0.11100705034373883 0.06358486262977985 0.06741032479440925 0.0367186853415433 0.003916941296351872 0.06921750329170043
59 0.00953291199827832 0.04358395085901417 0.09773714784809681 0.07769871178535306 0.09701031485533092 0.05077613015650628 0.03577774053947324 0.016517692804778345 0.08774270771117876 0.00968851514402056 0.069707024317422 0.08659233724613356 0.01424162171166598 0.0820091200148275 0.038003758622458944 0.07125109822980417 0.02422535650628075 0.01935478859527765 0.004950732272127922 0.06359833878197092
60 0.004286824054775783 0.02072986800907447 0.07084959446989718 0.08049806729875382 0.0558113501912201 0.03983761229457398 0.0658588435107097 0.07616642876201016 0.0806474068101284 0.026719809516718998 0.05146185071833947 0.034550971702407736 0.07879576870944523 0.03752289334592206 0.0802081877407721 0.04345719987288695 0.055252932829597715 0.028652525877091682 0.027532869702101573 0.04115899458357278
61 0.09408613720367633 0.098592704074205 0.0018075409679129103 0.025216911413223846 0.08419597038190024 0.08888120884265431 0.09714786617684874 0.025010944433082393 0.10354689067487578 0.06153636906168893 0.018415953868004886 0.09191592983394486 0.002526348144739498 0.015999963149517377 0.03449755572556592 0.014309341981135891 0.013549193153267351 0.08314090118250089 0.0063230539714490205 0.03929921575980581
62 0.046302599298864676 0.004991557414699448 0.036836819210542014 0.02429630985720133 0.07418509638752771 0.03111386139474724 0.07494599299695609 0.07697861954361132 0.049817579882006885 0.004331098319928765 0.05949904656568155 0.09721536195173282 0.07660360058572334 0.09075051134862351 0.021882876637149176 0.033523016290102514 0.01743675956341249 0.07775408953008642 0.05039754761706374 0.05113765560433899
63 0.0643653256625317 0.04622964243790239 0.018994839925377833 0.07288772859464171 0.045142689210228536 0.07701128873186809 0.03732283817002498 0.06366208003241804 0.02313324982956492 0.06033648986045156 0.0008142606754620153 0.05531649965030292 1.0947637620216461e-05 0.05872949170555576 0.07558528563339038 0.07357417014730859 0.0038391649138384085 0.08407625169909325 0.06119249086056909 0.0777752646218494
64 0.056034117515524354 0.06929062360099911 0.08920673650063392 0.006264550416347476 0.058327001470572896 0.09114490905881376 0.05477217250975426 0.03524304942006872 0.09047143639468497 0.03583422018846673 0.08080229798356749 0.026956522889504595 0.03103175279483142 0.0007261602716913681 0.015964895029144877 0.03653470684305878 0.0019316823706864229 0.08125771297648766 0.07365734358914851 0.06454810817601267
65 0.06754506561785747 0.054525660813385994 0.0896250848312768 0.048606141370563856 0.05845169908100665 0.08556850050483855 0.05829265666703939 0.054037892201138034 0.019179128837807292 0.07433831307408709 0.07577493100945942 0.02913104677666772 0.06274031618606728 0.0023629847005288023 0.08747510870756804 0.0031619978999041336 0.04867457848735389 0.035971991168292916 0.030599618668146252 0.01393728339701031
66 0.06705266316578641 0.011996258605604534 0.0065403490675598214 0.06297644511660981 0.012551296260420581 0.034636905151601304 0.11303100071822407 0.0337123211283245 0.11019929772695229 0.005873407714107325 0.01397134036443092 0.014843551512793002 0.03701763924877417 0.039248924139037786 0.08817949211814165 0.0894749493303257 0.1088399263344898 0.04500771145228846 0.09295529252400554 0.011891228320522206
67 0.04442287066850405 0.018303747051647647 0.07084251690751306 0.07251647606727232 0.021502907565893792 0.03179983741162844 0.05283945937098182 0.09483389949310626 0.01906748986207572 0.0029653140684073797 0.08287920039483922 0.09256249647153253 0.07623556799933803 0.055665613937059176 0.056495675959933496 0.02715731924902159 0.05690963240288219 0.07518151234185289 0.026498689956894143 0.02131977281961643
68 0.06701532269650602 0.0014105132733698443 0.07575875963434606 0.013947378684053916 0.004169674034085045 0.042974856109140966 0.008188275146137642 0.03809286704191729 0.04734006715886901 0.05799801169424731 0.08723119895998568 0.05939631130312082 0.0702200591686878 0.043101181791080155 0.00627176968848733 0.07909117336786249 0.0904445034247155 0.09115397436792885 0.029294899699516687 0.08689920275594179
69 0.0700658636664275 0.08394413628939189 0.017474096019193672 0.07150335987262646 0.01568430065797538 0.03870083301477646 0.01378982902143855 0.09737887265196013 0.059574568293715616 0.0381809105587458 0.012348633113906892 0.08945880266088341 0.01627485905971688 0.037113551230300496 0.09443647684448515 0.07895264474646714 0.0460456787425625 0.03809066361041062 0.007086997524920477 0.07389492242009484
70 0.05845291140616032 0.03559086025472496 0.03824831749647256 0.09300136306690482 0.09314125274618966 0.04493184173762724 0.05098134106043896 0.02449102336355372 0.012199052877952659 0.03363064614669963 0.04522095038265012 0.039911728415954396 0.09809745302299769 0.016131355418404658 0.07593504391783835 0.05900974252389113 0.04039768325521878 0.024482252217422364 0.08315881037289771 0.03298637031600034
71 0.039544599738918856 0.09413443297709541 0.09257316368358819 0.027311716764619017 0.008173714398583524 0.028828609795480596 0.06754859515123553 0.030292097246781786 0.014987164210814755 0.08048543217191007 0.07102510486578384 0.08376565121672405 0.0697400343096602 0.002437068746004422 0.0035500001688541505 0.07098200468347163 0.024819565108072515 0.06579471479900642 0.05077144626814947 0.07323488369524554
72 0.07862773142912256 0.0875175098642039 0.05403604960305669 0.02214508635891336 0.025452310112673404 0.09293852866171497 0.023224662628578297 0.016835854744101906 0.08035746609621752 0.05932287898464015 0.042316111716556706 0.08484672208429854 0.023521334258693266 0.0007635883107109244 0.04311272513495673 0.04026609049733362 0.07679661792125342 0.033797315955825115 0.07452158255478626 0.039599833082362604
73 0.03083826778539301 0.037492102960832066 0.04396648848340136 0.04238127509309882 0.0037123425564233427 0.07032148461688868 0.0816945361508454 0.041301954617530626 0.06797655271912854 0.006910836492651764 0.007567213176508341 0.10603206785077994 0.03846328825778813 0.09104393661942928 0.08460834726664407 0.01660181807133156 0.09070281985676437 0.10795654478708952 0.006261738911088217 0.024166383726382863
74 0.018914584239278578 0.0840544798928419 0.06974112930422505 0.02719382141484824 0.010592377663721439 0.09128250429979261 0.0732470729954305 0.04178080473303592 0.09051269711019895 0.08072234824767993 0.0229720944670492 0.09348567442231387 0.01988125340535023 0.01529236622624034 0.005453812645354209 0.04116429265538333 0.024456258818275456 0.04766482278109121 0.07777917574957796 0.06380842892831111
75 0.02730801045857925 0.10307979272639999 0.023128246709920662 0.08275673174115004 0.031107234107610012 0.08942995928656064 0.009185637425714535 0.007492186294238458 0.07662314158810836 0.024804905122371816 0.031073993661046434 0.030210878933404132 0.024989542818389686 0.10186728219279817 0.021624007606391646 0.057110486154569186 0.09670144318166911 0.02764559590248733 0.036152125984367615 0.097708798104223
76 0.07275363084762734 0.031675360254917136 0.04719832287702144 0.0597701359521082 0.055791245407398826 0.03589151990115947 0.005794478437779163 0.07200477702728089 0.0016416169026164384 0.08223669616415784 0.058215218999310515 0.03231509776532331 0.04182959824016384 0.08177308139312113 0.017913060886012085 0.08445755630191082 0.07723870953009668 0.045860486505063594 0.03125876829912685 0.06438063830780441
77 0.035095665857057964 0.09790975128015122 0.011685387374952833 0.05857654791437549 0.06365521738586864 0.02000808564377863 0.07971881782484024 0.057395448984365896 0.020724798945971158 0.07950770324724729 0.04560208465419462 0.024806154527991415 0.0248675699576026 0.0192989008568924 0.09561530927475702 0.06604272783868506 0.03492974040705726 0.00019862149187001578 0.09338626874600803 0.07097519778633243
78 0.09191824917866946 0.09401382252679372 0.0699888610941805 0.0735891997548198 0.04737374604288956 0.03150153887146616 0.07681096297523356 0.03979475416009716 0.023541561500885558 0.03069531331001324 0.0004958595356091837 0.04671902814576726 0.0034577409676650665 0.07184783741618851 0.035845525217473466 0.030676400166251956 0.07951417307487843 0.06908309748227794 0.044076792635928376 0.03905553594291118
79 0.05362714922374183 0.04593372242764913 0.07062311953565918 0.025282233880987708 0.06545105470109913 0.07890535343388716 0.028731036024180753 0.07953898326738362 0.034215435667509966 0.012721604284284142 0.0067114424252628 0.07745240622395475 0.05475084033987877 0.07623620763394735 0.018737468402800845 0.07824113986968334 0.04241670403038214 0.08136050237195595 0.05698249462634719 0.012081101629404251
80 0.007252230826671582 0.0038217560534265877 0.10618129951131068 0.038150947534119954 0.033557868997421164 0.005208339380440485 0.07246740935427744 0.06426826844948155 0.04796154366032016 0.027125007094077766 0.08974502889787643 0.015282018570221784 0.04982226858818748 0.07060870290797831 0.0905166775133162 0.020858429182267615 0.12084502168621643 0.0651951237064552 0.04027849815027516 0.030853559935658033
81 0.06436007708178011 0.022372083378336464 0.08545448176342697 0.05926236836246585 0.056878902587795085 0.057113310085730666 0.08471809163934037 0.03965834128128586 0.07843889608149254 0.026140174159838204 0.06693512547192175 0.05224048438546235 0.08278743169092545 0.05034465131311535 0.006743063659011916 0.014717014633099988 0.04026961322219277 0.05009549392188732 0.054750981755923744 0.006719413524967102
82 0.004850376524713113 0.07131105047661226 0.023786736131668384 0.06214742777421097 0.04899185220264084 0.02878925566502646 0.05541133484628557 0.057861507464642484 0.04197048055328021 0.05257000562811456 0.06993398251846665 0.05522168359805431 0.04802997914770152 0.07110993952127151 0.05970128611231301 0.05226461645225143 0.053273063851766535 0.007959710766173588 0.07744163133473081 0.057374079430075914
83 0.0021267670896066627 0.05939670451449097 0.06965300996830592 0.06596306150075877 0.004808539274839694 0.025882232177498698 0.0888342510329821 0.023081168713022026 0.01794472029005176 0.017711857583833424 0.09301201332069166 0.08240820427342531 0.08926571815329969 0.07573434211390823 0.08599803287827516 0.06777987866842036 0.02304136942848092 0.03621272988244813 0.017417220272163993 0.05372817886349668
84 0.045697223916775394 0.019293874660615676 0.07090970524740121 0.024344663663129873 0.04983034812272197 0.018472689313607082 0.03961418214475718 0.08270374257640598 0.06146993589268005 0.07034556621983173 0.05320685854666954 0.0481311408870902 0.05141491827469868 0.06898123709235951 0.049124934082578925 0.027637303992698214 0.046672635581927115 0.07711869353792626 0.019546012240851736 0.07548433400527359
85 0.08774468406525607 0.0852855821957124 0.06142531743771933 0.02289747027095607 0.050758985490510215 0.026336623355640104 0.033621661965097305 0.0373542621170734 0.019679916595373315 0.01971895649124905 0.05075650550149683 0.00089114108218711 0.03631417330881657 0.049402892600523746 0.08095658544855436 0.07864750302416479 0.06911271032522193 0.08629625366331649 0.056656821255968604 0.04614195380516241
86 0.012353906859943694 0.06896332646713978 0.0196326567455264 0.01921806874870463 0.02957761515311996 0.014477377805836978 0.047159809375214426 0.09274287399983404 0.08002204575298907 0.07113986001438552 0.06688424126270985 0.0006746732026981887 0.09518809476347498 0.039894813377473 0.037475277438838564 0.06506126989321806 0.044622258068155625 0.09313518481190486 0.01133285389332081 0.09044379236551182
87 0.06577380416491126 0.07836280963779738 0.06413729549675436 0.07073636779068188 0.019488060809191684 0.06499583015949208 0.08175048239807381 0.0029375211946923155 0.048706771810968136 0.08573983771632514 0.07010433328551892 0.030701222037510516 0.04977026293311848 0.07212674469612859 0.04640419729076781 0.022525599863043113 0.015385874868317655 0.004320548678179621 0.08095145711857459 0.025080978049952813
88 0.027031461655368932 0.03426758853416219 0.002892816637301459 0.009652423185308017 0.048809819818524926 0.06929857472807321 0.11288049318292008 0.08568375923197706 0.11454290738641613 0.11360259014900503 0.036211233461995396 0.07046100665830612 0.05039228420619947 0.019348572073046983 0.05377704550166018 0.02095851725267592 0.022614274443006892 0.06514848298188278 0.026405777078922048 0.016020371833247327
89 0.019223487947525635 0.08405021542823407 0.08585650413299017 0.10514685073525731 0.0044044568135888544 0.08155496425536157 0.10400696670306543 0.07436222037084504 0.010457876057285518 0.003705560991458389 0.005237865659511102 0.08561646017886927 0.04632517309242181 0.06940075225203796 0.018984662409553488 0.006077624358666732 0.05857047299971952 0.043306321250985345 0.0078082264922278355 0.08590333787039472
90 0.07833060986546617 0.017609710206847404 0.09520823179685685 0.07657984211276486 0.06081104251069408 0.011339543255262355 0.008060337189292313 0.06425085547611253 0.015081662905504431 0.02063758395008199 0.06383961113646916 0.0910760282667906 0.05869210655423129 0.07307262721641251 0.06524128490735318 0.03878646322648756 0.06442917564348435 0.02453285412197721 0.01251210178775428 0.059908327870156715
91 0.0925527369960325 0.10234549071214491 0.017770090347574236 0.09434724769206194 0.085152239010263 0.03295370728790124 0.07429776337047542 0.02770121015348977 0.04658140387438524 0.000825854669498645 0.04435793798480925 0.06446195604519582 0.023104883139735282 0.024213552144491574 0.04489195159463835 0.08156696661088163 0.03804205189898086 0.09393532190094009 0.003649576692420039 0.007248057874080476
92 0.02711664926501914 0.08063645869067629 0.09324062859138908 0.058219664509273523 0.04529605921920155 0.04988054046657887 0.03663677181493354 0.07929308409652294 0.030851715381167953 0.08717772174462687 0.03886941683885455 0.03022150822341663 0.0805316850797723 0.0730734145495517 0.0580873698285746 0.06960030182172769 0.0013560581317912975 0.024530130208617742 0.01390996342463983 0.021470858113663838
93 0.007768114775294207 0.056049770874377576 0.0015736122958395263 0.07038048444202794 0.06054027937255245 0.06942744279348731 0.05077796704634583 0.05972114538988203 0.06843745167583619 0.00950429613435721 0.049147702607430864 0.08539086562646564 0.08493201431503687 0.060148653304095495 0.0031821022625495806 0.04860014588997027 0.055881562660496216 0.055967141258378234 0.02090959559058806 0.08165965168498857
94 0.07332355220686283 0.01836752347834732 0.0433277903874925 0.06321290283391959 0.0770017062279266 0.014724747374187585 0.005524525719188411 0.08474186525420081 0.07832127471443505 0.02785831118049017 0.058631151718707766 0.039716257513287646 0.06553890167717659 0.05831873960421029 0.07721907788461645 0.02921917378065619 0.07053267876206352 0.03719480170731642 0.000476981295921214 0.07674803667899296
95 0.07206767377892709 0.007781564450912768 0.09102211357363556 0.043452538484898474 0.08195724850422821 0.0034079050827397444 0.05862365276045668 0.09319431058993649 0.00034169741804508696 0.10525175390901989 0.005145631822288469 0.07158925445287571 0.06486132380052224 0.05076345595722837 0.032865359605353375 0.02863462475194031 0.04802553102481998 0.005095517338248809 0.02268043830380311 0.11323840439011955
96 0.05806437997401604 0.06623429412869593 0.04173036506782729 0.015016475149012314 0.04004531315050229 0.04490445881424672 0.041317868165533955 0.055127981156806 0.07283643838345213 0.04231651359806794 0.0482292999107289 0.0669810781378785 0.06704418533637369 0.06047359084590835 0.020840618848923024 0.010079451851912523 0.0007073062394545014 0.09076503952180634 0.08416129902632426 0.07312404269252938
