0 0.010818350839978029 0.048050500208127726 0.09311430237520296 0.020598410661480486 0.013998538739242004 0.09449648242631185 0.03202050768864338 0.11211823947452744 0.0720568746238891 0.06550398048225552 0.11132889456878213 0.02641491729247312 0.0974459671538052 0.001058120790724127 0.01604203155421167 0.013519557189532933 0.004551559374959499 0.011902866482353155 0.1149628164561568 0.03999708161734276
1 0.037648716200662465 0.08262802336778949 0.042802891190013063 0.018098339909305892 0.045896576958633806 0.012511572984409629 0.05577108864117935 0.07644480444296395 0.0656330611223957 0.02782556277383659 0.07325055459951624 0.08211073373181615 0.0607742274306964 0.05324873436262435 0.014320579973161534 0.06033265638657797 0.010875077237256461 0.0593797793120626 0.046019513012702004 0.07442750636239621
2 0.01970426682377459 0.054987708208175855 0.07694170365347651 0.05998040478966052 0.07229555920146621 0.06527751840533175 0.0365085654267113 0.08596961816490166 0.0009631360174023882 0.04024648919923202 0.0745015216251536 0.03544298748775065 0.05637292578361904 0.06950524927716306 0.02809661303346103 0.050732426998371924 0.03944022525656832 0.07588512549504738 0.03441319084513371 0.022734764307598295
3 0.091564938150847 0.04256112350559259 0.04025273171259508 0.015260775392232773 0.07043689155661843 0.037664976042653356 0.019389561697373832 0.05321025755430409 0.016391878187064467 0.011927942569550756 0.11694231421466073 0.012135583467543188 0.09495272050616312 0.011843158652474284 0.02609207780981309 0.08736957945070205 0.020599183554469908 0.10552878934997673 0.03008016770727587 0.09579534891808857
4 0.08698301174353619 0.0003453654308907797 0.02169633381521942 0.08115848629159214 0.09417736339637715 0.014974203334266922 0.009523027845786297 0.06349649394410459 0.029931019974714236 0.099397466814934 0.05129024608671679 0.044315547723290175 0.07207410546912571 0.04996251995564626 0.06980847230287932 0.04058946615416799 0.04754147535374729 0.012059759415965505 0.09477679220761705 0.015898842739422263
5 0.03077996172967879 0.024784066095945082 0.02904303844206199 0.06550365503271287 0.009843439805658763 0.04477957327688051 0.09509790030708834 0.09455753974491089 0.06064386362670614 0.0533251839993701 0.054410444990162884 0.016013982525509892 0.007051888227901775 0.022785369567785405 0.05863834905081962 0.0710770489197919 0.04743998300545783 0.06409807125914951 0.07346809387621837 0.07665854651618946
6 0.015733742220709435 0.08968080446999516 0.06054493019349606 0.027854192760052347 0.09203430397105535 0.07869228025582073 0.07696795937763905 0.03959601069516791 0.07910355897985179 0.018886053898531856 0.06021030405435107 0.023563462752890715 0.06957324771941562 0.05990130196573948 0.0006196219617656705 0.09091049373490967 0.04479894021957447 0.03726818148474169 0.0013706144855626294 0.03268999479872925
7 0.038564448555925834 0.028587993223889205 0.07317702840780656 0.02863169997247822 0.053689203786237906 0.061520808610029766 0.03983769708036248 0.028061968289988824 0.040783214293299334 0.08464157654737185 0.08872709589075078 0.004714743013874267 0.04045102058424453 0.05477716067115974 0.03886228866933186 0.033487744334994796 0.0650943997537191 0.07629541392813546 0.08244912320661096 0.03764537117978834
8 0.10260512747576028 0.021846267111734683 0.07578814403758205 0.10987411838006048 0.07927530210412335 0.029703275063228163 0.023377908628055322 0.056976795809821894 0.05146552640034463 0.018124977237987977 0.00497288364974591 0.03877699115150053 0.10089476035974024 0.052895133268427486 0.004700558022782803 0.06526797549097627 0.006326174001698821 0.0695664893308092 0.07040390731708801 0.017157685158531888
9 0.0845900542177941 0.060627424283861565 0.08333908790949356 0.012517453665637838 0.037076804569804285 0.04702026914071033 0.06410787649186417 0.05455584685548461 0.005037369729158088 0.04400159937191497 0.01322317855544437 0.062034243179174525 0.0789790119634545 0.08495440137244059 0.010484182311454341 0.08101793616328573 0.02000439435026932 0.020384811665391654 0.07860180196611093 0.05744225223725051
10 0.09397333283845725 0.045100136465887064 0.01034167938938501 0.026007639956899788 0.10325123789548332 0.08525624201879883 0.069402566730693 0.037386485927264734 0.11555016990618504 0.012647324402606274 0.042750372517092225 0.08709094972127154 0.010847111942890574 0.00552276848164475 0.03202054454470532 0.08357639847876977 0.03415928943109087 0.05771697767044351 0.034284450878241564 0.013114320802189562
11 0.05948451895790375 0.0243329478631946 0.02061915844527448 0.0523014260418016 0.08450274175641997 0.0831030796611521 0.0666613597302919 0.08402014749525279 0.05256903472226218 0.02867654806746551 0.013775668458666842 0.01892792376011006 0.06006433551388618 0.08207770186382715 0.05879887205123129 0.06418446502355112 0.030935031326974154 0.02853003226556042 0.04855695055316753 0.03787805644200607
12 0.07517091989640952 0.05769635097200106 0.0678567669156322 0.06925951667545188 0.020802461837459933 0.052814153836879076 0.02856166190156374 0.06466303791512949 0.07666521432419804 0.04393730983269542 0.07814405099568686 0.004879318543224844 0.06537791152623786 0.05712909939253172 0.018857828091668156 0.02830630434502495 0.0255906494695998 0.08232495534373535 0.05127494841598136 0.030687539768888696
13 0.06487307327649686 0.07351831235150745 0.08711380187053773 0.014065371433374439 0.04390403600970877 0.021887974845795275 0.02928559095029266 0.09210419075852813 0.017832189343520165 0.0910799124457569 0.04415668959046527 0.005383857730417706 0.0707031622214057 0.07599658915518319 0.028608335860877035 0.00718997916245532 0.030298184018157648 0.06064260766524131 0.05596189265804058 0.08539424865223767
14 0.059470104827515705 0.01496046380906638 0.006677973347525584 0.07464588363972552 0.10287438824624846 0.054801697984921426 0.04052420258097186 0.07182608789951801 0.06315793994114674 0.011612455316857525 0.07427183236118347 0.04291899336291696 0.06088861983965913 0.018325336715014722 0.0729096891801623 0.04022840149010704 0.04470339188198452 0.002772490919780062 0.11017386528729124 0.03225618136840324
15 0.008196039555701914 0.04939944727799623 0.08645064326395895 0.0933965626341246 0.08759960752182687 0.016471104445694846 0.021918553925914058 0.012569446634700727 0.07514684990831903 0.06500750010837184 0.08622604068700834 0.024109037835888407 0.08908908848502622 0.05511316295488264 0.06967349073413612 0.04048715748906328 0.012355344395591657 0.06984924774286243 0.03209713005860294 0.0048445443403290255
16 0.014571501818962874 0.09217993418365271 0.09231030123324328 0.04985462455733283 0.04599410473612325 0.028444288284859117 0.06415739290145477 0.06836878691645508 0.030042111628125145 0.014422277734627073 0.05262807081147377 0.022394788354119257 0.06455714159964689 0.02348036274927655 0.025619193233149682 0.08517999926976944 0.09104012139969016 0.036328899756432866 0.03007619919437122 0.06834989963723394
17 0.02833660316518218 0.05454947856982443 0.08404261105792264 0.08935932325503988 0.06992191058334822 0.08667543198471586 0.03212163587419784 0.06298714476365008 0.007193835120118459 0.03035391223031723 0.0605863825419882 0.06240796716681125 0.08027373433759034 0.06430638524477363 0.007418150934468275 0.061016829918621236 0.002266856682886846 0.052450127502259324 0.02707290264460042 0.03665877642168359
18 0.01563016033364763 0.005804449479356776 0.072712088041748 0.072149896269895 0.08356233057491998 0.04573895186836217 0.04222158983037407 0.05782427451494566 0.05754842331550673 0.0758392811425553 0.0026961907020689674 0.05317310795755326 0.08599754574613594 0.06517564221293434 0.056884433822635354 0.0034317252773103696 0.016224552360471642 0.052731027793543925 0.07156528509469698 0.06308904366133787
19 0.0451614557581584 0.08826114506977084 0.08366893220278963 0.013000121561928708 0.02494407186328899 0.08460716978322885 0.029147185080230592 0.0537027472579025 0.08582795382993832 0.0851245711854683 0.07367040643101101 0.06469675449960395 0.0067557150296767695 0.042019958284173084 0.028842811023748676 0.05209440728187226 0.00580181758863701 0.03531768142295993 0.04645863319613302 0.050896461649479065
20 0.048201163065770866 0.025899577467537977 0.09326033719158054 0.028830873508420157 0.018413538460628417 0.044103171811840106 0.0769982266442 0.04835038740446086 0.07499964120797559 0.05308958520933256 0.03560484261289859 0.02306106109277082 0.011068148695574459 0.07980249156135594 0.06008821177461574 0.042315807571407134 0.05234466158659185 0.09122255511888631 0.02856327404156697 0.063782443972585
21 0.01566506932945955 0.022417619165044513 0.08895100902702104 0.08653939392163881 0.07954512206440721 0.05828631272777342 0.08289666429280232 0.09352911480138679 0.04386560095291443 0.04758200072731638 0.0404343962884412 0.0027747665938667385 0.0781896547574018 0.0013409024890431286 0.07861649834924445 0.03161231620537372 0.035575738389868224 0.03198125975456331 0.02823988358185783 0.05195667658057528
22 0.058267908595009 0.06986458329225084 0.06242927098879185 0.023664438038155138 0.07455392218660759 0.0167927436912658 0.06574612729590044 0.006610500481616076 0.04877597103342139 0.07141918068433484 0.05394936859563549 0.07714381869325689 0.017446237523395025 0.029764501677792238 0.005003050988595552 0.049471286879305916 0.07915475234788298 0.05045152284241419 0.07761266984924739 0.061878144315121585
23 0.004329693088717146 0.09550753601869702 0.013360764331182587 0.09867855850503635 0.004472521921935501 0.05256293745109373 0.01907804350778598 0.09893785496442395 0.030078001208978772 0.016842405172233527 0.08720067182352834 0.06611839050259499 0.04809934079245663 0.04139339274397333 0.0855598097973796 0.04895779515486414 0.06932146284332491 0.03400683472314172 0.04595600498970269 0.03953798045894925
24 0.007901347160189896 0.03850565676693728 0.07889502053387128 0.04381187048330275 0.05814601636560306 0.011775947932809993 0.07613045814031143 0.02160875589096927 0.031600569933415215 0.07287636344749795 0.038837196748167366 0.08402410681324973 0.05972639199442268 0.008231871063596881 0.07226328176339647 0.03379211349797944 0.08062211528177694 0.0799326638010991 0.01968795544417273 0.0816302969372305
25 0.0073122019764919124 0.08634168103485189 0.0766831977643767 0.024978129289020868 0.029944494353543488 0.085603066421908 0.03246177958975593 0.05017843889033409 0.013013846355658597 0.06566046697570062 0.08588795275949457 0.06898627343142913 0.05725598428463118 0.0723124065320965 0.03478888190777152 0.023632132600672238 0.05562412858877916 0.03739811980317394 0.06505437790806287 0.026882439532247077
26 0.06201930766105261 0.051798137471440596 0.0221455582279222 0.009092093431085446 0.06199715156536656 0.10014706781774699 0.09202941630637468 0.043581659154590724 0.09637180991454378 0.026048898661113398 0.1003928526591197 0.009484117087908422 0.04178788714568616 0.06488613306328994 0.042143082122741427 0.004037250727662689 0.02704493926906397 0.0811903075145435 0.05866832806072805 0.005134002138019145
27 0.05193445293303325 0.08485149621451755 0.023885238773190605 0.07960707045738023 0.09135723712763982 0.07172880493835115 0.048828686680378916 0.02004228263080683 0.003958293348648117 0.014047569460631926 0.04526180339425686 0.0219448743805784 0.0736198800462636 0.08077158995705859 0.0827904634348726 0.057430676661560126 0.0288501181714842 0.03575632624325034 0.06136808840548724 0.02196504674060976
28 0.028547883642698297 0.06524171295665421 0.05282693842895412 0.05508989084469992 0.03610953355461818 0.0501619510184979 0.06218029298210896 0.0008148555976705082 0.07683145786557623 0.03008365880062314 0.03039637458458346 0.08504854019019313 0.08861228672310176 0.015165086134788064 0.04638230031355594 0.05765737661436669 0.008255201158167854 0.05182981915280603 0.09432828347777633 0.06443655595855927
29 0.0510412504421188 0.06816859962052763 0.08681185258758592 0.017142522791134856 0.08375335702759341 0.05393795764521891 0.035254447707847164 0.07235076594247736 0.05682111015235952 0.07665160105076803 0.05944934517841053 0.051120737362390804 0.005750419600213993 0.0563353562960722 0.029776025762310684 0.059009212388131824 0.02372105239839715 0.05516243142533194 0.014693655624746766 0.04304829899636254
30 0.04590821060886257 0.08374276761091669 0.03571686696899737 0.0832591538134091 0.021236108166260353 0.037205090758797715 0.06370087850999172 0.06050636832158573 0.027429984653308048 0.0706498565683398 0.07702946661615737 0.005535563795474054 0.04194506779068185 0.058595230461035076 0.03169839807064968 0.08624726037133994 0.07719711097832027 0.012544412416343303 0.014060958215150706 0.06579124530437867
31 0.07290853230153256 0.06201547594464729 0.07860874531484689 0.07466036232249891 0.008203877407510676 0.0767495730943385 0.0027893917121823548 0.05192220222343766 0.030041796541782628 0.003957011418948717 0.022421404679460726 0.03589273486409827 0.030709680629601076 0.022592741966571284 0.06244101539966793 0.06713215922284402 0.06907420052178391 0.06276170812705072 0.07447692098471174 0.09064046532248421
32 0.017220215217349517 0.10321551953243065 0.10110584556992207 0.005779118034808505 0.0048466289153035 0.052878347867083994 0.03590823694330395 0.014831566600198092 0.054304556216016465 0.03898882499627545 0.09570435495416087 0.04961071039037616 0.05972776686424093 0.08155988548835628 0.08906025591462687 0.029952954197220633 0.012000269786203398 0.03312051704882277 0.02815988189645507 0.09202454356684496
33 0.00974467186847073 0.011881519971185313 0.09503008280912396 0.05206952734473157 0.10383425244764859 0.09393633115794961 0.0037687837469774447 0.008181682019090301 0.04467341386200993 0.08302373430005228 0.10234031276936872 0.060025442242405525 0.03119143702225457 0.08240999615354916 0.004084830314666622 0.006976791783737811 0.042363520075229186 0.08286451346463894 0.02008265060107903 0.061516506045831074
34 0.03955764876941369 0.1003837541312384 0.03674739670054781 0.0339631971457425 0.06430213168335677 0.03312573642341242 0.058990223388331 0.033619073418934685 0.06579023741647039 0.02891109283486197 0.08953819193742418 0.02865099966962433 0.09672941240950388 0.04210910743896103 0.05588100846624304 0.07418270954785745 0.0358215513810847 0.01260292994289996 0.032415541821234614 0.03667805547285733
35 0.02063730137499255 0.01967517342382952 0.07048409548177174 0.039572112652567125 0.03614221149281292 0.08228183727402485 0.006088327920113723 0.08480870030349977 0.05401227010290929 0.07706580394097991 0.056425953158081125 0.018308950483966524 0.011531217795266589 0.10241687543460985 0.013816887284228425 0.10797258346621669 0.06365742709545232 0.03157676865423287 0.00020110663695221907 0.1033243960234917
36 0.05623223502312531 0.05647963431340141 0.07477611263337385 0.06763915264524865 0.10201416698289675 0.04767056336714209 0.0034966409271903814 0.061999473770711286 0.05806157124288384 0.025048313511223996 0.05041843171999537 0.035486186221106455 0.03701554950008772 0.0841845406802799 0.00612896530901147 0.09513178633828953 0.09650019041595771 0.01949046783056603 0.001039238016756402 0.021186779550751794
37 0.06852151419789805 0.07105834187648699 0.021655447938273592 0.07118710793727061 0.068552714756657 0.02122775496459812 0.03852056427723134 0.08058035717434944 0.07699093114146903 0.06787255800569963 0.0775296694430908 0.046483067336780946 0.03328355111557692 0.029459119124566408 0.04397595033942454 0.03147713252153815 0.017449995239601116 0.08734130909024064 0.038648890772227724 0.008184022747019008
38 0.07385254574347358 0.07530727402703755 0.1016989050441771 0.02478325533601221 0.07201080066756904 0.022251002869205977 0.030278168790094352 0.07744709056239638 0.0912390610594199 0.08003785142524573 0.01229177184700702 0.06254433982272418 0.026714838511405964 0.0864413455820847 0.04748268967083951 0.05259682156748415 0.0037400544720224823 0.014418651683776706 0.04110572243522533 0.00375780888279811
39 0.08071233941001996 0.00672826241472222 0.05495387008798555 0.04964663578055366 0.06917769146922995 0.033702544080337266 0.07465424132154906 0.04930274378750992 0.07859872189147171 0.04115607581194822 0.06988238561136435 0.0571546112332878 0.00660582834218246 0.02808223128715723 0.06957543022538507 0.057718858135915846 0.033453857024334926 0.07015427892495867 0.04193977830886256 0.026799614851223577
40 0.04541049746211815 0.023326133649228267 0.09146392807540314 0.0007440491812461618 0.045038677446458134 0.0858761867612393 0.04568738661564484 0.007227790538258722 0.07387145552550482 0.05093198718875239 0.08868351419795753 0.0058365226631913285 0.0216852855361796 0.055702799661487466 0.08244534264362337 0.05312218853225142 0.05967984582929172 0.07507239554258932 0.062226422706713386 0.025967590242860876
41 0.044122416783933104 0.06721942229737757 0.07354953713658223 0.025225374397434344 0.0838407416566554 0.07919021124705335 0.049902739279640035 0.025821767101389826 0.01231345484808259 0.04687448300320767 0.07067965621489222 0.04119093285290881 0.026324945205719895 0.08162138374154679 0.006029798820435234 0.06006335585505496 0.07650090057928706 0.015725336782851283 0.04363998791986587 0.07016355427608205
42 0.03880621838194313 0.026740977383307073 0.0916095563822189 0.04833109781059815 0.06934018788596331 0.025590180758244006 0.04279723587556664 0.07690337496240236 0.10691398969720614 0.07855482771114097 0.046578634837615276 0.053884710637185695 0.04589645819345467 0.06235726438776095 0.014505819800506135 0.04577005981279017 0.007352658232909197 0.018950019482623152 0.03486398687305332 0.06425274089351055
43 0.04072893072049436 0.005555782738140958 0.03757434007118272 0.060273414513306735 0.015045093841300894 0.07976521621590205 0.015666562792470053 0.0014715593691824545 0.08164666569229959 0.02076972848685084 0.08840011046474283 0.007855465333461896 0.04244631487703601 0.015109164533358654 0.09555925154997044 0.09407497403882234 0.03338164021102084 0.10459744983296451 0.07899774457172284 0.08108059014576877
44 0.03113925639457089 0.04106122366707565 0.02025418933265266 0.009846094974688973 0.06951116245582818 0.07476235350517224 0.0074977168687284145 0.05562623855520138 0.025134789700798982 0.015589860319018819 0.10872758443807909 0.04637833944869872 0.019628016012888345 0.09419744717319445 0.09080998585081371 0.02346317462386504 0.02741518714058594 0.1061409953854657 0.10254452370801194 0.030271860444660747
45 0.01825240067243924 0.0755826423660474 0.021630161859132236 0.042766721495701675 0.03245471229730366 0.012206211457187463 0.05407371972677372 0.07942142640617014 0.05837815699680967 0.07093779398535677 0.05314724862404474 0.07666886326380364 0.021777611534861952 0.0550304932419366 0.011569764562577104 0.07428363048002347 0.07528003417544367 0.07691671837929526 0.07896447396846162 0.010657214506629925
46 0.030287196945261205 0.04438003313682633 0.027068671177545182 0.009492490668512378 0.03034546103392819 0.034531530540184964 0.10848162678203836 0.059793011761477804 0.02013670151877279 0.05913493036821241 0.030273707627602835 0.09152849436407587 0.0012976446609709233 0.10827483606384052 0.03406439048073445 0.05168585825172133 0.06000560762579835 0.1117064987758308 0.0638625966824181 0.023648711534247118
47 0.017783126534241925 0.06310890796259012 0.0660705598849524 0.06860002223117445 0.07837409530065793 0.004064765704809624 0.07960970337529048 0.040018034545748093 0.008619387274252432 0.039112536833938165 0.07353031803310622 0.06055691349183708 0.05059750240515567 0.04456929341084409 0.022197031324993198 0.05152706370017058 0.043153190565113776 0.03981975593403932 0.07699849962692483 0.07168929186015982
48 0.060037966201612544 0.09352040581575868 0.020577032363290566 0.0689303425700811 0.0002232121261075859 0.013417520692707987 0.0627206229971658 0.04591073266836746 0.10370939847715155 0.08262754672690921 0.09088590179311067 0.0699377467039535 0.001366916043823025 0.007285800713417278 0.0544073919771552 0.02223248475382042 0.032115021677650124 0.09096462467645781 0.04651802486949823 0.03261130615196101
49 0.03180117724647309 0.12577354206946173 0.05308231329791377 0.01024628990796341 0.04392370452912407 0.035413701522250284 0.05188081842810854 0.03270363346514126 0.07525851427199629 0.044244213740604346 0.09179920590952584 0.0497531621858881 0.030531834517416114 0.012188515430358551 0.00863394928497391 0.032050047068300065 0.10972113782696057 0.021646920061102855 0.015573174166998794 0.12377414506943843
50 0.09177328064821799 0.04412733813260269 0.06559076399728937 0.04392916919338634 0.034859179191977945 0.05209729858121144 0.0934237416437237 0.019972975528222154 0.06321032277503363 0.07606312820988309 0.013123138579511926 0.0803865797544887 0.06930897052084764 0.025457909955095417 0.015031218284814702 0.08250963825670897 0.013788199473561613 0.01936911950067437 0.08258011844452072 0.013397909328227715
51 0.0028798894262574196 0.05859714464119307 0.01875365687877359 0.07984928983761659 0.025704395191407863 0.03557454878836863 0.00911968203985046 0.061627564842126274 0.04139758635774423 0.05485661402377114 0.058236926562905224 0.07631063397507123 0.07752069983851435 0.02963527854933768 0.07009808503873953 0.08377044841681133 0.06413826675814212 0.06919315899885257 0.006742241122679215 0.0759938887118374
52 0.06513458760177125 0.0642421020832094 0.05927208540803735 0.030049066660380746 0.058069779974347445 0.06590089828235125 0.048365040354874066 0.07902357430270725 0.0020356571325156098 0.01811335682029355 0.06366815866387913 0.07957479084831345 0.04963701326019923 0.0451295752377656 0.005717585911415003 0.07812842225102361 0.05532167892425238 0.05407247328882522 0.06670747398916767 0.011836679004670635
53 0.0629333229339692 0.01925383215715344 0.1154094688439337 0.05890981487252287 0.10571408659989705 0.017463775084799536 0.021720474652481492 0.0098631673212561 0.10166322701925813 0.07032514682630482 0.027742354656071725 0.03354811846409565 0.09843817262164188 0.0423282477584042 0.03443399166988709 0.00498854623904927 0.02777839819721004 0.02400566271058955 0.009970615618981363 0.11350957575249303
54 0.04499935445383849 0.08974691521148463 0.06678305481893294 0.041778077958235245 0.0500256034207791 0.020932521738372144 0.01889778122136855 0.05760301189081788 0.014722642539947733 0.09348130636631484 0.09336316723753209 0.04546565392661019 0.009888332459043223 0.09253563797440736 0.04462267843069805 0.0070831134647182875 0.04629788435612487 0.04478786059066038 0.024185491024741823 0.09279991091537221
55 0.02253851550318102 0.017011118290505948 0.011901380464546436 0.057157020144576805 0.009347535436286645 0.07617286555679964 0.006715237767374663 0.07960702208924254 0.06595924613838662 0.09338890969152616 0.01568346517847973 0.06195100032356113 0.05361736106288801 0.06344871078726665 0.06477555227338933 0.08030621146443491 8.71417926801465e-05 0.0801092561657958 0.04601166185771126 0.0942107880113667
56 0.02514152220421946 0.07164185758383634 0.018559949399871566 0.06082734588137095 0.03576068554291202 0.08982408213245377 0.007626359237387837 0.019484745309595507 0.027998264789238524 0.09388758936879248 0.07504301902385925 0.07711090341329399 0.0047833268273583885 0.004458538969318536 0.06773885726342267 0.07293060884349076 0.08836442793212984 0.012223934728045763 0.08864035806591682 0.057953623483485595
57 0.024320538504445575 0.04724659747367911 0.12117146577749141 0.12783963205468063 0.03140368756030154 0.08920604622349008 0.11417223710129526 0.01894637600332352 0.12751536286255985 0.007586945348634701 0.01626235672524397 0.004163203907082712 0.008859349441576757 0.023492644021323165 0.0961788000863887 0.0037507367968656695 0.008952382774769198 0.023841797981872387 0.013797986666785686 0.09129185268819008
58 0.05593031143353491 0.061825407775752 0.04263185969405373 0.06580139441029842 0.07745251047473875 0.0590016945136221 0.060846352334805044 0.030196637360320366 0.04728983028542929 0.08379814880824198 0.03999459926014664 0.05012147028399687 0.04341278596991826 0.02649947260363299 0.03409439399517322 0.024169299227000177 0.04772260525058408 0.0709895350706325 0.07437154226256863 0.003850148985549836
59 0.04208520289931711 0.07711441690967506 0.08011081831238968 0.0034176199233587464 0.08822203978537037 0.049501280639428186 0.003069807978951702 0.07730002962275788 0.0613372201583403 0.03968832387370591 0.04397366353358619 0.02242552973424084 0.06721283632277383 0.013926990021111574 0.05366591851529777 0.09061749417486763 0.05349717503937704 0.06470412140823806 0.048424568213339916 0.019704942933872233
60 0.05067186094936035 0.04099187454789287 0.07247516483288305 0.009765095886961707 0.057191808090415186 0.028742829142902864 0.03865112956982314 0.06351375354999826 0.06573738129840476 0.07336223577937752 0.032693624449198995 0.03484155541363979 0.06320493620572899 0.050027665014187685 0.007893475322169885 0.032115513085924925 0.07390956746654807 0.054811826709476395 0.07409466036955295 0.07530404231555274
61 0.06906430452002854 0.04103352579528756 0.06904405291947548 0.013299569369139728 0.07485794497148629 0.06088594911484907 0.043537401023122965 0.046776083823524106 0.07625521141057272 0.04008686285429639 0.01745431243649487 0.024555233260732244 0.06807816955257312 0.059642515482246805 0.03893115024478794 0.0614193234123992 0.07427516880901579 0.07709769356783587 0.01754117701707059 0.02616435041506091
62 0.06774368585357651 0.012732487106688353 0.01602192979086615 0.06056440704915001 0.011742579874641619 0.059564529559918936 0.07639290160673175 0.01113687988852763 0.0738034784044807 0.044591504608080125 0.06363538450768474 0.055406603388409026 0.10508016073463908 0.015872546402824487 0.058362150919900484 0.055507570801211714 0.04228230720307492 0.06481802140160428 0.02027174723443198 0.08446912366355742
63 0.07062322957091907 0.022363866487445535 0.06878093136473097 0.081658064631503 0.02123839241371225 0.022178299400031794 0.019508814631433048 0.08957983576932059 0.05518356757653572 0.087178612937131 0.08789394736041109 0.038233598075399645 0.06891314475685846 0.04493900555489805 0.008813898234894221 0.005840087056972328 0.014458811809401168 0.057109409635553894 0.05540396171627733 0.08010052101657085
64 0.0767242452649592 0.05808562669394338 0.02570293494268899 0.007769454173987566 0.04941722372228333 0.07808498408825243 0.041992523680480606 0.020821705184272826 0.036712842440645835 0.06346638583063048 0.060940066975788604 0.016577315791728223 0.03969393930713757 0.08177598563578597 0.05988419749458782 0.05720647574890811 0.03482388986667955 0.05832373967613252 0.07859075591472474 0.053405707566382334
65 0.01273527591253464 0.037132480221645954 0.07551847710902751 0.026422881985691662 0.07663328832532278 0.06655795781750927 0.02310599129683277 0.05170047968508515 0.025063369331447108 0.04798870951004317 0.019445052166163136 0.07455248953962365 0.009817794327512952 0.09518810630396651 0.031187562354223056 0.08767149979183272 0.0892375223521033 0.07406809625743933 0.07320961617931693 0.0027633495326782657
66 0.03090339550447762 0.0035678822030833306 0.029862986280729996 0.07518227498917707 0.00941489309703335 0.0429882387020409 0.009552862765472498 0.09844126796000828 0.06479413851097277 0.041026515795799794 0.10974332456134175 0.07016892324393668 0.001665286765425619 0.0938550905657945 0.0398730162519109 0.08020073275162745 0.1046004613850635 0.017513974775234115 0.07207703173582401 0.0045677021550459855
67 0.002616660253526426 0.00037642211884877485 0.016201774126225664 0.027789206026733414 0.02122347917400267 0.05400231639654447 0.079191198706269 0.055519081602339516 0.08689479071729145 0.04265700435609651 0.03761762186126319 0.08973640901626062 0.06157748976002932 0.0372380824092626 0.09032405333385705 0.045189558402777594 0.03939662543761193 0.06772255275917376 0.0707930118461669 0.07393266169571903
68 0.0030056893326119525 0.10563502391338235 0.036464684104990444 0.032198926277980155 0.027968875581668693 0.08465176825898822 0.030328603075052148 0.031020618839097323 0.04140721223714197 0.019365827640683016 0.09585441009226744 0.01921589761973091 0.04920293598829068 0.0296474841950979 0.03937975376156876 0.09609543072359787 0.08605316951389601 0.05577317772479243 0.11006272572610289 0.0066677853930587686
69 0.08807632558329079 0.07843878848765727 0.008634177435570272 0.018900248988312166 0.016873034710912935 0.08636177728819439 0.06401079745297696 0.09499608564643744 0.07479032000868363 0.02729156770476327 0.044829418302901436 0.0721905235866349 0.08955344321320272 0.02286260342150434 0.06458213899883435 0.0021533591657897 0.00027557851889734546 0.05471582540560745 0.06138514268177472 0.029078843398053975
70 0.09480169656063453 0.014892526024606402 0.09415814161113106 0.05956531123384044 0.044278126675712993 0.0792496182000862 0.08119248191968846 0.010711123377698193 0.044539123979735896 0.024446388649212482 0.005748046124655184 0.0020925456855997943 0.06108017365232633 0.007848788787967246 0.05597506447341947 0.060375114809055504 0.0150922055862203 0.05805203229669854 0.08244544077362145 0.10345604957808978
71 0.01988960409768561 0.07768922697182626 0.037184188704423915 0.06957632873553626 0.05712274572073015 0.04055156884209767 0.02866407406697539 0.048151973080010214 0.059886745895151666 0.017800685232014155 0.08560301883800657 0.012716036163286738 0.016050805954640313 0.02801309827255995 0.08242915861336726 0.024847876245829504 0.07628051154323413 0.06601957481507974 0.0677456379187943 0.08377714028874998
72 0.06649862294911392 0.002678125703451648 0.0761398297522076 0.008846070962144691 0.04471009077805618 0.10371265712762955 0.09436394381041145 0.011350781033312938 0.0065709658372285675 0.003798517000213047 0.12089915186383046 0.04109034562363369 0.0837020983960722 0.00011074727646413696 0.025960884555971602 0.0720604649518249 0.06215071712623208 0.10379346947443177 0.03754760380136059 0.03401491197640889
73 0.09702260296448077 0.01589560675315499 0.12022700945175159 0.01868535615962217 0.011989182517170923 0.007461402498501698 0.03036061661071195 0.014169785169052892 0.048608456409672214 0.08795500791845151 0.06164094764863997 0.1082267999816043 0.07528486143970081 0.007279267377237433 0.04751459172294526 0.025187196992912577 0.09146648739467884 0.03359424406907024 0.018761441990276385 0.07866913493036351
74 0.0011446504732864347 0.07826903659993362 0.03740936000034684 0.031107127634429334 0.075688833955551 0.08073046484950565 0.04213579392098874 0.06129652859153962 0.032664326554058265 0.07843717622125308 0.05615076603318957 0.06447680732415734 0.0033505158368926785 0.005456392814067055 0.07784156487835521 0.061624274061686315 0.07619569417060562 0.030775875377978202 0.07067593617775524 0.034568874524420236
75 0.07410398304012358 0.08334490453990034 0.07994230832194447 0.04498506030066852 0.08628741236710943 0.04349966031051065 0.03933193296152226 0.0015621474419655014 0.0085583738484301 0.05032193481987386 0.054946991881289924 0.05512377799599687 0.033581098346281 0.048268998458565186 0.02045459710950918 0.07431052455933002 0.023245581015954656 0.03233686912783819 0.0977202029287743 0.048073640624412044
76 0.06701088648253788 0.012342757494812288 0.07084715415624596 0.08414290703467586 0.09177606723079686 0.03202537081807742 0.05373409737589395 0.02189717591586148 0.08270603444562856 0.04708228856513062 0.009898226474297505 0.0011941680209036076 0.08512123821930549 0.03926008189825733 0.03386975990594871 0.04449917683030786 0.047793661696155704 0.0012272970366954093 0.0877979815929723 0.0857736688054952
77 0.07476016188691009 0.09383795139226404 0.08187105684916605 0.022430229680211935 0.06923163958633466 0.08245879846395218 0.04448751092070769 0.014001786691977505 0.019202312325376263 0.05638021193703136 0.019042388580869853 0.0050683629267646016 0.018480562114443752 0.07655018373169176 0.01431153660696208 0.08304322082520849 0.0357956084391255 0.058123226585106935 0.05803188238216617 0.07289136807372913
78 0.046472133852413916 0.020609955990304588 0.10010426297850122 0.0072406232943013635 0.0006903201758601111 0.09222372816704902 0.046074774958790816 0.09196897353203867 0.0024220380561350485 0.012553510031284073 0.02363179377861975 0.04602625558941592 0.11221371908227702 0.09223535013548427 0.01928764233429849 0.038410620250163036 0.04034274640403229 0.08642234617834291 0.07701282529143288 0.044056379919254644
79 0.03709839068967446 0.08065182049272565 0.014669323907575511 0.08772105816961451 0.09106864912870631 0.003996993485916871 0.06285226330289374 0.06867856598252793 0.07088367377947935 0.009906074624056042 0.02764938594220012 0.02124314624973402 0.0733255797793847 0.06433299032408414 0.04976812613988656 0.014573895588482405 0.022773598975013958 0.10016189323125438 0.05616840234305818 0.04247616786373103
80 0.039179885370488755 0.052810534291867994 0.07708114450531739 0.02624897710536798 0.08288632115779167 0.06428478723403452 0.007220722191769641 0.0564429914808752 0.07061747481110492 0.07065089089037138 0.010464196188969863 0.043234145616324736 0.06750506315252372 0.055967497506303365 0.08851139399454898 0.06578418940129971 0.015567828927693737 0.027210488174370485 0.07428661686499667 0.004044851133979272
81 0.013546143495497768 0.009272192645676027 0.09493484849364593 0.08991002620995592 0.011567029456181996 0.029941530902641827 0.06683303157482351 0.08302098780021541 0.01246043621186626 0.09268246565522009 0.0336523571087352 0.018286634610905152 0.07653399759494657 0.07903221309588346 0.006170514571976807 0.02207623863580521 0.02032063387228509 0.09016795025136216 0.07515631071711963 0.074434457095256
82 0.03564750415215391 0.025398213923139814 0.018928013271081852 0.0538989141363666 0.0540805003942351 0.0014103344315830317 0.09546278863895749 0.008215617055413573 0.09198425582935428 0.0834050593651834 0.10278013373035139 0.018179499927739907 0.051732661405865875 0.024909011367992496 0.027647589360896688 0.024119642277838048 0.07536835044039533 0.09931834911369078 0.027172858344560475 0.08034070283319986
83 0.009215055415021243 0.06150186859281915 0.0002027597577811921 0.10217132760746671 0.08862370221427944 0.08837375579760877 0.00597484506289641 0.0414477143818845 0.0632790270180286 0.042598416417666284 0.006729950966484552 0.09908296418266195 0.013490974984368688 0.02582820163730862 0.07843380202947134 0.06701590500482203 0.02245869784604018 0.06550654104470353 0.02296109854394546 0.09510339149474131
84 0.04021410616863464 0.04556867833415514 0.04981726863860576 0.11535801039843899 0.08700889242270539 0.013387229360863406 0.003588402775665091 0.055144941388981454 0.04307627724828339 0.04933551656152058 0.08718165427819624 0.016593415590656097 0.02794655302350395 0.044509581386254424 0.04909582204472276 0.09454963079970205 0.007536853144791764 0.05170185489998512 0.007624417365468272 0.11076089416886549
85 0.013512436727694596 0.01801259576190556 0.046899949588648265 0.0067268711259307525 0.07928810740298575 0.029031365940235407 0.010256111703334033 0.004820598304804642 0.07883101892363849 0.02787045306878814 0.036660063840941635 0.014028702447535278 0.07396041555830322 0.10290612183882678 0.10354657570338015 0.08288799795024573 0.10382389679164146 0.07214448116346246 0.06395114874041498 0.03084108741728246
86 0.057786193319177295 0.04807536046973675 0.057260010581110986 0.033943001248772635 0.05904598816781798 0.013111222539157473 0.04608317205939236 0.04924012877393919 0.08333458498365241 0.022785122838823984 0.011062421228621814 0.06974686435303248 0.05564225445408164 0.05903614096653628 0.09644498645784538 0.10191331306969456 0.06842951149306943 0.009702763920089858 0.012087407914514207 0.04526955116093329
87 0.11185640504999673 0.03492149010721465 0.047382768357504365 0.07837722778922737 0.019093035701454177 0.07694902918339136 0.007894878171341017 0.0058759389513311855 0.10991431377991803 0.056406681804473856 0.09273608490787387 0.06264142930357555 0.025648710809595632 0.038403936629178605 0.011347210948852354 0.11184373003938693 0.04160338523712327 0.015431969839749957 0.03838996619496971 0.013281807193841234
88 0.0781747613242713 0.025137553832342424 0.07207345163007198 0.04651005887112487 0.06806131962497587 0.03885812581326315 0.04401226582771808 0.04738496603026669 0.06901139128669631 0.053138902226016416 0.033942841878075086 0.042210667513864666 0.008400309154646119 0.06684198937550012 0.0750777978947811 0.06804997531840089 0.07106658713463933 0.07571859909823785 0.011409086234553688 0.004919349930554121
89 0.055324509213635444 0.10426649296739617 0.040975054283107645 0.021346556646901414 0.021419273852657548 0.018985674815243842 0.05110794532753044 0.02774367788809557 0.10655932776889532 0.02844473631831964 0.036740635658231165 0.09401883447593577 0.03832343279310962 0.10685428338289706 7.322057752549073e-05 0.03243532563535915 0.014609119562134938 0.09996737564153944 0.03422165890351497 0.06658286428796918
90 0.06073013132629024 0.011345559831489353 0.04788619953598936 0.00018634013673871435 0.028183843312951398 0.02400663314353382 0.06168262436072376 0.009467464751902868 0.06357360933018132 0.027195317709574302 0.08448939442205311 0.08429640295218624 0.06492926306556783 0.0582779217368777 0.053876151722219164 0.0748910095831445 0.0736622629319221 0.04887347000362168 0.04176287280676513 0.08068352733626752
91 0.0010630330734197446 0.05334807480734588 0.08794526913329957 0.03965032256123109 0.058131443960838025 0.08951434602462154 0.018612835413341557 0.08544509960820947 0.08605873142417102 0.07648217171353874 0.038407479665064075 0.04263211552940812 0.07800992729022359 0.0041154264327052225 0.01324985280496593 0.07033574643128694 0.018177072795126478 0.0681145664028066 0.011793487086867015 0.05891299784152938
92 0.009871739797347404 0.05271717843586603 0.03355787933852298 0.09026665309945181 0.040445037219173155 0.019638225057485463 0.04931023797864759 0.04432434378941594 0.09952515068525593 0.11383670599014291 0.07876840346716929 0.01030190231472502 0.04647573048270451 0.05125689978024961 0.007914017855689374 0.10559658886289051 0.04854891292262673 0.016683096863048325 0.03269176832040819 0.04826952773917931
93 0.041671028281593955 0.04614099292703616 0.05172083074103694 0.02070535903307193 0.015583846021006584 0.10530043672418343 0.05575052588759123 0.10351158730445643 0.06846800115859476 0.04432554099657555 0.09000675303588362 0.03127406783046397 0.006413568813933368 0.03765614104954525 0.05771083305925301 0.055081148735231907 0.06092104107203978 0.008675630313337757 0.044962012831775006 0.05412065418338932
94 0.09643554252860752 0.07685190936649984 0.03713841013429209 0.06511738420166238 0.017433230095070463 0.04140267770882859 0.022742013062697422 0.021980153459680605 0.007101732181460167 0.06321738656967658 0.047970247477997205 0.08375390187795136 0.07234307610924932 0.047084060210169115 0.0751570573123795 0.07408328122453203 0.08538704500349735 0.0023557993255884885 0.036324686322767794 0.026120405827392088
95 0.09830100278709943 0.0628022076884079 0.0003124073030166879 0.025856508315188573 0.028319746295166714 0.002682511972648749 0.010779941068295417 0.041366564681067926 0.0811238815055629 0.041783965149659825 0.015132878919969369 0.10288843465726334 0.08980519087422897 0.026647110210757195 0.027156812137081668 0.06054630241390267 0.09456830893076375 0.06451659227289916 0.029223705222732033 0.09618592759428789
96 0.011968048310476539 0.11069201095085737 0.04577754657396227 0.057669359221408416 0.014688180390065647 0.0518627508524461 0.04724284320002166 0.004397971856491684 0.09517769578285014 0.026675789455325772 0.08389839555868299 0.018595781558442808 0.09770429066104386 0.04893895644185545 0.08931738946804652 0.008700866044174534 0.020103364299779557 0.095713053482179 0.05110689739207917 0.019768808499810494
