0 0.0786287235516845 0.045837477544901556 0.012366085910934238 0.022650735392715678 0.03566150166063285 0.06292734665943904 0.09131765454991622 0.023193301874697224 0.06478397356625197 0.003114984707561302 0.00034591037446434067 0.07642803123254585 0.07862834605049067 0.06382335144233331 0.08466408455050092 0.047386569911260036 0.03513518197593755 0.01771082161960767 0.09223274904766536 0.06316316837645984
1 0.08873859112731142 0.058428116794007834 0.08531503069980984 0.015714288496997672 0.050095795241635356 0.0248805433085963 0.06551120355751616 0.07352414258157357 0.08214060914068252 0.004393236176223011 0.08032056654669607 0.04538923959605544 0.07559833993652265 0.056271860729683584 0.010279988088801827 0.06516232815957697 0.031984662599633715 0.003970864535984773 0.06352407295806524 0.018756519724626174
2 0.023476118248455427 0.06576716012440778 0.07853101835061145 0.07775612055230954 0.05114087066196922 0.0727261053473454 0.07848804234192996 0.0022186326087859608 0.049164690913460145 0.07562964105425136 0.04310994831786234 0.0236203286464219 0.05508019321620206 0.025683912949243933 0.044823979472267794 0.060013501096080404 0.07244154997753076 0.04203849808888275 0.04001052412777916 0.018279163904202648
3 0.08782338059411035 0.055809786333507055 0.008730761582355522 0.051827807996149305 0.03152712890800968 0.0087157125912334 0.01155224696060091 0.04147652811554459 0.07003701890645969 0.03857809823680467 0.06890808943429194 0.055758769757472064 0.0662786213196045 0.006150996893540645 0.08953146655894385 0.001155008186087137 0.06723933014296808 0.09066438285875417 0.06858852964779899 0.07964633497576344
4 0.058474869515944675 0.04430104071532175 0.05647008426773033 0.06846137348435477 0.048881731523270446 0.033412954238121566 0.01750704714334719 0.03838962220338643 0.05256858280082346 0.08057276443151815 0.019422093161375067 0.020374885299156577 0.05672650348204459 0.10322933993726528 0.018126981216276702 0.10200432510585546 0.0016786536509769596 0.07143178544362652 0.07444110540787985 0.03352425697172416
5 0.09199945173886023 0.04098351272348152 0.0696168515924767 0.03471429767202807 0.08057638077876599 0.05369464785140197 0.01712236395089792 0.06953425312312676 0.04158143618647311 0.05933416758484209 0.09357066351395305 0.04237090084312157 0.06507842166345315 0.07060593852733026 0.007921374582434878 0.006227341300011954 0.08343364153470376 0.01582709702277448 0.011709532520793653 0.044097725289068794
6 0.052368756335163906 0.04653779895534026 0.08271992576410019 0.022602439819919468 0.04941828856019303 0.06425753486113231 0.08331100502655876 0.04006313197418211 0.020754698949423767 0.09008401831481838 0.019209303435187598 0.0030485306828121755 0.09716286537127931 0.06110795406211573 0.035880257155114295 0.022141261008191766 0.006828061072464314 0.048589882022788355 0.05479684303159263 0.0991174435976217
7 0.04288680601738209 0.047830581431783016 0.08579327599304096 0.06395474156411524 0.004408946493584755 0.01477092054356851 0.05562562305589728 0.03593134900429483 0.006128616769416803 0.038269044235160324 0.08319763382398417 0.04237758814962159 0.042277020755414264 0.07807298070986639 0.0627319694070308 0.021354561169189504 0.06395781875687637 0.053443308505411735 0.08517337268639506 0.07181384092796647
8 0.08161286710695241 0.06381745111900786 0.10187468945963415 0.08442644838649009 0.032344841760983005 0.06629111810198852 0.08024859280348556 0.017878503790585868 0.008535657647964679 0.032971891654599544 0.02970880633335043 0.027739533646830534 0.016429825934668147 0.018436625213276422 0.03508618403200919 0.09640448470831549 0.06490895335677192 0.03882866711710926 0.08085308811215215 0.02160176971382481
9 0.10439986581323789 0.0688265153220823 0.08285249785944902 0.11708861958416628 0.048988255797220846 0.056092870474265366 0.02373552626740374 0.06673325948458553 0.01614409865270612 0.038022438360019395 0.004552789534047577 0.035199002256178544 0.01365898466175292 0.028330354420812068 0.059892733084561826 0.052735199728739475 0.039902758357860744 0.05187357718089409 0.026569309395809333 0.06440134376420709
10 0.09305113943518663 0.08283768111978743 0.0018931435904153834 0.03551726489194974 0.033664504107851816 0.09870944029456676 0.04231815131873202 0.02465141225861029 0.05717077808555072 0.03024415313196899 0.06271414726555848 0.05097443732500793 0.09822601910464789 0.045141781057523464 0.08208890930977304 0.03818375624044868 0.017888432677847822 0.04411382631286387 0.03336414437337475 0.027246878098334384
11 0.0875843191772831 0.0641279032406335 0.08152597483314697 0.10394456441233228 0.058993822748468754 0.013726405285032817 0.035543374387949876 0.05472289080063621 0.06294084802721271 0.014196314581912513 0.059760792876805816 0.09703314283015681 2.0700690057862307e-05 0.0563621920130674 0.03312795147573396 0.010648677121829724 0.09932652577286233 0.053027605767219245 0.005457018977868458 0.007928974979789623
12 0.062680642229444 0.06358462620050703 0.06803538603403754 0.039962926724269654 0.04727045343915019 0.051341537757963955 0.03656015915603973 0.07871537359089685 0.07779374209552932 0.04417663460730847 0.06900034659788976 0.06887127765478729 0.07527735109786485 0.01062028429469625 0.05133785675034739 0.03429505861557903 0.07142178824153361 0.018232802573795875 0.011618797041800428 0.019202955296558542
13 0.0033510046460729767 0.07676951124323804 0.03984222461093889 0.09982373548655239 0.04934832470270698 0.06539214354818285 0.04405512184779533 0.08876080193309482 0.029212371733585093 0.018782159127368872 0.023403793767708354 0.0385278181800544 0.08724397104530246 0.03138139105692218 0.008228919404679394 0.0024031549845149737 0.06481437713094425 0.03340431057591647 0.09660546455347675 0.0986494004209447
14 0.02817196514893036 0.030210087570173634 0.05886814931580174 0.06296572659049388 0.030496694653470845 0.0633405090999596 0.10729520305480683 0.0624995034287866 0.05197128260760596 0.046389819924753085 0.027600374092808935 0.08519116189456015 0.018681914280381195 0.03564912560486514 0.0837613530624278 0.0026291853661333606 0.12039348692658883 0.0497729278606325 0.0028249034951867468 0.03128662602163294
15 0.01047675764338018 0.06702811428245284 0.05195756490092142 0.08361096595945673 0.06065793672346075 0.043317360794524376 0.011898715751190298 0.01812519623120257 0.027640163933321117 0.03865900272057394 0.08331190502390755 0.0218437202871694 0.07882177153514412 0.06001306110538898 0.057714141045415036 0.08531563303314652 0.007391731822404092 0.07656522196260251 0.029361322408734545 0.08628971283560292
16 0.06014263570322292 0.07159622701259069 0.023025140155132705 0.06439641931388554 0.06512238094132965 0.06473380395121792 0.00788865088878761 0.03063703336391359 0.03188855690503325 0.06181430383328012 0.0502515197697508 0.0762588550512368 0.016356035527891565 0.05751170261501336 0.06645825435998223 0.0536863643724181 0.06967743966370414 0.047503188804210825 0.053981264140872766 0.027070223626525426
17 0.04246458466650517 0.09274215938104097 0.009515438950482734 0.01540320250791088 0.09804784032953111 0.01277963676490186 0.0011909941273505172 0.10249716423849654 0.08685482779288725 0.01288616727180659 0.05497254227745296 0.05029379424120246 0.00694532302743626 0.10249954222664033 0.11225648291646442 0.015464471346163598 0.008737415674828103 0.04675512797627297 0.06394955851230447 0.0637437257703208
18 0.01705081156316865 0.018799753443491267 0.08335682767942985 0.038408524575660095 0.02974204234292393 0.08216032868887356 0.07037730806689778 0.02224203513792559 0.10181631568903651 0.02355182456357163 0.05810070709141171 0.06722875492216149 0.012210171712522257 0.09495267046298844 0.03548407791698256 0.05593940124044801 0.024922388270804927 0.012650908752531978 0.07499547675841835 0.07600967112075156
19 0.07902458147290002 0.0664990948656218 0.08062535545368606 0.041845686548484695 0.036165411446434086 0.07167803884065446 0.031473070240657874 0.010916681841561025 0.05359999439436309 0.03932666796356754 0.055817720853987556 0.06478833108613351 0.012907186145192142 0.02175141291961543 0.030163726890476084 0.07919474927907118 0.04500828008739475 0.06184703142389165 0.08134558350659954 0.03602139473970767
20 0.09669563260778007 0.03527288506950409 0.07283993528320143 0.08578141958572505 0.10582154679891055 0.0177628113638755 0.020985681012922325 0.04162434269018492 0.09390758002823477 0.02647528098920748 0.04017242235582944 0.06413052539877256 0.10701430158826125 0.008798165861700135 0.019055590793245432 0.030630260710804914 0.030173027615293904 0.04019982259856473 0.021191091996353103 0.04146767565162821
21 0.026491176218121477 0.025596525285961774 0.084654750719193 0.03490315014042314 0.060323147434821756 0.04209715444572503 0.02472097230921766 0.06390887883471139 0.05227018203311096 0.05318612161948289 0.09984684648743081 0.0659329157543289 0.008636197278129889 0.013735515542998027 0.09925609762455792 0.04251193843833208 0.09964412164414374 0.036425697468297484 0.04746802757176989 0.018390583149242298
22 0.06360508714991821 0.0658496836002742 0.06932294362240819 0.028799905365385462 0.056681754599171186 0.05295528208944677 0.003881572890549529 0.0009012684529330892 0.06662094248407788 0.013799178550722158 0.07838541384263895 0.061409596410478405 0.07788268082316666 0.04261904304552321 0.029378756889353458 0.04602373999824617 0.07285562206509763 0.05786057216080087 0.0616241796830537 0.049542776276754324
23 0.04928540211659916 0.012832397157737586 0.06346913009371043 0.0013568502305864641 0.055740934320001594 0.060269701191119296 0.08654852507625102 0.06807581985073631 0.05457762801935929 0.017955366059885496 0.0623906191857117 0.03520995670244754 0.09212506651929997 0.07941895223666896 0.04900910463515258 0.04878047729479654 0.06689975360543075 0.04379750714166449 0.05132684747738821 0.0009299610854526314
24 0.030223720179748923 0.018116124818952552 0.08977443323180605 0.09717899058574181 0.05228139912499817 0.09851819755437453 0.06840782988976073 0.03869619058635394 0.08211051263722592 0.041546089730141934 0.026541836145420255 0.04597504242174561 0.06824901734084916 0.05209759439794473 0.03320115588975194 0.052128108912758236 0.016483718457487674 0.03573277437534036 0.02050854204282883 0.0322287216767687
25 0.034455951756570985 0.041401679785487554 0.05213158197241466 0.0030559863206398056 0.02678405833673274 0.09073041357126926 0.03872606956768063 0.01768949759187421 0.09576788341795957 0.050427157078659045 0.07372213720483078 0.01681883135902817 0.07956329612211924 0.05832388538023393 0.009200052828140164 0.05390555376602796 0.09435479097143105 0.04284981736971448 0.08730907326761728 0.032782282331568664
26 0.028010138467366646 0.028793948662616798 0.06898534807943583 0.08797587508109517 0.012051273731455599 0.09046324548617952 0.04716581615957185 0.009981234086458969 0.014528549903879997 0.08715071155438378 0.013169880002677508 0.0030792694446957623 0.060428515224684676 0.07145810186682067 0.04787969782587809 0.04445828119900269 0.07038770692880579 0.08232069168106096 0.05976952309394363 0.07194219151998608
27 0.007737403585128757 0.028645409284280186 0.07427608726051618 0.022510706740599004 0.030403787701809785 0.03870461363043014 0.10663964215852376 0.09968468122828032 0.001091664837844497 0.017406724526344897 0.024540876331579062 0.06200945141384842 0.09723886538332314 0.05298066025776069 0.010526349291237877 0.10410725517118691 0.10153041848426296 0.03619192425562362 0.0010927918692581803 0.08268068658816152
28 0.04657954040972737 0.059147219097636046 0.02849567445536932 0.042132870579555705 0.07240703949998523 0.08812294797484788 0.06005838801450806 0.04109704320721636 0.09593082379743202 0.03984194206872018 0.0648243421736891 0.044579127888120705 0.02509189073133113 0.04554510074288913 0.029192499827031742 0.0925877788680476 0.05562374443187906 0.012653652544732254 0.052736525425752676 0.003351848261528525
29 0.004322028423412001 0.049137782848588864 0.01592696700723991 0.016798228268144543 0.05176816165704283 0.046612479115797495 0.07509416686368543 0.04534131453936429 0.04351505886167221 0.07798523902960273 0.06941527018959666 0.04021183913348295 0.03763403495795094 0.055988449443488277 0.06740464619441175 0.07087255127766359 0.07644856363228149 0.04532994377550237 0.03934876456840001 0.07084451021267152
30 0.0012442301249734474 0.10016072427687112 0.07130173081318782 0.08224094473487824 0.09490886637447486 0.001024548768994852 0.08286601531496852 0.04053914964980115 0.034165321996252176 0.002412467490393895 0.019353082952760742 0.04524224698289706 0.07072139535386361 0.03274201862918143 0.05933013571987838 0.06755152121453124 0.06767741151329913 0.05527847874859234 0.06056605001313033 0.010673659327069597
31 0.09006294598338199 0.0833915919268202 0.08075048128820113 0.00021953319862919426 0.09210460214525905 0.039221280109099456 0.013802798787592751 0.04888280168257368 0.023223298545488713 0.09051500246156706 0.013915573660202624 0.04576793211873729 0.09265433684472747 0.010562359942013622 0.060338764024050875 0.06592756879685122 0.02989871358403246 0.02451200455789016 0.011719206311366331 0.08252920403151491
32 0.03239935914599298 0.00347837836731759 0.02560785104228601 0.09443055948117768 0.08022723730875048 0.010007662462759512 0.09224286301682964 0.00472262600935585 0.04773314974017819 0.07957491121185925 0.0880114092399823 0.028164022068463176 0.014036474557943613 0.058227164397380064 0.1000006055618906 0.057231278503790936 0.07596641259175903 0.01772468703140988 0.01904899483649703 0.07116435342437613
33 0.02077367428965086 0.05189753159556774 0.030759431105886324 0.026028052558700658 0.07863315876902378 0.018867030509044 0.0483980400112091 0.05543505283500642 0.08256100080467253 0.03004480972447689 0.07807685227508297 0.08454401272340377 0.07803970542208402 0.0325646848514567 0.05070937599172234 0.035412480454323755 0.08600081082729086 0.019459122084972087 0.0678754083031919 0.023919764863233182
34 0.061295083180671436 0.07036735635920673 0.017971904942804366 0.054985249883073586 0.08521759289853542 0.03734327750213058 0.05473529825080566 0.054551041618403115 0.0596813879186747 0.02509298488451793 0.06443253370477418 0.006082420053819248 0.07065577842144768 0.04954152047197627 0.0386030603851159 0.016851633208291576 0.04716302615991865 0.06119140861911726 0.05898164508947313 0.0652557964472427
35 0.01539478900364036 0.01589606621802465 0.022425583161069795 0.09387435985793793 0.03418849256398308 0.08401631517665764 0.07735149681576121 0.07851484116873911 0.009623685956070889 0.0885118900397289 0.034329305780315185 0.07622657402944585 0.06858885289071392 0.07865139580411341 0.07149267003321412 0.0003052389749591289 0.07012328658303849 0.06620736633509991 0.0024757075164873565 0.011802082090999144
36 0.03585901633817513 0.014194618468163339 0.07256652251323976 0.03516511567486862 0.030527557380147896 0.06329553369361426 0.07261347604866236 0.0661548966055871 0.06302942436055792 0.06434415410923826 0.02694514285000367 0.06848042192746533 0.04991216810054614 0.0702074060762256 0.026297069194662855 0.002902252187617903 0.06531630439919342 0.05700060438236783 0.06474951486050758 0.05043880082915532
37 0.08804097471103939 0.08646608475910288 0.017520349982458987 0.04981288085009538 0.03473117111924942 0.008924772586696814 0.0555904730949505 0.007286433385702354 0.047372791831082776 0.0868879236837259 0.09847391999386934 0.010425688954766064 0.09847843891513922 0.027504611186663933 0.05518277941921926 0.06847164418337946 0.02922404902484053 0.0374869789895555 0.019627144950030154 0.07249088837843216
38 0.048701542572277684 0.02648201144776544 0.0005555174998509725 0.10472418472889569 0.05829653678767604 0.045594169733552056 0.07214755997433843 0.03350345357463709 0.026914661243408362 0.06307605224943855 0.004920544697099943 0.083592965714661 0.06309440844780642 0.023206448555993648 0.08981058033899854 0.09041777166685432 0.008534504320663024 0.07248533340571432 0.047669725638746184 0.03627202740162209
39 0.06235804977688339 0.02026055769328678 0.0794809081024789 0.06280001634844679 0.022423761254305622 0.016039200759941776 0.03839126183241083 0.02656476701755983 0.026150190726806615 0.10513836230049427 0.08543826399631577 0.0523217326420532 0.049217202705584856 0.044825660805450106 0.03072269607960027 0.08395527859683327 0.09149754821632412 0.02302139549367717 0.04645241983355183 0.032940725817994544
40 0.07284206327105092 0.00980804952021195 0.0985960301510263 0.021724111990073455 0.04155596184545481 0.05572458548658206 0.04435533931545587 0.014593360589735472 0.06748284473086325 0.06534626324918612 0.0011706072478181741 0.01062619893404876 0.07105412807066751 0.08329789209933519 0.09827023257560653 0.03863247446307146 0.09386771827486944 0.07358554020728408 0.025827910904916387 0.011638687072742297
41 0.010563273882282969 0.08010935685695482 0.05690994502396 0.08271601870691388 0.06038409637675005 0.035234477357450764 0.05251270423565629 0.023636987891463103 0.049296748251176754 0.03933346889309129 0.08640999877477712 0.014914862562362474 0.04362241449566623 0.05078093728092917 0.0693532970834734 0.08432590949370258 0.021076181020218392 0.01959926547910249 0.030402862465386454 0.08881719386868181
42 0.0037702584467835154 0.06321257209748417 0.08269425010832612 0.02877876166417787 0.08281353796030333 0.0026993566029201313 0.035100300383364404 0.06743104141641233 0.020816273798004114 0.08612943086150347 0.039922846670933064 0.08250704185927572 0.051312927584197386 0.016786709052330807 0.08271155719521715 0.04195142337856145 0.058467739633753665 0.06906531607033685 0.059485205916106454 0.024343449300007824
43 0.03454410781982065 0.08676751339780121 0.0461491881514751 0.018515960866742776 0.09747485363745183 0.04849877933778373 0.07817515896457869 0.08395419895027069 0.004192581083161585 0.02272716960814599 0.06143652598913913 0.0768431486684164 0.032800428592673535 0.03620522244042758 0.022896984785524162 0.0626604555596522 0.024603076061066237 0.03379106582515782 0.0418825929570435 0.08588098730366726
44 0.07401797337973041 0.037077648531908695 0.0993054565302435 0.03865965132605836 0.0023975526146215458 0.02644000273252354 0.0663201987915713 0.03974990234286943 0.023459359105836432 0.000543899040264784 0.039122834172934516 0.08660566876706226 0.09461591426421528 0.08742691688112723 0.031510726042476955 0.04417069973811567 0.09066916632655685 0.025392662306646413 0.0153745066882431 0.07713926041699389
45 0.037043722365767 0.03228663873034934 0.09347618435813898 0.07867600307976438 0.08627417426386426 0.012576830003994382 0.042610263525283076 0.059797396148889854 0.0949725785053851 0.10440062546450042 0.07842402247992544 0.010279210125522987 0.015713969099457166 0.04829464160698413 0.018522395140920737 0.06102638676897746 0.032571458564892165 0.07160914944520065 0.0029476322201174594 0.018496718102064987
46 0.04889473828429794 0.027565909540847897 0.036177012773951765 0.10220807542518609 0.03143384376052333 0.0883815326542237 0.08925789979880715 0.08460381241925169 0.014733769498078968 0.020065510264288957 0.0722479290999906 0.01659737597873189 0.06049024940449293 0.03433645040979732 0.03811481211924122 0.041213799480301905 0.07470384524967358 0.04447298084799159 0.01717453717093689 0.057325915819384364
47 0.11804607306704665 0.008428182635239654 0.0006358189985597012 0.011632553886321824 0.09380064706383663 0.023459987297044172 0.0155318156775529 0.10218683078560375 0.05602125508152678 0.0009322813050682977 0.04884674961335626 0.003710496100639425 0.10251885838020602 0.10344977873290778 0.10950748985010907 0.008070718934113173 0.08487147918256092 0.06130418459836185 0.04043334846162221 0.006611450348322917
48 0.036052130237556816 0.0232146428924815 0.09836688481441698 0.041955183117159386 0.004778123735924281 0.06543436405760242 0.04271781755641269 0.01968409729697886 0.03541464392586716 0.022832435350008413 0.08990162961798447 0.07494366862384577 0.06453566590881377 0.036454864653902894 0.03494276926239603 0.030366530163346745 0.07410429322107703 0.10466872923026237 0.060134449556926546 0.03949707677703602
49 0.08248436473103404 0.05551329654889442 0.08060775501468316 0.0890053454360119 0.06819826336309509 0.005352652591640142 0.029052198628067946 0.004141407302136265 0.06613926829740799 0.021708230490071923 0.045299505867587235 0.037613938162998836 0.0686474591051333 0.09194823761920576 0.020011605007050178 0.015188418040072071 0.10551960481255668 0.06962445110343342 0.04020293406593284 0.0037410638129866183
50 0.017838970011311465 0.06077667958010001 0.06714302704360779 0.053123541278774715 0.05590142808832483 0.016485021072829058 0.0032254843224630235 0.08347473717782089 0.07908736320616859 0.01972081154213984 0.08197109388722454 0.040567932113652574 0.007858875221718017 0.10447099423194044 0.08409677305427277 0.027026917085693176 0.08864015047961568 0.037491962046076244 0.050097266484129044 0.021000972072137424
51 0.031021655598920395 0.01987246965919358 0.04183608828767195 0.03034949133074048 0.03753309567963705 0.0455377935164671 0.0811907463919597 0.06932960064710128 0.08295125598776301 0.02106443065322579 0.08053471335179664 0.0401048369354055 0.030392066176632836 0.05175069562924544 0.07655307244629762 0.07115005217623357 0.041826428440415904 0.0445895310230459 0.01301333540787432 0.08939864066037186
52 0.06350341979087532 0.031975148185555066 0.06616895560987414 0.069013889171178 0.009637475620546489 0.05858645498693605 0.04947417108548731 0.0036517432061531287 0.09505971209521148 0.0672177092535113 0.06749816665867042 0.09673684595494218 0.08462105323184264 0.06101403191181582 0.00775338914538419 0.028481209109330403 0.00271386622708142 0.0524345686653881 0.06558678533497192 0.018871404755244795
53 0.05470153017508331 0.0630525005070188 0.02483086343168252 0.004241818187265755 0.03176177895767381 0.08804475903149094 0.012905598383506005 0.06810164477700092 0.04428659037552774 0.0924743076141628 0.067591673128637 0.0460284689296871 0.03669930088487469 0.0508548936567942 0.08282929774502155 0.040148759815824164 0.03948329070164656 0.03201662458109227 0.02557240896572622 0.0943738901502838
54 0.02076259938342095 0.02091966151700206 0.0913827237824832 0.00970699830820551 0.08689656405696582 0.060040588074114914 0.03748567301861809 0.006212646486732532 0.04736307312905634 0.05804698434384572 0.10479483714170956 0.05415154474618423 0.06787340234233155 0.09177699645025478 0.034873032449013554 0.10258882310276239 0.029896006294128672 0.05072568027186798 0.003103265585473909 0.02139889951582819
55 0.067553247930644 0.06551889857305535 0.06246673787921058 0.0005860974004690873 0.004481101503039332 0.10614988962661412 0.09637702868659019 0.07905072460531477 0.06518768072283679 0.009979865690683007 0.0012209913004864869 0.09404817970471213 0.08995289527995659 0.04536117849021103 0.03591508733964695 0.010746695996961337 0.06003368234205128 0.04089019457259639 0.01975430941196606 0.04472551294295456
56 0.06642223666854415 0.00436146213204768 0.040285677054720394 0.06285735587113224 0.08636179155803708 0.03224337639529818 0.053213599014887404 0.007427633014148515 0.06124775418873152 0.08178368263603049 0.06158376101244078 0.05652946643472473 0.018153111860265067 0.08583530942280417 0.03555025783369222 0.05539924041352939 0.04304343239542518 0.08852924882360896 0.049989373755753 0.009182229514178878
57 0.07692525034414431 0.08294436011017417 0.011590482997201753 0.07348667484134197 0.06170095924802297 0.062435463158190437 0.11089361935753533 0.058843818248440795 0.0173700172871786 0.050418408683914666 0.07335865152549322 0.0052076350973379905 0.021114870154705794 0.09597808445045075 0.025947182001842616 0.021048062492475844 0.001854023772473795 0.023876642362570866 0.06479252026262353 0.06021327360388073
58 0.06702543505641075 0.03832037509957612 0.0021660062623309055 0.023071611509390896 0.04708755599713987 0.06951647661882995 0.06409169962970566 0.037812964512056665 0.037619586400930244 0.07149170937693501 0.06178926556147986 0.03431137763728378 0.062271470505798746 0.061839707095259634 0.062288598243939015 0.07009947071634436 0.057246009878695006 0.01690956859822591 0.045819080587984944 0.06922203071168287
59 0.0651659348142875 0.05442032619836398 0.014306709192391848 0.07865006196720734 0.030328471819673082 0.08082331517918931 0.08396344300784621 0.00994415516521205 0.0915571002313343 0.0183774329707066 0.01315461733718979 0.04569546631835731 0.004972143574389357 0.009990987532145116 0.018068026299251062 0.0941922052159809 0.08676117003454449 0.08594179389071924 0.09508117176354687 0.01860546748766361
60 0.054609607045841044 0.05706885985039055 0.024061131470061958 0.05381325489711042 0.016229355714073895 0.028400342786284786 0.08707694376685171 0.054660050175849566 0.08284499700009698 0.08237190020175712 0.08659768132850763 0.056244551134767146 0.005499361611398054 0.011225653205141784 0.08032853509249833 0.030712496704307514 0.08154703676710445 0.05621049008053564 0.04641034408165415 0.004087407085767286
61 0.0034633786399567317 0.06919109174450135 0.06421668003828118 0.07035408972984146 0.051457202917217504 0.06751221739803066 0.058190940567801 0.05441444688756327 0.03209558675246534 0.05478381592963411 0.04360101258167123 0.034619027195030995 0.08756188183472519 0.014478808944213585 0.0479529528265407 0.08258187619478297 0.043612434509118704 0.045877227719744125 0.06501492527797634 0.009020402310903402
62 0.09526841533811067 0.07552832399588259 0.03131818293012987 0.05151525946073257 0.005035735608987797 0.016169346689845283 0.07282593022823987 0.06903211631050796 0.07726026157127681 0.05650430780359133 0.01754470549211329 0.03954666994313182 0.022723559149788394 0.04019479707076741 0.11500111719795225 0.061215923556188385 0.020638984486280938 0.08358040615116802 0.04522817330677284 0.0038677837085319315
63 0.008898464612456195 0.10688217791966181 0.005193071859630296 0.09383233669320493 0.10112075726440461 0.015969382196077266 0.022887519531566522 0.03726158995386599 0.00456908442609202 0.07767930729228348 0.020029581299764135 0.08071815612290496 0.05433463078307667 0.05743726640244451 0.08105852346786446 0.019096021611086367 0.07246474527779197 0.006723035293217555 0.04863669122879865 0.08520765676380754
64 0.014622293103332483 0.0572756962196166 0.08061647186964911 0.004617393170717096 0.07585933638985018 0.045924217797011134 0.03277095666554631 0.0678727179760536 0.05632224193425556 0.053022184312043204 0.08183999151358358 0.08050442606365081 0.07982080791739775 0.03278426324723744 0.08014774178073214 0.0829564180543345 0.04566082745400052 0.0009506359840093041 0.02454578171101947 0.0018855968359591851
65 0.05356889183781451 0.013516873925138445 0.07038566744593362 0.03962693682613503 0.12194744237480647 0.07768911960456865 0.04824937681324321 0.008197515588263081 0.007396290060269502 0.020392892032460842 0.10476879672368901 0.08830461155605662 0.022874757033816886 0.06912255260900221 0.0428484745161847 0.06016593852880172 0.021983237586647476 0.0335943143846342 0.024130688983519024 0.0712356215690149
66 0.0818282603150575 0.07684834675097611 0.0660708187486324 0.003177918600498782 0.07148935050286362 0.01585797520581089 0.01668180054943759 0.019240011610591367 0.08040591586026503 0.015094554208446315 0.03753659630069966 0.00016585542352226204 0.0864166844742313 0.07366935457626617 0.009331782697610733 0.0727464183515774 0.02333953035257612 0.0889611850462694 0.08610729417875264 0.07503034624591488
67 0.06794609557266974 0.0493265241295196 0.04532006412672449 0.058460515831825835 0.06655660272794149 0.05248741385726887 0.08760811372731138 0.01182462519107918 0.056922298919397894 0.02112980140067011 0.06263076923837196 0.07858348738793061 0.08869041172311863 0.004469107972345671 0.02037731890265545 0.0693554328890146 0.03370327926221621 0.0794453768245074 0.01320123565283512 0.031961524662595685
68 0.04942591572442634 0.01944777983701863 0.06448197380675924 0.008349382376922353 0.05666950119747992 0.06732547324147681 0.012180871605613762 0.08751116173955924 0.02329641866899329 0.08001719457343663 0.043777968284463925 0.06724961447555226 0.064147712317269 0.0674617560069658 0.0263081425278847 0.006924120393929399 0.08381714178701924 0.05787911341679442 0.052079545410277886 0.06164921260815737
69 0.06873557853888192 0.06520520243713578 0.03336375424798576 0.04965954484370257 0.061953176353830165 0.07670840202815483 0.053286679954028686 0.08143370145375327 0.07702502796147032 0.048075844595143025 0.04412035215974696 0.05269893102958218 0.08675569981765754 0.042777568798056144 0.0062454695045869235 0.00487525488179485 0.06776670608478527 0.03847345439531978 0.03344904303616142 0.007390607878222599
70 0.08243489164797058 0.0486389509100469 0.07188771094231622 0.0813422359250392 0.06437037436909036 0.04830777399040329 0.013814221173400264 0.017378346573127593 0.07708027969002482 0.008043127269868252 0.026461561866623375 0.0872135935661816 0.004477983601035171 0.05357026606181069 0.08738101125959614 0.050806703662332794 0.03920634417554733 0.06253516402263926 0.030389797314717082 0.044659661978229015
71 0.0330761215318542 0.06804473224075841 0.0792957886296393 0.004859045941845918 0.06507188285528355 0.04464099180335873 0.05444811117227776 0.06669071040365886 0.048587185850506254 0.0893748412894929 0.046792647657750194 0.0711556694116539 0.047030560903186816 0.02070048568554416 0.013736964915123683 0.014410758440556158 0.06648360948052251 0.0855569441969919 0.03967164210313244 0.04037130548686244
72 0.0474619538707248 0.02371497252641245 0.09175324144917617 0.06865622008365964 0.10925302561654407 0.017932801531070786 0.04634198726308657 0.03266243981619557 0.1035893366279135 0.023840147604802856 0.019286139254393934 0.0076828666134504415 0.08402627971449164 0.1104031763050217 0.10195136903364799 0.02967866223148771 0.02487672846124836 0.02844615026891214 0.025598929956452937 0.0028435717713067065
73 0.11299554839136533 0.02397653294737829 0.044475040337753055 0.06967895453587072 0.11359669113007002 0.09174547506378888 0.009523730148152701 0.04994003388379435 0.006548237786311869 0.0008911383941509734 0.08599799027819705 0.07299951501731353 0.0239519045725632 0.07337255568284264 0.019697607790736493 0.018040990166971145 0.05848770099018305 0.05005742334527709 0.037766160882138564 0.03625676865514118
74 0.07645883303427119 0.0055887834244209246 0.06987464984249415 0.03626432052811606 0.02078677192609999 0.07215901328145286 0.011289830798052798 0.06624486639284327 0.04807680640431008 0.058925976587785166 0.07376813093558475 0.0016706126181743482 0.08000079058841765 0.04049153920904499 0.04029427416795437 0.0726512196011251 0.04172845519454634 0.08330881675277928 0.04445228292928219 0.055964025783244574
75 0.10888693366197347 0.024722536284888758 0.03294285426245233 0.05042084983756344 0.05442744056415006 0.01176693141022261 0.03493066145825279 0.02939531307070421 0.009426961652975541 0.02490939322301175 0.10156792719719135 0.046139759482237246 0.02694062563232621 0.015726315357097603 0.11345655126736959 0.01500723747639045 0.09133979859815046 0.05103944613963762 0.11238958792645538 0.04456287549694912
76 0.07760419327560898 0.03121044460568896 0.046043247610217615 0.012593548902530014 0.06006763441557773 0.020024676834883987 0.02883254529900235 0.036930682234822425 0.004123050624980284 0.1032878380364867 0.1091965189879538 0.08981723356874184 0.007118248655783907 0.09487003168879486 0.07683162458529372 0.048989211014001055 0.03362920193204902 0.026812448547202637 0.01858792143034409 0.07342969775003595
77 0.07700696077635652 0.06310572998295473 0.008442604822396643 0.03534999749177567 0.039729793025514305 0.074738767109772 0.035228645045721214 0.02921265285253741 0.0712268257590551 0.07573763837454557 0.08027662936477116 0.07162324013675544 0.028491876639019604 0.06110389835233831 0.0035481393663151497 0.020823784796050796 0.074839998004277 0.07681374750969937 0.06276155242870314 0.00993751816144061
78 0.00846672882672271 0.00023201521231806696 0.06875665422874624 0.06693522622582077 0.048194658829775035 0.09275289978427953 0.042486377902289554 0.09268847842287939 0.07260890791469157 0.015806330221445203 0.027016412481258988 0.08599297536831037 0.08381389040723182 0.002836155974883047 0.011621416229159019 0.03883452816528127 0.0100604642938647 0.07532491072431954 0.07159730808477005 0.08397366070195307
79 0.04238708443226463 0.03002708845196534 0.022548765642304635 0.03814945838278004 0.0018333290661790087 0.0038318114820208578 0.11602797878961496 0.07685195623944459 0.07154354327315637 0.09895392106516072 0.09193563798645568 0.05447519380058079 0.11831710736753609 0.066239126654607 0.020119669863099675 0.09014025786896115 0.00795477609603818 0.0037216270436255363 0.01724071856959866 0.027700947924606055
80 0.00967575914622894 0.06617576484325148 0.011495638957794357 0.055954978623542984 0.025169749356710652 0.03476501754557187 0.02857871008012485 0.042047235643030215 0.04217793595334877 0.059228417393202705 0.06761085819963503 0.06420721917004761 0.09109278566652305 0.030032742825155195 0.08148437729795331 0.04989946287307479 0.06736877853377872 0.07401550501526534 0.07090542166130431 0.028113641214455753
81 0.0805313018580024 0.021506653360438693 0.009915361484332771 0.08018755627364922 0.09533555448329512 0.034998179642449376 0.08155712299857477 0.08982995425764875 0.07492389339667296 0.040490398690604903 0.04114349470210765 0.035052308357916465 0.004201016591989725 0.05796731056075912 0.0875303297079262 0.08335845285164316 0.027351071979809724 0.02144493876674103 0.012663729125377698 0.020011370910060347
82 0.040377509018500284 0.01837854121735279 0.028625632220431473 0.05143555299334777 0.03409411566862685 0.06345690488151498 0.044798293944100565 0.06876849693690376 0.029726134700324723 0.12250253198096721 0.028446447198547532 0.06130241453191109 0.011745521102741359 0.09871233973191629 0.05470302705361789 0.09810460684490675 0.011345509682361095 0.0035585846756154282 0.0848472265604834 0.045070609055828756
83 0.013858618640435166 0.03863195262241622 0.08216912936863284 0.08141565365177045 0.05412874580473027 0.007900362241034476 0.09337870478098098 0.05391542394689005 0.06500129583590421 0.04663654043387905 0.0027844459781075255 0.08456508846889248 0.008527130019924 0.09458432831458703 0.0360513630405301 0.024650443854839166 0.04871929724366729 0.07422665533733337 0.08466484591424704 0.004189974501198396
84 0.02620916355705261 0.056117028065021266 0.04304593563436847 0.06903991290366597 0.09167723017912906 0.06357360731088903 0.018426623862417092 0.042199041758269135 0.08556327255880775 0.0017639049032823306 0.07147696231128904 0.009467843051108307 0.08372985091486851 0.02823989777379247 0.060609374082071656 0.06603649624500259 0.04614351378814662 0.02992295241316646 0.027699087644978877 0.07905830104267268
85 0.0770521640230545 0.019336596276836003 0.07204151640328421 0.10118059646874167 0.04193564196825103 0.02447545578180122 0.0029977197286681773 0.050195015807998004 0.05621024941950302 0.051647150228377084 0.0639453858758636 0.02472781965699773 0.014403411273159097 0.07649166151570914 0.020707116052545764 0.004863773811949286 0.061390006940743765 0.10703949569400467 0.10088670120578522 0.0284725218667268
86 0.04147857299934778 0.10055120572685683 0.028305594087195247 0.08699350567281887 0.010124125506188467 0.05774539657873031 0.003044486097637484 0.0003760304424879244 0.04546098175624267 0.08150621134231606 0.02795913850686332 0.04412000707975694 0.09584579070922586 0.08375418195162881 0.09930674704556836 0.030885411123274118 0.04701907578841026 0.031375823124706284 0.0546850373384293 0.029462677122315154
87 0.019754853738422284 0.025042284747754155 0.027665722873541444 0.049788022651505004 0.07937405432590997 0.04124004880753867 0.04728274146733421 0.017897966005318944 0.05660277074529319 0.05501727779561564 0.031248795811545296 0.014321075002266807 0.029387345907191192 0.08253060821964225 0.056963497868349276 0.07847833591688548 0.05735102642283207 0.061650399727073445 0.08346714862083453 0.0849360233451462
88 0.047558648259856805 0.021788830744080716 0.06942416400497523 0.07040664817366717 0.08356512520499268 0.03292582026214294 0.04897077677255161 0.03474474173773604 0.06860622840499153 0.01606735505043566 0.048943856459319424 0.0296761696945451 0.061893005949858616 0.056278802444928944 0.04868086337884205 0.025322679142268552 0.05545258532560026 0.07333900947808193 0.043077610383785554 0.06327707912733928
89 0.04846768194593975 0.07129029162043844 0.06149496428284476 0.022833835070044012 0.06845957985266032 0.07722439641828117 0.07434246975546398 0.049843381919737 0.08700046157955876 0.07869351721246287 0.003940416202792018 0.011479330924389347 0.08782116502473665 0.0004101736723106447 0.037691889817588246 0.06749187293208227 0.04056865766748843 0.09131253246037686 0.002424805721456249 0.01720857591934824
90 0.025359871989553976 0.057776440463559384 0.06319043092521728 0.012508181793078003 0.08719627352775532 0.03552089252466705 0.07089822544910544 0.053010526627497126 0.006713600646548114 0.07861411311056615 0.009798919551863143 0.06808445927870674 0.043475903438494695 0.052336712357455795 0.12894848947403936 0.03892034170617648 0.01189115082467775 0.11715824367304356 0.030195286922344425 0.008401935715650205
91 0.042775778143418396 0.036872587214782857 0.027890964445032765 0.006951858398047862 0.05705745362120634 0.015060624448034098 0.00342981650293117 0.10876265711884595 0.047962591198666915 0.009466036599996609 0.09829567948617465 0.04567247639497818 0.002594601129632357 0.09520104920142561 0.07068584763293555 0.026439339330846533 0.10082542934479599 0.08677088396368017 0.027230018178146572 0.0900543076464215
92 0.05372076126641479 0.06062020571913467 0.025858902599699325 0.04905751200816078 0.021635290439668838 0.04014760372263375 0.016938077251823856 0.09212520203642936 0.08469274984203527 0.012187498589512756 0.08872641422753169 0.02716858381062037 0.0550334940285132 0.07159716792187297 0.048355164005426554 0.02111353868185209 0.0900294492851376 0.0352561470088247 0.030227860066959163 0.07550837748774816
93 0.04361598647575513 0.0409799781993017 0.0701141680221264 0.020098244402195903 0.00417956686477919 0.058787059906343274 0.021141707721463517 0.028903020729204202 0.02668562892736175 0.06794780122053959 0.01589037133091602 0.08365009335295745 0.06939456305958899 0.06478230479105054 0.05607486255316337 0.08727118258362018 0.033775057263627124 0.06060323996596557 0.08362616135598964 0.062479001274050545
94 0.06378136901703936 0.06669720814387518 0.06984930671714228 0.01985821322761133 0.031541681062870246 0.07101409149155882 0.05497512640689086 0.04674421021221578 0.07662920765161056 0.03260629911500421 0.047260253292795616 0.01452876206504955 0.07305644580538119 0.06566952755641643 0.062080569245691546 0.07464263717158837 0.0421705759559872 0.010519486364956922 0.01692866064950883 0.05944636884680583
95 0.11142144765149632 0.00255975284286449 0.11288924822573479 0.0825435630425792 0.03245196228051468 0.010038385032561662 0.020134481337956204 0.04270882268405713 0.01981766874634213 0.04294103058978176 0.06339050483507988 0.008624841346004209 0.02439751820052899 0.07044197522413502 0.09452194435624668 0.10181480859943895 0.06850388082589604 0.03636855892210874 0.04626925585118042 0.008160349405492649
96 0.006353440810500522 0.05253716705784826 0.030903093770769923 0.04507526016838142 0.0681099125118523 0.017213630874316366 0.03584683225953957 0.06202335998841754 0.05300732879379043 0.02395120970943922 0.05038260851794789 0.0587751031221254 0.05260022655736685 0.052701873466596584 0.098807863167951 0.09751932028794487 0.04612805517728715 0.06322800302755359 0.07440052152901597 0.010435189201355149
