0 0.03135318391595745 0.012287515706851253 0.02720432090317117 0.09966936213260341 0.08142176721815404 0.06678907432635692 0.012064921262637075 0.038372162100735935 0.03314543888039525 0.06123911776467665 0.08275030424106027 0.016190567769540934 0.013158087037232204 0.06591760759018651 0.007497508664951396 0.09327594486225385 0.09563974626527423 0.09568474296167559 0.038440399476213714 0.027898226920072104
1 0.010860483654327175 0.07650315209488918 0.06155884639286605 0.09446938218573443 0.011332718412874733 0.05992665859480116 0.009477225816103047 0.08733162131488681 0.004869540209138868 0.010837235252101469 0.026056913991362625 0.06398208560680135 0.008443100421368064 0.05735969432700626 0.03765561233409398 0.08962238775189454 0.07801061863336022 0.07008048953659742 0.1083087361697206 0.03331349730007192
2 0.012764305163353622 0.05089491374270725 0.08392760013408078 0.03666031924653053 0.06322521817595057 0.08288899573374649 0.07655405934133422 0.054987293095637456 0.04042612768859514 0.005585290969797549 0.0483889785571831 0.07793653150496523 0.018635713937023148 0.03832945469871504 0.07427201888446441 0.051167279305576144 0.0730386501484204 0.033059990582880124 0.0041563196954786386 0.0731009393935601
3 0.045031912814772264 0.030907544404948695 0.017552668539755994 0.05772795220165775 0.07821160207531629 0.005673270286057396 0.090326820680998 0.030883321314515436 0.002707950859995604 0.01707923169331532 0.07106109985313917 0.08114436920826343 0.10160548789621963 0.0295842388369228 0.07748784195151377 0.011393693228291852 0.07954336690260025 0.05092195480650874 0.017807831954122617 0.10334784049108509
4 0.016895289056930378 0.069164583539319 0.046040609261991924 0.03713526966477433 0.03589900012499683 0.06730947652247422 0.04417455925394343 0.03236613551516438 0.0712328555788816 0.10976313992581983 0.0396336816425668 0.06255475364016998 0.03933790572047701 0.005055256252625602 0.09948951428620705 0.0035215175378076804 0.09416349905752171 0.062438836335754866 0.028645218780440233 0.03517889830213327
5 0.011507296810977084 0.022363788951940716 0.06683277031621856 0.05268637524592918 0.056913002531346714 0.08263844513697288 0.051985520906975495 0.07001054165473342 0.03899273377726195 0.0331522643741461 0.051610763017903745 0.022023489261808884 0.04513400363837777 0.07533789804778157 0.019217347020510155 0.050474694999397794 0.016213437226743222 0.07735571558628618 0.07554278927818374 0.0800071222165048
6 0.07007003147672373 0.07155640068615672 0.042165735478943825 0.01971056668707449 0.06159993858810008 0.01797859120641157 0.02825594419382437 0.09148390082490614 0.05353313691538401 0.060015385469250365 0.08227209022944147 0.020110197436451368 0.030414648210650767 0.02135477295204044 0.04342909363465915 0.07292506663237745 0.07394673288632338 0.026447749027512544 0.055757965712786704 0.05697205175098128
7 0.08322924315279513 0.002925935912828862 0.05772706247075254 0.07540259024113491 0.07598304440630803 0.007473721443453519 0.001116880504687985 0.08869918489058039 0.06008601360165217 0.007042081320056953 0.08034626552629047 0.06664080738832348 0.04931829249477789 0.02865902429888228 0.08799793858058105 0.03885759248923527 0.03964771522021846 0.07409560509821994 0.060016849683688964 0.014734151275531591
8 0.04195724404256219 0.08019241106073398 0.018397069752799675 0.029417471850782768 0.03578542798981728 0.016973649622045096 0.0744317117422031 0.09218303408136277 0.03504844710401953 0.01530634999544543 0.10584630382385207 0.08500068109373561 0.02122988511217007 0.01821246586978959 0.028780923369086154 0.08495143110320225 0.05597373834828568 0.05544194979251524 0.04684122284532057 0.05802858140027095
9 0.0878338333473606 0.028573314863423706 0.09339908352794474 0.044237056183390404 0.0158690597105527 0.028293709664659966 0.005796385709214343 0.05036077404418123 0.06704102082531611 0.07781984864031959 0.027552709555226443 0.049190177580141825 0.07658420254071953 0.06206257225456502 0.001737836595406258 0.029121378497880646 0.08028098803088433 0.05446680294940881 0.030656652526222995 0.08912259295318073
10 0.08221652062296907 0.034603565374501474 0.10617188833309263 0.004347159486224371 0.05268525352590719 0.028614136336804055 0.010583807668636456 0.08220918128068855 0.029910145920659728 0.03342615002850513 0.02206723365866945 0.06568671654249614 0.06043241578137251 0.10867799254134015 0.03267205369885188 0.08938584999261781 0.02297430266287666 0.08398824703360404 0.03881281918242491 0.010534560327757679
11 0.028637846629175377 0.09334530616919232 0.05439406238830079 0.081423728108702 0.053095168564358315 0.025403581791418505 0.014914856079175316 0.06652565662044754 0.09748811196349579 0.09793483813350495 0.0028913003174800226 0.02812500156470337 0.05611713706592788 0.016755975121994535 0.0877028689660729 0.014793807856000459 0.07197617955624325 0.001886789159023256 0.046391361700138106 0.060196422244645324
12 0.004009964046728269 0.0677589380195224 0.07330687109312778 0.006985483493010347 0.009615183763934889 0.013234133108545997 0.1027075596771392 0.0426245682194177 0.07964830933754018 0.03055203028723653 0.03538775613947055 0.04054648295005576 0.05404864430848884 0.07890844222287086 0.11068473399143221 0.005276167055282388 0.03432329196251377 0.10995989593032715 0.015107170304632229 0.08531437408872289
13 0.08030489783652703 0.0011408583657033077 0.09876909733317718 0.04048433795857367 0.07883373353829581 0.009106449400211634 0.01202690030168458 0.039778679065726553 0.052001988454152506 0.035567649498527004 0.009830019443331199 0.06746741347425701 0.10441836096558191 0.021555538560852724 0.07015724997827141 0.04887234748505208 0.030309217069156073 0.04393814449676509 0.07908478497369367 0.0763523318004595
14 0.05292755069210572 0.0029878607587611908 0.014510368015636736 0.032586652623484376 0.0493590519210053 0.06509684360536803 0.029939246179433384 0.015969184688342727 0.03832789338030218 0.07282598756505752 0.021677035068646412 0.043256819534591394 0.08895434802962698 0.09146626605007259 0.0079876423851602 0.06354981705427463 0.08275631641412219 0.08374956729244606 0.093290094322762 0.04878145441880041
15 0.06140198589236885 0.024368605457842425 0.1006540878223808 0.07198076966300593 0.030849777042676364 0.036486638927376205 0.10181496760601197 0.007379605870827421 0.001428778685147413 0.01203398078467824 0.08770372711641279 0.02522291347060601 0.0830058535036708 0.011145338649652841 0.06820384304558846 0.006910615925955878 0.08663836832923577 0.08063954631013431 0.05678701420312321 0.04534358169330409
16 0.008557227826645567 0.08147574918662724 0.06080331106832413 0.05574469587075484 0.027395221342366036 0.07084237386365075 0.054161970181295496 0.021954513569078446 0.07109458244754274 0.05371392174870433 0.0746567274531006 0.023250649693947547 0.031030613407956698 0.04748180407632988 0.038225922300672815 0.08470771465963432 0.06588685572162893 0.019249514946392293 0.04092655592220027 0.06884007471314721
17 0.028119247939687664 0.06564314941325244 0.07154814572756422 0.03842413564535388 0.04893945081121206 0.05194198750006091 0.048890373158387804 0.008062306024475534 0.059076312118564185 0.06896536242853742 0.04938794887904453 0.035969619409058705 0.04042715673333285 0.06201225852870162 0.08066188022407832 0.078649814693998 0.06309609671537843 0.012264693761820466 0.03461814451126726 0.053301915776223674
18 0.0742871742235849 0.07178722149525218 0.022148827806389854 0.037080712147682666 0.07872125523786708 0.06377852549889615 0.009696790276794948 0.06048764731712953 0.0639882079671839 0.039287640774345614 0.07282561150594166 0.07328709703324206 0.07558783790546288 0.02635834776178741 0.0920807661826623 0.0406325090939832 0.014795275132919544 0.007146030285493696 0.03239891463142809 0.04362360772195245
19 0.09445119104341924 0.008868003472392581 0.08803015852007608 0.08183538221004856 0.06089980016992936 0.028862587534051735 0.004499081152070632 0.09124530522087725 0.07289573605294279 0.086807229459636 0.002125007043116852 0.0655522180319796 0.02468425392316195 0.0752771051217404 0.00656774590582125 0.015279725912978943 0.0260784776688121 0.06364151319633747 0.09220541807132146 0.010194060289286034
20 0.07951566202830497 0.09386463916803078 0.0025761738014430276 0.009485563489960007 0.016705638852995496 0.08881200451671689 0.06770318654897482 0.09022990530793569 0.015483355836504677 0.012277414353847008 0.08399671878182788 0.053650331049526365 0.030925209530121695 0.10167560467777356 0.03269433967644135 0.05355512988490864 0.04628782891159775 0.05116480922809256 0.04778623490545311 0.021610249449543765
21 0.05918186718167668 0.009652653143908141 0.09140261570475476 0.023089894251015732 0.07186590300530149 0.08214176008887872 0.016956208944695336 0.08040025051019085 0.018696931586749642 0.015988185053667538 0.06836751014823522 0.006493561786471198 0.018113887650746625 0.058081395738470674 0.07151051215520031 0.06390141576052191 0.07488558171905638 0.022734770900253144 0.06514364834754717 0.08139144632265818
22 0.0024721159014031227 0.025366934587156394 0.05474838699521189 0.09589037449560397 0.1378940633405616 0.05020424852821369 0.021339737106003336 0.031208630050844684 0.0013436722311205283 0.021640477111650146 0.004311849770252704 0.13243742893328353 0.004200797772356436 0.01022138029616188 0.07056977666315291 0.11405255125589775 0.04693571747398029 0.07988919132445647 0.005389124551116043 0.08988354161157273
23 0.09937653558565525 0.010051475352309143 0.06600172636691734 0.0547123164775711 0.09768299500870746 0.07316557268040447 0.023852581795274535 0.027035882953650968 0.036143046348818646 0.0128603600811279 0.009716633210286152 0.06440362983867597 0.05030418538849947 0.07407573365771988 0.06105082039680999 0.0377041617421962 0.03294674497982688 0.024596202351042182 0.04084042552011093 0.10347897026439566
24 0.0478172138424648 0.07779880071885925 0.07041216667912771 0.031167973507037004 0.0704233317497829 0.06528464686809168 0.027442363706208128 0.05931776222306197 0.07763482304053196 0.005681131421935883 0.037132222281530236 0.061441873037074955 0.01789314732503444 0.0525260048158804 0.031932412019690215 0.04163358748575364 0.023800577785830078 0.06102765989716682 0.06844527723193941 0.07118702436299858
25 0.013043240963807795 0.05598087363863178 0.07434762197023573 0.07640671206453853 0.0013869161496953975 0.024588875033525852 0.0515443426031448 0.07339306201030649 0.031234868426872706 0.12463319720666662 0.055564102303375884 0.019907946069327633 0.1081080365480538 0.032596338999532265 0.062239238091906006 0.02803263262880386 0.047215529262452725 0.05474084399678008 0.015534075513092481 0.04950154651924967
26 0.09816813708306052 0.07218570684960146 0.031823244954461816 0.08868689247791825 0.032152658540041505 0.061326003320198975 0.016680497007206647 0.08660872666901895 0.08481880412966677 0.037367229665586414 0.06022399891787765 0.008147943755611014 0.0358114853896158 0.04772868070882961 0.05661386032174552 0.017957183842175945 0.01249413606102269 0.035049415040384606 0.03657825383704653 0.07957714142892933
27 0.0296098683403779 0.09242236818641471 0.0018163544544936977 0.09153141177080593 0.06552126198109672 0.08623142803991139 0.0746386825096609 0.07154334125389432 0.03987494953356099 0.08340406250694118 0.084972076688514 0.03383224502578709 0.03126304155374746 0.04023889090649787 0.013996183456960578 0.01349327682240806 0.009918786682064671 0.027550869960217734 0.05442311532850535 0.05371778499813964
28 0.07802221144503303 0.07758326385834814 0.039937884439845826 0.08318927425431666 0.0249915880976951 0.01691646682244686 0.08268093607269184 0.051866629064017955 0.0776250838938331 0.07329211710523714 0.005403824134329046 0.0223697238577966 0.01828761925231042 0.05678079572757532 0.08075823276051178 0.019018151418592682 0.05248242664659189 0.04931221816058773 0.02804191189473662 0.061439641093502244
29 0.06538157042560308 0.020799282567787073 0.05276780993118634 0.016723781006541465 0.07821103628180803 0.003501383904218919 0.0809651342550483 0.0039755161271203395 0.07821623086054282 0.0522458736713694 0.02790057979513714 0.050934140787152075 0.07377607697114237 0.08114107040908673 0.06759233689329659 0.0505571129053528 0.02433030858737325 0.04501686440762922 0.046350188245942635 0.07961370196666134
30 0.022149191525177064 0.041780732470534966 0.03203289835753278 0.02585306251295085 0.07837528134575962 0.04863300922382214 0.06103326974206468 0.041163989048077304 0.08475530652399227 0.004446173075104499 0.0575484863165156 0.06467936671754726 0.05056838912629916 0.017743892834438536 0.07551910613846856 0.05313069910856557 0.08345827923457699 0.012098330472123537 0.08562113542799292 0.05940940079845568
31 0.03981801567868088 0.06174357375487268 0.038255562511768273 0.05667325235519474 0.029448517987778606 0.06653789791835725 0.06078877691285658 0.028448988796928452 0.05764478873660922 0.05449358118928222 0.07811223764957641 0.05940010162995796 0.03903283246823698 0.016688908961635805 0.04634635272535904 0.045709137510391525 0.0650206824407008 0.07476243513270298 0.05496121612402858 0.02611313951508093
32 0.06980762710394944 0.01335577420131003 0.004819572384517351 0.05095012400785323 0.07818800413477694 0.08367417188781258 0.05594395813879693 0.03907107266634487 0.04328468739388477 0.09110891811702557 0.07744949839825209 0.07882567288182996 0.07076571699820539 0.02596251544524429 0.09154497404974926 0.015233118376693035 0.08487932066299006 0.0016031998251016504 0.016480228090270076 0.007051845235392371
33 0.014846132088800477 0.11658052766618032 0.022315935641087532 0.025337482355354962 0.06662122898287379 0.0019560870063042805 0.023301066156557283 0.053634171386337755 0.08659775664491172 0.034474573942335864 0.010776576005560978 0.05672690254552539 0.08986045134902541 0.03816112738215048 0.06281827237941834 0.12449108851362538 0.02644077787265787 0.015550707723501736 0.12118347444697036 0.00832565991082013
34 0.02371929156984562 0.08550149506785448 0.013151797431329717 0.06511989726148626 0.08490881105725605 0.03976923749669448 0.002244327641746437 0.09122892050494918 0.09028839587113056 0.04620731314540955 0.09137861265611658 0.019094786194692286 0.08307794986546374 0.042890905298609054 0.03349199320675743 0.06431035710233583 0.0704821281816526 0.007410024629096023 0.035794368354295746 0.009929387463278472
35 0.08088503742811702 0.05862535850729947 0.022119655920188913 0.055203043111047685 0.01785835039295823 0.0399989013769596 0.009872370747040874 0.10269838559862676 0.03223268250284334 0.07047195938953066 0.02264830101543088 0.0827838176441008 0.03655262170199498 0.09040823728234412 0.013475986751695418 0.043040045792706996 0.0494770164180427 0.037911845119379464 0.0361003361616147 0.0976360471380772
36 0.00032431380429153155 0.07818583426334107 0.05599385608417962 0.1006908344146372 0.040528839637247294 0.051796544507407546 0.07360792123283015 0.038962328159257924 0.0935409822280327 0.02906426339571076 0.013747010893626755 0.03040414694886102 0.03432773558880266 0.0747318194196289 0.07790805212215242 0.05825733853076029 0.09174907833637827 0.0230419725640415 0.0076435466801619105 0.025493581188650374
37 0.00937957975852334 0.08027183975713004 0.0953631797479969 0.06578263871629042 0.018599178171910213 0.027597742171248642 0.0651243337349778 0.07846396628582308 0.009499942165565385 0.07758154222985904 0.09098009618397825 0.05651769267399814 0.007049095339552351 0.008982522037859752 0.016195525193722294 0.08309985972677579 0.017254387024849608 0.04376823815503173 0.08823598644206408 0.06025265448284318
38 0.034182798712378844 0.06355193996525703 0.07357798997655 0.016816001129873952 0.00607127503556423 0.04426542954220617 0.01736111766227336 0.08720806214971276 0.032961871871984204 0.07991385535053143 0.04006790437892056 0.08220549263256811 0.02807938571734228 0.0921195840931834 0.09336769211263704 0.06595425934566569 0.06951782985561886 0.00698694096309359 0.0571433400411446 0.008647229463494005
39 0.06080375286645753 0.030765201554070608 0.052858554662891175 0.07683871799889246 0.03037659043153387 0.07393056128291749 0.07838355515956581 0.045207065223581394 0.009880173155200076 0.07487736671874388 0.06491447507005557 0.0265659271899409 0.07342960074568423 0.07098069408242466 0.06060242133962168 0.046026803008808834 0.019452272999720684 0.050286527615771376 0.03011529524723295 0.023704443646884638
40 0.07212510328120278 0.04261538525704852 0.05537689232561984 0.049849043165637964 0.038287380459059474 0.05011792313774259 0.014233714274106798 0.05383926554735154 0.04367712514069697 0.0758353789550012 0.0819671469945649 0.06690264933450722 0.019856241636543884 0.08025253712358743 0.06450184629072274 0.02985929123179591 0.05667672952770594 0.019269454256103505 0.02769322773740284 0.05706366432359783
41 0.00587860598624379 0.06195489624025457 0.06633973108194918 0.08561808577957207 0.04938761879416145 0.02593229811640124 0.08006002957936663 0.0841894795081107 0.006655712680136515 0.06582760929075505 0.08699110985011178 0.05941346341088038 0.013002908880016505 0.054696831242179514 0.07927569814182543 0.04308509281106374 0.006120990918255954 0.039047108934289136 0.04715108593446134 0.03937164281996508
42 0.007873711740271815 0.009058851287887155 0.09002891463375544 0.08831499982972503 0.04170006907826143 0.018426519451991214 0.0051210127871294 0.07320303641053072 0.08542547633599576 0.03596996862617863 0.09427844292402181 0.08445215617731842 0.08020336336413916 0.013040339810683917 0.03061032375420882 0.003601599280188136 0.09448782579207476 0.06082988539379204 0.078059626716167 0.005313876605679328
43 0.010940200581539378 8.443758887346397e-06 0.03913536263450294 0.08153590990801998 0.04915750895916002 0.022151169921085054 0.014161930356852502 0.05267479572711394 0.06613930992542859 0.0611556965246518 0.05858056643188294 0.08922539815718207 0.0776008495465147 0.0021511144334763364 0.05764027616319458 0.07183964800248993 0.05494687812936598 0.07670511124849513 0.06548474733517232 0.04876508225498438
44 0.07670868290075168 0.06760381293396933 0.0748526249721799 0.0172622399434302 0.02762079294137944 0.054587544300735785 0.08293490196813598 0.0796517632742468 0.06273331822306978 0.04218341098977812 0.008205382110705938 0.010664238512741361 0.05986812364851806 0.07324661760525955 0.03378967692256628 0.036008914345040055 0.025863114330617387 0.04638549909624406 0.06891991791027599 0.05090942307035443
45 0.021211378868061494 0.03376439665744761 0.03484618732195267 0.036167020874500515 0.10659612868079464 0.10297527835961122 0.07260213218636086 0.0487252233655319 0.008972223140229952 0.09296037404225585 0.07751744518587508 0.08135760370081785 0.1036499285874058 0.021240597397255815 0.024248366376610753 0.021855971766654114 0.06118736939288932 0.026697006900909783 0.005457697542606357 0.017967669652228496
46 0.03252250601187182 0.05870805711135141 0.06109201253085666 0.08436297203838312 0.09512707906000269 0.017279840131797796 0.08068227143080224 0.010058410952502634 0.0741331193942953 0.027612268484126075 0.005803551004808254 0.10545530105698389 0.05889870146402398 0.004064554771751269 0.07902602559087396 0.062195962635096566 0.09242352144993342 0.012461894311078567 0.03388979340975869 0.004202157159701831
47 0.08104751178765929 0.06451278586303649 0.029095433632160158 0.03276279178338597 0.08163231334064334 0.05139177646962529 0.07365284794385332 0.06392774674844916 0.07120988599830876 0.04822964915020405 0.02323111616340327 0.0056710963796605405 0.04836960342717261 0.08155179287500892 0.02202921897294195 0.0520453737692219 0.0486820409831114 0.03251132540678484 0.035436148491091723 0.053009540814277015
48 0.010713765157693237 0.07487450411849995 0.00035421602290808214 0.09088708201190619 0.10220451122658473 0.05392321554946545 0.08025009577514639 0.05788144361023382 0.08144477992624004 0.056280930009203055 0.08268643109982143 0.05341604649936333 0.033588328475975884 0.10947984401347267 0.008935515431142467 0.03137703811479005 0.03865259481533535 0.014339208779814622 0.0030189564964215833 0.01569149286598161
49 0.03953378022672627 0.023063127268309013 0.05575250541187678 0.021632288157516243 0.04109408298497789 0.07378413636038593 0.08071433277968 0.08520085267798266 0.006652694116201447 0.053444033744806295 0.03643165953187398 0.05492888109203024 0.08370471157935594 0.008134465329610905 0.07180224470466227 0.07935422068408657 0.0717930031019891 0.01811661112160842 0.08544871303826512 0.009413656088055031
50 0.022257529205823617 0.007887724271495125 0.023675654591664767 0.013437521244582105 0.01825453920856596 0.023006670360329443 0.06657417716225307 0.10128180209036922 0.02108973498949201 0.08700700464717355 0.09464537785039855 0.05703822643613413 0.054370998685969375 3.680889586858233e-05 0.10273978190681037 0.025082696315694698 0.10673951114943418 0.02488654508621687 0.08692844502554324 0.06305925087618129
51 0.04993082783097014 0.0689467479440937 0.045803736103440844 0.021782390703649776 0.0391405094064887 0.0715911858652526 0.03951976945117698 0.05069143884046455 0.04320296465066911 0.06355108670325435 0.028995190647275182 0.058633993542887924 0.04092951117439229 0.05768063083567934 0.0723117746222703 0.0693195783541296 0.05259601126633029 0.006961127763363229 0.050920383400398554 0.06749114089381256
52 0.09026308144334527 0.02394915162299408 0.09171281624391209 0.054898220746285684 0.0077196428248433755 0.00676999813060041 0.0010405493354423093 0.06269465182956765 0.027643034971311584 0.03379095034432286 0.10062204945935113 0.07485019760002386 0.0682775259572792 0.036911354077610044 0.02962216278092764 0.004269484242739082 0.10684095339102487 0.008964216471743466 0.07498062156533686 0.09417933696133837
53 0.009802045974892364 0.031156428940319173 0.014836686284984316 0.03649932832885134 0.008387517741089185 0.02887342489799253 0.0873856825177663 0.06707684813592989 0.01752406875002674 0.07940958484618982 0.07636542830463756 0.051912180308729836 0.05692177090247892 0.09542587020253983 0.06866978860463563 0.08453762101318403 0.058209927292974986 0.0757047377824329 0.019080101802806247 0.03222095736753844
54 0.028620836656379246 0.020226625838272446 0.057802866392114426 0.06302770269186676 0.046063507133331044 0.06392609387651885 0.0037917942774343817 0.03811250926891903 0.06208356076190732 0.0655301050476329 0.056252066210570974 0.07711481452133605 0.02632100329235639 0.06475817195485331 0.06410790963692509 0.012412949979598513 0.06557612755121274 0.07190701679350443 0.08213972964654834 0.03022460846871788
55 0.07758414962889688 0.01420201705648579 0.025269390009382303 0.04520029536378391 0.0938066579962133 0.036371404933311306 0.016344454806682084 0.001801954999275167 0.047462474363140474 0.061834900394795646 0.07079352939415344 0.08642181662956684 0.07169528822391455 0.039129923363551776 0.028179194131157735 0.011390549420722219 0.08053905599037178 0.08347454234229235 0.08421813949907472 0.02428026145322775
56 0.06796986459406805 0.015010189574183362 0.015988446701974916 0.11728829388107458 0.07972066501613437 0.08155872990810337 0.047046183034823504 0.027944706372381944 0.005858342689301598 0.0033207576120139752 0.07858233922964929 0.0933879525230848 0.0506768689769187 0.09069424769109646 0.00816011126919345 0.04344047858644318 0.036607703249273406 0.022690192755827544 0.058744910810389225 0.05530901552406415
57 0.01106503616546843 0.07894118998193667 0.03492085394824861 0.09954742566579769 0.05229322897084676 0.08188243976534419 0.02193207831362742 0.06834980338052085 0.01890058398050442 0.06518758895286592 0.08920898752885738 0.030694405169753712 0.009234411059623126 0.0358512845542414 0.08122434941529887 0.03142305216776901 0.1044833333483413 0.0020472048572779526 0.006707863273103663 0.07610487950057279
58 0.06534985214859221 0.0023029297685368357 0.07876089722473077 0.035297480210151 0.01507296213498101 0.017044116557757984 0.05551504398119661 0.001707478976898974 0.05162844876309041 0.05879995405790986 0.024332832463948934 0.10107277521703054 0.04351940347349634 0.08501008984823813 0.0550845621320544 0.054328638384856534 0.0615319505430431 0.08192967223698279 0.02056044982348076 0.09115046205302291
59 0.04498163007204712 0.09434244120931715 0.08966664484662065 0.026824078475564783 0.007057898156297277 0.05108957327300197 0.06454077364862891 0.03602639516115843 0.03635808663176091 0.03084551483640294 0.08300025870506196 0.05645605360178687 0.0781248058634263 0.032631703771684895 0.0356272518209966 0.04552602407864597 0.02582965642283501 0.004752109385373614 0.09560762123648756 0.06071147880290091
60 0.08955455501708881 0.07568051735704696 0.08058631085420934 0.05438905105382207 0.058467205981312775 0.058185257236641405 0.027733023211239306 0.08824940230231976 0.08159269544493794 0.02958942327871822 0.05564057371961819 0.025292761969823926 0.049345403880634596 0.0030336035827416537 0.05682696119948277 0.022331250741509132 0.015401772954092072 0.060631173979496605 0.06663794236047473 0.0008311138747893645
61 0.09289918067986226 0.005485630212533724 0.0716504752836075 0.007859585276492565 0.06856347413881786 0.034954186673531513 0.09956007799953104 0.02620710585570444 0.061932505732463165 0.06270835333252094 0.014114625247019848 0.04163318170237426 0.10068963170590578 0.04646615244966631 0.021382794253343867 0.09134018643227568 0.003849235857441347 0.06884529239316314 0.03983325360757606 0.04002507116616859
62 0.08171934145384821 0.039323609373949 0.07575425124540303 0.09719471693109252 0.06265066880667305 0.08521944814955586 0.05503258058591414 0.003809895733807888 0.08370240565715531 0.06399255473982203 0.09006613686470373 0.059922150946098166 0.0006200660487964541 0.015040548180200869 0.0038511008415627393 0.01255218930851206 0.05237946956621917 0.03950077769895463 0.03939040257454455 0.0382776852931867
63 0.08867017450831481 0.05699932401551585 0.023438282931781754 0.05709854110703915 0.03126453521281994 0.019855584036668476 0.08928520220131732 0.04879829933539108 0.08093637268695854 0.031093362783467145 0.01492040068479516 0.09383498208466176 0.011707653583805969 0.07435304358855928 0.07920605371654947 0.07195309623590562 0.04131280359197759 0.07306908281372 0.0035010720045784275 0.008702132876172832
64 0.07433420074627403 0.05725428935047729 0.009490280598223665 0.039772959765999635 0.03361722022506493 0.060322199691894174 0.10450590860732013 0.0696398574973495 0.07747837583665874 0.0355793910500667 0.016627975334520623 0.08636295335573883 0.023696412141491898 0.04760454157158741 0.02179959357823794 0.05288704993408032 0.0968292101593169 0.049531391814641945 0.029233234500894854 0.013432954240160286
65 0.02186618502277212 0.056941420632242355 0.06151561809828654 0.07872651208827765 0.051444737277028536 0.08490569200879673 0.09645691991403955 0.10492931142738185 0.04052085675226457 0.0010069400210994683 0.03156872739766758 0.09714563483825242 0.013304487158060513 0.0008660227036998891 0.10451249794761112 0.013548273432287712 0.027522883197584676 0.029393837378246905 0.04082381377999664 0.042999628924402684
66 0.02309002701449186 0.10429860513650127 0.037049958696962086 0.08291476782156626 0.0015968602653718236 0.07581887777203508 0.06792626720766624 0.09162271806087324 0.05831176774303501 0.06147518836832187 0.06636819050531459 0.03639473413340989 0.03811532954442178 0.03753677023575012 0.020570667728292885 0.038277009559096235 0.018981024934579663 0.051816916920289884 0.05036007116697945 0.037474247185040784
67 0.10848037230534484 0.0014052875569870074 0.10252275257362616 0.07991698520945814 0.060821510816265814 0.03045113288802193 0.11683365002369404 0.07291069562734663 0.006949203960860133 0.06494012438353279 0.09108297473429622 0.022419898334369068 0.012457098317882337 0.016975204973815168 0.07555301135152724 0.02459184119018865 0.006094939858147265 0.05638895071842665 0.014381078077746422 0.03482328709846334
68 0.04259156391281918 0.044099635158988966 0.09110279333221473 0.0253185808502122 0.030456422411284725 0.016999281208825295 0.039749559695692493 0.021998750629081985 0.07689535162612358 0.09372929659437847 0.038949509871216315 0.07887182591068878 0.04700229287381181 0.06186158245462571 0.08508942948955846 0.07847505622506093 0.09157614331207088 0.0015071273027476848 0.01234844410716032 0.021377353033437334
69 0.06500704174478956 0.028603883396615196 0.033121874643172025 0.030877756909387058 0.05786216101536675 0.07375430611209685 0.048800587714324155 0.06881778082716469 0.061795258099945384 0.05604089118725831 0.054585178272047626 0.05484699228866222 0.057811866913003045 0.05060804326620929 0.020560100282656098 0.03846703120781468 0.030086349286332616 0.06784715525622736 0.06503222732940969 0.03547351424751726
70 0.023027932708629316 0.07255609258147416 0.04881759230356385 0.07101951256629738 0.05563829125482156 0.011689241103315802 0.07509551212204138 0.09366193212789736 0.00033028678308617403 0.08103980669046151 0.05815453029564998 0.048029867372121206 0.04864157698042865 0.028451579985251312 0.013774195733160285 0.08991857211738308 0.06876812117618744 0.09323614168908533 0.00391341542988526 0.014235798979259232
71 0.0681300684637397 0.08742616322191957 0.08592508486254924 0.09110282600255677 0.017364049893290663 0.06114097185760408 0.021796927819724744 0.065290058967811 0.011540666335954906 0.06850017242499878 0.022582264803385287 0.03018780665299573 0.08779027330993132 0.029473133463657368 0.005966697186058558 0.08836133533477115 0.049836458427286616 0.05147087454836913 0.01371037425431649 0.04240379216907883
72 0.04652187178213236 0.036562909446184066 0.05828792413201851 0.07233951157780089 0.06678588839592044 0.05649377219514163 0.0658998286499793 0.05053098552743429 0.04236961294376018 0.05593629376519135 0.07814123086900637 0.00869962719435126 0.05412016326675344 0.02208723790776486 0.03465659287798318 0.022372121004682 0.07783816233488086 0.07755041725945941 0.018168153388965703 0.05463769548058995
73 0.06388241264499395 0.034836118126675385 0.06750713284516795 0.0369165553053046 0.08761281332115449 0.0882250099023449 0.07066856306841748 0.02007834474745877 0.028901309284846112 0.06333901627613858 0.09039427838991808 0.027082056628441757 0.07798888897010323 0.03901843818001206 0.05953620417774813 0.0021725436971084516 0.04769975451838494 0.01368372172751498 0.027001609604643678 0.053455228583622554
74 0.0636780085154136 0.0431923259559002 0.05465699336745423 0.028199623132571267 0.07586330900612277 0.048416071889953526 0.029275898776074515 0.06049356636398563 0.04874062586407803 0.05601794950170565 0.07932183521104098 0.051402544917474785 0.06081941213056613 0.01936120107649499 0.060458294681816044 0.06848687562240761 0.007410676790345477 0.040755455029198764 0.036061070591621114 0.06738826157577484
75 0.08832987771398026 0.00920833864055692 0.05428919834393315 0.042995095515136146 0.007116141435148419 0.011928842900825964 0.046772006942093755 0.01775447721180599 0.0852731317257097 0.064785483132783 0.026709908647188797 0.09353019188681823 0.02476870502821099 0.09374041085500853 0.002544924738995868 0.06580258531166923 0.07690948460997232 0.0987060299596335 0.024564280388565857 0.06427088501196358
76 0.028045610162424555 0.00267602517502504 0.01885854301464311 0.08162549172436197 0.08448238186525095 0.025361350678025224 0.06879265191022377 0.07923755204330934 0.001762318353451099 0.04766037112161868 0.0930015868925123 0.025433656373119076 0.05025795283958155 0.017628087860654798 0.09662410036001913 0.10702929216977643 0.039868956486220256 0.021416948511025748 0.09039925385006196 0.019837868608694662
77 0.06587962806242825 0.04901552753557417 0.04101579983822014 0.08012093241128011 0.07490760762372724 0.04364920393279449 0.04867147904128156 0.05156650747017595 0.03930908260564327 0.07280691071317869 0.08138248957880215 0.04501334964086356 0.0037399418706622538 0.008457455129178655 0.048361840268320834 0.021071821550903952 0.08344519518566117 0.027801418096060956 0.03272499161012822 0.08105881783511419
78 0.08249859983707526 0.04699978571967455 0.06683671219910123 0.009640194796741774 0.07085062288476934 0.07516694836071634 0.023379673872428904 0.06811370948524045 0.07515496118162435 0.06387209804418463 0.04834677954073853 0.04919373660250648 0.07049991112745382 0.029099426645238808 0.03102210670634955 0.046546809691714645 9.417987575608761e-05 0.021707555894328347 0.03488329566206131 0.08609289187229567
79 0.03940347730644096 0.03934502854871745 0.02754881294070543 0.08649822181106992 0.0629516023965358 0.021139334153041492 0.0962844145691664 0.09107406835548348 0.05861309340147594 0.05291446904826269 0.10430636471116427 0.005569545694385521 0.057581210991998734 0.037205333667868205 0.06971643142311708 0.04398199634371479 0.054519552143647274 0.01278773330517339 0.023269777638451068 0.015289531549579977
80 0.027831485697557355 0.08024146535862998 0.012982338989012611 0.08481574662521324 0.03808671967862165 0.040511622243707475 0.06226946462947651 0.05045487351058934 0.0457011013336753 0.030350426466824926 0.051938946251215416 0.06732481989905337 0.04470919354388594 0.047535843383655525 0.07523890353037482 0.07044943662303074 0.03834675286673537 0.0739916929968414 0.021617332904469176 0.035601833467429594
81 0.020009179775390473 0.02936650491230062 0.07988672723191924 0.04898639077133887 0.07691428487051044 0.0475991615222658 0.07212580374725697 0.05868486802413443 0.06203736645365206 0.07171745660736147 0.02372013648632123 0.013885044087739636 0.07242590321517149 0.08471581810307359 0.06228260236750634 0.009694799253331757 0.050089939996796055 0.003242563104631828 0.023941437124319107 0.08867401234497828
82 0.051789258278629624 0.05719331164943738 0.07997882348968806 0.07749788465035241 0.009579824429646836 0.0017832261353324622 0.015171498912269439 0.017705663392089843 0.05244632622202285 0.028161456423614378 0.05552728749568343 0.06937237559821065 0.06450372625368062 0.0865309925100163 0.09169445753678845 0.01322012105961956 0.0495578221981717 0.07475840674631559 0.04611856832381901 0.0574089686946115
83 0.07353584338581289 0.04025370361892177 0.029086635571787138 0.05935019526028297 0.03094979833905421 0.047776447117692925 0.07009251628815957 0.01436506731237904 0.09081793708318364 0.01949104327767929 0.013039603435345848 0.07898005314592675 0.07074700395000796 0.031736415843414995 0.08711940242239333 0.02983322634652453 0.04347911375600602 0.02928063897712879 0.060157759288339066 0.07990759557995927
84 0.08602500565597024 0.09383329628924096 0.07447358207555405 0.023919136689304128 0.008349449108584718 0.0604747605514079 0.09260466624356467 0.001671053382783768 0.027910957497353398 0.07493902652344701 0.03427850954184025 0.03846486457747311 0.005190301598383607 0.09491099892517302 0.013992742178920868 0.038069699758861715 0.05851809807210879 0.08632656213791512 0.028238882855272547 0.05780840633684008
85 0.020267632105096828 0.020412346227306012 0.049524275928798996 0.019105901203602067 0.05304590799793499 0.08739565067400175 0.04826441988663686 0.07670991639082952 0.03122785096410469 0.023916204024563 0.08566797233362002 0.024260589859819007 0.0534715302517245 0.04756794251491917 0.04931241997589914 0.05251832224251063 0.05919113510988108 0.11122632549851891 0.0823472344651688 0.0045664223450641375
86 0.005988192647666252 0.06920874395835831 0.0026556020196723067 0.09136663867233939 0.009764361808432582 0.03952336463451603 0.033264960750395096 0.0334540168923047 0.03645193620138556 0.029067786691147866 0.04271508684256647 0.0481873096096759 0.06246594291627938 0.051990874516518584 0.05808546798349432 0.029390499514793667 0.10099533598978537 0.12339767748751258 0.09482171401303394 0.03720448685012184
87 0.03694771912715231 0.09231420333009131 0.07117927759163208 0.058544734329672485 0.0017397921080541216 0.10402683395525297 0.08042825321696798 0.03634560603773159 0.0877008646681933 0.04851217018003087 0.08148505501984986 0.0026363748726525803 0.017603065220792666 0.03448181299600624 0.03846528021377773 0.03440765323777675 0.04054062552712272 0.06444577081779344 0.00763591391559198 0.06055899363385716
88 0.013382840311432895 0.0026686121490860724 0.06987239820549276 0.05174652986293939 0.07199547416606547 0.07545885747097872 0.04874324306340738 0.03972279674658097 0.07981794791560258 0.03697034424743074 0.05672071723641917 0.03215380028643632 0.09113568926285306 0.049749530863300764 0.06700540054009284 0.057782997734070266 0.03958798412521803 0.01490173638524448 0.06664947989207781 0.03393361953527014
89 0.01799387639726409 0.05053127190499933 0.08550788734423992 0.015187542807845131 0.07006071468464002 0.04953034842533737 0.019182554808498144 0.02158269362079894 0.007597560160617595 0.08562018830966872 0.0660986197736893 0.07698261752447214 0.08832349946792543 0.08803647278581736 0.03988177570463339 0.0127409982553681 0.05009462429075089 0.02814704717500152 0.06354510760092913 0.06335459895750374
90 0.016529866857915083 0.0852350076476603 0.010875074479737812 0.07480465579543046 0.04000670270710004 0.08061165493741128 0.03357452008706986 0.07017109119020414 0.027591503812213744 0.07428044937263822 0.010868424208601601 0.0823537431272243 0.02427329679035217 0.09325626232218595 0.0036067880673001057 0.08946609583479252 0.07959843711181296 0.00019082579538508848 0.010985746905844154 0.09171985294912034
91 0.07946042836668823 0.07664488543186812 0.028477470384043184 0.009176520058687548 0.027261287895858743 0.05710990769160162 0.04600829518998156 0.07650895290485467 0.02030775422169845 0.06951755924632268 0.014828459810618881 0.043194947611172395 0.08400136072617789 0.058440059339609024 0.042673799694346246 0.08249143721715799 0.01667182049589772 0.0498572988772746 0.03908810881737763 0.0782796460187628
92 0.04986629274414117 0.07076222442999286 0.04254905776028098 0.04946514499108635 0.06543918467765594 0.017284086872193995 0.0448923456635258 0.0401100336378674 0.07101778155219658 0.08709281886054437 0.034374833749968955 0.09631778518237107 0.023414317248413453 0.04783850911637855 0.032004085793575804 0.08439191830947243 0.03471887655445146 0.027146039330865637 0.051080106494022705 0.030234557030994747
93 0.022030286305013552 0.08535092619685465 0.08278853758668848 0.027126936011451705 0.0881091397069711 0.08503825172559289 0.04341328377459094 0.012982440706124573 0.07426217065075223 0.07579032577778627 0.039054784957764814 0.005787486677056823 0.025540702350089362 0.07233717349447619 0.046533463226587364 0.0569455015483241 0.052599200600256225 0.01852553930882218 0.06536007542532656 0.020423773969469886
94 0.10452781127776231 0.0016020581913017674 0.05829898581403939 0.026533321525867726 0.0663612917187417 0.10415354168796818 0.0938189396867985 0.04945068353954334 0.014107133503299682 0.01445116306281007 0.03233186924266883 0.0465836671003615 0.05143395283564463 0.07387098303904853 0.08349405245051583 0.035845874356500135 0.05387375759968759 0.008962535421636641 0.004729205644234698 0.07556917230156894
95 0.05369468944968553 0.0186602202834649 0.07342707469634083 0.019679558712842972 0.010512829034399313 0.018417662075809367 0.033150041477611726 0.054113330008131816 0.0756007281945832 0.06687254314964768 0.037632815545035364 0.09351244040579351 0.0868171123087463 0.05354124037371923 0.051199342103722574 0.0082471724920651 0.0648555479589756 0.05498145643826066 0.07721051601772456 0.047873679273439884
96 0.08866124625181782 0.04662583932720774 0.05084703097871996 0.09348588700506634 0.09247183708215131 0.03133704312614756 0.03765672671679498 0.04568686710405789 0.04031536446307659 0.024053628612553484 0.04025089728530625 0.04482136414607835 0.03247939192830379 0.00044772625957718995 0.06960425651659517 0.08067579841142064 0.00790769331755434 0.09996962355723912 0.02558912367278396 0.04711265423754742
