0 0.052965754030184074 0.076039305004064 0.03381159429231042 0.0523436969633143 0.005208080081471951 0.013314745840707621 0.08922314985240498 0.06867449931386266 0.018468214406533835 0.012208776663015484 0.08193454358471564 0.08275567814943605 0.07868028834688585 0.06399856777473846 0.0914902470472787 0.0026798900198276104 0.006494335329508065 0.04745492888223706 0.051416798089096626 0.07083690632840657
1 0.04919598363967855 0.06608180333237697 0.108180809284512 0.046240241606766326 0.07732865185806011 0.08303289981281095 0.026541545255097235 0.004546995803882575 0.00631150664203153 0.06308489404398808 0.021222782011671826 0.042311820404433396 0.02587351241140037 0.08516086265547922 0.027988119916611612 0.0989161368612735 0.058757848045237364 0.0022078917273118405 0.09636190061706155 0.010653794070315088
2 0.09603961352064645 0.08529382837511547 0.08124937280872722 0.05813908107432602 0.013412689763492651 0.07912956670817013 0.010119177094954253 0.01638434535808744 0.07033508274995443 0.05159298813610713 0.04659308566847111 0.07396160856495623 0.07053349662696275 0.044542690947222616 0.024713660351918715 0.0531829618127734 0.01922144907927837 0.0011939510303266882 0.04004521185679685 0.06431613847171219
3 0.058108908164142256 0.03549333404723758 0.04620110066931872 0.034718656707613385 0.0772430332092777 0.05616721132470192 0.04929456423251978 0.005862296676634687 0.04281135217405722 0.02229538493541679 0.0005377599872529041 0.06834883543406423 0.08241099476553028 0.0650822465524254 0.0413177979757148 0.06103109506783684 0.056078269971113745 0.06396913697396728 0.06291142732834083 0.07011659380283362
4 0.031074225094865647 0.07961430404101041 0.07242239311286079 0.07527676989408667 0.0023218398631046485 0.06230171241202214 0.05764009964964363 0.052454286588210185 0.08211309379748233 0.06330344774341333 0.01818677848874357 0.05321459584394674 0.05170557784204391 0.04730483356226992 0.01986040355567165 0.06364979624622875 0.023729047008886613 0.015909054150786965 0.04368816460826222 0.08422957649645971
5 0.05429701706845469 0.07984551307290176 0.09239112370069613 0.0699615290379074 0.012914461939785135 0.09077096219658433 0.036528798660499934 0.06874123652419761 0.07393490307499949 0.01811033115658698 0.031981687024563325 0.020631732370274124 0.01841483335843427 0.08867783534798175 0.05645151846700683 0.02539823686651456 0.07356943345765579 0.02100564556777946 0.06223283941636435 0.0041403616908121076
6 0.050041322374279766 0.01740447705037963 0.10168309438994654 0.030462670472176812 0.07423054624020411 0.02880857068204251 0.06557825662169088 0.037923813508999 0.10032485281015123 0.06440204638483878 0.05063768929587168 0.02052342464267272 0.014192576185934842 0.06716720025216419 0.07039320336709305 0.06141829261419998 0.013908735586401854 0.03830883631021647 0.004677657844860724 0.0879127333658752
7 0.043468086965383554 0.0572751832372691 0.0811924659308349 0.052088578171503495 0.08127867740815443 0.060559892234065944 0.03436782352976038 0.031563604982004716 0.05610886747536901 0.03166606031697204 0.06714803946445351 0.07466228427323152 0.012453612136064204 0.028162400216209697 0.04581072549161769 0.05581172801966394 0.07412851533074837 0.022364611329518374 0.01674783206271451 0.07314101142446051
8 0.02301314357355519 0.02969416204491872 0.07385223461102697 0.029853838471574662 0.012446949253568148 0.08271006976924776 0.07631456348574206 0.08362599073140811 0.009341179453942465 0.08039256020159817 0.060419496729874664 0.054614950154492935 0.0802776651562987 0.06547908515026903 0.05422099900553286 0.05578004752374633 0.018868344449241833 0.006610028138698231 0.07863635034084265 0.02384834175442048
9 0.08838887023792885 0.06322996124212925 0.026171350646149644 0.06353258941998371 0.06894488960077073 0.0042400768380785 0.06459098005628132 0.016671875432474427 0.019794339836905723 0.078357152936329 0.07610951629521182 0.05841992911470724 0.013597576590544912 0.007221372269796284 0.029327179954893118 0.07742507967426795 0.09279156117260046 0.07439914475823557 0.022945505991664807 0.05384104793104681
10 0.0017331861076041585 0.014700295867107508 0.09230169365836345 0.09584202711482025 0.027007380445976822 0.01932852899218048 0.038019790629566515 0.08983367605068562 0.0835809214449072 0.014948829264404715 0.08352644331472726 0.09490636424970698 0.03184586073574712 0.06914302191210875 0.10016614839201346 0.060570628435112864 0.03162528768774009 0.002269771252814347 0.00455777991956075 0.04409236452485183
11 0.08240909904338178 0.015893050636442835 0.07569047381919963 0.08762138496628287 0.01094728989973433 0.04508219211208499 0.0545013544359079 0.04883114917537741 0.0635669772427863 0.0482107593500922 0.028344361938989992 0.012792862681114498 0.03881163392193842 0.06336544961976139 0.05773790867024612 0.02440070379163667 0.020475007413510517 0.08650018394825153 0.042351498844796005 0.09246665848846476
12 0.0923660261637451 0.0009603158243032937 0.11168074093256262 0.056027016292400006 0.0276135299089479 0.018867259400160433 0.12279308951484838 0.04019581790805682 0.08375226015413331 0.06871539990797824 0.05301183435392436 0.06416305489764484 0.02610302841648406 0.05813365234789146 0.036431268878642134 0.0010256354445661504 0.0838051284642783 0.027059766186079127 0.014777113237590931 0.012518061765762556
13 0.11800529642762074 0.045037669668670684 0.0024286824067991475 0.10037050124002765 0.012881588662945828 0.012959842848982453 0.017288059810160194 0.0944971204441157 0.07974518595367368 0.0012155673697342335 0.07171562767381745 0.02807510898901879 0.015698567595669954 0.126856939405144 0.009784239797409038 0.10170746895536753 0.09806105831564328 0.015145997344647093 0.02511395831098105 0.0234115187795715
14 0.09369616381883146 0.0016658538455791355 0.06761566134350695 0.0709040386584203 0.0016277836588340043 0.03559561810719771 0.10081567801258119 0.03453192372070881 0.025129317564028624 0.05145637115263678 0.0938451455995004 0.10132281670446419 0.006709461511699981 0.08591546039132945 0.0028304520174279495 0.044056963686914336 0.07937635503570885 0.029132219056100053 0.01802329439668662 0.05574942171784325
15 0.09381688973285614 0.08150285683721871 0.0005269603308193203 0.018933054236849756 0.020928151245881127 0.0406937326733623 0.00827463416690022 0.09476372663286418 0.07516167804502588 0.04624807747338598 0.061123529078891355 0.00969679351654598 0.058765035649941705 0.010996298206180604 0.036700735890001265 0.0896042369649751 0.028582623908729565 0.07303970586594313 0.056119872535797956 0.0945214070078298
16 0.07939577040136069 0.08836178923196572 0.054772565108002456 0.022016938097619447 0.03975541343574456 0.06863895578324125 0.07246712868153989 0.031283313956525304 0.06205847804017343 0.05704426707255206 0.016741808202944825 0.030102536395100507 0.020584664010453554 0.01176059728547965 0.07826268606008357 0.06471506489906567 0.08892082433288098 0.06112555904102605 0.02982821752026909 0.02216342244397142
17 0.10273482394730644 0.0015298660359027406 0.0884171184517069 0.057244450771452855 0.008280305669230142 0.04586941846343796 0.00869558280764651 0.07612143578502188 0.0388640038567266 0.08728625958096137 0.058668917911993426 0.006006348213575308 0.06701920608692033 0.001373648681598848 0.08388782776040463 0.07729726086222113 0.03441995591771101 0.005329507813388775 0.05186550881764551 0.09908855256514766
18 0.05829610084516693 0.047982985504768996 0.067599453643217 0.0751473875515089 0.04370287500237237 0.05421501930639103 0.026221543571066406 0.00841993418363346 0.0027977914799069224 0.05476663013104476 0.08172263194078219 0.010309328965688227 0.08101829463957681 0.040620593879841675 0.04874335740528023 0.03587922444235875 0.08145149365474284 0.05721390419390459 0.0503146432762335 0.07357680638251449
19 0.032367979685160336 0.0728593288682192 0.03994364844508364 0.0716511120468046 0.05980838519627799 0.019161625794207177 0.07627077312783304 0.06794222890532504 0.07838473788919699 0.07679293782918155 0.017064934733785734 0.07180583756010081 0.002325706652245697 0.0065728446675794505 0.028496162462478488 0.07571953387428004 0.07142391186083923 0.027128308701411072 0.07440063286205904 0.029879368837930777
20 0.02535869637961113 0.09178275992766477 0.11503899284803767 0.05791141587043578 0.10842736546832835 0.004680298354040062 0.02376151057502417 0.10402729504375438 0.027698671524849356 0.010932735871359256 0.05095343405507565 0.020467033152615166 0.07674502383585403 0.03714128057160856 0.029217924955565435 0.06771222878798265 0.04531330894702381 0.027705616770429826 0.07148052738989076 0.003643879670849141
21 0.04583698369736533 0.06319704120806446 0.03930099025333903 0.03283435465800519 0.07499350089772833 0.022459006190279268 0.06646952069213587 0.07953547452364519 0.07431185195431436 0.044967706344100244 0.06070685024945627 0.009441829800142604 0.0785186970422866 0.04397398653544623 0.06539816206415025 0.036767756614447464 0.07663669713240234 0.008702411757949832 0.030499350828678055 0.04544782755606309
22 0.08071490009624792 0.05862600916261876 0.08169263892147728 0.06356143685035051 0.06923180060899581 0.0049172784356004565 0.0366137939923723 0.027957800009963788 0.06315059119302369 0.07513317399653534 0.05907522480792568 0.02036655342974993 0.06323189033485493 0.01334682296779779 0.04659902257716587 0.022445524816616536 0.03226898142927614 0.07316185176832869 0.0584624128105583 0.049442291790540494
23 0.05003070817755114 0.03301473726884826 0.09677240842489755 0.005978873941599159 0.06834739584214153 0.056217999773680576 0.005089837365055213 0.05807171708254182 0.07582968400615293 0.07416729159177424 0.04568132991748011 0.02022165446209919 0.06030177388378519 0.03082824486512566 0.047240516116667235 0.03178615635025145 0.06068521505928604 0.023172051996781965 0.07970681423408897 0.07685558964019179
24 0.024301503109445788 0.00840294705302108 0.06494210376992397 0.09964958718804215 0.017833270417317137 0.09601102178524533 0.08345486118522817 0.02936401789573086 0.04645816088313997 0.0181471217518801 0.01555114811924216 0.045325619143806575 0.07590009168784884 0.10107532794663171 0.0411182757012235 0.06863952394846534 0.0008042637080147496 0.10014374535295521 0.022630259873764776 0.040247149479072625
25 0.044202231569374306 0.057436735136466875 0.05349270267805286 0.00821562375919502 0.029459366169315392 0.024517146070819326 0.04523990545443947 0.044190533632705295 0.05481351280527076 0.08640531542950472 0.018856158505664595 0.08538950171771922 0.06086463509095771 0.03925817742241914 0.061227764368819326 0.03521100544005107 0.04823113572238383 0.07837077149202008 0.07563613731929326 0.04898164021552774
26 0.03528098389858182 0.07234785409647228 0.003970404811415881 0.05795396648892693 0.07150988172360628 0.05690513748315433 0.08341163817887834 0.015863683899350566 0.015530328036417235 0.08468375937888672 0.01827963401961584 0.06194751254161761 0.09650739693278725 0.042621426899610466 0.03735741468861116 0.09569790788835367 6.381940204152387e-05 0.08526818106142035 0.04455395144831169 0.020245117121940128
27 0.041106684370293 0.09866468875043853 0.04342578370835997 0.07389777605548198 0.05540282155716799 0.039971085659270766 0.0331044969213207 0.0030737699423289072 0.005870114027567511 0.08180480083477193 0.0919524361749107 0.06417322241019205 0.06874031259559633 0.08176566111913264 0.002448858495134445 0.01598394694637636 0.05837600896152827 0.0530976475109271 0.06364016942989617 0.023499714529304657
28 0.05943660156178917 0.002185318422101067 0.040094973142884925 0.05980231497809358 0.06701465836829346 0.00018434437720635268 0.05332615514575687 0.07026218261395813 0.04037656823836213 0.030277781536454752 0.09881320149924397 0.05473490492540989 0.0751844331699178 0.06311936905599781 0.015365968158891312 0.09040749571212538 0.03448225065062249 0.06955132137838069 0.054304280686247604 0.021075876378262567
29 0.05898339239426726 0.09951231385322636 0.0715124450995769 0.03377854949428272 0.019850273372710545 0.08379495904721376 0.029775329553105693 0.025540068417790256 0.0017419962794676992 0.08988897930705707 0.09775325706307493 0.10824032243519625 0.021595805052967626 0.012909484077781145 0.03831957511481539 0.005132628947080717 0.05399595769960443 0.016351476579920393 0.03768091475153588 0.0936422714593252
30 0.019054634910416604 0.0869841254736604 0.034463154455139595 0.05950772826071032 0.01619540805775268 0.06032667836656094 0.08986026777093868 0.08465836189109095 0.0147491008069899 0.05568160517760032 0.05475003220335523 0.0246063945238934 0.06778613809994617 0.05654725558154735 0.004560974415689918 0.08877653922311937 0.017946100001910326 0.056976406135994806 0.06104920813618359 0.04551988650749946
31 0.07471332698870352 0.04091618239053943 0.015434764071526531 0.05578601431711831 0.08065214263330218 0.08029543023930576 0.02325445980867083 0.002193456845067228 0.0036087199648237784 0.03295061921295048 0.06023612308976169 0.061942149997221675 0.0545835868683469 0.0872284675984084 0.09205289473095589 0.01303611294663082 0.05851004703598192 0.04665140275542429 0.05753258722755684 0.05842151127770362
32 0.0944393320884132 0.08135200567274686 0.03020505303635943 0.005390479088247231 0.05021604835151471 0.05059222844497887 0.0913029187250046 0.054745037362793736 0.09133686875841265 0.07462062784188422 0.03972865594854149 0.04813398965744284 0.06999387840275309 0.08002958452697687 0.0009602943014029358 0.036882721766845525 0.04547708658052574 0.010876843653043526 0.026490595726130547 0.017225750065981794
33 0.016192997766886808 0.09540181665498222 0.03019406886754276 0.041164151061647516 0.07420894253708749 0.05104024691257709 0.07701964455527145 0.08138203716089203 0.016719357776090658 0.06999398796057867 0.043335278819443115 0.008412514503423037 0.07019721407769994 0.04796784619443077 0.02209352565723352 0.06779008336589164 0.05844291703233871 0.04937530786563199 0.028847948856277793 0.05022011237407294
34 0.022001001240073936 0.0017472440111755197 0.019008230555382814 0.0487080966009843 0.13483115494511833 0.021247445912554317 0.032777483325483914 0.011423877491201792 0.056702704163620166 0.0752915929557001 0.0041236842612508325 0.14360245460047003 0.05525572416339644 0.00865343723914933 0.13767166500444059 0.041585325777762416 0.030822285192550664 0.046213609058620486 0.050866959062607214 0.057466024438456755
35 0.053902605001230224 0.07513462374162563 0.07625247967973926 0.030772502529391496 0.021269077807243686 0.008207569790042534 0.04926768125655621 0.07903131971701234 0.08421329380382508 0.07495842059543284 0.07709618704484952 0.07382978551065893 0.01290091679237112 0.04010691963587022 0.06313204994530837 0.07630084436411574 0.01990366784387232 0.013155607097309063 0.012002302214838561 0.05856214562870677
36 0.05144133189436731 0.02848147344143454 0.0428570938936988 0.04864548506239278 0.045364499934430334 0.050253317412687966 0.057737494966201605 0.07542214522815228 0.06025116422628332 0.03944413144594251 0.04473042768569379 0.048318854621469454 0.05512425164346674 0.05778773703606238 0.0269724044888049 0.05355829356604833 0.06278780300993445 0.06999464686893854 0.05805557294666745 0.022771870627322516
37 0.07635684745877355 0.06622621350464239 0.06635418596595052 0.022404832113485176 0.09322959415112997 0.07541118427592701 0.062377154678754466 0.0022710891828355275 0.04815834056306522 0.077534623064106 0.008408094835095125 0.029026971012478538 0.03997727886096327 0.014153065874328486 0.08957153861664433 0.020806913567830418 0.07442421994959565 0.023066144373985124 0.04029757757699983 0.06994413037340942
38 0.037431739772456125 0.05076823392621036 0.053250876089335764 0.01645393600672212 0.08086906228883105 0.010352180366296758 0.0801816205400926 0.07971013306467861 0.07922530158303234 0.01943656132628229 0.061899548407193465 0.012181773296641898 0.014860455273233463 0.08254214010913279 0.027980801361492016 0.08898988083600054 0.08440212243566937 0.007431818777290492 0.06200660331341376 0.05002521122599411
39 0.11434572710202912 0.0984455063269609 0.08673113879853857 0.053010260891799145 0.021553533362663142 0.056227141708168754 0.004128191106155255 0.019008738288845865 0.0073280430342615105 0.07275150022277323 0.02705559495722138 0.10204962938995575 0.006064575450963732 0.07609727447592207 0.036733666669220004 0.02568410376324515 0.006748845531667974 0.0884356485713803 0.03402117049139768 0.06357970985683059
40 0.04620824165335934 0.06027408034394709 0.029329245375449828 0.09083646454391582 0.06544845337764521 0.04944293407327749 0.06597105397639835 0.0071146648139064446 0.041957307812728065 0.01573019846187529 0.08071366327632225 0.04521331642922745 0.053717876653954354 0.08112169386699436 0.06496309517443317 0.006320544642480749 0.03615439655656356 0.03561708431592545 0.038912165675023265 0.0849535189765722
41 0.07149862623354752 0.03100744576145773 0.06878678866074318 0.07986512365604949 0.0100664187244901 0.04932078867652492 0.051006678767580575 0.061064874057725906 0.027405587450132447 0.04759991943544645 0.07285115418910564 0.049516499907400154 0.007267925897869005 0.04488368827422991 0.06864541024713512 0.07759371849847599 0.04711385808675007 0.04091526641704302 0.061966827221533925 0.03162339983675892
42 0.08210770364543563 0.04283559301090875 0.0012876974102360105 0.07339880188039404 0.07541688288156227 0.022555879906709386 0.08288204790298404 0.04250017896035848 0.07490967868608847 0.0022019663274765976 0.01645399938354933 0.05937560868172661 0.07800649534118341 0.0439783656499496 0.048182312369721765 0.03202502013365611 0.0536886239388697 0.08239605205507086 0.07452677034029026 0.01127032149382862
43 0.004164785269807567 0.00107436450372656 0.024104617683712404 0.014743464854847737 0.035733515393747556 0.008254607792454722 0.07919415767769641 0.0758532410753249 0.052835321457301035 0.06922499355991046 0.03070280568170482 0.027203822673110337 0.04898545803530176 0.10149937406475855 0.09850922890554684 0.09706168338081252 0.032631067458627205 0.09549936827221442 0.01559489142477757 0.08712923083461659
44 0.05751651779469432 0.052418751547156535 0.015769905494768643 0.06915584215285443 0.05225996233369764 0.038391222204659216 0.04308019367630338 0.03317941322237834 0.0863446983018219 0.040517601877955334 0.09478147715949461 0.05709531506588509 0.07390267661872654 0.034822509887955176 0.003196573011108756 0.028941494155663206 0.09348968433072646 0.013213812066335127 0.09865266293594871 0.013269686161866457
45 0.08254908255141138 0.0708849276841424 0.09084379136151303 0.057427798278123214 0.06476682788563333 0.045669729770930236 0.09545948595867078 0.0041032999120060925 0.003521099244804484 0.07752345330827043 0.07868460197120339 0.01723420029284235 0.07331661608098929 0.03174997907808384 0.0138395054496149 0.07489728749891862 0.05500010298114116 0.01503025592124412 0.02742040375558051 0.02007755101487658
46 0.07976514395904756 0.0884719692044155 0.07360323349859275 0.08198366392492815 0.038570225167296836 0.06830034228593193 0.03308073307242062 0.01994955868813789 0.08822976871773705 0.071749029691674 0.006662388763834722 0.032340262836537854 0.05220420347062296 0.009976879995720559 0.0008677020527714316 0.01392356934564118 0.04921730903493848 0.08229391604005207 0.08982649031927563 0.018983609930422793
47 0.07974417574472581 0.08580585589107657 0.031075469275220508 0.05314098944921585 0.014063304198374857 0.0019616195656543887 0.0841737925384801 0.06958994781257126 0.01714526974434102 0.06919935011859782 0.027039968158465075 0.020429409916989247 0.0507762944495221 0.07125749291834026 0.02428284101630593 0.07536575557929198 0.07600630483650675 0.0400531955994114 0.03782188451631902 0.07106707867059017
48 0.0677902570103299 0.039545962113920564 0.039168702119562165 0.09230570365015242 0.03153946723290649 0.055122029484206886 0.045307030967927646 0.022660134883013643 0.01831074586381979 0.02579764136626714 0.02477750147240123 0.026004534767424068 0.08920294780779174 0.05576338809046143 0.0763966267513163 0.04525723807368942 0.024627598718494303 0.08882831851434639 0.08180119397796075 0.04979297713400768
49 0.01430257304217906 0.07170507097994927 0.04040228198459674 0.1038023276728799 0.048607838187143274 0.06391225975981168 0.06333985892705299 0.08066366942438104 0.029573949461015697 0.09988808074215254 0.04577547402511214 0.06944576512803904 0.01791668515651686 0.09858366795146337 0.03424895493574814 0.027874119496949876 0.013889569481353389 0.021281602146166527 0.0118332554017546 0.042952996095733796
50 0.06856836167206931 0.04703925642868887 0.01112053504047934 0.06633680090436715 0.04949483930966922 0.04792491924312038 0.07610262374656053 0.025875099534419698 0.02397970847312716 0.050043414303719655 0.0778014724448159 0.07774824923505687 0.027526737674361496 0.07637693935105401 0.025878378100494114 0.03756433253287368 0.08098652077459971 0.0657420309776287 0.05574935668798916 0.008140423564905
51 0.03218275918683646 0.03739032496401261 0.03062574029658442 0.018155974127995918 0.05891631975652213 0.011596856520396421 0.08337359625880307 0.07816867960343213 0.06894405276361058 0.02629040477915998 0.07433920686444914 0.028600442321827162 0.03769171860073512 0.07170096151889549 0.05036916549403369 0.0688283705440146 0.08258450410320492 0.06792521029291328 0.02238370015038856 0.0499320118521842
52 0.0485155425421627 0.023861298589064123 0.09202142474484788 0.06801706381075202 0.050106493571713984 0.011730029560587095 0.07886418759404715 0.06521910207145468 0.03510220869341273 0.041352459823090625 0.05390637319446598 0.03135639564714283 0.045012363949545026 0.09917367128237213 0.062258598561759665 0.006484008455195351 0.09365601648740357 0.05591113304285908 0.02863953483645538 0.008812093541668025
53 0.051444082558558514 0.04739795017347965 0.09547786788918329 0.05970218137521312 0.010329650644873343 0.014028945894413296 0.023039846875508297 0.03447062310476469 0.04670167300263802 0.04531073664486656 0.047425197199869054 0.09127178981596769 0.09453808134241803 0.018688811851961234 0.08376995154714083 0.03902673501706597 0.0029566240544677443 0.0998743170882997 0.027683393090599244 0.06686154082871189
54 0.07734752868376973 0.06393626311873898 0.0032796880321155804 0.07841775442843925 0.011606960825773335 0.07069845404122929 0.05250280095009659 0.04114214971494043 0.06734855650570307 0.0075834115038545796 0.0910299443370932 0.03237051722375254 0.08326604897694122 0.05283712514557195 0.05979388472302605 0.07011007268392175 0.017299679673694505 0.007597179558816168 0.05685570064932259 0.05497627922319916
55 0.02483040595432554 0.09267512644561306 0.04743832800835282 0.044866416614575466 0.01772467953201798 0.051893813382425255 0.02461817612428992 0.05469087567013923 0.0914452657096563 0.0014875299473224367 0.10870661065078524 0.0012794399656399684 0.033855436451159265 0.08693925575674397 0.11077123666536326 0.03801473923791502 0.09497600987490118 0.010505935319598491 0.003942619989178639 0.05933809869999689
56 0.04558268298453799 0.02581445435090104 0.024359259039457785 0.03479664869322611 0.061494680404032304 0.09407823918204178 0.05718689214752878 0.08541941839017425 0.06990764826779466 0.03111785855555536 0.07359942160964515 0.015908846147297557 0.09972422832305153 0.02891539004860434 0.003995825119442429 0.07043663114667303 0.05534274205709833 0.012704479421613922 0.030095669868750306 0.0795189842425732
57 0.07023089989101908 0.08063253227836127 0.03959734715291336 0.04947241405515718 0.041465828940629675 0.06437837804515087 0.03170870627162801 0.038265341823225 0.061138093259021836 0.05116324834236277 0.03471643074355469 0.08350295813137464 0.01512365512773771 0.07408141386820043 0.007257264823555189 0.0677774399170562 0.05415321642864896 0.05178936712406563 0.08113951267126854 0.002405951105069157
58 0.00898810503639093 0.07023284441966031 0.006051880209173199 0.10025381755169338 0.053463348016790785 0.05722713980320643 0.037052788129848246 0.008878888165329828 0.0013184990635810737 0.029103657160688443 0.020710155277172328 0.05512729956253984 0.08535496005063262 0.06816449772471714 0.06863762834071467 0.04680919912766052 0.09329876544378024 0.059444970109924236 0.052228640793355555 0.07765291601314026
59 0.05816112599493198 0.01927269266926613 0.026108032188779492 0.1027266683591897 0.04517459406715016 0.021697290317020727 0.07070842950501313 0.07331157943481152 0.07158757785564435 0.06077473664315056 0.08700964538078182 0.08319422940797234 0.05780416173164239 0.024764567418396166 0.016548713441338448 0.012460164780996747 0.09816363637765917 0.002129155434641353 0.028245950255851845 0.040157048735761834
60 0.007747012767772052 0.10681330825721913 0.054919137965745025 0.032556222137773684 0.08648985334319606 0.08734897190049218 0.059848750617351 0.06307312496282819 0.08542808098770388 0.0014327805701586235 0.09164539653098797 0.0544715323433209 0.010634062468540264 0.08856855789750705 0.01031064197776278 0.066081300751287 0.004277730170909777 0.005877444690877662 0.008510375177711672 0.07396571448085512
61 0.01601319855102664 0.015688029626113188 0.05443994987711554 0.029276356467242408 0.08475418715475425 0.09411778018355443 0.10785543409153549 0.0038572391419334395 0.014758978560449805 0.11070108819117462 0.026113998512917458 0.06432224297736816 0.0706807915257915 0.03446537727198096 0.04037243932386432 0.0373037355636257 0.006163579723366116 0.021709343779320028 0.11103612432187383 0.05637012515499211
62 0.042763740580260966 0.06324746639981516 0.06670383436384458 0.027191568546816668 0.09858298740602717 0.008515691141937886 0.043085597023768005 0.005519577962234668 0.041017947154861664 0.02799995565973091 0.035471437766147106 0.08092661645655722 0.0915306255714553 0.03300268317022774 0.03832927213896538 0.02907109685556583 0.0898028797062903 0.08002347221533944 0.03187738679672089 0.06533616308343287
63 0.08187988204711368 0.08767023881893178 0.09467482872642129 0.013626629412361788 0.003653589587761849 0.06306894540694825 0.06333603791256229 0.017195041203297783 0.025823254648915103 0.10240410010807835 0.09433998720166888 0.012139921826064855 0.04608343355803279 0.03696399685145922 0.05610346297203904 0.11064285701105682 0.0558668540142901 0.011002208802956015 0.017579271695918077 0.005945458194122148
64 0.005731241242714039 0.004568199624320422 0.04310644630533785 0.05339318262543326 0.02861944298752219 0.07675043668226525 0.043756314971552204 0.05159476050797173 0.012202830234124946 0.05117688947280247 0.01141360251172246 0.06938867534554326 0.09690144064060464 0.04180790627087053 0.09574262585270123 0.0947373534118544 0.06302338962595024 0.05196544717926757 0.07769783013328083 0.02642198437416067
65 0.05329097408115064 0.07118906878362298 0.07958347532349362 0.013873996672022203 0.027770938653129348 0.06972831230675293 0.017903305947807875 0.038377769964908645 0.0563019576267174 0.054037090401355924 0.07917654788200106 0.008689925358199116 0.08014845451465573 0.03195625387552188 0.011912855904337693 0.07405394497263959 0.0414582882703507 0.07860209907702265 0.07789284603986085 0.03405189434444906
66 0.042087011173757155 0.0588973593653028 0.025382965584479857 0.08021547500519499 0.10122795760772742 0.07035908044923944 0.02724993358761428 0.015608296705700823 0.0235419816308213 0.0009667468931829244 0.008500116013126897 0.004659372562566944 0.0456562818798869 0.05589860518312006 0.11026680285742886 0.11968486332748503 0.06543610861965818 0.040754919027756055 0.00909681022952932 0.0945093122964209
67 0.06611024623767933 0.09038481336953458 0.03824892382641095 0.018427580550441514 0.021437140267375438 0.0562207837987115 0.06495842508995495 0.07960529186294478 0.03863385613353926 0.0781909537475406 0.00998568339041454 0.039548511749105314 0.03813694437000108 0.06456769046484881 0.06904963259604038 0.028847190173804618 0.05464253223806152 0.07605963583448605 0.0028196469356528498 0.064124517363452
68 0.06690058621479358 0.08348749585336022 0.04110645354052579 0.04140561869616088 0.034923185050949344 0.06176896899841562 0.009483463571679248 0.09576275116993459 0.027775717443265367 0.04264574095412519 0.060013103146602645 0.016968796063978636 0.08581838812594526 0.009484256659471273 0.05609054710055521 0.09937111660374347 0.0732638095017439 0.031820761271519234 0.01818311486085602 0.04372612517237449
69 0.029952404895255618 0.028689480058576654 0.02399075625057987 0.044369377437939596 0.047900986386852425 0.08488840426933816 0.04977823544031485 0.00269017040192837 0.07153400247759145 0.07577473019052475 0.009845540158557315 0.029938938088282463 0.04774621863243207 0.052339375452633355 0.0456693571662736 0.09156442956047425 0.07366031388951474 0.07156055751494417 0.03138645083747377 0.0867202708905127
70 0.05979524265043189 0.08486003572764597 0.032735775538757755 0.06160794505963911 0.031026708449527096 0.007534956725526943 0.005416464497998807 0.0762422916968202 0.054438911857207783 0.0605861294137884 0.033041533025300975 0.0857232322542899 0.0864475599999821 0.07957757741940506 0.04336189974208808 0.0013775292717196574 0.029313749240276427 0.05343659984270863 0.03219588066866227 0.08127997691822308
71 0.0024412629190657207 0.04448911240694264 0.015175507373082974 0.085155497428045 0.027258092469112746 0.10681696439380736 0.08921407548725913 0.018233360703569478 0.038411617745770975 0.07677651314449276 0.06526705652774947 0.14373085729203783 0.04860788205636053 0.029657663585517805 0.04266663028563653 0.004941174870178626 0.039946028274623596 0.02395151372337763 0.08425908187939767 0.013000107433971422
72 0.06793856994127562 0.049357484112142115 0.07029017486685227 0.029130151949911448 0.008424278288578698 0.06466881806395679 0.03668394655059097 0.047420882873642795 0.008571271159994282 0.016046129640689563 0.04596491464717195 0.05395046360640765 0.01866579842350235 0.02832930673758242 0.09769188724731653 0.08376928213425941 0.07506273711316332 0.030680768609205177 0.10945350533066242 0.05789962870309418
73 0.03397497130277651 0.029876645116418396 0.0726331622678252 0.10032133080108274 0.10632261049051067 0.026605287768062473 0.04066059899680041 0.10602353131497015 0.01913222685695967 0.0728573573349441 0.012802032468856734 0.059850876938907824 0.003235031135011386 0.10205057231822821 0.006355100979962004 0.07133743867800069 0.08855156096979515 0.009829755655204522 0.007676643789131984 0.029903264816551325
74 0.05778816474365435 0.001940935504852402 0.053531693097569256 0.07431993269463248 0.04754249680331266 0.04990868070578667 0.000338487283467469 0.080302938521516 0.007357714199528715 0.05168159157648066 0.05685248178333246 0.07656408581019206 0.0523319671029078 0.07686096395473056 0.030629127786810387 0.07459686223935474 0.05540397264232047 0.07706760184675825 0.027268571568530738 0.04771173013426186
75 0.07722528959945028 0.07453681431094779 0.025571074887447316 0.004354037656441236 0.06472304029071561 0.06724853819385931 0.07056502926782508 0.007290802341202609 0.06559593679665975 0.05396574705060067 0.05153627688108848 0.01972057308393788 0.08068062596446317 0.02686360940337673 0.06516015518916851 0.0716801740283234 0.06610109738704695 0.03443722604438622 0.027377677992110185 0.04536627363094909
76 0.044059947086335836 0.06563646717426623 0.04050974217494039 0.034835187988019795 0.09128560925313414 0.029647746727601405 0.03995824993281226 0.07389047183642382 0.09842105692934044 0.07336524471953093 0.045963463806304644 0.05273782386863757 0.030512960661399052 0.015449534967270476 0.08750526279568469 0.04139218855788359 0.037942654925806285 0.06545589509978895 0.026322309291039882 0.005108182203779617
77 0.052811581704853165 0.027402162851614034 0.054076681905188065 0.06621418067762738 0.00047330015230597183 0.058860267148390946 0.0796130620277678 0.08277848373238335 0.06544155907570266 0.04242281107750911 0.0498523465618022 0.029864886649833496 0.030520941048758788 0.0752235500523744 0.07348715222415153 0.07382041185285405 0.046480443290970584 0.0004106328194771413 0.015966006074267715 0.07427953907216771
78 0.009275836776027314 0.04951874218532299 0.06318030623324362 0.0737471698846454 0.035391866634403156 0.0924400484247364 0.0982230092638998 0.03881755199409793 0.045612837221184574 0.09057766418455494 0.05817711460592342 0.03470207121519214 0.028876184307595892 0.020936756299625582 0.06607108160398747 0.05470824262609084 0.010463311503708527 0.020633881414908194 0.0560326810371597 0.05261364258369224
79 0.008884042098508954 0.041286144711116635 0.02118651451300844 0.07738146645421011 0.007942425612069481 0.03699407500125246 0.02372789954679184 0.07964411716759999 0.08422213382075638 0.05168835773011981 0.08466958181680115 0.1026072995115985 0.09351824082548826 0.004920627230975929 0.015101662756090343 0.07503557147554543 0.029976929709769798 0.06702463790086885 0.06799907838528688 0.026189193732140733
80 0.08575164054417314 0.07860182331526318 0.09333074646277331 0.013210154572024181 0.09751113130054748 0.03985252679120919 0.012039098470760158 0.0450059817073375 0.02046828085784619 0.06804592728263825 0.05720571854350831 0.08469970660080399 0.07062219173434466 0.02143245149080353 0.0031881633997477006 0.049187532779664395 0.08443765424755494 0.03799423238510804 0.006269377283531308 0.031145660230360524
81 0.07074464423707898 0.07652021761302663 0.05493355314958569 0.022395845375538712 0.0801782263181587 0.07105339150083813 0.05580720215598821 0.08119741464564022 0.021123485693379112 0.01561834013270663 0.04473928525296633 0.05819377209266812 0.05264841201946084 0.09889762317489835 0.024897938598427514 0.034471286705701286 0.022479449526631737 6.98542227244395e-05 0.026463908574118365 0.0875661490104621
82 0.02173498593679467 0.061353962089300884 0.0950939167915678 0.023703357567970776 0.016781097810829405 0.07445462125807754 0.046931256742497575 0.07924916392427103 0.014790320205246342 0.044317831524662954 0.03164730058170615 0.02617106342076392 0.06529029420912551 0.0643848359783637 0.00901645088596677 0.050626036487715666 0.08964236047888216 0.08823416962003344 0.08276886663235711 0.0138081078538666
83 0.05089766569877413 0.09086370946600335 0.04425395286978861 0.1045267413706628 3.378057656551047e-05 0.07165949391136521 0.0023264026736532317 0.062495135733813746 0.07271469040315388 0.03100740829378902 0.08274379746177807 0.017775998943395654 0.0653899810757589 0.0026634759982413123 0.10727102743393059 0.09187455729540808 0.0010677411023562594 0.024727866644370024 0.004418892438284581 0.07128768060890707
84 0.05623960417836898 0.024011601864009195 0.0327536296057648 0.06942566217557829 0.0385417663391953 0.006487944231337002 0.04900786109974852 0.07421880844679404 0.045315285218987235 0.08034416838428514 0.05907066892460001 0.07193666313890204 0.05208284099416988 0.003218962908995007 0.04972220468181507 0.0735939942482679 0.08019135056045223 0.006474556519135893 0.04482633853537323 0.08253608794422021
85 0.0828564421706193 0.05137954839116347 0.012003313434043272 0.09046201380942567 0.0620338252048754 0.09855071447566183 0.09466417202202333 0.02298381844663894 0.0447985823819653 0.08822636113347734 0.012804877357562338 0.0770133376625466 0.03916975415728214 0.0009124364748055606 0.005490588670821274 0.061192517851478424 0.008293974290741647 0.051915062491227106 0.0029550696791168095 0.09229358989452409
86 0.025742841694657896 0.009131972868559296 0.07575466195010001 0.09523301452664885 0.09003097424043209 0.017795504762695986 0.06833155463052883 0.07409993580839098 0.035141687278124854 0.024518675061463137 0.033432650228604324 0.06271863517736836 0.013818363709359356 0.07561259166639865 0.09067720502759935 0.04014229043423425 0.010151787594549514 0.047043910341042536 0.0961752309116252 0.014446512087616452
87 0.07575881703943292 0.03948076635190184 0.0568831949966576 0.03376049832532314 0.006243706173311956 0.08863178094596065 0.030102266761993377 0.06298209295220993 0.05847475535226375 0.012555234688333361 0.04156810171134963 0.09592654514192255 0.05672315740158357 0.047255573229613206 0.029422940315276713 0.06998424273866188 0.026146355182562288 0.008183833018706581 0.06797163121570896 0.09194450645722592
88 0.031173354196705413 0.04278999589500223 0.008136818163232582 0.06369387146840431 0.07085102418789829 0.06000733853806498 0.10520768181171289 0.03013733724963144 0.1067000522248704 0.05311590900454284 0.033259602526211136 0.005245736932483324 0.028206059791395177 0.007638246128150641 0.08943710784687706 0.04700322524368915 0.058843734961994854 0.06710772660267839 0.001454414860051539 0.08999076236640333
89 0.04859183198940575 0.1043199935836365 0.024225834183093587 0.023524615421176533 0.002071758447703654 0.054226639992978824 0.028517556405871076 0.07045468376898675 0.0576933902653515 0.060552885841337674 0.10667117361215901 0.059593649820906085 0.04029798491822692 0.11236194538011994 0.05678997412522598 0.007750283055933624 0.016925941059377024 0.0124136930638998 0.003369575043172925 0.1096465900214369
90 0.07765989306564873 0.019893040819570856 0.04853612991206828 0.027813651216229533 0.05461217082720994 0.07432422819349215 0.03141540597759624 0.07237734183699486 0.08136058999421354 0.07711310131117881 0.022176826035396998 0.00466019451150768 0.05068332549205931 0.05971772398333707 0.039337677134009146 0.09011347147789504 0.08361237888651309 0.008631284987502184 0.00801552236261395 0.06794604197496262
91 0.10005501328957685 0.009219650247622864 0.04340786580587869 0.0231385339633756 0.03864408202736275 0.047134154647309356 0.09374193881373408 0.052598893003415303 0.07692049582465917 0.0554975086834427 0.0014796612398641372 0.08521557213515729 0.014425316975199777 0.02877186466452113 0.08344848764073241 0.04017078358920233 0.06714089473317034 0.05871745844373727 0.013991413594757524 0.06628041067728037
92 0.10247864981585185 0.08376633339626495 0.008219126050700775 0.10014049197403539 0.0012930941701936305 0.06953790623911987 0.0375134860451049 0.09553603278055522 0.08092233213320606 0.003208345057428692 0.047721122104146446 0.0031255833743877364 0.015718720125845652 0.08054077064697139 0.006251931196753149 0.06856474565860199 0.09810618757376346 0.020807668438095204 0.023286302325951056 0.05326117089302287
93 0.08851190100696099 0.04427133699392903 0.030464220596965033 0.09835598738462413 0.017997988268354984 0.016414504845641966 0.029246957464481478 0.09040327411987811 0.09456589731819898 0.04286827042531226 0.05047354919740362 0.06130294736977457 0.003555820158670162 0.03756305851828639 0.060099215586631956 0.000614555312836223 0.042126806006853715 0.06273214577266156 0.03520504165078835 0.09322652200174641
94 0.055247308684200976 0.053084775132001084 0.009320898225297138 0.030659773471572536 0.07265865650000292 0.07665260531918787 0.024662455270331705 0.0823078070278875 0.06687714521398629 0.0438113759355997 0.0481659075170671 0.0077565175458810896 0.06493885696644326 0.08097692863021776 0.0466493953488611 0.04103212586263836 0.09047281635080448 0.059189939750458775 0.024209068504103485 0.02132564274345706
95 0.06134940775252174 0.0694980329915348 0.0008650835430047451 0.04996579312013076 0.04992922043168745 0.08278674139534707 0.05098654389483285 0.042048075889453855 0.04579102965394888 0.08337651879171812 0.0672405966356032 0.023501486346154215 0.052312460132011636 0.08095403763436047 0.029254980937396594 0.034475079892497595 0.062171031659657844 0.062454385390809025 0.012385715487661668 0.03865377841966742
96 0.05368570320212638 0.07447454630925003 0.04300419983872089 0.07242705397588242 0.05552899541082973 0.07894701992277645 0.019441530869790367 0.04813489242008654 0.03881742551914275 0.021086777311277293 0.004236796529541985 0.033586984791195054 0.058641733901145604 0.053792858622633256 0.024100340160184756 0.05875276199473122 0.06907628223225161 0.043104152699809474 0.06836285084003665 0.0807970934485875
