0 0.0720300120642139 0.015115363155891529 0.02757463565683289 0.04991901250009514 0.05603598262337584 0.0781491517567815 0.024556258246947994 0.07010172184041168 0.06924785384756305 0.08545133239989992 0.043056699378459844 0.0975931079090782 0.008857820902384532 0.02677201657932283 0.03702680958794532 0.07116481562710834 0.060714793295563174 0.024152776794603193 0.03807490806739783 0.04440492776612344
1 0.019227604249262856 0.09398532462919473 0.07772079108948107 0.013876752742815125 0.004081976252075874 0.014403133279966514 0.02744689131582606 0.04874397753022482 0.07343181165768482 0.10490070287782477 0.032718278223655625 0.023185439642494497 0.06531391923539405 0.037588651126574626 0.06818089596084848 0.01556698304281481 0.08274612424538959 0.010592384632814091 0.09632198587966553 0.08996637238599205
2 0.07631206795942926 0.0015630035821902752 0.048098632795436774 0.029215439380597733 0.08843564524025402 0.11173839102817622 0.028896829594669115 0.04030423513976431 0.09872246357528823 0.01475893337237899 0.047639990100737835 0.032931437436874704 0.08293935667584477 0.0295197753327849 0.04118648936419162 0.11117239861786601 0.05284670287751453 0.024927307107616255 0.035260726261620634 0.003530174556763612
3 0.024243291862973648 0.00033966984282021663 0.032145092315323275 0.050805845658645286 0.009195600624929726 0.014304398157252048 0.07918317951876452 0.036567402191353474 0.08057189992479843 0.02490944611377031 0.02380424258406876 0.04502191686702464 0.048632328629534614 0.08669669792152811 0.07818484686570647 0.09832759120851632 0.10823800949736077 0.10385639826624017 0.015573373968400136 0.03939876798098907
4 0.06869893742033928 0.05029263269476018 0.09373089511228834 0.08454433505302306 0.03437635552157701 0.1176307237430051 0.0032046214965237322 0.011463411388301722 0.015080583896110104 0.01096472009273949 0.11065900343220773 0.04772378105784829 0.07927943286535731 0.06737282554818538 0.03411839584586569 0.0804753589079615 0.0023420665609652377 0.006447009162347089 0.06779369767361126 0.01380121252698245
5 0.033250112906945115 0.016241644501352515 0.03224461438796784 0.03800627568785066 0.06684894398744547 0.01363829066284049 0.08180383414645216 0.02627995478117045 0.05404847089564304 0.08038308329658322 0.04222254098732 0.004183243475692897 0.05762980351323192 0.051132064692691964 0.06269758683606812 0.051025397833149265 0.062316314096065785 0.08848851417913389 0.08806535582026971 0.049493953312125374
6 0.025868314310127993 0.011644928471500086 0.05039785564206103 0.0006709783087894412 0.09202997733801284 0.028095131191845875 0.07231668644861694 0.03088630309374703 0.052916266640005746 0.053015364444670574 0.0761931901326921 0.09363273870743036 0.013698198478217453 0.006668725074653517 0.08923071505722907 0.06906913004879896 0.04667569810982433 0.08650786732485952 0.03445378376131605 0.066028147415601
7 0.0204413127395584 0.030109273544107605 0.04442395756476559 0.06792106976815748 0.053079424442341205 0.07739061618122065 0.07420393386688623 0.012475300528312507 0.0735309442842573 0.0034832984830639553 0.03527881342452214 0.028527712760748204 0.07030037324473493 0.030913744503736892 0.06013370889150094 0.08811513756142342 0.034639433078170356 0.05778827118288173 0.06227818471775314 0.07496548923185715
8 0.02039689250986937 0.08295636981627319 0.04748252481522251 0.011251727051910125 0.06520542087006395 0.012261461413904311 0.07759010048253481 0.0065906454258021566 0.10271303371509148 0.05826584491144622 0.029863054199054793 0.03585845489743673 0.04497218403651653 0.02977790771689942 0.06336656979483359 0.05521799322024996 0.07119873430997156 0.050887912317104544 0.04324276750737551 0.09090040098843928
9 0.07925912426071213 0.011263512841391278 0.08006215708012915 0.07341565669560467 0.011965275446433313 0.08425048223846432 0.03220806964097752 0.04047711566794606 0.08136892044045953 0.01335181808484279 0.06478253846416594 0.039783011251446544 0.07840442687036997 0.08019103779941714 0.01621049314974346 0.01959938378712393 0.05039615591156265 0.033520957161065804 0.03266203605461466 0.07682782715352886
10 0.0941402716328235 0.09341415171097656 0.05494510056314635 0.028326077631326035 0.05216342925945033 0.04567571880317601 0.06272562026722153 0.057006153579207075 0.08956568807465316 0.07435560317467436 0.008609923707766512 0.04900705722528237 0.028841900445080157 0.005289635214737631 0.04311673770117589 0.08111844553649758 0.04961764261909578 0.004702888773307915 0.04420890786354202 0.03316904621685923
11 0.05909230837123797 0.013302177458540851 0.09399993889160828 0.04455548769724154 0.08831725825763716 0.025972594426094595 0.07353634258162647 0.0649967258757635 0.019172550697699336 0.03771371873025324 0.019700498260460202 0.033816463429823314 0.010200895217691203 0.038246547992008086 0.09306823708944308 0.07085487640499696 0.059470176316657776 0.018984439595533024 0.07927378901468382 0.05572497369099967
12 0.08918087032382471 0.06746676972661171 0.055862544937390686 0.029885970140518667 0.07306751499353757 0.02814784604427234 0.0333449112571433 0.02739658785555346 0.019179664723374474 0.00983531514816786 0.06582984885006524 0.06964257779663732 0.05898993869027587 0.020959991837879107 0.05279478125570133 0.054683901643166576 0.029588310259056425 0.08956689745246535 0.04572558729850461 0.07885016976585309
13 0.08251455504931614 0.02855455351299606 0.03931589073115511 0.03472086210709055 0.08391935759102298 0.07037893934888004 0.06774377223835597 0.05272600913471811 0.051884849060413955 0.08334625789330635 0.017748460032506155 0.001444363586419925 0.04824228412212178 0.06809172553170531 0.026033703545490235 0.016153146046627716 0.07562207868961764 0.033600233425655865 0.04978150788643277 0.06817745046616733
14 0.0020885311183677993 0.0455918931141867 0.06453601383654083 0.08458651569446544 0.07929834745978083 0.019227292013209184 0.04533520325246851 0.02701236032871662 0.04354744417351137 0.07741157814547373 0.07555459729520565 0.08917404614776536 0.02103069841720182 0.05796331121332051 0.04170244745099525 0.02750740064302439 0.08817833107714762 0.027281041053622515 0.049155329684621406 0.0338176178803743
15 0.04889458998413326 0.02946426340101499 0.07820174810848099 0.03692431782235483 0.04952769766283902 0.05885852139954393 0.06595952716428283 0.025091957260655134 0.06979900839127107 0.06135252482543796 0.058101634263321066 0.028775633092526932 0.06892856273139103 0.07579562382623438 0.03562964944477331 0.06407417926336598 0.008272013943958975 0.06992738439550242 0.034587549227465465 0.031833613791446426
16 0.06609301952376727 0.08763770336029625 0.04922976713362483 0.009613292506902495 0.08960072707621006 0.07978378379634586 0.045174070402850104 0.06675279215442993 0.02933610107630692 0.021190392484890595 0.0893856983681912 0.07008315942351889 0.018885022020944588 0.03239872021291717 0.06183360869048557 0.06681213291648008 0.03823046932610994 0.02006052688537793 0.0393530484373386 0.018545964203011838
17 0.0816560018119455 0.08116021231908319 0.03217255024670351 0.06610463535245233 0.06725138341601088 0.013114030208241428 0.025811346655858967 0.07289172648748646 0.02353225487422493 0.08891470608106848 0.06584544246586775 0.08257348879357412 0.05055782983649974 0.01944978587785623 0.04970981206895797 0.00423052455441976 0.006825736420980817 0.06800976627055252 0.06929913696398302 0.030889629294232362
18 0.041374218336765335 0.00671457470727872 0.00391644935518655 0.06350249495374613 0.05340502204078529 0.06782048531808713 0.04331436860563837 0.04844092246334752 0.03864722055626584 0.06548438247069831 0.07663288567566374 0.07893179691410292 0.07233231503514256 0.06394055219937037 0.020789316407018282 0.05796356301964122 0.054622639740289865 0.05821800774661849 0.018545972293420577 0.06540281216093302
19 0.005410942793897586 0.017737358389003133 0.004866687644559372 0.05289595947969209 0.015414190978740472 0.009626893552576269 0.07827047141361235 0.008257868605192868 0.11225566408099434 0.10664586890318149 0.08105869267148733 0.07886383893031965 0.02869657061205535 0.09996584929150201 0.008923631391488778 0.028799032311001546 0.12175750315032015 0.0062997260256652966 0.06929093621167522 0.0649623135630347
20 0.061233376127600436 0.09548755720833421 0.0025685843793630055 0.0547652653260541 0.011649925065754217 0.057191096028649815 0.06859868951390717 0.018674471771010052 0.0839917350925543 0.056172072412668875 0.003293897591187011 0.08239814569772863 0.023518900126074792 0.09127405069942299 0.051768617594287955 0.0422372368068833 0.04006984265911985 0.05880212908670432 0.07805124226804536 0.018253164544649612
21 0.031517710101956545 0.09422234036677177 0.033991039024859365 0.02636125776817959 0.06860741879977121 0.01936079702112921 0.0795480308419317 0.06575197465635675 0.04146342117298797 0.05491047800854769 0.0351340791053521 0.07695313942883837 0.012476625747027771 0.0649656093942671 0.034681212575570095 0.06020261616938453 0.0406959499609203 0.050652127918541956 0.03164263051044124 0.07686154142716463
22 0.08501930233523697 0.03492070531097538 0.0726718925959448 0.04223670125115636 0.06126131450875867 0.07185117652384353 0.017094807951532166 0.056749956376206855 0.07348810188120684 0.044048555565907345 0.062236624781417636 0.059725076810492383 0.026788794370361524 0.024162753437751545 0.0555397286533347 0.014194764619334027 0.0604548539218852 0.02401013998389393 0.03463378508198039 0.07891096403877972
23 0.039609400773325996 0.047862304201738426 0.0409421805193804 0.0445658493767885 0.013547981148829769 0.07935443621285634 0.08670146745538114 0.0444047303924343 0.024443549344382264 0.05978386239764761 0.03926195997489548 0.058387118430814226 0.016506500433389207 0.052835409850065636 0.0806047443999923 0.04361367203362435 0.07159114100109774 0.09038883611868918 0.015532779106701295 0.0500620768279657
24 0.020429586626173845 0.019790712946043388 0.09138479574409736 0.023356411590301593 0.05321787639819525 0.011505166529382663 0.00039211983979918003 0.09518188391215628 0.0626319920354649 0.07219514996949988 0.010504647387816347 0.020612445821468903 0.03890039953075511 0.09737481222507952 0.07804402686469807 0.09470327503137776 0.08227137272015751 0.037483184467930176 0.027605535924837086 0.062414604434765174
25 0.06901157417869144 0.023912708465297947 0.01117102311326244 0.0007129179643582129 0.050808978095510875 0.06575221215174272 0.08187837887551899 0.02813761763158376 0.08354859019176022 0.07809387378767757 0.006899787705760733 0.07351503342132192 0.0672348154003985 0.06610089690238999 0.03184436651250468 0.07565992333705794 0.01684054880849972 0.08003898958700872 0.07087790903466853 0.017959854834985193
26 0.010222826221770905 0.08023404303037894 0.07075307485341881 0.0677568013718837 0.0738256657973109 0.048505262074783506 0.08793708606572212 0.04406810706299295 0.01606552524037487 0.03598891983558119 0.08754077015032506 0.007805302201280483 0.030402730315669726 0.05008245013403353 0.03471259663085772 0.08748839094174894 0.033276137654882014 0.07395637141206264 0.027575523280728372 0.03180241572419345
27 0.06607272607893853 0.07093532205513733 0.07195021145079479 0.05519650733333773 0.029142457810598366 0.05043724711244776 0.01292657006543957 0.05495014472264617 0.024250531413033044 0.04060106346913861 0.0582977709840925 0.05533308986626766 0.050656394985447 0.06297124219059112 0.07022702350534278 0.0677300020223438 0.03421660684265116 0.05268013121532887 0.02175658939457419 0.04966836748184873
28 0.016145851897927152 0.03255407265185043 0.040655699171831046 0.013525118270360965 0.05596161624930469 0.04285573440537719 0.061232532792381854 0.060042597043258795 0.0899380787732199 0.06440815564624582 0.03708427688100536 0.07030323820168197 0.08323510307007316 0.07813332581575448 0.025056788315972404 0.08376081343048102 0.0007368064595516973 0.07339869626233309 0.014712419273839617 0.056259075387549394
29 0.07038470228605154 0.03487256078321828 0.050914124135047645 0.0648462304779122 0.005519453539816871 0.08218325410372679 0.03143511269258956 0.024437719227493934 0.04933586953652058 0.07862068503897213 0.07590439702964714 0.048170311385280364 0.0368854852075125 0.011445535167535516 0.04946967087214389 0.05815267836115646 0.08790222838680849 0.015457155656773467 0.06648351978831767 0.05757930632347504
30 0.01769937511201302 0.04694540209748068 0.019308862477575756 0.0006774697587656377 0.028096088636387705 0.07942364919948082 0.009295640113081871 0.05409747164930859 0.08520644106060855 0.0821584780542427 0.09005855272164695 0.048013858013989254 0.007828999381852515 0.04035039531190968 0.08900817066508424 0.08309934553828921 0.036334323844619404 0.08871593652551046 0.0075074808989672405 0.08617405893918549
31 0.04554362148308914 0.04854837540409991 0.07938177590181086 0.03283526166333963 0.030390099318472332 0.09012369780387504 0.0029134253998423943 0.0893903399592232 0.05466582698332584 0.013243878052776221 0.0468004571669284 0.03855603169858654 0.03049635070636212 0.11630013012925293 0.05723191038847572 0.03241241721606565 0.017360401591875484 0.08932108058545189 0.01586189616596473 0.06862302238118197
32 0.03082333906529032 0.07772780909633635 0.036646587366340334 0.02694098965162529 0.06688924394352047 0.03358420840782392 0.03846012692133661 0.06752154865716993 0.05860808615857027 0.054597309812449486 0.07581124483493797 0.08043003088026267 0.07004381759996682 0.07968127835821379 0.005558747379715136 0.028273709384655735 0.02833275422707503 0.0649716805947736 0.05444092838759644 0.02065655927233978
33 0.04311781818219822 0.00765159164331854 0.013864198113138501 0.051418367279356024 0.08267642542158121 0.004924750618937256 0.04846306582280704 0.07718927634621758 0.06201670404921309 0.07566926185364646 0.0016904178537110153 0.057716646920431 0.08551785637951317 0.07274701959420446 0.007965954931272785 0.08594385091555352 0.061278378997830805 0.026516018795575306 0.07985785301362477 0.053774543267869256
34 0.10417048613593069 0.007919372670746957 0.01556064671987182 0.06935006454259544 0.09537061067546995 0.04807717327140605 0.0642221951930519 0.00965157340268111 0.010431349783376467 0.016471582678364065 0.03961954643141691 0.10827430264057193 0.07691760669126316 0.009159993802063874 0.02478802622573658 0.052498246721712744 0.012124196045102911 0.0697045503045069 0.07404746302579993 0.09164101303833058
35 0.03359698206206895 0.019439622749227062 0.043775102195154264 0.016662481036430844 0.0727521256075666 0.09610340348488537 0.07220440993297335 0.00346232700773318 0.11552876802885413 0.021374129133200893 0.008971664995616172 0.06129498157344707 0.03793077786437401 0.08226347956047027 0.08265888143836377 0.10574986138973187 0.04164027290644771 0.010615339196843805 0.06907950823090192 0.004895881605708765
36 0.02489889559044145 0.030839095670884345 0.009398438468420407 0.001532515520529138 0.012481577514390121 0.06662769706534538 0.0870418589316059 0.10440764620584161 0.03839486901996641 0.04290009682551482 0.03544635219253935 0.04442167143590387 0.014548803122747022 0.11194074853638113 0.10212243914346328 0.05056491310285381 0.0848993385235805 0.09325531033871858 0.015735724224409216 0.02854200856646354
37 0.07343735660243036 0.07933860900989574 0.059373527846332916 0.07267817041582764 0.04122610114870491 0.058566093774760505 0.03400657396024682 0.06505548705460064 0.07645330492775207 0.0438748012532197 0.08309436411272453 0.0665823405884034 0.07002762473605988 0.017355992021563186 0.0006600852707378191 0.026424416009044393 0.011267068335238141 0.020200623622147088 0.04271849216736635 0.057658967142943975
38 0.10198715756614304 0.012994952305381896 0.019674106377780526 0.08847801823264294 0.02852208021516213 0.02119028956075947 0.027692206620189598 0.08363700793437533 0.014658016469298792 0.05658787634712066 0.021322959339995354 0.00845475743380615 0.11520293997726204 0.06503549915291235 0.06699206110233002 0.009166220397923593 0.10721211632209474 0.000643348693245488 0.12660915464760256 0.02393923130397322
39 0.012197316459066042 0.01777652763331409 0.04884549172451268 0.03705343200362877 0.0795516846527854 0.019763475175491027 0.12512203976169792 0.08811359186144915 0.004376012823122388 0.09455603289712099 0.06482679151807907 0.07178074716702482 0.03899431620508954 0.00432165694753754 0.00012377983886451384 0.0017843262314235996 0.1294431897284856 0.0970080897763939 0.008861778223460884 0.05549971937145207
40 0.04969118075911741 0.08742098843340432 0.025448140162350506 0.086379305216215 0.09586953939937021 0.02711604931835542 0.054853295544976755 0.029736616265499307 0.007517785532637067 0.050760821659234866 0.04428157193871737 0.022953349024181623 0.023789331683954255 0.03120496705109167 0.0918076140899445 0.07137666734387109 0.06892765943477466 0.07771030551283684 0.018280211760014625 0.03487459986945229
41 0.05272896322153689 0.0476206521936999 0.07660294013536502 0.021249579854702803 0.015090201017599081 0.016229935309872903 0.03318845750175227 0.08910761456900873 0.09881266669999705 0.018756475808534217 0.06980652454858939 0.06143608604097754 0.022585559542966913 0.010127794586366845 0.08938479753640817 0.09541683685835098 0.027674673419052116 0.05299936984940886 0.002520550540811132 0.09866032076499909
42 0.08278435362541205 0.012376688824653363 0.06634941387376854 0.08876213451299914 0.07805736665537504 0.044743442932931296 0.05353749655752484 0.043558700153139944 0.06721722949222654 0.0712827143695262 0.09137332962168679 0.07388690023279616 0.008206912826122157 0.009725868504359095 0.0017496677969575007 0.017239459292882182 0.023874815445007237 0.08785924822618248 0.026513656722040372 0.05090060033440911
43 0.08234590236323393 0.06225961866072647 0.0016385804977022969 0.11870080911195682 0.017211188203248524 0.11739666111207005 0.0139770221336685 0.029081228237271467 0.02948959509849186 0.012823486178115512 0.050964153899925084 0.048010344109890864 0.07703795077679727 0.032223801439653886 0.02490268047828815 0.0008917689378509074 0.10709698398838437 0.04854507288490731 0.09522097479706318 0.0301821770907538
44 0.0974686168134501 0.09073961650862185 0.06167207363453167 0.03790088666960552 0.09808288193886015 0.03606066591728236 0.024067886402496644 0.05881032007661542 0.04289243678180655 0.05081696963817702 0.0236644401407157 0.013441667563551477 0.08118745863379202 0.009194035468883654 0.08955445422124136 0.04359731138860247 0.02271868537585401 0.03550202588545012 0.06662777027933973 0.015999796661122296
45 0.001315390455554795 0.0520552233140668 0.05919150506042276 0.06624957992479852 0.09562278199023234 0.08446159180992793 0.07495558628184941 0.029671559129140136 0.0193309614417859 0.04675522333305243 0.03830300854166809 0.09571228913297779 0.02589325203509386 0.09301788823567153 0.07219573269708351 0.012038864288462708 0.015227272920098052 0.0009987852564397818 0.054611731642608984 0.06239177250906465
46 0.06856478803944635 0.09155308480990203 0.020041164448010698 0.0015793267123019887 0.04945253068027456 0.046390271029479166 0.037034894094087424 0.009627952472526015 0.04079807093857679 0.08440503627607872 0.026803652640338398 0.032036370565481934 0.07850620708100588 0.024522335765725344 0.017158472853699418 0.05887848185558651 0.09661824306394996 0.08533368547601722 0.07892595299764334 0.05176947819986822
47 0.05767397212211564 0.06994298636751776 0.05343325106049433 0.07908468346926 0.015271939665772971 0.01642752191889951 0.07469830032694788 0.07134151897017922 0.01953271944825877 0.0483311683117788 0.0731247461288396 0.0773935117086939 0.050358205013411164 0.019777375098006904 0.05132043843046455 0.07647635979985971 0.008903918044315184 0.043948788288536295 0.07392471948898931 0.019033876337658417
48 0.05742145254997855 0.08960760773072703 0.03913791387711654 0.03068357866132026 0.07736240946889897 0.0768036156358743 0.08797592967904982 0.015945787453476686 0.05215887305235969 0.024516738475550817 0.03903199292778144 0.03991780081258868 0.02031897532882551 0.03141935250943272 0.07836805716078836 0.06774462512716505 0.02305909570065391 0.007084464124263026 0.09674948452764306 0.04469224519650547
49 0.050576009330733494 0.07758285376627025 0.012017164633125606 0.021350161429025613 0.05910312752860884 0.07971414095861706 0.050972116246003694 0.09264924141571632 0.022976535366012248 0.066641991998781 0.01231338178799297 0.052158137725605715 0.07849768470469128 0.028321522287031418 0.05117251507216169 0.07354001357679076 0.018359537614334284 0.019956809790036664 0.0604521163260738 0.07164493844238735
50 0.018227833276764683 0.08906238549042823 0.030020657010057277 0.027667406369559413 0.06554737938450644 0.07887768589242888 0.04155281387420471 0.03622664324852517 0.029130150006297394 0.015227941392629715 0.052420533614052994 0.09506909223923517 0.05227502730298156 0.07079533951765268 0.048742366807673985 0.004686665177033458 0.0952603230898659 0.05640601424900392 0.07580054946106357 0.017003192596034878
51 0.02374164406587349 0.06055579990790693 0.0797114579148618 0.018760823968093122 0.022731263887673034 0.07159820384207972 0.0792193045838422 0.010735376077928887 0.07000880320612188 0.08964558888711746 0.02896345151597906 0.060557877187500386 0.013381683664983443 0.03905903410200048 0.03487670422885354 0.08273873421225993 0.01162873827558562 0.07782259380094153 0.020686777932655612 0.10357613873774182
52 0.0516526750515817 0.06259310199567644 0.0734421563279247 0.05533446091563191 0.0686381659187493 0.022116329386871515 0.07967980357906004 0.05490979169729129 0.015488975799583119 0.021022200498282132 0.04391699546782414 0.0604213899325146 0.02608065871678303 0.06713246209226068 0.059117229247573164 0.048958318617104306 0.04415913990752223 0.027397733894797244 0.043163272156704804 0.07477513879626352
53 0.0067312491295124744 0.10249010948483728 0.0576377348135107 0.01761582188676493 0.036366010571215385 0.03917807239129345 0.0851212463324728 0.022496732099307047 0.019242277464388616 0.10202747613118446 0.04869677681888884 0.02140961096194669 0.0690148938064772 0.004801321386278143 0.09961006514459327 0.01724175248395569 0.03179295218052685 0.10730142057916016 0.08715859206060957 0.024065884273076352
54 0.08600703418990872 0.034011298330447165 0.04017592407690407 0.06786989723515797 0.015591299690426181 0.027137100432934328 0.037586131847303306 0.048404587437921365 0.0638969783307359 0.05662887239157778 0.0713236304644088 0.03812060096905605 0.07195175574570653 0.05636899375829901 0.053349617581747055 0.06108032976255603 0.059222569322199346 0.022937047057815876 0.08037947296677611 0.0079568584081183
55 0.019772742731630186 0.08333583446537611 0.02121300358890016 0.04879595841909784 0.07080070183813433 0.08609242063677935 0.05687497216448419 0.01542080102820282 0.016059877051759607 0.08100495596849895 0.016492064170647493 0.06808983135715485 0.07062471736972627 0.0416801305023382 0.0906219112679867 0.07148674539949548 0.021131474128675443 0.08169223165213037 0.03551249194771872 0.003297134311262675
56 0.051097727222483035 0.079099118108968 0.023649523602057864 0.0036860244252383437 0.08969952877352329 0.067408148423333 0.034188052789632314 0.08636189543639974 0.04680467138832105 0.05157296177479598 0.09083940962926455 0.10121277229720364 0.031906748749785926 0.02565515348936472 0.019939352920382656 0.08602867503900676 0.012414077938757003 0.052351608160987904 0.03388695163641685 0.012197598194077373
57 0.08587917847532282 0.09388885363386397 0.07956020366507613 0.07502296246095486 0.019929179814116044 0.030618617630389824 0.02806923608852218 0.007298145288873242 0.07015436883810475 0.03684855550909613 0.03397268622879514 0.05142973718510311 0.006852956792788289 0.05355211900907956 0.08538495364401488 0.01117121752482553 0.044577238712696796 0.014257491933442785 0.08711507768445881 0.08441721988047526
58 0.024229681665071938 0.08100411617866647 0.04192871552629716 0.08886805448525913 0.05685346874614942 0.08014281677622412 0.00544106522751443 0.06963648594146715 0.03357654359704431 0.07889370585617517 0.007890551740061383 0.01923216264786215 0.007080341674363774 0.07844483494613635 0.07513596460622633 0.03347841292145093 0.03187848465902966 0.08126376483197197 0.04345314774229427 0.061567680230734036
59 0.09215221468470255 0.026699546584689444 0.07364660124160952 0.011413624582162635 0.08969237521829712 0.00134275769820837 0.008004294536794352 0.07725306781506054 0.028565162578007692 0.03207699915735403 0.06642648168669893 0.0946937963850587 0.08144882764358714 0.00582255246904148 0.07450164390041078 0.06053978882741282 0.06701469649807583 0.03146707878129453 0.06588916960548268 0.011349320106050914
60 0.06782256509158277 0.02336944187585384 0.06709020227769352 0.015579057210783336 0.07505570860601311 0.06898146407036862 0.0036726352948065655 0.06252728634467286 0.05398416519581413 0.020634828971586243 0.10071346058900135 0.05336804278756772 0.03344026354705823 0.049042718395890667 0.08272203071996101 0.01409289850998909 0.017655341148408363 0.08520275084744112 0.04124143824532461 0.06380370027018291
61 0.07054586830408036 0.028179870447330578 0.06907393394174449 0.04865080940277827 0.029687637733906584 0.0765014146470106 0.019770567665183033 0.08010172273397649 0.022265380794516284 0.008430776260050458 0.0263192425937471 0.028359542497710465 0.026708311496983377 0.08256183397970786 0.03012280263176719 0.048570092275413944 0.08227055331772497 0.07285746707313888 0.07902450920891839 0.06999766299431066
62 0.018780498324382954 0.05621780328578549 0.027406354776202534 0.041516735515467695 0.08091980625148355 0.08017964935743688 0.07489331810159729 0.05176550305613998 0.09007646061475667 0.06608146711804161 0.06471785173820895 0.0027119378029613335 0.012336032878476925 0.09284070332565247 0.05992492991195277 0.045384596183212375 0.07525519775473809 0.016908084875022447 0.0007209385133139924 0.041362130615166186
63 0.03969138575682217 0.014755105367185163 0.058408660907398637 0.0043505733435015076 0.058089650763087544 0.0789337999004003 0.019428411301230922 0.08157652654554248 0.05149617568050966 0.06609028968117235 0.0696422425978155 0.08239947942369767 0.06582471470445038 0.023590762667679368 0.08819636187975052 0.004160832147765681 0.06653992207932545 0.0013694824257402646 0.0540710778684509 0.07138454495847346
64 0.06568892763722112 0.010605372209355472 0.0906626255766087 0.04007239677997722 0.06190394810624915 0.0934884284167983 0.07378480638414593 0.03404956474772412 0.06641377385706045 0.015077839455633154 0.044297515993122163 0.07731651305475225 0.0056445746623668865 0.09289166668075477 0.015112363799693107 0.0193501651280438 0.09452088389757837 0.024576710875680623 0.05271540323507056 0.02182651950216375
65 0.049806291993564886 0.04538508265610464 0.08060190074758009 0.05734731649707209 0.016356513004637547 0.0042247625192411865 0.008430893374421601 0.054649813743413024 0.08262994381005559 0.0564034387149598 0.09502284659928323 0.0659929257922185 0.03422647532462741 0.03946092250050858 0.020088471275834317 0.09373200273985294 0.08643539519262115 0.053658774428224344 0.005048488365023247 0.050497740720756
66 0.009992309064783801 0.014275044580857852 0.05333354075870787 0.08943892823910427 0.05623610565816094 0.003768749699464248 0.06512969750141617 0.09332422910540752 0.08520114138110786 0.05408206065376065 0.059145564305176375 0.07509820652995038 0.017173006579950512 0.05634435414193988 0.04062459245738254 0.05699148499069438 0.0011464628387112907 0.06444953718558019 0.08145103280315666 0.022793951524686797
67 0.07785308593864594 0.0660102548372161 0.06386228316153601 0.046095028509310305 0.08551721651866372 0.05042585314416877 0.06793530259836435 0.06849214417293249 0.016976508352590368 0.036154155534067554 0.04827941997559495 0.04766997886038328 0.061158736659387126 0.08559096085251656 0.05527823949765494 0.04905363952552841 0.021998882606337894 0.026014733993574936 0.006134321464011459 0.019499253797514784
68 0.0505306936477731 0.07628590349846293 0.0833024797068593 0.08278186941349301 0.01815844790977541 0.013073507635162178 0.05283205692577402 0.05005663203668707 0.05054139106240673 0.00264418996369883 0.02953787140568884 0.09607567688796148 0.07653676285089356 0.00923430420681978 0.05848718559044185 0.026596328689829994 0.0487133861764636 0.08804075875285286 0.05896609452780524 0.027604459111150465
69 0.10225997694220375 0.03389502444029042 0.06235522098521646 0.06922976742808934 0.0014363260616602385 0.07875324509113964 0.037321241534475955 0.0006200307963253043 0.007171550221419081 0.029968526996161135 0.08414391782304359 0.07785730468333267 0.0799617454655122 0.05278570134254585 0.0061492966449275595 0.09224395383154439 0.044889174153063996 0.07077383573397332 0.05015123913087915 0.01803292069419601
70 0.07252247572064696 0.043705234380921665 0.06526095736751529 0.09142680140135888 0.09082665300613944 0.03244887272647031 0.09785946743350714 0.0017681253221764229 0.0874124697976918 0.06069070912954142 0.09758494828605234 0.029189766705221373 0.01128725372756722 0.01691384781520301 0.017854831910672213 0.02147936765712521 0.07309092106724614 0.03197624154258577 0.012498986356769123 0.0442020686455883
71 0.05567807070396464 0.06496553878777837 0.06872174218882929 0.029280715481881117 0.042167007218121645 0.07719662193956782 0.0706992601272242 0.00025605867183555467 0.06822035176582557 0.025575358786764455 0.045534112818943505 0.07442319100230756 0.06800752600426341 0.07428380453742411 0.002400222586294433 0.03884966106262356 0.02775355772104667 0.01984807154017489 0.07234075396584799 0.07379837308928103
72 0.05999665380601478 0.01789453665002223 0.01491041410214388 0.1023850920609168 0.024787087161336197 0.06939678331856916 0.10413865707219958 0.048870633535815895 0.025389940097513598 0.06460540799845338 0.09450077548265737 0.03785002657451831 0.0706985207715853 0.010116762798579013 0.07099264294934549 0.020697722919904314 0.06267166921371288 0.008652317188546466 0.047005582482978536 0.04443877381518671
73 0.0854550031534382 0.013350178086580901 0.05100238836315638 0.04530695160764605 0.017631319166067874 0.06364128041654203 0.06282334188758217 0.06594404558637737 0.01571159592765022 0.0800917841329471 0.01994126768158392 0.07079867754292182 0.06831996814565335 0.06402215882469188 0.07431597396122146 0.029953911961513882 0.055835400957744835 0.024140238131773323 0.01520508884473756 0.07650942562016952
74 0.0013868147934330798 0.06342123777139339 0.0598064932843547 0.009824101498478824 0.033915534623015525 0.0697905367162223 0.07482290053221698 0.06372241835430319 0.0638491070714374 0.05252206420953801 0.04636901836213491 0.06152264260793161 0.010613157603076552 0.027824191020793382 0.08923307602069955 0.06757343277238964 0.04922078790737117 0.06853709941914693 0.030915837371361575 0.05512954806070122
75 0.08551689661315412 0.05439647542059337 0.08176459951553505 0.05402253637108801 0.0314646707919382 0.03914763923706801 0.06570706841372928 0.09372426456995281 0.03765818078538685 0.08667273775264786 0.0795508296173188 0.021906231408715927 0.024587693540296798 0.06457556428332382 0.011724076819008474 0.05661403878436637 0.019555591109331343 0.02186507622939602 0.04598546559866392 0.02356036313848479
76 0.036809674403171205 0.08316953142038817 0.0278041165216216 0.042426779090428496 0.08110815212019368 0.03379810371337526 0.09000482522919874 0.06201758076616824 0.043629480964811874 0.08813135628787919 0.019755918635180218 0.022587440295858324 0.0019101768255043747 0.02121072231018673 0.07274911169740444 0.05188383052921557 0.048722935365878864 0.0798019807688135 0.033215123404672295 0.05926315965004932
77 0.008367436742531218 0.0014990344719247534 0.006048229938100043 0.12819299726367106 0.05505616522921007 0.034146073906877863 0.05378689710892775 0.1219168742634636 0.008894167826555706 0.07801014017663713 0.06130136542459291 0.08658291536868049 0.09493285534257574 0.009157061844013537 0.0207053164699324 0.09570942257468672 0.06175263913327598 0.039722824868642134 0.016342015780013774 0.0178755662656872
78 0.04110257536674657 0.06525070512361177 0.0687528242982125 0.07340317589483479 0.00867197196216083 0.06900581625416849 0.06085716064170491 0.05186624422173958 0.033698833274906644 0.04178610341379487 0.0044242048331726855 0.030587691849480278 0.008747828714714924 0.04990350300546888 0.08240860309958434 0.08649432887037163 0.08634525414761808 0.0783916186622744 0.02154411197128917 0.03675744439414457
79 0.07207345625938025 0.030657303310151148 0.08096476271840174 0.04258308911095464 0.03904270446241468 0.08128710923143226 0.0425123486552456 0.03301093618395229 0.004597472031404744 0.08143661338368076 0.05371275319141462 0.06368596399489192 0.009022938923869177 0.0017262227442239374 0.06982857091554451 0.03757944790658057 0.04148507542867866 0.0592091696778233 0.07360429179081682 0.08197977007913841
80 0.004435070612551281 0.0731685859695559 0.08071822928491147 0.07604437539446214 0.012569945699344592 0.04179284666643795 0.08418827925330276 0.0774778503650765 0.028715849163534302 0.03089112378848689 0.07868460817295468 0.07764245273179639 0.05508868076511689 0.007578507966364349 0.0803472371439499 0.03937236937562243 0.004464878889308774 0.0018952720799511184 0.06812394881008331 0.07679988786718843
81 0.006062930946096693 0.06845095316574758 0.06201178176529318 0.04522580721602509 0.014518647735759418 0.024177369164328676 0.08834247719436365 0.06848906241831369 0.03480133795403899 0.03980917182635303 0.06539738657174526 0.006497353432825802 0.08549501064306006 0.02753856837764396 0.019932128026244136 0.03070769560600884 0.06445865302385627 0.08126833334386441 0.09204253774995336 0.07477279383847775
82 0.01822660796258921 0.0760855584289458 0.05395760978738061 0.0845265512384094 0.06927707367871268 0.078696763621964 0.09837284407890043 0.03969518860333959 0.049068545717269825 0.015464390490460465 0.03639883483990433 0.035018369191430074 0.053636113583525845 0.05351879213275771 0.028003843652259688 0.01711858246504782 0.00089532094667807 0.029720784101171117 0.09551917247859644 0.06679905300065699
83 0.0754872794326632 0.06772181759192653 0.05109958401599155 0.07531906660836744 0.038570682033365555 0.0487005991925502 0.0612704720389039 0.06892521673541842 0.05672349788115296 0.06385248853284284 0.05223272591265764 0.05851330741279299 0.014743290333298492 0.00924474881274313 0.07223594492703862 0.01566199905722452 0.035005258176161215 0.025951854968989094 0.060177958406109754 0.04856220792980185
84 0.012568674132102144 0.03288430845999256 0.061033029430703045 0.08404700946004912 0.08624602759123201 0.0497196570073594 0.03636616695266752 0.06069690937406551 0.007161760647394301 0.04214472199727945 0.014645274022945702 0.030983244083451916 0.03048179551592893 0.030616486180616916 0.003604903025501058 0.05281307031318485 0.10182923074928257 0.0738498356262621 0.08194379730678292 0.10636409812319797
85 0.039499611650432746 0.06303552433346105 0.08479911255361561 0.03927358297084316 0.002684975131342352 0.044771016274012185 0.05744124000507971 0.060812191797339245 0.002469730065851272 0.0858207782553805 0.028889146233270088 0.04676145533920933 0.02816066287507398 0.08677703158091767 0.036370526676730984 0.07596442142172069 0.06327284114193674 0.00809037551930586 0.08281953708629068 0.0622862390881862
86 0.046745550002505035 0.042778007418543575 0.0005667042013557674 0.03010914322008678 0.08932834090284197 0.06822561542713136 0.06081152721699552 0.012876033290434092 0.002370011613193048 0.07371570494419002 0.09237201510434699 0.07678686135365137 0.005202655327714402 0.06659705452898318 0.03569782576244367 0.06609408048020167 0.0583023906383248 0.09040102232523713 0.05068586177913455 0.030333594462685007
87 0.005945732726594859 0.051489305640532834 0.043159546286888895 0.020287112718785538 0.064484480189203 0.03217054877776018 0.011871400595651166 0.076018225474252 0.06403135659623191 0.06994683280412964 0.09454685510434498 0.036428645008534766 0.031653777662016644 0.03403678481701527 0.0801578473116902 0.1026919541192825 0.07191668673762962 0.07214569649733507 0.011329381985840893 0.025687828946279988
88 0.045910779254519946 0.04556098415905867 0.02569697325937064 0.046837763076073916 0.050810711226223895 0.057921633344823684 0.0816402555475236 0.048599292914690825 0.07931194879557064 0.038360653881338885 0.09031193607557986 0.013192425088838335 0.05611788810913887 0.00646350177177742 0.06540599521134925 0.07686193205943184 0.07701840825252443 0.026862436200205654 0.006394992433523138 0.060719489338436496
89 0.012791431682030372 0.04968328160759581 0.03520524025040761 0.043163399542817844 0.03407268705190272 0.030588486101999643 0.09015766146022683 0.09093161786564939 0.02056901915120445 0.03885946365740107 0.0885153182631184 0.06227441306089449 0.04103467163696167 0.08365987503400199 0.0729394515850322 0.030368565572705532 0.025043596600305484 0.050852132919144144 0.032850145448775125 0.06643954150782508
90 0.026493042240642486 0.06948583301924684 0.0395471102966117 0.06351988640156386 0.014785052387433509 0.05756713539817452 0.09423906029896997 0.014568984031750137 0.050416609434369854 0.028645787307963414 0.05682452441032402 0.06672287703298004 0.046374327163622525 0.07071569270662924 0.050359449667060734 0.03307332428125473 0.010366937498654374 0.0975463232701464 0.020095744593077187 0.08865229855952436
91 0.09386481609451323 0.03416655652789763 0.06770896006857634 0.06275622273478376 0.025183512775997553 0.03602537126676436 0.03094551765267316 0.051316037568679966 0.05077800304677783 0.07341121756743346 0.04193899837290824 0.10331322918571659 0.05512890801416939 0.01549994754190507 0.10433706778629928 0.035179542554547284 0.04599499392010838 0.013600233330920168 0.03809000462938826 0.02076085935994009
92 0.01152978867488703 0.0701916651789629 0.06089428353016149 0.05680883126592157 0.06900383567476093 0.042079407871511126 0.0826150585648197 0.02726286029602528 0.002149159783154103 0.061837622509141765 0.022446082071043556 0.06420309242961451 0.011154504383933509 0.03523491922307017 0.0537495072392919 0.08019930855238293 0.07241532123721249 0.07315119299743951 0.05145886195903006 0.05161469655763526
93 0.07968598131870924 0.08482873520620679 0.08898666593960933 0.08345753860925197 0.014971981059466804 0.05441455009364216 0.0028774006772823084 0.049346003397790786 0.03978731928331353 0.03465746426373737 0.0836607743308607 0.07874884341784853 0.002243375979505022 0.05214913389221352 0.07478464291427263 0.016487130440746685 0.0023217641803068823 0.03190254497196653 0.05748546881439063 0.06720268120887872
94 0.05768247749593947 0.07825636592089388 0.0228159274621886 0.0771919912751487 0.04817176972184204 0.03458318282727544 0.07385513036154294 0.009146779991000921 0.060168583934987564 0.06052205658299437 0.06703444453489531 0.004492835946814915 0.036423797575084293 0.03602867174797441 0.0941459936025583 0.0719803897461457 0.06807451879919448 0.042884926347891435 0.04281012105572616 0.013730035069900972
95 0.038316595053118095 0.03986536228080992 0.07915833150908734 0.011939678234400298 0.042634903922810254 0.027870643368967486 0.0655647433716766 0.04939058824279533 0.01750668041921561 0.045737400422842925 0.08150595026721205 0.07142587414343743 0.07116035551603547 0.05257606913886273 0.021221077622040035 0.028038008020990754 0.03975210299165123 0.060597923634305516 0.06928386831883306 0.08645384352090803
96 0.10422531995159193 0.07507542802341916 0.06665557286101866 0.076755893743554 0.06891748929612061 0.014679314108332417 0.015516339656818654 0.02006333747090275 0.03170579661110005 0.05228229930638321 0.05348132497634401 0.016557092252156628 0.02286993678360688 0.005676436673915193 0.0172554026846882 0.09611100860286342 0.0449131808329975 0.09090321349463092 0.034732416463398835 0.09162319620615693
97 0.017682002110126722 0.050569924360010274 0.04000587122641901 0.024824236036028225 0.06293014639394574 0.0858292930201191 0.03224602855340076 0.008384795400158003 0.06133801556711557 0.014761358027286524 0.09508611520313316 0.0989600018578809 0.08950728300876211 0.02665248640242429 0.0844669767827978 0.005799346931182496 0.08373424076856582 0.002538885280467297 0.04120834113781264 0.07347465193236354
