0 0.033928786717847485 0.027007665362237247 0.05792743696115018 0.0549910839554262 0.07169862335675993 0.009849875467766283 0.02717588199360903 0.07498541520697587 0.0571107510372556 0.05052438596579586 0.03147500663465821 0.028392897711593302 0.07520832594585636 0.081483095084584 0.014931308284205693 0.08301763792047255 0.008777085086835354 0.0671011812502366 0.0809903635570242 0.06342319249971008
1 0.04099986099305202 0.05722782757808047 0.03540063705345238 0.03826945853572832 0.03673990503099977 0.021251130193452688 0.004475178961674183 0.011712498376975175 0.012534732654015172 0.06150559360489165 0.08782652454064169 0.09466712143933588 0.0724345865345958 0.09492222059582558 0.04444023683731536 0.048349318731739074 0.08220202024442072 0.05936723534389674 0.07551832328090109 0.020155589469006273
2 0.06089254724812717 0.013054250039356004 0.03396888847699308 0.0521748097342891 0.0420124037467352 0.07322235250273121 0.06952858534952178 0.007585612540969251 0.009670401235596678 0.08499121205726366 0.01791780923634109 0.08637998032078126 0.017291616698245055 0.04674652733608262 0.04059710963499581 0.06939778018123115 0.04697158976566975 0.08768041202902675 0.06309421734990746 0.07682189451613598
3 0.07015742936379898 0.07734157741395259 0.024600714575169616 0.017888121309067983 0.07292469168411495 0.06611455402969417 0.039046691790309444 0.03805607204615126 0.049568921741578315 0.02059014001041437 0.02823261443300101 0.06925738013383792 0.04827144754969134 0.053934284993892134 0.018472486582014874 0.07805867087928271 0.030283200486055935 0.06537380871211014 0.06378306838171982 0.06804412388414259
4 0.06175194087672496 0.07977440283011085 0.06892840799018495 0.07220670406740312 0.060612703227498135 0.08701705484759543 0.04698589338115432 0.048794926411957616 0.020070604937672924 0.02965750313579062 0.033931895646013406 0.08997017960913181 0.0031883784935667248 0.00911689988539416 0.08291567982730418 0.07446830525817767 0.0023927230204899095 0.04128917518484204 0.07440005334791794 0.012526568021069304
5 0.08693470301881064 0.008382744812617738 0.06054725983599864 0.010706123685854422 0.07672860617688367 0.0026360648400405 0.06675876962259161 0.051458149340551464 0.048200917841751095 0.028732007591907718 0.06705939526531476 0.0869610592621198 0.08001341981010918 0.062220934297626436 0.07607158536445752 0.02905861737368766 0.0204635338703879 0.04556399569034308 0.018782130321722414 0.07271998197722389
6 0.05141888732871651 0.06124503508563804 0.020523820918015287 0.0651244092029839 0.02004072932505127 0.011062441636192107 0.05783849015360471 0.06418825089493885 0.07077263413788351 0.06897994475724115 0.0539561065369447 0.06129906093754645 0.08683462204042165 0.046047323340245645 0.025660308682821223 0.07050237545082559 0.052887081887034705 0.00692543601362151 0.042643531907096285 0.06204950976317681
7 0.059935894496355085 0.06940230402266225 0.048374642551339796 0.023471777890353523 0.03272101010890556 0.07622767562031957 0.03195970448040738 0.03882502984626941 0.0669444389841438 0.005980273316874997 0.031631055685456835 0.07908218820738677 0.08104998011461453 0.028028070457971607 0.08707512473911604 0.04476017961878476 0.0745856019354096 0.0023426607968750858 0.06947550194948793 0.04812688517726563
8 0.06796400805030721 0.0014831728414958561 0.04752135318622082 0.08275170837691606 0.06556093821544956 0.08074804491452824 0.017320408352376703 0.05548062335240167 0.029803942646779113 0.038089964508511126 0.032741548334243274 0.08089661921173691 0.01721577300275298 0.057283949152762276 0.040050378295353725 0.04153155896293453 0.08004569354551612 0.055155020911089404 0.03046928751142493 0.07788600662719945
9 0.0013145409809712098 0.030260796353417087 0.041095134482712736 0.01963845592763664 0.0470446531520916 0.08159983397253691 0.02395535113001788 0.038090315481332404 0.020608125098927142 0.003622102918439881 0.027379351981253557 0.09834664274406862 0.01649909052656767 0.12289092583856961 0.07922196620234309 0.05457483040167048 0.03414437641778215 0.05849285800045275 0.12874844826878748 0.07247220012042113
10 0.022787680846397457 0.07068052786924472 0.004382012819463089 0.06843044466587149 0.07661930146653308 0.03880451826491022 0.09219977497981166 0.06099378246758564 0.016455962454819388 0.014245301676779988 0.078033596008029 0.09334443789732487 0.04538348420600521 0.024864069315462027 0.025965397678993345 0.024360144298084155 0.026085149946571958 0.06685823215914323 0.07102258483158076 0.07848359614738888
11 0.009312597792177649 0.06325702921476116 0.008766968654252725 0.09748733213344407 0.053882078413528926 0.0963591335581213 0.03930431121644387 0.06708852008075042 0.03537953449893937 0.0036976894199876285 0.035027187527220664 0.002640456755798416 0.06021094721684167 0.06361310488922253 0.06416053329268516 0.04470694738463984 0.047584811201358115 0.07080750531948699 0.09148213330532104 0.045231178125018416
12 0.07553501757559723 0.02123611681461147 0.09744807031982865 0.005436699829975884 0.07831067613733854 0.04340141268313985 0.042185628125324885 0.0690961693889077 0.020369289935088478 0.0030066835655930446 0.024984107327167073 0.053243895745699946 0.07227109634978479 0.10874336198523028 0.027547121961170883 0.08802590921347554 0.02602249366607107 0.018881631756655772 0.038492453449028165 0.0857621641703108
13 0.018942229821602142 0.03537874121487062 0.02587991864252006 0.01104495865880362 0.10980574294532115 0.08791246253159919 0.10785745876417913 0.05196688664949114 0.08888774334886203 0.003517267197924813 0.04286257901959707 0.07490415119505375 0.026511214948328754 0.07816677709045526 0.026524456167130464 0.013672652854099932 0.11983387279677202 0.04501535732795572 0.00851288805633408 0.022802640769099176
14 0.017924285490388655 0.031716097906215816 0.035857522592804746 0.053039926469398826 0.015212091341360857 0.0700375875321928 0.07676784624754719 0.00253917943101314 0.011519618478365246 0.04618914540858431 0.08414336317676578 0.025878614629891477 0.05661739085580335 0.08638395709287221 0.04553742770374552 0.041912327839813274 0.09662488425140525 0.037923672639278386 0.09670554708931044 0.0674695138232426
15 0.03253785550444115 0.029468199146199577 0.0865107231644334 0.06359357538100574 0.07793892691345837 0.025704116939833387 0.07562286028130351 0.040851187467572755 0.03234609450474979 0.09045263547541083 0.02402237679329423 0.01107750141173068 0.025033584616603297 0.059760437414870145 0.07632498281332838 0.07438931980743295 0.060407624373361335 0.03724030984940894 0.05171251685205467 0.025005171289506717
16 0.051846038813153375 0.07900741082982636 0.038817191504785395 0.02439287688092582 0.07968155721369455 0.03668867814656141 0.08997085074237013 0.008944062698571533 0.031975242326112936 0.030717786911078283 0.07173776674852839 0.08181824215682278 0.03318845091946655 0.033561772969620735 0.04640915723902974 0.07681049387070568 0.09336286403756447 0.020576113289131302 0.05569969659990318 0.014793746102147239
17 0.00824025820319958 0.027375917695764352 0.08495989398633508 0.03797572084577812 0.0794126179642157 0.036126133267549675 0.05568409382246972 0.0656229770584996 0.028276578380465114 0.024359478037122247 0.08374378671518204 0.007709955923407621 0.0396373852191003 0.07221527657433113 0.06105834057850751 0.0785880068579985 0.07138909891905039 0.0251765524870564 0.0611265552551679 0.05132137220879904
18 0.08969691147773474 0.0367359609012115 0.05843689438448758 0.03978341735919318 0.003175109310086071 0.007204935546895973 0.08999866159338663 0.0713029305712192 0.014081197582009635 0.08022734898174659 0.03910772814839039 0.07289502639660643 0.046781297863410926 0.07639784853179428 0.005483325185173008 0.006450350133255646 0.0861409043047828 0.07072323811545976 0.04868750650049576 0.0566894071126599
19 0.02872817661029413 0.09929879556411066 0.061711202963460755 0.03574952282515957 0.08786188647926575 0.05497987136460094 0.005456881026274363 0.027275897862190878 0.006347317204744596 0.020737660026201105 0.06124460164456702 0.03019837384170734 0.06845163174499802 0.0668645569337819 0.047334297906348015 0.08706604504147833 0.09582938885711267 0.06541947219962213 0.017264331085319357 0.03218008881876242
20 0.08010788685642146 0.026938422605538193 0.04308495490099122 0.08312391073153905 0.07480205670672821 0.054774627604479924 0.0485034698070004 0.024157347128676735 0.06025067716243228 0.03891034502632482 0.08060899706661916 0.07605730188249375 0.07292574190558224 0.06773650226810875 0.018521877003259486 0.008055563579221225 0.049537213909847395 0.04805702902327221 0.0006979836476288322 0.043148091183834614
21 0.07644623841610561 0.0651031395894448 0.02656734805866763 0.07697783955899125 0.015024698783890589 0.07617019138054776 0.06592914225912047 0.0496320866510091 0.061814604864622424 0.06922010214227314 0.056449624067659306 0.07391110902927235 0.0846959216998982 0.01279253575893357 0.013301639092852728 0.002420153360692881 0.02429047485170825 0.07321822377088177 0.014832496545509518 0.06120243011791889
22 0.0010018463304793622 0.09120500147105347 0.024285763962637534 0.06100786507678169 0.07063923071322632 0.04172444116532741 0.03136414935233102 0.09018990954875528 0.02779440707345953 0.004774696243287709 0.08415504065334786 0.08938900921605195 0.09500824587891978 0.044164860387526796 0.0065534994595582785 0.08050657299902844 0.015036003937284636 0.06331781034040249 0.005549313980104178 0.0723323322104362
23 0.010145917248921556 0.03786691629558151 0.07203099833408455 0.07312644655082948 0.02658021178020975 0.075647227054266 0.016471917119041782 0.020754819376908804 0.08530160525302229 0.06041540464584954 0.06265795253704468 0.01275586748751891 0.08002032962804713 0.08332261739984761 0.06059800303005297 0.05225698506140173 0.03571833499278287 0.05308811448026923 0.045128197965136195 0.036112133759183575
24 0.0519065996786237 0.042769747000909054 0.048485981896881164 0.06189406527737688 0.07034660678813634 0.04366828684311224 0.04236453596697617 0.0056467295699199616 0.030340306919478498 0.045120858261280566 0.07451154675112048 0.038138023901484824 0.05211037750662317 0.07349965372222346 0.10330976595369339 0.06547890105453628 0.04795155998450084 0.042847097549143606 0.025643854770867145 0.03396550060311232
25 0.04373083087956121 0.05890204747800065 0.00925167249078533 0.027013747776938428 0.045923342936833596 0.08674060011054406 0.027462977875851502 0.002604453056445926 0.01667332782219591 0.08605519077054884 0.00640087840365989 0.0669304837860356 0.06486938867497916 0.06845228348348531 0.07239224962487993 0.0692769822724127 0.08300737123116679 0.06952754811522317 0.0390530867012774 0.055731536509174555
26 0.036767623547845296 0.05809342483301739 0.08840874636765175 0.06875619572059849 0.07854957961424854 0.034293081576523894 0.02586322750590176 0.010126044253387104 0.030551182062658364 0.10029099541717883 0.0051335608909197404 0.014910662142553663 0.06332527020342026 0.055081839818661084 0.060936363536107443 0.07988423378974177 0.0348080759177897 0.09455433417482394 0.03288005397192184 0.02678550465504918
27 0.019941932160182658 0.04513238719280951 0.09412742176575646 0.04950950171247244 0.04089560581681884 0.05157395777781913 0.03348064122397217 0.09874813220091201 0.03655953770235901 0.05854854036334139 0.036913687007136736 0.05730390617472247 0.023648105185857145 0.03518810238546325 0.09580754718815813 0.05154877384265231 0.003976898730234202 0.0289664802315159 0.05782009568387494 0.0803087456539413
28 0.028616583593099997 0.038514962634095325 0.005132994215870619 0.01327885969193079 0.0007019340021420978 0.029837188270352713 0.059186395284720035 0.043625336901864036 0.08207059611528326 0.0028860110204765206 0.09853758762930083 0.10070838604196927 0.04726374179613262 0.06456243573357487 0.09520740628723105 0.0503852313361211 0.08517455520870594 0.04667722233263666 0.07601966577275225 0.03161290613174005
29 0.041541898792652715 0.08319245954712273 0.11150929555063566 0.019788152622625843 0.09454913985584457 0.02847177268744266 0.05480217523506264 0.02444831686524871 0.000645543840495671 0.010555217159206055 0.0045852644093400405 3.657574416545188e-05 0.07351470042922771 0.05360309949328527 0.09251340108333049 0.11276792577402746 0.08878152357164097 0.021595580462007376 0.06190288027193056 0.021195076604707163
30 0.07880458699227268 0.06166824480280807 0.06433312937377728 0.04963161869911001 0.07228727506006424 0.02098717404666853 0.04522153585689164 0.055102611445120825 0.018908311580477663 0.0769344069009684 0.009993241492511828 0.0740574059496295 0.005679784107298001 0.04250426430355102 0.07215578491908549 0.05872180082806576 0.017982217211187115 0.0709459599521957 0.07466556854087485 0.029415077937441466
31 0.07766760651136244 0.029391258388131693 0.08132580191104638 0.051285181886513154 0.05719841278793569 0.06137365070537529 0.07514482065304325 0.03234947396769876 0.027976690673853402 0.05187826280645732 0.07898573082148322 0.012835397279644759 0.004940780438097602 0.1013912453592021 0.07702869702493817 0.031043340286978607 0.09049591208304666 0.03414051398167082 0.014922153287075097 0.008625069146445499
32 0.027850427903478983 0.040422167685037314 0.048559566841130476 0.003009132454480186 0.03632108025522819 0.08096129170471528 0.09712687765132863 0.09799048329548637 0.024110517896229623 0.0893144043326489 0.006232236042527271 0.1049565000062932 0.036560635323262265 0.055756580028778674 0.044145253907495394 0.04725811987381101 0.02391829425141312 1.0424482437046913e-05 0.0640518063578406 0.0714441997063774
33 0.060306529309886496 0.03204532856708106 0.08320233323271768 0.07399754239900735 0.06145821107052538 0.009765300432510782 0.026372230483570822 0.043115530631459745 0.01995493070634561 0.06463328404907268 0.023628769046609103 0.04829933310627967 0.05592795372324514 0.027863769621406163 0.025620320199922126 0.0929826036450524 0.05251347692888943 0.07425195375828988 0.04780760366749213 0.07625299542063638
34 0.05116089667185083 0.026089894592967747 0.04447314058059145 0.022964506873044924 0.06885365796332972 0.058007397890799076 0.028707554544336992 0.07538826480103063 0.12075337729103738 0.027604622619725495 0.053400572494640135 0.005563027025689199 0.002753323252883418 0.08287735635205705 0.04406773810237269 0.07998548026981951 0.0425219192117137 0.07494896123746425 0.017044495017941603 0.07283381320670425
35 0.07909825715665396 0.08840690466659992 0.04632273384051186 0.009486643841754037 0.001244063060940247 0.027096597437104037 0.042715931288869816 0.0517060827304402 0.09470575398094318 0.021802878603195876 0.06968011119323396 0.01255702461009512 0.021580562837234554 0.012833268119950832 0.07282109026416439 0.09876508751415385 0.025421842192815673 0.07435695948231667 0.08911958733983776 0.06027861983918417
36 0.08214112411469937 0.0898778324712971 0.04540255493373198 0.03917647078780365 0.06403362718855746 0.06395249133969462 0.08269115410130692 0.043144455499153064 0.04467309570963738 0.017103514512533474 0.06718896923315787 0.032267661708024566 0.05750734314438307 0.05870304898989271 0.05931627349879908 0.007805003886298263 0.05239780340004888 0.05704557578713811 0.031568302647602194 0.004003697046240212
37 0.0433436940594004 0.03913166930513959 0.09154472645218613 0.07533708216178861 0.05799827493671302 0.0802030969185787 0.08071743353117539 0.07180991138190104 0.06598972581544682 0.0025496498712001617 0.00749655162618754 0.06689804455167712 0.030551569147578318 0.00796537205447272 0.022796762286094212 0.019084644037811415 0.08438866771625612 0.038050252268273285 0.07125187254917323 0.042890999328945884
38 0.028398261019392364 0.043187633521722314 0.108269961708427 0.004795218234812232 0.11007323076327036 0.05398216318032317 0.005973067120593102 0.07779092606008874 0.09563124015324978 0.03573243359166087 0.10399026575892353 0.016317334205404103 0.041602293346735236 0.08740358195427339 0.042899351711095574 0.042524480315971315 0.02859120315348102 0.0006870748492057998 0.006886836318215389 0.06526344303315472
39 0.006008408787225364 0.010849851865925764 0.09022481413323369 0.039100186859979603 0.024188993686943945 0.03175425988132387 0.08084798345003495 0.04008931970761808 0.06347971375509721 0.07166887896541595 0.027469180512798657 0.054356620679126215 0.021291958883771892 0.0872759526370358 0.10429954047321449 0.057220878883198927 0.04948940198658018 0.08571481224577189 0.02292067120852057 0.03174857139718278
40 0.04679579571999237 0.05589068863537931 0.019928106531950995 0.025439332479215364 0.01901709566455656 0.07607313812647234 0.040765167461733004 0.06995430237534189 0.001159902125365422 0.0651615900946724 0.04031447793000131 0.07179176564292376 0.02935073987117308 0.06254869758258198 0.04060120735508143 0.08051938466406748 0.05568414266859408 0.06570445020912097 0.0722171770255327 0.061082837836243443
41 0.05951061040857326 0.06911697608142978 0.043305306212229056 0.04841405982642552 0.04886825318730572 0.014277179587338026 0.028645598022916826 0.05358995925199339 0.01420150114497845 0.06896401985642842 0.06506131500197326 0.04731758511007587 0.07836965279304176 0.0665892758495894 0.03449356446662429 0.07837758076284485 0.05125515109886266 0.05019042747720761 0.011611028359680144 0.06784095550048162
42 0.02719168186193519 0.05650779268638247 0.04505254532042247 0.014659231641499904 0.002552365899700786 0.04046906325407737 0.055349029527891745 0.006731747974277011 0.07380478746396488 0.05008687853114742 0.0382289883320964 0.09398351673473453 0.09903255200415842 0.07253332537092036 0.08408463990663624 0.0010962484133817646 0.013037382523095926 0.05629344559604994 0.07453999769233619 0.09476477926529084
43 0.08810439301273158 0.01681897609463608 0.044660880173962005 0.06354245206248586 0.006260855635276133 0.01973105596758407 0.08451786337178166 0.07680628678419693 0.08263683550339701 0.03293222557261944 0.00749959526978558 0.07503218762749962 0.016558543716126372 0.04701910945237585 0.0055394704507395354 0.02369156648125094 0.07286481396485697 0.07064971606730172 0.07471509848057169 0.09041807431082094
44 0.01161302494305895 0.061191251126155595 0.05982682226090146 0.04242462814538885 0.07293017264441591 0.07910385565106154 0.001402385370074335 0.07156134488307923 0.06843639060632602 0.025241172856555825 0.052005096428149 0.028900912847755655 0.06135136750379713 0.010275218099494521 0.0776105795967011 0.06966143652683524 0.06892628257549371 0.03579357324478987 0.04499980710826233 0.056744677581703776
45 0.01706092672747227 0.006647971830802573 0.06492311850282823 0.027786675062943356 0.0715594966574713 0.06718420335256645 0.06541266557089727 0.010824331731449362 0.03530018948873449 0.06496801244501924 0.004846593512726386 0.09054831953515323 0.06930628029219744 0.05790833261773899 0.0583856141114976 0.028353327227430107 0.033006247012837484 0.06754574185837221 0.08265422240203917 0.07577773005982297
46 0.030702374291910507 0.068758460704402 0.0921944790143369 0.024942541216999844 0.02617234305408318 0.08185107854611602 0.021982465495118425 0.08827362641622433 0.08506279681971164 0.0568615138945552 0.09115336791810383 0.03444990019539779 0.018567702210977553 0.001575694389877099 0.023447573753044258 0.054445710194200664 0.037151860314481026 0.06330148542430629 0.09218658398568873 0.006918442160464596
47 0.0661662386937481 0.049767953204399404 0.04882190509993241 0.022067152344758173 0.049516935910786014 0.034164920849559806 0.05379525230373966 0.05775906447761304 0.07295914153072754 0.057652667190846316 0.0828344729617231 0.08340549479796194 0.04429248743621836 0.007345416467454165 0.08688328801634926 0.03281763993295856 0.026513006360525053 0.0653604089107059 0.0025045577577496314 0.055371995752243525
48 0.03684378309058573 0.076376179950824 0.04941626799983487 0.06968895086155696 0.06810232119528072 0.07273833853000104 0.008298153986671703 0.06745860594594358 0.02209386486586461 0.08432587798297331 0.060198305837993384 0.04697726740239403 0.05394832374060538 0.04231316126756399 0.05882242521355639 0.06460166984810359 0.00970972819367098 0.05828054062983778 0.02455980760403696 0.025246425852701156
49 0.02470616860534993 0.04052061276093039 0.05966636197518107 0.06689220597526868 0.02457711680301842 0.059740026985789986 0.06120795111709529 0.10464332018926475 0.005883885889034252 0.043550131010629434 0.07912627548247401 0.03593783632684303 0.015194652263547877 0.06393117083039578 0.07405455174441783 0.10382465724877912 0.006344806617415159 0.05262998700971662 0.05935799264139337 0.01821028852345507
50 0.080563656537079 0.011378591105174824 0.011783827202221996 0.034772065491142694 0.01545146405712191 0.07727232646194217 0.1136293660762898 0.005176592344772687 0.08050141009543234 0.09003611371909837 0.1170952200085201 0.09005418959550388 0.017643157885504867 0.01104027285116796 0.02061824613302942 0.04276887792668766 0.013282406967870284 0.0459426035127869 0.0022294457513879996 0.11876016627726507
51 0.05853508193701265 0.06906829231062646 0.032585245986924125 0.02093354412778765 0.05603887994040029 0.04337876348451571 0.09400372860264673 0.08127364565860576 0.060296960125267474 0.05454914254338004 0.09658163755347013 0.060415747541727995 0.013724342279598341 0.07029806817904169 0.059058918534632444 0.06552455408793395 0.03908666806620566 0.015700277235154814 0.005582475818164992 0.0033640259869033074
52 0.026052294388009635 0.061340939394970546 0.08001576150743754 0.06932005911738068 0.07553536306546339 0.027928044247983307 0.06876567013269996 0.03451200454374972 0.05142936181107733 0.0012512906647581356 0.06790727816490222 0.036449050575735484 0.022176502451951463 0.07432439732516204 0.08269916786346038 0.06717365208770415 0.05896613913912675 0.000759599204893668 0.029571531761645314 0.06382189255188842
53 0.020761529898623007 0.023764229110288655 0.041256994386020825 0.06104914497296825 0.0016478314236798564 0.031695500916677215 0.06814376789576178 0.03216799175323451 0.018412834862607915 0.08923456603679442 0.06974078690581896 0.043693351024888805 0.05714923777070945 0.028715231761066436 0.08761730273702291 0.04196242840877535 0.05591419641254945 0.08390084278827181 0.051330152130459855 0.09184207880378037
54 0.0009641134147892994 0.06527675544127243 0.048542283313581173 0.05206637908574137 0.07839897017073026 0.07663045471315738 0.008300214703578288 0.08893946329956867 0.05657076870408938 0.05353160339039416 0.006951596069476156 0.017087312296608644 0.053546814058497934 0.09009710677551448 0.07305401490805764 0.040564021925450264 0.076811047972507 0.0172511488969659 0.039169797170031814 0.05624613368998759
55 0.062062033674379534 0.011361260413450706 0.02438401979336071 0.0430502755333135 0.0002951224787730159 0.006369169966557212 0.09716101524303836 0.08981254020481737 0.10093678954134079 0.08543287869143472 0.07052707126217436 0.06703597705802575 0.04484923259527813 0.01172809861980209 0.08819844318796934 0.10370377417367803 0.007378653490047119 0.015112563089438218 0.02581128311634009 0.044789797866781056
56 0.06606706024515592 0.08333472363651694 0.08026443711017693 0.04448013266453114 0.019676103106598182 0.08375913755781489 0.020102231930394576 0.04132922317928636 0.043427194062625615 0.07518781604357082 0.04792188255208145 0.06549565767542243 0.00924972693830794 0.06997122323895195 0.0041262787844287795 0.07079168204116774 0.07042864429451691 0.009519503376097634 0.038262958029957536 0.056604383532396135
57 0.009077454807484089 0.013150101859478161 0.06950384087925604 0.0804816882605404 0.050291804270379936 0.07360815913653676 0.018208869744070103 0.08393840342533937 0.07937232754218869 0.030332299963305068 0.1019751971379769 0.04680701512940803 0.05544686555421351 0.05168853420351759 0.03709928629060293 0.05594388944538315 0.026720278679562993 0.05975136634748572 0.03826985638506166 0.018332760938208903
58 0.05716074561028229 0.06133692531107901 0.056304179474508394 0.07482744940974384 0.015506310540287747 0.06298548640166082 0.08002659224744384 0.08125817418424144 0.007559006819980666 0.06065206200265694 0.04285885942572699 0.05823144533245807 0.023323833581182597 0.06778220613994723 0.04275638569636828 0.07682623578805517 0.014051233491262716 0.061258135046489984 0.014220143872406235 0.041074589624217846
59 0.07209965432435585 0.04491435374949541 0.022959883209751987 0.07537512951108903 0.04432247385891985 0.10132930380413296 0.04190784143995671 0.003190347181002785 0.09563528792276765 0.011087385466994663 0.022566020675617086 0.08659170848036861 0.0063371951893999995 0.07807170475142604 0.034767437139765586 0.017966474504947084 0.016717520498717303 0.10140459384817853 0.02600989853317486 0.0967457859099381
60 0.019137523384974105 0.099578775529432 0.07105269894441935 0.04138952907048204 0.05083948795837662 0.050226195215077055 0.004275440445113977 0.0295502995928903 0.08058424778982705 0.05832218945850404 0.0797358164879547 0.04146327561955915 0.029621428391173075 0.02542601918942869 0.09221857644937703 0.0869628545571076 0.05239706464216397 0.05337811143197976 0.0016383355785551377 0.03220213026360425
61 0.04281478219178315 0.056382403663590396 0.005587162302598798 0.013203089502162991 0.09385722259162045 0.0835090967864299 0.0018237534398472227 0.026607636540657908 0.05115458477089848 0.030555847196683868 0.01770699990097652 0.04826574471634191 0.08045984054548591 0.094550667528899 0.07406330430857422 0.07137992443006487 0.09093405316342361 0.019556808239170782 0.028163093427515672 0.06942398475327445
62 0.055049209403206414 0.049812775962827766 0.09014721609588743 0.018485660850474015 0.0456992276182246 0.01820141616840655 0.0689287366063249 0.027193216555840255 0.0008240950493360658 0.03780042125471185 0.08495346357191255 0.01660190751951918 0.06212769870288982 0.044194129527562465 0.029274794485885037 0.06273974734394117 0.06285746659095441 0.09871225101142657 0.06577404070718193 0.060622524973486996
63 0.008462695918773732 0.06852255466833788 0.02020908722279642 0.07291782009010037 0.04975008842079074 0.04319584105868954 0.08654737236746778 0.061560555121133495 0.07598183266514698 0.043469625224447694 0.06479574739324494 0.03759409936464285 0.04616927060140132 0.0426122082250989 0.06513279523103527 0.039090134007905834 0.07354467270910794 0.03662694963721374 0.042583369289221316 0.021233280783443224
64 0.02880144984137254 0.056113215323545566 0.07641075372912992 0.07511007709063937 0.06875760626501565 0.018171485740532792 0.02026035519904674 0.03346336559687738 0.07118922284753952 0.07164885416653828 0.012438768609758684 0.01375278752595081 0.0396682582604888 0.04752872795500783 0.0532722020699006 0.07369962797134719 0.059123109426361356 0.05646809315680985 0.05799171421220617 0.06613032501193081
65 0.009064058130079595 0.07561156155706751 0.014539304732852325 0.00769640198927369 0.04482756755646495 0.03367543331289893 0.0277462787199196 0.06533139912093133 0.09225793390528496 0.03372714886723886 0.09738518053015094 0.08866023927724802 0.02230430746104013 0.09140615640286347 0.028460364375341756 0.056989079315667796 0.004596644769092734 0.08146056760664844 0.01830069103750903 0.10595968133242581
66 0.016307677410727514 0.07738353624346188 0.03865287205409551 0.07939854652594269 0.07159010026959914 0.014652382288326543 0.05065201680543508 0.046486134534957674 0.020850501191799067 0.0365983912726043 0.04203127860831448 0.02906211137138625 0.07792526658732057 0.026044467454490204 0.07754601404675499 0.08428020114522194 0.06324935413087988 0.0317906902988324 0.05480644650991362 0.06069201124993628
67 0.0005288138900452585 0.04777753187635368 0.016215840760960897 0.09100040993741954 0.003935935133883851 0.0565436700826311 0.08879223311764221 0.06443434151678211 0.07359931937023843 0.09363764514952906 0.07992990547305244 0.005516504521465363 0.0876644559261993 0.037670890029326935 0.05976109298794592 0.03610105582499394 0.05616719754771021 0.02491784109889098 0.012448913113054875 0.06335640264187392
68 0.012334659214573176 0.02942806233863777 0.02029642834552771 0.07203148848355036 0.08373829189123035 0.026474672557918248 0.017302818827939596 0.05215014775212303 0.013771390531180427 0.06982795700159698 0.0805513191453773 0.07645353532138938 0.049320474065103946 0.04000594311505313 0.08522962204456873 0.03713529585512626 0.07117063215285833 0.018953914937680696 0.08639807955891694 0.05742526685964763
69 0.07379184444446188 0.043971957631472415 0.02640201489973367 0.05691789013013693 0.014847743765957353 0.05093226413310343 0.06986726748111555 0.07413630344113463 0.04300309105821069 0.08064080973980707 0.024855392152194976 0.04317158573544583 0.0329001633705777 0.08038455207570798 0.0732430612030503 0.019005539298625154 0.028838754865547572 0.07899825396715128 0.019440250034162967 0.06465126057240261
70 0.03799086766352709 0.06810876925576928 0.028774894264987774 0.028121206629834725 0.08243767282984428 0.043050587823012146 0.044080154485608224 0.06783346983921947 0.04496791280598316 0.024502678723065077 0.06345193950762626 0.07959093689915421 0.014874416795266795 0.07222636446958998 0.03640138574563049 0.055733523787817096 0.01407325227700396 0.08569770159617529 0.053646081170491265 0.05443618343039319
71 0.0060050196952986445 0.07109774640932125 0.08325939459810917 0.08468950632677373 0.07551025801150914 0.08973266656060248 0.07959109673411544 0.033837391383491636 0.02807237802765916 0.04672945974584937 0.06635532322568832 0.0564124714069564 0.025584034967475914 0.04136562603622109 0.007679601545512278 0.016177512732734198 0.019306795889670207 0.08329269257999009 0.010794488982809526 0.07450653514021188
72 0.04682573510080943 0.014373968000991638 0.06702271582076512 0.0802531062976136 0.08130816673591022 0.08449978426892914 0.08663426243006574 0.010520635492672228 0.08165372710820262 0.07374230992796182 0.05953106950104212 0.03771469806515773 0.02001055274797712 0.00170861763771275 0.060568500509907156 0.018397607780147946 0.02553609873621951 0.03132983431900118 0.08097205954897067 0.03739654996994216
73 0.004581621926001525 0.06637906078807373 0.0900067525509531 0.033558869093843285 0.07256282112901669 0.08355776874272358 0.0007931047117923691 0.08427773406261425 0.05593822285683315 0.03615203032454656 0.053705807144442945 0.042203836889148964 0.06329241917964695 0.05851515937768965 0.039464971916315386 0.01796027240278623 0.059522535779522906 0.027441553484148364 0.08914773328123281 0.020937724358667704
74 0.05377755942393452 0.037582626540150536 0.07371703008806746 0.01552582877873439 0.08983883499651112 0.08360660612509825 0.032377536612420994 0.01577218369243212 0.008960115957044285 0.08413514353259326 0.07322738466829032 0.052768642415776335 0.010496838945731779 0.08096481600307458 0.004242018747161625 0.03789159621625325 0.038608503094966114 0.05447868940142928 0.06869579986935762 0.08333224489097227
75 0.055771870668451184 0.09450811720510965 0.04992802527166735 0.06471814361762626 0.029747579875176122 0.07500271146990471 0.09328355940983157 0.04670652598944368 0.041574382697162605 0.03078216280130913 0.02084815136641797 0.021322755950869944 0.06202397396999229 0.07537342749815568 0.03845564948994735 0.060184697462333854 0.007563488551860833 0.0021876033858357216 0.05780328009780292 0.0722138932211012
76 0.02420260933796232 0.03037517719956972 0.09607506197349801 0.04823082197249558 0.06992964078012598 0.07372588802174186 0.02418104804968247 0.011734129381160504 0.09713101908404684 0.0823192797032328 0.03827350088055511 0.07838660789502479 0.004203177285637951 0.04548481836155466 0.022616380525305912 0.07932112835573546 0.006458403307590777 0.08954552965580817 0.042552644448125 0.03525313378114627
77 0.08437200070340432 0.006168342385508514 0.0905686530849925 0.06496257420058739 0.011658675638254403 0.06243032794188906 0.0114884512177142 0.06096801775952633 0.07871648922096554 0.027695108829655066 0.01760317440672795 0.08167787438134226 0.02506424677888516 0.0497028214268792 0.06201312571053711 0.03022065522139863 0.06041680442767247 0.019784612299701066 0.08624382544002908 0.06824421892432966
78 0.018861875330362356 0.06466619778125664 0.06669942841735761 0.09979553793034897 0.049597180799967285 0.057804860137251994 0.042900285627306765 0.012679856642494792 0.09488537039204055 0.02436276867005805 0.00015964249206606467 0.09478043608743227 0.06347019076127101 0.03663721527878555 0.059733344014805116 0.022622303455895464 0.03394336520816339 0.05607383679697848 0.04809569083717643 0.052230613338981324
79 0.049859500356517164 0.07130634046449652 0.04933680445500773 0.05393915549205787 0.05923628422110807 0.06403598028143874 0.020704173981236168 0.07470761742210184 0.05100877976908733 0.04335956428770112 0.03850913259955019 0.07159189888566238 0.028613913796273285 0.03696185686175202 0.015074134287974944 0.08810663304328463 0.059758375286844564 0.013086277819487636 0.05427897464302119 0.05652460204539652
80 0.030792256382488007 0.07744966752189097 0.021164207565899994 0.011073172678773493 0.07713860216400191 0.0346646160832536 0.03678097286913941 0.08687707298725289 0.03522643098488075 0.07464851730837721 0.0515318939271701 0.07801133381060563 0.006616829051099641 0.012507708975147105 0.035541384689351925 0.0905373863671397 0.026984805789890973 0.09613708450217051 0.05654506072700513 0.05977099561446123
81 0.08565432395043006 0.01867804927600242 0.03291177642449187 0.07055841462530676 0.050044264455074844 0.06498647529837434 0.005427589201199395 0.0868125501421726 0.04586075997181707 0.026851845422750032 0.07935383143289111 0.07826033067960898 0.037034654177569806 0.047668973274048364 0.02910705610786168 0.08304386449519977 0.058757756958275016 0.0017513185141516084 0.08039049494640414 0.01684567064637029
82 0.09493833608792389 0.0026843495713980837 0.03787236233213825 0.0029749253311646072 0.0498312887596699 0.0701323593036223 0.03002109332992623 0.0207882136580073 0.09054815466956277 0.029803438821308845 0.045458776590514824 0.08682726340690686 0.0690149357889438 0.07933771824844311 0.07485772952334831 0.048485069313467945 0.017649067939031947 0.04473162329322936 0.09752935688111215 0.006513937150279457
83 0.0750576399490239 0.0780874946947036 0.044354507307144936 0.07609487298886529 0.06146526727025728 0.02566468335635396 0.041143552700034 0.03776157412036176 0.06446351732438334 0.055705305332543614 0.0762073642513839 0.0735537260741231 0.011969553838443569 0.04701144583842171 0.05427680714955421 0.047457025162248534 0.04130313839055223 0.03852473212335813 0.021192678889013505 0.028705113239229387
84 0.009516571787812027 0.019735848579824918 0.0289376420676739 0.047259247653259506 0.09934576876368532 0.08506678397418187 0.08085340737469594 0.11434800939562097 0.04890682448411976 0.05267366376919831 0.05815275185704946 0.06591049610004278 0.026625078431642524 0.0004296875017394191 0.008947729203585662 0.0055489561028242325 0.06577128496081534 0.06935542814501659 0.021460528337078077 0.09115429151013373
85 0.08185139657175991 0.05080790277193259 0.054939570336943536 0.06327946640579027 0.01688286019355479 0.030364206581848338 0.044202495430229805 0.06728366583985244 0.054822285318490274 0.07925147103411938 0.06691157934300004 0.013506802853438608 0.04866981308044174 0.056721425879604416 0.017080110539503257 0.07343130522199161 0.04966199329945165 0.014422837194086262 0.039425230131385464 0.07648358197257582
86 0.11205564999371749 0.047943079430633466 0.05583441389874084 0.06994514648999756 0.05088028955596089 0.04151530518809225 0.011277729836763355 0.006265119586530372 0.06707872717443897 0.05145044174659995 0.04156795745306226 0.03260398117273431 0.009025558699833524 0.05382084511707557 0.10614906696460268 0.010612004260365562 0.018356040851251906 0.024736232796060513 0.08452334034747386 0.10435906943606474
87 0.09478527417665689 0.09609507936441716 0.016432389228885687 0.022960196322383032 0.030425646020402132 0.04911242606210645 0.044413836203948766 0.07281155216894515 0.007793836704419222 0.03897707107468255 0.08363648269236662 0.09358853577922976 0.06415619781497581 0.003185682160687511 0.054858296615107924 0.09047649490608936 0.03481939165613381 0.022848754863793893 0.03457649267407477 0.04404636351069351
88 0.06303262714466867 0.02175149939583221 0.09501103896353544 0.08402777064919753 0.006489435857981954 0.0637730206032961 0.06589114455094626 0.005688121418387572 0.004376400816248641 0.12600519291209375 0.08259055850324613 0.04214983488661961 0.026458102000330903 0.06683638653056664 0.0712555910830353 0.12133050135475575 0.007718402252138055 0.011239871772636809 0.022696707217365393 0.0116777920871172
89 0.01448626802413155 0.016367333709952064 0.005415006513206484 0.10883025047122687 0.0946939108878606 0.08195275770702684 0.10285923273517047 0.08825901792451946 0.09948949430379891 0.03645334421193339 0.1141871679698961 0.016423807477485914 0.02128034889896087 0.01971249655289178 0.02060836569033928 0.02902019906625905 0.04190951889089038 0.0035473918665084934 0.026318524375162192 0.05818556272277917
90 0.022605235848630643 0.008638859038120106 0.009845413460678014 0.001121267727333531 0.028973468426771783 0.020583011762689375 0.0771247516357871 0.0699208648955733 0.08193996376049066 0.027693312653824943 0.05794572004796858 0.03593959740641476 0.05365559352077591 0.11485184771421626 0.08172549400659895 0.04810671852436325 0.045278414234557085 0.07043349696668356 0.08827150011680517 0.055345468251716996
91 0.04719713704499255 0.01783605429355901 0.06462800521909343 0.04696600209847606 0.07793486534655587 0.09014768559834092 0.04197244456009466 0.07114392020341921 0.06580296254860092 0.0412654130290864 0.024121604787275826 0.044499771884380625 0.044502767595680545 0.07595365069217269 0.02642680846287628 0.035143564901426304 0.07151743927401469 0.01262758402692654 0.021793979494895543 0.07851833893813168
92 0.07687145889481763 0.04399345316169131 0.02434821173035931 0.039942066588854276 0.04473989744882482 0.009199571804315148 0.04080079619774409 0.07836093247425815 0.09812936151942535 0.07002124314804094 0.005505859348344324 0.06693571616469031 0.04878199207763902 0.06477389416938947 0.046282470829519896 0.027611440015143186 0.06333363477170807 0.06279972711634237 0.03514070529794208 0.05242756724095
93 0.005053226807889447 0.04589036313897885 0.01147200157163479 0.03710885496796986 0.05939230218168523 0.06153343354424967 0.05771093930499989 0.011345497709266409 0.07291650027506229 0.07471853800780737 0.055930536364756867 0.019461252559854526 0.015426114607660557 0.07160459576397481 0.04105439385240431 0.09517769186947767 0.06434142193160589 0.07311537416200949 0.048303382380307354 0.0784435789984048
94 0.04760542406889299 0.028650777914416864 0.06258511260505151 0.0017764847953468752 0.011319585348149514 0.10079352956570067 0.06160378890433746 0.10923017870265252 0.047999986726988075 0.0012587854632307072 0.010259998449022392 0.04364529934383179 0.029751703010909437 0.05685619620726242 0.10655394222183352 0.05491056940312939 0.08464779369977941 0.012016284202064915 0.10580217532968732 0.022732384037712352
95 0.004202940347578711 0.06506850972316207 0.07731926815028058 0.026605438411086934 0.04222168590390454 0.056139568686306464 0.06136191066485029 0.025799327231238973 0.06935155165722938 0.029219270298401136 0.04820991441549689 0.077187748112806 0.028808890109317555 0.05204600299678863 0.10259021621685006 0.07523919209747863 0.012570341125491642 0.11598497799707141 0.012671193708148717 0.017402052146511374
96 0.05032214653305262 0.06883549809752733 0.05858890418352628 0.07105914628949236 0.05116342373533832 0.016919557972224487 0.02019135612369317 0.07282410512078595 0.015812976241980733 0.08239903188727668 0.043379301597081726 0.05891993696209585 0.060287457378197205 0.07684286988464147 0.06445108482327556 0.06306144360586578 0.03417346666244639 0.02855008618182847 0.051015269014527485 0.011202937705142172
