0 0.007831371472673434 0.027089667741815676 0.03717671997761248 0.06042191253213603 0.03731469258172866 0.013867015627883568 0.07742503652521733 0.05760342196470589 0.07593265851430922 0.012098000180809195 0.07593129892210955 0.04615050608745241 0.027556537025962908 0.06416449429781375 0.07667170152793883 0.08146308771040624 0.06347213707331262 0.06980256870589255 0.00770787516088854 0.08031929636933113
1 0.03573471510944259 0.09991457500032874 0.018197710977705298 0.03274109586568725 0.06785104958194495 0.017315284816407584 0.009546279963468511 0.004353702608250588 0.009020676121574393 0.06774820497907441 0.09335801085887768 0.04102555805779343 0.05743993123192001 0.052049278327039816 0.03763719116006997 0.024695322720815597 0.09365902138256324 0.08150874698948858 0.05928843517074912 0.09691520907679843
2 0.0574593695884455 0.009410125481325199 0.013959073351793557 0.01968261044727874 0.061261709736639025 0.053171069707465206 0.08535506231530193 0.07237608154711836 0.005099164482245472 0.026141897377538165 0.09321729527484764 0.08308446784554897 0.038008746718154456 0.06409684229623792 0.034790745611508626 0.08179593206729853 0.04042454899819687 0.00617579154837161 0.061973209295132656 0.09251625630955153
3 0.07443931177007242 0.03257595185221824 0.08578860971422997 0.07201387355084483 0.023935209851403596 0.03387250825449754 0.010124735483454654 0.021600512169352735 0.0676897935514786 0.07583058182125374 0.06404621934147235 0.023891764069486794 0.047496101481150015 0.03516146622591105 0.07844853182163722 0.08898360316116488 0.07505603471989271 0.026142144657839185 0.024203732468108686 0.03869931403453099
4 0.08691082128705822 0.0850339318250234 0.02514027801283802 0.08920326371204114 0.05143942771757048 0.030690487537503856 0.03174557702466226 0.031890002686675155 0.028298161964865093 0.0466083923963867 0.007092677542263217 0.07547372515561702 0.021392263726070504 0.061005743280293616 0.07208318762857878 0.03168290809355787 0.08246114097015349 0.07345271281392068 0.026523845833075363 0.04187145079184521
5 0.03477808863633237 0.0031622808114806127 0.07441051433499642 0.003138586708529905 0.056523674773195795 0.08123133183954288 0.018441553701065518 0.04263989701315194 0.018452791925275984 0.06812695949274797 0.0770781311758328 0.06590861479162685 0.028139595202054796 0.08407117838656554 0.05961238688578626 0.031820007042282154 0.035381384625453406 0.07532554124213851 0.0841873360850812 0.05757014532685928
6 0.05620206085484366 0.06680601775201063 0.04426190935340881 0.002769764664421134 0.042375291747752945 0.01700455059496709 0.062322071525847726 0.058996265487164364 0.02030474301166655 0.09521239764775788 0.058163257383764835 0.06275528564045765 0.03441595166739561 0.013273821548982389 0.037799691003444845 0.023485385107265118 0.07129395293980056 0.08824718715564243 0.07646181847514011 0.06784857643826567
7 0.023210976922602627 0.023699514593971262 0.06803771667050106 0.06903345314218653 0.03440391839306029 0.040503077757358334 0.011910691392451688 0.09501075089507302 0.026241061572533315 0.11081921583606033 0.05838884975585391 0.07388924779351477 0.07321058415953521 0.010035589063838222 0.020965289829389167 0.0249713268580714 0.07731607374891028 0.0015756844997945633 0.06841970483446339 0.08835727228083075
8 0.046963502305472186 0.0886260808167086 0.016798448355640403 0.05832441965093348 0.0032189431245028327 0.02268953275739296 0.05835142599752454 0.06986645249331191 0.0962600192537947 0.0049565026664687845 0.03305601258329326 0.04210819579482616 0.08491873865342855 0.08138183582252013 0.01226278986618008 0.03513726833565738 0.11201352064877283 0.009932508295547805 0.1064814822058387 0.016652320372184583
9 0.06287875904258934 0.08528196875693407 0.027784714696159875 0.04327895647916471 0.041476421107385315 0.006780400776204233 0.09682890257454903 0.014125479889455825 0.09915783043895084 0.07320751474935813 0.07128097766247521 0.02609751078038197 0.02143628454283432 0.018944811779640882 0.021151327536242246 0.03187548032976269 0.0737575621513225 0.03221460486158207 0.06699430632271891 0.08544618552228794
10 0.001022206405680699 0.05128555348500037 0.013643405295318146 0.05069063741342394 0.045063774037738445 0.011258968292686937 0.021139604176007767 0.06807792616202854 0.01989634358551203 0.04793241019247865 0.1255585223289613 0.05231951679913509 0.13639324592216626 0.03349389938660804 0.06093565240088689 0.05099152991254318 0.01749842280740661 0.004052980710090345 0.04898605315137691 0.13975934753494976
11 0.07671495676308432 0.07604944807501095 0.05968183907429247 0.07048885458871343 0.0303338853259694 0.033768705002120744 0.006026800939222352 0.08225191806923775 0.08519259976820351 0.05718033400936219 0.02080978043891758 0.04324538514432527 0.02648560025789549 0.08866267775795887 0.04000131781523805 0.027798245247075287 0.05990221002374684 0.04590791392874333 0.019314836003856112 0.0501826917670262
12 0.10701508086547916 0.013263500021423 0.07520982321892437 0.005697767448360067 0.009372670162088596 0.10310516224658232 0.06998322890504317 0.07090087977320861 0.03161209785030173 0.05980388672116863 0.06549669125449763 0.060861088198480726 0.052761256743419645 0.04558218811882674 0.015223051354334514 0.029345128010525988 0.08084026734938082 0.08655484203295988 0.010327969880291717 0.0070434198447026685
13 0.07114383195874237 0.06581122546483809 0.04510083008827443 0.02928174393483546 0.03383128865356305 0.011686105915999254 0.018211052557594812 0.020759882438670326 0.0851292927987328 0.09217401439955862 0.11366073252807157 0.019361065880635128 0.014969697744514412 0.046179659512275165 0.06266720107833965 0.1282989966809646 0.03812557735910531 0.041183406802316275 0.012736357642926818 0.04968803656004203
14 0.06667540152938273 0.007254991788945229 0.050157479106398645 0.02026903326216676 0.007028902626348201 0.05022781003532628 0.08774536499292662 0.03910695218927514 0.037260700699862724 0.016706251107784446 0.04849188849742031 0.07496584443160921 0.06911134436796433 0.06180108058236665 0.08753857586144184 0.034282654944771576 0.06609957887017907 0.07570498008481795 0.016424656881028354 0.08314650813998382
15 0.10155156645190457 0.021446997726848535 0.04877755645852621 0.015437533944162654 0.064797668405196 0.005226452721497904 0.01278611304701495 0.09636709088719739 0.1077154201283285 0.07224777629312257 0.09283296520243303 0.07380572005506943 0.032689571499816904 0.016293410532456358 0.001020519033379398 0.10232147015263948 0.016301942328296203 0.01317302786795634 0.05664220775074377 0.04856498951340982
16 0.022554131916866837 0.04138492076459677 0.06876728983852773 0.06554702912356522 0.05306282262992861 0.034355711202868094 0.052066743399744105 0.046440286171464104 0.047573982503501984 0.07877636854018134 0.049506648529323724 0.07623824879852047 0.03594481220193166 0.076296647581995 0.07150345423625337 0.054494255403517836 0.06659333041460973 0.0038671375218991455 0.016769135043391482 0.0382570441773127
17 0.07717091177077634 0.09824236677724314 0.01738424390095113 0.031015867399715964 0.05733040127908559 0.03549207922110517 0.009923723008201428 0.03839588090786144 0.065231470747711 0.043740564309337836 0.0524120717059071 0.0441378799353892 0.02802367651805184 0.06581621827794681 0.11243385273976589 0.04221022319912558 0.02372024869076717 0.10544609315912218 0.0004427439194204206 0.05142948253251461
18 0.01730637995858622 0.0695266493720889 0.016416684120337484 0.0010489897512162762 0.08580256431357844 0.05222488942558286 0.025450176225327276 0.10078878384497042 0.022048679752544546 0.01844578196680468 0.07900577342622743 0.08364374119486488 0.0902436604474934 0.013702268308373138 0.007958528470174824 0.051875315048465875 0.09834165740236311 0.04652848869704434 0.04386962310367336 0.07577136517028252
19 0.02060261542134216 0.0812701248239569 0.034321299086553944 0.032815845793820096 9.846380222984249e-05 0.06231900443660614 0.0842727201756356 0.07215113200508844 0.05982502603619324 0.018434956876259952 0.016157848836496833 0.019027871803541953 0.03593025147194434 0.08245640425470573 0.06149674144923256 0.06463791008465897 0.08153202758839452 0.0708883785463259 0.03640241747531111 0.06535896003170169
20 0.06067140487270016 0.034984863462191214 0.0027606250537799784 0.06969382555242849 0.02840985252113028 0.06567950531307655 0.07591001441501279 0.011557402443182676 0.06065470154950547 0.02082525454758698 0.012251647945569025 0.04291424106490225 0.09386012223555712 0.10585823404806864 0.11035044066701771 0.01524983611627559 0.07823799211484932 0.007348697707193311 0.006092175215928789 0.0966891631540435
21 0.008445502163927492 0.036562913762332956 0.02558805103916862 0.07899281628457042 0.10207056964615374 0.024519435523200635 0.0887844909587728 0.11170222335162203 0.012549051642250822 0.10742303409816259 0.018656056945842298 0.011878665193783127 0.017283228366858513 0.006539168012777443 0.05300771170910229 0.015773843735487653 0.07279757523151972 0.10054060752600032 0.054832732488881535 0.052052322319585086
22 0.058203764151048644 0.025736908021235162 0.08149421826545869 0.05087106893499891 0.08508162689465826 0.010478865711244373 0.05192193994028008 0.08491609490089887 0.04140631109474914 0.09160920501912713 0.020988784142180444 0.062188859702532066 0.06996878303222066 0.011008856401151906 0.005779466101729163 0.05440906184331338 0.017005244157395735 0.04960773799918865 0.026091040830926716 0.10123216285566189
23 0.0650894050281837 0.060685942950353046 0.020985926455184694 0.08569600103207638 0.05079227784224095 0.06336763785006708 0.006544062744145521 0.08100387986650533 0.04184339651734188 0.07087492666288256 0.08997978730525802 0.01873166632216384 0.0801908774989706 0.04043284190995476 0.022010703066343843 0.0442185448484337 0.02934191174993765 0.03090974107905716 0.05147211558493974 0.04582835368595941
24 0.09101189578220195 0.017366208292393027 0.043631878294836515 0.017222795380454847 0.0021169392642713196 0.02477131621975053 0.04989458340742018 0.06863653356924462 0.01642430122913598 0.02807324245429762 0.014666283715792039 0.032760049086422424 0.09005949324764095 0.0923399193480575 0.08775919143829397 0.10341053646386657 0.054130302110784075 0.09911306909268146 0.010901507361859053 0.05570995424059531
25 0.10538284983303572 0.019076202073252294 0.1004994043552946 0.030552956516494253 0.03375837702178291 0.061957660885429894 0.002513092125235518 0.07769732796018106 0.07146906565694533 0.052928615619804886 0.019989572186163887 0.10691533232692171 0.006075290344585148 0.03285043681327663 0.045411603379354445 0.02206539372689558 0.015178554452857275 0.08807077300488869 0.10162842766859244 0.005979064049007872
26 0.10514370272093086 0.07440079637172521 0.07700236455634497 0.09323043785868354 0.08643637815735032 0.015738992773535715 0.09410191109298223 0.042596676426345084 0.07636323945045942 0.06394213082549047 0.08076051478195202 0.0013144904814222037 0.04039314922931022 0.0037523972620387646 0.012545567907551208 0.03352020947871757 0.014108159206926834 0.021626129038379155 0.014047124572196064 0.04897562780765808
27 0.03303331275801478 0.05562467647876499 0.01823085808320721 0.026570387941586553 0.07557477829370554 0.09161305722848388 0.07199049504396626 0.08551527004680122 0.08374763558059589 0.004682415224610094 0.040354777700556205 0.08877655334247807 0.004489349480448638 0.08412290039835014 0.09928735979581158 0.07175299921642915 0.02487057634275808 0.006889683972745077 0.0185219816572089 0.014350931413477805
28 0.03377408803247028 0.011086280260096603 0.017003712344431685 0.028483122203578074 0.06170269318904433 0.04451535805741183 0.08385494982317232 0.006114300523729829 0.03608231011886401 0.04082835420428758 0.08729413955043244 0.11075009226722062 0.1077647998665735 0.030870951862304336 0.04931292393706634 0.1030832898728293 0.04585395443740352 0.00012781078539008406 0.09503103590996224 0.006465832753731165
29 0.08096300587385527 0.01460991819227735 0.06812213384749098 0.04499897353756339 0.08437359221879699 0.01563596414235045 0.09201209626313075 0.01053528229072719 0.08447046201444328 0.0003956443963455509 0.04804563236177927 0.0002919748808680088 0.07606819493943784 0.07100199583306162 0.02119160715253224 0.03452877091939473 0.014823825513131486 0.06311161592450783 0.0826583603679951 0.09216094933031066
30 0.05236253715523999 0.025470024105076573 0.0016095604969299415 0.08085992754497005 0.04236469639152414 0.03549673768824579 0.040036609367251653 0.058894589568432014 0.0034455384170052504 0.06374565583741225 0.013165849181829233 0.04203107746929154 0.06213887069263756 0.06237308870762705 0.09291697255862497 0.08688207231579426 0.053788963358360815 0.08938597181492755 0.04229534450582084 0.05073591282299852
31 0.08351227093194617 0.043529355066278655 0.018673339562977193 0.095068753598244 0.07527410731273161 0.04493912165554214 0.03211414628729915 0.02679423351787162 0.06336558767874247 0.0018169842742967919 0.09956191200434379 0.0793019063723469 0.023680623931664594 0.04172491152562288 0.09097548424503923 0.08177780299437769 0.014702344855224033 0.010465611812271054 0.034902021678383736 0.037819480694796376
32 0.05116951156507808 0.027027077559262928 0.0598079566867691 0.0186962329653032 0.07114449876535282 0.0016694541169980802 0.06558080321292763 0.02368573007045315 0.07054965374878099 0.08117506094787322 0.041494751541642866 0.015697346256295295 0.04261305959637091 0.06628410314452467 0.042526887554123455 0.07319278449641103 0.03887118154932901 0.03289277052194301 0.09619136172126046 0.0797297739793002
33 0.07120952690941283 0.003962364341338352 0.011627745520830223 0.041290688021642014 0.0409962366963282 0.07820612102665479 0.01796288933148785 0.08614234593288574 0.018012968601562086 0.017024988370705808 0.04494074194815598 0.08105856246994946 0.09634323215102455 0.08561282844711034 0.02008854726603294 0.023685865204285804 0.0601981660992974 0.022931366091912816 0.08523960763610788 0.09346520793327498
34 0.0063933375167346505 0.09376677088306126 0.0703511712471583 0.07063954145535868 0.0343751622759782 0.011322704000724873 0.03477515441524609 0.02105197992047914 0.07881133732770543 0.0067778856025340764 0.004331317363783733 0.02527760902893645 0.09431036782602391 0.09600713148918606 0.007624267272937174 0.08832579334887289 0.03842298549542474 0.08636062745983637 0.09582478876788038 0.0352500673021376
35 0.03219262116180464 0.0799721469490907 0.05379911451521966 0.053791754876300536 0.07987723791009889 0.03048682395862874 0.0553291921257988 0.07995780986076063 0.07551159496385076 0.05079298162711684 0.07962343294996133 0.0007875496215590553 0.0485401498967137 0.04328436297172985 0.07919143139387876 0.0037835319071511547 0.054229934576751675 0.048021531451687006 0.04037978240277853 0.010447014879118638
36 0.02982176993116766 0.02528230265217823 0.07877620034498564 0.0386312727296285 0.08043455930548711 0.022991927058960207 0.053900736596353506 0.0262703504008788 0.04410393429985051 0.04481647688738297 0.02018445553019746 0.07512087834808011 0.06620475647592045 0.09469768776260386 0.004625059038629586 0.009138733291239244 0.09672658582383932 0.09037641391664966 0.05514517703719957 0.04275072256876764
37 0.08331290440730751 0.05785701124669012 0.026554637096403697 0.03956588434819374 0.07294232990963341 0.05853823137089639 0.06017446870255406 0.058814913106362436 0.030369866324536143 0.049144057096988394 0.03786785837509839 0.0014902940722791441 0.05818106314513662 0.042196996061872175 0.06941885332445707 0.014812119573037652 0.08480610028481587 0.055060191527790174 0.07898827040890391 0.019903949617043105
38 0.015751524391533635 0.0681437452503602 0.04992452295096839 0.04839756421309079 0.07295552187491114 0.04289576309150406 0.03045605207827209 0.040669647123297306 0.06069782655852256 0.03310653988020669 0.072049336387241 0.058369971517782206 0.08651739570961717 0.05548255741713799 0.082550193678539 0.026138070739100912 0.025066544638789084 0.03928465372386879 0.05876199104052671 0.0327805777347302
39 0.029230893926131592 0.023983379643506383 0.0035829529509851313 0.09550119380109072 0.011298773331183853 0.09065052610763875 0.10677161146580792 0.008950052705568728 0.006846274032709143 0.045938785037176424 0.043003864470564236 0.03988249945377609 0.1141984106845055 0.10848167438479425 0.025220368262396434 0.019967967129579826 0.027131081525452218 0.0858770899841641 0.10408375300255493 0.009398848100413597
40 0.07715921436280242 0.06630568322230172 0.03056272752211331 0.03464743353819034 0.06502086318996238 0.033124391726281906 0.0923076379764742 0.0007482634211866813 0.056208526420599585 0.037065781709931994 0.06734559299442344 0.05680418774796067 0.0843817946525218 0.053662136758336275 0.05021706852111876 0.03452613931681642 0.0009719297500198883 0.0341423900567725 0.04690033266863277 0.07789790444355305
41 0.0472558751120361 0.06221613993639381 0.034289708088782296 0.039419974675804985 0.0809779364468709 0.041181266587616144 0.07795332567078872 0.09148748754995067 0.06647208859903624 0.014792603010758826 0.054553857938727836 0.01739858054805684 0.05716752077974904 0.004559721198313721 0.07604108659521353 0.029017669535114626 0.024686137402512846 0.06232126400056122 0.044444764467023785 0.07376299185668767
42 0.0776398995637042 0.0696031969237377 0.01860315711490993 0.03707046429578263 0.06386894118377322 0.03195949424471182 0.08900822532660492 0.05780317246392789 0.061481252013024505 0.03911321886729003 0.04962154926932908 0.013400833608243538 0.008500659556079886 0.07083275373496131 0.08313380582507049 0.05428589797662206 0.08852302253669626 0.03284221494096373 0.037300267212942786 0.015407973341624075
43 0.08815050158013198 0.09546885365969028 0.04515397922329689 0.013647680707837128 0.051634198232736156 0.05485809748971381 0.043116573700252354 0.09715454886757571 0.00976327850721144 0.04540335046878138 0.05600672718536831 0.0639546184659939 0.005532990106905064 0.0018781131796086425 0.021975955871622436 0.07805959630621735 0.07931436748483688 0.07949658766842621 0.037341507736447815 0.032088473557346245
44 0.02638811077191526 0.01819110625344018 0.02379016895399361 0.06721459292299979 0.0005174507984715874 0.09091044602062465 0.11732383336070232 0.004197378262216623 0.11024695216460818 0.11641728437042635 0.022699517425322623 0.02252514620648803 0.043494327263729204 0.0013310355895507107 0.023705025967321453 0.002237697880680311 0.10136242675032384 0.09141472753747028 0.0956470380072424 0.020385733492472607
45 0.06794114421039353 0.051817367664639034 0.03859810188446264 0.04127956682344037 0.02740118658233844 0.08604017773639916 0.07250279409266362 0.0789257316781482 0.02855691036856537 0.03292924916393356 0.08660750033781027 0.07982385492476976 0.05501279513660831 0.012804114733794182 0.006991913160298621 0.044325699053431214 0.026469251310829164 0.0693718751926466 0.0823561007724502 0.010244665172377623
46 0.040252759790848754 0.05586865279442603 0.03011844760719366 0.07522499331303782 0.07766678758914251 0.07925614577687011 0.01695081134035982 0.005321491544978889 0.04163977500421491 0.02208833871375745 0.007041493664938762 0.045337942711007606 0.0493678458589277 0.07108833571254676 0.07981438403357237 0.07033351473969351 0.04512101613810735 0.03900969258838302 0.07726024101506897 0.07123733006292404
47 0.021319080854156486 0.0959257409591442 0.08087958049071967 0.041671106883670074 0.07583573131315904 0.08289741635577032 0.028927169369392675 0.05750234902937049 0.0489402817933633 0.001495889395278051 0.04048723102987167 0.04632586841126575 0.058748308641796074 0.06872886573387811 0.060116371116231235 0.04874482442791018 0.05549195975925991 0.03509444836809906 0.00011255886098001751 0.05075521720668358
48 0.05259673955201791 0.06518997992641956 0.061171640880603124 0.07928619907857302 0.03224517904105653 0.08288652148275437 0.059859974800505415 0.05380343220324675 0.011610399822256475 0.06162666220801513 0.0035310596194835695 0.010789857227709254 0.05898397114780215 0.0208071142553489 0.08935574072213953 0.08203787963540926 0.032495909390691996 0.03216988385978009 0.0411333096956089 0.06841854545057784
49 0.07638014720877738 0.045615662230355965 0.02500836789645488 0.053097579165571465 0.053471682694739606 0.08413171077688432 0.04183663186817899 0.02193120879558924 0.038335904923475224 0.03618677552832037 0.03834198578275272 0.04857898892893454 0.057935682212882034 0.06895011390425151 0.07272877855127098 0.08011631797047995 0.02069950298719591 0.02188327263572677 0.05344745201391735 0.06132223392424086
50 0.07074567507284844 0.04413156996720431 0.018894951039101812 0.03549311035286388 0.00751902745023937 0.08999791613953427 0.04389624888391993 0.08730000677077805 0.04315484529032098 0.004280819577332367 0.00241308546194788 0.04945441642188402 0.03356117773141609 0.019223520229549394 0.09777834308913974 0.09814595810510546 0.08123795045590054 0.0021837429997470406 0.06290807076035622 0.1076795642008101
51 0.07217495932996136 0.0843273637619641 0.09130504118864108 0.06818562079976585 0.012488768952836809 0.02988291472409753 0.022114407299980977 0.03594941172580832 0.06335194246207063 0.02821504647746586 0.04958028788110892 0.020686281433668033 0.01713540580866779 0.08788461869290276 0.08606958482047093 0.027817914826936824 0.04290761698354484 0.022808554416697126 0.04935443157964268 0.0877598268337676
52 0.09239966573048877 0.07310776009406382 0.011666519548132148 0.01643964278380834 0.07347199593993259 0.07548721244176829 0.05135273428202013 0.023348874269256376 0.0808412695710111 0.019750320751860024 0.07423890742999674 0.0899760282150111 0.05404773023010118 0.047723078174782885 0.035498297082692094 0.032955958593397325 0.08565488298527903 0.041718397728611724 0.0015576009167296383 0.018763123231056653
53 0.027116332468066662 0.03087151177021484 0.01836599120545582 0.005659271966754793 0.07993872861227848 0.09935692131892224 0.08070305837327481 0.007172870556825592 0.04262188297803675 0.08637881321923799 0.09690389112551795 0.07998153765566109 0.05127365246697708 0.02146747094877613 0.09008706454746172 0.04263395892321845 0.040722904691314635 0.0037574763911055347 0.01670227180908409 0.07828438897181553
54 0.04430786027918616 0.049538816490506433 0.06796097078048235 0.029324505538736948 0.021232486267122982 0.045263961673956715 0.07243775857339152 0.08816757487316898 0.10079899688034175 0.05021195328377926 0.03757408691105332 0.01069357387893202 0.06838766016546717 0.05009825426050502 0.06954243393544786 0.0029595600918348357 0.0036844065395009317 0.031792521056975304 0.06844983191347205 0.08757278660613846
55 0.06124708455325659 0.028264908659240487 0.054706099304577455 0.06519335956889107 0.057810080331252976 0.039383837812864475 0.02856439358312206 0.0792415454029415 0.041912225680193274 0.011670472345486778 0.022744900459762612 0.06473936571407272 0.02358094226995792 0.0569881209776991 0.04481858231961728 0.045584843206988974 0.08246468715024842 0.039406835047624496 0.06848489504231794 0.08319282056988367
56 0.02786348396659043 0.038238073593646796 0.0480255142305386 0.09072883193124985 0.04158185044005342 0.08633413058285566 0.05093605568891197 0.037859944856689885 0.017514781934588802 0.07197496344104773 0.07771200395091514 0.012540573488105076 0.06938822963393802 0.033236190527278005 0.01937710750215373 0.05092473043694987 0.04104515122851916 0.07008592998288138 0.05750314080401988 0.05712931177906635
57 0.10106611983701771 0.02174944445641042 0.0008329306875222142 0.09344295858596705 0.09909542029414338 0.06863673605931563 0.000949096291343277 0.07584985661797586 0.04215021421723248 0.07710786260202623 0.009153618228397636 0.06695161872222653 0.025642656884785068 0.06229731326105425 0.078776431172565 0.008456429638996942 0.005870345804555863 0.09960551058302157 0.007373077293379818 0.05499235876206313
58 0.035028252708258975 0.05123183100579094 0.015697089567443066 0.07905707481041004 0.09818301570464856 0.04908140257713465 0.08688167860365348 0.01729918270899858 0.012573861632574089 0.021836878397098552 0.06413739935074206 0.1087868419533115 0.039255505160035044 0.001308220187525226 0.0737413992402369 0.03222669223999811 0.04804471197565235 0.09234347415110347 0.07251305199179402 0.0007724360335903992
59 0.07401309820863831 0.04577623272897181 0.07338865147632082 0.03351921003638789 0.061894339938142064 0.06174009890686487 0.05401024149319099 0.03936945412077874 0.06391375632506736 0.02050170132101165 0.02403076938133822 0.06808373711432425 0.04394431069731627 0.07128030945844388 0.050491591037299825 0.046614677875831845 0.03218105976455365 0.04007028321214669 0.05288535140588094 0.04229112549749005
60 0.0024718765175188173 0.052964604427485754 0.10530168394332588 0.060846791254875174 0.015327394142244138 0.013782220671964378 0.060566289917174644 0.03197249141386314 0.05569723571875452 0.10200610072983898 0.10323372738002334 0.036010042633726175 0.014925113325374627 0.09323548295687256 0.011712138013091122 0.08390211759153898 0.020423933135106494 0.02556996104188741 0.08180228355870565 0.028248511626628087
61 0.07023120300986302 0.07983502474116966 0.008578066705443673 0.05387642886957343 0.018919964706478488 0.02667679767666413 0.024286126552900588 0.03807654233991632 0.033206663899778895 0.07723078332559513 0.0808382851995958 0.009960416733221945 0.04263057770675175 0.06468218558698527 0.0415517281782432 0.03527560168338615 0.08061816963673725 0.05976674859976245 0.0787358742515007 0.07502281059643204
62 0.011136883063340946 0.052930814790342895 0.009606594007866958 0.04418035904188554 0.09727690681433888 0.06406395891364405 0.10154331240931487 0.021574177662813866 0.09332367340186215 0.05082256900236986 0.03985049743703919 0.05043734696780997 0.042506405681215276 0.005277599244281598 0.009570286651031497 0.06298751188949944 0.017624023984908553 0.08718067693294358 0.10962043099143738 0.02848597111205348
63 0.055949289171587396 0.013593947716698447 0.010236997887324947 0.060641896412547726 0.07324048878176595 0.027306483642848333 0.09021467601255877 0.08434808430903684 0.0566347477911489 0.08373976964870493 0.05059565441985573 0.09116081733257535 0.017801485012398987 0.044081377234844565 0.0025860842062171412 0.05705920335747231 0.014876178037889841 0.08522814062505919 0.04074246264745437 0.03996221575201037
64 0.018439727279269486 0.007234656997106418 0.06900720520736181 0.05320719119427997 0.10715169765511995 0.043558614859200734 0.00114397102014838 0.007789578326852416 0.057254199075082356 0.10184377765976108 0.05357421324601436 0.0040558524126850645 0.0608100478660761 0.03159416567991253 0.009032429551485982 0.030964704941708058 0.08605980423255118 0.09403730597740366 0.10772513770941704 0.05551571910856356
65 0.0018615714241577556 0.10455306852826127 0.07896144617779906 0.007545421353840042 0.058743738324951354 0.05323305491585825 0.01060714404832293 0.04621217691446075 0.07794576229705259 0.012208745705095399 0.08451600481541424 0.009177943069597622 0.042705090792033724 0.08983149835143012 0.06275770991183609 0.0965685077740836 0.0081751704445784 0.03212159961161143 0.06661281981554228 0.055661525724072965
66 0.025889693991289882 0.015347196366890373 0.028283025418402736 0.010547880368207918 0.1214490425530061 0.00809259330653053 0.11180262775322482 0.036632835959227505 0.002860926446955659 0.020300025193455352 0.05095219826826913 0.12724715537518055 0.018388805124818094 0.12325213593011186 0.019587808349009733 0.01690501930036765 0.00020236070320656297 0.0824433534899511 0.09000089891269328 0.08981441718920112
67 0.06528344932025734 0.08396400362769195 0.017626514081977268 0.014471979284772039 0.062209530218418345 0.08088895130523836 0.00914905607292538 0.07732501302516495 0.07986265052178107 0.05353118646121639 0.007077349537831967 0.03454284738986921 0.07885758105516841 0.053513486257159716 0.06535648028078127 0.01114224018674499 0.016477811535863 0.06572488417850282 0.07035529233458926 0.052639693324046256
68 0.021349323998807894 0.02539042049386206 0.03937478557245746 0.05089296697257938 0.017802654376599794 0.046313275109423256 0.033083916982796946 0.06371439794831572 0.042962708552636154 0.08211544498388666 0.0518445723783576 0.04169656540966131 0.0885322457621587 0.006612299426923212 0.04133878906432362 0.07703192220871914 0.07134921606776028 0.04469109301921053 0.0947109928080023 0.05919240886351813
69 0.08251569793487326 0.022575760758773194 0.06406663954780249 0.08994748026675027 0.017506726193451134 0.0063026082545699375 0.07256818541758683 0.04881140451946883 0.07139786633213743 0.03575660858591057 0.04788386111107581 0.03335944910663499 0.01998772434782848 0.0012659966455945103 0.06822128530920582 0.06902219766690815 0.07599129790520459 0.0281238311180761 0.08911537733847164 0.055580001639676024
70 0.04672908299236282 0.08082504749250224 0.004339212522422605 0.032858773550570854 0.000983369989950589 0.036196370766921185 0.08896735642067978 0.055607081221499745 0.05914766281034267 0.07806021329015744 0.013360264647109786 0.031483109838365754 0.03792168715918164 0.00757526264874611 0.08315825653248393 0.10150283330470034 0.00984571676338947 0.05803928690247198 0.08681732121459702 0.08658208993154409
71 0.09902325697206295 0.029949857810090418 0.10441565814079307 0.0020240983694673523 0.07738302439555139 0.0404303867720731 0.10980581334664347 0.013395735770578704 0.047368141204999395 0.11691115225572629 0.002548880982779298 0.001996435676224169 0.01109673144584804 0.08665920665692117 0.07860177327756876 0.051864532748730534 0.030875927612228796 0.060374647785502125 0.012468921710685447 0.022805817065525664
72 0.08352662855208556 0.023667635563327027 0.027273590884153754 0.07290045755216566 0.0021063680874264276 9.933965198117573e-05 0.07379920124040569 0.03888748247045857 0.10746984121694926 0.03461152117252313 0.022302903846017293 0.027675836096120933 0.06556907764602174 0.07306851312027818 0.002323602339431605 0.10594202462810853 0.06709310009642523 0.0713351433952996 0.07424187331829113 0.026105859122529447
73 0.02248117051964238 0.06906427628698769 0.05106023305175019 0.04869920481312086 0.06755998249713706 0.04446496849297563 0.055605312024785344 0.062138796468893955 0.06955323406929562 0.05814218518339829 0.05009736256443146 0.0697116254053995 0.015975611080519314 0.04735308892469647 0.06161633211409112 0.04562548804412948 0.04641921782267172 0.04358697148655242 0.0048279242635310155 0.0660170148859906
74 0.07077945496311104 0.0626306147132502 0.017997916968696966 0.05029181592469045 0.04851430683560565 0.0489656558463145 0.010340742564129446 0.07200335955804077 0.029964109714271218 0.07346582804882756 0.012768423898829179 0.05511755533450493 0.04431238933724127 0.04682164662478081 0.059090750736173696 0.03611891689248586 0.07256448762728997 0.0479701975647518 0.07385953993922324 0.06642228690778137
75 0.07990100662387131 0.003730286435373253 0.04502505544562812 0.0012547913269017256 0.013992493462298172 0.04550783329516594 0.05190298258270915 0.049661763208933785 0.08706882487309371 0.060014894768948196 0.08168929729245243 0.005104052908929254 0.0003993142260165194 0.08427703931351652 0.08853392206873296 0.061553781892367126 0.08692812818720393 0.02467726590122276 0.06929464037759707 0.05948262580903795
76 0.018190710458694727 0.08866724763204714 0.08137177337825337 0.01361980456589378 0.06793702187394565 0.09838554637029895 0.019177743274196947 0.06811051768705234 0.030077647526849945 0.04287166644920952 0.06128003975604528 0.08255362903981717 0.01786001574144614 0.047028738117311085 0.026180338264067564 0.02305383415222194 0.05724172679448193 0.08211747646424943 0.03291441785726372 0.041360104596653284
77 0.04455043582552559 0.024142078178146387 0.012450110317468217 0.029835250097094142 0.015741665332435133 0.06054501476531345 0.01842879840755144 0.04360819988879951 0.09381089690308284 0.0877762951973141 0.09729464244905633 0.021083455372992794 0.07594245135518156 0.019052429789806598 0.06028773521940197 0.011291329126961281 0.004419741050546918 0.0964077665139784 0.09665818586506504 0.08667351834427847
78 0.0842477647445304 0.06232983752090937 0.00974149226450971 0.06369467440641581 0.006075691111730656 0.04521803993224027 0.04891391661297554 0.020544224159754428 0.08164737655992699 0.04641145628837076 0.03749527474654458 0.02406079006751863 0.08752135283715305 0.05367075316822551 0.02004389468976172 0.07724191160314112 0.08347467868307332 0.06542331560462343 0.02238601753342515 0.05985753746516959
79 0.01849692697030043 0.020471018411134675 0.03212772400847582 0.03294808815799625 0.12460405302492907 0.0729158165866425 0.033695859490291545 0.05100363288934558 0.019957018016085275 0.06816870072049869 0.09118635889477969 0.027740260658815553 0.0490509397711433 0.08559343317538828 0.08964982390113875 0.031198109375836853 0.005432624880037716 0.013155253641760352 0.0478794503608152 0.08472490706458452
80 0.06561011151462562 0.018443800166328177 0.05088354614491527 0.09122107497221457 0.0836390042265593 0.041075306539988525 0.01179512356151661 0.03507510374263541 0.06300289004939265 9.603436617358665e-05 0.04050655917409771 0.0780981945002187 0.04853228543652391 0.04494234317707685 0.005424735869239545 0.09340357016518976 0.05662422836635502 0.07655896317558862 0.045574695405624366 0.04949242944573576
81 0.0520338549782965 0.05568109412488702 0.09123609338953083 0.08707456071177495 0.06491781085405052 0.003505992418061869 0.09153037058130147 0.04025585610409386 0.056569744649427316 0.0900824621261281 0.07009583141727274 0.03261019559596774 0.05151742154692994 0.04309040649285882 0.07662062505326656 0.013104800172967564 0.004526653473198351 0.002041931929815649 0.03254990228680464 0.040954392093365426
82 0.054322119790787715 0.03233545336358754 0.1090448365039466 0.04674427067314622 0.030567172003118287 0.06785015132613958 0.05215274044144567 0.0965257838064043 0.0033980288330319845 0.062410485326509356 0.002251492554403792 0.07535721905534985 0.10623819229692766 0.005558775903081466 0.07795797425035038 0.00021134090459144067 0.08562523154818477 0.0378678716589007 0.03479435396773855 0.018786505792354073
83 0.0015481281640816024 0.012183153383337005 0.09592307613454086 0.05762373845123362 0.0025698358523827914 0.03883163361399968 0.04078689284406879 0.058611175976891985 0.10938792780407564 0.11374466337442214 0.04638165761837897 0.07050232722453917 0.024503789076378558 0.07957280894868439 0.005890262605426254 0.0010143138300322723 0.10405738683842497 0.08428081328372111 0.034069205843569705 0.01851720913181058
84 0.055778882697378435 0.034934331603680584 0.07050081844588678 0.07822290360062766 0.061526623436298736 0.08238347458500721 0.022182664963915136 0.0021210301303330736 0.0822937020027859 0.037548131972552135 0.06928949749254326 0.031331981240751115 0.07584231147260485 0.06958886156588805 0.004360859098554128 0.0844493097311125 0.05345752027131962 0.07120013454866883 0.004677076624287789 0.008309884515804129
85 0.06855509088180939 0.08281906551563861 0.07216420984934765 0.004171398316216537 0.046261408075662744 0.04983504373848724 0.024070772592879982 0.021924532539668765 0.09509340175799628 0.003069287410187379 0.03021549689494396 0.020449560276612627 0.09367518749138296 0.09712382456020249 0.03956562333322455 0.007404507476937001 0.0008818934928411933 0.08708548811201107 0.09169563985812433 0.06393856782582533
86 0.008189093281580446 0.06051537101558009 0.07526415450479164 0.05533053290887671 0.003784004338414527 0.0015801408625808404 0.043148798139919425 0.07135096492825604 0.07938445252446291 0.0806426335046201 0.08280059009301712 0.09452068212560108 0.030012285150583223 0.004682113433242226 0.08083456402632135 0.06811677878495724 0.03482030042688389 0.004438476533069793 0.055836576823845616 0.06474748659339578
87 0.0043026245016233155 0.007921807252433717 0.015410044307713094 0.10186163015778293 0.058540830665923006 0.00208667979035534 0.12131322323740931 0.016158020643765446 0.12222193890749992 0.12514189905219195 0.030309255516293595 0.013872044884435268 0.013549768926512818 0.057553916534219055 0.12636954042081133 0.05156497122344861 0.0315171057996041 0.03724361153650442 0.01976314100940259 0.04329794563207013
88 0.06218874440838809 0.0008701632545834604 0.024648985549120626 0.010266176319382606 0.0741276768659298 0.056251917650315654 0.031007521224084553 0.07915189678637287 0.052860208280941984 0.09249399186147185 0.08083315915451271 0.015792826920737187 0.09173798006753324 0.0035847260757266375 0.015208026944394356 0.0038387724119320413 0.06854820432590024 0.0961299321599492 0.06742830457470256 0.0730307851640204
89 0.07422491656075202 0.01791137361029735 0.04622192278809744 0.07094969459797795 0.05806734148311432 0.07579903537628944 0.022385011284412535 0.014950029456478007 0.03853515373643896 0.005642356321659052 0.04566222274584719 0.07360547125208136 0.07471202678815383 0.033202285837457546 0.062261948890820006 0.06226943122017443 0.06830006951159605 0.07007466495566324 0.023676726872064638 0.061548316710624926
90 0.058186414143816666 0.031580034804085 0.013920099213128858 0.051790013612223684 0.04325126630213333 0.0654187261079211 0.06728755126257444 0.06526765233412088 0.046814252107397175 0.06632725716903105 0.03818803789781019 0.05707893241985705 0.06199125354067825 0.03458794169938438 0.05449024053375322 0.03945931913526258 0.011662583060767935 0.06836265098293559 0.07226371276144028 0.05207206091167827
91 0.07795367870488065 0.04244659763006382 0.10878164603349366 0.04361238123668248 0.017030081738395063 0.10824855592847996 0.10445917094606065 0.011157465701012262 0.029118188056686728 0.03253695223825706 0.045135179988217464 0.08984799411064141 0.027200950867073803 0.05883008360584911 0.007404548137887797 0.0454052475900416 0.09834324567858818 0.0021529618812935474 0.007797641719706634 0.04253742820668821
92 0.015601569663694833 0.052835125116574844 0.0013451522989792262 0.04814144676869836 0.010394820064030547 0.11046120138160037 0.10217308799341353 0.050479014586513916 0.019937783646110277 0.10364574456963785 0.0951591204282557 0.029629928553111185 0.08360595292731941 0.004557555920269207 0.07200473808161054 0.002073210376319364 0.033985721201240535 0.09101619030748691 0.04763139871676395 0.025321237398369303
93 0.08991681040858641 0.011871620545703293 0.03990684087041727 0.09307885960241916 0.07079173542407936 0.07601651708285168 0.01048374434210333 0.04680041602165519 0.008060673956539116 0.05202908403761571 0.010393382702065013 0.0561203683105068 0.05720148393932499 0.06113217824801762 0.04309184339059379 0.012456584872711894 0.03938990828756165 0.041190895398797556 0.08924230605007585 0.09082474650837426
94 0.10270155339562706 0.09903130723035462 0.010739928239339738 0.036046597113110125 0.08143976722483078 0.07347714808214098 0.09241412877437959 0.03779065462548103 0.02974894576836794 0.010431485237735856 0.1027006235448501 0.051872485349932905 0.1058057675063629 0.014324770247818397 0.02610012857714192 0.039870349903830954 0.0076180753305971245 0.018069285389948737 0.02741743840169732 0.03239956005645164
95 0.08178244205132926 0.046662117957863666 0.05181903822460528 0.06768899049688927 0.016895676461838375 0.005358250963817635 0.04131593602325923 0.03690827322087603 0.05654779197898141 0.07955730939402748 0.08934402842889552 0.001967075173146699 0.07249845777201157 0.06326696221184408 0.032905030155353614 0.0857541388082308 0.03525714391830256 0.026580620632856305 0.07711333945234541 0.030777376673525623
96 0.0479842726806887 0.06836838477180229 0.01861017505466353 0.061700353517014105 0.010343791516362347 0.08033670669321052 0.035417844648812855 0.07393747497963767 0.00020556068176366788 0.006064614894474025 0.03926206353389444 0.1266709806226085 0.016229664467031245 0.03809604607361368 0.08382183454761635 0.10848164979882478 0.03968216142441025 0.04410004588334108 0.06153852597828553 0.039147848231944476
