0 0.03149821007978662 0.04684057272572767 0.011421089059664833 0.0967402703590391 0.06204870277223553 0.02143109450501779 0.05375857082374891 0.09759684638016702 0.0478154061752065 0.03174438073188053 0.06481910920476916 0.07559132385722536 0.07008367182087763 0.01811974070459869 0.004404758874657231 0.07865426483148216 0.021689915087838938 0.0760506158580634 0.0669641316913631 0.022727324456649906
1 0.08892292769916958 0.007319442607986777 0.0622685315009462 0.0828462573450284 0.04200761469793967 0.0011622348806613865 0.03308597983377748 0.07276095191728014 0.0035488974520762975 0.031059472096002023 0.006651384841730655 0.11752860316715734 0.00619603100835037 0.04215892226680977 0.11494946573258936 0.10679462461659002 0.017810595818089265 0.10055540737843871 0.050801529285624494 0.011571125853752013
2 0.05360235496712827 0.009034859716807413 0.01813359663791997 0.0891860345389413 0.05453234361957567 0.07590885876472049 0.008060294724915967 0.04025568324517715 0.09500406689687334 0.02189316254099824 0.10116602496888327 0.05453826697439085 0.08447637895495871 0.044532210919085435 0.04323820809428652 0.0022506708539402733 0.05406451891820009 0.03013445887732672 0.03892598497543549 0.08106202081043502
3 0.005795486494225537 0.07378061625214487 0.01647400766069792 0.03241773849869334 0.04956506341049277 0.0461221450783741 0.06449247025483809 0.05395926676598598 0.05292375633277128 0.10486345767887835 0.04298223269715867 0.04386456186429799 0.03870832411551998 0.10382850640203063 0.04318081088077132 0.003295495294840065 0.0682220614781367 0.09173868278461397 0.05615502282002084 0.007630293235507457
4 0.002423898677287121 0.0653181744965939 0.024758372650581107 0.03705599154334717 0.034165045221075205 0.010331699090635102 0.11893156789369788 0.11318856456038184 0.06067167867791433 0.03748700269539636 0.04302905140829617 0.011304606303518884 0.08420871636408653 0.06190659743353149 0.08703431695945715 0.01370879763120673 0.058419287685712536 0.0808951864583387 0.052024055697436206 0.0031373885515056533
5 0.017823785893616648 0.015485440953514543 0.11846292368456648 0.04953294495827384 0.006931616102322645 0.009632305226019834 0.03904056200753515 0.12590163726161127 0.05439657440868774 0.007472209090026707 0.018626279952512106 0.010658290520854563 0.08440567733331733 0.03525047120177597 0.06899393547079236 0.10628501045918638 0.009875410299819297 0.12776927660475193 0.04297744184780175 0.050478206723013556
6 0.0071863230665631305 0.10920219024706738 0.009586535164346762 0.03881655395250435 0.018640728292224455 0.02389895451440788 0.0030696108986763768 0.0648567987524082 0.06431114386589501 0.04826466913430206 0.0007205116346326054 0.10048874537713674 0.02098042580721149 0.014186200916360577 0.08777842199513004 0.05927285667044573 0.0917272843529392 0.04332928343156807 0.09134326017653066 0.10233950174964912
7 0.061600406954954036 0.014718512145381998 0.04813065110769115 0.019792626037034165 0.03988919991434566 0.010626929128047843 0.09105415934953025 0.06477252218631777 0.013711933062115628 0.06679640948720877 0.08033073491575636 0.08027222291931695 0.04887044202271414 0.09665877522483508 0.055149520983988745 0.04724843464978677 0.056373179555586114 0.029480092289962134 0.01786240951037506 0.056660838555051246
8 0.0351245622878037 0.0267031928160483 0.025264245949111894 0.06924044684547295 0.0462566599986048 0.018780716491976955 0.06740243145658179 0.059172207665179104 0.08553115690469448 0.10242437846286341 0.07013382803045597 0.04630803995871216 0.07438191984755864 0.07119152188391774 0.06916331553345605 0.012717326930863825 0.05841736035950529 0.05944765906876755 0.0012890342853875256 0.001049995223038026
9 0.11354088861648509 0.011023774030087042 0.07237906831700021 0.017309275215593875 0.06351948336912641 0.057318048019960176 0.011354857295196884 0.058168428396283306 0.09195664546637922 0.06274532286397645 0.05280162074394309 0.01705439228683111 0.03909403370735052 0.03137697148434878 0.09395413573562013 0.08169547890656906 0.06845940232209506 0.014359540948176567 0.0029847354935616773 0.03890389678141546
10 0.0782153945685803 0.08511171944778727 0.04053942497557713 0.08136445996083343 0.019998632609273266 0.06082656791950355 0.012536674760569943 0.06314343460767712 0.08491529340239151 0.0007368892993078045 0.04461876220622666 0.06460032213414334 0.027767440373789 0.0061914600452667055 0.059068656276459824 0.07534872180102005 0.03130428188307692 0.039563560708070704 0.05276527456015996 0.07138302846028555
11 0.04388078616756384 0.035874825030154336 0.1321941730248913 0.05157104799397665 0.050488934556322494 0.06658879089150475 0.013574480090090532 0.03184575000867266 0.03288410611514387 0.026275918211213455 0.0014191076772219742 0.048445183322508904 0.06103216456741579 0.020438131870808823 0.07868258094239557 0.01913069669281198 0.08837100925442579 0.04189885235835809 0.08692367438501626 0.06847978683950297
12 0.08981143516976187 0.06938629545783452 0.06693086235834196 0.04427413003103759 0.03241351919335524 0.08572391380123295 0.012346405893033756 0.02436674826506593 0.08829441564429678 0.005871510306630585 0.01895504366614045 0.06384595869289493 0.09767454428286976 0.032291158343924875 0.07615169131987796 0.0027029769534276955 0.010385929334053409 0.03604857190223016 0.07220793906022471 0.07031695032376474
13 0.09835423292215735 0.04183676308003544 0.10547977149623407 0.006721639190693243 0.08407274254222599 0.052815690817611935 0.03588265937276609 0.038513340664478236 0.009055787305168294 0.038640691632280066 0.07648708532844266 0.052546244010487415 0.04635940362272018 0.0492823155861278 0.049190843108534735 0.016840522113571753 0.05797866560450343 0.021565187426112933 0.020824312830845067 0.09755210134500313
14 0.050443998869246574 0.08025836195993276 0.0016671167576154122 0.04462326928676565 0.0017345063599661728 0.003534895683527362 0.0076789304752834225 0.08234126817416526 0.02294574839636511 0.09274380555649357 0.07790528238973439 0.013007766907285277 0.04215598127456102 0.09198435690295047 0.07295102875503764 0.08028736652091391 0.08979300141148715 0.05908691895648301 0.03408490985008666 0.05077148551209919
15 0.10208467340894654 0.05814001390932131 0.030744616563593653 0.10604380324316288 0.042846846581273475 0.009648455969033498 0.013396606686151488 0.09532368305715165 0.03373803470493019 0.061185349415848266 0.0418652712701681 0.05586443562798519 0.016834264735982252 0.03915911934218751 0.06556219412668053 0.031542716725151694 0.061277869132424015 0.04215034516113926 0.019771307134395847 0.07282039320447276
16 0.047812010727078365 0.04160940671472975 0.054015440354174195 0.04441053446954188 0.01050864018553591 0.0949113891565734 0.04308156135883838 0.05688896692165897 0.008510833346347705 0.059674833955300786 0.09644095804295132 0.09385995101836747 0.045075182892184526 0.028628335756041085 0.07743938062457302 0.00308669514864745 0.1174857810341831 0.024339221468640947 0.005237642546736517 0.04698323427789541
17 0.011855136909316968 0.01231275390207444 0.05063651001403991 0.09749081102292025 0.05486030084051075 0.00645322021592155 0.11075403073846192 0.00131574351808277 0.130315724124567 0.016175105367180618 0.07027768214916283 0.009647449552308986 0.051690938689302975 0.10080660579492182 0.061129675616926026 0.0735444449170708 0.041960763995699625 0.061280277585773146 0.017020985827689957 0.020471839218067615
18 0.0008885078883026335 0.011346982545978377 0.06689914615083421 0.05848785477313406 0.08112968616516841 0.056664916001635424 0.03180919257565447 0.05975679617433796 0.0031125470382206513 0.08575110832779742 0.07709366798215408 0.03288248029189202 0.04525754892014222 0.08761077043485246 0.008528073725124213 0.04878190076970957 0.06647795962446917 0.07650901471995196 0.09632834781113214 0.004683498079508543
19 0.0811137739861243 0.03993000688858375 0.021701491408855432 0.026613860637964743 0.008305895569111656 0.0074964522511115645 0.050342516883877884 0.06254524402011398 0.026998139429123037 0.06444633041719666 0.027998958553916417 0.04159748028656576 0.0486921857605678 0.031418894434296726 0.09054157405462777 0.08358072440532034 0.06754405186481706 0.10344045393232439 0.0692204970933799 0.046471468122120975
20 0.0987686244286854 0.10024400557029213 0.036072821807541365 0.003479967396665997 0.028744669461030558 0.05170346721849901 0.03468165201525475 0.06372448235941515 0.05159351372838427 0.09571898593302776 0.00949299066984021 0.06550378367155388 0.016936519367997508 0.0361526785414972 0.05355738292397071 0.056809480019500626 0.07787049551344362 0.018653029226332184 0.0007175363012972444 0.0995739138457705
21 0.055128094492884 0.08524614544518873 0.06138464097810883 0.08588943299646556 0.04343289114841166 0.026196114752228408 0.07037935895702649 0.054577088232662115 0.03774024719019066 0.05635444869063325 0.06729373671486359 0.11549087128367073 0.02604787714279261 0.02269744075723046 0.014436834058527338 0.023710927234066176 0.08242965522148138 0.019590954130083434 0.00834689629140027 0.043626344282084235
22 0.0331339175034363 0.02518795260635939 0.05305827494465272 0.06730375081412159 0.047401466637546706 0.05307745430349889 0.030910754310481417 0.07859425348536736 0.05539783701634164 0.07757398359291588 0.028563238519763254 0.06343495617312311 0.030140803793706063 0.06693190669491915 0.07543459167103161 0.047123927796221265 0.06026888169906038 0.005494251501272945 0.04177229008302643 0.059195506853153966
23 0.018292315593926172 0.0662738836787992 0.04572279210121143 0.08291364122821017 0.06408734135562567 0.0355938710086824 0.028861570561708023 0.08450762054659164 0.01707395398117862 0.019147819520417397 0.08063193140048715 0.04296072180042293 0.0791736616234581 0.041375500993403286 0.006347424788273341 0.015757981100806045 0.09370616545427778 0.05159200930173469 0.0891446428306469 0.0368351511301392
24 0.09061255999323056 0.030415493962629426 0.02836979315490801 0.039876453135546205 0.02459397012860241 0.061168328023683174 0.08557035255820784 0.0809249599566575 0.06643194351233042 0.04588910818781383 0.03407555161590351 0.008585623006217881 0.03481728645870216 0.017132768182927475 0.08267688078700215 0.04589047852885404 0.015201083955343898 0.09815766671570686 0.0223820936470602 0.08722760448867257
25 0.0761704683373958 0.05844059116815679 0.08612824171682754 0.07041185854177678 0.032438615537343854 0.05245827626216653 0.0015500402270335458 0.07402720233422903 0.07756938535312667 0.0011135749269296006 0.048886381365880964 0.0394519128929237 0.020720006408106777 0.07646504891820141 0.023044543550773785 0.06889774802258689 0.03724296323538017 0.06637789267351756 0.06470914003630414 0.023896108491338504
26 0.022498484153414957 0.05729278494927664 0.0719146198921339 0.008752926503175069 0.06948217868497941 0.07571757280938804 0.07705691964638389 0.007200428390089578 0.02978805102340388 0.025533896088703267 0.07911007417884855 0.046822320208538194 0.06262772779383999 0.07200949733932518 0.03238734688913413 0.10270997137072838 0.03518206982093367 0.0317407973096255 0.022801746869603415 0.06937058607847423
27 0.0822943754458664 0.029929287355387656 0.0459952996142085 0.007083114239387105 0.06359058937881953 0.07888481829249366 0.0686374121675942 0.05358228160097013 0.024499905595843766 0.047765814428892654 0.06056778637709356 0.03814557255212016 0.04428843266081828 0.05488555984467451 0.09862101586224487 0.006894364573728334 0.0107905754720362 0.1120979961681066 0.005726220236715226 0.06571957813299859
28 0.09169907704141343 0.057100928271992445 0.05484245641858677 0.08229720506676341 0.05980027315568998 0.00033679277513372504 0.033031975706139347 0.05317611262232945 0.010374418162613669 0.039352205606733505 0.053727862084615115 0.0001577458538684632 0.08669404012541572 0.06454210041307457 0.09079609356591087 0.06601974547666195 0.05853840627123995 0.08391277576377354 0.01218036357724189 0.0014194220408023546
29 0.010486955457434942 0.10026681561553755 0.08185450947427277 0.01619979002200676 0.07056804150187236 0.09417466665791745 0.009688742975770763 0.041467183437056354 0.013462894718713819 0.002699496098093781 0.12004653543844933 0.11642059222886451 0.0015785163671122452 0.05555695998783543 0.014438912358322935 0.08926859352662468 0.016779703190313626 0.04627933858395311 0.09123342465096018 0.007528327708887474
30 0.06216075350783879 0.005211720139478681 0.06739982281546814 0.05559110590037402 0.020866483657747587 0.018682817621849288 0.09759325094866741 0.02047998006130096 0.04108940420677289 0.02782486715379092 0.013557133872992795 0.07939098093217195 0.02370278112703498 0.08338833625695327 0.09068425330324265 0.03265763023915773 0.053253936607930236 0.09492055900735542 0.05383415794191777 0.057710024697954415
31 0.029529847861126734 0.009563863241636442 0.040709948694756096 0.02730399300714378 0.044667715602275955 0.041880007378136304 0.0780181957562461 0.068305002615591 0.0011719628408817073 0.050003702568422924 0.02778720591409675 0.06989698236659676 0.09036260447129282 0.008515592104365489 0.034615798277229284 0.07103893387503718 0.06641001521321925 0.06143505306483612 0.08086879716061544 0.0979147779864937
32 0.07456789963592829 0.00508588935907567 0.06479979502697976 0.04449291270640367 0.05944947316667483 0.05238659668240747 0.0779647229497912 0.009531464818046172 0.057126499980997045 0.010970576762905738 0.07514550178970084 0.046597672131289375 0.05105084093147869 0.05713731801366535 0.011750014683216382 0.07623566891428624 0.032159264623758996 0.038091952660192135 0.07905455053354765 0.0764013846296545
33 0.06999905472767072 0.03829546592166862 0.05211533620722999 0.08093181608007463 0.06231978801442887 0.038555119868494726 0.06638721248279664 0.02799865407037433 0.032247591702335876 0.02026494330720124 0.06634709708337731 0.06059906149347649 0.040219408322660785 0.03214831369026836 0.08188753280201165 0.013636177028927532 0.011350918574190252 0.04894885378852976 0.07866888736179845 0.07707876747248373
34 0.06495399053029101 0.0072848661788940386 0.0723961391451749 0.045644620546268035 0.05396836685748886 0.03881591926290651 0.027197712509160955 0.05404389221615266 0.08681453311254905 0.08816609988903806 0.025880154892079163 0.08472764113448948 0.04175211981489294 0.039936238382508066 0.0629690504786437 0.020744311569517466 0.018152754753683588 0.061272842231194086 0.02103128910790179 0.08424745738716552
35 0.026887976601795743 0.02907535588201398 0.010142693523269766 0.06763772839162134 0.09125122732172994 0.02090962348547338 0.05372492425341962 0.08845786461655678 0.09842796634020143 0.043376471976958146 0.03029526272312594 0.023376902262086493 0.04629264345556012 0.0781290731320579 0.05236151713561514 0.03329982122042995 0.07139797813606086 0.08481513795975042 0.0343676770610798 0.015772154521193352
36 0.08557551231317662 0.0562112617185114 0.0034320276719579227 0.08596988064295984 0.07574576980054351 0.022993890170091593 0.07309155326276051 0.07829572848230339 0.06159327148268649 0.001835645463389694 0.05785674964182351 0.08137618297051365 0.006609732639311662 0.01072274347921546 0.057400942227861816 0.01483760939775929 0.0780087407008534 0.07274241053167814 0.007978406788730366 0.0677219406138716
37 0.005134128473433188 0.10655576756626468 0.0009126085419046241 0.10855426146595092 0.08844465484697822 0.042798239077941586 0.0584639231490158 0.04620568474162719 0.018534770872129236 0.03267842868698975 0.03895937201523198 0.05317436884066577 0.014571479030243488 0.11446078598578084 0.02932296054734064 0.09946001290222094 0.01691581896247133 0.00894532631375234 0.010617572324901767 0.10528983565515562
38 0.06626910052282191 0.0819797646500888 0.09593165211195931 0.04507264170829258 0.06322519771759119 0.07341392989041291 0.014090027157347706 0.04736671524529406 0.07205419345994676 0.004127620507473417 0.0055743573703431965 0.05776503613510345 0.056391628933073285 0.05807407773139647 0.08404256520811687 0.0465813946071265 0.00046598487765274894 0.06341618152256516 0.061251684687767094 0.00290624595562667
39 0.03435126619539507 0.033224110311253816 0.03780984347448455 0.03812860286479741 0.07030517434729676 0.026301208057181603 0.01127676417069052 0.04606361888942219 0.058180262489892005 0.042562382616505426 0.10204011091957252 0.03019397839560224 0.05763327463251938 0.0761893190663042 0.0949315639689441 0.0263653915778414 0.060726447592670554 0.040853313473917824 0.07586023468604373 0.03700313226966472
40 0.07628394319783986 0.100419292225871 0.08484578464720442 0.015398770929926107 0.010550909596471472 0.016215810952520626 0.08618387472874914 0.021777012552224882 0.02614885990908686 0.056534135771352245 0.02801844382962179 0.006938672220509514 0.010797652438924674 0.027499866310675584 0.0697722208214703 0.06902184593400221 0.0982336592705791 0.0147196030769921 0.0789031923805621 0.10173644920541608
41 0.005842716170769215 0.01678502430150624 0.023160163328180036 0.05905657203609613 0.08585438469244787 0.02381865024175823 0.10115057141820145 0.05332164272535054 0.051213278933434525 0.0352181148315474 0.050993395307602114 0.06436132880828083 0.08775152911565824 0.0023731622823604543 0.01389450888133824 0.02346068483819268 0.06939457922846987 0.09665892549524621 0.048959068969083405 0.0867316983944761
42 0.006504347869610978 0.0803952196195724 0.051416481975693776 0.013223709521738718 0.05994024993017028 0.05024000516506598 0.005965281561480461 0.029491408765347425 0.05287568526692218 0.09714840672015629 0.007650633271159074 0.000463500321834013 0.05766102276602911 0.08969110590428528 0.09209100836240842 0.00554101384045344 0.039074708029738815 0.10151116594808307 0.0753543556125857 0.0837606895476648
43 0.06885104487853269 0.06735792326079723 0.06820293241240771 0.0063789236180634154 0.040822331939851075 0.04072802782311619 0.11108065093123863 0.05801945720281505 0.009609618765438671 0.0916397685960921 0.04096112217843622 0.07049383748987521 0.10869767416129324 0.06419325493889876 0.0213042460356783 0.006003058770863033 0.03683178769642165 0.029973817625697282 0.048213956283338695 0.010636565391144832
44 0.03416092838429381 0.06348923722205607 0.02663450287014301 0.014950524188666239 0.07280407879158135 0.03804468498837845 0.033278486384197996 0.04848461254867015 0.011337706742444843 0.06126464669665836 0.030882126121582143 0.0771250954295695 0.006442608921095627 0.0233329444709636 0.09932164099944588 0.04861836395347514 0.07621610980107402 0.10466890326251986 0.08133581035086643 0.047606987872317576
45 0.0059332783243375535 0.002631800834817849 0.08400108893494747 0.016358856448325063 0.04330960756729171 0.05258068467931109 0.025736007320139996 0.09647953667541834 0.01559025366602569 0.058534274357192856 0.016062833122818847 0.09516139585029083 0.029729592783151033 0.08346023292791044 0.008739273982348323 0.05976793451485143 0.10237956694333071 0.11915718049156028 0.014661002795307325 0.06972559778062304
46 0.06751077148119736 0.06304624773660798 0.06124352655934848 0.04581878740375666 0.07243191679471654 0.06698036704281307 0.05764202292587051 0.06462956018352556 0.026126356105867183 0.01764583980884436 0.006543139924878516 0.051855626712295905 0.022231417597527958 0.020808349803819046 0.03287190514738792 0.07239865839021577 0.04383834660813803 0.07130757969488132 0.06191387963134714 0.07315570044696072
47 0.04503382808061103 0.07326285739964414 0.030455514181253907 0.06853769784967957 0.06551024102777304 0.04541942769096871 0.020837293155250684 0.052433174784795415 0.07203553863258003 0.04543669478052998 0.07982428532716794 0.07842620662348894 0.0009718993429864021 0.05802783557411754 0.07377444648174848 0.0553863898784207 0.02321741708364906 0.04579322229474352 0.049304170236726216 0.016311859573864728
48 0.06194701126743151 0.0034571632769883334 0.06765597912874007 0.03744893387113654 0.09142350626668315 0.040662643732296756 0.05075759476725879 0.038723522101827036 0.08099060335493778 0.05034325049192952 0.043421916953967764 0.08686394461402164 0.02962860302201278 0.0774485057659762 0.08405956251590663 0.015383328089442613 0.027644310075149222 0.07051349406009953 0.031088492507026513 0.010537634137167465
49 0.040267022886372225 0.011174748701566997 0.05203585114492826 0.08134874451004026 0.07815344568770058 0.09025434173243702 0.07221148969159352 0.016359711005485347 0.030834395680604886 0.03241497013937036 0.04295086412128988 0.04726252916410491 0.031009480095570266 0.026840422941968933 0.09536590762280876 0.03438491425461362 0.06157731073058397 0.032601283937719466 0.05953471539712583 0.06341785055411495
50 0.05680077137870792 0.025360332493040275 0.045023146618523906 0.08478736151212271 0.02472396077763054 0.03634746758064896 0.04356445857137845 0.056784374566735234 0.015692203375370636 0.07187069914787261 0.057068180172569684 0.03626189623072994 0.08555131759556278 0.028900055177926157 0.013568405410055296 0.0869172540948315 0.07510860783148184 0.05115626501764089 0.0772254557028407 0.027287786744329842
51 0.012979544467156604 0.06954443557569139 0.05889074181112206 0.07292546583852204 0.08409671457715931 0.06543549352841582 0.025839278941137182 0.01749575951035154 0.05179506427981196 0.07408994659847451 0.011655424131089115 0.026168320296577282 0.05901462644275981 0.03162735670879354 0.08214202985956821 0.02785237662905433 0.07121298008328605 0.0737415208263713 0.03784566261746802 0.045647257277190295
52 0.07309612410950361 0.020726737194253855 0.027054063790880645 0.0535840587269679 0.021771051001520488 0.07218514326983952 0.08438320732132121 0.0542297625814778 0.0660807530792399 0.020028648033555793 0.043292599326427005 0.03961493469050286 0.03333531286091323 0.03727988189159881 0.03437684757220038 0.05173839353580522 0.06329289357169089 0.048208424376826466 0.06982167289918007 0.08589949016629433
53 0.01969435940416072 0.0749374177329016 0.04819280576042693 0.04548513686956742 0.056024666976101055 0.019216837947816152 0.016576699371224253 0.0746247948126778 0.025555381409656627 0.06189034212799004 0.07718323736927649 0.037798071026709096 0.09385631735623913 0.015156988076076065 0.033868630217780325 0.08439573501784607 0.05045634736206972 0.09264327108517978 0.06752974849841917 0.004913211577881344
54 0.08805409376541572 0.06288799572225028 0.08734801947301114 0.0818074319269288 0.08274792536972983 0.050456443877618884 0.05622133056659012 0.036061236306880455 0.002357959269256026 0.03408159219616449 0.02107374958204513 0.059397420198658755 0.056972806040424706 0.06658318358224645 0.02892597066243227 0.022255802899727912 0.04164792521010727 0.018506688296959457 0.06219026322315827 0.04042216183039383
55 0.05384597488576412 0.060546117198059794 0.07701666890186751 0.0420169976302578 0.054846819749046594 0.04981555261277299 0.027054559004962824 0.08075959758531877 0.018237866917375493 0.01217936487662368 0.04510741859864573 0.04299585225867747 0.10012570431023872 0.07249063172132428 0.0023196620789205525 0.03678567495356688 0.031276784721995035 0.013859536535290585 0.0719866686631804 0.10673254679611086
56 0.015932073375150308 0.0012703295853863348 0.07142059057018915 0.08307009528172977 0.03010228902345524 0.07106586454538673 0.027238536669003333 0.05802330969250067 0.05236004738501594 0.07988319928594476 0.07559474200516808 0.027381396578641908 0.05479469807453453 0.06709980037606267 0.035487806390824196 0.08246456613884878 0.06104896567799206 0.01438991623546757 0.04013686888591893 0.051234904222778994
57 0.09342760380109763 0.024405869410725284 0.06250906319119405 0.03818934583530858 0.06414287732996768 0.04685257257349497 0.01648370221672091 0.059837114112565 0.017492847441977086 0.11686851771016711 0.01968219810259003 0.018007795445167462 0.006964251282341937 0.07959266497355354 0.05715142254172603 0.0674641142629878 0.03076082612394263 0.029362948689841326 0.10492311399001125 0.04588115096461984
58 0.02376460886752252 0.041511924958611744 0.06482283029056184 0.03234142355122006 0.013186814816991783 0.10127662961152688 0.10223631242954985 0.02018167749596818 0.06984346356216074 0.014361184005939878 0.0410795235027301 0.010779458972484578 0.04121543855204474 0.03144238521551599 0.09445874770211678 0.08498292411344556 0.02072095469845049 0.011066432356522802 0.09981494874531631 0.08091231655131921
59 0.06984863957803912 0.021085738039730125 0.010551339385780258 0.031115703243881968 0.08118153978496354 0.04012160529343404 0.002135517740114953 0.038004236181224206 0.017895437639103798 0.08550063343710876 0.03872009710100512 0.07733487896004336 0.11522973167726036 0.03754017842867643 0.04970928328390279 0.05384717380106111 0.06013138722436634 0.06631105792586256 0.026523836262356736 0.07721198501208437
60 0.02038090964806167 0.09187492864526543 0.010540947338181034 0.05170019728347262 0.013326163559008975 0.03656896332738584 0.016891952121735696 0.07954163397648963 0.09321758319540162 0.08247152167893747 0.008325634854502844 0.06394847513108295 0.08738806140280456 0.07478689451207503 0.0030997195878440477 0.02594423093960407 0.08819683896396378 0.08084588669536509 0.041649802131586165 0.029299655007231563
61 0.08765486881245114 0.008158337327730155 0.03499567927058201 0.026364930824465345 0.05631042564557439 0.07695338534552378 0.015646448590617645 0.09454937546199667 0.030481034906658346 0.0023260546701445164 0.009427594607041222 0.046346066067650286 0.10648953159280036 0.08432701231879584 0.01844824828196677 0.06883288542828206 0.0760739490227383 0.06309852025065718 0.030373462448344917 0.06314218912597909
62 0.0011765206888169253 0.08137948704934608 0.0071216704676216455 0.016527638660908756 0.07015718563388823 0.009811720964374054 0.0047013810652772456 0.014718608326352646 0.09491783062071567 0.0037015226110858044 0.030617919390896694 0.009647113391180986 0.08827162543804365 0.09695629917239651 0.07164949356442178 0.09640078495000408 0.09464540885207395 0.09363092389730403 0.034122820032123496 0.07984404522316779
63 0.013625575510541386 0.07013769976324435 0.0026921624503770314 0.09158149281023452 0.10248572173151319 0.012688457469216622 0.05044484311366564 0.03980206097883647 0.01844293721028663 0.0019792901152795436 0.008337297401305064 0.07544708441441605 0.025629757478686954 0.0834816447675354 0.032948492804152844 0.12158592453172944 0.059397331657086036 0.07939814720484302 0.03695123734256868 0.07294284124448111
64 0.04985797717374741 0.06667901695058745 0.07487264158243395 0.00039321160999272276 0.06189015201881134 0.06554553318354565 0.059802264445431186 0.01035266296495955 0.08265517236643904 0.07967671033033474 0.05897853665354348 0.07721387383623796 8.1143412336521e-05 0.0703371599148994 0.012864469860784641 0.06409461601464662 0.08496102308415242 0.018880399976403738 0.013196616980996676 0.04766681763971533
65 0.020382603324761762 0.05541038852371915 0.07114637788244307 0.01320994369447733 0.0726038321164981 0.031004121692873973 0.03797122714319772 0.10535082760739735 0.0024874304047463026 0.1054085859719018 0.05729334807281841 0.07294238269651898 0.015484190542160936 0.09387414915946446 0.03198436880968463 0.09165307144817625 0.020765038793788475 0.0382417531660452 0.034546529690987 0.028239829258338858
66 0.019495958301345633 0.019447610951533356 0.0527812164151377 0.06149341573624933 0.05005197665256636 0.057560278290586187 0.07489548210242392 0.06673926683425316 0.010904893963373286 0.044911797578769716 0.027387763414224307 0.0770218529468788 0.04068521759522667 0.0581305539333754 0.08981267861806284 0.030188259910314572 0.04104420458522166 0.08249630802972784 0.05539991912166412 0.03955134501906513
67 0.013912265637450329 0.06820618293804857 0.05528883561153569 0.07338793587319623 0.06374395058701805 0.05739992476987135 0.010036472821544648 0.07103948280335014 0.08777175100879676 0.024836379381494196 0.022804816364162803 0.009364176526761681 0.07786193757356909 0.10259951463806699 0.09119444696022286 0.0545225013826203 0.059202127439440144 0.014512847572977047 0.01967082742574727 0.022643622684125893
68 0.05761188747101705 0.02705982155191086 0.0714756824076905 0.05975360849872631 0.01913618099228605 0.052952912476512216 0.0633270028979051 0.042673507204994944 0.04654399664421201 0.012961019361340592 0.06712925470322897 0.0192607056930026 0.07782070140497042 0.10363297813270445 0.005468759662505515 0.06658391273764303 0.05877761220874858 0.09799890402168909 0.013865422937525528 0.03596612899138616
69 0.030273400467949657 0.027594096980199562 0.022508455548818456 0.056664863161877424 0.08337663959166097 0.04671934335532252 0.04216096279795084 0.10355272424591846 0.07549172901604538 0.05866652597303254 0.053207131533534964 0.08905481811794105 0.026788478126669475 0.00901681522288108 0.04526471206768206 0.011890213494029626 0.08274527741900689 0.019876623836235122 0.045500290473277916 0.06964689856996586
70 0.050629601165324785 0.019076756895366066 0.03169145119936508 0.07302294103075445 0.051864266823751816 0.0432770940814404 0.052722947538630834 0.09115654913566867 0.07666202995548797 0.05815203151102174 0.06523353916502724 0.08726659078422046 0.07399551413966576 0.02282532228816694 0.0394272608934209 0.06576907866876343 0.058178262205830104 0.011668625585925933 0.021316459466208533 0.006063677465958723
71 0.016320794106744637 0.09853685134720513 0.08322754018210146 0.0362581444226998 0.012488829466174878 0.04341002977051121 0.11201683217668146 0.03545493689586144 0.009111025934908252 0.033025470680484004 0.0013324202314229394 0.06631337140635873 0.021749352620630734 0.09174405743199991 0.10245716978032067 0.1143800617616124 0.025239234258930182 0.03102987642873294 0.030856890090780846 0.035047111005838336
72 0.012919807659635666 0.0401254924415027 0.009956710167114038 0.05262600463845053 0.065424638930593 0.11827826043344382 0.010512239987706125 0.01709211999205091 0.07104319627826317 0.07883618362434401 0.059863664832227555 0.1020710537145865 0.003521822898400929 0.0753704129868828 0.029800454644242306 0.015433835439466024 0.011297904490200432 0.0802649845297618 0.03743845613714205 0.10812275617398569
73 0.06285885828976108 0.05208729372276409 0.03690093289300855 0.015918888836718097 0.043368057169801466 0.045610588846314935 0.01611712763698854 0.10231157048107307 0.017984393824787365 0.029713916304059895 0.05314530226334512 0.09700369434000909 0.060252692607155316 0.0028526589407236423 0.0670075473774282 0.12027085929479053 0.12310414902082999 0.0043370040385364034 0.015084351629440725 0.03407011248246381
74 0.07891572249491788 0.05494093601347356 0.027706870117958457 0.0664546490332578 0.02099628803073593 0.06631455145400571 0.11318056257073561 0.014766110173767142 0.0069766003784616755 0.0860654365597712 0.03662662696498021 0.010630681469114733 0.09866245063100584 0.013536235389490633 0.02757491302161756 0.012986485944049353 0.03750342807637356 0.08962143371245297 0.06138381389930673 0.07515620406452336
75 0.03367329601600886 0.025150820328528733 0.039288675755446666 0.03651468783522606 0.09882609149912311 0.015972886753944232 0.1019520564949431 0.07357306074079599 0.07965771044138244 0.09187492334267137 0.02818455556410068 0.03385688744231426 0.05197875745578117 0.05864308984139185 0.06183132451296524 0.08319193062185848 0.0004258469945613077 0.03628639627750771 0.037926808284709915 0.011190193796738792
76 0.05074046441594528 0.01621543371765116 0.03255899196621268 0.08764959075775629 0.10740810772122403 0.05482285193029313 0.113011136339813 0.019048360734336453 0.07371652616732717 0.06386037501139641 0.042107543118565696 0.08895464397327997 0.06730978879667547 0.01726735669349987 0.007692240548059292 0.04407238910257901 0.04084802093246518 0.012765052269390927 0.0025468990069727835 0.0574042267965559
77 0.015047933843479407 0.003772986527502016 0.038802297802337016 0.006074916144140283 0.09540570911134187 0.020677918131314123 0.008034001502435332 0.019662459808618804 0.060885475090551214 0.026979637221921454 0.09891207039798704 0.06513066178422891 0.06101546562783737 0.05327024096188069 0.05069146032260799 0.033233440287908 0.07522550531594273 0.0967615452949797 0.08428200203591119 0.0861342727870748
78 0.041587376137120845 0.07275927992297043 0.013635920817533984 0.09704724825606167 0.04324532603388099 0.020967192900870048 0.010924013506452751 0.005000945280080174 0.04308301317878373 0.0435201837993424 0.03650462695579123 0.052128523979617716 0.06497399115119064 0.006006628828693264 0.09675194869579148 0.09508021245171192 0.03186580674937325 0.08597743300971024 0.0941053842629462 0.04483494408207709
79 0.058776180171786284 0.017653399506153074 0.018526813833119823 0.012504146415036683 0.07891710189888035 0.06855078812675244 0.07464553336003404 0.014754731752364152 0.03468413857466954 0.05513283494837575 0.04660676604774352 0.07694671436764822 0.014095355042975087 0.02685487667974204 0.04267108919109781 0.07881514643287932 0.09115333564747675 0.05176626437458553 0.08103588736785011 0.055908896260829365
80 0.07910802258447373 0.052076565421122746 0.05162229688676648 0.04685084182188713 0.08607705465834808 0.05459708600104696 0.04221591761980724 0.034409750121576946 0.02278250936638224 0.0593597334583535 0.07602185296551314 0.004004983182798709 0.0410922727421625 0.0321122946265112 0.056050208846880036 0.07748060142080179 0.06931714211401918 0.05171220593321753 0.022954419045130552 0.04015424118320019
81 0.04332297251606536 0.013064431917825846 0.05980073209204588 0.0735890514264397 0.08249189770897997 0.07031198466108676 0.032529180565934825 0.01845963058493377 0.04813739521861768 0.04041927238674773 0.07385105992012654 0.07346874177008118 0.08773458730294353 0.07663351498418831 0.013669958127990689 0.02056256344123871 0.08930080655017035 0.021913522995694403 0.0558013828201185 0.0049373130087701144
82 0.02541765983147684 0.040127970420457584 0.01648549381464737 0.04375942286757081 0.005710927903281445 0.0012486905492516325 0.04209336482956315 0.04998483853771497 0.0696664834598606 0.05844843139892476 0.12232277190054625 0.11806549675853129 0.00020788152196694431 0.08601036085406337 0.023146767807933954 0.01447836627458978 0.11354305588335355 0.05668144014115477 0.014105609266509757 0.09849496597860105
83 0.06566505873605105 0.02605004336646339 0.04232928394075144 0.03385146213775275 0.10388293796921035 0.06595659572443002 0.09171121063679391 0.058130205119398135 0.03507120623073404 0.0025006063722885444 0.08746005217361703 0.04080467251311159 0.007815103690095443 0.05527086112154084 0.02884869837677069 0.026921439377675962 0.05572187053641695 0.0009014608117553891 0.07316444384756793 0.09794278731757461
84 0.0974652899208791 0.03199143947889435 0.04987822075612196 0.08960985660775868 0.05423545350087861 0.08557669668562452 0.006673740615251895 0.03825616127928039 0.054944044428854 0.01600569007986777 0.014752872282360508 0.06865817891459071 0.06711022610223949 0.02818033540212664 0.0016208827382054472 0.09025432115588267 0.048789289842926374 0.033087710775350554 0.06638099850806092 0.056528590924845384
85 0.08398455567984105 0.026728063593935023 0.03556918845603578 0.024700707659734884 0.08654860206121903 0.07561364748695198 0.03441650143263526 0.06606147778361932 0.0107962262547551 0.0779595316115079 0.03446154687792354 0.043921188471745566 0.07476825011752133 0.09194683908699144 0.04604109005227992 0.030551007266158427 0.037590425999318756 0.012231579581921016 0.04338375868748637 0.06272581183841813
86 0.0869222430085603 0.011017397153785942 0.04223577525423197 0.0433433154946509 0.04868432233816902 0.03741509537081629 0.0519421330555533 0.05026256427701592 0.03621930348687908 0.022298420497436328 0.010935664239973096 0.07142284253479166 0.08685185186713601 0.10371845304102892 0.1042343464960965 0.021908557432953262 0.019703224634254595 0.09758650823860263 0.02065089246131177 0.03264708911675261
87 0.07990453891140017 0.081901480174542 0.03479836304051125 0.0018934734838322832 0.050771294913671286 0.04848198826905573 0.038005587428043344 0.06601917832307794 0.015016768689833484 0.016313164726292108 0.07956177201608314 0.04654912373689067 0.05925418269909105 0.02979103563795542 0.06733151083990047 0.07718984324856654 0.030225597862977974 0.054520806773636576 0.05781194271418707 0.06465834651045149
88 0.01486282352136695 0.07795551817762705 0.060364862166912434 0.07876194510039126 0.06133227229314896 0.08256669247742891 0.011237130458295823 0.07420195247529685 0.04774945178548957 0.014340072018539709 0.03393145191395941 0.07979549962981583 0.07410006715893007 0.01443522410931509 0.1006764352703326 0.007141174291533711 0.0015785175823820924 0.08252691997475095 0.067305188252889 0.015136801341593715
89 0.07813404492099021 0.024621495148734216 0.06504476417869987 0.06180493165113526 0.05413941769065008 0.07661592561458544 0.002553646255957379 0.07700934804609993 0.07968034347026529 0.017302284970519173 0.06807758244093333 0.09059428218427461 0.016509906810539723 0.07512254774489463 0.08544412735621047 0.0037438256912584347 0.02675210442526546 0.03633699862196233 0.032477990766707945 0.028034432010316187
90 0.01805381751800481 0.09898367870317636 0.009965269404114572 0.05096963820293721 0.07106158859547784 0.09035767446436302 0.061147988983323076 0.07901391536171566 0.07814564135937058 0.05836168355756108 0.018649826333746525 0.0839449555381927 0.05821827539151276 0.028088920923594104 0.08026536537387687 0.035024473945850086 0.04104967008408314 0.023399538483129714 0.006763902742816025 0.008534175033153858
91 0.003789542140522698 0.07903086362044609 0.03802280512268096 0.05298460384270632 0.030468972229079648 0.05150975825474426 0.01653327957877041 0.08474703287296508 0.02825147625868626 0.06202326480578238 0.09879449515911845 0.09135780015274206 0.07327627000224428 0.0006735019683331115 0.0029892810137787055 0.007744599022165598 0.08986708125596819 0.06254422210662239 0.02377684023002873 0.1016143103626143
92 0.07427593977394105 0.002934962309544291 0.07230010114905001 0.11916601854408676 0.05912166708346008 0.028647506250855034 0.07235597381732772 0.018062321799181578 0.06742700613388121 0.012535053962840097 0.02688190190011347 0.1206160106044776 0.004955356871502938 0.06499526993672995 0.07545490120322665 0.10101737381861371 0.004561158911819441 0.03935932198753085 0.019381436097657884 0.015950717844159537
93 0.07259073657395318 0.05633127977719557 0.08857113645363741 0.07098246119799163 0.02621161350780024 0.013811139274360203 0.0609697931507664 0.04962655719272827 0.019845413849872227 0.024976846608157577 0.012787403062367208 0.05374994178715329 0.06328164033293707 0.0067375006849600665 0.0635912273462875 0.04419502637702663 0.08493168438863953 0.08384319172440645 0.011566018206847264 0.09139938850291245
94 0.083554790258008 0.03176502001458441 0.04693253129520702 0.01598216382565979 0.01252532767993165 0.09214797170481069 0.08925183271986473 0.03357239644240068 0.01575439500620267 0.05719167719952067 0.09836453120445221 0.07916528392921761 0.09914429470956233 0.10449573515138148 0.009229198121520166 0.03835598117507745 0.015545141501547568 0.0034250803181592546 0.06897814208499252 0.0046185056578992864
95 0.018504227977463848 0.010465055426064976 0.01735528098121931 0.02478935852311968 0.08974839872558305 0.04484627587026348 0.0755689815272614 0.01984108013938264 0.08475569078793835 0.08225878216020623 0.07371470882015432 0.020566826898566242 0.08258684111669787 0.010679445178692583 0.07472684627846013 0.06934783561967342 0.056457179833079935 0.06995827978007327 0.027726257327126046 0.04610264702897321
96 0.073080650138207 0.043949436300810316 0.08335877921971155 0.04308559658252616 0.025065608163280944 0.09256017564289248 0.06012650655307848 0.059369127751509335 0.10179730232217485 0.019699240242189494 0.02861979579895791 0.04270672987424469 0.027291471248592415 0.04765268695525317 0.023259915885794024 0.02230774301759767 0.12195143343693622 0.00584118832703885 0.036003467523802075 0.042273145015402594
