0 0.02422112475761579 0.0009073694530465997 0.022664902202184957 0.0004960924124152256 0.07104870582748449 0.0785479508091961 0.0704261533234109 0.08886715065142624 0.03824945571817566 0.047035446697469535 0.06441114298209483 0.07280560676817295 0.05371334270821138 0.041319339624843604 0.0064529633710631385 0.10218086447061889 0.1001046505857011 0.04165267214576466 0.053753954520616876 0.02114111097048713
1 0.050766172577054326 0.04574264909153993 0.0051772328359847766 0.04374214459675946 0.06017613668423154 0.04204829673593555 0.08183551631906756 0.08027102620796993 0.053164002953863136 0.04004034109113434 0.058641161100182984 0.07274811129218302 0.0905553509311043 0.06354192738895581 0.03915499295855193 0.03090033370986095 0.046558121907965336 0.0036644577454959496 0.08614583149707254 0.005126192375086755
2 0.005632050347267046 0.003101317611817067 0.08853681217180856 0.07949473264156191 0.03627297289205715 0.02629201344127402 0.07233650608929663 0.06370629694996736 0.0754748394118414 0.08451672372669002 0.03530678476564891 0.012753652786205981 0.05792769659799375 0.06281028564644882 0.06077501066732084 0.02429488450240033 0.060009689655481986 0.07577604973027188 0.0012657999387552894 0.07371588042589093
3 0.105550539743686 0.07571342449398713 0.09340259906787449 0.0203185823188706 0.07099798148553178 0.06701061342904871 0.08948194522118721 0.05438875843430519 0.0009865109729173401 0.00039886056817811227 0.06671102257683356 0.0035329118231780822 0.0024449029440290434 0.08482410837814246 0.02455913121519133 0.0504362264867072 0.0320632971732352 0.03732251538678853 0.07383800299050544 0.04601806528980282
4 0.07142718783901503 0.009797602112815853 0.051718863139359576 0.010252408650436197 0.07721888183873117 0.04913304488301268 0.07446263792340198 0.03481561974739827 0.08015998481609511 0.04798577246821808 0.033309859678649086 0.0040482673540577965 0.0395351492916606 0.05045963407410718 0.08091702453245246 0.07067145708198572 0.023546712145044498 0.07366812801274422 0.07345401632813256 0.04341774808268185
5 0.006549377818603817 0.026612627698015204 0.023177299807879755 0.05032664786061961 0.002702259941741194 0.05344860682813915 0.10772511302870633 0.04849840725147221 0.016233142859484982 0.013831181944437032 0.0877686307501318 0.009333435489031214 0.0768063881847519 0.05143406498244792 0.08459942729594445 0.11672925764138765 0.09943078207616961 0.08255983939274729 0.018380581668385243 0.023852927479903873
6 0.05774387607648245 0.08552383049309263 0.0482466447978242 0.06537188608522057 0.01775109501482954 0.0651288851308212 0.05213996975710688 0.00561637063901013 0.08445790650821806 0.040362991715000414 0.009442985889977818 0.038747322186730535 0.03395579854942955 0.07428318654141942 0.03389529944582755 0.046255835410961114 0.0931793191688636 0.05457558216349287 0.030649794056953034 0.06267142036873834
7 0.026929731876959996 0.08201132208899174 0.006314510192264178 0.06457495652315637 0.040382888195480145 0.0483464468093064 0.08072633032144527 0.04530994314691137 0.041907194310131665 0.029188770857958988 0.09859188666874136 0.01806137933691218 0.055376831204313276 0.08220936042764164 0.03617708474906621 0.09405380205748727 0.02482980913579211 0.02619516024344717 0.04548698377415122 0.05332560807984117
8 0.05605874949570021 0.04933741541671989 0.06978415111544561 0.011585533009970976 0.04147011213794802 0.09031312841442483 0.06377641593502209 0.09538987731069791 0.032248053604152824 0.07101695220396373 0.002144406217235176 0.03807523607902553 0.078373912658189 0.06276952365499014 0.09116796324678857 0.07628065799027314 0.014857973104668808 0.0040522969319150125 0.028292042547948926 0.023005598924919404
9 0.07561520098055556 0.03285233254851108 0.08541404281809867 0.03118766686915473 0.09723706546121547 0.008759459874206116 0.05853087953229792 0.03252889176659342 0.09439302758696295 0.06294637861100202 0.05672183232996432 0.06423356242805581 0.08420870213931432 0.012665616793963127 0.019237796482595024 0.030596547107659477 0.04384559905647562 0.025108344781302302 0.0026080068196676206 0.08130904601240428
10 0.07412099806072373 0.046822496164040744 0.07382769412756479 0.09791242451051918 0.04781456085920421 0.005049266500553943 0.09295202624764477 0.10738412946626363 0.01717123229678243 0.040027231505722 0.011896096177232333 0.06040106195884215 0.013354693997588507 0.034994610171244174 0.018405212451316134 0.04354780101399405 0.00917713704233576 0.08848676294415253 0.012860345611431559 0.10379421889284321
11 0.029144662492337797 0.04246842066602206 0.043694461338675376 0.06320253936655064 0.08246884571215743 0.08111288961199727 0.06587684294763792 0.010968625017226466 0.007004744682464644 0.0406836251812431 0.06375774529142604 0.05274281679928608 0.06751894382537342 0.030343689898771318 0.08542722082714538 0.07425758153637484 0.023801551746240074 0.014562361890700221 0.07322312316986887 0.04773930799850104
12 0.0011881323919026544 0.10906715085806572 0.013539784097641666 0.09220555148633121 0.07604945558776595 0.010781720663337923 0.051521828981222345 0.03229402078344612 0.09949644910423294 0.07306904638493313 0.05263079377610451 0.07534259588659044 0.015723533444421477 0.0003917161978890973 0.06549731563044993 0.054936941904345137 0.025509388786194787 0.03207418790378998 0.04691020949735557 0.07177017663397943
13 0.07509786657355187 0.02614522051055677 0.04272311647222449 0.08273345692547103 0.013598652200683195 0.026924227242552896 0.08280939504554637 0.06338266298992734 0.05934871294854563 0.0899551203460144 0.00859615985382593 0.07732872874959305 0.07314829381189733 0.001254843523042513 0.013587834485557124 0.004352178356832996 0.08656256649182671 0.08837243961409354 0.07607350825785472 0.00800501560040218
14 0.10795258855603207 0.01704770378907872 0.015060293687679952 0.025520537125956227 0.08412343088098134 0.006049617259314108 0.10992918217589356 0.10677964178698178 0.04768128353480238 0.04214202915953001 0.014638657551544563 0.06115247812009965 0.07233110260842371 0.02801925645313117 0.009598267594387169 0.036087352859615535 0.024372683654108288 0.023814334450883837 0.11068332304323532 0.05701623570832043
15 0.004016502229913767 0.03407088795650618 0.09463630376601576 0.10638879856733219 0.0015964757510264396 0.09475494805272235 0.028230138925931198 0.02490123208212704 0.05533418390889312 0.0299944333752298 0.028996921644375725 0.04106301320254455 0.06999277086424337 0.10243062134954986 0.08647392478126315 0.002455039430070421 0.061057190877720824 0.021917226540376807 0.10696681789902776 0.0047225687951295775
16 0.07268346138497794 0.04683422249553943 0.07318446218158026 0.08849724627011377 0.07423244968644317 0.004314274636926529 0.0410744401545389 0.06024339988358036 0.0463569110831945 0.0036765935568528647 0.06652915062845399 0.016286904261800256 0.0011666148346131393 0.058402795180266816 0.05181379908140422 0.017879320168594736 0.07242643231554842 0.08502758135949716 0.0939076927102869 0.025462248125786742
17 0.08460960994144892 0.08500899288176497 0.031142272797412072 0.06571250136554761 0.007894769827181385 0.031208198887241856 0.07928570609893061 0.06104053138909579 0.08349639604953653 0.039935196755808006 0.0564166008368153 0.08386212142151139 0.04014932397352588 0.03939533251715988 0.028219356029139327 0.011194495589962963 0.04689336627567847 0.03680942347177624 0.07091829952437499 0.016807504366087807
18 0.03821935756652707 0.0787455506985252 0.04970094674170595 0.05909738519924111 0.0186700067738038 0.08103929038393837 0.05244685556524382 0.05930276388137618 0.009636351901809198 0.028640642255848805 0.05132161139930694 0.028873384704793812 0.0499083447110323 0.06702742261781316 0.038461798056410555 0.039721485953148734 0.06099638968428214 0.0779976536226754 0.026539884229128872 0.08365287405338874
19 0.06719671219361745 0.013128397816502766 0.001613433770054359 0.06617474829174744 0.06324447099278623 0.06597465899601114 0.010584386692183574 0.05529861969964809 0.08132576414468744 0.04609466495917848 0.026374237716691017 0.070737077352557 0.06647017061173935 0.09474719222577657 0.08332703464415077 0.07394205917219569 0.0009391984120748802 0.05782789015623911 0.05221325267999039 0.002786029472168326
20 0.08335697803130293 0.09297524723312507 0.04524040164638724 0.019202288887250517 0.0179210075258445 0.08603734928439112 0.07438941188879496 0.030732754241931715 0.12346640183795361 0.02250768656010389 0.023627706399763502 0.06094506721755294 0.022292514362423556 0.020707658367668306 0.029398677022804208 0.04552194897900514 0.018918643819471156 0.10969935357793477 0.04838746284536417 0.024671440270926753
21 0.07110662828449062 0.028321916431918028 0.024943456356827393 0.0018430189877220832 0.008774000273150522 0.08218488448436363 0.09051799590071107 0.08605914159079243 0.09343723362967128 0.04563841165559583 0.06152200156665087 0.017421034196010963 0.036663940759196476 0.05208666291124098 0.041429189125006684 0.013742657349876177 0.09778462326088769 0.04588777973462298 0.0445060941270038 0.0561293293742605
22 0.06484609108739033 0.017361522351043737 0.06887239395268355 0.0364319741156669 0.0004524684524851212 0.02514779351000474 0.04883812276855073 0.09252010214288406 0.056656988099993026 0.08592689231579129 0.07713357003687754 0.011855407144723579 0.00176046818953076 0.06801648525231788 0.07366422146346698 0.07838142383243207 0.042527958681495594 0.017801855266805326 0.03959755225435203 0.09220670908150486
23 0.049302723036638484 0.02491791420731239 0.016289455157664758 0.08448015353851177 0.05543604276047436 0.07283258113540421 0.09475390951576827 0.020858593939676637 0.0330764132660015 0.0697673045689332 0.09916090675380733 0.08025455552704927 0.007507411686618663 0.007660200931151929 0.01018301475420919 0.05388160376477256 0.028447248021380322 0.008194026482160569 0.09637428944028685 0.08662165151217782
24 0.0477820262410039 0.11363683676332291 0.10594925175771319 0.01186749919004371 0.010175014444406662 0.018875136077179097 0.10548394309663586 0.06377807783764743 0.016304336727005632 0.05631344337374815 0.05090801411068232 0.0011887421325733573 0.08797724234999887 0.023607454517637468 0.11111208049368507 0.008653719418412151 0.007144789130650659 0.05735042177268881 0.07311379970511683 0.028778170859847824
25 0.06454006094169318 0.02455382719533199 0.05612479705780209 0.015488570232883393 0.07021884577936174 0.048094788402404394 0.03550617279728486 0.060737501323957756 0.056031491159775904 0.08140408088029749 0.0783860057052888 0.01999788708527544 0.05866040524924146 0.07909994020754578 0.05258236968958803 0.08694971416114794 0.03170187657780122 0.05214714024085063 0.013132634303061374 0.01464189100940643
26 0.03535822646807627 0.009160934016901734 0.02054753204026433 0.056529192201469375 0.050308906426122846 0.08329615155203496 0.05209214895868243 0.053602149529356234 0.04155572745104637 0.08750027270144244 0.04642047293344797 0.007518890105444731 0.07705843320822112 0.07083530954027928 0.03148501929114717 0.0864168141261964 0.07362492734166448 0.07589415784947375 0.00951358667806678 0.031281147580661195
27 0.023252030051236584 0.05007534377069284 0.07160090908113449 0.0632835146730233 0.0033000539190471286 0.06572615250297599 0.03841015357218861 0.014815794096934336 0.06852676149283232 0.06847328042432374 0.0685055523970692 0.0681007907478053 0.06273355676043921 0.0750840877266609 0.05848985368705261 0.04090537531135311 0.04241767450634606 0.05505561159586407 0.03071404032346717 0.030529463359553057
28 0.028368387528148742 0.06946619778021529 0.041256187587490945 0.05364029583943223 0.006044785130285327 0.008872122744281449 0.07826565987885178 0.023884273104256785 0.05074300694306923 0.049006367134178046 0.075528791463348 0.016004132556502026 0.06544233849058068 0.02828581225089896 0.08892870932194552 0.04009993081845803 0.06243215911685949 0.08176955695099122 0.05563513947776475 0.07632614588244153
29 0.05354543278650064 0.06049399228231707 0.06566617762613661 0.06762755309040402 0.07620761616499516 0.04957696667371923 0.07537792243194479 0.04934638080833517 0.029898686454384968 0.03587012950291413 0.006460338482185942 0.007403507239009049 0.05273424845329645 0.07480514564982571 0.022107028784560858 0.06439687961524963 0.03230524175039795 0.07770286511830084 0.026371203517294994 0.072102683568227
30 0.07125446078750336 0.0005561270291145443 0.04170101371450697 0.005322643440190689 0.090778066828489 0.09315484739992907 0.09380118864288403 0.0886813580967055 0.034257004502608025 0.06107892058000672 0.046382784917951767 0.05545214152496304 0.029171964103970584 0.0487239972437356 0.07189882374655308 0.040030091035689296 0.0003555864244922157 0.06018711144713301 0.04557327932215783 0.02163858921141553
31 0.013870558705977181 0.0659813726214468 0.029737984231197917 0.058927788483409155 0.07604878126166181 0.032793051728522635 0.03164340074250385 0.06596195727722055 0.058825908577137404 0.05039057230085377 0.024398369856559368 0.07594619570235324 0.040677888511403644 0.05788069360234781 0.02861167842494238 0.0701194954557306 0.0474870851080197 0.07341644254356595 0.03738372537408865 0.05989704949105743
32 0.05173104654496481 0.02046854722460393 0.08949631277537462 0.08509698088148712 0.04479607196432871 0.033301669390957946 0.075384422833141 0.07181797417141697 0.022491764200913957 0.031056550103067643 0.04105983644563358 0.07942344134283111 0.002102731598440254 0.015221022754619652 0.04355258598857736 0.06579799229581719 0.051176049149504535 0.03279050441019114 0.06499154858900931 0.07824294733511937
33 0.06403595422516235 0.07560802523060756 0.06887647771979596 0.008978743029871531 0.030792551516365597 0.017486471084583153 0.0732842911731093 0.06745459161512987 0.07994936716446664 0.04402542527413803 0.06602101308856116 0.047202169849842025 0.016315571476101454 0.08110963956454152 0.06522977754103317 0.019079909203829074 0.05354691126212291 0.08153321646083948 0.01496401537791524 0.024505878141984044
34 0.09757394693151522 0.09960519731361168 0.021956614500025968 0.09733158289947867 0.09804676346061056 0.04204546851879089 0.01412175556582984 0.031032459334709897 0.05519840129993152 0.021808305328095412 0.010614921721231971 0.06661900322965254 0.08937690646369377 0.0030377520132280566 0.07957028461129091 0.09429936258349314 0.036505893403233916 0.027155114353087727 0.001420932797302117 0.0126793336711862
35 0.09603365589963625 0.0366030186794288 0.03136718298104715 0.003739996505541604 0.06652405956052863 0.02600544044561009 0.04436628759497808 0.09726085122320746 0.09888785410599973 0.032368251632213664 0.03270811095776088 0.0015419303846942313 0.08955142480814368 0.016251358487056607 0.08986471555762153 0.04034087904476144 0.035246332728669554 0.08229625019046004 0.07676111939379435 0.0022812798188461907
36 0.02873284045513284 0.03522556679943933 0.07549633745935062 0.04168290989102282 0.06708909441097324 0.06871529655973557 0.0661771932019105 0.05721856975492873 0.06834499795103656 0.06439578777457441 0.024504472496836734 0.08018926465996183 0.015185701103847402 0.078942722995901 0.06090996867619705 0.015838366944242413 0.020095155312557244 0.06902232594387737 0.02074560245333351 0.04148782515514047
37 0.05237161303742328 0.030745117885304405 0.07713841149536219 0.009567949934916713 0.002140411911577168 0.03794679584126736 0.028014264624512262 0.06485682491581514 0.08071438586985706 0.018313870895120835 0.07129831869225692 0.07023752696924765 0.04110341438737133 0.05011116763852684 0.06330477929895637 0.05251046654681114 0.042243999100264176 0.08014418546630714 0.06959539550128077 0.05764109998782116
38 0.01679800941854165 0.02725173503999218 0.05498954805405485 0.0316956064761771 0.034388601260276264 0.030010473071631388 0.03008032346328921 0.017787838270860955 0.0548279323288362 0.12491471348511636 0.08568740488260145 0.03583277780495106 0.06102369196601057 0.05852976090678343 0.07879340475387163 0.09269433326883712 0.03451414721190876 0.05033452534865087 0.07952688247510628 0.00031829051250251985
39 0.06135507194984907 0.09592219083127707 0.10610292878928153 0.05467667433367026 0.07400272530575484 0.09087658829342624 0.02629457436048066 0.05088624948757964 0.038825964155640755 0.012216431686882247 0.02179465048278452 0.06581709089647926 0.04271961919377542 0.014325743352777334 0.06582327974296025 0.013703056469411713 0.0036167295926128507 0.05837999344598399 0.0841455790773353 0.01851485855203678
40 0.037339347798430324 0.000365230042243734 0.05443999965600865 0.07350310990348864 0.0757065295299212 0.06550197600395155 0.040980588055561186 0.06336935107152569 0.042499087326238465 0.012389175647068023 0.0573716368090703 0.03772079478160118 0.07293420039260841 0.05183251613168641 0.06034437601237303 0.05376875515189567 0.03464448055847322 0.06872680273162465 0.07681883051479806 0.01974321188143166
41 0.07587450586249908 0.04243684411586018 0.0033068987683296607 0.0827767966341203 0.007507866913608055 0.05607648981962499 0.10895130393714482 0.07762219923035607 0.012860731180289598 0.08373905615426426 0.00767749103858991 0.09214277690153576 0.10077405707695807 0.09357927299568514 0.01214050544297825 0.01426998456894304 0.003474462975165845 0.04365144354063247 0.021778883026582964 0.05935842981683151
42 0.10638608635350724 0.06571913285856695 0.03793752261646796 0.042020343203541026 0.07720311730660394 0.060993057570693864 0.021000669550879276 0.09998529863913445 0.026261524806739593 0.05091275722101435 0.0032854434771670766 0.03233458342181674 0.09874859083191843 0.048673074995686905 0.036974056700946875 0.06466476504392878 0.0974310235363109 0.009793371679257494 0.005229744208581325 0.0144458359772368
43 0.09730574465628046 0.010680360532438695 0.05881614792569304 0.02183633088680045 0.044393102939592054 0.08000905151504689 0.04550204970507967 0.05384522947455507 0.06386584258053543 0.0775173461805881 0.034302774761846226 0.08220860732400871 0.08055104127612743 0.0009497916990810553 0.0006859180864781186 0.09560753655143676 0.06147814616267226 0.0643852172454666 0.010565910170962322 0.015493850325310489
44 0.0635309583441377 0.054471744709889094 0.0680744941309775 0.046343925656431154 0.026591355175755022 0.013188370884610731 0.05498636439929296 0.07141634701632353 0.04882554097576462 0.05819464725246911 0.05730463310209784 0.04089264336705945 0.03693022010708071 0.07242166257985827 0.038761428274409246 0.0734157294729131 0.014128670185355038 0.07282785295544958 0.03732342472109592 0.05036998668902934
45 0.06550415994502688 0.0675704720700319 0.06802535137945118 0.09292010133417003 0.04258615123460427 0.08240970661898465 0.059086385746471196 0.08833926718043252 0.06555276907265924 0.022750205116808062 0.004145567859045102 0.04670680665494046 0.010801502621855997 0.08793924766454679 0.0516983491367959 0.04137957941389651 0.006717818321798337 0.011654296119204731 0.043370594482027146 0.04084166802724912
46 0.01610108134651451 0.024104973756226594 0.014001653353087312 0.08256659377802933 0.062437610227252284 0.08073947177393632 0.04366646389195716 0.07518218219969855 0.06115347989496346 0.038591897824783554 0.08905586791481165 0.06475669918746374 0.03707184963283796 0.0669901452507487 0.008080187113821403 0.07214212332397506 0.07633544184958946 0.007062103238660102 0.03139374339519777 0.048566431046444786
47 0.08956836386011689 0.04335679034347091 0.024966567933092848 0.04435071370406356 0.010099260721557786 0.07036494188577312 0.01520266462661455 0.09140056973195335 0.10259514107999157 0.00023265691916632156 0.02065278803304353 0.03990445996667847 0.0651462820399583 0.08241266152164495 0.04960688024631781 0.11784730504026995 0.04478675964978608 0.0037328846776641033 0.060780486179633345 0.022991821839202304
48 0.08736554286651145 0.0285044070794808 0.08649374363798353 0.09101862549226451 0.03542879284764227 0.052248352609953905 0.0009153003290441738 0.05823397744509535 0.026495665405782035 0.06129815864408137 0.027718875169431435 0.05585775094165803 0.0872871386430788 0.07598504406850318 0.05442719708037781 0.06957341109693627 0.022740121539424472 0.01951159037006105 0.03954002974194141 0.019356274990748143
49 0.022499493620191467 0.06968705020874677 0.04895012103631053 0.07113352335484162 0.02061281405768496 0.074770917441303 0.06728555092591974 0.005628635972262003 0.05161989821286991 0.009638911683199707 0.06641372709919864 0.033649635104492724 0.07256049493934118 0.08220208935802598 0.011086825205081932 0.05910037587199134 0.026326053223390163 0.0844979907117322 0.06593649601962275 0.056399395953793494
50 0.07254844343894659 0.03423311349565497 0.06333150632596529 0.032376874237843876 0.03787638389380277 0.07052795337139907 0.08115957724695905 0.07047645446024631 0.0563730015600097 0.0581500456088692 0.03877155545210361 0.06385143988197996 0.05687125265115322 0.034486552610386446 0.047016143278147626 0.06558678046288502 0.012191723091837296 0.013781627692190766 0.057381784005334266 0.03300778723428494
51 0.10667203978501628 0.07787489394261572 0.06924468468243275 0.03684188249147102 0.07940168307940074 0.003770118535338994 0.029329020403679837 0.048582189334726925 0.08255510606079065 0.11007717111280964 0.006983548789624856 0.013636127857705672 0.06778602196438334 0.06587075610627613 0.030350041494853854 0.002653751314390489 0.01954861456667992 0.025403839060111115 0.023538290760203695 0.09988021865748828
52 0.02937232682042215 0.006836978975321501 0.030704152101094423 0.08475888361795467 0.05614848799601097 0.07347099145051864 0.09359319334550029 0.04136339733841007 0.006618390472272693 0.05534958843502889 0.03488679806980073 0.0542947433783168 0.018563003019126147 0.10021734846779047 0.04201203200979749 0.059967808024658203 0.012865910676625096 0.04194829273940016 0.06898388983992534 0.08804378322202552
53 0.006506847255229021 0.03658491739617336 0.03055450759059986 0.05802379218399084 0.07902144112464686 0.004515712358993639 0.04328950807717628 0.08960731991170189 0.06320568040985342 0.032852451081388054 0.004168476127491688 0.01830051673538333 0.037075705105274324 0.06474115503579358 0.11714599771119717 0.10940811038300226 0.05645448808054466 0.024317163158842584 0.013595620942018303 0.11063058933069886
54 0.048727482210730935 0.04036983591458511 0.015472292195703837 0.09095058155601367 0.08142513842968097 0.030656902323734435 0.1172817284595746 0.04490218933913003 0.031130602936658768 0.008126769567926233 0.028075688487688304 0.0389266377136891 0.07270721613659385 0.009336261394491436 0.08991070298080162 0.09800548270583352 0.05885540259568827 0.05373794903861986 0.00655377269679601 0.03484736331605922
55 0.008407846484622878 0.039317225288314356 0.025286123307283373 0.038818535065533795 0.05211722204233525 0.07790754552893406 0.0012884311904530668 0.024174495511556936 0.005974209915316093 0.09509487143490593 0.010369820630747638 0.0989382704525668 0.0077054576085127295 0.0811636372414977 0.04004868798718779 0.057755682775268484 0.03210724668222931 0.11496977425716964 0.10051099149459063 0.0880439251009738
56 0.023946183229234544 0.0005561309606162586 0.03918010345279983 0.07124255822782169 0.06229530638641628 0.018591995141679554 0.08431681001902738 0.09243873831067471 0.00456696853849735 0.08676190814677258 0.010833410567162086 0.01723852486101908 0.06578632827715941 0.07611044258195088 0.028175998467693083 0.041434556886609686 0.05744476877998213 0.037555336156538346 0.08965491453096104 0.09186901647738396
57 0.06870351398509347 0.05206627649654554 0.07698440372193037 0.05828380728418696 0.050658215695355224 0.05302035479449714 0.05490241205041611 0.007406407673823949 0.07275727554190044 0.08210029527174227 0.012587429803630869 0.06617457951552516 0.05610309943037365 0.03791271979281193 0.007932782983049984 0.05381389169976273 0.030041957355595294 0.03306932090522001 0.04440621730880812 0.08107503868973087
58 0.07942196409885571 0.041003634490182295 0.06789370250848133 0.03106670165852473 0.06587812765676017 0.0035651884756171368 0.010769903627026893 0.025966577527596058 0.052598322244097065 0.004197653365954079 0.03383913962402529 0.0630017144090141 0.04812444906080801 0.10138630350291174 0.017118673345000432 0.034441865484036355 0.036439761233584764 0.09450936439127366 0.10866740771214595 0.08010954558410417
59 0.06760668275040968 0.0070146050639740744 0.0718641217816554 0.06318558015416824 0.06757646118457618 0.04758244239687632 0.0215541125792152 0.09186163691372151 0.09403097323057308 0.009087707317094997 0.022111386439145415 0.006541271538887508 0.10280567776025529 0.08776379693281847 0.04172443812322108 0.003224415421877124 0.08594681266106871 0.009161679230367332 0.033999680186431964 0.0653565183336624
60 0.041526711273129145 0.05182309368845711 0.08403019905016533 0.07746445651424308 0.058339070218512944 0.05673976525651358 0.03417009694055737 0.07220497489099821 0.0753842520906107 0.07310733654484362 0.054038240505837484 0.06683153102506206 0.07412699370953002 0.034215206533520344 0.0019022681825471728 0.04005208205752596 0.00173691526946262 0.013112191088891313 0.0679116856570685 0.02128292950252345
61 0.0829015025587321 0.09473908063174523 0.08646240453188662 0.042396291815294036 0.03631818266731902 0.08219943259744156 0.06732208377766143 0.07427257890507794 0.07120308400700674 0.025260278761218453 0.036569438036024644 0.004855550891706605 0.013326856599901536 0.020908467230382803 0.008327144536526823 0.05240825317726784 0.08573458897640435 0.002698317149767908 0.09318983943758134 0.018906623711052964
62 0.047376185337394724 0.03567506159323469 0.017177323406159323 0.032648460961440855 0.022151818868904903 0.09515760077776832 0.024312092536925938 0.024435159449762826 0.06465192190110668 0.05538981083182374 0.03856134517729868 0.04263729605812122 0.0459379586851927 0.09513847633586983 0.0451932036579323 0.07338234847943621 0.04474322329217694 0.07660640230873896 0.07383464330562638 0.04498966703508478
63 0.0027338463990534273 0.09600846186445866 0.0757726239349315 0.04866666005655426 0.04330295036313837 0.09079443671497822 0.06242102237395409 0.07729738018130122 0.02770578383507223 0.04009679863720348 0.07545407629561199 0.010937018718992978 0.032550577824380506 0.019831364016646494 0.06538939408531892 0.10841296846080034 0.016210262342779648 0.06730840872353737 0.007641895383242756 0.031464069788043586
64 0.004789759925433225 0.06147000388494652 0.10265310198648138 0.0708637960489914 0.039621937733978145 0.0278067425256237 0.09396290175692858 0.027165217909430082 0.038181896614173524 0.036487703204674864 0.01986302393914034 0.10223863217944998 0.04580534529025788 0.03310349702774726 0.012323338981539547 0.0772694548848039 0.02248353025923281 0.11125346965333786 0.024989531187930437 0.04766711500589842
65 0.015080005204012481 0.055652977808357144 0.1118289115927924 0.038539331343251396 0.021020009323486567 0.103696978370297 0.018624079082881814 0.1069290569358745 0.07741553864534695 0.01709728579394557 0.0449302028749503 0.01947697896498714 0.09412620849153303 0.012974631277176555 0.06550241988716414 0.02873246009183348 0.11187224858959724 0.03883613790375186 0.013220512503274771 0.0044440253154857
66 0.09225170591434399 0.09576194955977362 0.08226620750225698 0.05400214417889127 0.046400072483882844 0.0030488958806617963 0.029941419382455564 0.09182635170986549 0.08756970429291835 0.03181726708134941 0.05858992698864199 0.032277583063621045 0.06374506517347872 0.0504438630330296 0.0005955707254201082 0.022975879512348227 0.06998497875085158 0.008292894870771374 0.027211416165753677 0.05099710372968404
67 0.061467066684672035 0.04484034813867329 0.03608103730522391 0.03307613952986573 0.10613785936417243 0.027670908081218876 0.10357488414803742 0.06383271167752373 0.007255924098573928 0.049753477284396136 0.0038568957848786976 0.10570732232287451 0.006577903278022031 0.015643662933748526 0.06840898134410658 0.04693270827404615 0.10078566795032283 0.03606406303455119 0.08048727976037107 0.0018451590047209078
68 0.08403673901905796 0.08241669013567535 0.0642527323038448 0.07117412204940625 0.0025318180177441407 0.0632587764919869 0.08147161428429671 0.04232736461267941 0.06137429217684392 0.021937880690593697 0.034595798032164865 0.04709994130291233 0.002548874818751985 0.009349002702927814 0.057006258755026316 0.07700089394651143 0.04339511999006577 0.00971207468742216 0.0633572994597183 0.0811527065223699
69 0.0712261191861683 0.0979985947708615 0.01643477434595299 0.0033430149794742296 0.0229802755553602 0.11392894162433535 0.04397987676190519 0.005705900763337548 0.052572947585839705 0.11156903115945212 0.04071109534564186 0.0658065096413951 0.06855817723654015 0.12223685761306666 0.026783773597381454 0.0018505116387683624 0.0008476176201741996 0.10090336212110604 0.03216215837919193 0.0004004600740470318
70 0.043569103368027044 0.08576280654579238 0.014965426023041845 0.05374782434597838 0.009559523073467809 0.07795378047114548 0.05238913225218512 0.06845584360266482 0.011628503361601426 0.08680276131553452 0.05318634680412217 0.023267007880157627 0.08249091573661291 0.07973272450267259 0.04185608109912506 0.044076159534886965 0.06190863784646273 0.04433165745760508 0.055800583743644265 0.008515181035271643
71 0.003117449463312346 0.028678860152257547 0.07454898817762136 0.05821324120507805 0.07900686166946733 0.00977695801348569 0.061437723933940855 0.01939680980395988 0.07337334997448235 0.08341772642849744 0.023147628481705533 0.07790567761701224 0.07516244504833981 0.030172535602072233 0.026670691378064503 0.04155571160665945 0.08384511270492054 0.01605095040301573 0.07343462704247104 0.06108665129363598
72 0.06277905282778429 0.08455375651609848 0.019635257664035434 0.013585929256131536 0.05608429886147711 0.021034431253949236 0.055613334905312485 0.023436108377230848 0.0774477987874039 0.059706981178068746 0.04758675789704121 0.09965155982710211 0.06889454351279191 0.06157665425418605 0.011451141913877734 0.04101923916613098 0.030958446976953043 0.06298787012288003 0.09898269680541613 0.0030141398961287384
73 0.020547076907658002 0.09312333088922117 0.007708006754016519 0.07797904613954572 0.013848559515417193 0.015843522321078173 0.058798974972090884 0.043337129392913315 0.04224279890882465 0.11339986235156561 0.07734833746567371 0.015068873800591704 0.11031325347943678 0.012261706610050329 0.026857417514730392 0.030497385384365885 0.04170592103731882 0.11574538967632378 0.017497093818715215 0.06587631306046203
74 0.0346262304609093 0.015982845829083762 0.026260383470446264 0.0172822582083179 0.08911856696850833 0.05921978836898598 0.02379508196263041 0.06458166656120107 0.08856421081266135 0.01889063299923595 0.07441288180798772 0.03665123698064365 0.048996515714376895 0.003663255889030475 0.030968872203074715 0.07324903144558342 0.09141330790921572 0.07880270223399519 0.07395228247151277 0.049568247702599315
75 0.07053330044708918 0.05265215599208183 0.0427667762202756 0.015796236154886435 0.004378578713180697 0.08233841375447401 0.08699114143411846 0.01410275829122866 0.0005472315100988642 0.016837452375886543 0.06658879913994435 0.10038532065901284 0.06219802294211473 0.06893791018278264 0.05495468436215781 0.03573207113361836 0.07028786473239104 0.04597215710078179 0.06763942151996709 0.040359703333909085
76 0.07334592584845544 0.07239393174853129 0.006398466291411916 0.0577915571281028 0.07508563142383039 0.062090042577026744 0.07028253865273802 0.01380967641845848 0.0022997230598899325 0.05686407728248707 0.05912086953692235 0.08293743191603016 0.06105622945080894 0.016060328555663476 0.0656076368511072 0.01057512330946867 0.06372514630801643 0.03702282197013663 0.06967193171433048 0.043860909956583774
77 0.062395374049182835 0.04517210674486898 0.0074492492412501264 0.028827778632847464 0.03815788553036285 0.02602408857075262 0.08297191974381359 0.09131984154790311 0.0753784493951584 0.027878448644782026 0.06984786212728257 0.03452762041373933 0.06031088940077992 0.03090675325680157 0.062415630374729164 0.07074381507611051 0.04934678864755794 0.10174698998129247 0.009563005150561037 0.025015503470223414
78 0.009128072968572171 0.06260080691180726 0.00617401860339786 0.02149398297487747 0.09785138552366714 0.05255081764688802 0.03609714131561249 0.019254375471382774 0.030507926457546387 0.0406280037214403 0.06840891640782486 0.0015756371529185602 0.100903848515011 0.10956426659585136 0.06295949010109128 0.00456933835609981 0.050307561696684086 0.10303820127992909 0.03221581875485487 0.09017038954454315
79 0.06086164129732487 0.012076353206210349 0.05275467917956683 0.022752968615409486 0.02235523929278651 0.0493938475257715 0.06169121088021142 0.027841571360462135 0.07855933023763775 0.01315616407242515 0.07839485634470163 0.07698019236533506 0.06704628162874937 0.08552868750361277 0.07459426667357398 0.00872217756941344 0.04656365139830743 0.05738207659317061 0.06627567838845663 0.0370691258668732
80 0.055414968881653454 0.021298305797986458 0.03191376685968812 0.03721744359480043 0.05880018744277436 0.07872138025021312 0.07496821125837713 0.035200833510246075 0.01633299811510555 0.02034409159563266 0.05098179599743708 0.06422439331294541 0.07476498121044729 0.08297654517854278 0.011202731272751737 0.04458693200629549 0.03597952904589586 0.055571874325659285 0.07788233972634018 0.07161669061720745
81 0.07005845652073839 0.030820835295948146 0.06314322078170434 0.03308409663429166 0.0031089788292583713 0.04952267826937852 0.06362907954451795 0.061279920903879674 0.055939265941149 0.043593215245817836 0.053533544823885136 0.07588198183046817 0.05679018498228529 0.038875826599143286 0.04789212064224984 0.009208665906324517 0.06829473210738807 0.06267453965231891 0.06776545160427618 0.04490320388497668
82 0.009914824360885754 0.09186370535334679 0.032047192540449805 0.09618751867692032 0.07699355969646463 0.012399059523666017 0.038940711888563524 0.02079043303995019 0.004374582500597029 0.06889229723082851 0.05186208778289986 0.09130403175764527 0.03350151152329717 0.07909943207666119 0.048595464930278755 0.068127546335586 0.039873384833466835 0.03662601184832861 0.044379479571337636 0.05422716452882591
83 0.0038311827629383803 0.047078333566226586 0.03477794642209003 0.03613222383214344 0.0009238456219344382 0.08211724978543358 0.01175532987747409 0.0703016985540141 0.08138664115898675 0.06512109510652422 0.07230550603130761 0.019132530840497045 0.07011154037421007 0.0692820067530236 0.05989088063704124 0.08242489997614492 0.03858921953466338 0.030321300924763296 0.08583734150790215 0.03867922673268115
84 0.07862205572225936 0.02172293985295413 0.0021809683268047284 0.08444357328360304 0.08928208400346181 0.06934081948510815 0.08153263819146543 0.0006151986112733795 0.04245059583207784 0.04736264809715868 0.06198765503215142 0.031140525947902925 0.07608647951390354 0.008024001354597205 0.09769016492100761 0.09912075036350507 0.01539632792577149 0.06711834586442322 0.02541116574519947 0.00047106192537144966
85 0.0727750688032448 0.05219311234493232 0.008308096873520765 0.03476969742724348 0.01264194522794785 0.015173567804645205 0.09477194516078385 0.03349103738882346 0.06462745400021479 0.028907113149693475 0.034273857995744415 0.08667406045802489 0.0692579716098734 0.055381899945320216 0.04796644804037528 0.022172176443348297 0.10194080656286279 0.02839996225698903 0.07073761599908317 0.06553616250732863
86 0.06996919189813518 0.04455948654757672 0.043008461589245366 0.072236568941225 0.06418383562323843 0.033714716782799505 0.02100278153869535 0.08876707735495475 0.01996787810092844 0.08443508492553208 0.06542676447721872 0.06056246091208004 0.0014572867932912414 0.021561380306846803 0.07032737748945164 0.026052578289584287 0.06655592891802307 0.0851895106052712 0.02997364494938702 0.031047983956514782
87 0.018248083378770336 0.007728281862359466 0.05718287794740366 0.05698896799977478 0.03897399377711949 0.004738345296490138 0.0074941833894866024 0.09047974004210997 0.07680808339224571 0.030221020323997747 0.0798729857934676 0.04658425542280769 0.10248098962668585 0.008706636904186656 0.059014748301533686 0.041591778307164436 0.10751966693839557 0.05086191051054873 0.09850648912061039 0.01599696166484157
88 0.08318008741565655 0.07127275164347856 0.05701414181707898 0.016883618539588176 0.03677992452068646 0.005581084251539504 0.07175020839987939 0.0347663136198019 0.017687682210109256 0.07514990075241557 0.037680158464905585 0.02365271464064653 0.07730852906537258 0.09022367236434771 0.025659633556499566 0.0730602621421312 0.07605408642678552 0.01641928504215507 0.06031305498935961 0.049562890137562224
89 0.10631192305873527 0.06723345255058687 0.04857929029644708 0.04852419074937941 0.014786688329296117 0.010354972437402335 0.06633566858523035 0.042434750642337045 0.017698450960410044 0.05053194562702369 0.0467957128363644 0.0751106397731539 0.07170137320143256 0.03330115234266465 0.08596893966255818 0.04810918587125728 0.01410412595108064 0.10721974869528597 0.04148588602773799 0.0034119024016163813
90 0.0898598882431034 0.07546114495772206 0.08282203546059537 0.013032919936716627 0.09119680777325491 0.0015130399656027153 0.0706201593258368 0.012876242021842232 0.03110271916877987 0.008205243086959847 0.062230868966454286 0.08099089484916655 0.0488706886716082 0.03502459939716114 0.0831104309208476 0.0010553366554202847 0.08921293548348154 0.04089966463491107 0.01945508694662354 0.062459293533912164
91 0.04661184024395377 0.024487617923380983 0.06129302145349731 0.017402848808899002 0.012754562362575016 0.06352142717139979 0.07700454065624818 0.09486732197755232 0.057067903983325646 0.10734219041241591 0.10353650847455632 0.019099775502091288 0.0024984597837435533 0.08050465774004661 0.04588388111813865 0.0012616902311037871 0.05219711742308002 0.0021356134894402047 0.09485944137638788 0.03566957986816397
92 0.018915917979121486 0.0905960930504312 0.002398312648265817 0.007034397889225042 0.07657975127656101 0.007359531881032355 0.07397879279931995 0.1051730655830406 0.08250521818811667 0.03494541087662456 0.05186597618747464 0.009689386695369291 0.03370126723622763 0.01786665404477926 0.11392947901895333 0.06657571558093872 0.09122549722631379 0.0068639429286529675 0.004605972206585424 0.10418961670296628
93 0.08944164892560423 0.046459369713253124 0.053741321290704476 0.0993714689604386 0.06957619398419838 0.01021840754295696 0.01699676034358149 0.014803304710328332 0.01615452987942474 0.09569523067526788 0.10379812598146564 0.03343686954642199 0.08279447734959007 0.010131090907290887 0.07203620557921016 0.011613608127690564 0.037693401320751524 0.053250038935347535 0.048755882328643384 0.03403206389782984
94 0.04924960379572769 0.02863446242846447 0.020806927227608768 0.05767908975562324 0.07349029392971172 0.07038971020460137 0.0383762557439582 0.02403739221856772 0.04309473702114593 0.018207759387073804 0.07583348447626592 0.04982115181970624 0.09258257325807484 0.033908523750095364 0.0809229831902648 0.013450005969194889 0.08891187210306106 0.016135023197853805 0.03982545166308185 0.08464269885991849
95 0.06110361568523953 0.016380313564190504 0.06570515230915165 0.07988772864797192 0.06545752922920257 0.03949570609472068 0.07866018489929563 0.06882223867820408 0.014747295799253945 0.007409688660450026 0.01317088163860348 0.0068394436598117935 0.09479636728792762 0.056475542815689936 0.07328798821071535 0.08928180481080127 0.04394393857605317 0.027573293194876038 0.028357336340132412 0.06860394989770834
96 0.0178908276219451 0.09911853164452135 0.05451864990396071 0.057940962405933036 0.07581272261860492 0.06456037666677758 0.011043388347623938 0.02681482219205185 0.10630528279207538 0.11999272558327952 0.023151218123096583 0.025090037864152055 0.038232018930290976 0.0207922527999078 0.036035067958418536 0.054989498165656646 0.008399068617987468 0.03226467777772379 0.10816019582504452 0.018887674160948272
