0 0.06286265822513774 0.026531731104577128 0.010980757398505864 0.017519302643134494 0.07105772538933028 0.05102836673708758 0.0762567638866305 0.06331003287056061 0.04795750363255245 0.0480149084407112 0.07461335517537036 0.033930851967819815 0.07433568811030528 0.026324547539843805 0.05909854490713442 0.04952815333491035 0.06344985351996422 0.06573333419558519 0.06342679358188025 0.014039127338958216
1 0.061056693502838384 0.047351943218528016 0.05281941182159706 1.719374699354274e-05 0.0007865230563856465 0.09353134600255418 0.010131780255301513 0.08346820826195649 0.05375144756287225 0.054873318319828564 0.03248118421879011 0.06490036703410441 0.0966720556885895 0.0066025461772247366 0.06691592592427723 0.046678081671624065 0.055788167845548894 0.011579754049674873 0.0650706556571794 0.09552339598413115
2 0.017022910361131082 0.05579814622583755 0.0620015875797678 0.06599043790753707 0.05809243343202409 0.05697076558453722 0.044660637522290686 0.07442071164914411 0.04939229730531664 0.08127579411412303 0.07816203773869837 0.04702283650097237 0.038781922430158544 0.037284399401306186 0.057512435139164465 0.05732291659002847 0.03493202993906902 0.003832821335196813 0.0480013758718317 0.03152150337186472
3 0.07777854642135025 0.01327841246655157 0.031378408575615864 0.034080392193207305 0.11654981981397013 0.023811163228794074 0.09985848882648705 0.02263751260684225 0.0365099948435296 0.056652350755224595 0.057577716432505734 0.10867449563372768 0.02914010398418662 0.02558557848794339 0.11890415346440109 0.024792108834302346 0.03592335285097721 0.04369947702343967 0.031511423259610226 0.011656500297333347
4 0.04459105756919705 0.05980828641320854 0.03785070224580353 0.012291889644769748 0.05963066619008009 0.0895357605713428 0.03128171688605523 0.06634344742805363 0.07950053947119942 0.08625476382849731 0.07479197107439337 0.033075257636419886 0.01916829382653361 0.004367571025272381 0.0823664299400793 0.06967962403560415 0.04270233602325312 0.05486226390999525 0.010667789503436166 0.04122963277680566
5 0.021868520043609257 0.08489485215985336 0.0868708081179894 0.10559112618584554 0.08856442626381952 0.0850211557481421 0.029714838035130184 0.07747963445409688 0.044815037749446784 0.017097604235857954 0.08602834374150321 0.03447881430615803 0.021583450611202693 0.051491692851980235 0.033497489630949034 0.05363269302235326 0.008698025776799987 0.025354814957797196 0.035870362297320796 0.007446309810144723
6 0.007641960500203363 0.038963385666127545 0.01273963157741918 0.04983192302649729 0.06222224243898986 0.07560084672748076 0.019383599463336763 0.06753981844993562 0.022500444627398763 0.014367037717918151 0.09186558262248942 0.09917963318105527 0.09780316034602869 0.0692094833010263 0.04471764006432243 0.026305029986435087 0.02779349769701049 0.04439343917965708 0.07031843784346935 0.05762320558319871
7 0.0694917214215262 0.09811394570242161 0.09031234479335022 0.008561177651723149 0.04597747445301838 0.0719925656462546 0.013387843694716952 0.029790387885892822 0.06998450395332195 0.07657189774434346 0.05996045200313262 0.03312227945277039 0.0017120481012452492 0.07305397847887879 0.05160019345714135 0.0627690167454977 0.08918730905681048 0.017076610832940084 0.009794210497600996 0.027540038427413156
8 0.04594583226808041 0.07913310741799745 0.03512467898243492 0.07731357512598289 0.05318759166249023 0.03828286347462509 0.05663510682235834 0.07186761794925856 0.02209553289374714 0.007391714140263134 0.08562414443752407 0.038887167488006524 0.07834837161005724 0.0715755551632578 0.05799913509141026 0.017696130746825252 0.015456590812875022 0.08108242990754923 0.048280993766390466 0.018071860238866012
9 0.01915120056861712 0.016853154474201822 0.012065835379969312 0.0515003577473058 0.08368496867277217 0.08163765178468706 0.032660915630925366 0.044039551154172095 0.05058105084076153 0.03429323813154211 0.039463644169152504 0.06068744600769307 0.08187193752999461 0.08652567575252385 0.04133678520989331 0.04115291896414174 0.08578595637721137 0.0007878034197298308 0.048965915698470225 0.08695399248623498
10 0.10105569332354183 0.06950532794366529 0.10699544220269996 0.08266003653379923 0.018294373253531133 0.0011933070994224818 0.005327893489016836 0.023658090262946515 0.08720789630999674 0.05804854173828401 0.031577693278365286 0.004602440159070103 0.08260635784731582 0.0013223009036754546 0.05449943184300315 0.0002653317050242671 0.0471017793825632 0.13466896705420156 0.0012941045693679435 0.08811499110050913
11 0.025476406717402467 0.013713454661346287 0.026143294356249295 0.007883793590814444 0.09599128068614901 0.06700919070704885 0.043799222836075236 0.06145606822883207 0.059705017280396344 0.03811184762027378 0.06273217734581615 0.05022797888593348 0.08527717458642547 0.09933983464316523 0.06776023859587571 0.0129072146663898 0.06111333620736967 0.0818295692059545 0.007271521934786107 0.032251377243696026
12 0.06056847728349067 0.08433675920010446 0.020348245617779256 0.029888305336267282 0.0040634180774284535 0.04388255322771695 0.08818390211218871 0.039372238580379366 0.052053062040233224 0.013086504482982854 0.030794639020052885 0.07100107994677686 0.08546156437557631 0.04718781027546147 0.04216692260604598 0.08847319499422952 0.03708978395387352 0.019861065998850805 0.06575442357911127 0.07642604929145014
13 0.02285960059075434 0.030898326505392978 0.06374278493652537 0.031634115925611175 0.04010706053668485 0.08869803357323075 0.035596021729216165 0.012068349564881073 0.03129920877721752 0.05238296384412843 0.025907370986727532 0.0767463409696087 0.08357264579718915 0.07648949698242853 0.08309649992350714 0.03136652004850853 0.06667135245961579 0.048218276816582986 0.07532993907440187 0.023315090957786985
14 0.06362180676108979 0.09408288854997311 0.034860596755522125 0.09203771046835535 0.05958239631795806 0.032149675108705936 0.08317332632332629 0.05754822842656389 0.025150908814280587 0.07891708162638718 0.035579496156210054 0.09197830097682347 0.0636483998630463 0.007989318231850331 0.019312425637633773 0.024014242003606898 0.07143199165169548 0.0515311546786876 0.010656700407315613 0.002733351240968297
15 0.07037420911402112 0.012281273510527409 0.06031721833123857 0.07175091929199533 0.0007343444066035547 0.07410669869298869 0.05438607325240403 0.02433704522685854 0.07062265588452035 0.06655195465789453 0.07476695900946757 0.025330197345819504 0.060863420385258014 0.004269545526461352 0.07206903519091272 0.06568230886088613 0.0502395626900574 0.004859307451513573 0.05972864411516079 0.07672862705541068
16 0.03104659111637258 0.04869624885892477 0.01788777307311341 0.05783848068325528 0.07127596850804101 0.06410764098098269 0.06092920326866997 0.06016537866681735 0.056640912924132675 0.0668472670789518 0.07409162396233551 0.0010182155044820775 0.029116120803827018 0.06717015685858178 0.06406647296959836 0.02302063151850283 0.0439614304096859 0.04176486760552497 0.04921503515254666 0.0711399800556534
17 0.047242755691393405 0.040601051245563825 0.014391274767230587 0.06139648734364168 0.015535744360628545 0.0879943164841054 0.006047673868333183 0.035703844998031066 0.06680697657136613 0.04134426398456131 0.09704836169281753 0.040082438849745106 0.06311381364731697 0.053211384386218974 0.0291913144686311 0.025500905799530096 0.059764277313740524 0.08904092350037718 0.04208444444017235 0.08389774658659509
18 0.09287896996780705 0.004240499831487425 0.08380081150793392 0.035082078848696956 0.05273257835513584 0.06599251454049246 0.02921440139661481 0.08656136899651483 0.08608424330243657 0.0006973827953477601 0.037636935684358205 0.07043243803547897 0.02958198604255541 0.046786760721944855 0.032155536031473836 0.07327340405890795 0.03246295113280012 0.08681035858180224 0.02031756788673833 0.033257212281472534
19 0.06704801423633472 0.05190621800212724 0.018097335017640766 0.07952380917917001 0.034680692864451086 0.008765259908850982 0.05098134962678897 0.052269705781141894 0.046190410009128276 0.07106783468922427 0.0454524966407229 0.08183725610250517 0.06017680098458191 0.0822561503777037 0.04026882710125764 0.03996041228461424 0.011266651159083233 0.06797229242900754 0.06484531895962134 0.025433164646043973
20 0.08734421530970746 0.0040844620467046875 0.011488837091208579 0.004385639563668954 0.044591533941493226 0.007777924478499336 0.025013991630512 0.04717031272543057 0.03329639259981297 0.07412922129025842 0.046634752358881704 0.04629600240543688 0.01639553929977345 0.10443725194870071 0.0879721802295382 0.015630205114160224 0.0942911539793632 0.013377848347674139 0.08776185763014295 0.14792067800903236
21 0.009568341654487666 0.10017312608052303 0.030153566292908458 0.002827468637048825 0.006234584784437747 0.05913777544151501 0.03877858499305626 0.06885562107338469 0.041768307849136876 0.12000020965340888 0.11134554917176383 0.05563869139857557 0.019887372864220113 0.06007451919365593 0.05892176582148266 0.054413515040011684 0.04217287503593918 0.026669394183713106 0.04230497652685162 0.05107375430387893
22 0.05287933450426145 0.07137230177737648 0.07770825431653826 0.06004871588904715 0.045071116190740744 0.022998174166711422 0.006457051095212583 0.06809506799524878 0.05026071713538374 0.02118124594589492 0.10178800478540852 0.09952656990701225 0.0722921988682838 0.10296157741171467 0.05173172001893582 0.005458725574429714 0.0010488057130900298 0.031405081932850916 0.021084420824223064 0.036630915947635775
23 0.002663589163603007 0.0832430966312665 0.019815991827011558 0.01399710824683772 0.047732130779693405 0.07448294673776767 0.08863967765901778 0.07762821753742111 0.029822204557499944 0.015251447289948194 0.08172652946601758 0.0788499855684345 0.09182924397476064 0.07247823348107352 0.08659930992994025 0.05390190050966335 0.0006984953268345932 0.021471247639829067 0.04795846444491046 0.011210179228469138
24 0.10046485777803052 0.07411372156096993 0.07752002535057838 0.026448287008395015 0.040174742167216566 0.014521207729950516 0.09546345430043428 0.05688083475889592 0.0039006037010141216 0.08740121650205544 0.03366391680976517 0.041292173019428335 0.060560837444638096 0.022362683127202788 0.06625800967629102 0.04217381189779971 0.06917426756060771 0.037578517368516265 0.03586185594695725 0.014184976291252961
25 0.0622096375490189 0.058574194362194854 0.00956840146029111 0.038584737303396406 0.034172655894840975 0.035959423745187825 0.09205187522221368 0.08403068234220132 0.05860272241558075 0.04619250608675158 0.042619482684534346 0.06348980108472721 0.0006047796751910751 0.0895822425014714 0.07566083213850353 0.05467176167491156 0.08094345114583351 0.004727773436778104 0.0652281606804525 0.002524878595919123
26 0.036887563786575484 0.0375009010566972 0.07929511824420776 0.005025804248847798 0.06087011673270885 0.02509183964315926 0.0642988586079896 0.07094110387794413 0.02381739856756244 0.07697361339677543 0.0697430219737499 0.05865157793210148 0.07245315525694644 0.027571145876322378 0.042063924946623414 0.04577608151638545 0.03268429515695226 0.057084032609962726 0.08823374321006196 0.025036703358426143
27 0.0028797005862378337 0.012096203436253875 0.0015353402261031354 0.09503904951442839 0.08128661318996491 0.03176468868764136 0.05157979319475623 0.08935432793841391 0.006893947219277909 0.08942637628147714 0.09816855604033745 0.0735441551913863 0.07164230768453729 0.006461814725500309 0.04537325097624901 0.046910450158759 0.016130451091728053 0.07301591105464725 0.0009748689578473412 0.10592219384445345
28 0.0008710454312172506 0.1084783364068011 0.07016186434818401 0.08193568084613503 0.07533484540825665 0.041624533090347186 0.04402177270539228 0.0032523256736733145 0.09187101740544573 0.0996547887352905 0.023110547572816546 0.07558743944506616 0.08329049125977073 0.019556437870111687 0.0491677002091762 0.0053535178717876355 0.022031710621626354 0.001832918772184536 0.038669910172877915 0.0641931161538392
29 0.05278011522355034 0.07934379264071993 0.042050043618857384 0.03584876455789997 0.08645641058733622 0.004584960417600208 0.004819771636023719 0.04044492728947754 0.03808818384479569 0.08408626045646968 0.09463311093962243 0.03274615349223222 0.058207785524168006 0.08259260210787973 0.022143481845373337 0.0438638735708452 0.010111963707179332 0.01982905669580981 0.0902967072398613 0.07707203460429793
30 0.06491085959097541 0.048715649734051396 0.005392222152193818 0.08487389161341222 0.01607413925292585 0.045598283982814264 0.010230815114155302 0.07102462955054012 0.011842946554529863 0.07667083290157738 0.06509461221951883 0.029311312918171503 0.03687317334802127 0.00937333384882445 0.07612494556085672 0.03919158082431354 0.06740023139434707 0.09272489971339919 0.04676533790332346 0.10180630182204824
31 0.09827167660976148 0.07895726332794438 0.013189211288793688 0.034533287536424616 0.07444155235739981 0.06335536008634123 0.011040182102752523 0.07249345283646068 0.027945477242974165 0.032317513036685154 0.004012633939606409 0.09274411816605009 0.02756026706174253 0.07920680132085622 0.04887144934819183 0.006937015830340273 0.04894911820231965 0.05138094725873726 0.09845180502284243 0.035340867423775756
32 0.10226227288306194 0.008951864680080728 0.007228442501790797 0.02219224382389262 0.028744381698032388 0.0544618744799403 0.014161916379513608 0.08526500516746446 0.10096829686801197 0.033603089078934445 0.08781115780826321 0.008759551179630906 0.09161611498782014 0.04556149085850202 0.08249782826179403 0.10200237255020429 0.04820314744378887 0.011154777982371142 0.011977546974257694 0.05257662439264436
33 0.02362146971012666 0.09950078250851116 0.026969436896453255 0.00556963031768543 0.049005977426014674 0.08680960254707325 0.08736324971307996 0.030683205633400736 0.03724720239178656 0.06003370340461103 0.05460414311660912 0.042404310860606566 0.027251554622663987 0.08554442845709903 0.036059055673013846 0.055908856819455226 0.09432376174891224 0.09433173920977418 0.0005247668890358307 0.0022431220540871173
34 0.05863116565053242 0.03881472691547915 0.02056663829117524 0.0011066344172170615 0.05977896675599287 0.02743571191399308 0.10213126795749695 0.06314309246415568 0.009711054452439532 0.01764480753027246 0.06406462831163975 0.02861887454454571 0.08993335233143537 0.0825650578894246 0.03214914947412686 0.08066137101317779 0.0708168951380355 0.01792654330968519 0.11058642671465715 0.023713634924517443
35 0.027243652527521707 0.07959714458654288 0.01708091034307822 0.06463380196949657 0.07107622504695651 0.05899202854970257 0.053618722904149 0.08489149180154291 0.023685837248159466 0.06441029640717386 0.00945428547463611 0.00014894691230387058 0.02860325608787101 0.0563866282472555 0.07366711125853243 0.05279067321510604 0.0714673084359399 0.08069893918997639 0.05488919071024029 0.02666354908381478
36 0.039257502670875986 0.04305738350963259 0.004019766296704613 0.03697329101193919 0.0971785181409085 0.04659974290681495 0.011603604226010433 0.06585949053676352 0.055497052427767285 0.049392655238872166 0.06613580700438602 0.06843507894937241 0.06426519695867361 0.06637713971069663 0.011445104384171014 0.04877908640134783 0.06483938988000036 0.04109486128894863 0.09651591541274439 0.022673413043369825
37 0.07097849952209523 0.05557342756038528 0.07462600809163776 0.08523438110135327 0.04279575614215759 0.024314874822232335 0.004183065836941088 0.09048848230907693 0.07163999673193469 0.03660066594304989 0.036222501317145404 0.05635651934773337 0.0570710327353787 0.039695232564480355 0.035907136346903526 0.0882033185785729 0.04909118989825563 0.02754532341866379 0.03668604830535057 0.01678653942665171
38 0.018610537117141668 0.042923710596523834 0.07051787096013015 0.02776438981764655 0.07245226037400467 0.058113004814205435 0.05180675877626004 0.0525741669183491 0.07608480336095866 0.07992842002719887 0.026635359829468627 0.1040665143007207 0.036391193748827655 0.003926458103419843 0.00758442953860698 0.0025261417997190414 0.05252091932453744 0.07990753601196744 0.09826503708340832 0.037400487496905
39 0.015273906997177214 0.040078497636874655 0.035017387869260244 0.08166249080959288 0.005289745852629417 0.07852856184442977 0.07783957342793087 0.08694978302288088 0.03483096834276463 0.03630597198471418 0.048466281333161554 0.044790759194046 0.0870340103944894 0.075102574404519 0.02170968140762306 0.06760777039894636 0.05813236782984401 0.04159367310871662 0.048842155923557964 0.014943838216841174
40 0.08762759886911486 0.037446874605652866 0.05821683963660623 0.03402172257981971 0.03989861208016859 0.06560021913465584 0.055200034477429126 0.012591261989381588 0.06383370386923137 0.04204607247545002 0.0777186231528792 0.031319599221423675 0.054792803131466936 0.014544911836517035 0.05560473314052152 0.04726821877798523 0.09058113582124692 0.03412521446978949 0.08961013142610871 0.00795168930455115
41 0.03175484319012717 0.09067099868309784 0.035785063562583694 0.01525269487295628 0.0525779065469485 0.062062167121780365 0.06155731082952244 0.04805935307566961 0.005583832863948052 0.00940344816267823 0.07646540222109989 0.04506230304726334 0.11158524330182984 0.07086968637124268 0.014105348909332445 0.07722324918005194 0.042178542962988036 0.06435689017427888 0.05980318121027794 0.02564253371232295
42 0.05862983560458389 0.010941091021093056 0.0303411179432353 0.013196443001571686 0.06011623433063111 0.008025462081516901 0.021083123331964337 0.0543045706476554 0.10065021474603185 0.05257224902587278 0.06639250451851515 0.025169935075079416 0.0844023383319826 0.0093379484001278 0.09875982775334065 0.06797160535677635 0.09426378611631747 0.002794738641219383 0.098818968562911 0.04222800550957385
43 0.09438338148537201 0.09740069925521995 0.039658584953333784 0.00610325996611237 0.031836190362063435 0.062435223245365656 0.05357940994374334 0.040443931293830594 0.08084007862535034 0.04332939128769816 0.06306464195808574 0.019167424956770894 0.0004945224606371828 0.006248210648295934 0.016532391898394068 0.07790465304441083 0.11622857186139535 0.0711848745410963 0.003499843112644824 0.07566471510017907
44 0.018846228612738544 0.04030465704483362 0.04036193030441419 0.03188189036733846 0.04186735286956474 0.0631559467165984 0.020447476393999808 0.040702292192099414 0.08125420289312262 0.0025155304168906654 0.0578849822278108 0.029968177503383833 0.06618092065761545 0.07734045933438094 0.083334946288739 0.038499914602593915 0.059996975260150104 0.06392318065678984 0.061513221661571575 0.08001971399536419
45 0.04941266187860004 0.0902523899958785 0.03640742206011577 0.01129814755338407 0.03105668631152808 0.056768420667247334 0.008367933546027974 0.057686953750167726 0.09069453234772769 0.0007232437116257618 0.031247903083335228 0.050933297581764944 0.08794020989436684 0.07933252513548003 0.00807185297046066 0.07332902341335643 0.05408364171934876 0.07158178915941463 0.08744184101671218 0.02336952420345755
46 0.019296924270581217 0.060080547547481655 0.049175022395471876 0.0825098306612312 0.08191356411173152 0.04351189455931768 0.07494914819706601 0.012199383104749625 0.03148649113872498 0.0793332659519472 0.030038764763265016 0.060838668993884064 0.007247036553405995 0.09538163442440024 0.022544229305346455 0.031231821457521323 0.05659673681008919 0.01765006544700394 0.09608875625259411 0.047926214054186775
47 0.03766886957980137 0.02905608181916728 0.029536692025143706 0.023690620679778437 0.08690033873244937 0.02929033295334065 0.034625407495498355 0.013438780761998262 0.043908561657075136 0.008594965420513535 0.060540052028645916 0.08931720241051896 0.05600510346459013 0.07113771273857636 0.0767066721235544 0.07733453909577175 0.008691561979338456 0.056538941702283525 0.08820967637642671 0.07880788695552768
48 0.046420431280249336 0.07907589349895942 0.06332517015897011 0.028859571127983465 0.03639747572493863 0.06141077895602558 0.057625798514995615 0.08501475141749187 0.024784418142055707 0.0017584885100763534 0.03305298267904799 0.05069186679732118 0.019339731596786952 0.06686328257361795 0.074450317348648 0.0274344130746239 0.07265416035894935 0.05676455906347504 0.024280357703318916 0.08979555147246446
49 0.036564217552391184 0.01979325359018214 0.03237700842397174 0.03600043623783349 0.017063716611312462 0.0072669433438857 0.06409929984068614 0.09157149802701843 0.062468457826311594 0.07331924016311785 0.09275560037776709 0.08763569085357147 0.028539402631053475 0.09832164315235407 0.02674257695724307 0.06603406510718972 0.009407159020795893 0.05771460689044955 0.0898144055852341 0.002510777807630751
50 0.005878302833517246 0.024406812700144567 0.06227201609196465 0.026618224663623187 0.06692087206281089 0.005628760413768584 0.10086860415712379 0.07721655624287646 0.08432427079460737 0.10034404157591037 0.09632396577108346 0.004305613814836975 0.01270505429236479 0.09105826430084774 0.08686383874580726 0.008331483898817034 0.014255265382834705 0.048754845790073276 0.03395248510805083 0.048970721358936806
51 0.030450598926561108 0.01662168215472091 0.08481569284581664 0.04164763239892924 0.058741315009027115 0.08998028174883746 0.08717720923266074 0.055456116057020687 0.03813589116209435 0.061202083577505326 0.05752497506694298 0.08064319601008026 0.06028693399758033 0.009039913801541071 0.0016768509264432194 0.02212508726616893 0.06524148907454884 0.04496270734086644 0.08620984462143828 0.008060498781216202
52 0.03854777880518515 0.029569351315122373 0.005106140778626746 0.01671661328665751 0.10674956545107364 0.10539513820878582 0.012604211286526782 0.04194217772387748 0.07759421488419445 0.00788858042005389 0.1137933856114921 0.038308890377485555 0.014723316855720873 0.06665279110526233 0.10282760832086105 0.06524943307970191 0.07866226972301676 0.006655253210656123 0.03799279434689369 0.03302048520880582
53 0.04614792542911822 0.018235877711028973 0.04504662688955121 0.07340963095312807 0.03387420645024369 0.055830058100576535 0.05143355697797866 0.10226206808332383 0.00849309438795128 0.06621754317588119 0.047187399048112685 0.07593391115211336 0.0036477459711546805 0.011603682967380104 0.09908948860131332 0.0516959191085075 0.03735975893794173 0.09402676687551248 0.037500449603075116 0.04100428957610748
54 0.03847082287407648 0.023797978715351373 0.06401263775897799 0.009381413813563982 0.061682533960433245 0.029103573477880375 0.09656658742046272 0.08880683590221494 0.00945869932004793 0.09699358823321609 0.03491330503351754 0.09697927634260406 0.014977728665988998 0.029666974976867128 0.02934234565549753 0.048775638669548205 0.08631213700829221 0.040240789275750186 0.056210248661930015 0.04430688423377904
55 0.048159846248771634 0.04158230697428622 0.08335102165198018 0.005122336761981755 0.0714248939823539 0.07987428613505031 0.04990952983017601 0.021552024565048494 0.0012701086711416967 0.06204330112273077 0.07276107773030141 0.08333542268505512 0.06857522399791534 0.04017713467083032 0.024628312640191587 0.01932212891281708 0.08428145198384375 0.04755615803005932 0.07299577660901604 0.022077656796449255
56 0.07006913738280125 0.04947708436804288 0.012018542520746535 0.052833481155573604 0.0076402996153362825 0.050903652984142664 0.052046130700873106 0.03113756819430025 0.06248417589767807 0.06944557845212444 0.07331950408047938 0.07047328525591354 0.06746316815301787 0.049661371622113905 0.07236970331523249 0.026603285689911223 0.060123458908618435 0.01841833947827085 0.06025602360063885 0.043256208624184396
57 0.06221532623625668 0.008925473675557098 0.035412765719357996 0.011377997939906504 0.08193855161620062 0.08534779742514179 0.0039199293437709405 0.07620929460656903 0.07891343265586095 0.07965135316230702 0.04538281875863629 0.04513032012128472 0.05241423352288421 0.03141260225956743 0.03799005886181434 0.07091397749116995 0.010786155324909672 0.08856194879719065 0.010322187360581464 0.0831737751210328
58 0.08708628524786893 0.05763172025747331 0.0898480395968516 0.04191920881576875 0.06469845266663295 0.016881891465134226 0.02214033611808777 0.05131449258177521 0.03343535117472208 0.011185512630758138 0.05338538372953452 0.06414375533412528 0.0620032610011561 0.036410496675902654 0.0015494435771511315 0.07714106298884901 0.0025171833198159403 0.0425074469213994 0.08868869379694223 0.09551198210005077
59 0.030895412219348294 0.08550338423402722 0.06783543775461233 0.0038767365745669465 0.07457665103153531 0.04821336424768185 0.09054398068738588 0.058790242458456085 0.01207366409169888 0.0859126660171388 0.07181730591916115 0.06026446020531836 0.038174116417919485 0.05029068680363188 0.00939768103574282 0.08220646947438541 0.01484373457507856 0.054511271750408236 0.0040268031164066 0.05624593138549592
60 0.06207318052416767 0.03604078058695778 0.014750761392443034 0.09331004708829155 0.04288097497958035 0.01447695681323141 0.048395801687466614 0.06871666451011914 0.0054129141071059365 0.009534234277892685 0.022593813068741603 0.08653932773722424 0.026941428336877838 0.017617759127141464 0.0873624260515697 0.09690624677017315 0.0740594734783275 0.08207719420592499 0.016522750652730758 0.09378726460403257
61 0.0663184812303905 0.07050251556010796 0.06687982499336767 0.10994728874278492 0.030274175318340615 0.10916169516590156 7.450969863837224e-05 0.026824647442051736 0.01165222957751183 0.10653788746087976 0.05611188673333232 0.012980351869193387 0.11042866561031806 0.03614392430019318 0.05084173481589117 0.013064040817196719 0.04406923271515143 0.0699583004376959 0.0020500931798138906 0.0061785143312388935
62 0.04274558468816655 0.05002506310734234 0.08748075647662899 0.05633838086926014 0.08970592467735536 0.09309851183117654 0.06415346565761477 0.012114493892160232 0.007252669847244265 0.05150319373153267 0.0011518829131626056 0.03504147951042162 0.0009605680735824013 0.0824865962307634 0.048538767660793444 0.09684828132098369 0.05315621289760323 0.0025791099690486955 0.0475870100489374 0.0772320465962216
63 0.08585362488837503 0.06641235672947074 0.07605708950428842 0.07759909609316241 0.006775491904232536 0.012369053945150784 0.02765197375965276 0.04325711957472873 0.03812249454019383 0.0840560496813378 0.012880477501015813 0.1034837841086701 0.012669795246087459 0.066906167234872 0.03442468543738503 0.026546994994456174 0.0648789355293982 0.07353096261924265 0.04545407555465838 0.04106977115362106
64 0.00140212339775766 0.07886811039798701 0.09087152457956957 0.020260350460986568 0.07670975681021763 0.09239947323634706 0.005446987118324385 0.03917560970454355 0.05438727282012515 0.00822424062315505 0.07432934888390884 0.05179376533147519 0.038596250404058466 0.039072146885015466 0.026452460154132232 0.05895587808606607 0.07951722684445253 0.032829762995882986 0.08073799355127186 0.04996971771472248
65 0.050022494663162116 0.08089540950700437 0.015745707221084287 0.031528164324791844 0.000271215465076786 0.032357566611362784 0.01804738304772119 0.058068026417738165 0.0615500349630057 0.0842959233846385 0.0383829417530007 0.007626879578525457 0.07904304784928456 0.09263688155741724 0.06325024832326916 0.06644446740230525 0.010373034333056728 0.09526874693015548 0.07899800856983916 0.03519381809756058
66 0.07145237223987279 0.005722163672128421 0.028229792225155793 0.013724723260776258 0.09250786577197953 0.0670889416357385 0.04774434361648453 0.016190500825797823 0.01142142990452025 0.0541421810360507 0.05177548307989682 0.0022452128199117664 0.06304587907812738 0.07700730914485757 0.09649426645234822 0.0611029623987158 0.031245778865364997 0.054620522006925784 0.07607418134550602 0.07816409061984096
67 0.027222009469347073 0.06971062861734474 0.0807976648318379 0.01768601489444692 0.03039312222145102 0.014004961247068546 0.005600614607837568 0.08998564715808961 0.08773332939694582 0.01697276126908642 0.01889494825744683 0.057285526066825264 0.07464917399216615 0.04681912898028801 0.09330161924895605 0.05299267256142338 0.0662813027617345 0.08473347761750484 0.007347957672375002 0.05758743912782431
68 0.007775623148856607 0.016694824363893985 0.06557128748400737 0.05791882061876293 0.07016939697774471 0.04620725924966042 0.094453905890851 0.042242844132091624 0.04454946883257723 0.02667741254353236 0.030608276694203806 0.030766657225430514 0.06565035029045906 0.06618046545546302 0.08345658093984505 0.07093005180946602 0.03664769622936246 0.08792368487516365 0.0161607364576038 0.03941465678102452
69 0.04629983855714283 0.0354336365115815 0.02632905439651314 0.0071090258033265465 0.08005388728652403 0.05212112021437325 0.04951726663546588 0.03384866203702103 0.03864468833171362 0.011950400583971177 0.1059892892835495 0.05645723785280606 0.04335444430699912 0.024688645304497804 0.06662979101040718 0.03163323466525207 0.10206774629101008 0.05023553953429387 0.07497885861068232 0.06265763278286919
70 0.03454718151208479 0.0890770219585467 0.08685966571266372 0.08761365498664518 0.0220511791798413 0.047606005236572754 0.02631543841167183 0.03554155444391303 0.013051359482940318 0.027730177608691908 0.06990490543343165 0.007565782919055059 0.033642886636954326 0.018275951052836463 0.08570234794512056 0.02078491853058955 0.09715964517456217 0.070183728567908 0.04257827673642413 0.08380831846954652
71 0.03281948473473354 0.05616678528334293 0.09562967368605542 0.0024857916903629996 0.10501947030638775 0.0557833692810561 0.011495685966279185 0.05838060625852281 0.05613713247379951 0.07042500552836466 0.10495620121451617 0.10756589823414225 0.0014061286854541194 0.003304200792065985 0.01279109617758301 0.0653361574312255 0.05490982658704335 0.07260146340690429 0.0126218033553315 0.02016421890682909
72 0.04361565503405443 0.0639457410801017 0.04826914487026396 0.053944986405960564 0.07460656335666455 0.08835242119897851 0.002189823129390181 0.014361874885016817 0.0618903199441657 0.02934741376379541 0.08553864987998898 0.05359635163576307 0.036323941439182154 0.011474283923808209 0.029526916574047855 0.08150832548132421 0.004473562970015716 0.06339422435093367 0.07419232685868585 0.07944747321785843
73 0.02988528037581009 0.04771434880286201 0.07984256709991427 0.016479265693448764 0.07448618457455472 0.016741978526461344 0.057377333778119995 0.07515107543767703 0.06396677873850486 0.06551169468569198 0.05323888128932382 0.08709839930408969 0.03409695032893371 0.0381037231615786 0.05162901697632016 0.0530839906257781 0.026879068032812977 0.07979969322744802 0.014576556381634905 0.03433721295903491
74 0.06762235791330658 0.08990117357602798 0.012183295564061841 0.012706040168020183 0.08642303714483911 0.07901482925789766 0.052425532978768376 0.07697765307266945 0.061462692087981094 0.041046073550672996 0.09188762505383682 0.009311808127947777 0.020170984017712522 0.06806675004852744 0.03264125919674351 0.012789810917230885 0.004949097913174564 0.09802157670381481 0.011661957423969261 0.07073644528279718
75 0.0669315625871344 0.05352265308099395 0.07891572992935413 0.09310214443988306 0.02520612191541431 0.047391231772972366 0.021986635929544644 0.04520836169785382 0.016460803637968726 0.05492988234678349 0.09659838817622159 0.0445353734671144 0.041923672659968124 0.0420716174007708 0.07260193236655636 0.03345691704396551 0.004677127379046544 0.06079253543187512 0.07339934039053825 0.026287968346040504
76 0.004173165224661553 0.029076093199426598 0.08757685071929454 0.06292439989323059 0.07516708154225704 0.057152320268350904 0.05103410606890882 0.03178814592969755 0.001205685854086827 0.028630391702307325 0.07501239181290427 0.11168666959893962 0.06163094813362933 0.04981268225078647 0.03202081278619318 0.005127394360609917 0.07194079381270811 0.06736259045170245 0.07391142032789993 0.022766056062404977
77 0.008224925480109068 0.09115698502198787 0.014717354080047053 0.01998926360677661 0.08847374384254221 0.029471143090813147 0.008618932690595755 0.0016025867857353557 0.059107384983834714 0.09747394991605923 0.11509934877503045 0.04842485359925208 0.0220116036325405 0.00110184402509277 0.05661110953174164 0.1264617061467566 0.021816815465354793 0.004206264632433397 0.09461686317211795 0.0908133215211789
78 0.04631881601433798 0.007290392207243941 0.07608655479626526 0.10496265466610254 0.023709841260596703 0.03915542046102536 0.01421563095231429 0.037611885483738255 0.04835960333418143 0.07379592749037536 0.002032856181613345 0.00703440933356947 0.004655207816256618 0.1030134990786668 0.05448628746396957 0.01909301566381391 0.08065609943240164 0.10699973517379575 0.07360949207195348 0.07691267111777832
79 0.0031031849475056327 6.384171689133406e-05 0.053397750441550956 0.02825224129374058 0.06148187783890102 0.07151692143566606 0.07227089495720206 0.006582393785822799 0.03926264613154108 0.08373421516439705 0.029573000916457058 0.06904690569977213 0.10860850612319906 0.027966334058115914 0.010542385840544358 0.0778464317175168 0.10909893383021702 0.06604803107799229 0.036187633912047434 0.04541586911091926
80 0.11640247507204601 0.07175636323508588 0.04080857159718482 0.046458610840422764 0.02761249383051849 0.023454999903852053 0.07140756417828055 0.007043281704775107 0.10771540098796012 0.0010477615240816719 0.044482774679460574 0.008024658795305898 0.009613767469285736 0.0374279106912528 0.021309868161715935 0.07043641908612823 0.11732913255291035 0.1488557575723281 0.006977808309499626 0.021834379807905566
81 0.046352473801995045 0.08284594755619608 0.005448734780058743 0.006618318481007409 0.09546245070955944 0.0657703176575788 0.0018400669595136062 0.02093855456320902 0.017350757410973135 0.0918649763604641 0.08130574414417904 0.04238770411404432 0.07588097881558735 0.08089877419412868 0.024657386389717227 0.07407632901241099 0.024309152845407418 0.08873552911137604 0.06213043558731067 0.011125367505282894
82 0.04649311848044243 0.002445722245215757 0.08741027549711182 0.1090931702083106 0.08538990183856673 0.028785685578631107 0.014675147737082788 0.021653115678942757 0.03649960431978859 0.10898670796038232 0.07307140167113856 0.08570191344554647 0.055208909100265574 0.011069622937798609 0.027884264216163992 0.03431698112848625 0.016608142582465443 0.032671574289586364 0.03703582663108946 0.0849989144529841
83 0.05019216561403764 0.009504628279513655 0.0027772816997664266 0.007685667523715531 0.061029988651991655 0.08747113075168676 0.04510307147854942 0.043513261001007296 0.0636214762882638 0.021607480577580582 0.09573350749355106 0.024667883208860538 0.017139440851417564 0.08123410704301902 0.09485599881479524 0.08063260260117967 0.08411152784530546 0.08333464452331117 0.018101973624876037 0.027682162127571432
84 0.022866214415473363 0.03426017116343258 0.08096000534174838 0.025116708309656507 0.010355918725144657 0.053532801328875 0.020849774181032715 0.08258345096801563 0.02828513059120144 0.08352729032332742 0.040932247913511785 0.050268885820948774 0.06149718439124662 0.06829754786779361 0.07966635815940076 0.049893444611545434 0.07531206609364387 0.015899085085941164 0.03683906241834472 0.07905665228971574
85 0.04423830477324987 0.02365844798477856 0.025004816639025984 0.09234492479765069 0.04103929000902473 0.025752247429668185 0.07381142413662585 0.031442609045411234 0.01800639357097436 0.014158604498696476 0.10787148323884793 0.06556314042523598 0.03910376481139488 0.0898433360666753 0.014317486591637025 0.010956763200993437 0.06056211138755248 0.1030514641231309 0.1009103913025323 0.018362995966893805
86 0.04515873363734204 0.0337837542013865 0.05903189477097118 0.05843561217433088 0.1049291152136905 0.06446408182664413 0.05526758458998505 0.052693800665336195 0.03752349113057587 0.0032936541216834034 0.022072233642650985 0.018525019924267687 0.0046964994488744565 0.006857706070143055 0.05577112969114821 0.04632697091460573 0.06717396044450745 0.07881946224062228 0.10786956193680627 0.07730573335442813
87 0.00513599231371107 0.03653300976032559 0.10448500030307833 0.08499629087432535 0.017079656220716676 0.050470144272845276 0.06674387643930925 0.013584977355615655 0.003532796576415086 0.09407225931684668 0.0841796925703795 0.05110595317135011 0.08379225140174083 0.039570962672294846 0.02625873338899368 0.02467917339116026 0.006464143087281664 0.024709831502009415 0.08327039608718129 0.09933485929441933
88 0.059740759227305325 0.07314034734365021 0.01257670864342724 0.09029376116659679 0.07704887711536618 0.08543637159056201 0.030523359352649538 0.01966044656304164 0.09094165019077113 0.011091193624981852 0.039488475691534984 0.054831710742385284 0.05835658116104874 0.015874186629771293 0.04053019131660606 0.0465067525124847 0.04117045988624569 0.08285510326354278 0.039355629622708166 0.03057743435532025
89 0.08950313675221244 0.0026181397843023442 0.0779483098727546 0.07517312952083233 0.017788963162500445 0.060264630035521294 0.01040060435996112 0.07896357346973233 0.04089941581308435 0.04770011938015455 0.013550284323461599 0.06998258859006244 0.09312732026686714 0.0825045321339001 0.06288119877903718 0.011052376611603926 0.04706800809820544 0.004364346959203255 0.018914399906474595 0.09529492218012826
90 0.061920260509069604 0.04210939992152079 0.0005637542893094954 0.016399793716738293 0.05635360904289946 0.02945282773676124 0.05403540708374814 0.07757737824472848 0.06889623735159592 0.0445140789308152 0.0697129557398421 0.06815274846687452 0.042939809037982994 0.043425184508493246 0.0554401150476729 0.051917413000791515 0.0014488069278831054 0.07760988808697512 0.08328449569322309 0.05424583666307483
91 0.04615311586948876 0.044964924088746146 0.05243340834190872 0.023340822117629095 0.05182077362883773 0.04046236786695035 0.0956873688265426 0.020365250868716878 0.028132841172420035 0.07151381053612761 0.047841984191505364 0.013231609402455715 0.011464889935604527 0.051660111566283494 0.057536642497670216 0.10010985621332588 0.03007036802933935 0.07794657466653503 0.057714791464797396 0.07754848871511508
92 0.035287114776108616 0.048876462795390416 0.06426311495619257 0.02703240398303408 0.07790416776188903 0.05790003454060571 0.006845924243356135 0.0594432382274087 0.0417597521884558 0.08667035727184877 0.06956152403118666 0.08997000029470222 0.010204535800013735 0.047535293659215515 0.06826740186720219 0.07192987750738232 0.011324474080909946 0.05369506898973587 0.06179357694770526 0.009735676077656453
93 0.05907179751119419 0.0957446858006224 0.034230171347587 0.04573675187386245 0.09361513275938162 0.02909985777219388 0.013526895237614753 0.04674671047287868 0.07585035264727996 0.020713175863442252 0.06004700944098279 0.01792376897758243 0.014832225400792896 0.08667064741558993 0.06142146467425183 0.0638917707336051 0.08490739403709438 0.06803440389640096 0.025240692783260157 0.0026950913543821804
94 0.07701540412794058 0.06936160055570816 0.02347171007042571 0.026624890936331976 0.013714463886025659 0.05713617975616314 0.08791958694564687 0.09192050672993268 0.0342179339299053 0.038203373663751095 0.0018029709195635844 0.038158759806259726 0.07193475881877556 0.09490641962447972 0.07254893935209061 0.02889641029592795 0.05659764460886759 0.004700108592367416 0.06372689857470118 0.04714143880513545
95 0.04108665411540486 0.07207192839592041 0.057540611716604136 0.036075763326982535 0.09544923933084659 0.0238173603257317 0.02391605151437188 0.007834997968532072 0.02460356708371012 0.01738837918538832 0.035709219976482465 0.08132243406052493 0.08389665116688469 0.04298772173370136 0.06496648569987636 0.07454405915190013 0.09014892840710867 0.021039148570759624 0.09444068831442205 0.011160109954846826
96 0.04577042018023153 0.01926256309392442 0.09680112386520497 0.08578364486290643 0.04740990174506423 0.07083589180007964 0.03758150991146473 0.02970195739193433 0.10508385736284873 0.032069089215669616 0.030147064342122668 0.022708704852792846 0.07281695700871167 0.06416223860778265 0.03569380161531514 0.004608273108746534 0.08798493525534014 0.017231561852042918 0.038845517419509173 0.05550098650830734
