0 0.0515098593286827 0.07448151102364962 0.006022783079351452 0.08145756494711862 0.03280407577579886 0.09312323122079301 0.05035811844007146 0.019160719310494404 0.013485054724215469 0.01780397451136513 0.049417031530519885 0.014936933367292283 0.05069059467239831 0.06151620676124183 0.07178758984823855 0.07130281301944058 0.09411769479980368 0.011551639416158941 0.08858026301556832 0.04589234120779683
1 0.0187949952319771 0.009703693540064258 0.04513162273187398 0.005539461925512448 0.11999234107908341 0.10098611442131454 0.04434349378554578 0.034722066130999034 0.0681331514566863 0.0347850221078544 0.0073384374122217 0.030064849444140774 0.05487123395755492 0.04425365071920524 0.027577465690486386 0.037682674516207215 0.0659487780820491 0.07935706476222344 0.0735337156544764 0.09724016735052342
2 0.07672553831773406 0.07706804308524161 0.031828703637490824 0.0023427478122858944 0.07557050587710186 0.07241175540687836 0.05591887117423427 0.04866454996693766 0.008699699308121037 0.07605950810486803 0.02936803980257677 0.06687453600697914 0.03055884375157552 0.05286984643669425 0.037788041419391065 0.0117731422216584 0.0746421217780445 0.055922011570569086 0.041185621195633314 0.0737278731259843
3 0.01781883610124068 0.05192762686562932 0.05663322372462854 0.07215466289771602 0.03381386466461075 0.07675573452020935 0.06149420804231557 0.007568937333021558 0.06441645356843882 0.026863789768950274 0.06728094631322 0.07433593166756515 0.021752496485767436 0.04760750899942541 0.07421812390719003 0.0021119861360701007 0.07166709439893323 0.06492469806018206 0.058247644457516214 0.04840623208736954
4 0.0908869503482754 0.012321234023466207 0.045960558620676856 0.05360073833330108 0.0120170235943125 0.06341310994163948 0.06355384917492848 0.03668843818959632 0.05362866923999575 0.06376130391038445 0.08716908404909623 0.025768695620155154 0.024560231383127046 0.026377032917540757 0.043925718401188765 0.043362531781144034 0.046892008353687245 0.08027063603736619 0.07089779831519705 0.05494438776492094
5 0.018668922493874522 0.03415038171474756 0.060450878975651295 0.04529172173594698 0.01589354364724608 0.038292512515341395 0.0006770259642246529 0.046068236510259604 0.06599561969209516 0.08931260128192267 0.07926134731518754 0.018478268491559594 0.02818512350291613 0.09568841849980579 0.06229097581612976 0.09432292375088444 0.07118905004017774 0.08421007354544538 0.020651068882057266 0.030921305624526416
6 0.07909648756429613 0.03326663004763099 0.0660627163384312 0.008390178099246604 0.08074203237747864 0.07950021083401604 0.03302715106777148 0.04780848099212545 0.05309445278729796 0.012056065800747228 0.0569414844668408 0.006916885758209336 0.06185429710169267 0.08138006590819798 0.021635101413291332 0.08055037710474032 0.04172115613748716 0.018988973165172326 0.048301851780091595 0.088665401255235
7 0.03799323162406262 0.08747608164833438 0.013652726475040263 0.015105891061641558 0.05144170015332834 0.016023230847326094 0.08770079851406233 0.008761899707894039 0.04604413690438434 0.0018018780804328527 0.06574141630401209 0.08543827184998314 0.09279024489930553 0.014513741019399196 0.056033319108966424 0.08325515363793859 0.04212823939986281 0.08175431426240183 0.03730221443909818 0.07504151006252519
8 0.07888725395903075 0.02403216738295376 0.04690282666105705 0.01547605314457962 0.03097820471113434 0.01845402022565979 0.060324501986675966 0.07617681449230639 0.0858136241296675 0.06370027425878894 0.04328645457392453 0.016648256687486592 0.08483257248293169 0.11069685451671811 0.06783466347757695 0.024733259907887113 0.04789704654685203 0.02770192836350404 0.009248414515973549 0.06637480797529118
9 0.02286314923035397 0.005363509720536637 0.020043952129267777 0.06656349016631052 0.06146077966600786 0.09221561669694309 0.04668261647664787 0.0984937183615501 0.015333678207831675 0.029583588375387486 0.04616422050694296 0.0023118007057105665 0.08127997338258043 0.027862716597031652 0.08164591646239419 0.08598652605858173 0.07449788779135179 0.012408023691435939 0.035455096802099996 0.09378373897103383
10 0.08489322297359277 0.07500577736538952 0.08125362969082157 0.05266303870090738 0.05081630658323574 0.014453040453153784 0.007687461570389439 0.0007032197874844246 0.02034303532240792 0.06044694870962643 0.018548712142535517 0.08197338731109882 0.01754752637558633 0.06845988325098724 0.02856190927442003 0.06495356945623593 0.09266902106426914 0.041785816194293286 0.06326953237131061 0.07396496140225418
11 0.044806089139128646 0.10240231632055309 0.04998542375548628 0.024931800168431422 0.03252802139052191 0.04202742725218941 0.039001407158346796 0.09220231553615614 0.018415136535978975 0.04871861737643185 0.0682257562189254 0.029244503998345953 0.03563526929201814 0.10354246385663889 0.006644360118754291 0.015167319419505136 0.0532131144872402 0.05320190485866315 0.0699367400371478 0.07017001307953671
12 0.04971692577937665 0.036417952905405886 0.01545394214658714 0.08549292502846366 0.01200950662796196 0.029511382343372142 0.05913183041795648 0.05017033202489025 0.04859235838980637 0.06182203653732492 0.06378075471307874 0.08117015502631422 0.06411594770462635 0.0011949538980003723 0.05161858512986375 0.08415061836220407 0.07039623221564738 0.05506800442491058 0.04875751396034852 0.03142804236386075
13 0.0009404695667285817 0.02724831371502315 0.03215850137890947 0.02760150081445966 0.05896876578814573 0.02889167324426405 0.06640851803439266 0.012342016522982863 0.035638386682308267 0.09106908268039497 0.028879869829623494 0.04406524690366683 0.061715937746989864 0.09695734367897392 0.07845102179949864 0.058016615804298705 0.020296385109128488 0.049882969549279454 0.09009945863116203 0.09036792251976906
14 0.027615694122373732 0.07832405765651375 0.042332502670238525 0.05195307062830215 0.012596815936478524 0.09212643079518358 0.03301548040152739 0.012025044071734027 0.07590999119544524 0.059813098054333214 0.04558660532018443 0.07291630953333779 0.028168614810807964 0.0252297990318176 0.007936937822967649 0.07405284638334801 0.06940921845962454 0.03282080822549145 0.06191280763388858 0.09625386724640189
15 0.09045422061013599 0.044439143983709205 0.05232047664795316 0.0723476394860536 0.06980324654987226 0.056499855480627276 0.006272487802840069 0.00552130615471172 0.045579891586107604 0.027927686673213752 0.023474104348650132 0.034765272672174496 0.03796096602837338 0.0626060137514113 0.10194276372001745 0.05906805455984319 0.045519847033628824 0.050417719949255695 0.032391278088229294 0.08068802487319147
16 0.06112536117004054 0.02231252720310146 0.05062690409758779 0.044671727148634086 0.019428764900892122 0.061939091524612064 0.022165469027359934 0.002042767671033548 0.07940742997253511 0.09124485899658644 0.07932160919275981 0.04521075387503057 0.011711788453018587 0.02265427612776209 0.08312105357792517 0.0600085544429114 0.06886933662378858 0.07112407538337157 0.08871426673860311 0.014299383872446053
17 0.061653610573557956 0.06492203700481351 0.017678779873439018 0.06787482489293183 0.0340687991699082 0.008842093645205417 0.07456826864837526 0.06713792286610092 0.004672170999967464 0.06942675207870368 0.02156875707812326 0.08054987405327496 0.04238474336753468 0.024625666677691425 0.06633433675037541 0.07225529917460552 0.036155877027804956 0.0883526218796176 0.08032343475623782 0.01660412948173097
18 0.07532851255657816 0.08780160241080544 0.001882227676421807 0.09329059367409115 0.08563519477805244 0.004102648379438306 0.009827326890076189 0.08737350860520753 0.09456044364756554 0.03215594670939642 0.02020385372775757 0.09976541190017678 0.057899797347732235 0.04327764696061346 0.08298011327307787 0.027471623715593495 0.010391082256559901 0.0029205342677987014 0.0020860647510727937 0.08104586647198425
19 0.007270655843154877 0.061233723891570585 0.038503756822978526 0.038890671712244605 0.0912528156439388 0.034139853499281954 0.008589956352356298 0.09585790765555297 0.05317560283182761 0.09062235108042788 0.04233182981122299 0.033887882577293325 0.05591280934953606 0.09714999154037583 0.046549492171265805 0.05915698925140917 0.03771409159231814 0.0568602021463328 0.007508178104694498 0.043391238122217346
20 0.010153228823403105 0.09659095497321181 0.0303527521058113 0.10237737060009774 0.06961471837728608 0.06246317560898108 0.03427002791738445 0.027511153310842543 0.012153471526934443 0.03966844583596677 0.009542830940883115 0.09007141436256404 0.057427278379789656 0.004705527359600597 0.055557157050305686 0.02003603693490573 0.10193752491771407 0.08664419721144662 0.03482156031343795 0.054101173449433215
21 0.02704080285123587 0.05174735193921303 0.06726043792672542 0.07079592105473702 0.08349196230187392 0.05828982002662818 0.07529442341812465 0.03721305226438387 0.05465772625682169 0.02104667423798372 0.03356557207029041 0.000448783305309748 0.06488917607977962 0.07466346397540898 0.012689797214785577 0.029354697427488252 0.08857935780218132 0.03527002537588719 0.06245972202906676 0.05124123244207495
22 0.05494948666319129 0.09593013889922637 0.06658825732355737 0.08444136590313683 0.015706977360342978 0.08319012888942659 0.0018602314188503634 0.08323160605957734 0.01776634996527058 0.07136327251176791 0.09016253869442309 0.05924773758053668 0.031855074135907074 0.04725850927597918 0.09730089948428179 0.018176754919842584 0.0015205111882600592 0.013842268301315915 0.05691335004606334 0.00869454137904255
23 0.06922608944898567 0.04926999096108733 0.055204180377908044 0.06273652927523216 0.04220711834547655 0.06481365987465107 0.01777009471691494 0.05560598336823296 0.028250067755275058 0.054361821138438744 0.07060378445027823 0.05787434308577282 0.012285336501095265 0.04729711319782528 0.04453931362931708 0.028227454199258633 0.053551314405722 0.0647714983914179 0.0569912971599004 0.06441300971720991
24 0.02395964621788478 0.008905368536407415 0.012740709065318 0.04275560035124768 0.0939384377485852 0.03594080991266003 0.014391322397097396 0.08827970929765976 0.0974207277408162 0.0650398222940659 0.06782900029666843 0.08754854909565635 0.05439728126916272 0.009684941509568461 0.05435032187107388 0.06301634733081084 0.09112986052484233 0.02309821625181152 0.0038457220715027484 0.06172760621716046
25 0.06854819047088925 0.038271393662986326 0.06575677941039659 0.0344257377132691 0.03378768546816876 0.027018811693492132 0.07686259350759396 0.07259554368421312 0.07431167807574646 0.03649848783676794 0.04221412795314559 0.04194029854350304 0.04596221668769552 0.02706446028959337 0.058279341497738606 0.05913606654725627 0.07183680787067669 0.05398600132331597 0.017464262459156953 0.05403951530439416
26 0.07221176532841767 0.005861305069770786 0.07457225741083623 0.08135434535938245 0.03021942663173782 0.07586682498852809 0.03887955447859825 0.03372450849662125 0.04478855049997466 0.00588448504562125 0.06177594494582401 0.0373448974344538 0.009960034189697297 0.0696055441262349 0.07228281179260666 0.019255231074202808 0.07625636994194296 0.07022900238144793 0.06570319965735115 0.05422394114674997
27 0.0833483580021759 0.008416658022254428 0.025819692188030017 0.08225865792691893 0.05993855192798515 0.05318937483628878 0.020032091790613597 0.06658676623109831 0.03842736759681094 0.0039384679356587494 0.056509749780801116 0.07858442363957173 0.058835696736003695 0.04147952162310707 0.05858911374276125 0.018397449273628214 0.05400237298559977 0.042343031514038815 0.0758819304239763 0.07342072382267723
28 0.0657689113605337 0.07459464525862776 0.07426926859862285 0.04387616277721065 0.033168288110952744 0.05222993355019251 0.043202696781894145 0.007230417855713773 0.06358926840233228 0.04269216949372303 0.05347202891910696 0.01702316716404973 0.06585978289574461 0.04923477989959395 0.07723831840155687 0.014429716354710954 0.028889650112297913 0.07533456255035448 0.05306509038551839 0.06483114112726258
29 0.05094099404162621 0.04820409041851795 0.05294382523365365 0.11940931261658015 0.007429319261737588 0.010398617028620582 0.11989186258695819 0.100067760893939 0.01800720184289261 0.04795460917273575 0.056294630975035856 0.08186511160647253 0.005214161854745887 0.04223522314668878 0.00034732855690510563 0.019239771669943558 0.08777842360271998 0.10407598502238632 0.007096664517872399 0.02060510594996795
30 0.0601086809488439 0.04468707918271251 0.04518501610485413 0.052638851085347785 0.09026478964856886 0.0673523625603947 4.6198429589139795e-05 0.08185042700729035 0.05232873131719011 0.05919563291737722 0.05200235749619961 0.019874380647679792 0.040131890598942344 0.04043381412622906 0.023622728882971015 0.05710354637297343 0.08858662857132785 0.03940497998576502 0.06000782514836246 0.025174078967380713
31 0.055420361865377944 0.03291739351552082 0.080756746123734 0.07895346256124625 0.027070411322603728 0.07425290446160632 0.08793646963463014 0.05294299283028518 0.07450221935130057 0.02350265947098278 0.08290656086560955 0.025579577906499566 0.045659240312304145 0.010606793269026438 0.06856141715061297 0.0006063935673237115 0.059023013126067586 0.0401047230170979 0.035953513806037875 0.042743145842132506
32 0.03161479941062855 0.029858670373530096 0.03241444817558339 0.02559965270602398 0.0025991821804068637 0.026004802815837832 0.07885223684930269 0.07034960580638075 0.062476656619119345 0.057873401862179145 0.042158428297143544 0.05672559616740437 0.05362003792800521 0.06606756833366503 0.08658967554977601 0.05839413071294627 0.04396459914821008 0.0680302567442987 0.035187802285550185 0.07161844803400792
33 0.002137802800294946 0.03132396237891449 0.07194923634713067 0.0009965290158101942 0.07624527703547981 0.08573909781249876 0.014260111182307564 0.012810778467654804 0.07166779194091366 0.05664000807668859 0.10294399773667418 0.023300204055117634 0.03964401776623713 0.06967271772873407 0.11040327813016237 0.008000908585312803 0.05806389133506529 0.048694364077019596 0.010961149880482753 0.1045448756475007
34 0.01299172388268434 0.07076482602540211 0.020073546737250765 0.07844023340822932 0.0781496019529539 0.006715612494402731 0.051407825211298636 0.03853890358522834 0.05683952129792983 0.07916089812886322 0.052037216424442694 0.06537826963745426 0.06762526057055637 0.04823706937447861 0.016399447735800307 0.04399757071708597 0.07158070255939061 0.02213118686224222 0.064462885102502 0.05506769829180381
35 0.049818665470737176 0.03895884156077113 0.06794510273020707 0.02032862626005856 0.027178945230351345 0.09555668424462516 0.0519207922167631 0.09056617238143513 0.04504987538580895 0.1008006697245928 0.08850478911403148 0.006394974962939313 0.039097779823717475 0.02541325711898225 0.1057279892438635 0.013713825930888624 0.004938459678330273 0.030979058082631586 0.06661692953072654 0.030488561308538355
36 0.07525036117655906 4.0170378943094904e-05 0.06738225348005368 0.08235793910384791 0.09718361867400675 0.04811445852983196 0.01540913072262416 0.0978049538707782 0.06775630793626107 0.013056162963851672 0.039377883048498666 0.01029453461028018 0.038096041157134 0.05618472318985088 0.08576899947847778 0.007731948676159719 0.008382252312827116 0.09372000884508942 0.04975474001526862 0.04633351182965614
37 0.0298656765930136 0.028864238400845253 0.08780688738242776 0.02444165218741425 0.013742203100476035 0.06456338528229633 0.0894997968591254 0.08582865253428246 0.03921039426979377 0.07277371047890288 0.0118981699694043 0.09000882884607567 0.02074859738789964 0.04062004813621761 0.017778421040839692 0.05850339119563105 0.0054311458273097754 0.0995552179415506 0.03622289929168262 0.08263668327481115
38 0.03094895688143126 0.0884207655327776 0.004399790230883136 0.06519509842779576 0.0257713804771932 0.011673653996674036 0.03245138092282035 0.07363489699546279 0.022732262986142955 0.06302380136879339 0.03681986953008641 0.07731493740035973 0.05011080859007114 0.04494330032442111 0.044606607398561426 0.06671201357129665 0.07739003930309363 0.05268038261449001 0.04935596841292941 0.08181408503471618
39 0.06757208234367282 0.02340459135921421 0.08382866519596101 0.02436913276085744 0.059583610907787445 0.0666061690342745 0.0910002732103891 0.024078480913000234 0.0213452528190278 0.07502609220611169 0.04347188502393934 0.09014688934418398 0.03149413126091855 0.005300945602743625 0.0470383103362722 0.04692579979100279 0.08562453117833731 0.007439935674251258 0.058315554690312944 0.04742766634774184
40 0.06653142743949572 0.07958647447314264 0.053118039003193125 0.002372740742653302 0.04774539915945667 0.04403357945806145 0.06101136099736554 0.08334387495188096 0.05087001123976654 0.021797195604539108 0.015688146667422763 0.0711016066648448 0.08486273019045784 0.04645165829713113 0.04222971278468346 0.04217262356550509 0.07214216718717821 0.009865612890593246 0.025530260234701632 0.07954537844792688
41 0.07528873037880655 0.034216514638238375 0.01808131680060239 0.01711705258456049 0.07953610917174476 0.08306680060760968 0.08174963341752976 0.051265563859630416 0.02381263748210673 0.05184457017345383 0.06612856905085755 0.041548719582099485 0.044794277528447404 0.018535774081856755 0.024619231365213923 0.08189577701828435 0.07897371768895041 0.049267846281721366 0.03719935880020022 0.04105779948808561
42 0.01764540780205553 0.062137553817881566 0.031610664316065656 0.01646903876013816 0.02573856844505067 0.10862902674284393 0.08474603613327741 0.020008258027580276 0.024089213438763062 0.00555744152956627 0.029887356731873625 0.01886924645908601 0.12290386515716123 0.05867212529034204 0.07396655656959174 0.01935724462643322 0.0843927262044231 0.016868116233920757 0.10728938918217762 0.07116216453176812
43 0.07319502989500894 0.015306950742560659 0.03700428473246765 0.027342820921235793 0.040654295607111084 0.08371623990615948 0.05838564899136645 0.03721552673816911 0.04778279913048881 0.0784830224705789 0.018493599289238674 0.04113248329279747 0.04533287892002906 0.05600070747295899 0.04150567846992586 0.07198364964305884 0.06801421311844566 0.08346323702575596 0.03646040467718126 0.038526528955461305
44 0.05533401373290111 0.08934497840045068 0.0629197913459099 0.04756786156086529 0.06786559929648868 0.07631830515226708 0.045159805096488335 0.02256873218067604 0.08738956617655123 0.03317541968592821 0.05809027842418624 0.0003070960730346346 0.0968799849795168 0.012373193094471553 0.004115651295553567 0.07563978719293542 0.04469032705692714 0.0784598493920607 0.03329637351838507 0.008503386344402123
45 0.03665753163573336 0.06787586431835863 0.06350728306299745 0.010900254292931148 0.019945325029026257 0.0050392828069607655 0.05442938180325905 0.034890644860508496 0.10862500150401559 0.029364795829056187 0.03163938205559425 0.013685044084257476 0.08294660282006852 0.06111459068601285 0.0522355043786873 0.05015083783138005 0.05666532228368012 0.09282244519750364 0.0449718940952671 0.08253301142470186
46 0.07485592529644 0.08267413516419236 0.060036014407708053 0.07207737033137283 0.0002563577209076303 0.0007998702103921335 0.03704804828633607 0.03165740301586344 0.0985231958130547 0.021214064830718398 0.043487171782201156 0.04622055599740253 0.047374587222865694 0.09253434639492739 0.05481486064640905 0.06936962563197967 0.048687074695742454 0.08654818827215235 0.0010577587628244002 0.030763445516509773
47 0.04561501666733162 0.011904861974072837 0.06509919607463864 0.033046357659857736 0.038671254970568884 0.017628535664365442 0.06917253125296792 0.05846121985028321 5.843984031635544e-05 0.05722463129771321 0.05527217334947806 0.08637695849996284 0.0716442913891984 0.04136471230665916 0.04759562711567714 0.07562064191677603 0.046167890880050945 0.022284428078512192 0.07258929375613433 0.08420193745543506
48 0.0014615271065083941 0.01763116299033136 0.04284874190053075 0.0342756766866641 0.10112830922090932 0.07753330460591984 0.09558420170902275 0.07147738988958263 0.008049604569707273 0.06423328559383835 0.03177872263482547 0.0994902586817467 0.006095566579755761 0.07094937672242824 0.09295064901666918 0.07374021279322396 0.05481819158412713 0.0006169368566110124 0.04319357111356416 0.012143309744033841
49 0.053958216905448886 0.012000340355620386 0.010972177704374055 0.029373702695720396 0.0799428935471506 0.11402497686660917 0.02183887886227985 0.06066067380259789 0.008483317327294291 0.013911312302145172 0.10985884917191345 0.042163277854718594 0.028868597175810515 0.06815660934738324 0.061439010194075 0.019639144702952183 0.053257655650570855 0.0708845567062168 0.05006321375708543 0.09050259507003339
50 0.026605196325812486 0.0433447950937761 0.03826788146501034 0.07681308033758891 0.03601854209773955 0.011181083310305697 0.09248838045206068 0.04133505062675763 0.03760433042092985 0.03570079018587887 0.08538042394412614 0.04051809999662216 0.07286692554932651 0.05887298612603404 0.06633832161328525 0.04514593383433097 0.020516102050278283 0.08416141814200948 0.01404264015993304 0.07279801826819378
51 0.08630318655010588 0.04509133798092503 0.07321893987954405 0.05690134110245906 0.058440968263180376 0.007896101802057874 0.02843029505741981 0.03853180326468422 0.0274911930298511 0.055895220808702184 0.06652908884505027 0.01422522373135597 0.07556433409887077 0.034536784189760396 0.09490099515414714 0.09030406143270085 0.002024618067534595 0.06457488036561519 0.001307785897709969 0.07783184047832517
52 0.012753858648590898 0.07683312462822241 0.08476875957945273 0.022731162564250295 0.02071174620246512 0.09272385893248657 0.037081784154533066 0.09964533042199933 0.06914480155462348 0.012374367762991603 0.06016813991895 0.010258291537494586 0.021958035602256107 0.056682342356144895 0.07065158751444074 0.03852822739146305 0.06178910583119205 0.07002278903915152 0.01220450552525213 0.0689681808340396
53 0.0795206551050903 0.06901096949748677 0.08388248249921433 0.01597167051109767 0.027338091441843102 0.06305045641746294 0.006030878516921155 0.028715273884619023 0.0454904421234579 0.08754504677712184 0.0199666149941029 0.07795199257811357 0.009249674925471466 0.09071240522585367 0.06550760136077909 0.03561220594249052 0.03094473185887934 0.011020048079074172 0.07495940719039056 0.07751935107052961
54 0.078470341104848 0.07312239322095859 0.0728561873436134 0.02651217725966112 0.07110434732954603 0.02841036358176514 0.0769178139764358 0.03794628825798554 0.01974854294711448 0.021713406088333054 0.08672222487637035 0.02747942343797773 0.05380317609782719 0.08623911586512449 0.030879679259374074 0.02181730670561122 0.0546439686518407 0.05671149048436137 0.04232266248304951 0.03257909102820196
55 0.06061407024040451 0.019415036102940472 0.09648158008494664 0.025191455808258226 0.034937739995837734 0.05744778940704365 0.09636784534950961 0.04430863252528981 0.018875509616138663 0.003424212917845545 0.06025790545755739 0.09169927228666114 0.05838956195519924 0.06517819429248642 0.051389270882528156 0.0769538013839464 0.06933712650132275 0.02205766991441702 0.026458060399347238 0.02121526487831965
56 0.01178895821232645 0.06025702026472351 0.03736338450069206 0.029875737850781615 0.13021187115648344 0.025852564082065946 0.015595065864778455 0.0043332669774418225 0.1056591857177318 0.04998722074009641 0.09173117393824883 0.04736190045285486 0.11077925765446496 0.032818184800183704 0.06388449897849567 0.049631750761380274 0.04925019217601257 0.003141586210593166 0.04344949007390048 0.03702768958674418
57 0.06505380142870144 0.02721987190491996 0.026787283554077224 0.03944394860975633 0.051434696178556616 0.06583743706345056 0.043867990119992574 0.01191275466440462 0.07510271774255887 0.00952239009218025 0.03489152230109511 0.04216450277932265 0.0767588408488396 0.05933714466261627 0.0657841701483169 0.038408981003228364 0.07745507613911576 0.053660661470771656 0.05870912795828554 0.07664708132980962
58 0.05188525963938503 0.023960789276287944 0.04221978498534528 0.0787134396834555 0.08514962895158705 0.011920335065057082 0.004552874378856865 0.08979443110371889 0.1054126606692588 0.005695622791083912 0.10540606044383564 0.031772146976644614 0.07609135314845308 0.07433265017887628 0.014424562104839429 0.022647105225652314 0.0415880094271934 0.010712297564934112 0.10562040572780311 0.0181005826577318
59 0.05307618785214493 0.02426842207117453 0.010204618786171335 0.03652670556630019 0.10603604059370167 0.006302701873876867 0.0004665728998307044 0.043515348875177357 0.0675029151577619 0.07620887178100523 0.09965877323882417 0.0350081581234129 0.009624881461861554 0.007727868384183726 0.09774351070909142 0.042181343455410324 0.09858965239122978 0.027553536636739377 0.07039461371057013 0.08740927643153175
60 0.09487646194192391 0.0383802933295812 0.04263007140591093 0.020231938419057613 0.020445844041537518 0.008258224819447867 0.004214485195341863 0.06632291350484386 0.07835020016582506 0.006252022293300736 0.018898364172230536 0.050085803168409375 0.06418289743764789 0.09823959570864024 0.020644562037787115 0.0776372766338399 0.09356377896879749 0.07880732967803876 0.03444737134581076 0.0835305657320272
61 0.05594688587795823 0.0010058091795601444 0.0829131309260293 0.051046597417824115 0.06054040259087696 0.021332900172495912 0.049902803251219166 0.12224388608324638 0.021380523323835176 0.012562347734360912 0.07933304279047822 0.03792496858861435 0.11202697662083917 0.05749392858460144 0.0386557977404085 0.03988293104935796 0.02702034609910217 0.031283216420049546 0.06087911447416432 0.03662439107497814
62 0.005801988982684052 0.11532062356676842 0.052817331650634 0.041747488643781486 0.0008317353806036112 0.035446595534602436 0.06011343061867805 0.06417556609046497 0.004986095008278859 0.10223588562223765 0.0602696426597708 0.04530668455425122 0.04023028989663599 0.10262701748601011 0.015863392137749382 0.05601219564159437 0.06775287553091906 0.10446278933473868 0.0008282557970523634 0.023170115862544475
63 0.08309142084039829 0.011163156412980149 0.08120640091658313 0.07029478047332077 0.020989666783700817 0.08383620479084958 0.0541708172286753 0.028105535193763423 0.07599697287808917 0.06047400257939554 0.005415136553907634 0.012896905064810938 0.08476717568038092 0.004704601937311803 0.021314967970535677 0.0650610134255658 0.025451663200583487 0.07292098590919029 0.09369362149415106 0.04444497066580632
64 0.028747881202862348 0.025946005846209274 0.010473532201191514 0.06969388441061224 0.035784680660194954 0.07315747019969282 0.07421933111215877 0.0056689457155170075 0.046271411391010556 0.026387049625272604 0.018803919352670225 0.04417379064640288 0.07065189329714074 0.07867101194399143 0.0669570718949587 0.07569045470656341 0.07500746692382287 0.06282248637552466 0.044517860133867874 0.06635385236033499
65 0.07412849762015152 0.07129568641061768 0.08412306058378931 0.0049642948339457165 0.05405201570759508 0.07031078502429108 0.05548860314807281 0.0015577407571495526 0.04065532546250744 0.045432564783281656 0.06303499989019026 0.024203487175665905 0.055340666505654744 0.018999976796651625 0.0723521684952415 0.05979334536936809 0.014973268746093065 0.07874191100739641 0.08105138359626077 0.029500218086075995
66 0.03438020728510672 0.019743671703336046 0.02379736146877935 0.02135824317305663 0.07217161992887054 0.08273915301870464 0.08435125028973892 0.0593732293814824 0.01559101277579366 0.07446854736752109 0.010151685990166541 0.06760241312024808 0.06515411560294751 0.05751268947829836 0.07789287826126907 0.009398414765358187 0.03514728579061964 0.07765308946447508 0.08986628787159938 0.02164684326262807
67 0.081184493875051 0.00983314667756831 0.10688204591866468 0.0009570592711223951 0.0041501201256382006 0.07575150318560844 0.030772477284110977 0.027699315151225326 0.07533828944062004 0.04037226446153497 0.1018912965373091 0.0060913985644413205 0.07049894931687976 0.06097680863463607 0.08568444609241296 0.06550291578960785 0.0075611629775484065 0.04211146308094039 0.07969032355938063 0.02705052005569911
68 0.08953000457406667 0.026046369014786443 0.06430946722398002 0.06362285992061897 0.05936985368790483 0.018862968937156714 0.059160585402840686 0.04782116787739035 0.055633216831258374 0.042617549986290575 0.09044624067208207 0.03138565125463082 0.04140531968898062 0.04083111194822744 0.04853384928672176 0.0758792196583949 0.01607214565672868 0.02052176379399389 0.01394861704658692 0.09400203753735922
69 0.04379025617520427 0.054257512814545945 0.04284471192409922 0.07724190636813336 0.07314963991187766 0.0038952196683689614 0.028965071680569037 0.09024005713683037 0.06858806343457648 0.04801810169061188 0.056035129406439614 0.022662100050497274 0.02493134808050317 0.022606217543709967 0.03299885750128623 0.10036482908343292 0.06228505971962814 0.07321173959532852 0.014981787498249327 0.05893239071610761
70 0.038272926549759986 0.08165909391330733 0.038155409966127776 0.04824191047729082 0.047336199165392195 0.04182977791717293 0.06952074574215705 0.030411738233311655 0.0626374397742937 0.08179005993918093 0.06062578682672834 0.048663732496933135 0.08478715511454141 0.003716809798433184 0.03846002947022877 0.020050623873340903 0.08488506246737175 0.04940467142018379 0.007030472327177414 0.06252035452706713
71 0.06083213103367709 0.03880910344342122 0.06586938874325411 0.0632366511086908 0.04698574442171486 0.04969665449128811 0.058364841269914335 0.05674076468958119 0.06453622244450316 0.057901041693903144 0.02841165412674156 0.05689549457456358 0.06083636899973056 0.03558784553834568 0.042947453976603385 0.013207471184856028 0.03249270255292491 0.052286535676109275 0.045366007584823995 0.06899592244535319
72 0.034057786234221475 0.034960929995242834 0.10111768415530197 0.05162512231457292 0.047525856608585715 0.038708369570638786 0.05440768403233124 0.05468786716977281 0.06110712818688198 0.05130285963568272 0.04020091807238025 0.06244744597285097 0.004390239292812558 0.05981188863856434 0.044629833034161334 0.04449054336669237 0.021337062802878125 0.08424486291990982 0.05887442242203555 0.05007149557448244
73 0.06221010269205228 0.020752663422422955 0.09992562965453405 0.02435245018698357 0.04422291990094732 0.014397831503519696 0.025752943007634532 0.054276858439694965 0.032977156506163716 0.06347291565003692 0.010878661727025556 0.06872061253445738 0.054049120976992146 0.0814768407061389 0.03490843418799604 0.014938360156324843 0.05860150022977008 0.10444149085506853 0.07286962940686957 0.056773878255366866
74 0.010217012319630094 0.059339903471545614 0.061669641858977324 0.06427885362790589 0.08108101340823141 0.004686717358353413 0.04286635312039375 0.005492453873910338 0.09435698555781155 0.057846438733172516 0.023618729317457503 0.08290771487837516 0.004164067227506106 0.0034179072738348268 0.07168831522450986 0.07431421539287388 0.050263701900219254 0.0820326815580755 0.04211249303252589 0.08364480086469023
75 0.05547258445272689 0.08163879539300824 0.04074665244511391 0.05988806271884027 0.06868776468759853 0.074134223287225 0.07219610475010513 0.04321762886000772 0.014034914978109563 0.043756127261389735 0.04664776701366778 0.012991494036778019 0.06331777981024603 0.047984689265725564 0.003927962166177546 0.061385274673876646 0.07175195196434107 0.033994507395679226 0.07137026257793994 0.03285545226144321
76 0.052677267172230494 0.000998212251484573 0.009221304517622606 0.06702108833005309 0.09039357315139354 0.03818685787063848 0.0602287417410179 0.0025851288884039506 0.026491235559386372 0.04112103342610944 0.023845698171352594 0.059618667399791984 0.08380050336522511 0.09768589518468673 0.011019576098545312 0.07679744295456523 0.0444143028670762 0.11579290511465824 0.06701840655301687 0.031082159382741354
77 0.027965276764639384 0.07597078756255225 0.04791021044143476 0.06509628698696898 0.0063958956065986615 0.0917168748390045 0.054432513803387185 0.007625451576282044 0.0022139682277608095 0.07976251936524531 0.04812759937909996 0.02529416746973096 0.09415563095223045 0.09216921530617868 0.009119086332515436 0.08143050833459983 0.08220464066667452 0.08279143997265996 0.007261981760132681 0.018355944652303606
78 0.09184249973602207 0.09649256040943788 0.07448723711289176 0.09226194312947761 0.06037014798017171 0.0020157868500641214 0.027594632173958446 0.04837753962034457 0.0614973804110129 9.439545561167762e-05 0.012798121670442555 0.09426842090047344 0.010408928779010437 0.004955939155631839 0.015732731389637218 0.05489807971013983 0.08498686620062165 0.03225509756139231 0.07695361783351938 0.057708073920138665
79 0.06304379857005758 0.007071548439829701 0.008360676621758961 0.060374472142247906 0.017862825527332347 0.05297496799412668 0.11959322075395862 0.004053040566354237 0.11150047318227764 0.00804100995824008 0.04163675306189506 0.043027256165386 0.04459808730354628 0.012430162351065938 0.0825896149600777 0.0635759483448117 0.10979870978566138 0.029764128225210025 0.07068380469512668 0.04901950135103547
80 0.03169717161516852 0.11523089636483126 0.027696823276216215 0.018145662923021978 0.10716983089336977 0.04033514837773302 0.08135139071165066 0.00821948240735061 0.07776818919008809 0.010757131274633071 0.053985815686411864 0.06913819292493524 0.060765609810051746 0.10257449276062477 0.09408577340570211 0.037595627967089575 0.020639854288952666 0.022495924214009547 0.006488625648167221 0.013858356259991815
81 0.04186997141896851 0.07438201981439514 0.05033246501968693 0.03283255585867263 0.053282847240529105 0.06949163965226339 0.011114277644938893 0.034567321526828204 0.09236189949257168 0.070194671360513 0.05999207999115483 0.04678540066700949 0.04779718356212907 0.05242251539739669 0.061642098566236384 0.016857714964366045 0.07545811630399486 0.002495385100499262 0.05789118951600334 0.04822864690184242
82 0.08823385027082281 0.07157499334228212 0.026921919705618597 0.09935483214147223 0.06342298890446853 0.06810766610967348 0.029165895374049483 0.013937062297023843 0.018062482815318307 0.004602069122681599 0.02068074461977341 0.04239444531518589 0.10401891504410275 0.04807845193204132 0.07190503861168741 0.022162992178370436 0.06610678549910878 0.04107397079668487 0.07071662885632539 0.029478267063308534
83 0.023703220455067224 0.05255785972224336 0.021993826598677643 0.014663161194674555 0.013769871121109719 0.03021940659758124 0.023305824492866976 0.05029433189382913 0.060650952000983034 0.07994497983507552 0.09562647353863649 0.01836659742223254 0.06511845349253988 0.09634386281423797 0.06683504068163555 0.057118907789460015 0.10017736925559634 0.004657396566102605 0.0602517676927262 0.06440069683472421
84 0.06137483417022485 0.011232497048626125 0.01379886995727461 0.029181850522032364 0.017501489256321008 0.025356274549455538 0.07662126240359557 0.007243110128201477 0.04756588216267588 0.08953994916756411 0.06885361808994396 0.09382113051731854 0.08812247212454992 0.005916173816952742 0.08247268188311842 0.029089015889578275 0.009681789182662479 0.06765073148647219 0.08277920037082401 0.0921971672726079
85 0.01759400673214053 0.014226114076206582 0.03856857247944597 0.08902315089329854 0.09499589214116434 0.013418247784104425 0.07394682164181224 0.06255513991161939 0.007183414925596519 0.09239237245739135 0.031077185481583565 0.032464682713803095 0.021730332426739527 0.09591651050629532 0.03738321502493988 0.02311695939317438 0.04315861621520216 0.08738517540085601 0.05458115889034354 0.06928243090428265
86 0.03912237778214563 0.05718642794219038 0.026513598135130143 0.07970781082139675 0.0563365531964682 0.08224081696627136 0.022867263126129456 0.015548489947754554 0.05865141599035436 0.07401908439532265 0.06525236453932885 0.08123880343637147 0.0702283203577764 0.07206105450350804 0.030545680592394032 0.00897768062506399 0.017874141766976288 0.059303331269847694 0.0013648478972755796 0.08095993670829411
87 0.04797283821264968 0.06786583585363147 0.014209642121264078 0.033172017690233216 0.04756302121079344 0.05304031840818492 0.002751209474607474 0.006609820454367284 0.06783094512706057 0.08820695270808752 0.06288014800467763 0.07760509045324009 0.06252668796787712 0.050487469442414466 0.005209663670801882 0.04966514725028208 0.014214738183785236 0.060229874102774604 0.09445694546595035 0.09350163419731679
88 0.06788136766165262 0.05025492148318647 0.02170197449210462 0.052181749070147276 0.07623355554292888 0.049283959332755124 0.06286440065103281 0.01218281527433039 0.048755512929412825 0.041891992508915156 0.01777968424875927 0.059571468927260215 0.0785329326577459 0.07550071754500186 0.057142381967714546 0.03497075437293527 0.052557820930893194 0.06615063719996431 0.061548529040426424 0.013012824162832977
89 0.035869896937063724 0.025843186108893853 0.09108501887145591 0.06541864280002306 0.09987140707271676 0.028897017147055316 0.07472652784133715 0.02883244068937029 0.08811385795485996 0.0574496626543204 0.049150390073488245 0.009417894674537554 0.07166443780306433 0.0011668780654909047 0.026177193189701114 0.05572877663658931 0.07875812917537457 0.007984078988772784 0.0727014697308636 0.031143093585021216
90 0.021001301634033905 0.060058866973740466 0.05024757889093632 0.07119699788828879 0.06882780860985056 0.029865964767507525 0.06658968105627408 0.012626530506626302 0.08437275102046471 0.07077598418839247 0.08588380389173107 0.08625692393061099 0.016434721051333794 0.009601939055072862 0.03674804002333278 0.00471981223719491 0.03842780194965388 0.05057708400256004 0.0789960158329101 0.05679039248948454
91 0.015720045790072235 0.02933379195095886 0.016737972502338223 0.0884758216672375 0.051319086541596046 0.015087531269524687 0.055036900365200245 0.02777783857394806 0.036241255858105864 0.07784620917486043 0.03962398955902864 0.08981349500724584 0.0808210466279816 0.06935963487175437 0.07706014256134848 0.0603378168641653 0.07432661654054817 0.025543104518376065 0.06782948393753829 0.0017082158181711419
92 0.04207193849832293 0.044994899743187794 0.07371242789118874 0.06549340920486749 0.011204186975258993 0.034462138255136464 0.01179252025745488 0.06871344679906573 0.07691902043827498 0.06087469651072098 0.06349334248742505 0.08858086743801896 0.0006389503559777286 0.06892022861191324 0.05372996272467872 0.03381733590279957 0.05007166621683135 0.020367231706613483 0.07634001694482229 0.0538017130374405
93 0.026100373479230474 0.06159657682399491 0.03130062203204101 0.07164269943068133 0.07014777870552753 0.03308498524657782 0.06652589376647854 0.03644158322273056 0.03015426377271131 0.005106700097791501 0.06804156333102615 0.0583398940769639 0.05181963707241687 0.034504357973260395 0.060784572277630136 0.07765267268497636 0.04297355111262584 0.03631694636357738 0.07103775378947713 0.06642757474028073
94 0.08795439233619791 0.08558125365861842 0.03323124003406178 0.043024327534385474 0.0704896139137607 0.018612953280983106 0.041125687129265565 0.03165800514118173 0.0004509903540011567 0.06297525058770866 0.04800682045444621 0.07182289553316598 0.01638113354927855 0.08675621775175381 0.031001608837038657 0.061847437495019426 0.07134327193002564 0.07482026412426915 0.028264239094402965 0.03465239726043518
95 0.06892863025638037 0.05373576446674829 0.055658351872398946 0.005321699411910257 0.08167764333430298 0.0024296038480381976 0.08386569256047736 0.08421538614024246 0.04018106578110597 0.04964706275894909 0.09283415789121138 0.07556053436252722 0.018845024419763923 0.0594942706972727 0.005854786844539875 0.08436483813667475 0.0478719744351904 0.02306142853716281 0.0485005133782404 0.0179515708668626
96 0.1093535017090655 0.09653682687651798 0.027021616395752616 0.010625683844713045 0.10505807717669342 0.009664864300773979 0.0941517385655208 0.06582377782607352 0.0992177732358083 0.011818914374270956 0.009578054687027427 0.06655137259761863 0.016454866153706126 0.03025286437772611 0.006266217613833116 0.04709684976193559 0.060489001059695374 0.060694966541351904 0.01756985243791834 0.05577318046399725
