0 0.005912077897624337 0.023594861047730935 0.004034613383045495 0.08216349106835998 0.06799208233159741 0.08617826012286726 0.0017081848724725707 0.03587096257723536 0.03547036645979406 0.09323035715170107 0.0744486376654477 0.1047168029779462 0.06493416135432671 0.01055426209117159 0.035666519081888746 0.026591214506160362 0.10295455842960506 0.062443876348175394 0.06667565378857412 0.014859056844275513
1 0.06001651088571035 0.10932011575508326 0.06685927060022165 0.01693703863851023 0.050210375519240326 0.00153510363387131 0.04129897181277163 0.02506492568801181 0.03671253923554481 0.09406020531974596 0.026662962875465376 0.05324389347798322 0.02194445409021555 0.05785463209159762 0.03404857747583176 0.056639154552736354 0.10100243751091653 0.06396704287445565 0.021661445868404156 0.060960342093682646
2 0.05559031716068629 0.049542398543047164 0.08553833927735834 0.07775599138547347 0.020157033433814513 0.018338195750137093 0.06993152951256099 0.06551704977451468 0.026037660495616694 0.05971369023859529 0.04544200746959557 0.016060978754872248 0.02776512240292838 0.030556994274598525 0.06494530045744384 0.08755675565593514 0.03397262709398501 0.048121791341304475 0.07935096154118289 0.03810525543634913
3 0.09675500032147274 0.032032578310011536 0.017929385666768976 0.03463411469470085 0.012963632237948467 0.1122256043816359 0.007070333820592301 0.0036263427448953154 0.01277138045984916 0.11175710778075328 0.08249611552966787 0.06989489664144562 0.03982977181441008 0.03908530163352448 0.02337063700857821 0.07550108995427156 0.03943170448906257 0.025069503671836937 0.07552694049189874 0.0880285583466754
4 0.06045783188871492 0.09049323834822101 0.02648432305786712 0.04319200087677645 0.031199858504517886 0.01439256299247773 0.08412999592488542 0.06872694800134574 0.04587831393283882 0.09467406962755497 0.06529440651579253 0.07708959363903611 0.01141149609153962 0.08169618799548967 0.0929144383715876 0.023054210790311083 0.00590073968140552 0.030414768765246368 0.01992382023650588 0.032671194757885505
5 0.057569275149633795 0.0887160291094127 0.08329891208272072 0.036085123929743466 0.0016339222798200947 0.0638439508488815 0.03678173045011308 0.001366170598704078 0.01941062003884579 0.08872657570008455 0.05564870349995778 0.014744359056822816 0.07328643533572043 0.05717513359673584 0.037900196280030746 0.04034629930725369 0.027411002538962722 0.10064606568853733 0.039398339257683074 0.07601115525033587
6 0.07387615081371263 0.042780560109381395 0.09611041606938528 0.08939282528501717 0.050144132553940964 0.007016621899345903 0.05481505640299611 0.0715675178446489 0.018731178110657005 0.055595282680123134 0.006404417374273992 0.05218628845955943 0.00968078876115449 0.02439975661951712 0.0899556387099495 0.0626568554841647 0.04747317939252996 0.10807192117855596 0.006294333941765268 0.032847078309320786
7 0.0407333683028199 0.010566572285821304 0.07742726604083254 0.09021868278710499 0.07659243732014911 0.07883860257426975 0.09598604325461295 0.006744825791607381 0.08485714724490763 0.11023570519279476 0.017038115784818075 0.03385181820600893 0.03509879683807399 0.03625097567175321 0.031419978063117596 0.030089065111168038 0.020514330160598452 0.007256062045276165 0.09895391390374617 0.017326293420518935
8 0.031660085548414395 0.0006956619462682944 0.004719703913610483 0.037841631750686174 0.05149581187991735 0.08221836832435774 0.07958506421054386 0.041145822007279634 0.09499882545898296 0.07828555322946244 0.09928208995917102 0.04109611799273412 0.06023039207548573 0.010712006050480241 0.03833557142003 0.05172216198858569 0.010922294926865132 0.08229215308772966 0.0026626592637612667 0.10009802496563391
9 0.0788185172855392 0.010780742432914797 0.0019363313044289728 0.01304831229032989 0.049295492378201786 0.05709246614465759 0.08654290031360815 0.041958372815629544 0.010379470580799563 0.05777251781289087 0.02645887345157622 0.11952158798571134 0.07910104547460163 0.054275864558222926 0.039678864487666186 0.03910886410456622 0.004560074420928891 0.09645227922201645 0.1161145460074515 0.01710287692825826
10 0.023185891436526475 0.03723778508987653 0.023372433115343937 0.022188324805801744 0.04861958215949402 0.03888057595234562 0.007836703228023332 0.06913444431384759 0.08637857647184002 0.06772118224591198 0.04472512323253299 0.048236175274000696 0.08926944716195964 0.0806191117557807 0.03810279080768522 0.08745509106678583 0.06077337411075473 0.04467723911445953 0.061421772656475686 0.02016437600055386
11 0.08558595560779286 0.04875945820876081 0.08310898437084212 0.06721475771831781 0.058425898334753465 0.03243542416802586 0.07806930464210066 0.0015945423985065648 0.030946981064057764 0.028366952298704444 0.05512108216640695 0.032777542212017646 0.07258271818213864 0.003613837886917565 0.019265468838864607 0.08572269923781049 0.01422681880087733 0.06586168049213274 0.047896652392195406 0.08842324097877635
12 0.06101776289274001 0.03064203479806999 0.077637380421223 0.009064191277338355 0.042164966695572674 0.017130381742704124 0.048229664135099874 0.08651861079239921 0.04625449798506777 0.10064585188651147 0.08231652373694097 0.06722982814457115 0.03733645832608951 0.01075171815272903 0.03029346905134816 0.07699591485500758 0.052760221990712994 0.03446069713195776 0.08690515058336976 0.00164467540054654
13 0.03927527561703673 0.03640244523984772 0.0732920322310885 0.02173019631496803 0.055664956497832964 0.006338764015610625 0.04637915893860598 0.04823384978268404 0.09318105222592947 0.024053356517111234 0.08555613066218062 0.08355031437818541 0.01795243178282097 0.05621453307074308 0.0026259296028951187 0.049867610510527224 0.08590190256084715 0.08494378271129846 0.0703635450491815 0.018472732290605153
14 0.010411920825464974 0.08200867784387153 0.058652304244736796 0.01012001959564514 0.05014942223724266 0.008797946180904173 0.08551940881731887 0.04929638978350851 0.07386908473239559 0.03298642647110984 0.052647869306975154 0.06317580081564325 0.07781696648470358 0.08594876324054589 0.04559477554096716 0.012068378083411503 0.02089858931634144 0.08610613610534465 0.06981421015919487 0.02411691021467442
15 0.06691806731217384 0.090801396467847 0.07083139350917748 0.007198320778332242 0.05304101651655907 0.0061254619152644445 0.04263753345886579 0.040926299598433954 0.05778669552957572 0.05933499597046406 0.07581728596674991 0.037075470341706204 0.036283730218683724 0.0551205140530455 0.030731983540120526 0.053688126206947934 0.05523832998237264 0.07953754385901368 0.07795165504540442 0.0029541797292618544
16 0.0323754797183699 0.07848220838753542 0.09315973853732565 0.05833053701209129 0.01437223133016595 0.02408451073611863 0.03678031167369946 0.04337251213224276 0.06986633713035302 0.05196729661715847 0.07704119475258571 0.05894595331061188 0.04699297717316588 0.07621195766677799 0.07345983292990446 0.020342297326116685 0.013347678838868917 0.02117754448066499 0.05264345059013091 0.05704594965611202
17 0.05856165995399458 0.09515518372853807 0.02003181058141956 0.06613783276991936 0.003845150131121558 0.07339722464039732 0.050880418161172704 0.025272906373206786 0.08722979341400926 0.04712017783376915 0.07388870032852861 0.03183809105139359 0.021292177835662864 0.0193105270749135 0.004286628800678861 0.03350733305475871 0.060980621949890804 0.09230763301250207 0.07196749046933704 0.06298863883478559
18 0.015994242813556023 0.023922014469616188 0.06012946309061849 0.058384851668347754 0.025785159855041047 0.041756793842556164 0.06558633581132789 0.0766855687362047 0.07328790589587178 0.047267929857153314 0.060531118554530104 0.017519813549239205 0.06664495011624433 0.026640278297229633 0.056810507532463805 0.08237158869775928 0.041215139951673606 0.052409355808126654 0.07662089110156703 0.03043609035087292
19 0.0068231263474913305 0.015028477845784103 0.015656670669416207 0.05785189182355932 0.07300868979120213 0.05162714602082015 0.015604584072746848 0.10984704021663651 0.0019302758691946227 0.08354141511056169 0.001610252938671214 0.1086779603980822 0.11675395653884918 0.11311436257794842 0.023128747490616868 0.03627949300235392 0.01638945414913849 0.08244176829906823 0.011118829361836061 0.059565857476022645
20 0.090014839601046 0.07405527521988722 0.027094397374225938 0.08148308678460421 0.020238290115893794 0.013706346386541265 0.046378157067762604 0.009358550371596079 0.056661227291980226 0.0359819946212321 0.07008147538638507 0.07725316930951304 0.022555829904030756 0.08178026007868136 0.04479259017090274 0.0728577758352574 0.043929738179783205 0.020446502142854324 0.038944948275171046 0.07238554588265166
21 0.013761313224715152 0.06043919264797363 0.04849615762871284 0.027115615627890475 0.0829045736622159 0.037724774998946116 0.10133049431392786 0.03233194966500574 0.02815840142654279 0.01025397675422961 0.005305593344246684 0.03636989893892302 0.06945014858431017 0.11027527136832208 0.10187251741138939 0.0771887000939888 0.020741215046223043 0.068000449195636 0.014941215859639197 0.05333854020716151
22 0.02590636144574509 0.09616639427910084 0.05180869741010492 0.09755781420146882 0.08788108242150268 0.04137214125714897 0.037334087677360454 0.028912459840383712 0.0073980745611329154 0.007465431379718616 0.07890775031777583 0.020065171660267434 0.06846604504685413 0.05085919356309565 0.027982066522782022 0.07207171353860879 0.0389778625738586 0.0031896253789844967 0.07403599447204859 0.08364203245205756
23 0.005300399682264986 0.00284403004295147 0.06903944266814427 0.04235460958541732 0.05210857649237678 0.045452412316286 0.021780195339172772 0.006521569748594189 0.09185325422928066 0.05601091060212761 0.06393120631843674 0.053936129168942915 0.058794941867876975 0.029219351725288816 0.08430978344696131 0.05355895660806215 0.06492170187119754 0.0533137028436191 0.0769962515042391 0.06775257393875928
24 0.06246788754027663 0.06406059128923926 0.035899615423358705 0.048678114891570104 0.0873241003800511 0.0805358194491258 0.028952120557640067 0.016926506768164176 0.021493763103080033 0.08623090049030951 0.00902207194477772 0.04438132529062438 0.09139496527394267 0.01861325464774049 0.03008243171948431 0.0028471730258919402 0.061654708670501775 0.09481691959088015 0.09863364935445416 0.01598408058888686
25 0.027567708455637347 0.06271250842611291 0.05099047635781455 0.06982223358054114 0.08111433920172363 0.08177165500618211 0.07317947396051774 0.017589836219487762 0.058590594770809315 0.052230491187522016 0.027662435285681023 0.06776046914278355 0.07931369919808998 0.002875324086551328 0.030652473732253924 0.007455859671720164 0.07676404606635795 0.043545480198318005 0.04326245670218381 0.04513843874971183
26 0.09897548099523021 0.02867033707046178 0.08220855308909651 0.012618377581168105 0.02937325192590101 0.028810341326620005 0.016854000927845503 0.10562683728423981 0.02536366814904761 0.05141945915540798 0.008705882224676867 0.057538377329140904 0.10486188405258785 0.05603281858717534 0.04707730346216023 0.01394492995096118 0.08244479822806183 0.02478698544101347 0.02262364744978018 0.10206306576942355
27 0.0008736648363751303 0.07952965947399664 0.03249220474792412 0.08457089181949559 0.09270236877725797 0.07418531286064584 0.025850773281537356 0.01579634885909499 0.06546335385859729 0.002556303436446847 0.07624952515405395 0.02214835752437537 0.07804671376808645 0.0816494739181166 0.016171333647371625 0.01840713762830599 0.08731817907277846 0.07729180716133643 0.014892384993975832 0.05380420518022768
28 0.09004771818026466 0.01325635747901136 0.00696275865788448 0.029381314832571705 0.04608409393094647 0.054833222973063735 0.053795121613810094 0.0955940383384995 0.04006724121989976 0.07887525231053341 0.0843581762207712 0.08260175027137383 0.04042458081831413 0.0804603003957196 0.0004012471900795479 0.023802050503852628 0.008015082777993477 0.09720912496703056 0.022522598548818513 0.05130796876956125
29 0.04838539644246352 0.023357549643720867 0.008148533018555598 0.00931232165429247 0.003759626026495279 0.05315779634950008 0.06958264393918086 0.03587691066721798 0.07867939536555077 0.07487687939827853 0.06984688665307208 0.060769945265321035 0.07350807758239308 0.06695183887446597 0.06081134807916339 0.03261800850378008 0.07086507078094716 0.059657589133212015 0.030252665835382594 0.06958151678700657
30 0.0155972335676257 0.0762380959507024 0.015066398917533546 0.01831058619727648 0.009678685660690727 0.05878105335394557 0.04754305162244197 0.0637927718195746 0.04365672259287788 0.03224751539218869 0.009712363129534518 0.07552603024485512 0.09032934195982173 0.08161131668284169 0.023702831483698044 0.0980206466160116 0.005524687306330912 0.09308993460631591 0.10074211079201156 0.040828622103721214
31 0.00754603913794681 0.029323300864327446 0.07300545261430447 0.003723983658351195 0.04656120046283967 0.039641689221899284 0.06377184958395582 0.05201137791369951 0.054314488140901146 0.048919772331097795 0.0792651811401479 0.03113727209769259 0.07709657762779348 0.05239137089594541 0.08583945490363283 0.02576943690245491 0.04788882081031192 0.07128442587798683 0.031945057909114644 0.07856324790559623
32 0.06355441865980235 0.06693608923754973 0.06268085080776976 0.07466127093710395 0.024984553826338036 0.011603347872102503 0.019406035519584048 0.06151180388421494 0.019620285091995582 0.039751208814808724 0.08315671949445037 0.07850545676985585 0.06157862745354687 0.0689869975196228 0.03427233406831966 0.049425835651239834 0.004452225843736483 0.06741955394938443 0.08025710292671295 0.027235281671861147
33 0.021571210977434734 0.04601238734180389 0.08486680247688383 0.0275737837064795 0.03667514440458773 0.06266257629908331 0.0017288123533440336 0.0649103005268052 0.09448807161399765 0.015390661956586742 0.03708146527128776 0.022115405773936322 0.09223593298686995 0.0961650607259986 0.03407006468007302 0.022582110338809677 0.05827345208433833 0.06761461844254875 0.04437353810895003 0.06960859993018101
34 0.013102303388989218 0.015622989453847385 0.07323085351949206 0.07347115585498507 0.07304660707082623 0.04731652127099384 0.07336236635782119 0.013816701633420792 0.02481649437681997 0.06046118403431879 0.04199874519581314 0.06709890534407685 0.06833365087518153 0.07351992396157403 0.02202500621938198 0.018086650171858756 0.05068994874477254 0.0722221164141381 0.04457810564476834 0.07319977046692022
35 0.0466130768318537 0.015532442976012967 0.09365363509416298 0.03737402240171445 0.025111714707110103 0.05186217478791125 0.02370565713868356 0.041103119340299435 0.03280041444398855 0.09103497008563519 0.047381787104085304 0.10910614589883465 0.08172383316464192 0.019760861196729675 0.10545623380613656 0.027440365938532173 0.03102431768403623 0.00726216725288963 0.025236596434712197 0.08681646371202924
36 0.0900708423861352 0.0011482536348430368 0.04023567996565194 0.03280240250510909 0.022454834221527626 0.06266031702306765 0.06373526636810549 0.06141190255464479 0.09515776549914338 0.014618027769405075 0.0839575060641171 0.029233965150583435 0.006313578042855501 0.08895845314680634 0.06607676187219334 0.04540932038382689 0.08333642804291012 0.033126020424268626 0.016421851445278933 0.06287082349952651
37 0.0752790155182395 0.02880790149166666 0.0036440861865862082 0.052006083900013676 0.023394567056716394 0.0603169179704806 0.054390048733234254 0.03691945095707516 0.06165980838260904 0.06906598534741346 0.07905635793436636 0.04483458951060819 0.06828054783565869 0.07038777387456499 0.04281425871969967 0.028793179501271682 0.0406983979066923 0.06971774329839354 0.008069606718640389 0.08186367915606924
38 0.026961043174745226 0.04854325615754349 0.018316205903852186 0.03183785026189348 0.09488116532497083 0.06271097640229653 0.056721067353143535 0.008456248584553811 0.052636282972626645 0.06105465370002534 0.0804370768248384 0.044846749408866814 0.06565585611186453 0.005376156451306592 0.09354047851455921 0.09065620054928583 0.06098510741207755 0.017356062761841148 0.07870301996857958 0.0003245421611292155
39 0.03746186045721228 0.058412342177328214 0.09989286391450888 0.03549705289493653 0.014532430960728234 0.044499812061650615 0.08101482730477223 0.06389724407414091 0.0026976132745039566 0.05186048445135083 0.06507879778340059 0.10120934179067638 0.0334714158454127 0.048266357261289104 0.02092701852756871 0.026047537522984787 0.0550493836247366 0.05557176218939523 0.015912750055058857 0.08869910382834434
40 0.04540008234897456 0.024912809165387805 0.051088924982077163 0.026566624643739083 0.025012361185888926 0.08476754783514723 0.07442515431300153 0.015230933529292454 0.012514368125156225 0.0654526049558966 0.023587031683981994 0.07326206851577524 0.05615722687772934 0.08731800488735916 0.0519239302348935 0.08928507674497502 0.06022191308357562 0.027028530651408974 0.08281948136519576 0.023025324870543876
41 0.05683084788485322 0.10662124699467326 0.05989463456960623 0.05410327677882953 0.027160120504087497 0.0019269318287822355 0.011093204640292448 0.044004778282337544 0.05008777406309387 0.04230076661496643 0.0325065379450963 0.07390695511328496 0.02732453222533486 0.0555487378890654 0.06967974451146476 0.09804714598518377 0.025129071208205244 0.09827825688272268 0.0598505904031757 0.005704845674944116
42 0.03462857033145895 0.030162474193719847 0.061262428414096175 0.022380485546814047 0.09632970096462344 0.09384888625087187 0.03490650931729147 0.007527076802418619 0.04692858680334025 0.0030680807674484077 0.017962384180037226 0.06882482701001497 0.09074400431107474 0.06190230603583903 0.08915239876949695 0.006470363818497204 0.013196351535895311 0.04302191834771352 0.08763966489403864 0.09004298170530922
43 0.06753291310964193 0.0377283858831012 0.040109573391875535 0.06024569230469051 0.10856120960854129 0.048400479436184696 0.09385129542653319 0.030573085424855696 0.0074568420620242035 0.08718277284051068 0.002219589758060286 0.029535728566579184 0.04146471405596326 0.032390259480172934 0.02770213085754583 0.06888979895343017 0.04067829313710413 0.09270997637496767 0.07632262060134673 0.006444638726870865
44 0.08324263389583265 0.06292967332296602 0.026795518252508456 0.0669628917209637 0.01622032315113366 0.08115948372879715 0.048719275153622545 0.03236740585897367 0.01698277996453003 0.027370924456565745 0.06789504840211347 0.07597270350096169 0.0330544854828763 0.060217929459895646 0.03726792044504456 0.08670583493378943 0.0878260187857496 0.018384532289370006 0.003397673935216839 0.06652694325908888
45 0.0578711132839997 0.03359021732056759 0.03815492741293779 0.06431865237220327 0.06981943002967433 0.07305920849596219 0.009336612931343819 0.02247153400268718 0.029670698522345502 0.0817068572540444 0.05693744360937592 0.04552035205275458 0.03892803973966567 0.08509166601484831 0.061386997685018346 0.054306937208456564 0.03609949656598282 0.03154180020077703 0.05230886521124668 0.057879150086108395
46 0.04227706943144566 0.027134673296236474 0.07235694992104319 0.07787419113474879 0.003572903963575589 0.06912880626658226 0.03163526196761321 0.08381371179937874 0.1004661472803008 0.028510655018903285 0.08891723191237792 0.08856938557972527 0.00515865206313505 0.03100134796503989 0.06960246877510438 0.05205999154734899 0.024961895128568348 0.02404574800770283 0.01191496427193431 0.06699794466923499
47 0.01568580118391788 0.0610261067182645 0.008487156299287996 0.041096692408686256 0.04988322061141525 0.038144574278044074 0.1400786357963305 0.06372564966772654 0.005879793615131705 0.027873107630582924 0.06540287006389793 0.06089781638358471 0.10955053073604416 0.08531853850853816 0.02843529299481892 0.03133271825469222 0.03311749035625579 0.08760172224175379 0.004648022162485628 0.04181426008854108
48 0.08500983530310566 0.09003810929915948 0.09749921363002594 0.018622430301622663 0.0643958133077876 0.06284361297222049 0.002273987365639919 0.08616432466130393 0.08058314203838988 0.09371626833201152 0.00746662749649902 0.03274787176056037 0.03615588762747884 0.008188256479903953 0.0024968933765472435 0.01857114232686405 0.031157653702271665 0.09821351263645078 0.033117552608422876 0.05073786477373388
49 0.0009365095412124918 0.0522298285774943 0.08745217910644659 0.06422917233253675 0.03592927089477659 0.051171733494752396 0.07384281500175939 0.07734110421237295 0.03821575115786983 0.04143498663465797 0.010530791896952366 0.005002301289273947 0.0858641531743113 0.08867113179598866 0.06180324399179183 0.040728428767027175 0.06435736794834904 0.07029133014206423 0.00836083778244561 0.04160706225791677
50 0.11197201115361344 0.07479715524000238 0.04144099901065674 0.059935358331292835 0.06019291276985809 0.013019708798208598 0.007417513736975475 0.0339435660484202 0.10665015686143953 0.000558350670334454 0.05269194686714347 0.07968980141960512 0.07324105161100315 0.03529690010393755 0.030724596277668256 0.004611901793347562 0.004453338499885907 0.019370106974963223 0.09704755202686481 0.09294507180477923
51 0.10535682736953297 0.03451547555104356 0.05327986173527981 0.05138682189467622 0.012314182366573636 0.08278855736189009 0.053590513448387875 0.02672353957267559 0.11050789813493292 0.01828127702279947 0.03547967389255731 0.041838179595123856 0.049773246215362055 0.06457521904628115 0.0035290585027967338 0.10608914853795759 0.052218026305358684 0.03795542468738792 0.0014682431205228596 0.058328825638859855
52 0.03368393190751048 0.07242815309745489 0.017824037113836254 0.030552695951698024 0.05036471624440352 0.0990472872701002 0.003241779172179838 0.07014130202912758 0.03723880291251944 0.03570118984762942 0.04531422835860697 0.04892818237496589 0.022126626625861144 0.037234587398030206 0.037133027288558 0.07730210473686486 0.08829862277184687 0.07272645337061442 0.01450292457483405 0.10620934695335797
53 0.014822757460563994 0.12114384391344193 0.011597519924620138 0.007256607286571829 0.004062874459213093 0.07918691409638912 0.002646496229884342 0.010754870976213516 0.03707838956087887 0.01303562639164957 0.026466338089768508 0.07531583819441821 0.0878112242816032 0.03824163043754505 0.09553932202942965 0.09750379836522209 0.08909956044486737 0.07274333657471203 0.026015495723626603 0.089677555559381
54 0.05267304214462855 0.01412722331170381 0.010927836908296592 0.06207247080486884 0.10445948524354674 0.007673377256719072 0.003833186243062306 0.07630788897165554 0.012155284451989492 0.0668047379526621 0.09446355987112956 0.04811271172264567 0.02425634231043433 0.1126362015792285 0.04412219344299811 0.03748713899196948 0.07890848730389223 0.09503117799032193 0.03968667686817787 0.014260976630069162
55 0.006621398117156844 0.023500609777204407 0.046945463004285426 0.0399615023250116 0.08863200818517873 0.023630784290254014 0.048264445417242695 0.03801044747702565 0.02069949495026623 0.07318613758893647 0.08853829798475 0.09378602566689176 0.05583251291330094 0.0390194067304763 0.06784604346141566 0.0053629538926760765 0.06494873245420359 0.09310482333257578 0.07593179577753258 0.006177116653615299
56 0.07517086162948224 0.04476261683191653 0.07649487177754496 0.05776794348521842 0.01604027428898392 0.025248217777387446 0.08891317186093702 0.045217337305233925 0.023297406576359644 0.07776839799875011 0.09234242297892538 0.010872960235622503 0.049821880372598035 0.022387703595721023 0.07936734974171335 0.06343222409021683 0.01960418819466575 0.06081206060296293 0.05844213100297697 0.012235979652782903
57 0.03410111782036772 0.09032728468077561 0.03910984755904137 0.08876361002670864 0.058152857716585314 0.012499495530734778 0.015768790981130227 0.03693881021654647 0.061284939631434936 0.1003989277052159 0.07472438753096627 0.023143985815356743 0.005422376164761867 0.08171418582845953 0.0828522486586682 0.018587368713044398 0.07843038814958178 0.06292350435627415 0.018395603184100634 0.01646026973024526
58 0.07502528088370737 0.024218776865864638 0.008330174700484997 0.055671034915916774 0.0017253748943039367 0.08081843936939932 0.09652469165133472 0.036118247430448086 0.04805539974224651 0.06252324264417612 0.007420845186880056 0.09704646434829114 0.11184290134566452 0.044429453399155036 0.025014997903451335 0.0319768588047737 0.06797487938076284 0.053080801438821136 0.059115146541082235 0.013086988553235436
59 0.05537141684744961 0.05457235906372942 0.05877654299082099 0.06355248622536279 0.06434189667392781 0.029496637729245167 0.036896028194496264 0.06491427679819321 0.055853391941686835 0.035333820907382345 0.07557893240420699 0.04621844598495888 0.07612132716272674 0.03183344975806478 0.012533075289218208 0.04536026605006464 0.0014184993847285584 0.07567919649856593 0.04283832886975259 0.07330962122541834
60 0.05671071234229816 0.013440874369600687 0.0823979086615053 0.059319073076523995 0.09389049028907644 0.053049700755292716 0.005431458363834205 0.040814071022269326 0.006921395943143828 0.08733024782733474 0.10764635120326814 0.07971778518326673 0.03016708719415779 0.021655874361663753 0.007928444728175775 0.07152726264731687 0.007180506141702915 0.0013861498422714134 0.11502173688029611 0.058462869167001275
61 0.04205831281354516 0.03687311248819871 0.042884007487996055 0.05481098185963992 0.031339940759061026 0.09158872025577298 0.00013361554601362658 0.08598037287749428 0.049554840116603514 0.024663957664496854 0.01559994490419917 0.06992552289780572 0.07330001647545799 0.059546426374097135 0.009736137562805504 0.07367273101237813 0.01255778210275376 0.042385537195632365 0.09105002648777415 0.09233801311827393
62 0.012986253758874553 0.054165515054288085 0.09074734264031638 0.018256117461287833 0.07410111580551831 0.08265311076066656 0.060897532979682416 0.06509962025218137 0.0013889673041683412 0.01823073522614559 0.057847977984970725 0.07283969827433338 0.04514349534560093 0.05840707141764998 0.004933986699928553 0.05373711735767366 0.08033354774953766 0.03326721488562804 0.077023545002156 0.03794003403939147
63 0.0707643764981665 0.01774122266916586 0.015128245306657503 0.09671822690970207 0.016725263360451267 0.008820867855857454 0.03774094760562326 0.07439485474056341 0.001553625226975105 0.07966979289238499 0.0939156843102826 0.08289813818313697 0.09776805800335625 0.04359947599744933 0.03449553292272771 0.027208750064953435 0.10666619291519125 0.04291650781037758 0.01225988359546561 0.039014353131511775
64 0.05564316065974482 0.022656365187074607 0.0336490128497522 0.03486859955830516 0.07567165630689127 0.052602213890826685 0.06157561692891979 0.04739794950065925 0.07153391174759041 0.0057396088546950415 0.08719809535276815 0.08958675498252772 0.01722857429169986 0.04302942258341873 0.0062012593202493685 0.019850186283740516 0.07237737228885723 0.08362184334293603 0.07104813725558813 0.04852025881375496
65 0.08250945369500261 0.0036698226578939955 0.051497249550437 0.013690441441469574 0.07039437930961294 0.011443024121643303 0.0005424648278883281 0.06266609425594012 0.023358680681995505 0.03805738303646006 0.07849791901547395 0.0703723565386366 0.03365409317846071 0.049873755197044144 0.09101572896952476 0.029507083785905244 0.10358221297496752 0.019501606705531003 0.09411784880219116 0.07204840125392131
66 0.007963479297961358 0.007942871451428983 0.08796773196787255 0.03586711750804812 0.04975907168370911 0.007877389520160484 0.04901413230760865 0.08889062962803 0.09011422321159974 0.09518315182225323 0.05096046136881841 0.0349119328478284 0.10335379664484094 0.10497490555126668 0.04105990986274769 0.0012290796216715867 0.0409541303211737 0.0062231314778260875 0.06656129789858137 0.029191556006572843
67 0.09254230051095212 0.08393462050383894 0.021703419909368082 0.018101919885605024 0.07602288343291158 0.020792532296737526 0.09006053769050999 0.07585891347496776 0.01557526028053355 0.009790297140308947 0.07144597617240565 0.026107467266044904 0.050880533342240894 0.010413918508807803 0.025943838450338413 0.12559854956998157 0.013081699229443685 0.030588286754774822 0.06583431592301169 0.0757227296572169
68 0.08987649203612987 0.0714728006041272 0.06218336450387191 0.002649827311523806 0.0038717008283145485 0.06619680441425604 0.005110350754851731 0.011652510922021833 0.08186220801904097 0.08747510374843116 0.08915082263295684 0.01630708254788231 0.07109456461263787 0.001707985332169779 0.0882759814337988 0.0700719620581516 0.07020980273312777 0.04683683944510394 0.0432731177851629 0.020720678276439006
69 0.07909206907030714 0.04687317813374843 0.07655860634390103 0.02131373831891333 0.06030535492808183 0.06170131117308817 0.04957738642794301 0.06284991868890479 0.03395686700145017 0.05618624902025413 0.035213216791319814 0.04610077460466166 0.06585831217835102 0.04903426311703273 0.0709786596714372 0.023891186220693805 0.06773960004347121 0.0019082005860073517 0.012887130433534788 0.07797397724689853
70 0.015427624297448688 0.026920584842218414 0.0013358183787472756 0.04496545472819096 0.0035760683156666096 0.08676969401328175 0.061729738049341634 0.014934054530038238 0.0024656213196766917 0.08980897442281502 0.1048975358027164 0.06387196703421305 0.034444444271898376 0.10838398873322348 0.08476052359587181 0.046938096215655076 0.049381066354062475 0.07798600095326384 0.020147926206306396 0.06125481793536404
71 0.023216482724821675 0.006438159355214566 0.07223677656884275 0.021209721620970134 0.0846953392537407 0.05287456229935318 0.024410757369013315 0.01919831877313468 0.08768501388027694 0.07930503549664193 0.0656525067324507 0.07163274307960323 0.0407785323670812 0.009720432715932736 0.06196881538027367 0.06600516300177331 0.08255453177434938 0.057284294990319895 0.03131627034505706 0.04181654227114904
72 0.07660264466541737 0.052561163374260415 0.08227003913530327 8.95705505364471e-05 0.051178403618537045 0.06868066182090592 0.07305201796921976 0.036359931440379196 0.02724956956381901 0.05463880999127804 0.013762147128558829 0.012701048608873673 0.08140229913883938 0.05455276795616528 0.025826932336616905 0.09434443557027067 0.08435534932974989 0.014487996927550576 0.0017256147090849478 0.09415859616463347
73 0.009422065445741222 0.08628360365505848 0.04807708039101837 0.05634040004431233 0.0011627475698030886 0.018831759646378062 0.016845450032815693 0.01027314610871393 0.048809086343553534 0.028151737161317004 0.04500452504959056 0.020365735258910726 0.07119021838135414 0.0815781567045831 0.05449786315834764 0.06275442674180304 0.09353366622576126 0.08947073538746496 0.09240512044007833 0.06500247625339443
74 0.006869783061856679 0.015671124918157506 0.018175894655662345 0.07764211304419659 0.09559600348990042 0.08972391567544348 0.08060134690670245 0.010922954858756948 0.008865014528951996 0.05200018446325301 0.09077464965596821 0.06403485069470069 0.055015694592329537 0.053940815986782506 0.04452179689455327 0.018582359647940205 0.0940596465992392 0.01241739448404616 0.034821765311916525 0.07576269052964221
75 0.055079472668159865 0.03764751058608698 0.004729915992318844 0.0860771252484848 0.07314221319417515 0.046879503245330995 0.0016857843000902893 0.09087144002275169 0.010905712709983317 0.06731662246293953 0.04406155566102697 0.0040361554764475754 0.07507539878592219 0.05813011016337339 0.02677741667662656 0.09710175779826574 0.035152571465865735 0.04186420982844618 0.05377051422248168 0.08969500949122249
76 0.01803596089668857 0.003260027959280085 0.05727678096290945 0.08966604510909096 0.05904483781325682 0.07650801584429959 0.05624221642544181 0.09930900513819307 0.10205994114419614 0.01401520983192553 0.04717416391514064 0.053480974019234365 0.0009333373399182758 0.01903518841584267 0.008096215578172961 0.0595098428637152 0.05157470913507904 0.039320611789802735 0.11228972301832373 0.03316719279948836
77 0.06893094354701232 0.05920833732700255 0.04968937352085767 0.08298706065142326 0.04113788765139745 0.06604796604171584 0.008249769904722056 0.09236926496272621 0.025739859845553627 0.01982517524531846 0.04760297405403742 0.019448928280645195 0.018825801643686052 0.06962417927755703 0.10129514481764991 0.025757268651623342 0.09547902826599727 0.015522327483118567 0.04686457741930332 0.04539413140865243
78 0.05214801807450758 0.010082225987391873 0.04810898279140607 0.047654205251708416 0.057970407816158614 0.05527070704857591 0.05483183422318687 0.035225605604699346 0.033673897026009335 0.07016367506797033 0.06606040936878932 0.0009306319260955846 0.05745326865588509 0.07924589132230925 0.05016266849020128 0.07392744849512625 0.041923202967005746 0.0554088992290047 0.04999262897411454 0.05976539167985371
79 0.03623102352901723 0.057328314796968635 0.07859778397417988 0.07597640082368362 0.07220687901140187 0.06684649604382634 0.0183014905278485 0.05000819716060032 0.05732569539567138 0.03646482899145079 0.0499304867460928 0.07063816738399964 0.030214224909203793 0.030765678240794386 0.05581679386557655 0.05386408457419073 0.08315522387138592 0.03423951336942207 0.03193010690609407 0.01015860987859152
80 0.06692917975839537 0.04548723784053883 0.06460306534340197 0.011464185307103 0.059459324286739876 0.05891735206392125 0.07661809670530902 0.012400037781073923 0.03747381265450047 0.03505111654880376 0.07721797243676932 0.05985135645777937 0.009935434161656298 0.02875562939938395 0.07108878200939507 0.06230104367218483 0.05952682861847847 0.07620942156826566 0.03547851202084662 0.051231611365452796
81 0.015603977587960194 0.09501168116853193 0.04446971504515238 0.0214553775901399 0.012143704909019969 0.06701695792944495 0.03446160894992268 0.012415841132250565 0.07531041214110065 0.01759612446226052 0.01309200526974379 0.09057254498185158 0.09132946126915 0.006387906843045823 0.08830535171959605 0.08082461528689086 0.07025499491370232 0.05331689214221089 0.050814182296739424 0.059616644361285547
82 0.08433065172495414 0.015231477081623854 0.044618867475215665 0.08444145740007493 0.04056791435776875 0.05773769522334776 0.050780747802333076 0.018262298467971214 0.08812832288817228 0.06749950277208992 0.026074863008861377 0.06290911822701568 0.02231424667417172 0.06470041081485309 0.07069492202033437 0.02443033791469562 0.06965715138696404 0.002371503278911039 0.0712180492677218 0.03403046221291954
83 0.09937913244332386 0.02246831236288726 0.026792020573764213 0.010022827848950772 0.09336708566974228 0.0169325981326237 0.030238565917706094 0.05294706348852037 0.07646241909082024 0.10330301030366548 0.04979870347577969 0.042659730338485836 0.09842688359815467 0.005700020761047222 0.07197792519071579 0.03206741431395862 0.05116412432928209 0.0656988779127239 0.010266668618626905 0.04032661562922091
84 0.0028986109081554296 0.06811750479392174 0.004379450752492347 0.07219415457664188 0.06815645460428725 0.10827030911054727 0.06359951882904441 0.06086447172239491 0.024820309434206534 0.03610078357038195 0.06483377593502881 0.006838014988383508 0.10688662129556174 0.042073344545215524 0.06859641769009517 0.011487167796642116 0.04042468378955662 0.08338390124656628 0.02446743244107606 0.04160707196980074
85 0.05582265088793976 0.07697940945350745 0.0487503432527157 0.051258686146054847 0.0348652627448553 0.04698415590506796 0.0264539353717911 0.044088930687751424 0.005290743761179693 0.01666751620175831 0.054603258433805084 0.08572298894756683 0.07900347928074705 0.0021474518406944467 0.03510248823409049 0.07791203579685907 0.059163283204950894 0.08280001917077294 0.06980962545436846 0.04657373522352322
86 0.045740423455518424 0.06979704297588626 0.08709285695092932 0.022072119660196562 0.037500848888471425 0.044526292388250475 0.07345821057038728 0.06269576503185345 0.07559391454957795 0.044566415778455576 0.08255558066499227 0.028776644455241192 0.03639498701515496 0.024383487099399425 0.07050980112689031 0.027840679693633002 0.08616285861706591 0.04510578435361199 0.017967471644017057 0.017258815080467324
87 0.005571727140002959 0.08262195132931169 0.130391182529086 0.00709602902461821 0.0813132954176479 0.012623636605096397 0.010883957822391007 0.024822496939603415 0.012333676865699299 0.053630684050273804 0.053266975785250074 0.029671125458099697 0.052291185339289566 0.09518091066848393 0.07942100534990179 0.12892143537133216 0.0773086756224187 0.03076524856680861 0.029769563398897535 0.002115236715787236
88 0.07818117727289246 0.06592092412892997 0.05475133033601542 0.054224880872374016 0.024355747216297706 0.093474656778101 0.0778337428942967 0.04991063007299077 0.046709652912388225 0.011576097740225725 0.032546279431932994 0.01899693655489586 0.0670932747201039 0.03365950968332161 0.054608473440435464 0.04894793559136137 0.0018935079718061139 0.024813670898039774 0.07592573574211392 0.08457583574147712
89 0.08459188157396816 0.08588755602078907 0.027054756775192857 0.04107861264257765 0.04450432877578034 0.07464966575896582 0.0836953270510296 0.05046269414591975 0.05207488025343292 0.00961728825644461 0.0488800972719521 0.047975472840115295 0.022964239214221655 0.04772514258612717 0.017334378165984207 0.05807813003058969 0.006777988572089714 0.09006984525718552 0.007798319793599068 0.09877939501403482
90 0.00934069630772592 0.043561233008093954 0.07550554477071109 0.043738686171632686 0.06558092046289207 0.06196376919030368 0.03302075784561931 0.06267364493570712 0.017751213436596906 0.05479203452694704 0.0679743960625148 0.07307487856427822 0.08252963568013466 0.04405751249305763 0.0530119186301807 0.03508442971244355 0.027956438389342093 0.08987502500628 0.056490771637710664 0.0020164931678279003
91 0.07567990573255619 0.013253846351577128 0.057057519986948926 0.014291329135506467 0.06658798335910258 0.06737674620166402 0.05053849460952369 0.04729802445298154 0.06183140516324401 0.02310131068059785 0.03569210652862428 0.06480983530871033 0.07423273034115407 0.05511871088753965 0.06985283520401729 0.002062009669452941 0.06878994294663628 0.04250377519137123 0.06513712918161724 0.0447843590671743
92 0.041241434632959206 0.06411222218624993 0.04652731640658629 0.09478937046123544 0.06025985563517372 0.017440299947781675 0.01326650225732163 0.037591161755596354 0.07929494920015862 0.029867459046813795 0.04953576073193987 0.06405206728479243 0.03801207846881791 0.0681073131505753 0.02096073983408191 0.05425824287548989 0.030856975318853137 0.09591473362805433 0.07399910261351753 0.019912414564000804
93 0.07532830187920754 0.07575660214363049 0.023101464236271685 0.014862477263015317 0.04554393063546215 0.11411378262407756 0.02035564732783825 0.09972275071063709 0.09038595392539324 0.02471436901677637 0.025459279610192447 0.014023153738396587 0.03553413870341414 0.018229862364730606 0.09939052079300054 0.05819199911562491 0.056625971494318875 0.05270897038895451 0.04491541670292433 0.01103540732613332
94 0.020639704443961092 0.045458826281646325 0.002911591156170646 0.07738379517399434 0.048713509999113995 0.093385864334179 0.09484311044983199 0.07881314868536346 0.04897390274577236 0.07072420215567116 0.037592840735439455 0.06922295849881531 0.02439977492176665 0.06130144440803171 0.05373758137581802 0.003794818876374787 0.006265271662763812 0.07918524913948809 0.03675263682392609 0.04589976813187162
95 0.09264882085432269 0.10172251801014816 0.043132642261867825 0.06660513312173304 0.09833219912574497 0.09382126794026595 0.04531818507919679 0.03982538259734268 0.046079484124012186 0.023085960860983308 0.015536428461508283 0.07893244883442058 0.0030400207722184568 0.0004497820757831644 0.009549719260854702 0.010124832573232464 0.08091578748696819 0.04508446955331291 0.05483104999877493 0.05096386700730878
96 0.04299991224548363 0.0021102282127098424 0.033228822719424136 0.06822869095554965 0.05341472359698431 0.054143898704222926 0.08975592864114382 0.0855520617070925 0.0715756035619696 0.07343167039796278 0.05030698404449104 0.0020055134129487572 0.08496773849383779 0.016093628610674048 0.04144044448965161 0.08834508063815812 0.0260595377183804 0.030436712095288455 0.007655730143045678 0.07824708961098086
