0 0.04530948475696787 0.001959279286779309 0.039994001680631254 0.002741835936212643 0.07683639194227522 0.04055867819360385 0.018079692169675157 0.05707116259088498 0.10239749154071542 0.08726557623963992 0.022946861263284442 0.023357709576229856 0.012895722998476133 0.11149165135886753 0.05884566656984594 0.06147620568727026 0.1138504937317923 0.005551361064178927 0.03516407014071407 0.08220666327195512
1 0.060753687011044444 0.02092243074435846 0.09518909102160433 0.10216756812587265 0.07098644386649045 0.0933126596865827 0.08507867064614284 0.0023814471643367583 0.04059108958585295 0.013281148341557575 0.061884912366654186 0.03640224449384671 0.012578687322592987 0.10766984700523526 0.02017252497138396 0.011419017948700075 0.03538281021466983 0.022879736179161794 0.05946349014320302 0.04748249316070923
2 0.01045890235005222 0.07220175680039152 0.06862536516738979 0.04587725357732024 0.01849594487306183 0.05259273379205391 0.0633198612310661 0.07004060168439526 0.003566033751524167 0.08816725786000489 0.03120589080952739 0.0979864127315198 0.07458858245942165 0.03592639853370114 0.008457155295050816 0.09843472514247119 0.011349439948229737 0.059834969180652495 0.036893108326615305 0.05197760648555036
3 0.054729610372652115 0.06588319453329065 0.06618163952588024 0.03344664556822465 0.037849777586677215 0.0011322453456858099 0.0639384101017469 0.06152633601443466 0.07583663179150366 0.05547054859676264 0.06451128675039582 0.0818645864802592 0.03150718966680742 0.047630447666340156 0.044204599943577665 0.045568003184605355 0.031041034222009666 0.04622346451533766 0.06860054759028959 0.0228538005435188
4 0.07209936404245137 0.021700777159177016 0.06962611423902688 0.065483469793431 0.06604111384397819 0.06248193561320838 0.10864136071703105 0.011353864383845254 0.07665136366417154 0.05583181500106703 0.05175346685796115 0.08149811942869983 0.011719985378064056 0.0008893579235054563 0.022490414615287425 0.05762026572579781 0.08001281582277349 0.010814715841719289 0.06496807174565547 0.00832160820314821
5 0.0847538488774189 0.05975018169132811 0.01893087511236035 0.06454894939621497 0.05948047860535112 0.007955205731983368 0.010960188679785503 0.09032846706994123 0.03519338211586136 0.02677564391937322 0.08059512633692793 0.008618977646650866 0.053742193892091936 0.07450733834984277 0.04964775233772002 0.0825445944860536 0.029735141163259707 0.01804004133656007 0.09343997790190896 0.05045163534936617
6 0.01645614983946048 0.049534332211231026 0.06952504163872053 0.10107723113849694 0.0017478955737962169 0.010299324774903494 0.03824001153257453 0.0009416290539038009 0.08793727325402338 0.02144932650552715 0.006670061104545758 0.11801679355468911 0.09076217761381607 0.07381824932922455 0.05612402453265557 0.0048559820857117415 0.09857303782152413 0.004044101481146325 0.06169589769212618 0.08823145926192288
7 0.01643277067998335 0.03672349035709037 0.12013990237508214 0.017454161537952748 0.01029425813562021 0.03804134468795871 0.039682221562902915 0.10430869565069693 0.003216803631595905 0.04924609975689109 0.07944141907274595 0.03807125439099228 0.03296702657057144 0.04463568374948691 0.028800022597690638 0.04864997246127258 0.09376695310690467 0.007516353307349173 0.07647365829681327 0.1141379080703988
8 0.08573671809503326 0.06448399077586434 0.0522621245811548 0.03569034052046858 0.0005437139501737966 0.0972415586528611 0.04951848213256984 0.07965938057148263 0.025178174726999784 0.07213765621371292 0.030847400099945934 0.08637487984614249 0.009495683668427799 0.07652501175724143 0.06080521645711942 0.012075775467853048 0.056856767124261395 0.05067476841764546 0.008210564895840091 0.04568179204520173
9 0.05242614077747216 0.08686403122767493 0.046212995593430214 0.09718333976025552 0.06839883456660957 0.04953251183822713 0.07390242651670097 0.08635816353666288 0.040799104915021575 0.10812847764859268 0.02045103096434137 0.03544769525441555 0.06716308579977713 0.012277421533487452 0.016922181305951262 0.03452434963974543 0.011378455370599597 0.024236436508039128 0.030778786943996946 0.03701453029899826
10 0.09619920611284552 0.054575432497313704 0.004755868771673707 0.08281688971548132 0.023472658584953603 0.022746268864623453 0.07585519232734343 0.028509919709256912 0.06436466334918138 1.6827788263896312e-05 0.023238316153930037 0.02369229904213222 0.07994535648178958 0.007652316366807121 0.04288836343265503 0.0573141670559827 0.03353702010361151 0.11479402896875326 0.120319752554848 0.04330545211855368
11 0.07992176988540617 0.009660500255363769 0.002217634842253266 0.059887919158777975 0.07808540326132273 0.060338256052126366 0.04732629517217644 0.0675191078954284 0.0533552917516899 0.05142059241070367 0.022979995272121075 0.052506667460629985 0.059324931360293244 0.049187889604164314 0.06938280092570592 0.08063228668986237 0.0011770758110295815 0.06030825564090163 0.059010687588536975 0.03575663896150625
12 0.03589012121934208 0.022221937239668196 0.05596093246722054 0.07965329393892041 0.07302009675056854 0.054475836536238 0.030210625024615214 0.07277925284249039 0.05572844684938515 0.03758660292934082 0.08242328985840666 0.010451545242951948 0.03181109619700288 0.07835615665968634 0.03617619866568142 0.0603575240017731 0.0631012383465082 0.08471316419667527 0.01732380493099594 0.0177588361025291
13 0.07357728090268896 0.035678787738250416 0.10033392100987798 0.026637358952319428 0.03207099224574119 0.006681603609565607 0.008580977162043426 0.07923853600520585 0.08631970470348412 0.006189756322483895 0.023812891611978155 0.023378289562968713 0.10717655980055747 0.074406288755824 0.007969927078817244 0.07767461308554424 0.04318853251891868 0.04704344914108143 0.0530549426451557 0.08698558714749355
14 0.08373079958774962 0.046157966350241296 0.04909144529878454 0.048030717939658914 0.013066548182524566 0.07875323936286391 0.03390094808678955 0.08430935450066186 0.05332883395099452 0.03776612419316006 0.04076255740928106 0.0009651816957570373 0.045582628492552284 0.06238310130560102 0.0657152269629191 0.05571896030753788 0.03479665368320561 0.06807829412970062 0.08637527145893231 0.011486147101084301
15 0.029974735101904966 0.0589875507023329 0.04402668908038185 0.10024018338822407 0.09416184688521197 0.05313112216064992 0.0954645732415783 0.05652508511221403 0.03820669114336517 0.024203618981607732 0.020883368504765555 0.05698750635154568 0.07091332309882845 0.03690666432037153 0.08757210692344579 0.028151676311608847 0.0031301442263675255 0.04195047353429773 0.0017289534189508713 0.05685368751234732
16 0.040640375274337996 0.02018618636647931 0.09109149163111252 0.027074243858434772 0.06989703137177197 0.10116649481387062 0.09793480498043239 0.004908355647397032 0.055809208575316696 0.026153562015972437 0.047362330346759005 0.10120926718522881 0.005534567518222626 0.001594340919387669 0.04062896870265132 0.08042270019851763 0.0677180613147317 0.05187401957123226 0.02422037169094774 0.044573618017195636
17 0.04581522778762738 0.04224122428210743 0.03942932713805171 0.036450521158591896 0.046920476200981685 0.024849230637395425 0.111980962628735 0.062463240837515886 0.09362870382962978 0.03499530884246575 0.05823876974593181 0.02858501761570767 0.02858747097822238 0.08535756064364794 0.1047255641434565 0.03670200730296558 0.0021263796559390846 0.026615366454825772 0.045382797577788736 0.04490484253841249
18 0.05150033273382535 0.04645419189264749 0.09121976900455744 0.011771018048288975 0.0026473353767345236 0.07691807712093444 0.10741859258764548 0.03353852793201714 0.04734184053741567 0.03674428873412456 0.034662759279333405 0.11026949305178584 0.07941266408509116 0.030947296404572094 0.05767831405460912 0.015279807066531304 0.05618297765251753 0.0302868166566766 0.06701896628462807 0.012706931496063674
19 0.06033359011520726 0.03972516407600594 0.033736166513508116 0.04857919385267155 0.06039586523746183 0.054420213584289966 0.06822461645094352 0.023899418563595197 0.07543968089574186 0.05982904824577227 0.054528515768906584 0.07005613805150095 0.058189144490300444 0.03365230380252456 0.03880212716764993 0.06893121148849661 0.005656544375698373 0.05950651666050433 0.07301167083112059 0.013082869828100313
20 0.09835790947369037 0.06607450595593536 0.025212828669237502 0.030854057458971844 0.03279191419657405 0.034176876360316986 0.08362978638461661 0.04158038708011702 0.002509918714663397 0.07350000193575418 0.011540484121702926 0.02372483793941061 0.04716701699664314 0.04113017430426211 0.05169196052120689 0.09100057804842997 0.052461149679531714 0.06864167216074304 0.06311619504050332 0.06083774495768908
21 0.0027733668292621986 0.0712761216423353 0.0482141426574528 0.005887485338950183 0.06261783913275001 0.09332168491237511 0.007757960827678995 0.06762173989241028 0.06967081884677151 0.07381955520868598 0.10052517222097332 0.06827290712843685 0.06303239475071469 0.005994369107108906 0.008274761786305398 0.04808794612610763 0.01204399931038184 0.05864200303110855 0.03503112217919628 0.09713460907099408
22 0.027136321276554944 0.0017199241079091589 0.06949980118062801 0.00479668818004532 0.04210309957200165 0.08219117291921856 0.07984070169640495 0.06073491001521075 0.056642961904392566 0.08379446882488391 0.06534235728152667 0.05393795135842578 0.041590454602387764 0.06873090488279376 0.08187828406830604 0.05256849495061143 0.08440607588051914 0.01336753715927755 0.007462800170599842 0.022255089968302274
23 0.07293919640785351 0.015895468211843608 0.05088667133865555 0.04301342377483079 0.0380207681995142 0.04344637513878321 0.011457539584394666 0.012366812162177138 0.08373208597044138 0.08262337276145787 0.08627335979626052 0.0688355644091724 0.06580897836534677 0.06651197788283011 0.027275520424017288 0.07343390712141223 0.05601307620103539 0.043568411273093376 0.019353353010608566 0.03854413796627161
24 0.07314521242756515 0.029950403427423746 0.08519962891747708 0.09978508861409002 0.02195524548377175 0.045051828943050015 0.02767291561946311 0.014340836012689288 0.03399242253721821 0.00069130236419139 0.03418992458947907 0.06830995353417303 0.0959741432290429 0.018187094275664475 0.0422191120649793 0.05174873021169884 0.07634031958523653 0.10093439046929073 0.039269302388167955 0.04104214530532749
25 0.0709164520349639 0.006632647298289277 0.10152632524686746 0.11045725297520963 0.06325914284962937 0.0007169036059673203 0.01171236340127321 0.029181862575111725 0.0977783392185725 0.03892787121847634 0.08542506524143999 0.04040987461959153 0.05570943315101364 0.028848208639960203 0.09647331480681785 0.01294732802109671 0.006789475762879182 0.012373524521268435 0.09187380428118158 0.0380408105303903
26 0.04530269131863169 0.06980643056146145 0.010932695740727812 0.04991412110679406 0.09727601429439883 0.01541994818469936 0.04667772433054294 0.04676263299124535 0.070874426149395 0.09691423535698798 0.01762034953733622 0.04795790312228646 0.02901763031352639 0.08781092280445417 0.05700866030418999 0.026372665405376174 0.08299631851601658 0.026250972809810428 0.032450138801304505 0.04263351835081451
27 0.04678508587795796 0.0990043835652233 0.02598263165203544 0.02228845250420726 0.10788448029546088 0.09178576079879282 0.04047009309314474 0.012513192947934125 0.074055763964278 0.0026457602875254523 0.0032074489215861614 0.01488452274866866 0.10865053321890138 0.07576844698656193 0.026582760889245546 0.038505634804118 0.06057584479883143 0.10515260298895956 0.04255368011610285 0.0007029195404643618
28 0.04228383531473208 0.03021634333386645 0.0004219755741260965 0.038918417748852865 0.07197984928226435 0.016407741335870474 0.02166858468397953 0.08218754703970682 0.08012070760325575 0.002158517953439033 0.000703495519292765 0.07889280149005233 0.06472692329870983 0.050103428677289834 0.06079910318050601 0.06492951914558982 0.06188388809020109 0.05932338261461242 0.09110315475222908 0.08117078336142355
29 0.09134374189110385 0.037216833958414 0.05974457726155933 0.0035671989283892996 0.09192490051056768 0.030075383026922423 2.0402765370730253e-05 0.06974458741190344 0.06633040937011368 0.0056356787455391685 0.09063272926430427 0.03882331189107721 0.013230601911775958 0.050029547381762296 0.07863236755395271 0.00769208275997919 0.055660139323680455 0.06138884178852511 0.06643504379489741 0.08187162046016186
30 0.007535550734992121 0.06242343881508053 0.00843994322484107 0.019796629609085462 0.017407220475842113 0.04100909635846038 0.09749075385283666 0.0007038815814233446 0.018496969743999742 0.08126557475788945 0.02812828333177036 0.04635779965593374 0.09441403174904256 0.09828934388145412 0.04516852576513582 0.09329206803050633 0.024329211557689277 0.08948495123108403 0.09373494857525069 0.03223177706768244
31 0.08003602073623924 0.06803201186735468 0.04118905230868914 0.03732309226597511 0.04843833240906188 0.08426621868631301 0.06070428961252699 0.05059421619101524 0.08165161443053258 0.07798955606855441 0.08454206420809936 0.062455003145668424 0.026341654631010163 0.06125645340585919 0.009381383782906755 0.0031133512023969797 0.041481097716571345 0.006582558720189537 0.007676527082830291 0.0669455015282057
32 0.010556184209976912 0.04744399927922493 0.06160451662440142 0.05337492800221673 0.11302545983150596 0.04925673998681436 0.050746725861137605 0.010917372615027402 0.10721138880020802 0.10568052976458182 0.06216584519307367 0.053908803941660505 0.018258169257734245 0.059481604118362896 0.05679536798566201 0.012475977788044742 0.026998606825032852 0.04174932526727776 0.05236260010348666 0.005985854544569553
33 0.07657922669936934 0.05303779185999546 0.0479405650608154 0.0646376136260382 0.012734690217142733 0.028083077489261355 0.05003326612623772 0.008202380916164908 0.028991318231281867 0.07503732273136213 0.05186399709233392 0.02643143330765761 0.07888323198868219 0.05092176128504367 0.06826764241250845 0.0762400879792546 0.0711783406216604 0.001360513314305708 0.06936551117610465 0.06021022786477958
34 0.026695986129041838 0.039863597912979234 0.051801056938290305 0.02002858617380772 0.04845166116710521 0.0446231852979459 0.06362933773349078 0.09308253346998144 0.07500794814084161 0.03840989942716864 0.023321831970984603 0.08767272700510148 0.05231886202468673 0.040947797858547026 0.043190128703224605 0.10871012531679834 0.012551357877719094 0.07142186669882829 0.01998501554487014 0.03828649460858705
35 0.08296891171748987 0.04183752414953055 0.04331708975108144 0.020530542595535963 0.06812103108755842 0.01722008740681631 0.022730520697404916 0.044876419178153056 0.04127261222069958 0.04209887544196037 0.04380576913238539 0.05778105133508909 0.057305353971286443 0.03688167039986163 0.02699650504563978 0.07494272715046431 0.020907968767672955 0.08814002394633523 0.0564433950980386 0.11182192090699627
36 0.07613607455542708 0.02880708002928252 0.01195286132048484 0.0792336146922114 0.07272379226295772 0.0310831456652685 0.06605660771105686 0.06931870820311527 0.039456235834814966 0.08364962405115597 0.07688024460155114 0.02200514044831162 0.06984518936153855 0.038686295267465816 0.06391795502644888 0.01337378775604464 0.028816423395106917 0.01984655373007996 0.03458250468909654 0.0736281613985807
37 0.009884224855288873 0.10305027244322036 0.10114834287541324 0.01971942771694404 0.01322013967022866 0.0794844570078352 0.01947741087034387 0.025916472603326638 0.012161347271105087 0.057155102402874226 0.05869846018894038 0.10124717494090348 0.09116676975803978 0.06267107360993501 0.05610610259775893 0.026850004056734527 0.02297547615285613 0.022207700461642842 0.036502803919611665 0.08035723659699728
38 0.024795945666604056 0.09520386504573083 0.02239687590807653 0.043652841286302556 0.0697096478335137 0.058388623738573626 0.07651725191246941 0.03305311514776418 0.005429343299772567 0.028967009032031785 0.006497702631660101 0.0704337521661925 0.02923039433289784 0.04283222265876458 0.001114787672744179 0.10345204933923585 0.04990072095204415 0.06830666227979496 0.09914402996656743 0.07097315912925918
39 0.11080041460188922 0.028120930437206756 0.10750389371505219 0.029122714490170624 6.645800638893904e-05 0.010727659716557874 0.06259234418822224 0.006536794524413996 0.04225921737967305 0.006311490651868353 0.034761976958897774 0.08202006472932154 0.01676498969974344 0.09616031718881075 0.06636254846516766 0.058695010903582145 0.10775354272896763 0.08130282341971715 0.010052106502525342 0.042084701691823226
40 0.010819650032722066 0.019667843889505612 0.04087781369804729 0.037859304238085666 0.06817934263389631 0.022762097724926517 0.08781869188993859 0.09441526309767348 0.026292900170807012 0.08119466884811477 0.004461792523045836 0.07471178570033378 0.020277268251084817 0.0647640613834617 0.03327224236929427 0.03126955890275379 0.09233496379280486 0.07593879896811577 0.04238050559299036 0.07070144629239755
41 0.06834086249093438 0.01714756627899758 0.03305929456671671 0.08096173274754369 0.06702899286382177 0.07775249370636973 0.06694097557208081 0.08636264492123154 0.07038478927068131 0.022824685656079365 0.011413286905073532 0.09728177907715008 0.035912953746689125 0.0764625443990828 0.028601935478565287 0.03557392986181053 0.02952159750563702 0.07580649897666956 0.0010404337687485365 0.0175810022061167
42 0.08012144063799335 0.02270315991616051 0.08156127364608105 0.045434911233108784 0.052256308254216455 0.026112192632048722 0.055834532449312566 0.08427034655177976 0.05074715519071674 0.030038250772417827 0.05855803803218307 0.026119515897131056 0.039569286454296936 0.018835262249940362 0.0925534115807929 0.03398496904475725 0.08411074718355685 0.07403874873078624 0.018536050056562274 0.024614399486157353
43 0.05029660656789662 0.0289087875156654 0.052421136782362265 0.010228518197163536 0.04580663147658429 0.06504975396731444 0.0013044258040505094 0.08737035338096855 0.07090338423218921 0.06979369850275784 0.04364185788043179 0.0569424529753802 0.05737409417346369 0.015134281322151001 0.03538528119219545 0.07498126381769336 0.02550263220973908 0.04842844034311207 0.07360059220411873 0.08692580745476201
44 0.06272128410734863 0.03337421675552103 0.08042607322535196 0.027416553735985116 0.04944774574041832 0.08291330216087311 0.06249395031540493 0.013126477380392982 0.03582598423727982 0.022824610342414897 0.0006413474898672375 0.06282389747420054 0.04006217587547326 0.0681673734751129 0.09274288765857595 0.017707568530625748 0.039488330869284605 0.041559015534845804 0.07665965581980567 0.08957754927121754
45 0.053690386050414256 0.02222895723983449 0.07011313619061384 0.06529822399407462 0.05869486173669504 0.007159591568045247 0.06576590915321819 0.08234862258028662 0.00013916631557304337 0.08230404112977584 0.06291121993197328 0.02605487402767075 0.047497065340069 0.05388505832309484 0.05183741227682134 0.030609682198980366 0.07927377420780891 0.05825344034945858 0.01906618291481047 0.0628683944707812
46 0.07821652267160402 0.007404358974934417 0.0007088992531691902 0.06862474098081167 0.04487634612774336 0.00904131091769784 0.014315130284452606 0.06546637204241097 0.010825396957865527 0.041696792253033785 0.0692050452257922 0.04082927741928327 0.09219946880032191 0.0436558056558524 0.08270928947062296 0.04696103207338988 0.060497307291100796 0.06729086860940584 0.07150377554665079 0.08397225944385661
47 0.0972678107557334 0.09820324211177565 0.04881595659386141 0.09717388687136054 0.03145130124647119 0.0004880037948645654 0.03492656169922767 0.030344032010646567 0.09150335168920236 0.020260693318943677 0.005570858875118564 0.13239933475818308 0.02035053771697259 0.051845356793346106 0.03499280864470356 0.00990000234466337 0.03912514479021065 0.05773049009797859 0.02058131460187047 0.07706931128486623
48 0.03753792907780641 0.043141686897142956 0.09637847315961257 0.03293311961256509 0.051218968186739704 0.0002915882272100464 0.052201779754313955 0.02015072109926429 0.04317275204034313 0.06027825885545794 0.09647733076954873 0.026358468643482416 0.07494304688298596 0.09536781788237035 0.03662440093480921 0.018462650960378774 0.03483454256985631 0.001533485834083585 0.10172797621720751 0.07636500239482098
49 0.015170181285879327 0.038789727085007546 0.027014075323028113 0.019196414011713396 0.034748467937020744 0.04797384140692522 0.005473883875726649 0.07935242997964673 0.0862991984818849 0.08177955689190854 0.05775799370499835 0.0391220863964465 0.061994506329692514 0.08127556154956968 0.03830124784559644 0.026996511718305725 0.06644382518517948 0.06771884533390343 0.04981387949163013 0.07477776616593666
50 0.009945424551858009 0.10164972402373482 0.07110929943714812 0.07632484525967705 0.008652085133984359 0.01085180884749627 0.0018235747822217614 0.035684159461849344 0.036949182155832476 0.06947919655395973 0.08972357796761071 0.10088244900650682 0.04290401074898316 0.019720661505816958 0.01512014475862297 0.046927153161106745 0.09414976757720657 0.08158847984381583 0.05775963650990558 0.028754818712662698
51 0.05387847430665188 0.029186685914407803 0.03856012995121676 0.008187187498601223 0.04566978782559911 0.0849063603348838 0.12181512715958219 0.057461348515873575 0.004797888407156331 0.039520031174524725 0.0023731565391772523 0.028784424894411548 0.018451415949483376 0.08068168769685687 0.0390770984862769 0.031097299966903403 0.0629593415483765 0.051976977576463704 0.07814285291372058 0.12247272333983246
52 0.028079540702234937 0.0900636680665716 0.08095115135078813 0.018472484917786698 0.10910492228879821 0.06173509794679968 0.04934913904790414 0.03436952642701216 0.042931959635612714 0.0020047135208391474 0.0051436823810051616 0.01499119269217146 0.0851051292307872 0.024008492173541205 0.032056066862570634 0.0026453493622506158 0.09292147509918444 0.048996700181464625 0.06640983211262652 0.11065987600005057
53 0.04608596812565511 0.03104526373381038 0.004432880043988939 0.10007410523173169 0.10149272736052835 0.042084204219813015 0.009617778573477322 0.07157195746298453 0.04769978956401867 0.07136665678184746 0.09038525285948125 0.0027277390400379446 0.04602795937769812 0.09000899286130887 0.05257176065431703 0.045054058016435014 0.06860770631981428 0.06331220233638304 0.013485809515594239 0.0023471879210749994
54 0.052320890261448746 0.004893521907248118 0.061862242507535345 0.07677163884608088 0.0030072187365508974 0.0009502393141770384 0.0035068444049317854 0.051194583434083875 0.1032865846365981 0.025863889095749448 0.12191820467177156 0.018337404397052292 0.09425830573411222 0.05667666705841002 0.009063984667456731 0.09781800263789758 0.05414436553426066 0.049835770863153814 0.059106506263110696 0.05518313502837032
55 0.07281803158177866 0.07298359467938946 0.034093808381555894 0.06625435902693896 0.06936645505495445 0.05481013752058634 0.04486538318880016 0.017800986270460322 0.07672649733187929 0.04856823267586043 0.012603490982300817 0.061156519883048925 0.04583477181778709 0.048337774585063824 0.0007882579148189529 0.04170739665289623 0.02599941242795915 0.07002944868866322 0.06111409415387657 0.07414134718138106
56 0.11107813840581528 0.09672244955648003 0.04364473705632966 0.035088160886367854 0.050402920022083436 0.06296546342458217 0.11112218873073233 0.013950345724437036 0.04348490936737129 0.020247405138900245 0.03790611823956058 0.007632601605730962 0.06224205709964405 0.02715177396046665 0.011453224631512044 0.10486174127042126 0.01930214080916935 0.02365920678333139 0.09347568517976873 0.02360873210729544
57 0.04353291143208027 0.03315330260305958 0.012967598185651168 0.04743485322434213 0.0768940075699013 0.02165918114847319 0.05895053240970151 0.030876292646963947 0.062097988301784514 0.09799225670587362 0.0032217342850198055 0.07748915104129055 0.06527653225121603 0.06924940325453205 0.03129982940822058 0.09409674208265743 0.07182259541823746 0.045854720788153884 0.04012453571939267 0.016005831523448304
58 0.019438669719977503 0.009533108633791705 0.0803656157575761 0.08035526736649497 0.06451988156782817 0.07849130117487801 0.06585345652615286 0.02476047617376676 0.03833905059198851 0.03166298086019219 0.08831920088932624 0.03583552710924742 0.08553536707021438 0.03773816932606621 0.02784918133324339 0.051271197136887374 0.021011385025055042 0.07889182585412635 0.011357859172583421 0.06887047871060335
59 0.08070737450156153 0.05132726257162554 0.05741249271264774 0.020306967414197286 0.07324302110920529 0.036888988155185556 0.0163886139295286 0.028284980120686014 0.0125118329038432 0.04701753690223403 0.0459777370377995 0.08120702425501226 0.0837361614685512 0.030265443518546646 0.017106298884835513 0.04642701475414192 0.058441014879802966 0.08538316918099476 0.06985727925155037 0.05750978644804997
60 0.04701238809664818 0.08402983899304736 0.04541989231618248 0.05180047418856548 0.03734921337602821 0.05724411584212556 0.08007139947973521 0.039382020796380895 0.04394366176070697 0.06264658161726804 0.035764872955574435 0.05967950087826991 0.057001538904630576 0.07373631600515061 0.08317785666674672 0.04254404163974762 0.06255184627651814 0.017414844909670678 0.0017282404667713811 0.017501354830231585
61 0.06822651051978675 0.06724412313637877 0.06248511146932728 0.08401301190411778 0.041172660605183146 0.034384427555701924 0.022581237259405876 0.04270418863832734 0.04751534755988 0.008080382194888542 0.07992921736673383 0.06851243052091352 0.032116130124172845 0.07297663370786849 0.054793459292627536 0.02295790070580165 0.0743689757860268 0.012750417508330074 0.041599970534055335 0.06158786361047259
62 0.0361963558287951 0.09091093362205044 0.005548639254838125 0.09301852986371564 0.05341144033966673 0.06925352894471098 0.03416261319526243 0.06615344076400986 0.019766550331791165 0.054833843582659275 0.013561560042679145 0.05059110486968377 0.0894354828230851 0.04259528981154665 0.062225694775046345 0.07359452578624673 0.014758573550386124 0.05473076104428384 0.010703321454402948 0.06454781011513962
63 0.06480433542952539 0.07341057386125813 0.02186425853580329 0.05727432845012676 0.09019186233936885 0.02653912034509692 0.10887424999096967 0.07706960757255131 0.0013550986151442852 0.03219250606461909 0.05216431875699267 0.10996498997169532 0.013953162040557838 0.03929217593399981 0.015502824016253584 0.11352326095680002 0.04323468577263684 0.01844941001506856 0.03531918651630206 0.005020044815229553
64 0.0631260589979147 0.0862520907305645 0.07969614279632324 0.047379694907930696 0.0587018294141586 0.010672681609279283 0.0036756285568945806 0.08660462087358656 0.052271821754965954 0.06241040670319171 0.006009270031267183 0.07473901197616578 0.0005433515290086277 0.05833636377145228 0.08632785502564196 0.01830454649367948 0.0878204598388778 0.0005504874941532254 0.042587600293543235 0.07399007720140073
65 0.05432691291884502 0.06442568260782809 0.06167104740604199 0.07945211523574547 0.07442087415932788 0.0592842288613233 0.07162165520030156 0.05335512078403069 0.07722323511073506 0.04310414844068578 0.04045176386964218 0.032503356578510084 0.05881340283404209 0.037560603671660704 0.027438488912620837 0.06952119441570229 0.02929253637088134 0.01584373033706095 0.024374255793240113 0.025315646491774608
66 0.006875219980695168 0.010158936377181035 0.06412466867791357 0.07956407723933068 0.04184984902538927 0.023437593482295755 0.056396351322997904 0.055341458899436806 0.022644468884054268 0.01982265735396425 0.0682136545972382 0.03925259600906761 0.07479569344043394 0.05776926789314198 0.07047643658167374 0.06075356306240549 0.05297346894351125 0.07563355261770675 0.07481816180804536 0.04509832380351709
67 0.04238035595641818 0.06995460035596872 0.023187213236971333 0.043330185217751824 0.004144968740524214 0.07194196664479027 0.06944398946933239 0.04406839878335225 0.019106061077693578 0.01786441362755195 0.09416135023543273 0.08488822028093497 0.07826668089923287 0.08306304779339259 0.09644873156830308 0.05275497834625769 0.001940558280713928 0.052782471177431275 0.034915940224739345 0.015355868083206829
68 0.04186725120765665 0.031104464625005955 0.039676333149150894 0.08345583315733147 0.047880055544142604 0.028184579062638417 0.050477639725971926 0.05937138255400209 0.07385374975327759 0.087701934494247 0.04262597028120509 0.03459289088050905 0.03885812060866679 0.006275191844604 0.032186796795732636 0.04849756736562357 0.059231930823349946 0.029083656617975552 0.08268112461830611 0.08239352689060268
69 0.0763613119041679 0.058337998359370764 0.03769899671110435 0.07941193443141605 0.07646040760450983 0.022800795915750634 0.08272223708659003 0.033332157115582885 0.008555552765489414 0.029611071066764968 0.0764957580008755 0.003812299450297353 0.08592903783945235 0.03843756272566946 0.06667708334396459 0.03671701186487793 0.03205876907411959 0.0271017247979961 0.08323016618566992 0.04424812375633032
70 0.05873790526276889 0.08482093905561619 0.061220165695122127 0.027465612507427073 0.08786059516880114 0.07445787732564825 0.009317788025115072 0.022884113704354985 0.08855690581482785 0.010656105723284874 0.07970030865663337 0.013873726886281326 0.05023427306313052 0.04173143638944326 0.036481495910965576 0.06360135565502771 0.05051842658215156 0.021313928843546433 0.0700790819134533 0.04648795781640038
71 0.008827250617864898 0.022805854544514965 0.0331606220469799 0.06547569684427168 0.05744011697873718 0.07588437229684519 0.08882000890013708 0.06594815660268696 0.061275319704467784 0.0716177103967742 0.0955333424719495 0.00022252698969733775 0.013462392561900256 0.05701193500309163 0.061892765397817955 0.05234204823396635 0.007892291344073165 0.08494682694451024 0.045122379589709945 0.030318382530004004
72 0.05461789491434033 0.04482357147026138 0.013181151203188206 0.013966210543685856 0.07959006739395223 0.012408106667009011 0.04711038507415524 0.10606516332412623 0.02278560039647947 0.10546209547024152 0.039439336741475456 0.0625147083584434 0.030441930041835045 0.08983532205430561 0.09767748837223447 0.04410029082010073 0.04854110336670621 0.04648895017951165 0.009603523653202635 0.031347099954745286
73 0.014124918386218672 0.0019076413526327096 0.06640432535100478 0.09313023561771203 0.040171446810342515 0.02772380799777666 0.024183188634537885 0.04666445967050657 0.051407959394617335 0.08902807511295299 0.011893991963950355 0.055357427885067305 0.06567897482681824 0.09743163325315292 0.10111195182108636 0.015392200049037184 0.0430009677483488 0.07208625290884321 0.057452258695740756 0.025848282519652748
74 0.03193838508375288 0.08007596140945375 0.03576794821819664 0.04553651577448755 0.04760924204923882 0.013124540834171153 0.04809501108612034 0.011580439778212305 0.06584435151819916 0.07165565455514072 0.05974351804367512 0.022616915837161498 0.05923605772126264 0.05488501023552865 0.0871415132834515 0.05929107029002342 0.08192194377351748 0.08266234176604688 0.038355304642731756 0.0029182740996277026
75 0.10133703657302925 0.07974820634515671 0.06412710004581192 0.05024920857467368 0.06438959849766264 0.04620309532316433 0.003527898833468884 0.07773150284923949 0.017312731134513055 0.06878931493965083 0.059515838962931326 0.00633919422072222 0.03830460544945093 0.025327806226634945 0.07606741707848332 0.008729210347122358 0.08459239431695002 0.06472240694309454 0.03455850541393065 0.028426927924308672
76 0.050703830020520674 0.018180668168066415 0.07389803495049085 0.016682134820180147 0.023739363292535245 0.010334090232344344 0.004846181707506317 0.06823583455032226 0.09803997706711863 0.07105233248237192 0.10665915517443772 0.01005277552055998 0.0586902553103291 0.055724908804551276 0.03570340489411343 0.07305960253667652 0.053443415873979924 0.04894135088818377 0.04376022092788336 0.07825246277782827
77 0.05852338979126918 0.02784292407384403 0.0233139615687254 0.06694677191199962 0.07994904124659681 0.0729631813148175 0.03200023708711847 0.07606173254706598 0.013707813288382668 0.067522709167597 0.03922171820369059 0.02226062069235738 0.05453216873840427 0.09115632098957899 0.06054507958538721 0.016151480719595813 0.08382354004292616 0.0627191031953222 0.04963417976959176 0.001124026065728846
78 0.058843535587578606 0.052792734365414526 0.0032794796790101637 0.010210399330995844 0.05919834334638255 0.07064653538923366 0.05428672439130298 0.08444628038602035 0.07295378465448764 0.0717130482250708 0.017386137032035044 0.01481564295509777 0.0603814408189063 0.07593523326660069 0.054303267765711885 0.053516322168390314 0.03968258696208339 0.021845508339908216 0.0515109911331248 0.07225200420264431
79 0.04111005743529461 0.025957692810099263 0.07218314352148676 0.0011162998471779069 0.09368143153883926 0.00735104402603467 0.019355056307541522 0.07575628990367564 0.049442336078539685 0.03240668548097623 0.0807614061177028 0.05635470654413334 0.09687642469343724 0.04695685530569268 0.024485226118854394 0.043725027805063765 0.044306385299646 0.0861880361112952 0.04678850485897954 0.055197390195529585
80 0.05267678626628327 0.05473727935728666 0.11895378978666064 0.036291426328788214 0.016428980290030117 0.04868445585216905 0.011691557199808234 0.13618191722836986 0.0511737355374859 0.0633330883648389 0.04113308886470081 0.022053257045146747 0.03522552983282477 0.01622732790592787 0.04446611288397349 0.05455838723684094 0.10865509797272642 0.06912339864547347 0.006876057233032462 0.01152872616763219
81 0.08059673410024787 0.09103416870787373 0.04721317819748115 0.048990502170817414 0.014211470547595136 0.008497127931579465 0.042600422467553634 0.07696396872244057 0.08571868978880558 0.010247651081220962 0.08487948369722491 0.0749537138936215 0.019063372067511155 0.053103486274200216 0.07502410227175058 0.09050738460931136 0.020587154139725512 0.005429039582466807 0.044225005124797524 0.026153344623775034
82 0.08951658443186997 0.005585589135456315 0.01688727464290734 0.013587977100023645 0.07871309188608198 0.008400905226950577 0.09121029746084271 0.00011349792559578436 0.008326003021787763 0.033040590050039266 0.09419166162573345 0.009673691602171321 0.07408597684588474 0.015111297740787719 0.09237963422201223 0.020837362799173163 0.10013664748375378 0.05407762310010404 0.09751474210473081 0.09660955159409332
83 0.0021269860494265254 0.09255913788191487 0.09518981840699307 0.0566499408187412 0.021005222218405086 0.1029951870364927 0.02441125120478716 0.054770544052468534 0.1108374656233538 0.07628927430164767 0.04733035462675907 0.05610458776911258 0.05823197531353498 0.007753248612460088 0.056677136734328344 0.057960646662123576 0.016746241828320674 0.01151018787437325 0.02447206788069397 0.02637872510406285
84 0.03923816226203981 0.05112423167995005 0.0814332107570654 0.12041711126786508 0.03484002293511868 0.041187259670868795 0.024681704633336923 0.027774108638378873 0.06709856312515558 0.12325419168054617 0.040437380988320525 0.015895975725676546 0.10958539740705976 0.1464726251586254 0.02261808340111398 0.00521063337967428 0.020398717539477487 0.008762453833284257 0.01386417587357407 0.005705990042868108
85 0.0899730250685542 0.07325050441004376 0.04933738795109651 0.02306307440736145 0.056666232261649616 0.053170313321966395 0.06933400330271174 0.03413093151641532 0.048620593044996996 0.038196065615716694 0.0033616621553621668 0.00047238715878579116 0.067281116969533 0.031521848789026995 0.10900522748296715 0.005699558021697157 0.06955459669182264 0.03586660861288169 0.11431697266866687 0.027177890548744008
86 0.05149921243077938 0.0650911658823839 0.08752348663857683 0.04728827074287513 0.10507015439472575 0.008539535175583923 0.05747551025708632 0.06269929531897067 0.04689547253599168 0.07703138342994045 0.06262326570811 0.029925266311510226 0.01572043765768299 0.07449961357562003 0.014973890166062133 0.0008257302340531174 0.04808117644129268 0.06880433994323504 0.06716389288041755 0.008268900275102244
87 0.010459593527005399 0.03344899751417762 0.030767475991754962 0.10797209111963656 0.051594975473475455 0.11025515764166156 0.10332585023740352 0.01802343623418669 0.06634514424597933 0.06725145998006232 0.01514374854490806 0.014862378753232871 0.07733450950400639 0.022778210617908738 0.022659462345086336 0.09015517099992551 0.026411066870451028 0.007575455461004504 0.1047354376057314 0.018900377332401658
88 0.09923643625744545 0.042816839847863185 0.026820724413355722 0.0012958571100133416 0.0837656554690489 0.07673788866080253 0.059344061898597075 0.008977376474561321 0.046116362011765145 0.015710891397195597 0.042175417977648115 0.05936376795885116 0.04314045288058348 0.04568730683425768 0.019415559836034196 0.08586239563903521 0.10274993059469714 0.02046715130840511 0.02213542314996613 0.0981805002798736
89 0.016575406627702002 0.022289625028903737 0.023686203016508436 0.05611591072741086 0.006104907526292019 0.09042245139348988 0.10485433392933094 0.05900919496811646 0.04931014816776437 0.01367798622621776 0.05694191858981692 0.014448362334553856 0.045513961479817844 0.09988395694265752 0.0901905673545912 0.10110004460469421 0.049489806927014456 0.0027596817976708946 0.09432625368622405 0.0032992786712225737
90 0.09064528504771231 0.06003180859391478 0.0165516527873192 0.04177407331701515 0.07047308601438967 0.029737986634549823 0.06581314670603099 0.030053297472454187 0.08476230173301548 0.02566203883015371 0.068720218901645 0.019314449091448166 0.04515295977153378 0.041642955785899514 0.08634897094217037 0.069129128228106 0.03227509675637601 0.07591730949704087 0.03426859131517401 0.011725642574051153
91 0.01388878975666665 0.09780914877390683 0.04689059507949511 0.03807900190659025 0.02244376372850106 0.03335534822742502 0.0010333476392894512 0.08705848299476072 0.0888881849193085 0.03007112094407017 0.09491272611894525 0.046654210812325944 0.0925507228163304 0.04368340010583383 0.029039070827076064 0.06097789463060195 0.028050965551488154 0.05791052367955846 0.0716376839743906 0.015065017513435487
92 0.05770871765548933 0.0221801505617348 0.022837472818490485 0.00028793994248643576 0.018941746207443263 0.09455996452634965 0.06035149293645979 0.028477623197775106 0.07455144278324342 0.07763358089678685 0.05134920886388088 0.07888849111664449 0.08177127574642314 0.04491531880263896 0.003503473196730037 0.07474525236029504 0.06184070246913985 0.02226542282143051 0.01931493835646663 0.1038757847400916
93 0.014769776832887176 0.05091241670793088 0.07308053318941339 0.07611393767954915 0.009181291542897116 0.06306580194019278 0.027042068198683523 0.03233968729685691 0.07718791912662197 0.029600745943434325 0.08753330278798896 0.06542905589278802 0.020615150331869628 0.0815581468162035 0.04584629034725717 0.02065819426142 0.053350583522994266 0.008597047714102826 0.08166768638382021 0.08145036348308829
94 0.08774612087071557 0.052663382084345456 0.05526651442404908 0.013647567074605989 0.010802845165855975 0.05815809658675951 0.052125496258923355 0.008567389519414631 0.03563608595169713 0.08959155054186117 0.014246937877567289 0.025539107775070666 0.09406519723229848 0.09043469932504196 0.061664122579439665 0.07556141211963711 0.0497731263657667 0.006093926228892479 0.027236028666080426 0.09118039335197763
95 0.02079545562245148 0.014542751087652187 0.023077807102678337 0.08704887831958048 0.005974115316183698 0.039976572424958466 0.09866797577896662 0.05946777639232653 0.009462269803532002 0.029719685202790405 0.002837708997844036 0.06360110674178801 0.09197592985106111 0.06647795831312639 0.06629012816580457 0.05153072361394798 0.09399206034840901 0.060910205478896966 0.056056968802473385 0.05759392263552841
96 0.027211705365684107 0.014836870534969503 0.02170274993818425 0.1274881322719202 0.033181478905514136 0.1129912003988135 0.02617284367943855 0.07353462921138705 0.027593902363513504 0.026434317221227084 0.022679675048925672 0.09818937101117572 0.04274271563728707 0.04313090537141106 0.0887020919368856 0.04522266672217223 0.06967337937274883 0.03221629087860164 0.025307180539318172 0.040987893590822076
