0 0.06624925690247754 0.1002550139590514 0.044725922383735774 0.026291134659012984 0.0980664988381143 0.0007354415262503241 0.014061735189615362 0.043612927662996966 0.06103343872554185 0.038938707091592244 0.06478287249348676 0.09778160762856984 0.09686732767778489 0.022689591802316056 0.009130831860554042 0.029571874239983916 0.00797029630761439 0.05275189523822684 0.09405503440084466 0.030428591412229884
1 0.06198520319011573 0.00834346810686245 0.06327490260722549 0.08435168323395414 0.05067140709279286 0.014442909278574717 0.09474628295384672 0.034275127449009075 0.0072781083198594125 0.05068125238355325 0.0758456113960752 0.024840929586432525 0.05319729887516676 0.012514501836237745 0.08681021732095576 0.002966530376177199 0.07620145349109174 0.041067838930943276 0.06384367998642149 0.09266159358470458
2 0.04980231658095815 0.027365425656068504 0.005806659631378445 0.09594996968854859 0.036924474287712186 0.07027865280344286 0.08138206820245933 0.07314566209318922 0.06083928741873748 0.014078466539712292 0.005857258782392754 0.014455591003061126 0.073487477857462 0.06171338450755544 0.09620682351437078 0.07343077733034918 0.08771056755777293 0.0019216766135559495 0.06551003284753254 0.004133427083740212
3 0.07954823530203496 0.030961512766133795 0.002224937812539333 0.0768577839815827 0.06861445701164672 0.05908692937618531 0.0683147423694643 0.03748725745895629 0.050425669661748725 0.034865450827971545 0.032010142791215834 0.08853726543803278 0.012260047830204318 0.051709675172088604 0.0603562266728018 0.09517480978061814 0.07926182131197695 0.052042314848611854 0.00013744176586470187 0.020123277820321264
4 0.05507608455533098 0.01083321688573041 0.053631048574941734 0.05141590163687577 0.05939814519412046 0.08403253588423779 0.02251739690413577 0.055254308892970914 0.06546878959659608 0.050484588631175026 0.08143420540404192 0.031683123725562035 0.07151235792743074 0.058978021390487134 0.0395931702951728 0.019203304432784327 0.03045940347464851 0.07832082293000935 0.07706179799172436 0.0036417756720237703
5 0.0492296340262986 0.08410630274349637 0.005163002118097898 0.09684376221311748 0.04400071439152612 0.006890885361408142 0.08822740680569531 0.09974911182661148 0.10775642544216098 0.02529451612851045 0.006605735273603284 0.054156712299050745 0.05092265693905183 0.06417869377794111 0.0075933754291328355 0.06807547682581393 0.06640804148550046 0.06782346169135837 0.002967500214840007 0.0040065850067845295
6 0.014540570879217408 0.032757913326057334 0.018668914142515546 0.051493327228625714 0.033371231799579334 0.0434422336818365 0.0450887597303557 0.04977255828622151 0.09331168254553046 0.05639581539993006 0.01435256644278608 0.04099128283227893 0.0015072143552554327 0.041265321156499536 0.09985729574546487 0.0506811343353365 0.044561081596503266 0.06623573853474368 0.10392713056503809 0.0977782274162239
7 0.07617136090470798 0.09781314049734192 0.07075457279605958 0.04021645273775123 0.05168363633597944 0.04151270710272218 0.0600983330785203 0.06951195224549257 0.0073277627468802675 0.054018173133222235 0.05039370928528691 0.019643182535654512 0.1025238389775762 0.058851571840703255 0.008226512932167585 0.05029096361088533 0.02394498530386057 0.045803985560593424 0.06553414863278197 0.0056790097418125875
8 0.09115974949439128 0.06544869618475878 0.057438023174676535 0.053886795652524445 0.03629927549241109 0.012902605375771906 0.01810447221980701 0.008653748925573052 0.013982620176392147 0.09268983819957566 0.03578534002693197 0.039556499533909814 0.032849293633467155 0.07249814934210845 0.04249880342878669 0.016759000794555442 0.06989133109745288 0.063885971482116 0.08559060707884436 0.0901191786859453
9 0.061071799374282545 0.06528873978580309 0.09148783443186193 0.004620158666346338 0.08827068809610077 0.00827117175707139 0.017379311225206816 0.09672216698946963 0.006401921136551358 0.060847914739330454 0.06190749542070657 0.07189281606294717 0.03048678656233256 0.03994739946332836 0.07114955104896893 0.06703922047737945 0.012080105829901194 0.03576814910613777 0.05476603262438396 0.05460073720188976
10 0.010171553091760982 0.04288685385417667 0.0746257622749658 0.0548598496605597 0.028101444898038206 0.02848246393186079 0.06710097128016888 0.05482315989815061 0.08033692959424524 0.08524806135494711 0.07487413253481995 0.049260907707662824 0.0671061063241432 0.0017693091924249088 0.05414552099357218 0.005192686262497762 0.049948120831393196 0.007865050369370751 0.0787800027529743 0.08442111319226706
11 0.031163256495554206 0.06548144657480912 0.06916840217258857 0.01522098527273266 0.0654754930250397 0.03580041367632446 0.017216973886996723 0.09978951274758065 0.04754013935223069 0.009096430438329448 0.07329229693630415 0.010462234393937958 0.0682180803224982 0.029702404054231864 0.09457544661128015 0.082689643217976 0.028948998296344133 0.05669930832382968 0.08537053326763708 0.014088000933774601
12 0.08740277433615445 0.12115177069523582 0.0056842758617649085 0.011827099326719789 0.025311715642739485 0.08108406597417905 0.04510004791527963 0.017012995976094816 0.026097000859591546 0.11627770113508636 0.0895583112484986 0.06445211258197482 0.1237584778340935 0.030673103836218643 0.012670284419995303 0.03675466169886888 0.06612918709205154 0.008524658629114766 0.02767926556421095 0.0028504893721273384
13 0.08353280520675017 0.03797118096479563 0.07765617039971816 0.07939970501549952 0.026954519199093408 0.07383720161093403 0.0207635229174463 0.07609349220400587 0.004695147429767231 0.05558945465493271 0.0314596072969112 0.06833558344310947 0.07565470772343705 0.08886957700831617 0.07501258066543567 0.03791423795753355 0.005501694338595136 0.04184249611996028 0.03355285125328653 0.005363464590471825
14 0.025428194247640035 0.04392866375732653 0.08604940836151385 0.05316305718005216 0.017451783748591736 0.0034793305719707417 0.07582826640231946 0.06369883687103765 0.053352860194791456 0.03249062094052347 0.08690221853462136 0.06470240223695863 0.031042761450367752 0.06134371109050901 0.04128111052478387 0.08270627747027248 0.015180551308206693 0.043390773382094544 0.09198865453997082 0.026590517186447764
15 0.020755442063794434 0.04063035355540877 0.0773780355382861 0.06900096819928038 0.07911590517968312 0.06108029880284177 0.035520400777607083 0.069861529841506 0.033400322836992576 0.04893039692125407 0.06044138374673958 0.006134629659886148 0.023499659782554725 0.025264188405770376 0.07683383298962615 0.05742350246350579 0.06710719519414887 0.031173640918622122 0.04047805079230281 0.07597026233018928
16 0.02496144650541216 0.012521511355585454 0.06862797231696624 0.034168706646115994 0.0685121188103844 0.09306504520807869 0.06309405184968113 0.09153328174299974 0.014520181425388808 0.04221858769644459 0.08627533573081379 0.007568518790755345 0.009743777515563356 0.062069179411804926 0.0834846325454155 0.04707021780228998 0.044302964340539125 0.04981740155328056 0.038346488736492115 0.058098580015987916
17 0.012672171656150257 0.014294282769864853 0.04642219359098836 0.08723632008287394 0.058806584058731896 0.05923129372234703 0.06968874066655284 0.010053575155351272 0.03572743027939465 0.020452292503288373 0.09950623388640954 0.08826274595496265 0.02535795679893354 0.08047938526650134 0.06238896818336986 0.07859851897697191 0.0754934770841831 0.06216952020152056 0.012700813334555283 0.0004574958270485918
18 0.05076126253060677 0.03063837633371691 0.03562321975003473 0.014926338837665474 0.04244180313617961 0.0028422818268022034 0.037764536855998995 0.035921815689217144 0.029473774647519487 0.06672644468950839 0.07333078134754009 0.09828021275629793 0.07967992129895815 0.06223011595247185 0.049667200081620545 0.08604048650235369 0.0868259885133369 0.04178488656137276 0.06271403750709781 0.012326515181700588
19 0.07026125109837753 0.04677193973955143 0.0553452828087613 0.07863355434423026 0.04726040121503947 0.05883539810905993 0.07211751317422742 0.06056618104514202 0.032987112671926444 0.07360703445429825 0.056209807484191805 0.04051753289354932 0.07201809866878735 2.673474999148726e-05 0.06687060487437203 0.024556170792007902 0.0494098306330839 0.08109098366475471 0.006089748074627353 0.006824819504020112
20 0.026015080441831675 0.010737026474038054 0.032860823340458874 0.11055522584490812 0.11214753630877235 0.08702489697683635 0.10182011392501389 0.011300978466701788 0.10203880205990372 0.026693175185590556 0.03406654576671035 0.050598581223083416 0.03564466278315113 0.024017548940067135 0.0747282401516162 0.007475905317770409 0.021936908885171042 0.004074479113914365 0.03585679314648524 0.09040667564797535
21 0.051684486852410935 0.08328790620456306 0.022216988236555203 0.03220421545946653 0.028900322601011004 0.010533680598607632 0.10119454270085787 0.054827544683746426 0.04028887402930522 0.06206128182312705 0.04873078599585678 0.01683166501151191 0.08385838631950378 0.029203246019503137 0.06423814202450434 0.023314628035731914 0.04800551482376739 0.086181796544192 0.01886318306927837 0.09357280896649951
22 0.07157007202416962 0.04988854111032208 0.043792080049676434 0.04322969656750912 0.0743622780532288 0.07055177372465103 0.00208870841580865 0.06830690827078781 0.06635768268901461 0.00841733791726305 0.03962881050081214 0.05537025577289756 0.05267894262488405 0.0676683008716204 0.05154870777345922 0.06687623668055934 0.030340574225759608 0.07419120681319405 0.0525006285339818 0.010631257380400612
23 0.02776950303743507 0.09155738625069668 0.07539838644575511 0.05788277778622818 0.032625021698773675 0.04206815744521896 0.07863404527885291 0.044030939033415116 0.020883103655008683 0.05267355664967547 0.08639875925996976 0.015485879663151575 0.06970947628116896 0.06468777927882956 0.06252937999509332 0.03332729605678745 0.005492424227867111 0.06978574762326592 0.024924709005740533 0.044135671327066056
24 0.07296618709830884 0.0020745052806486995 0.07274565249345394 0.0850832136114232 0.03229101211324804 0.07927607418275416 0.05492140898220534 0.08905312045767189 0.07849802564206741 0.06708282840496996 0.00012156358984835026 0.019724567067796923 0.0002517478790755621 0.04082135653388109 0.07189998352036094 0.08700571390815605 0.0764055930548607 0.010483185290761383 0.053889713274050344 0.005404547614457272
25 0.010633609776172037 0.098712703813387 0.056162008335631494 0.11093282898447603 0.09557305330293304 0.03176995988680597 0.024119910023507437 0.05414192548585461 0.0168575275832543 0.027449329341549204 0.038772807587265375 0.0550377792552483 0.09501613546777433 0.03491532184815249 0.05627305806261041 0.014072411207550414 0.05203281717167006 0.013764093331907269 0.02610237532612441 0.08766034420812577
26 0.10838131609695888 0.059264387909873435 0.08190435198280346 0.01733004005046588 0.036742139978659875 0.07062456156340388 0.03812725191096548 0.07811437320193843 0.0044194927236257285 0.062293333527985134 0.043129152815749416 0.014710948924637162 0.039627155477361876 0.08191613714677065 0.03906016958218061 0.057973322763230285 0.03677763151459368 0.040588595356191914 0.037607692975813206 0.05140794449679128
27 0.021208374236139634 0.09210001261553112 0.09586534395942192 0.03342499742033963 0.04319732029119874 0.1028412141758313 0.028353635729385672 0.09474871875390453 0.0149429997656947 0.09021017293070635 0.06978417067174328 0.05834627945291941 0.04420942551947019 0.008778815389773865 0.0003644716998326434 0.02332639461039601 0.028090725454926527 0.10303728455153119 0.04072424476855257 0.006445398002700592
28 0.05828901263269721 0.08488934082301228 0.08371078539473004 0.010937482073388639 0.06898774740978086 0.09098384008613092 0.006388516709463251 0.0504081342387247 0.08296429334440915 0.018629844953158475 0.08359843923924601 0.0182135327717862 0.05410172035914924 0.05346860548743206 0.036868590179008856 0.07274758713835851 0.061367932626880915 0.03193979217731403 0.01856171107742824 0.012943091277900387
29 0.07329712366582714 0.08413830588251478 0.07074672467754158 0.08295373199122816 0.05226674937657687 0.05421249906156586 0.06651118841603594 0.08325321615831198 0.0077842329279138546 0.07439735048994003 0.020253215441199676 0.042559792932126694 0.06414675294870752 0.02787630553191442 0.023745772941697784 0.02344799579795552 0.01995353748919164 0.03335332425820173 0.06098241584046076 0.03411976417108803
30 0.06153276340913238 0.02897732319523714 0.0033474526113793654 0.010524701977846792 0.054196777169359965 0.08555768188419999 0.09807255621226689 0.01703956776689224 0.0930250043165027 0.028401729377156952 0.008109224808585357 0.08854975143797728 0.027363103062650346 0.10206680930585842 0.08391319525434547 0.0765690679472703 0.02307320840969785 0.007024404390225083 0.0676409379799498 0.035014739483465514
31 0.06175144091814925 0.02053994886280455 0.07774820084146734 0.008888126926137057 0.05615691270210989 0.01952163575105961 0.06668543917680887 0.0341073554269423 0.0294618775334408 0.06475232097903082 0.04482087875849924 0.06270832357107685 0.07543317400495769 0.01611121861066868 0.06382073775311357 0.06648781333223402 0.06648872496628838 0.07424543563950776 0.0194044614168444 0.070865972828859
32 0.057423559250691286 0.05089890391242068 0.03000959157560542 0.07217977372721285 0.0915073167746538 0.07718559014258314 0.035076821960061406 0.019223551881863168 0.0222383565216616 0.09590601504338118 0.025246449771604743 0.024899069529517447 0.001791815542822617 0.05682171679183875 0.09017091076697456 0.011725000441706143 0.0415748908199867 0.044052524536850525 0.06057287502321341 0.09149526598535059
33 0.013835328951504857 0.0767823477434099 0.09106816798506329 0.09921046531740832 0.03693194273552188 0.025253906112294697 0.07974115520108026 0.03304778096647049 0.059117477272976934 0.04079906091376579 0.06497550389026609 0.05018220235120489 0.09562280902580973 0.024826370442385583 0.021300566165442802 0.031584014642941326 0.03070626853032459 0.06057855593470481 0.0123182945571846 0.0521177812602389
34 0.07913257236845787 0.025849442330281736 0.013968557381847388 0.012990724552219435 0.07538125902288088 0.06502348393107815 0.08230025657741771 0.02352402141931564 0.00329309252339059 0.048913774169109345 0.06688697426059857 0.02406505762481057 0.08847131920767287 0.09646576345614176 0.031325792267654695 0.013576498446020258 0.10694248715387507 0.02610312024187665 0.06652820772334428 0.04925759534200629
35 0.01913584913943736 0.04433407612464096 0.016479975861502624 0.03836448998812925 0.04716226040757324 0.02606355275653115 0.07264758649522679 0.08217520944677695 0.020270394173749953 0.08089456989323142 0.06056103031972297 0.06517099811985037 0.0746894943733522 0.0600522923529097 0.07064517038978328 0.03098806781354707 0.08091752582819604 0.00959674566311587 0.05936373352643531 0.04048697732628748
36 0.024550201808797373 0.09670618347590834 0.0681942660821754 0.009625819077792336 0.026786866450965625 0.09598713410042563 0.08444471483277038 0.04157731837821589 0.08560648059323786 0.07104718811168165 0.01246836728770273 0.08260244493513992 0.06999343744891852 0.06713174521116196 0.038901155600948915 0.025561818353352646 0.048200189440316 0.0009995173276148668 0.04252982745127515 0.007085324031598665
37 0.08386037963678819 0.020819460382907346 0.01704319864524794 0.09811348284921685 0.009582407583409757 0.075406114114403 0.0016918328326251436 0.09750640351370235 0.04062268519120148 0.016760509262820522 0.056108746999475385 0.041198911641132464 0.05072742143315815 0.010747299978464648 0.09566377726620238 0.08306588816282438 0.060094310096431236 0.08111477339048384 0.046068412699606494 0.013803984319898417
38 0.052646873739748 0.06796475374484845 0.06701747383490618 0.0700130129199635 0.02626912863768093 0.007097182603699368 0.07464785398217011 0.08004876120485409 0.0884106471720987 0.014945255305355343 0.01636382218276113 0.0599699087264098 0.05842914089524889 0.01861976717205083 0.07257973732488657 0.00985782266604671 0.08136101569264732 0.050476073842144226 0.027371374896347313 0.05591039345613257
39 0.045499697874126166 0.0899645926819719 0.060567841542669316 0.0259034716878385 0.05434696772732159 0.03957353941778581 0.08927919650505103 0.016246065632598096 0.002248783270148115 0.07324907817714545 0.06234452293956673 0.08439170828742329 0.01934860529093634 0.029798159439518395 0.08819556011936797 0.027764779004443026 0.0559937447680811 0.018892521601888066 0.09668862884176327 0.01970253519035604
40 0.011683190030226923 0.030997814936455214 0.02862388199452701 0.002627548657999896 0.10398032597184453 0.024862300471038466 0.0508173719416562 0.013643510538781947 0.01611030635083884 0.01438886119202195 0.0375879820807166 0.017019148602962365 0.04924945811206001 0.04681253209541149 0.11360140058709439 0.03738787809174174 0.10030114150233323 0.09619339234277702 0.10522430308912109 0.09888765141039105
41 0.0037264080637372 0.01829710273343232 0.07726872957093563 0.06938444241917721 0.003920676205116369 0.012700463675604009 0.028336282422074484 0.02455196137683621 0.11235760667186116 0.05666868215211445 0.06752091728286229 0.08185552618899668 0.021205571574774526 0.006688936410699584 0.11392268084095859 0.03361576260092082 0.10890894215259282 0.0004459632233967042 0.09363923343333949 0.06498411100056953
42 0.034691988458544994 0.05356027757357522 0.03362494889032883 0.08093842708013953 0.04884028854171436 0.02513601145229188 0.05576470907920611 0.0874821502153979 0.08753453880633116 0.004008510577403673 0.07004588823210615 0.02220017222279965 0.09060849465930898 0.011133734057084293 0.026193628683959892 0.08020287231913774 0.001507390681215929 0.04816702455572144 0.0688448302502536 0.0695141136634787
43 0.07182345466078022 0.08150934334405745 0.06686978725463733 0.014932042966264214 0.042966938855597075 0.02183744431522004 0.03307084699194741 0.04250841031137894 0.08911467345631252 0.03686842409043119 0.06450293083023309 0.040554120250477686 0.08237277186707105 0.010506098468275167 0.04979740251684325 0.03575955507097905 0.05404866754529035 0.022320720950458235 0.04557120831855891 0.09306515793518677
44 0.10706344051916425 0.07887891225164709 0.08412081216829614 0.012046072470950702 0.0872457604621272 0.019406267165246936 0.02639523075747877 0.03728788936387763 0.03493797427957914 0.03204747992365992 0.0077062517448235925 0.08771339631759288 0.06876780261240593 0.011140232593464324 0.007701195810633194 0.09863742684502473 0.06687386813826267 0.020523427282795288 0.075640089885756 0.03586646940721367
45 0.028850744184568542 0.08699547405930928 0.09203748466532172 0.09217241423490098 0.0322487203412199 0.03907776315317058 0.03259324034727467 0.01790555596725361 0.09345123155210454 0.00824991939995195 0.05856335564907212 0.041249654421482436 0.08380590712455585 0.009374163728695026 0.024537348401800035 0.06643910716307602 0.004638413914366736 0.06978321227490017 0.020216787704359612 0.09780950171261603
46 0.042074584144406124 0.03892309794286962 0.10468819773344393 0.03958063641290118 0.011873739610246457 0.014920695964333357 0.01261232989770929 0.1037225168504602 0.015498987164312084 0.028301015911885594 0.10503469621916714 0.030011867610307285 0.001565389232839668 0.11722408711117818 0.10554471740600456 0.04065113154217299 0.015272487406049633 0.058959636037536484 0.10547615004203098 0.008064035760145156
47 0.03421515986430305 0.05606388732451183 0.03193325527958312 0.06666052570371074 0.05323993756855343 0.08234826900134289 0.05129583485937965 0.09481307334873255 0.09098796594498605 0.091607135967805 0.07609551333724514 0.02167610176587281 0.009038519153188623 0.011108699422487066 0.0787896181841817 0.01049228567543076 0.015162068829672968 0.031436742464771544 0.08872408987415031 0.004311316430090612
48 0.01932917767685439 0.06735358723221777 0.05981215783089766 0.0672177641655473 0.002726237045935233 0.06324331373054844 0.09697993615956481 0.03040135669004184 0.008796945981140614 0.057265706226469947 0.04757640391302467 0.1021603786959394 0.00907054359524275 0.026828744412879257 0.016854003584982794 0.014657764975608296 0.01509398273385324 0.08979498989058238 0.10232991422860993 0.10250709123005955
49 0.0774731711004321 0.01359414084461735 0.11220022590287676 0.011298145438949329 0.01986768528089908 0.0012416857876997778 0.08245334654926077 0.07508310219163217 0.010700820716215347 0.0394663706507972 0.1304095773295252 0.035473661664625136 0.010317262528604704 0.10347240059119224 0.007408366906450294 0.026802992954617366 0.027352803719600565 0.049665959330395894 0.09992423673026055 0.06579404378134805
50 0.06496022852632763 0.04062121705588504 0.09359022321615103 0.02248626784051256 0.08851921642532738 0.019564070182736877 0.059385781982862706 0.05379656814646059 0.005613366160599882 0.028482713869093734 0.0015828511630298892 0.09067671154877496 0.06105446766626884 0.00133611414938038 0.09743469167987956 0.03901623584943454 0.06082600487856717 0.025726396384181453 0.0688316591407861 0.07649521413373976
51 0.039739336578476225 0.037814964420089185 0.019020704172004573 0.0010966067363785545 0.057224171060701476 0.06604638199909908 0.09019165568015904 0.09170637308522268 0.05750275866966809 0.0942095610841658 0.09682788731669337 0.029551386552395892 0.03762106791803918 0.012206911947985484 0.03006013042548789 0.021879482493034726 0.04498407193733278 0.04478009930635737 0.038674263182639466 0.08886218543406921
52 0.06217941404073636 0.04830114086958735 0.06513777967591942 0.06406995291586187 0.07236328179755257 0.04134544646039297 0.03383562022190979 0.07586913373648745 0.025834218052886406 0.06448988582424825 0.05606656583610514 0.07066331130084459 0.0439605275013292 0.07334148519317457 0.018459573103721687 0.017824142911763836 0.07302284603822644 0.06125283076004327 0.025782233880519447 0.006200609878689398
53 0.07790700138308443 0.04656099141401003 0.0289255474568204 0.08055573559892892 0.036819908822757784 0.018358442932325306 0.11242232314955616 0.028214277345518974 0.09483093515105012 0.11444210405885384 0.005187080028536034 0.001082203949824647 0.040696135630146804 0.0723410135871992 0.03704239348557733 0.009283398442455498 0.0177400040659177 0.007088040209813384 0.0908384468048889 0.07966401648273443
54 0.03328016936208272 0.05901625286811624 0.08043129987125452 0.06285743211687035 0.014292150200851226 0.02725266676770713 0.07558128493033456 0.04338089805717909 0.03205128794504129 0.024032266183626277 0.025876887044177004 0.020211889625990326 0.05385172159026277 0.014363063565974906 0.08447407887777858 0.03343749238589249 0.05928342479818527 0.0736924701157275 0.07983995771978361 0.10279330597316405
55 0.08839303251209785 0.07234680511052885 0.012626761264113759 0.01752011542035224 0.05055319162984958 0.07575586614141655 0.024714325073764844 0.0603558187260758 0.10293603455312535 0.0066416070063542365 0.05704945883381288 0.091531928667961 9.717981914327304e-05 0.0056032749145731265 0.05355594967313278 0.09385008818740048 0.09418879714824646 0.06514261536530759 0.004504687852856257 0.022632462099887233
56 0.10639701456310759 0.04682926915305608 0.00598551802192845 0.023637887172614964 0.004238722792464029 0.030847599426474616 0.006286058077119294 0.031089613236302355 0.05412899606411093 0.024365516582487604 0.06155427576655996 0.06738476609485343 0.01159693532124951 0.08993867972401592 0.09811791439203367 0.026467036336388253 0.023021886383345683 0.09800962327966427 0.09526766441901931 0.09483502319320423
57 0.06756000539056582 0.07214833870895022 0.07356031472748588 0.06824801944269084 0.04367605824986436 0.0515600793585893 0.06999832366664362 0.06420356526855041 0.06024004729682057 0.010746121144661903 0.017002620086131553 0.012454602210794514 0.0589414997729894 0.07457652986138981 0.01293632939512448 0.04035039937490005 0.0704842682826602 0.05770890562835557 0.0592957451081145 0.014308227024717181
58 0.03987550916504123 0.06833630921283967 0.001170938351332005 0.010080432093780812 0.03289473492652656 0.016219574695233323 0.04271576667996718 0.049624918146378434 0.001502461523198513 0.060897386966710834 0.08573648695438994 0.07569321120837127 0.05647165735600055 0.021623325251907178 0.049728536908823166 0.07596800861766284 0.08514910670788493 0.07943973295348647 0.07584875579357614 0.07102314648688877
59 0.03757152553620272 0.08212819154655446 0.08992210135037954 0.051332912992589776 0.07588204201199715 0.039224468762374724 0.07010000854729995 0.0013208425632066283 0.058333717192549865 0.025661196484698924 0.081091088315115 0.09157337155596018 0.047883520815195854 0.06336118794469235 0.021918156392018544 0.01931956466098193 0.07011564767523101 0.008703549295155199 0.05285692681638797 0.011699979541408133
60 0.026551588527546636 0.035749132258820544 0.002930379777572573 0.046479347130990535 0.019123675313475866 0.02870759227102622 0.08004443159844929 0.08804969162054714 0.08485270394627172 0.06863409716973665 0.06101823094858103 0.028152614687764223 0.07557824837373385 0.031720995165164044 0.07940950062481611 0.09671951170740532 0.013728305858171377 0.05091093528176955 0.013542864259007874 0.06809615347914943
61 0.04865178857160536 0.053341503033181074 0.03342477873787156 0.07510644987508319 0.02220348604555037 0.004461469221559275 0.03339653956931749 0.026060371005756814 0.0786899984417878 0.02498644132442984 0.10326896659754783 0.00315779770698564 0.0524334842817899 0.07799360243829287 0.012527952580059832 0.08987658249629037 0.04622982300647097 0.07832710711931434 0.08157974199855304 0.054282115948552506
62 0.038773504050448125 0.011451993167758755 0.09923926879223656 0.06018175779423648 0.030981661946462003 0.029654548366942788 0.12424652969297421 0.007304341551259484 0.001588227761286681 0.059580743080796326 0.07665829341711851 0.022759059616373364 0.09159285772725136 0.05796169001026835 0.07444744552048893 0.03326350843746907 0.013091640582976525 0.11290129455540336 0.021549481418520932 0.03277215250972814
63 0.09934213253769451 0.07266299695769973 0.04601592980897521 0.053314562765212854 0.04087966383525365 0.0401260821662114 0.047207056866589964 0.026389039073487833 0.023773186051654877 0.09480125281830429 0.03902775360409845 0.001599276390013365 0.06929272196898219 0.09589841568351198 0.03453981901747414 0.09496198026044668 0.03724115026782008 0.04390084613444905 0.015362090778913335 0.023664043013206452
64 0.08676243856257368 0.0656316802679264 0.07316561157591879 0.0752985448790217 0.027525155330024004 0.07098999547140564 0.08386789646735598 0.041079400007427144 0.04835997574274276 0.05354628902368393 0.003299769629952574 0.081105969269921 0.037817492647566134 0.054502737457328226 0.04630898598069964 0.08443860900714519 0.015439290035180644 0.011947209960642932 0.017213973717797953 0.021698974965685642
65 0.07230990336838347 0.09764926802134803 0.004424676255202228 0.07914114549847912 0.06041070058830561 0.026380220665750256 0.09041834285337037 0.011536482067758178 0.017457500846082635 0.06520651954248814 0.0033950711083176577 0.02471438507672441 0.09379009557187074 0.051811037958713925 0.04999117932081205 0.011512194109796741 0.034770882201623894 0.09955853616991589 0.04444862987123732 0.0610732289038193
66 0.041409445945802294 0.027001641438061788 0.04019476967258013 0.0352676881671709 0.02974369872529357 0.029389123624667713 0.034916581106697285 0.0532757229280148 0.1130438971555934 0.05998494115791503 0.04806777556431776 0.10239279972047187 0.039248409607815296 0.015287547842017522 0.09270128936756317 0.026669804701681607 0.0926220700658484 0.039601640389506726 0.044264409202813715 0.03491674361616699
67 0.04552271511226044 0.0749835182443855 0.06501768173493148 0.05521208921092615 0.058292985836735804 0.04285591941925476 0.024997815226576 0.06838935095360864 0.07440485028816994 0.040327672869725974 0.03295297725256889 0.06400396892131904 0.07597302937424079 0.01973186149193485 0.06638526756176809 0.012251457215716272 0.06959460565666029 0.018755699490421877 0.013414845558277775 0.07693168858051737
68 0.050038877013670297 0.0018315798866298813 0.05657466203400613 0.004575997217297172 0.08263713345706715 0.04525532990381025 0.0853823677355909 0.08085896640243662 0.07847838872144304 0.031446868244117986 0.025922963039977456 0.05160003193213252 0.014275266547892738 0.07548802456923474 0.0860621707924307 0.08242725308506393 0.07939985574298995 0.03288151912153821 0.012775075794713731 0.02208766875795656
69 0.06350297154117578 0.04508955981535512 0.03931918907324596 0.03415312400079594 0.06750297551170525 0.06957190303374752 0.06146952746214377 0.052009753298079754 0.013917437901103348 0.03692774157443179 0.0638194732346339 0.034715163124932544 0.043874762707926264 0.07111495420025948 0.039260645974567125 0.015823807483396984 0.068741499609266 0.07140122497125666 0.05433615521713759 0.053448130264839334
70 0.0815007419078943 0.049060987463989146 0.005901511947902081 0.09273689176898291 0.0556064971656804 0.01303295428146049 0.05857434092892776 0.10489568578821151 0.06935765034404784 0.06818281837258026 0.09889629056211889 0.017143147803125296 0.023022435038760527 0.02814265760077045 0.05450408941658239 0.07232044400914563 0.007033060191251228 0.028242533580326693 0.016788929495810984 0.05505633233243113
71 0.03011185434644485 0.027024169927118296 0.08196908549732027 0.08536551051259354 0.08899070384116191 0.06889119518723627 0.05598893444400501 0.07850476634672406 0.00624784827790852 0.019720007297900927 0.08414507575002518 0.061745386485300174 0.03172833958853887 0.07181241171136246 0.0064943146100082776 0.028825406513362673 0.05419770100290031 0.05897589672745115 0.03233273405061369 0.026928657882023407
72 0.08798538232643384 0.05531288375995785 0.020543460288248112 0.06011933833881193 0.06815231248656832 0.06233813572437594 0.05604782288987892 0.08337608494556281 0.03131579894275806 0.07558210171316707 0.041313151271636164 0.02761711749805419 0.054652275585107254 0.08286715548386253 0.01035164827464404 0.05227228934243419 0.01200358220269622 0.049091998204006906 0.008706664608554057 0.06035079611324164
73 0.05596314660724631 0.09339239592184521 0.04993098885344245 0.03685782546935413 0.04087711525708273 0.020283194257136185 0.07427097261915225 0.050117916715657164 0.01022439131780816 0.012844179220457174 0.08064764331317917 0.09023470699098911 0.05588398320331951 0.051813952053373684 0.02862333946923768 0.094699092141973 0.05044712558672322 0.01159252013483092 0.060386799951852456 0.030908710915339557
74 0.006157887404402075 0.04490947172062992 0.05440804240630628 0.07375826593694106 0.02121131608940171 0.10527593108783433 0.03662077019742525 0.051046377863575784 0.04748133890974876 0.05122123498736321 0.002214670558487997 0.02564307046833128 0.005751972312897832 0.08578566911789587 0.05265249394420199 0.09611295095412918 0.09232960314459814 0.04094984468289906 0.013703920138122034 0.09276516807480813
75 0.03824581810989968 0.03672300561338759 0.05337173516934926 0.07811653629571866 0.022440376199677366 0.015629474850495418 0.0486670631190954 0.04589054338637781 0.038624237443547184 0.029167839473057126 0.07323313721311732 0.09877630939790104 0.025226196353211584 0.029892927114773676 0.04181831232692845 0.014542615874003429 0.0316055359032481 0.10384336487540186 0.08717216771089757 0.08701280356991176
76 0.04666431182557533 0.08952641520163654 0.021399946586459235 0.0445380914668221 0.08950940662157084 0.04525335753931604 0.10250822101641807 0.029906964112965485 0.04074809963549117 0.023204196022713137 0.009684332794740753 0.06253232816546388 0.08934401596951526 0.03926160339851398 0.00809538131310545 0.03579924640337836 0.06389248442954717 0.01576365119355053 0.08107054225307225 0.06129740405014445
77 0.0790583167211615 0.017833650420422318 0.07896246486132473 0.08802727653602278 0.03607140716332512 0.048888129398985625 0.09009583999836819 0.03081230082452699 0.030145761319709925 0.04800239645180645 0.020251966671009813 0.0010685412546998705 0.06123141735794706 0.021962495187245204 0.07564687161725643 0.06786865604176102 0.000218393106379515 0.0632383851286038 0.04945444712820544 0.0911612828112381
78 0.03920226091374412 0.08009178577170406 0.0736574766378544 0.029833365323640174 0.07274288253075407 0.06243651272326061 0.04382333215659248 0.0273594836329505 0.04709079561873775 0.08021374949925318 0.08023750934286764 0.05243761016198327 0.01965733161536492 0.04412510930711294 0.0066629379436570196 0.07310103162354063 0.0013869886124850935 0.019629719838024265 0.08432662714750096 0.06198348959897205
79 0.03022303375489847 0.001037424689279707 0.0643390203966244 0.01864200151148173 0.1086159652560066 0.06733083330142645 0.07273790335291737 0.017077552560298713 0.023828168942867163 0.08479351607228852 0.032792139305561074 0.024547837548387946 0.10898488536890753 0.01625558447231964 0.09636090769330319 0.06288305441910204 0.03489669197038859 0.09851439721016958 0.017388067034459453 0.018751015139311836
80 0.045298739937818876 0.012678423790640972 0.0632634587059526 0.04236133309400498 0.0023017416483968253 0.03268022771024264 0.03544788459381578 0.06897663545818601 0.06809329211347465 0.06364693690646822 0.06528971085320363 0.0789539578253895 0.06489385078566827 0.04494134911721097 0.061448991294382575 0.03942598419513031 0.08768198086562701 0.0827692700768127 0.0024271448047637795 0.037419086222809574
81 0.06837668330000107 0.09231398441071402 0.060026865357890785 0.048937298450409374 0.007703329564433928 0.05648674697633561 0.059843784530561904 0.08308350050688278 0.023009808018269542 0.02158318201486674 0.10825118438602892 0.000422765267145913 0.0006826463482669576 0.0356020733627423 0.05881443170745965 0.07832837923740187 0.01088426998719873 0.02972032879856535 0.039526955614444394 0.11640178216038026
82 0.05654788068711854 0.055069283413228046 0.08671297394718135 0.02865210566308428 0.07851223006759618 0.06075167048668474 0.024241874411578754 0.06782617971288632 0.022668707186874918 0.033590339722788264 0.06666933819021956 0.06667462649978366 0.02480585452517099 0.017083433634532852 0.023464383961827318 0.06760423097823556 0.052617952980231 0.03315121456357276 0.04761450988655705 0.08574120948084783
83 0.07996313551636619 0.05947555022440554 0.007772033106587495 0.014218243378288047 0.06656683997971727 0.061380761620174584 0.01915337166512902 0.06256350921821109 0.05354639276110345 0.051580426209572615 0.06541140416621526 0.07618663215173854 0.07265241176240844 0.054656373643558874 0.03668015184372043 0.042267376813849206 0.046539056114306074 0.013415189894365534 0.08365688283429787 0.0323142570959844
84 0.008146966267722267 0.03414335491036536 0.06763564713991567 0.06598868777185732 0.10925007302908081 0.08741030785442969 0.00695350859391948 0.03733699784166306 0.028987738221552324 0.008410686105295644 0.009666640036025888 0.09422288578041123 0.016466616147005765 0.050079523339014866 0.033642490925773344 0.0677315724075947 0.041062775156768795 0.0860537945861543 0.10373913574128076 0.04307059814416873
85 0.07043839957887832 0.0026025239558692187 0.08856340987488118 0.08634272710575183 0.00737606800913286 0.05429736894363787 0.05186360912457022 0.057399211057289956 0.06666321656697555 0.0877138645150384 0.05834669244929294 0.05583938351414005 0.032561236441147834 0.010380240094221954 0.0267162211770607 0.024052548302507068 0.07719377775013908 0.0502691962691106 0.009333088394680748 0.08204721687567365
86 0.0013298954594424999 0.08982814956195077 0.011916140605861922 0.05258262943889765 0.0546402197387815 0.014586546369682929 0.031181936817578543 0.01942904686547678 0.08049660805366896 0.06595193507519323 0.05443140207146652 0.08280379908647893 0.09748976919294539 0.08377149265774239 0.0007287810435719619 0.08446946147016257 0.0507173617564138 0.02992402609271137 0.0030021926374704517 0.09071860600450188
87 0.0074819522646458435 0.07056143531005801 0.018197641591608357 0.034118153939382945 0.016555131009211133 0.02499116249262212 0.02376857022110761 0.06936516755279007 0.08526498402076112 0.09530253945242399 0.09692015430930169 0.04577566474376854 0.09056393514789587 0.0362961133909058 0.0024234974093279163 0.026369222314766957 0.03410216183759089 0.09180802341196288 0.030284815623116322 0.0998496739567517
88 0.04861819360299093 0.042558476486260655 0.03386501681505743 0.047893907756017956 0.06936413926919256 0.05062442204870334 0.04188211697972406 0.028946756041271872 0.0706569895209012 0.01807457964918334 0.029199524424020382 0.0029720440150141705 0.056175813094834354 0.07343157747954683 0.0029563158452745385 0.07800038705512694 0.07599257657716652 0.07887647357048803 0.07938448456525983 0.07052620520396526
89 0.11191537363204429 0.02040460945530846 0.009858798727935545 0.02669649467911124 0.06356247426589356 0.039427567291631826 0.05149068331008397 0.1101128265698718 0.05664396461618977 0.07705091628718692 0.031389283177656525 0.06867522855051761 0.04610871374189608 0.06624780134254904 0.03191564488366566 0.027204066492769338 0.0390126433130566 0.014886776282966347 0.03091952507581338 0.07647660830385208
90 0.014218056251029414 0.011715364573667604 0.07448097530110678 0.01155067603934228 0.10407561205775868 0.05546391798690952 0.0898229222496151 0.019273171078768307 0.09402655414998048 0.016807783820529682 0.07245573229470792 0.07972477652334226 0.014178447219626444 0.07266933526815182 0.00037153031019203364 0.0180823041072293 0.049709879370554065 0.08708317258569008 0.037383873869427 0.07690591494237121
91 0.07590717326618619 0.05990508684152858 0.03818810481521918 0.041865179521364905 0.06335715882876673 0.054608487780237525 0.028230140314568417 0.02781671652241213 0.052697727517541336 0.08015606885124492 0.015227771602202702 0.0773922419136861 0.07303221173697348 0.02776660764034202 0.0715531235184235 0.04024115555333908 0.04409139846596179 0.07519198189648328 0.01024491558782171 0.04252674782569632
92 0.0662778298770507 0.07533570270038772 0.0621925476417928 0.07267459603176343 0.07151727239297097 0.013747903976729472 0.07495707586544424 0.055968782350752914 0.10012393484877878 0.08202612868590069 0.00919057140941389 0.005619374509896953 0.07291440123781548 0.021433584666105572 0.09138853886484742 0.04499919306805452 0.004130064251678746 0.007852274975692299 0.017892477977339595 0.04975774466758405
93 0.01185494105410855 0.07271924464262526 0.08747648777792165 0.04781692325312985 0.015365794167352837 0.009452543750351804 0.05608504456074219 0.07623791432190465 0.07266127576360343 0.07734886737496724 0.04334229313715547 0.02024895543044927 0.04179882586258414 0.06477950629599194 0.028788641673193855 0.03113370867988358 0.06837580738836414 0.08352069443128086 0.021683794132565146 0.06930873630182398
94 0.03124757400765216 0.04064739888673541 0.029602293676297707 0.03553334268027617 0.06292325665688407 0.008669983339770466 0.07894018869647526 0.021760143474373887 0.026566830166192112 0.07834094782303257 0.06308696364215063 0.012764270456853485 0.0380592583463694 0.07237726800628833 0.047184243061746185 0.06970003215381579 0.06702102101642088 0.07290575750965594 0.0606442754711244 0.08202495092788513
95 0.052105720097766685 0.0984843546543907 0.03740840340047062 0.01619997885930254 0.09533623065744536 0.05439933998518912 0.05322140434804479 0.013573317387629801 0.019227024551104404 0.05093614997502086 0.019441129744289562 0.10138911258443842 0.0012219597002567251 0.10219288563212028 0.04457246881959018 0.013155285060123388 0.021884144185843828 0.04287417251676726 0.1108571859266094 0.05151973191359612
96 0.07494222388071287 0.0989972427089625 0.09914655680482112 0.06723597773075905 0.059349353684437646 0.0332646824183463 0.007260709475224636 0.026083713521807553 0.04040791621951359 0.039622842840708154 0.05256710226965021 0.02585545450089285 0.01495371617764995 0.04352589254513647 0.05600672661319681 0.05327056243611695 0.04392500698397615 0.07572671611036504 0.08574103934769742 0.002116563730024719
