0 0.023839217404969516 0.08270420511450462 0.007459771774834638 0.03962571962803017 0.03234451097808924 0.05864776114327567 0.03539989568521879 0.028653917383167343 0.10399890037749568 0.13982746375158356 0.0680717155116562 0.00018737336061636631 0.016973319895686113 0.037494312380185586 0.032009972675811814 0.058571102014421755 0.07081731235743995 0.10425850677961371 0.0038160784093855594 0.055298943374013546
1 0.07782978415783073 0.05907572970383608 0.06733609769772236 0.06996864065225948 0.04039178071761104 0.0708755604860431 0.019280283653282198 0.014758353943254974 0.028301566948650634 0.07905593407668464 0.05548432175930636 0.03340234009941281 0.053542592883187086 0.03529008135211493 0.05697322486785506 0.06632366948687182 0.0587279946017888 0.04696041514367625 0.06628465314819221 0.00013697462041925923
2 0.02807373187401448 0.03709018070908261 0.04494132847708454 0.04006540033777234 0.07061917738040398 0.07123470726456638 0.02676033092964908 0.07466227674392387 0.0501963883771328 0.06784809336292154 0.023331608215236943 0.07886447712843968 0.04072317770943772 0.013928243103685537 0.0685447801246712 0.025966138644850225 0.07050124209715555 0.06653269880156444 0.04392797652188365 0.056188042196523444
3 0.06928351697805428 0.055361636997194215 0.036045499430700505 0.04408532095611 0.018728969316584434 0.08586098328343879 0.08344061747240526 0.035474003167026126 0.040380762729307705 0.03140650296159716 0.03972454328911128 0.0605303320417025 0.07354805588519034 0.038786197738829235 0.07760693882035762 0.047156671469163115 0.0690190183000923 0.005083851861399835 0.07120402617531676 0.01727255112641853
4 0.010010680349892755 0.07869306053318902 0.07445946169585935 0.0408091058822904 0.039462691493383696 0.055346540025951775 0.03637749482747679 0.06902057945091147 0.04094979353578788 0.013469286115085459 0.03590080092231181 0.08391714234322782 0.08008826162829344 0.003127490862917252 0.06623792955139186 0.04124898798463971 0.06776078777952661 0.06220558741125794 0.026838949821824973 0.07407536778478008
5 0.07224125529516799 0.03747108943322911 0.07806436253501386 0.06603337759536297 0.009360655747474118 0.09235153064735847 0.006775474992514776 0.0710066788809503 0.023309385146515593 0.01634492186879305 0.0680533473656826 0.00741689505547277 0.09033861959737129 0.0970005275932573 0.07679988667371328 0.011720081333912535 0.012486962051951874 0.04083578707933769 0.04547629260619748 0.07691286850072303
6 0.02570005684161678 0.05983407211631128 0.06732219232485248 0.1025340433579763 0.010128195997237296 0.04696020429147197 0.08223693996436615 0.031216279234768614 0.024299838443597954 0.10202873573520492 0.020401040828487062 0.06756508250649478 0.017459697852254114 0.01565630825357047 0.0933486278006149 0.04756265545694679 0.0833018996502311 0.08322936666436495 0.013462959515977209 0.005751803163654958
7 0.007918365469282651 0.04102139991480014 0.016164228460379137 0.04825803516902743 0.0618993056715601 0.0759441161256707 0.008227094062135768 0.05108446077327652 0.028378344072003563 0.05521147663726712 0.0645427439282353 0.0541598389785684 0.07717492513711799 0.07333786392075996 0.06604521943546995 0.08274093144563584 0.05545540521019232 0.014164034249290134 0.054076124281213014 0.06419608705811385
8 0.039471574297276886 0.042529607290667674 0.05854424529011582 0.0348637313310152 0.05295989317200223 0.0722472210343105 0.0660044561512074 0.04911941549561532 0.02075410023783756 0.059464426395963076 0.058638329231721624 0.0702777467390652 0.06953784258309706 0.03292846649250004 0.01912379054925569 0.05366386142486306 0.05519190838881918 0.06346397497078292 0.030480872753867252 0.05073453617001626
9 0.05553466368075406 0.08901289375797815 0.03929815778139076 0.052995705073499495 0.011129215941403175 0.07594599718055524 0.07835744229718036 0.05600453730805576 0.03736656850901908 0.046730722576907996 0.008510155827370448 0.01661945260585166 0.06311853196256009 0.10969862541006345 0.06921149691775134 0.019497856104075513 0.019759872666893236 0.03995476515515 0.03756694552291485 0.07368639372062528
10 0.08026524190380481 0.01833225799808656 0.032362062556048704 0.03610271914413423 0.0855610569213194 0.0770182493217085 0.045602902959131685 0.058633602070466896 0.014484904464213416 0.07565846619952554 0.044109358994482026 0.06277360115940059 0.00022192579328921024 0.0657141974713369 0.05502422377617684 0.01768996817837677 0.058220960976864966 0.08917464613505952 0.03239038540594109 0.05065926857063229
11 0.04077831258109993 0.08332997032825197 0.062471646648954035 0.0788745090628958 0.06740880891705747 0.005029325632999319 0.053299900519101 0.06335414768271298 0.024899116310355664 0.010626375106701171 0.05572716108183412 0.06852500084500977 0.04172671435192534 0.06094304036799026 0.002826423879655067 0.01620728586643272 0.06230930811573237 0.08129101241704428 0.05802139045821261 0.06235054982603421
12 0.1094819482559961 0.06990677244189471 0.07281605380910997 0.09075976012868367 0.035425046317494116 0.027123499731779015 0.04279669121378027 0.016243211636749254 0.046334400537437474 0.0034728117875000197 0.08109448673848081 0.020554869534914998 0.05716943666932197 0.045080214865888535 0.03290748851618528 0.09592160682776904 0.06369124153237278 0.017099357316653862 0.06298134554410403 0.009139756593883844
13 0.06497535421732652 0.008069315274454572 0.08744478161012403 0.03851700205928744 0.06876830837178743 0.046152026090696185 0.06846768408651303 0.017910953126403697 0.05143861762509124 0.0032329838511420375 0.08775561366648532 0.0008396356099531304 0.08285597245456208 0.06525672692211641 0.04459062488801231 0.03169673733069306 0.06612642862643905 0.08683661635582798 0.000765780547229912 0.07829883728585449
14 0.07498916786822993 0.035128168262948574 0.0805898354272021 0.066472737552241 0.05475660919449281 0.002559327508870594 0.0709914869227955 0.055878827438494656 0.060462609288291745 0.05843694046861572 0.00878223733204601 0.07886663874430286 0.04091898040859321 0.04451888197748708 0.07510074510318221 0.04013424666474165 0.03992409358795575 0.07694145295923194 0.019849921369337446 0.014697091920939164
15 0.0531113716999122 0.03453023533749239 0.04541654831474402 0.007539974569564413 0.03642602106343343 0.0575333790543899 0.09598656395510569 0.0689118902403032 0.08113145710845379 0.09043537939452975 0.05555197301730885 0.09859164634123734 0.025494634027850085 0.015024070670639711 0.02092920691973681 0.05536225058030871 0.02138186916737506 0.030419482595582158 0.09497451576547411 0.011247530176558197
16 0.041885168751656716 0.060264967561503006 0.060043806356526105 0.08106497079496466 0.09370028343063053 0.03219545981581576 0.003948314896826433 0.010627687900239316 0.01002577207860664 0.05349572260319298 0.07672188728886922 0.08287956534374016 0.07395049581073836 0.07219880750551903 0.08044612213897023 0.06713400191176808 0.0026959902152536995 0.010650415580717226 0.00847788605653403 0.07759267395792782
17 0.03582933176073252 0.09545630560883102 0.008081350645051926 0.014707086458500655 0.02238815121579628 0.06975406125718596 0.0638343254154018 0.09422223939598501 0.08793324111477609 0.02053457197511211 0.015186936411974947 0.07633240839603883 0.09282225860693553 0.05887301875212422 0.041484413432473666 0.051186463256404885 0.09993998697157352 0.0028078924578483003 0.03224001251393717 0.01638594435331553
18 0.051014588034350564 0.07488970254186697 0.013717666728778556 0.06456467717844272 0.03096607851025285 0.039209147937257105 0.01818940027774933 0.07003186554219089 0.07645251628309022 0.0048983035753245256 0.07916115794390069 0.07714876848803354 0.07739208148145452 0.06287146968966006 0.0680472297640509 0.05045469013090472 0.016544754735710574 0.01560584233160939 0.08108956366333633 0.027750495162035586
19 0.030712337668279542 0.04386971629867103 0.044326622188013955 0.0732685831186398 0.05674938371139033 0.05723946087773013 0.06116028418710425 0.07621463633652814 0.009573449302681423 0.06688374766591736 0.07708792652650669 0.019558173260626643 0.01687070412731552 0.07636636477826789 0.06475001174482503 0.06459758231922931 0.005907704745610816 0.039003590251050636 0.03483058933671796 0.08102913155489351
20 0.01974693805203691 0.015545891533802614 0.05294451506629064 0.051900277328062065 0.07856368420116158 0.051073197539964504 0.06773131987809147 0.07139872627118976 0.050259210765454844 0.022166833120720687 0.07068317573328758 0.05672993166372556 0.08821074468775246 0.002049762018959042 0.00999468471655891 0.058048035480519955 0.015123740325616447 0.05454338051380203 0.0832861739632876 0.07999977713971507
21 0.041751666154579176 0.08441643934059423 0.05126497584424035 0.059483612497000155 0.03019486688373096 0.011595452293614588 0.07059743977554406 0.03992649125174014 0.07898026009178084 0.00687278212754311 0.026000086830916577 0.08093419109805403 0.05987291843104164 0.024258799509687748 0.05641339009331785 0.08675064135952512 0.049620544403326854 0.028886733555296744 0.05983992130393722 0.05233878715452867
22 0.07573765383456495 0.020072652487041386 0.04740666685738672 0.025190930582691586 0.10111480383627766 0.04448668920603881 0.0012232979767198668 0.04256280124495832 0.10171361098764715 0.042642692462077116 0.04984836656257151 0.04260390088687716 0.04665628427579751 0.012943607405851352 0.017970907100084685 0.10091312569677666 0.07535346258465504 0.09682580741601672 0.01797739222743016 0.036755346368535786
23 0.09034198846786887 0.08189518951728751 0.005976095930654723 0.09389021691353114 0.012810109989048206 0.005820148521190213 0.03265816440652494 0.0017786955971884617 0.03520717709578267 0.05309706240547683 0.035801348229720385 0.09491531433698994 0.03512102549774976 0.030964542073654407 0.09480183702243195 0.07604012091848347 0.08223968527456522 0.026080110256829474 0.09411192566102178 0.016449241884000116
24 0.060277617325876755 0.06707218241520634 0.035421785255053746 0.05560834784248171 0.024422445114648764 0.04645099552847048 0.07304675650484235 0.06759172844118302 0.07125343277159221 0.04272993114394148 0.030664603699388553 0.016864309887161675 0.05280196258892585 0.029661200414891037 0.0617452576004124 0.010901620741482133 0.047801580637899355 0.07272325215037208 0.06373400718944225 0.06922698274672774
25 0.03727698701154066 0.00829123825490714 0.03546589393877866 0.003398044094343038 0.06589492228924346 0.04403392885515612 0.06066700382654444 0.09784816329784837 0.07026356451638294 0.06604718097596962 0.07278411173837813 0.030810862701641687 0.09100227794204424 0.026451417499492837 0.07581853650810169 0.0005308900272715056 0.06793322160902188 0.08436800150463454 0.051661587182618526 0.009452166226080461
26 0.055417172145681336 0.02150318618387883 0.017376513927049878 0.013019544883704269 0.09555950700369713 0.04552812543663164 0.05068265464516792 0.09637349375644529 0.02624758644085475 0.07759330536977799 0.0049407106799805875 0.05799873090418573 0.07845163183198643 0.03856491771772129 0.046572835175139306 0.07217228517041724 0.07068264149558214 0.04386078347870338 0.05380768976222352 0.033646683991171336
27 0.07614750358948601 0.08321163824336451 0.08193292921002426 0.04197231268437838 0.004917026054792053 0.07149785797492804 0.08544251573941107 0.027900778776398186 0.09271107141640873 0.012383745418685442 0.006238049823885676 0.08888562632446977 0.03433722075115495 0.05047695345670594 0.017951968340524403 0.04641536185736178 0.08304498871027967 0.022707331744783166 0.023399927733973924 0.04842519214898388
28 0.030374724134122084 0.05228385140811619 0.09126285679955322 0.005345908360911034 0.05621898865188761 0.09729125522172802 0.035349746885178064 0.004768379504303527 0.03127106525974606 0.013317442257071706 0.05792480007122399 0.06347135862539431 0.09122113511573136 0.039082131886323555 0.09252924400500741 0.09701449848824198 0.029377326842062165 0.03066771617687889 0.07592377664070964 0.005303793665809361
29 0.10389325775558385 0.033261577764104766 0.0017110692082766997 0.0457600868890209 0.09159277833743344 0.11183546412691198 0.0077539783770862476 0.08246550139258077 0.040957809261631804 0.025796166184585457 0.11606332444776064 0.055383149827588095 0.005278289873021926 0.03917923228177996 0.005372018473767749 0.06795067562410391 0.0345822395582334 0.07701046345338042 0.029005163678824247 0.0251477534843236
30 0.0910077284276012 0.09650631726295276 0.024152885594131625 0.05462348729584786 0.0032068258246720507 0.06882218532511647 0.06900571545241577 0.057607243925492664 0.020823160072081574 0.021451743936270886 0.04661928693081693 0.0362909140113859 0.05461577677852703 0.07416268606037363 0.05863329323627503 0.022960209857655296 0.033836069256393035 0.04424588720274338 0.026025206285724082 0.0954033772635228
31 0.02752025502387145 0.04681099282910058 0.06458082349734069 0.07425383838004418 0.10747339236195891 0.005431777646334741 0.022359211961872953 0.03217220160022843 0.0048038175506672914 0.02210858899516044 0.12365806114739426 0.08530457459680847 0.03192858864005364 0.08564824704460126 0.056046083335596276 0.01526222361742917 0.010540100664735888 0.10541118647631563 0.01364466644636786 0.06504136818411763
32 0.10475648862745235 0.009365667561070769 0.040299151382729846 0.07992863517125397 0.052511727616863506 0.05674879720881681 0.04006902103431191 0.0521382628225331 0.0468906878392115 0.001004384195313708 0.08902973361772121 0.08810548864507999 0.060093866228862036 0.04701957217625244 0.004554867341449221 0.023018974892245133 0.04999885704513959 0.08204210901130125 0.0008650913875350178 0.07155861619485693
33 0.05436763605836519 0.04083602812804717 0.011715744303614434 0.07361917433452927 0.029596572344316466 0.04861859236572309 0.06013362636616361 0.0932007809787395 0.00429600460968189 0.09576734305626391 0.025758925849617906 0.008474917592903263 0.08930459716727857 0.06508381949539549 0.09978056052070569 0.01944258859485994 0.05240858105318219 0.02796712838136357 0.06097483609133076 0.038652542707918194
34 0.03198220488105564 0.07136593450731167 0.012797508449263266 0.07858505674234047 0.07594266470980883 0.07663370347695893 0.045277042785029274 0.05123323893077572 0.09992291245496733 0.05905486032096993 0.10299919390119394 0.04076239639439847 0.009864550056680575 0.031054604925840907 0.02960156718576726 0.04529177798472733 0.02883361446965093 0.025725548996204488 0.06426828581328294 0.01880333301377198
35 0.09345940148334908 0.06133273864640429 0.027744143434530567 0.013982835676274835 0.06460978507230528 0.03844904268494688 0.09295818978463848 0.03402870042705258 0.04933049447997188 0.00203816417743361 0.05881860888780196 0.09373183154729132 0.05334912518184527 0.05688011273493876 0.005404603793965847 0.03971536542458259 0.010807381153812799 0.0570126064050082 0.05512601158610399 0.09122085741774169
36 0.10272544210756239 0.02373163578022732 0.08083339333778114 0.07567518896605864 0.07135726081947413 0.009403425744255596 0.025151688558188046 0.03539473547124717 0.037671916701194866 0.09478143943059635 0.08516165142035342 0.02868190620696407 0.05959576732334695 0.010053650216754017 0.016299628577198383 0.09006442354668912 0.018815997183585752 0.0469072726028933 0.017215508050970843 0.07047806795465825
37 0.06973895142065346 0.07594234421262298 0.07871211728482676 0.011912771937202896 0.09893617320640304 0.04160213439318946 0.03447312221599693 0.01579603324243995 0.02302322261533705 0.005461006948529882 0.054001802598880676 0.09809274708270378 0.056574783228037114 0.06442526309453507 0.06983809509448344 0.029223974843024247 0.07691705064039223 0.052798439700872314 0.03865465150906588 0.0038753147308028552
38 0.009215407176058652 0.008988076579837377 0.12600376556157242 0.004450756275219369 0.049069557621544864 0.0996813416430806 0.07358628796797001 0.06618289720794401 0.09677996987429686 0.08478525338216997 0.03486201617154641 0.024864991999095205 0.0668083573974245 0.036176007466519194 0.06838436168946362 0.03140017545284132 0.02048983727616882 0.0519676573729568 0.03492586913160972 0.011377412752680487
39 0.031124594946819406 0.0181060112116317 0.09631320864400206 0.03613009834387124 0.10042097458648876 0.028072791520126646 0.0011360677168082117 0.09524477037247822 0.08230071512029663 0.07766997558627614 0.06225896566788558 0.042889620001359874 0.03599045270767064 0.002046216304789317 0.032775524374180805 0.053435671861543486 0.02881845564752501 0.0995146234845441 0.01917046394608312 0.056580797955619044
40 0.08277061450706537 0.018828243713204226 0.048734017477571834 0.03943371925420621 0.025755232340109693 0.0376241146142454 0.03872052808510697 0.07133500690427474 0.0382223794211459 0.05603080803969116 0.07209791712653715 0.07694906462437892 0.05225277209850091 0.05721114606696313 0.06875564049677813 0.06342139290370254 0.07231778309749393 0.05662390195634905 0.013864851346854574 0.009050865925820195
41 0.09000285977594437 0.02737668957302704 0.04937188096353084 0.05139823482891068 0.022571268368292513 0.009799541072274083 0.07837681419394205 0.1077787755039677 0.04885161181754257 0.006267820170454164 0.05372015587881303 0.0937493400674584 0.010929059711507004 0.010314333133349844 0.06861515561390308 0.08525278580941667 0.023778792708793642 0.0904938581558114 0.03600367501721645 0.03534734763584455
42 0.05694983645900011 0.09217312376179798 0.014445620516888621 0.03787763234589888 0.08980501295108104 0.09347677585429504 0.09131099738725691 0.034004899842199295 0.026776034777138084 0.07868627840594405 0.031261035214899376 0.05866936067953918 0.04460051404558709 0.029112751429358204 0.019719426241380487 0.06712180784611622 0.004819465756639337 0.004941995181443077 0.07041570580274352 0.05383172550079352
43 0.04039982604267611 0.0777523308914393 0.02914373372709186 0.02145170428622643 0.013433796176152583 0.015761838672798244 0.07267006760895109 0.030969611391983887 0.047502338045778074 0.10708088958835912 0.083435959051997 0.07175973122635247 0.0515042726976292 0.05768298044868038 0.040634821256586934 0.005258866879059211 0.04915901266200253 0.040920009381649955 0.07546475839415463 0.068013451570431
44 0.05019967958273122 0.00366282187847625 0.000781376174323121 0.08204349553808016 0.0429503829703822 0.07894524970388539 0.06537002183794795 0.061451166299615716 0.079867180895891 0.047224151954778484 0.07240327805308709 0.005711236902686972 0.0674463642135396 0.04152137254547176 0.045577885438688084 0.05259071060801075 0.07363812104008005 0.08076507416478405 0.03319411905110145 0.014656311146438871
45 0.035856322812749614 0.0003839180666022105 0.00508072106706971 0.08323539050881826 0.06813487050476408 0.07963410757339735 0.007865978267456079 0.05976829625563806 0.10050776238290735 0.027944467178520418 0.05895956718213927 0.08210008412093814 0.017193365999494736 0.0817980046142195 0.015217411467016849 0.07176983163966356 0.08421153764806755 0.04875797455584899 0.02168638297012971 0.04989400518455862
46 0.07409124262568856 0.04931988465436183 0.017692561293242433 0.06903523037981914 0.05607594385500544 0.002528192218067553 0.008680821287022661 0.07875029120572506 0.11235000346391368 0.07848321943990376 0.04559186852217129 0.003687410087887767 0.012079504442852121 0.08519814252839823 0.06269798704574783 0.025143962412133822 0.013023943851152714 0.051518495775970195 0.047580750841974016 0.10647054406896213
47 0.026372629821311177 0.01570549274668572 0.08111545201024473 0.02097737739007009 0.045704769442085645 0.07142886607056387 0.05766127426413407 0.07731818155092592 0.03452783207171021 0.08571327020011305 0.08527297776498186 0.030346979165774474 0.05229491043573258 0.0037301906990366155 0.025407716338933368 0.036869011787962674 0.08467869306791162 0.038656913091715754 0.03439528708256138 0.09182217499754532
48 0.0114445791630278 0.085718005364881 0.0699045566538715 0.03535742047681684 0.02537808152655223 0.026046475770309187 0.016528736951429458 0.053363836177795915 0.05177637097899406 0.07644413915784541 0.03181941033532978 0.055344646539005726 0.07907705934415374 0.08809380277152448 0.06642709859498605 0.05757483383609118 0.02206608925985173 0.06755623011389632 0.07145786580933576 0.008620761174301904
49 0.03438128445915308 0.03662683581767954 0.0499192368613134 0.03924433350261586 0.04030249125313853 0.07549931846747407 0.0029419477982192176 0.004246802497972107 0.07880457234348974 0.09023180576794335 0.0469689266262512 0.000748096443309708 0.07702090520715174 0.04576490559464059 0.08011392789931403 0.02159380550044044 0.06963567256067123 0.08732193767699441 0.08993484831598371 0.028698345406243907
50 0.0989966859273146 0.00922670638336853 0.09194996711440569 0.003388069839217798 0.03274661100119709 0.019231617376958603 0.06457303694419715 0.038896305942513386 0.06338235259710878 0.0038073773486579075 0.021863187638542923 0.08362204630868587 0.012296857740199146 0.042283215850340054 0.04284650925103786 0.10191971138214809 0.08507208132042246 0.10223996993717249 0.0036541382721501925 0.07800355182436136
51 0.006606877973303752 0.06153447099561395 0.019637723595677017 0.038242643644129846 0.048017744943368766 0.05329554027582607 0.0973028605958578 0.07333612237785948 0.027085875466177096 0.04185079001854006 0.0322813931649559 0.03064581104159031 0.06203007145941147 0.016478404954039804 0.07685207813693887 0.0658655650145747 0.01907160312874848 0.10345541645756491 0.10095313118789767 0.02545587556792394
52 0.03932533994816762 0.031852628952103675 0.009245915624804453 0.0002875672055787328 0.09214250480145604 0.0660970161061809 0.053925132045939246 0.060560876468648404 0.06138439690522845 0.0745702625689503 0.04932137568565114 0.07358708899328631 0.042076434165514875 0.07780261190508285 0.034675782894986955 0.0799685825192342 0.01807210314770645 0.06379353498048941 0.004929606111051748 0.06638123896993811
53 0.06965665782719443 0.05925685868408608 0.04354879649054529 0.024498237948015127 0.031937434399378614 0.01643953954157563 0.07496222177464014 0.059501003649497605 0.03282393078187907 0.034696080705826686 0.06224703282024213 0.07339849299893378 0.042901491938815026 0.04710981490278164 0.07651715663644897 0.012235719778598917 0.07351282524263403 0.07516508592980739 0.0353581301079303 0.05423348784116918
54 0.031228737122441057 0.049165094631398495 0.08331671281122632 0.049217207238164376 0.011575883248720614 0.0106670563017274 0.04974257620450422 0.03613763835292396 0.06932479652837854 0.0666863958722497 0.0691361173895689 0.025843683463722632 0.06983998277662713 0.06768935565572572 0.00414232380102924 0.021419971696876015 0.04522829131601347 0.09019809872222938 0.09197765750012846 0.057462419366344365
55 0.0646052955443181 0.032824353587964275 0.10113400917395679 0.11535348875143621 0.03992958145283552 0.008065988543252087 0.08079177177307105 0.0343287619084542 0.027677346506373404 0.008641120600454409 0.01843722900747951 0.04795839505492174 0.020044803994572126 0.08500695966125006 0.009652498971358893 0.009473632910103563 0.054371350186643255 0.10157169005032819 0.05248488016591616 0.0876468421553104
56 0.009030840910125959 0.06428392945605574 0.04900370782098912 0.05213407459276838 0.07539916391317644 0.06495769906320982 0.0607192046682595 0.0040530405361869 0.00635759775627516 0.08354773431744154 0.08938137042233665 0.08831653591909072 0.06019420392568404 0.03559623556485651 0.033976203166140126 0.04898288923856202 0.01284143158655134 0.057900970555037894 0.039727341415195 0.06359582517205724
57 0.024407802190006846 0.08009177981325535 0.08043810805049535 0.028521960932156195 0.06886747646580482 0.017386061164451218 0.05341990965356161 0.013975290973401843 0.0538191194779955 0.040976936388980256 0.05544187720489068 0.09602867061045085 0.004475548312387633 0.09614007863791986 0.01997049642747494 0.014207326812785588 0.09639465774614558 0.04241754882163862 0.08709565398792782 0.025923696328269442
58 0.0773251595138747 0.006223671921766028 0.0751060809600898 0.12727130824681968 0.12524088250455345 0.006303629892337929 0.028108521423861454 0.002565605658526292 0.07835208183037226 0.08627329213567606 0.007613782333786987 0.070509573886399 0.0015868704692459995 0.015368045456114155 0.0869185382304523 0.0011333055485888398 0.02537374982712768 0.07319597024266683 0.002590177430296008 0.10293975248744469
59 0.0173121338817586 0.02721478948268639 0.05218453053594751 0.05889491443485135 0.04768017978212419 0.07831162124738521 0.07428239169906928 0.036505769969544875 0.030867130344864012 0.01629330517617356 0.08953614229162067 0.05566404400345489 0.10474489400150774 0.013518632293559278 0.03780058335740403 0.016835724528561715 0.05299966991424565 0.06951038318187398 0.054957516175081884 0.06488564369828524
60 0.07924258427057093 0.05522054784645662 0.06920691665555719 0.009973200892780807 0.05517668412256034 0.055670163892610765 0.05044520913438888 0.07492991258622424 0.08553435996373561 0.03694802494797775 0.011848935488653775 0.054475168996383404 0.06548392656158306 0.07745618454261187 0.008985805395249765 0.038222207706278585 0.0527316650412549 0.006838890996504785 0.03282230721575688 0.07878730374285986
61 0.08773128653803133 0.0505395575982961 0.023614045964790824 0.062399944960406385 0.04226117740068819 0.023568290203724078 0.06191446555132622 0.0015817903575484683 0.0256750482872349 0.05863665918482376 0.08096833248348907 0.07273319341997268 0.04036659104167369 0.08088958417023885 0.05209543469921504 0.052094458143416456 0.015075946277814124 0.03857578550332231 0.07735355496722085 0.051924853246766496
62 0.07007927319761635 0.015336304216196564 0.04462451539139571 0.001618176835524756 0.08423524740634139 0.01867863895091766 0.04543676488863958 0.09704911684118235 0.04256592810114472 0.03954309177308192 0.02008319270704697 0.0941157392312943 0.009761626048781325 0.05289016838736831 0.055584720890102475 0.01776250443290725 0.07372881673790775 0.07763099391013682 0.09271632422396107 0.04655885582845269
63 0.05359589348242599 0.09087950701200287 0.019245628280148183 0.0012462995738497069 0.07464380643506664 0.0702199066878365 0.07247786681325853 0.005882315055069206 0.027610472218405742 0.04711818779216605 0.013597227758223432 0.09115811591771486 0.028999603452876773 0.06058024020063188 0.05735161360174851 0.0653657713207294 0.041905710895920406 0.0861458258773256 0.04374561644023603 0.04823039118436376
64 0.030603087066033725 0.05866364189108437 0.059601802502294854 0.06883880308418419 0.015080550061293031 0.06215336211837454 0.10568137394925296 0.015988182292245256 0.061425321807801025 0.04054399340747859 0.03904030848346469 0.04429092276569886 0.03577397117641774 0.008327096702612806 0.0455497579516266 0.08364743677516212 0.006181124027986737 0.07263263634070997 0.06216798082992138 0.0838086467663565
65 0.030607957931695365 0.054862668099585794 0.014270801171842613 0.07875209634331515 0.07260857755310188 0.05319477485432227 0.009587209488770041 0.044713710385951344 0.07871911922090813 0.008489062415906818 0.045476513975457274 0.0742401860609105 0.09489329954489671 0.06489788628771043 0.05827516283800827 0.05383003819731958 0.06712781288394999 0.06092370652045394 0.018211931654448378 0.01631748457144556
66 0.07265187211962507 0.0675747868076678 0.04328651604467262 0.009963732343211506 0.02116817289012132 0.11928500931998809 0.13517725373502773 0.06866366305544554 0.004013123330459333 0.030852625870640544 0.04292300356772145 0.06417222881294206 0.07016358110717401 0.06161055465095787 0.02661642793464084 0.0231707174414738 0.03401857401256801 0.03516762470613183 0.018959396970035305 0.05056113527949528
67 0.0404059740235548 0.03393396324656799 0.051406055058293806 0.05254592852567419 0.07737119341721281 0.07469934813488831 0.002582435331802174 0.06003938131995539 0.024758903546133276 0.05278914899031376 0.08712145804615674 0.08979118915915688 0.029451263191908456 0.04225762545257938 0.022725399695950763 0.03248015595982982 0.07070606485902006 0.05029424744071001 0.07990200700561799 0.024738257594673463
68 0.036425763081588826 0.08035948049870609 0.09061298688713344 0.012703829460141307 0.08767163421397908 0.010629490060446594 0.05791893983649909 0.04196156159187685 0.038425527261096486 0.034460204187459834 0.04128423933507961 0.0754711181412032 0.031403999115386945 0.05406117700159941 0.01819362116098963 0.05307826265317051 0.0751403754012141 0.04094353942152058 0.0913768290997307 0.027877421591177703
69 0.020109652237095658 0.09699678556874367 0.011281428190172488 0.003972769218379152 0.04184656464181505 0.005125736901336216 0.04620864829377402 0.08420018361901244 0.037156864066996684 0.014156847715313671 0.09253635794741864 0.08349107572991812 0.06947175871788676 0.02073199918281436 0.10927355544706836 0.07834400751595098 0.06638610084068101 0.007780580247806082 0.014270974702890713 0.09665810921492596
70 0.08414966570369323 0.02829957837387928 0.04559366152349061 0.06473168021206903 0.08611897026753293 0.0827000083041867 0.0030172286606002475 0.027728162690726522 0.033664753750851185 0.08359954900462177 0.060414211002673975 0.003151299127192701 0.04238016939829929 0.019417916135526746 0.033096566581697726 0.03087721646932407 0.10114336989286209 0.04338132343031122 0.05889108430573423 0.06764358516472639
71 0.07751649786581195 0.08654961817870378 0.0012823790256799427 0.09061057152260901 0.01344571692725726 0.042424388350568124 0.021250609306792838 0.005260305184596025 0.00598860462864639 0.03969283875672853 0.12394152026142803 0.11148615893892733 0.0036608330454899066 0.08219448460576959 0.01601755194364873 0.0009135385424622815 0.03887811139507568 0.04432685985327363 0.11108880848985826 0.08347060317667278
72 0.06978020038245257 0.009839592316961441 0.044521880645864605 0.08041720003509638 0.01005158332456962 0.06526685469418265 0.04098125316752413 0.08391781387844316 0.04158298740601533 0.04416113789318211 0.05987030493853607 0.0016664662470694735 0.04983564204010863 0.026057266178876316 0.0341547868275144 0.05986739754776068 0.07576934562668465 0.08425065230196278 0.09017239496284704 0.027835239584348054
73 0.09392903729128632 0.011691223307548494 0.0717531554798442 0.09898751656755314 0.015303210781735228 0.08894492911034044 0.01913074291935672 0.07661008659383704 0.04090421694459707 0.044456551894304835 0.09782748758672599 0.03874366825559958 0.06764059910553154 0.002801209551829682 0.039103965327492246 0.001252433835077264 0.05027693625288206 0.030081845944901885 0.04382280418550028 0.06673837906405594
74 0.04300579581995739 0.007574287995035539 0.08110653049282375 0.009518450560091691 0.014657608503433039 0.05219597215495709 0.04926966042951662 0.04771200323488591 0.06367883901350878 0.012351105294018996 0.0316798657718713 0.058429497659956156 0.022658061359680858 0.09058674186925207 0.042857559517884725 0.056307846569484746 0.07230691059119476 0.08435204981392129 0.08190352756936732 0.07784768577915782
75 0.0322599547890888 0.056998574725139146 0.009322748808517333 0.00413663188269846 0.06068254943779769 0.09142867584335529 0.08106667920706698 0.0668828461168833 0.08096012822427322 0.058253770214960074 0.08941146894913615 0.06849651593017703 0.031110029046251604 0.08538582147694335 0.05602121600534933 0.024441190052341865 0.0032653492273570133 0.02387289003406608 0.0597943948350725 0.01620856519352471
76 0.059138134934738656 0.015939149300453932 0.040027837996729106 0.05209291331436109 0.10586941621293319 0.029119908531254374 0.08113299486697849 0.05824249212943749 0.06979628456032068 0.11289094285107072 0.07165395698643659 0.029459815074095234 0.036956923802797595 0.11392668334183395 0.012724889720852011 0.006666186201712689 0.01726270128384487 0.0114345548323217 0.06275860694811854 0.012905607109708834
77 0.050510921136603174 0.08170392455035151 0.08315786285686899 0.08089067302762572 0.08797043740808129 0.08202478928059834 0.0736070029646917 0.01589955600051743 0.08571695239788692 0.02812618862853767 0.0500083828459805 0.015222493647025886 0.004830048285739491 0.0049355274691375425 0.0174599095985902 0.03215862571314158 0.029430934694106507 0.008551242438860327 0.08046462054308978 0.0873299065125655
78 0.0064276969379021675 0.06307622710205756 0.02729760230350534 0.046805307609070645 0.043549195636801645 0.02562404557445537 0.09797540082569695 0.07540338677495459 0.016876341189380906 0.05512110238830387 0.07468264274914423 0.08575760674415081 0.046283044195468415 0.036404173531740795 0.08650808268583629 0.03533202885299204 0.09014714946066749 0.006703530000767037 0.05239779461194629 0.027627640825157545
79 0.0035588111270837696 0.02902661687357104 0.009848644670690413 0.026960367691597716 0.05812517224569898 0.06268332149292953 0.043751230697170185 0.061478702460326044 0.020538105263136514 0.09439775041441584 0.09018300691516379 0.006690025636124126 0.05844721786007871 0.06926785014540487 0.027208314571847893 0.04276791892694981 0.018802711871809784 0.09689292893857053 0.10916365868198806 0.07020764351544226
80 0.08860486527969777 0.058547628392182666 0.04886048451811569 0.03299607144769353 0.0025770074013209843 0.0916792954345431 0.048659038820619935 0.04356756199474481 0.03961505333465624 0.01476119242556766 0.035481448771532864 0.0793568198669431 0.05402461537437381 0.09049720516178412 0.0750761531341273 0.05166669796494244 0.006943566593027028 0.07982510228679403 0.023897667696455942 0.03336252410087718
81 0.07999114116990313 0.029825568492952686 0.017799326219144897 0.1025549426298301 0.03863345689434758 0.08928105845595959 0.04195883337072864 0.024465311275631577 0.039634901868853815 0.014089446644621428 0.01913283261238131 0.03646739312427205 0.005396671332162185 0.08555767730795011 0.0851775913382436 0.06521571901093254 0.09780103950263365 0.05494925598209938 0.03531872296971443 0.03674910979763745
82 0.06561217945062985 0.045172928874721824 0.0514264824282574 0.07482947261286933 0.0913144007306258 0.013954929093895284 0.03684570235907578 0.009388359675239268 0.07139892792955846 0.000914284127958846 0.03838745986722514 0.06806163755071157 0.06853396063024074 0.08338103372980986 0.04275974454401637 0.06190621837416564 0.0779994859449725 0.024085780057065347 0.03586823663161143 0.03815877538734982
83 0.07664032974822119 0.07381709029737597 0.0519412692797534 0.09331280941532612 0.022555103634982112 0.07715575519245937 0.08715615979273944 0.04004963739294998 0.04978663080466889 0.06740334094842751 0.027516701141982132 0.08030177787491809 0.002188165714437652 0.06006896024875242 0.0027267258700068658 0.0036265766962351046 0.0032889607163279952 0.05272581737880308 0.03533904001426719 0.09239914783736554
84 0.03676962251982854 0.06915500889057115 0.007986055652931168 0.08754103718521244 0.08737636600595523 0.052242670664676125 0.019482371629220254 0.038587085006422175 0.0841718621421897 0.04661179668644226 0.07004052073937309 0.05281823681724804 0.06872038169420615 0.07844974379808041 0.003879490237624425 0.025432708587727892 0.013284522858913466 0.05086341920229443 0.0745912786378387 0.031995821043244284
85 0.025335293317054343 0.004077041847031075 0.07990432501833414 0.03423874506719042 0.07464753296493509 0.06586928422302028 0.005226414572931182 0.04815498084389283 0.06967484750703279 0.07214008472061838 0.0005323872248414319 0.0500377817067319 0.0927151199396566 0.05966491635430036 0.019496800664359593 0.08144260883354792 0.064977777431456 0.06789354026111398 0.0752049647607607 0.008765552741190709
86 0.04923266686814957 0.07925632189517896 0.01947363463066248 0.04686111255745924 0.0630383257829577 0.05450279262635945 0.03801697652489956 0.06976338521764233 0.018075012034400786 0.0847640673255191 0.022569690972237794 0.038946390722855176 0.0863261590978794 0.050007797397747154 0.0703845424147489 0.005510039113229834 0.04336400183156932 0.013894570407792973 0.06417409380993695 0.08183841876877326
87 0.01742452821875013 0.017961598452844757 0.012157567155440386 0.07530498668201516 0.03907339853841792 0.001879647539591283 0.02428783480403511 0.02939034055803438 0.09562787479668693 0.08220026341869688 0.0927793055480165 0.015426244121476406 0.06988319167284868 0.03694126014297346 0.06809119805126387 0.07977662789827246 0.0705220712779556 0.042779159258594775 0.026029175626174766 0.10246372623791053
88 0.025203373947493713 0.07912122386527057 0.009885725016586052 0.0695653607226854 0.009815086594646612 0.055482777519115935 0.05415653340686893 0.04022861896179832 0.07036407519657088 0.03188611004075481 0.07020318018772925 0.04209842569013569 0.07091855065328892 0.009063130804902996 0.04495502044129938 0.03529937840633367 0.03799780572910109 0.07914284201690715 0.08319383273242692 0.08141894806608375
89 0.03941042823228274 0.03770584969245138 0.07148666565645424 0.0191897640558286 0.08635503640817281 0.07962009954669622 0.0366501457029731 0.08667071729364073 0.0780678483517196 0.021502393728274366 0.07200030096709026 0.03751346228288023 0.01540937934082889 0.029412379365949936 0.07597446222949095 0.02376921829183412 0.06348080942668705 0.061583662519559455 0.03463504463727283 0.0295623322699126
90 0.013433914435546583 0.03445122849781356 0.03578531921380942 0.027357788356793613 0.028150923520310556 0.06761172234878075 0.012199499599786457 0.04550387715493612 0.06579090977383403 0.07768594137094059 0.08328156515595168 0.08123176955954121 0.0915896479453433 0.06012386324120341 0.046086242456323326 0.006801905284888687 0.03903608314372393 0.07846407990311431 0.03295926464067877 0.07245445439667979
91 0.06066860982885635 0.06907541313536766 0.04462337353655197 0.06899243895151337 0.09595409420607132 0.036083826775042384 0.0819399128202216 0.025660682932513976 0.02182040641564871 0.021157955694969956 0.042702905605806085 0.019851970135472165 0.04702188762804955 0.029499360094356924 0.004982381102536485 0.07490466205085768 0.06763995289994167 0.09857510011814108 0.03723358803896491 0.05161147802911611
92 0.03844217633682849 0.07614408689273985 0.08168886280692499 0.05113788277520417 0.029777244168260643 0.009474711517749593 0.08410458593591184 0.027914661918172174 0.03370870175902868 0.041305797824715426 0.07758594123624504 0.008817482873443529 0.017230929966074986 0.06351349197516955 0.04370412723360188 0.05741824419676422 0.07813138139563054 0.06076173426748128 0.055000367502913886 0.06413758741713921
93 0.04969803541880607 0.03264027914884949 0.08269658967924963 0.08427322358280721 0.007882350253043489 0.051871200845036956 0.042785591307817596 0.01125715480663037 0.029738044232157416 0.013971052633610165 0.08713730366400091 0.09719105298570356 0.0753132787592273 0.08004157538309668 0.046313495167410665 0.03591626746100193 0.04693555126192009 0.008784590215469757 0.061019572920282185 0.05453379027387859
94 0.10530754701211727 0.002451590543371319 0.047381827043527884 0.049553000428668094 0.014091546221442354 0.0698832137966261 0.06858998917533529 0.03685229327661772 0.08225323531662619 0.01797928499741283 0.01370491072446492 0.05479023454929131 0.010745163713999306 0.07175324368573306 0.021050555781642014 0.03288817831701243 0.06018994851982151 0.07891655934057565 0.07291394333460033 0.08870373422111451
95 0.05663290678360691 0.07173148850054782 0.05734791174362504 0.07353254730184104 0.041983776826835746 0.005559085624182431 0.035998220865226846 0.0684083066809846 0.08218685551799108 0.08271408464108192 0.022054961015600907 0.0867931188834895 0.0012838922201603173 0.07279786325679109 0.012022179986686587 0.013723874888538098 0.038790277528389976 0.08516276374059567 0.07919199097285036 0.01208389302097421
96 0.04430356966306539 0.08052755385799626 0.028480413115973633 0.09666504247497876 0.0686378988728448 0.10228222647797836 0.058775671245213185 0.08647115171108201 0.04726136610155 0.022396110006322422 0.005440566468832436 0.009406616363042603 0.05375528443648837 0.09111138157411304 0.003877025201174094 0.04089400683772266 0.02114902395688613 0.005409319469875038 0.031188153459036198 0.10196761870582459
