0 0.07278044814107591 0.0585364498650812 0.050516338000595226 0.0013915327757388805 0.07770361247955156 0.06438775361277149 0.015998204080722334 0.07291824235148993 0.048743164311494745 0.07960369388691149 0.008351534707505994 0.03333342547508716 0.018416242990697707 0.06445004004025891 0.07594002757027664 0.06313726658314668 0.02637980304673125 0.08295400477111059 0.08414481286595205 0.0003134024438002695
1 0.07037302544869506 0.051219644854834934 0.050262480482208834 0.0513027517028143 0.013678990024786519 0.08062552668497854 0.06293522273920743 0.07449784567147391 0.013004026602362712 0.058962113287725736 0.07986858384085621 0.015538211817665501 0.02435179757463147 0.09037562841662464 0.08071850462705159 0.04815095027056264 0.05744368776866523 0.01728200759924539 0.014590761200661481 0.04481823938494765
2 0.02796303505447925 0.06721919860143336 0.09313535150594163 0.10393418898195163 0.056559187539728564 0.11286542737328438 0.053863875176927874 0.0004513035863231893 0.010061683356935337 0.056308080749159786 0.028873812276845524 0.08143746600534922 0.015153114328194885 0.05896843792441827 0.022711383079579962 0.001536660351268392 0.053294440587142985 0.09611639928226211 0.04392720972357007 0.015619744515203567
3 0.07214741468649295 0.025294891308087004 0.0037632677064448274 0.07138943157260282 0.0394447692195399 0.0773392191116892 0.05568513112597711 0.05643422670971464 0.060573833306886433 0.04823732072359858 0.04458786594542486 0.08158645460337928 0.06620474675917999 0.02382105606418619 0.06026297490191183 0.06855407266805917 0.049347754888029116 0.03549560196483634 0.0016066719342618045 0.058223294799697886
4 0.004943106997367473 0.057421945443352156 0.05580738506389267 0.1003883352706191 0.1026551951436955 0.0949855484405417 0.01573007252614261 0.09726582947733475 0.03720111115507418 0.04659034640560689 0.006191893420404149 0.007081468792575164 0.004169140007815455 0.09760036844342714 0.1002038870375345 0.028731075666119394 0.03962673752764732 0.014854742841928776 0.034766420962514505 0.053785389376406444
5 0.026515329680280815 0.053581313231094385 0.011759207378302787 0.09004808203586723 0.08662258579831832 0.017243663388660714 0.08111450262612527 0.06450240156963094 0.01719008046753124 0.07765882452907623 0.034973273658409895 0.029685168341344218 0.03526481950646785 0.08818138025519563 0.06485660402512684 0.021763047737964687 0.08924283154933244 0.048617825174438536 0.04494244695020019 0.016236612096631898
6 0.09000114636824014 0.03758548565642665 0.05030690291988074 0.03302721323752588 0.04694889412926805 0.0008222403443893154 0.013591285647418627 0.0438532467202203 0.022422127027585396 0.08503211473106029 0.08343910718801391 0.016850132793555652 0.08256403716547765 0.015551031226056824 0.0002874350949763183 0.0913246270354081 0.0862109930850473 0.06054898110265671 0.05128560937940692 0.08834738914738549
7 0.033864393475225754 0.00842237402394582 0.03551027974241485 0.07448911387259521 0.047565895474244946 0.013754286610598224 0.06129524236648001 0.027719797560462826 0.10364285399589136 0.06016346814820023 0.06435353717514206 0.08932652268622919 0.02844237077273373 0.11035815117114381 1.3641673659273674e-05 0.05914998491726714 0.004591446447845558 0.09520691687703096 0.06921964977490246 0.012910073233986767
8 0.07499572096060891 0.03139130593213592 0.07361824069565936 0.028869826217437618 0.0262916404538087 0.06892632760052284 0.04911080682784283 0.07827208656483176 0.0281929120898583 0.07782134998020047 0.06133829301053559 0.030141632127690787 0.06810248621537364 0.07667400456559596 0.076743858329098 0.06477658936706672 0.045770285078989226 0.01623900019482952 0.013841936127334186 0.008881697660579595
9 0.014617614302957162 0.053893589588957014 0.011262131738248445 0.043744947430190285 0.08108088985198011 0.056781725473857465 0.08155755193469079 0.024845027884083992 0.032503233060100514 0.02712405583490388 0.027389249846586184 0.0013099026088473494 0.04833625389701638 0.011070235412974345 0.09221163644578191 0.08110308490937959 0.01572378303623722 0.11257140937118859 0.11887446480094423 0.06399921257107447
10 0.08248649332263423 0.05416678298255535 0.058669280400551235 0.0835971838377156 0.018338492980974484 0.0617093131260579 0.06465605375086493 0.0834504760031622 0.013178754021031287 0.07247596347970994 0.036895963212447785 0.04740006480852822 0.0001338266721093434 0.07162651863982337 0.05705970286862003 0.03279041529623929 0.03450983669379922 0.002503248983184403 0.04205480434138673 0.08229682457860456
11 0.022548072914869 0.060889760184441324 0.043057830143753376 0.08035380401712927 0.07219133165107111 0.05148765317865379 0.0358500769718056 0.07814479254824244 0.07345684184413225 0.040541669702739 0.04236711038237738 0.03393499091728513 0.04918313189256208 0.07203471774697698 0.0784553615775929 0.029526553210687607 0.03036163430946037 0.017404004975372856 0.00400375907906765 0.08420690275177993
12 0.00047676783056103917 0.059669603816407096 0.01728674831185847 0.06365586455500796 0.04342216005314562 0.0833162224335842 0.08130759035695218 0.02328298711476006 0.04317679637494878 0.010733370931588269 0.022631964289256033 0.052852208950222 0.06968890572556456 0.04947458389343508 0.07453392229127047 0.006150837515069885 0.07449016338102832 0.07416533463047749 0.060190147997990814 0.08949381954687147
13 0.07423828216110782 0.04745857285005393 0.015442338777778326 0.05735048311060301 0.03917955117770454 0.051351352950899244 0.013835047395691904 0.08563802414231786 0.023386020730780933 0.037040303221965096 0.03364194392068325 0.031008389048129806 0.012753032696290035 0.07835414199914435 0.08774545590254458 0.08247055611439608 0.07445680198592591 0.060869395069660374 0.020019333630362603 0.07376097311396022
14 0.019995684908629685 0.06831532853371974 0.1204108915514259 0.013983194930946033 0.05851187473225447 0.01571016534003619 0.05379819764149229 0.11924820141237451 0.07554844936118942 0.006988448848060068 0.022244085911856944 0.007134416432056221 0.05046066340153243 0.025473792251510065 0.09584178370928585 0.009053960830985978 0.03851009445390225 0.06845959550206988 0.0697486245862461 0.060562545660426216
15 0.08704088530326214 0.0842572635896408 0.001038440727154875 0.08479538100787151 0.00314926163885567 0.017814940481340094 0.014394030655188348 0.02555107677753795 0.03842952675384271 0.024092784170092096 0.09097899049254618 0.0013982935915247737 0.03071888441981566 0.10727096080038824 0.024035894184982136 0.07089527572970475 0.0740792992220103 0.092587114551061 0.023375431223569967 0.10409626467961082
16 0.07249266854889261 0.06282117789033481 0.06309794641954339 0.05038399279108131 0.017012220624435012 0.011291618397304741 0.060798828329657904 0.003613379991125081 0.08148533569912789 0.03358654781246079 0.05362450123218521 0.0505177460597689 0.02788798706071986 0.05740451626649724 0.0532352061239936 0.015879922364335167 0.06344632736522447 0.07151450136604917 0.07512215500725544 0.07478342065000736
17 0.02001020043438992 0.11044534078648999 0.09638032356951458 0.038675459610090515 0.031091610753503942 0.0746448178129183 0.07207817504719748 0.003326221705967698 0.0071468379567255925 0.0507673457895556 0.0060808478559904785 0.034922153420896565 0.08770669735043692 0.06969352469462653 0.0718467355524473 0.03669322508433653 0.01526151042742129 0.026988303493605023 0.09852672994130714 0.047713938712578396
18 0.045830054451628584 0.07528191209547318 0.06603901451811114 0.022697112232004338 0.07728361247852046 0.05794485463376152 0.08595236791663997 0.04243373906717805 0.05249624763043353 0.06809865236255737 0.01597291997285312 0.04592306608558396 0.004953520471521941 0.04784021587918734 0.08694364071236303 0.02938371013629519 0.03069434870814519 0.015763588982424474 0.033326139898073454 0.09514128176724408
19 0.02510670189354835 0.10294292946471939 0.06484339055769252 0.07956242097840373 0.006431625152026185 0.0811622055152474 0.09484708864507024 0.006038165208104245 0.04292039524447004 0.009005697609183258 0.009150972780178467 0.06595200784954257 0.09486703858753119 0.05485421502480495 0.04415776512568338 0.023214943367271184 0.07041710798158417 0.003968452551382978 0.09668524518497906 0.023871631278576933
20 0.05571527386846659 0.03861822192953174 0.07738930125398892 0.06812788458577167 0.06549781750233692 0.06998670865686105 0.07100121358190561 0.01542007027487174 0.05743347802088902 0.062241318134977644 0.040600333775384315 0.004293027367127626 0.0512800654112433 0.06949458508050396 0.014846537570327313 0.05649305802362132 0.07899592283934188 0.041576439843773745 0.05377115789202366 0.007217584387052061
21 0.08449147654281347 0.08471166276227882 0.08378863227822905 0.0012336297270967513 0.0415677740292729 0.08045438496280821 0.06708026987783328 0.0034601191283388805 0.08646958792254777 0.018215010499481144 0.052006151308295855 0.03433909137639318 0.030161055240176062 0.05880754924441866 0.006482073010340716 0.01037401999947079 0.08860700101841996 0.027867079376712182 0.05234726585346682 0.0875361658416055
22 0.03791637950787333 0.008719206271254694 0.03461139519934119 0.08389812520249688 0.014684405705972427 0.018512681819007483 0.006100571495632238 0.0936141765391867 0.07413782708217061 0.07774789040211909 0.03447840102280166 0.10474594152196726 0.005671786825666003 0.050836551983088875 0.09538408798191327 0.059799769128925234 0.06262673924134594 0.011606768710486652 0.03890173106659513 0.08600556329215538
23 0.03159142453041069 0.10498411207124328 0.02987980200890209 0.04804505830916203 0.05175879633980496 0.09149659615383123 0.007052486157018922 0.021568737130623458 0.05182544839643991 0.008992257585271852 0.02379023536102732 0.08972230878019381 0.11128387430631224 0.09666154698493103 0.03144267703752233 0.046872326919488165 0.06191925476977406 0.027370455167202507 0.0599620646366634 0.0037805373541766143
24 0.03728480605126089 0.010011813579254654 0.02286989526109883 0.041768146583765764 0.027177711610963554 0.05819139392341098 0.02316017861303232 0.059046583070763624 0.08951973769931632 0.06907283418615144 0.037200210199649815 0.004114890227722911 0.0481161751636151 0.0998115415370129 0.061959515536046395 0.09658772152154824 0.029610594892529787 0.02602952417942314 0.09556787744539265 0.06289884871804086
25 0.08132981180162044 0.09333191486006583 0.013932198249120635 0.06179818328041058 0.07666152425378196 0.06274935518015493 0.014803451394416765 0.11033252397841324 0.011127325685867676 0.011590368993697343 0.09778261078790798 0.04811153770501261 3.303994188924225e-05 0.05702750101452109 0.11275904495004589 0.015869537674682917 0.009357791650199553 0.03458325870317736 0.0658749471203629 0.02094407277465122
26 0.0017526055372040223 0.0496810793648659 0.021105901390334372 0.013601720404595645 0.07099482758631788 0.02906338434949032 0.08065081282835856 0.06787770062406365 0.07514202946566587 0.07582591801504834 0.008636638356895177 0.07234488334411475 0.025627918932469008 0.07063665929401415 0.03249212347563425 0.08587764487319706 0.00493429093833656 0.0900147743937742 0.036396200915931466 0.08734288590968893
27 0.08229077621683335 0.005512690847877126 0.07542506755997076 0.0041614498505839715 0.09538566085066896 0.03871644389803952 0.057697593676012286 0.044206226433112464 0.03810882602521921 0.06407650576263131 0.0009642722888977062 0.027721932574670927 0.0734549561065226 0.09548748915138716 0.05186276703464772 0.06746832995863028 0.0022198095932624276 0.04749865025552379 0.09853585665622885 0.029204695259279625
28 0.03415022143813291 0.04482612876613642 0.03279764623698387 0.049304566226264335 0.08767868959874484 0.07093885810639852 0.008200384264002067 0.07930341044555624 0.019262165626198542 0.06595332042257575 0.028449667249723417 0.06776792997632562 0.006365566582120855 0.07965860751309226 0.031618551479822496 0.0778514015833626 0.0030273962652349446 0.0465170589738197 0.09315103742165234 0.07317739182385226
29 0.013272313299370887 0.027241332440366427 0.0064658914915234405 0.007890124803492085 0.03787394093055491 0.001220387606829291 0.0374082270878277 0.10497993231395016 0.017441949357845987 0.08610029413762653 0.08714464402592388 0.10224841218091373 0.010114244909453729 0.07661747725301361 0.07784510066737406 0.07568579805972957 0.062475330960194336 0.08966726816465972 0.020971518382720284 0.05733581192662959
30 0.05332705694316454 0.08115450106404988 0.03815983183127237 0.0020928198396462433 0.05820238673057331 0.07954802187359737 0.04761796596131249 0.02910575198567695 0.064589386260704 0.023200137467048177 0.06270817581398173 0.04469437443594507 0.07103624671440822 0.08069789994573717 0.08463514148268886 0.007016011278678192 0.060099561066776455 0.06691159292195566 0.017804705306956416 0.027398431075826887
31 0.03756655949964873 0.05161773310700333 0.057070526305240434 0.04475817532452293 0.07466126308616094 0.07322471704145558 0.01011939123948404 0.09534702608542645 0.0912806528709813 0.07916832544007149 0.07286965288250856 0.060242195131962564 0.007594992719831332 0.006184512340147933 0.02895385923526401 0.025816629942634645 0.05150574686367351 0.049019113274213 0.023414399690212726 0.05958452791955665
32 0.03209128601392469 0.03087338176982728 0.05410625651479552 0.022098210754336045 0.048982243626225073 0.012633082458514341 0.023749508597307407 0.014065826074211234 0.07771570892093847 0.04448498926831455 0.057190084583947816 0.025642506031927487 0.08961628784050646 0.08081309097298933 0.010643748792417465 0.08540353137528486 0.0022526805435246545 0.07211983079714963 0.10043750118465092 0.1150802438792068
33 0.00860942787558239 0.05118222002863902 0.041413663269742405 0.01432731026495663 0.07932628644677939 0.06996590100088737 0.06301395379530521 0.009706402493410553 0.07231556091855595 0.08265506943740347 0.07350851842080669 0.04888057927291788 0.016526708988803512 0.040933643053812835 0.05586049796657787 0.0717050454964787 0.02663507068030997 0.08194433091212747 0.02762313839679922 0.06386667128010341
34 0.04573860690706516 0.011162356795737977 0.023131726086732047 0.05540010749344279 0.030511956358387608 0.02719565800618316 0.07059915726978026 0.07202431240451214 0.04369361867672321 0.05161904290071009 0.019459727615105588 0.050672182526718526 0.005689865014985117 0.09308799362738156 0.038159089461010445 0.07440100110066657 0.08559128014085166 0.10044428419533129 0.05116669732093896 0.050251336097735765
35 0.08792148810586342 0.00022324067698546222 0.04670142974402907 0.007803216669401246 0.039697349217618604 0.08025951697466024 0.06941883600373568 0.06454931211928051 0.04293621510069962 0.06667917385614461 0.05786930299830434 0.055009418756230964 0.06458557774027074 0.022974735886460415 0.06794854856074628 0.036126257034966344 0.06199472370095283 0.091796720284455 0.007119697376818489 0.028385239192376174
36 0.015445455071276459 0.022861897306409952 0.023120982977139423 0.1066482632206458 0.07128487832905664 0.08218323922530768 0.03773026522981843 0.038083604044996125 0.03142946164656106 0.10239056212781335 0.0028806945915512863 0.06310083773907432 0.026833754785255414 0.026506086603235054 0.06535790936827306 0.060189901084901576 0.09476137679480852 0.0003243099508002932 0.03376427053675709 0.0951022493663185
37 0.026979827158340006 0.02663897276490189 0.08340015586190422 0.023013154271243064 0.03767172068392043 0.020417891179899974 0.06410494960277784 0.01587185325448572 0.049893326655960676 0.0373941966757541 0.0792666962331794 0.07898136310201531 0.06896599661954092 0.06677273495743027 0.036436691184730065 0.06473739339775719 0.043349199856285256 0.06851315875816524 0.015899035928608318 0.09169168185310032
38 0.07522866280065897 0.024514131279160568 0.06676399834508684 0.09169715399020742 0.09062750034098735 0.014075349851793675 0.04794245729022996 0.09231754095581801 0.06383268680794818 0.059919349571127926 0.0029231102976419636 0.018329606426892367 0.017330761529142088 0.051546059772726624 0.08826678997602394 0.01835145278060303 0.04448561881125956 0.0588717233422237 0.02075612973766232 0.05221991609280545
39 0.05539260511172055 0.05836529832975221 0.08027161203699058 0.05410216667622613 0.02724781192684494 0.06584425090255538 0.013934964472104804 0.051386883557498354 0.03455477886068405 0.07652311162216593 0.028506853930451204 0.03203073655274881 0.05884792062808833 0.04562576022271967 0.06649501310309901 0.07442260967844298 0.02194108833370996 0.07839176562928106 0.07135775475853579 0.00475701366638011
40 0.04039750297371451 0.0005223115816866482 0.01742337874727314 0.08622506120287508 0.011555261246014345 0.03364552904578525 0.06144543154237319 0.049493786138800885 0.023999488672430038 0.010255169036134664 0.06477218233203054 0.09371404285722235 0.10278904283314569 0.09833035162109349 0.029271852652638344 0.03701290089909514 0.046556674932230036 0.07105213145143612 0.03755171341556299 0.08398618681845761
41 0.05869715341067997 0.054121900453726356 0.0070961137788957815 0.024301082446588154 0.013867243468554155 0.013470503533255216 0.10546561745234866 0.036540864482069814 0.07099940494429707 0.06368373871700543 0.06242105009697119 0.061127574340565864 0.02133425211991163 0.07259818082665488 0.010963023117186957 0.07975907623054017 0.013995014048819483 0.047234112656613286 0.0996746038785854 0.08264948999673066
42 0.03428578079972964 0.02150470395384455 0.08392218651523849 0.028115123439568894 0.07096899786399752 0.09764214086092042 0.018786921677995908 0.0300265602673946 0.10769251147228709 0.08571136320939901 0.03696158130407187 0.08677804060123395 0.07086003672903798 0.01759597456971772 0.019422925625992554 0.019198233645068057 0.06443204730845224 0.03375363678568198 0.03390818454571406 0.038433048824653565
43 0.10629794398697534 0.021414790795248856 0.0033785535901199337 0.03125688129676099 0.07315370154326613 0.031116801810017018 0.07568859449241291 0.03192084536952998 0.08339262547453885 0.019091314046165722 0.07284076408020586 0.029492609306566313 0.04743645669587059 0.02164804018077718 0.017835419547614376 0.09608678975755909 0.08078117962782443 0.04266816232655395 0.026117346958205247 0.08838117911378718
44 0.0059043149481167855 0.04114652323147604 0.028607087088329604 0.06165526032176888 0.024918339178773435 0.07434073184678801 0.050778284409802595 0.048064049144546886 0.031774829718224776 0.016087708044794563 0.027943790235912074 0.07880733941166035 0.03786453317972661 0.08765774646757397 0.06312346137128 0.07897349701782241 0.07374330716762843 0.06737172909523498 0.010176054627588508 0.09106141349295113
45 0.004084603084896257 0.017740425097718688 0.05206829829335637 0.1055573508516623 0.036917725436927035 0.0833945286755 0.014307106620075347 0.03650165673126287 0.011461567527734745 0.0286579465413525 0.035322412942887904 0.0841090735351341 0.07302643476734498 0.084213224845085 0.05174585564245621 0.018321100350392087 0.01952724278469078 0.06494598560420851 0.07641564437446359 0.10168181629285078
46 0.0317508675254243 0.03218748382269091 0.03117498478162383 0.05032107527973202 0.04424131982341491 0.07748805742944422 0.08289875811544228 0.06481609424062452 0.041603346555891804 0.04915307940275372 0.044717009569226106 0.04069839023922241 0.07929434801928406 0.016943342734288862 0.034420242581717025 0.08753620398513136 0.05552845549574353 0.02401501810141286 0.049740327431320806 0.06147159486561038
47 0.0895378001924901 0.03105108705330362 0.07438072096049539 0.03135695958762171 0.01568738325000655 0.00145104401405158 0.03726845170653146 0.08018018796162026 0.03274948733477362 0.008661238088057794 0.060875721686586504 0.08010988518164407 0.022277763042077438 0.09117197668691392 0.05595675796060865 0.0938452139267996 0.0586669645631466 0.00900328670848697 0.07254492675530916 0.053223143339475004
48 0.09458336237169253 0.06669962594223922 0.007321187146092493 0.098099819467518 0.012128113462378336 0.021536508197062963 0.04912184535580807 0.062302899644996856 0.06634167639950503 0.09521191939452037 0.003849471832102229 0.005090275656448513 0.0211448390392076 0.0402389836375126 0.022474461522015855 0.08796415970624008 0.02813889221128295 0.07974978527631653 0.05942743852365388 0.07857473521340597
49 0.05603467149909518 0.025946447266448083 0.010150564249981278 0.07124892110643573 0.07811983543719818 0.09076200514213564 0.08145125619245659 0.10057466390655123 0.016355264600395138 0.054576994221473975 0.016440497748517077 0.07702282356473833 0.006261335206848251 0.07009054607419377 0.018533623965210348 0.027973474748279013 0.03306501224628428 0.064309428320602 0.0518729923016217 0.049209642201534266
50 0.0458783829174209 0.05129710302529737 0.08156793842126137 0.07515586237257105 0.030871878921745654 0.035619630323106326 0.007778425984503393 0.09273211462170244 0.07508813373578901 0.024562693852677498 0.0023818051678862356 0.06341036993963728 0.04122071115242389 0.04932455450839061 0.09613797851066908 0.01130990472724918 0.08230638209699567 0.07407061405590695 0.007340820534152775 0.05194469513061339
51 0.03920567639447236 0.03975429420303906 0.07812090783612397 0.07871839644307302 0.07240500140442505 0.06074279705029575 0.07350393242709867 0.017355476294664038 0.05985295006323093 0.05196703765598023 0.04258864664127059 0.07352934912136556 0.003135573893365687 0.08121496486823788 0.02340948058739981 0.009967310515397274 0.03269284252918126 0.08134970116511016 0.04098616793035719 0.039499492975911564
52 0.08294673871920505 0.08421305023199294 0.02353834358875397 0.09612430407012909 0.03767937941069488 0.024753727295793778 0.082694005911424 0.070647688234047 1.7209637729611575e-05 0.044432891478195014 0.03132085848071434 0.009767208389533169 0.06018139196296052 0.043022271286411354 0.0687550307601073 0.06679931137012249 0.057519327492834116 0.042460178323166925 0.04090832296054808 0.03221876039563632
53 0.040153630818294477 0.09792511547100867 0.027945103868254287 0.05458342089993221 0.029933817521436198 0.032425542691355766 0.04409535115967902 0.06387133132933265 0.056952338040195276 0.024858222044020703 0.020406650335949912 0.042483106826191115 0.02061786641222381 0.08814811944818071 0.0808106604565559 0.029660993452234066 0.005691668255430206 0.052004994236365946 0.09847656791222147 0.08895549882113772
54 0.0035069554326745992 0.06912971497211094 0.07561861440438263 0.0744300302771756 0.05790478535016937 0.04845735345136723 0.057090329631285096 0.045335301037100276 0.04483371920137309 0.013714439664745722 0.05001610071675668 0.08086149937836709 0.07828027574010693 0.003389053897403128 0.04850659634571344 0.06000603314247713 0.05287265213074441 0.013420108643776628 0.05549744512793715 0.06712899145433295
55 0.037789113810434295 0.00339562460669012 0.029971058726832683 0.03365200522652006 0.004548358553322638 0.054978623808570735 0.040505474110959346 0.0718429807893445 0.08092951414843537 0.06938016715331997 0.03626283759075944 0.06280635307547278 0.05330158639691423 0.037861277093819215 0.08297204353672945 0.052601577266725666 0.048825666512338724 0.07427247124936581 0.04252090315450819 0.08158236318893686
56 0.051306106007854915 0.050158925938704454 0.004241899496135063 0.08606476285870486 0.06055675984641373 0.08352047765154354 0.06558317711548012 0.015981883149867978 0.10309830893063932 0.06988901649249113 0.019647967865738934 0.06305976981083461 0.027406020380704874 0.04003250879950804 0.08968009879669411 0.036726556633619664 0.07014292094069148 0.044032851785733726 0.003897085647846126 0.014972901850793302
57 0.03393601150511085 0.042666181359262464 0.07132297801391943 0.05950632047612111 0.03479302749347596 0.0063692343755987705 0.08943450663532178 0.022216083185725932 0.0793229111507065 0.06281949746503665 0.0661807569922529 0.005586901420281729 0.044129632395006155 0.04518616932334696 0.024260284190259534 0.08793406470663075 0.08461774974106598 0.023141652316469603 0.07739983322275767 0.03917620403164928
58 0.04676452119052998 0.03256723527892847 0.040539401324599184 0.0750810782748696 0.07595561175072196 0.05558373220466851 0.0828724390966979 0.0011999938017379118 0.026080825439814513 0.016831835242421163 0.03778243328461489 0.022866960623342446 0.02935339979610543 0.06892113367219739 0.05908682160091544 0.06790270209646415 0.07915709957421527 0.07326747467329031 0.01906771911035336 0.0891175819635122
59 0.02035286155435849 0.12375290214801883 0.013598446343612711 0.050476499805175976 0.02341915283284431 0.02692174692155972 0.029064952937660555 0.10033535663732383 0.0921471526638607 0.033504718837407056 0.0677654799658145 0.0592094427658716 0.03210718181830013 0.08788995564623958 0.010221743241061643 0.06980791817960962 0.06743131875513525 0.006365951204963403 0.04463293427375148 0.040994283467430524
60 0.05402136226903313 0.04952569929734234 0.06634540785823864 0.08051232935686371 0.0007283748207183103 0.07383647507517269 0.05166817088751998 0.07138803818650341 0.05520580172208487 0.0014638416847544914 0.07706207656762089 0.08244571341511764 0.028791723412356026 0.018895660741157276 0.09036873706565629 0.018284750424917742 0.03979500150274745 0.010988070505565347 0.04232564820691296 0.08634711699971694
61 0.0185192341619165 0.07954611725061742 0.01322684218875952 0.04696992702549622 0.0656877046350862 0.030783781244240496 0.05010908782511356 0.09689752863035572 0.09877278059709689 0.08842241311473574 0.015597103932920537 0.002419662809441693 0.05251693131907953 0.012984107696959608 0.01745399242445884 0.08098825916722169 0.08190204595576003 0.035391803039605936 0.018261075669549886 0.09354960131158406
62 0.03923975691655884 0.0070398013206504585 0.011044809170486664 0.08886506919814875 0.06243777984899225 0.07642258519852575 0.07221751759762378 0.08117450971315801 0.05069974180249676 0.009100353209872958 0.009787441406402829 0.06311252408859223 0.008774785721680473 0.09510737953357483 0.07980216126723763 0.0245206818358219 0.010566381807929398 0.05815018540350181 0.05167150164142988 0.1002650333173147
63 0.02177386045665306 0.0028862005342916264 0.02970464217961894 0.062082383758486806 0.00045127466855959537 0.08944975057617655 0.015096311173568279 0.0943696984106704 0.086162550227336 0.027849021768605636 0.05418296516378282 0.053408360188284765 0.0615563129440222 0.037089450521555614 0.041655723533582364 0.030136165967606772 0.07401637712782831 0.09158669172566988 0.05790853074911804 0.06863372832458227
64 0.02512045374399394 0.03058504100471512 0.011682687585478767 0.11042479948148967 0.013467803227599764 0.09339527720626695 0.10439476054751876 0.028898147891431566 0.02209058287713013 0.03236528012490121 0.08947567242111672 0.05326867931374538 0.06157611278623389 0.03980436151951981 0.0034540566658085277 0.07426064343767078 0.015587774849933405 0.07205963644507134 0.09724133347006601 0.020846895400308235
65 0.048307687053449545 0.003397977709381643 0.03467211025444398 0.008229485378197022 0.04387300836818469 0.0780870086011373 0.056290179588569855 0.08147119294506305 0.01055927652833548 0.04695927680708438 0.060557476101001415 0.08346195142446482 0.06282914783571092 0.06711585085261805 0.0573218029238916 0.04058543931012396 0.041763129193795434 0.06957464731751058 0.030235229929762415 0.07470812187727405
66 0.040852649375677196 0.031144759523085038 0.08471627339797026 0.08160225610561403 0.06494571887938572 0.027859428722378624 0.033012858116478236 0.06918711855844398 0.030114913813374528 0.044549174247086466 0.08054091886297417 0.09239716993257069 0.08948356770659631 0.08069259928361945 0.008261430601543477 0.025172016293997686 0.0913925359979688 0.011261744900565904 0.011129647343903749 0.001683218336765768
67 0.0786617327155307 0.05810106547473817 0.03922518384181003 0.006222229265797435 0.05338207288497544 0.01600833396664271 0.06552796793101 0.0828960109077104 0.01528832567624701 0.07021325120397957 0.057721891098827485 0.02726753776413167 0.05933835126421933 0.0696177772715518 0.08580587529952413 0.016548085444065355 0.0525557634339661 0.014264918000957772 0.0848758085946885 0.04647781795962633
68 0.013042867018647378 0.04391253983155348 0.07525013681611581 0.06677417804973634 0.08613477118462895 0.05080151362834706 0.03192361735041196 0.07827187240157875 0.0193372353181009 0.04827126897373999 0.09286132345097618 0.053490589111286777 0.1060773820055094 0.019793933290007105 0.006132398974378362 0.053918133084509844 0.0321062273623803 0.008239398695951321 0.06011368952744102 0.05354692392469897
69 0.04067289777116684 0.08406570689941095 0.06665629745574521 0.07902708065924899 0.08803039269587738 0.007177224143231847 0.002676390658063292 0.07053494593772291 0.08230676916087332 0.013364382373276433 0.08625386704109449 0.06568234990171794 0.042989521932265594 0.00591415830249527 0.019459759853255047 0.018650049519682743 0.03765080871579666 0.08812184696865005 0.02587939378362424 0.07488615622680102
70 0.011868167885380114 0.08336528395321056 0.0421998779385852 0.07730133261380107 0.04151256160565653 0.004959315405580218 0.060821493058482015 0.03342670189479901 0.05757032870593776 0.007276669936340187 0.08810097363508675 0.09645743285165821 0.0806553975528255 0.1121129246078058 0.020040471305651304 0.045956119381752175 0.05029222044782961 0.008096333994965649 0.02547818731578175 0.052508205908870634
71 0.022087954916261473 0.08993189057496513 0.052656092928913045 0.0615777428138831 0.04092963085022641 0.05282448305687547 0.011179342180275983 0.05051069570888407 0.010090281535016723 0.05091191956785723 0.07595661526385199 0.007242859906593661 0.08173615176281553 0.04771537706677316 0.0249601589984607 0.07881992809325242 0.03864933713305764 0.036751805454944275 0.08324412416389124 0.08222360802320078
72 0.005386508309492015 0.07419511227919953 0.05575840108821907 0.0706901642057144 0.02309148624179199 0.03146416002424814 0.044376031844285554 0.03654095853250465 0.07815656592386568 0.062236441027622845 0.001745188266375119 0.08906162481457008 0.06423755822477296 0.06956713087638644 0.05265346678232729 0.0738237418072541 0.03264805012986046 0.029704131624501424 0.05735656066220573 0.04730671733480259
73 0.07378445866413823 0.09920963543293491 0.024034375015707817 0.005913232784018487 0.055169336636923985 0.10513372119000453 0.04684849635270371 0.03801209503427883 0.10345018529656554 0.09032463494614562 0.020367163796074166 0.01982153959035841 0.0020437616080158875 0.030236451203071214 0.08880007365534748 0.00691696477662242 0.032684542690752647 0.07062963313383794 0.009197838903148495 0.07742185928934942
74 0.044764575157800815 0.04724688170100871 0.016797875228070993 0.052837059315392725 0.07882587457872638 0.025441604985502558 0.06821759090186849 0.0010082001570153032 0.04578396010603048 0.04731733893788901 0.0625404103856451 0.06757171221244464 0.09361418154144398 0.004206864948902815 0.013169566454027242 0.09625726637999758 0.029308572793399663 0.11064873072400402 0.08197317937301006 0.012468554117819438
75 0.05658946576859578 0.022513836078181467 0.09099317526274188 0.003159375245907619 0.04194064356582808 0.06764521015157383 0.0618230750061231 0.0073003727505761545 0.09337628007018066 0.056881713370302706 0.039331614027770065 0.02225067839306062 0.08135055372709146 0.02358200387239135 0.044690625144567155 0.06722809300433545 0.01180207269068933 0.07812788034963092 0.06766038394889723 0.06175294757155514
76 0.0630822302276845 0.10345381762173356 0.025360372143713412 0.08953472837648017 0.04814111424562807 0.09368353128723685 0.08522528973885138 0.07565658145292274 0.0617491748340411 0.02220380542232728 0.0050721181696779995 0.017715097111304198 0.001040461040385365 0.111518937486232 0.007843109761354114 0.032739878632287694 0.021606893328492034 0.012528265098614651 0.02109748147303578 0.1007471125479972
77 0.08159239634561397 0.07990749504733734 0.03926964622865767 0.06397248039734035 0.034208291002646336 0.08250088908598177 0.031781262532662675 0.06504228715462292 0.05962647387390669 0.007380076052106478 0.0634516323993201 0.016727253722891026 0.04638042055741697 0.027688706030451225 0.0840562734998384 0.06324455916971385 0.057076959662356465 0.01355252562014085 0.060181127344359354 0.022359244272635574
78 0.08010360724762762 0.0790724248758596 0.04937004963538578 0.04048969241328065 0.02337500251363441 0.06473102394874067 0.03797229448894442 0.0007327832314312516 0.015847326070840797 0.038070347705501044 0.06488603046327711 0.05909797335139828 0.07227293509286979 0.06542921579631884 0.06097066045300161 0.039525735464172033 0.05340342656430468 0.020898714048719166 0.05908548770515805 0.0746652689295343
79 0.06981564748317892 0.03424212042934968 0.016489586872101614 0.020209235951362422 0.02937877568592958 0.006587067298445053 0.0671948000362478 0.10525916405327289 0.10148492903772693 0.016584962878772872 0.013550590738737442 0.05324361439387047 0.08964169959292252 0.07265161527635393 0.07107343778059738 0.10043928919723355 0.050749397449180014 0.046050645030062516 0.03174226919334713 0.0036111516213073657
80 0.10501628925125722 0.01628233789419812 0.054068498084663644 0.06351295163611635 0.01497322081173927 0.07637371180321718 0.033239903771260564 0.015184339911240222 0.01442103926687154 0.03384802970635089 0.02541201676492421 0.07676145515157533 0.05521585685151853 0.09478517407279653 0.051340108996489685 0.06882764095672589 0.0442368763753391 0.062132895807868134 0.002144810789546395 0.092222842096301
81 0.07401948081226042 0.07798190905204463 0.09543959499049805 0.015513460318331364 0.04465907611492363 0.07669769415964402 0.08496566708365315 0.06952119864132926 0.013266328594683935 0.03417556052035679 0.029834020665334995 0.039688884182194045 0.046173271914419466 0.03671845294411746 0.06331028812736644 0.028353859461545793 0.04224144500476542 0.039328544797755015 0.06298853606768802 0.02512272654708792
82 0.02856018840393414 0.010329224443229618 0.04702397773539878 0.06897606017344074 0.053286977412039804 0.02822808959947697 0.04845828339302723 0.05591021661495412 0.03026506298332873 0.05529493926413533 0.055155712699495076 0.04178633690318455 0.03558342468757398 0.07696577744420766 0.06957431731451542 0.023181134058705043 0.05721578402576339 0.06256131116888862 0.08097889407059614 0.07066428760410468
83 0.08121676447195302 0.013696354924087035 0.01913345029728256 0.10208797884750816 0.09631158633678653 0.07572459445754413 0.01398452084262781 0.04218335645772687 0.0764372335271382 0.0033652921623263843 0.06609679717212653 0.035804965412922815 0.024232787804326892 0.09554285019638184 0.03696941768688532 0.0429582222693982 0.030069785989505687 0.053979497874435727 0.04753844626866915 0.04266609700036729
84 0.07211244934995217 0.06897964066258186 0.036125455351833105 0.031730097041529785 0.02850591075759853 0.03280127085728154 0.04314125134400918 0.0777023120333349 0.0684258350108201 0.07131830514575646 0.07274717942011351 0.03790028939960557 0.012634654834673962 0.07421287642463294 0.05659630232126104 0.07862889902889414 0.04856104730563251 0.04748382248501902 0.029839157099473233 0.010553244125996503
85 0.0904900569363434 0.06285346702302871 0.016736936147886895 0.011954300363540641 0.0428887244087252 0.095767309632318 0.004241498296497662 0.1118773290524664 0.11333153606984747 0.06388772752521094 0.015127184240532986 0.07508956098970576 0.05709644776963293 0.0106017869995355 0.024199270123093447 0.02035565842924308 0.0897953007986699 0.06809578312689384 0.02469406226302049 0.0009160598038066501
86 0.020028267362720852 0.007241588349499226 0.10801200675998822 0.003924151648257191 0.10750127254476076 0.08986608547968065 0.11082955184483785 0.03338886756925128 0.00735649203506137 0.01130085407068502 0.04058906045065651 0.09705456336044004 0.015089865612540783 0.10564231693456552 0.044343294015240196 0.038474464212239455 0.06870078657737162 0.006350521715976378 0.06835280623814047 0.015953183218086708
87 0.01407432928917624 0.06471157060793604 0.054308707053601454 0.09055592076148536 0.0990015082859213 0.004272985710930589 0.09477911783098192 0.06451752283104938 0.02768101037119903 0.0713943505868757 0.0015974881925012166 0.014382198612977369 0.017751174328463345 0.06010133702442888 0.1083429335037138 0.032434638464979536 0.04272060843984772 0.11013435014397448 0.005780263661254716 0.021457984298702194
88 0.09814136756779804 0.002851395140773804 0.06921939502538335 0.056756238124650284 0.05054459682016506 0.03396897182358573 0.00286785021478079 0.08037165410165058 0.038688571203953824 0.05138747620333144 0.0041653398924539784 0.04995682157321951 0.021032557391301984 0.06183578520771778 0.10008325306279933 0.06346529312843605 0.08510746954666215 0.0028919895966616964 0.06567090417378801 0.0609930702008867
89 0.03522665196902032 0.007969570652914966 0.08607570304366942 0.07423972691356891 0.04833684458258837 0.002289155469894109 0.036735855037450346 0.059723217865668726 0.047386548377830025 0.03465037754142147 0.07003366557324255 0.050356151185499604 0.08555300267806525 0.07405777505688527 0.08869022753848001 0.027149235300518475 0.050286852442125544 0.012751711828610542 0.05285924729493482 0.05562847964761116
90 0.0205927914804796 0.02511814261742909 0.01978056758438957 0.0359637184016115 0.07045384865970696 0.07674831870719075 0.0608739082479714 0.03944637161424017 0.02492652877723246 0.09610519773549665 0.06910842003237809 0.08631438839111785 0.057225298713420816 0.0871357014253364 0.033114359282291284 0.008933783149835403 0.06425749953740889 0.08048055134184644 0.03878370752253262 0.004636896778084095
91 0.06257207006942082 0.06624860605571212 0.02597265787034942 0.029333767553722027 0.03682038247325505 0.05038091814685131 0.07836845682670461 0.07489172747805313 0.029407890968070484 0.07148909505824526 0.021022609184025404 0.005586241022142294 0.04134107726822201 0.05802754260058057 0.001074866285581007 0.07803180245117128 0.08584275273945131 0.06938146973772145 0.030506204759750067 0.08369986145097041
92 0.024550278734942144 0.054196913012831555 0.013916989050993816 0.057552667781715985 0.04831870296543618 0.028323778195207486 0.06399741344168325 0.07156659110977068 0.021517943301894913 0.02814340121012419 0.0624565507934882 0.04963954726215987 0.060399931608579406 0.05303927553494033 0.031156465646472394 0.07181906574155049 0.09807604584893441 0.06182442642280941 0.025273434805085464 0.07423057753137986
93 0.016652887257168757 0.031612940987556834 0.016063000314633678 0.04305713264295375 0.015634425956500192 0.0963972514636953 0.10870005428368296 0.018028855589743636 0.01405791682034143 0.009901900628154383 0.057368401856383915 0.03255056430711752 0.05495977967347239 0.107762871345511 0.002233338923063136 0.034474263286114415 0.09224301506964688 0.08326277715242136 0.07914349885392698 0.08589512358791154
94 0.08015304918002827 0.060543391382254536 0.040930198175383854 0.05093536604900663 0.011616427962952692 0.03318539687357057 0.04144242473710428 0.07824093840414244 0.04563931816230855 0.02410811259072947 0.03729006784258934 0.01614979577540565 0.024505903059162594 0.08555970021409293 0.0797187284446188 0.06665522962435934 0.04871709440003288 0.06221161398514298 0.05746410885822448 0.054933134278889545
95 0.018561119578535002 0.004765404876207888 0.028209185007057682 0.01647742681072918 0.10027098084583355 0.05983704516441196 0.06363997813588952 0.02153163095646972 0.04550817067305063 0.09396833553092868 0.08814429733134474 0.0387230654513641 0.07119442408129266 0.09569463761083427 0.09209248109560404 0.015152695403774112 0.07584381976998206 0.0328721128129117 0.02787139937093323 0.009641789492845288
96 0.09207266788866945 0.07949066665163992 0.035078163458781335 0.07459719170960097 0.03763472935226157 0.06918674128618722 0.0146495978280852 0.022730490632020536 0.039140996412383756 0.0064487131249288615 0.031110670888642666 0.053979696839181676 0.09589330804066713 0.04796363732859998 0.07466088085211814 0.04913095777693393 0.05405706667226921 0.03000674058279249 0.0016050130156124668 0.09056206965862348
