0 0.02422787909696383 0.08015386174894507 0.021080448287149233 0.08293532037841944 0.07024274773924745 0.0849330583374459 0.023534004684434878 0.03957609416744974 0.013474574013730105 0.030680264840014924 0.08636694566801187 0.03955332485019237 0.08529837511892113 0.010159258073029663 0.05193475599373557 0.05392531133962909 0.04878370000939438 0.04308915296677115 0.08574835757291294 0.02430256511360134
1 0.10656692260680936 0.02298491215306228 0.002398410681652709 0.019136939646658684 0.015937916243901985 0.04736369618450778 0.00019137807254577624 0.03892945245189988 0.08887608283600523 0.00814865257314302 0.00649213391919525 0.058805165500774984 0.03510408553354749 0.05324480288103993 0.06605497867969105 0.09587968369227447 0.08619927606046857 0.10604522574335967 0.12470376352364208 0.0169365210158199
2 0.07685310984509196 0.03701984407081936 0.04256644613289781 0.06147699638723886 0.005151995181147908 0.03249694916712038 0.06574347640293936 0.07169157155131156 0.08074406318993513 0.06492139696833495 0.05388059962757152 0.0603503606397312 0.07417476417982186 0.01843942296985666 0.0802571979210746 0.02839092618286881 0.01339346491931902 0.028636810520094213 0.08164467121796808 0.022165932924856708
3 0.01225813398870492 0.02863261308086512 0.08873315521085619 0.08885409829690559 0.05881614706291698 0.025131695051638387 0.0405945798832497 0.08189781027970156 0.05234480934606519 0.0674787880432645 0.015578394557257557 0.07805346343044263 0.08096930865128112 0.08137588309229613 0.019936729639515188 0.05415138201342464 0.05544615100597266 0.04849459116636472 0.017530070775307296 0.003722195423969781
4 0.020252717241250887 0.06888278257467768 0.07618179786273215 0.07921429313169397 0.01649566389475577 0.049919732750684294 0.030736411901644098 0.08288219438309966 0.04366730805484883 0.007990608061056111 0.06928508983051154 0.0177286293314599 0.055123865181956194 0.04948167893976391 0.05232133764703816 0.014961402770279023 0.055396451177158135 0.08530195736142539 0.04545327750111234 0.07872280040285207
5 0.004975534487880004 0.07932744566593761 0.06844092716243912 0.0853710094383126 0.014539550718546948 0.09356651394378414 0.07307011919202308 0.10444530026575641 0.1061062597869569 0.017151746859341364 0.10301301742706667 0.010192490598664809 0.028260619107528383 0.004798629675112304 0.014347005239221906 0.05308516557904949 0.03410168360148275 0.06758321604188917 0.03606620837691019 0.001557556832096145
6 0.06308144008781066 0.076848551814033 0.053285921398504105 0.026999725060263133 0.011693866086223052 0.04648101327661082 0.012489337750078013 0.042765349460335784 0.09009805724535508 0.03602394373738185 0.09418389047562513 0.06128806472105485 0.050214281618699674 0.05121048379744271 0.02292452488783741 0.053593770120557056 0.029492646812532348 0.009074511315068779 0.09862498822417017 0.06962563211041652
7 0.012757372959117526 0.09772209902767054 0.0343084675020851 0.02956352000149111 0.02655030220791366 0.06274332742086658 0.09990770936487633 0.02316987795216048 0.043810302526251114 0.025767428997820568 0.04517921537448483 0.04576900353384432 0.11290254008141852 0.0483288607019493 0.033601087357605974 0.06695957853538703 0.02038183179793896 0.0668151575173122 0.0009383131135492392 0.10282400402625665
8 0.03253981105013114 0.07016329251647596 0.06023194796461033 0.048441118652226965 0.07922388990184703 0.0640124369285044 0.051969763459793455 0.046075436852955155 0.06650182612673218 0.08176681894082617 0.006898380183338169 0.025474706630511434 0.024115099982584542 0.05960630955012899 0.039094161558905695 0.03422958047632989 0.054731886089280264 0.062082896459654 0.05852151412265795 0.03431912255250622
9 0.006413537729180915 0.03063889518421802 0.02048382626856456 0.048983098538755 0.0930325019995118 0.016314867875617055 0.08978350363830798 0.044039450796426176 0.08133903884356611 0.031748541370617514 0.09684505286748567 0.08865203021907728 0.020562186735192372 0.0238105541370945 0.07792879475402767 0.025025993762871332 0.06978595566101492 0.024616382592642115 0.0046989218233608075 0.10529686520246812
10 0.06819079678909315 0.06716926125821465 0.047938210412580576 0.005555233425103739 0.001611706341328525 0.03711269303338155 0.08154720171148856 0.09254217861137745 0.06882618083476992 0.005185760637238899 0.08209343520925673 0.07069144644316364 0.00589463311041503 0.04984616608409154 0.05061472507368037 0.021272685476809192 0.06987126926482137 0.08843814315520862 0.040188356626151625 0.045409916501824785
11 0.05685164634265985 0.06050483163796665 0.08815710920011603 0.06860722964420957 0.01328685488602828 0.0022010702363454812 0.09093750392552907 0.03926914018988637 0.08211178109538887 0.0451966566244645 0.05777797277324864 0.03707822986131403 0.021658252122582527 0.02666767921784344 0.007657031261527746 0.01107758557765956 0.09004224489166886 0.08406785563291577 0.0334779646568947 0.08337136022174998
12 0.06291100879201222 0.08416141508790712 0.0408433970135301 0.0222393963675105 0.06165155513773627 0.03756402606920457 0.06256243236406474 0.000590586418651333 0.071005114527149 0.07097019387027488 0.03178515286968506 0.06515970634853996 0.053010622571629216 0.03933415182844539 0.007405503637392373 0.08120207934572007 0.07312365357505582 0.011607825946606615 0.06087892590544648 0.0619932523234381
13 0.04542939186276406 0.06367070027395552 0.008477421907549226 0.07552268491008186 0.05058820439257553 0.043514376605992604 0.017051877514526307 0.057024719129196044 0.07219452815281231 0.07800103464702986 0.0806125013728896 0.03619637840452121 0.06803987913844375 0.024596726068314912 0.009691688587635269 0.07871574793892552 0.075549172546267 0.026164684204596243 0.0691522566437253 0.019806025698197994
14 0.036941835687387105 0.0054991685330192 0.09365749761569835 0.0780563998485124 0.07045306822042498 0.04136348561269264 0.084736280135146 0.040607452424577674 0.09388728044188514 0.016979929818639255 0.02839789556940555 0.026021049177913362 0.09242480085620294 0.05727824550132787 0.05485203090780507 0.026612716340746325 0.08075653024721662 0.016823346599999733 0.050194352013226404 0.004456634448173274
15 0.07692883486236358 0.018877448783417045 0.0308370003309057 0.0578895367131937 0.07314378047715606 0.05523900533681387 0.03148038693351015 0.07431209265722793 0.06787291389208648 0.017348269443670076 0.06417966831385045 0.029239829667184355 0.060534742427199285 0.011796919864217752 0.05201210169366047 0.0841385978387404 0.03268567802539854 0.012415582395953206 0.08246465820050707 0.06660295214294393
16 0.09150928042734201 0.09605409260758367 0.015669489704277905 0.008107217334833893 0.09158253002596173 0.006512410278655272 0.01823710851687764 0.043177517108305134 0.08159914119657817 0.00586045107195348 0.07202997154888956 0.020872667934432418 0.005667248876054207 0.09157859359114505 0.09344769730457023 0.08047522228239254 0.05713190464170305 0.01969979119477231 0.0967402673994258 0.00404739695424594
17 0.07310017987436042 0.06861859216016697 0.07745111006477103 0.0730787646738638 0.03781825814363838 0.03443362687741405 0.03870808613084455 0.039118758694675744 0.07384006889281793 0.07430306331912473 0.00742171263141084 0.05994834592422924 0.05900213337224227 0.04579340219824151 0.0274064082958547 0.07432736107593486 0.050565665552837036 0.018164934580113496 0.04244491581167467 0.02445461172578373
18 0.01761840975148402 0.012387922217827719 0.054788546293183894 0.06335732059659333 0.115890275219155 0.03984313197311267 0.023478323699201695 0.04908238034713046 0.07548646793094099 0.10780960396705824 0.028039139654827697 0.09696866914584008 0.02394519609255202 0.03543846987313616 0.03191891249602323 0.09226980722029901 0.08759641780647662 0.012655610999632945 0.005936501464650284 0.025488893250874008
19 0.0645826675964743 0.046245587468698515 0.08000674609004366 0.02630649047469329 0.03397386725134672 0.08690473434138185 0.08393492500973586 0.05154988267085882 0.08362825940427857 0.055498657778059145 0.005451307571447187 0.06309320264413688 0.04262532817361073 0.060994805472093475 0.028800138583500112 0.04687972738958471 0.07627860403212314 0.005668028227823694 0.029236273196367485 0.028340766623741704
20 0.05132686263228274 0.044176510494588844 0.06805971977874278 0.048105400129098114 0.011466904105151107 0.06414460659346836 0.00813633573143023 0.053978664876463515 0.06679882959043792 0.022778421826398474 0.07272678704483465 0.05124225530935442 0.06711725376513582 0.059539389283892165 0.05794054683147307 0.06345495949654734 0.02296380847204517 0.042460417673371074 0.07414205404572688 0.049440272319557575
21 0.0562186134984034 0.09173644529369866 0.005096979756695752 0.023517059018876036 0.05821466100256034 0.0830559600998622 0.09417755757482786 0.030514041868323263 0.00503871076744837 0.07844145086524369 0.007834197764182722 0.05401584977233391 0.028700677493183703 0.012263196898599813 0.08605414816876387 0.08542078370228544 0.05842884449518537 0.07819738105238709 0.030567846808168393 0.032505594098970025
22 0.05009760004663027 0.08478642432968939 0.05446594959716842 0.0006848197285645684 0.0636913346735292 0.042509433920602635 0.03073038239301829 0.06436874430555638 0.047882599587988975 0.046697861726444224 0.0732766131469306 0.09573734885619811 0.051332615723964754 0.041629251891828055 0.02035698426010752 0.04552828367964201 0.0693320602785525 0.08661360869219595 0.02289195404905189 0.007386129112335976
23 0.068330125449164 0.08976621766225241 0.08454600661691965 0.022144682461893755 0.001632404944688855 0.02504220090517036 0.046839673813191034 0.029217109981236163 0.017130521013786242 0.05512831691913103 0.08286275001484043 0.006932233882131309 0.07440078639604131 0.03070227347617802 0.07192347786091863 0.08298464593747186 0.08740835951592832 0.017847747347660103 0.030586869184757278 0.07457359661663927
24 0.07480269349595398 0.03603232294944117 0.00043954357714749714 0.06844366683518394 0.043739995237820344 0.06180877609938875 0.07263324415988001 0.026473058037329675 0.0839223582215777 0.03900784621867512 0.007407520004166332 0.021369737973876767 0.03008350337620931 0.05980810997992933 0.08534925111999467 0.06375997448092068 0.09524047031095406 0.007025547488427534 0.06110728598521149 0.06154509444791189
25 0.04161322452842003 0.03191817569455633 0.05162754024766013 0.09271797722549688 0.08985489743621917 0.06601022067148637 0.07400420015840287 0.01068773988960308 0.027721843170231058 0.06046132597105941 0.025363827205598263 0.08120724944292804 0.08276306887256317 0.00048249567303816843 0.0735497645448342 0.008930724473165364 0.013004709916309748 0.07913634971817106 0.03734251689724719 0.0516021482630095
26 0.04008423477685058 0.024616418108907724 0.09365643805391609 0.019839609236911977 0.061029219759998636 0.05329168980570277 0.04962296440618637 0.05035599535774473 0.010635995145669007 0.026241952597929386 0.04411540235800808 0.0018777009425999076 0.06936959153737364 0.08069476079513224 0.07963221720528979 0.043180799345228324 0.09013293519049813 0.06594265668161853 0.01774430847932039 0.07793511021511387
27 0.003519595403870898 0.050614566004454575 0.007899211890218687 0.07085501055157692 0.06923230020384438 0.08487578967216403 0.05715948718020539 0.0415514573490316 0.06867935483895586 0.0718872939703677 0.009658379035660683 0.05766915067753879 0.08475541165854493 0.06106427433924675 0.07506694153130276 0.031245794521063668 0.029915834701226347 0.05347536725565342 0.05335544371172479 0.017519335503347697
28 0.08094678636003502 0.04627379703068696 0.060226252623245415 0.0409387259753204 0.018415624360324682 0.06082600052422114 0.07818324903554541 0.07571209724950755 0.07474495163592935 0.033474050568089345 0.03709973623008611 0.0789559400623881 0.029866388025303617 0.04536964527341488 0.02651074849046364 0.023820437281385318 0.04427563017527967 0.05338866433552352 0.06563004240854914 0.025341232354700507
29 0.0026455914052136965 0.04169871789189098 0.05598745377483095 0.030804205139622703 0.09674168349274863 0.02253520722034699 0.10027879083971854 0.08098240704543909 0.0021629810532415228 0.06471664268149853 0.07354906892527556 0.02268236610890072 0.07158483340551301 0.0351157421380137 0.06798775605678856 0.030137889979051685 0.03747754897028248 0.07555725673007381 0.06166677834463314 0.025687078796915792
30 0.011396061375746572 0.010304611456185872 0.048839088791781095 0.07684887028020077 0.08158253985913616 0.10288243046719553 0.056009366985573475 0.10543905849612283 0.0010446492061261423 0.008608510356636134 0.026693457275267084 0.06342041844862634 0.09283504026575656 0.051986370987329465 0.024715409497804867 0.009364822089066565 0.06041727270845774 0.045797410299185284 0.08771605173621577 0.03409855941758597
31 0.08099730387568141 0.030465134379431248 0.004677710379296549 0.07157211077970417 0.009441583037894934 0.017543218253981623 0.06669591728025752 0.022671935630577136 0.11073370720616242 0.029824923574820018 0.057446097468036 0.1300099336886369 0.07237862408403384 0.08551235823756503 0.02285491561974294 0.06882223989547559 0.06415679945880154 0.03946638483216991 0.0009110001168096743 0.013818102200921474
32 0.03636411491261749 0.0287349000999479 0.05481428301799096 0.05157577042880901 0.0747433662071039 0.06220249485025903 0.033469971782555584 0.03199601060067648 0.010021632561740488 0.032326340060148506 0.06372010416992757 0.04918023726752264 0.06830919035687553 0.011715385440727947 0.04520878365811825 0.0765226003480197 0.03392929466155157 0.08095404313455475 0.07303592542782376 0.08117555101302913
33 0.008277924392753945 0.09449628037695457 0.001390616906725151 0.062380217479849565 0.07067277545980342 0.0511405364053724 0.0025144175924774006 0.058814910680041355 0.07407295799434065 0.0913969668906582 0.07077718722239794 0.02956261587965764 0.007396470917861676 0.04642966144705094 0.018026042002180324 0.09630618565250723 0.05080137975453491 0.09157013970993001 0.05189931985345385 0.02207339338144891
34 0.038746517237690556 0.03565352276834344 0.040309403390139546 0.07188952522437772 0.006768726066960579 0.02115621010205151 0.1096873073454496 0.1075154664032362 0.05502696852628213 0.0814828963819712 0.008151019016238202 0.10518851485946427 0.030183922698741865 0.02920769328220304 0.011353718797596911 0.061522286666309614 0.06978524236593417 0.016051105536857534 0.017385677474803934 0.08293427585534795
35 0.09261467980451529 0.0021408001742453634 0.10231173606424665 0.058531875810949596 0.08675586052600176 0.07492284129892217 0.027780361484368243 0.09845686958581171 0.017308970381425374 0.009926740828596625 0.012200666980835455 0.015993210892433055 0.012442360150901593 0.09258477549627281 0.05839245566542736 0.05274454685630078 0.06613894237151362 0.04158892103821074 0.007215131489774119 0.0699482530992474
36 0.03542042235564348 0.018025577119469255 0.10074405384260497 0.014725086516166278 0.0638678553052967 0.0196997976119274 0.042696343063187835 0.0565435439849661 0.0672963898875666 0.02192084808899866 0.05962241302442839 0.009544609968095094 0.05812747702989742 0.08154923255339015 0.0626139317120646 0.07205722311162892 0.08285460980278969 0.019832608278238087 0.06638627714574206 0.04647169959789815
37 0.06921710663981967 0.05118530131178543 0.0025737483302085236 0.04143227932761043 0.08331535290562787 0.01954052088756696 0.0843075624814424 0.08414169890914378 0.04450143368925566 0.017843369260612158 0.0461196336871063 0.031453561318802996 0.0949202818599352 0.06309323146139172 0.03705802124866078 0.03195196734979236 0.06547993139891252 0.03287350462742182 0.06208933020106162 0.03690216310384162
38 0.05664272344105544 0.01668596565576038 0.0341787120288209 0.04660499001480912 0.020715390360269516 0.05312968826819204 0.08389686224153214 0.027245815747074163 0.05862182983450731 0.014260378031023634 0.09006426498248915 0.045466244195493236 0.08443079350295789 0.0481878820428661 0.07574314324131323 0.03782123386143894 0.06949560557953204 0.08426397785197695 0.036953212071483166 0.015591287047404735
39 0.045029554791917906 0.03157456473226768 0.015585131669272778 0.09813921686114603 0.007768574725573319 0.0006365352760596993 0.07976175941735696 0.03686244842995574 0.001458631992016297 0.09525650661589198 0.10080892782318848 0.0836593439590418 0.07039631070201709 0.03440200816297603 0.0005580312605563435 0.06908054016629632 0.05568531483507737 0.05169911733330538 0.08209310680675075 0.03954437443933205
40 0.09008877645596657 0.0696273709405656 0.050643546703289966 0.09544822448148936 0.06706178850924668 0.07517221520176266 0.01690662591381782 0.03776107833888176 0.022345029084399295 0.06129892737930026 0.003580852200571808 0.022895992584301788 0.046456108033476884 0.05328664519614533 0.027878899256872456 0.08602256530539723 0.03582316157623366 0.08477789854429178 0.03267991160282944 0.020244382691159718
41 0.06644992001381039 0.07046348016172566 0.06151839887372049 0.0017450275001338106 0.06724762018203496 0.033069663068140825 0.057905598726284924 0.027031427119860247 0.06620532774768355 0.06108160054793517 0.05116178820623485 0.02634906071419673 0.049757690526178205 0.05977947380624229 0.06359417353275532 0.0709681674195862 0.004395844268632337 0.04740742583781248 0.07087739601272805 0.042990915734303393
42 0.05220401834679044 0.04564588853621117 0.06396371563396797 0.08473196881208608 0.03394765728572493 0.053886839478735994 0.03376345517881329 0.058962062087945646 0.056981361952579794 0.05228817886259756 0.04706938832814021 0.05216142409771014 0.01624343452660564 0.07755540642717708 0.08652799920892948 0.06906236017483007 0.0425473736217153 0.03771686308137029 0.01814495885299351 0.01659564550507536
43 0.0016960142207768558 0.028603419042339796 0.04876143680663252 0.06977689764362172 0.04820107128987532 0.08396697500294566 0.08990288686590302 0.050711709365606324 0.038984102596499294 0.01627504568001233 0.051370277730588484 0.05456918100704163 0.07082736772828815 0.052353629751164574 0.041051240392765455 0.092801726508886 0.02916933330891065 0.03336058343890614 0.062990316398119 0.034626785221117035
44 0.057760395073590806 0.06867495169186846 0.04011081949137766 0.012855875178986688 0.06085959773790763 0.05516511718561338 0.020233373799573406 0.08991305007626195 0.04196231390567233 0.0163712196765114 0.05312833570412463 0.047457359343053486 0.08112981399566757 0.037096359422432286 0.07223811114661656 0.08244304406629183 0.07267363271403027 0.02934304698809315 0.022460664225652044 0.03812291857667456
45 0.0655038330748134 0.061190328479845964 0.08233909078222555 0.05846489607050082 0.09671816162471654 0.07502109283335888 0.05160660047851404 0.01499956041203019 0.008233634010698408 0.024873215547554048 0.09523042574947532 0.06671392257536633 0.03029325694424219 0.0147938394530622 0.07529081353675063 0.011478685660826247 0.01850206993355985 0.06565523420356983 0.06636225654588289 0.016729082083006785
46 0.018725442852370964 0.06555613163781848 0.0854467132807831 0.01874738411280558 0.004633114011186589 0.02385070981560464 0.08169618903353007 0.015810394928368138 0.028384112979333687 0.03562325831814085 0.007924865741630746 0.04769380439601926 0.09330111931354607 0.10392997600581445 0.01704297447640393 0.06950293339201488 0.045501862568261525 0.10295924133862269 0.06525908972779498 0.06841068206994913
47 0.058353879239267936 0.07535640685813254 0.06793062540208496 0.004882299294849056 0.0883867326227412 0.034407895641072286 0.0055681756442263475 0.017678254248163723 0.022242024032435626 0.05433804946795278 0.07748439146691011 0.0618037027205099 0.06781433012139537 0.0660537475353821 0.03877134002387113 0.07319706694280351 0.0343326901395817 0.018958438293405294 0.035973707469095194 0.09646624283611936
48 0.020976158780314145 0.08181616280404592 0.0013713637942861774 0.05098772809571246 0.06779898226073677 0.04089978180795181 0.06803276529431891 0.03399334006490433 0.007901601667532997 0.008195582631021582 0.09689932376126809 0.04297397025236938 0.020733691938850773 0.0035046836462493455 0.05918839118312725 0.08451110526484353 0.10115875753697355 0.10614694603338436 0.0688316082642658 0.03407805491784287
49 0.05927577968194159 0.0861923153096503 0.07689178025686004 0.043521875334467525 0.0936068335868194 0.009661757498847325 0.022443222702633676 0.05904420158406139 0.06817524090206617 0.015023164116478875 0.10255146122040439 0.07649488203570277 0.04858813804291181 0.09025454611775935 0.03611941571744796 0.05653116051591124 0.004481437959044655 0.004172925564157015 0.034519843614362916 0.012450018238471349
50 0.06375871394534229 0.04492789209678154 0.062431520522361755 0.022047880048799873 0.08118818562343555 0.07738648844924315 0.03130629879463923 0.007044748948792673 0.038176431560230456 0.11161128619443231 0.11626520964514697 0.07489396614335457 0.008609680751319952 0.020199321295536296 0.012993019101264141 0.0260150407359663 0.052327327714324426 0.06326085411443405 0.020621683439260036 0.06493445087533435
51 0.0047104464203063506 0.06829433976340915 0.019980137650161132 0.0982383066094367 0.0076849529358029 0.0733195969880597 0.01321355134357906 0.056420554956469894 0.02647825312958326 0.03670562646978908 0.08562726660644439 0.024375553754086118 0.040941176557960826 0.014374698415159756 0.09189375314140626 0.007703928556967326 0.08044667378916646 0.09316996937640687 0.0885599230494081 0.06786129048639669
52 0.006132907125037632 0.09625484185393268 0.06272495386146092 0.06616704758609292 0.10645469796335386 0.07704479942639131 0.029017004625250614 0.09469934237469883 0.012495390422281377 0.04226500394037427 0.017126801696968966 0.03333832333390589 0.05117950587590902 0.015311571550627805 0.03256678009643031 0.05750931836200921 0.06336550602259797 0.016025868315289356 0.051971785984998374 0.06834854958238852
53 0.06987201354822177 0.0667039105299109 0.059815206076091296 0.01797362831896183 0.006167437629326699 0.04056702514411395 0.04901941385460145 0.06070184035421 0.014177327270369905 0.09731217567428856 0.06289946505059402 0.03033814109134238 0.0323123810982722 0.04945959040572159 0.08909397535764352 0.015397626898320364 0.06935092448188682 0.014043992326257 0.05605247805332851 0.09874144683653721
54 0.053038410690523057 0.06044287050107068 0.05372920675546375 0.05987556982492324 0.06828964717534357 0.0458174760323961 0.05906893582801962 0.06365774560079729 0.06411262946955609 0.042020249637989254 0.051697535417698726 0.05068406067905991 0.04598215293389078 0.05603746503103425 0.03138159067430353 0.04233934121458981 0.0411795186822341 0.06615025005998476 0.01960629931653872 0.024889044474582796
55 0.06205690749703964 0.05975350511703582 0.01518254299273712 0.012519691918541532 0.011270498641097172 0.0004341630038788584 0.07611745326211934 0.031321075404693026 0.025762451714032127 0.09903041861052736 0.09698289282827241 0.09273012279626781 0.05861549912350184 0.0025123003333152745 0.07187849837469527 0.05303601319867359 0.06447727470197727 0.06832002448898791 0.005909507834849953 0.09208915815775653
56 0.0456772476285506 0.035931644589276474 0.07800503811359755 0.010837804358459432 0.03899338074220791 0.06964971730586533 0.031083526480724172 0.09597687155228078 0.06139568344322967 0.01589456343281063 0.04277465884926544 0.05210758093266793 0.09149392722211004 0.014964000283131324 0.05452137749044118 0.0476118484336018 0.06109341846928717 0.0823241108259427 0.03572866493663073 0.03393493490991915
57 0.030912409897512465 0.06631771971694862 0.0599362024320287 0.06267632619875978 0.04202326074872626 0.0301368035708295 0.09972942339262195 0.06792909951613921 0.03234177562446061 0.05022912839779654 0.033286491792642425 0.058020462736475376 0.09718159927356175 0.03409843397262143 0.04696459549302559 0.018926265084249664 0.0779269217871665 0.023874341610326404 0.04754166157520557 0.01994707717890202
58 0.08486652357172737 0.03427426682544318 0.05523890146312398 0.03362613193267556 0.07874051857803273 0.05546749550962984 0.03449130640870007 0.06197075791418504 0.06585514835924675 0.0625498836806294 0.06811340892072962 0.053531863764707824 0.010026791354367683 0.04147440705123913 0.0916526839888027 0.08366777760822676 0.023345632394711192 0.0141834092642871 0.02650819170273855 0.02041489970679555
59 0.06700927741872105 0.04573624849660017 0.00923433012166015 0.020607807996929718 0.06633182601667001 0.09291164165622885 0.013812972474988562 0.012026692757462638 0.028763432692115985 0.11355352221752321 0.006814585943791599 0.06442852080943744 0.10051152445966657 0.04058441697781022 0.09453832560034016 0.11284451799312105 0.013459433496679902 0.048900810216201525 0.04617727342764109 0.0017528392264101955
60 0.0231490236064494 0.08110613364304964 0.06359653046630459 0.02186001140636677 0.02194761535144496 0.06302982718426721 0.03225162517009672 0.09098393722934153 0.0524242979449239 0.006226368010089458 0.0033792571014618273 0.07760994388277859 0.025458814314108257 0.07837615091657989 0.05720680372616615 0.08893852331295765 0.05642905006607554 0.06753098884256062 0.033540223649311474 0.05495487417566584
61 0.0759832343487489 0.0024189246002787788 0.08926341917268257 0.045710295621525183 0.0020777762585744404 0.06548790537555534 0.08058966824979828 0.061671206914184255 0.013919727906667095 0.04746967083788584 0.010718163007410646 0.10231018519833049 0.0181674778212456 0.09756843321119303 0.020613243759113317 0.029715013671644672 0.08999186154340967 0.08312995989330045 0.058407118054383575 0.004786714554067799
62 0.08286740308833282 0.04005529296091672 0.012449010943847434 0.003305231416147408 0.007820569041324981 0.02970080917885304 0.07539850820449973 0.0646327876548739 0.03188044288906477 0.07291799508823894 0.08946520691292759 0.017277999574554972 0.024369410482554567 0.06304166786756225 0.08880456099693164 0.06373506466001995 0.03991929136862083 0.05325628675029052 0.05376540975349937 0.08533705116693847
63 0.02359408711747673 0.006797913689204079 0.06516321501007932 0.06891439403112501 0.10104661985970703 0.057478843883628124 0.1019380598868311 0.032038586969753605 0.04205405641324555 0.0739020310652592 0.009366931252696411 0.013048923964018445 0.06240898725317943 0.0884433243627315 0.050359333195755945 0.08801315627818805 0.001163937910894387 0.06494907073270566 0.034883728928312846 0.014434798195207307
64 0.029758545537457735 0.034774377565401186 0.06223212183540318 0.08702539309633175 0.03129763480343965 0.035289520778649726 0.03645143295583301 0.08599191718626616 0.07479153153799561 0.09464766951927936 0.05644220594894345 0.009697672695869517 0.026526939981274818 0.03318943477074514 0.009105656790302815 0.037039011957811736 0.08188622620966801 0.08763406908661371 0.07934453976170949 0.006874097981004206
65 0.011626514113093844 0.0020457914494010796 0.04813404795946243 0.04641449850691863 0.005922287003947501 0.08502615476022443 0.027088506514071894 0.03360843819115864 0.09795370750309729 0.0008815641860861272 0.05815349391159806 0.05789585792292968 0.06383723546916413 0.06339511618560993 0.11441682127046175 0.10359346915528853 0.011175218508454345 0.041013190950054706 0.07454903821230364 0.053269048226673506
66 0.06518113070070178 0.08699100576194412 0.04704715328626685 0.016759160738040492 0.05408550252333379 0.016005299875632893 0.017585469629138685 0.02080100695814196 0.07224810554036465 0.023930622668354096 0.009892140967332078 0.028510412647823842 0.10482006862887414 0.04822252919974148 0.08120566260022342 0.07005435052676294 0.03528485200839675 0.076583296352242 0.06839022215914337 0.05640200722754071
67 0.0212474386376397 0.013306322782050904 0.025059669828921133 0.08057199692435293 0.10235594594344635 0.04296767339506009 0.07783615433764417 0.09123228990684758 0.0347339927370827 0.04669721239177395 0.025925488898819567 0.004690962318682479 0.09564252201916185 0.001303509098082919 0.03186873549735804 0.09736088425814801 0.07153659146912096 0.010327498178271236 0.06786423699912379 0.05747087437841147
68 0.085972591338133 0.06553646509889123 0.001494873535850184 0.015019573086987087 0.021891576126226435 0.09570440794280578 0.016537341409975304 0.0885836435465074 0.08857326429353703 0.008609531621547846 0.02470633823427393 0.00125273746493962 0.11174848393649262 0.047383328950391025 0.0378081780751596 0.11057016926009676 0.038821490737592036 0.034048940176820676 0.10155150778915917 0.004185557374613115
69 0.08307317110706972 0.03176091877259895 0.004880721467594594 0.04056413332865067 0.032667503614869045 0.06103870607053489 0.06798918806685471 0.03690327421429752 0.030451296834460767 0.063084025390143 0.09062830981198026 0.04354940812737022 0.052542292211730804 0.03622156577850797 0.015829001495385898 0.050313551467744674 0.05055027189903835 0.07715364355323506 0.05796744319567291 0.07283157359225999
70 0.0535431114161735 0.05242626924564339 0.07718744998038661 0.04440977221513599 0.06230016151590813 0.06915244576801466 0.08227764786900253 0.05834174569702848 0.010331389955940757 0.05063283632625088 0.017533567308787766 0.028486768646318068 0.03892948807863254 0.05782793449989937 0.07525779538014112 0.012923730807093215 0.07263537385667578 0.02466896532559022 0.06854797175041276 0.04258557435696432
71 0.08307099126587983 0.07047779054689796 0.00020734239091506237 0.08638790482640844 0.07278212924986127 0.05288464961650191 0.07963175161462574 0.0055193569887821235 0.0438020322487461 0.03523948493766314 0.06692703995245151 0.04864079954040119 0.01806525303077557 0.055976240111202544 0.06512883553719728 0.07430108161745133 0.025867496633879692 0.024860125073971003 0.06939354548968295 0.020836149326705303
72 0.05938139788120242 0.01695097731032986 0.010177923379521272 0.0645676137395649 0.04227326272207623 0.09645144934227123 0.01510546684484729 0.07552627842735106 0.10078639596601276 0.01972599934806 0.08560080332390244 0.0654181751123363 0.019374478868378855 0.07748897524764313 0.06338870213333414 0.032228186635044655 0.03897493966528275 0.03788540686786578 0.016547108153564877 0.062146459031410424
73 0.07596340567502295 0.05418070273706277 0.03127918401815132 0.028653856894890226 0.06235870971897717 0.004941491728481069 0.08830113584187887 0.029318399248173654 0.06895133403739524 0.09172360140451027 0.03335605248913849 0.036987775096524574 0.021781211358926113 0.00994252330022603 0.0792710606391724 0.08557536987442434 0.008439554382473206 0.04099748491231983 0.07647488349493205 0.07150226314731907
74 0.0998682883091966 0.004891311051960533 0.04940877208572251 0.03677104415951814 0.09229561812361209 0.02047525122854595 0.062690714509723 0.08460907654458845 0.07573942324427826 0.017332528082804027 0.052845945494887546 0.02424019434226399 0.09250643617850171 0.09087216290169253 0.01366019996675338 0.06188323135609733 2.8007925472511674e-06 0.015136084851821253 0.07953948374259794 0.02523143303288751
75 0.07427658898255422 0.0010513528500311364 0.06249762274532024 0.036778516902718425 0.029599355180769806 0.040450193593912616 0.06677646798136956 0.050942359822667704 0.07767629226587133 0.0027980203480258274 0.005628425889149463 0.03214844279410567 0.08281372890699625 0.008208559448228023 0.0845392391917394 0.08366021265745797 0.019547382246906542 0.09228601897070986 0.06531857350172626 0.08300264571973963
76 0.05136839964885928 0.052441841034968885 0.05180574299881448 0.07356373277994135 0.04891712072571924 0.0009270508443455788 0.03487906709695075 0.05957050558379994 0.06559536330221692 0.05825904627006037 0.057330536761089256 0.01963045545112027 0.06466316505660431 0.05541152256793855 0.06333689912605243 0.03585728950622118 0.010598879187120776 0.07617761658091353 0.06151036823189068 0.058155397245372026
77 0.035823459556719624 0.04183876006837963 0.02579871814567042 0.10249811878008842 0.05631980631409665 0.030793738528108884 0.07497104214620447 0.10133992597668011 0.05543387831384213 0.07023460331740648 0.046615956364441276 0.0028243600849937292 0.05485646656744166 0.020774476042680092 0.03322521177893838 0.060204939777534904 0.040391279193080276 0.03028072406250356 0.00867492711427311 0.1070996078669163
78 0.07243940683211797 0.04331638649046054 0.041811939060429036 0.062117097821954285 0.04665759035111878 0.04772398436636108 0.01595627296729932 0.04847152301323521 0.008851902185238075 0.07641543678041794 0.07876957651190775 0.05261123836689967 0.05635791951348139 0.028303078137672733 0.024259436502268635 0.07079634030669127 0.049068920722472556 0.04034919730383532 0.05731839974971374 0.07840435301642473
79 0.06119842799883178 0.0688692952118704 0.11011967342135155 0.0563831002693257 0.04583322555938602 0.02319881986197596 0.04159518064087054 0.07367387891843172 0.05708700169653694 0.050920321940742974 0.008465212066032382 0.025564707085397126 0.09426163955570983 0.01209220937169614 0.025332260628292046 0.0006019177355445064 0.09712138603419643 0.04995581452951307 0.025670375527534994 0.07205555194676029
80 0.06839217580612665 0.07197773742652501 0.08142401907174084 0.06080900454539157 0.01892535278613661 0.006588791398819831 0.0827256362085927 0.008830275615965924 0.062183090091693725 0.0661108105011994 0.05384123374361905 0.04718429042723732 0.03878798709547146 0.020686378462987983 0.036939653510719046 0.06387076410241686 0.0598982133633755 0.0586925409920314 0.0371179438403568 0.055014101009592406
81 0.06736380706572535 0.032491279211291475 0.06496451373084 0.010139960900544816 0.03586444282549199 0.07069519201295496 0.0940234803983507 0.07937278023649537 0.10483276779852946 0.014410522006651834 0.03742183496000482 0.09404206077409256 0.07875272317230042 0.0014086046465150227 0.06563025327632423 0.0020615289780576093 0.010830474933497281 0.024672231299505014 0.08529586594541701 0.025725675827410026
82 0.044326226823164325 0.04540944241946724 0.03281857225242004 0.0761767117712071 0.024880989145456042 0.06264474148505479 0.07638701508930996 0.02299591973777757 0.05329698832881646 0.061224737922301355 0.06870951793150544 0.07235679444681431 0.0708642905778521 0.018250971716677295 0.08385090944772866 0.007738927441344074 0.01011877694734628 0.06439605746870465 0.022092683719418107 0.0814597253276341
83 0.019330654160046173 0.06967877968963647 0.03816510467845046 0.05791611251221184 0.08098804671078537 0.0802249963951111 0.05564714222098578 0.07766132787066903 0.06617034190135876 0.0026937248705385095 0.020249016728362566 0.050753250118014105 0.047270620890242185 0.04866541383255961 0.007291457790766593 0.07323476405421382 0.0789718881898234 0.09630819124368903 0.010234736568435168 0.018544429574100123
84 0.033012245424680155 0.008378343036512144 0.05423769090309144 0.06424031432603539 0.05962532642168916 0.06027801999643439 0.02508286133063415 0.07644460493316327 0.07552526437986093 0.04191548630190048 0.05671464789493777 0.053173337391864424 0.07485393782262642 0.024408618598671536 0.07865069473057608 0.022253760637300314 0.04971733674038622 0.03746039329912633 0.018269096554259255 0.08575801927624987
85 0.06459971928703606 0.003024092963774922 0.09214038456825815 0.10318396537526182 0.08671033232393445 0.03827190786687291 0.002732440587013633 0.02398059293029367 0.03794696599839204 0.028032460757194975 0.05083791446026364 0.015371675153126003 0.010322070017828802 0.0024750476973875875 0.08084947840640155 0.09679559910394239 0.08185013638158875 0.0773229163087304 0.04220310416776105 0.061349195644937224
86 0.05622783707656632 0.014338622441845299 0.04461719576368941 0.043546136861423605 0.0685182934531056 0.08781979362499026 0.03195738097660965 0.047510027869224154 0.09965650541237102 0.0777376276301611 0.08408190081202366 0.025354133233499714 0.030409531053120747 0.0038156139024694067 0.1037489628465186 0.07642702178531788 0.05620514292260231 0.014155999904368785 0.030520854510986618 0.0033514179191060285
87 0.03366698248922858 0.044446044264698795 0.02974868201746588 0.023171573995366505 0.08381468041790154 0.06628494479040409 0.03696003500433561 0.08073691935437242 0.09156175148320282 0.06488561781524259 0.06604242266443079 0.0816307129143042 0.051906111222978106 0.012319106031440296 0.027236616279521165 0.09247780217392396 0.05020999183778739 0.011012195252797516 0.024394559619256705 0.02749325037134099
88 0.07269954730236103 0.06095870760873433 0.081443673495967 0.07922897040929527 0.09261573614791063 0.05825756770957659 0.049480020391377756 0.02339545902163002 0.03323938488529744 0.03297738842833371 0.005399762386447037 0.06785016222978672 0.0566056980831552 0.0684412296343486 0.043128955673687595 0.05786308846051819 0.005168614690405584 0.006532185188361323 0.033688498501253154 0.07102534975155271
89 0.05695271546756875 0.018347877873748367 0.08708168651846146 0.062416382601484875 0.056490121084774 0.03876773044690292 0.04861142285200183 0.017714793663722483 0.04233112491321936 0.05276568473037693 0.046653497428719055 0.013352387432614434 0.07794962450172388 0.021673890072497568 0.03330287073936116 0.09549616801719764 0.0906304819458408 0.07906379931977088 0.007521222747745223 0.05287651764226815
90 0.03900296010101992 0.1028283263225507 0.02480351323196384 0.09263344750723705 0.012575012170657577 0.05977229398839506 0.05032882789717404 0.08712135452626828 0.06444733324664281 0.02067024117467847 0.01087044556715063 0.05219005780355691 0.06202663075049089 0.027847325688696828 0.03893862277412109 0.08181121464888697 0.056150162613006926 0.024495560833676936 0.008881456464833784 0.08260521268899113
91 0.07502687095670922 0.05074294777299443 0.017134025000179444 0.06933049863726543 0.02928854260008394 0.08309419843456393 0.020864850541348085 0.05804451286112015 0.03394862063590469 0.011569908183880755 0.003419690209256331 0.10369367976647527 0.028190419244769997 0.04746506093206348 0.09141176762549581 0.04549718919639872 0.02487840316505867 0.09789194990263701 0.016247411045200732 0.092259453288594
92 0.031278657915442744 0.06200590029913932 0.09003029654333575 0.04519975214096138 0.04382988548551792 0.04414066625067453 0.08349163414612877 0.014989059406134193 0.0032221221810144964 0.04068533791347522 0.038585990488943 0.08997073747007656 0.0020390757026634517 0.05094224837460305 0.07557052676368405 0.046346379170540436 0.05090844118696585 0.09104453954643561 0.017449875524029494 0.0782688734902341
93 0.021067235736951087 0.089044052372692 0.03451584991125228 0.03690155374589944 0.046423670864838534 0.0918989171521536 0.08000599708704137 0.04731985490795852 0.03236193569037482 0.012167041617257814 0.03448170829738581 0.009430529768580309 0.06689512757519969 0.008132849957617462 0.029389586184568738 0.07637643882008409 0.06569055715452225 0.08012362372745185 0.05093116838233471 0.08684230104583554
94 0.07507165718884592 0.007550818241085715 0.02307814741539371 0.02778739026412291 0.01638908708526322 0.008931919946456642 0.03871941772101926 0.04706265395973658 0.05301937565490292 0.07791798485790796 0.1019513403609978 0.0697415407137077 0.07955164604165176 0.03438070603015536 0.08547307544621033 0.05292894093069104 0.05255441166843797 0.013425616298877223 0.0748650230683648 0.05959924710617124
95 0.014349035712743163 0.0025077526688826847 0.04023385740043657 0.11020454488543185 0.06378646855449302 0.07618591656334371 0.025601444456293906 0.01975372351050218 0.012142184815815483 0.04319411925852364 0.031589529027296656 0.09913643085344816 0.06344902280171374 0.06810336311404377 0.06617442144607212 0.0004829572638422393 0.110845628142745 0.03880716347363303 0.10918346354862808 0.004268972502110878
96 0.07525070578511253 0.01213413946438379 0.02847532014297291 0.08412127520270309 0.06907268144592553 0.09150207845575271 0.055349113962361196 0.049257718457705525 0.07051090263632465 0.0038299458824195146 0.056795435643508634 0.09613313174566172 0.10017054201413061 0.0031910695827283846 0.014158799552040576 0.03773017877188476 0.05427628507468122 0.023814065750256894 0.04548717405710597 0.028739436372339788
97 0.029506873405836208 0.031192910404774246 0.06338677024498408 0.09886734921326132 0.017983007728383373 0.14738554727497272 0.09436416500476456 0.05589696335243992 0.026468539134216436 0.028971312243712414 0.029264721129641035 0.03488885840106738 0.04856745454141221 0.015338052471109054 0.023317707953046024 0.0034081108927676842 0.14323484651840135 0.020335337663533376 0.027759292164695436 0.0598621802569811
