0 0.09537556927410754 0.026985903024712387 0.015383537641297355 0.02891648775191158 0.06109843919003253 0.015883014196375243 0.12691429801202225 0.034024539525717025 0.0057432196472141815 0.02701102479247668 0.10677931398671407 0.05489028906820788 0.022257185213516786 0.11240069204602633 0.06472483274026963 0.020567345660870893 0.06124391025187963 0.030072689514325145 0.06568188395608111 0.02404582450624194
1 0.001854112423145555 0.036607195869574026 0.004517080889289058 0.09298132066901937 0.040516911368915436 0.08910828167674031 0.05913480025635467 0.03514034076636562 0.027684051999900938 0.08233766765044978 0.079005447329511 0.0730054468734079 0.024696483269370132 0.04960166477185513 0.01714203637980264 0.09336720861151328 0.006990738600460382 0.09379497469929968 0.010795194902925263 0.08171904099209991
2 0.05814875732434198 0.012467218639673157 0.08177333844365317 0.07664891511823531 0.030923230574618838 0.038269932796657274 0.0666494969890579 0.02594377382390196 0.03190660347819085 0.05829808279900706 0.05892939002591459 0.06745641229666523 0.04377011079880262 0.042393172192727376 0.06950249276136823 0.0008907124901092895 0.06602477452704263 0.05763814074666855 0.05354641803327858 0.05881902614008562
3 0.006760584814470884 0.06715646231015245 0.06198951394614077 0.010902283186944313 0.03419225465669517 0.03381848186763901 0.0038873968690945403 0.007407622470290249 0.06283847022994828 0.03943605483781027 0.08956251547053883 0.059181792159491604 0.00999800618300526 0.08410609466744803 0.04369824407351692 0.07844397903606437 0.09771722040049725 0.09181526775401334 0.0690053310863123 0.04808242397992617
4 0.07189042957239519 0.006879856782498356 0.07305722815109705 0.05841835342569874 0.04675297740131556 0.07262877690533301 0.09670198963042828 0.0479730453055797 0.04674118112769413 0.0698577795403574 0.002163054277977776 0.06619671759037363 0.049789458350786714 0.07724876404303409 0.02656645427826083 0.08477610162613057 0.005573524430948518 0.021944255254349305 0.00420389626077457 0.0706361560449664
5 0.05360954989715217 0.041823424192316605 0.021217106513851103 0.019068222947668665 0.08223773313498868 0.07338333398631712 0.009892624055875614 0.0896338991254329 0.024361422875507802 0.01043257781298869 0.08434496798601007 0.05001223558117482 0.017089263202325684 0.03406390635386815 0.05471816206980337 0.06469163008642671 0.07344371725716646 0.09116459659631451 0.09311097499804691 0.011700651326764143
6 0.05577915741621731 0.008706696575227 0.08206142794934534 0.06853423295911443 0.06480808909620817 0.024118949130058843 0.072191769348924 0.08733842303768681 0.07935792062641757 0.049703255502668464 0.052019935954476265 0.045409058068838916 0.012789562460365634 0.04607134203217957 0.039682594545179764 0.012298244211066331 0.053986448531796315 0.06540166938556928 0.025898195416710196 0.0538430277519498
7 0.06283161348662326 0.005209391236853274 0.05775053279227128 0.037833165586706526 0.050247745953164696 0.08099685211659813 0.025941755133089044 0.0802259611495394 0.0870085266503933 0.027398312454875718 0.007491734050765542 0.08732926044645364 0.06828168535462811 0.051123393237411455 0.023802672601771904 0.07356154893450614 0.05451225093981255 0.07178973502796335 0.03701063260222262 0.009653230244350023
8 0.08628373134806974 0.028032524558421607 0.07005680680590408 0.03276288260714074 0.005464193933173363 0.03237356068847094 0.06736392009186364 0.06069752401788117 0.028610373031867548 0.015040009353920837 0.08218448660332005 0.03609200699019027 0.006689811525166211 0.007546700626871202 0.09488944004086448 0.006732916304097637 0.10810166176276469 0.08651079283057082 0.08958735274016179 0.05497930413927909
9 0.03487902584695951 0.012449395525831677 0.05027953324106294 0.06868306772511949 0.024972485429680565 0.036044892508283584 0.024535572099343525 0.027585321809148886 0.06159292033952666 0.05504720458906351 0.05898956452998054 0.0028472176838309866 0.09225788426767488 0.04468866669216389 0.012854638304662203 0.09991146616840382 0.02346956687338035 0.09651446206098996 0.08757325949249448 0.08482385481239847
10 0.019888745001038217 0.10500044754774211 0.029665015989076712 0.044655027144186635 0.019143609328948104 0.06857177499509662 0.08658252721239663 0.07117971884250324 0.041361227822166606 0.036356513082801065 0.11157811404481659 0.02478859392191659 0.03984265700914547 0.04616806325592522 0.10947561164676563 0.04696494318273405 0.0005281049574794439 0.08353517596394625 0.011892434633632386 0.0028216944176824603
11 0.016587193678371952 0.06329030123257028 0.04150681008980837 0.0919084734051979 0.08511533815164583 0.007376837725267788 0.01872540896001465 0.07177560270710635 0.08517635445381773 0.05453873681348499 0.018904503717001104 0.07405249343590846 0.07647257563241681 0.0715358593608282 0.02432768935940327 0.055987885559240815 0.04887344683050915 0.030449999079384706 0.029306265930708057 0.03408822387731348
12 0.025719906677610104 0.026579636839519426 0.08358294800569722 0.0227059253873008 0.04876438866282949 0.08755665114279762 0.052000943335353184 0.04455981818974871 0.10850682008349383 0.06797910371082162 0.0072257316094343745 0.09114089401892315 0.013373259079039699 0.045515486498428195 0.0022461988863575217 0.02588288891034537 0.07718901727329763 0.08114684792094579 0.04074503794145111 0.04757849582660525
13 0.08546722075856483 0.00817429022829971 0.014589788706894088 0.051616494961638316 0.03383496292284004 0.024441317275883587 0.04160359823935888 0.04539755385021769 0.06552216058247554 0.027094490667051635 0.030244029817789852 0.08287307006148881 0.019947135624448616 0.05400099038249255 0.007953395373555897 0.09235244353477651 0.060168905654870465 0.09733987396599002 0.08729960860295978 0.07007866878840337
14 0.057227887432550355 0.0466293746453904 0.02939626591771467 0.07239633756922184 0.05451621189170434 0.0648741380421571 0.04586787939458919 0.024632448548804833 0.04651773582079644 0.08425139460748045 0.03876108554169615 0.03739401473270034 0.020448609145709982 0.038777784992997694 0.08272250310010096 0.05004621581687301 0.08576228637485614 0.055247179133488325 0.06346956342162328 0.00106108386954454
15 0.01563197179404865 0.09079238326629722 0.03236817971734786 0.08769058080610988 0.06702399606040688 0.019327138078907197 0.13051893145528856 0.11935940434736125 0.020286612346796542 0.08130935146879498 0.007216561120134869 0.09314136543014126 0.04707427599526388 0.004778315566560341 0.033404430147428416 0.01973747083204487 0.03443510281288128 0.0036878013840481263 0.05403091195035756 0.03818521541978062
16 0.06436635032433113 0.026120282657034997 0.0172708789715472 0.06873667963805465 0.02004027550945302 0.02991521333844721 0.07331194420726439 0.0507412986321501 0.046236302239703465 0.045882230403528575 0.09640551632320642 0.0013345079156189953 0.03577582015837634 0.09802716809340566 0.04125885026634418 0.005907945552993488 0.0445604702696894 0.0773391810410812 0.08224111684504856 0.07452796761272103
17 0.06463770393535152 0.05180296414219859 0.005306388143357615 0.06834867054837135 0.06594563348483576 0.08133153546460875 0.021377893698053055 0.052365112636383354 0.02605122722526921 0.07207200558547149 0.003770295951700793 0.06784787226726326 0.059282416690266806 0.00944865341620345 0.07539874489047159 0.05825810962227658 0.07164973710988748 0.059394297911197345 0.07647480655047464 0.00923593072635747
18 0.014905512521122917 0.001820481955078723 0.08693958578068119 0.07255427055792193 0.0690639196670475 0.028321732753584114 0.09634781492931331 0.08489224764422237 0.002180692468357308 0.08221071699118011 0.04544976747997256 0.0019028290036370904 0.10853365395589913 0.038511985029490735 0.014050791886979556 0.04988333568919551 0.010048367954720782 0.09655396744706943 0.012884117119970446 0.08294420916455533
19 0.07762047487656978 0.05766023928154042 0.01063442284272079 0.003145357092512678 0.03209443692832102 0.026988828007736082 0.08216611660375597 0.053364869622058345 0.07082666659565927 0.05378084128951442 0.005341638243354391 0.03953192164087497 0.06361131927278552 0.07387665693099035 0.011068370401523003 0.07820537762168325 0.08306920465709859 0.03174551880338831 0.08962899941802864 0.055638739869884206
20 0.04212644013205593 0.04423487790043419 0.03850727716757961 0.06051523537420533 0.07042606233986674 0.07567515648475395 0.07346531253108747 0.06589698655409022 0.021041503599559717 0.07329121270676034 0.04661243014260987 0.06475251416027128 0.05180753162126366 0.05755145907041929 0.07121269446274138 0.013141938287578708 0.03721459778448955 0.05520884381377568 0.03015953472212805 0.007158391144328969
21 0.051748324925307114 0.0649096230428473 0.06878130542139049 0.020635558947698758 0.09798805888713448 0.006930072058155081 0.07118206371213508 0.07121811834753121 0.002211651856792998 0.10298742460252379 0.03706058728483717 0.02221069718890038 0.05158764270477728 0.09102744931572147 0.029327534611801574 0.03928978888064952 0.019054186693205726 0.05835160483363681 0.008893914006634144 0.08460439267831983
22 0.05477351438722088 0.07919113282808124 0.024419452074288937 0.028234072126921687 0.07984173426781142 0.047232636225446364 0.049948108598267246 0.05329235965619364 0.0774164145809753 0.0675018402251755 0.07811305106950008 0.03989467945923407 0.050810796999836316 0.06154099103366403 0.028381485262323956 0.05099299680251752 0.06110738039841762 0.02636185589060813 0.01504760219116682 0.025897895922349326
23 0.000515982404771752 0.06117660647056918 0.06381653127694675 0.022555926596211556 0.06658131218508447 0.023154872771324154 0.0683501194245901 0.08135189505371704 0.08865439467332836 0.023559319943818838 0.05447095863637262 0.08732842398872932 0.027539584187173456 0.0016307943352694002 0.09285840455690927 0.06531688434055502 0.03537364931959841 0.05253803725481098 0.019491216064322213 0.0637350865158974
24 0.04702633460464744 0.02523383563119595 0.009284732778054635 0.01678670073812357 0.10402898065127596 0.019079018909634284 0.0026973006459061494 0.0436473744073247 0.09780490725628173 0.10168435827847125 0.026864525383373198 0.07381134592775813 0.06078333941687805 0.07540750123822948 0.0438860586090813 0.09120795151573818 0.00433883974876607 0.06854597499024488 0.0161559833474029 0.07172493592161207
25 0.07644074186891825 0.06169884599717627 0.0336308601836909 0.08853437418531858 0.06912172217671943 0.006672652043778978 0.05026171626531859 0.012543784201014218 0.010181697664457371 0.00398942367274971 0.010164029437016109 0.08486708273616222 0.08848852723461074 0.03349366573454793 0.07343322965462037 0.07791274991180798 0.0324584202493108 0.052302520413824695 0.07498350903685216 0.05882044733210481
26 0.07817348567764515 0.017560031382254686 0.05906154195423832 0.06706929062711171 0.03761561023581522 0.004315145468736051 0.07897233513918449 0.040092426249084274 0.045598458464042445 0.060376183785917525 0.0010638038156617036 0.07898664533996853 0.07917983134808751 0.015700506438464625 0.07435528071089963 0.05108619877743458 0.0592238086527713 0.07290071791315071 0.021924519163479782 0.05674417885605191
27 0.05718507501118448 0.030144427967340518 0.06622736886741411 0.06921536252636613 0.01277516150436114 0.0633422951771159 0.021184475756053808 0.05371372705776858 0.004008750281210989 0.07899459449189523 0.08264135774244918 0.04655313754676303 0.014049513194042074 0.06828576774083288 0.07283584814119935 0.05616142597832466 0.014244017571912989 0.055734796314622984 0.06387513117159468 0.06882776595754725
28 0.09088202691075942 0.04055400586687444 0.01708272921502056 0.01024757523252171 0.03811619533278265 0.02860078301017747 0.07273736877794462 0.04223129753937731 0.03220069493404577 0.07950398933298126 0.013612508065643288 0.017332040856720608 0.06725231157444228 0.05457712607956056 0.049835043376984606 0.05054759082278382 0.08006702714679817 0.05463142180625287 0.0796325225631155 0.08035574155521304
29 0.09952933605925883 0.0215987096397496 0.043729131836549195 0.10125883089140102 0.05623527810552049 0.022054764148993367 0.004835063689200191 0.008344257431944663 0.09223184472524128 0.08024207713888164 0.0502301862824597 0.004227785747361749 0.04426894925896403 0.0893744714264315 0.09465498914051702 0.009837214507381745 0.05351485374558302 0.05629104567712892 0.00626513556259546 0.06127607498483664
30 0.01582603958210354 0.08202928206807042 0.07665950004984362 0.03185607649139497 0.028825104042367516 0.0688157686401154 0.01294664849964388 0.020456163902487917 0.09377818105063707 0.06687581841047928 0.008802740268843933 0.09801259701099989 0.02488211532644668 0.05546987742844784 0.009798556761750309 0.08599000397650042 0.018920798860339073 0.07788550449121288 0.07991510673461832 0.04225411640369706
31 0.028251493828709305 0.024116556665478548 0.011882678714940148 0.07959420262503342 0.06514553821713026 0.05086314959935778 0.0032826458869748597 0.032187847935880566 0.10252517409711757 0.0025055181955880097 0.11211433260760141 0.03193978698857675 0.10336044632854396 0.042272691848396035 0.059214045254430185 0.1047848369649808 0.00638690917102506 0.038620599221984984 0.0308013398015469 0.07015020604670377
32 0.0808281176246306 0.05411599826150827 0.02984394941082338 0.025084094157341617 0.021569441515719386 0.042655063928942256 0.047248807388024394 0.03212616313437173 0.05047904146667375 0.07769566010797162 0.05058802707095594 0.0345160256034811 0.04223339380542117 0.05570917081097824 0.05549922285741021 0.027969196188318605 0.07261778371911273 0.0650898204459097 0.07024027887714707 0.06389074362525828
33 0.02915595511025959 0.04181111898667767 0.06317853534991807 0.09034734320546259 0.002218607458055527 0.0698777551603389 0.046295447887301874 0.0549953729678738 0.04878923597926759 0.028335296459841366 0.015886236700777528 0.056147083837384974 0.01582347193822061 0.0617639135637788 0.057906994632401725 0.07390300749017485 0.09004760817891197 0.06527629329250263 0.08515414787480255 0.0030865739260472072
34 0.050118384311880586 0.047269584092058295 0.028515895343779837 0.07316600799967506 0.04775126037962043 0.019832807321322855 0.03958563352943443 0.08392380302676725 0.04875763858652351 0.026356887819134058 0.08288451804987362 0.06949781854169047 0.05427830420206133 0.019637299828957712 0.08500430840123058 0.04130293859562125 0.049276354604779624 0.053250968613568955 0.00155126689785473 0.07803831985416541
35 0.03985384746201094 0.03168246915903973 0.01811685002169168 0.07865591076177333 0.00811545588829844 0.03547763995041338 0.054658680823066116 0.0013773205325384758 0.09788863158471131 0.0020048595960562156 0.11707526232930882 0.021012984604279833 0.07861801679546733 0.05633489010120155 0.08321053563876314 0.03870436972881492 0.07017853804389237 0.07988461919743649 0.03582849787224161 0.0513206199089943
36 0.06101460860956753 0.002598398189816898 0.004519211842121291 0.07849369057071053 0.041492316026403846 0.10746464537620208 0.027402471736799945 0.054684404869876246 0.06477042088555883 0.04507451701340487 0.0365779064767506 0.0614540529265993 0.0023574626288559563 0.09692174661584689 0.018300859363338563 0.0211617694634219 0.028335852595458316 0.08121904960905157 0.12298360793036563 0.0431730072698493
37 0.08455348915595708 0.01570234858136547 0.09549034518070898 0.04114582681759878 0.04809883153764198 0.004864996013020572 0.000610693928026902 0.013324830637426444 0.08705391464391525 0.026121778993270544 0.09139991178760505 0.06038383455630014 0.08604809625136423 0.05100938387923407 0.04870273106557146 0.04874697575997083 0.007200106058535356 0.03133931983049499 0.10779965960637276 0.05040292571561919
38 0.062403497775344756 0.006970379239990723 0.09480922821217636 0.05774832639317039 0.09907887168312782 0.02947937849219343 0.009522086313793143 0.036013349554064863 0.049133072685652694 0.03947736000884427 0.012450505716765089 0.03693677538161908 0.01785761404429547 0.08385967116459715 0.051318854556313846 0.07628695920656277 0.09316927270241068 0.05199802013190131 0.08508736656587675 0.006399410171299188
39 0.01385263317679278 0.013674417908976486 0.021375146813142683 0.09551286243586259 0.056638222339252565 0.04850000208703194 0.041585857978781504 0.10059685820627287 0.05018702385608 0.06489210550999115 0.08400825596509875 0.08449075478588491 0.07709630494867467 0.0772350920790469 0.004267523888593231 0.041539826175407316 0.003956344037817905 0.024955552401433205 0.016949306209410354 0.07868590919644791
40 0.07476122728758114 0.04624704257402003 0.02667913776469241 0.06167826208865056 0.04987396568595506 0.024505772409839782 0.03881899420912027 0.0952009802917541 0.05045389762715497 0.06688362473625627 0.08072758951313516 0.00504724639398357 0.06934875359860347 0.0030351911101823793 0.03538594878545507 0.06511012436316549 0.02598154510517919 0.1001896755546066 0.049576928306324076 0.030494092594340577
41 0.0481274110115868 0.0892459378538836 0.08676736557637282 0.07623790021141849 0.03453618337496865 0.0619478291873364 0.04850170220093996 0.01896822158080944 0.049730668371484404 0.04303488496553546 0.0709308723486231 0.010016097955942098 0.06575245327639406 0.0460307661890342 0.06564364952738098 0.031693479132969694 0.006527598282963822 0.048247652292682394 0.06237438356917455 0.03568494309049902
42 0.0540103315194454 0.07488961527250901 0.025460823251512547 0.05166513336402496 0.060628604512218874 0.011733006180202387 0.010219378489912632 0.07855118705500679 0.09485342010766541 0.09621756725142999 0.038919977459489837 0.04314440656454349 0.08833007356159103 0.07458034597011386 0.012961390132394907 0.06316179299731928 0.0096851358137458 0.050648141995094355 0.0476761268466084 0.012663541655170887
43 0.02314804014532678 0.05524374514152737 0.07123824437544574 0.031109756427291718 0.0059967278815710205 0.0793434665346407 0.04451593728852113 0.02989889844290201 0.05522209027327526 0.0034545703125140777 0.06898615183719803 0.07447990261035185 0.043047061903332136 0.02455863925323806 0.04187572957942856 0.08280877066351644 0.07620976171500998 0.057610718385182016 0.05454717642661676 0.07670461080311053
44 0.0601135072712949 0.023203926514873303 0.0672119210203026 0.031085336360683866 0.0788623057738994 0.05226747699083325 0.07413358285936718 0.0744329381095744 0.06287326947121534 0.0611715558921266 0.036201395551612614 0.007402954873386576 0.04368094717250323 0.054503991344502824 0.08174487717250742 0.003050183140347124 0.026021081397153364 0.04801997681907367 0.0446535421822739 0.06936523008246837
45 0.015326971239358696 0.0994643356811022 0.07509125537968668 0.021790699982886956 0.01734778596828062 0.11003295139476758 0.014051002276638183 0.049766004311930415 0.017482501590938587 0.0951805808609219 0.08584162310151729 0.06032643314829282 0.029940339747982922 0.016321266148820197 0.06095393077841507 0.08376948337290482 0.03241682485149211 0.011219637073387525 0.058871158694150084 0.04480521439652531
46 0.028653638863381976 0.0036181035061816076 0.08564349664775037 0.008411182110724476 0.041086285000168137 0.08883918433626263 0.06858825010909003 0.021007423508071693 0.08517754481982945 0.0022720233027534796 0.02394420553902087 0.07974994249946145 0.04235985092606643 0.08487542266603065 0.0766731435473688 0.04503815160810772 0.04588310548049545 0.04236496669608601 0.08393616360975052 0.04187791522339827
47 0.09515962720060805 0.04802315573575845 0.010514334417564037 0.006071232712077555 0.0234838567365349 0.06970586050030762 0.01723022572445085 0.057022263265305885 0.09157372853440285 0.09012274149508354 0.10530902231582902 0.033937481143836795 0.061514641420861514 0.05308208149414594 0.014869707576451303 0.04344098529901105 0.04278862502871333 0.11119231778821276 0.010795761961271086 0.014162349649573715
48 0.01734312214389364 0.04390708332743668 0.06732695470202361 0.0812122092808073 0.056386455931753864 0.08960475252929433 0.07044587162152334 0.08336396271953778 0.08292674695214435 0.043223734927546976 0.04894597395241338 0.0712672006867563 0.012076129474146182 0.049332944052654405 0.005722046459625143 0.05279602614405191 0.04396482702865247 0.0253675635310986 0.022676510445577003 0.03210988408906262
49 0.036785829395622555 0.005477586847101284 0.047929050274881285 0.04570474546001956 0.08836082796874778 0.054940979104679995 0.09410489868062544 0.07096283884077734 0.09609488169790155 0.017992942622404973 0.03644155773065759 0.027808382974348216 0.04365017475324532 0.005013622125191497 0.09252752714632517 0.0615214584143407 0.08072748375081273 0.026752703253026876 0.005256944489973526 0.061945564469316435
50 0.0458423847930873 0.0818390486183926 0.03789521170424719 0.08306594038987218 0.04554892827041686 0.05531956341039522 0.07101140854792268 0.08327021791398537 0.020356610303729983 0.08723695171552151 0.020816830968052157 0.03136176273787469 0.005048720139252407 0.026574024767406907 0.06227049502369322 0.030832377363384473 0.07999211335687259 0.02112347055674169 0.08714536765986264 0.02344857175928832
51 0.017232354197584177 0.08733930905115378 0.0020275823875525612 0.054947163737571164 0.0032004357925985356 0.04744161194448188 0.07428901545725543 0.08815467175639125 0.06497872493559481 0.0643984953702865 0.024303026653445546 0.02972290511754309 0.034132111861303306 0.04226169519027076 0.032078703950697875 0.08103740593278942 0.07517706606405569 0.05396626822653094 0.07788095697556369 0.045430495397329566
52 0.0503084639065074 0.05318580169687022 0.07179712791726514 0.03660640751013082 0.07782456307687463 0.024244189121325494 0.0794478454359872 0.05716572543983344 0.04528182145102287 0.06836167394388451 0.06373339652776151 0.06937175409786485 0.01733476493187523 8.92621102310602e-06 0.010545345389221507 0.0625523214567083 0.01214069048304921 0.06659478661503013 0.06121296405553218 0.07228143073223234
53 0.006791979595977497 0.06020788935295442 0.05179198215264525 0.011353307064957439 0.021525542661873502 0.035054403109048844 0.06713638624913636 0.015107098485008925 0.09037029433652967 0.08707421998254143 0.07211899105785181 0.023300410559661255 0.03033006194632056 0.08965105146777429 0.05767652491239231 0.01053503541061851 0.001234469876411217 0.10200126374021382 0.10470907005403116 0.062030017984051646
54 0.02320447286801087 0.06631669350965896 0.03916459074616597 0.07502269780742307 0.07059699461178302 0.08296296663603049 0.029859058799956487 0.014649979543413348 0.01990310935195696 0.04573785616956858 0.08592657049514166 0.031315323552175846 0.0429953845655615 0.04193131210638879 0.07574478234038852 0.048294012328515275 0.013547719368898033 0.06178659073360804 0.04783602168083938 0.08320386278451504
55 0.09020039379744517 0.011940617669427023 0.08585866300573856 0.025940121337423492 0.01905138106911489 0.014553012459540384 0.0906003625811332 0.06897296008230328 0.01247540967092769 0.0815910995899149 0.06623622829577862 0.04931766801152461 0.0520867165680503 0.06716450166946268 0.028687663627597514 0.02477971126216138 0.010315417913396078 0.0779929769177049 0.0831661096627911 0.039068984808564446
56 0.026529480325624948 0.12106731788041422 0.03975093753297126 0.015742779510752047 0.0259450602280845 0.02659270051251293 0.0033256457146924046 0.06621935910988475 0.08819722601000159 0.006743432334239527 0.013861509147642762 0.02628397588888012 0.0504499226335602 0.11976568924461947 0.0032599104044969273 0.12035136310152122 0.06066772641179953 0.03970156100020468 0.0820394540482499 0.06350494895984696
57 0.04149413675139432 0.039338702134282255 0.02651729411828929 0.06931081102760965 0.002417364733553503 0.056152504521780965 0.07824877196842307 0.011277165933225246 0.0773953963870874 0.0726313362762284 0.08517681517365959 0.04397016448098625 0.021460854115433897 0.07164937359090962 0.03473021067203095 0.07065024816057351 0.026841012168868292 0.032827046745327354 0.05012760492528992 0.0877831861150465
58 0.007587770908271414 0.0006554781854774934 0.061124238788560575 0.048047106448461746 0.007993601677556748 0.06065796679197656 0.03468442601749519 0.05368073578713061 0.03430974423752746 0.09592091294650058 0.031828803434224374 0.008494373157222715 0.09429621961183542 0.08686613377936107 0.09300709817606635 0.024697882895691244 0.08196339372949439 0.08947830137560925 0.07564993439112071 0.00905587766041608
59 0.014327993772469278 0.09851233402145633 0.03545297781053248 0.06269039139819428 0.08808874923866668 0.022352084452547844 0.04525195652405456 0.07710559149673524 0.037586426147924415 0.07142498004735705 0.014898449425256914 0.06404379531003174 0.009587287024733014 0.005292869431652845 0.05290279833273737 0.04672034420604762 0.04071656340373906 0.07233379458117915 0.06075701138590817 0.07995360198877614
60 0.025995955479456163 0.030733134592726197 0.07036398486897592 0.0422244541811357 0.06830953377508707 0.0676786703295985 0.021468900756372967 0.018451981158023937 0.050647215843018734 0.0688695211247971 0.051152894523676815 0.07066047067477524 0.07870476390754606 0.05947025540515138 0.07902613238129162 0.04073493560116982 0.06946822714363426 0.0010711642679889278 0.051061870796567634 0.033905933189006025
61 0.06309709533569716 0.08814668721665024 0.07759951073616785 0.06887736676129388 0.03160270672290357 0.055222823583103625 0.05166344304342219 0.012289638826920963 0.029892811015185185 0.029045863280283104 0.014439697304729686 0.06879072853683584 0.03592997006099867 0.01536875345525547 0.0707882711073518 0.09055638497674208 0.07485120488517111 0.08378928005905868 0.029457554098323235 0.008590208993905632
62 0.009856995253499473 0.05241155358016343 0.046706999484294805 0.09726374624036781 0.08500200085350725 0.07893396874234108 0.010593470336137905 0.06565076805008649 0.016418456049927803 0.09097615179239907 0.029700732461341584 0.0471440599296101 0.0597849455399808 0.06899033065180914 0.09423529246439424 0.006715967267200374 0.06635627191416647 0.03602680522481665 0.005704817723125601 0.03152666644082969
63 0.06402191905964173 0.028919764945426016 0.027813015943296972 0.03972523879626418 0.0911960648844391 0.08886964164034579 0.0813426493808009 0.06646307406729898 0.02098191004753014 0.032672076035486275 0.0281065289785243 0.07613749759517563 0.03354822324328513 0.04643923624259077 0.0006493766967835111 0.03451060144218669 0.08418988231877811 0.07551437764028016 0.03462545258979797 0.04427346845206771
64 0.04954454770452673 0.008837883162760274 0.06709339920512837 0.05802164177235879 0.008723108240579742 0.04021636718583132 0.06247805551406647 0.05483519157073695 0.10152145028084687 0.006313744114937523 0.09357592840175954 0.021138615961054975 0.02947096324641936 0.06186318377186104 0.03713026195294623 0.08170004713484766 0.007729851017534742 0.09505932567317803 0.0935066431567919 0.0212397909318335
65 0.03429940408347662 0.07451565703267957 0.0813088908833999 0.02105870859297788 0.05807730363271569 0.0795207053799334 0.048720364684630466 0.06382590343974982 0.0755127147305215 0.02973641000546516 0.03251637092564603 0.012219120628806349 0.05241964396512324 0.021406807002125296 0.07545526559107198 0.05607007987807805 0.07546281639243754 0.0229948880615985 0.005118716329679968 0.07976022875988288
66 0.04689584903655956 0.03315920958595287 0.03479127376958003 0.07563627581217756 0.060308035771083617 0.009169521146141797 0.08981891539822677 0.07126935026313425 0.029252625137160884 0.014313374913013972 0.09081587631510815 0.0804135043351194 0.04244160547940917 0.049199391016843445 0.08433592239339639 0.003129760226429865 0.013107817353096955 0.06961913114856433 0.021909378881556106 0.08041318201744509
67 0.06533931203050652 0.051703073857607355 0.03405827039119837 0.06378682072705608 0.05830290860266742 0.06621867760324916 0.011897320506143937 0.0560646265306579 0.059931702529163036 0.07123552719627396 0.023607541379557048 0.016076973711782575 0.06338296851643538 0.074045204508077 0.08316653496728267 0.043108348391688214 0.0630457893488235 2.305011919395558e-06 0.019065340614629684 0.07596075357528072
68 0.022913683984379065 0.05654882559551266 0.07953308530595223 0.05604832013820724 0.0676104838264948 0.020627055213044646 0.06456737757077825 0.0943302846384487 0.04781257526188759 0.015439834677480554 0.09027011939695989 0.012389238098832713 0.07859283436951876 0.057632198856329815 0.010822220149987318 0.05287738512033197 0.016118160240385544 0.06049762955784811 0.07387945293118886 0.021489235066431165
69 0.017501278376699132 0.009310048466870108 0.016221786735458734 0.06513249996460481 0.09865019012829537 0.08816504310145686 0.008160105019170024 0.11901407077017985 0.002159798810448132 0.08072186760028648 0.0322942625824247 0.12410829705395775 0.03616413867685306 0.045411647702951474 0.04696101795183443 0.10626471361828661 0.006422325757079054 0.02780762401767722 0.03285690229586584 0.03667238136960054
70 0.00911193356674265 0.07966766505724898 0.04840906633928481 0.030870164457837364 0.08261578124583338 0.05604474601850636 0.031576770777156454 0.082246755100058 0.028277562544231628 0.09940014199586569 0.05290343924990051 0.06045397241233848 0.041138813280648986 0.09962497385208492 0.0023403393324714166 0.05061259669372258 0.027016733024872265 0.048789164899477176 0.008839504753753665 0.06005987539796481
71 0.025779318298114574 0.007659391034359154 0.04308870315867258 0.055778463696802935 0.09172580262842711 0.0920544625068567 0.050623592996126836 0.061658779937495384 0.052176552184327644 0.0671941885781824 0.018503011405721533 0.07006601703141298 0.006325722666794503 0.05436773482093815 0.018625324864619253 0.04143827275340875 0.0918345790178145 0.05218926347473153 0.06028740900491886 0.03862340994027465
72 0.07556166792986198 0.0745542546348916 0.032480710210340165 0.037420898612783665 0.012536579010185438 0.0422969072941378 0.0782417847856937 0.09345424114781613 0.07993517426176099 0.08090696502480034 0.038815587292511715 0.08484577625342406 0.06643933138137942 0.00754596346898057 0.08171695067381858 0.023151816884058287 0.032284243889273985 0.02062526116868806 0.024841801553166797 0.012344084522426593
73 0.003450447566663717 0.024932708742541852 0.07447796299892794 0.033471045204797954 0.009169436784017222 0.061991865402516014 0.0770034977577485 0.028556847203699085 0.05428970638353416 0.0319794671718832 0.08131636967549218 0.08454684192206578 0.08290171561877827 0.05814445694186234 0.08547115356357891 0.03237859552961961 0.021617214204018163 0.03949518053065066 0.04074151432615915 0.07406397247144542
74 0.07870796789573162 0.018044539205921632 0.07138514006547862 0.0045660555469459 0.07703093573591016 0.047162635266015066 0.015933404252609952 0.0586817786469269 0.0596214173001412 0.08282210877095433 0.017843332388000625 0.09054157728440275 0.03141776696784011 0.09295325644393376 0.026462774644708167 0.021663960739057755 0.0930640636149609 0.03117772637526698 0.03935736807057825 0.041562190784615434
75 0.09690572063304063 0.01866435538716163 0.08542470148801513 0.04233664218579579 0.04468379449871862 0.07784473253386648 0.10264747864032824 0.03866551980712197 0.057954332151602464 0.007484541817727727 0.08416739271173998 0.03357895442153279 0.027972681914256167 0.011152397086689912 0.09073685568478682 0.048074334851586555 0.02512435129151962 0.01791259381345424 0.050070030097550136 0.03859858898350513
76 0.04967663976902567 0.015967196016739942 0.014168451782666144 0.09773648675368185 0.0238567860014395 0.016834172992291306 0.03582270997767444 0.03734913485565582 0.08430785608380398 0.09081369443270033 0.06834499769369405 0.033639566182088604 0.08180802246176093 0.0014095774592607494 0.10607634098602965 0.07287736889113632 0.0167617927374832 0.055427199218760215 0.055202611338650925 0.04191939436545629
77 0.08648491231873366 0.003198332120012536 0.06034574656812565 0.0716637853134718 0.05137473470855776 0.0043587946270226205 0.05443406959079049 0.06636502496513727 0.08857724321171521 0.0875081971650322 0.07719390411727654 0.024547468028935125 0.03792224276220333 0.07163486242491193 0.035515500222469645 0.032717387572089 0.01406151139314317 0.010000197985491508 0.04019335889742109 0.0819027260074594
78 0.08067886206955552 0.041959816459567645 0.04380760568359996 0.09659288479661331 0.011650525091616428 0.003721818852793243 0.020779750640152667 0.019301097875076747 0.09545101261276018 0.052374002558628015 0.05062153982992579 0.05377461639909394 0.031882534575432456 0.08462365641522375 0.002750489928777474 0.01630206133047213 0.05973998207128182 0.10178425557292163 0.06832794452135914 0.06387554271514827
79 0.07705709260690355 0.03564950031264444 0.0194697319772049 0.057304107955654014 0.08628583323151912 0.08106346874778073 0.020875734814772923 0.06614832217963491 0.04288003591488041 0.08510087483810759 0.08096337523978744 0.03200943456161738 0.05647698543124388 0.011970940510058111 0.06737842413816472 0.024577756516078596 0.07811986892532394 0.023131556376890516 0.02460506847482451 0.028931887246908327
80 0.01755190993727218 0.04275679242045048 0.09295710122057864 0.08959257109020008 0.037113055808463684 0.05642118496313183 0.002172117766378617 0.05046483771301669 0.08235825633175871 0.016157164918549637 0.05565257745731495 0.06366969302627638 0.06749890786532638 0.056328881700442354 0.03484578279355148 0.046028142809227526 0.09491852896210884 0.0067970757480391285 0.038208392911868984 0.04850702455604363
81 0.05115217159675363 0.09637100557637746 0.09916566595689315 0.0033529244867128057 0.05348970088668601 0.031001946360318326 0.08022770202836749 0.0062862755702305165 0.05914412703729832 0.044848906806719525 0.06658980519836943 0.09080053970069643 0.03988130976790369 0.02011916791804751 0.020912387087721085 0.027107842960961314 0.0122646021633506 0.09203167809989019 0.10493929969683959 0.0003129410998630384
82 0.048934938872265445 0.004285143256439261 0.044150594458437456 0.0045036147766583014 0.046635450567381186 0.09023851036923794 0.07467604748045141 0.07834775874830313 0.060625643830164076 0.07582492144903291 0.08414911621483578 0.07560069209989698 0.03489501597424164 0.014324210162828654 0.041537526896337204 0.07602208017394095 0.04201174632319611 0.028439082372385988 0.006714781785859117 0.0680831241881065
83 0.07930911964827586 0.016515368495013432 0.07405250274223155 0.0817696685340954 0.03495573913396479 0.053525528427542594 0.053137118648360335 0.04498480151805516 0.07209885958707161 0.06773623246177572 0.06896583456580418 0.05077136810397508 0.005877960972222989 0.034236940924978546 0.02229151007922266 0.06520708236410058 0.01694003772508728 0.05811590756652786 0.0759799457320633 0.023528472769631357
84 0.08443239350359677 0.011754162820286969 0.04908762250208069 0.01944410147781612 0.032270849477277604 0.07809660512097777 0.0010316084998426582 0.10145506174269844 0.043910722190648455 0.07122123266292953 0.043863001755212475 0.06300479060703515 0.048553016689405995 0.08558423891057083 0.00861681040263772 0.0732580587413726 0.00705036895357159 0.08191408779687305 0.0690155902046541 0.026435675940511542
85 0.02106049182599414 0.01199590273039407 0.014382365052257646 0.0017995958460700324 0.04388924545277867 0.08232643328136821 0.03669523013703605 0.02375190534199232 0.058629766747450164 0.05908788614395402 0.08356469745036176 0.08219141646336846 0.07903401241029455 0.0651298160329772 0.052942054278999874 0.006566994496053217 0.07813492638868488 0.07703057573464063 0.07366237442378148 0.04812430976154263
86 0.06201912813299922 0.028465286457779366 0.06197760769285738 0.07551031123848567 0.06819644402535965 0.07432198262658747 0.09073436070726411 0.009042025437539672 0.04388572119756434 0.011304159442503627 0.07872790701080183 0.04131763350804123 0.08004617781993124 0.018155609438817808 0.022898504277173288 0.028369114654899986 0.08467547982332276 0.052612788102581506 0.030200828840081306 0.037538929565408594
87 0.04453067749238815 0.0894709531562314 0.035799018063228535 0.04771884747646386 0.0526625660718967 0.043084230917406145 0.02742328368736028 0.02406626974085506 0.055504184137540095 0.0006508715146669397 0.09154259840152536 0.08438399387949053 0.024707690809149866 0.08895889029318726 0.08986741991584105 0.05755289782226522 0.02753581884116088 0.08815404858253316 0.01902303474874978 0.007362704448059653
88 0.07360324218132303 0.021766201312830698 0.04814026776792701 0.033949920943658916 0.060617385717339864 0.1014117364506618 0.0532906173442299 0.10511249617756338 0.017032482844988536 0.0003872592111203189 0.06952367864167512 0.06568954627233263 0.07292600370671408 0.07819150178204208 0.016954348345575233 0.021971260364022506 0.009484240399789708 0.03693352979896232 0.046823286990553 0.06619099374668981
89 0.05968123458472469 0.01548386513277805 0.0793951783108798 0.007425835741073282 0.016307402762676986 0.05909337489594354 0.0008060172358934001 0.08847749363409495 0.06473886194535729 0.04987552810042612 0.043242647669914064 0.07553219750478639 0.016988883085299507 0.020987477019065972 0.04282524030378102 0.06872899061620082 0.07758321656001672 0.03210630495797665 0.08734386686717739 0.09337638307193333
90 0.016098381869165065 0.02724902159806008 0.019105075300343298 0.0974905160798404 0.050160857776070794 0.0198383842486867 0.07901772483428104 0.07701802979287452 0.009529465233599706 0.039442911156122286 0.04330538889412291 0.04550689717373633 0.0251018236617685 0.11026451354679026 0.06282086221606036 0.03128716197343232 0.1253371406484393 0.00384951992833319 0.059665008402995795 0.05791131566527735
91 0.052314564307829846 0.06230630347799738 0.03855098429000649 0.02034430866477136 0.046865231124398755 0.03876280441341972 0.08118994687754741 0.0625335346267764 0.027062663658448817 0.010361946841332337 0.052773532194705396 0.0722438498057947 0.061137660215337765 0.09207124407353352 0.04180706037278942 0.04427730956477956 0.03385332018709643 0.05383691561700765 0.07030277772140262 0.0374040419650246
92 0.02768342818508273 0.009194576834313146 0.03308145055162346 0.08567142021698575 0.08901874510978688 0.04114225378669911 0.012297404208416943 0.00044099055534128304 0.0011753973208358881 0.0025082048159446872 0.04676859690462137 0.06392792750774622 0.0988067027847087 0.08872600499590504 0.02242662848337756 0.09571672035837768 0.06192050232618004 0.020638840237161248 0.11770590654928961 0.08114829826760273
93 0.0725873980234326 0.050801525029589095 0.06336785337808169 0.08749091750136725 0.009214008210320397 0.07600700009045369 0.0313145453709844 0.08473075799145803 0.011533341972933731 0.07991780517332918 0.03950729326543386 0.07863501324979652 0.06289465243891415 0.017930892547882164 0.0029834769150881672 0.020231666704629198 0.07820958873155719 0.058239102174230534 0.05714608890404566 0.017257072326472715
94 0.09551622422877952 0.014120640703055852 0.11905667389560745 0.01428609086197488 0.05031394322637982 0.06762644302709257 0.11791001763752566 0.04736307888652032 0.0777778828118417 0.010558884538178314 0.08226816434559944 0.03489527144170108 0.019979420159131987 0.051429602429543794 0.01631860384870507 0.04142092822788498 0.01590008884971358 0.038926500814556245 0.05536952081794641 0.028962019248261323
95 0.020083453592927673 0.051170274036675845 0.07267878870492175 0.02457230579072283 0.052571633977458135 0.0250226971524712 0.05223276738143099 0.050469725921527674 0.07456873032412704 0.06434589398272107 0.025561198420125105 0.041618790709373174 0.033978318471269094 0.0859726067683195 0.02943277934890206 0.0802158237959366 0.05172096712873504 0.051662588375235956 0.026202287013170983 0.0859183691039484
96 0.10304586812181384 0.07458562277826893 0.027388628050792934 0.05860936628521053 0.09264794455468876 0.015576271960916968 0.0012415944176400364 0.014355648377312118 0.0484694632239469 0.026492240112251163 0.10189454673466854 0.05986299802454059 0.10294072639293704 0.0022587154503279664 0.04433212588625474 0.04601409697087457 0.10656045616259446 0.006522367074374267 0.02556609831108264 0.04163522110950293
