0 0.0796934447495088 0.0830719649740842 0.08700344731662407 0.04346314075172373 0.022468008259114092 0.0379616238355111 0.020780667504709836 0.008372679696380662 0.06306761383575483 0.005904570373717106 0.11395406646629518 0.013225211293144763 0.06640239093808675 0.01196909254903555 0.0551715952773667 0.10114403018738104 0.038227939766366174 0.04567771127728481 0.10239655880190147 4.4242146009273744e-05
1 0.053276216642277954 0.012858252040344643 0.06808293390538978 0.007359363249688432 0.07092540258603856 0.08405775104040525 0.08030716725954859 0.007300793430232698 0.06910757652920893 0.07390422923413502 0.08299237401928479 0.06140479139485859 0.08307269701092651 0.028111974147311036 0.058882862591003775 0.06026463683768609 0.034938250920037446 0.0013627848770463224 0.03968755769512947 0.022102384589446262
2 0.05587112902295833 0.06981520106024092 0.05928783190773978 0.0069330637057099034 0.07724165410272393 0.07339475667104717 0.004315078489914132 0.009997904862921752 0.061439089492509306 0.06330090614791382 0.06244332824638275 0.07405893467343512 0.07170322382019038 0.038148790538598126 0.037755692055157816 0.06149946356026437 0.01885166691234465 0.005845005097699705 0.07356481444320852 0.07453246518903965
3 0.06155116329513015 0.020843014272538405 0.0740185687042268 0.0456045665037639 0.04923463170723037 0.06522603699925689 0.0496827142879275 0.061294632363742024 0.03516464450607174 0.05790588495135511 0.0835347196380672 0.03826372206894882 0.04133751346950166 0.005487456524956558 0.0398067645280937 0.042404506178676055 0.062112669321695596 0.05968855411601165 0.021128078152942174 0.08571015840986389
4 0.06330623424455034 0.06507297679268155 0.08156697582681055 0.01010023264663304 0.08897664316898586 0.06944948866065141 0.04581830313984728 0.04591469362096148 0.03868264090498808 0.050883118605982575 0.05733274323152286 0.044804126367522366 0.05453478228801934 0.009150981818272896 0.017222730138616377 0.04922579169475059 0.013623776464817978 0.044087905201796465 0.10455109457400062 0.04569476060858854
5 0.015477937786988704 0.04334952552744301 0.026065216280827013 0.09168549981489614 0.09045952076799782 0.1033844407245007 0.008891026595645921 0.07861226142437942 0.044779886920638695 0.028794601093889656 0.027863966996570774 0.002100803220452787 0.07559236907958254 0.06274684723985648 0.05171223284207307 0.012464425532619179 0.04209950446625793 0.08139572009661242 0.023767659442997944 0.08875655414576986
6 0.05051311156995693 0.0005008406893753505 0.03667894387397895 0.0767535159273326 0.03474245582531705 0.015060998102696404 0.06568028768947631 0.05540310306875947 0.04551061973327862 0.05167366493786327 0.06536743145100567 0.052929766857353955 0.06795793993341209 0.06042089152057513 0.05563837016593499 0.08020699665075948 0.06615640626618209 0.08344875415610231 0.031962160245114515 0.0033937413355248068
7 0.04115661482827475 0.04645255610543407 0.0772052072861495 0.05060854064560601 0.05265505282299438 0.06967666077390827 0.07359898139800666 0.06716156163262092 0.004987957707798312 0.06592565104960481 0.07157968813992854 0.04396935156499742 0.02471263362435985 0.056276604094632914 0.06262645798468554 0.057072758873456746 0.024176366983127532 0.0266532585633871 0.03523532994387052 0.048268765977156076
8 0.06693502864136229 0.0053912998408940475 0.015983031367223618 0.007548681013008507 0.05615777015345124 0.07963759381791001 0.09481337815482473 0.0469766321184838 0.09409104411345048 0.049680414482711086 0.09663493200278325 0.017912832278774136 0.01749387135606568 0.023226138813335892 0.09004741927272868 0.014179804699333063 0.07249076619701234 0.03295011903395342 0.05106958483431274 0.0667796578083809
9 0.02623415858550558 0.03797597111809198 0.06946833204673641 0.043233234325600764 0.05155510313957211 0.0660412431722692 0.07974846827008668 0.05990697516865887 0.071254517937482 0.03213922955929777 0.026263917848393735 0.06063326752283859 0.014939849690533741 0.01546502527946396 0.02047975288530194 0.06324794357880731 0.07942948422139202 0.05471669143855768 0.06600674961304788 0.061260084598361624
10 0.033652238072889744 0.09230357135523112 0.01036388939088289 0.009819245274673098 0.047553271918908825 0.08277147771803385 0.057114314898651534 0.08300385153082476 0.08330406277521948 0.002260979564156238 0.07220203741840837 0.017858955343038573 0.08026062881492216 0.09301020741354216 0.04297906733307329 0.00890066615393942 0.006259425413075885 0.037486868073209924 0.04970184385542876 0.08919339768189002
11 0.0863868637746669 0.0017694077456218266 0.000457929651568716 0.03631799942492461 0.0689083219135176 0.05481310280327342 0.05801457545675133 0.03249729723322751 0.04627448721423834 0.01984418963233685 0.08493437343654184 0.04090934321780322 0.07435249343363287 0.08575944772830046 0.08102622506461794 0.07944916259458375 0.05520745643198588 0.05058349564135071 0.00537396341076525 0.03711986419029116
12 0.043365904454554974 0.0895312395690033 0.09037127167886323 0.0224140893817086 0.0017282023701877998 0.08010031797008527 0.0756436844243028 0.09538806334934842 0.04309045984015931 0.029481851729796785 0.0635737373335105 0.038793994569037364 0.05884631822140672 0.017986446559062924 0.08821902093384995 0.006198477436758495 0.056821625894130576 0.03102241989042021 0.004797092002588803 0.06262578239122409
13 0.07144456111626243 0.07154384136777943 0.030485710298930074 0.0686926184647404 0.025278128054470807 0.08494560461364786 0.08308671886169547 0.025031019289478103 0.0849263760381167 0.01983840456567031 0.04795507803427758 0.011326483625578544 0.05472384859033176 0.07798451371339303 0.06980086654380334 0.02757287590659085 0.021211454491501126 0.03030709020116912 0.08894644322780311 0.004898362994760132
14 0.062319762920366964 0.06409614700280675 0.03717843519079347 0.08478527594948572 0.008965823011544386 0.0812918714573071 0.06420606787383082 0.0858228622601917 0.025085559370621867 0.036597303637401234 0.06521404634085713 0.07081474372059764 0.03581477718707627 0.028200808798688994 0.033636956258100315 0.0414640885914777 0.039524917096996216 0.021639746470150628 0.037360439566560266 0.07598036729514497
15 0.04188191321924074 0.04539942466064749 0.09026313231299507 0.03627350974794864 0.020784630669970983 0.09233634495027185 0.08480047590878546 0.04400667286686324 0.055624409135161534 0.04585559098363983 0.012696671518751458 0.031202109193590316 0.029076744548038408 0.03182397324426767 0.0777973310650353 0.03648338057339783 0.0827373365988625 0.0661359542473007 0.06726127449329408 0.007559120061936805
16 0.015535324797902482 0.03326080918594337 0.10252585107532282 0.06928342022285508 0.024731953614861628 0.047974646026652634 0.05295239051719485 0.025469016087997082 0.003692766737945937 0.09621730906730029 0.053995587428200646 0.09625526505599134 0.06751912907614188 0.020813375552480324 0.043098554167420706 0.009213518694228746 0.05409868665532775 0.01355980217512186 0.09827709249495721 0.07152550136615314
17 0.10632359731453815 0.005223032556670929 0.08452496503681133 0.05016485365514868 0.0748068585747482 0.07718303621848772 0.022202061906274592 0.052342215906638456 0.09557724215182617 0.07565379970695575 0.042912093734689676 0.006992523007360349 0.0383051747100367 0.09986293672850069 0.011710668226977718 0.022700929951424146 0.0026606632969387685 0.07015044433995409 0.023638373957261236 0.03706452901875675
18 0.058999527117162026 0.015897065035226882 0.007006267057922009 0.041654065432619396 0.009720637988622676 0.023339249820638223 0.076798276016031 0.058442695067589506 0.08735978651223662 0.09310900751925967 0.052087065239086267 0.05541262162229165 0.08666741909301878 0.021654715413219384 0.017689005170225987 0.05463821525434288 0.0762014074670544 0.09531004302618352 0.018119619679448303 0.049893310467820785
19 0.010296599027604526 0.07439924902235083 0.03922754182437712 0.09996259990044996 0.014841643071998945 0.0849813947487106 0.0724371158365732 0.062432151523830276 0.010532077454370105 0.06095815584036963 0.03905278775674041 0.003555241206130328 0.05460236332372567 0.05913103601547138 0.05617985812909755 0.00985795895327727 0.09799705462040173 0.06673577286883953 0.06275290172119498 0.020066497154486156
20 0.030235994988147188 0.005689368667501883 0.07676790299792792 0.060368040920439354 0.05868551373097598 0.02653673676602022 0.07955183376456632 0.05388235044462806 0.07676842786183477 0.031886360695514676 0.04640439356658554 0.07253065161605866 0.01912627358015494 0.0815123162886476 0.044428624774459004 0.07962070191392259 0.08031860983388743 0.009466895306109332 0.06557381188939264 0.0006451903932258382
21 0.04870924629005236 0.05231571808642734 0.05482776187625645 0.060731806542680435 0.07271363623033024 0.017919553965151234 0.03269908740215227 0.06306134639913204 0.004315179813378695 0.0466180921146843 0.0325583388335261 0.05666765949564362 0.06405942030180108 0.05823089369369853 0.07361023159916467 0.044223773583769485 0.06248543038775656 0.07417041023686044 0.06690009539607265 0.01318231775146126
22 0.08197039785709098 0.053443208732826056 0.07370410018549359 0.06831600908810069 0.053615152283222965 0.0737355698523273 0.038761953959054886 0.06360809497848238 0.02188917244957926 0.0013772937576705167 0.04970463585002488 0.047762966315590905 0.039229620401068845 0.02049738407809337 0.1030140154048104 0.038765312379093766 0.08066414345648326 0.00894320276811597 0.0757182710285641 0.0052794951743060405
23 0.05386280613792662 0.015434238427019055 0.05640732050136112 0.0009508974395883831 0.030574142288477685 0.03909481820843967 0.05133270197426572 0.014405253040879036 0.10297860330384698 0.008078804730768592 0.059396644028720066 0.06096368094709936 0.11529588313206526 0.06869756408417316 0.1084951146794809 0.033661569784529395 0.052284036078537335 0.04305032449932605 0.013863605027926532 0.07117199168556895
24 0.04275988788452139 0.0829717061458449 0.019228815244271308 0.018117668002657038 0.06757939111493402 0.05811592974097459 0.01876916735654383 0.020476409070681274 0.04813866579221538 0.07881929160147952 0.09502719449681075 0.023358725015497375 0.07445651770520609 0.0414028383900477 0.006882775663586137 0.06914563975656036 0.03509271935282178 0.0659699064748859 0.047215986931801956 0.08647076425865867
25 0.01570706630339688 0.01654750770002246 0.09780288648960461 0.028822308431602224 0.057169238177780364 0.08758622919445613 0.04291202229550319 0.02281730058045064 0.0018778625807475745 0.07651509381491325 0.06372318461845808 0.03680019461946252 0.043004817559030246 0.035198343447453304 0.06758597039913905 0.08613541664175688 0.06395230641886482 0.0749927057227892 0.0552038006620062 0.025645744342562348
26 0.020956051996231052 0.03303308668065891 0.01643626877408722 0.0008941881260566244 0.07666215989544307 0.052693869936367654 0.0356418202013243 0.068982067439555 0.058547128189957165 0.000573831251074776 0.05543344377891198 0.04887323078629026 0.038536685335876716 0.12061440903486158 0.1093813385456039 0.019098123908302914 0.07982168231136497 0.08161720771909405 0.02541130548231703 0.0567921006066209
27 0.026336443004981766 0.00013937991714371354 0.017935709274246422 0.0042728911241664965 0.07976290206899182 0.005586905987034798 0.08816486926155333 0.07992709969736025 0.04877936174861973 0.053544079660899614 0.028187395306232516 0.04795783726220836 0.03461263451782926 0.08727956543140943 0.07437812231546496 0.08758872888249697 0.024844275544373656 0.07229680255965265 0.04943896372216363 0.08896603271317054
28 0.05414432800973577 0.03087893367355332 0.09853768472912575 0.02468557636918981 0.06880822820585977 0.059021262273855235 0.08306136938874512 0.018230796887488097 0.015370520114680717 0.007389644947409878 0.08142867286695082 0.0852838711360308 0.09370168759775298 0.06283960415630152 0.0026917245594499104 0.08714429495017946 0.038456628249042245 0.014523192275089285 0.0045423441872697425 0.06925963542228984
29 0.07650602442444109 0.07537908637613165 0.0004290443201233753 0.017155528842383753 0.08113055866923456 0.041041801682898865 0.07630244718174803 0.06496299151339116 0.058402887668703704 0.029341921391349834 0.0427710497101403 0.029250826808944207 0.07369464476720018 0.08057099363888398 0.011167448631204039 0.03794835677993314 0.05891278732646424 0.07026471256202511 0.002369546098462853 0.07239734160633582
30 0.07289591411928371 0.07009824786712916 0.06223164613762354 0.06561266197389085 0.06634479050035656 0.002271472219161024 0.029628632732106818 0.05155135776746185 0.029220314191742723 0.035180536143738526 0.05010737851199529 0.030336890023538097 0.0577445404655044 0.06644494028185503 0.07238660579682438 0.042914405218974536 0.019087404731594326 0.05236928462468721 0.04887637224913888 0.07469660444339306
31 0.06015005620789768 0.06462973272380426 0.09495646552241335 0.09707587894650341 0.0003930667097465962 0.0027956906264385902 0.0627217504662078 0.020550620490744905 0.054178592760918645 0.05250975630903172 0.0498502772261119 0.07297845805451247 0.02734307716046169 0.06365055011555483 0.09265989395920221 0.04802755139182065 0.04921460781915026 0.017982293564170644 0.003056984614583702 0.0652746953307247
32 0.08378771834410265 0.055335072000288865 0.03181689182531717 0.08159371697093051 0.0408129854499684 0.03290405249032994 0.025855316202422932 0.05267769579387881 0.0361694265911179 0.05967249472608355 0.0918522925135115 0.049599895862775675 0.023188300507916974 0.06751210931984439 0.052477052495888514 0.07593990338067172 0.0399195984224244 0.037319841287102855 0.012533648158767435 0.04903198765665603
33 0.0034750472516883353 0.0495224089015777 0.019586301081237326 0.07791929975230504 0.09908973247268865 0.030418994796040193 0.08084299055070825 0.060787855978491546 0.0067158527308925 0.028364443345675724 0.050236706202455496 0.03942761609354598 0.005013867868315953 0.012424501295313568 0.08586833716802604 0.10114813388460195 0.047315256895703046 0.060650958359584076 0.08597966886669298 0.05521202650445568
34 0.08232007784494559 0.05901414261748514 0.07216877855876945 0.08832977713304992 0.014724481597788903 0.06141783040558404 0.005362232134329611 0.05612961805324692 0.07427575675376154 0.05720298668435826 0.04872516373750111 0.03480231105873646 0.056477947749911515 0.08605430802897326 0.002334186273677509 0.036684346064024626 0.07351228268694932 0.04398031135589309 0.021330265638397787 0.025153195622616028
35 0.007295663438552721 0.011389238750256872 0.04169749940636351 0.1179436466762853 0.05420912885770513 0.09297667886525839 0.02679770831206416 0.0754792436092652 0.08953016893023574 0.01084189849351173 0.0457608491896251 0.026564098818241556 0.02920934069385165 0.03363544883333826 0.04373915858441632 0.08943768814555186 0.1223633063407731 0.026149581539256443 0.035184025417128374 0.019795627098318395
36 0.08010820192354284 0.07495393928415912 0.056906554575707084 0.07679067866367043 0.024141521749992272 0.041038197946167115 0.08394135559968405 0.05189441121742517 0.05429563376656466 0.036119672633450985 0.018510031988644673 0.0017541469188228395 0.06450434289765926 0.028354204065531925 0.0064637343472097 0.040617323909455716 0.07288400421514858 0.08314879249387999 0.019927468820229475 0.08364578298305403
37 0.012025912805507518 0.022677386863732503 0.06370844007016953 0.06665995587579233 0.06712237003930561 0.07147603229021354 0.05002053508581742 0.04608999729553391 0.012249129149391719 0.0408191249546849 0.03571398655278947 0.05274971291171465 0.06509413111355192 0.07558101558477245 0.030693956698354567 0.07626200099633978 0.058646407954075316 0.06923848970382013 0.07962063399881457 0.0035507800556180973
38 0.0319793482047401 0.031025605547521394 0.06143413563674888 0.06515637013658937 0.06012097344752722 0.05612698998354984 0.01364018477413129 0.025798826011360413 0.08284701963956395 0.07618799556068993 0.032307489572374934 0.06527724435573996 0.02353259567292132 0.03226630478869311 0.05096786061089935 0.08246778698776472 0.07606616876520583 0.07218976355977452 0.02511652771207219 0.035490809032131865
39 0.09135090528895438 0.07825161459000801 0.015100721090923324 0.0708067552280587 0.07892892205707627 0.012487481538787927 0.08607555209115136 0.09931018458564124 0.06536470806418608 0.015526689059121655 0.06934316457906926 0.07370443781866044 0.02012818644074856 0.07556111164770879 0.005996843748208044 0.0173649548198917 0.009445395383274605 0.043505655020875444 0.060994996683136314 0.0107517202645179
40 0.0002986311632163599 0.06556318937445767 0.06680715240379183 0.07365355291810138 0.05960590319056728 0.0616512340075825 0.01879830478219243 0.0581363520726719 0.008502900861538185 0.06515939318660813 0.032755000941414356 0.06754869779395836 0.0654165362207785 0.06565109694597529 0.037843778639163064 0.050966055552457847 0.0712587960030029 0.048186403971129915 0.02715122928120559 0.05504579069018642
41 0.08685428583170919 0.03737139277921696 0.06335802276274813 0.054784553181163854 0.03782452474487362 0.006824911251003866 0.04024605781526757 0.055886536240931435 0.03573241315286031 0.0029151481804389214 0.0225881738658786 0.0447162020821181 0.07313884285015149 0.06675273593810956 0.07650138340123008 0.055607832116775245 0.025523301382402896 0.07744920488766106 0.08387858971042562 0.05204588782503328
42 0.06709385606604465 0.006363297766047602 0.025770004261766285 0.0693628187514642 0.07699550309425762 0.06686442238769048 0.0671498502422905 0.06129144917122018 0.04683198733010638 0.06995075766251382 0.058697311312166905 0.07607260813981344 0.03860862681692566 0.031213294818807795 0.03569490296481884 0.06767371561021471 0.0527091040449367 0.02885201006140762 0.01258143957173598 0.04022303992577071
43 0.03346156640149675 0.034896965073679204 0.008264342454557667 0.05304574505069771 0.07666922314486335 0.01326630717987106 0.0071185920531446996 0.04635980993087497 0.10540880803334815 0.08746712844105678 0.09785444685663293 0.05057931519335511 0.10598361462296198 0.10550039942172461 0.09849586617369516 0.007367556960867154 0.008687271630118837 0.0022327444086924757 0.016221662530629843 0.0411186344377315
44 0.060903919307841906 0.012487365182874079 0.06838878955809961 0.05644218975754185 0.08326069198477085 0.0371019507959813 0.039208451543719255 0.09550738646024935 0.06883129371081281 0.03909965057526044 0.02251151666199249 0.03743970163919682 0.07617321938495261 0.0780103582172618 0.009836193628005117 0.03742834289605843 0.0631668632810102 0.03675766425819755 0.017846984999525424 0.059597466156648175
45 0.010627285854276233 0.07451303003492454 0.03643840812233979 0.08149528624189466 0.016298730343970155 0.03114051078945719 0.007843544337987727 0.09659252881187694 0.048912402182350816 0.07450357075023431 0.02593926404756603 0.07094870795665324 0.03651745587550499 0.07174726692284135 0.05252986067629985 0.08092534484290648 0.09321962227680608 0.006362697142939233 0.0421909080330019 0.04125357475616835
46 0.036168107490172186 0.019916837086103055 0.06114092344839815 0.04676432672975712 0.002542481836596895 0.012708702685512337 0.04362053138742286 0.028515958545028083 0.038554403952533296 0.07136408870890067 0.004986714167001 0.09820387393034691 0.041399063398123326 0.05113387536920838 0.0857290391968305 0.0851695105644652 0.01904733191512784 0.09206641055561483 0.07566761592648352 0.08530020310637396
47 0.11200026564775944 0.11536236410622851 0.05307117833653502 0.07080010324630177 0.05111296552009611 0.08225022386808485 0.03846772340118959 0.06940712906807577 0.07256555280790836 0.0022101300359253294 0.0849474993712049 0.02731115843931077 0.016265367875692695 0.014109940295159754 0.047748388768411254 0.009892268021664659 0.036390180404196726 0.010432923193770753 0.07117076134840546 0.014483876244078335
48 0.07542748408379049 0.07875539447369044 0.041829782300049925 0.020962776899677994 0.0623458098389752 0.08185882980367482 0.06001925290319107 0.017687353429049212 0.08296417512841733 0.0005508744608609587 0.051399222423553645 0.07689992416033527 0.021583553936261553 0.06369780974199485 0.05208891543101073 0.02903094188908558 0.006399721597361026 0.020242251926045424 0.07384565431885544 0.08241027125411905
49 0.04578994929767538 0.07226943724241326 0.07358671907277896 0.07181573186767774 0.06149165795375867 0.07097931707922023 0.011315387797477513 0.058836174554525875 0.021090375927610316 0.043539794499897026 0.03358506096631771 0.03123995389457749 0.015081475779445547 0.05848314068963436 0.04129009139221168 0.07971000244225672 0.06057539575382247 0.04437024765629102 0.03899584438020197 0.06595424175220592
50 0.019772198859371037 0.09445729758416306 0.08119436447225022 0.025714972881769483 0.10334591067044757 0.026199905066270186 0.12177630872529259 0.04996848054084966 0.024048673181719632 0.023057122100394855 0.07270754557333917 0.05176993253059015 0.021648305770193842 0.10203537190603129 0.003160070961077174 0.034353971562067036 0.08145435320630935 0.0010766829885805373 0.05755435466578792 0.00470417675349473
51 0.01201703101324368 0.08021191334806398 0.004533756082085793 0.08700963788820368 0.07374666293263643 0.057625506798650014 0.06268831853871672 0.07432062114945232 0.003038813095771953 0.0945217957653887 0.029092648615167454 0.032689997900637015 0.023083225868564684 0.05288643669496975 0.0031307820076111894 0.013969378082766923 0.06801964573704218 0.09591884774734276 0.048850460208348025 0.08264452052533677
52 0.07059490594360851 0.053056211384106135 0.07873648187035284 0.02792107407923892 0.08322328050615128 0.038684392032464245 0.060154929592680574 0.05024794809153461 0.08592039265740788 0.05749824722577238 0.0085313483614583 0.02776534810572081 0.02223145114230167 0.053194054226447116 0.03177133343168531 0.025604267296586377 0.04837725597146567 0.011130653345860992 0.08490254962702169 0.0804538751081348
53 0.10817342717509268 0.045253072035074636 0.07570713201083418 0.1018274583880641 0.049723742555565484 0.0028382880328490594 0.009866023321259881 0.07661778219692353 0.04874210498500025 0.07351545251055826 0.00851456045523565 0.02863423649197467 0.08616643516234367 0.0896832471804758 0.05228486588503493 0.04638321078279046 0.0014772384122417313 0.06289787987877571 0.020911242814259507 0.010782599725645593
54 0.04124178662941583 0.06749177367410228 0.010037306706505128 0.021348124266520878 0.0031752186232215846 0.08528609781946794 0.00021505291793334967 0.04622597832982219 0.04853602702986163 0.09910368877270381 0.08114631625977801 0.06861745705156726 0.10165399662352771 0.0357148414563501 0.08140428302948258 0.044355882613517375 0.0042769083183707805 0.003571812422605792 0.06923827558208213 0.08735917187316383
55 0.0002725255779930473 0.10824893148720661 0.10098647943323248 0.062011235788277386 0.07456842813321667 0.055778812092329724 0.042337822127955206 0.07931521056560888 0.08232601134539115 0.07574999332007373 0.020046819811173452 0.0071234286322677115 0.03498591194445449 0.053047294072817434 0.008524501303359196 0.022639927255020894 0.003001950184716554 0.07582993903304226 0.09062860164972003 0.00257617624214308
56 0.03260155397355305 0.04630533910800824 0.06349060831674323 0.010121321288642108 0.08675971110515891 0.00028485579663995413 0.011110478276414246 0.0004463316334057554 0.11023355086043103 0.027847866009046263 0.09494395993471079 0.11019822442043822 0.032322459787546394 0.04462120165666062 0.09124850625633399 0.001480263001732623 0.047681176550225204 0.07834727092662237 0.07033161497950584 0.03962370611818124
57 0.02716167719837523 0.01747947406342858 0.029367989517262185 0.03508923182930878 0.09486745528857497 0.10189950092278231 0.09942575737155668 0.060506572473203755 0.004772592242899522 0.05099494017365129 0.026242683967985507 0.0163003703404324 0.06939679278227194 0.09162306614001146 0.03816067871343183 0.06554914020562956 0.02072556579089621 0.05730408440888998 0.033423411989908836 0.05970901457949908
58 0.05996299772800092 0.06620366543833563 0.0844537428503486 0.033323607845209026 0.03152855421793656 0.09147045808523926 0.04169394605671249 0.05383035618995238 0.013587405872949184 0.07588616872474149 0.09937625487516676 0.006491702272821637 0.0957035798017852 0.016118981798076498 0.054672031687381176 0.07082754419999854 0.04900481881623356 0.01872636387271182 0.00606911736930224 0.0310687022970971
59 0.09903617641127926 0.031078156210210824 0.10005183821725457 0.010862852985353205 0.08523326368194571 0.0039079068847120675 0.10138695675189664 0.07285935251566378 0.001564515206871697 0.03378856409345113 0.03440708285821699 0.012432856707054088 0.013950733535343334 0.01664114316600817 0.10683503244955607 0.017035699862473094 0.0076949725689018636 0.10990905542800385 0.0677100496124982 0.07361379085330537
60 0.04094968502062154 0.018447546782717556 0.04340541915292321 0.0468545110351213 0.05034230151779023 0.042736441456450266 0.024836228854700347 0.058736463342363855 0.07555321546374202 0.0155286184591589 0.08409215758816634 0.0655592579337518 0.08987634597944816 0.08981216276849888 0.029291568010059523 0.05054111245649315 0.08044702173937508 0.006871407856344733 0.033843564441380314 0.05227497014089277
61 0.05608279686159752 0.02980903775609749 0.08689862202457481 0.06415304379619238 0.030277756229154934 0.030445173855173667 0.053702308680783725 0.052802913809999984 0.026053246119033792 0.0002775406642243147 0.03125024953436429 0.041209605094273245 0.09444172782432021 0.05114537520308283 0.0732727497535585 0.08043611608327658 0.014864971464056973 0.08093743778024785 0.07420210413883355 0.027737223327153223
62 0.05677879702629713 0.06842706734735611 0.02074222865559118 0.021011588186109396 0.006479222628600629 0.05692377675558823 0.026946631814919964 0.06155974656591991 0.06798454810707134 0.0398456578176055 0.06422506582937783 0.050821742659563886 0.0683504678537836 0.05956263982220808 0.06755325343516529 0.08127336872450505 0.06906247663931923 0.04745313953753564 0.015098935722254856 0.04989964487122727
63 0.02976315365442266 0.05513186443774051 0.09028825729440981 0.0445397049358036 0.041792485433607654 0.037113086629598745 0.0004638743780973627 0.03502252941219131 0.04470042749643468 0.015053304067066696 0.07539025079900649 0.009499391452124499 0.0402359037449095 0.06343043580055457 0.07747351723793111 0.11477854256595971 0.1033541641535436 0.025695677555614742 0.057182043655095716 0.039091385295887196
64 0.08668274963520106 0.05992555729446887 0.049771628754195205 0.08662030142131168 0.06269363878032323 0.0031093618101733457 0.048927050130454716 0.07307381369793202 0.05300784577616362 0.06496095615693652 0.011049663455614964 0.051111703544958066 0.04659722703779803 0.07479269814144775 0.020986022141651958 0.01931709265913573 0.058613928362994214 0.013381224186546295 0.07820665820581442 0.037170878806878305
65 0.06399486132224752 0.047795054793615746 0.023133064445140298 0.03581994297514267 0.0749681001337223 0.0592277282065547 0.04230131446634251 0.057152880926287605 0.06669312357772156 0.04618224830347934 0.03539868038681646 0.0392398543125485 0.03396422798181047 0.07670306962705188 0.06305530850265804 0.07239364590221367 0.04184784981858088 0.010545953228351036 0.06728307204260545 0.042300019047109234
66 0.07446052537047017 0.07749800307740538 0.017558376976673236 0.050289113480307096 0.04846792732253942 0.0011517324789722552 0.0052500618331107925 0.06778005095781443 0.022808106438229107 0.009696380756763285 0.07751754286142674 0.050274866198806854 0.09563193209237787 0.03274070205908766 0.08025344334068334 0.07581220624407242 0.07011203108653075 0.050042521305450394 0.028768567259114395 0.06388590886016433
67 0.06360901145612656 0.06516007607850872 0.06579257178471958 0.07252980414456443 0.024583355112102155 0.013491243928882115 0.05203001748016464 0.03454532812350355 0.01966274946515253 0.023018704754441375 0.04021944901622332 0.07587010747122573 0.07967142260861569 0.07849969663260276 0.018486231352375544 0.021441439049555096 0.05488707983463961 0.05315890095556542 0.07906011067437098 0.06428270007666026
68 0.060364624331543784 0.053212168052020434 0.03158045933287323 0.06863920253411797 0.016963606490520897 0.003996643820558949 0.04363084880903749 0.048481847278883085 0.013030673037283875 0.08527017963646538 0.06576298537398542 0.058198331457848786 0.05396248618057518 0.021659076688135347 0.08693770019342197 0.08287211734362555 0.015330282473672305 0.08621730739855857 0.0932813623098079 0.010608097257063928
69 0.015524669184254714 0.09560234395639097 0.017102437300612557 0.10336430815554495 0.05988196719507353 0.017361587513044664 0.07587106486005724 0.09895933801749619 0.029277531046208394 0.0469561434054534 0.10334308853897625 0.029612851684266927 0.08007547786586519 0.015610905630072752 0.022426535270796952 0.0047444474412693186 0.02268212119840594 0.08451234580617556 0.058569566731890406 0.01852126919814407
70 0.06464042632691817 0.07900019986366505 0.02157101265635936 0.02603185957626861 0.0018925469680926101 0.06192655609610718 0.049027817909635965 0.027502445282089914 0.06891662496938823 0.04599123945590897 0.05144655003492892 0.04385215164823108 0.0563725059400861 0.07668745845591005 0.05989834004152559 0.07544986207862824 0.07774044159837622 0.010218931195289275 0.03464742524242938 0.06718560466016125
71 0.02584148798209009 0.005048762051510673 0.06610807101999482 0.03832840024021188 0.03674420000933745 0.020821184508853653 0.06754218209924712 0.05545183177240805 0.07297176626048524 0.08497891360608986 0.0811410886537651 0.07236679935277573 0.06725134467812591 0.040981275839538145 0.026806611302142663 0.033494361529646424 0.04189822249902385 0.07964195652324435 0.060412216794788136 0.022169323276720745
72 0.042495598640629476 0.08380074753909339 0.0107091298913478 0.08662611580799628 0.08618408118576065 0.0613100367672851 0.09448017905737789 0.018090700395542204 0.05162218413182587 0.07785108473513004 0.06258554414207657 0.009192333371906097 0.1046631817544712 0.0008189768923949713 0.03609483746730181 0.003943822528999721 0.04181151156279238 0.028962223819502753 0.09601407516063193 0.0027436351479339814
73 0.07771092297629342 0.03711754659207586 0.019408277464523508 0.09011797963888978 0.05159903118069529 0.0510518635137648 0.07041940839884558 0.08845714826249125 0.05668414058198019 0.02797346701158963 0.019886335770520916 0.09921265215117198 0.019144127381687963 0.07492228814919868 0.018845375542153875 0.04894188921463077 0.037250912907455434 0.012754913320191056 0.01874914500030908 0.07975257494153111
74 0.0654391972181659 0.04497785809736282 0.08488991658407727 0.03407661397016929 0.08234188546786383 0.03745073523990198 0.046562682944079614 0.06401543711122423 0.05491396060235073 0.06199601836330733 0.080245041416387 0.02722623552239977 0.07881944410853572 0.031184877492885517 0.0326746738227414 0.02388095786738584 0.04174502746778664 0.03439667270311431 0.0482433627148999 0.024919401285360878
75 0.043221194311793665 0.003438688140152703 0.06541885401780122 0.07925814411790018 0.09386992001036934 0.011749687411881251 0.018095504861450222 0.10334208485304101 0.005694865874144135 0.10722582803020397 0.05603245264746931 0.10109043676072042 0.005173735234368012 0.06724828316883366 0.006558006932114336 0.0891286142820806 0.012388641043501137 0.03495836584267498 0.07859758566950008 0.017509106789999812
76 0.0930724394757724 0.03618158146876634 0.04233078060001045 0.039989971556785076 0.036805797535996276 0.06060509773991274 0.06560882584674566 0.1035753409195159 0.04371094275637103 0.028045013691591816 0.07617664886881442 0.010944912094055674 0.03605434518552647 0.012839559888705231 0.09371356519235412 0.024308014532490506 0.060120888081870195 0.041066929134187524 0.015296905509303965 0.0795524399212243
77 0.07382804525288407 8.382398135054549e-05 0.11125726006780934 0.045155212080128466 0.036138714362595296 0.05553074724161832 0.00036268847304862155 0.07187333527952569 0.08126062386815014 0.10752402990715391 0.05895298326163934 0.04963730112227614 0.0336193989447638 0.05829683180189414 0.002882714818328654 0.06842229217158441 0.03181650196390539 0.07594251972469865 0.03582749206853036 0.0015874836081147072
78 0.0549223862601179 0.042205455916689796 0.07531588310495274 0.03384852354792079 0.010658416391450995 0.05508940151673433 0.013636501429679187 0.04318057147907049 0.04308815924209684 0.028461162029880235 0.05027578480736664 0.07481338814123076 0.06765960581003896 0.09877910516419047 0.08858377927638734 0.08195234616582736 0.07470476962464122 0.0015914470062855883 0.01690524581439532 0.04432806727104288
79 0.01702210963857031 0.04999539129930955 0.020274154467157655 0.03086428626308016 0.09053898677623995 0.0844198710287596 0.002736820470355256 0.09920495109365793 0.05690693146891043 0.060715503953467524 0.028630866552440414 0.03400260832043459 0.013683596802003688 0.06295352869816559 0.0797378392717235 0.05181298373005836 0.06160942672213383 0.05791282988096024 0.048226452615623264 0.048750860946948256
80 0.03743118508548466 0.07592162547085675 0.05425715555293662 0.07982388426989197 0.08467832660950576 0.006035068602562604 0.05853067401618941 0.013866056575886443 0.02407215798519995 0.06005589172213583 0.06612231481304776 0.04329330152615288 0.05999386862420431 0.0021989632589121456 0.02486253348544617 0.07738237915603902 0.05562329006825328 0.01823539497468433 0.07831643509648586 0.0792994931061243
81 0.0793839638976998 0.0016530271453882716 0.05125080415926718 0.01755841853635008 0.020954625611178754 0.0194659496738813 0.03331278879045504 0.03919668868087446 0.08295715062990115 0.09119746350527218 0.008448156396602895 0.06530685777778582 0.05014345518928502 0.07803962122694712 0.04225198913226742 0.04083909840366508 0.07445834622618858 0.09336840726213656 0.09059545454216694 0.01961773321268636
82 0.014143867395251577 0.028563751554652708 0.04707669438159007 0.09341525311015611 0.04048275715438846 0.05266301835943493 0.09781579794166806 0.06945136592718312 0.038724992013439256 0.08826358877547485 0.02186562847998151 0.06406273190698535 0.04928778169334175 0.018759457276280114 0.08960361430000746 0.07971605845331474 0.043442029401728 0.01506252848847921 0.0005268843601305423 0.04707219902651229
83 0.004615062500094491 0.03193776267675888 0.0646913648730332 0.01891240747886972 0.07066590118578668 0.04308378791244555 0.08767159411526482 0.06691953529190067 0.07255350226794287 0.061540353951539006 0.025933329166138937 0.06904562895780532 0.01573476075972985 0.0682945846933874 0.02875242759876718 0.06626329533477983 0.09047511132008972 0.027379550490582504 0.030956726979563268 0.05457331244552014
84 0.10060646570873544 0.09140051744077433 0.040768956589751444 0.04287104096342693 0.04732052182751608 0.036695005356902365 0.0635773525078806 0.005670374264474332 0.09236652136768342 0.012952773096068208 0.01861389146449304 0.08516442953777591 0.023202925253829554 0.05918488774332327 0.09780337769903767 0.022132753205909662 0.051599279665198644 0.06757136059580307 0.015693103594215167 0.02480446211720088
85 0.011708898201644665 0.014857330957577485 0.04628849480903728 0.025558083687616584 0.015972027992478422 0.030585726284247487 0.07257898756164866 0.00505310461167588 0.048670815373479843 0.09137719532577852 0.09083452404726386 0.06966867110967781 0.022914655761304067 0.08754802230822802 0.07304863803689601 0.06457872984742026 0.011458486864084018 0.07008840901485128 0.06113698616219843 0.0860722120428915
86 0.0870111460723912 0.04572494903232462 0.055165749668008884 0.03412528362798965 0.04362789801212481 0.03569439387810286 0.07685304846700432 0.03706313821144805 0.08568828398299418 0.06971501516533124 0.022640008821652513 0.07911791259673526 0.023642347950392627 0.06130747096394956 0.0318010968014699 0.03373149773393802 0.05222859720745738 0.06980511974107537 0.0453352633408328 0.00972177872477679
87 0.005156802005421948 0.03127319351487452 0.05185250627686478 0.03559354697384044 0.036898653433026556 0.06407391369738417 0.05826296786764208 0.08879801332794947 0.024813470426594052 0.025940205364220335 0.019566950142128458 0.08443728832695478 0.07926288015636841 0.08490005654160186 0.03929550037396327 0.043761232843501315 0.05357579126338416 0.022869481641143892 0.08597199494838235 0.06369555087475325
88 0.012147267430088475 0.053536454446062226 0.012981548410159196 0.0495269946403601 0.05703404084372294 0.011164634608277256 0.0598947607935931 0.0872041068261815 0.056679729198098626 0.07921467261878551 0.0655210441944052 0.07384093904090792 0.008664754128266299 0.002492230072396282 0.00917581467216486 0.0759599081505554 0.07251794912541178 0.06563961406836866 0.07708105913484604 0.06972247759734873
89 0.0636854283109525 0.07723903412072229 0.07198609738427927 0.019731177934415735 0.022546898976690675 0.060775958883337124 0.07924769304064061 0.01132408983643158 0.07875025010286811 0.026311139302832548 0.006968708656258732 0.05911627836494674 0.06698443071810199 0.07934122855117873 0.026987685451703682 0.028918301250197717 0.046155777953224494 0.04931517712223632 0.053263751726099866 0.07135089231288148
90 0.011834866400279968 0.09465581488939671 0.04205015374509205 0.0893844472111492 0.03164201554492639 0.07071131703960776 0.08776682276460379 0.0189504562151946 0.07820006149997381 0.015481128211473943 0.03548312456074496 0.05099798115446821 0.01835458909640254 0.07212755793693218 0.05672593406909964 0.001507351633288646 0.09182391318734022 0.01509185471871524 0.09670742810342768 0.020503182017882215
91 0.10192740229971903 0.0559307831496609 0.0738359201539154 0.03011760777447045 0.03416003476789972 0.048454098444314725 0.047119256533455896 0.0878292898113845 0.026424362694494826 0.0008789668347324931 0.014500619053081134 0.05611549381075533 0.03076986998914353 0.03728080060141656 0.07975318416877646 0.039643398483549155 0.00421276414531821 0.0651235976099903 0.09732748864949782 0.06859506102442349
92 0.056724282595676724 0.0433842703626139 0.05771292362249358 0.08578857868861549 0.03719295901753043 0.056543085080029254 0.03203127565908267 0.06918412975897949 0.0564315131118364 0.08885761605481604 0.07214371005506917 0.0595021667032604 0.08260244970414109 0.07132803253606008 0.04975475937799027 0.0012297734805966065 0.03485017633890929 0.009642093207015829 0.027880838275712718 0.007215366369570573
93 0.04407743090046747 0.06918650842387164 0.007111023111375848 0.06972814510698004 0.02903138955215561 0.017095505588828833 0.08397572685697306 0.10613686749567215 0.0300049371805155 0.07530718934581544 0.06009356843494916 0.032428609912306165 0.08693348208907946 0.01792743699684821 0.04665634727037379 0.04191890249776779 0.06919212468815218 0.03006510784173632 0.024049150516353486 0.05908054618977772
94 0.04872795206125787 0.043569081382544644 0.038134331097360925 0.07672911339218147 0.01265044823174728 0.061439278515178164 0.022087905229744638 0.05915247554260716 0.08822635556553966 0.006551869753983571 0.04578384874516734 0.045349125231321195 0.10079911127580322 0.06351828602406763 0.09455023677496932 0.07235668999839455 0.017807668496461003 0.0276042208789123 0.019368740650175558 0.05559326115258259
95 0.06253798588545056 0.08343017532821162 0.0033919238082281045 0.054472497191373696 0.05841351659722913 0.06877337155949038 0.021933525011095998 0.038059692539503 0.0665112141261838 0.05654535777295474 0.08348431471716958 0.06892285002565268 0.017103468555423218 0.014108350596952276 0.009279456994038688 0.022483785773819615 0.06701192182595797 0.07111581523560907 0.06617679352062608 0.06624398293502969
96 0.014669996192558248 0.043446808809840844 0.07838708370511442 0.08948989407279145 0.028174158573468427 0.05907297521347182 0.041106795082693014 0.06449274845427574 0.010164082762011134 0.10208656176251522 0.0002604787438417579 0.007744584025708378 0.044037576249889805 0.09823928662666269 0.05104329067979337 0.06180807597770201 0.014514672348722484 0.0623433708795772 0.09192358509901884 0.03699397474034327
