0 0.03490109427393636 0.06980575203222977 0.005582750124407854 0.08845695093212565 0.003965585623851685 0.08198687181090607 0.09214321677616993 0.0932133733242887 0.06917157555993171 0.05615019462404435 0.06787009027026004 0.008397214140597435 0.09534681643715705 0.036290811149509196 0.041430905477123456 0.006134075138650156 0.0535674473974935 0.026403005067618505 0.048673826012945405 0.020508443826753008
1 0.014471033163224446 0.04104296435209812 0.01808179906823445 0.012408494497248013 0.08215387650070949 0.061687430966454335 0.0962591781655211 0.11277511662254538 0.030176979479341375 0.030863714695829637 0.07003915290148753 0.013867495095117562 0.003070926092755468 0.02466480756775134 0.0016379069927727752 0.11222669452538289 0.07160950271109803 0.07078104317939199 0.024894316064583102 0.10728756735845286
2 0.0814259007952085 0.06956076524824997 0.051129276113093654 0.06944234928027965 0.05270013581721325 0.01715878010920002 0.07691453701237025 0.035620994983365385 0.0134243073840183 0.05174461321097509 0.011679677287219381 0.061233845506065955 0.013631586017456076 0.06906844123316695 0.025647042109987205 0.07142157776161924 0.05681717787657019 0.0111394119968115 0.0704426791496781 0.08979690110745125
3 0.04335480940148002 0.050577019359346734 0.0921155572990061 0.07307819244251293 0.03609066164050108 0.05407967043155986 0.00037393735678424274 0.09940884413851195 0.09862220595951612 0.03902008274073616 0.022903110811226753 0.0376685760257881 0.07897620683641499 0.0442968939648778 0.05848589267178554 0.06769492020911502 0.001984999038783387 0.043114236694860114 0.0233214538121036 0.034832729165089546
4 0.03057100939262121 0.0645618946402326 0.03223026568791529 0.03522148015482463 0.006746990711272955 0.09910686336113106 0.06180066765189983 0.05664935570801053 0.06309063134117858 0.09440054350512497 0.06225239535915878 0.06425300915669903 0.023355127547711726 0.0647308320870493 0.018820557215454496 0.015996884360022848 0.018817940589228074 0.10422539915896328 0.08316726067036409 8.917011366836931e-07
5 0.0835626790784088 0.010378774194839015 0.00732369531883204 0.03537939635825318 0.06968675758638355 0.07587495373445538 0.09615134614357689 0.09535331765956713 0.07509460002015733 0.03195082337001383 0.013601403957033107 0.013351110678395721 0.003145136515800733 0.09896618660865314 0.057084424910099255 0.0673215357811893 0.013722980511770162 0.06742703248358253 0.057808134003561905 0.02681571108542714
6 0.058579607812833195 0.017603361692921246 0.01130246458622046 0.07927433387074237 0.044742895537675735 0.0813140112043835 0.023536694872864104 0.03409002615784017 0.0567165840277247 0.05681534733424334 0.05125047301937214 0.06543990983364581 0.0730540222002622 0.06432838232910244 0.029445167450320112 0.039572607555990555 0.058304924681390806 0.036914030942035894 0.03540267733225892 0.0823124775581722
7 0.10303413470863472 0.06842843049930541 0.05439199138604745 0.019845308277822528 0.041360145766624924 0.06413306605886876 0.08430618220889699 0.10198500628208505 0.07857930263793471 0.006120273142985533 0.05204011333010858 0.05797574697297784 0.0009188627286986118 0.021063047697956496 0.02409054188646742 0.026458804968940982 0.06323910644270478 0.06397768658583887 0.008771812119525182 0.059280436297575095
8 0.040295174050363314 0.06709306834704531 0.06555295602889198 0.05546423224203078 0.06383234086575013 0.10258653100923766 0.08176956790627092 0.0002234502329748618 0.011330823427464538 0.040829926379484086 0.05717946854206325 0.09014991241512495 0.05165697487585548 0.09050278745283839 0.02221212849729973 0.060075145354854136 0.004716919328009021 0.02077000350549533 0.026923173739892715 0.0468354157990535
9 0.07516358055829575 0.03851687484889626 0.0034123561980530025 0.08720985392311975 0.07296542342530081 0.01623257408528176 0.021031763669763573 4.038860152889954e-05 0.07854214010871119 0.01953796186397691 0.056809838271460245 0.06891667581199325 0.04253375000692206 0.0771383296982694 0.06694669787121699 0.0770756441274368 0.026318351915856315 0.029341957530029574 0.051104696321738245 0.09116114116214932
10 0.08577748585093552 0.06463867484171452 0.053614870569023754 0.05850869608634428 0.062294239362719224 0.07697710573663814 0.001398933743996376 0.02952876344254586 0.05339925616135722 0.06653029118469736 0.03333399736843599 0.0008200657809484184 0.03137241840157303 0.01966171060959193 0.04784469878428664 0.066016637523985 0.06447084415388522 0.02021116550315309 0.08405718063586991 0.07954296425829838
11 0.038355148412477454 0.05850864014830824 0.015809736434007505 0.09211258112051152 0.027094380073703496 0.10416091156832781 0.05370344844330187 0.005829888603893869 0.028612483623908565 0.09165093580121451 0.020217560430987318 0.07953429948032693 0.03900825357916696 0.054775918885223526 0.021026397343252262 0.05835974525080794 0.06387674580560739 0.018677781207770687 0.10528531138587091 0.023399832401331144
12 0.009973385076883789 0.0395049489445793 0.032520852274133684 0.058282183231305046 0.003661897812589506 0.1077649670820993 0.05973470240856409 0.08048651985467356 0.03300112783112874 0.008194328335819862 0.023424385732530258 0.08979913231511144 0.055583866662113554 0.029298679817663643 0.07340979040651159 0.04913836164374832 0.03783296298726069 0.02918851870852744 0.11663489653512188 0.06256449233963438
13 0.05667251860156173 0.05104632599969834 0.004709234467713686 0.04630355230991989 0.07736082656872866 0.023949152687597883 0.01942063423739952 0.03817249909430056 0.01767864669167773 0.09699671086826757 0.06149527610108809 0.04985915600076369 0.09958962417168135 0.05499197205304039 0.1010885337160062 0.01602840320028278 0.006666039305774778 0.0866715546357805 0.07220610646458901 0.019093232824127723
14 0.0903716662340264 0.03427957890953311 0.036854866278628794 0.06764750132541911 0.029797019142382378 0.08296890177067139 0.004188934397839616 0.0760905053355862 0.001821933192974219 0.0907892800142492 0.05714504429575665 0.014075169746671567 0.018835022344405022 0.10421204094171925 0.05720580861025765 0.06559400416326452 0.0108981890857824 0.09846592894753586 0.008464672491747894 0.05029393277154859
15 0.05485261456047187 0.00129651397056958 0.08614429358718406 0.0779332017736838 0.06904592960947002 0.07729953371783385 0.08829508118672952 0.007473753503151344 0.039460547891047776 0.0725071178925996 0.07151257598364294 0.0027201165975317227 0.02170953456259677 0.017662065878596075 0.08663127582124577 0.017466926912136277 0.07479839687199859 0.03852254509612774 0.08156489944370239 0.013103075139680186
16 0.017059315504379162 0.08757960115550802 0.07194723429767871 0.07954462561595023 0.06787444978249735 0.021035075844064787 0.03249299413958316 0.06029703073934096 0.020995983399720943 0.05895295890928239 0.05693216926344972 0.06833616882370376 0.019059535804891888 0.026439553267310838 0.07257846134034994 0.05034309873133194 0.06760313896712197 0.029204583878310784 0.015150703618287523 0.07657331691723603
17 0.078483296002115 0.06635542117733347 0.0006075903160577406 0.04073693867420506 0.005164302067073255 0.08076011630416959 0.020552488961546343 0.06123041634567108 0.07483945765504045 0.041329743751511716 0.044858739872267614 0.04573890046932255 0.06485078082609312 0.037243898164609504 0.0819700644292093 0.05277927390677872 0.07877781104166709 0.04600936428926334 0.03719286265202927 0.04051853309403574
18 0.06618512499115158 0.07957736100189806 0.04466249941249754 0.06841266069089542 0.008390082612380311 0.002492356612976922 0.05339951372651359 0.08737058849756975 0.04554243336823275 0.025619245679421754 0.011245340835597003 0.06682603948917168 0.07899073219404731 0.08826025890317424 0.06080805319755489 0.036371720162802906 0.013465897473189579 0.02900551348347015 0.060299535791916485 0.07307504187553801
19 0.011776863158324543 0.02896952868006538 0.10532425644287295 0.04690478546525719 0.02963699272101069 0.07875421981329618 0.03859464625524612 0.06519850020864579 0.09716273778475458 0.01209932267230954 0.026292853632122224 0.08520140760087598 0.0024098768396603144 0.04405341068421975 0.03153843518818502 0.03618672556653182 0.018766051675445834 0.09504683904395375 0.0728086369845478 0.07327390958267434
20 0.027998005229618907 0.0032261863384199165 0.05424376898695165 0.07329149769984628 0.010360806331026337 0.05239459330675311 0.09867970479376496 0.07429997723865199 0.04736391448631303 0.06435524811243669 0.0031370552347302575 0.030377310821208828 0.023514111702652604 0.06468424580956506 0.0021483377282677653 0.05948896484117343 0.06118693064152941 0.07985915999319365 0.08370825928700595 0.08568192141688992
21 0.03261154886767741 0.11955648378465472 0.01843434594113634 0.11144757742063544 0.0024192745408598347 0.06802795332879896 0.037095187088622576 0.013969055375417764 0.02573399765663139 0.11917118235882848 0.04132313883370539 0.019467570271638812 0.023005478766939615 0.01911812725537868 0.06825409480257025 0.10435374896323166 0.04159786361404381 0.06594996026855432 0.04990686985498209 0.01855654100569242
22 0.03889398464481552 0.04782311140923379 0.0049849254191988625 0.027544476792375393 0.0391642032982605 0.017612284160016416 0.07249250629228647 0.09485549417918135 0.049405095921326525 0.07893768327731837 0.03951676384250164 0.05424310103987132 0.04423719933458674 0.041867011181356155 0.048112545012159114 0.02070161493195643 0.06988714827112535 0.07737163829953424 0.09010107900148702 0.042248133691408854
23 0.05091380809246864 0.08936675809597905 0.08919675826383869 0.013346951918604457 0.07378107011541424 0.0742833584008555 0.07117647675241057 0.06085457722487188 0.015499947892151433 0.07613136004425845 0.016013259509878298 0.06618800245231071 0.0009837876570747263 0.07368472082638788 0.039784913540524346 0.006562125125842675 0.07194920191572148 0.03661218014628147 0.04720641588087161 0.026464326144254
24 0.021727390415602423 0.003093264082314458 0.09117339581031149 0.012076449979928917 0.058584068080528046 0.07025206678965996 0.08260286150130296 0.020109187724245203 0.02658471379120858 0.08597276646475294 0.08626663547181304 0.03597705686442241 0.04630022230156046 0.055853572424267785 0.03716756663779442 0.05791308483941442 0.05698601825207551 0.05401147273100591 0.04748631138876756 0.04986189444902344
25 0.05900300457777729 0.03056312608362538 0.035258543331270764 0.039948213173026985 0.053167056530301696 0.011720731391444266 0.02236651776197117 0.04000003230745989 0.01285515562178321 0.00012583169850980338 0.08408927207558362 0.09164336177082374 0.06120193168038696 0.09175084688759799 0.03854056623083499 0.04888827597837396 0.06185971547704999 0.06118639916338843 0.05741359574911756 0.09841782250967235
26 0.04573162942791597 0.007130140808825592 0.00014281007752449255 0.0805832984507622 0.0656530147629258 0.03542980787579279 0.08273600860015923 0.07667324106262241 0.05909504352053791 0.08810604522648188 0.020771204436395702 0.033243965283738436 0.00996590328301726 0.11644945627113067 0.006951135349960331 0.000898490221124558 0.06518915885956614 0.06292400779794541 0.04490765031113526 0.09741798837243804
27 0.0766326032690159 0.02820856925079892 0.09361589251665416 0.05108810979506275 0.019777389306612308 0.08838335153337856 0.07807469096588437 0.02114672259060087 0.021051378366334732 0.028962444189891287 0.038870290259920996 0.09123867270336845 0.08525845879229442 0.025882025141896747 0.07290585961561837 0.02553986474990651 0.09227644956055332 0.018549069518011548 0.04250895572332733 2.920215086865403e-05
28 0.07672365525872174 0.05012327601574784 0.06142317658754565 0.09448813202037695 0.020782626548163655 0.00823675041995976 0.061783172730147974 0.055396703606581325 0.035283095904504916 0.058347093219540395 0.046989197974385395 0.026281850144417283 0.04055455236104746 0.037463006838753594 0.11013826907769712 0.015949850562688037 0.01515891244316517 0.09461623295372555 0.05769023352145842 0.03257021181137155
29 0.029491759647057886 0.06547163962203119 0.013839828214556755 0.05609837115961904 0.06906365977617011 0.036856354902004534 0.033113248195200805 0.007977170256917224 0.06276794297197423 0.07638679625106133 0.06185277916504547 0.07020810072344161 0.04749167814726823 0.07980442762419657 0.02877991156998416 0.01683367711536565 0.064176648222714 0.06996791969615762 0.04784924406134951 0.06196884267788411
30 0.02647264393376855 0.018243375507210557 0.06566117261852734 0.0687235705527395 0.025760347121423242 0.054932751173138075 0.05767001549860679 0.018643918742894883 0.07885009792077202 0.05064151996469726 0.08293343603593052 0.0006566716008715376 0.08399337416259613 0.014727219731677132 0.07950597979352131 0.0843971524474707 0.014239243348428979 0.06671774105859749 0.019207852566092188 0.08802191622103578
31 0.09929974539203656 0.04398989122389743 0.09651089545534455 0.0031607551373325554 0.028560847842427014 0.042037829532304644 0.08403231241809082 0.0995935595969727 0.06076468898158987 0.04755448744980508 0.011204796492799474 0.02488156251569803 0.06747461496574386 0.019780293426395132 0.044301811637608206 0.07510444802682013 0.002185028388377859 0.04145881235115522 0.026125774613508134 0.08197784455209284
32 0.003185649232529232 0.06249197815468875 0.06904841407209822 0.05256445816918343 0.016555308448600984 0.062263945575324955 0.06728083278750731 0.09090012399700384 0.06111600979390524 0.05145441364434844 0.07113891615585961 0.05268240266531344 0.006858341395860083 0.004367701482441844 0.050236607381049216 0.05044998984059333 0.031155182039607397 0.024462083212353786 0.07413443530341317 0.09765320664831777
33 0.07297253508315392 0.05176077742298891 0.04322359299976051 0.04177945747811484 0.07469537197563846 0.0012854255099445072 0.01874651905159449 0.02969776333221761 0.010512899911725828 0.04606617848843559 0.05669805635086461 0.09718908624952048 0.08195502335200225 0.028749888551069035 0.01934613912661312 0.09914723225653667 0.05143788391846145 0.05896327706932285 0.013604552510665726 0.10216833936136914
34 0.05765384172217103 0.06096335226057533 0.10165795544542333 0.0040906965186821445 0.053312949095251805 0.027363624371421875 0.08876404294276789 0.1055664023216869 0.03729705759394396 0.02065443438213637 0.020372270018532243 0.0944350347626667 0.022083930379481982 0.04197775905242724 0.02657030730345489 0.07536981687955861 0.008030075905968981 0.019489313898793752 0.029426720509578234 0.10492041463547686
35 0.0967901490721494 0.062144147326232864 0.010649984789938382 0.0723710014667402 0.037078804848839304 0.0716791071606815 0.04169333321150574 0.004177380976519704 0.017375686345547665 0.062206630878574025 0.07325674433507562 0.0099008236853813 0.09852874784600178 0.08472039649688146 0.027853959464241112 0.011425917210690707 0.015646229015739713 0.07467948124432693 0.05180284761977142 0.07601862700516125
36 0.054677687843740344 0.0860209370107159 0.06694183502843128 0.07026343436852106 0.0027282468822403955 0.08375101687977371 0.024310515843007228 0.0009111758715235474 0.03961744222680531 0.02163239849550657 0.08703001637318025 0.03787349873404347 0.03987538212916715 0.0974552664030086 0.09240764238351258 0.006103915102387518 0.06083033192073201 0.04787545500080128 0.07018859182038592 0.009505209682516037
37 0.06521109301768134 0.011264736585883195 0.04337727263646014 0.0008904876142518735 0.02925172633750463 0.0754792411460678 0.005898894667377165 0.04126622475721219 0.07232093669602305 0.021703568482213578 0.016975477554140826 0.09355044525296194 0.09067537542982315 0.0866474383938088 0.02788936468343059 0.05989489656706381 0.06452459142250389 0.08924885548395187 0.04775621362550265 0.05617315964613751
38 0.07214777429556536 0.0887153235591248 0.04019127413910692 0.03372035547807572 0.03599106953775319 0.022693417870854205 0.05039271827836652 0.06291232816075014 0.0012360787931785938 0.0008999537401817566 0.08385493383937169 0.04062677638430387 0.06771571015738999 0.0030455096529332076 0.05666214013863746 0.0653564129101607 0.06021504748008941 0.09942343676325804 0.05979490554299458 0.05440483327790375
39 0.06953908877392062 0.0347416417472763 0.05735887481039698 0.03747827205000069 0.06568196648188583 0.04042492529430968 0.03580201891238463 0.0720246880554093 0.03873533631563027 0.0021888416736291997 0.07197357201853508 0.07924658126416942 0.07266735578150929 0.02098570546516871 0.0012164897592331506 0.058751822713012776 0.06122875094503525 0.05955706073742373 0.04984214272385516 0.0705548644772139
40 0.08793417042707158 0.03997943555566602 0.028483545064143117 0.05672879458048822 0.07576361885946871 0.06688146146327535 0.055577066003467034 0.021431379715899465 0.009758938931521964 0.07865994886293781 0.038709783889201224 0.03543669835887335 0.09206681962065659 0.04962059927939855 0.05548407198253954 0.0683916991597943 0.010548967791470238 0.05748029203891273 0.05192384234464484 0.019138866070569412
41 0.09308529102013316 0.037159373963718205 0.02264159711081888 0.04149440927033451 0.04740161134490442 0.05327967264668334 0.08848306659848965 0.08372666460428696 0.0587362129094193 0.04897658251313874 0.0739030409148162 0.019067295540489318 0.01594405494878237 0.0757869608863319 0.0019398448774126424 0.007149240113711153 0.011808217589914375 0.08251082531719915 0.0481759993435752 0.08873003848584045
42 0.039092466383670164 0.010359210773501572 0.012061316881351461 0.0675434693257855 0.07425681031164653 0.03673100607287606 0.046553107337664136 0.037951918022778586 0.06666887470880296 0.09074619902899782 0.08078392556380955 0.010590885842332734 0.08394107857938976 0.04387583833588829 0.036602878251693914 0.06311297772467746 0.029194696532619767 0.07261603888067375 0.010669723445555626 0.0866475779962844
43 0.056316735634705024 0.03973754704122169 0.06926387997408795 0.03072831766017998 0.02767158832330548 0.06598480511195003 0.04526383039932293 0.020819642634328853 0.06696271609552217 0.06063745353181811 0.06661257486786233 0.07835002330982141 0.07945431346140124 0.03540731103935801 0.032941000891943975 0.06164574154257289 0.04955430641780536 0.05160878781341534 0.05065810290158322 0.010381321347793902
44 0.07573888194773672 0.05107667941017977 0.07190405622817807 0.04841613539045464 0.0535486256050678 0.08275792161690267 0.08339022526039998 0.03347201938902444 0.07360724721499634 0.017326593569672998 0.07489772511026802 0.0369472417785754 0.014347384821711232 0.025255059372786735 0.00227237666229006 0.0393579380025822 0.05461068276101168 0.07483771905452212 0.003612948495162856 0.0826225383084764
45 0.034065616934206816 0.019282158412673077 0.08993410494108152 0.04332224811168267 0.07552107681457557 0.08218554500382409 0.03868912497445387 0.03861008210066668 0.019218991994067992 0.08780591860117816 0.014095217582722344 0.06542683215969444 0.0519251612076342 0.023399548029036567 0.004677038489749436 0.07995643610441946 0.06671014994638906 0.08639759112092021 0.05523287612989162 0.02354428134113216
46 0.09092751116603742 0.05828987831751457 0.00636103137546174 0.09187687075870941 0.016835048324164964 0.004165627364888661 0.07931060602165783 0.06144204910271017 0.0916999855618585 0.01013983184708521 0.06158978635724667 0.023639322088814006 0.07991667534972212 0.05053471621276909 0.00876867224745993 0.087589782815718 0.07260769585764322 0.04573164988267951 0.005808738098216328 0.05276452124964274
47 0.06221676889954672 0.04794181823650499 0.0031071668927058096 0.050785361669662694 0.03526243906268071 0.06146640160881029 0.034011194685830734 0.06674057653554415 0.052861718346211825 0.020188975001546747 0.08660468431562629 0.09860982094799615 0.0029877414948398864 0.09086878888871912 0.021788736388508468 0.05645827768536672 0.08065921084366352 0.014355694490519311 0.0714533440055658 0.04163128000014992
48 0.017297437056630085 0.054074000024140714 0.09040754494625275 0.09026817729841645 0.00949171782177953 0.06549087130249788 0.05471368757124493 0.07334750041468158 0.052448686586753314 0.07756088208491094 0.002606724281022644 0.0687293550493152 0.031125623138787598 0.011568976771274221 0.011391354032602396 0.03697038568883705 0.08129283175596763 0.03698917341959558 0.04525557283070828 0.08896949792458125
49 0.058837992518665574 0.0053405756126632346 0.0844627815001183 0.08536778084371703 0.015985665110058125 0.0008245148895615114 0.041835811627925254 0.048307376977158416 0.07912690642363632 0.049737161427764694 0.08009511616823517 0.05653079576443222 0.020195418456636714 0.0819594875667128 0.014850533195839885 0.03345272113946683 0.07601972181989311 0.029009573345208442 0.06929136155233576 0.06876870405997076
50 0.0775999604567963 0.003139579490467082 0.03199602791184082 0.02982114788700582 0.08020220584135504 0.04450891226163804 0.048411663344257144 0.00541475664823698 0.08777186725634296 0.042122147342405346 0.082116217066432 0.0060776392000847935 0.057785572994795614 0.08360808856006338 0.06544793165153351 0.03001062057808663 0.042870967871007436 0.06827484169253223 0.07020512062001533 0.042614731325103246
51 0.07504125941529259 0.044044062845833364 0.01835123593431501 0.023489569538039386 0.04609138650119513 0.024608810156055767 0.038022052373206085 0.04844772452334257 0.05202610356005437 0.0941517475485458 0.08320694385135152 0.028960545255007773 0.06465228878037055 0.05861214587418941 0.024530850964577144 0.023746394801088998 0.05244096655399401 0.09040846265287178 0.03866070247267434 0.07050674639799459
52 0.045650852678744885 0.10117144649899952 0.02677269842647448 0.02079772269569896 0.09894290604035484 0.10367396521781738 0.10534101755058486 0.052237382276228296 0.07832031501465064 0.007256584314997949 0.01741619608330762 0.06265363735751145 0.04501551974676582 0.046472628300195766 0.0030081493384196065 0.010534449110033851 0.02157887323225182 0.036501325673452906 0.01782661395057981 0.09882771649292958
53 0.08150318054711668 0.02577221699521033 0.049494733420740206 0.0505960549579601 0.06183271423172249 0.03775095083681215 0.04951739913074025 0.007015153375983923 0.00871532898017566 0.040831946063699276 0.00716159177658856 0.08154496952634714 0.07474109348025469 0.055278916657790854 0.0934664704251458 0.031532374547443044 0.09828616380877077 0.08040708497838124 0.04432605958674349 0.020225596672373378
54 0.04328999931143012 0.11045758237362202 0.010797344688707801 0.06255863844387921 0.07966708336782498 0.045751497665149264 0.02264783194481322 0.018900298806342742 0.0649356715828777 0.06614576406471173 0.054480697475142226 0.008807784370393488 0.06174748838963139 0.09126178789122037 0.013529224530291671 0.01673648097127021 0.045799029950601186 0.02817204525525786 0.07967557880432179 0.0746381701125109
55 0.03881637017524213 0.04457478606309872 0.09974691490282434 0.02909766935373412 0.061704223707831365 0.08457033903719978 0.02493753457449877 0.06690017484986084 0.00857773122785934 0.04786958593900324 0.02680660584554748 0.08573927262831141 0.0409786012546534 0.01747594412405289 0.06904854940758247 0.008280913549396819 0.0974719969758855 0.05291633966018588 0.05830907069296896 0.03617737603026258
56 0.02734126285847507 0.05492047646783282 0.024718925229096904 0.08484429192513579 0.10325965758095025 0.043200473609516434 0.06028779537665771 0.01027609439156129 0.025632779702290203 0.009384205511135009 0.05269893096991269 0.09969994458006481 0.04333453511619328 0.06400267978822499 0.09326348388503992 0.010184792505868182 0.06320347634209998 0.03931421407564677 0.022973206952326693 0.06745877313197109
57 0.05259220847885727 0.04651035585287547 0.08638826161809557 0.052331069614696746 0.014664651974919802 0.058067671298588745 0.04062724896975595 0.07923313767213049 0.07449263629853457 0.031756180042515646 0.048674406120168656 0.04158239786520544 0.10326578339369646 0.03051623499412326 0.06639241755999589 0.009732931294873359 0.038007815003083936 0.08394541842818593 0.03227538483088543 0.008943788688811417
58 0.03497601769533154 0.06678804686355508 0.0330993396751086 0.0032599318124466843 0.05057604169149303 0.0625943203581453 0.08142872741534878 0.05016989636402026 0.047410677004526856 0.02690866428224471 0.059992193420479754 0.06580932629815063 0.043130576070700255 0.06102988952755325 0.059370309376681314 0.02546355424983293 0.06274758495456081 0.07439718574077231 0.0575037069044474 0.03334401029460061
59 0.04558017078576179 0.07817830512872477 0.012254484015485328 0.018757195552892018 0.07907324060807379 0.05957782140057152 0.08146201929687184 0.05949185274380656 0.0723630943958547 0.030540995723637842 0.0011551819229181867 0.04658774739094387 0.07040981397051574 0.08332038068622105 0.08293096380792564 0.0008713365778897532 0.003984480018830098 0.07073682136547839 0.02361484179038295 0.07910925281721416
60 0.03024959247114302 0.03363049021513586 0.08303081412706274 0.033242719691125536 0.01020209999523687 0.07846284990134411 0.08939087292158962 0.009594093883769719 0.04325600452285741 0.04168023145535356 0.07970052191121672 0.05986735636611654 0.06957583258278909 0.016851473605241665 0.02713775004168814 0.07254135009149022 0.0582336252259739 0.07328622530961311 0.04919077311996842 0.04087532256128392
61 0.06357522212378179 0.07109321324156255 0.04113289885660229 0.0416040927241881 0.06019818521976097 0.02958270642142029 0.06401086634280519 0.01970470110749275 0.054992088017814536 0.07081138365951692 0.029522716446665223 0.06381527494323874 0.03156836547853808 0.024744831967960415 0.03809841990119375 0.026436575370337556 0.07083593958763922 0.06496111271689788 0.06983261669998585 0.06347878917259803
62 0.07868399767321183 0.07613807592350298 0.048346225433577805 0.0702778962451329 0.08981969859219673 0.009999475266358318 0.06873478811443563 0.015946663151818558 0.03023171425763831 0.022457944153553552 0.0008611589808001475 0.05626429380156984 0.08084627330041959 0.061756441121615324 0.0392870962723301 0.024568282489738504 0.0794767438371063 0.02338517593010974 0.0895705477354638 0.033347507719420307
63 0.08772589230148685 0.03418880346075674 0.05832306571203139 0.002940667680597505 0.033729049933971765 0.03588179077847054 0.02046773984797175 0.015807374352403633 0.035356630517602856 0.08626038314224962 0.056334119664714466 0.09235525477954526 0.08086266530157808 0.09287980261192116 0.038246821790072986 0.03729974018656751 0.033692481088209464 0.08740720651034914 0.0638399176766151 0.006400592662884342
64 0.06479301885435049 0.047413807649615114 0.029225594382151034 0.05593427026639079 0.03964046378580849 0.024627249545046068 0.08967551985157897 0.07511035688731592 0.040519676510601337 0.07153440541941244 0.07059696516081487 0.05816078133731947 0.022171183023165737 0.05565034761593354 0.08135768997413274 0.04616663089122559 0.035822515229860914 0.012973466980534644 0.0384684437552928 0.040157612879449
65 0.009736462160725365 0.07191103686410083 0.08154758982299076 0.020211323731802934 0.07508480177276566 0.003787762086017427 0.025015079168966087 0.05522401391290498 0.048087596935885824 0.059453490058746145 0.060777139765447345 0.07372375948427136 0.011796674200003724 0.034191656123014766 0.08300445784333127 0.03835080041739435 0.06954196617941949 0.056428577019408 0.07073847313727091 0.05138733931553287
66 0.07579721326361041 0.049794557806637184 0.08702751976308552 0.02759437552997547 0.04015980555770917 0.027001910017079026 0.05455598882736373 0.050429501358541066 0.02290226614281798 0.07783373167704427 0.020998513573262878 0.045939227027811114 0.03278831123347207 0.02085536078952667 0.07071599072341325 0.08245468658610955 0.0845476601125663 0.04247930256240589 0.0366943370935231 0.0494297403540454
67 0.06932668049148916 0.07391048432856871 0.002405529916311299 0.04721590695065623 0.07907619610116558 0.04315758119146359 0.025730930712040186 0.0320626136178857 0.001878100496305566 0.06274909945790556 0.03627364905685563 0.007886138040493897 0.06421690556760129 0.0827688647169146 0.03907374902515939 0.08672006841282581 0.027604532703432487 0.09290082730407656 0.060269789613059975 0.0647723522957888
68 0.022757318886663658 0.05308234896118039 0.07275957406314672 0.04344271411540337 0.07976364262819186 0.015937776160760895 0.037332410809302205 0.07564454003734988 0.06751500928939212 0.05568598675690074 0.03909591545268896 0.005720747980088593 0.029364134372712014 0.07629033238520269 0.021382703974026127 0.04250845487312599 0.07233937291865893 0.06865237514682355 0.05949868358162902 0.06122595760675247
69 0.0028875960318185045 0.04784988718869337 0.013885655610082754 0.03752677787532296 0.07647949323272264 0.04479171274125279 0.06836071864826339 0.004731680205411392 0.08693035876795865 0.04995184018432184 0.05928396692152763 0.04983804159304912 0.09049123154202532 0.05490451661624917 0.10184324526937447 0.028565856442041664 0.02440002704689163 0.010211949947547249 0.10250056719225141 0.044564876943194304
70 0.05711478971357631 0.021623749064644298 0.051710367399413516 0.06755361142589514 0.0815736257764741 0.06918310075619946 0.052295416243696775 0.04152688591845945 0.08403558736444168 0.09124879508337738 0.030213151799890946 0.09146274004216465 0.02468783605980842 0.03856010726647324 0.006042304683744499 0.051822941529871706 0.035696600820536016 0.04234565510888682 0.0424393487408484 0.0188633852015972
71 0.02502788011115743 0.03243684042247458 0.07639046245890835 0.036148057291606396 0.06024738856999736 0.04084522910490502 0.08643546056094523 0.06124433102828408 0.08212682903809353 0.05470441893764551 0.04807630913775099 0.07460568414682707 0.057239932902998746 0.0033889729622956074 0.06753829414032803 0.030682109017681362 0.0782654903325265 0.040267395614001854 0.039522116181411805 0.004806798040160679
72 0.023840379531234322 0.01437044626115767 0.0196443858436536 0.07276793210392833 0.014801161663630038 0.08362527245486709 0.09717272438378322 0.009337497846343936 0.035224424966533344 0.10409655422970247 0.03602054554790026 0.10017298401908861 0.009929947822366423 0.0637612780895638 0.011428272957975884 0.08313434300492262 0.041254665211923204 0.06729885947048918 0.022091712365724804 0.09002661222521133
73 0.0390562923696061 0.03592125060225377 0.04838418566235827 0.0825882482315993 0.045378936059919356 0.08309892274603278 0.0587907627931995 0.06270756337246737 0.019924407471649978 0.038957695032892946 0.054526070827730574 0.015518971497166181 0.05073270145521055 0.03980594875933211 0.07946423693735935 0.04917226288090032 0.05864831145272315 0.08008175274636896 0.0038484460992684348 0.053393033001960695
74 0.05949730523744323 0.024922622835396153 0.07291535485764707 0.01131704076071808 0.10532975415934585 0.014363455975552997 0.07828838008519264 0.10725915541731254 0.005088313463768406 0.07489115632617524 0.060551396534198984 0.010743597977995678 0.07159859860398478 0.061244102934875706 0.0381058236234674 0.034581740485617504 0.04317503522826537 0.014485217279317375 0.1011641945698068 0.010477753643918123
75 0.06246345427328408 0.017023405993124407 0.0290614759154731 0.09243862930669075 0.000889413408022385 0.021635139331018204 0.08883112272934285 0.09637877530763429 0.046903558561329974 0.03734064578206561 0.011260163887399173 0.06186594942985966 0.020925545087598214 0.07603311168909337 0.039295467203538284 0.05580026739902237 0.09227978176436544 0.09327488794843346 0.025485182862185003 0.03081402212051918
76 0.08401118355967992 0.08253137702427653 0.081977963790841 0.03355519482359519 0.07385749154766638 0.05362479409594777 0.009468965564337796 0.056738426422711874 0.015753598779750817 0.01779059213813413 0.07889505281250987 0.07346052075287342 0.06084406048103546 0.0631809986778583 0.08194913829093757 0.038532681250442895 0.007903687689028478 0.013349200541994706 0.013003810322603648 0.059571261433774246
77 0.0894054879020248 0.08094001182045162 0.028302123263863964 0.09013854317514843 0.04266230391936142 0.06137851691765966 0.03163510450767902 0.04166093395035682 0.029943529511774404 0.07060240236369453 0.04849194372412594 0.04989413666939434 0.04477406134719526 0.055842758294113885 0.08349373846868112 0.03887804829451957 0.0155393526202149 0.004306015854626439 0.08276643431648663 0.009344553078627013
78 0.02953780632074409 0.03186522006016263 0.055080846075304495 0.09654570634965093 0.028024829791619296 0.050221698007905116 0.054412015772247094 0.0708490948240018 0.0446785933364712 0.021586314240481835 0.029951523165772903 0.07854127074868808 0.014171998423937395 0.03969612952738098 0.10183990372065423 0.04066742217091478 0.014357425842390035 0.08122183224854103 0.06028907620995839 0.05646129316317351
79 0.04828982251682585 0.002253557491634955 0.06365231509170312 0.0603850933184739 0.0656563620712838 0.12917607353018548 0.03624403287183943 0.01347339578913862 0.12230739155988697 0.056573240698393465 0.11476425082526018 0.032834196564445584 0.028399356432053494 0.019465688177617773 0.017426323381876514 0.006021769852259163 0.022178349778547785 0.04060759779779178 0.0653766091587631 0.054914573092019026
80 0.02389223877330847 0.09685615328834206 0.03412628203936634 0.09587634612347987 0.04574429631293799 0.08368005555771105 0.0207593005219676 4.781872786136482e-05 0.07996561866718302 0.03489935848415144 0.06737663944805031 0.019117594238793337 0.07331820293684682 0.056621305883334805 0.077048248409359 0.03754642961871498 0.06309762955981398 0.016601645349949345 0.049593642867616486 0.02383119319121177
81 0.06133697021860592 0.09560894870101348 0.07594269486246559 0.06545391762935333 0.07007698717289809 0.0442232208420312 0.04990951164955424 0.04772143758758463 0.0023520545676106843 0.04695152662143931 0.011763753854629503 0.03403210674054641 0.020566149673747293 0.0016403732482543625 0.0877716057596084 0.05736684674564262 0.05709688029666045 0.08841693162304667 0.018684692133894305 0.06308339007141343
82 0.06970972352688855 0.009787482097986976 0.07167738858969483 0.0740670979924905 0.01368454167782519 0.004337097080026969 0.09229675554711704 0.08663376853204904 0.049407395079067086 0.023590609987480932 0.0008628906665884952 0.057319150407724624 0.042861656472721665 0.09802907962247757 0.07839002028230503 0.07649660927961567 0.006791056162677951 0.0206045864103938 0.026780517767727576 0.0966725728171404
83 0.07779907691901478 0.0061312216833502315 0.10662137937834065 0.07636528960377158 0.007979403024621004 0.10027419842253323 0.01284437763129269 0.010084311124261617 0.05350043804219461 0.09048698440200888 0.008451294133354069 0.011536383190624633 0.023170578010609195 0.04154267391301387 0.10384636485955609 0.10521574092446917 0.021129046551417587 0.08630949710767001 0.007774421432707614 0.048937319645188354
84 0.036453681445452565 0.0888727932407648 0.016294714896254323 0.059294208391284256 0.0629822321836854 0.03761391034986771 0.00928517992712731 0.0010372155972782364 0.08057628959964998 0.0779011258279855 0.0763393666558057 0.01053355305221225 0.08973789451285032 0.0045373400337674254 0.0656341349937219 0.024373435329248704 0.03139825425335023 0.08252649422806368 0.055523703852718646 0.08908447162891103
85 0.08177735611687065 0.02578708822763716 0.003325426040948145 0.047844037820697245 0.06747271613130076 0.046958413317990146 0.09508591038145647 0.0845039439427962 0.054423330573784894 0.013394386635055891 0.05619099562223334 0.03757063399085818 0.061194591358122184 0.015192291904753638 0.0620390959171899 0.04091530113366579 0.033210422648114996 0.02535109103426733 0.09055229128901672 0.057210675913240354
86 0.07859136834910403 0.08724596017801803 0.07518912194244501 0.053297063313484334 0.030433122285956654 0.007081166789085117 0.06394198162785439 0.06565097582635931 0.09350760694389802 0.0023379927755279328 0.0048249312938894225 0.010811929155967804 0.0714208172962859 0.00659064729637906 0.007869534773240093 0.09094858795965666 0.08733925265630521 0.015343726115554328 0.07163079186886719 0.07594342155212169
87 0.06947007800859467 0.002590955991924985 0.008902318823831216 0.04694989527018168 0.03677395740587114 0.029829701397285528 0.0702946155740452 0.10696612442502539 0.034607254294416 0.06390494757016807 0.016201344605406672 0.08486695832139368 0.037454561606001045 0.04467363225509347 0.029222349697365334 0.04546610143462491 0.05121435956520707 0.07974005698645159 0.10065187733692753 0.040218909430184725
88 0.05026531717932134 0.07420915459787784 0.04131749666329856 0.09375213757009809 0.0914470380558812 0.06409625111045233 0.015639474780178877 0.03920205238856535 0.024346725622888872 0.07012179347558622 0.025942802614984706 0.05964506633383197 0.0499233707090445 0.02712141293037677 0.08375283194506174 0.030348686670120185 0.006959928295630017 0.06555875508091151 0.06358131523479148 0.02276838874109849
89 0.04854306780201806 0.06494140058724657 0.02337681484228099 0.06581178444715588 0.028390419921047755 0.040426369396898545 0.08459540923849641 0.025369486646151945 0.05497515565210815 0.07934128262555147 0.06124509790847423 0.009351652754724238 0.048862005873247884 0.06545071383767423 0.03725348020881384 0.024835975742853678 0.011879981414632274 0.0678371720004204 0.0898105603143524 0.06770216878585116
90 0.09153243748477215 0.03753211042312653 0.047122493360796554 0.027846207619022102 0.07024514040825314 0.03807353770572736 0.09120841946104348 0.05684171815112852 0.07612559341306215 0.026406488907295272 0.046020085681471576 0.025891528676907395 0.0055805656139289546 0.024622287916477078 0.05471627616087294 0.04436799853345189 0.0364711429527823 0.08791545683025827 0.026336381212991273 0.0851441294866312
91 0.056771473758504463 0.06345518404279289 0.029407947110019077 0.02672364713226346 0.01029724803078472 0.08208283351452239 0.009802595831830215 0.025508889548066592 0.050432237349557804 0.07990696218776223 0.0688511450509973 0.07979817982752956 0.027417442091017954 0.06609549073604068 0.07857247539944645 0.043564811380977606 0.07135468013579221 0.04972270259769807 0.057803670087292536 0.022430384187103646
92 0.04768056276263522 0.011902822257033407 0.0755912606835078 0.04849496361979919 0.030759606510308457 0.02566740415319359 0.08113094889273398 0.01098459648884021 0.07613716812200072 0.0362171424697735 0.0545889142167617 0.011956411402986356 0.06294155938966375 0.08892238951815949 0.08859261119637123 0.08746576034169522 0.04100683048544328 0.061730997746577074 0.004703731479370304 0.05352431826314543
93 0.09301822998106593 0.009348728900752522 0.01930673256344347 0.002887894958937357 0.049192487067231616 0.07810300334782355 0.031532268780795576 0.04028591221499695 0.09212286085291564 0.04290399114506301 0.012007291320189448 0.03338347093629753 0.06840229098269937 0.10863685074711979 0.04931371437708275 0.08987801633851522 0.01628575703906989 0.017222776164896786 0.1002064526628108 0.04596126961829301
94 0.11171547188200034 0.023048771656430957 0.0333668447191437 0.040470842992553754 0.030686331738132896 0.07314042105778264 0.07649356461824881 0.03308596687999211 0.006245384780892939 0.0747964684909072 0.12557937961099788 0.030527146133980585 0.026401359232224527 0.05078760699921979 0.002601455904219214 0.027547914256932843 0.021538827113215846 0.12224993514818334 0.04606807483640267 0.043648231948538126
95 0.009717855892100625 0.054161947686580794 0.0872858483810478 0.04940639351676541 0.09685337013463817 0.07953691802378249 0.003907434520223428 0.06744793894525847 0.0017720779789886384 0.03483896192534505 0.05356299474838763 0.06376360570996689 0.07557641343805531 0.00279016174733123 0.05318747016081334 0.012031452820986914 0.0896364199658468 0.055799023048639894 0.012266254376633392 0.0964574569786076
96 0.02263292623819795 0.03782712488930131 0.09043912970458541 0.08023908331790344 0.049605087040064264 0.08283183942420548 0.034239388144917754 0.026336783409488803 0.09145830103678297 0.059616237007074045 0.04431397623497963 0.020464823753351957 0.047240893565454745 0.08667433727324017 0.023119409759127785 0.04911026014201539 0.03404369848551464 0.04814690219149259 0.05559053716377844 0.01606926121852315
