0 0.03122756494423092 0.02405641574763833 0.0828932776424545 0.01598082238441352 0.05076851218535191 0.015915486916434175 0.08342617678574606 0.08481248719987336 0.07649085652022469 0.04464148995244591 0.04088142905025989 0.0015974159419555093 0.06973907117416911 0.05326582246511552 0.08054998258994411 0.06356829582498874 0.0876441789762478 0.04708057879492482 0.005674616248513648 0.03978551865506751
1 0.06861302789377921 0.04811595402653713 0.041901620791301324 0.08145562281407101 0.07263371971960637 0.059286662823342474 0.08127430866991951 0.016643940135176838 0.042374212543443764 0.07105844935901068 0.014406277495872682 0.07091677990205482 0.005068925061968091 0.07572678299711551 0.053844258689143845 0.06892465813747113 0.050436797445623655 0.010891042724349601 0.006614305477074544 0.05981265329313783
2 0.05809635438141671 0.02634112280150286 0.034636511235743586 0.06192575865410743 0.053081068905048795 0.0027936648983758333 0.06503097029047919 0.018760875897526477 0.05498134166467514 0.06883676388439205 0.0912962919561741 0.08390091687017259 0.0429188667903366 0.08201601078332527 0.005544036935503376 0.10595620986566483 0.0022161995001171385 0.10534252624350023 0.011868923971902376 0.02445558447003568
3 0.02060467057235475 0.00766799163916048 0.017033216716983865 0.03906809982402376 0.025330619642340485 0.11705128503696516 0.05696219250028978 0.08515103347251085 0.06068659874363294 0.005839699923786901 0.03668113817049395 0.02782615361185428 0.06643971306223674 0.07770570525114873 0.12393461771873192 0.006726895737193079 0.004528701506023721 0.0875344601983475 0.06435848227886976 0.06886872439305118
4 0.05531316909948856 0.013191725570936024 0.027483276689754012 0.005606029162753478 0.07335893958278132 0.08311152632012857 0.006025530806928272 0.0696554186202079 0.11433098402407056 0.03391604991200855 0.036785131439371746 0.05810243251125373 0.059587953528802196 0.047760076600432806 0.0232855172685801 0.051960514378115656 0.07548957276454692 0.02158060649498729 0.08789372478023313 0.05556182044461929
5 0.04437044400968492 0.09683152165577236 0.02898072564769659 0.08144131415248233 0.029630181163393145 0.030885965658610497 0.010814260303456408 0.04768480834727122 0.10284814155999251 0.0420008658831146 0.09276049516491502 0.07788400918257418 0.024474764339916362 0.07162306332966967 0.025934401174506308 0.04840872065183962 0.01682381339007669 0.013059220153308964 0.049406148430529546 0.06413713580118928
6 0.019994578500102264 0.028664538148069414 0.06739191904748901 0.016423718268376613 0.07688479007660659 0.041904114040725624 0.05440393333295384 0.0614022730063852 0.02395313034251798 0.05876539272218016 0.07956354091327655 0.06647268850422595 0.0485937794076589 0.0826323406721991 0.04788747588386308 0.05786177703305987 0.00015511164489184073 0.022449503824428705 0.08383887437120527 0.060756520259783876
7 0.04603748138908152 0.04811433961039794 0.02706139989691069 0.005576144704060382 0.06150402201617433 0.06427995465429766 0.12251458856804524 0.05380689595557212 0.026681256932572183 0.06905571960467152 0.12937330883437126 0.028169127910362687 0.12079672760977048 0.0034551515538362157 0.0231206453799737 0.05648028262951372 0.08323714001450389 0.004458859983260963 0.019467527211818287 0.006809425540805331
8 0.029021913638851416 0.007279171796302958 0.0756957365412682 0.05863321209382779 0.040752256123389764 0.016472575456011232 0.10985893327483903 0.034607416637296474 0.09225112892405599 0.006578851692276749 0.039606789495038604 0.048237509200649446 0.016747633495799923 0.0673577767050056 0.05954845071640483 0.10062761730001026 0.05719317345422637 0.0966698772191677 0.042633492382268295 0.000226483853309313
9 0.0801740544507518 0.024155284011267392 0.03631368941333824 0.048450564824904965 0.09808896262572087 0.05979195503313735 0.05251122513166517 0.017743031445716633 0.04403818847715788 0.08838869768919165 0.04108050349216311 0.07944481030543475 0.021426054512550745 0.06573342862657415 0.00841923216201255 0.025657146878462756 0.05603194984250247 0.07307533334407511 0.07075683112450032 0.008719056608872138
10 0.08406177237477844 0.051394167939954195 0.04748864604884051 0.02471680816157143 0.05793987728755919 0.036574012155559006 0.08184193817079519 0.03301806785258929 0.0856724064883903 0.05191444395452636 0.0012170486359997501 0.018786672868585583 0.06028680813816048 0.031023248152047444 0.054401860626461115 0.03473404726493232 0.06748653129961228 0.05882120552751044 0.035852383508022376 0.08276805354410428
11 0.09206465416547603 0.0922902550382778 0.0857469561569872 0.04896359936423486 0.03517296937898896 0.001864576201672247 0.08030424109008855 0.0069063645658066514 0.04656128515970057 0.03462290187505143 0.0396931984330347 0.009447894758399154 0.059101745415597894 0.016314725260192363 0.05281926368115114 0.02234272531546285 0.045724072272943526 0.06871100394661073 0.059358299274589056 0.10198926864573438
12 0.004057558867185712 0.08200294999295893 0.08487305348880031 0.05409070548006788 0.06278213809390693 0.031860744474965605 0.07137699982078184 0.010215247985473155 0.06748854573653862 0.06025890091027772 0.017395444837439315 0.05887806784859848 0.04748035136554894 0.06378292721900203 0.052549491196442186 0.08676638224697898 0.017982339216899196 0.06179586190958545 0.027100169884383338 0.03726211942416551
13 0.06722737195321676 0.02559408852080634 0.060785034740783166 0.039689694599236165 0.06310995272592836 0.08870854054494383 0.08609795333945036 0.0018094090128690527 0.07840572815353224 0.039633602327977656 0.015130531714769817 0.07488512060333342 0.06569505896526745 0.02918447162005004 0.056507126332390786 0.0882647474503895 0.03182855903205796 0.006397546863318901 0.07745813312205063 0.0035873283776274322
14 0.018064845439359958 0.08469781672924007 0.07366520213360195 0.11758544797289937 0.05429714791240281 0.003482926733982904 0.0290106437164618 0.006042122207969004 0.11254527685876022 0.023807110603371193 0.06155953835995678 0.08684447378322559 0.06590433308771751 0.013448518231670108 0.014968956286881448 0.04202073325634813 0.09936174101962406 0.02405914521604026 0.03948159048760959 0.02915242996287734
15 0.07607210038346687 0.0007073117525657837 0.021218825795030784 0.08103198915497506 0.06996843228043412 0.03293806457739259 0.056362492915496554 0.04665731903374499 0.03173695801829359 0.06846875596011773 0.03108422859902757 0.0016738520493444675 0.0881798271220489 0.09017174004933647 0.05184767237071877 0.018996593994987574 0.07120233238049428 0.0665246467930742 0.015112300673344452 0.08004455609610521
16 0.04114537870098521 0.08117488896505655 0.06727896592025327 0.08626715283013549 0.018845187548362344 0.08428830493981565 0.038227709517132016 0.034497151328931164 0.029170405427089333 0.044052270209657275 0.03551048135369012 0.03663723741434366 0.0370410623470554 0.06880528030139996 0.049309832749325634 0.05272243303541329 0.03192853447148591 0.07801515040613526 0.05321575575733481 0.031866816776397994
17 0.008454936140839704 0.0615584440884818 0.0709606198461353 0.018248957187227417 0.0730157075993492 0.012077468762262795 0.05203958186063845 0.070936480115023 0.07135120956658426 0.08244748398831465 0.05054506937491501 0.007572527321271971 0.027860778414197436 0.05553325878180659 0.06911277462805639 0.035173408026634476 0.08446885266612184 0.05193674260604952 0.019023191899997915 0.07768250712609241
18 0.03598872258506374 0.007807664876338951 0.012236131198791425 0.08438035824348918 0.08584463150478784 0.04388028617951936 0.038546904785799856 0.053221681086382505 0.07140926355053791 0.06696293550025147 0.035362673083409686 0.06143509658059836 0.08377231371086415 0.0038868395499687966 0.08167195491180329 0.033447002461250964 0.06320766516600951 0.03761251851025011 0.07891557298048146 0.020409783534401413
19 0.037512010391601035 0.01375478261312712 0.026888221306544162 0.0006782352459827827 0.07883192922438392 0.088529234422579 0.03156419626943067 0.011813140725656826 0.06042523527167363 0.05846987091748368 0.08886148256347687 0.06351945008034877 0.04468102317824739 0.06963200085440993 0.06428289171348571 0.06702083698687228 0.06314586156525467 0.08083287047650485 0.02440404369251955 0.025152682500417082
20 0.05238368325775304 0.07174891911322467 0.007131854042516135 0.03786025771961604 0.04647987236987527 0.07345443280201565 0.06559127113547486 0.04151778222116787 0.06524153379504337 0.05535987000239846 0.06078424127076969 0.07345082932498982 0.025493536073999692 0.060565269253030386 0.06773781755551579 0.018288312631599187 0.04068573486175711 0.06539716524297827 0.029573117349450524 0.04125449997682396
21 0.07915892131303404 0.04558329446049908 0.009503909245246859 0.060565409383822016 0.05577269522034 0.07117192073137919 0.04909414205806308 0.07961262666408243 0.03946870981684419 0.05393542150464716 0.08195994831452659 0.04240782906112884 0.029815742637926957 0.037021490058856035 0.0592750622327919 0.05767962323745612 0.0053223798271061044 0.05733699920910589 0.051630857980360316 0.03368301704278317
22 0.014794274039921203 0.08340609735634665 0.039865549642588316 0.04730569107754489 0.0865165618089974 0.0532405571712226 0.07633861869699216 0.011577182302337868 0.008374730348735768 0.052934929691404564 0.009589844823957907 0.05455132444081925 0.06418504241968712 0.038105232749231735 0.056531743184149205 0.08434178406381357 0.028045601467184565 0.05524705405873745 0.07131518019620578 0.06373300046012183
23 0.042416976828714835 0.09959510440721803 0.08857020534963737 0.03347738049728892 0.05353190331225642 0.03619893025060936 0.06194321088977552 0.03810788603002325 0.03756622130825934 0.07162456441466501 0.09093004687582783 0.02564662882078764 0.05116143056888374 0.0455358922873321 0.03687271111245028 0.0073150376691647565 0.002082238451198858 0.08411446309898042 0.003185670311822644 0.09012349751510391
24 0.02129536833184272 0.08630805474626631 0.046581545910240454 0.05872803583729815 0.09704408279238926 0.029980057543602705 0.04535427632437343 0.053330406506667344 0.028507408999149924 0.08291432757670054 0.024739800212921572 0.03281473785840793 0.04246433318803004 0.010880200877546762 0.019107571124420204 0.09475135287227976 0.015366257544270373 0.06387915686017136 0.07701618123186131 0.06893684366155993
25 0.07493649755094114 0.09297518697739567 0.05366485341288475 0.07078356444568215 0.06728153334632977 0.030386147088945017 0.01974451449449641 0.07478802906091393 0.07017149669107185 0.07004777962174323 0.015172090241844233 0.015241264994867214 0.018721037597807112 0.024946672453979236 0.003745029011466073 0.09246858983084343 0.06613534245057817 0.01337699436178342 0.08367978835585288 0.04173358801057427
26 0.08998080459803301 0.043865990807355676 0.061555060064399536 0.03606343745032317 0.0174992259293731 0.07036770641214588 0.04634658387385745 0.04991441072175266 0.026537283033166697 0.003905589278091754 0.09262821966061013 0.09095929789834613 0.00590144869170887 0.07138303559116514 0.03351621858449673 0.08413618588767387 0.02121544532208787 0.06993376656965153 0.045037425793127514 0.03925286383263346
27 0.09411980092814475 0.0952002988197792 0.04980154297441495 0.007454882376601733 0.07796778441094102 0.0883644240654531 0.043770431374659045 0.07333406986459955 0.004857693574173625 0.059673440646452997 0.017883883322815177 0.022385253789767877 0.051859739123802026 0.08799967758898977 0.0012084120864314012 0.10726981900664254 0.001931886840040994 0.0873362906436685 0.026456905418777567 0.0011237631438441016
28 0.06106406107267759 0.08366416726012617 0.04624711108736986 0.005762687843056206 0.06943296994116283 0.01861867580253102 0.057179509752699656 0.022247399516683877 0.03349905852458235 0.08143709486227248 0.00882335956106253 0.06183601011318055 0.02183138578237427 0.08080196555208546 0.013092325536669202 0.09216845673955143 0.08115870670711364 0.03957861496323854 0.014947631250463207 0.10660880813109919
29 0.0692496837461485 0.07680571702448517 0.03637821523484027 0.053804167963665786 0.08486210550113663 0.08391177190011281 0.016424691511756344 0.0672605841397177 0.026086647131256382 0.04939637769694727 0.05767438187246764 0.013479496132719926 0.044990439425779474 0.03725583501988748 0.016906737234665577 0.05134814721801801 0.009123163880537683 0.05634441202673683 0.04964468627630568 0.09905273906281489
30 0.00844928996825666 0.011955190233226254 0.06213230800729336 0.1006634130519027 0.05292985671064239 0.009245168203195894 0.08278892589701473 0.021762450829874238 0.09331039644053656 0.0692893759857327 0.06483233015436404 0.03868447378431261 0.0014744273152422274 0.10538100710426512 0.08275103127392659 0.03804649877359028 0.009172171210682332 0.05054389593982371 0.009709375288860842 0.08687841382725679
31 0.08385358938335816 0.021300061811119174 0.05520058816021913 0.03567784297649517 0.02922763744995587 0.014166419774996133 0.008292930049342081 0.06732752564023055 0.10447751454715107 0.04302377730877904 0.03394752008958528 0.0704246485829466 0.01565816734988425 0.06880987037762283 0.017634562119577434 0.002672996622162338 0.0979608845580812 0.0893848473414783 0.058746188382008034 0.08221242747500722
32 0.048250555871597434 0.0013561565497081768 0.014106153651500381 0.04506145559149481 0.005235184845870717 0.06984389617171896 0.03503901392266516 0.10386818397514347 0.07016840528962538 0.06221818328456264 0.01854387274098438 0.030485019857994355 0.08844753565335937 0.0079742823923372 0.05233582866782099 0.06108766849038019 0.05615337813688699 0.10269675277197439 0.02258301481196099 0.10454545732241388
33 0.07292660380984899 0.00044859291181293374 0.09320548612827223 0.08835668082801575 0.1020114236458161 0.04504603509364368 0.002137814614866011 0.09093232507847988 0.06286319513922373 0.060428963671425945 0.09025799553482462 0.02564778646375289 0.022454090397417845 0.043158318948942336 0.01884056964451011 0.014268210764839749 0.02789798953030812 0.04894360083874221 0.018353686389964798 0.07182063056529214
34 0.006169901563116762 0.11381689956282041 0.018434467485036056 0.04201913114423928 0.13397981216739707 0.0013332692848319926 0.12138713419118029 0.007531155761661263 0.04946177334613512 0.09577198951672045 0.007017193686479578 0.01619563749011466 0.10431664515994958 0.04450258696693302 0.03421193674099431 0.025623437765530634 0.035821036876760685 0.027131605202338704 0.02818994665611379 0.08708443943164662
35 0.05823063207016809 0.07480909270444232 0.07071992266068633 0.04810215620930264 0.044480954103623606 0.08234769363973349 0.05726550407694855 0.003404093124311988 0.04401766146297648 0.03810212081563544 0.049096431188942864 0.08035061232949312 0.01789476706082608 0.0392249312077756 0.027414629634951195 0.027545194543182175 0.08446969587257402 0.07186348977106484 0.049634063674233155 0.031026353849127806
36 0.04390640508819507 0.04213316369708119 0.07847813314350688 0.06177300262131403 0.017386519750321884 0.07371232621421257 0.0021091926302264255 0.07683606987665076 0.09263296474787391 0.09636626484343253 0.05039935759601502 0.003138987769788006 0.05734436083502037 0.08271433744429732 0.09298660781555791 0.027320331742066044 0.005689307541516263 0.07698730413439996 0.004942880539193525 0.013142481969330471
37 0.09053883441078008 0.10374000810476569 0.08390117817850971 0.05388614445392438 0.020992173309521318 0.035029994905544516 0.08257592017751016 0.0003428885728931385 0.08390477288595194 0.04612953497034222 0.026434283063022406 0.05116578908639531 0.07787919642088502 0.028080860399598322 0.00721884055017918 0.02690647038286347 0.033831977286825715 0.0695645955280995 0.042980764409099724 0.03489577290328822
38 0.10917192775477046 0.07898129885431306 0.011674823342207229 0.009696226055931397 0.06150123344931 0.04520145168606929 0.035093607101283786 0.08706826435275478 0.06597445940428155 0.00886750452831237 0.047663666356727676 0.08832421994560789 0.0028380372167824803 0.11391103190430492 0.03438786517263819 0.11216732654655066 0.02682246551129782 0.009148526530648168 0.045299263756645135 0.006206800529563039
39 0.029166823372342474 0.09760329252796496 0.04814705242685081 0.036484516217289605 0.0038437900272076998 0.09662669240310498 0.03127175617410913 0.0448509888843244 0.019861860755170907 0.06262485168604318 0.01690534156372597 0.03061009495496482 0.026892293946659058 0.06704691617558703 0.0786104038702167 0.023806919850661454 0.053529540522050695 0.048669777773806634 0.09091114851087286 0.09253593835704672
40 0.04673785445933176 0.05407163919260763 0.07723237916765052 0.011235158621351467 0.10712294022895394 0.03628669213626747 0.09934559489709781 0.04826364410983416 0.10390501905630009 0.0004063901777977959 0.0864869435368313 0.007515549586806198 0.01182697805258603 0.056460357385915844 0.01631146639499749 0.09781941754826881 0.03755327339269214 0.05865997373664193 0.004950060048963398 0.03780866826910404
41 0.05172159762136208 0.05254735448093469 0.03814554235305461 0.03313063953713597 0.05266327510623812 0.06999713648770893 0.005045964172340449 0.07470410736608364 0.06040178420307603 0.05806153836115246 0.06931395153163297 0.04122537539350745 0.030436449759725738 0.04896313904605976 0.0741698631045631 0.06727545809668012 0.045860062189594965 0.07620124970700393 0.03227456126543521 0.017860950216709595
42 0.08909727471265876 0.017369851849976633 0.02975515184995849 0.07285627340732094 0.08871206393965667 0.06993612068968094 0.011955215690574991 0.0761918889189923 0.08934921917431181 0.0265795181084481 0.055015806745773284 0.05055329531848553 0.059847244517647086 0.061523029274677385 0.03434258652553838 0.07742831642367806 0.008077385271522998 0.003563923405312763 0.039104067096385066 0.038741767079399976
43 0.010127978565897448 0.015052206434830434 0.062001520159335695 0.05732768313206277 0.07625099599283844 0.04357987742455865 0.0643490872002102 0.01718087586917746 0.06275374754124889 0.07787241577758004 0.06932635163714247 0.05683595517221656 0.06738921920446822 0.08643438357115225 0.03521415879560558 0.018533001819365954 0.05776478483445771 0.0899273571152406 0.012131133426491674 0.0199472663261191
44 0.09490618497205935 0.004481524306859879 0.03190952228784923 0.04960290996020538 0.05158437387198692 0.08197506278376838 0.06206727236899647 0.010794845781101457 0.07194193685719481 0.01881153784245477 0.008381685386086858 0.059843034208604436 0.05765358332070267 0.06782134675639981 0.06820047740600614 0.08031502959713335 0.03900117939972223 0.06059141656347618 0.008614459023268302 0.07150261730612342
45 0.1040906032215186 0.004368291015735455 0.087894255088827 0.10193777228659803 0.00444758212506441 0.02305207766880404 0.04297000258914712 0.0959254483548409 0.07932142518618876 0.10182683419515542 0.06038733155381347 0.00887014559317544 0.06944506729080796 0.03983546353482693 0.006429695829216235 0.002252091611339328 0.08461851591776816 0.04319863278565496 0.027872424913460776 0.01125633923805728
46 0.06957840415968916 0.02997152721363621 0.04503499311864565 0.04165921419969886 0.034305332077129394 0.08112859182137329 0.08288659289147896 0.029969267535179665 0.04147496061580092 0.02380437287352574 0.04676325849862596 0.07688011910691478 0.04214370709089954 0.056850592201706254 0.05683883913719824 0.07585766172096198 0.007541397372169754 0.02841013186382627 0.06680451376159695 0.06209652273994259
47 0.05141028535645048 0.01892335813151817 0.06608534499610684 0.01577830252857695 0.06841213097203147 0.07538681758516946 0.05384534793738948 0.011478113022561638 0.0500356704556089 0.05968400248803339 0.04186809883343887 0.046030082136181386 0.012760678179559082 0.007438083037088404 0.06142348037291247 0.10690322041289477 0.0846156673406182 0.027712245915049484 0.03014210992897301 0.11006696036983755
48 0.1139035469738493 0.029566775338609387 0.07261824083233559 0.0044425194359403826 0.035431119785480025 0.10973065721959767 0.10022312750813733 0.040969563587326736 0.035144898838819674 0.026362066188429137 0.05577052618466111 0.061403248522097685 0.04457532153263095 0.031887088090773424 0.005857906670125656 0.01119025010612309 0.028386584171099745 0.08624364867667719 0.08222784676126299 0.024065063576022973
49 0.012761558912346775 0.04322814454682057 0.050413054199874456 0.06678559371641907 0.09423356386628354 0.058965902551749216 0.034858003617902145 0.05152015504866745 0.04186600156631322 0.07605031225603717 0.02001409032488279 0.009061969142476952 0.08361560860198738 0.03328663708977221 0.04314745806411127 0.0750184388298989 0.09376318595490934 0.02057193711853308 0.02106995244823207 0.06976843214278242
50 0.08959658566801515 0.01954978837228908 0.07242298233210474 0.06930189297304061 0.050201896215750205 0.09409172960564033 0.012449891832592076 0.05108926545602939 0.0978058897266927 0.07076111244101779 0.0481001776708308 0.020887045705428084 0.03478868300188235 0.03396517327355023 0.019746332522118295 0.02809333276911872 0.07879901282911345 0.027159670068718358 0.06044597621814984 0.020743561317917887
51 0.03453980674473155 0.006985638294703647 0.057221090771558875 0.05877021593845604 0.0466912003167001 0.07125527093379605 0.013019157952921006 0.08013072636637422 0.05884919981934459 0.08501977321794038 0.07294408931162756 0.012740618616661236 0.0769557197602236 0.043781733687759866 0.018394796253478524 0.06765227355003553 0.03820943176504938 0.08357055688927266 0.009109176982297575 0.06415952282706751
52 0.07684914528099987 0.010653333304542576 0.09160505911867287 0.01588355053583173 0.02713718362067145 0.051809336231630386 0.007776967439627645 0.04302220332880602 0.031379329511636696 0.054644216215876666 0.01105683484192547 0.07412813581963504 0.09341255452888113 0.046993981491488 0.023004996864603954 0.08625571749190118 0.04489434537608451 0.0339176115204819 0.09383675064970264 0.08173874682700034
53 0.0158505421079914 0.07086245643646488 0.004641019989273041 0.08304945937813915 0.026638098788077283 0.0433146922059227 0.07803174399133603 0.04804682503714349 0.06590908401114401 0.07020570468471006 0.04368803059273711 0.00849067214539472 0.017771341730684356 0.05292465231724235 0.09693897393419858 0.0007192255885133016 0.09383215063708766 0.0402569998102592 0.05430447160748776 0.08452385500619283
54 0.05298314492690059 0.050762276166859625 0.040061980817083266 0.012647532358893133 0.03506017178607128 0.038719226502163244 0.04912949800465977 0.08174291789121352 0.00827833728255734 0.0706754707472817 0.06300810385168897 0.048890142477658514 0.06621980493881356 0.05539494139173734 0.0436172389337477 0.038339461587557126 0.06637962735708418 0.07271630779835618 0.0787714278803713 0.02660238729930162
55 0.07170518158265932 0.06335621665628856 0.09416925575827871 0.013567516627700732 0.05836140568683065 0.006752992477293975 0.07860607537238798 0.07247291734242949 0.06716531265172215 0.08696680850944981 0.04085702705582158 0.03132437887321772 0.015550484095709232 0.0038055038663502134 0.019224815827156752 0.09472227527695015 0.07639913375418167 0.07367230974223057 0.0227075575517621 0.008612831291578601
56 0.03561073614232398 0.06420601007168243 0.008128856218474305 0.08914843778587932 0.024310371504966996 0.0823667808260052 0.010540284103283686 0.09215296834659845 0.09244714556418802 0.010530328567412962 0.0482999995785449 0.07199702662984746 0.004190439104409437 0.011955113957199356 0.08533555074872122 0.0740337180951143 0.032767049095563966 0.08193554640287859 0.01016074191797217 0.06988289533893348
57 0.09380372799911199 0.005406755374757843 0.03751319794929471 0.02899196643313569 0.009338547406752518 0.07398056528322083 0.09015821634688112 0.08303853445306271 0.030017176052305233 0.007089342179498986 0.01039310183596238 0.11983165516982046 0.005250531252483511 0.09542511382134537 0.02310271445899724 0.1143481334310733 0.015862638811946654 0.10657858382976336 0.0028459332969954943 0.04702356461359053
58 0.044687068268861534 0.0015751595865586905 0.06217315425848312 0.04702175194513266 0.06244476410660026 0.05213962269932172 0.014221015695042687 0.02987790302740721 0.044268843708847844 0.07269842431571591 0.003310670117421455 0.06802892484032963 0.06453579483044994 0.07385427564725576 0.054255015468760284 0.04657072182655937 0.04234720077048282 0.052139587825963334 0.0876486532062311 0.07620144785457446
59 0.02334376152538368 0.060806489729313434 0.07035971164677234 0.06856996473121549 0.08888139757333889 0.07275295895917094 0.046478981605345686 0.0017916838026854206 0.04169519592628598 0.0270065634054838 0.08237714978004543 0.0018215834916617492 0.06693957286480853 0.03078053459220197 0.023845170707684205 0.018440357863910926 0.09149683577658715 0.025629502019775895 0.08899321120477133 0.06798937279355712
60 0.048822119634726366 0.07243288633534714 0.045878555622703904 0.013714949856961211 0.07429818730224423 0.04434428515223426 0.07511175095542574 0.04907953932628877 0.07249956157157729 0.07219475721352672 0.07227551063193534 0.039806235872025926 0.015426062608998817 0.05380462371266288 0.028008523231789532 0.05928150114393887 0.04994404806967347 0.024196427307335105 0.07828720677204025 0.010593267678564349
61 0.049163647456668395 0.08438233254108803 0.058629018759170294 0.01890549769065906 0.09989014597141546 0.06618686250870079 0.06746775728819218 0.005976370210006578 0.06286569826053666 0.0014099740222918706 0.0675515281703129 0.029355034467093984 0.04994023566307275 0.06344397451457272 0.08020702318152231 0.06496612217092701 0.0313363103861855 0.0391705940785381 0.044873577359914554 0.014278295299130654
62 0.1036915270137075 0.019056602315044736 0.08995945070012734 0.039462930959472536 0.002787629861456358 0.00624714583236959 0.06648023980940979 0.07068943623216804 0.03509416690006978 0.07449724857559521 0.06790645316222146 0.050469890695215375 0.018071316185552275 0.017208081839434706 0.03457679424325974 0.06716795568998023 0.0864240455906011 0.06558598183432796 0.0715941121966741 0.01302899036331212
63 0.06305631094800018 0.0837805474006575 0.06998375519435691 0.002811800190073496 0.044102317843392545 0.05851755419272776 0.047337605652767095 0.09354539625290668 0.08911505160449121 0.07349765902525138 0.03497039584688019 0.061280643668076465 0.012328597999471808 0.06688186222648043 0.008815478864236451 0.0288327021807724 0.06562872122766834 0.03188343380579188 0.05924637611080927 0.004383789765187809
64 0.06994241437830771 0.0643370791887681 0.04330878713820937 0.00985016197590267 0.0018251088673017116 0.009506043787994987 0.06707559091159832 0.04574187237721102 0.0118633043986083 0.06308628200044604 0.07327638147541254 0.029871531354248016 0.07695779775201247 0.029459381020848996 0.07401146510517614 0.047253616368915716 0.055832315719470706 0.06392811983422803 0.07872946587188093 0.08414328047345823
65 0.014333876875350383 0.05875093860428518 0.05088460677507281 0.05737703786830799 0.0732843168869631 0.06052477459047957 0.05100209228240873 0.06664150306900028 0.10464526128919703 0.02899138027901004 0.07045585037941109 0.08753309421732652 0.0026496768089760386 0.05798809390759891 0.03239381451399807 0.05211328450809576 0.059014669833343476 0.015370933357277867 0.04649361618719715 0.009551177766699757
66 0.00476942608606924 0.02709831846472348 0.039734844050714146 0.028667114854534378 0.02836615951708123 0.03811331787801937 0.03869447918580576 0.007898163831595546 0.0822507011622946 0.07218704535015269 0.020644312813138353 0.05528495544647574 0.08408429849752524 0.06147290608753048 0.09651018491890646 0.04959762362053334 0.025393890597130254 0.059734111164211005 0.08892147214789069 0.09057667432566821
67 0.02701358583894647 0.004592822400596525 0.10814081009792446 0.11961355016406891 0.061921188145733726 0.0595691438433617 0.008977433851230702 0.06260686495251377 0.046293348109749395 0.050270618781531363 0.0059059291814039586 0.05111846105844292 0.10681418840991344 0.07227682608530435 0.017289303569870088 0.058548553960705574 0.07401725294802425 0.0034308498986726946 0.021933677140905414 0.03966559156110043
68 0.014646743017612977 0.04119355624038114 0.016002802014063296 0.0960316048125745 0.08566163089472813 0.04978270823501614 0.07125815885285233 0.08419693528095107 0.023171573828173538 0.034693384277876015 0.015736010782439896 0.03978462788709608 0.004786337023175737 0.04999517853039508 0.018247935458565342 0.08653472768103353 0.0980074314296843 0.09610967755389793 0.05208554980059461 0.022073426398888426
69 0.031478962444239596 0.05455893229858763 0.060880966400415175 0.006507632928712209 0.06946897200440988 0.0005012637896566233 0.04176656786288643 0.11623783113458573 0.13082517480320174 0.014511450080696955 0.06289826040754093 0.05310318695091615 0.010235107397675658 0.03753207968231507 0.06473359022909164 0.056155581992569946 0.03756637261524915 0.00640638063535271 0.06626386382641553 0.07836782251548127
70 0.01050832274376408 0.041402952115620076 0.040810742443331695 0.05473469751864103 0.049014508921104635 0.05607784408661092 0.07249272633879988 0.01703717530935106 0.008801909758272462 0.09129726359489393 0.07524289993628601 0.016420627557276246 0.09160542994026818 0.021267199216629916 0.0605463726356298 0.05536089323957745 0.05302318490853548 0.07092173048033756 0.0683884267837566 0.04504509247131284
71 0.07614349133544657 0.03858517636978285 0.07047403098830685 0.009170199938365396 0.02473818382445955 0.008387464076650262 0.06891089409303455 0.026656593505985 0.03253541443578959 0.041010102850012393 0.06351127324149311 0.052434260333501265 0.07342636804242368 0.07827732548305497 0.011110501173874817 0.05773940601217534 0.07744499880601732 0.04206281885385739 0.09115018260176368 0.05623131403400534
72 0.06611054037630122 0.002540911489121725 0.05474726386579654 0.07793890791969481 0.04223304212455803 0.03158841629812136 0.002930848193648243 0.06799733720147266 0.014769189414093022 0.021230317986632444 0.0025861549449688157 0.07551351626995509 0.04979763877804394 0.08076462400441431 0.027912086800481267 0.06688626340370944 0.08607810853631416 0.07434198169657173 0.06217590951754015 0.09185694117856097
73 0.08510614693669707 0.03185725660069257 0.08343390157710535 0.04451007623607255 0.04137037176406288 0.0032422834653720338 0.0027616524982317526 0.053022953587415926 0.05684717826214814 0.009362562188336193 0.012542285335300527 0.07363821594177311 0.0800951926679618 0.06303226207993952 0.06877430669210798 0.052653069350069914 0.031163297932875946 0.035218010311415596 0.08984779310544165 0.08152118346697938
74 0.05352958390772987 0.06656518529728157 0.022816100010858126 0.09225225188769007 0.013612674362660792 0.0930064174409693 0.07262861969557964 0.021249929560648466 0.0029138189128792265 0.05956653507710505 0.057695222959123695 0.04232263054598797 0.051852743208024826 0.03903045592258514 0.03215485603332985 0.07322210305921363 0.09051296044036754 0.08785695473159803 0.014794474771013975 0.012416482175353398
75 0.0519721824941335 0.07571198363838336 0.0701349944872063 0.06661809243509823 0.060865156213421215 0.02712353808838531 0.04558568150396907 0.03656143640943857 0.020925443802111532 0.09008158258771491 0.019811394734900793 0.08422730398942023 0.02744107699302879 0.061779179426382294 0.045236958712193014 0.05642544679365768 0.02484419613636593 0.0420043683095426 0.06513002898450918 0.02751995426013736
76 0.040276940871191776 0.056401052008326735 0.04410272801073416 0.05916835872167702 0.06720027076061218 0.08520218110985268 0.03179409433172243 0.006640503489794687 0.047860704727430876 0.09347173382416842 0.01931646586568569 0.00889297100980018 0.004472195189147625 0.07568587683775715 0.08686426742916219 0.04935267383708158 0.005682182408760267 0.10124649023756732 0.07272974635848602 0.04363856297104102
77 0.09060322110281659 0.052210944167024965 0.059321218742307856 0.01909521958062165 0.05727413438683958 0.013946123945628977 0.06776596229251576 0.08863529301172196 0.0239361977209952 0.06221279488989956 0.055444721779671274 0.05239196936712542 0.04805364333196387 0.07268830471936152 0.0140579788902778 0.0307841318822102 0.015521821648006312 0.008625778657406144 0.08396818779334278 0.08346235209026258
78 0.05738739977530582 0.027514621949419962 0.05308619613239365 0.07973117645872307 0.021880724162143435 0.05773996111805504 0.0419258572672461 0.049852760182704785 0.02943169947210547 0.02891578627429643 0.09331982616896144 0.01565427139375127 0.05803431814596379 0.03559780028096938 0.00933902604405461 0.0970713622927127 0.09811192457875183 0.05584658595632062 0.061179743013093625 0.028378959333026952
79 0.03249528716464069 0.0030071885104646506 0.07091317795451751 0.07204401835930611 0.05646308737908854 0.07610230762591494 0.055387531260191504 0.06161464950615136 0.0025010282037389174 0.06110619029635352 0.06185363211718235 0.07134662015734203 0.015042237326398865 0.024408782393085367 0.05153348774119217 0.07665113063711872 0.04472370789138928 0.023635463395581653 0.05662540576770727 0.08254506631263459
80 0.040132934049315054 0.07838257181817404 0.05306466135664116 0.029322111247226404 0.07804110026515342 0.021500259058799966 0.025123947280583134 0.06257596724479608 0.07936782890833363 0.08263168426511537 0.04553529712334251 0.0844768947165452 0.03372426736677548 0.050487905563045506 0.035720808427378896 0.01571778641415839 0.048350552047120465 0.024533244606594288 0.043515446953347324 0.06779473128755382
81 0.0025630700306362524 0.08741488679618638 0.08882706334759706 0.0127304580003549 0.0554258283105789 0.07113080555264574 0.08415300604758791 0.08432425182010932 0.037779356966656935 0.03737178696699921 0.027856284810369884 0.0018551263997069133 0.07088753033689942 0.08039790096691275 0.015906564159582554 0.009212691593323281 0.10213491123144318 0.004149897275416316 0.039484559022127344 0.08639402036486553
82 0.08873981885842419 0.08819499406529874 0.09417516417500643 0.09506262286481569 0.024666381510144372 0.0019851788919175977 0.008318722369190665 0.05403455803708243 0.0321055817015983 0.021496652261694064 0.062090964725229014 0.0025231582396180153 0.06369543782478301 0.014228252103554356 0.09106650152275023 0.07997366475348032 0.07833470331049891 0.06451594835248507 0.0157858019013867 0.019005892531041912
83 0.04128515172749897 0.06309085459282172 0.05242973566748307 0.01865065034944355 0.051112647402547395 0.02663116620788669 0.06033862210538345 0.033805566028566755 0.055831604361826326 0.018342448820570414 0.012839706026895778 0.09077208993504225 0.05942898557388073 0.022104725967820222 0.06641790112173132 0.0021036225969330957 0.06767153547870416 0.07488357193908729 0.09526869036963832 0.08699072372623827
84 0.07242066232786083 0.07349233245797084 0.07300897930818596 0.0428135122291181 0.03573038476639165 0.003628981893618512 0.023262476811123464 0.04826171493326728 0.0681101240361125 0.0030031271594185287 0.021076817991393063 0.06948947489152911 0.017681455799560646 0.0673584283018635 0.06002388875355245 0.0642576689588009 0.06790350814192435 0.07571090252625493 0.04035725137263197 0.07240830733942129
85 0.09800309789051224 0.07151038649756086 0.018432904724664943 0.06697069910103098 0.053085452752962205 0.005337406769337852 0.022923012030095648 0.05791582084483448 0.07424434157503194 0.06589055168850437 0.088182284036055 0.008435808271690536 0.06492643351951241 0.05528900882070294 0.03203902518647658 0.006686511695756837 0.06742051260845157 0.005753531817507908 0.07293466268511244 0.06401854748419841
86 0.04700629337642321 0.05887531229249805 0.09792525620325683 0.09256170383772398 0.06845142742977463 0.03361885600454457 0.036475837343623585 0.0030680973756186357 0.0958916865181818 0.04462277352699004 0.0008835228310352484 0.05646024285637934 0.08366855315632597 0.08764285111431071 0.08141910154859339 0.011595281924090841 0.02931294950770314 0.01806984793438932 0.029132837911518366 0.02331756730701856
87 0.09176818031969898 0.007949224042514066 0.08669567045381452 0.09568384160645252 0.016227099412201653 0.001776825171587845 0.10750063428242478 0.006748180228687726 0.005342544607623022 0.017784669082742538 0.10248234250183445 0.017089221691062376 0.003503809614299058 0.034996919342790964 0.032814637840273886 0.08717928606912323 0.10250764174724823 0.09911410506334636 0.016872727072323093 0.0659624398499506
88 0.05012580333608857 0.08849164458567316 0.017006082533227388 0.06360441075161487 0.0550816762640178 0.0022394892240202575 0.02555588552040279 0.06429358787390736 0.056326270228908355 0.07821930397321492 0.06988836261153748 0.002637719257923153 0.04115228004409483 0.0801919326936552 0.07561989552549357 0.03939503239101229 0.053634189086966814 0.049404680673424815 0.07120692413468166 0.015924829290134588
89 0.05118755580301637 0.04790401201491231 0.07553958104616165 0.03176198613775062 0.08007105816752959 0.07262766401783968 0.030728227853771748 0.012620689343279718 0.007505730598965592 0.05079453353909717 0.10141897538384906 0.027759519854037372 0.05661202091002333 0.08125164835468714 0.03717475528416126 0.04017906936989738 0.0012501934669288174 0.07882393320091154 0.08759227707052186 0.027196568582657937
90 0.051572858758337 0.03144904897756689 0.06419194290763254 0.069355310188708 0.05407095731902275 0.05163578422263292 0.02882106963496459 0.0016042738543978173 0.06760635039970854 0.07456823562682781 0.03784090735891444 0.028085495482663148 0.053547422995989774 0.05279257624211091 0.05395761880996295 0.08172086045867143 0.058183941860433075 0.06461107398322942 0.05604514842611242 0.01833912249211362
91 0.07518865827374732 0.0953350157522927 0.07442980679901622 0.00528925909202359 0.08292691712188831 0.07562819670134846 0.034860288735174084 0.029692340057874373 0.03814938395551498 0.09738076011119122 0.011348509037939084 0.09208524596043038 0.07653770192530876 0.024597586707269897 0.005599358665572744 0.03404966954018519 0.0016541170044932954 0.028504156692616096 0.030395814246390686 0.08634721361972267
92 0.05679287053413277 0.017001380052912147 0.04156302405431496 0.09562241127608359 0.08754201216573669 0.03726731650083854 0.06354751825684055 0.020142979257722553 0.0704386552990378 0.016980947297271624 0.054238470802379826 0.027953874500692644 0.08836058444393813 0.0922387003785188 0.02009177249119898 0.024125737748320136 0.045652581855961834 0.05113702717469144 0.028914594695781302 0.06038754121362579
93 0.06569880200509089 0.02281369447116169 0.071295222603114 0.040648296547798196 0.07454746750362257 0.010695567426370027 0.07895350223335083 0.03502288457552027 0.045187092822207946 0.05943799245102773 0.07159028122729542 0.03956412652966024 0.054780179836355636 0.07261820730364253 0.04025029521250936 0.03480076027278865 0.04987218402332225 0.08103780411748529 0.03743129404496722 0.013754344792709188
94 0.03425115139961115 0.05657713756910603 0.002487592937125024 0.11118812508444142 0.0594670739260977 0.04870760748553823 0.05816587114731606 0.027488646345541577 0.034687438982066617 0.031702026002603516 0.046429063940707026 0.1057385660394957 0.00848516183632761 0.04169538491305055 0.09255023306998869 0.07852344118737623 0.03510414284406111 0.05005729184537755 0.007359473777186322 0.06933456966698191
95 0.0388925664561154 0.09568864123783313 0.02123255110052137 0.016337392440748846 0.044011217588570614 0.07304630151905614 0.06629598036095374 0.06982644378794939 0.027048014312324665 0.06261759649197474 0.023151321316293768 0.03194789540821242 0.06716009667177218 0.10626148944537164 0.09230621109444019 0.059093066718916634 0.02455263612394945 0.03453814210885646 0.02926493253974432 0.016727503276394717
96 0.041643652874824494 0.021518304169846153 0.03374138423235742 0.10556110980249621 0.036269837745396105 0.005752048045783743 0.00042249947702737323 0.04053127780802044 0.0656293458891521 0.042798131523874225 0.08138548105963767 0.08089906668342901 0.0206499230878701 0.04105159229146538 0.09178584512268852 0.027314074457658478 0.09507851942802785 0.01887665620493814 0.04701824923901894 0.10207300085648766
