0 0.051943236958510976 0.09028707548772129 0.04610612356679236 0.0791837019086852 0.03684697468780183 0.02328190751190891 0.05272846810832586 0.056834207302345535 0.08556499921982391 0.032698485586991684 0.04932533511678752 0.005260460088756358 0.008491285466980246 0.08674087379647641 0.06463301905646707 0.060825213346710406 0.06875413087812962 0.003908594724729977 0.08043856258566671 0.01614734460038789
1 0.031217912697422995 0.05916502653329853 0.03315954191233304 0.06678235346939125 0.00048294885712985887 0.03217897774099554 0.09309898098631007 0.012352962888969086 0.09934512878500126 0.06920723930109829 0.08267995876837608 0.0779200399586542 0.05082998360670409 0.018020839292010184 0.0788190556074621 0.04152039361814215 0.040691055320723875 0.03453633560081483 0.05081246307969675 0.027178801975465686
2 0.05110239155476256 0.09326506020053403 0.004428580254692906 0.010187211363244622 0.013190695452390684 0.1002510690528288 0.04893237315384019 0.04357252580752716 0.03315771257854825 0.11134288556515422 0.025329499737689845 0.022644798141548447 0.12014352885912664 0.008061731289919579 0.017550590832685113 0.07172093488982444 0.08542556236265783 0.045463488887165976 0.09209228362222625 0.0021370763936325587
3 0.0031236853173226453 0.0746530447736164 0.10150292245876558 0.028316518420999533 0.08637744605500919 0.026436898998263247 0.06285636592327054 0.025934380377727474 0.010365322827922206 0.01815153313465799 0.018474655233011943 0.050642338047281604 0.099030698370573 0.06143676355899709 0.07554940758823415 0.04179020414047868 0.06292421370998737 0.005722870205982912 0.09701523015639943 0.04969550070149889
4 0.0053491664147307496 0.07793396663813984 0.06418426185933829 0.010027052823354598 0.010514441590139425 0.08471063781327932 0.012262427960548848 0.04831475742515834 0.07696731292530956 0.07010409108860677 0.05045322327378 0.07023233822339217 0.02606135743156009 0.08686594633519396 0.03855709054763189 0.041559985829420554 0.07782630154781557 0.022895220228734983 0.08387624405713194 0.04130417598673297
5 0.055786852967081385 0.00800427248484735 0.08808982233271967 0.05762600865334277 0.055527325158780665 0.02993753537801243 0.06417238777778707 0.009552891098767564 0.028630728239168318 0.008082519359928951 0.010819375694167317 0.10204669827399551 0.05621239332898738 0.08271831024683997 0.04976234816884404 0.05027436280819419 0.0942619931610421 0.06566069343460319 0.07579894502861445 0.007034536404275594
6 0.07033392131474328 0.05327910137750855 0.04529152942939181 0.0799894457138136 0.024908756185353587 0.06051430909105042 0.08033436050089135 0.03892541578883002 0.04845427653868025 0.023114804713191276 0.05793188848553067 0.03689301834493525 0.05192704405692598 0.07208401442476947 0.005230469375960322 0.069991950659 0.008412541914246464 0.06809442108418931 0.0670995406846109 0.03718919031637755
7 0.05166342832708315 0.06440473869657741 0.03444936045560282 0.08446564855733929 0.09150871039050083 0.01583810143587219 0.009530912529517885 0.08766611292902143 0.04282311375227515 0.018030284941297558 0.08275390175730697 0.09280214985507756 0.03350910993074647 0.0180406719964804 0.0049917495731247935 0.08998442875998294 0.0098687193847071 0.09331574233597136 0.06682386408582774 0.007529250305686975
8 0.0851085789523392 0.0018948119050601563 0.04643503414081007 0.06251114693989701 0.053327972769419495 0.0066495183904698805 0.04753222612524104 0.03372816743650699 0.0739291062494705 0.0910810219626808 0.056165641680303004 0.01733619797165526 0.07523121908793967 0.06605607878152453 0.034980694484123075 0.07931918162468149 0.07451631523104926 0.011469724555835002 0.03714767142825265 0.045579690282740885
9 0.03667899517260685 0.07930419087171493 0.020821077107439825 0.07407784438731492 0.04306257012152176 0.06710003690754661 0.09220956647913182 0.06931242946236059 0.031342518561005346 0.0295585175247458 0.007463358240438961 0.07075952223550379 0.08803592537770084 0.011972642800344806 0.03317326771513623 0.03450604729905589 0.0023039106436274176 0.09397379755692647 0.03652542984635907 0.07781835168951802
10 0.048528153287482896 0.018141565269159658 0.052506216061734445 0.08738126132594808 0.01455117573158808 0.0894351696752413 0.018836684159170624 0.022424270482018 0.06145885719726458 0.0028575476266975495 0.08907449781456057 0.013477791475321235 0.023119933653225684 0.05726631750483213 0.0565321247047605 0.06450290609674278 0.033747987054703596 0.08284480347457801 0.09420226689490878 0.06911047051006163
11 0.10228398519325435 0.010851052968792284 0.08026939738471213 0.019475740429054252 0.012886818200887294 0.03451647479139309 0.05348607136047733 0.019134503491631066 0.07758445606850209 0.07675097543549343 0.07401696308061377 0.09211992596657713 0.07405822802126372 0.036680504725847767 0.005840678641962263 0.06113594028316672 0.04484088338167688 0.031854635202166366 0.026837257615512936 0.0653755077570151
12 0.08663680833944912 0.08943709994268981 0.08900429271289408 0.05980542073716828 0.021019512870787835 0.013674181235556667 0.01395923323921311 0.037548204896718666 0.033231141779156904 0.03439975108739408 0.020834069646931283 0.05521169836104037 0.08753237731961118 0.0444494434006566 0.02318652025189494 0.04464826790006298 0.05642832766271053 0.0768114439484784 0.027478736366676415 0.08470346830090865
13 0.05604351283897817 0.08238083355067852 0.05844981135267883 0.06130009321764749 0.020102354043417644 0.05634695331128194 0.029933907431226137 0.08028134373071173 0.07693281243205435 0.06885036117324135 0.05613730234452741 0.06790101142760752 0.01321162030940663 0.08111081604410711 0.03939032075407649 0.07038296733731123 0.021696629472079128 0.009788652588197192 0.044518893242762786 0.005239803398008545
14 0.09356571780835977 0.03505901089571928 0.055034200083734164 0.003726839914055242 0.04219148962084398 0.07323491910076617 0.09230129535150067 0.023265735366086098 0.07804210587890605 0.028795484154810265 0.0528435939534556 0.04636746654388539 0.06185306940610197 0.05126121299725107 0.0181883145464204 0.04521944742509885 0.08448914017934775 0.028531358503708703 0.0743791701897144 0.011650428080234358
15 0.06348860122487039 0.0548619678363698 0.0832104128970258 0.01555099933776393 0.02074197064926994 0.09538788562526249 0.07635314680612305 0.07554498751189728 0.06527623187594964 0.027082777763560176 0.03134225871955174 0.01690935880241894 0.035492975637505315 0.013093304977332798 0.009096855781024352 0.09401468334461853 0.015353535305824253 0.022540760593587183 0.09065413806558101 0.09400314724446315
16 0.07756159097919813 0.015215630543677 0.04990729098287535 0.00672255722630063 0.08696443439146069 0.022184616403480174 0.04534055939108131 0.09045660538852687 0.09154583972619873 0.02105477628390757 0.06919314245535274 0.05376038380656317 0.013684556326593315 0.032811882077666644 0.03682938592064372 0.08800688269424611 0.028671594261643965 0.0835400062196279 0.05561159657878545 0.030936668342170695
17 0.04375074307342922 0.009302476132990926 0.04445746474602296 0.010771555406564385 0.06995179809152566 0.07777232879668722 0.01874476515541165 0.03393074603747644 0.06110443189759452 0.08325284506050387 0.022751807676230022 0.01762160796790443 0.06615605720881602 0.0550631430007646 0.08484715455035823 0.03490419139434243 0.07512222442125809 0.07696962126258779 0.05028153772792014 0.0632435003916115
18 0.07041062295609116 0.057123467743825214 0.07636369830396313 0.030516420313910476 0.0031839703139325466 0.08306547779222183 0.04311404536681771 0.09762357238916052 0.06840006474738283 0.09813492293372054 0.07151622854132023 0.03399575098036016 0.021971004057670024 0.008685394185169318 0.015813226807190973 0.0595942710009952 0.030538457274260775 0.03169743125389556 0.02537044080842054 0.07288153222969115
19 0.016452414473483987 0.002084030690397877 0.04734348669827397 0.0683656065440998 0.026145519423246333 0.04007525492637332 0.01929273017489773 0.10749526276571243 0.01479943458089933 0.06502535011266473 0.0492138040586624 0.05045235510542841 0.07740183161047316 0.05777967469683427 0.09754927528736977 0.08464732984680719 0.014717571886418633 0.025563687122341718 0.04225699334531007 0.09333838665030479
20 0.07489259854813746 0.030491773920200534 0.04462804978130949 0.07185587493527042 0.03327560300622323 0.0849566134416026 0.032270605593271176 0.037418052511414286 0.06141833617953885 0.03700132519930836 0.0625764467942715 0.04061505113240838 0.055703044935485856 0.04859477547940398 0.0651210093646651 0.08131840698799596 0.00995993911989943 0.031763292135788615 0.05507231275247186 0.04106688818133302
21 0.06508685781681774 0.0513432998638289 0.08569244673650823 0.03907412956782717 0.06059865922048952 0.099019949162843 0.09837702218560629 0.058241626650491485 0.018937298765458077 0.01043646249413055 0.004206031063146062 0.06653149125948116 0.009654592139236286 0.09265128179276103 0.007794408325989259 0.09749302430647545 0.05313723529015486 0.009698309775340837 0.007566091662644888 0.06445978192076955
22 0.06682462654059874 0.06571070714018425 0.03304982405462374 0.06719143993489575 0.010372462780515077 0.05687516285549436 0.0595927575042675 0.07684062478987576 0.0275408592672037 0.08156067760110558 0.013729816122413495 0.07457236281525426 0.009188198244717873 0.06175046796448734 0.006099295720938556 0.06157059351430064 0.012585031849191713 0.0869046250017944 0.0630806512737665 0.06495981502437083
23 0.07549773812483761 0.07051311681336328 0.02849204612117806 0.030166245375288017 0.07931750707113482 0.031371171098872205 0.01571222441934611 0.07046357287344006 0.06396619598232862 0.0064003718963681604 0.07364280269052859 0.06649933530162626 0.07059768802222995 0.07543364567691252 0.05111835431898221 0.0326430372363426 0.005184863597251965 0.06393509242252889 0.07742738867671556 0.01161760228072437
24 0.11827543539982789 0.03636652872046612 0.006469922934082673 0.022211810603779417 0.09923314202434262 0.0914097509843601 0.06890961902029266 0.06149243326480781 0.07385176199161307 0.04019214437805401 0.021293660258428243 0.0033162109533053964 0.020084361011010226 0.03136534036189227 0.008029052699387937 0.07366482927269026 0.044860659451308404 0.017592931177228082 0.07422833586374815 0.08715206962937462
25 0.0895198738447105 0.01484447565328824 0.03251539278651813 0.006617379420772953 0.08783112007842778 0.08344927610876553 0.061739090525822486 0.02585471576613162 0.07500454426567067 0.07353946885886106 0.052154003780074065 0.019780682777384394 0.01967199984824707 0.011276999284478575 0.06261478479949933 0.04815286201312511 0.01807782430538008 0.09285451697958427 0.0632901831923173 0.06121080571094074
26 0.06918525513157428 0.00970833062149173 0.10539855590240174 0.0375159100993256 0.06858141520228184 0.011398834031312453 0.1283080019632015 0.08614005029926275 0.030535586505922092 0.0067713657941292 0.011891007000640448 0.01450813972462009 0.044368764768356994 0.0011333330008255025 0.05602042798856625 0.11145992753122504 0.03269195173439698 0.015353345003716871 0.05208309470414143 0.1069467029926071
27 0.06427214760985843 0.09792097915736059 0.007168748544524581 0.04988453772149535 0.06140917009851376 0.03356159345554833 0.06550002062602746 0.04176595879627952 0.03042395877865113 0.00459616878602081 0.09221599083813471 0.029804034881253137 0.011378915672974367 0.0858565935060566 0.060210729202838494 0.022726007031238775 0.02788510500187671 0.08927375822810658 0.09013182088996669 0.03401376117327409
28 0.024459718953787377 0.08289593380588436 0.04236086211846152 0.06190439909201212 0.0640448837596396 0.07280047416313393 0.027709947004364233 0.07813945248651634 0.020755906326295318 0.012143805818050142 0.0866280816260452 0.07369475999489175 0.09200197144620706 0.016189514477708784 0.009531261478938496 0.05534414326600672 0.06597662999230199 0.02320661659236678 0.06353101338770853 0.026680624209679947
29 0.018085841969144496 0.07037353914485357 0.08900604695470071 0.09388992367703211 0.06064808369241594 0.05773568125920968 0.03252663699064461 0.02591526480539909 0.08742160392403991 0.03765287401201069 0.02469247516175005 0.022755899395263974 0.028156412912109328 0.00784198246979853 0.06274121165190469 0.051985553900403166 0.06592518647086061 0.06754664787991749 0.06603690831568516 0.02906222541285625
30 0.08601239345375192 0.04617519125357599 0.07562728022881955 0.029393367776624296 0.01037606273201809 0.08334758448953643 0.03675055023656869 0.0031734686547974524 0.04623190605552132 0.015211985327405858 0.027572230535601552 0.04384771859860631 0.0785856401135572 0.0275763506614958 0.03911027983538337 0.09656636105423942 0.06876107745908179 0.08031135052486543 0.03726638300890715 0.06810281799964245
31 0.07459347070282882 0.04082029980382968 4.3905041482573114e-05 0.04946993647235385 0.08071272186314887 0.008250707252246815 0.04973825157855341 0.07389023808501256 0.07406496644988214 0.07570352659663344 0.08091871390099517 0.07657261940190667 0.0020631338417299054 0.043605561191341215 0.054982009153321264 0.0027129858891999188 0.050279054134166876 0.05964055916007234 0.07355599174912726 0.028381347732166985
32 0.0737383658172619 0.006531517766208564 0.04137500879710686 0.0749528703792881 0.07766221492731469 0.05865681153743445 0.030901374725357 0.04652288647052673 0.04726145619002799 0.07084697732204706 0.03578966159952826 0.03942298065944946 0.040651396864161006 0.00013082847619240665 0.06796220908595263 0.04777724341048818 0.06483410678050885 0.04239333947293545 0.07795539546525798 0.05463335425295245
33 0.025930461506642754 0.04933437379988653 0.06727219178539245 0.03991586205499422 0.028393718552313034 0.05189410295799786 0.049244117229282326 0.011316668000798892 0.05127736092018069 0.0242313298964014 0.05882890585338773 0.09066362491124205 0.021135909252525426 0.0863022549962841 0.012933288438303953 0.05266642339769184 0.01348128174787841 0.07550929522061563 0.08476875416452284 0.10490007531365782
34 0.035840896277000066 0.014037361105382057 0.07512586501296675 0.06716837131394372 0.0734614193483444 0.07171832282482929 0.09499591580717909 0.06671072821104204 0.010835438744217347 0.07502182095293558 0.04884968001747791 0.023882314151240456 0.06410096648549525 0.01660896112693103 0.018609149504646268 0.03215605466278812 0.013291357472420346 0.06815488288619376 0.021431956419949768 0.1079985376750168
35 0.08792970737445369 0.08005215438634468 0.00965443164937983 0.03924569709433023 0.013676908511453229 0.08002185395458196 0.020155194017153277 0.06860591069740304 0.050666803300153884 0.09164770624769465 0.015162432042775384 0.048780414576165075 0.03822809597189428 0.015943236085357127 0.032563986229100166 0.031176568225135055 0.012525157364319072 0.0837625684731394 0.09620679016539722 0.08399438363376864
36 0.07650995935011744 0.005967069477451223 0.04952027641919172 0.03607705185680932 0.07941659447031389 0.0545386948766181 0.009497876233585384 0.01838501598432646 0.008576795742903485 0.09681461866322794 0.03472888617513577 0.0902214621736611 0.08656593412496204 0.09206476465176958 0.01796879876714502 0.001750621509106941 0.08933457900637091 0.06096738505451805 0.016968315565560093 0.07412529989722534
37 0.013186495073897632 0.04160847780980797 0.04033548157971894 0.06488141179411504 0.05972756541856411 0.05200329605476725 0.06029048992953532 0.07836359960905216 0.03389606022229855 0.04578535677311657 0.09912340166521393 0.04076211887359668 0.06325250231356892 0.06216811817279758 0.002443252386279971 0.05447684331201358 0.04901598198495316 0.010284191407254542 0.038790416900108426 0.08960493871933992
38 0.02398476473740351 0.057378734237873236 0.03334010898957145 0.08666351759686332 0.0016726093039170584 0.08511780058264257 0.07200909324264268 0.11065441147871216 0.11146732608976052 0.026672984599913283 0.03813894428232039 0.031489031803292836 0.09595304703655497 0.009415386702533656 0.08445687484798635 0.02453487306437062 0.04692803276893694 0.00040000071834060344 0.00599534246300867 0.05372711545335507
39 0.022388926931050213 0.018862417377558144 0.06406670186573889 0.11520668334356698 0.0872037076347116 0.05776620256666814 0.01059093885537458 0.07588793084507596 0.0036294969153163026 0.11774924296092552 0.0350860266423979 0.10483923333118025 0.059059556431024444 0.00989733869791683 0.03836060650011231 0.04630881540541306 0.007332936849406957 0.006184230136836718 0.05249047440634763 0.06708853230337776
40 2.6529406195252428e-05 0.0432146145656927 0.01870000458860718 0.06792050782902968 0.03534787066520491 0.09859671474028256 0.02208283795213358 0.06583707239849805 0.011875579848933492 0.051836789505800555 0.026316634518796386 0.006283845681578544 0.10597601465965227 0.0013584171463500527 0.10952748028226139 0.08376892139350188 0.07821150919127072 0.09078462620007646 0.012445912961860048 0.06988811646427427
41 0.017502633528117154 0.0847573767418455 0.04567300917635536 0.02559328292947248 0.04957469805059246 0.06335963667235323 0.07850827832353714 0.07203633431105376 0.07010660146611226 0.02384208175644468 0.05204717513825913 0.07823872062227992 0.04535636360339427 0.06689944777315264 0.0004279676597788897 0.03178094395355173 0.059126308671995385 0.05250157381845546 0.03308443052082766 0.0495831352824208
42 0.0905002327058906 0.006082180472042277 0.06396185407294751 0.07926916991581477 0.06265507298481013 0.02314698395650222 0.0005558852774791292 0.05722223758953912 0.06263065206055292 0.019344772954496218 0.0253232356675724 0.0033492512250368595 0.04052360247687999 0.01958780646700619 0.10518050536471661 0.0692391639147536 0.01713984445790804 0.024179086762493834 0.10737876653920791 0.12272969513434981
43 0.019629066084880662 0.003596367339718475 0.08856738305602217 0.02080753942588975 0.0478219473723797 0.018225864983062827 0.002080485430024194 0.06773691369103638 0.04688735896440112 0.045104432385234094 0.06396390401555299 0.05192258163434584 0.09937634504564131 0.008877474808153278 0.036456193017041005 0.0951708266729042 0.07447893953706224 0.07589980353673019 0.06289087799000945 0.07050569500991033
44 0.01704762917010438 0.021174119958847857 0.0662451959285295 0.01041835904243858 0.07700287665324507 0.08516043443988001 0.0349823166078238 0.04551041609533086 0.07483842755397621 0.08162643499470275 0.07262239757741557 0.030351135242988807 0.0018877208798091887 0.017207562865303245 0.08685819048155707 0.08860452953634848 0.011647965651491773 0.08853170268926752 0.08168057245689515 0.006602012174044178
45 0.055344313338444605 0.08093600822816757 0.004521581768724599 0.04529409580233 0.0902569378121777 0.012395246499962766 0.08916638233758759 0.08928394775205398 0.02668935351434162 0.010994433652803906 0.00435145227099037 0.07943645700384695 0.07103762437832724 0.08622126241524732 0.0832497900738749 0.036003833567900295 0.012547297976370051 0.007211073289071218 0.08387872627703791 0.031180182040739378
46 0.00944485757023127 0.04470294234381881 0.07698462298947371 0.051178244559197464 0.06627567240400697 0.0770302242911175 0.05403917246814051 0.03706255146104142 0.0368311059300708 0.07228557969982848 0.0008544245235802975 0.08277542438523396 0.03356766842617556 0.0720609045126448 0.050408096473295645 0.07762550987834718 0.04929813015933946 0.01312525146187819 0.06303692253967734 0.03141269392290046
47 0.049062357478888194 0.039707673110632065 0.06378716287040523 0.048271164615841564 0.07013902929716218 0.006163869076178203 0.022937274879767777 0.0741937493369706 0.058896155199209044 0.05498925399698748 0.039469033967973126 0.04566083250922441 0.06926551866864616 0.02623084562004106 0.04487347368173385 0.07425981092433917 0.06059979939592897 0.03987786267894023 0.06545106448593463 0.046164068205196175
48 0.03567356160170085 0.034300135937609645 0.06907269767295728 0.044683177974612805 0.08285311864264189 0.008933886066918412 0.03137835011101596 0.04055699437200877 0.045840235358009594 0.024341911266094512 0.061378764703024974 0.06371036012063867 0.06861220175781078 0.06473200863223436 0.05621187795483782 0.08464667815100933 0.05232675381880533 0.07981159515521358 0.01827721929830123 0.032658471404554225
49 0.08250683596354813 0.07741226812492957 0.06186674287356145 0.058914932273642806 0.004475864842798021 0.03332668062220243 0.06942568511946524 0.07066353157900002 0.05227475764214526 0.05283017338295508 0.05510137121168716 0.02687190752445694 0.08212732405415375 0.08503691639051236 0.02685973520066764 0.06006703686379433 0.005415369383393596 0.05382692100242548 0.03434418284438379 0.006651763100276895
50 0.0028431484539494533 0.002115727057904507 0.04135352576497058 0.04395933650109735 0.03413416157786141 0.06612803826771047 0.07365145075301259 0.038976889609176266 0.05683731908194513 0.019208783021606723 0.07740465600316049 0.09947610347852257 0.04438273409519505 0.06954170546657949 0.014454410790127988 0.0025064386014376993 0.10155923625315942 0.10140732309984478 0.03520288662972907 0.074856125493009
51 0.07392579492382757 0.050325742615085815 0.006820515655974087 0.02752461715422605 0.01950866058790332 0.08328973477684727 0.07476057456911316 0.020390447172144967 0.08502201939865474 0.05139437221145506 0.07006090037124202 0.08022521385580877 0.04739257536219215 0.006950798170794935 0.04151848861867882 0.007213849988219411 0.09777193722031646 0.032273387105835154 0.07982988653081541 0.04380048371086497
52 0.08269921289254892 0.054533065584085924 0.08698026773722892 0.013167242305828601 0.08042773413510336 0.020390681844898405 0.041279683797991566 0.024595104253955995 0.07144663266715671 0.06626866310129406 0.05799579560056805 0.0748577463668207 0.024413327022990306 0.018989748054865932 0.027530138747723636 0.07282722825823461 0.045876281969701393 0.054037386493316394 0.04728367886347625 0.03440038030221016
53 0.024278060790111338 0.07555378106760094 0.09070511924460352 0.04048943042374142 0.05323501418787693 0.04217347245704005 0.06179955153601674 0.04938196493972759 0.05089743293816546 0.03885613290788343 0.07827421682008612 0.002034717822989927 0.03651878635736718 0.04347355456657481 0.10581994826219639 0.011888641146011318 0.030745400241804586 0.08225384435582674 0.07575288349496584 0.005868046439409724
54 0.08762691007075232 0.017979520687572893 0.08822313682061825 0.015007714237716982 0.008352136544584221 0.03696177085752855 0.04975030777385845 0.06999250087938103 0.07695213511929695 0.0837015682253638 0.08329910529585194 0.046591452357805825 0.0640951762504657 0.05309140240811589 0.08667967181471149 0.002782608373331923 0.006278843502615394 0.017270015701164893 0.08342452800018355 0.021939495079079826
55 0.02860673956804024 0.025339423320738467 0.05112972792995821 0.05933720745107203 0.020861436920802515 0.03337096872995718 0.07842478743464032 0.030771152595885334 0.07567451681004296 0.04984881720220243 0.01167153634436142 0.0133851658651584 0.09907400273737113 0.045501875138188354 0.05580486509795096 0.07606251530542785 0.05806336649450462 0.08102707406872084 0.09744705576256432 0.008597765222412328
56 0.022941607352589394 0.0192276979275922 0.007403098619234764 0.02087087564725602 0.09105283841482864 0.06530126272409492 0.07804129820213038 0.06654903308507126 0.03737739980027267 0.047852066105465836 0.07315031882308964 0.048065843550121674 0.09490115131838228 0.04943480100388054 0.0789177179360475 0.0336552554590098 0.0037112385697784587 0.09309040402140133 0.041290362435822056 0.027165729003930862
57 0.03636726715947445 0.08068046408667467 0.022777709596290652 0.0726984103158078 0.015056521507258195 0.051860593224782495 0.06661487486009798 0.0836462761913697 0.04914904381571543 0.029428779057990486 0.03018879098963764 0.04573384742365411 0.016605070678799256 0.080893477774468 0.011512314226212248 0.061342368654468536 0.06814181990149303 0.06345111148198876 0.04151601956507651 0.07233523948874003
58 0.07187679080938504 0.027815989739214467 0.05807380244019955 0.030489066457921158 0.08822349535510779 0.03699188588411763 0.016644216959639645 0.08168327317086331 0.048391810366939084 0.07444029201035486 0.04909817555237568 0.06814555338969057 0.007646104522620048 0.07150822930315096 0.097372577111696 0.03713773642264088 0.01783478740873583 0.08392583336281553 0.007986672986139665 0.02471370674639244
59 0.03720012352668106 0.0037883315878407763 0.0555949761622594 0.05862053964756432 0.03469948950147506 0.08946172951257461 0.06993535792339595 0.019495313717723464 0.01643125402868852 0.09879378698779073 0.03535837166281225 0.06625760565242979 0.06256833363416026 0.0717906057925531 0.0798794628177114 0.0856434621850495 0.005900236431093004 0.01902669294272058 0.0570657501127113 0.03248857617276477
60 0.10418910081040596 0.039231076663257966 0.042359119431919 0.03714792793346316 0.08921128585035913 0.01090104715866527 0.007161367578833698 0.07095027803389718 0.03371028145590433 0.07083337726836667 0.01316812426974188 0.04979298322213901 0.005651609018333257 0.01663581888009145 0.01853510170847342 0.08383629284236038 0.07105326287591578 0.07577068872332911 0.055970980011389934 0.1038902762631536
61 0.07102508590758698 0.07594611401989923 0.0808373430568444 0.02928359239672335 0.04498390930219138 0.04896262712387974 0.010087520124881216 0.05687354027504707 0.01601400602586558 0.06036041445083922 0.060368404845891545 0.0006768839947447375 0.09391256505750072 0.09040413073574022 0.026288800690072965 0.014612905022673327 0.0859229714716009 0.01588805575242734 0.030482528726737304 0.08706860101885269
62 0.11012819919351836 0.04982505887583685 0.07632322959968939 0.07420179366966195 0.01852888856429949 0.04787714103725132 0.051522768734354 0.08968774523250914 0.0021801387040587933 0.06217874191403733 0.04347828901202854 0.06985640842113072 0.08490821809899868 0.021442461788710374 0.003576016915195737 0.06946726689295854 0.0548857613772071 0.053151735103900664 0.0033901389207653867 0.013389997943887563
63 0.023062062497718614 0.02592451382915599 0.06560466528958972 0.08402065250436236 0.06027652040830706 0.01549746248605163 0.04180482136228707 0.0833994955663023 0.06382983656952246 0.09390534767466335 0.061559766570750844 0.08573630370844322 0.05902707867499989 0.01760090927454403 0.05989378203792028 0.0032836674945449407 0.056195960865530976 0.05680821402747791 0.021027082649787494 0.021541856508039667
64 0.0668901420299385 0.04700689343435056 0.05208806972498832 0.01643800636035066 0.07826527194739581 0.05704157818107012 0.01583839250428543 0.04231621792434753 0.014376023936428272 0.06646363272056582 0.021546483148003785 0.05672287894281112 0.07437067383734737 0.07704645313349724 0.06099130069348682 0.0238232638591994 0.06420718408781594 0.07182492197214387 0.06059364725014524 0.0321489643118283
65 0.07538711239553228 0.08013077626980543 0.07922344542131224 0.026148575144743353 0.030552167891550464 0.06441442232145866 0.055420686611655015 0.09130461183771259 0.0011454132587859595 0.07723008245806809 0.04878437488811066 0.06483707488487314 0.05044343320759366 0.029988220563091573 0.0855872492691859 0.04916087965960186 0.010507427139419798 0.04712185944195108 0.030890034223235777 0.001722153112312453
66 0.0914394343902703 0.055545833823523905 0.009825909973439526 0.07254601139848775 0.08120644328620777 0.0845663578617968 0.04192019005825857 0.024087485941041056 0.07159348966836754 0.047981663055409345 0.0009961592449227131 0.03734705201363308 0.02173729149306864 0.09209681481538257 0.06487868757124551 0.05274178566604273 0.01758019566070911 0.09261536632031413 0.031134469945230916 0.008159357812648047
67 0.0625988441076972 0.01461157129649259 0.044990021068524205 0.03240115570235922 0.03309779110244977 0.019633711517084124 0.013479946198752568 0.013508309396821872 0.06781404814897761 0.018503970684672594 0.08967358843436665 0.06100260692801406 0.09279417509541575 0.023029875623054814 0.05556093572302626 0.05228428109375401 0.04283686364171301 0.0844232151477175 0.07581456304907576 0.10194052604003044
68 0.04543504228291515 0.05229652952912476 0.0008013643408133371 0.03506414804712409 0.04717378793815592 0.06943876198229999 0.024160292245090195 0.08821009740622139 0.05453910175416533 0.07865260648551395 0.08830702328177441 0.06480422058465668 0.07410187850407268 0.05115633469579433 0.041882046003239595 0.07166391445103928 0.026779217664791556 0.028408005823056512 0.028781375123326798 0.02834425185682393
69 0.02176949206696182 0.062082370864007884 0.0772483569018836 0.010667346811369355 0.01118987803035464 0.07199456393938124 0.0723428982328218 0.05594696171040746 0.021988569418923343 0.043269723480297895 0.06475034076897765 0.043329363036230376 0.053416807574677226 0.09568099257911673 0.019120680714035887 0.020548147161711338 0.07251615528788805 0.00994254976566348 0.08513195661970678 0.08706284503558333
70 0.03136083044277881 0.11983308066973054 0.11247030746709394 0.007301522216208454 0.033216841853109726 0.0728029326520116 0.017106618003525143 0.004275993438493739 0.034828787473589806 0.07919985161311725 0.016057509774125737 0.00549177414803623 0.10847253815272376 0.0023958737341261724 0.1021830916048527 0.02306306981561445 0.10473399328626899 0.009443578871850164 0.10651612475724886 0.009245680025494085
71 0.023466745474691672 0.05291308070632125 0.029815889875181384 0.026595581723695114 0.07021089234256947 0.0799967792896174 0.005733102343592937 0.07882463303827357 0.05857438349105155 0.09316549419866671 0.0886741462453028 0.0018286435469895346 0.08096878255000171 0.021764857480857044 0.046637712535443604 0.020063032696914642 0.06134869885733623 0.008274638021991425 0.07339684779935719 0.07774605778214472
72 0.07188837181774058 0.014102918171603716 0.0008755471494425853 0.08141591456008872 0.00776891312706731 0.01741935666324249 0.05673453196963451 0.05667502774008337 0.10905118315343784 0.04488869358880826 0.028164045921160914 0.07393182368644233 0.01325664542561143 0.06936330819780129 0.033432238320164766 0.06959054933221782 0.05504394072108401 0.10570185323567917 0.04527673710804321 0.04541840011064559
73 0.010368406676199602 0.003185432520635408 0.06965147122214228 0.02930736537754449 0.07871691221396755 0.08034294887544044 0.08095438991654459 0.0019878824498273944 0.04168191112933205 0.02266193089422293 0.07214739077049248 0.07034101274085061 0.07595279503984745 0.03872378351365621 0.07893381479543361 0.01301083266091992 0.06535600017079601 0.034614471187954673 0.06648571853534983 0.06557552930884263
74 0.02633319095393638 0.03800276696439631 0.0515560318536785 0.053641485280095165 0.022519371771150636 0.07614252730933335 0.06307458436230949 0.08622141419045601 0.01217000352989447 0.042163396894466285 0.03143549127656951 0.046555292149645766 0.0270507603490649 0.0708061910243512 0.05283037841057428 0.06650169501787026 0.0903191329801619 0.09114187258782769 0.019678433918707074 0.0318559791755107
75 0.06658976927157118 0.11515547938565998 0.04000011021504533 0.11541349731536936 0.00731686422733712 0.05882419507600455 0.0015759353205803278 0.07808440980839106 0.06662453727540422 0.05291287201192871 0.006116099724167094 0.00178009044974464 0.11227219183783073 0.011349829487186342 0.012681140238003579 0.11429127534877896 0.0036293758564938817 0.07366045394796622 0.008429961349164147 0.053291911853372335
76 0.053613270007403076 0.01057587300634101 0.01797932024432009 0.10894156576592103 0.03732998317540345 0.0647460781454713 0.03026468504071547 0.028849712083924114 0.05125175631954851 0.006779281797111062 0.05972523450546622 0.05927590016510284 0.05908243792740343 0.11164681670689432 0.034559687097258485 0.02583942444239474 0.02012744480504728 0.018300120551683452 0.08619627166039844 0.11491513655219149
77 0.10015020395534421 0.033007677000341094 0.04868610293717363 0.002742684645687038 0.09288285070258384 0.08304264475224184 0.04151275744639945 0.04792396225415369 0.10087496623580913 0.07205113222175631 0.05605619624522761 0.011856786756631942 0.02797345916230751 0.019891971857270967 0.03693600947634622 0.016752731209032982 0.07913746195404414 0.06930230337475708 0.007075067745242522 0.05214303006764873
78 0.019533996458715452 0.0004017778670421159 0.0395517590726005 0.01641983903357381 0.041699435748956945 0.07282613303279235 0.09229693134805325 0.05430555614903102 0.07759343207588859 0.008916681380283006 0.047991029822428026 0.08477926573212256 0.09661277849789278 0.03300475349072697 0.07313613104297662 0.05865354975867481 0.024251126759597716 0.0650624128065113 0.021944916666129858 0.07101849325600237
79 0.08784619306642745 0.07079144373958143 0.03855771511337528 0.07998801040952029 0.003252214834352685 0.08915915080430255 0.08320763861064916 0.059734470469166655 0.01480516648290817 0.06250282321369989 0.013905391274041213 0.05126411252228281 0.06744665824475164 0.006800614139943455 0.0824478007180388 0.08755140849418798 0.04630040232155654 0.00041697809316064714 0.002214738237155239 0.051807069210898456
80 0.029750559483513267 0.0332108541773298 0.005299860618848111 0.0860203787048398 7.431412713208721e-06 0.05048417015736497 0.07389273284830904 0.03834155718862739 0.07315611886395046 0.07280246235861365 0.09074610453025396 0.07780958213925804 0.0300299845273932 0.09198542135876767 0.08471569652014889 0.05672237953907985 0.03557094373668322 0.022923992248568243 0.02548123888498106 0.021048530700756102
81 0.041247896202510785 0.044404094313424555 0.03584811791697779 0.07589654710708132 0.02088593480998316 0.1041433080863658 0.08387231094526927 0.07903622773553917 0.02291249016345745 0.05499649942184404 0.09007959781510554 0.042040805433363714 0.027768954321143773 0.040428206553850654 0.07546816249173775 0.010313940253208566 0.08163764174211025 0.009085938468945126 0.023215724051375373 0.03671760216670608
82 0.009452939019011038 0.041444765798108435 0.027132940000005955 0.07044325974631106 0.027258080868016454 0.05702438089196377 0.009657395854433044 0.04964101112757188 0.058802798035997715 0.07307718879162343 0.06918728892749343 0.06760221528928109 0.016986693476151112 0.05712822112105324 0.07415161258476938 0.0419461493770634 0.07997581694315051 0.06858092164426474 0.026336779317097214 0.07416954118663319
83 0.05470467974100218 0.08835832511840278 0.0668144214241531 0.0505172263960372 0.08106146035125672 0.02213011065089178 0.00817123055188536 0.0657692212362961 0.06015051139287119 0.07420697744512636 0.00677930181823086 0.04646007022990145 0.044951765587418355 0.07331351038993096 0.0388488250523595 0.03830121610906696 0.024799118146270224 0.06586557254743096 0.05999329504406816 0.028803160767399645
84 0.02253766399208288 0.07018011437242028 0.007062505310917326 0.06349312796845004 0.032117915666384736 0.03564329420670484 0.019588062037384786 0.09279938185360209 0.06778827379040302 0.011161647034327345 0.05317048248428989 0.04729891838654451 0.02622087322007546 0.08997216835241868 0.007560413455779121 0.0858080822556469 0.08492076888015518 0.008300996332518806 0.09893697069855206 0.0754383397013421
85 0.06821368616193679 0.017518820681910224 0.08491846595645657 0.08527471667143262 0.01657629365680919 0.030651455159275764 0.08219478591353975 0.05606647644291408 0.0051847303876768145 0.021624571667515528 0.045151417422131676 0.06544362823583298 0.03605623151946948 0.06461526164224045 0.0564682436764846 0.07651196592737303 0.08012783702716202 0.10146042464118844 0.0019448314860323658 0.003996155722617837
86 0.0029902541461087626 0.053524892582679603 0.07815127089679176 0.08050650982411472 0.09294860240095738 0.0035888732664433403 0.04769310769192353 0.059594061639014644 0.011035028118618674 0.061561777862895746 0.08175335569180506 0.02593815625493674 0.057354091680327596 0.05684326357192549 0.05063865959570499 0.018073577519836292 0.011701773541989046 0.051504687435946175 0.08987373570043446 0.06472432057754601
87 0.024057513945861482 0.037602845690635246 0.06253763041825827 0.02338076167887969 0.07308396229892195 0.11590862924266222 0.032442732143522786 0.009243722344535169 0.09182866455816134 0.0184941058028175 0.061425797411853666 0.05090399897270444 0.0442132118938414 0.030041264342226162 0.07750106128048073 0.03938168717937746 0.12926015605786934 0.05171856831857287 0.0107822726016115 0.01619141381720695
88 0.027625730878302692 0.05268139405042026 0.03663441060816786 0.01290577893248212 0.07825721527331088 0.036388115748456795 0.05122247183504955 0.082275960970389 0.06402095111897113 0.08976973576885547 0.020286460755560592 0.0550162377051121 0.012926808508725511 0.011360944226017803 0.07241818348904837 0.04363975040704592 0.07292938822960945 0.0854783324712444 0.08602568322847795 0.008136445794752326
89 0.07007138736078586 0.014907782313057552 0.052312639427157664 0.06740000937378578 0.02074832010589369 0.09714033678068945 0.04628861820865909 0.01965488849468222 0.0036394829984033564 0.05504933548701222 0.0039377759811253 0.08365367356401243 0.04723658698904522 0.04573445505246765 0.059469740999842154 0.038828436990278714 0.09700570426400755 0.0347544123494691 0.1092814142983886 0.03288499896123655
90 0.08927023165531518 0.003380628224444182 0.05515089555771388 0.08155312556657295 0.03242307869490385 0.08375177315956712 0.028231092541610686 0.004573473588753767 0.021613405781130097 0.08183104804551147 0.06799630710230661 0.036973153855003556 0.003837448320232224 0.08461934482648063 0.091324108396273 0.03900146539754921 0.05221233382024578 0.07810136602554363 0.00953038329693811 0.054625336143904114
91 0.0835244369602337 0.05613437445393502 0.004471176741109746 0.04499197875320027 0.02252161969807977 0.015316678240858549 0.029089639912813818 0.08304155377845342 0.09721322789708575 0.05575233030273053 0.07950781186654177 0.07378603987986951 0.00929032785932346 0.090081032414926 0.045198087009701016 0.09038597859751267 0.005775071060220773 0.07144032198081264 0.004854720285985488 0.03762359230660597
92 0.09082316992153407 0.015145535953170286 0.0252823173490642 0.07312157780587256 0.05594393363103012 0.01488698064444355 0.10129393403979023 0.0028218963990691336 0.09155727141299361 0.0462033754118427 0.0815638214592419 0.074750813903885 0.03812235394176134 0.04910258719927723 0.004678276050634147 0.004755773324353838 0.09299764009382001 0.04949276419157428 0.0751681936348732 0.01228778363176842
93 0.053290825392284615 0.06965794060959091 0.06139677815546468 0.04765117374755721 0.06637966428870248 0.04531063778206966 0.0600719356233511 0.0631758765636954 0.014325386810689683 0.054652297416969205 0.034565110191886045 0.05631124433523374 0.041546240133940426 0.046626081686578114 0.07436475836748017 0.0677943755069217 0.07336240241099791 0.025968550755084488 0.02493187651612385 0.01861684370537896
94 0.09527977469962796 0.07526683832889712 0.01675351482477651 0.06825125181873495 0.05165058808491564 0.07835475349010168 0.09258014067059737 0.006186030831992146 0.08209795705779256 0.04557930008215471 0.01290925392280294 0.01023736530105364 0.04119440003410433 0.0665086182081613 0.028497899741638463 0.02401914567398466 0.050515830701843845 0.039033711244821974 0.026832858444067045 0.08825076683793115
95 0.02714902769341449 0.1137544795217901 0.03350455306465213 0.03770622190758691 0.05917144240632735 0.1071175061284481 0.006444207814386682 0.04779060641138929 0.05092893262251187 0.06118620022299419 0.05514497464618499 0.10138297652178573 0.061422380404037406 0.0039164917723308375 0.028985593173108858 0.03769566071374848 0.01344877949612945 0.02564848309750057 0.06348650353451483 0.0641149788471579
96 0.08812298711787712 0.012989699773960644 0.06373266685679617 0.011578577915458639 0.0026004894167955847 0.007594193755090348 0.04128433914902557 0.09099361671659982 0.04453217580880497 0.040094566954614975 0.009913284672697104 0.009745875961277623 0.08121486892268534 0.09740540566389666 0.06699568328026528 0.0758105519655388 0.12334638925444891 0.014108444214180694 0.024663104752409563 0.09327307784757617
97 0.04110638662830519 0.06165221483865173 0.0828557909518401 0.05353985043058391 0.07079215582001158 0.07391654230707513 0.04797545159946436 0.06165897126352716 0.022726521545654372 0.07421730299250301 0.03540268027883753 0.0517449630715568 0.010545679951247265 0.04224164287360613 0.02721120746220666 0.07566815421653093 0.022323136668523758 0.10105032982707185 0.009078390932415548 0.034292626340386885
