0 0.03265293436865732 0.018240989772435084 0.07981387716613575 0.09642647288881641 0.043222050326656145 0.02551961549546919 0.062117857176479364 0.07750239757539748 0.10217701424072814 0.07065538544707457 0.021641022863328908 0.0058584316608845674 0.07123118029701271 0.0017435680837155597 0.08577915087688621 0.06090984296555316 0.026051536840431724 0.046524088267005465 0.011396423948141454 0.06053615973919091
1 0.048722277455168474 0.013717511243263944 0.033419923312162925 0.003946473294889355 0.07102992245767017 0.039584757295805746 0.02063137714854047 0.07818875434059891 0.021545412045423134 0.11919076690261382 0.06173841672055553 0.09036900498726476 0.062319374003055934 0.09515300642687065 0.0011998596646589188 0.06814361809151936 0.05300613201682271 0.011996995205017943 0.07105380496255066 0.03504261242554673
2 0.08031943859941323 0.03715721058346929 0.01157398880485027 0.011901006909515843 0.07251169812610748 0.02489381587678808 0.04591122848242851 0.07968046393556778 0.02262312875121441 0.02299748227540916 0.05752437349737868 0.07641609787535253 0.07984667065320551 0.04511676779771405 0.010815520428613378 0.016402158320742988 0.07062582444859136 0.07645892587929794 0.07962531587279317 0.07759888288154627
3 0.024178713363484268 0.05836554210412145 0.05515234444707495 0.04857946418577055 0.0767270650333594 0.07130752808490454 0.05343708308639531 0.022498441496495644 0.015272137360121523 0.06509105063901753 0.018141247121057805 0.08150188599512494 0.05521706578969378 0.06562083153817659 0.0120093308204795 0.008038763847213979 0.08308903835405101 0.06721882298497639 0.04850079430361779 0.07005284944486334
4 0.0653197270991706 0.01808055664343208 0.0527075166676202 0.0496911430505649 0.0003764641481471651 0.05936884533194876 0.030149344744845284 0.07726959309095432 0.07591628776739565 0.07789678681329865 0.04709237709447379 0.0801504585398969 0.042579697230635746 0.018708516416136026 0.028048808579725953 0.06687273196516536 0.07255791273629282 0.058545108922397025 0.02755677267115717 0.05111135048674184
5 0.08544319155410735 0.04967983655389601 0.06503740847619574 0.029781541670069123 0.07832513177265732 0.0183793527891951 0.027826545718885414 0.03746264880843992 0.04805365059702312 0.07131820055802389 0.06853134980538052 0.09290618957457551 0.08204955395500596 0.031586928821256494 0.08932410746688581 0.03875202216825676 0.018340024099490978 0.042854487066760975 0.008298827541742644 0.01604900100215134
6 0.010883006600374187 0.0651440854192636 0.026605587850843517 0.07970671296953087 0.03774296773887235 0.08405501489344248 0.06223404202261055 0.013514292338567536 0.04530878789799372 0.059171299702521295 0.05857048442913693 0.06832663603111971 0.066336997041104 0.0030355883564740565 0.0844297132694149 0.019573228371924604 0.042799545434895996 0.07312965884850439 0.02070693674777837 0.07872541403562693
7 0.05269345221836117 0.08155150725562259 0.0198233609114246 0.07108213332876932 0.08812183796167929 0.049147315895617556 0.07051893963742331 0.05839498490465051 0.009765208027353823 0.00014121580897878618 0.028345103476745133 0.07071841482941718 0.01284715600123766 0.08931000439927762 0.03668100216545235 0.02158986270319819 0.05867122623131355 0.05366241094072713 0.06890282765997696 0.05803203564277303
8 0.0061384755071427054 0.02694886251713929 0.05009345281845834 0.07865678494041821 0.040087384270803134 0.08222379859527656 0.0921547581551828 0.08482477422676177 0.0443606148385933 0.02754013491132386 0.022831961378049964 0.005290156242820525 0.030841035524310476 0.05646229375180005 0.047238487531180935 0.08364570371578002 0.07718602354190995 0.005562662699454433 0.09539625859922095 0.04251637623437273
9 0.07895122334186513 0.04839877803924976 0.00852407859062152 0.0009215115591006187 0.05442082176434937 0.025776995048963535 0.023989995874953294 0.06443512598642927 0.05094293073429871 0.07805359382849031 0.05936068334872927 0.060430019859042776 0.0286541269919791 0.04208513485464181 0.046688799103723214 0.07146053470904998 0.08313516407108039 0.029920978135971766 0.061020154794129235 0.08282934936333083
10 0.010636898436148522 0.0013422556734549403 0.04779641431079918 0.07252137471361705 0.0848708842752274 0.05896827445738125 0.023572860850394544 0.020069681200530834 0.019761243342784184 0.06663213754959489 0.004184611328070421 0.08064262206399508 0.08460276136750425 0.031924762469621074 0.085599428882755 0.11447501580214553 0.06575970534334792 0.01495145162323314 0.03449978148941765 0.07718783481997718
11 0.03645735414041915 0.010472332652488885 0.06952531099093465 0.06289574300948711 0.02255200373801096 0.06169712473846463 0.07256610300707064 0.040590805411583976 0.07785795406192773 0.06180728244525765 0.05923958949121204 0.055241850400324616 0.005850004182179027 0.041072873074096315 0.0745490623863404 0.004672744919376885 0.04380759798735793 0.043982035191165725 0.07710283547056285 0.07805939270173878
12 0.014647003914351529 0.05617781409431259 0.013210917304892216 0.1088044756807752 0.07579146442961911 0.028690387297800615 0.09847669458533885 0.04178645325075559 0.10848715328627323 0.05325063091458136 0.07378200029747993 0.06145293484985676 0.06388184491844767 0.06584375620150935 0.028585433226038178 7.227742753643601e-05 0.043992709261492235 0.047205129974789393 0.014437716764180562 0.0014232023199689497
13 0.08818198640113736 0.05814376435609393 0.08701959545727748 0.06882135763592344 0.09479476097103424 0.005178557965338199 0.033524212572110496 0.08776621812339389 0.030581112619659092 0.06029906846354731 0.011513092528916307 0.06354917777780973 0.02033757653928888 0.0002555904180300695 0.03983346979154636 0.056768368523192544 0.03521951079668521 0.05168618271682811 0.02236844387351225 0.0841579524686751
14 0.09742236573281957 0.002406179050588339 0.025413399393808773 0.007602259271888884 0.08187667095858447 0.05535736802748237 0.01674813296227702 0.08520545041294486 0.0015967615118768223 0.09586566238170262 0.042940083608191904 0.02103248525805959 0.03532784265062488 0.03838719458521077 0.10307362074437788 0.04916337007370497 0.07578616889776803 0.014744832086063272 0.05947301712627951 0.09057713526574535
15 0.04859559579590298 0.030663997140393057 0.08126752189985684 0.07679014839422331 0.005912083483469681 0.02754141800447577 0.0013649942382766562 0.01668991183327105 0.08039367911715922 0.08390503496686658 0.08960536972584267 0.014035476555474753 0.025913070877345425 0.019907003881379094 0.008723119762396057 0.07688004760956028 0.09703342464353364 0.05944755080937452 0.07686307863248636 0.07846747262871204
16 0.07500867479245556 0.058317055232896424 0.08424794281395268 0.056815329692320435 0.020762149608945693 0.08204765603109253 0.030026959401085192 0.04634121433110935 0.001343939696713438 0.08273089610769212 0.035297118458550276 0.03453760955725951 0.046042495967100805 0.08114824346636768 0.03507228233941933 0.05729694596113467 0.07604140106981917 0.013829203870074639 0.03669868901792665 0.046394192584084025
17 0.024251533621303802 0.04970983535158487 0.08578303039968535 0.007907319440296939 0.08002994992357648 0.00973990658580915 0.030338737335768702 0.03269313509097879 0.05676753561818919 0.017631146353066823 0.07327705075477357 0.05787597049822473 0.06525474537877914 0.04391305833477335 0.05483198813338834 0.0410600895329734 0.045262204076925314 0.08091631308999223 0.045812591652136685 0.09694385882777318
18 0.010619072163586213 0.04702569999009094 0.09676307626163115 0.09376369663649085 0.0798463967040172 0.071928765002392 0.01518316117219786 0.050411749910079434 0.07591018238980501 0.09436533480998124 0.006041758285633497 0.0747231054413706 0.07467363841423534 0.010179397905277788 0.039199579901336046 0.03521507818589425 0.028558615685323613 0.0451996450294338 0.034501673338367775 0.015890372772855283
19 0.0832604475813966 0.04545842430637576 0.016373514706499455 0.004832240061656701 0.07453082877896841 0.09336078039089452 0.0049549731638989115 0.03319867505343986 0.035097334853712664 0.06746873221044494 0.03210717742151006 0.06624095067405684 0.04791717237287021 0.07928454726403936 0.07260247716316295 0.011531218955188025 0.012810225117616352 0.06040474232550157 0.059744904380763665 0.09882063321800315
20 0.05554025555565611 0.05637990472409841 0.04844341971139905 0.06451689121271141 0.06276164742726588 0.03555319347607503 0.08130628684259662 0.05440334565592941 0.051838633377761414 0.03930939084867619 0.07779520284953072 0.05845449003775042 0.050312281522826546 0.03947837132897944 0.011429745887465516 0.04774623176811825 0.03188941345105282 0.03627383150683913 0.05186570844283017 0.044701754372437355
21 0.07181951077728856 0.043918471142850794 0.08932381187899667 0.002036031844825445 0.038566844023640676 0.0728016224605176 0.027644070647216662 0.07878559384785522 0.08785525411831607 0.03601396710646332 0.0486933094349586 0.08482552004554779 0.011328199452883918 0.07601046528312547 0.018626097965123357 0.019155276594439857 0.06384929532501869 0.07144202449221547 0.019714393149592033 0.03759024040912369
22 0.05189978425126867 0.02323220367120088 0.031500337286013716 0.09179042334607852 0.001631311297577569 0.07444850407064943 0.02914047355675768 0.06821401328695542 0.06033296430808575 0.025484629610446365 0.09064701299491758 0.0582030479448853 0.06674570142498572 0.05575869178615224 0.033100675952074624 0.05144654897290133 0.04127141259224755 0.005931501200293254 0.06787004840881189 0.07135071403769666
23 0.10008914846692532 0.017100391039181234 0.08761269858048905 0.0189738565209857 0.05698795493089461 0.0027938989275543514 0.05204175960228661 0.026027895177439284 0.052016776223239046 0.07680060873749364 0.003859472188573473 0.023837166833752418 0.06750787322626006 0.029633638491276454 0.004674904896292112 0.09555134009488002 0.06528578173248321 0.06493936568189332 0.058252675332262964 0.09601279331583705
24 0.02457688003471564 0.037059987413402766 0.06259084305193846 0.010647879501716766 0.05046417921780606 0.08658547651525825 0.05215663349522105 0.026774954282726422 0.016699056556852783 0.058374988716844704 0.047102468501963785 0.045379106174503886 0.015860448025431566 0.09839455759219497 0.0591506289176606 0.09516420913875755 0.04474645928366376 0.0576066901749917 0.06285532082257955 0.047809232581769716
25 0.06594655385411828 0.06590426075853639 0.06575936829388118 0.014873521787233416 0.006387543515672318 0.03596491075367813 0.06963140674241557 0.06922414217312847 0.05755920996617687 0.07290194681733432 0.07636619692448575 0.032786130122879 0.07632631205127274 0.0817350668530621 0.00430076616595605 0.0011962240435891822 0.03550181615496922 0.07918552066989563 0.03427287597209361 0.05417622637962185
26 0.08546477445924495 0.08729198393369116 0.004482615719109435 0.0029289742121270455 0.020286726754767823 0.05686733794932747 0.0532484781557177 0.039157315997553566 0.08435806031192093 0.07503486098972624 0.0396921456203683 0.09040185604873015 0.05665490134859836 0.02599893003755291 0.011858950998861173 0.020258302443207078 0.00030243266056912457 0.08784728445527085 0.07668329925008713 0.0811807686535689
27 0.06346574422623495 0.041239991841019175 0.005875990878621576 0.04343156764871815 0.03397224437151886 0.025984887886572706 0.043708269564245936 0.06688786092021083 0.07674600803564958 0.07315259546956468 0.0704717917926067 0.07163187303608495 0.014549774724239729 0.01508791797054154 0.06281492709417091 0.016004167082408514 0.0824526454499409 0.05483767027438627 0.08123607581205047 0.05644799592121341
28 0.017520359808440914 0.05165651209753505 0.08431370841356164 0.02842776511625763 0.045757342075227504 0.02966722286683161 0.05868017090406521 0.0881758498392729 0.001352013889161371 0.07739945516756876 0.015537447378655575 0.025606348072595757 0.08068227477547775 0.07992351637208461 0.07326637453705802 0.039496378496844294 0.026182280461290133 0.05713313157053302 0.06752170566052564 0.0517001424970127
29 0.017115869881406565 0.023384386750547968 0.05355125070555551 0.045448119105869524 0.061011513220694966 0.09452632730390943 0.05497118442800092 0.021531816198286837 0.024693159088629797 0.08096161122583602 0.04141705217912282 0.00439654544106284 0.08488355280521659 0.0757705085039684 0.03271691666022982 0.028021755938621266 0.03871076365547453 0.08576898294797522 0.06240752088693142 0.06871116307265963
30 0.011435430854653317 0.014884864308421588 0.050016875998678774 0.004276585477405186 0.03241852530553149 0.09778009271364711 0.061659502414024576 0.057918965752458425 0.010838547060216506 0.04877267523840272 0.08537809638346801 0.048175767983525394 0.10459303441114641 0.0562694998297832 0.036265979707018385 0.0746036548955421 0.05344189371125198 0.0009869056822933702 0.08774448788096705 0.0625386143915644
31 0.02949647474274793 0.07539201567410482 0.059311089248118606 0.011281775716693128 0.04712668019894307 0.010224504845814353 0.02356879751157363 0.10029568390984889 0.08748075811436079 0.09199241350661827 0.020437445506700645 0.04039717328451347 0.0015312143791988094 0.04061248772161289 0.03787616630627011 0.09873050300414048 0.022803998514799466 0.0950736075510666 0.08287863776943241 0.02348857249344143
32 0.010528718235530745 0.11641103469614628 0.06594231621725327 0.09994869715708478 0.05133988395052471 0.05993777804870786 0.07527393517914872 0.07222334119765743 0.11392768135334022 0.02499849609239873 0.020715677060203528 0.05140560084198123 0.0062224627363899115 0.07778226814780867 0.02218728533432157 0.07834709175054193 0.005451833740310078 0.009510675101778571 0.03285301490806009 0.004992208250812064
33 0.05258651801229197 0.08790441756893787 0.08444131408892837 0.023129243654455563 0.018976082905477695 0.0022377634043098927 0.05875810402968986 0.05306218927033842 0.01875229625168958 0.06958889314084558 0.036919424128746235 0.048982217192369504 0.006594625287368561 0.05985638438233432 0.05140678622962607 0.08733337698256599 0.06536644055905835 0.02830898626983643 0.07069010095571474 0.07510483568541494
34 0.017156816149379923 0.02611178922301834 0.06672813797603527 0.010173328739241426 0.004904169084005425 0.05426992819104535 0.023985071706023472 0.022011416555289858 0.008082301244766025 0.10189590739388575 0.09188668377321668 0.020607024140202095 0.07614798438132873 0.09701157189219704 0.10573286261283732 0.06396014124315116 0.044036799440928504 0.006665003320019997 0.07034697635672867 0.08828608657669892
35 0.08121561979130894 0.06660737023339021 0.054715388219754184 0.011025826236598838 0.012671742023175066 0.08208503974930617 0.027717811233898233 0.04695008180884559 0.01880256984739389 0.033879281562629766 0.07505394862752045 0.05099697790289461 0.07216564331674243 0.07047452378550041 0.029008590942968347 0.06688591885220191 0.07039373456014619 0.04493551213037058 0.015416042882329383 0.06899837629302487
36 0.0391734468850298 0.05764744086689368 0.044756637137415255 0.060365958184008146 0.02206444939234253 0.0547543888799305 0.06728092661214033 0.04430998536255179 0.026780191291042248 0.06792519127569278 0.060188851533140963 0.06834773545378493 0.06612351547000091 0.0214980044591915 0.046177054093025215 0.06712451843524667 0.06273735308727417 0.048712617924740555 0.05718219420612471 0.016849539450423178
37 0.06527497153641224 0.1033678732741341 0.022405479550036387 0.019326344830691133 0.062856984498119 0.0847187013944836 0.012590297983014665 0.0822932272160096 0.08739710020089911 0.002559861905743005 0.0666214530122302 0.03839031459480412 0.021882924360675796 0.0782224921337473 0.01725846414998814 0.010907246232507672 0.030697870426685658 0.03460525966898581 0.05721240967323982 0.10141072335759278
38 0.07691250854873061 0.04568806130051696 0.07396494685263355 0.08272873350524312 0.017523325491206863 0.0365447792816565 0.05954440175630347 0.031178921207179314 0.03164872845833888 0.06447499958853012 0.07381007851710496 0.05908626013779256 0.07342774072641158 0.02568366085429659 0.055004140481736484 0.07309005706309524 0.029758727026077954 0.0001930030183509689 0.018411372790198225 0.07132555339459623
39 0.0057485448693127715 0.016127865836167796 0.08899933642111876 0.014875072843365847 0.05559524703777492 0.06529828454173488 0.03038383626430002 0.0912737222654645 0.004569132907952763 0.08211902499886936 0.0376144034676677 0.012133817895030336 0.05779451945605609 0.07643473700436787 0.041216059873389534 0.07220974406933606 0.028802399728950642 0.0904081726965919 0.05784369543922939 0.07055238238331883
40 0.033847676718850944 0.05996803982135939 0.06088108423972391 0.028730378470233853 0.08965105905509466 0.0528925080380987 0.1011445907365726 0.01453793548454667 0.06416500604220875 0.03139048957640941 0.06279597229361521 0.0832157115460641 0.10322086651670098 0.022009437433743367 0.07245170580522889 0.08091770311372098 0.0197843626869409 5.8335201289745434e-05 0.010424781442608264 0.00791235577698871
41 0.07469690188140182 0.04292597358373001 0.054734816899813896 0.03008419362901533 0.051186495020002616 0.036458511852177224 0.019458366814685657 0.04613747611419282 0.05448389613987558 0.05338156769846349 0.10017068518851631 0.03008283924351675 0.0014582658469899125 0.06106546532962714 0.10163537753994208 0.04373865673877882 0.07087234129142188 0.03324160137073577 0.02220586919159425 0.07198069862551852
42 0.022047557773136602 0.03236793072087976 0.06855579458828452 0.06689340637301423 0.031275488049932715 0.0331559723718657 0.057777857754801126 0.07745883073092649 0.04409511486984575 0.07702871484799922 0.05492874019093281 0.05960631440562941 0.07015186723167907 0.07871805198689215 0.04288365996359555 0.059981773746119925 0.011227131422251242 0.0285492023635137 0.04639952943450457 0.03689706117419517
43 0.06028396147238946 0.021530156370588208 0.042569716877905416 0.03945485788979215 0.0034038779957483675 0.0697114374618907 0.0006621310009336177 0.08820267763532325 0.08909731248309044 0.03250223620090499 0.013290928104010563 0.05609348897990055 0.06038569452756942 0.03987582008301303 0.07316288651354932 0.04630660008333522 0.0045297865083987095 0.08741950817802581 0.09975083592668618 0.07176608570694475
44 0.04260980461721099 0.035039909819981604 0.053483655507688285 0.0193202062174307 0.07929842739614841 0.09554774618522203 0.07160266379163363 0.03182224834195857 0.0007986003459439996 0.056446236398688905 0.09597284178147614 0.03276244598419052 0.005377694089775384 0.07646137969268049 0.023062075151045455 0.06902642936976693 0.009939553245424134 0.06902433687699369 0.08589477737469244 0.04650896781204759
45 0.014171586860566444 0.057082456050809756 0.07722449813621353 0.03621258076966771 0.014458442333187953 0.09009471109519536 0.08458989251436361 0.03201393886202578 0.032181678100926446 0.00797631816047186 0.032419062890383585 0.06964289791422708 0.03387033152058946 0.08845599048352833 0.0842481524844965 0.08202602267452465 0.007983445270346775 0.05341536214760284 0.052032887756464814 0.04989974397440747
46 0.048173298431316174 0.03269992127887918 0.06537765875424623 0.020665368192756207 0.06955172326161997 0.06569340264664074 0.06601633694666618 0.002626104645300413 0.019823821338134567 0.06428862950397705 0.05997852040625993 0.06615125567181263 0.04048223273045746 0.07335343479684794 0.0692795994150207 0.02285079828553017 0.04896493001144435 0.08258474779589427 0.019302659893663462 0.06213555599353238
47 0.07999421531903772 0.017293295679701347 0.05984888199424304 0.060928882727042485 0.007841958092813857 0.09009155484093896 0.060664304360380304 0.11852158285023098 0.0018439381491843127 0.006065433584782338 0.05083441740477442 0.02265211628919753 0.03837673143153063 0.015000047776815933 0.06048419235080726 0.09940918792328958 0.0297915365474277 0.012158324752147932 0.06291608676437294 0.10528331116128067
48 0.07063006855302009 0.09447588027003374 0.043333153778513524 0.07012213346117956 0.01379009145635386 0.01554095069390951 0.0032805077458997046 0.04520436050425607 0.04003853243072848 0.07719533826177119 0.044975850748548235 0.04822018994870257 0.08589761786084757 0.014843929890693537 0.1076018500317402 0.01439950834620259 0.0961478662888411 0.053320651031610704 0.05261067042106473 0.008370848276083013
49 0.06006915053998624 0.009007715809308484 0.038361799609198534 0.06322753471953753 0.08124016849230807 0.0723284117848046 0.08469569649279303 0.03483891555614739 0.04826437564266151 0.01779359745316987 0.05781139204546773 0.04221946038595993 0.0301419715669024 0.00024766243763450215 0.06291166305136527 0.016043835968509505 0.07208212794781428 0.08372369040756936 0.07095818829833858 0.054032641790523105
50 0.054659694797940125 0.08052879845348342 0.06504894352545816 0.0433174401206895 0.046211810048849396 0.04350739699729538 0.02589923990174883 0.022455255901809426 0.04222520666587813 0.026335418678818688 0.04243581687204943 0.0566542257298238 0.03441921389651142 0.009375483116721919 0.018674458150601377 0.08247751803738441 0.06998668289196987 0.07322814157849442 0.07427860510161934 0.08828064953285295
51 0.10055762322408034 0.05569269171907598 0.07942354431600943 0.021474884035467056 0.08064329807560452 0.036022149405836076 0.057989199166504 0.1022452475102957 0.027033417373849417 0.08552722653980777 0.06384302799907118 0.016669861289292282 0.010437768480965334 0.04582093695276938 0.016414957007495855 0.08666523128873421 0.003378526945358288 0.062167079354471105 0.046520427767397295 0.001472901547914862
52 0.03448848755544884 0.04570249114364701 0.05420035039814556 0.08030924259181468 0.062465461232962934 0.03270832839129038 0.05517347044691158 0.05963157487807456 0.07797090555914538 0.0005355277163295775 0.08433596100304712 0.07954354736495062 0.045381546265694205 0.08465813001246718 0.0017986725795716054 0.08408548691068038 0.007832671502147765 0.010252690531917187 0.04792542139669042 0.051000032519063335
53 0.028896833602522178 0.004814006402835707 0.04729671336571572 0.08814081703213 0.023821418112488075 0.010887513128749141 0.011241992940806243 0.10075861188442475 0.08245351170929958 0.07253632580470253 0.012655151334460601 0.05725972594835244 0.09468558562207172 0.08475013426187378 0.09368812281207654 0.0711939614840299 0.032186611990665616 0.04463866608186307 0.0185137231237416 0.01958057335719077
54 0.010556815281801501 0.028160560774794313 0.09797261690056369 0.018097803453412446 0.062466777961065575 0.06046872396829423 0.029828607044905465 0.07516843427078977 0.04444526438051432 0.08922723749034507 0.007857376859042165 0.06909278908329072 0.024173801761588055 0.002420917390069711 0.08570066481703256 0.017149546036977655 0.05421108165139367 0.05164799277033519 0.07706696259216662 0.09428602551161722
55 0.04370370987640874 0.012506471512212326 0.020855978656638473 0.07739777222446993 0.037291602374431125 0.08615277524685354 0.0019430893892146623 0.05867537404659987 0.04099932185452892 0.06287169601180977 0.04593810684152451 0.06899529898669947 0.0017103342579740512 0.06288717171920925 0.04508274390506239 0.04067387262233502 0.09546959834028111 0.0809071464430412 0.06544718387768722 0.050490751813018445
56 0.051900001510222935 0.003968877244659116 0.014381369855940154 0.018435597074041663 0.05411857825939251 0.0076937587138599965 0.08006295942982311 0.025884258026975707 0.07094419476241907 0.028594246025596633 0.06934757251118207 0.09274847605201927 0.09718995903400379 0.07820149788070918 0.08833720804156106 0.06610077302434583 0.05887831897273998 0.04394434800122466 0.006902654093787803 0.04236535148549539
57 0.028906131189300903 0.09231837676169674 0.07007957844585315 0.022431621471856837 0.028492072358098995 0.07831913978064588 0.015470038278103716 0.013496108984881558 0.09654557857450789 0.04966613153877466 0.023805965846369827 0.03821104822471127 0.06389858995833109 0.03899558414612018 0.06579721567344095 0.027396045930125956 0.08802736277138541 0.04573808523385576 0.05322643942187211 0.059178885410067224
58 0.0027167047781347852 0.05421371478022825 0.09045714336810458 0.05849944137167497 0.11037145096640108 0.03088812290731838 0.09256137529447017 0.03391130270603635 0.020374373285575696 0.022730576241116046 0.06444663281385417 0.04671673705262679 8.297869244658369e-05 0.03137655719296248 0.04226915363040246 0.04448060973168225 0.012315429685249775 0.09540904762235726 0.05345313070897968 0.09272551717037823
59 0.08243509548539334 0.0376216942189646 0.012575756224680877 0.0014998205058426718 0.06651658896401672 0.045469094955525244 0.013368336911152736 0.07811406998436277 0.07736671680079978 0.07252207190230822 0.0671617112680085 0.008819411688711023 0.06449022284490788 0.047555349008273524 0.031700869064534384 0.06031050049162693 0.05875047115875575 0.04090402431820605 0.06446715151383507 0.06835104269009401
60 0.08818387409971651 0.02087958302728459 0.0969381526213068 0.041684038745159316 0.022239588864380336 0.09125010022911917 0.011032983392946063 0.023667745237217652 0.0176932213870992 0.03425389603219304 0.04551050388301062 0.09305325785677146 0.049552149367428265 0.0305644391825004 0.07334379211062987 0.06566830572923044 0.057836446629544916 0.02206633944857884 0.06307797969117362 0.05150360246470875
61 0.09772014343794432 0.0796407221928431 0.037164178356821446 0.012673549826893456 0.09940609962400787 0.004399780492917431 0.09286424314244712 0.019330313007165204 0.016460421953455016 0.07623912634613407 0.008924043775503038 0.040086380325732605 0.030473077986826753 0.031503832167927466 0.07321410893781005 0.022840325015172455 0.055658582946073634 0.05859713177774031 0.04580357495800544 0.09700036372857915
62 0.0742960497105836 0.04513276634092231 0.07000527085475075 0.07930664060219858 0.07691027582625819 0.08930778976773023 0.05617737373417359 0.06534025229928285 0.00940296457388141 0.03434214423682567 0.008022154552006989 0.08854082502447051 0.06700701255490808 0.0067777673375608695 0.046139199224560126 0.09441551258968355 0.010582128305416588 0.06291343485861811 0.01476565959439126 0.0006147780117769365
63 0.09682290601987581 0.02926224764606399 0.0530544533207457 0.05672121022994943 0.06831773373606755 0.0593048893302828 0.0009067083378305099 0.020356585398412678 0.06226944385182759 0.016883630065369745 0.029410280457895264 0.10115576415041622 0.01892153605847168 0.10023535685240538 0.06973532000451624 0.001935445559782063 0.10676299169599315 0.015681270895810482 0.09077852640258736 0.0014836999856960252
64 0.08973908665915932 0.07490504307142622 0.025930875404327612 0.011890474052953303 0.038614679115610236 0.03660168339704972 0.026804020818530193 0.02194117280308673 0.00033222684829901195 0.02509649444272039 0.09000209334928004 0.03347198294441458 0.08371900605563487 0.00320037365804587 0.076989063046673 0.07973955694887004 0.08848737425780802 0.02374192081052572 0.10081734230310167 0.06797553001248349
65 0.014452600562451163 0.054510924486684445 0.08624623386548211 0.008132574036321907 0.0987781257958914 0.054653891638463986 0.0051284790963577855 0.07358121835567956 0.04500962825667205 0.03906187023083149 0.10439479787135392 0.010420042902042218 0.10493800433968667 0.007068498469139221 0.08415854909110748 0.009317173495165827 0.032862408821894035 0.03198072001970887 0.03916844861583998 0.09613581004922582
66 0.11039948571104824 0.10666932208662784 0.08441694709464193 0.018123417464309125 0.014187934965381233 0.08402828147222946 0.01835360088960837 0.06812456940026992 0.01472925520028785 0.03905648903842544 0.10366500144519107 0.038386274690254005 0.06875505778511282 0.07545996321593783 0.018634053575175957 0.01576979525775391 0.07953877370115495 3.658212882272475e-06 0.015872655544558908 0.025825463249148882
67 0.008031466060348432 0.0508832500420437 0.008251002166185647 0.07040747362217398 0.006119559762281936 0.1313253355767499 0.03866122826663452 0.03398034356701297 0.12631792873730244 0.03611532787709298 0.025667943017537716 0.05816140989792358 0.10707967066449162 0.005135422288716027 0.0035023293312126578 0.0029901888109559118 0.1306719692609137 0.038119755873654605 0.0036902002004353756 0.11488819497633235
68 0.06746424171766909 0.0750045276523439 0.013651676871177682 0.06476015522007 0.05092769363741693 0.09857369966467183 0.04833760660662586 0.02569532864669368 0.04763768401635463 0.09249580172930166 0.07356567584869791 0.020302427530910005 0.06594217182217406 0.010303062085971525 0.09928326605948988 0.011449608224054789 0.0023148726620787073 0.09732194810620269 0.0011318614346110176 0.033836690463484455
69 0.06613803227055379 0.03826345815625498 0.0039393977402476564 0.06259875663167623 0.10232519804390569 0.017715077327988854 0.11516608196762466 0.03779038621086525 0.0569270575072609 0.08464600987446504 0.020976646187682243 0.048482436780597736 0.012636966330451334 0.06684118552417392 0.022734149878873774 0.07551503878973218 0.0029569244897432847 0.1066145943437648 0.026868125193691465 0.030864476750446065
70 0.04672695185998141 0.018389782356486636 0.03451192983798179 0.05992166220125524 0.07121962785470518 0.05493169108847701 0.035241645454235464 0.039045186996871394 0.047533705413235865 0.08007064413998617 0.05582222479516038 0.08648469428331758 0.010148197475552062 0.08007224831182261 0.0829179541022002 0.07554845918341573 0.03466794176250533 0.0234388366887539 0.04365796489185575 0.019648651302200365
71 0.010715025213288532 0.08133601393869005 0.04961645155984095 0.05564815358299022 0.05899836368191555 0.04918687555141112 0.07858591113490922 0.06274256705578116 0.0632542653782315 0.006781526989857434 0.08036733771661252 0.0392004419002636 0.06097279444543551 0.06831838233960334 0.08020349604584028 0.042366919521332515 0.010492843080417643 0.015820248339382836 0.048664730409486705 0.03672765211470931
72 0.06334668071002046 0.09034501621557367 0.023811792552649293 0.0494184215434874 0.03809272228189793 0.040585616678899906 0.0747002746438513 0.009129413821853786 0.04169687606952093 0.05636887553082779 0.08440318379800177 0.060201493685184994 0.07609994014689445 0.02150451825000899 0.007013351112629405 0.02149953542103648 0.042662429949196876 0.08171980668426565 0.04304984442923806 0.07435020647496093
73 0.04593768558878248 0.03344120334281649 0.025791811944500267 0.04183640112045443 0.004636066632118262 0.07866038188544348 0.003917981852864234 0.08677732400640072 0.015350194812231297 0.058379320764216716 0.055159436191544405 0.051913099675281606 0.03212248112037916 0.0862296824354774 0.07959771438378072 0.07641513492834845 0.062382997179728804 0.002899323756761812 0.08438156109969554 0.07417019727917366
74 0.0007083934359686068 0.05405887706059198 0.0694615010159859 0.08855658493527492 0.042888788440983705 0.047887740858567375 0.038248174428771785 0.041247006034249904 0.07046422589283245 0.03191037087028533 0.027463826625238656 0.02412681907037503 0.048635058776598857 0.05965802211633376 0.049295699840492826 0.014452745491364348 0.07603067380293192 0.05537119202270008 0.07933147378704875 0.08020282549340364
75 0.06179193167559365 0.041414475557498914 0.08284492285978558 0.029489771466861884 0.05410396258497316 0.01489596121788514 0.05032716121439105 0.03290235414795945 0.049453378203809524 0.03640437125194014 0.05595577775333214 0.04168064238500072 0.05852536452226446 0.06266606703448815 0.006128001067012828 0.01938395122982327 0.0829930638561516 0.0837596803869563 0.06935420747863134 0.06592495410564077
76 0.0496657388060903 0.052872264018346445 0.07542401232130891 0.07802006686374306 0.02687069002338912 0.0042497942785165044 0.0363702985460805 0.08243957549635104 0.05436817077005932 0.030067260687686767 0.0764900625335636 0.07141930183115018 0.022749712202277082 0.06935947809468546 0.0341009342152074 0.02709755665340348 0.07885825770236456 0.030580010371729496 0.06219509759762307 0.03680171698642368
77 0.051596247491785596 0.087184248354782 0.08970439273595886 0.06774842239413635 0.07619084982804078 0.10235589520804962 0.00778224993859229 0.028224627787568245 0.0031872263860373666 0.08295005446203496 0.019258076714309357 0.003224216743025301 0.05244010081667311 0.019422975633261157 0.022614222596354993 0.06668684153619 0.060847684163784964 0.033197609181502274 0.07620120801652736 0.049182850011385455
78 0.021247487524174925 0.01550237429108058 0.04684884451786545 0.015098668856195478 0.033848280763535486 0.014057303936052064 0.10233303821903912 0.00578454650612247 0.02571131610494107 0.06163036996261348 0.02525937629976909 0.06805440708013336 0.118345272985925 0.026682305269811715 0.054783054040666954 0.06499037834293842 0.09265479250569969 0.05958181311434662 0.053912663400103845 0.09367370627898523
79 0.06091124253762451 0.001395570096560378 0.03928041157123856 0.06761158449701414 0.05831148300270657 0.01507238489618282 0.0305550031826105 0.06902926624967602 0.07488179982982125 0.052748019958661956 0.06935000526947906 0.0640158335967032 0.02066137177018343 0.08060796542906283 0.05766448961609053 0.009378969667345386 0.07430241383073033 0.055756507720750005 0.03946085793143727 0.059004819346121305
80 0.05538564898125314 0.036031457646691224 0.03228682803697573 0.07426378183509436 0.03635841734957993 0.039746003826622585 0.03674632812742983 0.04609951764074783 0.04384627643924283 0.05904580972368826 0.07633851757225357 0.0175404250025301 0.05773396083403676 0.0869417008224686 0.07552407628651053 0.06972767294442765 0.01285987543289167 0.06937620944293044 0.05841012172086167 0.01573737033376326
81 0.047936802907956086 0.012480701637470303 0.09071643742397704 0.04243370831038073 0.013073398763774393 0.03381866790339749 0.04908290608225141 0.0219187923014494 0.08932072304372417 0.08838281033067247 0.0879032310377556 0.06467830424478778 0.09657409495583279 0.006189599763975631 0.09498607319562992 0.03747697122654131 0.04910945420079647 0.044583011889029536 0.007380812971139251 0.021953497809458326
82 0.07539280435890892 0.09583046085617244 0.01069643600868178 0.07156026223937036 0.07976935983218023 0.002110204236522723 0.04772272082889392 0.02161330198729664 0.09027217948726499 0.0027362035838500902 0.07472721857095756 0.05860922213104427 0.014493965056693906 0.03885623593543484 0.0561466404209751 0.031175987510790683 0.04549368219513351 0.03032370509324632 0.07883789453758994 0.07363151512899173
83 0.05078301351332897 0.08083391134570454 0.07962385283013948 0.10548641304006925 0.01167555508008077 0.05662725223368378 0.04079992320837229 0.002638670301452697 0.08619905545529122 0.06890350575193487 0.0060589753062585405 0.027055570539074182 0.014437049395327686 0.03138778559969143 0.017152405091656445 0.08193636405001473 0.04842114868019001 0.027663963922835565 0.050271355282568216 0.11204422937232549
84 0.04975171036734107 0.046306535042457686 0.0030297728151066398 0.03982074278147755 0.03605663365601136 0.07665801139212923 0.06166995125607754 0.016145741661301203 0.019866996885235456 0.004060096595792736 0.06737884673241076 0.07914879701731305 0.09600798743012356 0.08033934674405624 0.03893066623860489 0.004083963649210756 0.08547394773437995 0.000538477261052853 0.09265711195119596 0.10207466278872156
85 0.07769206871001193 0.05718880063183565 0.021593299457230777 0.054777007572675875 0.035093096223776515 0.05473732990547089 0.04784038382935704 0.058049280988078926 0.003029034258614464 0.019109289877179282 0.08827397926383632 0.0618413066435836 0.03446855779588641 0.07284459698737127 0.05801111508080576 0.01888701262569847 0.0895614981614669 0.0731301564182355 0.023139356847656237 0.05073282872122796
86 0.04440455027565663 0.027282677771756154 0.040320987182059974 0.059848020400411595 0.013261642670765156 0.012088125484456543 0.0061819747455343415 0.07973186548377634 0.06613698427625948 0.08134315883758944 0.035924877385092126 0.06379571245806569 0.00995978109041671 0.08114688513582874 0.05245380548509779 0.08089128671271524 0.08181796531309675 0.08275478273994659 0.06816804703108151 0.012486869520393271
87 0.08139653798769515 0.09349539609035305 0.01078405252729792 0.01317989964666554 0.07855358198940139 0.024666693171287682 0.10214251124900713 0.06632724535534243 0.025828240005602347 0.08645095766974059 0.08279468090747451 0.03707615159106442 0.007134041078667619 0.025882996746896633 0.031857261956995904 0.03708626853155137 0.0832045297550607 0.08083929199485744 0.016145471595670726 0.015154190149367447
88 0.02087855038308028 0.01754410732557153 0.04748951816808451 0.0003743508992212886 0.0741475600996689 0.09440349915204806 0.00706738729838726 0.010328138424393556 0.0951468790760417 0.011701403396485193 0.09142312049435061 0.057262332585572555 0.05852490816711178 0.07395276578930073 0.0740787266883904 0.06319335112631776 0.0011365820875362939 0.06745516424641801 0.042508531744644314 0.09138312284737536
89 0.04304641806728373 0.0452167328599185 0.03702941737458091 0.08708741888348025 0.05314231865880809 0.08687626883241892 0.04158346378210301 0.014712437610390204 0.024112143419562616 0.06999503170698038 0.0177981618540274 0.05220969869167215 0.044010945533236374 0.018296937562820508 0.06549875888735895 0.014253037593510728 0.09004297331983593 0.0805632737975548 0.06140179107772622 0.053122770486730385
90 0.023138943075826368 0.03701447866899106 0.03168805925141218 0.024947916135875232 0.08350832787543125 0.07259923108886854 0.07655619508751962 0.04722820335842395 0.021530604932834062 0.03780929293931493 0.041959205229202816 0.014326755462735761 0.0753289923574835 0.08372060322921253 0.07577859310013801 0.07066717255454129 0.02373908142731121 0.02088558867193715 0.08419598157646328 0.05337677397647732
91 0.06670978464089865 0.04253752304656819 0.01778612197668546 0.09686341682347481 0.06326378549626796 0.07153105050666189 0.07129623341214424 0.06047761424440685 0.06452897649256586 0.06789224277672198 0.08411778799827133 0.025924392347161523 0.024902876316449905 0.016488938547675084 0.07119174467237677 0.05263699639504361 0.02919136054277162 0.04386413807404022 0.004195694779372672 0.0245993209104416
92 0.019996362333433465 0.10607394242791646 0.04351455719104531 0.01976838085899313 0.014141414020507111 0.044539625944366674 0.042945024616179786 0.017671821754071892 0.00896056735225729 0.02576638335524374 0.03903056145358088 0.03456816978717509 0.10238004409870524 0.08276746919422533 0.08318810960550467 0.04602806044973688 0.0943423070464157 0.013875902518596606 0.07750145468345247 0.08293984130859224
93 0.05442187479007946 0.0653691388280113 0.005165950544094446 0.030762544327692518 0.058162018810025695 0.03406748660547192 0.018258077270639102 0.050661023438534646 0.07438290120909175 0.02751542884083523 0.06034246332885695 0.07937407141974698 0.013677335244030312 0.061752398672060844 0.038831449201696816 0.06123773380210676 0.07001311158837589 0.07825529487544321 0.05283745294400069 0.06491224425920551
94 0.030806425457321433 0.061979684396736026 0.023369156281054012 0.03055381446909462 0.10100203732466334 0.02254025870136253 0.05559216804073698 0.05816325580689504 0.1060202535194961 0.03707498010659639 0.019284321219374168 0.036931311526987545 0.062486404567148934 0.02573145187044812 0.07473904351235994 0.06335506731381167 0.04034544245244662 0.05021863074068156 0.008693117172566312 0.09111317552021866
95 0.06402684899431875 0.03554306000397089 0.03313348226935222 0.06195236373737838 0.06944125591191523 0.02070643542611881 0.0861558660182046 0.058379971874699836 0.024420753270980564 0.011286240576145518 0.07562140426571372 0.08541867297560765 0.0016137313509452292 0.04652746375462463 0.07523307456665401 0.07801208684017441 0.02136073111363056 0.048885793349582554 0.08423320355296283 0.018047560147019727
96 0.030111958428621334 0.06286283316381322 0.06805484604646671 0.013592338469420607 0.06871218302051728 0.06111933149439514 0.027106622490310185 0.06354457028935824 0.007425778488943535 0.01002227791714117 0.07630487871832915 0.06628622593017665 0.07942765742589633 0.06949130920086014 0.07910141593399592 0.05076127383950066 0.03517916853681657 0.08085905708240193 0.02893664256613975 0.021099630956895526
