0 0.020783549534822733 0.06994454158537176 0.004200707338380689 0.10934391909182736 0.05878854349554253 0.09473570463633388 0.11707677708064168 0.037120664347625336 0.06306223070636827 0.06683998202628821 0.023339117695264016 0.016964474776361156 0.03202543735860408 0.03573135374285591 0.02806185269544948 0.04622902296030972 0.00973005520863858 0.0312565184478407 0.039844824481255585 0.09492072279021847
1 0.016445893214559602 0.06908940312646006 0.06918774757635243 0.034107761810559085 0.029928416818119922 0.09222982992492154 0.09829519172716751 0.029071346246904207 0.061729946476750994 0.07599719760627832 0.03110002523510472 0.1017724120333858 0.03504132239344281 0.06724342819109105 0.021670147189218298 0.02706587590441351 0.03270640396962286 0.0429233270277104 0.03497783599794561 0.029416487529991407
2 0.08707667635240623 0.0020747153148362426 0.03641377145560154 0.02891285941575256 0.08579857984528945 0.0030978261559349643 0.020017227907083896 0.021824136506778738 0.05863477698483566 0.00417954782224844 0.04042063174303385 0.03946756263180053 0.07644050833187614 0.08195825921256263 0.06667374387924466 0.09686132313707545 0.0914533633504421 0.048298726785576174 0.01552323392293051 0.09487252924469025
3 0.040206481758748774 0.1021676913959692 0.07152955940681063 0.06182666660032683 0.05957806391974846 0.04134524520145239 0.05222396549584195 0.10245096972055827 0.030348958807669392 0.06658857163613502 0.03108532675914061 0.02497287268462374 0.014727388650595452 0.0708263178286428 0.014657625526117863 0.005422270665304451 0.0584898912498232 0.09211181381579309 0.020327988801492242 0.039112330075205835
4 0.06032704435314595 0.030845894268057936 0.0742498069858607 0.05652865222943396 0.007848880177243396 0.05983043184337039 0.05754723433785082 0.047806667640864005 0.07993531759939318 0.08132236337071123 0.07714269233781026 0.07363550178396099 0.02110590342925721 0.04284465564402842 0.06402694277488873 0.003739621458633838 0.017522863804825244 0.04692889428480479 0.031099424267564773 0.06571120740829416
5 0.09493632093762773 0.03965680543292385 0.019388651170701193 0.0499022088322379 0.09017552523062239 0.09301760973616982 0.0463207123567278 0.045813124460039746 0.030822066358804794 0.015243901736084354 0.08833964064926195 0.03749369654762264 0.08150817422997741 0.05209801142667868 0.014468757021795928 0.06330293797992735 0.02474581995711525 0.03252211417687295 0.004045162091774781 0.07619875966703338
6 0.08322870111572832 0.03789855302619113 0.009720199113323323 0.09388935875573165 0.10533109557416358 0.02459947176354589 0.019050501067012244 0.030322782503064687 0.09069796223926753 0.03361628482124961 0.06390652495316022 0.016387733322516952 0.10515717417976166 0.01710993337158369 0.08741486097337924 0.0004836847735190634 0.043639011640232074 0.0455171796356139 0.002177798518958176 0.08985118865199693
7 0.07895644677019548 0.06913549093020376 0.010525338961183971 0.08422704302626208 0.021571675694148133 0.0771974972614493 0.02277838315562652 0.07866788403141582 0.03508721738840193 0.05482602191462211 0.0723823117108012 0.07487077535558694 0.04209237803414037 0.010811913583292285 0.004640707658378927 0.06090124172218505 0.06561954904859944 0.039070112264394975 0.04296495581352442 0.053673055675587285
8 0.0510185596962432 0.05611818061475561 0.03358908432001724 0.07739872527837147 0.06225980683205499 0.03684597157762327 0.0029625020708265405 0.07546367786983905 0.0563284947434346 0.07754620176559603 0.0763825956251286 0.061425318669001805 0.04098940475119994 0.0325647150958256 0.06618330571001033 0.02912573655415099 0.008873645714600519 0.05981302540213691 0.035541735823270526 0.05956931188591289
9 0.025024396256172195 0.016949153425236313 0.07176446846354256 0.06534109905338895 0.046983930900246273 0.10836050526155469 0.023354831171713195 0.033669084938815035 0.0795607973585836 0.013875971603287296 0.03521152353003719 0.03466814808644608 0.08507038167233907 0.13603310107863859 0.02744846085668273 0.08223109813611966 0.04123216710668346 0.0026235128963325053 0.058557608805366534 0.01203975939881393
10 0.03948496631959923 0.004403088572977715 0.09623264473400818 0.017373081742210607 0.022613964580789105 0.08082300596662745 0.08529027294450739 0.06415137683651712 0.03843319250675108 0.10585873302792083 0.008328530257985956 0.08204949800998283 0.019895988696882742 0.054256186460026466 0.06360463599015806 0.10693540340540243 0.0246727724281489 0.012354488681332128 0.03204177712336441 0.04119639171480742
11 0.04602776691872673 0.010762070186384603 0.05434508407927886 0.029816751826723213 0.05550484616032097 0.002975706053650042 0.02691487996923737 0.037080233480537524 0.08564111965694973 0.07802181215971118 0.08637184873311891 0.039614606021810404 0.04937569687060962 0.08383737274387944 0.07448966004896278 0.0065581053543147805 0.0787870177949221 0.06246178963193862 0.034043825266947596 0.05736980704197559
12 0.05642401515633892 0.03706695828499917 0.0794567731618086 0.04552552696690968 0.05677590268415828 0.00411122261678664 0.059716309107445166 0.0541269180580912 0.051437396744735644 0.054561198488470346 0.05864320620821021 0.02883864711776201 0.001729784434032825 0.0669078270925205 0.05184962415229452 0.087083606975567 0.03073912956505089 0.08540728341614785 0.007941522919360303 0.08165714684931008
13 0.0977952104747886 0.0022789772080978343 0.00801194199340742 0.03389078085261041 0.11477238224518585 0.03258353789555435 0.041807198262568956 0.058360736157563264 0.040641584679768306 0.10659841639282776 0.07814576832490609 0.10026146204656267 0.0025218001850702857 0.09264324129951568 0.018752373501828082 0.006975959258719089 0.10277468968346444 0.00584896652531585 0.022918887923893183 0.03241608508835194
14 0.03303658289473374 0.04431499024365792 0.0201394867774061 0.02257673797453882 0.02337983277525867 0.09097435924888714 0.06658565761210851 0.06516406323571235 0.003446200373136757 0.09625075110686468 0.018798962788189377 0.11050747143427714 0.07631138126705597 0.051574433925039145 0.02356187780039558 0.017702616871259815 0.06293405443386924 0.061057200691115136 0.06607741402688251 0.04560592451961146
15 0.08308650752862286 0.06544593026802138 0.04893559158853844 0.006740125162427338 0.05644263758598828 0.023239854539160373 0.03475738844234508 0.08874364576319649 0.08005997106731919 0.030484030036666727 0.07264583081407615 0.029908700062039897 0.08020272934501611 0.005253046083322643 0.004138708395277789 0.013182439499997626 0.09054227947866678 0.04625778963341688 0.05598860537255302 0.0839441893333469
16 0.014992432839292273 0.03707650774298452 0.007914290105369598 0.09224319725469642 0.03806272519494679 0.020161988933011705 0.030353843180864187 0.0036431180260780237 0.09669400686983128 0.06813721665827113 0.0820980290507265 0.08442754021048815 0.006285398776725423 0.061754420830242095 0.07988357062262624 0.0723229059409618 0.1042335164612654 0.016504329989525255 0.031298848155438465 0.051912113156654664
17 0.04581693375164567 0.0896569715687597 0.04487748616610532 0.056874597976239165 0.08526210527011673 0.056999696302224845 0.0014729508967266261 0.0857779359398386 0.025421965981455706 0.014613041720529216 0.02081101154026546 0.027812874994367468 0.07270530518293408 0.009008335220077846 0.010242825575904696 0.08557604018257818 0.06872092232747233 0.07112642138163347 0.07924210601289507 0.04798047200822985
18 0.026594738076085114 0.08753563556896837 0.007505139404896242 0.09096263169099537 0.04695124222152476 0.03676435421247355 0.0890539087184902 0.07079322317048738 0.021113258905422577 0.020683621845488595 0.036857903454767714 0.05881048413976373 0.035386170904550304 0.02266318516779706 0.0428500002281955 0.06926918538574305 0.07433777524318003 0.016756850694598265 0.08046550379450988 0.06464518717206229
19 0.0065655820058991695 0.09743028956299411 0.11189503357834946 0.07525328257873627 0.0397380155302314 0.08567818968582562 0.015775749513983625 0.016539766310322637 0.03054902509810229 0.018125998851468525 0.09177929581497152 0.021051850112826967 0.06943779849073989 0.033279812556991514 0.04450711748445785 0.0806123543399353 0.0022708022328579497 0.09873707002883059 0.04539048916827887 0.015382477054196363
20 0.09641713599241505 0.04457933460004984 0.003356762903319945 0.04592410503368099 0.04628627537275874 0.06349935384226521 0.024625982983129714 0.048161204979563436 0.0869669354416172 0.053328879114169205 0.03557126065591585 0.0602938988733791 0.007531865071002312 0.03127650895520936 0.07774618321550335 0.02856166594311518 0.09806362752279672 0.04319741035897511 0.04583125549240029 0.05878035364873367
21 0.03264012186795649 0.08041935365912357 0.07536608166208275 0.020531362521953037 0.0783403656733971 0.0697800776828431 0.014549779044460656 0.07813398036313077 0.0906211752786575 0.01974426697750892 0.08478215281252023 0.06663946041250776 0.0059969766999815165 0.041034487170107645 0.024581590250000455 0.029772908394305547 0.033780096748878566 0.01769771819894833 0.07181397666508757 0.06377406791654841
22 0.037120627313454224 0.10533361066247814 0.008504419183634185 0.0015382893981457093 0.019440791816427935 0.09498230097371314 0.0291447859302209 0.0070340721825340735 0.012198481453786138 0.08002313727663728 0.01995285100091646 0.01940929388832469 0.08182103747505548 0.11657663836595879 0.028581368191246098 0.014058098098485834 0.09439553845527301 0.09261662315391253 0.08542049214756976 0.05184754303222549
23 0.01734723153644451 0.0823945861882833 0.0791331297583625 0.006620521699321733 0.05708860704339475 0.04446454130308966 0.09391313052636731 0.02289770755440313 0.09971737185186975 0.011818409582602413 0.07071809601158996 0.042538820658159344 0.08858113500552785 0.09302551022331501 0.025123576074225527 0.045339879484906864 0.042636196094451746 0.05253883855018606 0.014051019836727238 0.01005169101677126
24 0.04356595697589437 0.04480099902188051 0.04668172658175151 0.01355440804140071 0.024031597600920135 0.0705118250087577 0.05154416768066047 0.04630739431305733 0.02252308852617875 0.10141539197214125 0.04839551341944612 0.10021327354943181 0.04327309257654969 0.03805637685050179 0.047195912081329484 0.04330169252505814 0.049092069447885966 0.051438347706079406 0.05141370018095322 0.06268346594012149
25 0.07814140946176978 0.04743890023300797 0.04900686032758665 0.015658211249346556 0.06166489575153844 0.029674198787345587 0.03410241512984533 0.04897631077102278 0.07821140472226457 0.04851028528722461 0.03934346757389564 0.07261252444252672 0.04075140088839399 0.007472797880438192 0.07965334882160748 0.04556657575890157 0.08855458728666886 0.08712902198034343 0.035824686027730084 0.011706697618541626
26 0.0686078567091171 0.007602958682940755 0.06486998164013541 0.03458228447037242 0.027177721692004313 0.02820507032240216 0.007008334705552181 0.030639825109080584 0.025726898589063178 0.07515835524008674 0.05658544107701743 0.03148761638748212 0.08270266687482257 0.062086953595534455 0.04534616532123915 0.07907524712510113 0.05883982486169168 0.08044439110648798 0.07635045247560236 0.05750195401426623
27 0.08528927602205129 0.07146875144219596 0.10943331709291014 0.020394278178820967 0.0681533854794744 0.007836368361807091 0.00797018626601882 0.006534781743051328 0.016080879184509803 0.11672669279383903 0.09273156805850398 0.07769342999578221 0.03262487369398512 0.042543430512745395 0.07175335269134313 0.021283977753891885 0.02044939378859002 0.01705104231440614 0.10465397874265209 0.009327035883421068
28 0.035832799174470305 0.018319029619278324 0.05554143953012452 0.005414055139888401 0.10686384188630618 0.07997922884168165 0.05584505241236578 0.08211991957913244 0.042953392339189024 0.08083823221786557 0.054683510907509156 0.05172093887001563 0.06839996040157749 0.08473780991060227 0.0627473374416106 0.07641152466586904 0.00027054014815636125 0.007737351269421422 0.01806902270240889 0.011515012942527027
29 0.028549526497169846 0.05671953505341453 0.05562473541155968 0.024061366011903177 0.08168031644249 0.01994345024386766 0.0040396783495231245 0.010938508953113268 0.023599295539025695 0.09385265202203398 0.07664254186426579 0.08970572171118991 0.035169540538868414 0.054793256900015165 0.09118821928997592 0.054338987311812366 0.058650962719926494 0.07211371490946276 0.014486970757064893 0.05390101947331732
30 0.07358159871204778 0.005457189321116882 0.017606166338222175 0.02220445753938019 0.021935400481252015 0.08852005394215963 0.027372134147010948 0.049427504336253765 0.051888437573367814 0.07065588606541258 0.07962808550360725 0.061723788428034394 0.08027219597613221 0.059727915073749895 0.07995687136543157 0.07054223348591766 0.0172938047927567 0.08552509266079014 0.024109769102535233 0.012571415154821216
31 0.03751865012733502 0.06468830864000889 0.038623017012483524 0.0688064983633601 0.03886918230242806 0.04965861819084947 0.007019544105604053 0.0957533350438044 0.0021201805684801667 0.03153086508281659 0.052907071504477106 0.05837534826384957 0.013474232788705331 0.02849902625308533 0.0031248355008272233 0.04786802732717665 0.07364355322597203 0.09851253772391558 0.09261130652909749 0.09639586144572342
32 0.03780920424051598 0.055487800056110044 0.09647710993305154 0.007968784857502138 0.04102784506212274 0.06913874089039777 0.04630610941108138 0.07192623340947747 0.010030806599793154 0.05729886471134667 0.027919464827253094 0.0066494069058597284 0.013553031208065114 0.0993497012390245 0.10187002133174804 0.07234084917501096 0.06404764161360768 0.05108356504182702 0.024436178553452047 0.04527864093275297
33 0.014601912502010901 0.0659526292430646 0.008785957957725255 0.024237473109702236 0.03317829005099053 0.037640166013518085 0.06985886908506683 0.0046280684323774905 0.07755730114838742 0.06032371133564892 0.00733898733670854 0.09137417796563328 0.1089007012383582 0.08208736165907554 0.0545174775874347 0.03243129503130917 0.09397961946437626 0.016462654060267964 0.10311863306786097 0.013024713710483147
34 0.056436720577719715 0.06210204042863382 0.04590672663991439 0.08274392828680562 0.0685778908682808 0.03045257101179878 0.036548473205258024 0.0747512984664742 0.037182595704332855 0.04860640295405028 0.043374132934262906 0.04695005360168508 0.05831696165290885 0.030790020790181716 0.072819493623696 0.06345083876127247 0.021722206959295876 0.0759465499387754 0.02772266262204462 0.015598430972608754
35 0.002048496077963819 0.04398094532516751 0.04942119351855545 0.09298191369535676 0.05383383179470299 0.0901303200271636 0.0354969863715652 0.05985554332359275 0.004955517471511918 0.028775793879391918 0.08327454968168903 0.061300631000801034 0.07907475895669687 0.09288220341184657 0.014598313524251349 0.019294747155396693 0.09550620016897511 0.03410855960151864 0.02533003990001899 0.03314945511383379
36 0.013173110518794079 0.10308735898938055 0.0704268525683169 0.023017710082717295 0.046956200405707506 0.08813006863961212 0.05946290106712213 0.03845294436793531 0.06839248339711929 0.013500097255434045 0.07244249421984617 0.016819648763746958 0.010190324231837817 0.0543085159409059 0.058408308311519795 0.07442163518527724 0.057091380753335676 0.0297712768903573 0.09868882403977448 0.003257864371259512
37 0.08161307572208439 0.08765092058315616 0.04844211020525262 0.06404784237983109 0.018229550011096878 0.11120829209648583 0.039819518933375465 0.06146473596713735 0.018433069159466558 0.054140162807577066 0.006090701759724947 0.06547861861511935 0.036031046412292815 0.054540679263516995 0.00767314551146065 0.07968234768889784 0.0627089288166209 0.04535498205045556 0.004909254046334906 0.05248101797011263
38 0.056939942554166956 0.06625848185143135 0.044291116907986344 0.08922870744335275 0.042236532871699387 0.025940204748610883 0.06004754611126128 0.07666000519593862 0.021057387541739348 0.010960216929022363 0.07390711360026272 0.03356554963727703 0.0729461226629476 0.005341983176509272 0.031915804103652995 0.08242013376215573 0.03334368362889422 0.07806655424489552 0.05058528792075446 0.04428762510744121
39 0.007953736031856295 0.0340896267101338 0.02510404009459753 0.02569342633866877 0.0003795563823288718 0.0713729991617943 0.05160782269783665 0.05285855469195592 0.056334609143704605 0.0328748473289926 0.005290595492763377 0.051305840382267306 0.08165176317178646 0.07752526911628238 0.05993652543616227 0.05063116728132412 0.09188133165680003 0.08364650418800401 0.061087418044651585 0.07877436664808904
40 0.017957266180345644 0.06538470790759848 0.08817407107060214 0.08017556789116445 0.08063070594136303 0.024070112163030857 0.03531365860915029 0.029748111519289886 0.03120385041073231 0.015946986360395477 0.0196046649476309 0.09220027959563015 0.04095768417484997 0.05109673859813893 0.05399928259397835 0.08907387230822762 0.03332936615278054 0.045945410409268056 0.04670456532058554 0.058483097845237454
41 0.07782045438960258 0.03540539078715045 0.008709226888292575 0.04111711184707648 0.05237627034822939 0.0028261813237435976 0.0881652625836261 0.08259817337885172 0.08110840717546902 0.07934303980522102 0.0866662416637897 0.0011219685896384005 0.04435548905441927 0.035778010004946056 0.06639661537691197 0.08350390601990552 0.08595336892350545 0.003589442020276575 0.013149448934745253 0.030015990884598807
42 0.03641936239777664 0.07630721127209654 0.038123070595004395 0.09478259981562664 0.0264088413775546 0.03458610589845882 0.09584092006310652 0.02680930487951818 0.011582289186563309 0.12283136009916537 0.003028171671349826 0.007868282633149358 0.11419263530617796 0.020555707789733712 0.09819233111294907 0.020175965314801394 0.0903394020698064 0.013595063754291141 0.003569575932061754 0.06479179883080846
43 0.05699587270257251 0.013527679294375481 0.0030549930346919036 0.06301273892389299 0.011215643591867311 0.0965754208752045 0.05300347212223932 0.06106324246139425 0.01926350653131162 0.08430536897680066 0.043311131780828425 0.011599984566410959 0.08356745845293852 0.05046634305751241 0.07747396145136907 0.05925844219509033 0.11186516342483568 0.049808976978376295 0.04169333908682339 0.008937260491464382
44 0.01478279173153128 0.09091809779778837 0.02122448880853114 0.035980815669491434 0.03503337878369278 0.017916909402932918 0.0030274196357212096 0.008005020585830688 0.08269170629152225 0.10255688713489299 0.04948754037762582 0.01672117657033768 0.11739782319126596 0.10041899591115973 0.07346780367696505 0.0778203875104152 0.004564168620847685 0.05792086914896393 0.013010476707301861 0.07705324244318182
45 0.07771291604156581 0.018036811386341542 0.08084299863466249 0.0788388483626237 0.054256929366867636 0.04927912857306817 0.07169350252303094 0.025433804654202686 0.07781676136003035 0.017972123954671095 0.04684109267724277 0.07258137332792884 0.018515304608606238 0.01692629088698942 0.07993927482336226 0.019522935926079784 0.06257160870996938 0.016492166160560894 0.048763195257936 0.06596293276426013
46 0.018578601407812406 0.06790243261563426 0.00333431387608378 0.0014677815099318205 0.018444702957015155 0.084718825825814 0.04490054126327674 0.06143172423283669 0.06303721538200305 0.04017963175366089 0.07752106856826343 0.07858813527641824 0.001799772217158353 0.08849004890149414 0.0712445984268994 0.029828267015235294 0.0333715938949412 0.08211779784056734 0.04415890338731586 0.08888404364763809
47 0.07242293754397783 0.0007913642864172865 0.08806492803547548 0.0029185204912255186 0.02711832470665923 0.05734097180422157 0.08925637877813768 0.08161480856872466 0.08709090969529634 0.011557724146196203 0.08556977188349481 0.044562388981571416 0.10855944441960451 0.06009196579871582 0.01522016094678802 0.08701790302341009 0.03035750939835131 0.009958916033027154 0.005087683638369342 0.03539738782033597
48 0.02156592325343186 0.036135811829607 0.08369026980991495 0.02389933357277893 0.004017431174072877 0.027402003931819262 0.03821049518593984 0.039396438714795576 0.012233063445045452 0.06643898348314342 0.04047244328702699 0.10482138705291967 0.05668104174459797 0.07562131169565567 0.08361733321796896 0.0564603981106495 0.07526161759135912 0.02043534414944136 0.08781706051529553 0.04582230823453577
49 0.03145108872069187 0.07056068945392342 0.06785403991810787 0.058626627375398394 0.0015605394572918816 0.03390581281333001 0.02083972244895955 0.02111420814604285 0.07383542905351369 0.048507337631174666 0.02259679597752136 0.0480725901415016 0.054471165705139574 0.04161403716688281 0.021977523157135945 0.060062609650259245 0.08030227781557663 0.07700171218261513 0.08367249165056798 0.08197330153436554
50 0.0852811634571946 0.09376743514140386 0.06967742326083944 0.09008011372935111 0.03644419456770587 0.0108739873950054 0.0683712337826437 0.029765544134581413 0.04867745728334558 0.04550499171293062 0.024812384470147185 0.06701250143735292 0.03583808937497804 0.01564135436804309 0.028281996714747126 0.014656259605794478 0.043122246285528805 0.06938315250829122 0.06701597022935517 0.055792500540760424
51 0.040588070432016864 0.09222275968709415 0.07083878887143838 0.07077151733816787 0.05351955824274558 0.09293005132651476 0.02806087743499007 0.08188188650401763 0.08965861824726584 0.06917584055150648 0.011770126860375454 0.018889160568754827 0.026267320456940704 0.017675472081615556 0.023783775052627652 0.08136129721815538 0.04959514863719135 0.07540723803261667 0.0036991419093665287 0.0019033505465984478
52 0.07155523767311035 0.007026571989669263 0.06565545184543821 0.012091131734138567 0.05911076847477619 0.0212707452301684 0.04127327888853845 0.07673230722854547 0.08275270912535855 0.007448435413170593 0.012465766433972784 0.08372876287654432 0.08157226242860248 0.022955910459902345 0.051794860524823176 0.031024623855123334 0.08952389735937678 0.08996866065432216 0.024478852218967735 0.06756976558545102
53 0.018440529823901652 0.07308965210114682 0.07923610091898946 0.08845246194123088 0.04280157409347258 0.022198944223100384 0.03925148228328532 0.009867723034651376 0.0009378731637129218 0.05125270631480546 0.0933399523696585 0.10466179606286383 0.0024830737374890175 0.10814953590919199 0.03607622656501294 0.04981174390860162 0.043221178906454105 0.026693904163174204 0.010195987982929386 0.09983755249632786
54 0.04176713645840669 0.08029535664759574 0.00948455999123674 0.1105505237931171 0.07202568917068851 0.026031165021558018 0.07624868020137185 0.008400870180387902 0.058532747639045875 0.08589632281295498 0.029727393031307035 0.006980065372803535 0.02553549991526309 0.059779020960640424 0.012538081795225885 0.08262068534576796 0.09592673926480262 0.01776963810378006 0.0872987986720268 0.012591025622019157
55 0.048976337760321266 0.03376743980508534 0.017300310925498035 0.06759073675394198 0.07969769261857507 0.04527218755375013 0.027323202061718895 0.011571768250858533 0.0754813565760973 0.0686185662914003 0.10164076312738386 0.018311817870477774 0.07954470368896356 0.022181239640092953 0.09970478004284217 0.04239825248909671 0.018246748046720915 0.016419971790433027 0.07084069069598459 0.055111434010757646
56 0.05124064783241122 0.024371101941911524 0.06896753076056135 0.03259448730440274 0.06892539125284275 0.04473929585610386 0.01818435866273749 0.11541562855009535 0.10645197390207123 0.023735879425146527 0.02587956600383453 0.09217849786562185 0.07734150914911701 0.0963004302606766 0.007122492009433178 0.026132259232854203 0.028945129693350082 0.030218614334925977 0.04761218114191247 0.013643024819990116
57 0.034939954335361574 0.06870934788114433 0.05393934545198903 0.07485607806710416 0.07818390017299538 0.020824995238782697 0.06676992018624188 0.06874095010040138 0.003051356203254347 0.06871706671782896 0.06350126894018913 0.0406955040413302 0.06522553394826516 0.05245490747848287 0.042804557744814634 0.013721884800644742 0.06923519347562976 0.029782247136320227 0.012168235711347945 0.07167775236787166
58 0.02013623644159959 0.07060296328163698 0.028617901986662267 0.0841969862745128 0.08049926738950619 0.05099381097259426 0.06029082372122061 0.07423530078813652 0.07655115895275638 0.06518948019289701 0.04723602413588153 0.0041027838956298095 0.07090852792715283 0.08607184049413426 0.04526548553331242 0.048456056667959914 0.04265726155627955 0.005509025061301027 0.026000466216294406 0.01247859851053159
59 0.01650203300501239 0.079780102008433 0.08645426645680405 0.05484305521688972 0.03848279710399792 0.038665761293530866 0.05473959131914402 0.07622151083256667 0.07457913318868918 0.07736844509156474 0.05318722213633674 0.05070036559320848 0.016954344879140753 0.013261602207459651 0.0496403247715279 0.07177189287650093 0.046706729365138824 0.004023381398524506 0.005346250532638947 0.09077119072289053
60 0.010104693635555205 0.006852689810969352 0.03172371762766623 0.03373863104506798 0.047404540089716445 0.07712568925240487 0.018399256565309944 0.04997533899712497 0.09396638547535634 0.06638300902516402 0.0842133850155356 0.014903727206010534 0.011815398447968282 0.03759615495029933 0.025852346621949546 0.07480516152467924 0.0701867059939896 0.06654009333971685 0.08743950112506389 0.09097357425045181
61 0.02627002255525185 0.023201413516245342 0.04697345145920437 0.016462643190783218 0.013202735370950316 0.049388966208772846 0.0710025220485943 0.07725743112780155 0.026863423901775856 0.05415875524956166 0.09230303750477237 0.022956272940663235 0.04012300897286826 0.026117067242042883 0.06326361772502509 0.014744150989469114 0.07971623140938619 0.07948097636556292 0.0823623426603667 0.09415192956090168
62 0.00038631572003448904 0.07754374108589154 0.03302993006884405 0.014904158493347707 0.05790892532006658 0.08459947151157196 0.05973805555999983 0.04860507253147498 0.03583761739770398 0.04548231366579306 0.020898297993554645 0.014580337534960897 0.0792480936219522 0.048312705205840696 0.09579473319727054 0.002053580591721023 0.09425286285930365 0.028327075282222763 0.07239461600369308 0.08610209635475238
63 0.12310527279842738 0.02642379745472381 0.023988367321714096 0.029235161550754826 0.027050274478031024 0.06599644903223839 0.010446719833244193 0.08822655097243146 0.014799020859926189 0.035077624744375265 0.10138572912864376 0.0855412435494225 0.033268839702341 0.028900164995534647 0.009474430992742564 0.0365846795599697 0.05404608282430287 0.10959944487086415 0.07510676525776613 0.021743380072546125
64 0.03452791250674646 0.09045074347725882 0.024379349562162533 0.014513189060179064 0.08591429342487573 0.08103084111674475 0.012266500875207401 0.07683057192553054 0.08449715960286669 0.08286147426401562 0.011067484359445576 0.026164419327169806 0.08427174134158336 0.00784352413406953 0.0309522307479538 0.028539311516103272 0.05848661118835219 0.0664358968548149 0.06628278911050912 0.03268395560441084
65 0.06801872522581014 0.08242286112687525 0.02472282000975128 0.013986299826639959 0.06782105350788475 0.09072342332083264 0.0479066831652964 0.08234903259400657 0.09244735191779971 0.04804953660344559 0.004762505395083907 0.02717471004198096 0.019546987986269183 0.04683117639738972 0.009820688432203396 0.09185536957413934 0.09006594489015109 0.013137131706401003 0.06393355954947888 0.014424138728559986
66 0.04202977172895022 0.013570235796246001 0.06163527930825567 0.028240397266718453 0.0032082862208182355 0.042359061169662524 0.061063485380082584 0.06597163521140266 0.0435834663126771 0.0435395919468153 0.0809953511672902 0.02857249375349589 0.056435840663667795 0.06840941650189465 0.08687903579847206 0.04403978770113006 0.07072054090897859 0.025622090483822926 0.08003770185453604 0.05308653082508329
67 0.03425842870422725 0.08758770379744116 0.024373836032426845 0.027367317917273933 0.06272098500049161 0.10138649840632567 0.017580139162133024 0.044205011479568755 0.043838499974981224 0.0038922364874969025 0.06254059667950694 0.08731638639979146 0.05691574836363656 0.06785605334648087 0.030033925873911047 0.09996436596274187 0.07481269646243476 0.004649714798670142 0.01430257624764884 0.05439727890281116
68 0.031970570958092956 0.02355975953501994 0.0063378494338856735 0.0761505219188953 0.00790262416651591 0.02744702479796219 0.10868562596760473 0.03386319662102358 0.08937892771423267 0.04224539918008023 0.0035684570621067006 0.029896065905152057 0.10693936464285292 0.01004162710403918 0.0017614580042782046 0.05353709891957578 0.0393153661029061 0.06506349141653374 0.1426909103381648 0.0996446602110772
69 0.020563785170062167 0.014970661489598358 0.012872867325132946 0.07190784039699905 0.05532409274782389 0.02621057539699859 0.05165584372254126 0.02428161527732034 0.08925910974501547 0.07460229559265237 0.015509246574882302 0.06929757201932464 0.008417377071720111 0.07861556911081334 0.06468372488000519 0.031791775577657326 0.0497150890420384 0.08562657740275038 0.07787918269675587 0.07681519875990793
70 0.054601088416686684 0.02291307026221331 0.038617812466888585 0.016294472015336778 0.03967366262869877 0.016934353018312726 0.07298063778650336 0.02337941847126975 0.008313784897930656 0.005908869754859813 0.11941436620733654 0.12219175677287226 0.0760983748014735 0.03345671668776004 0.07603066038487885 0.06038057736476603 0.03528159535201631 0.09634982857535256 0.007497767471015209 0.07368118666382831
71 0.022272145826362257 0.07776144271247977 0.08265982059554221 0.04433498583029474 0.06492078048265322 0.04513591245353104 0.04377827479809423 0.053257726683427764 0.04428072770602241 0.07213994667471971 0.013965767153689542 0.017629724294833508 0.022833350670456495 0.010733029268254013 0.08685866350808574 0.02631940780666719 0.08417870803236469 0.06938125805517242 0.054393476669655605 0.06316485077769354
72 0.10066578604118794 0.06996431323001527 0.03274530822262062 0.03499213393880839 0.008612857675728065 0.027460592808064878 0.0393328752864381 0.05750903903606862 0.07664191578464094 0.009068573470549748 0.018454362117675135 0.08599545162419789 0.06461301303751758 0.07710624944022926 0.014983528109394304 0.085154791640901 0.06828974872603108 0.02202791960907587 0.04768410008787818 0.05869744011297691
73 0.04755301419079775 0.09577190615317151 0.060187947547447045 0.06410981875494369 0.0329864474412696 0.08308116275452614 0.06857084907504889 0.01619308643284557 0.005452102835176354 0.03582967129351919 0.07529194016446274 0.054514279729093805 0.010129983104590547 0.046912743472737745 0.04729005254532335 0.06911590081215423 0.06396496519608512 0.037215829601901076 0.03162114934997501 0.054207149544930645
74 0.04444699425649653 0.07696525315131648 0.005757275567164169 0.07316391991987437 0.08111738214318365 0.04400639793808666 0.0667329413342171 0.05790856705543619 0.007723214319908552 0.02966862608595965 0.0002694293181625323 0.05126889823276315 0.0411241997630775 0.053858758287860964 0.07257348358168417 0.09784843175850996 0.09283369662544803 0.05039106527401453 0.03915083304938621 0.013190632337449564
75 0.058170755676710005 0.015836939035225477 0.027600824519094742 0.041374124394388326 0.0010305717778115039 0.058095889133483666 0.06824481490098419 0.056500098001355185 0.0703852594685166 0.00845425484135727 0.050208168845361494 0.07667083714726158 0.036566195414798615 0.020136832336998235 0.06114307684618803 0.05108964491789666 0.07999993105098029 0.07127803041723683 0.07833545584604283 0.06887829542830859
76 0.0009902808939726974 0.09251021232416677 0.06151296026916626 0.062343841956873765 0.05343138761508484 0.09391560901299596 0.09733449548318349 0.008664905130126393 0.09507142619758396 0.024897527484522824 0.0002453190356981239 0.10074647644607646 0.0048448919121146725 0.0002250560403262834 0.0907588881973819 0.005171993623657709 0.039392528279272594 0.06837564284390138 0.029741718742456 0.06982483851143811
77 0.09809756672326062 0.03941015212294111 0.0758747967893325 0.045759547405219723 0.009816497738822073 0.014714852636816517 0.0029164368087204197 0.07545720492363492 0.048544432327968894 0.06378926121081312 0.07675001258316158 0.08015671559571849 0.0830513889144371 0.029296143112064615 0.06112094660296308 0.042167138738107936 0.004094839026204041 0.020529296674132412 0.07080440438375726 0.05764836568192368
78 0.008541348582013667 0.09347906328943038 0.0882369272776487 0.017465488289789485 0.0003689223989424359 0.03107334339330117 0.038802013847690935 0.03323684477162924 0.06026428410640347 0.10289748159250059 0.034157702416387804 0.027541106457788244 0.03167251513126274 0.1051397411518285 0.09024781485967048 0.05205397889678772 0.04924330384019493 0.042779961682584605 0.03794660718471726 0.05485155082942756
79 0.07460208222674244 0.024897855056870213 0.085886906341749 0.08487652219804208 0.00835370817966366 0.013949778875422193 0.056908624514944106 0.01953059508566689 0.0349802882943107 0.07732015929274953 0.0347717130514856 0.06627562475869657 0.04499902891502856 0.05192095824829053 0.08309228044325913 0.05693274782194752 0.045068412059746266 0.039161953745715274 0.028457747507595003 0.06801301338207466
80 0.07730785229760058 0.05452602046834913 0.06988239144655305 0.035131225002170176 0.015756506923859923 0.0735699133692365 0.019295303246532357 0.050744018110373504 0.0591165635929805 0.05390410718679572 0.04313515489898926 0.03687469142761144 0.047055216844457556 0.044698599854387185 0.0510678221969037 0.07071741755581537 0.04143881245801016 0.004949835727570116 0.0670345562786419 0.0837939911131619
81 0.06453628149752347 0.06980830907718347 0.0676626651914829 0.0932834253992762 0.01857991214752027 0.05901777197874697 0.07751656925354095 0.009146450795685396 0.022110272105596043 0.06827702661864195 0.007503501618369316 0.049578963111110076 0.020160226129584746 0.05194586534054584 0.03819486235609645 0.09505381595148701 0.0066500694173836136 0.05251006967047595 0.07760975951856172 0.05085418282118749
82 0.07847144239178044 0.013991846838300306 0.07454887639306715 0.042551107478233416 0.06939447141796636 0.05044459069814436 0.061450478137064994 0.04004244684830104 0.02484448468477053 0.08399798101006954 0.026688011168525937 0.020967163090613975 0.007811453207306023 0.07116009320419187 0.09142157690588902 0.000612411306236304 0.08025678378808095 0.005680583632822511 0.05419528984379202 0.10146890795484323
83 0.04551337461329309 0.015768450391712614 0.04451862849357674 0.003909517266554549 0.0411221451378672 0.051765284335297736 0.03974173935925399 0.0647495375380975 0.05343720872295802 0.054282816532782066 0.08926971900608524 0.0793407034292661 0.07237174251205429 0.07554591812205091 0.035140455113533635 0.03751813292975554 0.09417350169250971 0.020437431136815603 0.0036829781141839565 0.07771071555235158
84 0.03894993143947584 0.04810155194993488 0.06681264143981172 0.05090359866761366 0.07720460802520783 0.07609399622227264 0.04239384958653294 0.07469693531597854 0.056714025533621926 0.02853918639257284 0.07837438893947281 0.048456107002028875 0.07558615174191194 0.030542055876304663 0.0029794624444218452 0.011760233134467045 0.04222866925742795 0.07299106747017772 0.05630993613377005 0.02036160342699428
85 0.015521375766986376 0.022288619892040912 0.03651315204206731 0.1099686024945378 0.003944913943389887 0.07400124546864176 0.09494822225625049 0.025006403097657354 0.03315670238064327 0.04351943007176306 0.06419260270914737 0.04018486691397262 0.022456893019074237 0.11619624961009069 0.041837534079031694 0.06316023168820663 0.00939963920864329 0.07599546555567752 0.10301859027817369 0.004689259524003839
86 0.05262278509723827 0.05881942790522679 0.010657433949425093 0.06207075905334974 0.01743527928687525 0.021148976840523963 0.010842926880962623 0.11904950354971405 0.010166428636723488 0.00849802756763436 0.07350230386812937 0.08552875733011592 0.04151758570787535 0.1007978058375321 0.0182025665845053 0.11776675520478426 0.0833552777894461 0.07964875770651077 0.004767981241504979 0.023600659961922104
87 0.006846952608252219 0.0220508794636632 0.08486995299807275 0.05847389292991997 0.007782414567275728 0.09285285485639402 0.05366748015822119 0.09307134019959444 0.07668740468376152 0.07302807370486435 0.049155709767540565 0.08969407365464896 0.02468298692992994 0.05004144175968002 0.05407609327514645 0.06324809518547972 0.012777268358259486 0.04815899420506788 0.014089956253771836 0.02474413444045576
88 0.09437312883104298 0.09403251363948424 0.00960473353813524 0.046956488597214546 0.07189959485102587 0.09065276994190946 0.0055473751215846774 0.016836963739867542 0.05540520858226745 0.07619157703172247 0.02668118497965351 0.034226716123835536 0.056938944720977984 0.04778742591525578 0.0072245028408974435 0.05075465315585552 0.015524773510055368 0.0702921449803363 0.04474807218811673 0.08432122771076116
89 0.025529181763956316 0.06208555260724985 0.06157547454592848 0.054738773843711556 0.03366631966076344 0.056530290758058245 0.0005768481061190876 0.037739651100261236 0.07249365282479264 0.02595799791218622 0.08961901625386946 0.05668651479152738 0.03243304418646334 0.09140207482710853 0.06994989096244152 0.05022423130587662 0.08662647314916756 0.028126162378310865 0.010059635968124961 0.05397921305408262
90 0.09637245929937278 0.10139634238846605 0.013511909276768243 0.059638641323334504 0.03995906395259909 0.08133381706232282 0.012788552622500383 0.05261383380422657 0.05526505779442019 0.038582475168204025 0.0740766148789109 0.00830631809300533 0.08345555048875485 0.057340841031070414 0.03157038111779285 0.022127461067140995 0.03932734755931115 0.01813287834781699 0.030586812707276402 0.0836136420167054
91 0.009216299951416698 0.005951764618898474 0.10500014904986438 0.09900963164454259 0.01780135730097629 0.026263639734161272 0.09188698254132813 0.009962922117152837 0.0347681121356928 0.014930559004974177 0.04483453676468192 0.08455932758774296 0.09353495913708769 0.06805722948811883 0.07620218884070597 0.001895400368776092 0.09655977016961848 0.05898614238684495 0.001297869335582051 0.05928115782183363
92 0.0793353807930885 0.034735369069938626 0.004966463403394743 0.11164391142247489 0.09031208119214165 0.056836868883388875 0.02262212845592757 0.08956502826339444 0.10335321621353445 0.07477611536299632 0.025739770941340737 0.04050618221021889 0.004377488176543513 0.045738146894804925 0.00403688582137636 0.007941576901704607 0.02212537159737105 0.007570926918008581 0.10676933332420406 0.06704775415414714
93 0.07558184384475804 0.07126898028843115 0.06934271081369027 0.06094100522194907 0.05034415631966056 0.018232065876280682 0.07133245656911556 0.043407560938142756 0.05793556532299045 0.00481860954414175 0.05368011925524648 0.05119171098585825 0.02750807991324097 0.06754072353172474 0.014669153280269735 0.06968975577345987 0.04604646977238424 0.026686968161036516 0.06070576865614257 0.05907629593147634
94 0.05954719499684331 0.00036548912519419457 0.014990623930575878 0.08718921416750358 0.10822501747156692 0.06334166887168133 0.10617102475507535 0.056413570164359134 0.052156491505573006 0.015532478286613912 0.0032975907753651397 0.05952122630215303 0.07487671578453216 0.013279723645100185 0.08229193109854062 0.04072726920878628 0.011568173516611187 0.013945778023427334 0.09947279298064843 0.03708602538984878
95 0.06848742288169048 0.06577961205687685 0.013025883883090518 0.018168193675639693 0.08983788231965627 0.00958636309621104 0.04695137812138104 0.05443141487159775 0.03633194579777028 0.002822602940564109 0.09237291356518654 0.04490419588233295 0.09359674506165107 0.09148464499474193 0.051958879297573236 0.09249001287761735 0.030134461778422106 0.021083195149817487 0.07487649037194455 0.0016757613762347864
96 0.03155461403130302 0.09740513355008436 0.006864508922143005 0.048881890667105236 0.030481630139460817 0.03623005860036491 0.015988698690000396 0.05431444297345686 0.11159410101198625 0.027657133047534057 0.0501631988686982 0.02686783445898408 0.08589133256658182 0.034884943500182286 0.06119771288008917 0.06804236201063421 0.03742368875328807 0.018355182676391073 0.07294063997999231 0.08326089267171996
