0 0.02703277423942142 0.01906172945483336 0.0917165966256924 0.1308895243416142 0.050780947976035565 0.008202811316104296 0.06169192110086929 0.004640213041402018 0.03188687228690383 0.0375014293169687 0.08034663809961441 0.005789371013882314 0.07500156332532289 0.03349043315645631 0.03537977950216961 0.02011017498128606 0.055057214036583715 0.0831522713403307 0.12245116318874276 0.02581657165576601
1 0.09746229650635921 0.11038273763100227 0.01915865855701006 0.025786606023565688 0.11501631670614121 0.048888477874281126 0.03681981133724451 0.004365974122109605 0.0063675125529805525 0.029696564483253647 0.07963940859523665 0.10606745055543598 0.0014922928056097149 0.047388506692640754 0.0002377569518734302 0.07407441646564182 0.014033785343465855 0.09347994410729835 0.06717923872975398 0.02246224395909565
2 0.05600118775742632 0.050048839301752183 0.025063172639861596 0.0460418317751787 0.01839967094737082 0.0013361050752319417 0.005653176703772454 0.07221440561436376 0.08702920722623361 0.06566718437924045 0.03865777867153842 0.02708474306813115 0.08185186072463876 0.014357429339722932 0.08085592103447303 0.07835090620109224 0.11126221621767468 0.05474384030955157 0.0006397018373454454 0.0847408211753999
3 0.02864974889634534 0.07374586789602201 0.07897160738624769 0.06809646092682124 0.08729975392720603 0.0652991657020709 0.021447902768150437 0.018525608622974872 0.011670481218494674 0.07445052906802174 0.03134299907359191 0.07479671738738443 0.03985937201722068 0.025957369224097936 0.004325308205638095 0.0633713870515397 0.010614241889839053 0.06771204908745293 0.06338567952937593 0.09047775012150444
4 0.04751172645388323 0.037385286911883905 0.06017196825545755 0.09810422515789004 0.007774918879399271 0.02796893851785618 0.03335988215880612 0.02816140049091958 0.09579609009247932 0.07729153769968053 0.067951849209829 0.07475449543494911 0.03285940620292106 0.075336072631055 0.028688281131684028 0.02573797394318211 0.03008096059787285 0.006595763364155274 0.07534935586074519 0.06911986700535054
5 0.046287428967635165 0.006135553570289331 0.07428488766193794 0.022829153218803747 0.12340270871868571 0.013925514980620557 0.028239100912170398 0.027508496111567336 0.02183475663744819 0.08173407799326975 0.05566292134545807 0.0019212738949730382 0.0961803104249664 0.008654509522548908 0.09773782958427445 0.02082672876776628 0.011066501746405447 0.09070271292767154 0.10430310191345667 0.06676243110005116
6 0.04871542392453005 0.05148690349739958 0.030898741170928702 0.0368125465026236 0.040282449863852814 0.04290963815165376 0.00019086929182672224 0.008441948574709935 0.11449753473755102 0.035577605718726986 0.08808906633973977 0.029805762222862093 0.11482467641289888 0.03337195918995989 0.06155005592268158 0.06402908412412754 0.0020507958185847458 0.0853472801004657 0.0389155850754719 0.07220207335940479
7 0.09254683776224536 0.07047039448972668 0.05493404210239701 0.011633429675798968 0.03013935705433897 0.029164943695809863 0.08623773515835531 0.014956606856992944 0.062220480738891186 0.0730142947598706 0.012550920608538131 0.012597984359060826 0.01956687321269004 0.06381674250813822 0.09042534295667091 0.053463378811867586 0.05821230967900453 0.04156228547854388 0.057549954093321656 0.06493608599773745
8 0.035189971399960086 0.02347277951058168 0.07700147657974493 0.0927452316212274 0.026702211181350233 0.027398188347396022 0.02421136046231509 0.0038171224920681775 0.04613090773850642 0.06950220850053825 0.08449055381308813 0.10117298854834422 0.09652878203760262 0.04813810710186029 0.039924802699218 0.010162478928087621 0.09213233406785123 0.049930065449867944 0.014945751746982136 0.03640267777340929
9 0.061579811888209636 0.05954951217053327 0.0387224264097531 0.04476378306031778 0.09790041253899369 0.02083136567915179 0.09247834615269739 0.023146543203817753 0.048675095436127386 0.011741821471050365 0.06936800093288877 0.05050041995879631 0.04886398961620562 0.021270335917805555 0.08774310352075128 0.037402913450909146 0.09968548237441853 0.014289723538836221 0.011354802315913176 0.060132110362823274
10 0.04843927098219238 0.10574990158954889 0.02634118029017482 0.0006538777182724833 0.038632647479225554 0.08490993643743869 0.03328329503499401 0.033737338879198865 0.044580521187472556 0.043079948216108645 0.056858460092257625 0.02050810754518256 0.07054957135401276 0.05391214434148414 0.018610796463017238 0.0610863422126834 0.012887846209951056 0.09828298547372885 0.057798969193311345 0.09009685929974413
11 0.008532718550279386 0.08629384187253207 0.011463620127364613 0.05882696984031162 0.07427879505489762 0.06006322555089297 0.08510036987010375 0.1026940239515591 0.006510306219133984 0.10185881344027738 0.014030283543942049 0.05429922345760995 0.012237280171690183 0.06929603838907057 0.10361490337096092 0.07975809874594818 0.01169401236936071 0.006706644414321594 0.0040247619737826335 0.04871606908596082
12 0.012661049844797736 0.005172704838707201 0.021086628964708018 0.028935655679357974 0.0716914697154571 0.0710287463039123 0.04017577146925844 0.05557244586139318 0.01989796057318146 0.0706857360557484 0.041439495602214126 0.07133802046367528 0.061620012661818734 0.003526025408253986 0.033261066060983946 0.09024932564932611 0.08192807954492942 0.042627150490564605 0.08952409509755561 0.08757855971415644
13 0.04681846506864416 0.0038138761506772787 0.032073661360208644 0.0063252248511262285 0.06909674637759482 0.057291215402633135 0.02969310754942733 0.04871853590310111 0.0948063811466209 0.005189629138698529 0.03497035940101492 0.04559953634278191 0.054942965856245016 0.004200771226674684 0.09140203620461489 0.08666851259554757 0.09038156450314533 0.10202289429870094 0.008052272535899496 0.0879322440866432
14 0.010697206126044835 0.06827789807269716 0.010940425497634215 0.006965587709187847 0.037671349440546655 0.006081051295546044 0.05107302360677135 0.06898481945027136 0.006028334492967703 0.07658079915917278 0.13017647956617306 0.059336101960203946 0.008060042542643244 0.08163465740977362 0.0796163946101369 0.07614256114581511 0.020225437716464772 0.06558598423737183 0.08677882392522342 0.04914302203535423
15 0.075299324392166 0.05470183258944804 0.059505917641959755 0.03955505417535 0.023975261933700955 0.07918413710400692 0.017119750223805005 0.0805812384107021 0.03655768035747068 0.036282818859330095 0.08727890374043257 0.06644296029290353 0.09320509476985565 0.045145873187718025 0.0012611521712980614 0.003931809250727448 0.08444066967203759 0.04236999448664485 0.022029701380877155 0.05113082535956559
16 0.06585324667391185 0.0820148943483048 0.024824595954720013 0.03080497508185495 0.06091222855029488 0.00751502565285118 0.019322206090361504 0.038910297378648394 0.071817584534036 0.051002692956509776 0.07135384395837199 0.07911118287438898 0.048135940469877535 0.03151957584850253 0.061608160487684964 0.08634152797999121 0.07762095717546205 0.037466945761972764 0.025886472075866487 0.02797764614638798
17 0.09603831269609016 0.05498716857164841 0.07996676987689993 0.054458148800362594 0.028477209524785066 0.060235045059555355 0.014679412206549062 0.09172465898350773 0.007635140244128476 0.028671520674993227 0.036729188569534416 0.05982380944568651 0.0727953708006638 0.07486061542570221 0.018093639248416428 0.06683653199035902 0.056904732217930826 0.028573057886250416 0.060200163683359516 0.008309504093577004
18 0.03944652206581695 0.04253921735909768 0.05788577096231199 0.05430325226478396 0.056124919999566224 0.03371418232299422 0.05800098133237326 0.05467474078773016 0.043121979969184675 0.04730014576319057 0.04645817569821203 0.06532166216243107 0.04271066309809954 0.010261516863985317 0.06398746779196235 0.06603723184949352 0.05843298731551106 0.04740657475088654 0.04768064907216934 0.06459135857019968
19 0.05153338968262518 0.09727312732735245 0.04588663029022185 0.0639184771655884 0.03135159207462629 0.0042208353581702635 0.009376279180138588 0.06652106980049163 0.0026568699051928366 0.05657717456599197 0.08146356341434105 0.06279282205215102 0.0410971093993675 0.02110626820029349 0.08745096780180488 0.08013803656523316 0.04171408059768613 0.09029912046159069 0.030238806256851963 0.0343837799002807
20 0.03798316742925312 0.09011815272206342 0.05247563323772681 0.013282387619653968 0.0242414469037937 0.05118315612550594 0.05476592373597484 0.05403382271385138 0.07479116737087914 0.10167814930077945 0.03180226659748456 0.004351826401608339 0.10094822664190634 0.018829814887991295 0.08533465792326184 0.06433730440259776 0.003854536885228641 0.03672185605351455 0.09135854328037396 0.007907959766550864
21 0.028901756498982314 0.05038491842774602 0.07395663328147788 0.059846949431761394 0.07656993899274266 0.01500365096542249 0.08099998059938131 0.007759404424049234 0.05018843309397502 0.11440488216860063 0.051360251700577966 0.0079558374753578 0.018019835558090388 0.012244757458475277 0.012329334923701613 0.0795612619843314 0.07796075168072833 0.0685303229561398 0.0921934752908835 0.021827623087575115
22 0.08401902313745165 0.009390507106821511 0.09247743487939873 0.006568425274261312 0.0367752274759603 0.05053524277697422 0.09563902950349885 0.038607527871497044 0.038053154349470014 0.07956278694510162 0.07760443355994244 0.041462961890061906 0.03203265420799605 0.09819820771508554 0.037177311448012694 0.00773269914236928 0.08833974200045569 0.006128695101318332 0.004993902748898648 0.07470103286542427
23 0.0319284889325433 0.06605093642936906 0.038626963637615516 0.056412735090755985 0.042607265135447075 0.06622311065729007 0.05104560201888123 0.02203673430948598 0.059635311790828954 0.03684643808294962 0.06957493512838162 0.09111654915196915 0.01648551397821499 0.03339071051924749 0.0863541098766704 0.0494349996823708 0.07213588443679307 0.06182531564262682 0.039360168413932944 0.008908227084626002
24 0.002769575578127305 0.06511549370938709 0.049959385246582 0.01767124650624542 0.04382192446150942 0.002815699312846271 0.03168681021614687 0.0434730437122158 0.07971071802260324 0.016235039099986186 0.03261130703357248 0.07390022330605633 0.07783124290877921 0.03854074358905987 0.0767087935638175 0.08573563028946667 0.08767060182916815 0.08827390729673577 0.07951698742295378 0.005951626894740546
25 0.08716335499628815 0.08004267951336949 0.03386767805213148 0.016642010543923096 0.05934031927428583 0.12810134746159849 0.018717330325040065 0.02151790414321613 0.015385079946540472 0.016340828485931613 0.10309727149254487 0.003936541030752158 0.05440878664412918 0.08890330787181602 0.061670828747875404 0.0032862111165710807 0.08692009309039442 0.05085297384891786 0.03109549892001018 0.03870995449466412
26 0.04670244175869167 0.018148970814549803 0.04909850389706534 0.05791841014364135 0.005839380141383645 0.06707336076862878 0.062254421882226726 0.10875801072256097 0.024257411768094428 0.05178290681561187 0.10366493922238715 0.06779443593762975 0.10165741064310135 0.004750609557516569 0.004248507310213362 0.006223072385186334 0.10216359574461024 0.0045299137057064716 0.06494670767391175 0.04818698910728229
27 0.06343401483855002 0.05472812886026562 0.05042645034760768 0.05457711980117176 0.04171361966635035 0.07599910463371641 0.07155422799286272 0.06902805794523535 0.037269033904935085 0.07830992951975471 0.06536427902956038 0.031121731251652743 0.06499816095733078 0.023952056029991283 0.028962197418608903 0.04448759895994867 0.051354440304300544 0.006318086560087091 0.008357725342818109 0.07804403663525175
28 0.03653131905824802 0.06715596011693375 0.030541062023706444 0.05388517085664154 0.03998903630040342 0.0185704590516182 0.025595396966290804 0.09345958143346564 0.07340847934839496 0.0835285491610454 0.032873713971030505 0.057110456090076485 0.07083328583334085 0.09974854896690687 0.10222328754041428 0.013581689443517328 0.04570944296361663 0.01194264507048414 0.0010443982622455367 0.042267517541619296
29 0.04416943329200136 0.05380822527321337 0.06529419186214912 0.05812054477823558 0.06178092417217279 0.06476914692077597 0.04715737778823035 0.02280057371158988 0.00715397256918274 0.06620067705149066 0.066493204023358 0.0618586120366728 0.05566864778528867 0.042237876749050496 0.06828241657326714 0.05887472338158355 0.03488557292774838 0.03497707487738354 0.03630365043133976 0.049163153795266076
30 0.07505713506708252 0.0734437381793213 0.11507263555024778 0.01904390598348667 0.07733249655364234 0.0036669102769806288 0.011045872915683107 0.045501274543001805 0.0003210202196853876 0.05250739313378313 0.055778549057376316 0.11527497733435484 0.06653779177847631 0.028020471895182076 0.05213009752815133 0.08677819899844934 0.019182984499805784 0.0655735627467242 0.034506902771465106 0.003224080967099943
31 0.02984324314862218 0.053542255817934425 0.011076124576292262 0.07258055056705671 0.05408137882332489 0.08031161367888781 0.004456754772556435 0.07932932341259684 0.05656484459916174 0.029193165298308635 0.0458851980843458 0.06028978478679808 0.009353472461376897 8.546865477407697e-05 0.07415665385093848 0.081692757032544 0.05767965656153358 0.037106599638889425 0.07375018823541642 0.08902096599864111
32 0.06953152459063514 0.06665724414370339 0.04717967363901939 0.026419581154393454 0.0783655056838234 0.012540775423325249 0.08817922477802241 0.03148721572189286 0.03137372069245421 0.059477014363263636 0.04709805451216583 0.051640844591389554 0.0862521554671942 0.051125383291274404 0.06330861340252945 0.057874115744597616 0.03285425269578696 0.0258992481853676 0.009919201520729299 0.06281665039843187
33 0.07975120893813113 0.02808513620442584 0.04340452311878613 0.058228428980354865 0.01393659973955769 0.026533410040536408 0.03753514036870888 0.0710462890550543 0.05180336161989048 0.03616598662350995 0.08356341588420094 0.0562195151583751 0.04482887787527892 0.02869574954649756 0.03954417320751564 0.04199297540253383 0.04291977305282178 0.06882796062124902 0.07660632552796218 0.07031114903460943
34 0.03194686874504082 0.018812799749971257 0.0968726816813887 0.0060628076098085334 0.061456761379060004 0.02521818923184273 0.10125126673387386 0.10449741343065629 0.05418959096524473 0.006981780014712749 0.09857651613450473 0.031026726271183948 0.05380143330414166 0.029953760143721645 0.0017341375559700974 0.024186345812987203 0.05899287720153363 0.08062259169699174 0.012100351326692606 0.10171510101067299
35 0.06679720884037658 0.05532652001291482 0.059284932759730014 0.05165619241401188 0.07479871096737115 0.06505273001371555 0.039726310405526995 0.028185394333465758 0.03560348979652275 0.05058191628171683 0.05404067224737299 0.07052640198330476 0.01737886605049405 0.03839051185353492 0.05442073197101439 0.036604067871760584 0.06154589140117305 0.0728341505407498 0.04663067186899569 0.020614628386247377
36 0.11233778839141748 0.11710951385068305 0.09027816050521795 0.09354467201703054 0.09530105652429322 0.08324975675413096 0.011254651106225623 0.011605707647575654 0.04791035351389828 0.05558958828947545 0.03011755198034834 0.0378085231082885 0.0017266538637688016 0.00747290206800629 0.05276540819185873 0.0011972654578250328 0.02363377912749776 0.06770480883626168 0.04639304624067023 0.012998812525526275
37 0.06628018393464176 0.054098733655245916 0.07178457542085137 0.05301423468783289 0.0071420688327802325 0.02804739743679019 0.050266243298266185 0.04763520833243886 0.09072651895472236 0.08554146776054695 0.0795208073421105 0.009661715002216029 0.07813219552924776 0.04074403628691935 0.023751140959299748 0.07519883727034281 0.035057032291571776 0.08074525079454824 0.01940298734019453 0.0032493648694325817
38 0.011709919099924576 0.03737720555344082 0.027540925823892882 0.0071344708224566076 0.06663018402310168 0.06689866442054254 0.07698082861285102 0.07538461203979413 0.0480981793095794 0.06340759815196248 0.07466027990618498 0.02250803207925968 0.06789355271313649 0.02593786821316232 0.04167529124775055 0.060071052076097226 0.07218888228412743 0.07051068614846444 0.01154200727545043 0.07184976019882043
39 0.08063131144745553 0.06321682957777701 0.06928375972165698 0.007347448905547116 0.05808742869824327 0.02567720262302622 0.045580144515364934 0.041625218232598 0.04404187823981886 0.06229205895771521 0.010140715245106997 0.055146892618527815 0.03410417974296491 0.06108735966167981 0.0791963793727866 0.02489301869720608 0.04661146151467665 0.04663660544647228 0.07144577084606546 0.07295433593531017
40 0.07030544282823237 0.06640638626613722 0.052364865661259266 0.07094288178743526 0.0674429212974476 0.06015379954405436 0.011365317179636278 0.07304494712602562 0.032638276879844594 0.07321462055927139 0.02280173859650945 0.057109691642393254 0.07230340290910077 0.0522595548154285 0.008127978528227013 0.03841447870138517 0.07470852694224109 0.04318593272922882 0.0012940520721235018 0.051915183934018394
41 0.07922109945863141 0.03178708924579487 0.07116506171326661 0.007232242195400963 0.001117282334082472 0.048730299268287244 0.02653926549315247 0.07791255384691576 0.09170674249890544 0.05585106455022081 0.04942891865315822 0.05893316380070764 0.049222679358424185 0.04826831257892452 0.06726694441774345 0.07642878535124915 0.0758926163707651 0.01781433395809086 0.008715490924620827 0.05676605398165788
42 0.06330588258599947 0.0746640556068407 0.022756797633708987 0.029584942525463346 0.0017952954098053892 0.0656383913988053 0.013525165111453108 0.07519197177714469 0.024832166682487035 0.021806981859623306 0.04389346378788712 0.0345488426612832 0.08684165117767227 0.06674950866160467 0.08666350168669947 0.08378120775725562 0.06528055827814991 0.06466993122298294 0.01030626010669052 0.06416342406844289
43 0.02018055014016069 0.004053960064902203 0.07454105811764183 0.07208761732381645 0.02992776790684755 0.07296594874967542 0.05459371926675423 0.004121432567668212 0.06923629269295828 0.05265677677194267 0.0833597180175607 0.04366993820804558 0.0378438455527535 0.004927486334881953 0.07684894825738178 0.08560349618736936 0.05790070048716339 0.06296389033227573 0.04464007219779294 0.04787678082240744
44 0.04410168472378292 0.09562707934569573 0.038218213003427995 0.04093209518840339 0.07187663407651126 0.0817612677227572 0.08323609720171603 0.07452801440466716 0.011318166534549746 0.07239872990000398 0.07057756415558575 0.04813151128893458 0.07498289002498129 0.023888316125961102 0.05612326987572946 0.03127893698128648 0.021155934255418646 0.02010689808211161 0.0328420231109608 0.006914673997514775
45 0.017917003958297335 0.07940431468017181 0.06602827543153603 0.020214643808607335 0.09476669024206136 0.026600908623130963 0.004106011294492646 0.03905646289428119 0.031163314094403694 0.049577590603159645 0.06709602230851389 0.010398953253480508 0.09190698593970983 0.00567731244308085 0.09943055116798358 0.06900024571296484 0.07114154805491442 0.027898770426456266 0.05815918378976731 0.0704552112729866
46 0.020112789155898682 0.03956260840233168 0.07913964931457138 0.023298693937079003 0.024942956845850992 0.03994692777457253 0.009964435286607001 0.05576798655268485 0.05663151549373924 0.08136147125916673 0.06629417225606105 0.02185132239852494 0.08390941031957967 0.0742624555356721 0.0803891609668019 0.049663611030706975 0.011605114976206681 0.07152549377703957 0.03710782199890456 0.0726624027180005
47 0.0005517050959465531 0.037036822177183966 0.026689601980227788 0.015460426923693302 0.07665954245339272 0.013074868974920464 0.08829224537467216 0.08069200745521474 0.08665362866920366 0.03104090942011285 0.1103854481319548 0.08112143737583598 0.052736333693468224 0.01934996215005558 0.03560543487198357 0.03935903849840525 0.06092643223508122 0.013233010452051752 0.09167146054794836 0.03945968351864703
48 0.029522455479987043 0.011476352112517199 0.036432489796059536 0.0652184934815383 0.023201738799798245 0.029088954542321965 0.11704309129648496 0.08004916851686683 0.07462495992195706 0.0015886427285409137 0.0007618397178790811 0.043437544261976394 0.12622499893877304 0.10103142209908489 0.0005657283093176702 0.09653212968552569 0.004391563674302174 0.08922431939328834 0.022980490488622735 0.04660361675515802
49 0.00472123990232696 0.02134153583133446 0.01507364572979069 0.0550880676712326 0.06362437936755819 0.0567872723313405 0.0700509820277616 0.06727117727832907 0.0797485650026711 0.08142973126504324 0.06848695811750972 0.03301329548120382 0.07574832684361019 0.014987657785163262 0.006492964753328922 0.007155390498726412 0.07456532564039935 0.07171814248851562 0.03396278726348402 0.09873255472067011
50 0.08227393282679228 0.04817833841742463 0.03260083793235591 0.08304735541125156 0.018656934525280125 0.08569165642628947 0.016871041814807683 0.006903598104409001 0.027359994074572985 0.09273762026310355 0.0931438221159074 0.08676919938450427 0.07723410445902963 0.0036566668642191388 0.04294296857685561 0.00645422002040118 0.025081677470384683 0.060603740763654566 0.08272263351980526 0.027069657028951408
51 0.001497668249725712 0.029440182290751224 0.04703054686233015 0.03734770435427122 0.0069761142504867184 0.03715354045326372 0.029399841647222848 0.12384909375366415 0.009522195080715404 0.10900442401202548 0.045857852263600944 0.025581328179685423 0.025485107245632913 0.023765568547651612 0.00451831263311355 0.08279540766893245 0.06767546472332961 0.1617468460097643 0.01690506047269702 0.1144477413011354
52 0.0861335649164472 0.04498786171682971 0.06490665010366016 0.020013602001252302 0.012314784617456288 0.07315851369496244 0.025909804611762812 0.051867738282517006 0.03395549216183629 0.039235085707624996 0.0842420165504163 0.09714048061504801 0.08882076044751928 0.07464630488209352 0.03839802863154416 0.05346200698598768 0.06807664293604583 0.011044894328210434 0.030884781754675798 0.000800985054109567
53 0.06689555464475035 0.016089631917192752 0.017462007933536576 0.0952695423564171 0.06453489784663738 0.09349748977451046 0.0618749273447712 0.004553192386011597 0.020514479276596383 0.029596870297454114 0.06838930214357575 0.09655751271181048 0.08538405249286532 0.06970546850262614 0.024715277533431664 0.04490081875759929 0.017495955039308623 0.08175011240017672 0.026402987168203433 0.0144099194725245
54 0.013342959585792987 0.0675834873613472 0.0754489719991603 0.07744199866816705 0.03695204619273528 0.06438589274827768 0.07186075693788099 0.022993407173073077 0.08818621362473195 0.02106984009807108 0.09598940959750764 0.014214802308975028 0.04635041513486054 0.027119923894884365 0.04847987098206756 0.07258763378319619 0.032882107259477086 0.011905694741120604 0.10303011008178489 0.008174457826888408
55 0.006819937192194048 0.04406487586409494 0.07302957560829575 0.04488916021363974 0.04228589978253377 0.0405364549879483 0.09431384747183445 0.010504489790173282 0.0492548606046926 0.0669072317525388 0.08773373615110937 0.059694139308302745 0.03729916108460861 0.048508661857554765 0.033017680437775254 0.023007598994046866 0.022327846613287232 0.09786039479738254 0.021879399093040718 0.0960650483949461
56 0.014591798298794381 0.038556585526431555 0.05742153269896606 0.08704520216955407 0.07482731128841334 0.08671739925566503 0.08889060498549912 0.01803094415705692 0.02859539759623011 0.06827500538694385 0.022866401154529644 0.029709841618682398 0.03393210035524321 0.04063298664458715 0.04663625748839579 0.0037451524573823784 0.04907717337248415 0.07063770635621257 0.09055090493999705 0.04925969424893116
57 0.04575559518958383 0.050890183449914944 0.015825569794222595 0.054932544933425594 0.022346661279459352 0.0658349790475197 0.022248796925443886 0.027778362630291965 0.016068623675743306 0.003796961398788435 0.08878660199977523 0.09551704184791798 0.09624178958433668 0.0940462663880948 0.021774691918999698 0.06429928905326167 0.0378134373217255 0.0208605038064386 0.07892110034790079 0.07626099940715532
58 0.09052861089730507 0.014139338384566854 0.05266674601595762 0.05465355220233644 0.0839206028835538 0.05972123710206278 0.05859332324453227 0.0695295849833582 0.007322738695837231 0.03292226667377312 0.06767389976808384 0.07811555085934976 0.025433268692236728 0.08927246035118751 0.08788030905038251 0.01938363284755315 0.013441800862202367 0.03985580085234237 0.0529735090818652 0.001971766551512959
59 0.06653479308080405 0.08137932851835278 0.08054934585357 0.013730286840622477 0.04557813336796217 0.09526146177739304 0.02964598182366285 0.0558349850833591 0.015262237450187394 0.014509101179666048 0.044448867390551344 0.08734470429852328 0.019959815578581314 0.027249119153289116 0.09129449343366416 0.046905805881555615 0.08329169752424279 0.05348403473459788 0.033904963114463255 0.013830843914951428
60 0.0566498184487253 0.037941249939173985 0.0594343927027136 0.07511388572530531 0.04582631762046461 0.03148750349716838 0.031932217166656174 0.047585188240821856 0.03548193259096166 0.06942639347072027 0.013732782133023641 0.027881123657015484 0.04500111001739466 0.022871297315521122 0.0670190200790262 0.07468880972923171 0.061857783774835286 0.07018332675435764 0.06910549498829355 0.05678035214858942
61 0.0015354989776554927 0.0813663228223772 0.09648071479173662 0.023226505509969096 0.05742490027922006 0.001913764509195029 0.052783712472929456 0.018194678575627083 0.00819510493845345 0.07100273487608509 0.017956627449431332 0.06553515193813543 0.0449864224869453 0.0595497014600073 0.07511492332249944 0.08967894565308829 0.06275194897490378 0.029340042531526493 0.08601173555919622 0.056950562871017886
62 0.03210506742838128 0.0647162017027589 0.011094797950180132 0.005206178776760801 0.08134677779295467 0.04766356727636429 0.002725504041114713 0.0714341666182628 0.08005730595716389 0.07312650956555798 0.06532056926158133 0.04768271063440437 0.060019957705495154 0.07744731935308499 0.050285868835696516 0.07477360809567977 0.06372889435415137 0.05215578599413263 0.019877985241449063 0.019231223414825277
63 0.08546477336459897 0.040872740362507994 0.07916837755952545 0.013975119469295394 0.06982554666923249 0.03498195521861244 0.09985591863339953 0.024627303365129603 0.03797548897721138 0.08558884271666221 0.017433351289362353 0.041288130183506605 0.008287147619948025 0.08284408282715248 0.05543643645901239 0.08609065525249796 0.04835348659091596 0.01620377609871954 0.027269231354653683 0.04445763598805543
64 0.0035505659287381097 0.036318965650681455 0.004039811831375097 0.1067427110268833 0.006159610160374045 0.08850288474330822 0.030532602542903395 0.03791962746166491 0.11350966456517307 0.050516800890647126 0.09817849843741089 0.08123489000676513 0.04398153822948656 0.0003997329069361827 0.032063918926963454 0.012212211128699378 0.10178431711769388 0.09374847466984915 0.017658012547394165 0.040945161227052336
65 0.030701926592256523 0.016229807988020293 0.06369451417779226 0.08124026322764757 0.05923384875142654 0.039894486775306125 0.0843895198417021 0.057037384005061635 0.06479801797604813 0.06744797342465307 0.030401370215779072 0.0626914598043927 0.06591733432388465 0.04153356475569723 0.05935698985262176 0.013491103619470316 0.049732222707806445 0.04560069807471144 0.04539841183771302 0.021209102048009142
66 0.02048531570817313 0.08887570889921947 0.07374502143517224 0.07958421839570971 0.03276245950292388 0.08267448541491441 0.040847408240295154 0.07121401622258054 0.018689652658056624 0.0695066461887917 0.01664215006042054 0.08248139343097771 0.029024023230107474 0.000407453009424939 0.0373455679293059 0.06263704039224285 0.0005728323732222245 0.06299832200068502 0.08192168158558229 0.047584603322194365
67 0.06033422720672794 0.06996365462493125 0.008581063564579093 0.0255620514410178 0.08897639243549808 0.005024046373869625 0.018770719671511088 0.038250843035934796 0.07305508810463429 0.08062251023763697 0.04678156049157324 0.05738494234038498 0.03265353763734552 0.08466106815706122 0.082770760503559 0.0649020951870277 0.05638429236843777 0.04638123936805613 0.01915413244519084 0.03978577480502242
68 0.06366396363028715 0.01712036120623548 0.06665500779159562 0.014428729936337004 0.024703010449740017 0.08565112844444851 0.03670365015538639 0.03064023372225245 0.020098304989850862 0.05030858257587832 0.041522323678858684 0.030955223291268263 0.07822288536617163 0.07415233066261465 0.057658070272891646 0.03597843277583135 0.07251107385819368 0.03173575192366264 0.08556039965283786 0.0817305356156578
69 0.07071401298563323 0.01782875526641212 0.04581678747566612 0.06856037880235206 0.031964086984199155 0.05573145522492591 0.0004282710084548 0.046367136322050785 0.020892079022503562 0.08332595248897483 0.006298803517822972 0.02794213245864805 0.08315022234108602 0.015219017116870074 0.05893094884149874 0.08104154416869452 0.051767599888604666 0.07588974328197613 0.08336297363703404 0.07476809916659226
70 0.029273831428116407 0.06065774128750209 0.08606159323915397 0.07469255725888176 0.008487334535587702 0.04596095624107248 0.08769660719626242 0.07955551221088566 0.03461641971547653 0.0034320355222176345 0.046030253514541736 0.00518750911905199 0.0099718812242862 0.05942549913653624 0.06495059668690549 0.060578747029983906 0.048317523253624206 0.03926144766158236 0.08347340964447832 0.07236854409385307
71 0.03966321554439834 0.03777661635172823 0.03173517769626353 0.07799325110677185 0.06377431784030393 0.04264493758473403 0.07632562267124819 0.09923553003859358 0.015527880800214632 0.023715591018989807 0.05265420864348893 0.0672879869187657 0.015523616564319881 0.08196460850026262 0.046281831594151 0.052099694332718556 0.03465126898149238 0.0692334370529957 0.032733604028394155 0.03917760273016515
72 0.041936692150584265 0.05812225424469545 0.06092412605769687 0.04382742081057443 0.006590051429766997 0.04602257129099588 0.06549411745029952 0.04879307661910218 0.027958870706571392 0.055180330250347936 0.03138660259055403 0.06479354473051285 0.07149037377393172 0.07447956822397736 0.0712967138606733 0.049935989491960264 0.0452813246882119 0.03655206595750826 0.029361289187418083 0.07057301648461732
73 0.022692515927496514 0.02031426197623822 0.06345789744540767 0.04424367423562195 0.038086849719620695 0.0032341828074299735 0.010264073856066477 0.13549921937243728 0.01348001636355215 0.05463128597594207 0.020947673670742982 0.019457028681357003 0.05701566310749651 0.07243376761012355 0.00016215789900312136 0.13633918515141993 0.14746978118262125 0.05340339831150965 0.027615984416435212 0.05925138228947782
74 0.051121175653850486 0.0560881644032375 0.08247374642585543 0.00999693253846225 0.012890124304146164 0.007168521045456602 0.03528432092785248 0.09181268713325724 0.07099854059116668 0.038278160979356504 0.06393082081219803 0.035938092627625845 0.09457346956441838 0.07756676276814954 0.010984852182014409 0.06682221511278044 0.00954603520617268 0.02220787142640338 0.07520385541011049 0.08711365088748554
75 0.08279113800421684 0.02654888013356337 0.08228545977078483 0.01883596292340101 0.06921751860858255 0.046578942136417945 0.013292052386190866 0.015056256491946527 0.08784568545364588 0.07571448436465429 0.016021250807695193 0.0362771556791119 0.08949759091970269 0.06882153783823335 0.047717114843656615 0.054700914098007355 0.02528662126109503 0.035535269125384204 0.04501674970910778 0.06295941544460189
76 0.08646033641578116 0.04085181374705396 0.0201686460899924 0.05126626530126337 0.050479747266706954 0.024789654907956024 0.024035712495248815 0.039875740831448805 0.07860392950944325 0.06563750684494771 0.040477208935327864 0.04399086915711005 0.06298796391449771 0.09881417011985029 0.0006653356560781893 0.006880091926484537 0.04217635963968088 0.08421962877010718 0.08446607949870663 0.05315293897231432
77 0.09673382133765357 0.0065684741060183065 0.03738969339612682 0.031255203481525405 0.010737260596998508 0.05359445098940493 0.056495821308284296 0.05366847093226452 0.10015720938297781 0.03786644219034724 0.09241374790357898 0.03663177609766748 0.023388226459478613 0.0010109759137123002 0.09578681734480052 0.026561327331230542 0.058972465601984304 0.02563731099913137 0.08906630088917465 0.06606420373763992
78 0.05687006148518159 0.018340308623078182 0.0626018241669198 0.051406378900740145 0.06833941628446137 0.09573989336010069 0.09727898687315627 0.031917781080700786 0.044435139409679476 0.06432360369542095 0.012031981199639082 0.009121249666030166 0.06567655510399745 0.08517530888377844 0.000444416968678482 0.014073684688320062 0.028566114188990167 0.09219234353825313 0.04109085121038336 0.06037410067249056
79 0.03915713217673469 0.05303352399821133 0.0039998610687373565 0.07583516952775762 0.017751646650444056 0.0522203916641121 0.07424135305238272 0.02646003556945876 0.01811171148449279 0.044384257734884615 0.037209550697911806 0.017818632306906314 0.10748571889805457 0.08688653058859862 0.06481749558275296 0.05368150024024984 0.08461616454802713 0.022277820428168435 0.024339662982572455 0.09567184079954173
80 0.05241291507298099 0.06860205743852234 0.05173000530404557 0.09997031270283196 0.09139505311640053 0.05217462356442093 0.0731237909874072 0.05178898493128483 0.05290340261137536 0.03650858641483606 0.05166720659511833 0.029688064936496318 0.03688391349588244 0.005035761308218918 0.044134912605436914 0.02178414869290822 0.004483678971069775 0.05741964568282468 0.07662072545390906 0.04167221011402956
81 0.06970551402523614 0.07274003267197841 0.0651627046277337 0.0928733296819819 0.02139877717908255 0.08170563399506689 0.013765254638563302 0.06391165397254406 0.03287603915444193 0.07017811274516106 0.06852046775997948 0.08657447075527756 0.05384570559243825 0.013860472649544011 0.03409006320578608 0.03828233221398567 0.035391717466948074 0.01440949855455066 0.048988948472359864 0.021719270637340384
82 0.048928367887037624 0.017516733132341807 0.08510120354820218 0.0335696402016675 0.052056388975568656 0.04880445198047836 0.0660292287477969 0.028874889165851916 0.06620161378537028 0.04839538649716294 0.056215142832309634 0.05178293317339591 0.06052058968938384 0.08418071537411934 0.031944285808682825 0.07112295506550306 0.051102241535553726 0.04852714909359589 0.020916116930302042 0.028209966575675552
83 0.038978583619213185 0.017086797087292147 0.043333868036477444 0.022170621275146827 0.07755168937676159 0.06422303819067621 0.04675115794515713 0.07942073442507747 0.10069689581791709 0.02044340247225061 0.027244609096603117 0.030143281492139188 0.09113374203000596 0.04471123875143532 0.12229634195438728 0.07476621300079056 0.04483271468604195 0.013123177495202837 0.03073559719440671 0.010356296053017381
84 0.05595613559666039 0.04171757133864972 0.046122730861476384 0.07442652242413478 0.0743345599961297 0.021278794704147033 0.07393447137236024 0.06652881719897961 0.09669674359990567 0.080524848583661 0.009262411962413859 0.010853335850676967 0.037710083560569284 0.017215811244790817 0.018538561368144826 0.03820731574161995 0.05126821748140328 0.05713347673892191 0.02888340502434771 0.09940618535100662
85 0.00439445845060592 0.07181332979675915 0.008111970790271664 0.010063343367225775 0.002409242232436989 0.08532062932659887 0.08712590323424704 0.019251935343314344 0.03441404085477701 0.009740056377547551 0.017635465827328802 0.0371042076481943 0.08852056099801336 0.04533247296975316 0.10044819821117056 0.08247432348933437 0.07970681083673474 0.07137600794162043 0.052979026369245424 0.09177801593482034
86 0.005511474493736304 0.016733918155754524 0.08049970159017202 0.06703779823375339 0.08394807566081632 0.014069736522030456 0.06278009231837994 0.03762738566267735 0.0775123371712545 0.011234974798772846 0.06825229974681099 0.0804829885032876 0.0010459922268475602 0.04120007493570682 0.02095205629477601 0.05034789821144096 0.0950364660265925 0.06621220513968099 0.048867456358359825 0.070647067949149
87 0.07180513101356162 0.04386508318283909 0.08033083909439492 0.06794072118762064 0.02524565789116554 0.05625792992223714 0.057004679749596686 0.03876696979085671 0.036969462660001555 0.0336460732422044 0.010485135381569309 0.04331104512264541 0.03678080360952315 0.06346609781658857 0.03695418868235106 0.09319399251764117 0.030398112963812278 0.03872444084346418 0.06324818362872099 0.07160545169920579
88 0.0007677653365890126 0.014278028447610284 0.07164255907119337 0.07499602271907382 0.0719709385248854 0.04781172452788084 0.05795272903747555 0.028484240108126356 0.006581671657849709 0.08679562081320806 0.03751686340560614 0.041610739398668446 0.07914908410602911 0.07261041752877499 0.004844023522904062 0.023243288859597765 0.060848715735419 0.0657789066907782 0.05948254764460704 0.09363411286372274
89 0.05415804053825212 0.058773505106280856 0.006089466990483448 0.022046227778706042 0.03551390961921223 0.0015956355663066584 0.06105671796026213 0.012867695187774749 0.014528978430584986 0.0883236299873691 0.04231066736897953 0.07780464786509231 0.025484261659153233 0.07021429196838647 0.0825948861871096 0.07227737044854989 0.07062410267048144 0.04801436566040117 0.09530447079572653 0.060417128210887475
90 0.029070420664742504 0.061531057504496764 0.05234288562176012 0.0530082874613518 0.0454567161361769 0.04276910280927132 0.08696441538613932 0.06574765456512423 0.0019542882471465742 0.01746263509671516 0.0663489018937346 0.06516426766991079 0.06564214120595073 0.040282059344465285 0.061070281776470746 0.03578938459209022 0.08151512621075682 0.02209815087183793 0.053177866433187476 0.05260435650867067
91 0.06316022199058359 0.0074036971015481665 0.10341756430877588 0.0968408069570844 0.04470062567452102 0.0820893687685247 0.09583849934897609 0.03317463450894708 0.0009137276440666902 0.060267895018117204 0.1022148293630859 0.06709137174810664 0.023515790798209785 0.0034410142851956063 0.005010440813142693 0.06677922772547155 0.07555876346216545 0.03072613591127114 0.0075958671308807195 0.030259517441325507
92 0.008391624275274926 0.08827850676970196 0.05799276626672983 0.06006840430945625 0.03289856284437721 0.06185121435940032 0.017001790884475357 0.012247543390493339 0.13675865329292308 0.07285043124714925 0.0220229945394573 0.0666847226223821 0.04963473664868075 0.15034510717234975 0.010545846001631836 0.019395921448504265 0.05790579351794077 0.040643250632871795 0.01609896094413908 0.018383168832060807
93 0.05477084066910964 0.07743632744915419 0.07990321088689331 0.05455805883747382 0.017445530356597332 0.07979183866445407 0.005811759907873573 0.022908833923563666 0.008153486955919711 0.05209657114438807 0.06426562531657766 0.049599648227452574 0.05377090326008884 0.05210207319048781 0.07626409984020821 0.046312325629345896 0.020055389184705598 0.08011053021942653 0.04726639406862464 0.05737655226765476
94 0.07980619596456777 0.08956090856032518 0.04037868631059204 0.047031310881773224 0.014857520261091762 0.04230416482732473 0.02279142302603752 0.09797588727166276 0.053514164566614876 0.028685927984280653 0.021359442799930326 0.06336582029436937 0.08768153171563131 0.06294694808952221 0.00547029890759942 0.015492469309779077 0.06896586879023454 0.07567044144407316 0.06273847954566883 0.019402509448921322
95 0.022800291100503783 0.026616731116225853 0.024516666084896013 0.00311932271945203 0.03215901160574991 0.0011682701772806091 0.04442987539389772 0.059141304374054945 0.08724069499491219 0.09218246990695607 0.09925447971473973 0.06069276569228893 0.040995270537724865 0.058011777140977855 0.07180148553280917 0.019725023930384108 0.007345824499252146 0.06278546452658064 0.09445531234877856 0.09155795860253471
96 0.04631356521532164 0.01710611130469958 0.038006778368149224 0.023630163991261176 0.004482391566850302 0.07088711136198493 0.044271074394945625 0.025852066337446186 0.08728661186663987 0.09755281140112508 0.01939885150723365 0.036293072251822954 0.01898439900736987 0.08256051434262668 0.05540859887959678 0.10601027034541988 0.04232590310881788 0.10129678970168522 0.028731392631932574 0.05360152241507076
