0 0.053637277589656036 0.07033639889295404 0.06825834023781449 0.08381228758238359 0.02491447725082298 0.08958987714016278 0.03778495656024492 0.023233881810289993 0.04042371711173827 0.006730857692226159 0.0725139433220615 0.06049799266989383 0.08562463901593421 0.007927858321482515 0.06377196941380617 0.02093085401432559 0.025844610293631966 0.006393733833941314 0.09129593159995418 0.06647639564667529
1 0.002893824494027211 0.06022423085884257 0.015307972864755132 0.10102709901297803 0.04918942111734414 0.05226726242251323 0.03442998396999478 0.04930065370529316 0.024787723726980276 0.048563573178469814 0.008920946238148143 0.01788184696951483 0.05206867190971976 0.07484650919978572 0.0507704122706447 0.08220173803822427 0.07669301448533647 0.09362965573743724 0.09109125860113225 0.013904201198858192
2 0.08106339054879139 0.073977223704163 0.021318910866139795 0.02399445748965775 0.10048022947086432 0.07577545929935807 0.10009345062565969 0.00999790221277815 0.007876931480060622 0.0705746216884261 0.0241886092466346 0.010308556981256012 0.022536037960963262 0.0004079713957897087 0.029959971950595625 0.07622366759850605 0.004682700367628053 0.10172516565482707 0.06368673635194891 0.10112800510595192
3 0.0616478258155462 0.025797537594075028 0.0690066226112844 0.03987745979830055 0.04785711116593763 0.09248814716758685 0.04120070659120294 0.008863672674369953 0.08672831236257822 0.07994859375700475 0.029621199615028328 0.03474873062954475 0.05906343001484884 0.04754437799899452 0.10589363234013453 0.06605922287733224 0.01848180695198765 0.021279604880725507 0.02998009872202179 0.03391190643149526
4 0.016440885527729016 0.06725908052209864 0.058024357375364516 0.005079106151710612 0.07016237291544224 0.014329187915061452 0.03177419019538272 0.007481315673117186 0.09221787714072302 0.023980927186030388 0.05514076020643481 0.11509806995333456 0.010040861290194736 0.08125839157201348 0.03912335620579735 0.10287810987797842 0.07890537123258166 0.09839286612678638 0.02389344092352211 0.008519472008696688
5 0.004036830841029265 0.0529930766503429 0.07409735928440013 0.11734030920041014 0.10973867768858352 0.03200037047434749 0.014171973621598537 0.02586240539468956 1.4222083179720058e-05 0.06801626709372142 0.016281349772551 0.0005821030297038754 0.02395277542497199 0.07240750345306804 0.10588911232270137 0.012283532949240259 0.08743102142262167 0.029695958264533487 0.07837954226869305 0.07482560875961267
6 0.07838865085294666 0.038734012293766606 0.032964406087107836 0.02170449999314719 0.010043873147963482 0.07669284673008447 0.05429311320416154 0.021289504668341855 0.047743234692114 0.0013547770930379868 0.014571128511230776 0.07999437857120381 0.02070562538792663 0.008355715903865206 0.024442969269877934 0.07792192234836397 0.10921685857534176 0.09286469938396323 0.08640945254181122 0.102308330743744
7 0.022685908814764094 0.06691713040299184 0.0341638809894024 0.07110888371810008 0.024595779087321946 0.07032050936114588 0.08670832551976791 0.04621519523111642 0.016635519409039616 0.04530526942243083 0.04966823612509666 0.06881680176579154 0.018743862541964248 0.09840273513927209 0.0925055833958363 0.015307844926385835 0.03733460055285596 0.03509273065128527 0.09010966017717738 0.00936154276825358
8 0.09466316943124585 0.09000894648877945 0.05645637600511042 0.007318419506919428 0.07806522043342673 0.06238471814537489 0.018521374892160672 0.06538975976352067 0.0361836671071978 0.013421700890576125 0.022057695627873755 0.04531114247443312 0.010693570060595185 0.007671742799295017 0.046992495579573926 0.04934247990690869 0.07918177031324461 0.0657092456954898 0.05943354512438337 0.09119295975389066
9 0.06194219219965548 0.06068164329761291 0.054960460759808545 0.01753511503917702 0.04709493644941425 0.06302510232671514 0.00746561287493228 0.0420568766709456 0.055509760945342296 0.016568908177778428 0.08648301024053259 0.07206695394867606 0.08456526622957393 0.07835384003973689 0.023312546955782897 0.07270822582031433 0.025816026307668518 0.054345572466631784 0.017472409580892367 0.05803553966880873
10 0.007886831471886844 0.05554964743419931 0.08088735961603465 0.058449169328761645 0.07172225088965058 0.008781422559333 0.019468108249654843 0.06512441301686135 0.09361943087246187 0.06757923428580119 0.013622878028110897 0.08909569971234912 0.092613130177777 0.0027755693270730053 0.017898214595265145 0.018310935214695463 0.0856355945873831 0.0514395982492782 0.036752015786567054 0.062788496596856
11 0.02980101569179079 0.05043592200294931 0.034472162987129774 0.07179072570184025 0.05842105348964298 0.04881285980530717 0.008422863782477471 0.0611628142507409 0.06038687758039769 0.07689434207737056 0.04369717718379245 0.05118580245433047 0.014055506688103968 0.0657508569123183 0.07241114648628395 0.06079669455660955 0.05612906320895521 0.045818006299433264 0.04761469134301636 0.04194041749750959
12 0.06908671553330095 0.037544323064732994 0.0662439387086417 0.06079856022285302 0.07451756032596847 0.05600279913906334 0.04905870034178896 0.052559590473637036 0.05679225220685846 0.08324019567238333 0.06771693216618138 0.08369698820526053 0.06760009914646395 0.0626692416558872 0.04121009408688617 0.028062210631014883 0.005510349519223941 0.005106840687042211 0.01328765969589696 0.01929494851691434
13 0.04391344817319182 0.09904894222157573 0.012294616213377262 0.09612304913094175 0.056345802689883706 0.08578404569951581 0.10814872293169536 0.018514467441181116 0.003362468158335861 0.10895130138939008 0.04591229384319913 0.06215683636856289 0.07403217637387978 0.012440912992206196 0.04053328017255189 0.013525089371836482 0.002351855114810218 0.08044640351334707 0.029142110029128695 0.00697217817138916
14 0.09074996797385737 0.013412222636622322 0.06762256084655066 0.00079785970906456 0.0797881891488335 0.023395927700473003 0.010472224953467967 0.09906873134012417 0.04679071058864267 0.04335274025716378 0.024368736983438985 0.05765119092429014 0.04415267565535242 0.09853241554403344 0.060583463359983665 0.0455307755479807 0.024456562238202816 0.019189998649539193 0.0882228194808915 0.06186022646148712
15 0.0224546351083925 0.028446564934378117 0.0904159080479581 0.09768981854115115 0.04463757399201542 0.030717320230110663 0.048755599131397265 0.0021697803390152027 0.07008464206725147 0.06420377103222495 0.0577129113236745 0.044939887249312624 0.022724331344460454 0.09654374257151487 0.08125761590326924 0.039041446597344785 0.04441519003661085 0.08349899244582154 0.0068300603117208624 0.023460208792375634
16 0.041383375613324724 0.03880839537614729 0.05233962240806354 0.007552394247889755 0.0504411076613255 0.03746312146871775 0.07045985285304844 0.06915477508945116 0.06114886929573394 0.055253193090797376 0.05933134212381355 0.04689647632414105 0.05850014589429492 0.07266392196091785 0.08462486094141368 0.06531143507124709 0.08253713046501876 0.03532624113223862 0.010671166666692888 0.0001325723157220076
17 0.0732517423522236 0.0018719862361577292 0.06195175503473091 0.05578353029785776 0.06341039898270641 0.08117407224832712 0.05780765301295061 0.07025272376693771 0.036820263320739455 0.0019011032231403802 0.0785565630535397 0.08824938173104342 0.0020910400526801443 0.02864253296924249 0.058366438227367055 0.03966043755756739 0.08900172546546126 0.014878210916443625 0.07314180379047498 0.023186637760408184
18 0.041814732094546475 0.0739619765729713 0.07955421469595955 0.07921453468790653 0.08215761379515968 0.04149187531683389 0.03904756872712038 0.04382497709016665 0.08138139028147848 0.08153575027638105 0.006940116354536928 0.08805484854583966 0.0864300210933395 0.0699966417284305 0.01049877438409853 0.01922615425575065 0.008482325814021063 0.006882229574517289 0.04733706132910311 0.01216719338183873
19 0.03825535852860621 0.02138131750252653 0.08479497054932958 0.047143477920799315 0.04081265605723698 0.04990403915304552 0.03650528535803535 0.07539500120420245 0.07033816815959135 0.06481977850326774 0.07807817740908103 0.002300665068537993 0.040859449392026514 0.058565358536504186 0.016493132367845612 0.0809121546233319 0.05238279590356001 0.05961147123476811 0.021354067398681415 0.060092675129022326
20 0.04039508844899919 0.03318440281762506 0.09802218363655556 0.02789105022404478 0.09268139245391908 0.05158059365114331 0.0017020997375631725 0.10782404914978104 0.07057054775533428 0.04931880969239966 0.023853369630708523 0.08007351141298333 0.0076240224745487304 0.09674900717741902 0.014707917379961718 0.04372511008863012 0.0806699041955492 0.0235501321630969 0.05332185307208516 0.002554954837652186
21 0.005369890008991762 0.005730363963185991 0.0414113754415718 0.08112586788212259 0.023094558038410946 0.035266343635081465 0.0786351353623987 0.05580143302358559 0.016751359290028422 0.08527162023121676 0.046168048320810756 0.04092273204294347 0.017841191627537785 0.012713576990507462 0.10380554369015516 0.10254052842209162 0.02505970113029953 0.07214453018328111 0.1077896746993526 0.0425565260164265
22 0.08844782684007503 0.026101440864873218 0.08653230414990004 0.011831091957810165 0.07805650053728541 0.08472709356646994 0.07833653995584045 0.009779544381549243 0.06261494961125086 0.04466746723770452 0.04753769347254241 0.025610055180735287 0.056467425239758076 0.006343588231946147 0.016850081327187915 0.0799324120647648 0.05168365532757256 0.06941725261604348 0.01825952428398572 0.05680355315270471
23 0.049106163329760345 0.025737959805408668 0.07694769897453936 0.02598648304785782 0.04257805838271719 0.08610037966148658 0.030247949781163797 0.08745121608645501 0.029000642948359585 0.06854652227999561 0.09494401130006691 0.08542777183000276 0.06577915292638975 0.03458914366018103 0.001929087831772532 0.04228646328499434 0.048426899950354436 0.04984722002039746 0.0022163390092547514 0.05285083588884233
24 0.030473644322925812 0.018625015012494837 0.08390804003229661 0.06820802721908095 0.005965368466411106 0.0813442561913968 0.05231547019411329 0.07006905647812584 0.029762975522724257 0.06998916801808858 0.03064022990474247 0.04431173070915255 0.011305418646897814 0.041680098444739494 0.07278542837616508 0.09380778384605103 0.06918988124537634 0.030544135300596426 0.07021084837292944 0.02486342369569129
25 0.055998775046916846 0.06498518604183307 0.06973005847523389 0.013244438173131106 0.03199556797868989 0.07268328439688013 0.036390295467315516 0.012904085421276376 0.06921092769565065 0.0314275370219449 0.07400037013498846 0.04898548474589251 0.04455315621089417 0.028917597729472763 0.07323271998084807 0.07553988558838508 0.06410488393498613 0.005633190604256185 0.045900631446560626 0.08056192390484376
26 0.056510686089098754 0.01716948250246131 0.02559863881039054 0.04406093613081528 0.053933339323383234 0.03949751491501085 0.07898585526428982 0.009248484473311462 0.07087475145316577 0.02906958752955543 0.020772888037322926 0.05644855492284896 0.037201327327932535 0.0957069811103707 0.03062993814746575 0.030279550040136115 0.019233453326342246 0.11599292381883682 0.07134594240963714 0.0974391643676245
27 0.012533318078304753 0.07974803914723033 0.09301518946409411 0.04901302501889396 0.040180034207886135 0.05291633048490208 0.03671028881570595 0.07294246234098747 0.008118566366481283 0.015367788692627476 0.04742590429366474 0.08932376709200356 0.08066693262596861 0.08340077606470372 0.040899404619873556 0.0445554640286115 0.001770274087731718 0.007846416907219895 0.09188919245932294 0.051676825203786136
28 0.006616329805409408 0.0020463028470440563 0.028432921304399696 0.031132164680262787 0.014276899302722171 0.11095809295848341 0.005103317170463921 0.043114015730511074 0.06834675571943766 0.102541417594869 0.11633866912949409 0.03071156076288046 0.06987089360028366 0.006445237177147575 0.10780007810272081 0.02055301801124895 0.00317474048558295 0.0875376782393554 0.08361740526266026 0.06138250211502252
29 0.08545381324649658 0.0018967043927697895 0.015553327830785233 0.014265524059471901 0.0688081180441636 0.019621286753611394 0.08486000486739748 0.08044905514883892 0.043611868499421814 0.05196859757044774 0.048569182151580785 0.038412446232332004 0.04266257839540721 0.08709841286643279 0.018556582372311902 0.04173333115370274 0.03609663327001592 0.0763851390276483 0.07038750525611928 0.0736098888610445
30 0.09127989227111238 0.09244991658639361 0.03469773718158658 0.02666398609511062 0.05217871818142842 0.07689321538148564 0.08080002893070677 0.03829026353592486 0.058461815529061975 0.03624496347544037 0.029453208886349655 0.06522235884891034 0.028913273942320343 0.03610736814069413 0.06175308668255239 0.01058693746165048 0.059748786333787954 0.06915665047876131 0.029574785563918706 0.021523006492803608
31 0.09250580140243041 0.07034890197574475 0.0448046741474928 0.08298731625717308 0.03759076148079309 0.05297255162764142 0.08140531235780107 0.03430833824666253 0.04195718364446958 0.011746360599978078 0.0669490506133942 0.05050525327982809 0.027514307514407376 0.018528965102010426 0.058305509646032296 0.08320622216882669 0.0022204018379600354 0.024471064504707776 0.05859812352609442 0.05907390006655192
32 0.1004926347177377 0.07367209708028057 0.039945121659049815 0.07580730794045809 0.0665219078918799 0.08940178459885248 0.01859218611062011 0.09177054407160846 0.09904483012615942 0.007673636956387481 0.024976311137800696 0.06404888878941428 0.004206849686140647 0.008604990616503216 0.08237078099389974 0.008333804432602867 0.034399036516448475 0.0444780472928356 0.028784341589093633 0.03687489779222686
33 0.015397264066487544 0.055648790048646084 0.022097764958769927 0.08258736434402739 0.05463540704776377 0.004414798446682649 0.042083251678672905 0.08541058045255419 0.04248665147936328 0.055823433436271414 0.057306328516148156 0.009818953533286752 0.02930968067429625 0.027433806487564747 0.04396045196995038 0.05152115493988706 0.0733772953819727 0.09476793073251027 0.09298562944354982 0.05893346236159475
34 0.047267563646928634 0.08627539801677737 0.06725523233775221 0.08236585109808889 0.0676505670269287 0.0004723662991636547 0.04599698958617776 0.060218499836499295 0.06628522740022194 0.05177915012115195 0.008987540680245983 0.04223719483660286 0.023548324625512998 0.06039882370969287 0.02420126942629051 0.031344942680212 0.055591896800582144 0.01545778736370764 0.08425815258203329 0.07840722192542907
35 0.02225537327762998 0.03026082698936837 0.061744276080431565 0.08627850866629876 0.011394877618848286 0.05870516122662118 0.06525543775818461 0.02660975362469754 0.039011188052796804 5.241298405440201e-05 0.09299830406540997 0.015286917181572797 0.03083858749655831 0.05520149285334374 0.11924598178051726 0.04661486026316199 0.06936331508966176 0.057724796732357066 0.06910902254425955 0.04204890571422591
36 0.07080433807463654 0.05239794738985546 0.010321963000987939 0.011789379550034725 0.05494853012971606 0.01855507519850207 0.0030014240613078615 0.09269618415412018 0.009022544536757082 0.04968896185841836 0.07787322473391463 0.03597992467764433 0.005527427516419745 0.09853488035860702 0.09847267263804098 0.032484396904616866 0.05281504960565309 0.09521532166129887 0.07013751159525913 0.059733242354209036
37 0.0684014205671106 0.07824784034174204 0.10449909283256785 0.00030797365238677526 0.08678360285287488 0.09499399731846121 0.0293719557661305 0.01620877607288009 0.05744609591803044 0.04246090920260085 0.029550886658540398 0.07017653085082208 0.016551531464849636 0.05993765501933339 0.003877256828411535 0.04488424910849716 0.020996431794565774 0.02419980166526264 0.06426022959582274 0.08684376248910919
38 0.05847772146891956 0.11632359446319916 0.019278143953715292 0.055431070585061366 0.0910893734870301 0.006164111468926905 0.04237377051888574 0.11746446541248878 0.07069164511227664 0.008353872399317482 0.025186454553822558 0.023712180566696522 0.04888259738157789 0.07024085359237157 0.06516304201909041 0.05053774669220063 0.03201502621858485 0.021165391660455193 0.03914172336511579 0.03830721508026363
39 0.09916909027155572 0.045226479325906704 0.09460676302522944 0.02013475610064524 0.07152208754054358 0.0299954950521694 0.03797232232085711 0.06362807975939391 0.09472870643513005 0.07999014434303846 0.09136959281432928 0.0036929616196472934 0.029080582843431887 0.09795719174297035 0.004076349167047284 0.00904632753957804 0.09516018473639212 0.02225068937447117 0.004660097437968795 0.0057320985496943175
40 0.07704290699040199 0.07994319113918354 0.05954275985718436 0.0748042750792142 0.06795730427313244 0.002090015746860043 0.06253984873384008 0.03159148621519874 0.011452521554759697 0.07793841425126308 0.06199047315658542 0.038955121335213304 0.012251161776186797 0.07749131023479139 0.07241315121419718 0.04433784476830176 0.07293795528473442 0.02227556362761245 0.046175131113050605 0.00626956364828843
41 0.06800387846465705 0.05037139117715035 0.02530744480825171 0.07645672776673167 0.02219578019018104 0.04797521510313079 0.014873317199279912 0.09874309707687075 0.06011673293619461 0.07034862707150388 0.07279940581860812 0.04499554714114517 0.04406409018261915 0.01770892276521714 0.06861293072067476 0.007126933917342111 0.011450205448355713 0.03484633463011573 0.09487926771994032 0.06912414986203005
42 0.05602047109854495 0.012857699210224097 0.03587180376315781 0.017338140798950213 0.06655943582888132 0.05748259905231732 0.030063913839889937 0.0837747495051078 0.03264665484717173 0.05724378374503396 0.05140009259626916 0.07087087511954812 0.0617759062355887 0.012239755584049087 0.01525996735473569 0.05442176851094847 0.04297239549432051 0.08408619372639005 0.07377616676015693 0.08333762692871413
43 0.05369839486069316 0.05332141497132467 0.08266230748580423 0.08239121591836945 0.005561332840443309 0.08566536806852376 0.04131369253422604 0.07221616548624672 0.03731496758753578 0.07660597577599831 0.062506609655463 0.018806400187966418 0.008478831448430108 0.04230646131343679 0.03435471393078742 0.02560903738548595 0.011440542022460105 0.08609840088655098 0.04449676072859852 0.07515140691165506
44 0.09880959951525918 0.01742188695925264 0.001338737941989393 0.016286366502320498 0.042405179336042466 0.08079353472758104 0.04390009105943571 0.0771791028952151 0.0829053418460155 0.007536392085931453 0.07329189046805205 0.045333937386017195 0.05657623752599129 0.011730729895244112 0.019231428647899312 0.02685507996078412 0.06921464583684425 0.06941700122849762 0.09192424302197247 0.06784857315965463
45 0.07238959723909376 0.08236565282391557 0.002213053303696981 0.06445429655234226 0.08785560539025411 0.022662718486785687 0.038107119339361784 0.023230524368336114 0.03522367100585127 0.06692053931278788 0.0559603884384861 0.08069130157744504 0.05366795932139875 0.09777622273203823 0.0017679950268716348 0.08310065287933706 0.010440615706392556 0.037767535565077705 0.017963641020986267 0.06544090990954118
46 0.07738515693775773 0.02034498878245926 0.09885186473708041 0.027788416657144675 0.09759135420782752 0.025314411126222108 0.09805888283535724 0.11299498721389435 0.03412359665035225 0.028000288213996145 0.02033108030435665 0.014150247363727723 0.10744824584290877 0.005284281597021325 0.05196932812871293 0.06901316257004558 0.06722731053907534 0.03639945677754191 0.007399070460482923 0.000323869054035122
47 0.08245838980498191 0.058026023129039074 0.08478611396104897 0.06414099477382114 0.07548312891873456 0.04735448828104826 0.05475829531934651 0.08764678117389711 0.021271990839507603 0.06584162639267198 0.03693590883897736 0.10786344179582139 0.033550846798071327 0.009454607598594837 0.013885777367091613 0.045879533497652406 0.01127596023126084 0.05650228445290152 0.01285442895001789 0.03002937787551391
48 0.08023719232366927 0.007313509609847483 0.06412649425655448 0.07085535059188976 0.0055190373207203115 0.03538244737779917 0.01594607953049096 0.06097471161026507 0.05746331618009932 0.05955509611665771 0.056248931633562725 0.07499211041597653 0.012099464134634908 0.03341856466023172 0.04585392428721747 0.060695482244641524 0.07930955855272451 0.06056926780622733 0.042705840940517874 0.07673362040627175
49 0.010976641255248342 0.057053289726241276 0.005305540661508943 0.05491651049279372 0.027718477949868432 0.0039013268860598627 0.0634133921176372 0.06497854541536677 0.08355471593808622 0.018584662813548324 0.08262076717287634 0.0865802664841126 0.043021781406015716 0.06056525762717342 0.03341501054888814 0.05262111195358256 0.0591511043292559 0.08810549299429672 0.03363195093476324 0.06988415329267626
50 0.03264535672283389 0.07618419163449155 0.08294695506626464 0.008299751690379973 0.04904587445976193 0.02230861281870472 0.08720536671370455 0.01480037830552428 0.03795531468151667 0.06021803047111655 0.071241649449562 0.060780171079976096 0.049777741474169995 0.05774442548242408 0.035276361946935834 0.08720127019955222 0.05311871829584593 0.0037119074036633553 0.059072249204524495 0.050465672899047034
51 0.035059645263414 0.004263707105413143 0.1083839374035619 0.03713052868797944 0.008617811867473261 0.09722109020817347 0.020980395321078905 0.04112186533339432 0.1045101336968507 0.06426710039174414 0.007595811091545309 0.09883149797132507 0.012306812098660767 0.021013706803305356 0.06471366245882879 0.024973525835188557 0.08210028489116976 0.04010410000769706 0.03804197533846364 0.08876240822473258
52 0.10411629061715137 0.015891725130461696 0.0709464343497725 0.09089786296121644 0.02385144201275027 0.05716243161015938 0.06004044254836317 0.0025364007401542142 0.050440493553885836 0.09866284221353579 0.042621535843011184 0.06201447929240039 0.009759917165491468 0.05614567325026329 0.0319406429908947 0.048873728889270995 0.0916990217519549 0.004201635342885876 0.06013702167786095 0.018059978058515534
53 0.04203067831556431 0.0918556757252475 0.0070186505701691345 0.018871537572649866 0.019984003344116232 0.02711066319273894 0.031931394846356285 0.008259405024339658 0.052788131269373775 0.080262010963282 0.059741528249851863 0.08988623510275712 0.053250536194217234 0.04144450003167483 0.04464257286036587 0.028890202720091872 0.07358267373863984 0.07242472164560111 0.07831109459763816 0.07771378403532435
54 0.05620788572856926 0.05538120192844357 0.055282934833785366 0.05054566737424716 0.07630597544226433 0.008219015193455961 0.07558965333404746 0.07569251301798523 0.02289661395524316 0.07483167248351957 0.06366735353989471 0.005330852329357263 0.027447006607180666 0.017240288906296114 0.014466533098445799 0.052262464893790286 0.06376285455716882 0.05273715606436218 0.0837289275215045 0.06840342919043853
55 0.06195098101420054 0.05932173413950785 0.03989749588915026 0.07754248115358825 0.0040001197676595495 0.028109752495514204 0.07037780555649559 0.049230931253097694 0.08366924754099378 0.05029839773070368 0.06020906193790764 0.06579523037967701 0.04231715054830411 0.03166130427678438 0.060720522579592325 0.017696304183201814 0.06550562175371884 0.05889163289925775 0.06294799283468157 0.009856232065962998
56 0.03935356940134588 0.014299336006386663 0.03701641447154562 0.0844330121270496 0.03174971210504358 0.06762027347259422 0.010073705470116209 0.053994264429341285 0.08375372473577823 0.02055814708862646 0.05251482689438594 0.0317884587714792 0.0903207715318519 0.09761974726643943 0.035463116500409356 0.09666226998015488 0.007851343384635215 0.003509224584627301 0.038233671259497025 0.1031844105186918
57 0.042289184585244985 0.09106591364094337 0.0036983479614527445 0.07164897386380306 0.02454739490329309 0.039318035307347704 0.047119765056227204 0.021202579158031646 0.040459453264036174 0.08283579922804299 0.06967302008410951 0.07245439649613658 0.06408502493739462 0.02939154533105261 0.031192392122275217 0.029329330104252697 0.05651828217997646 0.062002613095070526 0.07350927880351453 0.04765866987779436
58 0.048820288146735065 0.08271187265940387 0.030712109437301207 0.07184527159380144 0.059671183329923695 0.01317546249198526 0.055626369266721876 0.0018244210954868434 0.04041698361776012 0.07812949327968041 0.023845403334618737 0.06024533274150188 0.05514046558211588 0.078398667462727 0.07622155245439477 0.08242344420170843 0.04400730129228417 0.029887153472593294 0.04631388127125742 0.02058334326799854
59 0.02320163207235421 0.027450643855073183 0.02527663099671315 0.06925604658358665 0.08703772095368408 0.07851242655163133 0.07025625234316837 0.001734683448558542 0.048691034415274545 0.08129888956866589 0.07335346265494151 0.060343340366694 0.07429440740877341 0.006166940790149608 0.038407234923545495 0.06708174370157612 0.0016480279914064726 0.07526020337387379 0.058518760871707105 0.0322099171286226
60 0.0601227169271123 0.011827543334971444 0.015192866175825683 0.0067888011572250695 0.049627370807741954 0.03577354430912968 0.07713756569795369 0.02458385330288098 0.03917324052874674 0.07238025277160583 0.07954104688860955 0.07557681987297755 0.09155567106163413 0.04094259087315021 0.04838275576689708 0.09272706875974251 0.06355112149227096 0.0620438160624827 0.04519807059027036 0.007873283618771664
61 0.09510010134326505 0.07909152886022686 0.04804180752138712 0.05066716502655127 0.028689501009555685 0.05949355723876859 0.023558920575621894 0.021578433514789573 0.063170848848802 0.11310629207952803 0.0470160679138209 0.03432210655314448 0.0021014798468212913 0.10843173110930897 0.002300765455112288 0.01170927787484217 0.03806276943693092 0.039301864609661376 0.026411180749880622 0.1078446004319809
62 0.05505729500209875 0.05818402700542989 0.02338590855599381 0.04129793361805879 0.04604707692994531 0.02665350170417259 0.07731077862744536 0.026001085175932893 0.04812376492956926 0.08505102097369939 0.03467423923292721 0.07948470082861171 0.07134073581351108 0.05953767406824834 0.07623460144746098 0.05445399823836825 0.06584903437564242 0.020658585768704517 0.02908883799481114 0.021565199709368238
63 0.08311980594475109 0.0328979000048954 0.03795137512841993 0.0929540450819724 0.008192188422058707 0.02072927255108352 0.0637443217189448 0.07343300593242377 0.07876828977439489 0.018503986438020863 0.06581407413195117 0.040242286543133464 0.031671621816602026 0.029519157250004896 0.07586589471273149 0.08437838120117999 0.08174753828577312 0.007054656133531084 0.02249033475493895 0.05092186417318831
64 0.07162644608013459 0.09153943185491999 0.09243353223313211 0.020702128760590063 0.03272582691366028 0.005894700765156442 0.014616791548912246 0.050542107297339635 0.016277277537262425 0.044102990382299985 0.02511288036950322 0.052432001955413574 0.05836176614083841 0.031009169149541296 0.04735510938205552 0.06160754388291439 0.05214526612631791 0.08169046830216659 0.06966505708221894 0.08015950423562221
65 0.0239003941715013 0.026419822126814388 0.043350660988932206 0.013572282744417456 0.0022737434822520637 0.09874628831010139 0.01551386753116485 0.007606281240067539 0.07033151250556728 0.052963552752211575 0.02177907061616566 0.08295965818390295 0.06175571200322855 0.08192545823984967 0.07431505704447937 0.09829571617371219 0.08470080411834913 0.03253732403953797 0.074219716520852 0.03283307720689245
66 0.01170693091807801 0.028704472626085185 0.023652124946598595 0.009405901228802289 0.04316568000014826 0.011462210614111248 0.03751780411616576 0.13449616627038224 0.06588557260721122 0.0020323770242471288 0.12753624326409999 0.050708561410139213 0.09724872121077334 0.05093574707063728 0.040168619498531816 0.021855972732634503 0.05659129199208205 0.07038365315422687 0.06713100819950288 0.049410941115542284
67 0.07764370224038024 0.04674272491362045 0.058379570110755966 0.08123162180272474 0.012387364403947906 0.06475078639541486 0.0031136181749993057 0.047071482466674544 0.024813600795049802 0.0840178117128753 0.04813987121062014 0.09780877819299537 0.07447669810949678 0.019213230742124537 0.013942634891626959 0.09314925296111534 0.02989789335819961 0.05093472319002155 0.061293801324263784 0.010990833003092833
68 0.002227692702649165 0.0126893648345662 0.11153697284068406 0.022629042727431097 0.09381459495731893 0.08123511086695755 0.03874922662290387 0.03532267423226955 0.0679548481403778 0.0011516248460174173 0.024900828894596886 0.027523326602462223 0.05394504780218732 0.03818873514637478 0.0022596608057880753 0.08279849230794376 0.11924833327854492 0.0650747410759966 0.09969724306542328 0.019052438249506677
69 0.05372588837937298 0.0733025592693604 0.04592455485775571 0.08161586562634436 0.07127066873388616 0.010771329713230478 0.08453222462475292 0.012756862160149476 0.0064804853927014645 0.07651555813753658 0.008399199835844506 0.010822441393964165 0.03409298418908801 0.0784278556299183 0.07715382356009841 0.05225627623182641 0.09350138599604331 0.014902873222606222 0.05968892479824252 0.05385823824727763
70 0.08874927309463745 0.060459086283953745 0.0018593676926364812 0.07470973296362114 0.03076909466198799 0.023523714310260437 0.08358499454084942 0.021230040270772153 0.005604783258337372 0.06092562090496443 0.0531661995763974 0.06426413148613105 0.02992854563837117 0.07962628404244422 0.0047106446188232235 0.0742271193401123 0.0677553341156069 0.08592993566251994 0.05819781448151358 0.030778283056059764
71 0.06481837693671533 0.05539518857938636 0.09301597682695222 0.0870043788109021 0.011342486238991846 0.050114740614805586 0.03572455961327585 0.01235918978778596 0.05960647730198116 0.03763789262023134 0.08731935825574444 0.08836261006955377 0.08794783605912555 0.08509157234373983 0.0017063421620583503 0.02451722517373399 0.008428919840470707 0.026318871835325268 0.07638069929044193 0.006907297638778446
72 0.08301698221435742 0.06426076184736601 0.05843297768359055 0.002789872438808703 0.08317755035931065 0.0816398269985967 0.012992011688545413 0.05218754073543643 0.032162452883053735 0.08961331150651931 0.0689858970159864 0.027403604762255167 0.030132198175579442 0.026969719515287097 0.0484420581797073 0.08643935985465213 0.02094799718885192 0.05032251458021526 0.009590191986106592 0.0704931703857738
73 0.054885864955446874 0.019364548173237482 0.06885948817976065 0.011845461450264458 0.08112307423236563 0.05371605910763823 0.06158524630078461 0.07518201479786425 0.006833998776194371 0.06412529053816851 0.025805133949648642 0.045949007164926274 0.07364695487074284 0.0397055444080341 0.07949104036657573 0.04476449061014495 0.05580913050918607 0.06390699141587493 0.002393254641485404 0.07100740555165608
74 0.04902749189039753 0.018870837661890818 0.08224665839436808 0.03254885441804399 0.02651725523032166 0.08224883018595514 0.08422239192187299 0.043727734646389495 0.04697153625047384 0.0009923763338658825 0.05786249094029421 0.08705055079616293 0.037679342886710064 0.01500574252579322 0.06919574921063133 0.0779834655289874 0.04932442250376273 0.07139191513426654 0.0632271734834837 0.0039051800563284153
75 0.02865419323560687 0.0865008594910128 0.04734703751706688 0.09652320115633788 0.04806796609863284 0.0021903143412673894 0.043526937474231336 0.023276331845200574 0.1046190406103354 0.1057118615438791 0.03015231353567369 0.07686979344206601 0.00403696965691669 0.029489483443909874 0.019069137364979092 0.024418953086356998 0.06035883670020967 0.05310293100212336 0.014177825167436037 0.10190601328675744
76 0.008426455157495141 0.031209057966343726 0.046103664519474175 0.05793222064078952 0.06453745307268902 0.042822699974024186 0.08530437570622472 0.08737832738092954 0.0024188781839909754 0.031423739044559515 0.08411555709987242 0.06975853056555804 0.04837651378389596 0.04793328403704491 0.007284152526230959 0.015436638642568471 0.06664074511518947 0.08486274634582401 0.07619803928020308 0.041836920957092155
77 0.0709047334469281 0.03036234249385788 0.08048382870865985 0.02017015622048543 0.022451948245176722 0.040248008159008954 0.07598872525690098 0.05726656643588526 0.06772933441486284 0.0450268621282637 0.053495543628708245 0.07158059782443255 0.05070592972127772 0.042507354835824816 0.018703200639990945 0.07657022588418351 0.04151119691868908 0.01616206091873558 0.07057171313513436 0.04755967098299351
78 0.04128905103135805 0.01097979358703944 0.08094570280266448 0.029954689281646144 0.02642794971133427 0.008190963284754035 0.07632596181416439 0.02373924190152198 0.01834585349185778 0.10806754585440592 0.02329552763851281 0.0765754264146988 0.07971438270753983 0.04071172930410025 0.038895121878613395 0.026375820635190655 0.029212439649859645 0.10714570558595249 0.07684366845275448 0.07696342497203118
79 0.0670476425740277 0.11674549795265013 0.07511134156737978 0.02191504959233551 0.06420210046230687 0.01106713208537332 0.044121770613440955 0.013727135312524967 0.10882173990419593 0.11867226378532306 0.014808586217423309 0.03814155755472777 0.12000690197378254 0.04245180769853068 0.045150832833580824 0.0039685958027948914 0.0025969847772177707 0.03647178231206097 0.01295497151044713 0.04201630546987601
80 0.08510195581508019 0.07474325028964934 0.07724090810913693 0.013193538173096547 0.009079355841221727 0.07190797295721124 0.05013858669471533 0.04570098069323244 0.04213093205408742 0.00481392784040995 0.03348757662457447 0.015295162436879955 0.09118893188005614 0.04483042816387802 0.06014324313030457 0.10813815723879308 0.06329656067377178 0.022523302557804104 0.014435319824067741 0.07260990900202884
81 0.014227793349499793 0.08330205519446242 0.0591795175343097 0.012375682165358894 0.034024421752553935 0.08466962610919836 0.06467719948630682 0.033511265197377585 0.023890502796719917 0.09715064017288218 0.04112924315058519 0.03844698035826198 0.009801081887500859 0.08677806727840083 0.06910550073714943 0.04228391931720173 0.01690763961929663 0.043446473994323886 0.09259366448184939 0.05249872541676032
82 0.07214663289433763 0.08232243020137395 0.10632375515149271 0.0011125956391124076 0.0018938669415185095 0.019375095772783554 0.07220876416696394 0.005852269313925018 0.03849100587619584 0.11063286219111562 0.02950427439975195 0.03623321655826487 0.09129979918392636 0.11754940035430225 0.03735199669505365 0.006873200026258702 0.04871966993035452 0.00699245901430875 0.10214647879939347 0.01297022688956633
83 0.002756580508905692 0.00030024859748749267 0.07184239054266806 0.06314491162889074 0.000424215758477344 0.0620586948142621 0.05220437170032958 0.00845832121833533 0.02194050353151045 0.09367524154158462 0.0017395677680723755 0.008384153631006893 0.08888077408785684 0.1114147998409388 0.03493806383907665 0.07760066903676686 0.10634502791030845 0.07459455354229182 0.10922078011696924 0.010076130384260707
84 0.08784145719031566 0.04696498659049527 0.08031347208870569 0.0033944120544231594 0.07330240689308701 0.08876972266225348 0.05140970503828712 0.012756461981004542 0.042152812522042254 0.06628916119494604 0.012590111610450282 0.050752492422340804 0.04002597508304582 0.07367698909899646 0.06025507139411565 0.0709683801912391 0.037298908725683526 0.019902159676048747 0.07395317835441335 0.007382135228106046
85 0.08883563340829802 0.0582666600041307 0.04716687242574707 0.10178296086336625 0.07057029347468738 0.020576851704888235 0.10121079354966607 0.014883711938546108 0.038489920444935245 0.07206254043305785 0.04309106245393957 0.0894435592782262 0.012608441464082439 0.05133739031049066 0.05617006855933483 0.06427986648027431 0.0193173074778073 0.014873308374013409 0.004398323760501846 0.03063443359400631
86 0.036010323527591086 0.07145021107802332 0.02172243962506657 0.07993458652708481 0.08837583759662646 0.026905379974093258 0.0350016413780982 0.09028662772939672 0.014634400242809622 0.053941965642330086 0.06529594793956474 0.010320311659409295 0.084688773799129 0.09094152345876626 0.07381135653230124 0.014465574705764159 0.05720083628541447 0.01872891037953772 0.06287433041174713 0.003409021507245995
87 0.04178770582587996 0.11101082444600112 0.10873769021845349 0.03834527136853934 0.06206647550961233 0.11088415529278518 0.03744212954121743 0.06353874696003092 0.0784407631950988 0.01503676365743873 0.039715668855166364 0.007829165527636522 0.018834613898446942 0.10505016796680337 0.007000861932623543 0.05139352337559667 0.03933918012710437 0.019254430720555604 0.036586969468803805 0.007704892112205413
88 0.08537776858748439 0.011433523501648205 0.05012660613127065 0.07054948178075694 0.02601154026895727 0.06094127436048877 0.037379896872577714 0.04520490209027988 0.020081674817988903 0.08882845855071515 0.06787297894755559 0.021575095145701988 0.057143546469729745 0.07280600070188005 0.057602434065429683 0.08282394777690498 0.05502523300739532 0.03980406668142848 0.01837016940580451 0.031041400836001647
89 0.002764721090332392 0.06570469521004994 0.01759995650907943 0.037718773752758734 0.07348018010892154 0.06902746761304493 0.08328185504235078 0.04064230293393274 0.011025075985524322 0.08376592898399736 0.07589262982874535 0.046627697478738 0.07189836718014313 0.04314358259414048 0.053367618553689586 0.06865587288451676 0.04905995627895541 0.0011586335998562585 0.04222794962852729 0.06295673474269546
90 0.0024198811654061033 0.061271698690101836 0.08430643379975405 0.0822468674827181 0.023548684392085923 0.059133889769838646 0.08399603517419889 0.07604228699774318 0.05779286877428056 0.018449186297646566 0.018467509069457537 0.024824458382726466 0.014959692310147939 0.0815115261384164 0.07924787729016797 0.07017990006737727 0.002088475163902753 0.04252348297301766 0.08311879565861442 0.0338704504023977
91 0.036587865364831225 0.07479988743202225 0.016628773760121705 0.0925219816554496 0.01675678994303792 0.003781115751583019 0.03369760198595329 0.04968843396739825 0.029299331768005723 0.08812064898240209 0.027733732269115935 0.03634388748089263 0.02418786958138543 0.08747362978047835 0.061140650753390986 0.046798980904300555 0.06229151074288156 0.08081315045694214 0.06180559499439451 0.06952856242541296
92 0.0036667586636852517 0.06087411857216517 0.08554141820353812 0.03287867908721399 0.007126078129679682 0.05471242286344995 0.09578306178840187 0.04275198750335734 0.03821804364880784 0.06012857067784474 0.08537715234481136 0.04507993876816349 0.10006462821706451 0.0002834763664735274 0.06155090237533379 0.09900914478374141 0.027088331805240232 0.04614900670290441 0.05100880167101834 0.0027074778271048584
93 0.012910506693718203 0.05463371165453708 0.09828612987557085 0.04481428770949605 0.06611390031339846 0.006102651891741261 0.06256486027013289 0.0622236804360613 0.032769728608682804 0.062261924988595924 0.09171369723797192 0.0636282064533172 0.06917397891389325 0.0792351679230207 0.002724415784290512 0.054757016479810704 0.044255961150388046 0.029662975667099425 0.003817339072830521 0.05834985887544298
94 0.008655847803566376 0.025559963946057963 0.05166556411829234 0.03178732006609196 0.03007408985156647 0.038642289992170786 0.06321766201852252 0.08729934765384775 0.0140819489570184 0.07349927339537309 0.08549829893845488 0.05970112060136034 0.05822713387643669 0.05809239688428471 0.011155688597328859 0.03756770660370038 0.06430970154857824 0.06988459251812967 0.03880912665604473 0.09227092597317396
95 0.05525010878765132 0.049869512471024675 0.0018682356263687563 0.1017288802105939 0.09254481981258507 0.10548632949597721 0.06341398967852298 0.03766796634061019 0.02802132713423513 0.01349177556401283 0.014865374825250079 0.05431513805446755 0.030833321140325574 0.10530270822440667 0.015665045476224028 0.017486733760223583 0.07296648094909246 0.03466203387691309 0.0359138696914493 0.06864634888006557
96 0.01722654087498097 0.07157547259984219 0.05319762953806738 0.02478487886629915 0.08328198396757107 0.06478422417084448 0.03506532497126459 0.07852434517932337 0.04577680214397779 0.004515821887159031 0.02484064914433071 0.052810747302132206 0.07756876279623605 0.06787276476800752 0.012660638771996443 0.09061896956566187 0.047859549496197584 0.015307138030163016 0.04856788180529903 0.0831598741206455
