0 0.09699341381937371 0.09405631379409 0.04003096148274759 0.04811036655372261 0.0726221404563252 0.07037534954664586 0.03971363419639015 0.09259456502165686 0.006011375473819997 0.028865112961496603 0.00971942657672515 0.02788520565129623 0.04862505599077265 0.045578613162685765 0.08854977013977391 0.04636742774945203 0.048752880177052656 0.012491329092570162 0.058775506405709395 0.02388155174769337
1 0.0578753631503835 0.01398921097279189 0.060487570884244925 0.004579340236727074 0.09134256274669912 0.003946931408823612 0.006699671881090268 0.09456864585177295 0.08726562392562832 0.06470917690485146 0.026445337858228096 0.007548680598442796 0.06048550228837786 0.04668485113011035 0.01283079539975803 0.0686426972234678 0.09616791711540953 0.09857443755691833 0.007497639025556466 0.0896580438407174
2 0.050780156405562986 0.019328541607623758 0.030295175632835056 0.09099640069305794 0.00020770551848344553 0.06172566798958289 0.10024895514637978 0.01573937832340164 0.06597821392463232 0.10048602313528009 0.05430996422857648 0.02467350788292213 0.019526764425038208 0.05280257783218691 0.09474948182834572 0.048172196909413045 0.07562101269144883 0.050791180678528274 0.029267920285576628 0.014299174861123714
3 0.04880945053375805 0.06477428621411344 0.05876717461184689 0.03678323932247869 0.0849787135031396 0.035328925403557414 0.0004079936634192458 0.05374455973086379 0.09345060054217387 0.025216723630662064 0.0034338000126096302 0.034370658118117674 0.08199185027996891 0.0687146292271166 0.07060440158554407 0.11371434590106741 0.018272020297816896 0.03100143053140953 0.015448606215806819 0.06018659067452934
4 0.0012855138780098066 0.08993039911819267 0.07975476923247615 0.06053472877537642 0.06852853103284295 0.006286194858942616 0.07811764516884799 0.07434937332657873 0.08578943581281552 0.004157857232360844 0.02533335428040973 0.028048787710142728 0.03104659835717316 0.07508045859676639 0.048848935120405244 0.020395695330657874 0.08904931995514812 0.08753706383385049 0.030226982298745465 0.01569835608025725
5 0.011409836836475978 0.05640643844475894 0.033152262483195576 0.06423109105299804 0.045128354296610176 0.06602133195501808 0.05791747388026213 0.05126809582048071 0.04656529054776637 0.060320379161389624 0.06077111778594931 0.042807187015417386 0.06244309003522178 0.07294794531639284 0.00655869367793662 0.07508150690002603 0.011682893878212745 0.049447337362599424 0.05480267430350042 0.071036999245788
6 0.05080345306536105 0.02486675686731594 0.09281028683704247 0.01725603002018215 0.06650475635140883 0.02179522639700546 0.04151785058171888 0.009467450219594923 0.033528566349680315 0.06829188805849211 0.057596227165031294 0.07491282273153325 0.03637444852133879 0.03814707533328138 0.08408467474771476 0.035865928557122076 0.04120717361345842 0.01699460458462715 0.0909384684682495 0.09703631152984131
7 0.054392977861345226 0.033625669758477486 0.07573045251410038 0.07742892216606405 0.0535449371486966 0.008280021316953998 0.014604539403989855 0.021461776465500435 0.10781888258322034 0.10008919329999917 0.018359154668184156 0.10992041486611163 0.019840670239360533 0.013308497727956453 0.03274653039239095 0.03513848558484714 0.013588654990377537 0.057490855074347286 0.040353501305743396 0.11227586263233358
8 0.037260882004183454 0.11141237973182892 0.009229743119845604 0.00615059219477291 0.09475342433179604 0.07977577618947121 0.007325213357066924 0.010597742161931078 0.027061160908226137 0.09006198310986212 0.002864821099956904 0.03954817235070923 0.030985249913880658 0.05536409892262941 0.004090102365229295 0.09363135364723564 0.10824832174377291 0.10320933112063513 0.07258498954846106 0.015844662178505237
9 0.05535613511288696 0.06941331642207646 0.03997664178337744 0.04764719371989144 0.048500856607296826 0.004385348775337781 0.07015288813706498 0.03986035960381424 0.008055573127645398 0.0601990629901428 0.013356611573877382 0.05359801336945415 0.07383622916760456 0.08739132299053239 0.07976219691302122 0.072932772128849 0.05025891908387733 0.032630493596720454 0.05907203319329334 0.0336140317032359
10 0.024830435177999172 0.1040424983371702 0.00908733491198636 0.07182831763708894 0.06003843370832716 0.07760802205497605 0.030779983306121885 0.030142983193809036 0.020820241942325988 0.06415544094163796 0.031602477672623225 0.024154414767551823 0.024449205839250816 0.01603882524497805 0.10813774854408723 0.09146733070786213 0.04613071862394004 0.06832286389461249 0.07631366116875334 0.02004906232489815
11 0.011865668913425772 0.011771843454515691 0.048606015678892354 0.06601367406791514 0.00712655849196179 0.031394710913733366 0.07293347768864912 0.04047094986749862 0.05998267651762167 0.07535124416117436 0.09473432392075697 0.049245899979621734 0.02106938990167072 0.08832688942354966 0.1026929768427922 0.0016117048353343037 0.04895578717651441 0.029180803568634065 0.0935093585037424 0.045156046091995784
12 0.08035418031666716 0.06646189028911942 0.050891387674886414 0.03192621484590969 0.04546920234432344 0.008101171998418033 0.049547192358910294 0.059196501558928284 0.08154403972304677 0.08210366095021472 0.0931785434551682 0.04328763475868512 0.004720954066038121 0.07666864739083429 0.056238413078304475 0.03273113219314974 0.0015362637315626667 0.0334025244286395 0.0873114271150855 0.015329017722107936
13 0.0768846958279437 0.02191884545505094 0.01791106845182088 0.057655258482173864 0.06919070510643625 0.010673826584380446 0.032954715298411486 0.04874959197852176 0.016789561733474876 0.05310482194452426 0.02050957050302236 0.07455933598280527 0.07804762892525687 0.03401031819217514 0.07648848942268412 0.0591414605292642 0.055740440849821486 0.049490150792730773 0.06948516692909042 0.076694347010411
14 0.029961608381666307 0.020031400924291547 0.0972679340804786 0.009851182936142717 0.041782896895378445 0.012590907617035314 0.09042586547999489 0.012193949241644205 0.02717825701300901 0.081464987141877 0.08628359498601547 0.03236299372281743 0.07486432741848761 0.024243749687071388 0.07696983004805176 0.08952467520577588 0.035494527082115215 0.02763884594820583 0.09461092609379608 0.03525754009614526
15 0.03532525876872807 0.05089797895610502 0.04020714820044872 0.07249399009496976 0.0746463080485147 0.017726091948440843 0.09718763897894019 0.0902445995391658 0.008869482533575005 0.06142338343743632 0.0019356711736331779 0.05372026612705718 0.011990541077634705 0.07224526502553515 0.055895070051266336 0.05327728851661426 0.0043032105913487035 0.0950616691424705 0.06822069631024809 0.03432844147786729
16 0.05858445244895277 0.01330510878291415 0.013968571688636838 0.07686594056859102 0.015227086226373017 0.11677956646010351 0.012518591078335582 0.013997943238533025 0.0436124557340689 0.07247511993424044 0.08485520528325743 0.13053701358263528 0.03850904832872895 0.019452382585559886 0.02892478184191853 0.002083246795710997 0.04648842762561212 0.06920392328182214 0.0428887456392206 0.09972238887478482
17 0.008349208614233092 0.058236177440682727 0.006039925533709292 0.08793227867822753 0.08439523896368621 0.03788142111584343 0.032052022144012544 0.003639508284862777 0.035629644978634634 0.08846622114122119 0.05300346034832087 0.06984834219831443 0.06991777290736638 0.08082584040809522 0.10892390882102856 0.008183346706655811 0.031195497136890012 0.08522363068541478 0.047493835028404846 0.002762718864395796
18 0.06831547805339007 0.08412956492856676 0.07037971848665103 0.023537789454370305 0.0819583603478433 0.031602649102942325 0.023866714959773445 0.006955353113078075 0.07356203365681954 0.08080086797128694 0.02219820261953152 0.0869934068288671 0.023213645726383722 0.023068696680219367 0.04138926572263055 0.05217999021347351 0.049849222603845854 0.06371190589493439 0.01876494613694971 0.07352218749844239
19 0.006066988328273998 0.09126003517461277 0.07314312832888538 0.07095256747319212 0.035662154884429996 0.0856040412484131 0.084401492751825 0.013373846231530765 0.03492855875933208 0.05392245458859837 0.00363353466511243 0.04045656873251054 0.05671424130946453 0.018480944910725147 0.03923568245626226 0.049543926659810424 0.08668115968522905 0.06499991507406261 0.0030201884616839875 0.08791857027604555
20 0.0025025969190924347 0.06999136169430417 0.06591860307189067 0.04547421789077969 0.047625806791455394 0.07275010229364894 0.08146263799564571 0.0082204162077919 0.02130137460044175 0.007255093879310526 0.08151513874775228 0.06926702442033071 0.0006632991625198138 0.030696831715773906 0.07482849781902647 0.04786160828354998 0.060484824723699475 0.07939816911531235 0.08951314215918856 0.04326925250848528
21 0.07006594684171774 0.02584104699560028 0.05240947114112412 0.06744717837706048 0.06056877815023383 0.0241312058545714 0.07061968391449065 0.014853931013524349 0.06508379875728264 0.07070322550985474 0.06677010957462616 0.059775461704198965 0.05090954238098311 0.023452313520719963 0.06282099804031169 0.0235863065744145 0.03244217055666113 0.06585594264705985 0.04163409067159469 0.05102879777396965
22 0.033976662951885186 0.06951524295273072 0.07207989670634274 0.06569790957819711 0.08601520016928763 0.011736050569183781 0.053597626466809725 0.08828035432311034 0.031722059854906774 0.019182513051832335 0.03200948626952836 0.08664414867326675 0.0691427315890374 0.0015858109960021328 0.08890261816905222 0.013595193513623092 0.03216501512893731 0.06770608151769739 0.02953033129444762 0.04691506622412129
23 0.057868514307771846 0.030405817849340697 0.0007033257972647423 0.09585349270668814 0.1240847004424353 0.0023888461435162362 0.009178580362288575 0.047856209263910536 0.02399911766404012 0.005451405343147412 0.05912536023066569 0.08314357340145721 0.07000222869319722 0.05103074382369447 0.09510179655782527 0.11564269592636696 0.0007049767144181044 0.10890889338190886 0.009508954484212047 0.009040766905850655
24 0.060200225139603554 0.06959965113309997 0.026925811471371987 0.08912952003595319 0.010293076600009856 0.0003781927716189534 0.08500930933873344 0.029708071360716664 0.10554518707496514 0.09450180549486291 0.01830990914909548 0.07337927620949236 0.045021489806296874 0.0268619292341283 0.09540514140309021 0.039842393914886545 0.010230608283661605 0.07049992854365111 0.032866351036923924 0.016292121997837736
25 0.06523987994665248 0.020239155976665247 0.09885419866925438 0.046768815995328006 0.032781858910326984 0.07388375549682598 0.016546286471919913 0.07069979396195414 0.09564144068554799 0.04573275133917036 0.019318719668383118 0.028044768717913258 0.012702709623451087 0.06293085447519384 0.05996265759428327 0.0871136070535454 0.04466080712338513 0.05327349034379622 0.031588898542518055 0.03401554940388509
26 0.03760983118311859 0.06761681608083844 0.08448104402283173 0.05104539635089631 0.04824951334815632 0.07971571362384806 0.01533512470087682 0.05235834607659569 0.01906281403977932 0.07443639525586689 0.030593877490573736 0.013906226252431174 0.016832014242159143 0.08462611259779994 0.042358241744378126 0.061407780448345696 0.06176793983866485 0.06498999774925333 0.001411588266901923 0.09219522668668387
27 0.07902323000844759 0.03610980677713454 0.08328007742340672 0.04766006630558707 0.0260541987831449 0.024867476949105485 0.01996643070464631 0.03298013995573737 0.08691555660245089 0.10191908755192579 0.03534518188391609 0.06805371252596878 0.005121892098303376 0.030850994137505736 0.09777458142738156 0.04182139482732492 0.10195918466768439 0.07205238324363224 0.006606059151545318 0.0016385449751509656
28 0.08714677276379704 0.055908694692008785 0.04570857470225685 0.019119880961867414 0.023257183387270668 0.06685678782546661 0.051320416234499386 0.038674002233497574 0.06320569311372745 0.005376941976391628 0.05770145618594827 0.04016388020177392 0.049654751731437186 0.09221854038081458 0.022969528596841808 0.02520432458751648 0.08146424218848819 0.09954543956123824 0.013403445027096459 0.06109944364806146
29 0.10065025302151766 0.09930028859651883 0.008293703117208224 0.09243442562191323 0.04678643996590223 0.0020462408823979463 0.08111659893449977 0.03595626475148372 0.020699927449167464 0.05905771907137817 0.02683568433783209 0.0455649130970698 0.04845314603098286 0.045450577016778425 0.007470576853612547 0.09699274597424358 0.0010039066866252327 0.08474370810770587 0.07224042863885254 0.02490245184430986
30 0.06727881802269903 0.07440424485774826 0.007140832596320102 0.016313094866760594 0.048761648127817026 0.012417293255481783 0.05252504992797291 0.06493800111063473 0.096729180005951 0.031750209668520095 0.09756764212982832 0.020670652126467307 0.05680514285056914 0.002346358157924879 0.07652570304331137 0.09368655191758277 0.033284383745441494 0.08318704392217013 0.025411975585018818 0.03825617408178044
31 0.020545405639154204 0.00997307209591635 0.012226927308612846 0.11007016093672424 0.029393233886203504 0.014109163209190553 0.007995621432622906 0.10031617722994628 0.06922482096724453 0.01714945484993559 0.021098053372748393 0.04845405607760678 0.07439919497557784 0.08001770013505469 0.06583250639799952 0.08902488972298557 0.08511183208701067 0.014080566687473062 0.08028100310699544 0.050696159880997016
32 0.06635069751471728 0.020238107003721518 0.01703576149377219 0.049878262130137574 0.060549991186459956 0.0526751616281049 0.016026238111989066 0.0440449392861979 0.06196454026694241 0.01657473909026693 0.06796881275524311 0.06244229983998834 0.07896605274223235 0.06778754908840257 0.0372545389402484 0.07039144777081546 0.01861078856149914 0.061960254383042764 0.08450039749710432 0.044779420709114094
33 0.07822925381876224 0.013377465460153509 0.04394705171992985 0.08378398638166311 0.04922841845278349 0.039803583664596874 0.028099087296103675 0.0016075259321722993 0.06667504877798464 0.06752327015879404 0.06376299392796639 0.010658225847433712 0.0033226638280279826 0.08498599161204455 0.08318526862074938 0.02916988874270544 0.08084837226479621 0.010876690241041783 0.08592520431414023 0.07499000893815079
34 0.06768177193841929 0.04550037352654401 0.059275095428707326 0.05581887214836544 0.022835740111998213 0.05195043192240385 0.029292648492697686 0.01237983977145815 0.01706906457607917 0.06029974996809577 0.0359540364650614 0.07583455812104765 0.06000361442163981 0.04249647908126853 0.05096026227389032 0.021704761552061604 0.037590218363083024 0.0943233902430244 0.08123107569949047 0.07779801589466401
35 0.060402523682992884 0.06859428920787394 0.025655561693583046 0.04472139789708442 0.012566460561513268 0.08639535487195171 0.00855113952966066 0.03477980161955122 0.010951197022355653 0.06099213233386179 0.0971444170065057 0.047444680811539804 0.0936480328160017 0.08216016415475919 0.025654823512949426 0.034492074366841284 0.09713846670151911 0.06264551183938488 0.015347876232822915 0.030714094137247454
36 0.06741019567935937 0.019243233052668483 0.006755724034856651 0.054719368773818146 0.040165539959845446 0.019680027822093344 0.02789660898380494 0.10542396503166679 0.05238117447652885 0.08782629771624302 0.05107837835735132 0.08309101512428224 0.010167413999171484 0.02598866500172536 0.006414687162795005 0.02222654705562938 0.10694345772364787 0.025537359140468237 0.07357803486106837 0.11347230604297569
37 0.08060208397033734 0.04674264480746973 0.08145395000908022 0.0676106858088779 0.05808888695333146 0.067359315415233 0.05643369040589776 0.04055623262292608 0.06097669093676363 0.011069997084747787 0.07110305633579665 0.05382921384924571 0.049395434400674405 0.034435040561840186 0.016219025688127473 0.060104373474314944 0.0634594968235508 0.005076229653961436 0.0166504035070877 0.05883354769073569
38 0.02487555021169704 0.010785872551612837 0.05446865269081178 0.04514175087221214 0.10455451760822719 0.03471576528158547 0.0611754729981777 0.02239961342554615 0.05106941012110551 0.028790092888627338 0.07771076431238326 0.034074956999139344 0.03758276983415226 0.016469338960546157 0.07421817253336428 0.08611505349845609 0.05589721734466076 0.05320664150004753 0.10885756137646278 0.017890824991184346
39 0.06372834817526225 0.03289581116310663 0.03324680121422439 0.04423435333668953 0.041560635245861746 0.06244650850366197 0.04889916830243402 0.024839669617836013 0.10020345285848432 0.09095317411531073 0.004826930205357817 0.03613902534174144 0.06672644385750623 0.030302588666962983 0.07010615532403652 0.010065397081919695 0.04496489691129842 0.08145221788876376 0.0972231361499051 0.01518528603963613
40 0.02348372891393602 0.0460441378817085 0.09568082757592672 0.09192066239178572 0.035274811666356716 0.1005441953815822 0.043136885201832266 0.0023368491685805126 0.01706992070110735 0.09402534800023547 0.04832022226858783 0.07006211856222554 0.021283669321077392 0.07728457912832495 0.030647976264726397 0.05530119978924403 0.002847449801079445 0.062750607210118 0.021831680361852897 0.06015313040971216
41 0.0695716744851873 0.025536381970081755 0.06533009679491786 0.028308610229408056 0.05468545499848475 0.024468219922990128 0.07545214776270835 0.02049610438973912 0.032628471765354355 0.005498098388383327 0.07289465180222204 0.03772297657381253 0.0440568113351445 0.04330333820595891 0.07415679997484995 0.07487952375541237 0.03992376445601984 0.05766106792191989 0.07708140259996554 0.07634440266743929
42 0.08008061676161214 0.021776031092320094 0.010666888087416618 0.02073256059056987 0.016158520925796036 0.08634697590061834 0.06261820508710386 0.08477952952951998 0.08226200239081248 0.031923538676169004 0.08481892149011172 0.07156554261133447 0.07203965390412966 0.020440502973479484 0.009007337493154917 0.08405747841437268 0.05305691163383416 0.0033808202884872 0.03036418877274744 0.07392377337640979
43 0.012029367769354878 0.023444795278798086 0.0363790240533264 0.08197263212031174 0.07036293167964357 0.05464881631754747 0.0460527928805764 0.012912679561383535 0.08015380440066504 0.04047314953125695 0.04042125689396478 0.08176105334680181 0.07917985920306735 0.0315381569860541 0.0638253997378727 0.043811091853403906 0.0457137977571936 0.05245448255688409 0.019667224595699292 0.0831976834761946
44 0.02866216778476441 0.01761035707912111 0.013585898316950562 0.038786549439509675 0.022477160385993088 0.05111362144147246 0.09875794485617019 0.11465882738986058 0.05578104189743025 0.07128065043063422 0.027825977786422238 0.003715703978055817 0.04716272186359958 0.021949189269226413 0.09227201017956181 0.06996452996033421 0.018709791315900223 0.03574861392053497 0.08005857629219765 0.08987866641226071
45 0.050261572414564165 0.028540165048015376 0.04847457276455762 0.050872108716899116 0.013751263166168568 0.031322678166239605 0.06362267163686616 0.058816623367930435 0.013092702313334224 0.023307565658642154 0.08468587128643357 0.019904352430111235 0.09016850457342288 0.08245229778427532 0.056747765863337574 0.08105075235746095 0.011466124136055841 0.061228055808458554 0.03625473574409508 0.09397961676313155
46 0.06912899713741429 0.03839124811399016 0.0988673175613681 0.09440777759637277 0.008070903931233135 0.0709488389957049 0.07071203810803549 0.06894527216440509 0.01881082928354237 0.03849203772020707 0.05548700124084121 0.03772029315244136 0.05594131524737114 0.09403014069729022 0.011384170136029825 0.09556135423847378 0.027276283849911896 0.018497827934349308 0.007151224998360476 0.020175127892657414
47 0.05945059992959087 0.050817057527079226 0.07144929562827478 0.0763333497649733 0.016188636738580675 0.08020192196711597 0.0917139156842437 0.00918681256361761 0.017443300002930356 0.09444235642540007 0.06272127384956117 0.015289861581105372 0.04719559499421828 0.050213864168186885 0.008608701681398108 0.0734407897878234 0.020639240759157896 0.06170803118927575 0.061751501795111886 0.031203893962354803
48 0.022327882989132047 0.08004692179531504 0.0056365253087107305 0.046437438261859997 0.09962042671463407 0.08387669796139394 0.08729107533462055 0.03143154242811671 0.032446765417217395 0.06724169874759273 0.015894494457656855 0.07364694124608083 0.07036677782537078 0.09843092636960453 0.04265946642570404 0.008325475273623074 0.08591481790844664 7.054339319279147e-05 0.024180883512083282 0.024152698629644285
49 0.010738019067857905 0.06026054505532329 0.019729558810560845 0.00994746261342042 0.047040614232760056 0.053874765537186724 0.07121928926737213 0.038291453855316175 0.06338290127196212 0.07713783039144073 0.06739416286432408 0.0069069535587778915 0.07917743576332383 0.009335222036072793 0.0782749001177954 0.0678813313719737 0.06882369024159413 0.03847195564054434 0.07268740730004089 0.0594245010023526
50 0.028557191417552207 0.04529948945453705 0.008625455282586066 0.04707361854048897 0.05293592615748521 0.057266427266824904 0.0748398003400323 0.010542690742647475 0.023555429828416064 0.05082615763845919 0.08326069372749641 0.07983163301257191 0.07535507549037199 0.07438995231721159 0.05573626979292743 0.02711830980932358 0.0033490260353241322 0.06494786700737117 0.046798067084425805 0.0896909190539465
51 0.04796174018430097 0.08380900046030455 0.0006761731141589994 0.056217981948666354 0.062460818220749253 0.04531641322196734 0.03271375231992169 0.06535902465362257 0.003799822653058719 0.08539559467716562 0.0871261419591924 0.07826795823902565 0.05213762915753906 0.05534251516325634 0.07484648444567323 0.06697026973935825 0.028454250397216628 0.021010514310445864 0.02792206889323189 0.024211846241144634
52 0.03047565923346372 0.07230960649542195 0.0868361574765056 0.0685873539200997 0.011145765599576004 0.08608558633448783 0.056360507863773425 0.024534750578878228 0.06469544764213643 0.023919820526787032 0.020488472057119313 0.07499934020577717 0.0750956401350986 0.0561118945008524 0.041275177175643135 0.054903925081006756 0.06096425256123504 0.06225261120086828 0.025152826336275108 0.0038052050749944207
53 0.08646104905532735 0.03408017169036462 0.036380598843870106 0.0754170693483095 0.08031752361145121 0.06825778832735978 0.03970782363254276 0.03712121624713803 0.027880673911745677 0.08976133301664274 0.07049089562593372 0.048429377784866987 0.08088429614222736 0.012781430416286356 0.047163971996575925 0.06821522379699428 0.009205099207811185 0.006252953336742581 0.07329914934962084 0.007892354658188983
54 0.006157153910315825 0.05740582483982757 0.004156856077231363 0.09696969375147946 0.03172800895181863 0.10508605318682548 0.08134219859088539 0.01367235476589318 0.07508779549562766 0.07616680750068908 0.04217567139496879 0.017828248241772607 0.014123874838032138 0.049949195984159325 0.07383582375617402 0.09956993683449346 0.03482856162662705 0.017713577969720097 0.09810730935357379 0.004095052929884878
55 0.015023611096851602 0.06074141747061151 0.05439653200909353 0.059113376201392995 0.009755369258788962 0.04397600347928096 0.09471943267150532 0.0389835195347624 0.03773419821697802 0.07782249168353458 0.06890823782494523 0.011236916179557474 0.08075344719145598 0.040767123807970235 0.03468573711065103 0.02403991843514927 0.0024542358842708756 0.07975091805249307 0.06706152299706311 0.09807599089364345
56 0.045935594856595374 0.052677666524870194 0.06903940746498764 0.060170750740867605 0.04412120700122851 0.050769450503847915 0.06505505683162882 0.04126957980017156 0.009435758403277813 0.022821339168045046 0.04814527930860031 0.08959632039505468 0.021495222236927222 0.09099296329300752 0.07599868240157459 0.05377653119515393 0.01263211846104162 0.04026900898865936 0.03303470981469233 0.07276335260976789
57 0.007516432061212908 0.023216916061127923 0.06025058217518505 0.06518200355182137 0.05365412532545939 0.06075758474317397 0.02994626622110113 0.035090967057936066 0.08153530494268235 0.04910416734904786 0.031308148879816707 0.05456853974354262 0.07419777494049891 0.08765729556706817 0.020542958552359023 0.08755869929023063 0.07474238071950705 0.024309454878860895 0.03178955938886336 0.04707083855050463
58 0.09277827073847346 0.09568161500170905 0.03449005385316687 0.08056271311210338 0.0692277561122786 0.08148656641083515 0.001487063650123436 0.043814661337123216 0.0674255833653761 0.04656326810765165 0.09571718563651427 0.03275338187410909 0.06710999421733244 0.010902739410517684 0.006202650532181407 0.07907078685641036 0.05721411955110816 0.02274409913003808 0.010109529947096782 0.0046579611558506435
59 0.04759022335556144 0.04910798558502623 0.07338811173666565 0.037583029830711975 0.07090500971182015 0.05483608853865228 0.07375329495875256 0.07354759372196383 0.01411436250476351 0.04054295551493183 0.03730097921162606 0.017773267314058514 0.020204754735703354 0.035057290759373916 0.0377210438228473 0.07963877785199948 0.05081214248898413 0.0805847438270223 0.05133479034643009 0.05420355418310551
60 0.05632632316589138 0.04924584144958529 0.034195708817312494 0.05876338124424765 0.04732580631838234 0.03493747274802599 0.05368036962498798 0.06996900986106522 0.01470564522692609 0.03557384777108112 0.03600258669463977 0.03428030499131075 0.08222267839680172 0.07902710440781016 0.06618425344892534 0.04531477709315768 0.06882832330529921 0.04026761179903068 0.06743004248224967 0.025718911153269478
61 0.0981627914927112 0.010570134625028949 0.03385653651049921 0.10104347155026176 0.10056631534157214 0.002507299704484661 0.05601239854470823 0.055694768749274016 0.06334154099341426 0.026275328343794178 0.02284091803433824 0.07636545750876428 0.02188534552710715 0.028980623986916282 0.00023296444581541388 0.05918236793583002 0.029092084596607046 0.03501954013902937 0.10133407963387128 0.07703603233597237
62 0.06274828737244754 0.04227540004604765 0.013930886929849269 0.04496753729168315 0.04609607672386356 0.06659570825643413 0.08138391359090538 0.01832805808471396 0.018040896920900964 0.027348965755888858 0.08100375124065487 0.08626850905084116 0.01672869008487103 0.025575668163702683 0.037312043915201897 0.038915000981460994 0.07281952381122682 0.06745974787121589 0.07630617066625302 0.07589516324183722
63 0.0003807086626123032 0.0880746440890072 0.05650784912266546 0.0483886105716744 0.07555574658751671 0.05149646746273971 0.06252205977210842 0.04999159320272513 0.06328313653612877 0.037669983940988236 0.021965537152115834 0.04534159989721322 0.06263321066645129 0.018098010834408713 0.0669385883460173 0.07538041407827611 0.018922500530108514 0.003097059310366726 0.07016945448137385 0.08358282475550237
64 0.06062272071481048 0.0035022346720644084 0.030228515521417476 0.026023668306070655 0.01551142633297305 0.12693912946614752 0.02658063712975184 0.0008539902819923098 0.05275375780720905 0.10133999662850333 0.0015184125047968163 0.0627905116881032 0.09377345404100959 0.05431272106184536 0.07886894584956389 0.09558452594005962 0.06626657834451703 0.07388599412308663 0.0016922259028168847 0.026950553683261075
65 0.02441358771767271 0.01167586435404195 0.0075715449762757065 0.06314113746860694 0.08007294639790154 0.05364403586956966 0.06840663712751426 0.08648468671531764 0.020216449911610545 0.060871159456224164 0.03746943414934617 0.0833892983050996 0.034486325295966104 0.05289126541231034 0.06947228903555505 0.06424741810045217 0.039940101605576234 0.011459034656604654 0.04915617615257038 0.08099060729178403
66 0.008869359778700998 0.09247665150346496 0.08805724161311705 0.08654484270570159 0.03739875043639921 0.07014257795280261 0.04395959153809514 0.09184711312758657 0.05844923603471132 0.013594851998013711 0.04835172178584613 0.07327952082576392 0.04017503401874411 0.0015604135777681895 0.04252849165744523 0.004158414110584073 0.08447628054321091 0.020696584050438463 0.08092558832004834 0.01250773442155772
67 0.014891477882076067 0.0782358029215057 0.05682347282282718 0.022823196580081764 0.10861478229493972 0.048146811899883825 0.005407642119402152 0.013889565719027646 0.007998611332724012 0.0233746357430179 0.10556825432719509 0.05790101720550759 0.0921103481155718 0.00727774784813987 0.06023957583530225 0.03264691352992775 0.10100171133189756 0.0503166102846624 0.013659337749805657 0.099072484456504
68 0.009457574385191634 0.09497083840282054 0.014574318056674395 0.04902802584918336 0.02365352256038387 0.09729384388085101 0.0974106305997226 0.02341336732977954 0.026754640019127147 0.005356104497586024 0.03823933077553651 0.02481660958135056 0.09211760349535619 0.1195491868885008 0.014754377191285216 0.08065740718220177 0.11047574974469358 8.006442139636851e-05 0.05586054615483656 0.0215362589835223
69 0.07839028580305495 0.004543277255193981 0.09068377332948922 0.04066355068059684 0.08623743454546783 0.01652485122569239 0.013224257128786648 0.03685485336859621 0.09919011011599431 0.07924120215875759 0.06212371631460074 0.01023787105326161 0.08839289170835384 0.015631471414959356 0.07370270027486392 0.01865878238710875 0.014739769650322011 0.09365054266139948 0.01349326983407475 0.0638153890894253
70 0.06474013656831229 0.10809256878403821 0.038831548186154544 0.036462418550638996 0.09096553354803402 0.05554872024089693 0.00571279612143462 0.09267130116975145 0.017404893129792876 0.04450345480260013 0.025710351582824798 0.04438682770673147 0.06478737629860937 0.049679233612380996 0.04493725485484676 0.06284732768464552 0.09164457942187415 0.0036494106741944954 0.04238216170155555 0.015042105360682708
71 0.08464826438908586 0.085243650390131 0.05437584980168741 0.08265978917133521 0.0004098490548774487 0.04542882508715435 0.05125109781388792 0.07511759987626761 0.07618549280348147 0.014937107119239821 0.03582683966448405 0.05524856211633485 0.05881996050251818 0.08105154420942348 0.028374663199164523 0.0030999676749275786 0.006018589307982481 0.008134037568647863 0.08394482166961453 0.0692234885797546
72 0.0559713122535286 0.001135341286950579 0.08528358706628925 0.05637073283768624 0.09489553304084193 0.06285105257383228 0.02634717654072966 0.050241543215504475 0.05817934256099465 0.015725148276139845 0.028178458796350392 0.06827957529195201 0.03343761482763539 0.07008443432519475 0.04177057522462057 0.017953436985058233 0.04954072057956856 0.03944010091404941 0.0661982543325243 0.07811605907054878
73 0.05996825511827686 0.04312655022911442 0.05042461207218812 0.025151386897891797 0.09022043588540846 0.03225441600284689 0.006662567723077187 0.10020017434421452 0.016828063008486757 0.023856180479977097 0.0609717211774636 0.07293073002305449 0.05144197508329772 0.031740722874899985 0.05525308062246762 0.055381664053715654 0.07717447011922836 0.05911161398783817 0.010713029668576568 0.07658835062797587
74 0.0608805045551746 0.03804137171808135 0.10097376750851128 0.0015929049117095757 0.0036749750177875766 0.05093570463363995 0.06212107410769506 0.0627377443895581 0.0009973153572091715 0.05012641070343919 0.07620078677278133 0.0660336622575949 0.04998611268989136 0.02494378121554463 0.0016963659810610634 0.10174446770171747 0.023743880112907245 0.08047243293021299 0.06832796198818951 0.07476877544729367
75 0.10283716659798331 0.06623185309613265 0.0655416968203965 0.11439232230206468 0.0049483338403331694 0.07320783677342743 0.010264654406645876 0.007527119291127432 0.0004209839964403963 0.10683040769082278 0.027570455498333046 0.03408072008318003 0.010105375011888502 0.07143054118494223 0.019131655163269572 0.03560784426098999 0.04801927039969757 0.003727799569468376 0.10289208988043459 0.0952318741324216
76 0.028568516683245875 0.07883111686412475 0.07315111616465976 0.05167084607908474 0.08149550398027755 0.06721647750154996 0.03166200677076731 0.0751538493469308 0.022688575280358832 0.02425569235945902 0.07991943882648073 0.08096998204287223 0.025087043388674363 0.045986490270201824 0.028176300305554215 0.02392150245147815 0.029640824971160242 0.08127872522257343 0.03635683995365571 0.03396915153689057
77 0.09527011433098238 0.1422472462757085 0.007380568847854591 0.013780536215972517 0.11884162523887279 0.0020890162374570345 0.0977977143265528 0.030436050704979775 0.12950245287793213 0.020473487964683405 0.025414750683570003 0.013530281870354577 0.04958566842888095 0.02247681446017273 0.0253393092213693 0.0009619838483959441 0.06132878658938526 0.05393499137023201 0.0007037170925260338 0.08890488341411713
78 0.043763827859541686 0.037169933840678425 0.010100317143080911 0.002235463037341847 0.052006497447652046 0.05808625486272973 0.08420710820683341 0.08091368313430039 0.08586503730012705 0.01206643078854923 0.04092343408693883 0.013818912660230397 0.030660148905405336 0.09238010053503297 0.06896875084490318 0.0664023076684318 0.06419226936635199 0.09556142704235084 0.015557219932824216 0.045120875336695745
79 0.009460662384548839 0.006249030312129881 0.0926204628760392 0.005289386543080934 0.08619757867708155 0.02644131297332474 0.0123963954556741 0.09911916165592827 0.0710773992660153 0.006137893257950209 0.04141440981975886 0.04280371472576962 0.09315077144315902 0.07003042129954817 0.017982723876089842 0.08294385692099435 0.06214550303672154 0.10086877652362763 0.07075512077131955 0.0029154181812384287
80 0.0654810767973585 0.08164697249277462 0.002088343613952491 0.049921607469768786 0.12004675844519748 0.030249837949064547 0.012111362916567336 0.07211633936027707 0.1048238829995744 0.08044013519324138 0.02684949981304217 0.030834612645275553 0.004141947657153146 0.009051602025127366 0.032321902300039694 0.06361304222927977 0.06658134432536726 0.032619772535503536 0.0481266497226874 0.0669333095087475
81 0.0833886314789237 0.004997650835219274 0.05575387018754972 0.0657800047786034 0.032395624672815176 0.10842738925387262 0.005148432920077251 0.017917147788989212 0.03738924752056413 0.017480854218044704 0.04136087839060544 0.050592822600287114 0.016853747998688703 0.0421663512183295 0.0677520862589239 0.08905882158811237 0.09448819169947065 0.05643035677624601 0.09263124428481297 0.019986645529864438
82 0.04800220194432649 0.026545886056907296 0.040215714795862105 0.04002488508420483 0.06792061858018002 0.04693466386005793 0.046815503158942555 0.07507624487554267 0.013322013427787502 0.04757601167567433 0.05429385813760973 0.08701429902185664 0.04571369998782548 0.06495791917097306 0.003613986987845761 0.06547224634147285 0.013752030199892186 0.05018825057634708 0.07646480219242012 0.08609516392427141
83 0.020224229896797192 0.08409597439217789 0.04406702144056018 0.011786610555639164 0.023515012083610877 0.08592449247245655 0.08570637237628759 0.06219226864248397 0.03891639608285554 0.02000950260995083 0.08256713084392439 0.019464358247228662 0.06793490389415141 0.02080364080074804 0.04270598605381403 0.005126298085753515 0.0505952953257565 0.05691938643667779 0.08758781334871862 0.0898573064104072
84 0.08084870297799233 0.07278960009194517 0.034325890757129225 0.039265955475562435 0.005934667548259958 0.03697434786869148 0.03548929334061266 0.07617856500199972 0.0595341739775238 0.0464170797169192 0.04264653806993086 0.04277638144435058 0.027157965558127828 0.05600265496531379 0.059428317753392544 0.06226885528343113 0.06987575852832993 0.06063597110043337 0.02641658258143759 0.06503269795861644
85 0.029003009539307054 0.06347102354720857 0.06772933113478004 0.04345204139645661 0.011935772941687312 0.07896769021635885 0.07643899439380193 0.08267414106995966 0.019973247377070527 0.053533485251148635 0.05388807086491411 0.02982618679563205 0.04415176165469644 0.0638313677540853 0.07927407834998967 0.05808385603546256 0.08302272581263542 0.025723379687144953 0.004529609977290469 0.03049022620036975
86 0.039323639181430184 0.0873475447841848 0.024441918099952862 0.009559259451958827 0.003087251340878186 0.07811824605118567 0.07973406089312514 0.014586028327954427 0.07996851318632026 0.04215118858980145 0.0805061879434598 0.00042270819312025107 0.017541217469372917 0.07312654601787687 0.0535617572957009 0.060229715725609145 0.028366213512532934 0.08380184838771924 0.06763723283254226 0.07648892271527404
87 0.08264435961313554 0.06463212968663501 0.05580763366500439 0.08382503051418032 0.09158741545459653 0.054889444361973856 0.08221446508175272 0.08617408328384485 0.00791538253367937 0.03870460865549107 0.08473236814922532 0.01949162613976742 0.003991169852513792 0.05016780697234575 0.0032175100902730215 0.05905287732035894 0.09126624000277248 0.019153081653203875 0.0072054380852802965 0.013327328883965553
88 0.0817516665901794 0.001278625269156021 0.06594864741520699 0.04692819631741264 0.08229614617982532 0.04128195856278168 0.06764334577392733 0.07168738737921211 0.06070498818878761 0.04851160112674116 0.014900525490041122 0.07631432481588389 0.03502227765504358 0.07983838972288193 0.0013155938366263462 0.03512633189426014 0.0008403910621813923 0.03321014619171213 0.07327641820466224 0.08212303832347691
89 0.08841563899953683 0.036415579799728794 0.03905880543976861 0.031053942627774014 0.022822723164126993 0.025580334271922096 0.04027457876848046 0.09689288678832805 0.07697278001597782 0.0184424289425425 0.027402565941048538 0.06604855801773166 0.019314140229733528 0.10559493850139169 0.11567364717614773 0.04347930398610233 0.06363499665385117 0.041800729833892054 0.018607938502331646 0.022513482339583665
90 0.02017292080319296 0.02844451084818298 0.0011171284133035678 0.09287218146875918 0.08151791956828261 0.10072424089173303 0.02195195455091336 0.0429901243545819 0.040149424020829175 0.08256294956929171 0.043438963227175525 0.0031918486219568525 0.07948183978621357 0.06684947635740723 0.024706541955887482 0.10922493605681918 0.05428715413208595 0.05925190929260651 0.01929137721553852 0.027772598865238547
91 0.006855826733648036 0.07752575175942666 0.057782114685040256 0.010158006014848616 0.006301032937351041 0.039457493139876516 0.08507053321996079 0.057556765538409084 0.10250920609717089 0.0824103127319163 0.06007704515363797 0.05052785085360104 0.01426850769790713 0.03576022644204967 0.06525158678607329 0.07133389426163368 0.057162332479328205 0.06190100713483436 0.005431869141449982 0.052658637191836465
92 0.04220877753707998 0.0432361389978794 0.02330143783088193 0.03036726276885939 0.05340990387283655 0.06909534558125888 0.07594421616894372 0.07239693186505836 0.0041644977396655585 0.09812594319557402 0.021709438012522488 0.029552803401252995 0.076417344138501 0.04190276216284243 0.03916202924099362 0.053001473492351514 0.1097820672864077 0.036977001685324064 0.07439069587992965 0.004853929141836867
93 0.06603469615333134 0.07090502674598634 0.026721776200874153 0.04554440311287712 0.07964198937056904 0.07425958828212571 0.021331601302252822 0.023349058713772727 0.07936187207570926 0.07757730619527961 0.0316357627669329 0.06607998280113397 0.06009329104980775 0.033195567238309576 0.014750432564877375 0.0755771630740669 0.06246771706929464 0.03722785506289452 0.04576617404765746 0.008478736172246688
94 0.0737403925891862 0.048752373498215935 0.0777828727003358 0.08054102376154239 0.03428148330378934 0.056939111581254864 0.07094868053043926 0.07756895861427143 0.019385235925626017 0.03908446713861823 0.03824201017655045 0.039518079110673295 0.07676756579712579 0.04942122499434334 0.03604812610446592 0.03806160282332542 0.0032826315122877 0.018334219321175058 0.05710037345046919 0.06419956706630435
95 0.09191231753418072 0.08801113935730935 0.03742287898110603 0.03456402732151361 0.06513174533284459 0.09074158294446859 0.05139902461512809 0.05519796529126046 0.01237440623022572 0.052713958390081535 0.08037355342381255 0.029941521702416547 0.018873772453368885 0.015664958841695685 0.018020790785161982 0.019040994349273886 0.08580099082223144 0.08049216764865282 0.055384661765889125 0.016937542209378317
96 0.06484051178812539 0.00561071026390894 0.026800051513554853 0.018990145804162906 0.03273202040097195 0.03812007084734137 0.0151532040590489 0.047483256095605365 0.10397335521401803 0.0821262657802423 0.05428268553228471 0.08502163076698718 0.06598938635931274 0.009202878158779113 0.03332485763166365 0.03975095351987607 0.10742308865245767 0.06966074103031762 0.09142828966543888 0.008085896915902337
