0 0.02427813655767011 0.06730942697069117 0.0485989118504074 0.05620766266267818 0.054428814464192836 0.04536378453181648 0.08268645965777267 0.0694913850154992 0.08070799296578485 0.06701349993237928 0.004624660099577995 0.058918794325797955 0.032990072332666924 0.003928253519069693 0.06836825880898113 0.062048532736319204 0.04069482580112243 0.01604571910189731 0.061552752590068406 0.05474205607560689
1 0.04421658357850137 0.12108454518173853 0.02008040691940291 0.0022048443004376544 0.04946366012804832 0.03765964527711955 0.05420025148081953 0.12757795921522463 0.017445562427641722 0.05879677500078492 0.05389073787225181 0.021563154028051014 0.07227070385643858 0.02842245165772613 0.058049477332554195 0.009160811967980582 0.00221347033123752 0.009555091382861128 0.11669713613062728 0.09544673193055261
2 0.04467691965509475 0.02798168585664645 0.07113085663836298 0.1109361279085973 0.01287077146699779 0.03118748903907782 0.008417865475324962 0.0045347547783607285 0.0562799056572413 0.06088414907655064 0.06013835232768992 0.05279442433240008 0.010971073434983962 0.1006296774973596 0.03843738474546794 0.002754558708511407 0.1031059490032454 0.0716346810743916 0.031197863747558403 0.09943550957613696
3 0.03836397840145137 0.06269793122452576 0.0761479347169236 0.056515831189217464 0.04501136255950907 0.03480558111151265 0.04376272759593329 0.07222545962232615 0.0129574729615397 0.0012976521723717842 0.00664397030171347 0.08707165316988984 0.05176443263129462 0.08026254186159595 0.06572491884778509 0.07385126035399726 0.0755536110604754 0.02597946812519204 0.07316249662483777 0.01619971546790782
4 0.022410559471234843 0.05628487990620719 0.033055237230937035 0.08363455477254385 0.08118766886885138 0.09884954332861658 0.06396583866601996 0.09806157581660425 0.026824849777026573 0.053027212629038555 0.05468405413516168 0.011884573023901253 0.08524787563621565 0.00724758755687786 0.08078157550605454 0.016729218203762355 0.009166480148762146 0.009867448610181843 0.07685475317021703 0.030234513541785486
5 0.0599283720113506 0.05394578359936778 0.02880340725279605 0.012561733541558087 0.09166918767532792 0.08691905786995084 0.04488833554040204 0.06728627775899917 0.0005193450254676292 0.08968191185532104 0.06737743094663393 0.025400564344913005 0.0018360160427346346 0.07091196556288352 0.003987176478146951 0.04195943313397951 0.08462136953637477 0.0967207275287599 0.009836670132601618 0.06114523416243115
6 0.10585619420653553 0.11600106514586382 0.05312147473526571 0.003421212156642304 0.042254904892309916 0.018491694588520114 0.05354385668276067 0.028390379027345772 0.044825819311944515 0.11824136584889766 0.0852811842631149 0.0029777774087973333 0.027887498083139197 0.017696450728053915 0.007056784704236455 0.10606198713296691 0.060556441795120396 0.001746131316714909 0.09526507826460304 0.011322699707167195
7 0.003396206770399983 0.04732287295922004 0.08140823063383265 0.0703836793074683 0.07027839381335696 0.014212596177736533 0.017735693195811787 0.07512653359298176 0.062158967267171954 0.0826282136546716 0.01739085247066706 0.09469090372899566 0.09507357484188272 0.039705527711378766 0.09016525918522503 0.005716004351599842 0.004222891470424372 0.06973644644232403 0.03971246698171297 0.018934685443138012
8 0.0818960125977682 0.03647954836747165 0.031363718778608086 0.05408864298708172 0.03225817409689922 0.045843275262124304 0.049823482871006686 0.0693805104131453 0.01796996641596472 0.055092713403522786 0.09123243927782843 0.06957543182647942 0.050050487572023246 0.03960389225807886 0.030122744047886396 0.06728560407851386 0.05123157088644015 0.07796891923725552 0.048360883811449595 0.0003719818104517664
9 0.023884369722710665 0.0358819628391915 0.0663623903392781 0.04790885202223478 0.08414821305369699 0.020584484782357287 0.08081434915116922 0.06719880501907506 0.04242530428648654 0.03490388771905742 0.031753119127472945 0.037060267639881676 0.08611606203470264 0.024557292847624344 0.07105976789813097 0.03366631492114289 0.05813948047428277 0.02334606623415443 0.09541427724579521 0.03477473264155461
10 0.05472943685828387 0.010826033458916664 0.08821561742765821 0.0029791940317152946 0.08083284363496228 0.08289199011662064 0.01786899324652478 0.05353663028917631 0.08685678188099087 0.041295896664220594 0.030067152876885942 0.007799478524754259 0.04522054806072712 0.07150833993588147 0.0661485650440548 0.03139195682288699 0.06951737074177937 0.03543402685928313 0.0484631968791114 0.07441594664556592
11 0.043692352076267406 0.04937087567596519 0.03352916228164534 0.07464222612297577 0.026620723287878838 0.047124566932872626 0.0805877298834308 0.010762876421110273 0.035086918803966374 0.04273668988675648 0.018202552023565518 0.01088307547338095 0.057526896288313874 0.09114071946845165 0.06571088421316919 0.0905338266795334 0.07890874976277504 0.028947662851481926 0.07646764185581142 0.03752387001064796
12 0.08684472133584765 0.025849060911616047 0.0843910051649466 0.07325873209942146 0.09455672779220776 0.008368191099670727 0.012065052497030144 0.04909603365865445 0.057293068513604745 0.0822804634813211 0.0021244288524673023 0.0421941063409326 0.025089661461306673 0.017614390013136035 0.01299727822927415 0.06944626216380924 0.08533073216064783 0.04044962949222311 0.09851403056880664 0.032236424163075525
13 0.07343505724782382 0.04332569732170754 0.07265081093649604 0.036784393358839255 0.0963063870093289 0.0026247360710423386 0.024248347494396062 0.048962664961774906 0.03738664401086766 0.09891127742657602 0.04091461193582868 0.08366091932183331 0.03238218437329553 0.08630032220620812 0.004964937332372168 0.029236153596976726 0.05471747869795322 0.05051682142097969 0.07001162223383436 0.012658933041865668
14 0.08987463351346268 0.0814926542661862 0.050997134568513194 0.017664906082503647 0.004726028864337884 0.03343426098905636 0.02705184176468797 0.0666109477743479 0.07566844027075545 0.03931100627752142 0.027395327509060024 0.049238072638597356 0.012302644568963687 0.08007004776278287 0.0587109941499323 0.06868284746182964 0.0789119004802617 0.02929168059171659 0.08498350170704774 0.023581128758435533
15 0.024367046984252114 0.07770018995271956 0.07883834691229753 0.07094633079817843 0.0717936418558479 0.07474079564357247 0.012001901473112172 0.02580754377945851 0.0708271038311997 0.07420656190706944 0.028889157723374102 0.04659306109949007 0.06967920308036087 0.0036383108412741897 0.052165047553332705 0.06258932402145306 0.00546412672671776 0.030954192038088923 0.06177428059992627 0.05702383317827421
16 0.021521476682290142 0.02228133152886951 0.0604453082163148 0.0010977262549835218 0.054527751156932 0.07799460953574522 0.05082647419427377 0.028939329799139397 0.054257197856091816 0.04705320179642283 0.07263088309108141 0.039009570861461444 0.02441425615015158 0.08486048373982005 0.008140282503319829 0.03740257466649168 0.08733915955907968 0.0795035198749427 0.06910395518063633 0.07865090735195233
17 0.013159258709354506 0.0014244271859188249 0.00973037476534406 0.08433552158516262 0.07145007044737738 0.08003407094947726 0.018686253120869398 0.06659877621106502 0.06828995552001359 0.09935121023114286 0.02443833459760336 0.051379747691865645 0.10217147809134844 0.047308440808928535 0.014880757181975181 0.039532319460109225 0.06060786469463662 0.0395693799348313 0.08887809286723682 0.01817366594573921
18 0.06811178736934757 0.06779582686361775 0.011163340905163632 0.019778781685987384 0.01976548850894645 0.039339946089058345 0.04866251844648528 0.051811680085903665 0.04206304691326655 0.05546673096527158 0.001486804379352725 0.0657459161830457 0.0840921528345098 0.06242402598949821 0.052255977426867474 0.07569118257163784 0.06739740732525987 0.07993164847454402 0.00149095485695819 0.08552478212527784
19 0.09430341913385853 0.02907225183599919 0.008476953656402933 0.05299037367463186 0.0007929429716091784 0.1058854562565404 0.02098864413982457 0.06426494848133761 0.10678417616129655 0.10848392702940494 0.012017331070913122 0.06301760231945114 0.09356035447589095 0.026814013893283015 0.055918653863527144 0.0010625771950786235 0.03801285971090037 0.044898564300043596 0.017030973122764356 0.05562397670724208
20 0.0733786254038959 0.07188141641212242 0.01574269013087795 0.044089603633834885 0.04311351871298012 0.06127178836942271 0.07631245741384689 0.05063353386827497 0.07309298224142578 0.06938932466392445 0.008566109579465096 0.016446859882695303 0.06599736260197081 0.024700548529779674 0.08086932860475642 0.0383142205735993 0.005912967015902717 0.03228673932107375 0.06919783155546573 0.0788020914846852
21 0.04390983097701538 0.04634995276689105 0.04716158127816596 0.03405242397402203 0.03138762136867899 0.03987481136335221 0.04854631917643185 0.08936362958752464 0.013537025325187246 0.08534329485710328 0.000995234873514055 0.06743556247747969 0.10551796917078422 0.07038778242874483 0.07276939882912245 0.01775734515826242 0.06299035437137411 0.00596249223663145 0.07682422026112377 0.039833149518590356
22 0.0595490035333153 0.07542616169319549 0.0392577226135636 0.06295740332015148 0.046000012160649 0.10971925464013134 0.03823874308102495 0.01874852515190345 0.06949185696638238 0.0006100685773131779 0.09831359332291591 0.012980115670332776 0.023436571553132876 0.09002274651541654 0.04456678142600885 0.0648564741338681 0.034248133226277705 0.007542333963618618 0.012645623763057038 0.09138887468774133
23 0.0019100132585456486 0.045515229241277926 0.04691635897146822 0.09993161964272614 0.04653485482671315 0.043539252363714455 0.08483420003553503 0.007029802006029321 0.05139074879187957 0.087753525303875 0.01482874301064307 0.06879886639230946 0.0766410239133056 0.0028284553701062934 0.02554537118686922 0.1030500954231692 0.1054593278048357 0.023738092782749198 0.024572447786945308 0.039181971887302436
24 0.04411558055350779 0.09597666327503647 0.006657122719680675 0.03138366057117292 0.00855225888454327 0.11237471678950645 0.06642129652062599 0.0029406682902936567 0.031339343566205116 0.06828934227255558 0.038726016538177095 0.10886021705818834 0.004346576611193124 0.038720000039944885 0.04075265115752963 0.022946535096402525 0.08603459607576154 0.07084877891103568 0.04357629826270459 0.07713767680593471
25 0.056964823002435105 0.03444130982031 0.021814475826254894 0.03912639576592805 0.09428536548559724 0.09694419240725065 0.08409529306786571 0.08391209916481383 0.04055492077225283 0.0022009668431789333 0.052210502791410596 0.04943468492778967 0.051618407481989925 0.07712615986825512 0.08800402852544834 0.056460716641372026 0.0023718300326667123 0.02728354755729899 0.029327417294065808 0.011822862723815738
26 0.07955727256288046 0.005746350196894225 0.029213139643965925 0.07873245269233237 0.06831447801775906 0.08450986385336201 0.055882885417385855 0.053892667616548144 0.048669769337612294 0.07411862962727202 0.03360536652127959 0.08769438234322471 0.06614494395937892 0.008916645164208349 0.05317440024498102 0.0021346430484049093 0.012654403554329246 0.046846371197636454 0.03187414373744512 0.07831719126309934
27 0.0005534314204551552 0.045259033385993214 0.004482135622222934 0.09673208194135684 0.06944651420198124 0.05111009765374368 0.08697625089577263 0.0840857363263699 0.06114249713195681 0.020566714259360144 0.03645659186969026 0.020711781846049764 0.020406363978035396 0.07965162584040628 0.015245096820649964 0.009201306678216371 0.09447652623014034 0.011836598526312898 0.10055487809928626 0.09110473727199983
28 0.0764001719365553 0.07231273912358904 0.07480534314939334 0.0673513647228314 0.0019231197523668117 0.08259697896823529 0.08171152190305007 0.029338895454849793 0.047691445226002 0.06967061970971629 0.07898739245678779 0.01072183589955579 0.06315456318251024 0.011198570487581229 0.0816437320715177 0.025217307263528766 0.07481212821116014 0.026089014472833388 0.0175998456849926 0.0067734103229431675
29 0.07473107988383189 0.06420892002677413 0.020821870708875364 0.009686438554629424 0.00224193328185578 0.0177471606921672 0.08193760351365383 0.05471837285869876 0.005195273188369401 0.05886024288491666 0.08039199454826197 0.0905646486618216 0.0119868598976815 0.09102301894368547 0.044269556346762426 0.024385720180616934 0.0695698415560452 0.07145199100812168 0.07611471308210221 0.05009276018112861
30 0.003949533814596766 0.04864350364881134 0.09965541599996722 0.0840462383892559 0.05450089409099965 0.08744738574297252 0.06763359703199608 0.0613784208235991 0.0025555288449593695 0.007623695602973828 0.028951188737134724 0.04194258463621784 0.06538341767246153 0.07806327972483353 0.032636245281723535 0.0028592592640081715 0.07017884876294297 0.06882888568395194 0.014538132973513989 0.07918394327307993
31 0.09087706359135697 0.042844561635702716 0.027872303625822315 0.06976466899051689 0.03827667108342439 0.057296730301963694 0.004861385237620447 0.07564543095134497 0.07861311601115477 0.006822426439991356 0.03343442707603524 0.008731325752098553 0.07219421553529719 0.06389998706129679 0.004821267420100814 0.09053303369871059 0.057404070972694676 0.07522674795088634 0.027869384070959125 0.07301118259302207
32 0.0035960985786792133 0.04970814683445678 0.01788068381186681 0.015740415187349782 0.026020828249172723 0.017929858469838755 0.07240182367534567 0.04004550547271456 0.02831614028423947 0.04087590793774645 0.07895404150409532 0.093299835378099 0.08785057575970617 0.13701567800523504 0.11522622597279376 0.015206774111738498 0.019111995049644313 0.03737395965041295 0.04972628006507939 0.05371922600178526
33 0.043384783770560396 0.007302778088925256 0.03909056083796047 0.08654155930307827 0.02562710042479286 0.09140765878198048 0.03945623853658172 0.006405434838576789 0.05730208113246082 0.08887009803880278 0.0608481914752686 0.026179391773249752 0.037710647617574866 0.08313099707431251 0.03356919759544917 0.10358598635284111 0.009629363006946952 0.04455252930322159 0.03103061945477599 0.08437478259263959
34 0.08922406927992427 0.03317312230416304 0.023089186012411597 0.08306718878250308 0.07951204776313381 0.011512429012881908 0.04776593872201527 0.05076177381612187 0.08219141211318781 0.0689861234011945 0.040182427386216406 0.06617564432051622 0.02974822571071134 0.04496228231389802 0.05134310402920861 0.026316247377754367 0.021212831366856838 0.08753993792082504 0.025926076700043797 0.037309931666432275
35 0.03578998069348914 0.07398815610379438 0.0687858862934871 0.0638328343091786 0.002320865939387546 0.024755534318796135 0.05856045237355166 0.10492077716951569 0.06198738939695214 0.08982277458197237 0.060067044384222466 0.014753912288930675 0.0503304849590205 0.011691653697441769 0.04844983986169622 0.08942375004278977 0.0035223607760143344 0.061596216837643866 0.039455878112713484 0.03594420785940202
36 0.033141170624317096 0.10885434293631549 0.060166348214841056 0.027029416001352096 0.10156294002786848 0.039638187172454216 0.010132347596363223 0.029604679257856495 0.06352162694255173 0.005418189881497097 0.05332729063447215 0.06460525938757018 0.05732583806451013 0.03729889772694508 0.10408444718715201 0.10684125496129561 0.02917875444052531 0.011545342882182598 0.0468111637798281 0.00991250228010209
37 0.08618090898577659 0.06988292119157252 0.06373639168736178 0.056096986562179874 0.047488391905494205 0.06229653718225185 0.04629470393754352 0.008082225108275694 0.0510390258528887 0.033261367083586846 0.029559251768307187 0.012874994059257672 0.053291355274353684 0.11057617571453905 0.005218095762870637 0.0119991097961085 0.0014184607845543512 0.09587981076688006 0.101295201162118 0.05352808541407953
38 0.0904616688795712 0.04078715839474635 0.06963076012578066 0.06811591274432616 0.0941313776414984 0.04292577009359679 0.004376204349789743 0.027985641148613148 0.08466046012379369 0.023205855549507097 0.048708074014320236 0.009213802455189051 0.08637139309661253 0.06667565524866713 0.040801774022814555 0.0011585192075452687 0.05322873273010243 0.06035560887643402 0.016111660128883067 0.07109397116820824
39 0.022852101649678304 0.06901440053922685 0.06872375575333663 0.032451299724365064 0.028121753348383283 0.004018758613038832 0.04509968170750547 0.06502928326484508 0.05417999469208625 0.06754795920469221 0.044624429414343525 0.02269388636179247 0.04952754036328449 0.07189520727025318 0.07346307094758935 0.061841277933074104 0.05627836128311993 0.045601727108740685 0.0822800104992683 0.03475550032137607
40 0.016242275806259147 0.055884390375541805 0.04809092274628115 0.06958185911675502 0.04257317267314786 0.07379175299595091 0.006108405455325978 0.014245119761251415 0.04774923183475753 0.07998993397579095 0.01503016946868309 0.06532938361685175 0.04493305245644806 0.07152037111710235 0.07219704660280013 0.08216880457836129 0.07003197184515698 0.02868622325598016 0.04168263673925531 0.05416327557829908
41 0.010306080948122376 0.0350430113745894 0.02257961214881561 0.040228887900310616 0.029007718259811285 0.05982873376281056 0.05864232217983279 0.0025162386316453867 0.07397233539953071 0.06854248018516805 0.055005640200483506 0.024314857348218324 0.08372642240211861 0.07347843996411933 0.07933870840817411 0.0413060021779706 0.08727188034060772 0.05209524608138329 0.05313854523678397 0.04965683704950383
42 0.02918840057675212 0.04408175118947637 0.057694265557729586 0.06638658261771266 0.037864523804112725 0.049250230377281344 0.035923532033882835 0.06745500512592251 0.08350625577893141 0.08335082706747662 0.0230972154951644 0.03182670256838289 0.010166154731687775 0.07587857909852494 0.08254945741993348 0.07782483326702187 0.007037070596923377 0.020217890005497157 0.04416729389605321 0.07253342879153267
43 0.06258984617053262 0.024435738131989338 0.05623358915682355 0.030246535826527806 0.08383796216669004 0.08403665585729408 0.0877543221484485 0.012849368371372485 0.02517352150483482 0.047197111562739286 0.04819953702961467 0.04328059095859835 0.08991446526177448 0.06779910237570447 0.06449761323709695 0.0015957111760460882 0.08688831646842628 0.021672257053172467 0.050001676821769155 0.01179607872054455
44 0.042101914942750784 0.060811227892863425 0.07067142241226759 0.058935011372803554 0.040486459216826066 0.08041067565873838 0.08015104120754661 0.01819344142402863 0.05100549465454923 0.07117083916352193 0.025717040100199644 0.04839832704985111 0.07650364104839533 0.08531375673934134 0.05318718610306802 0.035302329183540704 0.02356536250973326 0.00794398704150633 0.01895861614302842 0.051172226135439626
45 0.08222370419947096 0.04551093054810884 0.006059442166341535 0.02532853462521024 0.03759804897481788 0.02590180741403731 0.04298986416177178 0.07342738374886748 0.06403203753226636 0.06794671055619333 0.0837356235542689 0.06415380889239287 0.013697582838306067 0.07381935733923406 0.07350283307899663 0.07947255114106141 0.007335269179102718 0.028238907013174244 0.08896136425295378 0.016064238783423675
46 0.052602198108658633 0.0004732577114496443 0.03517823044980841 0.05803271785605509 0.061757794447825365 0.02566073076756758 0.06812285375478085 0.022245776126353704 0.031085568866552348 0.013953357641118973 0.01850448013303464 0.08733941491542561 0.0994449294199839 0.05151017861984698 0.08406355869143077 0.07613011468512107 0.029630112430206943 0.09637603781445545 0.02130541649610657 0.06658327106421742
47 0.04294436338204995 0.03909593609456463 0.09642243677348822 0.07237759948850851 0.007621165915636964 0.08824378293900782 0.030825327781343753 0.06776700498099443 0.06961385412901934 0.0003516480345466931 0.007607368700928097 0.019961639218919466 0.08764133280468359 0.009458786649135865 0.09522073441730561 0.07312109306215135 0.060823491057435605 0.06849059382955351 0.020481684803457367 0.04193015593726937
48 0.07198764007001728 0.04648389318869693 0.04731447260471496 0.0032632500116903445 0.029451667154559644 0.02911781567273712 0.003432566909992115 0.022594713344104844 0.08255742822487193 0.048720425647924566 0.04313881261837075 0.03480618554144099 0.023362417927712365 0.08447667804530805 0.0813772351580718 0.0559239428483574 0.07670416303411733 0.07180833221134368 0.0682169596286891 0.0752614001572789
49 0.01537952297614215 0.025150626212373562 0.03951928784013641 0.05823981978603555 0.0653004088035289 0.056022601180200395 0.04944485712308569 0.08786716479252382 0.039322516120422375 0.004245336143385515 0.06357158482942327 0.04017273459694763 0.05858787573836857 0.058649873896007364 0.07726216796163414 0.013064487374552979 0.03939979101543258 0.08711463063862504 0.06461965470108257 0.05706505827009135
50 0.06572782110902256 0.04105982816766188 0.08436140619629551 0.03212871615691927 0.10970802043798188 0.029309087304119318 0.06753884278900857 0.035407110812419734 0.02279102988010355 0.05968750801839257 0.012068904609434907 0.03337027249269451 0.06264529748959745 0.01759334903189304 0.05313741329001536 0.08025499203778982 0.10110345285634552 0.07518507985316696 0.0014812869970184832 0.015440580470118988
51 0.06706742646151002 0.03096392336983996 0.048452153119227306 0.05444851599543749 0.053691415206182765 0.07931596665358999 0.029525605717508986 0.05037883264342871 0.04027895764360964 0.06205125589066417 0.0728959533954066 0.06435365231700646 0.05587763279158931 0.04461898213317835 0.03103419447850623 0.039923419181525296 0.02077418229344189 0.0730053602510955 0.04595092937390011 0.03539164108335105
52 0.09631172289413609 0.02947088496426783 0.030235590116861142 0.06658636011767413 0.008300184999655867 0.1050265108886322 0.07562076158687836 0.0041790631392558085 0.11360511421398616 0.06237770542201736 0.009463485741610442 0.0424884194952117 0.05984113490038313 0.028283735564691444 0.07494056734285479 0.0818508874628358 0.031810619271436406 0.013610907641012132 0.011680124323465052 0.05431621991313414
53 0.06455570843022716 0.027865502562662656 0.03826579131715703 0.0626626699908192 0.0734655745030585 0.07472249300979623 0.022552305348555318 0.057255473482095365 0.06040968415395711 0.056326158338873396 0.03779447471635694 0.06408781479301841 0.03325037366507699 0.021590490234810748 0.06276117965586084 0.06369991005533622 0.04309794251601388 0.049814548747808114 0.03436845697143917 0.051453447507076824
54 0.05363867783101569 0.07026721416056987 0.05000980692163233 0.003244111878724307 0.03702413224626022 0.08102779754207858 0.03005726094102217 0.037982337831791856 0.014846208910965818 0.05405127189421098 0.07567229557424374 0.059808832827360846 0.025372751467396322 0.051383785351617854 0.0397753667370012 0.0396159286244087 0.08272630929135402 0.07994323003296085 0.05311155821459542 0.060441121720789255
55 0.044365290390229094 0.05322731068924676 0.058490397497512406 0.01767448630289691 0.0793560512599458 0.09538198028419519 0.05556354623290131 0.03727730841387855 0.0014860775218315787 0.032676775809878204 0.009478337193966544 0.0494462972269548 0.009130949069022525 0.06666993693788592 0.09928821833142762 0.026552914662108983 0.010960113369926515 0.096832699835898 0.10787532315105934 0.04826598581923381
56 0.01956094692944441 0.03667944969367192 0.0698085193832823 0.0031275273608017515 0.08050748999985852 0.07937012147510936 0.06070532021705077 0.017599097739453767 0.06753935545468719 0.017619917451076866 0.016869613841124332 0.01755455848816974 0.034064886396854906 0.0710766395651076 0.05528862604344116 0.09164321618269262 0.06563693230853153 0.08969286914532644 0.08991201298689708 0.015742899337417866
57 0.03925732673315688 0.06415009732399556 0.03251406521624846 0.03024023527201383 0.07546116379694424 0.06962668626475607 0.030865449572059663 0.05169350800370604 0.07300612590259685 0.061744343848640276 0.05161151154273654 0.07831513116090304 0.026828354954861106 0.013662021129389895 0.044947863808786744 0.021886094362445884 0.03516840267010461 0.048260018108044374 0.07133980331220512 0.07942179701640477
58 0.05502885540466176 0.06721692860287222 0.0549420616176614 0.07952029310540835 0.02866118882758233 0.01504786171067335 0.04980086394762217 0.00556943347083054 0.058502037266994364 0.01122358895621748 0.03691328682839254 0.06115622068116458 0.03848022835802685 0.018918305269545906 0.0339578195198739 0.0805812566052346 0.07618843439981142 0.08281863134479019 0.06580251205722834 0.07967019202540777
59 0.06861646959471585 0.012439658285184195 0.07881637468605912 0.05839176901236387 0.010215729042421046 0.02445831058471189 0.012721009243622369 0.038594597094557564 0.008328946670101414 0.11310319418693715 0.03152774884800297 0.10873748494209108 0.106258874343743 0.08890749542452417 0.08770022363123028 0.04926404308894813 0.014044957117838354 0.02894718221901026 0.020230467949617983 0.03869546403431913
60 0.06187527046375158 0.0578290255539075 0.007946161359312915 0.07285603432606884 0.05063928897081802 0.050890308081339715 0.045233247706033285 0.08856134760327511 0.08315418566828488 0.03172295772397596 0.07294144183511175 0.03627233034919623 0.08119441629199953 0.009436670151876317 0.02211529104431406 0.04531548042467741 0.07529236480980832 0.014687917327991283 0.045201323174792786 0.046834937133464455
61 0.005067767751416596 0.02371496400185902 0.08182095989588267 0.03782921812789902 0.09824829879032375 0.06428192671070006 0.048596620783651075 0.07247996985998574 0.013765421987035655 0.014065922971442338 0.08084442387807711 0.06500612800406 0.07445223012550056 0.09528273679079326 0.021512206818791357 0.0062580618776024366 0.04465953741083482 0.01606734881914503 0.09703124904303345 0.03901500635196624
62 0.055989753479887584 0.03403957483093542 0.002644220058687809 0.08314911581331144 0.01763258976770925 0.07866174171997949 0.07214415788950057 0.05588776163921342 0.040228509236901806 0.06982349994034141 0.03877349531303607 0.06419160199938152 0.032049321268661765 0.08826419782765951 0.00393913652569064 0.0693848100302343 0.06052972048279622 0.029100697347965953 0.024109627172498385 0.0794564676556074
63 0.09019099739699239 0.10107265350393274 0.0697796029947481 0.026014959759954624 0.0075089539514693136 0.0487135056256607 0.08044864050458876 0.0020702720534785954 0.024688829206873996 0.024875261911142938 0.10050791225244464 0.06874014257799038 0.07631926896931278 0.07585792471654754 0.022062861506914305 0.06387720849516906 0.06183114333110178 0.016288377243814 0.005460313511926687 0.033691170485936756
64 0.013752102816287973 0.032731257890864944 0.07919423539879107 0.027360397255682775 0.042229943114962865 0.036301334573424056 0.06806359857216161 0.07836868622425583 0.04914239435486278 0.05365061327021828 0.044902674341863125 0.06334143789121797 0.05541113028386912 0.05706782667613582 0.06216639639255163 0.047757216186778785 0.027071613276121637 0.06340621873551594 0.07514241447990107 0.022938508264532788
65 0.0799843443439838 0.042768252483869625 0.08542393919818571 0.031156293026980194 0.017346167591513802 0.0501923274525964 0.012169227899975883 0.029340173468437224 0.03414043949787545 0.08009612224681076 0.08092028911599962 0.04228398536613979 0.027013335228828785 0.046691490032189344 0.023095779728855462 0.042209022035548514 0.03750576963033186 0.09068653250917974 0.06645878227977202 0.08051772686292598
66 0.06457413430439432 0.09152680653985695 0.025121457083229617 0.06252500420853514 0.01800836175543705 0.03957778429769867 0.05016272884189495 0.08441943629960798 0.08418581773551222 0.05491676861620092 0.029965482712137496 0.08238951651490367 0.013981519777481653 0.06141796466195033 0.027441721918627395 0.03908939813416191 0.024815884473394768 0.0003001165919905715 0.08137217639112324 0.06420791914186126
67 0.07348918327650687 0.020328795534143407 0.1098885345895481 0.039271454343950234 0.08383900729581 0.051643430427866614 0.051499462905012346 0.0874862706470973 0.0483044327681082 0.04903691452821824 0.029214159291570087 0.0188343605427868 0.061315327890289865 0.018214969734859525 0.04102024757671832 0.062385239577525495 0.0020211223372015564 0.012972416675121915 0.08467333407434295 0.05456133598332239
68 0.03283565603333602 0.04822459797965703 0.0380970918630962 0.02986002851020563 0.07527498669566823 0.02061109304717793 0.11345700731421697 0.033699818732546336 0.019248829913778093 0.0066095428471087255 0.00624420694769713 0.034209098989929375 0.0690114898131494 0.09236191460505104 0.038012147205515635 0.1001697911078137 0.0721716410160339 0.06034771699719564 0.08910139201915275 0.02045194836167035
69 0.020537325974681872 0.06981591704003953 0.030676944146423538 0.01436640115509217 0.0447786745278892 0.08388991134792188 0.08916702274657563 0.0765384354214272 0.011763915764699717 0.02489926118943465 0.06849539329071166 0.039373456379984254 0.019598416324239462 0.030044977562410285 0.08499796173816383 0.02930971211715786 0.04552772601624922 0.0840579145469783 0.04560697200797477 0.08655366070194487
70 0.0382242046096567 0.045812248658540354 0.02650819497362694 0.06621886801709473 0.08271256195480535 0.054779111334131624 0.030488138481854152 0.027229890193722992 0.06573472878889078 0.06749564917222928 0.07649889384933012 0.04552957560961195 0.017345503130418324 0.012205743263344957 0.09081166833277361 0.0421157976906439 0.013591475956807611 0.0930141682655232 0.016088186197740096 0.08759539151925341
71 0.009181068400592001 0.05806273805405748 0.03165983519705368 0.070662449146006 0.06810032588618223 0.02788116777175624 0.08410637108462997 0.06753206553476408 0.07883912930093641 0.008521078743654377 0.016771110743931002 0.06936430432137193 0.06421228688807784 0.04488223890708253 0.05690228450858681 0.07869538328407093 0.04992153666298194 0.06804446733318922 0.03685931034400681 0.00980084788706854
72 0.11201709898978512 0.07923065337815746 0.018403682686154152 0.08131704168067996 0.10522238187595012 0.07705468615988038 0.009432949605205068 0.05155685209483794 0.0017983406106929596 0.011974645611630136 0.04757446673964615 0.024415017288881725 0.06332616096763034 0.029400116365448488 0.05544941779298869 0.02913669861550612 0.09070665065126327 0.006598408851473683 0.08706060520770537 0.018324124826482952
73 0.0051593933180417535 0.020996801269243328 0.05810669366339663 0.07842447857162824 0.08598025934922131 0.05322622464219871 0.0781893705734891 0.017542837076070173 0.06657352557573688 0.03390977321417289 0.0664772349754314 0.04939478868704634 0.052913391132481224 0.014090956104505246 0.05607885053681162 0.03469301342700634 0.025890419689493693 0.08290447032194631 0.05370757471976085 0.06573994315231785
74 0.015924475859193953 0.059214179323701 0.021326464576142776 0.018148500565025392 0.06530774021857608 0.055303085893003964 0.07288068987218398 0.04723718600659113 0.09321182656786084 0.031139154873904343 0.0058022532446455185 0.05260882718250592 0.04516120680788234 0.06244030511879275 0.09380833162247748 0.03375785125264001 0.017428084554120385 0.09261757825651414 0.04051630015920478 0.07616595804503325
75 0.04366713065596964 0.0030863021350885874 0.03935213930362645 0.07728152399460117 0.017305484744384356 0.009202123803853386 0.03111799579552821 0.03720413887274018 0.05680476064484974 0.07364085623846583 0.008448237920071586 0.03683247739440142 0.08170321190343802 0.0930413197161784 0.0743281994943227 0.08536790250930464 0.024166085090938455 0.08203449273330186 0.08993594478925872 0.035479672259676555
76 0.06385389769831643 0.045744815897963524 0.07506932530716395 0.03630748109918223 0.011958307776934173 0.08001131506348376 0.06110268017644809 0.06536434651284423 0.003603850441523578 0.07792382201507644 0.038809184392475035 0.05325243536813332 0.06202261894903048 0.0684480027550349 0.03384078006856335 0.06375496872836489 0.008776231786337345 0.05197607752494836 0.07360301261323073 0.024576845824945168
77 0.054303019013570965 0.07152203175889203 0.0621433022941447 0.07273496978023312 0.06831190123147353 0.012884734936110623 0.060796422659237154 0.05897250852378208 0.05182909468768272 0.06851149771500206 0.04647223197201808 0.005191386706442776 0.024952125251720032 0.03296832583491275 0.05076614849051475 0.0658504268534525 0.020286775352016978 0.06806891343215841 0.08183858604868115 0.021595597457953326
78 0.06753945203738787 0.026475010281550308 0.05152221385257081 0.023489276080855066 0.07144680585204669 0.07648919944313196 0.05263640861603837 0.07712492545771558 0.08276944133434089 0.019037767974344692 0.07763218283045241 0.03879057835248728 0.008543745080387756 0.09490005126320201 0.026394411115028982 0.03496937806353127 0.03888546098427511 0.028329947723951393 0.04674952766727826 0.056274215989423164
79 0.05565879107242116 0.012264089716096502 0.032962445436155535 0.06313604034308605 0.01619838566311127 0.02233318549806375 0.061764718594370285 0.06381116374343818 0.06014543379488549 0.06883844592623489 0.0035103530422655733 0.059527054300473545 0.030626970278091557 0.024126092481584493 0.06980149073259093 0.053569971464365415 0.08343608442698175 0.08005681552834285 0.051787499904176054 0.0864449680532649
80 0.03602043675721776 0.024422382288337655 0.018639928383387565 0.04679873601366243 0.026276702401208312 0.08573196908732449 0.08651463375263552 0.0005443711007356746 0.07228185911290189 0.05825034923627354 0.01940235302624675 0.03187307414479905 0.06960482102840204 0.062584191281686 0.013613990519939183 0.04165659534277126 0.07039725816738834 0.08017311676733134 0.07330386047822579 0.08190937110952547
81 0.03678712721809568 0.042260714940461935 0.04176879597648523 0.05980861423680625 0.0534559976764257 0.006386254156994828 0.04174487563170201 0.08833531015458805 0.08282723646728674 0.028572910332210502 0.0706327840080097 0.09796949516812542 0.06229858590254777 0.009478838634532425 0.06186345470983506 0.09920260495023099 0.001172546799962022 0.0265888192961117 0.08154551687493691 0.00729951686465109
82 0.0196719112124718 0.017326366034371436 0.10783739205479918 0.07111047540898723 0.021889578425030917 0.020194139259835115 0.10219158305913151 0.08929795653347401 0.04668649610244983 0.013055087830606167 0.06533012356345219 0.04976205511566881 0.03108094649803274 0.05359584336780032 0.08640305328495912 0.06812016736806731 0.06900183008264607 0.018516483693515728 0.03831180197264493 0.010616709132055495
83 0.03978048696183136 0.008703360293590928 0.06690738431627817 0.030213030211661378 0.06488191838552074 0.058231322315464185 0.06306269462859955 0.014264972411543666 0.00592624117962327 0.02262741783674962 0.07503633990142466 0.07400895465949867 0.07580430657349506 0.032900927131346853 0.07604069779681565 0.07491688241372847 0.07196689729187647 0.0707247180644693 0.06641356373950762 0.007587883886974389
84 0.05607808177766455 0.0504131616717367 0.021761211293569883 0.07787680819823234 0.05226514798370395 0.023268969289845374 0.05909350541383836 0.003890965674282128 0.08171376715777018 0.07078343623732612 0.06774422567284445 0.015701334753481202 0.009417102113675243 0.08797826847841812 0.08572139100704278 0.032253747569124594 0.024937924353258874 0.08944326963256274 0.012201430245282016 0.07745625147634043
85 0.05944845935152075 0.013746438330350408 0.03317677434942763 0.0764459701526812 0.04605870806570895 0.06497512108468677 0.004394493780984599 0.032635312792705796 0.048935897055552194 0.08336362014982703 0.03406064783707552 0.05883387141333417 0.0579047133167055 0.051196669534627315 0.06915968888644144 0.08268693067442996 0.020092514293206964 0.07098882903613289 0.05982791949025382 0.032067420404347104
86 0.04368468914180333 0.06812461895845175 0.07899338804918811 0.060636803609011414 0.046009715982647095 0.016938171223290967 0.11027193568888836 0.06870646270356587 0.010581517667709449 0.051486850253943416 0.047400584918490925 0.06816036720324868 0.01236351989316444 0.042473658192849706 0.05203522389786037 0.006693224597367002 0.0017674689541028442 0.11245866528896326 0.05881096986558613 0.042402163909866834
87 0.10126903356699052 0.0392078961294078 0.013505218245293197 0.01756156126162773 0.07151763540933624 0.0075559667400261436 0.022188114177925537 0.07147801535781043 0.047967661962070564 0.0035853614521875014 0.11548124159415529 0.01589796608190758 0.023697374214633735 0.02913473777477194 0.010906379424990158 0.08122986702979954 0.0660213471824223 0.06650123657700172 0.08632096283111232 0.10897242298652979
88 0.0005120054659635397 0.0841709498431411 0.08190726791336372 0.040095722056574114 0.06391792360364133 0.06941990491346307 0.0840546809256769 0.06315217810860002 0.004315359066729656 0.005464924880163966 0.07038824920393767 0.04899099748729559 0.03303778173846352 0.041255597649862 0.013002847763108229 0.06379088350092803 0.06937571035519045 0.09227230505148161 0.043247370040399406 0.02762734043201619
89 0.011503640924955781 0.01671817254166337 0.09958823434872198 0.0917300487982775 0.06531507488987935 0.02592815238066789 0.05361758336405147 0.06918554924962118 0.017921239856520617 0.08562753265943303 0.010568497285536998 0.024015949882159618 0.045410398137213634 0.07340964870062754 0.0425957558172984 0.08570960781805133 0.05186815618049192 0.07815022041030678 0.011488098672967432 0.03964843808155408
90 0.08943956190386686 0.040023321091207834 0.035241665315177584 0.0586720893770151 0.06564546030922531 0.07810073952819321 0.09109789970892856 0.062015776561444885 0.03140217707165497 0.06024535961498601 0.010802009432412414 0.038387189660180364 0.06734401069579331 0.07659518231550942 0.012920056132968899 0.00930885013812605 0.012622639844226319 0.059489544014521056 0.04074826323227908 0.05989820405228277
91 0.04637747595618259 0.10480420900524615 0.08489036112344837 0.0784909302043207 0.013537393553292913 0.008459350969983266 0.04123266420774705 0.008797932928898213 0.04613846680284377 0.0864919167807727 0.04379546739503716 0.010374778535482224 0.0653914571213971 0.012148376258838594 0.017680198396090967 0.10327383537328115 0.07322179352882659 0.0438621271023292 0.01988266966465649 0.0911485950913249
92 0.07613870437413198 0.05301271634792885 0.08741119619241523 0.06057552865683529 0.04263139618016846 0.008134454695405502 0.08175067698069494 0.0863937735009896 0.018601387902310366 0.009594248362947304 0.002012552273978038 0.08734468857393486 0.07702114172931689 0.06479273740180701 0.03101503156013511 0.05180577111953209 0.01152313505847688 0.053656293096295375 0.08938259039156535 0.007201975601131011
93 0.11244749732984018 0.05640139401855087 0.054590122219374974 0.027337724090088486 0.0018816844166782427 0.007455456375130808 0.00046292634593643136 0.06414539735604202 0.08966111012615251 0.08290664198568103 0.11877683593813541 0.06264605969722425 0.03489051407789291 0.026976447611013532 0.02303016761896604 0.005293351812188421 0.07248083325286582 0.005045364752777692 0.050711355442740094 0.10285911553272012
94 0.030325729169447105 0.058358974548323686 0.0842853056210544 0.08905001114269605 0.012764980596099413 0.036324691207868416 0.07758497981844939 0.04806664859153539 0.025664486856456125 0.045030236542768824 0.07452979325915664 0.016292842262258495 0.062260369718496085 0.07275428527031544 0.077440083274066 0.08309938311977554 0.0477232953559711 0.032643963198404645 0.01608273297605844 0.009717207470798813
95 0.036769825145672716 0.07149032473370909 0.08722251297652647 0.030433334058924146 0.026974705078013847 0.052593436064340804 0.06837513079770388 0.0802507581633161 0.023512449917116006 0.0037644929191046413 0.07823333747461175 0.04244755469435359 0.030291129298436394 0.06331155715348903 0.020458870500405242 0.07796548808713649 0.03880700329873209 0.0440089989878286 0.043132831042720005 0.079956259607859
96 0.036837130622218654 0.05367217132867119 0.08163292255540916 0.09150378125472348 0.004146010760633047 0.0972495444153382 0.0447703591418894 0.05599419885427227 0.07754686702091498 0.05325041029482466 0.003371328047883643 0.013227281559292169 0.05010996624383167 0.05957039572968733 0.05306818496497663 0.04717303340387685 0.016153785498906805 0.0871834605732294 0.019187404026497618 0.05435176370292289
