0 0.048003202916249425 0.08300928661344702 0.0692576332861749 0.06442728968966653 0.014002980817001449 0.06687163702082517 0.09017473750853483 0.0038086225224894256 0.018881759470221804 0.02760741109337292 0.07178000031015475 0.07326885483533682 0.04013238335681835 0.022479366077721975 0.060802740806849644 0.032352895021092266 0.0657039100920173 0.07234241302564336 0.005850032302481962 0.06924284323390019
1 0.05998556061213886 0.040765049407178996 0.06296690414532005 0.025966030908999887 0.018592679012876017 0.031418020710878215 0.07166264878771605 0.08100692243047398 0.04919874774125608 0.009331094247851005 0.08110568172766096 0.04858650536648407 0.019057939501064547 0.04724999099404593 0.07976895600425042 0.0682340896838559 0.06616686352092974 0.0790712468599768 0.0547680510670703 0.005097017269972068
2 0.09219686938284932 0.05788701207979586 0.021921297427535527 0.03506536365274169 0.08238670193132518 0.01958018566453004 0.06601012356122404 0.009405045420331503 0.042600154343311304 0.012361266158718 0.025816682571150613 0.08170600111862295 0.08415164722530276 0.07186125916542216 0.016924769130207098 0.09352189290320427 0.07061030115421685 0.004465930323553473 0.05674094071765639 0.05478655606830084
3 0.08445979751707065 0.020439142413725256 0.014285926020536986 0.09372512577108688 0.09425229350795453 0.037914909869968 0.041960373910257864 0.07515851004841846 0.06198362953757739 0.08858993345686511 0.010425229126352268 0.07314483953071094 0.04026230798849152 0.05303267017905552 0.04510131735412999 0.041386843141938114 0.0026556758753247503 0.004379890047132899 0.0709005997460567 0.04594098495734628
4 0.007158632052971837 0.08296124290982254 0.07063148806094968 0.019750103059346276 0.10828623169434376 0.0674599991828339 0.03093403864122831 0.025350410222026977 0.020844191478533523 0.055062243308808496 0.08106302945112412 0.03304672956421623 0.02139732052665625 0.011594337495250776 0.06646036007137962 0.09867872595322573 0.04206809536114659 0.06017296448797751 0.05734889908713518 0.039730957391022975
5 0.04045152599990986 0.004917164953426245 0.05292850492992638 0.0733951797629502 0.07117646476990165 0.02583656924689485 0.06475734292800668 0.0741533363498664 0.08730906773628827 0.05382426390769576 0.06463270080674766 0.010439089164024494 0.023657307932830614 0.0947338792171323 0.08219924428910934 0.03082755782305076 0.022016912776672833 0.06034390953200774 0.05352597826171168 0.008873999611846435
6 0.04023724835178611 0.027564814748584292 0.01766819209163357 0.0472843487523145 0.033865459446265074 0.02982002808348846 0.03730230654773531 0.0989407833444202 0.03199150961990323 0.06696557705595352 0.005123997186565931 0.0030037504891288935 0.08994756342660876 0.06228641057781643 0.0643159281950736 0.09819233162152392 0.005134789956380525 0.05359581523038065 0.11252871720677807 0.07423042806765867
7 0.07169631612953971 0.029698463481454034 0.07306444801998435 0.04233209280851006 0.04921482460865101 0.04036554224795593 0.03761319112584083 0.03297447108781353 0.07964841441610455 0.029704990949503525 0.03768840647683731 0.03042942036562094 0.03459336560498423 0.07080549556161993 0.08281622719972527 0.018212581586309545 0.0732442754751809 0.010238737305248675 0.0787320340772239 0.07692670147189182
8 0.09013323946049748 0.03607351261773071 0.05563139054112555 0.07142082354513508 0.0765710296687009 0.0318839381139337 0.0019773004148329965 0.07498391632545823 0.008753053628494637 0.014194998212429201 0.0841035738363144 0.06254179927834844 0.017357937514090076 0.060249332308870356 0.039916135974602175 0.0016835869256294881 0.07579367761489987 0.0769462928456526 0.062209089474589356 0.057575371698664786
9 0.0775203348666841 0.006012989612041469 0.0029314405378395004 0.04089590913689183 0.03553713903524542 0.0825375617847769 0.024169036999255898 0.00840877033263751 0.03122746297604865 0.050942247967093277 0.07435856841934912 0.07889795048109002 0.07567466237214292 0.08437147348240247 0.08576652767682395 0.02781874180352491 0.07511533437660313 0.08749559242757869 0.04050701393807653 0.00981124177389394
10 0.03093047807150681 0.04533227903748967 0.05956611051971287 0.011048256917192316 0.0781581949921157 0.06908591056975195 0.02251440600811444 0.03194407717796377 0.08839539965843142 0.006626511299189686 0.06933078200278407 0.013253339843503641 0.08479477285460811 0.0009387932589513381 0.0820420344519829 0.060860970236335354 0.06116756949920824 0.06914046409253166 0.060349520161295 0.0545201293473313
11 0.043981630215403064 0.07374441984541523 0.0652605124745097 0.07545692486056531 0.023731561623264983 0.0564462990765328 0.05644402777955379 0.040458709509745554 0.026616992436149654 0.030825148514562153 0.0708159035542339 0.07209045806738824 0.01714373576567094 0.0233357668632648 0.06547842637230149 0.03422242431523584 0.054551506841684055 0.030845467878745057 0.07290992019942903 0.06564016380634471
12 0.02008851186328308 0.009973727599160107 0.04551363153446503 0.040506891736852235 0.04118625248319335 0.025000370265305306 0.037270671398083606 0.029804612670982104 0.06727215518673645 0.03062897396364068 0.1130879198220027 0.055462176932238184 0.061529493141534844 0.005492478661381906 0.09689797101146165 0.10270481846952516 0.04357515771583309 0.06559218848668046 0.0878587193431722 0.020553277714467914
13 0.038283996661440375 9.299749374943473e-05 0.0239281591806579 0.0644765106501985 0.05349242643764893 0.024818678261922175 0.07175980326527817 0.06527288363555633 0.046706197243698046 0.024291980328090688 0.016029507884518505 0.09947669267490934 0.10863730748315235 0.03917784054698703 0.08807645256850982 0.014623360319308639 0.04753683401574944 0.027311631789729847 0.07226111014291747 0.0737456294159769
14 0.08567507992977673 0.018359571853032317 0.07893593502971637 0.01993646884958124 0.09278600799427159 0.0036964818376287734 0.01994006086528988 0.01599498301328168 0.08388710006596506 0.050846064029048926 0.050044492634411034 0.06175180841644369 0.06473564273660282 0.053925407955397665 0.030484526928023295 0.01609059111586427 0.08897577226956514 0.01290912430657734 0.07467244030992118 0.07635243985960104
15 0.07016523235079798 0.05286906933579404 0.005606354209538557 0.008465396294035534 0.08595832610272083 0.09525699929889866 0.10184726213647997 0.01663220765924472 0.05008573978714817 0.04540236037789192 0.08945983686754946 0.03990059644529018 0.05681610632678535 0.04335026122191427 0.05035104927665302 0.037969181203562935 0.029429281152601374 0.002754390909791169 0.021976345344228824 0.09570400369907289
16 0.0578321175985233 0.037956749866491245 0.027437368316696627 0.022634622594827424 0.07292260455522567 0.04442854915478945 0.0028985404263128776 0.053612614517769386 0.00716570155230902 0.03880498395308354 0.07570487001895095 0.049773307480649696 0.08388011415459103 0.05213475824120958 0.04933062982657396 0.061588414073628764 0.07295583142759715 0.05525532168784713 0.05723474242513629 0.07644815812778698
17 0.028184563162127894 0.023344789681838986 0.08112575710321318 0.01716404217551179 0.07150093431140903 0.07917407385038647 0.028542341281840664 0.05475834410668291 0.10607127228391833 0.08839492526006645 0.005652182883866294 0.08076120340564262 0.033527959098826374 0.015139559822797275 0.1022134673767418 0.016731205617783795 0.07688016766926134 0.010739990260412845 0.021879045624298436 0.05821417502337344
18 0.029550680036069785 0.08816844901333651 0.07988519241017228 0.07786263973617318 0.008914826485442461 0.05763975103594062 0.08214604852850786 0.025053592158373595 0.08094225850267867 0.08070082070991814 0.02213929848444065 0.042770651356193935 0.06197897690938115 0.016156015617854548 0.030328167818345426 0.01884841894308616 0.06154911253603037 0.059542523710288425 0.06261408183606244 0.013208494171703848
19 0.07620601669441242 0.020014994202328967 0.08516405349604839 0.07330539447101818 0.08379472797744028 0.0475945687250665 0.1068818896437399 0.025610123366405464 0.00827413443154573 0.0021923704071737334 0.009150114740688834 0.03639118163289431 0.01060141602591995 0.08796494364113218 0.02325336740804645 0.022515083554443562 0.0769800877176211 0.08610684449442609 0.06222023201167633 0.055778455357971504
20 0.010419336871834864 0.028778956797946162 0.06044654889880954 0.09656449718845786 0.018591728816680378 0.038223563830347744 0.07263571820829702 0.011857203715643798 0.05116767807258961 0.0768953120256968 0.09286874949097694 0.0730729074141427 0.08820565619049123 0.03293789247943026 0.06154034090600849 0.056473467169838615 0.048288883951940864 0.029248608173477512 0.0002762216277250309 0.05150672816966449
21 0.06621372034139741 0.08146844174358277 0.09587654588323133 0.06665118220490325 0.07800314308863814 0.07333394804123611 0.03903901170150335 0.056872830553612044 0.025466736885715085 0.03462480092938855 0.05103965797594589 0.014536758661989824 0.028352697756422622 0.03447958575790213 0.07411347819146498 0.09558215841918972 0.0010998305794322543 0.017562720745231707 0.012872042835311813 0.05281070770390098
22 0.014681226934098244 0.0776470231189517 0.052386519307714915 0.0057493650270547285 0.06486792422643696 0.03488254379528176 0.1111838827210465 0.03168923208544516 0.05333893002934789 0.029362320428617278 0.06206002989298023 0.08916641732383565 0.08511972233499007 0.029313382595659805 0.02120000902760399 0.0026811701843765354 0.0010184477522184854 0.0985153692086915 0.023824919322273475 0.11131156468337512
23 0.06231606185673995 0.05072895964325471 0.014213207233874123 0.039934727427044 0.1142086384793241 0.0730205222067631 0.10395120445374542 0.028690170754867333 0.044387636549267535 0.023001509491047352 0.02749866225126002 0.005077971895731744 0.11247854430617601 0.0731703926581334 0.04469861606338153 0.015136602559317302 0.02604342633587773 0.02742081333455964 0.07792111349877492 0.036101219000860225
24 0.028838962945266455 0.055134192923295 0.02386067947274697 0.04633594642965484 0.03354830457172082 0.0570601241600704 0.014974346454367704 0.10729432307210765 0.05405924261328518 0.08481299254546953 0.08442838202454117 0.10058080599300062 0.04114530783408514 0.0018382407589539517 0.029426677014145704 0.05362915892482676 0.10467718059828425 0.0627165906710139 0.0024994414879046705 0.013139099505259414
25 0.04273515762494584 0.044037976990550017 0.08900449241925448 0.06746297662506474 0.08201060251919651 0.01734811942683582 0.057385959206023456 0.07443455254016962 0.026296134136155135 0.04287634962160489 0.02732170987840761 0.024594164108077982 0.06314869754773203 0.037321127957503 0.08265127236376962 0.023610328891354483 0.058987826403768824 0.010785322681898501 0.0512467210694033 0.07674050798828431
26 0.05018973940589579 0.10163124570971682 0.07422958932364565 0.05232659393744422 0.07484906685228838 0.08393842441268573 0.023558800480274204 0.018470956476974654 0.09696760378236553 0.05902929300813003 0.027463279278263926 0.00506380474943229 0.007221555605157469 0.08117396991504065 0.022112928987790735 0.08529513686809242 0.08598028340115153 0.022949879223730863 0.02139030634069602 0.006157542241223167
27 0.05168734324990157 0.07416085173249207 0.026766770533227006 0.08096285392612616 0.02948777386687812 0.00581845810826465 0.07900552175663995 0.09781844117244697 0.059671864459542104 0.04089823235010617 0.021028638965836132 0.0858229564264617 0.043908422022359284 0.0775927641147119 0.10242061120623368 0.010597380672072354 0.05256495164476639 0.023296766837747746 0.016116265538253224 0.020373131415932732
28 0.000957977040539686 0.015190244394942144 0.03058747606295228 0.08982184033623133 0.07128764872206643 0.048405774537852074 0.08041462643551522 0.08719108804942091 0.055905432145368486 0.025570778827203926 0.09637159540038616 0.06645949906136811 0.027371277406965735 0.08431573777236359 0.011022042156875649 0.005576823507896738 0.011805381724012961 0.05341793634320487 0.06739147817240643 0.0709353419024274
29 0.060321287446210285 0.05205417390539661 0.08189079955156238 0.04656479926872368 0.08151188543852284 0.058070290237849494 0.07809985386520407 0.0022145555363404503 0.0694120973712337 0.08574633818952956 0.04828370300839858 0.013260007327138728 0.033291240626639684 0.06857475137429336 0.08349084968098291 0.012554180424284632 0.06848254291871299 0.023752659476247336 0.024562346622483796 0.00786163773024503
30 0.07752725110618826 0.09880692244776651 0.07786964891825666 0.09397121116190109 0.0032964842270617497 0.05948743702868371 0.05017570704263442 0.047286493128017304 0.07999424208112131 0.0530850631079508 0.05225117741415212 0.011298356928944611 0.02776840498045248 0.05510376060518709 0.01027176090369984 0.005877095709500839 0.04434766826305568 0.06456240379614056 0.07198314209520391 0.015035769054080914
31 0.08731150111117603 0.03169924240883896 0.03556523424440551 0.0319165172335174 0.04864051308127355 0.07219231060027465 0.040907066699633815 0.03207719488720839 0.07295842979372118 0.06506838019504949 0.029100854718060478 0.08177697543636446 0.00423209762174443 0.07892973877980428 0.02384375184404949 0.055030749984527914 0.0816141812336097 0.05338410789234851 0.03909684462288529 0.03465430761150633
32 0.06908916669865137 0.08697316651958867 0.09168475097287697 0.07405989869049337 0.008226103635778137 0.053173796775079156 0.05503153565361116 0.0905652155019167 0.0772855459385102 0.006767648157610627 0.07892565510029706 0.017246447585593985 0.014422342236858897 0.016183144324497058 0.0624163181128596 0.0527707203083398 0.011580002754637228 0.03935017663733336 0.04720270286102954 0.04704566153443741
33 0.05045582642221687 0.02975542626788216 0.09470137906015529 0.08982429347339389 0.00021201913600810553 0.0024829819108023133 0.024597188683437198 0.05289643340779953 0.08062334603211962 0.0030405498487098867 0.0945882142443473 0.06924926499437498 0.09533057240318348 0.07698885996833346 0.06369899777504653 0.057493075725974604 0.026694565876427486 0.028903562351169667 0.018669667565955866 0.03979377485266172
34 0.06052280599450955 0.07352158827933955 0.023230547242411914 0.00525310077817761 0.01649554859198363 0.022922263825761076 0.05519034686940579 0.08744060764778062 0.03951028004456755 0.06676829507678808 0.08472026758265917 0.0068534583291652105 0.03239514020533825 0.03524368248461623 0.0924604273732266 0.07984819033444682 0.029477749592848896 0.08519332610606324 0.021138463247963243 0.0818139103929469
35 0.06066024095345962 0.049719494598864065 0.03040230101371959 0.03694480673627212 0.0020732717336874847 0.07707166741918792 0.03584917290129655 0.004992899001738741 0.12492942678844529 0.11397314955968561 0.0815328331105157 0.0645480623003694 0.021327194330971185 0.023588797590224524 0.0543488572907144 0.01915655909545553 0.012752338555349314 0.058767111365732434 0.07209423268923372 0.055267582965077
36 0.0642017592154631 0.00703562070417714 0.07248436222690045 0.07836941258906724 0.08285341625152925 0.0261866742357662 0.00830026403138547 0.06720690167249141 0.06413756031633422 0.0008151036486002052 0.030229545192578238 0.08003931897267919 0.0402189964908194 0.05886047317196845 0.060853697034927906 0.08464411999621509 0.04939051033595091 0.004984736671819317 0.08805238979847155 0.03113513744285527
37 0.054269823067918596 0.0385042989121869 0.080695971677246 0.08625456824039698 0.09203504727700838 0.07174863680778253 0.049732702088001304 0.007548028592474459 0.0704549569327153 0.07323603830081389 0.03169641154513938 0.06924914004066339 0.06414797585459373 0.012932971610883148 0.05972403296446225 0.014244190331367963 0.08725654050244275 0.031483279092430656 0.0016767096048378447 0.0031086765566345027
38 0.027724473884408404 0.07577549580383028 0.010742012731942857 0.011706596813058322 0.020587934035613813 0.08420294893821345 0.012297784516941464 0.0025398570958650255 0.12510910217448976 0.006396016501699456 0.10550778204285476 0.11344947737599692 0.11271927102449981 0.05089149220767634 0.0013502652700271589 0.08593983766309311 0.09211164503361392 0.0584119531132663 0.002129576582121696 0.00040647719078719895
39 0.031155816332685445 0.0603642708654382 0.07709900490030089 0.06146335016111124 0.0272151313768171 0.014768640270111728 0.02787000626240621 0.1058880959274637 0.045969673939018456 0.019215970163597176 0.03935214717404343 0.04345880483866343 0.10130533087049406 0.06497817540710302 0.051560126010193344 0.05861051383834762 0.01250616709811921 0.012862730236691822 0.0933346009213533 0.051021443406040465
40 0.08395940909712402 0.041887777899363 0.034388235220774235 0.02336503489542829 0.0008895655911921635 0.00035978660538398314 0.004987026046380591 0.04129587528232116 0.09136818106217576 0.05058382262596345 0.05789334240656844 0.08601178625487738 0.007577903573328929 0.09407568858125327 0.03310716656326888 0.07598745887375392 0.0040641733938155435 0.092809068125757 0.07647124170710622 0.09891745619416377
41 0.09471024565041039 0.00910356563205524 0.0022162704543685157 0.06910191960204795 0.07603975368600598 0.03226340327622481 0.06575504816776966 0.02627468145865109 0.07715771071647057 0.031030086710727628 0.01968952297130107 0.0779362637723991 0.09866900390556912 0.04340472932321595 0.05920237678608724 0.019956393159147275 0.05403469798672246 0.01567955767004962 0.055309292898510894 0.07246547617226515
42 0.03391987779072304 0.07520007608302082 0.019501743334229063 0.0038499260444556697 0.08270846099685498 0.05936707966710353 0.05999131895391766 0.08246472295319161 0.08021458998036418 0.047228540406282014 0.08228652970153588 0.07771073384103709 0.0627075194682091 0.033771892992022094 0.012031269585236634 0.037756134413462976 0.032756165148314496 0.05210444769414697 0.05342972094526457 0.01099925000062748
43 0.03908136387143808 0.08537746288387595 0.01750781640621839 0.029168029062046283 0.024324036881549792 0.04222121338002622 0.060028882482485085 0.06648251566960009 0.04624158160576043 0.07802698853136024 0.047891784413126824 0.08429062458133896 0.017360178695631567 0.03928851836102328 0.01718315462141409 0.051932659856876534 0.07907791085256688 0.032939906099580994 0.08250586856063359 0.05906950318344671
44 0.023665307806167907 0.0794359600318374 0.07960045721676232 0.05007521531560039 0.07985569932559143 0.03567704649331634 0.08537854829089038 0.018590477680599328 0.04279533465958228 0.07534215876102116 0.04079576050513807 0.057770009633956766 0.07165301969375278 0.014714738690996201 0.014837671802370766 0.021228571638327642 0.07941989127823784 0.011129819442871967 0.04330258179686484 0.07473172993611417
45 0.01274009309421943 0.10856856996229225 0.037850396329423296 0.04470986745512899 0.11044091027621165 0.0030721118747367307 0.0521536771346704 0.04477554153098476 0.0478166559312208 0.018258518716783384 0.08926928059285147 0.022408023949351447 0.052878888671114406 0.006864946366698177 7.28179800621895e-05 0.03920082426532239 0.07952802175183868 0.10833123346503337 0.08978572490279434 0.03127389574926193
46 0.0041350881374985285 0.044890823313390865 0.0517665820550663 0.06141624374665557 0.07482506529581358 0.09574147979237985 0.0013906682224949034 0.05236099359424132 0.10006960159555085 0.02700204820478633 0.08188128459705403 0.07577174975965223 0.0034582458548741515 0.040841006981884254 0.011306331772969858 0.04712230318076719 0.05825857025553943 0.020383058270979037 0.08333385328816821 0.06404500208023359
47 0.021987834311748937 0.046471705015746746 0.06258442886653268 0.018326708533901774 0.08390734505794796 0.05299290100832301 0.07054043850617538 0.01193784722651684 0.07261330959286488 0.036383912863152165 0.054028412320820805 0.02457072858649537 0.06501386063882035 0.053545433655143096 0.05148854264381306 0.05458516758481252 0.07748715281263605 0.0003876415285115344 0.050902931511680655 0.0902436977343562
48 0.0354553160351108 0.08706458932352919 0.05078316609175278 0.10173721399788231 0.015499767655767976 0.08080170191299771 0.06884256299520385 0.05510161343206346 0.024970645538606673 0.030721999246032833 0.05662475326753057 0.06150722736253268 0.011481557425908423 0.09207119304409415 0.04316303253809644 0.043786143186758546 0.01072281744179951 0.05286956091852439 0.07234068315992044 0.00445445542588703
49 0.09302940366307243 0.02781401900911851 0.07796532050980395 0.017981898600622725 0.02362979234818492 0.01557277286487074 0.04739646358506767 0.0026102154305210784 0.01744147034806181 0.09382810355621779 0.010150598839556263 0.05593227872643202 0.10368837702751332 0.0008231700143276835 0.07718527240179365 0.02358755999258064 0.11172847683156205 0.0932198450287132 0.05003439919490621 0.05638056202707322
50 0.06479110297194736 0.03537319412148931 0.08709233353239498 0.08831831135100046 0.0581677933264624 0.021610054486919928 0.062160318523623914 0.006460387786177474 0.0943298766819027 0.06337947335695476 0.035804572114261 0.026125679745384333 0.0804872379106824 0.06762063469470474 0.01243671073454614 0.07653281783381331 0.004422632736173152 0.05576941028235386 0.05625570563174042 0.002861752177467158
51 0.07584055926074088 0.07232579509418924 0.05364235914737052 0.04399387493381165 0.0787215408895481 0.03782354294412958 0.040753714135476446 0.009898523331992265 0.006173251287580999 0.02159057221547326 0.060304321170818784 0.07300323411830072 0.08269545459644362 0.04052809382551052 0.024352848080092002 0.07391831074145162 0.04836826031358519 0.012733698130014546 0.06010389534207434 0.08322815044139566
52 0.04228524884125248 0.005185494496473682 0.04827822002241775 0.053739280637558624 0.04392723908216435 0.03496051922966323 0.06438043686392865 0.07526355537572348 0.038530757705354066 0.07328966895134091 0.038204913132410284 0.06476771716089019 0.05859550608606601 0.06941374864202034 0.048496226674107246 0.07249400834188828 0.07131679266230746 0.030500222201722976 0.0035082880212788815 0.06286215587143099
53 0.035362854579106845 0.09667755096407207 0.0810000682018045 0.08970221293803197 0.047598800246845034 0.00028802519836074164 0.020305536581831207 0.04483726115910212 0.10540675280061504 0.054436821340318436 0.07437245280641978 0.018250932817786624 0.04435980511341788 0.031012162069528195 0.006262292356239577 0.08716293894971905 0.04787175590338131 0.028921508216341214 0.05979147398880645 0.026378793768271836
54 0.05793141690397959 0.037441678069932795 0.01867985835242398 0.07189665293660527 0.05950780375384294 0.04243570509249426 0.04235761427465425 0.05762620146237996 0.031470040198403715 0.06439869406258894 0.0749173740620977 0.06994562037967181 0.039121625171742454 0.0064284110951262925 0.04990685280504337 0.06146411102357574 0.05130074419288273 0.021214369286638453 0.07430564942478785 0.06764957745112811
55 0.09167646010116122 0.079286764202058 0.08846344337495492 0.06334091560328123 0.01897413984672362 0.013569359701146456 0.014650910218537675 0.02317063508021635 0.0490564704109899 0.03840766609900709 0.020689413447076695 0.09499279464725158 0.07162775499320731 0.037166964405978845 0.035264811791966076 0.022223819900775158 0.05713337441919385 0.006531175055616177 0.09369059100767851 0.08008253569317945
56 0.01882202978476478 0.09270740993106584 0.07831722021881464 0.037799332262115355 0.043731567102931815 0.05809709826570646 0.00765370086238287 0.012383296077453998 0.0819679058179529 0.016729146764425044 0.08614276665581184 0.0937304472938695 0.09456433147522156 0.03176277015724368 0.020781221170669405 0.018515093971243513 0.07747644489594267 0.021566058772350207 0.04516317410006608 0.062088984419967796
57 0.049547538848641264 0.04317894468086724 0.07176730165851439 0.09380655800178318 0.10221543373470499 0.0014567127352490413 0.04260614885960999 0.05119721504073243 0.04069715165226381 0.06633764056960031 0.02922640486842723 0.051199641857878724 0.005744100364477824 0.012608627877762195 0.06173248522094546 0.02746179606284336 0.011374374536253576 0.09772516022644266 0.09302688283897909 0.04708988036402343
58 0.08254889173142263 0.08438291538182002 0.0587706698191992 0.01728184581416516 0.07274828561027406 0.06548308454538039 0.03930015782977478 0.014314693912397343 0.044947080365707735 0.029137183659244233 0.00506856638261285 0.0043983666455189325 0.07721548104993764 0.08603286947258766 0.03921964758382831 0.006791699884877896 0.03645425573641607 0.060348795798410466 0.09058002500886894 0.08497548376755563
59 0.034674728889351344 0.0761198776737093 0.02365441118986491 0.04519546290477871 0.05074277072309872 0.07624864312760438 0.09101662238631969 0.027481798211747118 0.009470172375331688 0.027267912214663622 0.06499879229590293 0.062489838526829676 0.10637422958145377 0.007219162146243412 0.03339008618760332 0.06520778945242525 0.06802973921716397 0.09357219497479928 0.026721285623532688 0.010124482297576322
60 0.022018243685102922 0.08726368636439547 0.08504474152906309 0.047515795684087175 0.08458330960705038 0.03482026906793419 0.011226876663814677 0.0726069412433411 0.039146725739468445 0.006708585091152935 0.07256161323345883 0.026281017681061312 0.05817977468918902 0.072937049168386 0.00197741060544466 0.0646046560988546 0.08158540375596361 0.031370873680094086 0.037597585787457824 0.06196944062467961
61 0.09372419316126522 0.03434048861546154 0.058030469696053 0.02453055029686734 0.07795669769012642 0.0036862083950835664 0.05249825072990478 0.055848043920558726 0.06331837055519078 0.0013461659352305502 0.04729532085265588 0.07702120118969695 0.02822502545492184 0.03733345633677794 0.013637519905479805 0.0888125313892855 0.018134003750740552 0.07337741737515972 0.058132690692937285 0.09275139405660265
62 0.027700887392658104 0.003809630428928741 0.10470919501099536 0.003338194229337487 0.03229372662116515 0.03131679399125553 0.07126167528612025 0.06873714261964567 0.040263995998331296 0.1032218962295875 0.05442673475254295 0.033344813484363967 0.08941252711865477 0.07427407375092072 0.014164631430143623 0.07469730208333492 0.05159368797140215 0.05849690718436079 0.002554943337010716 0.06038124107924035
63 0.04452904958186819 0.016111897661783312 0.013659962962053898 0.07998294659159538 0.07770653524447971 0.06947725428689648 0.01876481420989637 0.020919252288284805 0.023703878863894544 0.0917979249768789 0.06831716167584746 0.014804559162497405 0.08384034727212038 0.08328279033731001 0.08208958710750637 0.05261197302844701 0.016368742095901993 0.06775411414828857 0.021441194678718595 0.05283601382573058
64 0.0787036136902152 0.013438355854634456 0.005916361354343642 0.07219367724859126 0.027252479404006585 0.04602954315373615 0.09108579223886348 0.0844774283571181 0.026368729883648887 0.06806505167954882 0.06546737811574566 0.0020209843883596218 0.00703292056626802 0.060110336089890144 0.08634952918760358 0.0031574144581146186 0.08989105086950622 0.06258401474156153 0.04120167338806763 0.0686536653301767
65 0.04700964450266308 0.04222482639078628 0.05475247030218908 0.08342997597306337 0.01508560586505121 0.0631377049431198 0.027491290428723496 0.05207116781680362 0.0778522471223583 0.013307061930547745 0.06905744491249244 0.03504882133994998 0.013839224034666446 0.009292658653776003 0.057561327536487475 0.042404476178862435 0.08837046444960028 0.07528899034089134 0.07462307541823261 0.05815152185973499
66 0.019749465960804624 0.08631967455660076 0.03163661623756712 0.07305445066683909 0.07448857549185646 0.0726639352700246 0.05172922911813875 0.09048492351457432 0.09385038919819334 0.0801152553763124 0.02741089518416048 0.05115445632155113 0.005948396719898364 0.08040850917252464 0.0019012426948593244 0.022747955307307527 0.014219438614325536 0.08116363490795066 0.01974291166416127 0.02121004402234946
67 0.009731766944527048 0.032102419672768306 0.06384526803363581 0.0676732680354784 0.006222904752409987 0.04288405547810956 0.10296006335908092 0.05804302082902322 0.058027517634729284 0.01959190519040796 0.048400116605165425 0.045439833509813204 0.06952176715599821 0.08981509863559448 0.05144785610084882 0.01037525089272627 0.05993272520215216 0.0958705160518737 0.05044686375002059 0.01766778216563661
68 0.0522143263017537 0.05871051632600766 0.09148307130095776 0.015258928587280455 0.003466526007891024 0.04963572980719603 0.0761136045488398 0.012861247164194147 0.013766967737341781 0.10089630054820446 0.06542902562391256 0.013784298407558224 0.12697950585916265 0.03141414443941646 0.08143519337928547 0.023375504939213306 0.0776516292013601 0.009447450484806833 0.05318325274551057 0.042892776590106964
69 0.028802761757600572 0.08744962563214813 0.0056727965275324 0.013018016108489261 0.08831042688916248 0.07062887703250524 0.024648734317018948 0.08620086475333769 0.09418426663737617 0.014135966339917875 0.027620604157033546 0.010812300252462976 0.03013462413976099 0.08337082519243318 0.010590874425254217 0.06721527630103344 0.042154000999839646 0.08137077375841605 0.06569151194432404 0.06798687283435326
70 0.009254926917814313 0.05537224027387586 0.040336985606336376 0.02486566322388665 0.04180309533000862 0.08757467135468648 0.0010852166279560738 0.10601767702643881 0.09022759221710792 0.00825484884319388 0.043251125881080495 0.051383726961789944 0.05897467414084249 0.03426417095230731 0.04117239839199309 0.08090092618372659 0.07372967919204426 0.0830224799932416 0.05981079314716251 0.008697107734506567
71 0.09655169905494256 0.03403379193690068 0.03584665314966436 0.015591079942695683 0.044071997915747604 0.0030992619724648984 0.02937618926295256 0.03561951471778317 0.02696690521639418 0.10508214338548065 0.10441411640313086 0.07998793858885542 0.0035441233674592403 0.04771046892779673 0.010744590593449172 0.04322240335924225 0.09342602581316276 0.023914064942748687 0.07278460765170627 0.09401242379742239
72 0.021424757897673972 0.07025239831888426 0.013481834190866477 0.05003218601000474 0.010811427724335607 0.11376495560972207 0.004103207422216599 0.051634148511192184 0.07805792049288836 0.004508862021024089 0.050174027649439824 0.03850729281051582 0.08737815734584123 0.07610513948767328 0.11597993434622515 0.032698927535406166 0.11371340664356257 0.06094273158355266 0.0018804647241991285 0.004548219674775841
73 0.0029004123254048 0.03488669991107545 0.0035966538523812546 0.11100650515069677 0.041202472702608024 0.0899384604523968 0.10804789162134952 0.02780523977532107 0.02119956249650995 0.017138466042303204 0.08541457542956585 0.07648408465476325 0.1042191679383464 0.04326397388878514 0.006894546562982591 0.0027815900641193726 0.020097964754070146 0.05198976424823802 0.08932587379859888 0.0618060943304837
74 0.09760421525616517 0.050124508716853255 0.030155569904327318 0.049585699809218425 0.10239829141018837 0.060948375997711454 0.031232760943047767 0.04836546461581183 0.09239155540583929 0.0062606525091941055 0.02078872803430667 0.033080430673334625 0.015840448556826998 0.06644426758344252 0.03973781717265449 0.0969980260487082 0.003294640565591852 0.016688655430716317 0.05359929958743616 0.08446059177862537
75 0.012026811620890218 0.08185211134382957 0.08713708676430917 0.009234868551365993 0.06112105484075456 0.051229439972047965 0.06679759090640089 0.08523333452934019 0.012092161567413068 0.049216830147188896 0.0030589121612123733 0.07783713681957613 0.05442011285159986 0.014866499141516042 0.03053815065068423 0.05782796367769479 0.050026804533209734 0.05968801550509515 0.05562473130284639 0.0801703831130247
76 0.078608277165169 0.10635066749626701 0.01713980161461294 0.004931785712037417 0.013455140315788096 0.02581160537529104 0.05978902509962159 0.06874370362258267 0.05262390453472093 0.02445351728539707 0.003985257962965861 0.011164861506286044 0.03302112528812026 0.07927282880325454 0.07779532422715661 0.058376914826369385 0.05985840125611058 0.08289175291253424 0.049865613701312546 0.0918604912944021
77 0.060915706015907053 0.02538995166522013 0.00742457794696526 0.07911970533856924 0.09267121206998954 0.04908858667310635 0.04980753733530479 0.10786702555106832 0.041292237017946036 0.0029486450053068645 0.032029183299153545 0.0765846189003332 0.034929083885423005 0.05435055246219018 0.021502830949651948 0.059726777461156844 0.09692497732715674 0.054104628364056065 0.032966756482687314 0.020355406248807658
78 0.08308740221910547 0.09058821960599701 0.06416420472552715 0.008160484704493293 0.03807396350886999 0.04739486203419658 0.03789354305555115 0.028956953891514883 0.04120069541267057 0.03524954073949304 0.030583588743908544 0.02154366537642772 0.09163790974683785 0.09706261436442946 0.04672665741167498 0.03956496598054498 0.05714611392680368 0.035693864839209034 0.01794662691398079 0.08732412279876388
79 0.05786177515218472 0.04381615161359524 0.08491274438642829 0.07642151160672285 0.09576289621406589 0.0212734331625694 0.044501178626016304 0.06588209251654945 0.02949058916862645 0.06017362280519464 0.038021701604493204 0.05168711737265976 0.02380703664187069 0.013336417735226995 0.01806207756726712 0.039483924775094506 0.0971129307205685 0.0819005746427202 0.003724234294119606 0.05276798939402611
80 0.08546196804185897 0.008392228991337567 0.0772002960547258 0.011047084455675272 0.09530360946380184 0.0010513137217949406 0.036192816715996876 0.027200195436957814 0.09617642015350011 0.0010258755968492036 0.06628558444213828 0.11123987019137356 0.06598119119735396 0.10487122488639168 0.05912541675415287 0.0013811053799003613 0.10796616129687327 0.03437793149593028 0.005946117072180387 0.0037735886512070276
81 0.08005325480712161 0.08673314699537191 0.041918399659939154 0.05846389527492799 0.023085001876968023 0.05349872212209584 0.08991692316169779 0.043660753324382864 0.0491491821351085 0.0776311580151806 0.043864663831143846 0.00558825952342926 0.09552513080796796 0.03914703657844543 0.02313897898203809 0.09252563090604594 0.02359551140186728 0.022929820702074145 0.0015946170577442332 0.047979912836449735
82 0.007430704835777282 0.07290575514888845 0.04768204110278943 0.0384461509848498 0.0002679568189061146 0.0011216877449076656 0.036120030308332586 0.0310530066476811 0.07288732567381785 0.059188542242216355 0.09456348748237137 0.07366099348062471 0.057226989027151426 0.05293121984550544 0.06891587893258169 0.09117012605496257 0.05443389238420578 0.042871187096640465 0.05484916127617127 0.042273862911618894
83 0.03711553350737733 0.06272647949203504 0.024451067308247292 0.08605536531018938 0.07239780328344525 0.004363475171523101 0.07041474718134991 0.07381705407992539 0.08018369035127654 0.06257797942739388 0.09516696325190219 0.0791207905419286 0.04070289230497855 0.018310543637054737 0.0219770484402522 0.043663541397561914 0.0011108739896022333 0.05916773563205047 0.04755007788578866 0.019126337806117315
84 0.06303663714499408 0.020088699479385165 0.014145401829804505 0.043236918622295076 0.03829130783917197 0.11215578462403882 0.03504021681604572 0.0011985034727317568 0.005612441949408641 0.0030131231960621105 0.07831972678883022 0.10293311743849662 0.0026215088429713497 0.10036993968033281 0.030223782246513325 0.10506182763480229 0.08809938104042338 0.024509226700408778 0.06611744832889604 0.06592500632438736
85 0.008815403444918829 0.018242176778102682 0.006203873695673909 0.06196726394603857 0.101559391338663 0.02901905001517426 0.060759027154642445 0.038981442603805753 0.06413631488200265 0.10792533125209564 0.04722712925097033 0.0008445984983136472 0.08316689469297496 0.09509029512880506 0.049389896380425916 0.0005691198203821886 0.04693147823561656 0.0019260876490582624 0.08853293001883764 0.08871229521349774
86 0.017306785829856605 0.0356023208364042 0.05934142155670166 0.03399264825416698 0.035841149246187955 0.08837472469487334 0.012281617275226158 0.04374221267896367 0.0644520781451215 0.009277183618408564 0.031299737368062394 0.07433863619673085 0.08016707757646478 0.008858670862131494 0.09331892639972852 0.05536824231163367 0.08864545225961573 0.01762915562895207 0.08012322815356773 0.07003873110720206
87 0.10815227027139139 0.07704365901716888 0.02486051507501681 0.0890571852515022 0.04072435189620742 0.02977154696086028 0.013943424020298075 0.052176540032143164 0.005691487771652822 0.005350739253868479 0.03699926655477131 0.04921806152911227 0.06488410623890092 0.03203773866161355 0.09657062725238046 0.0735134805454892 0.0639831262223262 0.0036423573763967113 0.08358784097442604 0.048791675094473824
88 0.08380897535273972 0.011714607605110552 0.07867865493795598 0.04789937050650012 0.020972872439319508 0.060027326701024564 0.06653310414405947 0.03584425718356442 0.021664223474367323 0.08194226898886656 0.04027006732275796 0.06359089479233986 0.03300743819404957 0.058168656998072776 0.026682731890755457 0.05019845823263068 0.022006564622032678 0.08575080366799237 0.07486185486444574 0.03637686808141496
89 0.0870441735541689 0.05109680350456847 0.0018537011157670374 0.040147263233868746 0.046415766631790006 0.05296432717934673 0.06466987149771064 0.006326794854449174 0.06464038850635301 0.020722867291762877 0.0011236310142687556 0.061846136779830405 0.04599643103505563 0.0986711410734889 0.10231362010827474 0.030132613921667467 0.014910772371408951 0.06416292548577522 0.09672535104004923 0.048235419800395085
90 0.06523802157307264 0.033593219408122495 0.00537815238618736 0.013475850707825712 0.047010958658970654 0.05698706350611575 0.08509841172469018 0.07780619898147625 0.05296333475868245 0.07060262741594503 0.042581242973362535 0.06591943556503936 0.06493379402777757 0.03174948129643138 0.058825611927693505 0.08193726968945578 0.04241475370449868 0.042620340015993824 0.0483025305352692 0.01256170114338956
91 0.04086729097041514 0.0569426413729399 0.026746762817175505 0.02572350656455765 0.03622319970008279 0.06376490016914643 0.026975519320522542 0.02728838971497014 0.0647169314133391 0.06884405220139977 0.07229343759168975 0.07809566802173164 0.04982455573975308 0.03232875268470041 0.06530010698139561 0.06389234426412424 0.06526704138564414 0.029006378718442253 0.05889175714835328 0.04700676321961654
92 0.06870990277742939 0.02979507596484771 0.07664218823371256 0.0810952661791367 0.060523019166855874 0.0770257267666579 0.08404413635336745 0.07316230068088533 0.034117636523449624 0.06507277202485437 0.05981828682728906 0.010739170243975107 0.04472398530315518 0.02223532177174937 0.06260963475042229 0.031132721920402 0.008951532928956034 0.08072042844478586 0.0005355599691573398 0.028345333168910785
93 0.007598264341554627 0.02132332718108823 0.03363091837099987 0.004314283595063005 0.06349780240325671 0.11866566735392929 0.0832759094596853 0.009349122245008782 0.04474159818018429 0.005415469203974462 0.019440789701227996 0.027970971437619327 0.07262146267496297 0.11555616498466993 0.03671688675615481 0.10851377794515771 0.06894391112358399 0.0951410880413161 0.028186410922164923 0.03509617407839754
94 0.02482286649178224 0.03681770018481001 0.07057134423915491 0.0005442404872189831 0.08900030552005944 0.015152229829935396 0.1147690395605299 0.061631491412862914 0.02974891846055354 0.03570674929416834 0.04320518934152759 0.11697441190168731 0.07954072117151759 0.004386370793279206 0.03729147046732799 0.025949700057501114 0.0665218890186584 0.10501434405286342 0.013199973695893546 0.02915104401866819
95 0.008975025154204303 0.04869352660860056 0.07795894870400265 0.028446621139742684 0.036197526545921746 0.015486718939344784 0.03801686345223339 0.04564175979236279 0.0783592080975822 0.0663609473190898 0.018772698532133803 0.055169362789228744 0.07712140518178666 0.0661946039413326 0.042870019600409794 0.08059584339915424 0.051796703746022965 0.07290770367819267 0.07455293630009599 0.01588157707855772
96 0.0758152061110694 0.058112830408415826 0.017346886103445956 0.06623509350834841 0.07991928746091358 0.04568615110227282 0.09553068378003933 0.05408684725184926 0.017581153050705747 0.034225204487764185 0.08392995893743677 0.034766674387413744 0.030107843875727035 0.030681245084673542 0.07192305399304663 0.02196321081303036 0.0853186826062813 0.05621542691131074 0.031687850802935305 0.008866709323320171
