0 0.018894447966451625 0.0856573481788423 0.03394395182799795 0.009433897660782967 0.02058385750333437 0.09017687497353649 0.06399206618933906 0.09551061291944364 0.06025244209368529 0.025403889538283868 0.10696911779154426 0.001077709920312106 0.022897631090286384 0.08852018763206086 0.061663080324729114 0.0026229274005206936 0.04977774036224196 0.008977349569551544 0.049620743080517844 0.10402412397653799
1 0.010550472346511509 0.07601500299625825 0.07006829120081853 0.030753009701106365 0.0561588489191784 0.027149393612183742 0.009529090135406749 0.07218141239914784 0.01470502176568393 0.09425963722340733 0.10800952664228654 0.09772607570701361 0.10573038519939403 0.058309828158835265 0.09260590378755315 0.006378712612327354 0.005085992525089869 0.04854723184422239 0.006539681991094137 0.009696481232480916
2 0.07165593907848862 0.046062840776127156 0.03491070409571076 0.07882946223412489 0.06848699894664323 0.07146464912732557 0.057911984062613546 0.08025547379509333 0.03966012550247485 0.011780215945302201 0.0028034656700264373 0.061627052709374686 0.07052000350814487 0.06121660274449916 0.02906372067669701 0.029919144209189306 0.08067718251078437 0.024101148483025085 0.005495692901118792 0.07355759302323608
3 0.03574652000023557 0.09006131437746359 0.0004787823471409862 0.0034354941740291707 0.058680783008075874 0.028816164759879668 0.002316933036662643 0.04280494357337333 0.09050240705856612 0.011961242058795328 0.06674698556841016 0.02922045957824736 0.06957052047547403 0.09318627822404962 0.07072008866126998 0.07675140964872817 0.0716903838848123 0.07271017972146569 0.05146317036381974 0.03313593947950064
4 0.03900951649039022 0.06857863685331449 0.06051012104618945 0.0007316785759309464 0.10245610609466464 0.08462487479354616 0.01587573097471704 0.0038495344954075955 0.10784060493525348 0.01125978551196074 0.028468068890762116 0.035232541584601255 0.04975951480856827 0.08031717566092801 0.019053487725681436 0.0451112601876026 0.015958278974531438 0.10084350485143957 0.07293460134805026 0.05758497619646023
5 0.07183990692576864 0.08576469511308246 0.030359618536607458 0.04560117911037444 0.07462813355716302 0.05171769899210977 0.01064163637748155 0.00295301006655926 0.027074174071959285 0.04407158327845085 0.08032052743224156 0.07528062695828787 0.08816506884354057 0.06958245505667045 0.050816093185974597 0.00660488439509255 0.03431614635489785 0.06767534090794694 0.044222560408057256 0.03836466042773363
6 0.040488058145777266 0.07773053823765438 0.028005998529764778 0.052024950996901895 0.043701731722075386 0.041077232243932824 0.08755322556929462 0.05824619147010629 0.011198128395036372 0.05312248858243955 0.005627476694846548 0.0641284704320883 0.05496889288091644 0.03234666785801111 0.04914566235071229 0.06422326936571957 0.07018439741617188 0.08842801243758568 0.024509383193190196 0.05328922347777441
7 0.06266121598725774 0.09528977997818135 0.09620303770055606 0.08765545339840737 0.02588642812935282 0.09786704788428113 0.07641442461047485 0.01782921090018446 0.0044604431050013224 0.014216283088631133 0.022907892472155578 0.05528895973148712 0.0077375081382471435 0.01944082186594149 0.03357552521657528 0.08420010905052505 0.025000736744314658 0.07310389601968219 0.049769601453235744 0.050491624525507615
8 0.06296934938655564 0.06473322744066148 0.03530245776487503 0.00747733582087453 0.0005187616253959262 0.09426186886028344 0.09523460087793528 0.07026397847782316 0.09120959579614765 0.058705107959298126 0.042852016387552684 0.08558817539144921 0.0217025046705947 0.02590512758715805 0.007309631189289752 0.02137854140330536 0.04561990798000862 0.019899412212650375 0.09028552086013154 0.058782878308009295
9 0.08733975901931364 0.01590626317045059 0.0700845184777699 0.04422039015330867 0.07732061402984795 0.07713958652560143 0.07074217192852955 0.040586089146920225 0.0369605224451303 0.03798151914110761 0.07236912971974208 0.08045818701049137 0.03929479863974424 0.05703546999616627 0.027740270502693256 0.03605747587606503 0.024406665546172834 0.01374916410701658 0.03450459825405161 0.05610280630987703
10 0.08319567711556736 0.08914147671952072 0.030462355286106156 0.07944206656181373 0.010092669092032599 0.03926152455546122 0.03769299411275884 0.04242260105212336 0.07223439159316467 0.07887534170617262 0.022648987416841754 0.07654234541650344 0.019162631516592147 0.044357546027895545 0.0747102643722001 0.02502950356998877 0.0006046451200374924 0.08204908845784568 0.07560299885701086 0.016470891450362696
11 0.08083734179470584 0.07651178396177975 0.08639327532417952 0.05299045772848545 0.054119814009833137 0.04373300477627775 0.0322696982760661 0.023894003257427243 0.02168570352019133 0.08652594774473063 0.06363318728307699 0.05431945136026306 0.04973846749141377 0.04020092803745317 0.08117031352270113 0.01862974912030788 0.05587050141418975 0.026597662913963746 0.040121158663228004 0.010757549799725699
12 0.009663873709003219 0.0971889423757224 0.07789520413402927 0.044081951768723565 0.06319183948623472 0.015689097063135225 0.0060619916300478395 0.01729451810106223 0.08071920352854282 0.030183375199452415 0.014329951649504827 0.014539102302942955 0.04411499327256924 0.03795602754961387 0.06011753060285522 0.08957643138092901 0.09199397798019227 0.07336432780502164 0.03722052808657878 0.09481713237383842
13 0.03008144808150681 0.033588068880952206 0.05860574994359072 0.03119972717913078 0.0018344065819354237 0.0554524345780663 0.03027883935922185 0.058813497538498086 0.08622378621726197 0.08403370510212045 0.05595341047184352 0.031342752705639375 0.05928306552672909 0.04547632131631132 0.08215114122066537 0.08667156137299911 0.01773930115790881 0.09401060333709303 0.003528448117622877 0.053731731310902905
14 0.010059246424220744 0.09639487795735797 0.07982705260915111 0.051825126924221414 0.01593547888298886 0.008952568419719793 0.10034405268537026 0.013140735392230147 0.09796494542995128 0.008831784470642602 0.0892460587866362 0.06257995451289211 0.005507178054569983 0.10007544727100284 0.054120399901156906 0.005061926356740179 0.0380982974506235 0.0838052612756281 0.07361962422026998 0.004609982974625998
15 0.018495712671011612 0.03521279096917507 0.028940107957173233 0.09925884462155546 0.010279161513107664 0.029445442804571474 0.023928258449986705 0.06159930280408799 0.08245282023846455 0.07546965471607285 0.07660641123092937 0.06163873910772091 0.061359232235832284 0.02706978257863607 0.0404885910977144 0.09178580860060533 0.04665826440093714 0.06106459072379343 0.006334089726618355 0.06191239355200592
16 0.03009541050800036 0.001457513527025743 0.0880747918185287 0.03637517988920736 0.03628618719750131 0.11984735647584097 0.09788487765513773 0.029782913677715326 0.07724682645230756 0.0200725056211376 0.06596202992827886 0.013530295451339316 0.05269969964981971 0.11886266240517292 0.011245929114273712 0.09297896249550357 0.005451263844125004 0.07213197364695137 0.029691382352903032 0.00032223828923012105
17 0.0445720866951976 0.0749701838485785 0.011148826759382365 0.10134675165814476 0.029774525381703096 0.012844964848751864 0.04437254353637389 0.0573183745221506 0.029522234731495477 0.04402499791807676 0.02957527087643035 0.03499960005104745 0.09105500714829505 0.08639345627942387 0.0771875366011163 0.038811581402007835 0.008866337089856019 0.11152813635833937 0.06229416041012932 0.009393423883499665
18 0.09031049961144992 0.07163839229205252 0.044906257542854024 0.017949992554648273 0.013528620803130465 0.07845070832202185 0.042155986144288574 0.08585455457506608 0.01753501925991669 0.04306722859572938 0.04013087046925625 0.05090588564093873 0.0934682375176678 0.008229897587035507 0.08697396662259639 0.012215808335498155 0.006611852841237599 0.0719271769340816 0.034675963405628014 0.08946308094490245
19 0.08896006449287101 0.009877647837961242 0.08626984888073108 0.02270023048919338 0.054557546840966566 0.07528941037204338 0.010230605001436391 0.0963504364599248 0.018780186775853965 0.07191479326951776 0.03012271665788281 0.08977364387050067 0.07269258731118199 0.0666292962127503 0.04718136554636051 0.003786017805710818 0.05574734658248059 0.03657779464124052 0.01725266107575006 0.045305799875642205
20 0.03752249648184246 0.030516436128660143 0.07665655357221579 0.0011690375622523403 0.0024789101567165824 0.0418217031622314 0.0333085155896939 0.022414199491734847 0.08365619472561864 0.008514209428143312 0.06432317016062926 0.08665267991528501 0.00465488353157186 0.044302209373042155 0.05144200466232014 0.07778916319696867 0.1064633251604381 0.05724231872700178 0.09438003095847616 0.07469195801515728
21 0.0030263135498070086 0.08046510004562445 0.008006527030438682 0.08316995090656755 0.07968382348940695 0.06376751457407866 0.08304802184757815 0.0480814839150775 0.07684733555913323 0.001530485567945162 0.06454001105751785 0.01766381246498282 0.08368463236705077 0.006494666087344582 0.05579507514838939 0.06580538640656385 0.06315240029082093 0.08451951976890186 0.015176736043400004 0.01554120387937031
22 0.06567689708885702 0.09667884000645136 0.024826488887402194 0.023939387249909173 0.0342654930363266 0.08823363410937593 0.06790550039009711 0.06509549375123586 0.06016673301963978 0.011486504946908116 0.048961260439024136 0.06041054852303007 0.01691636868402515 0.0018632047012340643 0.09017943586752612 0.0070103046267999515 0.05598543389633864 0.09277483976809908 0.043497753186198564 0.044125877821520804
23 0.07100116219414596 0.039713257712822914 0.034676058324299326 0.057261842922835315 0.07451650312508905 0.062248552353500956 0.03463833448234259 0.07133697147589249 0.017449989096897392 0.07926742551234274 0.08445226622739059 0.03237571827546978 0.0190281008581269 0.004475867227179459 0.057361607517457294 0.07208057081132005 0.03109982931769308 0.06762521492035113 0.003422443038590125 0.08596828460625285
24 0.0747003753486577 0.05467806082524374 0.01658737825804331 0.09113620632882391 0.10046583555000049 0.014995807629198955 0.058298195474259365 0.008819480200407492 0.0421221973857768 0.004110639901226665 0.06704017778016558 0.1090392147773642 0.009955657505116865 0.03888521593540457 0.007355813402933906 0.06085472521402506 0.04604894600489302 0.10145609957703254 0.016471667225091916 0.0769783056763343
25 0.04696116480337826 0.053495652307378974 0.027675008802726556 0.06105416666753006 0.05144332436330644 0.0915317925312202 0.031132875766907403 0.061831250997759504 0.010056572746673365 0.09575302585841611 0.06350157248701949 0.008473296287002953 0.0032850010402140414 0.10544898714851281 0.051989709257529965 0.009236044222642265 0.10493353256510977 0.010825523735025353 0.06563040989966111 0.04574108851198549
26 0.06806115031062432 0.03571312087837443 0.028359251756088034 0.08766861426603607 0.006302088824661563 0.09674527750101058 0.04944773251803875 0.07419292220514609 0.04113610912617986 0.054227460128105844 0.08066558789306358 0.024255020795682588 0.052652037702657285 0.06843557918372639 0.059810986496934955 0.06470137186805802 0.048636522086857724 0.021521995075597048 0.0009497596271720212 0.03651741175598482
27 0.09361662160828041 0.007045554212435955 0.05837460417488551 0.06017357876788488 0.02738939113308511 0.053571297630810456 0.0782747857926603 0.0005981143272112384 0.050639650348087276 0.06653402241606061 0.08352253306837515 0.025694410988677235 0.031527254565251524 0.0656689617928365 0.05370316095058376 0.02895544969461864 0.05429530436491247 0.09949755830054664 0.011560444785186553 0.04935730107761003
28 0.01230504606508591 0.013654443707394062 0.07489894942517537 0.006369115451804563 0.05681682681069352 0.08744984079781438 0.026722207226614007 0.05089728714324461 0.026000739810527865 0.06252230398625112 0.06450986977594951 0.023233344086632992 0.09910708259116098 0.0031015425564101654 0.041025187137288165 0.05523388679527813 0.02548161139887253 0.07585840657882799 0.08467709616570405 0.11013521248926995
29 0.07035024610707317 0.0858915495529811 0.0128997523373254 0.008772957002681015 0.08263809297171912 0.031715672585999236 0.0033687224532751294 0.05936553299527124 0.04277932221392663 0.08220417557756932 0.05855222741977543 0.02850180696993254 0.0018324357046196399 0.02500550851609104 0.06731595516506983 0.07745700864365429 0.07677127734422094 0.07399492684117373 0.06493350875063744 0.0456493208470039
30 0.05092532752364976 0.019237043955873133 0.005371285036557097 0.017513448699377186 0.03478028419090133 0.058663834765461303 0.07571282857774372 0.0233461418539725 0.08980670543205968 0.009625360065214045 0.0982547950922687 0.10043215666135659 0.06465194447465653 0.026863447663765708 0.028604706472945603 0.05716551820147429 0.007115923687864234 0.10312936175306135 0.08710268482333086 0.04169720106846621
31 0.07008931708027033 0.07761722636102242 0.05789690076151321 0.028285280300302435 0.0709431764031955 0.05007266907543884 0.06839922467283803 0.0790488094144148 0.023528561378846385 0.003695561075007624 0.07591735033330686 0.04433675125895003 0.03618416376426986 0.06868097305291435 0.0033394221861173254 0.08038735476217905 0.056200674031033494 0.0731257894881023 0.029750335640491794 0.0025004589597852063
32 0.10791421261979697 0.016614550666042345 0.10895133299580839 0.053229436554380005 0.036857248143795554 0.06224143296214849 0.09792273090593649 0.012384351332560897 0.025910499354570418 0.0019830600288896524 0.0743719634981963 0.0026355755984391756 0.02129717140825305 0.1004471210066955 0.02224963251308307 0.10594733462445442 0.001211843539361041 0.013544323472262176 0.10009514768765855 0.03419103108766745
33 0.045298299600150305 0.08021423314078642 0.0336223656519104 0.013105588652851947 0.05861974012634351 0.07631803968698592 0.02941350504091681 0.08830370451912407 0.04266366248929343 0.04299331066079261 0.04514563446380571 0.06672623706044636 0.03943565498175013 0.05020582919971085 0.017429383268812555 0.033591116208420715 0.022663156321995063 0.08244358876046992 0.05319859066581499 0.07860835949961806
34 0.07824156036333353 0.05078926836319829 0.06403752525393383 0.06109412137982514 0.07248473033973571 0.005518010244055424 0.07734608201631447 0.043075504291203694 0.09755629995992413 0.06520965809672842 0.02859941075534967 0.022535416893758157 0.04981133421342511 0.00999576350385796 0.008287310272640278 0.02762877951252173 0.08601146094717124 0.08911767552376454 0.02000569291529096 0.042654395153967684
35 0.038987219782686565 0.02213647263379455 0.06958848195307324 0.06707629584784273 0.03540265302704165 0.11464519754607658 0.0689158277144436 0.02307242077650947 0.022229946731352628 0.05069099699524433 0.045324845451220175 0.04063530608570377 0.0543720136843759 0.08291105727901367 0.02538191332871735 0.07399939905588897 0.049863544832037206 0.0027852590146614947 0.04736469375043047 0.06461645450988539
36 0.04586744476908145 0.0034012435920540442 0.015947555158396402 0.028407271429059286 0.0733329866271705 0.005493258125783224 0.08241393654816272 0.07611347752979346 0.05083058792552105 0.08723474282555427 0.060449041186855776 0.0329547276904723 0.08220182482168507 0.0228900077323523 0.02804182307707792 0.05935815289537493 0.06899837089947133 0.0710362133973127 0.04347329615685001 0.06155403761197127
37 0.08259706252404345 0.005138411481401863 0.02819218964840647 0.04574116095913278 0.06006064939309879 0.049050333989691386 0.04569677617423621 0.056564636220172645 0.04065372122697467 0.058430879075493124 0.07097731309567996 0.06523573555557563 0.06059269459569399 0.04211345476829076 0.009730067237809331 0.035144486614375484 0.061123343819372795 0.07532337450720888 0.03789038205206249 0.06974332706127918
38 0.0633713968441627 0.03885514038103785 0.02373737342504694 0.0688515746978336 0.042614382856240196 0.0008575083276783817 0.06208901816027196 0.1069573167028074 0.10686424249080116 0.048463296391711305 0.008310191502824228 0.040372098547780365 0.07515813704959094 0.08668065869288279 0.028979887962968263 0.05580540888966123 0.05519454707439157 0.02371549214055233 0.01764484643714171 0.04547748142461521
39 0.04975324707398143 0.02510686011242444 0.020336562313854313 0.03397546724065033 0.07496714218250121 0.0990095147901065 0.08449215609256461 0.005028611854319464 0.07863151078371182 0.0007705681332082501 0.10121416416910738 0.05054313766530954 0.061035207999915166 0.09215272719041855 0.023893524499155803 0.025282005421931746 0.06072392502935929 0.008121996623288219 0.05324370085464632 0.05171796996954549
40 0.019534571563848534 0.045542860692011834 0.05502272889257427 0.10080814374819198 0.02625528290029722 0.03512310681533166 0.048062421259825364 0.08605046579260987 0.009402999097428614 0.10724817737984281 0.0325876555975691 0.061319871805130474 0.03450290669316524 0.0965038359629689 0.014113632840119633 0.00161774111120406 0.02811977788221569 0.11068905501768357 0.05072137827622913 0.03677338667175213
41 0.05054391960467889 0.02400261887005583 0.07514979558812816 0.0804214663569843 0.05194154943476197 0.05617358243339148 0.0733239700470292 0.0621105649351078 0.04554418035451553 0.028145475106085522 0.07093162036589486 0.002238245495018947 0.00866928189775701 0.07400901368021413 0.035550509281369054 0.012254444167015328 0.06706712482934486 0.05576819909996643 0.040540617827872764 0.08561382062480778
42 0.08137638487621633 0.0028980342588469385 0.03942774539688059 0.03181197953491506 0.051141527892295764 0.06519658320488601 0.07103093961639337 0.04142038578616258 0.041861619487977175 0.051189125486618366 0.08615378487268674 0.006760386109656147 0.035447658012138464 0.07672381536271723 0.09014768574488213 0.08422083599731474 0.01149062382304287 0.03245345325919358 0.0476509055719892 0.051596525705186976
43 0.028805744732954483 0.019955470796702363 0.07259562191261135 0.07301676205073347 0.005531234998849806 0.12706412648354246 0.05785163667592084 0.10255553820082651 0.00724795791085934 0.029310469141892122 0.01892281501637517 0.11833520239022782 0.0412493604973145 0.1178186445706726 0.002672185766753104 0.027277949423539487 0.020793507385291097 0.007884360867058784 0.09672900837547714 0.024382402802397934
44 0.055173165933832403 0.05732018809104966 0.0897214611963193 0.0786408944805681 0.05297525659507117 0.03951079466700535 0.07434819720132052 0.0027995694171341072 0.029161250610096525 0.007141416772225653 0.09175861388712198 0.06934212448389827 0.07602104905855603 0.06306296665401705 0.045895812028660804 0.027844228694597316 0.04179525802090277 0.07406613089148231 0.00966718081842454 0.013754440497716012
45 0.01144712131147162 0.06458308922377194 0.030981055713795037 0.07928777192199839 0.08048849079228053 0.038093934163994356 0.03801634119600217 0.06550728773488948 0.017627504608200395 0.0619457443813762 0.027933182448871052 0.06356390725418269 0.0803590852998335 0.023096060899454252 0.030473334538489345 0.02592912659046207 0.04353046714367708 0.08799815082726117 0.08414487734994865 0.04499346660004003
46 0.08117570939215324 0.04163509940991479 0.061620261721609636 0.008615156560367002 0.07245787840231241 0.028690799240756855 0.09755532824136674 0.0163885288990139 0.022400168672165634 0.09148654003669511 0.017000050953353548 0.08172037449387598 0.10102503539474496 0.03543233148926171 0.01743446278661437 0.09459083048326253 0.010139341877583558 0.05398749122469097 0.06459495997300176 0.0020496507472553683
47 0.052162124536415805 0.038659437380376915 0.0796833694339157 0.02915010246771155 0.03477113571769068 0.014836456216336849 0.04205264608099439 0.06692644295924789 0.07660576762214055 0.062310043132665624 0.07766631666704665 0.025517871240072206 0.06735323438708375 0.04733063383213098 0.02376559618806857 0.04200649452199072 0.07915528199497283 0.06150836902855084 0.03754447928000675 0.04099419731258075
48 0.03596044166075279 0.08996006168341658 0.08942682774224052 0.04348254689070275 0.050304126035284315 0.0662302093191085 0.03444319768621447 0.011998669150624192 0.04474286769747079 0.08748251065042065 0.040732882788591135 0.0676497947853262 0.05260857338855677 0.030069453846254566 0.005459927438421014 0.03372980952243674 0.0682606160892459 0.010829335475736107 0.04958192180871628 0.08704622634047975
49 0.05567526572097277 0.07708923467340266 0.06671460290228347 0.027876196173850825 0.07311931490078788 0.048617128890092814 0.01998278408549431 0.03995982445918229 0.05857212463876517 0.01192827354071346 0.0550570546085657 0.06997588638810001 0.03584855858810371 0.048324251504633896 0.014467546548313276 0.04323910920455966 0.036482342878660715 0.0625877025851378 0.08172651414465068 0.07275628356372893
50 0.03822520552074393 0.03313863182609068 0.09285359352527822 0.08214413603466358 0.024942368240685728 0.06601052024363294 0.07774483200018265 0.11514785521599359 0.02454204348093178 0.01643940049018591 0.0914910635939875 0.008559944273271683 0.02556460958594297 0.09665069485069759 0.038967098315701644 0.014329220511567568 0.05841877283025121 0.026444973302779545 0.0360929072728433 0.03229212888456804
51 0.07915883035788684 0.030249809313042875 0.08283478230195955 0.02418259176477763 0.009653080422151813 0.010439311242572198 0.07887182277115916 0.03353237824541279 0.06674489293910477 0.09198791029101863 0.06671310057600777 0.062370437190063084 0.06825156892427178 0.06514538547193897 0.024740276239791175 0.029819026398401574 0.0317203371256473 0.06494156141231407 0.04899028655677991 0.029652610455697913
52 0.051407496211548304 0.07258072116723405 0.050191770522740785 0.04629590241034677 0.0508981096617621 0.019200929854121956 0.07403700902775132 0.03409917208949984 0.08149919650400933 0.014633756730520767 0.05789738696057405 0.009012362664645931 0.1162548100076851 0.021658754003573154 0.03930028220700521 0.020447633173735127 0.02586409324186942 0.113030577539944 0.020763149720309643 0.08092688630112303
53 0.05393098399997383 0.01721314447490666 0.025401217524850542 0.08147452485554722 0.08917665810584882 0.06039086757224763 0.05062730191794538 0.07112725556150826 0.01538727276324294 0.013391156767087065 0.07907364728936958 0.046797719511949006 0.10267109884385413 0.021146280179643012 0.06589390609523128 0.049983187002925124 0.030728419115864367 0.07847056952246355 0.0256166096930483 0.021498179202493344
54 0.05498900042222402 0.06507580774622633 0.08500719070692418 0.04209583443289017 0.062203196678146694 0.03489899142072228 0.03216006087145215 0.044575645347533714 0.05889886611274679 0.004461621464742639 0.08063135664394185 0.08560291709677449 0.0001482935701038228 0.012779918838133383 0.07151680158756982 0.06646905658245114 0.008833127102263267 0.05525777411056459 0.06465200455402093 0.06974253471056781
55 0.10329346008837817 0.037476901945878494 8.819868267304888e-05 0.02627952054081876 0.04664006992622777 0.051346643591490174 0.07993521470482026 0.02324454735226269 0.03140802631878648 0.05501629890895052 0.05157609001071328 0.0028862700233786005 0.032620551458484096 0.03594405872756335 0.13044852432217605 0.0076526281320293665 0.055666941004295256 0.12536768967553139 0.0030653749527759073 0.1000429896327662
56 0.05017392728004419 0.058734586666581635 0.08364126556817496 0.005875306637702507 0.07658641389316345 0.08626392747466105 0.040213011371362246 0.08596133617174706 0.01488756320884919 0.07828882623874318 0.026385586215837774 0.08528585302323152 0.0051890697432620675 0.024605525966510486 0.031507315226361146 0.04988827551744605 0.048752911576373285 0.09244636781498584 0.0059618753030127565 0.049351055101949606
57 0.11469299279362066 0.015202914857512064 0.02890933082475088 0.037255093827771375 0.010090516576315389 0.07163939535139978 0.012621680630592335 0.0913097240712982 0.05986978104205889 0.06680672219753965 0.04722807430024584 0.10388513764638192 0.034528371868626964 0.06044086386136717 0.03388744660712765 0.06795487048831246 0.028433216245330687 0.08604482225004217 0.005118117135223184 0.024080927424483062
58 0.09264406451571135 0.012128224158637575 0.0813050215860657 0.005366216085453087 0.029913013963581623 0.03195801551067343 0.016739986626762345 0.04938965444545194 0.0845983363509506 0.03491321222330406 0.045719401457266065 0.06929968187813082 0.09142307586708938 0.081241448746744 0.02502135758674191 0.030154638541430388 0.03912502148570823 0.0392122879883898 0.08803396107036263 0.05181337991154495
59 0.007670543167714153 0.07719499302073718 0.07227169960570737 0.08561056737605466 0.06744901732459839 0.06354149478525946 0.06915946214597939 0.010497231043441873 0.03415746074370279 0.03781204054043515 0.06723702506591257 0.04859947965494481 0.018990413885138696 0.03812486977642076 0.01868358762586052 0.017699940259145317 0.06389234575448136 0.07898468353166246 0.07300550872430699 0.04941763596849612
60 0.07752353037156508 0.06978489407058315 0.040874426395561325 0.04763823712802906 0.05731026043080117 0.031719735178150375 0.06617513213951538 0.031006839945310793 0.05527961751570953 0.06062423822753377 0.08251329148243927 0.0610627457087799 0.0677959528289151 0.011457369793149588 0.009605475483426029 0.06935726921492083 0.040917371148163344 0.033850606205502086 0.07914156795460173 0.006361438777342395
61 0.03989626026361541 0.09738335391602061 0.0717749982823508 0.003969667237164632 0.030361527005009718 0.031581604881885335 0.009653972489705016 0.1341535281633551 0.08268446407625635 0.048054745583432174 0.010050106870033224 0.01908354401134464 0.02802124932444756 0.043046735850556045 0.040002798596335196 0.11983145446199116 0.0457892949557138 0.04978761262239934 0.07308239173742674 0.021790689670957313
62 0.017364287584815962 0.05766829383222133 0.07944951915502292 0.0686548876048907 0.07105210611179139 0.076427894321179 0.038612008611441956 0.024050728363470986 0.010501685607966656 0.03300994383798858 0.059040755141817204 0.07732268773118944 0.08371382895343257 0.06269742623120964 0.018138916504769603 0.05167092604864316 0.0006583527016797584 0.02288681153603976 0.09192111648449428 0.05515782363593497
63 0.0016100423556279712 0.0452893932961831 0.007198233623622209 0.07437630419557723 0.07670571788264954 0.07255820235274822 0.05550338330071278 0.09444747868080926 0.04270645317803892 0.10556558977886735 0.06452333622654984 0.049590080906168094 0.044642414850818914 0.04892006198958044 0.008918826852937356 0.04309564833533452 0.07919504583469884 0.03100067359221111 0.023030854779233105 0.03112225798763126
64 0.03233751293166822 0.02873531331420599 0.04891887092725662 0.024016620239534985 0.11970224802212111 0.073060644233175 0.0028436053284505813 0.08565754393459298 0.018306220055780684 0.055096789237752734 0.002920593192613533 0.07728281607229162 0.059739024720064995 0.08591309519367304 0.0449772042252499 0.006885551807982199 0.027362083772051623 0.09468221742412493 0.009052030973051 0.1025100143943582
65 0.015430890628799106 0.05748838493317588 0.05850594813007192 0.036301170217251016 0.05247898093852863 0.09248151079332995 0.05226770401206748 0.059402859407995307 0.008734147230668303 0.09818635159428768 0.08492712193975137 0.025976409770604947 0.04954154146255704 0.029689200979252827 0.09381362850060297 0.011936260051192102 0.009054105087612497 0.04739722271631546 0.06729787791118383 0.04908868369475174
66 0.093126351160356 0.044824862716288556 0.08833445766669787 0.04419835628695191 0.08573020632793621 0.021054003777893272 0.0030999577359347554 0.015917420268509657 0.0912744779190197 0.06823361919524208 0.08112912368975755 0.004322207751487248 0.08139808092454932 0.041109471612178 0.06007377723399611 0.029658921828921433 0.013202461138133245 0.071054639253636 0.056233137955537846 0.006024465556973266
67 0.073744567414872 0.05106720692192338 0.048863611480080824 0.07143958870918428 0.07086429459316904 0.06694172619479244 0.06287616474278458 0.006050276810799459 0.0478772593439864 0.03862490783248027 0.07519116239821093 0.04886202490696881 0.03803014094222022 0.0745233361392555 0.07184016123150436 0.021203328347776204 0.05276834323290752 0.008301323287441716 0.019694988637862863 0.0512355868317792
68 0.0759701937371234 0.07633255105902104 0.058544099704157145 0.07698053438963745 0.06466838685681851 0.017759385896519046 0.014223119918581578 0.030753290170825277 0.07643812913598888 0.007740012267624147 0.03366491428240963 0.07123729255832553 0.0578140606659324 0.036339547974155555 0.012681423261350643 0.0635204230201767 0.03707470492583963 0.04006213727421902 0.06876824467574416 0.07942754822555044
69 0.0528556443807757 0.018834991333937207 0.0755071565185568 0.03386529714732371 0.033133430474224214 0.06088779205359034 0.05340695663454223 0.07508803717081454 0.0679799235010235 0.04170752987326636 0.0062143091872142306 0.003945935043339575 0.07397276855780305 0.027062795638990375 0.08254919823443686 0.0644794723574098 0.038246203301031644 0.07713152100075735 0.047663814117440396 0.06546722347352224
70 0.0669681669844949 0.0009764352668928285 0.06842105984172725 0.10486565536548839 0.0705915042063122 0.03069911251055335 0.036296010797365434 0.06329922966286645 0.027937729959976294 0.01129422181381228 0.0537147194328181 0.10445383373037524 0.023371425847484237 0.03524034282805319 0.025757637645866277 0.013527711055749535 0.10462931262249434 0.0813938747065107 0.03823157525212327 0.03833044046903581
71 0.08761723990685888 0.07861954569312234 0.02305452511214022 0.08494050774240895 0.01904358643829066 0.046122969377158214 0.013686644896110989 0.045567351886103356 0.049764111855904854 0.01631564464718221 0.05070845501484015 0.08206026608283278 0.08995919405628165 0.08062677863960935 0.012142517881826046 0.0473201378026146 0.04732621117909984 0.05812040975655077 0.04424240595830829 0.02276149607275578
72 0.030429264576762965 0.021644509368978517 0.06621925817932264 0.03446858882987079 0.0021764796281801813 0.1029235530597523 0.04809169712232075 0.0933283858032666 0.05984350083555672 0.008108082630103887 0.026900235014543743 0.08703875269518047 0.04887269732998698 0.009342022562536514 0.0830494110634644 0.03663943492732479 0.06093269985290455 0.04232451992208568 0.04312617113294666 0.09454073546491093
73 0.06199147549929435 0.08684826333436894 0.003556970262051699 0.018147368693587216 0.05108817492010961 0.010246276194631266 0.06026157786003386 0.07559968244015632 0.09821742491276861 0.08582539737300673 0.019508326027338665 0.042726408928258616 0.05803324882593002 0.08525587100647856 0.07134075525501743 0.05635111892870202 0.013566903884359688 0.03730633510426214 0.030420305717979816 0.03370811483166444
74 0.029354777081250862 0.01590451147085544 0.009461895711087846 0.04079535754383062 0.06494966656710459 0.10013074973213382 0.04954272506984207 0.035464939359864174 0.06744344255751784 0.0970570680232282 0.05964748296858415 0.07525602375916315 0.05643897385178319 0.03286584804731164 0.050555802204360505 0.09001516808575294 0.02564620893905808 0.008524366777629796 0.016786320312322658 0.07415867193731858
75 0.09345508172012588 0.04496333426503445 0.05320955013688492 0.08126588181856326 0.02118484479233349 0.03173076320849452 0.0339102292019254 0.060238887704752435 0.0008744054954400888 0.023630842049038134 0.07438590185725186 0.06568536978570094 0.03250731340999886 0.07613816522682818 0.05544957999898856 0.09971655233221037 0.024593505080374885 0.004463197516124987 0.07999066483343069 0.04260592956649816
76 0.07955417814193329 0.01672040825856751 0.08159159818353227 0.012023113023979381 0.09632263855715241 0.013302592518142605 0.09698009929591622 0.04992004558043218 0.07740872471061838 0.08755494470612865 0.03461346021233981 0.005228866644429032 0.0968358299097107 0.0034789133182056985 0.0012537451198805433 0.034585161591872075 0.025691171311872086 0.10222598219066953 0.006590422489664521 0.07811810423495302
77 0.013009013110711539 0.045522864033070744 0.09534988285415484 0.07913275720718277 0.03677745226910677 0.07147150387831215 0.07015104145509032 0.021186387684625933 0.09119687574262646 0.006567629646904653 0.02018673594443209 0.011227571748301843 0.05004776628404696 0.09869340329906957 0.06463144372248605 0.033175614764330424 0.018860292287032447 0.044586328316140296 0.06589796457382356 0.062327471178550455
78 0.0007371946070500326 0.017107214331114 0.08893110526936372 0.03969800912974621 0.0431005486650553 0.02544621940583428 0.04071607385253179 0.03578960248941273 0.012389786277696534 0.0433801593729621 0.043874679850044965 0.12073445957412926 0.06736782352037488 0.021052142361288717 0.05275864393043639 0.023903238099253998 0.09362547826614843 0.11421480799266166 0.005823409579264508 0.10934940342563047
79 0.05483782276079599 0.021441900713514876 0.07606427348565403 0.023338654288746014 0.07494755286176351 0.07361581577947383 0.051357251121244715 0.07607192776165185 0.03628040161746459 0.049138841872998905 0.045690048148921594 0.05529451972605244 0.006712118298930504 0.07631488906912927 0.06601004548111206 0.03233513983862324 0.0662140793102058 0.05614766400852124 0.027414485819829228 0.03077256803536635
80 0.050298196458284025 0.04567142484057364 0.03693531062800188 0.0620106416340522 0.08257696653387316 0.06166544981685083 0.08122415322045612 0.03634419847698286 0.06506751700385227 0.07411377526118604 0.0598407393870682 0.07206863211340131 0.02808998378534272 0.061020583184509 0.06653581982713286 0.03145370390241695 0.027550295482109244 0.02159024246330796 0.029997561208153594 0.005944804772445105
81 0.04635335144554726 0.0746451535100668 0.003105886631938281 0.028404008601746116 0.06986138588898072 0.07151871160964823 0.07126340995236241 0.12039248901611495 0.07341660071609998 0.013466047350796623 0.01619933265173214 0.0421711152477762 0.014532268331550344 0.06581377650325657 0.09623482788502645 0.052286792545392945 0.04046789616211092 0.012280486957025896 0.04449666099311256 0.043089797999714734
82 0.00728134354804174 0.08761921935954808 0.025800785054838668 0.07572020172537683 0.03448885477057571 0.043222006892644375 0.00544701358668253 0.07266941408705194 0.05304240622438076 0.0012868900862113355 0.0216879644337105 0.08530212029286086 0.07813516540816377 0.0838937955741926 0.06483484656141714 0.056801445985151994 0.04104032451314905 0.007809034136144172 0.08323678679687432 0.07068038096298374
83 0.009959121107053558 0.06403530262009474 0.01934288876146906 0.05843116513382446 0.031517819296057056 0.07750322636334177 0.025878250335899092 0.05574457369334374 0.09801251393370188 0.05844673572149104 0.031662299420501264 0.01710533670341226 0.03476430942236686 0.06577154039879023 0.05067995125994234 0.07229038150085185 0.09507069731203333 0.10655105292848462 0.0023041340106898845 0.024928700076651156
84 0.1106951600815217 0.022860705918559713 0.03161332933490584 0.02196054214682553 0.05523978866795276 0.0017110642733973059 0.06669650831721669 0.0333844510398666 0.020018736669294417 0.08101372103336389 0.009676711591153337 0.009638473260305012 0.08281070501012207 0.017020929879848642 0.0497800448623264 0.053827129623230954 0.053458831876589605 0.10748973321599052 0.11338423215828954 0.057719201039239575
85 0.0664833952049016 0.009293031636076069 0.0660477181071799 0.049690738156673714 0.04883389777134478 0.08473510514384278 0.07669940444621932 0.04101951102373338 0.05932663635149864 0.01579317033806446 0.016577974070337727 0.025334696708739245 0.058731954251211325 0.030978308434039453 0.05777464728871042 0.05795224657995613 0.03820841836855361 0.08166097906701032 0.0738344750142004 0.041023692037706755
86 0.06637849955325294 0.02306168593643862 0.05118944216376801 0.04935032654254582 0.036877176919440674 0.05469133520971008 0.03350622003248802 0.014258985840865933 0.0634527366701155 0.0876029077855469 0.03950570497148613 0.04165185661442057 0.021767537692270536 0.09270966402021252 0.024968384909415713 0.08496470794018673 0.022334328343539895 0.08381782423010722 0.017679291849888496 0.09023138277429969
87 0.05751503134212182 0.00097928578423069 0.00882390791247791 0.020057809596020534 0.07447524422730314 0.061832379068046436 0.0620820366807451 0.03503149272950742 0.07219699391397778 0.07729485453061562 0.06821982997804674 0.019303047253988116 0.07946830271876341 0.08039330134410323 0.07849492667100061 0.02019471260230781 0.005789705240869032 0.034378383496555295 0.06699279980531109 0.07647595510400843
88 0.018519108991705682 0.05180206510232663 0.005086708555504121 0.08940843192486499 0.07491281994880587 0.05613403429078736 0.01992464931523496 0.061695401601211855 0.04351905240696413 0.04134830512794321 0.06342080742909305 0.021222408187406575 0.02757512258902663 0.08130901031569732 0.010055176050617709 0.11029807450806832 0.02996842855223723 0.1068090213905511 0.012885917428694937 0.07410545628325826
89 0.06744349039872535 0.04061599336762072 5.7779540696304573e-05 0.039115916408875226 0.07484338523606127 0.044600592616994984 0.07770964786005012 0.07868629062528472 0.008122780576214583 0.04098861488586634 0.05820723325120189 0.06387520516905841 0.09097434806979038 0.025291675343577902 0.03995623506506136 0.07329532424992267 0.045542813886941425 0.03519699696067942 0.08313014856323475 0.012345527924142096
90 0.06009884356721849 0.055095880746507724 0.0715382913850352 0.10338241215161621 0.020454881922303457 0.02909292993837357 0.07810684746503369 0.015064838375755776 0.019328537793065072 0.05102764078876328 0.07427498251924208 0.02256040179763631 0.011714792913038122 0.047733150224732054 0.06590493057788549 0.026861096281016093 0.05053062819159584 0.08764218308503216 0.027661080984885608 0.08192564929126378
91 0.08187180625175002 0.023883829983212316 0.08009143470077677 0.11049335738911072 0.06264581944756877 0.10869979955837693 0.0003097971890077521 0.017625779236346048 0.04490568877820604 0.02631349882575889 0.0969274358570111 0.022882982484757536 0.021811523731041636 0.07831646005200031 0.02887508677670751 0.04230602250983905 0.08045823779948953 0.023786837651080105 0.007897765029572327 0.039896836748386816
92 0.08333665777983668 0.04328395725663228 0.08375787583037293 0.010335866964376715 0.08295061001851825 0.03835748176772774 0.03609346406258709 0.02668681255289853 0.07037735868121502 0.08304111224400634 0.022231792978878357 0.02847791140475732 0.028241828727190107 0.05859034797206129 0.03684910667434498 0.03944092486443329 0.05711035636975327 0.07255752610726257 0.06419193947893417 0.03408706826421323
93 0.07931008873196448 0.08091257365000742 0.007942270229830767 0.010424474548728186 0.014581375948323563 0.01530648973499504 0.07436018964736349 0.08846480770587842 0.034357606350295916 0.0847439019775753 0.04453153400433987 0.05451096093060251 0.0800990180272683 0.0056242780005462826 0.06291926954549253 0.025555610189094354 0.06371875425510808 0.06857663753592731 0.04582942525547915 0.058230733731179096
94 0.010381106109010685 0.04126906430417569 0.07399155254939106 0.04358038270987347 0.04597235015628985 0.03763760620455747 0.05804668958836583 0.04156686802295166 0.07804763836416727 0.005597508314982778 0.104147875506465 0.061100916257274415 0.015104609820963117 0.09303584054255777 0.0747015824382763 0.010590836819201477 0.023671448408252773 0.07062514897108577 0.09101884345857171 0.019912131453585936
95 0.020212813773243597 0.04402931153509167 0.07219485129877688 0.014191009401464906 0.017142809693855673 0.07938478593369531 0.08258208281455715 0.04523389199998625 0.07003423410767065 0.035501139269350536 0.06539006007534297 0.0459896140120513 0.07648136253613376 0.04496822320758052 0.057629179525393884 0.0196948938942988 0.06249036414054388 0.08259196279556 0.06218881082973104 0.002068599155671294
96 0.010386257108957547 0.05806951354562374 0.013989633878210974 0.07195294403808349 0.07962828567223308 0.019433288910439248 0.06068826742066445 0.03014106183575533 0.021527235558321166 0.02426491666545591 0.051852896440071315 0.04849851293713263 0.09712768840914822 0.11288231176992293 0.04461566033419354 0.012313773058396642 0.05528854529807268 0.06546822721508222 0.10421866626163372 0.017652313642601114
