0 0.08175639120537297 0.04999024206151009 0.03445612013067646 0.0350422686992594 0.06422575575315181 0.005430995455418892 0.08906880376581625 0.022650857188519793 0.05317746672782766 0.013001879889098135 0.030648593357470746 0.024160780103694858 0.08825303055083944 0.009415409504558726 0.08478228428417281 0.08396801822646845 0.08639887198719717 0.059355148474058685 0.029130725251696913 0.05508635738319077
1 0.09308873635781509 0.11766847794129552 0.015489262976975622 0.00890930099532769 0.008220169064807204 0.04751274444908889 0.01354522725498931 0.007700103027968234 0.004186155986168575 0.10706799862686657 0.0894897952835562 0.0058823797657087985 0.0905506067199185 0.10939787157439611 0.014200128930996042 0.05488854524465809 0.09626116812900049 0.07034288479821565 0.03547367511830593 0.010124767753941454
2 0.018126649620340215 0.0667863728318612 0.08678834612972992 0.05391511857181217 0.03848019530580866 0.05478749392107092 0.04810685044706537 0.049545620478038725 0.08468783957393738 0.039453744980900624 0.012097836200181305 0.021673857717889915 0.04094155156578424 0.07485030464771424 0.07181562164941817 0.06808848813084725 0.019540308754992682 0.05961125034668169 0.017585924223974616 0.07311662490195062
3 0.07477701103100375 0.07647046426341643 0.031002190907442925 0.07475060214231144 0.03959915413349397 0.0027624163679132066 0.08280346392325516 0.03391581388131553 0.02404330662392557 0.07065235602908669 0.07779002390593175 0.04458973012449363 0.016741916902824915 0.045756331596473694 0.03028531535036128 0.07274928083778226 0.043397857866860005 0.08342271238326615 0.06961024800208515 0.004879803726756439
4 0.020048278027717976 0.0797574934118291 0.052601298118588394 0.040763409889035214 0.08338934417805875 0.0010783506367393815 0.04882467728154822 0.08563105708340096 0.00798708896826139 0.0891364966251395 0.08303029497486766 0.056305677152123736 0.06720001869747022 0.09020972927063069 0.009987139400386027 0.0853225232313714 0.011394595380605133 0.009765668307933257 0.026284536448211337 0.05128232291608144
5 0.08226607228379906 0.10266508500119408 0.02948282945625994 0.01669468811945761 0.01902185597287337 0.09337610324388339 0.05466866460408314 0.08444842142734721 0.04656229604247074 0.010049856863543335 0.0687916261790302 0.012470820011489503 0.026154777861754974 0.004769008624962174 0.07068292474877458 0.07448611187774443 0.04882222880621005 0.03995239638972577 0.09083175209258498 0.02380248039281151
6 0.03963514996346782 0.0488499099321193 0.008515788556217513 0.041541686320143524 0.03903612767545088 0.03949601363175284 0.07350379086795221 0.05156277287871501 0.031767599365448144 0.017561462187380954 0.0003286814097287619 0.09060220312202268 0.04647626075007034 0.05424677297293725 0.06837193975227991 0.0962427293563878 0.07786983673446071 0.07067473886571997 0.0838802674150121 0.019836268242732335
7 0.04713573606830234 0.01712155564625851 0.08807629064717426 0.003959415307208537 0.07622425056374624 0.01228095500459186 0.01870116466327296 0.0936214075996061 0.05917016353858689 0.05086851881702965 0.05549092578299191 0.002619587360325353 0.042636688337296585 0.029063796913455432 0.08748618067569164 0.09283383121370324 0.09613071542727611 0.0453020807843871 0.04091632337507345 0.04036041227402186
8 0.024579452486873606 0.015023275437914343 0.019798733508758486 0.081594690899439 0.05796020814636956 0.005373484860144429 0.09119274834361621 0.09610457294415703 0.08211011456782111 0.05746650429497148 0.07026603740205499 0.009663750381079713 0.055127346606147744 0.07205490250047125 0.07569450664948311 0.00046207836528008406 0.09130520245800139 0.0005604687626959306 0.07577827613597353 0.017883645248747228
9 0.01059614775512089 0.026121510720777494 0.04798400074912506 0.006984236706457856 0.04836913145177807 0.016180587788552688 0.05954132296982337 0.007201609246518152 0.06537339448116267 0.09229435664517076 0.010511683198595603 0.0893090549930041 0.0704831772827315 0.04918958810559892 0.09133624162854766 0.03207876520873109 0.06577595853119618 0.08132186789266378 0.09122582879859285 0.03812153584585155
10 0.0030935914041445205 0.04989896181628905 0.09463209126698803 0.02330276666479471 0.06319205871624749 0.035906855623772826 0.0660017291963805 0.00036080067427385294 0.04341969481415952 0.01151961695222426 0.07828145088506981 0.08184050426717833 0.07240330642904101 0.004683815206555303 0.0015171635256478564 0.10611775800207465 0.04086424664933096 0.09914383835544736 0.02826380792631242 0.09555594162406764
11 0.029893065244143674 0.09103538412232359 0.05789613963950914 0.08474408265776633 0.02610199050767364 0.1047378366484065 0.05495096976445431 0.057984487310341046 0.022352598572665597 0.054736100925866 0.043619795720233244 0.015517730300169022 0.05476029218104945 0.039741266454059114 0.0027442043466461403 0.06437186595903147 0.0022261217646304746 0.0745126510332215 0.04437694614854766 0.07369647069926195
12 0.06179172890154627 0.06961210652814545 0.08610860238019188 0.07455726006796826 0.04778269174769495 0.001976989831689743 0.029461806955490437 0.047272167650869765 0.04695052136280382 0.003187533069597902 0.013745852976991045 0.05626703291039582 0.08132205419367253 0.06823740596507807 0.037333345806960086 0.07279529183052891 0.05849535214571577 0.06638216844334915 0.04373481770913569 0.03298526952217441
13 0.01649661280971606 0.049742114783556945 0.08311038647055656 0.08620509149165445 0.08182493044293669 0.02717427252340648 0.05221079607301136 0.02228881345939142 0.07992789877180197 0.07837086103399372 0.01730716047845625 0.032693986036433524 0.011140962478624753 0.05948902912711412 0.023240408463262082 0.02641476025569791 0.024015156626267558 0.06392449478111588 0.0776773283177095 0.0867449355752929
14 0.05707126414012386 0.08648617304305095 0.030481795746950542 0.04817796970143535 0.012515178562264969 0.08370457824567269 0.017257070022595734 0.07035373855097835 0.0026489704765906706 0.07432575408513051 0.0758728635860584 0.030943510828400533 0.08271316800503174 0.030170017758911295 0.06157161763105107 0.08448066567237869 0.031488202443042346 0.04348469017018986 0.04253941366298825 0.033713357667154255
15 0.009451912827994947 0.0752480292559122 0.05793109547854727 0.06965584597727859 0.031005934603022412 0.03686006402456399 0.08784621329189066 0.06057398795049357 0.0698718811744777 0.054180542770873745 0.01117506709929674 0.029864421269520137 0.06068806625881705 0.08854232099490147 0.04053402569573542 0.05059997732481288 0.012053658946573712 0.08999062142567206 0.023325821215927335 0.04060051241368814
16 0.08473529782246655 0.01350565486306889 0.002543023297670933 0.0645280823865797 0.05395148364001298 0.020088714104356566 0.07258759477534485 0.08658399747013647 0.06533576331286907 0.032590283441056 0.09593883670682271 0.026438445341897373 0.09523057363164342 0.0074227095726915335 0.08494659874294692 0.026444584545303605 0.08999806979312337 0.02204340342097207 0.023098442206045754 0.031988440924991264
17 0.0846647447198591 0.05642056523831882 0.05786604495349655 0.07418926042319283 0.0059955769043552945 0.059442192808434734 0.09242350751729406 0.02125460666535803 0.0032310864780265088 0.038016322671360514 0.020661229293892434 0.054418619738447464 0.05275016062575449 0.01794238676602884 0.0843723119865331 0.05081571435156868 0.056939569494454 0.028134612927783527 0.06270805392230049 0.07775343251354064
18 0.05868490139994928 0.00497846718248631 0.0009085876226931945 0.06591384391455973 0.0776754034187219 0.06392947390397245 0.06137523773787907 0.09747866168908441 0.009699920832993768 0.07129417631818942 0.07548484871807612 0.02660328615197396 0.06904815779785613 0.0508976490215417 0.04921764514398924 0.037197988984858744 0.051505540323447285 0.10727013948464352 0.002099225913626146 0.01873684443945767
19 0.08663500687347948 0.0026296351068832895 0.040018534847062776 0.09352790517767721 0.013258963803859016 0.050971440505212844 0.06649474867550577 0.017062112601225875 0.06767987204018577 0.006232862677645144 0.07742834374052039 0.05400472671140919 0.050111345309088 0.08031445021258773 0.04299101293013362 0.00016208923604023805 0.06761629470599823 0.06110293066402068 0.03832230191824587 0.08343542226321873
20 0.053932307960330036 0.014927648867997752 0.0004984440145849966 0.014114715903766718 0.07621232918580621 0.07710940489101159 0.05003272300767806 0.03492596318868287 0.08595693575195716 0.04377708388774359 0.029360214615746554 0.07004145220703495 0.05604649032202283 0.10023249139660349 0.08284812115134076 0.010584203115580153 0.017720540255667196 0.07428605114925416 0.06686781386260937 0.04052506526458178
21 0.08481849245769638 0.01904439638673654 0.021364493707808883 0.052030469217928685 0.0519841211678302 0.010597511163498326 0.07585299306449028 0.08477380931051809 0.05867464956348988 0.06713348965246725 0.08022722484631266 0.08696696282275335 0.06640288733775408 0.059641417672450146 0.04735208050759134 0.011683018604546055 0.03860103215803325 0.05743603999819382 0.002472780623912156 0.022942129735988616
22 0.022106761569182943 0.08566160957036235 0.00661438324481514 0.06520825599614172 0.07785001765041785 0.04800091031658248 0.0049860258352984145 0.07720928564076156 0.045967175296093774 0.04102102911813124 0.08202439122808342 0.003468925497874262 0.04171473802478426 0.07444340945457974 0.07916026084082813 0.04044501453191794 0.048708774480036326 0.0684640838546555 0.005625258314786631 0.08131968953466623
23 0.030282137800688468 0.10898827413460241 0.05348354241098493 0.09024157943546898 0.038116122748121886 0.06583294741797373 0.0060711213834231045 0.012822598728062181 0.03180506517920653 0.008005071918571407 0.03293385421677394 0.061879322393962426 0.051830301453424446 0.02222638172846945 0.05668572611012829 0.03348247653455721 0.0611557928185734 0.056225508111627846 0.08818300303945738 0.08974917243592202
24 0.04391585677073395 0.09596687674541161 0.07985519207702838 0.0003499677883467738 0.004324640331225422 0.01796959257181745 0.07088172968376491 0.03639367065227096 0.08181945521659821 0.10294361388526803 0.02123639854268442 0.08939700709210728 0.07168973401403829 0.03561935708852552 0.061150355654662564 0.08881774495300776 0.03660846132792297 0.03332125856326352 0.027512634002817917 0.00022645303850400694
25 0.06814933268061085 0.008877093848873207 0.06704412946246943 0.06872873699284035 0.10177420046576029 0.06264929247593524 0.01725800992769074 0.039527127670550215 0.02348559544281951 0.08611946668234961 0.11245550496456755 0.02701729428767972 0.01185792462206524 0.001161026555443921 0.07336671155521322 0.023495685502931903 0.010279363017267453 0.01487440885839241 0.08847466675510741 0.0934044282314316
26 0.016110668923356348 0.10740543182317805 0.05771206930348782 0.006024773036149033 0.0890052735951498 0.026830108001410113 0.02006258226442991 0.06499749255156763 0.009414727372812565 0.05590397689273795 0.04948837054178206 0.0930726190865315 0.0543577784306766 0.0753839793724771 0.033719252839003705 0.07293860946087972 0.021986209203389027 0.055163818765102984 0.045904036468720114 0.044518222067158074
27 0.07588397553841587 0.08827046325026477 0.07317748958867587 0.05286958957198894 0.0013913247757383848 0.012212725787547677 0.0804053819318225 0.0455857741386693 0.03964639388568776 0.024068218505621134 0.08265084735198484 0.0772756446000868 0.01603121186186489 0.045116066894141146 0.036620651650369214 0.06661366486302159 0.03470035185347484 0.08483180496795335 0.05857275974270691 0.004075659239964353
28 0.07904249344526976 0.03263338876032178 0.08043886094743646 0.08112928309641164 0.04811616977357592 0.047761370252832794 0.02209435117414451 0.015050504124502647 0.05785753137044693 0.0922715552347757 0.011626548850297532 0.04413832925277585 0.007617959114717161 0.08624428872009755 0.03549235992703041 0.06629879272238191 0.08994302447688461 0.0300548780131041 0.052767759598838275 0.01942055114415434
29 0.11502962473077598 0.053701979366646675 0.053052844409541125 0.021386389147803105 0.03940276631025025 0.03651048189100661 0.02066420403047872 0.07511617912385624 0.0922398793356214 0.0695688049937663 0.04119095765707681 0.02959622170493559 0.07792265476885145 0.030248768525669555 0.07861214366301567 0.08673286427007836 0.003133422091112935 0.034702523964875207 0.0047502296763595 0.03643706033827869
30 0.07942490316869773 0.055900926411507276 0.03214694603955062 0.03802269575960161 0.07160143334057385 0.08264427916362314 0.0445906161587385 0.0665400448450996 0.016452095294284756 0.06431907416208762 0.02968448264522741 0.06805759747290001 0.032748019470439704 0.07388580853704997 0.06508214452509602 0.043162554408967276 0.0655823567270896 0.026205329255293765 0.0262284700897471 0.01772022252442445
31 0.06753459138879335 0.006326143700162612 0.08159507807647952 0.07399810637275016 0.06772798596085926 0.05677071126734116 0.03459315707643424 0.0028442274448390262 0.05623852900515311 0.011219404709018093 0.08770993723310523 0.07542260304824548 0.05751901395974799 0.05851624388836708 0.004962579424322927 0.049381426209515106 0.06293003626653693 0.0429024568345582 0.017447273711818766 0.08436049442195188
32 0.028760890203263268 0.012031521174639808 0.0915388058204776 0.021206296205501827 0.04350465991529842 0.055882473622099915 0.06908364931693153 0.047960834424648345 0.08497106717665155 0.033235627452620174 0.009184802297662937 0.03888682858865015 0.07939393566011178 0.07011681179407964 0.047198554328054275 0.049048833953969126 0.026421068865838424 0.08730478672618265 0.06054153463343514 0.04372701783988333
33 0.07643289411632738 0.013307861627703511 0.04442020646421009 0.003499295950632552 0.01145103501166199 0.009416923073621812 0.0887761608076158 0.03988173591515061 0.04909152112232446 0.020573738845493652 0.03740072512016808 0.07596953911577203 0.009491916762291146 0.0632700933955979 0.08044650476157301 0.0875594453684041 0.08006111297754734 0.0801383355877467 0.08151981142751231 0.047291142548645485
34 0.08786034560285247 0.024707930313945258 0.007462821930025206 0.005018885850457516 0.003712068569799585 0.09851779216000554 0.10060628325404077 0.02166591365735306 0.038482891695869624 0.008388821090772308 0.10074770121266985 0.023401860058457596 0.11662046193202909 0.044973006567694596 0.08491087717828347 0.04771013568599434 0.03580201847036931 0.040522770871559526 0.02708720316704747 0.0818002107307734
35 0.032320387231582294 0.08076706476646853 0.0025234708783069227 0.09287005329061977 0.06768717862319827 0.03698021730587976 0.06560632985672891 0.051637180668063665 0.003082737882392769 0.04587233121235926 0.017351544036409174 0.08490129727339206 0.005758130167551251 0.02549009341295204 0.0022683359073875117 0.05197762666648462 0.11810161568485239 0.11083135681247973 0.08825523384463882 0.01571781447825206
36 0.035534557077450915 0.06406673225950263 0.004892325594325228 0.08106067570165922 0.06328274648975848 0.045983724666480603 0.07342107309940465 0.08579024872385194 0.044333728604207194 0.07803257788845952 0.006637178925839976 0.06936387750502264 0.0842999977438986 0.007614671740054599 0.02054190294562256 0.06239687116191071 0.08007560758587957 0.004651255758667466 0.08652130904947888 0.0014989374785246527
37 0.0656712923736543 0.016594462178534976 0.061835089564493115 0.08929762829581836 0.012705963123471062 0.05036196639407369 0.04441897850786937 0.004820623739209815 0.0367123764621476 0.010452413813909798 0.11663884555509188 0.04702889544401766 0.04945423005625287 0.06872987069346838 0.11557280654701418 0.006477557772556183 0.06991641084626404 0.007200614927436843 0.038894809193456385 0.0872151645112597
38 0.032072939948769925 0.011328575173526917 0.021402658304680793 0.04151354260782884 0.08366609242063654 0.07203928208284133 0.07553300798553954 0.0314632415192695 0.02905669448673965 0.08139695989954975 0.02659674697864724 0.07206294021521442 0.08250175395819269 0.013687265461081002 0.07631952903354201 0.07219510854866529 0.021057195672398697 0.03811029660321039 0.05748021157582874 0.06051595752383691
39 0.08272016801229308 0.029850326671238325 0.04610036240226183 0.06233121141296639 0.07345563550456488 0.025979657536179868 0.04116337506942497 0.04722473712230686 0.037591401166105556 0.039238570887739146 0.07265252539540656 0.03634533706118158 0.017398256032307952 0.06648384214457627 0.043828277503477966 0.05406874264371904 0.0809695328411384 0.053668203201448904 0.006479357667143257 0.08245047972451897
40 0.10581435676061664 0.0012318844014824494 0.05931875065297625 0.0102212309542569 0.10397171291870586 0.05535945896510057 0.02548634480206386 0.022659510150301175 0.07304828356167756 0.06411890567700483 0.018463821424310096 0.07147491339708345 0.036500822456718776 0.0342522943350484 0.059545115343956054 0.00023570071775566416 0.05168468861477844 0.07183955484738959 0.10524467859909836 0.02952797141967521
41 0.08220206673221728 0.05103005184490751 0.048093419961104236 0.011039402776069053 0.07522674219781547 0.05507980410181209 0.033603431971278706 0.019893127084049254 0.05529813717570778 0.007276884499499468 0.05411253571203603 0.0778712654044926 0.08354259226111618 0.024421756934744555 0.07660407473305844 0.08195937167654609 0.08962762170659146 0.023564262643564864 0.03150132859126141 0.018052121992127374
42 0.07984733455043837 0.06849964134092645 0.05585377559446957 0.0015780282985447132 0.09151434945817148 0.06878372189649434 0.009466543497707751 0.050595210639791645 0.07277588506189513 0.06244934161165956 0.07864934148479778 0.04181927225423346 0.0655960848923451 0.006582992784771792 0.006787873151681494 0.08400846063894452 0.013384486064976352 0.020863563236798943 0.08523273709031308 0.03571135645103851
43 0.10573820820606725 0.0150554661128493 0.0032805405592075967 0.05660943473981049 0.09551946576907798 0.02659572306240676 0.04513575816974943 0.06289682850814955 0.029297215909634942 0.08121418788069158 0.02225072251467601 0.09389515928581381 0.06913525070537165 0.049776619527663574 0.007011257059692318 0.04927384093160813 0.014903227874547209 0.013013115450191622 0.09467665502013976 0.06472132271265102
44 0.03340622795089687 0.008831021366767895 0.0009890264323615609 0.06604494525430925 0.0865854761948782 0.04754702693252093 0.07650843836829622 0.09414194481926655 0.06071238003529158 0.040197835273280295 0.0401184795663287 0.008600107726461227 0.01374231613679599 0.0023981419380467986 0.0377491309936781 0.10465028113682157 0.00038929067445048237 0.06995207798742577 0.10170814835761627 0.10572770285450578
45 0.08203447616365876 0.02587597212673483 0.04389376553343842 0.018504185081259665 0.011104453834843021 0.07551088849541734 0.050305849481235836 0.09273334065332035 0.05723472602878151 0.05832861464170093 0.07096836328423532 0.01573618033932557 0.001071254475926971 0.05803915256558435 0.0909371039629408 0.09072064893680198 0.09569699621191216 0.03977407304341149 0.005220891612976275 0.016309063526494597
46 0.07133865461345115 0.050964268453265404 0.020041430757791617 0.0759288853516534 0.03585991341974917 0.062151470672326084 0.04534638519994921 0.07670092703848197 0.03362865004332684 0.026641108427174483 0.08674329053663492 0.05384283534133642 0.055732020887817896 0.09036870735660946 0.020959674543926943 0.018649533398641886 0.04231533864919011 0.08115967496200202 0.045875249509004005 0.005751980837667173
47 0.0515600698331283 0.07983054596810922 0.06677180896012601 0.03650679071990504 0.0778825283670885 0.07814435265366733 0.0009052580061643841 0.04347165519012848 0.034695333077634026 0.006388745337718749 0.03466939093703407 0.00307899746977383 0.034852817624068416 0.021310509706575796 0.11359547699808752 0.008663792669630707 0.07387313937372589 0.09965162901979126 0.08861908052499881 0.045528077562643855
48 0.016021052762712755 0.04309837910918583 0.07404859744504887 0.038073745840993066 0.032980037056258404 0.09576961656972871 0.05040829360842769 0.011134953329822894 0.023050198792546845 0.058579571933949526 0.04364799858079631 0.04802196212511811 0.007891914583667078 0.0624925208779889 0.06981672445601957 0.01078971935665101 0.04326651510278197 0.10717159072112874 0.10074961614579325 0.06298699160138045
49 0.037272123040047594 0.04599933229863913 0.007996515015261505 0.072606933917653 0.07350478863435539 0.05685269212080573 0.022857807646171187 0.0871000854716085 0.08000546344799507 0.08844645357150781 0.05582572438792887 0.06192921396400313 0.045180374584499874 0.05404759381316008 0.06020496197751359 0.007078759460357793 0.07294118195031953 0.019069319167939778 0.02289471751603512 0.02818595801419735
50 0.015067730069461605 0.026008681404999862 0.07420996948300691 0.13410561736557025 0.08924703234617924 0.08296513117873341 0.009260191098591743 0.004756435086564758 0.0358482576763453 0.032102349501059474 0.11813652624623841 0.05204757813592034 0.06206679905124928 0.012767618793376146 0.001231022749921108 0.11097886264506827 0.03087222253770821 0.03714154968266522 0.06455870642643109 0.006627718520909297
51 0.03887814280864983 0.0640754219621662 0.03229777292870299 0.045460063818357085 0.052382500936994494 0.01268639093504065 0.07288248668350877 0.027620917296746587 0.054012023422433615 0.06895689136065361 0.08112085019755104 0.03259688207473205 0.06638493593755657 0.03940037836267107 0.06389625828420323 0.03511844690579699 0.08335228732398768 0.046599284139088204 0.08157785786681648 0.0007002067543427763
52 0.060507276386446755 0.06958517196029673 0.07722907081717247 0.08681782823462128 0.009350914204291419 0.08198466990499362 0.08410781138671566 0.08271949396829867 0.03068843953225622 0.0313542174811066 0.014617252397677886 0.03679398300426615 0.08973331221646749 0.04677885528589847 0.014145751388106502 0.07385950275783518 0.04608520934205053 0.043701162533573285 0.008017937608509065 0.011922139589416035
53 0.09586443449456288 0.03603825823831504 0.0924825386778257 0.10550819765002595 0.060338648314781015 0.03458659706817468 0.06393120122604752 0.04591072259540257 0.03692009864171674 0.09821031386785636 0.018313201309289564 0.003878270436628195 0.0069106490457668795 0.019438831596926096 0.0032292922080241634 0.07422520688875592 0.05471130808154105 0.011933498448652644 0.08942539805406469 0.04814333315564247
54 0.0281867439515684 0.044173115566413644 0.04187948588780093 0.00607106066202281 0.03610849658984523 0.02373111845943616 0.010383558516686426 0.06874999170160734 0.00918011480381558 0.08203873074670398 0.013772307578928413 0.10703412119740943 0.05764591350169852 0.03583514791054594 0.1175493851827951 0.04897788972695722 0.03881859054248109 0.1386446745715858 0.02947112418784777 0.06174842871385045
55 0.058460959001849194 0.08600397639493741 0.0906845400904095 0.04830670811287454 0.014852471078022855 0.0005413381098398068 0.08358455041883381 0.03419864431677067 0.06442446189453979 0.09241424106862658 0.0756827698776672 0.034361606586931034 0.0488980991695514 0.029516930618126973 0.02374521023622539 0.024696667421453305 0.06665107516761187 0.033040489712421385 0.06786304444174876 0.022072216281558508
56 0.09476906344354194 0.03823589509669921 0.0006878119759537292 0.06278424878607128 0.08234960179604175 0.018117177406600796 0.04847761546636954 0.09312831525133122 0.014308086687670685 0.03565603757294836 0.06631748037245806 0.023823510514945176 0.07130508354085284 0.09352843327075047 0.04680961412388993 0.026858645488007028 0.04876018164741933 0.07924040511842706 0.0038674275257955665 0.050975364914226266
57 0.07632640573631508 0.04333425483780537 0.03430082155636892 0.02396722359251264 0.06182087184537692 0.07480871768301128 0.07346621693313485 0.06526341776270209 0.009534242086779741 0.08408601300364572 0.04618843897770094 0.05535577650225085 0.03302610250631582 0.0408487367563515 0.022155832721889496 0.07997998183997802 0.04767565193778233 0.05139964752998273 0.04414838701675627 0.03231325917333958
58 0.06447382383718257 0.0701017238447639 0.005477118358580806 0.054984749203325155 0.07196403342852947 0.0791019854347561 0.03723253260535753 0.06551182285398172 0.03447358133306939 0.07211166120812025 0.051951841310432754 0.03143165598055789 0.07668533778219308 0.07176215276985587 0.049932935131771335 0.00817548213129143 0.07393478298000675 0.07099742494807368 0.005719056575195103 0.003976298282955228
59 0.0035944620783585793 0.07719779363060418 0.05588831529733158 0.003972752188510584 0.020205493362197333 0.045642148093065646 0.03667049783352118 0.09832803383300352 0.04595535128490093 0.07071030635709645 0.08857716597958872 0.020818094524340934 0.06656863879073675 0.03993312748173398 0.07703689441589291 0.09946681076167967 0.027444614807624338 0.053694383942125126 0.02175030589406973 0.04654480944361791
60 0.019257514719803807 0.014505079592396553 0.06655229090204462 0.029337230101830605 0.0812458153405124 0.01975347169600818 0.05569599090542646 0.03028405841440774 0.08790244047327554 0.059310425970273715 0.08093094029106447 0.08544034093255269 0.02535883705461024 0.052075140046693134 0.09919582903392532 0.07673778384905745 0.031561814024757606 0.05821713166917549 0.01422190781987913 0.01241595716230482
61 0.03612762943919493 0.05393510662616158 0.014375243904206752 0.09685846843391267 0.08325983120029934 0.006340785359236423 0.0495746544853015 0.03212942872275101 0.05084979850972751 0.05169006205810319 0.08954451231426833 0.05625606385311271 0.02244633234012592 0.09674298167353883 0.02797731723418095 0.0314751149674578 0.058211616555229426 0.07187142807308802 0.01233272013475967 0.058000904115343505
62 0.04074085608278661 0.01605585780847666 0.08870364902460436 0.05111709862827659 0.05012179710495859 0.005791313700505133 0.03807596989465625 0.06225569447815916 0.028825638232971764 0.024915098467589 0.03028814213426214 0.1008146822541996 0.012425742499905235 0.1049035892600713 0.07023201197077443 0.04098957530585961 0.0382805382102505 0.041866722138127574 0.09863459913346338 0.054961423670102115
63 0.09141269743214894 0.022802510329788604 0.07221181339754369 0.042599586610307806 0.024351405664601204 0.02065251465023389 0.017041243125619613 0.007657625781626418 0.07539840562724778 0.014284996211792286 0.01137952244693606 0.03979325501859987 0.08158057456668971 0.07160250288397538 0.08049849812147536 0.0881596781707366 0.024131371818741455 0.08982718640775586 0.08084757048678386 0.04376704124739581
64 0.026825684759121046 0.05618278060460075 0.047424828558492726 0.06638935100490892 0.012621519459790408 0.09268885362826387 0.007961616347635245 0.029322862801883544 0.051374206529067046 0.002589042146166951 0.08586189108365279 0.09416355461323411 0.057633453145384005 0.04264513218354971 0.04333649727404353 0.09104409082758287 0.011937733636129634 0.07291860748103592 0.033801107213108784 0.07327718670234798
65 0.07235260587174985 0.07717111273351726 0.01643268367045543 0.06947163280498024 0.03624285599302293 0.006213411154634524 0.0029342791684325875 0.09641013459109507 0.08778337169737024 0.07006258018319393 0.01960559760926141 0.0336300462731723 0.03740556826297606 0.02260514926387687 0.0889429055966127 0.10148164268595469 0.09842201055838226 0.01739820027390328 0.025664329677242866 0.019769881930165628
66 0.09601653545902866 0.0444687949236001 0.036319141013824614 0.02275304434207635 0.04054051417644461 0.06326299779605091 0.07752831366302183 0.07440115646151303 0.021165756416276004 0.015399517272175598 0.0600689829061687 0.0652704680771766 0.075157390207634 0.07665440239752716 0.01799374981707731 0.05638888339764722 0.045407855497282504 0.031859472007777175 0.014609540160068457 0.06473348400762931
67 0.06405588267393598 0.018799230680026036 0.07964573699154368 0.049007670804262826 0.08639937375031373 0.02540643689451901 0.002492625530364753 0.07616325348231155 0.035254930814812784 0.03525417708169252 0.01613643935235115 0.06903178138606075 0.07919477193889027 0.07529588124162409 0.019030001282902848 0.03606939858326462 0.056629448117954874 0.06985388510833039 0.04225279050636657 0.0640262837784715
68 0.05511223238693378 0.05878961450124668 0.06649153084960796 0.07211676505315459 0.034506673937588696 0.04191329218594981 0.02023008986778069 0.00584605553803133 0.013761845853469845 0.041450427664703735 0.021066696920703797 0.06800423768664832 0.018565820026240843 0.08909420430798412 0.06683103045382204 0.08534152908335085 0.04816681022408177 0.08055877292341707 0.03979061798482272 0.07236175255046139
69 0.059453603896078865 0.0326186914970504 0.022012988911651644 0.0713115134139992 0.03656948112511025 0.04271687442029019 0.09771973156002925 0.09720675449844203 0.08503969914647921 0.023747681691447153 0.018304486471354575 0.11242780535965326 0.10324591111364263 0.08256423186256012 0.00794004200561905 0.03725726033597004 0.022908085625974565 0.029575735313987096 0.014353004137058575 0.00302641761360206
70 0.10459111564492722 0.05051072036413831 0.05129580739613914 0.04735121122715635 0.02671711803815507 0.0913357878815961 0.05149808930505905 0.04142340201836997 0.05199294067916301 0.05318008176306172 0.018363124883421206 0.062356404924862864 0.07188900496503677 0.044499256849063994 0.04683167480420665 0.05500778821571849 0.020809262207379966 0.08865707998918093 0.005161592997023613 0.016528535846339676
71 0.0762682703650698 0.0796754238165507 0.035410614646781274 0.08231683139101507 0.07908227794808226 0.017434268814558975 0.023266945651380686 0.09172565949437733 0.09269980881862343 0.007579741100810629 0.020238447497493137 0.08016026545791281 0.013418133042096084 0.05890691924686945 0.08058820267882194 0.003349767756028207 0.017661041485541793 0.061741335274588346 0.05879709982020255 0.01967894569319545
72 0.04277563580345461 0.07907043629566335 0.08942884320322309 0.010069048497723835 0.013004610885905 0.09834613227414538 0.10043696313146175 0.007838257505143772 0.0818466354087932 0.025574115467803644 0.10501398961438158 0.05686055027378878 0.021543397244545254 0.03578787161518405 0.0002724565328515156 0.0020516887334176216 0.032694229363856256 0.053198246467429974 0.09264077484101334 0.051546116840214075
73 0.07871288688408526 0.07864009686127924 0.05243674888884677 0.08003955920861132 0.04095917779685475 0.025564322465410513 0.014045605120550628 0.0010179358723013154 0.03412816222994311 0.06018996366710736 0.012614579793709155 0.06546250808758655 0.0011470094802340698 0.02748368335384967 0.07076388025571803 0.09424460106581702 0.05390189588352811 0.06315449687891785 0.07751200482825737 0.06798088137739185
74 0.08441542889919217 0.009670457577751751 0.019588197095343065 0.07577734034783497 0.08551888283829595 0.08687016471311534 0.0657394471546374 0.04825530950047614 0.011782614401906411 0.00015055253169096082 0.08532922112262102 0.08393035890715117 0.04228738440797614 0.03601960459190879 0.03630603625611811 0.07889546019181641 0.00423212957185323 0.05461912089147528 0.06363953358148482 0.026972755417350867
75 0.08618279560494616 0.08412979347914236 0.06946993968698197 0.06564939122723576 0.07566780879918084 0.030887219621603842 0.05577477618174333 0.028995989789202137 0.07579905306441118 0.05700089209083879 0.01809333010528916 0.061460466391355544 0.014218679564355874 0.04989992005445895 0.06942204066307864 0.03383338405272898 0.032521521116687636 0.05614981489724049 0.033669666890616665 0.0011735167189016492
76 0.09167142759681289 0.04054315669952739 0.05966276061325586 0.045638575273368856 0.066610701179822 0.011432119481053079 0.0012371839582982222 0.09024967107453088 0.015176668811893335 0.05592017984954433 0.034683094155707514 0.05629413153251756 0.07860902135510744 0.04216429840390977 0.06103966736366352 0.03417220868971309 0.08316864793376967 0.020882656842763494 0.049394819754455435 0.06144900943028567
77 0.09042385608680821 0.08657186506184061 0.018496940125075516 0.0009425136653471132 0.05897462077171749 0.029409835421508365 0.0452959089384932 0.08759047952669256 0.017420201122249793 0.08096050944411728 0.08467466515109962 0.022706619379089164 0.03226045105470068 0.003965276618564524 0.028765227784563974 0.05678824757357093 0.08007458961980701 0.07803918863799193 0.037556813950996464 0.059082190065765504
78 0.044336444258723615 0.04575450641068552 0.0642703892449448 0.02693265539689285 0.08321136857294824 0.034281921671847154 0.06661512816450577 0.055202723879126225 0.0018790426273870406 0.030114310926535024 0.09105914542459151 0.01291536695162744 0.09406178762764418 0.010499124160096317 0.05364556163765208 0.07012251804286322 0.023796374172183745 0.015270984065981088 0.08052522983113003 0.0955054169326344
79 0.03401923238589561 0.05392790596583322 0.06120464375554253 0.058675061855140015 0.033504089947425444 0.059746144971520115 0.04816337493348301 0.06167295810691458 0.032739022415097886 0.03320299840383904 0.0690214910673183 0.0611609875541697 0.04799260250094737 0.06499521941819314 0.062251933602566416 0.04825440720611938 0.055090292382880116 0.016153026082118854 0.06653175222966398 0.03169285521533137
80 0.005083796675098395 0.018419236604831708 0.040421896756402474 0.009308161070998308 0.004268813397322262 0.0871566685363277 0.05135577895631239 0.0783246626560461 0.05524895809690701 0.07789124247263664 0.08275460570204443 0.0782132962485007 0.048187253289960326 0.04969039946989468 0.0607683310986852 0.0356710861246432 0.0032635607476168994 0.06749845779733489 0.0677169955934824 0.07875679870495429
81 0.03517946950800258 0.04230741627851317 0.049622001234145084 0.009040828271350677 0.08907276232585741 0.016130839823946638 0.0491174240282318 0.06547547869096601 0.0888131774825572 0.0872555364214191 0.061001004862666415 0.05095869702031077 0.022005472449458618 0.035666677172244955 0.005160406239441176 0.0276299394035568 0.06457768758284267 0.02874822741971881 0.06659652528439147 0.10564042850037883
82 0.04019888973089088 0.060142919300947 0.04842034788245031 0.07864997085839832 0.022281326236394915 0.029771802289583905 0.06373495156328401 0.0007503590545570397 0.07417228769417036 0.09134266189635681 0.07415335797057931 0.08445976583157885 0.08372373524260923 0.03193871936476771 0.06765344238905122 0.03974424795624375 0.04570114971470215 0.0030737489673330694 0.0464692442357623 0.013617071820339076
83 0.08363539007757839 0.007521354941103711 0.03428619039805211 0.09113199916711572 0.06845293331045021 0.009079335338116815 0.0433676128191203 0.06679316069153644 0.05141071107318161 0.09535461930900782 0.0604698837782481 0.005911659108299455 0.05721215383659628 0.019147527100663378 0.022964426029358852 0.07218541884936779 0.016841815392038634 0.08968245765522218 0.0820551059894477 0.02249624513549444
84 0.08674954536354242 0.010700542861368468 0.01890445504176302 0.07954690817885593 7.70567922817972e-05 0.06510383169058262 0.08006556236506593 0.02058111938221327 0.08813290598801805 0.0813465119741301 0.07524839818431232 0.020345397706955527 0.039836550095015036 0.07973490348105325 0.045193592090140865 0.044304734752060725 0.03824640662823852 0.06503878560264882 0.05902465947518369 0.0018181323465696903
85 0.08215860373464567 0.020228130904919157 0.041024692996912915 0.06342978202742992 0.07763645954285528 0.018271819024103214 0.10761126912455372 0.031342190532381006 0.04116467881481016 0.10506748478412017 0.030140596326200805 0.0686240255043131 0.07656289344797429 0.014433516120227917 0.016991921723999465 0.0007211029040271813 0.07126194097674522 0.000457866290956792 0.06425012079482981 0.06862090442399407
86 0.03947808607139436 0.02993056885887132 0.08159879936738111 0.013871145030807068 0.09306801282451799 0.08382794997847376 0.06581398071461887 0.043581130835987414 0.011724754553710264 0.02531596859183359 0.05822523231387013 0.08626931804430266 0.09701221223834554 0.031573264610492646 0.05790418048414209 0.014538223232363864 0.05079102311176062 0.02418938930879712 0.051146988363177485 0.04013977146515203
87 0.07399447007385457 0.03253237105703432 0.10083664029981433 0.024526612185628422 0.08221196865874501 0.06349149417322208 0.04810107722795474 0.0466707670720885 0.037985318772235745 0.08363361216369379 0.03750971254521554 0.0009115841436943808 0.033421328018047564 0.045379517672010386 0.016993337860600453 0.08985506355116682 0.006376778191835682 0.030639057541693618 0.06071033443094824 0.08421895436051588
88 0.08201756444496157 0.06491050192319646 0.027027808258878974 0.046376235797621686 0.023846724816978263 0.06497672847850347 0.06557690866817001 0.02872448612220289 0.059845568453679894 0.06660229978187764 0.04872822357533744 0.03275710316937807 0.04770118909522897 0.07672462628409327 0.01908673367515525 0.02458832931973355 0.0679211070915721 0.026588109780882125 0.05968167625545941 0.06631807500708903
89 0.0629354859613408 0.025905350244339438 0.031496794395213544 0.0645852922158063 0.00950023313545999 0.06860365150692398 0.06682991321025478 0.07212464729567812 0.0349993682085684 0.036132617432627 0.04034761949461923 0.03497222652910564 0.07850584123956503 0.07566124545380924 0.05502952464160204 0.03627545962290248 0.06327764829295711 0.0033914650828054255 0.08248105429802968 0.05694456173839194
90 0.08201936379042742 0.08703226907406342 0.10803006787037553 0.011714057887212541 0.06656766698389976 0.043510250230014307 0.01213500754676479 0.009849987035821083 0.04709741637593678 0.024870866614502548 0.023615607384023053 0.039670467124305525 0.08657734574312893 0.02754052035755881 0.0929798714931254 0.031728813006797266 0.01788304368317858 0.05623699271289721 0.05279277756004059 0.0781476075259264
91 0.012422257860898105 0.05601795761018921 0.05192641740572798 0.036121111347512155 0.061263979902951314 0.03590836845576341 0.05867745874284151 0.08372380275285676 0.010000191424804529 0.017701216540172232 0.03876303868961758 0.06540449741673006 0.07082492121720883 0.07155631783043476 0.07090067071490018 0.0772559790377499 0.07978688154007721 0.030904051328847004 0.05397677667626192 0.016864103504455358
92 0.022744841007975792 0.06049789934601133 0.09933552091041889 0.032108604590520784 0.08626062060856593 0.017242345431236115 0.012997589227834176 0.07786202507764332 0.017750169445041722 0.08628136408200203 0.0346203707887432 0.1075745266092389 0.08603771668524939 0.05464537498325733 0.006218791645029161 0.02963870343597609 0.007502164827282434 0.03905714680618173 0.06872867265979803 0.05289555183199358
93 0.009730927205946935 0.05523283942199318 0.02794237281443672 0.03699787530338776 0.013941546482210482 0.06283449752235622 0.022848280637664736 0.09709262715785723 0.06055097183589503 0.08897285108698447 0.055313147159647205 0.0965861681706653 0.0311249942194269 0.0007580702028048965 0.021475730871870925 0.09599400902555932 0.056933854487193354 0.018602857453293303 0.07657912559558357 0.07048725334522267
94 0.06660559147799174 0.04572725099547468 0.07806639596382468 0.0024700298591947565 0.009826861494063826 0.0937694900457286 0.04402564052736719 0.08832850885913032 0.045599866515114724 0.03546395883133624 0.07517831391299563 0.03482317164696787 0.06762713912333967 0.05649782726879991 0.06787784359913586 0.06698733343802114 0.01618942866372066 0.08151890384849678 0.017169263949961197 0.006247179979334619
95 0.003376893903377895 0.06280899796569311 0.08875949830065621 0.03662808235369294 0.031886820212812174 0.047292153020490335 0.08883574125991735 0.014192862459308961 0.013650269328173573 0.03309588172011476 0.06825176637426432 0.08600858945191515 0.06276567528775605 0.03740557548458175 0.09472595504071399 0.01634989379262099 0.04418137512060316 0.024783553167697262 0.07302318521194412 0.07197723054366585
96 0.06480802975676367 0.04181286273059206 0.041477590309950935 0.07000811254648409 0.042283265470935694 0.06082575314700921 0.07138535317253808 0.013187545899038785 0.04399247641303731 0.03758894549630075 0.08876015281140137 0.07002410093365896 0.015330180891594197 0.06284337093623371 0.038051801659914446 0.015035575379504484 0.0001947364432706214 0.04517806079919608 0.10543993144415613 0.07177215375841942
