0 0.046025133485589044 0.04520869526796061 0.10022936356405125 0.04605603617130296 0.01605469853531687 0.042756946309773856 0.0059160122447362825 0.07100973175825984 0.054545135317704496 0.05943312387770946 0.038362690312133 0.03275145084110505 0.004934592625791924 0.08613897550755785 0.03112225590044819 0.09417415881421531 0.029435349838608616 0.005778729178447222 0.09460967422733843 0.09545724622194998
1 0.03365592090712811 0.010148018291558971 0.05206457128639411 0.07295026540872215 0.07246121291898375 0.07632960756156464 0.03798315449960442 0.04564631557335614 0.0035396738318471616 0.06471451781163197 0.047582536850080834 0.05818452564707389 0.08698705149400673 0.08066457818605285 0.05121485900233002 0.06514981501911819 0.03543317609688176 0.05849209090454178 0.024870237221285688 0.021927871487836925
2 0.0773795241444693 0.07463261047238642 0.06089638531282814 0.09019461004763998 0.06202504061501385 0.06879811199830242 0.007362370994603675 0.04565257328388312 0.04989023083457073 0.009672065058844447 0.05208617033601694 0.008301756838007147 0.08177976653436002 0.08872184012261469 0.012973035467918918 0.07002383611657842 0.06967969870034116 0.03428060199174193 0.03307088109851472 0.0025788900313639643
3 0.00021549370208837288 0.06358184831147037 0.07473956759872083 0.10155293568324822 0.026372909652179834 0.017716482485101735 0.03278144620373999 0.07461854718521167 0.019212193903659525 0.0008922088422570337 0.04924795586339728 0.08010219216506424 0.02043011298235094 0.022868794470415173 0.0799765386389589 0.10242684208814401 0.10028916955298896 0.09962194385574953 0.01498928160507723 0.01836353521017608
4 0.019399550988687207 0.03840690244923053 0.05251083335238788 0.07767417729951297 0.028114471297432695 0.03692707457379626 0.011781669429611053 0.05485174831149829 0.023395123295887905 0.00735730191409298 0.019016596254733825 0.07148100089217589 0.06515921212430295 0.05548759779521223 0.08743976599251754 0.08807258739148163 0.06179503160759919 0.07923308162969941 0.07631853077672053 0.04557774262341915
5 0.05680521913979802 0.054176109160011615 0.053639462515683564 0.03183129654304985 0.026231395987061007 0.03725780656559246 0.05168368757149168 0.061908537978451965 0.061292708273492 0.02932764600799294 0.0749041888004533 0.06942531552317828 0.060415247047604904 0.05764112741817099 0.04636563015703626 0.013842177929252141 0.06027722306341561 0.06236274715352614 0.06976859371399202 0.020843879450745544
6 0.10113157588040135 0.03152536077322204 0.052204689983563195 0.014702667721612148 0.039826816270397344 0.07019274843065615 0.06970778394592907 0.09248475985786551 0.017777025026320573 0.0455396924967773 0.03656740871349157 0.02369113985235842 0.043606372664194676 0.00312230415624939 0.04191370207806977 0.07524255798531945 0.046496183817465085 0.10899908511213419 0.06782892004970066 0.01743920518427205
7 0.015390913979933389 0.09665205010667403 0.08123786387034905 0.009819202609694962 0.09543968784883146 0.047846322047324044 0.08567328716527237 0.021539714236307905 0.012793672861004128 0.07944266758670737 0.07850613269330751 0.012743370406207443 0.08345087365509876 0.06486699293454663 0.023492195849584396 0.028220107805953444 0.02822331953468355 0.06364871037194345 0.031142912127283855 0.03987000230929238
8 0.05081964430979311 0.04913763739341293 0.055478570009716816 0.038352536945989155 0.08647227012394353 0.0006984278014505282 0.07106757140284503 0.07030170042642322 0.0719010484601443 0.024423101905324086 0.10428066985708284 0.007244846440200035 0.00013807891662817785 0.09999535764503546 0.01694841532702909 0.010700607905404334 0.04094546143086374 0.10842515065816132 0.006162654860043221 0.0865062481805092
9 0.002775583710932359 0.03264856347249267 0.0008069634241697739 0.12080768532880748 0.03429345576585281 0.11902302703939871 0.027510763407858983 0.03092274550863714 0.009678251745829121 0.026941232251867696 0.06309852649115123 0.08585324131232473 0.08483741927820397 0.004322150646621175 0.03512750555208059 0.07796465495056656 0.08013407510981654 0.06885014051844657 0.06784636674818167 0.026557647736759907
10 0.012781637375222208 0.03153823247828244 0.022112562940279853 0.07562461058335085 0.06119601966671944 0.047115810195517284 0.08195940513343601 0.07150858642803963 0.05793620323259959 0.027526564351110276 0.056110898858928115 0.07382416131903538 0.007106037344118379 0.026376132513788897 0.05813111593536188 0.07038668970908317 0.07810970268635893 0.07384338545167415 0.025953193788396334 0.040859050008697204
11 0.044544623869240074 0.04862135389901693 0.05862924933817191 0.057313875670870804 0.024592395517211298 0.058799234682779644 0.06865942987451253 0.061508264010920466 0.04336858265259184 0.07465294354656031 0.06790310661032366 0.0332309592657726 0.0759175614997293 0.0173958181313089 0.059271653085818124 0.005372758732200384 0.054403138321778066 0.026630027012199103 0.07429146295833813 0.04489356132065594
12 0.020953429494037362 0.054430625078377405 0.06879213916195646 0.061979941487549685 0.0716856667691744 0.02131641493663076 0.05786117692825182 0.06909071983245535 0.08043657245744908 0.06516335781829324 0.08083085308244721 0.005124395778888599 0.0037720258219093796 0.06622245998304632 0.04778059084768618 0.07150612675339907 0.04606311157020761 0.03310920880291899 0.03703311206980101 0.036848071325520114
13 0.04714881616852162 0.019946811116252853 0.0032061425304994525 0.0865011470798701 0.0017815204644953681 0.02640664530210069 0.07967925636834111 0.10839756276636114 0.007250302556080983 0.056049529860565446 0.03112428007588578 0.06530886585802453 0.08619397632771886 0.06241865428430462 0.05903652899002045 0.028988954217958503 0.029620509166800042 0.008356277757150204 0.10409074466679695 0.08849347444225127
14 0.024635138124347648 0.039700009877182724 0.009253532147264107 0.09207733073192118 0.08061767598257577 0.08939902005917108 0.015594209942157624 0.08382328716523989 0.07178095787083755 0.02896037613799132 0.00930431661091085 0.003999755604540081 0.004573028220182858 0.04767165252627435 0.07937199099683255 0.05438912126931512 0.05711382970242782 0.10192996172593784 0.013104318195178967 0.0927004871097107
15 0.03014265129315537 0.04893962512233857 0.09057678656349978 0.046788312969541675 0.09169596803570794 0.11074369787511616 0.004041003719170676 0.02302297601248906 0.0008000474743719641 0.06380139355035863 0.0781960793991153 0.07416796500414637 0.026500507272521862 0.050328303311382744 0.0066508244721421575 0.05947795524767092 0.012489067255788825 0.053759495416630054 0.09283958336965778 0.0350377566351942
16 0.005882252036773442 0.07870740409794508 0.03883958132449147 0.05961866406080752 0.049682877205069774 0.08617074421107303 0.00918778435735097 0.052649608594707305 0.01777662484986175 0.0558221672282611 0.06780059302547196 0.06526474758932918 0.06260492672746977 0.06581389827224222 0.016000372355710203 0.0940529061563315 0.004750477033057516 0.09366305641812277 0.04673052132401088 0.02898079313191243
17 0.02452304184542536 0.06158668616162044 0.08998071185976525 0.017049221491221837 0.023693530808632433 0.08282523475055349 0.002273336667314639 0.04321231918158309 0.07325912374029948 0.07610408807848298 0.04197951774083679 0.05987891064862004 0.07066504472021955 0.07233437987703835 0.038756752807419304 0.001559030516870528 0.04632051773340232 0.07783403574847984 0.07088670230962972 0.0252778133125847
18 0.05132360354384319 0.07820773141109241 0.0802088640223714 0.06563832690617864 0.016668987527945954 0.049566550986382775 0.10613060339516597 0.028635643043831895 0.04306645785192198 0.05934775804501293 0.003507780713136653 0.005494130439112759 0.059278028324341425 0.036809102628052766 0.08723097215895063 0.05828747300060841 0.0053385566959085065 0.10747233011341013 0.054208709692029074 0.0035783895007022917
19 0.08792787826892598 0.06357733873846738 0.06255467244707807 0.06434030978352233 0.10157328122003931 0.039722421918917186 0.009429509406144095 0.043430107040058986 0.04017678353423693 0.030840295921168867 0.045107787347007045 0.04551775408707333 0.09280213154108874 0.023642186047416858 0.021087630659614647 0.006027111574628052 0.050273203743438015 0.037907005604150314 0.029050007982830448 0.1050125831341936
20 0.10466071274302133 0.02580415133120338 0.059335065557825716 0.07347880584361727 0.0758051488032605 0.025123229569077463 0.0004883403496524068 0.015958327320496703 0.036538253996909846 0.010587609315821582 0.08053767403564772 0.048920571022013914 0.107746906250012 0.06300409185207868 0.025954318743324455 0.08863628593327649 0.018867657063605225 0.031139684789957704 0.03576001714340383 0.07165314833579374
21 0.09020735840282629 0.031952545593836326 0.05123549029614261 0.05645713388760697 0.012502806382161087 0.0766686560030733 0.06890578202481391 0.06937276174264698 0.013885990153597799 0.053711017172386716 0.000388929634042067 0.06133254001665469 0.05799699466269045 0.07523131010924543 0.0769214169589393 0.0056513583099885014 0.05780535479526107 0.04107163016435869 0.015801358590427195 0.08289956509930048
22 0.04561811605625896 0.06720477743184819 0.015862023126347012 0.09654202029386272 0.03354366221633157 0.0344688572664583 0.012553444997247866 0.05545793971469287 0.011543260074241404 0.08373063009541323 0.007349822036337487 0.018211986331584502 0.10279256016433948 0.05426646001296225 0.09542220767912053 0.028352300121025034 0.046656240042709914 0.10140607146800883 0.035471567018726204 0.053546053852483615
23 0.07751972556387471 0.017204147083889496 0.07320733980567055 0.07342393835697524 0.06152117937201222 0.0624655664047159 0.03814460616790959 0.04144558611879718 0.048183986154716196 0.022788228471522686 0.05709998056477672 0.02453296926897439 0.08778381755847234 0.010563809285862058 0.055955996324961274 0.048332285029482946 0.06406687273064046 0.030380228687597353 0.08981488072766225 0.015564856321486313
24 0.009836996360547648 0.10449717019416069 0.06344879883865648 0.04325647264375007 0.052836837593909516 0.02846201308142813 0.10077554518794683 0.04342332263853821 0.0296241838044986 0.018590477605945066 0.005317747146145142 0.11376057636140596 0.008919445209828278 0.06102382048207221 0.09019823554063233 0.029987856833840885 0.044566517367722505 0.09141856073815804 0.030670200693251597 0.02938522167756182
25 0.06319657454823437 0.004094103290828459 0.043443431328378405 0.07764497369629639 0.06934383257818452 0.06614344608563935 0.04998495418816348 0.008847315064746956 0.06660238565148249 0.06171761741623931 0.028903461121668837 0.04372223866367807 0.05992120630912598 0.07553058221540333 0.04814661104244443 0.004888598156933395 0.0157542656431037 0.055711553730628645 0.0835977485770413 0.07280510069177859
26 0.010657386929077068 0.034018058092368984 0.035107698714385335 0.04467552600618309 0.0498110747224558 0.06474374781352399 0.06489228941169928 0.008456770106784804 0.07685833747899641 0.07965694480389815 0.052435905967883736 0.0841044789886078 0.07341719273270404 0.07635834804201849 0.07488097793743828 0.04040358525549719 0.010501785545660523 0.03456316718654077 0.08037758857226021 0.0040791356920160116
27 0.02795962040819452 0.04797977206860984 0.07369494177541014 0.09855575539083357 0.06216322054591149 0.029309059640142313 0.06963928284813287 0.027070925237197282 0.017272133660668175 0.01928614126823116 0.04542725724434244 0.09228159633650782 0.05255493257144726 0.015464265493996616 0.04078429958315354 0.022430824623240093 0.08248948427153031 0.06299154070417406 0.08500481503621848 0.027640131292057776
28 0.08843771154694556 0.07800114730732328 0.013389561214200782 0.026889506969777092 0.01007391277506632 0.03961860316858011 0.03684012912822876 0.09463776746016744 0.040530686716613196 0.07755683708084243 0.0711651777013809 0.09994434964767968 0.021141919186307867 0.014201853479099054 0.051435640507825744 0.013087555437217851 0.021616035398211206 0.07389684649165577 0.07241305781027325 0.05512170097260355
29 0.05403449505803326 0.04279249127853683 0.049614618380291166 0.10413703466107545 0.046558009627958356 0.08711106203760412 0.04128266823181206 0.03148592995487147 0.04603626777211512 0.05928580644939119 0.06925206528037581 0.03982178511330122 0.04503276867301043 0.0034559287653618807 0.022764125562996777 0.05926018361138556 0.05180942086010134 0.09425932157003232 0.0444485238276771 0.0075574932840685735
30 0.06645980558927558 0.05474337935163123 0.07126907735423972 0.03532906512743927 0.03711315668263558 0.06993233391101414 0.03982627723131938 0.030588601525122876 0.07164523300832573 0.022753230587244995 0.03729917863794003 0.010396801792512261 0.041832016994584297 0.06835768999389479 0.06639751609464245 0.06243424089156903 0.07023750894178185 0.07538056087867621 0.0030335113733216865 0.06497081403282898
31 0.08554534393599933 0.09941341055416732 0.04432975047746178 0.025683045307916215 0.001319659009375197 0.003480443269970392 0.07475652318172739 0.04454348272825476 0.05036950117658872 0.009941401987872642 0.05636126925276881 0.08130129556308709 0.06932832745521249 0.031144933820294735 0.0728738576162554 0.00488645409398408 0.10152337452985827 0.02967869178841231 0.10173869467296615 0.011780539577826986
32 0.0391979814264731 0.0808952985208615 0.015329399839714755 0.006786438272462825 0.0885694872950824 0.052321618409362426 0.07810279473711816 0.028755504531689832 0.02591645792692267 0.006279605438861799 0.058225492002018334 0.07504841174324214 0.01091382679337656 0.04874718253980834 0.08573952378214895 0.06559705257834798 0.08221554260848324 0.04812425085851052 0.07940882836308592 0.023825302332428373
33 0.0447906025425355 0.010663926732874108 0.11271483273535447 0.02130179636770283 0.06941827222494243 0.04275257022857004 0.04244221236560484 0.04403649959156266 0.035053579144933185 0.08699782663997682 0.10746044113742427 0.03535071445655306 0.025712332380173505 0.0064186107732347765 0.009078363711397312 0.05925291740715956 0.006068233665960531 0.11244572804766956 0.04270471974068519 0.08533582010568552
34 0.10304899404543462 0.003375883297566938 0.10958843643811232 0.029203722970052647 0.021667299348222865 0.07342422236723022 0.024453248860115687 0.06950008634715145 0.017023456301454465 0.060959041325980894 0.04245455696156761 0.0074043284127572806 0.027703807045327825 0.044436131128047125 0.03933570053381786 0.04756628104743244 0.040934033995714915 0.08491239171709636 0.0957049920312296 0.057303385825687024
35 0.02438456179170473 0.008152652288858026 0.07431646704212891 0.12259178461403178 0.04826931048225401 0.02684096271773122 0.10431234852345068 0.06561835763451987 0.028314776550626572 0.08080813513642926 0.07244223423707105 0.001539107308305586 0.043096811553235415 0.010408811208293747 0.05949120789200928 0.0428176390446037 0.01406345336005676 0.10219400073542732 0.019900416730247512 0.050436961149014865
36 0.06916838642249531 0.013894018399670534 0.0035560921021517058 0.0471311961305513 0.02150294162321372 0.01988297758155634 0.09315269625698508 0.028249415171262632 0.07742934839046273 0.07361824946760362 0.023115116311612588 0.08399029055840469 0.02611118055187621 0.08387101535139471 0.10722232066305222 0.03616868804209822 0.016410359747640817 0.01671791865957345 0.06474567501215553 0.0940621135562388
37 0.060853125904521375 0.02135414990011516 0.09398350505501119 0.06244086475081206 0.0701985095328777 0.07058291820403839 0.008647190054582756 0.07727322959745724 0.01067311664137251 0.06073076821327021 0.048152919310629275 0.08550313144028927 0.037267427632919514 0.010882785356754058 0.025773572625095484 0.02841927622733275 0.08826194459544752 0.06361114557088533 0.017819880196328734 0.05757053919025941
38 0.07858151504006747 0.016056274592400086 0.004161107356956876 0.029268896493607133 0.07414695691108272 0.07504428062087456 0.0384453092920651 0.07894174900164222 0.0033040902592244275 0.07990154150377782 0.004731560819302624 0.0048457987515908236 0.07864837672628217 0.04652887156578181 0.04760857444297411 0.0708023773635497 0.09218331985756094 0.09500728578878281 0.0441462636250637 0.037645849987412626
39 0.029079216898992857 0.025527251873554285 0.03378097000675666 0.012729738303342049 0.07635853404160571 0.02087223850413587 0.02742936939360169 0.07803118177825394 0.008462910358870512 0.04012467934541073 0.09407812955049495 0.03885491865033089 0.11151265794697997 0.0012829726099216215 0.11132946832466357 0.0751220743802941 0.003611036914889905 0.11973968948576051 0.07942227789030065 0.01265068374183958
40 0.08133686835373978 0.04392444747275398 0.023031855940498308 0.07721001772510806 0.0009366325803742536 0.05599455840329838 0.01794946585895213 0.0353630975604908 0.020163759427950664 0.03608084081122962 0.08171514837025153 0.03371542058134061 0.07313460275229965 0.08098557393714617 0.0725070844234159 0.025689024265345885 0.03466609589456905 0.065301353202398 0.07339042174703317 0.06690373069180391
41 0.08698577670244578 0.035247151368223276 0.062152550548992894 0.09226056799080369 0.05579241240187075 0.0015235255867604037 0.07459406891834 0.07332696338945824 0.07019832114738286 0.03302601765513822 0.028527698478247446 0.06544867246673575 0.079031743980017 0.028349297033775353 0.026244492867036052 0.017262891395279253 0.009180024939808556 0.07386631317018937 0.05654875643615484 0.0304327535233401
42 0.028351025005319674 0.05076431138681032 0.016994862268454987 0.03190565680555748 0.029355265741678408 0.010781094687859507 0.037442247472284675 0.0709359194508237 0.046219844291821806 0.09866518835316702 0.048816186241001674 0.08927532758170953 0.05461796034734583 0.050689557771280876 0.061998275167948536 0.08597081598132476 0.10072311932275095 0.03470478294790041 0.030214617266905903 0.02157394190805372
43 0.0586742273149287 0.07623010949748098 0.10727570318923438 0.048297748375552084 0.00012839286839672244 0.007283340413193023 0.07449614169013916 0.027346446476621843 0.06511231585493833 0.0038159610046295147 0.09196423238142752 0.05532299847578079 0.048347566028735 0.04072085360513095 0.0558519977645287 0.022289075080194357 0.06158853060453881 0.020600698062369627 0.10254287910327764 0.03211078220890175
44 0.012169640809003943 0.02834040014716141 0.021217633832924507 0.09247282258113797 0.04233110519269683 0.06715031651800243 0.0035063696045448452 0.008270082731443784 0.08891095139989472 0.06490205354767593 0.10795422238065594 0.09912980377051123 0.01711317916716774 0.10072532167245477 0.07693978828052034 0.024044054037197 0.042005824088498414 0.08196277636284921 0.01887080619149117 0.0019828476841676876
45 0.04651366262669562 0.07434864585490114 0.06170146987111645 0.06313003211743819 0.07133204605532394 0.04244537253174636 0.02616967217133896 0.028981528018073712 0.06649229457394157 0.07169908527334014 0.031363529104379194 0.042923368910033594 0.07428599363158038 0.04016365579132037 0.07807129502578962 0.04599986154961441 0.05836798277911643 0.008235473934842346 0.06746027074438417 0.0003147594350235083
46 0.07945537176000195 0.008335310079497144 0.035495482681745225 0.004762281490061836 0.012981150918350705 0.055676759691363195 0.01916197936694912 0.07286023719121854 0.061816085548550864 0.0209885721987385 0.07425645537846229 0.09541897630473213 0.03972001465762434 0.06422917936994496 0.04952946151568605 0.06510573931773654 0.03457157017737163 0.08435300186593643 0.023043779662309763 0.09823859082371882
47 0.0010845864397867112 0.11728397299971864 0.09365086053589 0.009102066047652315 0.005379025546651162 0.05548661542300868 0.09989018177043694 0.04829468432394024 0.01007678430832137 0.10053197316111828 0.06801909864741627 0.05019396620245993 0.08685693542866456 0.027875011257113485 0.010605564210286257 0.02385042233767899 0.05288873109681866 0.07568544531126101 0.044331852298239126 0.01891222265353757
48 0.11001204635529035 0.02927983299781328 0.039296698324476464 0.04379224591142159 0.04860981729745301 0.043476838771510616 0.07228750741702539 0.03271329483361974 0.0021689247020150702 0.01264165783998566 0.010588421486592543 0.09327763987818179 0.028073263149050613 0.08357836536236957 8.437699922969112e-05 0.1005542951704467 0.059993205943016076 0.019064588005191212 0.07155338440688229 0.0989535951484282
49 0.04651874551455521 0.011882550758129974 0.08414350898693398 0.09022771502625467 0.07709354048285004 0.06689411698803077 0.08211608858482787 0.01878303715499395 0.08751392905749217 0.02022026239816587 0.07639961640703034 0.051311999409642255 0.061794572406263376 0.02837330535457898 0.010724968516099597 0.074044911459027 0.007303638632432944 0.04041970269486005 0.015039481419621397 0.049194308748209695
50 0.013099559736558188 0.036118196816245736 0.08487297917143094 0.06108452310387374 0.05099298548719061 0.07652336631052647 0.060412494493932906 0.08792067713277593 0.006929283064504044 0.03563868286995571 0.061110805839381103 0.05976335471151096 0.03384213829209797 0.057097095408593423 0.03944796520590374 0.006714903541876642 0.07509161499732746 0.053404271308169694 0.07253358783538726 0.027401514672757556
51 0.019846052074857394 0.056151266847075075 0.000617836043764151 0.06598331853074703 0.04707389316052614 0.03210800118090386 0.10055228047498492 0.0525395278769176 0.01244681889849122 0.023208971591246175 0.09748103909098092 0.04368764203026946 0.07892291632099409 0.017132513662817206 0.01595452423106819 0.0767815956107326 0.08417295975461539 0.024714229695632372 0.08263413711699993 0.06799047580637645
52 0.05781713488057715 0.053863449778809205 0.05848298531003652 0.07746421089219707 0.03910197657460012 0.08154938959359101 0.03825803294850806 0.08100874350370935 0.025858957908309197 0.07299026999634126 0.032911098464372554 0.004939030425481394 0.03876349215939661 0.07000739001061496 0.09645256566665872 0.0038818676328282046 0.08074186902311674 0.05313644746549798 0.023720235327797747 0.009050852437556232
53 0.027693453863191983 0.11562147321620007 0.09254726629017726 0.08212998661799538 0.017987291768944348 0.01183160442010805 0.034267854404272435 0.07664283922664474 0.0005612206818268098 0.05399477443740514 0.06905138936423619 0.03247283478590464 0.01203550149680353 0.009516653671566863 0.07175042244410727 0.09717434064032733 0.0583139824010157 0.061784476560028063 0.011141736803829764 0.06348089690541467
54 0.08604581847960335 0.09991948164615239 0.025793788303865212 0.0143907791144532 0.019202500506565752 0.030838559412443383 0.06799652460604912 0.0005049560761414 0.1003848542391318 0.018676010090741584 0.062332441885299676 0.04930142469259315 0.041703229042304814 0.0661603050489754 0.0874735123830855 0.08608071648258206 0.03416869623363042 0.07579549081851641 0.02615870631365301 0.007072204624212325
55 0.010931577182837432 0.07713939939670059 0.015110825549378563 0.08528475779493526 0.029528349754220674 0.043671431984655645 0.08625564238246321 0.011818939269025695 0.03877846005626976 0.03438294846929744 0.08642595659217106 0.08196231741244336 0.07229534025675236 0.040410078324421464 0.07507479296987837 0.04876185277432557 0.01298140162662124 0.08127456032097968 0.046173510329416426 0.021737857553206095
56 0.08726178900919833 0.024425566002617912 0.07805571846761844 0.05123611626603908 0.0913560619536139 0.008635118570591616 0.004002153939876963 0.0008466212334757605 0.08364693713320168 0.07309991211600779 0.03383026492139 0.03265867046975059 0.04092200081761174 0.020991528870284305 0.082649575354874 0.044098074124745264 0.04841643960409129 0.02366385803437737 0.09045653471043634 0.07974705840019757
57 0.06700232874636132 0.11988815654795938 0.0740176839300607 0.02676193146169552 0.014228985757870644 0.008078610394648533 0.03384263302072792 0.04556698562242281 0.07639379771335418 0.022502968502705036 0.000360289197249755 0.07273623626310723 0.03643894312955571 0.12034039460155938 0.061357505134888815 0.10626179919256502 0.010309195102788734 0.042753030705746826 0.05067584303106827 0.010482681943664304
58 0.025771396930089643 0.07614120062072212 0.03108027470350432 0.07538353005955323 0.0715805176919493 0.07249533493525924 0.039486391209940325 0.026693909042723517 0.05812752367691902 0.06244377600037341 0.06822566421799066 0.046386505184636856 0.023069843834339934 0.007321846275641835 0.02451919094627157 0.06728535921928805 0.053470857163432424 0.05911588133335157 0.062426526255187624 0.04897447069882535
59 0.07995372907059024 0.028882168834495094 0.05985199712990778 0.030148965539645623 0.006121377765362958 0.04787060925439931 0.07530227754940194 0.01507563977315726 0.08740913835856029 0.026914340152437814 0.05441957145261221 0.020804363031967556 0.09119175578227015 0.07632779192938748 0.014816313974671938 0.10047127028753473 0.011803973044603787 0.034383639355490096 0.0563647771976434 0.08188630051586059
60 0.01669277865907768 0.019501400734181374 0.08303688852772291 0.10255496561820314 0.05126252044527885 0.10581034376989316 0.06140805415240494 0.002004862339656891 0.04639430876572922 0.10973663258184412 0.0012581948122886858 0.08421755554273207 0.09634777053984686 0.02853764637958865 0.10641863164519341 0.016522818700294907 0.04134026929876899 0.004117485240225 0.01970822144297141 0.0031286508040977404
61 0.010617139475305298 0.00983485202032364 0.023264105489152295 0.07825926331344087 0.09385266236624999 0.05197710060574541 0.00749728806387959 0.07100627682600433 0.04089882671860178 0.058609571865881914 0.0037236081741608106 0.08510222300639549 0.07643399399194031 0.036702108634926886 0.07294555611958906 0.07533073420766292 0.038267403017745144 0.09979344262945936 0.05825877030378187 0.0076250731697529925
62 0.047528011198106374 0.051362000254590055 0.04922744664574678 0.03211739654783398 0.09002789221125211 0.03977591082067386 0.08916536283804667 0.06144552182915791 0.00924102581593711 0.09670982005068643 0.09529252073093294 0.05122145494498548 0.08838281333652283 0.037324972949988544 0.01091785923256727 0.07254727027322116 0.0256349628303439 0.0014663707191062616 0.006621136748359284 0.04399025002194077
63 0.05481822483582584 0.09247866354026875 0.03626358198103634 0.004418657412033347 0.03127641557145555 0.06414201808782083 0.05558115479764111 0.02244575823076085 0.0475409348761058 0.06264641495073234 0.059546499523800846 0.0275444212323125 0.013075594263214545 0.08541823387361815 0.07428834807795327 0.03186132382596736 0.07459449601787203 0.07740265949749248 0.009184374034618527 0.07547222536946943
64 0.019760307392861512 0.03862005608289462 0.04294359591294506 0.02987663009784695 0.04502465450784331 0.013768290958415651 0.026052231363075048 0.007866622398422868 0.062869225941804 0.03417012176168867 0.03645187366313719 0.006307338570480901 0.09439513802232119 0.08755402740620967 0.059339584994060744 0.057687813763410166 0.0398525494387892 0.10064920381383595 0.10431104286809657 0.09249969104186091
65 0.04125794654191922 0.0442853599732599 0.0529669235027408 0.07580938232309391 0.01657219837184077 0.07512875671250457 0.09606651052759 0.04312411146603757 0.05939900376965795 0.02796707150048156 0.013584669136711374 0.05729235282116928 0.031029741580039582 0.024088047655768472 0.06214091875288167 0.041267510405801865 0.048788224389570846 0.09583973509233142 0.0903659003740471 0.0030256351025520745
66 0.0747169865047241 0.02857885567124411 0.0591747749233519 0.07508777766514069 0.055226384236472095 0.05530684095918901 0.018829175027285896 0.05888344055330496 0.05511530799591086 0.09805413348892554 0.013849286446957881 0.0328555592399219 0.06998403385146552 0.006744874550358941 0.06923160902655824 0.0518291709438486 0.015039572329075756 0.06045195959646346 0.016113120058687525 0.08492713693111299
67 0.07949947011812587 0.0940510000388146 0.11528950466442937 0.05065353633543558 0.010979090396804862 0.05110340178344639 0.028581512704218295 0.06267253655281989 0.08519084987183609 0.017081236208832656 0.03413564038752408 0.06013831858162992 0.016601919965988185 0.07948039174242116 0.05713447538552038 0.06490012561520807 0.0009061562681098102 0.03172830721682375 0.0040638692880659456 0.055808656873945046
68 0.06918803678759168 0.059462317465056376 0.06603249038128292 0.012923742860279202 0.08657923879290179 0.0011802693919790203 0.039561793078543836 0.03855272603418307 0.08365311509776183 0.0004208306991396722 0.0828038686439019 0.06695996391493177 0.0034730088315281646 0.08854200439610843 0.05070173821775122 0.09587646748096752 0.016530870812938737 0.04750084833093946 0.008629314440141358 0.08142735434207202
69 0.015622958681917981 0.02908037175628804 0.05577136313460174 0.08003283534231337 0.016976596281644597 0.07528897301640573 0.08341713794513908 0.07097246700435834 0.07525920358629865 0.08392627090120619 0.028865890081676594 0.06524616090338917 0.003412802431438361 0.03821485568564147 0.011917563719078438 0.05623517845972061 0.055644025120458504 0.0718747426216044 0.08030107496453122 0.0019395283622874223
70 0.016844447854689658 0.09255736087621316 0.07394860288731543 0.019789495553141228 0.015905965647184134 0.04344327891979576 0.05961979020064332 0.07734101718384576 0.06987596548352291 0.015083525641167744 0.011902870587502522 0.006275297989618975 0.08674202128333354 0.06066184843994519 0.07780613314288788 0.09183921337750087 0.025713652325693854 0.049460702081323374 0.07211833130407184 0.033070479220602855
71 0.0840247377409178 0.035930035778364164 0.019941285642161355 0.0015422738609398075 0.07770784315286508 0.05561095572663145 0.05371919128580718 0.039271185498757695 0.024505192751663372 0.041938743898022775 0.021273433820912045 0.08723887103209833 0.06057854971741713 0.07308276130921781 0.08475090891086326 0.059869833247681956 0.035720259548455854 0.05145004955561135 0.05144325146885256 0.040400636052759
72 0.05590187337433131 0.06498758988071394 0.07437767258684805 0.0019634055071342314 0.09018140027923467 0.05296626570201926 0.01239212939874275 0.050556150917465084 0.07486011530840148 0.05220379179747011 0.0471431620867914 0.009282975440302555 0.03727219059007871 0.08973078314293217 0.0356879106245768 0.056964601763876604 0.041705895374348864 0.06584113474673645 0.02562479423327461 0.06035615724472087
73 0.031360537419620235 0.0713551092548795 0.004660715865343408 0.07191363795951553 0.03868085526376826 0.07677398814795207 0.038296169210370094 0.04316533875119925 0.05413053441068507 0.05383297093347862 0.01300426278230797 0.08215192955924636 0.03357785619170057 0.012865977272512995 0.08255673783715606 0.04550762843925001 0.07886362377222476 0.08191093599390613 0.04510641936364261 0.04028477157124056
74 0.003208983329520641 0.06286424860125177 0.03737508144227284 0.05282303463307312 0.020310893267896177 0.07834296489533475 0.029607333070117203 0.009489251106000192 0.10458674748187695 0.1049662966351048 0.009336402683422779 0.10762609593775699 0.0374950888124171 0.06541302919300467 0.03380965973606504 0.03732488522303205 0.09561756465271683 0.03683977612081776 0.017581358585017547 0.05538130459330053
75 0.02964928014570646 0.0036917245393262932 0.08730126132069295 0.024766922396610633 0.09861832335992218 0.025957763797460034 0.07966599138084064 0.002086809620279262 0.07232843267620673 0.09006941563759131 0.0002627704930155503 0.0791538700336744 0.05548905964524073 0.04401822297063637 0.09947046276753124 0.10069571467224656 0.042430275377142765 0.015859240342519534 0.04634331005706932 0.0021411487662869443
76 0.08051239192699153 0.0156316277884611 0.05860292378271751 0.03400992124391736 0.024115642750897323 0.057794131693798455 6.041560205781205e-05 0.054004897455806784 0.08364493998877696 0.0672389263913569 0.024593111122456126 0.04407774335321379 0.03445730345116431 0.0908502709619395 0.08097008588680073 0.03792408477217466 0.08962537708756234 0.06478727509067145 0.03254838744345512 0.024550542205780262
77 0.05077841050617066 0.09092679161815762 0.08834750699211348 0.005878342632635129 0.09315741095163639 0.02690619533912637 0.061609788945007425 0.01669969953639837 0.08317475458819787 0.0540567856667238 0.011694598623622491 0.04046142648007399 0.004399653703316649 0.024769066164114863 0.053764582554312636 0.02298344758547697 0.026103682581254034 0.07988656474124471 0.07039429534544411 0.09400699544497226
78 0.09279100930239287 0.01898351330644553 0.02285016799450703 0.03912302105500063 0.055941993985486466 0.08248241104945411 0.015138317129364785 0.09820572459270512 0.04160087359820825 0.10036599767716313 0.031324819921550846 0.017386845594550195 0.004406598844126699 0.10364722477543253 0.008559452880730055 0.012374945289473242 0.09706690538457832 0.013188275035641819 0.04905397142079426 0.09550793116239403
79 0.024076719549821015 0.05376851757965063 0.05282773122628181 0.1044074785630286 0.03528936481528248 0.008139288319909836 0.10937028397326423 0.041758464230842014 0.08176884155680492 0.060771402240606294 0.07231448420663435 0.07719372573271724 0.0031306515039688995 0.005972920866642182 0.08972604166152881 0.05501126831295129 0.04933868114404084 0.0014759173248137425 0.036752120040239616 0.03690609715097107
80 0.059822547256588796 0.07319627960472441 0.0616650659610963 0.058488176882045925 0.04042748601598329 0.04425165496745963 0.016163420367238612 0.062032187386329894 0.008095340919594029 0.0776489413254894 0.036602198130376545 0.0362826507432902 0.06425836764273034 0.009469384174592197 0.059594304664859904 0.054685382695368816 0.03235032865299232 0.07239380615989786 0.07850083167892681 0.054071644770414574
81 0.0682671199346596 0.07452390752997473 0.03161568241814103 0.07484254226722757 0.06633933822951552 0.01175066520078018 0.07771639856008293 0.059841458744818325 0.028537767452572218 0.010816023554516425 0.04772037619555919 0.035169840317642864 0.07757373372958476 0.08237141438030478 0.08986650338666473 0.006127718340385836 0.04685632384487369 1.5855429313318947e-05 0.05157033219035645 0.058476998293025786
82 0.04266127820790538 0.09048360576730295 0.060826446370500394 0.028456516962325307 0.07376450607949621 0.01867445589972409 0.025982737799169625 0.08721850317967582 0.030790739969969366 0.06410964535070106 0.10261026199726538 0.009236888353191886 0.013359765883017702 0.08980136610909395 0.04785995259563402 0.0719741172223792 0.02808004592798328 0.08790963943527122 0.009996597980841177 0.01620292890855196
83 0.019054189682055397 0.027375990689759044 0.012191333869446494 0.03829531767875115 0.08325559603011026 0.04351718330025678 0.07724953509621758 0.07805605089233054 0.05978272611955669 0.04423765459210519 0.047871307682272324 0.0606518586501626 0.005951668753309662 0.037053501891441576 0.08202324185383318 0.042661897163201845 0.06772440960514611 0.02751122627553632 0.07826633587177498 0.06726897430273232
84 0.08938243895721658 0.08214104375232498 0.08879468242638605 0.008014043228441113 0.06266351410841249 0.038213099804096436 0.01618833084198367 0.020065403105164404 0.00032503002134302817 0.03538796042311031 0.028089326399776578 0.028482859974139636 0.05515726435139398 0.07854991703766526 0.010130508681199177 0.07899450889482526 0.0807618222068271 0.08169021522815384 0.07903923572220801 0.037928794835332125
85 0.038744961754523695 0.046914298620458254 0.03776162273365463 0.0585891090805439 0.040448554205735544 0.06955531154934944 0.08262781131424866 0.01094859208737628 0.009959907726906195 0.025739797803332572 0.02184894370287884 0.07157626325898878 0.007931730910118647 0.0826937946339625 0.09097160803141258 0.029073177996106 0.056269024277556305 0.09039132961528396 0.07176170277471089 0.056192457922852365
86 0.04043564080849493 0.06056394129671919 0.019201467092185034 0.0650996495619113 0.014423839908188987 0.07106573672597014 0.07835523288939708 0.06225210997260064 0.04616990450324819 0.07394612441775406 0.04411562455405303 0.008751482149594128 0.05559505529721159 0.04793740218633925 0.06851433306579875 0.08250861836917703 0.08676607732976828 0.041082185064094195 0.00038493922882140453 0.03283063557867288
87 0.026756910671946896 0.03065083763854662 0.09341178350186288 0.023832001983521693 0.023756511540808198 0.09340313168212397 0.061731845278333315 0.03942975097122592 0.014810055152974814 0.05605827199016657 0.08145840122616078 0.056359577589375744 0.03999820825148224 0.012112573061063642 0.08967706905402499 0.0857114305768462 0.025633998296734066 0.06188682607813702 0.004966985805244284 0.07835382964942016
88 0.02507858146484679 0.06732220220065023 0.0730159173006597 0.00467691473514605 0.06225890107941693 0.03427275871382997 0.010517350741900931 0.0022660847909087424 0.04177996757773173 0.0064641816477405 0.08493605968150696 0.10521124478985289 0.10339954422308592 0.051615068307158916 0.026756487705332135 0.09629091815720026 0.03586392502314556 0.060637186744236814 0.00791762196378009 0.09971908315186902
89 0.03277840976640216 0.0034343067711524204 0.08826268150780507 0.019712650595189236 0.08949102260262086 0.06877292509884515 0.08192861000794108 0.06152572701977119 0.08809032738803939 0.016184492706976156 0.07502441476684754 0.014808029013062657 0.08043986398252392 0.05043388303112011 0.05577094506744918 0.0005265400800237602 0.024340925358440298 0.08844562058925687 0.04838976546208457 0.01163885918444838
90 0.09085447859180201 0.035181826368821896 0.05041896463677505 0.009945996789671145 0.019690904389343067 0.06759036544141434 0.039845051778327284 0.08783636228412141 0.10072020786587339 0.05016934381952398 0.0007058606368325087 0.056911823181983213 0.08629781966785331 0.06275032919316927 0.012958322898967518 0.02031014721432204 0.09242080239408712 0.01155539131038881 0.07103921294566744 0.03279678859105517
91 0.025302735799362864 0.03775528363186904 0.08951314500952516 0.003684878277455866 0.0030272327263481747 0.06962551114285691 0.03274816890385506 0.05448370181872987 0.04750653190663671 0.03852341868626882 0.09348937295729776 0.026740443968398198 0.03915758804510981 0.06501577237470717 0.06227554853461802 0.05265276925253744 0.0656155777492479 0.041340442824665036 0.10410452990106321 0.047437346489447016
92 0.06476994136609059 0.052743582298665825 0.022365803513200302 0.005807233956382428 0.05296666401898897 0.028825402874958196 0.0853750307323904 0.02070891204373754 0.03895283294772125 0.07264886798989414 0.049864856349290144 0.08394104843924863 0.07415705699693759 0.010322371023377972 0.06414615475932818 0.08006229299427225 0.01729670041490493 0.058617704349197566 0.07222497789727242 0.0442025650341406
93 0.007304870398638518 0.04953076787360159 0.06758442958260874 0.04185632089310892 0.10846708361793045 0.0758053514147543 0.007424343925565407 0.0924626809772823 0.04613646603463479 0.004818463431676008 0.010737457681504874 0.009175246704379282 0.021773470633306216 0.12361942387302956 0.12000831070339948 0.017058781104730022 0.0476420315778793 0.09155023379064228 0.02790745792630497 0.029136807855022866
94 0.0405151528828739 0.08882088705436794 0.04114864109654202 0.07963729103687013 0.04763476102447066 0.023243749200308937 0.024969889133067965 0.08322021647106193 0.009185424830052656 0.09379855616253292 0.07122765300899461 0.043319206696242396 0.06862526753439847 0.005663748101466312 0.055343741925643404 0.0302185637377689 0.05434436638627551 0.036810234384748286 0.047549067931801324 0.05472358140051185
95 0.08485610352822645 0.06432206312391682 0.08548377236395265 0.07217625453565917 0.0698038668058165 0.07806188666729946 0.061913545915184096 0.03111372529972266 0.00898881215331028 0.06190562647860756 0.08187535238530529 0.03802281574696341 0.08486327669375364 0.0005012223637631201 0.012081286528554634 0.003980853898208659 0.017487725028766936 0.04352790065645116 0.011912929700205754 0.08712098012633179
96 0.0766238942242783 0.033940778145117735 0.06949727513521314 0.017549501376486445 0.10320562174196911 0.03766212096538837 0.038865851284886364 0.0007258396148476159 0.06199542344375921 0.0638526154538767 0.08578128592989685 0.05876252991432047 0.032572426784141274 0.09152556960769098 0.058517193275967 0.032259668416943055 0.029562145430414303 0.03326679661196617 0.020912091228022206 0.052921371414814934
