0 0.04606044767617873 0.007972945041384386 0.06547742035737421 0.028871834962815646 0.00023146660639873233 0.04276561538271294 0.02564626850165623 0.07460487398225073 0.0497544732189807 0.11011394391392555 0.03770222933445692 0.028103802498864787 0.12366274449314321 0.07518754719472272 0.0033297734106732656 0.07386961615338135 0.006070669841603942 0.05821598295697057 0.04089779597293809 0.10146054849956718
1 0.04391748714831783 0.015835540067881643 0.07452898496542844 0.011591596624490934 0.018848281186379424 0.0499032085241687 0.03600838716993734 0.07120355395148888 0.0033283151733587194 0.010595770687357906 0.10806462752472135 0.10129886481244206 0.10417154323034925 0.05063719741596264 0.017646947988501714 0.10123218978422494 0.0986817957799019 0.06527593971495659 0.007744896218386171 0.009484872031743493
2 0.09292968547060097 0.1158756750844218 0.11210322091137381 0.0778631369726668 0.02084289638188854 0.03301049512705919 0.006193594796629486 0.07483493230018336 0.013867050748241355 0.05289310246264616 0.06946590286654478 0.02419418773308068 0.017237635330776307 0.004024391673378922 0.03737019240112383 0.03419676934170374 0.06939949454243224 0.03763218832487549 0.05464956819897334 0.05141587933139913
3 0.06448137039945367 0.013189272459254314 0.07607848452766237 0.043008967304724185 0.0017576691560924095 0.06412997410140991 0.01487158863226122 0.044847920027240064 0.06334942484922447 0.08806477657074709 0.0213615101715414 0.040776918628581425 0.03481837523142801 0.02878648072108541 0.04203449657589159 0.04688881296711372 0.09218485834252393 0.05940715568311872 0.04959483353560069 0.11036711011504521
4 0.07057688640013467 0.019654201131579046 0.0839600274379682 0.022386790038703298 0.0795147486642776 0.06484758670075642 0.059719401264611255 0.049528175900259715 0.0790921023038224 0.06540660297741377 0.06163585975065702 0.030832341214483194 0.03844585221631078 0.006601995933248596 0.002240621922189277 0.06645907700997154 0.024057184075380243 0.04017400512017356 0.07307795151185013 0.06178858842620905
5 0.0873551410653055 0.06405408961191661 0.09257379030140941 0.05829665867700135 0.05223369683369774 0.01684744908204585 0.0618535140307273 0.009564572911187508 0.08046279957049177 0.08224702045744567 0.028714434473435097 0.0030149362340758856 0.00046622928638552296 0.06792878163501219 0.005081424126644454 0.023079817682630493 0.066377583181436 0.024886083231378364 0.10931178884355697 0.06565018876421634
6 0.008963631345065861 0.06377162210477941 0.09268702866515008 0.07289658323393018 0.02816852298169233 0.0772898941667628 0.06281006954263767 0.09384140810501536 0.03882410737101087 0.08178029736025635 0.006527361235772599 0.0427319650257074 0.03304092012650603 0.03199110747331226 0.06489561513734192 0.028460178596475136 0.050980616905837974 0.07948034886420526 0.00010452801684218185 0.040754193741698086
7 0.04747088264931082 0.06054891726377187 0.05553208219941142 0.03823914827770817 0.002385395517989563 0.04299707407846192 0.02506525427998521 0.0572716947894723 0.087727885316016 0.04478952449892091 0.02899583331799137 0.01381082656032012 0.050400924272165096 0.08144879872709057 0.05459927983213545 0.08435363803142042 0.026430145098323365 0.07881784744989546 0.03666582410685599 0.08244902373275385
8 0.04364093715351708 0.04508800144854754 0.1006606677541887 0.019983348570389126 0.06463221054745773 0.07845525254082479 0.08823669414312475 0.08046128177940702 0.006481750041943049 0.04418721090118014 0.035559894832283466 0.09502549307326984 0.007109770649869462 0.05506164569606851 0.03904893664031284 0.0277478395157204 0.07942942945567141 0.036660664160561955 0.019243031734667442 0.03328593936099463
9 0.02990980609497533 0.042688920064384614 0.06180647698351678 0.08017026796805918 0.08011351650148942 0.04368107870711801 0.07072717105289993 0.06931389558087028 0.08172848661071155 0.010366292631492186 0.09455198838333033 0.028490558871172165 0.05972569348986004 0.012974490015754705 0.06999998222467925 0.03491704323571453 0.07360889848283164 0.020420903109733875 0.016263310273606182 0.018541219717799946
10 0.050290062598383256 0.07407253600999862 0.010686716664678688 0.05046522464196714 0.05694860154242918 0.062282708155420446 0.06887903747194056 0.04680572632217379 0.08126186954563122 0.0807114140276389 0.07914110645185649 0.019964339752467027 0.0834282163378216 0.022203515004188944 0.02115239197825498 0.03668200439490593 0.06387008984319589 0.07049115626670295 0.0021772378921545116 0.018486045098189997
11 0.09106217784843403 0.007125211943047982 0.05828852984361705 0.01583156316727919 0.09339319331198076 0.009770624980970791 0.11442332975750036 0.0006836474741872139 0.058371146788911005 0.05837944602483115 0.017128321550599606 0.07559200166593139 0.09228908432156102 0.08369494764973777 0.03770724566791078 0.0028852989989106717 0.08995886752718799 0.02930371011695063 0.03717270060806099 0.026938950752389713
12 0.04814628755706577 0.04761383743395575 0.07661379165305673 0.07537673495228472 0.06516962664007395 0.0746689635412388 0.07985440822190375 0.0013646847769504947 0.08201091998645946 0.08325497641884452 0.06718358526231447 0.04900844888616018 0.018139550754102483 0.022190581549968214 0.035664414776743786 0.012755351290465273 0.03329551425941598 0.059697667780331684 0.027645247478043724 0.040345406780620374
13 0.024954032185876558 0.050874450235778086 0.03093314083544185 0.05098012785565203 0.04855169201114706 0.04536665156941344 0.03795385217540862 0.08192362879180855 0.07952223614400165 0.043806050579743315 0.050308537795613194 0.020605487423279324 0.07916558740974824 0.06640389312237517 0.03160714957641891 0.053450197656644646 0.033452490370825975 0.06635903302208049 0.07122909034000081 0.03255267089874179
14 0.02392933001679099 0.05965044972936619 0.012876052285783835 0.02451899608633502 0.025657550126411178 0.08688897179941657 0.10344163058847963 0.049018114121269954 0.04686657609138526 0.1045449792589588 0.09834720200195207 0.014559109230853023 0.012494851832321293 0.022545066615297232 0.054620031859051094 0.024950879012422038 0.02935003538961108 0.07053534314081356 0.08528421435088017 0.049920616462600896
15 0.049995726187380726 0.042213071178572134 0.007111448860978856 0.041433551574496186 0.04529577761609033 0.06980703269346623 0.04165005443419805 0.093134915850477 0.07821037043691721 0.09570374796892472 0.0757002392214033 0.00692087186160169 0.007103700097993883 0.10071346277177107 0.004169301184473108 0.06999991430352212 0.020479216670202683 0.09896661383608289 0.009749220945876045 0.04164176230557169
16 0.05938085202450615 0.05490487710459269 0.03920578854548582 0.07657802112767163 0.02323276819760136 0.02944488871312785 0.019667164299996424 0.05751589340282616 0.06242742738522596 0.047823230060556964 0.05657317920038499 0.06610509342683334 0.05964777976250316 0.009818148862832344 0.03215852816458407 0.08182286494554995 0.057801145077784194 0.051280217375820614 0.034077504204612065 0.08053462811750421
17 0.07267840582986133 0.06830734933833779 0.06465926055929622 0.05846215939619001 0.06550276462867269 0.04772123680365761 0.07776224870006018 0.01689546185535713 0.04600461504702414 0.05739785454219704 0.04008897735191694 0.0813267848655144 0.043864157073529385 0.037988238512263524 0.015487397057720644 0.07245471196065541 0.011952821145610621 0.022471155762244024 0.06522255162081754 0.03375184794907336
18 0.008468448248221684 0.0030937839956402336 0.002533472839400464 0.0731095604560682 0.08452372096286276 0.060751419332571645 0.042521480787541054 0.047204034248056706 0.07521437715200167 0.03836888287580857 0.05549521656922053 0.047612282330046225 0.05589400928946759 0.05233678016863781 0.03826472597795855 0.08549621725517904 0.011652545421025463 0.08292301984649547 0.06507186001540288 0.06946416222839347
19 0.0735592029252248 0.037978129348469676 0.04259008297597907 0.08793473557779845 0.042669755510560195 0.010041017012704647 0.08524382269781455 0.048172095175176004 0.007376589528119741 0.050533939399421336 0.027845312295602432 0.02237056756799135 0.05536734149743077 0.03703379425321965 0.07773455177293503 0.08521901633448258 0.07058583244504112 0.015901700264473986 0.018122313513249073 0.10372019990430563
20 0.01425970943357994 0.06682442448035643 0.06131007415405436 0.04525476618520363 0.07752253208019516 0.06159682189871012 0.07435313611811059 0.09056666813646352 0.011685352603593775 0.049208544239397384 0.001736355921556767 0.04173657471585497 0.037912366816712735 0.057346492883417984 0.05508401099781339 0.061664136907591996 0.05735343267915302 0.02052757829899818 0.07965009583246356 0.034406925616772624
21 0.0624353633247931 0.039649015871160535 0.06387740901073212 0.04107535269423245 0.0011800278402042885 0.01520667586986625 0.0048503882415075195 0.010429118440137747 0.08084567393337083 0.05334947352509752 0.044933465586425955 0.13271930793028566 0.03428589801484234 0.10976362758591045 0.11839452731301342 0.05152067113588621 0.008384654830982784 0.04603096262641196 0.013269055389876182 0.06779933083526257
22 0.014989182063779645 0.019963439595195923 0.008689595508464671 0.07648099150552633 0.002905265098560725 0.0957732183855072 0.06441214782805625 0.07678509316540238 0.03800732565650614 0.00778703547395968 0.10561373092126584 0.004745052736035645 0.002778996725284759 0.03651220355020182 0.024117135824177485 0.10558946967979806 0.08575918631549874 0.10423792220037027 0.09106347826476924 0.03378952950163931
23 0.029804980042665873 0.08485102638351923 0.02482834872767415 0.004601393962225199 0.08627307776614196 0.1216374377054177 0.008102632785584657 0.03560366272394924 0.03336183830164478 0.0044598514176551396 0.08864403212797553 0.13396054625940162 0.04030415551866955 0.048798399483650494 0.0035837453456386216 0.011694636967280986 0.12269079383990962 0.022222339097943102 0.005269439079168635 0.08930766246388419
24 0.08965028945092161 0.03668865570918956 0.029871306151559387 0.030097395267286848 0.03382557866618706 0.06225606562329828 0.03544496289231323 0.09056945314781983 0.05193895733469612 0.07643162281636864 0.06481451500516296 0.05520879684963362 0.05534689899941865 0.06973511302323131 0.034606587625538004 0.03425441925433468 0.0006945895410279498 0.055360871442302825 0.04054764069315345 0.05265628050655624
25 0.017513973082092238 0.004194009224963961 0.03662189398629123 0.009027163845954266 0.02685335414638942 0.08256812360602764 0.027523986486792208 0.09953475671052849 0.08280606815195203 0.07255885754324283 0.03198931021581022 0.043615726757528936 0.03343754983218075 0.057822975760793364 0.03912672675849906 0.11789050059676674 0.08649944745318511 0.02140408651062731 0.08276549501473376 0.026245994315640522
26 0.014637706929530118 0.04590426155265717 0.03472962518074879 0.032143346087621635 0.012129902983876829 0.01656970915451421 0.09186182533285321 0.08183474166355424 0.04185921456685802 0.053097829998661195 0.09575801616493701 0.07205424758141714 0.09354976664287196 0.039362541335246554 0.05969587076168714 0.007608617557038478 0.09413899846645399 0.03106098348107524 0.020034219514889047 0.06196857504350795
27 0.042173494812400764 0.05243077410887918 0.005979360645536582 0.06585680117081949 0.03098855079591731 0.04634672256012671 0.08420741748863621 0.07836889634716082 0.05569343695894982 0.018204160312147128 0.012073818334392982 0.05666703568854242 0.0267710788498235 0.08274904814829222 0.06809837893074361 0.09508474978245962 0.09139363659425975 0.01800408352148265 0.021857888917407156 0.047050666032021925
28 0.017846248416843357 0.00259074639683622 0.010531020450328615 0.0009122584681014961 0.026661661233968074 0.06874233281512938 0.00912647786381269 0.059210795812915634 0.0808351811534621 0.06364670260015226 0.09561846742622143 0.0645877707994325 0.06964405863616989 0.042454237232397725 0.10169084854859342 0.07604734978598124 0.03017602272689958 0.01975257944269316 0.07800695867845762 0.08191828151160377
29 0.015205475155018305 0.047376939063415946 3.903974541284741e-05 0.09475626668513329 0.02954728895550561 0.08717568514498272 0.026324965647453954 0.05154161835879101 0.026488752181473823 0.036808442163645705 0.0352731642138667 0.11157018326939733 0.06545407805970249 0.1015552571316953 0.098760904539068 0.025611156958171313 0.040424057140134 0.004491765803417626 0.06861419700008238 0.03298076278363164
30 0.07943379155607032 0.029586723896626223 0.03765922431355396 0.07855931669169357 0.07880681816933606 0.014229485905819033 0.028476531326446283 0.07476775169729369 0.044031783614496986 0.005327549216478182 0.009727263846589307 0.06426087489370086 0.07594636380232286 0.03466951449639142 0.05672440233305357 0.06902530058019617 0.07333516787284124 0.06570354585215195 0.07158912670162426 0.008139463233314359
31 0.07100990377213025 0.06288153956292007 0.06545165689615685 0.06468154130557109 0.0744972167591571 0.0019485499257391183 0.04921013034166441 0.06228397811161606 0.08835920845585062 0.04262224575837415 0.07085767324132301 0.07806826062437544 0.02654784281926004 0.0032547858771228137 0.014368707533952625 0.025705612688020994 0.032383691991277504 0.06961684654294677 0.039794309748277676 0.05645629804426352
32 0.04723504335033759 0.031434095266194284 0.004577333346076405 0.037750628614207214 0.07404849388522737 0.10087433990271447 0.08361099533340817 0.03850204409788131 0.04256946842953041 0.09430275898350389 0.07864479417931751 0.0641506858805402 0.018909817488543954 0.07126870799862682 0.05533999736683904 0.0009803494157208195 0.07899648686873391 0.06011940817582611 0.0082089419083106 0.008475609508459924
33 0.011825019271706927 0.064413179437484 0.007945375365382458 0.024188375634787342 0.03808097602105712 0.08892887270607282 0.06035418151293876 0.0016936352119632499 0.010734606747924903 0.06703080921756988 0.06304442575767145 0.09080856770056406 0.061422814939888055 0.0894623545233502 0.02906478063669762 0.04802132358347699 0.06162885276593762 0.014037061714516855 0.06926392270764675 0.09805086454336256
34 0.02131707888001255 0.04051661608208719 0.023009478465994757 0.08420514348671716 0.06913837286604177 0.01184895707931439 0.06145453121840629 0.0789905556981127 0.08092016032646604 0.06375981571374008 0.05068321395465351 0.01414492656416126 0.03347904668583959 0.005443380517953062 0.043823151025850604 0.04450542609425509 0.09295064386419437 0.022477610935261665 0.07588782268557369 0.08144406785536429
35 0.08892675536147061 0.016119537942950738 0.035025049763897406 0.09157868312092653 0.06728614730352554 0.05809096400009711 0.0215805281631789 0.09453036854407294 0.007048252180005064 0.02281146472489701 0.03589988593772276 0.02229709105665469 0.07794138705896463 0.089407585401649 0.0839788759924903 0.05887828642634481 0.05483433646679962 0.01112604162887683 0.026618158840923258 0.03602060008455208
36 0.016713738893178724 0.008632265653461925 0.08790362049200261 0.047700032654869925 0.08147750753493335 0.09417957085688655 0.07827433473003578 0.0745294214142435 0.003028387614280709 0.028917668379508026 0.10264890482485348 0.10178463437381524 0.005308071756422768 0.02517806876458453 0.05307523452508769 0.03230833678225553 0.08994502419183169 2.2529905179220187e-05 0.004298882869944564 0.06407376378262429
37 0.07057578045043306 0.030781618985089135 0.007171676800328387 0.08621335152125419 0.06521067487812315 0.09258476852751404 0.06022802400648294 0.023936140102800298 0.042926988659425555 0.09428647812072481 0.017145920462597348 0.054380182598797774 0.009098271720828117 0.013835219983993454 0.05151134794388994 0.021114823333600288 0.06841916548785626 0.08919222912282772 0.0534216187538764 0.04796571853955694
38 0.07060943050869807 0.05444475209691989 0.0573969936897434 0.06260407267847555 0.0681978603955051 0.08062937301331344 0.0511534379974161 0.04750059579753239 0.07979029342123081 0.03945988043415839 0.07107119432432646 0.045742647470374556 0.041403939775912474 0.007856663704808345 0.05978859239982775 0.026028892140823153 0.032159138247916705 0.008553699069597041 0.040868156537800036 0.0547403862956202
39 0.08064253888154581 0.05788464791801623 0.004984509383110365 0.04219640848278178 0.10245785779932283 0.005031334313503155 0.039801331616433656 0.050490183878791735 0.014119098117371004 0.030711428365499446 0.008103245175030565 0.058816786286228676 0.06677440662417873 0.10018070947104939 0.0464675204159905 0.06807614275332471 0.09278407195871771 0.08696487204376017 0.004674404680767158 0.038838501834576315
40 0.0764014448079777 0.11800269382225301 0.042827981967545795 0.014686621844006327 0.08310809980340357 0.08220226078716004 0.0054416817375540945 0.002203713529241101 0.12674451433614808 0.01939021173456069 0.03200543566100286 0.014401806608672161 0.08096407147894114 0.05886613213226695 0.04547080728981636 0.07393586225012079 0.0595037820662406 0.01635247934065691 0.015863993140065848 0.03162640566236594
41 0.02119408003441901 0.08207330060450017 0.07787269361298078 0.0018406972838445636 0.03321628437778484 0.022791426317501886 0.08951705047465115 0.07218502498150986 0.06958760582521373 0.06650221065480487 0.07435751385541603 0.0937464059701716 0.027473173854799304 0.038328376316519384 0.05921519340034499 0.04004112960317128 0.03961155399921034 0.03314367382615225 0.01183289596148523 0.04546970904551884
42 0.011744606462078607 0.10365254070086954 0.05283783558536001 0.012759847663216016 0.04489073557933554 0.02990665310843857 0.06810204439495218 0.02996441979125855 0.0676365717045116 0.036569667148778205 0.06822509836491977 0.058152183834984196 0.07666866104496138 0.015631991015134482 0.04786565118854841 0.08897092427548875 0.0733070328096594 0.03689326085095101 0.008122378421384073 0.06809789605516942
43 0.005772148607427979 0.12255070791845515 0.07485776115223347 0.11046348349354433 0.054353035846902126 0.04487907123313374 0.0778423622876531 0.017203921631338204 0.057977434546271474 0.04158378276448805 0.028842080073674888 0.013718297985362874 0.053759634001584324 0.024956278218661823 0.08174888891507905 0.0019755206755217233 0.11391742307148997 0.012938381230859377 0.014732214342092851 0.04592757200422533
44 0.08715561891629746 0.08011342194895624 0.10006486997698003 0.021204678371774394 0.013671307961230141 0.06654833012356375 0.0243706182190575 0.06833491211554907 0.08968032737369223 0.02999627072783687 0.04775909837438202 0.031643876266471714 0.04637570515610172 0.017570956631093527 0.022301239100005334 0.04670641674710664 0.1078449194574871 0.0647713793070514 0.02983408283933394 0.004051970386029123
45 0.02827826146043716 0.07391159404791368 0.06240676687305702 0.03443235442214138 0.0441392804907886 0.016861236663939214 0.07402330056007626 0.036172924529585634 0.025312571209833643 0.02696482407796234 0.05873707551253904 0.07407597332802196 0.04391477196628491 0.04634389326120803 0.07652285818288077 0.059245907397407795 0.01433890305373844 0.06441858227355259 0.06584293838249185 0.07405598230613958
46 0.017863440688439224 0.08459132988684517 0.0258918930345563 0.0971810064106049 0.0378227161159812 0.01143115257041253 0.06506854560779857 0.0759209376888665 0.022369645938095827 0.10625541578911829 0.04038703052588013 0.05850635324183569 0.09601737956748703 0.0017469642090383187 0.03411412119117094 0.09501121813189665 0.061495263846179024 0.021225676921472814 0.022293423165125226 0.024806485469195706
47 0.0037491370614438978 0.059868883847231213 0.010270098705759241 0.08803583247842783 0.08663681889463229 0.10311328421204242 0.04518302262385049 0.027634222790986908 0.01648156539886477 0.004246683276272833 0.10906892861807188 0.02280383857036795 0.048957363867969374 0.005027951079177408 0.028826608160331522 0.060088318074740805 0.02468718592700332 0.10381456248803356 0.07510155822975496 0.07640413569503708
48 0.03192446168238899 0.04809043239006244 0.015302695697568808 0.030443184351468193 0.045998287235976106 0.01824064268041422 0.034296583983836317 0.05354486689709659 0.08166817741082542 0.04918336128956045 0.05586458245131547 0.06609442461647778 0.01941180389389472 0.06547823167733173 0.08103339768535069 0.07347091785873064 0.06890690312580211 0.028780186898925038 0.05256329750608575 0.07970356066688858
49 0.025724685385150648 0.07896009368328981 0.04248549589399169 0.022522172134126568 0.06198705858252193 0.07310180696772776 0.05685979932740721 0.0579364037143388 0.03307685598141279 0.0721183878692936 0.017004059786454508 0.051215958704983494 0.046223075298678494 0.07733393853204021 0.03803549997935166 0.037766336440694 0.02331339080001945 0.04724708715718851 0.05759510864192756 0.07949278511940132
50 0.02483911033115099 0.012747896988471988 0.05173149373462396 0.07344317249427415 0.0056239312025647276 0.0035205460503646858 0.04387883292272361 0.07097620432823028 0.0672787290613372 0.012566876117934217 0.07180702741976207 0.09364986184444359 0.0629047889198002 0.0756735421070956 0.014516827440584672 0.04525507024417214 0.0781076933059054 0.10063177335717546 0.05542546194465561 0.035421160184729725
51 0.027315038327295187 0.018402556657902306 0.07634751293893126 0.06790458744216352 0.05179647357138471 0.036485657807387696 0.037938252626629025 0.009578653369440025 0.014534943136265646 0.06371436483476065 0.00552841421589674 0.028617066933915823 0.09241127407467323 0.08400931367098895 0.053103994481117724 0.011177922342143626 0.09216516516118681 0.09303518360779645 0.08594709280915769 0.04998653199096309
52 0.040106293619482966 0.01603379330617771 0.07520051517287904 0.014227265666082031 0.07056797466260625 0.05216626181887891 0.03926674477236528 0.017159249510321786 0.08088371460860949 0.09245500848292154 0.013711039370862392 0.08670255562961264 0.056075524916724656 0.006711756507174302 0.04667814259967844 0.08119028335295368 0.07667913363538212 0.06421264954692134 0.04823734427134039 0.021734748549025053
53 0.07299377574573461 0.0763488272408475 0.010300474961956895 0.00590230399677209 0.01862510270026383 0.046736390113095466 0.035425170703688266 0.026528064256638197 0.1013647723066555 0.09474569719698325 0.08551412190253942 0.048998655346512224 0.005323908380083329 0.03885042917362048 0.05938419680769708 0.04272114367441258 0.051332283858520754 0.034841791168169656 0.08201589617656953 0.06204699428923942
54 0.042733252010646365 0.02772962060158409 0.043804601330326626 0.0877141335463518 0.06722686136902954 0.062130458939134436 0.04872071242439712 0.05410730181012787 0.06696946374241387 0.03213838059739622 0.05944581782521484 0.05533823659967237 0.06863989860839906 0.05440959655456334 0.06813938751591443 0.027030045471699744 0.04763629287384426 0.06805764786532018 0.013434477953196047 0.004593812360767693
55 0.011856792894753799 0.044832279461976154 0.07840991868184552 0.05267785633079452 0.07539978144533947 0.0741590102950549 0.026567034438122493 0.0714402767879915 0.04142979485608583 0.07919870327425331 0.03815516787439672 0.06714854094191457 0.05891013586094589 0.025526993354069178 0.01486590800834293 0.07693644392133492 0.03534267952952058 0.026746560930300648 0.04680120481660892 0.05359491629634815
56 0.03725640409446596 0.08214852892731818 0.037106509817731385 0.008868728832341315 0.03906660782856523 0.04400889523227523 0.10854001796432834 0.043562381683968046 0.03248597960904876 0.05244115675207974 0.04968612424843345 0.09859028171498851 0.05227461178275832 0.037504264135456336 0.025779395572631855 0.07951454257756357 0.03566836725270475 0.025207094200266483 0.1073930230495834 0.002897084723491101
57 0.02376258229454227 0.0801483529789213 0.024397428137680217 0.015071543184659633 0.07121664658173402 0.08191015012358147 0.0906692802174648 0.09072724550889402 0.08940876693745312 0.07388128374881237 0.02765106291834711 0.03216255099341401 0.043612899545918425 0.04085177838607503 0.0008045334484674803 0.062236486313252855 0.007224871541512741 0.08802233187203075 0.029333763969807875 0.02690644129743063
58 0.09238888510554456 0.05726709115861706 0.0876929391830458 0.010101479927903218 0.057199473861689304 0.038254649070229595 0.09367500045535476 0.018810872159252548 0.025730619823407158 0.02078519088100763 0.016789141321010715 0.04893331093986385 0.07409184647520699 0.03177278660508093 0.09073085960178635 0.07959136863145375 0.025166885833279237 0.018816752413452594 0.07209140199533987 0.040109444557473985
59 0.027203332042426788 0.03706664480441962 0.023090691646981774 0.010714430644656976 0.061313733717849386 0.08684250536476731 0.020298348881098712 0.06574524863156801 0.042543758878497775 0.056306989474787815 0.027814764063475397 0.07168849871727527 0.07439798000601189 0.06317706221046517 0.10413604270345823 0.014356433721636348 0.06296218503714122 0.016313507750567433 0.09189350620874609 0.042134335494168854
60 0.034801112013843026 0.07083121415590397 0.06399750034117953 0.06904017546056622 0.020270710918766987 0.03763348907721371 0.0632984679975485 0.042279166638356624 0.02608349770281195 0.04103398855030352 0.08688316888989504 0.02011342120428937 0.011785351533599704 0.016630490652419734 0.09439144149341684 0.07914001221876017 0.07968346549738449 0.0005010353551067726 0.04462969695041604 0.09697259334821756
61 0.0672172350211344 0.044376670305061455 0.08773143380586593 0.0450496402117321 0.0570558696312208 0.05214180939467287 0.08520393018360164 0.052900896439674785 0.0667896569485824 0.080906215723696 0.06280579512411835 0.07413453747047348 0.0225076906350864 0.0068896980045073525 0.0412457769470088 0.04646247415337385 0.015044912279744038 0.04766597694033469 0.034121454960203676 0.009748325819906938
62 0.08136336934783232 0.0244608335940738 0.03626577460875168 0.11115633678029471 0.01305463288387898 0.0185157387397689 0.015120309832516603 0.017192098951749866 0.02200624507366483 0.09362281753132538 0.0559232413791563 0.06261515020510358 0.013383141583188663 0.10866587085179813 0.08983823269323793 0.021213310546723277 0.02801873569430172 0.0823833633171692 0.021130136426946392 0.08407065995851777
63 0.04819167931736247 0.045705393223038154 0.04063246107264673 0.09782064004443151 0.09487812711314705 0.007229834721632658 0.02513465423074309 0.002756945430034751 0.017370592893449013 0.06711975108582366 0.03206615714197488 0.03373277252712232 0.0948950664027143 0.035391424450886666 0.02989311848509202 0.04158878040450179 0.09544984964919004 0.10370171944943933 0.061937010822347684 0.024504021534421837
64 0.02362161381913915 0.023618373026784444 0.011970031532084336 0.07591395164604463 0.05535731753036 0.040160769373696434 0.07523024536264662 0.06736436203656371 0.05593408109523328 0.0006055365443530266 0.040518182025130765 0.06104092699706142 0.05458383460562083 0.024487495717199846 0.07147333542362848 0.08526176107865582 0.08197334432903258 0.05468580713813765 0.018640735388229253 0.0775582953303978
65 0.09078521832351813 0.018715325770955627 0.03476223365251376 0.05750502603541382 0.09704885918401779 0.056543309082586826 0.05884091097815663 0.11950323596750742 0.026494330218220282 0.05386022030767618 0.02263630456569338 0.035079018095026074 0.008216513363507743 0.03279437218994166 0.02669590035520847 0.10830358967034814 0.0016026536396843397 0.11365493047993333 0.03359961258979705 0.0033584355302933304
66 0.0793545865402325 0.022162921980902903 0.05132895783861124 0.09306421426249506 0.004183958190779606 0.04308568745864429 0.06073061246000321 0.03021416367726794 0.034951146020539545 0.04733468327649684 0.03334185634523896 0.02898429695451351 0.0029149288736616064 0.018364999637693013 0.08722210085696226 0.041857385753966345 0.10042088456726982 0.044171108705492686 0.08134060620227758 0.0949709003969512
67 0.030622919560464524 0.02879211944802409 0.06925133111589002 0.024746633011818404 0.03018442960290663 0.04435132609315252 0.015368970416586894 0.06040619067210955 0.05180801357686278 0.05809791856535568 0.09052640940350509 0.0029461911053792465 0.06182732736247099 0.05556602455891159 0.08079065154699044 0.08686193752551995 0.0679491216354098 0.0070665284635367245 0.04998269384421315 0.08285326249089191
68 0.03421700887158626 0.04087813776412343 0.07848070323289487 0.06368069414579 0.07035080734647743 0.06205306096117114 0.07375860481353845 0.027654916284633787 0.007916762293700457 0.076879484767716 0.04210287073832659 0.0726679044659354 0.044015041578492356 0.07894997195034437 0.07007490586162822 0.058813360535426774 0.02617880645966178 0.0006337256241371006 0.012395188363014755 0.05829804394140103
69 0.023270966202802893 0.03932265741864624 0.07172520441335806 0.060971783397658755 0.06417659105135075 0.009632968819939993 0.023817049631021485 0.07201866623668374 0.04009715768060306 0.005048335893394078 0.07043174806179754 0.07919624810477828 0.005810178528135526 0.06929754533164059 0.05417364869198419 0.06903704334154782 0.04127231051170258 0.07918021582098252 0.054250002690132124 0.06726967817183976
70 0.06257032337041565 0.055799380654014234 0.034261111897785204 0.08168761399148042 0.09274020713517979 0.03320120949767443 0.0063465110591854725 0.09349052381790555 0.040722201397099964 0.08112621076254797 0.07182660141567761 0.052090249675542134 0.0002091647515976181 0.04350324472817563 0.05875217467764461 0.0003437075187278077 0.07299868059476314 0.02049696769931443 0.014508845479575212 0.083325069875693
71 0.0540300640859405 0.000437171225385057 0.044224109291280914 0.037889072681903925 0.05730580873863447 0.061476943563837594 0.042415759816830385 0.01575408117526526 0.08876910560216475 0.0158828834798158 0.0007291573278531607 0.03664413225707088 0.002669406134065285 0.0813157584023022 0.054766841324188534 0.08577826388275449 0.08039242921265147 0.09536080676747948 0.06958933919569871 0.07456886583487711
72 0.1018249845841718 0.003539415331415374 0.06869416597690862 0.012564504025181195 0.04908094619980821 0.05425736897785047 0.016810607854955497 0.0524605551404723 0.07208458711753031 0.0877623584073636 0.07151198174177845 0.06540888466125715 0.07696535807780515 0.06159046191973568 0.04149841157288789 0.033629782908258625 0.019936520702408967 0.09093519491239566 0.004457861355050681 0.014986048532764126
73 0.08268965447225705 0.027666501647790488 0.012671907010800733 0.013716937277107778 0.06883212736244614 0.08058835492423944 0.05434253519929324 0.015266759002533055 0.08140145498500599 0.01709727211785126 0.01791005380215423 0.06302504545541884 0.08156984971337553 0.05433280677324427 0.038067474586989856 0.07916526301137013 0.08578173328357215 0.031974833101606336 0.018120104165978104 0.07577933210696525
74 0.060506855756714245 0.009642582825070077 0.007913283775680688 0.06560110081421455 0.02907331919477883 0.054193559308738114 0.07265999292652489 0.06437098141514391 0.0773906482599262 0.07370397724918581 0.04525915648026272 0.06989659848095497 0.03445788409110465 0.028983489440632584 0.011873171439169005 0.07408618790238998 0.05897803071480922 0.06841641287116677 0.06557029101172951 0.027422476041803253
75 0.0767949856580467 0.1268433636670667 0.0018550670320994908 0.03359160743566385 0.05210118685319296 0.0184906159310768 0.04777370174292693 0.029754734050648546 0.05795109929466559 0.03923969310326123 0.03015592475189523 0.03899044711055974 0.04322294087174728 0.005215082324260138 0.09434440908689623 0.055112254159678735 0.1314202454048455 0.011564501933793233 0.058424250147581167 0.04715388944009413
76 0.025899504912240377 0.0007411787155302106 0.10147166066872979 0.051908756372484696 0.09471920112001357 0.06847344544167246 0.04136023157753719 0.0688299913116366 0.08089006592305498 0.02142250181129703 0.051333958535385256 0.05291818713715417 0.020487610171184712 0.02064239848398012 0.019013414763227612 0.017847074206129254 0.06741894850751085 0.09837839799134225 0.00454652874504832 0.09169694360484038
77 0.03607414841878828 0.014725363986785424 0.04217011539013408 0.051643155063093464 0.09325015244269683 0.06845202219825272 0.059775127934702056 0.06030026726258936 0.009675010092894658 0.08963721738670563 0.03120911481919075 0.015570789660902312 0.038008486772843436 0.041149007839154 0.0384396056281035 0.05145455782147198 0.030275065829850224 0.08921164084970667 0.07962504558388694 0.05935410501824779
78 0.06117736275866026 0.05411875753342838 0.06034738063739199 0.06617779531692866 0.037981523988092576 0.038249928252888137 0.033384128637585817 0.004604911920037504 0.07689660242136077 0.07225955508163487 0.05428650366303613 0.06917628793882251 0.05185884964058702 0.0035049822160279167 0.029086334113049842 0.055193335150086724 0.07025405967843147 0.054024729175904194 0.08637920634758914 0.02103776552845594
79 0.06345036564670607 0.06948858416897222 0.06477929470365223 0.019728160286606528 0.010843445211409208 0.07938861655128772 0.04729730469690564 0.009892727787137883 0.09300656098540877 0.09680099411318599 0.07331868444386128 0.05657108316422278 0.040401985033925183 0.013156353952006377 0.05319102555673075 0.030038302776760614 0.09023040531007812 0.004075024263824281 0.008055400708808877 0.07628568063850927
80 0.04033173506876285 0.056876958123042685 0.052981709162771826 0.08722077196748124 0.06271098203128711 0.051660582856361464 0.08960826246232226 0.09910693933906374 0.009784911340075952 0.06328030539040808 0.07376683887285865 0.009192419892336334 0.04122046253226589 0.07623143888000879 0.017072224111405958 0.04973895523259209 0.05606010726178057 0.027384763477204213 0.007807690010243549 0.027961941987726672
81 0.041227596007909914 0.030634423299368718 0.010404027785901502 0.04277050043748124 0.0828731013776893 0.07246315647972933 0.08195281738954129 0.04240768214048405 0.06917308711963564 0.041549973958979664 0.04670227507495237 0.013604674560809821 0.07855236835310286 0.05128092429992809 0.027000359525045953 0.045664886326533184 0.03918783403637913 0.07024974155424585 0.08088398433279138 0.031416585939490566
82 0.031114297022449555 0.019047651765952623 0.039852399090326215 0.11561327603203739 0.034220857880258256 0.042668943309460715 0.12447629444079011 0.0751140986128807 0.018556644969200998 0.06368105318888957 0.11973697466913732 0.03648638604480267 0.0335466159545245 0.003439891643740139 0.021888081643213556 0.034206572812144696 0.0346453986360501 0.07180391985823602 0.006407086420572375 0.07349355600533243
83 0.026120707234030094 0.0466201416933108 0.05496228311173881 0.0774054555663961 0.04100954550301428 0.030377193260984935 0.01798487953226654 0.0712279771023274 0.04498704349116486 0.0673113204762044 0.04984859562383418 0.01077201034882517 0.030922096373572273 0.04660976891346009 0.060388826609878744 0.0811570457260609 0.049870231519953345 0.07605677231155437 0.05606997839349146 0.06029812720793114
84 0.01830172761138865 0.04092507057962151 0.038711023625299816 0.0568796618981921 0.07598711187920856 0.011125448451503463 0.019204560880651096 0.05426725919069765 0.05375180093173826 0.08082900026594497 0.09697719529226985 0.038112770244726146 0.021180436702498466 0.04438137380166023 0.020850392957185472 0.09181074305583872 0.056857982038310245 0.06319369506340941 0.03399751798058616 0.08265522754926935
85 0.07750362724864882 0.0287802116148273 0.013788598151143942 0.04738939216974422 0.049353477036463145 0.07519151967581074 0.06817805137952225 0.06875144352572342 0.0129081996632317 0.08458961052068244 0.06636287499112367 0.012424466014212007 0.07226837378809102 0.07346565617359822 0.07762669056216168 0.04336825413695742 0.02120994681441907 0.060088092843913435 0.029963628245759606 0.016787885443966016
86 0.11709539787213619 0.02452855918991255 0.08898423441138677 0.014676518327988606 0.024279067324654742 0.0037042767513464857 0.12744313643093236 0.10326757483422132 0.014977194565182218 0.04375038599722056 0.05063394394295136 0.025609728171611786 0.049519473836089706 0.057944956212947894 0.0026353947899421066 0.051960980218372706 0.0007169965680332888 0.09995285509747069 0.04410954708864282 0.05420977836895569
87 0.08515246220599304 0.0016117238739033603 0.07683106537304822 0.07954961092739271 0.06475077098422904 0.04247219971843256 7.419698355025518e-05 0.0790075252811614 0.07741242457165622 0.038515097492527975 0.07414425122712823 0.030109720193163745 0.0960396009235979 0.05841534592784505 0.013494575176142403 0.0320658916269131 0.010666752641052952 0.0355767046022856 0.020081160342334207 0.0840289199276422
88 0.018749778408595204 0.09340302484411012 0.042169208480507425 0.0597252103141297 0.07314554305471063 0.06587500844594048 0.06207378462613196 0.006449804088691767 0.03699061445590797 0.08944712246307512 0.048392525542377274 0.08198905614475639 0.03209356721265767 0.03483748883280817 0.05553133135745894 0.04321794471690167 0.05274629690840645 0.026931319875420787 0.006698673067054945 0.06953269716035733
89 0.06305399968541207 0.021788557112127693 0.05623612550384529 0.03453019014818945 0.005848561788885905 0.06488319333155117 0.06437838540037454 0.02698587612320645 0.017780762772883384 0.04983882893281062 0.08302364510250079 0.040404230718841694 0.06567424588208272 0.05906350326085918 0.008092134558916476 0.08292228374695546 0.02277734102430887 0.07551556072073091 0.07725726246900688 0.07994531171651047
90 0.08879096857214751 0.023108511990158374 0.05479019350257388 0.02026679915262107 0.008351048917242733 0.02299502788282754 0.1031787605544564 0.008954387145225944 0.00871747433698895 0.06562046125595761 0.08503753729421214 0.09244715905565086 0.0712823095531456 0.07815120560839312 0.02985576541254493 0.06618223068408138 0.043853116391835215 0.08624800701636769 0.02790923158102388 0.014259804092545214
91 0.08390619191793142 0.0386815071579197 0.018799900478086377 0.08716806102989463 0.014504507830690348 0.08354705254318731 0.00043002109105275496 0.035303141108299047 0.07396518837528493 0.021180851351436807 0.055977729997288686 0.015370449392225087 0.0410475429528138 0.05971004491212582 0.043518849609933914 0.09341476668327775 0.03053298721013244 0.08881095500668283 0.08591478516708663 0.028215466184649617
92 0.08680295489597165 0.0750578121680429 0.08041871602515235 0.07053760556179238 0.06586316080576204 0.035782731857142466 0.006044231712738333 0.07932059499055842 0.03848399505113195 0.017680299126075483 0.055734139526872145 0.020818469652389343 0.01687257553711893 0.022702149071144758 0.06209445139209992 0.04255457625760996 0.026561854363644277 0.07669284681463737 0.07852708049941172 0.041449754690703465
93 0.07735819771654999 0.025050570742422965 0.06258312413230596 0.00518554121263176 0.028482752384678255 0.04951603641656788 0.019476828204902243 0.0934672107587095 0.08977741889852545 0.08232142931569664 0.07919484053469576 0.03797704915185187 0.036986868570767724 0.0752179045518107 0.035123789694947505 0.02005836187859338 0.08109197584949422 0.08173549378842551 0.00713120784310258 0.012263398353320198
94 0.06656295594137802 0.08510427370034467 0.0552931107570624 0.005924543491030833 0.06233997716342627 0.013699538464957969 0.037101909313381795 0.09071069242358411 0.01298780703686595 0.008355643368252197 0.03282293076072901 0.0033174004121165122 0.07682181308927562 0.07255731690523422 0.06219714047010472 0.08593373832438309 0.06482236455293959 0.07320021953168915 0.05342001429180069 0.03682661000144304
95 0.024719096091324413 0.06570875643523401 0.05738200521380572 0.07425914509339034 0.01022754227929611 0.09818330465874264 0.02854453570971622 0.0007734280945159196 0.054237413922329634 0.051581727593158884 0.048822885932765 0.0021892811957285215 0.09799454803651791 0.009445336573754735 0.08864866687579782 0.07623330544555285 0.07028691982769805 0.05208281656836636 0.013384466791308613 0.0752948176609963
96 0.027128561724827086 0.06407958045386813 0.005495915114294611 0.030541889737680152 0.016677616047854487 0.038381170881038394 0.07834587962849096 0.07604850771028152 0.09286132724549366 0.0382619134926356 0.0442279299023709 0.003682032089830209 0.038284560666611386 0.015541872073705788 0.00869073985348267 0.08768503911452344 0.10372355014513741 0.09038078978959567 0.05345801196913909 0.08650311235913875
