0 0.07050188067862197 0.0367138596589495 0.07483931677003751 0.04229733523432355 0.052748197293108194 0.09304245247577218 0.039367621633212724 0.0012854448192037126 0.04983272886267894 0.05868964406002415 0.07051391232186476 0.030739806700617562 0.060388730710330026 0.02740227893254868 0.07408440260136569 0.016579418729350898 0.015481925039871001 0.09009629737010255 0.05704870283989003 0.03834604326812636
1 0.005775607564980154 0.04886200988021839 0.03922074783318561 0.045124508581830515 0.06043357906709727 0.09080500741082387 0.05287896826003128 0.037289480556212444 0.0007003699575421932 0.007930906605286923 0.08675504990029931 0.05032856221022597 0.029396700616337434 0.01405696106382901 0.07037525240643017 0.07050371606820284 0.022458991781621824 0.04318207530152884 0.11101759689501314 0.11290390803930264
2 0.07720784806320721 0.013774581087659374 0.06644210566219809 0.07719286178868119 0.02893444859832638 0.04451198622906371 0.04048264149235429 0.0435497788591765 0.044438380909215924 0.042334224066819734 0.04633565043462961 0.0652385661524944 0.03079816477647839 0.056236100893283986 0.07390550882152137 0.04914508142729938 0.04164005550541789 0.046139834732331034 0.044298647977511964 0.06739353252232967
3 0.0057142275785753375 0.06239681692560057 0.012608601187157772 0.08432885574441895 0.07083556983321629 0.0066681973186358484 0.01694177331680381 0.10344346670295702 0.021783648154795058 0.0020942173861401583 0.09572532149770749 0.05250033192570574 0.06417109628359818 0.0469624315504209 0.06824041029736265 0.10027560602342242 0.10395526073584413 0.02254892569165936 0.01767733717386801 0.04112790467211028
4 0.026426240783187754 0.10022001728666957 0.08663994726475192 0.08809436743808932 0.000817676162661558 0.0027360705018065934 0.05146298737289804 0.047815218942918424 0.034851613267623344 0.10159562759636176 0.05228683635155258 0.04864878758557952 0.027616986788038818 0.060205510534033224 0.06286394337249576 0.03960970227022979 0.019391144873805412 0.02986710934224017 0.10139590279284404 0.01745430947221242
5 0.06414856764910609 0.019994048070464676 0.07828316326024412 0.003418785326350749 0.0252388551503362 0.08390417798304152 0.07596506210500727 0.027155217379970023 0.034059465535489504 0.06364877431806543 0.04610078196446724 0.07738196706989536 0.011504995788580758 0.021398655175217485 0.032829604457786335 0.06754103506792489 0.09153824859223841 0.0690526260846463 0.10173158225517838 0.005104386765989366
6 0.062045850702926564 0.03729068401021818 0.04789115331591385 0.06978541855593583 0.042477567152047944 0.0727525847888525 0.019896970226857987 0.0368802371428947 0.031470362668247445 0.05989730786819471 0.019438060822553054 0.03576635319480373 0.08285883061798648 0.0836808740867348 0.01492268107873722 0.04405721091812147 0.08025174618316869 0.06387042377021485 0.07338945058374101 0.02137623231184899
7 0.06771305943656626 0.027131979331365883 0.02598042547502933 0.05413494057668325 0.009064644524946165 0.08614274600522771 0.015403387133004712 0.02112675531278162 0.03975937979071805 0.059124723720541526 0.10942546210522225 0.04499071615643458 0.10434433011875184 0.05721467911240242 0.10188425055551448 0.05916469681625966 0.04285202139856864 0.030078023385478447 0.0008808128471110239 0.04358296619739209
8 0.016454697377500237 0.07030812126799958 0.0031518952023509997 0.06499328425512851 0.08439422160384401 0.08741469307932985 0.016290880373870057 0.0014860736328317263 0.020269658789162873 0.08185916541217829 0.07727356343383666 0.028666776154024073 0.06761387103247747 0.11062239172715126 0.01681707018642333 0.10279669160965935 0.03556440199934387 0.037878692763714854 0.044444916943154916 0.03169893315601815
9 0.015738941650605784 0.08340951646827006 0.0912557833514454 0.0367638728387966 0.021305481153601587 0.08534719255137199 0.019626127797468813 0.09269956056870907 0.014938162743988032 0.09117147726571319 0.006787609661948949 0.024373735238275757 0.07831140138838599 0.02795806014824038 0.08148217368565068 0.016994642440941964 0.031351979896737596 0.07240713540965303 0.023338049193069504 0.08473909654712562
10 0.02058326579106791 0.052888864734280436 0.00902170881220683 0.06148202391230738 0.07466892079714982 0.05559404144353809 0.016734913813899185 0.05613641815626931 0.08583002742774971 0.021570994603495566 0.0342597731202483 0.03331526002835433 0.047049704681500895 0.0810916694411295 0.04032309938950876 0.04763776917358913 0.05065651876854883 0.090113005615642 0.03462723621302968 0.08641478407648438
11 0.05275539409326219 0.07801629350061196 0.06604458461400578 0.0268469346987318 0.04082976795636751 0.02597062464634159 0.017449537760030748 0.059001044073740405 0.06526736072931427 0.06294891127093723 0.08136650900388649 0.06861210240249706 0.04198837298463914 0.07740287281134145 0.005307585150110269 0.027711440189129397 0.04073427126132967 0.009476923745273426 0.07554417632340274 0.07672529278504678
12 0.07673296494451827 0.07236820664018394 0.018421876751523285 0.025991399270980303 0.05667693858617216 0.042042437137320095 0.05635810409269059 0.037890899221377346 0.08095931845179981 0.04631580374949649 0.06956797559327452 0.0517474281160717 0.02280420135012495 0.021743283233515803 0.04698202305590719 0.07946220780388613 0.07591389308830372 0.034846845534961264 0.07313515904062307 0.010039034337269154
13 0.0049456984103662255 0.06298611063694647 0.05460095257048266 0.049765551976155016 0.06183902223341727 0.08014053539895809 0.05548891452561121 0.08058856760357737 0.06708829344480953 0.0027174336893014193 0.018732211888653514 0.043549844130489415 0.0683619656180025 0.03478098578746694 0.05793418724181329 0.030622913301412088 0.06960532410559646 0.07747060633668992 0.0763119313808037 0.0024689497194468565
14 0.005652513510987849 0.034205885302624986 0.0412563064089387 0.06512474868550283 0.0866382020484106 0.07170014002916496 0.01862414901481588 0.02143953762033395 0.05882077668728408 0.03785763444273061 0.007673456971942785 0.06018552609391863 0.02381260043520185 0.06256788287432288 0.05553207162112432 0.0714531642977467 0.076900918511532 0.08318762707303412 0.05671658263930621 0.06065027573107588
15 0.07566079832258657 0.011796606057026026 0.05263616731922023 0.013083588754770614 0.0729978398451574 0.08562410832953891 0.07665552301431093 0.060164718375500754 0.0706505967760442 0.00942697067672322 0.02668926933328085 0.012616106514627226 0.09293849279350341 0.05376136166541786 0.04529532499612784 0.02987513687025177 0.10101229473876762 0.0017941035043198559 0.07280903120749636 0.03451196090532841
16 0.09877896786832856 0.01768733945818814 0.09799691566842669 0.08463675552265813 0.03928096478881261 0.004646352708417902 0.07196451228947581 0.033690719274125175 0.020414493863922713 0.0490275628026312 0.06998154435290779 0.06538257311353554 0.027731640157204127 0.10698018269056085 0.010165596601364348 0.09030366149382885 0.008041857892589491 0.030034438081594818 0.05547690995267103 0.01777701141875639
17 0.037312302300391995 0.03136319939528755 0.09810610626782634 0.06080350296075424 0.059419952149242304 0.0026573277112264078 0.014835540222149007 0.03855908366018817 0.0588523301943439 0.07182088759347217 0.0784887296072261 0.00898225389464993 0.0827153067757969 0.040204909079074876 0.06222162749704008 0.05669917397785799 0.03060378331361951 0.0564127483312273 0.059434075884237235 0.05050715918438794
18 0.046174210831344625 0.03304272434745829 0.0746422186851787 0.0474494148351903 0.005889777190536801 0.03859942457743786 0.006994864405761529 0.0008152479514877669 0.043660056753802454 0.05165742517911716 0.09224798828149222 0.049614190813997164 0.08861594142896854 0.011550363327074249 0.05022374960893935 0.0876607296386765 0.053701673111826324 0.09128110567749048 0.08749510738902419 0.03868378596519539
19 0.005628141239148429 0.055390344090681866 0.04217651492123699 0.055822914600193604 0.056526271201158405 0.060008114170121425 0.025241349153170712 0.0666043046580118 0.018022350901048707 0.06507745621331361 0.01186588109339167 0.043829262472070966 0.06586101076012683 0.04684625006751381 0.06205201396171152 0.07072686608503753 0.03361273147642938 0.07805203906691206 0.07699631278748374 0.059659871081237006
20 0.027017247395153866 0.021546896539719657 0.040595544816306346 0.0038650731190086026 0.06303775126456683 0.006861611127675498 0.01704099847356854 0.10204817120656018 0.0700501015352849 0.006630135166764617 0.03218718770989486 0.10191161221451729 0.058747049645463116 0.08675156577478206 0.030016123032245053 0.10230231282643178 0.08924782917649195 0.049675758747980164 0.06439394079066947 0.026073089436915064
21 0.031031291974019555 0.07401770434502097 0.05058742510542001 0.010130105383774589 0.07584486780025464 0.08069446669199153 0.06132439082996241 0.08011972241124252 0.013525469130622428 0.043841899564819 0.07360624786382768 0.04899902325653796 0.04491660805025968 0.06080522151756288 0.01611087285951309 0.048320018713530755 0.02922657191061804 0.06826824910916907 0.0037707987451670246 0.08485904473668603
22 0.0487980152712154 0.04792719216712971 0.07671760060004085 0.011078226699879313 0.06304908244158614 0.07399125228312367 0.060708572800695464 0.022828960405739344 0.0530441354506006 0.06007753026550727 0.03668211235323509 0.0646766246119951 0.07906551163341903 0.07918977082375728 0.016945487681680638 0.023281297426832038 0.05826706246963824 0.042189180566616316 0.033085854664887414 0.048396529382421075
23 0.06761060074681395 0.09201156859131747 0.0644680506868174 0.04291643580128147 0.08350719735305326 0.09659320743614347 0.0158313152821295 0.003024081612878408 0.0003179040254554991 0.07649645429681842 0.03079833598664343 0.10434815484954772 0.06298471580441567 0.004925760510941233 0.033904898380587536 0.06388809547235995 0.07908660656146917 0.013166987856971228 0.03320188689831892 0.030917741846036163
24 0.06975152878673255 0.058576078005951236 0.007746605400332662 0.026134714147700324 0.11618806679547523 0.056647297501839174 0.029290768735545963 0.037305960910103665 0.020933118306659903 0.0581784721817821 0.0704599848450235 0.05386785205475669 0.005699800826025864 0.02134896558350418 0.07916120654595434 0.12335854522577344 0.04059926003538541 0.060382411469979226 0.023174055158415568 0.041195307483058816
25 0.06329702890575885 0.07429831285865433 0.05813941315802838 0.05686972792253966 0.028972030050343267 0.033741672730251485 0.0837326736897907 0.0716226397424752 0.0691389222366262 0.014576727338894771 0.03791132635684976 0.061615196273403956 0.02319125236712896 0.08322423340474323 0.024696930624304766 0.08281409080234199 0.080550552139319 0.00033289174416418734 0.04329241371960087 0.00798196393478046
26 0.012886793809308192 0.1134466053204247 0.07538528974626313 0.11570033790975108 0.023001806888523157 0.04591684833476904 0.03791384725907885 0.005027357411520608 0.007902909129773796 0.11143232928117759 0.01733327590250652 0.07091775720430109 0.03776541014888464 0.003638155112452016 0.12049902067078422 0.00972945293929299 0.013482707981250359 0.020966927648723283 0.10351471215275324 0.05353845514846163
27 0.010697928966244613 0.038505679001228726 0.005785137493135903 0.08368906282687678 0.10208418958746313 0.00462053434750612 0.09709006644886897 0.06749207925615137 0.09254039931356152 0.05115231349765753 0.004885499864726268 0.03440076244503296 0.09267605531934364 0.017924033051351262 0.06625126198433617 0.03299193019995336 0.025717973966373073 0.09358764458992012 0.049062189314528507 0.02884525852573984
28 0.09371471695716893 0.09979341329653016 0.08408858225407628 0.042666190786830566 0.053839834778904694 0.048332407117647726 0.017742194969495452 0.029645095583369592 0.004168583586047795 0.011196066143659601 0.03551650559008322 0.04184448707856525 0.08578068927974583 0.029122181931047524 0.0449206872019147 0.005466528230608011 0.06746565185243017 0.0935635042573718 0.08368697232570528 0.027445706778797256
29 0.016494287281306325 0.0651961318297276 0.06015730690053722 0.04063356591271896 0.02940816933618372 0.09639122936680103 0.03459187636086837 0.013659090783406899 0.046756436397035944 0.031059914616537593 0.05438844891013522 0.0071469182350934095 0.012442189939986536 0.0995389195843716 0.11208508110755622 0.026169851022153277 0.019859919670183895 0.08486976065347564 0.09590801940898368 0.053242882682937004
30 0.08680499045298577 0.025543197463009492 0.023132195154972838 0.08983435400910612 0.09004898857324388 0.020939538274036173 0.03509219104953762 0.05252328534110516 0.008641921178590339 0.05142101327455395 0.08687783610630292 0.031244311209573057 0.07481599685420884 0.05402650372009335 0.03831751645913453 0.02248317352824149 0.04552785279316309 0.08838235399232416 0.017825921980256294 0.05651685858556126
31 0.0841434474317688 0.06920072012567377 0.006584462642094032 0.039984809490541326 0.0933199058554342 0.10731611291661368 0.08000804838264335 0.011100559071655679 0.0804815308892144 0.0877983927731652 0.028456908783896413 0.017027849934319373 0.07284811340393865 0.019897610896234246 0.0665079552597476 0.005299530420995788 0.050774095844865086 0.010974095725445686 0.06186454474626681 0.0064113054054857795
32 0.08398583467049409 0.10167992867174597 0.01403297231441305 0.02423518032639861 0.021787715685604152 0.005010134085579201 0.0558472293322795 0.031011942057153477 0.003252596909217375 0.02693424800305399 0.07540954545691615 0.1074284838019981 0.10315933359024644 0.01715626300473307 0.03662479535013726 0.10573676917118557 0.0767355367615656 0.01712739749755708 0.09175625418037353 0.001087839129347672
33 0.09188763002622026 0.07461171825868163 0.10050926227713028 0.05422289089567915 0.04193795346084578 0.06140830125028361 0.07084880603308567 0.00988899341886744 0.10343012887595755 0.041855864158513105 0.043381972215290526 0.058468072369749456 0.10780545001623386 0.02435700843452236 0.0036701313569758674 0.0016224207962447464 0.05176816082788084 0.01738051984548586 0.038134222529567836 0.0028104929527842464
34 0.013813893419617614 0.07155598321840247 0.06996186294999669 0.016725873717594892 0.08421794938453349 0.04477259128932118 0.0604260583921839 0.038520108144887204 0.034714672945818426 0.03907047510732012 0.037516541318109956 0.037966227508601784 0.06449259536868487 0.054638534025067874 0.022509736335440008 0.04033666554887072 0.057699900893238856 0.05799013900253179 0.08667935906091317 0.06639083236886498
35 0.08911255140636173 0.012198599852580289 0.011714797125802406 0.025507939094811506 0.0182929061433689 0.09167629636193259 0.01875983347264391 0.0339504150622737 0.08118975537973047 0.032856750801666994 0.07095435512127979 0.006795763749224281 0.06678982453964247 0.07530146154400207 0.0705224575682132 0.06750811866391113 0.04409466161948454 0.0684302248944814 0.05773021051231483 0.05661307708627404
36 0.0015842857004170863 0.06311447644244483 0.07242209318170367 0.09861145732941543 0.01607659659733548 0.0006467541631101187 0.058871982070874504 0.01792848684946618 0.06248458278167867 0.042516151562718665 0.05796251486873134 0.08367421342792661 0.019923589014935805 0.0037141526273947365 0.033679433411723594 0.05812463224588679 0.09107476107184302 0.10221294690906091 0.09538399233495305 0.019992897408379416
37 0.1254455267292944 0.03795825374827786 0.07976192563428139 0.07303014013764778 0.012935869770112898 0.056868040566377946 0.05267321943214826 0.03187355189469237 0.006977751785532952 0.01108214399628201 0.024019513298063545 0.0383179861534097 0.06692710390844175 0.031031328711704068 0.02191238555396071 0.02848419660907659 0.04941314827966368 0.10879140907161872 0.12081411409167461 0.02168239062773856
38 0.09724580109346616 0.09230984962418051 0.014496459349288 0.0522063099665721 0.1097761845945209 0.04730605862674926 0.035625742573957786 0.012592070905893952 0.04287484135908626 0.011506577120308885 0.044090513596815845 0.03248628957843779 0.04534517136439286 0.04664293546659647 0.056365903872201084 0.02429835415036379 0.0595859812179469 0.025268810114477153 0.03166365870047257 0.11831248672427196
39 0.03264539824104749 0.08430917577407117 0.0314459750632918 0.044055868378221306 0.0313711761753011 0.03595148925112347 0.07266138324689811 0.01174091609321307 0.07327974378026741 0.025158494407988754 0.052960561486324755 0.03416210490767494 0.0620536287706714 0.044035662206668866 0.09474609690245522 0.09358200615859891 0.015174072451527602 0.06664351121613737 0.04874971222185986 0.045273023266657386
40 0.07858147924510883 0.008624999592707284 0.034270322058903464 0.0902333917453517 0.05219889952172352 0.019272442108083567 0.03920896360276864 0.07808810572223468 0.02907999403465956 0.00211371406832829 0.05905013920070593 0.09291441281475409 0.021909191210979548 0.09655591695157364 0.019876950054962594 0.055455936847763246 0.08825733627583633 0.011594733369262514 0.025697346206307783 0.09701572536798488
41 0.0563739576949004 0.04761281139134849 0.09732154213840385 0.07980110180663516 0.01853512170911019 0.03957025553209811 0.06483261145456697 0.03677481197863651 0.07308247070813104 0.07680559925965141 0.003929637282941689 0.07098928996235591 0.022745460805520114 0.06392046867154383 0.04397671190755704 0.09916159663150655 0.017726472953401094 0.04653242491755084 0.03394485693677031 0.006362796257370292
42 0.028639361523003923 0.09260300174768797 0.02731783191942669 0.03854755744834659 0.02968676285293159 0.02495017933457601 0.05220935329415553 0.055726223902668036 0.07664974803249089 0.004393046305739722 0.05156656212247879 0.08868471776799662 0.049871284457675025 0.050950966745752904 0.09057979814517209 0.05659847549166843 0.05348100027190007 0.04432101627692108 0.04871444271142084 0.03450866964798734
43 0.09158154575564978 0.09452680270868456 0.019661359898636713 0.016420813216266407 0.09266738165500249 0.062086443539732965 0.05955842789882596 0.04224332693872106 0.03814597788861045 0.005735304215219197 0.07305645067579976 0.02331340220443819 0.07729543540921958 0.01664221179157724 0.029068348801600245 0.08134867830584391 0.037114595636742506 0.08030754858039342 0.013254721804187129 0.04597122307484839
44 0.004320846449281264 0.08280209766990183 0.05943839186421414 0.08321664769235966 0.02935418690592706 0.02592577916897067 0.06345881144233977 0.004983287350796966 0.06469337732032203 0.03677378081786609 0.04208841295090797 0.025588387541172975 0.07330745841424967 0.06691884408324296 0.06668187426531419 0.0850449698766545 0.06035922990224655 0.015607069538769957 0.04576369857798686 0.06367284816747505
45 0.07435833501758468 0.033905853596050146 0.08049943604979962 0.06531167748871318 0.08858205161366729 0.061219217942594696 0.01262438403213959 0.07206970500256221 0.04548446491422452 0.05171342337991616 0.0002744655289173937 0.062017213440511275 0.046467420798145025 0.004378406465468763 0.06487485077541214 0.004431282069512486 0.05742673011272588 0.06714223752435801 0.026855789132112128 0.08036305511558467
46 0.02948166677334237 0.012501785301012319 0.00598662950938019 0.07618388987921873 0.03931172094736744 0.0666065142721474 0.07794119942319135 0.03006846675824986 0.05772617323840596 0.025918625365899076 0.02249350184521995 0.06387907935918485 0.09831051075061809 0.0967593735053205 0.07519307453129058 0.08135170869414873 0.08738396802179767 0.005956339935270825 0.027009913143187146 0.019935858745747114
47 0.0771403724056681 0.016292936975765566 0.08266921929084935 0.03715574072861738 0.07956739049126549 0.04681977010233741 0.08106353229391602 0.016119764998172508 0.04189313447924389 0.045253703160320694 0.06759517157663647 0.023694722780670655 0.027037381514573855 0.02826325293973084 0.037179491724254866 0.059027072621490824 0.08463591092218367 0.05341795055887673 0.0024110093892545175 0.09276247104617105
48 0.0032101072195808308 6.0044427129911074e-05 0.07853759656488521 0.07712440391364618 0.06806910109581614 0.0712280942918259 0.009055593446350513 0.04483692365073036 0.036022658307265906 0.057905660954572835 0.038758063923438724 0.06546887262570099 0.025735352618444205 0.07186491802513821 0.07422025605184361 0.027613247205043018 0.08471223183137393 0.015316724534339982 0.08304688838012914 0.06721326093274446
49 0.04874630483097773 0.014017413450646147 0.031904019535388094 0.0291898833031535 0.00649538967565062 0.08443526352260727 0.007933961508291579 0.03274749187813893 0.03859910581278534 0.07868041448957148 0.07565257200070566 0.01806561631895632 0.08627702414818349 0.030883453983790762 0.08858948190627605 0.08655167298237519 0.07866539842562612 0.048645706353840634 0.05760278204949068 0.0563170438235442
50 0.03625012089841148 0.06086496193680221 0.10279738857348306 0.041752114154587024 0.06323421357217454 0.01686093499686146 0.017146210781135655 0.07593044188296032 0.05326913147916813 0.046799281026091565 0.03066452034543126 0.01873911010572151 0.020282023987961646 0.09132978584996053 0.08971955005023437 0.08199129634649169 0.0004537269775057411 0.02894244766994619 0.027792138170192583 0.09518060119487912
51 0.01906278764769021 0.09355145534989809 0.032531884413808464 0.05178573982380673 0.07501034209406596 0.08750816047049448 0.04896961713578163 0.0024885612332567176 0.0758828861657695 0.005181968914410898 0.06053175917103733 0.044008876007611344 0.017307008089934902 0.04965420364833559 0.04119035797198324 0.03578996598131672 0.09256095470878588 0.03840435893055138 0.03812110316610022 0.09045800907536089
52 0.0793042354603683 0.056584026123199155 0.03190123546470187 0.07028207440004916 0.08846001371533492 0.07058604242255258 0.02881849807658511 0.06143059447938023 0.03236248160952383 0.06255843731506558 0.015532347710614517 0.02997222283453074 0.03218443030089786 0.0399142935198649 0.02850240324152716 0.07398149548453686 0.0016647805157541397 0.03502524448862179 0.07982923893423717 0.08110590390265415
53 0.07464651923965508 0.05502422487453065 0.06007968723838414 0.023167475028200598 0.028111217905109 0.0014512097415768266 0.04336167375802536 0.08283419630697353 0.08588859003137976 0.028213285746223737 0.08117089685619834 0.02385624468158802 0.08110541317198383 0.05262288336497664 0.0463148442766689 0.016164358029983762 0.03533129138692106 0.07631956292257754 0.054797546563290285 0.04953887887575301
54 0.05761870462531855 0.03360927740666214 0.07281459067598874 0.08771911789593681 0.007386251092281755 0.02638225654445342 0.07730994827734108 0.035743111013070566 0.09096536203004497 0.04084795168614598 0.0814747065682474 0.014870190962104674 0.03967256369832084 0.03466869622800117 0.011822363413754127 0.09289701092884046 0.06375454001552693 0.03465642032721566 0.06419923711310327 0.031587699497641696
55 0.0682304138326175 0.046298715363002174 0.0938780135167873 0.01849333959657492 0.02338012087567279 0.04081374395109197 0.07125546651779917 0.06295680376350309 0.08659440818982254 0.03265143703958988 0.0459373173434627 0.0511064996867756 0.030129042950875665 0.017964096044866498 0.05612641336847185 0.03833100098313069 0.09136408445199963 0.03953471711493097 0.01808721412438967 0.06686715128463531
56 0.06092363058881445 0.09746853829199899 0.07213189487171741 0.011909324510135152 0.023345890731072877 0.008924036081149707 0.09817704820637532 0.014576675126315773 0.07340114992013641 0.03831963298281852 0.03888176330846111 0.028874199396467046 0.10638265230584351 0.005461959057500231 0.023704932096213185 0.11038950068961409 0.11476209348864225 0.0024983401863036777 0.05269838788548622 0.017168350274934033
57 0.01939895470989795 0.08181977116866852 0.08465619062114998 0.01839070149019835 0.06566289245841891 0.045905139443700727 0.0715960477467057 0.020957871349645683 0.06968907621663462 0.005517953164822553 0.05705500141578475 0.07061633424370771 0.07308921346511787 0.001838966442233325 0.054140652738683945 0.05090852472774149 0.07261978154520198 0.05555972747632572 0.01207366927124811 0.06850353030411217
58 0.05431838245718156 0.054075554932139155 0.06032128953703815 0.07479700198607522 0.021914134107663193 0.0648567033543473 0.055882244302915635 0.01858626047936863 0.08671890514107626 0.0897844019120549 0.0013257785597929161 0.035254734594014826 0.06188006005510871 0.08871447954481633 0.05648695631366831 0.07233505773198458 0.03658519531543302 0.03096617564051946 0.004451756782066014 0.03074492725273604
59 0.031122774947097344 0.03159058001363532 0.024748781484602706 0.08106913350358437 0.09044362318858408 0.006013547000621834 0.07647126816716093 0.03347439707731215 0.015865861907726125 0.05213261333686619 0.04569429054905459 0.014884479298168713 0.02343597467774931 0.09704570757938806 0.043380587404336694 0.04894728894140388 0.08076347239358733 0.08253713903947878 0.0387905878932174 0.08158789159642424
60 0.023895158533292528 0.11472107109800184 0.06251687955928727 0.01863497494511655 0.11918626830639376 0.05272925421674699 0.033011728474821936 0.013291180452055263 0.030653585863048182 0.09449235941593058 0.01318645056974432 0.04857219186758343 0.06594535473213214 0.003576100558806115 0.0957420520857889 0.07766681764679918 0.028472018275471942 0.020590368304945775 0.061937923264130605 0.021178261829902706
61 0.03604820870893134 0.03897610555571848 0.074352306493364 0.06218750270572897 0.03388192135955146 0.07391750214961945 0.08138709716488697 0.024233482474118734 0.07908556164088405 0.07904302022579236 0.034159017707845504 0.07481248424510034 0.026048031162985433 0.04406422162470703 0.022019582172466697 0.032759805536069435 0.011001651320800105 0.059199060555925685 0.06374299505100835 0.049080442144495556
62 0.04142709531230785 0.01812480103530834 0.021777820206085974 0.024807884002227013 0.001135231488178106 0.10117377862183989 0.06174409124019809 0.017103751219291682 0.06208105200243139 0.10057226106959258 0.10555558825021592 0.10495346624945831 0.01599015097884651 0.07532367666424108 0.010552486824003117 0.050925712385411645 0.02721343091075507 0.09375561237429675 0.0075324674213406466 0.05824964174396996
63 0.09826566929014947 0.06009814429512039 0.03454088734936761 0.07230425850220396 0.005519278119651569 0.0456796771959951 0.04050157279545758 0.013411434852841679 0.03610469904675366 0.03835812900785182 0.010076143064267379 0.015914042936978966 0.08915067685920224 0.05074701415016196 0.004656089797212387 0.0661538487572956 0.06762705891666225 0.05951522302481235 0.09605816211273642 0.09531798992527772
64 0.045271116674759124 0.0282874414579402 0.0824672418334863 0.01696410848501737 0.016146061429108717 0.04752241612027782 0.07167282466459951 0.0659395726041472 0.048299075736132874 0.07155309419484607 0.01083401213194075 0.08768760618523382 0.021955421589236055 0.07273317920683717 0.03520824883803559 0.040672400047658326 0.04984294935146908 0.07016169481869072 0.08045626323471325 0.03632527139586993
65 0.038964467239675005 0.0536265747952629 0.08277240612223712 0.06943600358805661 0.010430356381002077 0.0780761972931807 0.023486285205494846 0.06941888945858331 0.05197069757356841 0.001717717830673348 0.0676324554693139 0.061196740913119996 0.07107414786579297 0.03194639817176289 0.0069071653769625435 0.03858105346984354 0.02960382591602359 0.08278136360822912 0.04422033501560822 0.08615691870560872
66 0.07038002887994255 0.07956484532510465 0.04268064883513234 0.03588647159233773 0.06147411655384558 0.08761145582998901 0.056641825194519206 0.0787456981973499 0.0046334974130777876 0.049996319375844714 0.08838450971227783 0.005757883976478111 0.06066939611785382 0.0031751201508068796 0.07398330609566413 0.05394501074760654 0.012467152480357593 0.0946512712162748 0.0016602616043264972 0.03769118070121042
67 0.033598652450373696 0.0730679566145584 0.0016035708973441342 0.09196562689048629 0.06097702594258896 0.06020388443839219 0.034316602332509306 0.07970435990020623 0.023353687159555426 0.06364881919945323 0.09221578746801129 0.07124744076365484 0.028228405675141104 0.0056683789708809745 0.049611817126912316 0.019228627171079638 0.020260314051536367 0.0914623146101185 0.045779382957749304 0.05385734537944772
68 0.05427712801137227 0.07813996976591284 0.023461042539359676 0.04545420835691259 0.01225184014444178 0.08610943140247176 0.06071844284888917 0.09828325095526777 0.04933794687296785 0.047119698140370876 0.0831127283108979 0.03561341973475837 0.030826185214728918 0.07201933662768435 0.03871174906181631 0.024126128387011007 0.05705972449794775 0.01858319461488416 0.019786351149016532 0.06500822336328815
69 0.09099858088528037 0.031129582287745736 0.03737332183654164 0.042551868317335644 0.07904879632371796 0.029061310353286733 0.014450187854245063 0.05806735577910319 0.08323997310288782 0.09273499263334384 0.03938871054372187 0.03756673272734614 0.034449040834887305 0.018763643614824226 0.08840918461100002 0.017020079139139655 0.05341134056246536 0.07461048167464605 0.0723987086744902 0.005326108243991279
70 0.06388396951017046 0.05334753931423001 0.028276322110077617 0.06613710500807776 0.08136963286339824 0.05475552149273257 0.03115695293728217 0.004534568290771517 0.07853474444551155 0.07204234458672944 0.011618258237262083 0.07550066070429017 0.05173573748455507 0.0792364951997918 0.009096326611569512 0.07557555848832505 0.02756578896253121 0.0769379906078919 0.0078080426503073595 0.05088644049449456
71 0.04896704116755087 0.028722120913060825 0.07763667544537015 0.028186637471140648 0.04583729172381457 0.023595652309163485 0.06039159494921169 0.009564351570006945 0.07713626700376229 0.014832303880675876 0.07978009310406434 0.08214069258988743 0.049804445737414306 0.03503758502860969 0.035821114375686074 0.08590609282810423 0.0807367770507872 0.03331346529170989 0.027061655539031546 0.075528142020948
72 0.02158804859154313 0.049193986571653706 0.07649561635394421 0.061873827516706774 0.006582260828901468 0.056100739615405563 0.03466450979193176 0.03366995096070151 0.04344864271466469 0.03174273155768541 0.01213650266223958 0.06412914718404193 0.03517791709735253 0.10377007942281323 0.0854453699631735 0.014784669033206405 0.10634829116217656 0.09367519822493944 0.05188622867039321 0.017286282076525303
73 0.016742070495268966 0.04158736506962212 0.05668710158625559 0.045724558536405356 0.08911053593660982 0.04378729418877595 0.04243873988665699 0.08228026785976156 0.010157742696155358 0.05391806532139269 0.040761877336546674 0.08628535192579383 0.03473639094420797 0.03668874805375175 0.03789960869652399 0.089787616083119 0.08615805344366245 0.026349024150935707 0.049844651377279336 0.029054936411274938
74 0.013428739804296402 0.025778986154723654 0.08053307114504306 0.11821869389173618 0.050007758240852504 0.055036290617599966 0.0003515942167224445 0.04636320286046029 0.0791368108297042 0.017760561023222904 0.07726934641107387 0.08603751310476825 0.01920657727221927 0.1133726900412183 0.018543573311924424 0.009038878244902213 0.054752249778489304 0.03886494470759685 0.03381679871298954 0.062481719630456574
75 0.04076450914429834 0.020365748405316353 0.0368035780601174 0.059463952823921085 0.05832587340579015 0.02288902814898921 0.053861930335397615 0.0530673515718488 0.015207867666471041 0.08634393896733453 0.02666792186145909 0.02679408111280867 0.02994317917862855 0.0377630312708313 0.06258111842570172 0.07312075846619127 0.0921409103831808 0.04143794767148896 0.09188952234978771 0.07056775075043738
76 0.09808423087184633 0.04463948494925185 0.06951765041205278 0.07146509647021052 0.07793904939612813 0.024002467760278177 0.05785879277520524 0.09143793022032866 0.004496463242625361 0.032594886426509574 0.012336572699589295 0.06595347929494431 0.013381353313179682 0.003849490299962694 0.10202683128243395 0.09336663300021819 0.021417328031273764 0.09326153790396682 0.00883417731871439 0.013536544331280372
77 0.03593933851529649 0.02852063616760453 0.05101529325257509 0.04519703633469924 0.023940982545137005 0.024331283618468372 0.05470318049072544 0.02727466329853973 0.08993545239832502 0.06616837400542239 0.06951906203756247 0.0606731447058422 0.07362462972370329 0.00346279656493471 0.0765605057629978 0.04845300957322875 0.06165362196938517 0.006634235258695498 0.07729656850091059 0.07509618527594615
78 0.05803989604010843 0.015781240223948948 0.06765108092655774 0.08322076800273359 0.10942007999838751 0.10756025439948506 0.009194152154743023 0.004046491276461972 0.013971601592694815 0.035481263195654346 0.04243181943032208 0.09733918650476465 0.08799091976814798 0.01955740799721715 0.03423012881980663 0.05906311138638037 0.014068064359271219 0.1016168433506938 0.030094937661238243 0.009240752911382539
79 0.017104124631287326 0.06367844005563385 0.0710040988223512 0.06926996473165006 0.07509975916172595 0.011602001375710826 0.07578451686626012 0.02547630867309371 0.058338428162858155 0.019535452693571525 0.030495822819982425 0.07738826459870124 0.0719228032133202 0.021740493034254443 0.07037030990011238 0.06414216805918192 0.06762410577297709 0.03380698547433513 0.05710280989012267 0.018513142062869872
80 0.04053157341977739 0.013364526026178877 0.06947982037398291 0.11557819770085084 0.008531900943221173 0.06529650367709049 0.017429912207240425 0.04346391868453302 0.0063133895133024465 0.04391379212455096 0.025753980166802613 0.05648382643611181 0.028022255863398925 0.07129845025152556 0.08073506706404461 0.005509550741915869 0.10005260011783797 0.07007795962944749 0.03107402419575156 0.10708875086243523
81 0.11087967195881089 0.059886169408930025 0.015753331445008335 0.105555407889648 0.07432242556823561 0.04939780409777075 0.04077934744739272 0.023086507234772114 0.025518980471626644 0.0692705275675652 0.020899211434801373 0.01374624732166608 0.0289305576139882 0.06765407637305765 0.0062608791098228405 0.047286101546998735 0.0018544220281904737 0.0873347040620515 0.08489682425432699 0.06668680316533583
82 0.03108792187408028 0.02922101319342339 0.005925714989806402 0.012558917916242798 0.03027333458361185 0.02811129500037865 0.07899934919436942 0.10054621571085574 0.0913434789405067 0.03862013298945432 0.03621812028210062 0.09183931693332438 0.0974903904464175 0.07033296365249199 0.05996406763579185 0.013401830618769747 0.10276645206701564 0.01579165802928329 0.055412879740320574 0.010094946201754667
83 0.08259046160757996 0.0608611237068508 0.09650657982581001 0.03573264456955998 0.04148762190174403 0.02255732105221289 0.04788689636898137 0.06726053537622664 0.051311153866046365 0.01315373803377363 0.019123996163869096 0.0470252556761349 0.023622106863644094 0.09034605855824211 0.07645576217016266 0.04004827791269473 0.0325373598790595 0.07282967566526623 0.0019827331061642466 0.07668069769597662
84 0.05029993542994544 0.01782957511862468 0.04280619119009494 0.06786525751891521 0.0811237860745374 0.006266898889098604 0.07148431322364336 0.055470180503809335 0.030255432324640417 0.06239048383333571 0.08941076109987375 0.07169088961158168 0.06546408188833801 0.035650909128046956 0.03684616977503721 0.02233606512808981 0.07046550089630249 0.05940415708698635 0.026683504855189694 0.03625590642390883
85 0.054223744122058694 0.0804813572114938 0.06614463246891793 0.04472115445822814 0.07437547209110407 0.02151005841832993 0.051052875481294446 0.023004610482896662 0.07514073540848687 0.06543783815227493 0.032853508105301306 0.016462306839249898 0.04771580425921794 0.061570428626237995 0.0807802873833046 0.019062701293393883 0.08022583985635327 0.07146568616824109 0.0059490228434644155 0.027821936330150076
86 0.09571333219998726 0.09044804435791452 0.035976073462129124 0.0613012959544678 0.052105911574321366 0.10088475895632949 0.05362706824613198 0.0018784481140090104 0.012798365956267183 0.057341196320593084 0.045714573300854794 0.04044093089635078 0.048958612064707724 0.0170052568033558 0.010596569361549343 0.07421097194785473 0.020696950745201382 0.08595205303708532 0.023919266151995057 0.07043032054889413
87 0.04097011793069314 0.06832016299617684 0.04187579283169994 0.04898226890165189 0.02400117717249446 0.02938535252870208 0.057500771225121816 0.028089614668690623 0.08300124854320452 0.08310694958897262 0.02025707044630131 0.09121995571683414 0.011251790357846982 0.01902697571695602 0.07663400008058406 0.026683834869757388 0.10260503387278967 0.035355726591951776 0.04114005320207417 0.07059210275749665
88 0.002797695454195996 0.010646036174821691 0.062287225006910855 0.07900689679587111 0.05622558186740418 0.02641528348420064 0.053104665932246525 0.021316726143515114 0.09816522897578832 0.06291665797677506 0.05698776948632187 0.016184980114230575 0.05907427209635449 0.00940166132720147 0.07672686998398197 0.03425993334271564 0.014976956669600241 0.09186210737035355 0.09217890437797917 0.07546454741953149
89 0.03352600692063866 0.0072788484330166105 0.039950657259922966 0.05599099017584533 0.007653639313125855 0.02002439765105498 0.09338409712079612 0.06365358796751264 0.0827568498547232 0.006749218388489871 0.05329286198616947 0.08145352811317563 0.09103891517057167 0.026228970019507837 0.03914863671590648 0.09046054553240944 0.02324251135245429 0.06759363321677617 0.07026862673420389 0.04630347807369872
90 0.0017246431203785171 0.02250951248400414 0.07381905143901615 0.03650166352595684 0.08547298401015485 0.07470848859184047 0.013883204426168676 0.07484825027038149 0.053261434965850736 0.06530076018002921 0.018082564015450952 0.05459814706245696 0.02807909511655824 0.07343421714706322 0.05593827348032236 0.023074632225954694 0.049754009204852276 0.05709743313585427 0.06626918709936444 0.07164244849834134
91 0.06741019858532482 0.018945231505525566 0.07783734673265251 0.06597949313675373 0.05425983524330904 0.060168822165335666 0.05178209400105097 0.06750885758065585 0.05218206780816695 0.06168694423531372 0.0048785844030531855 0.03785703232656682 0.0729078508290448 0.003752230921301795 0.06894597324451751 0.04557545275260196 0.04344064137182167 0.07301593702297263 0.067882608915858 0.003982797218172716
92 0.01090504778370848 0.07102310254935817 0.06907148610423529 0.04805884011999443 0.010650522779474878 0.04795627335826662 0.052734012855171805 0.050813456744961794 0.016605450739749377 0.06010972125412826 0.04064552017817299 0.05738137984408457 0.07858533360378336 0.07775541193559281 0.07795535085421268 0.012472056404455688 0.062082380982776415 0.07571444209850813 0.059226545636187365 0.020253664173177036
93 0.03441075309632483 0.08978027586700937 0.11501663840697865 0.019432975503982663 0.0014997971149011647 0.08043734528705286 0.024794181391043887 0.05051038051264427 0.06822612401301549 0.10813413450491988 0.012573658479892138 0.0037573520814262154 0.09919398013840619 0.04103354166333011 0.06268472502580706 0.02964731489748754 2.6283096779070583e-05 0.04785671469571329 0.011303658982732097 0.09968016524055318
94 0.07635491341893638 0.08994874078529812 0.09242742262009432 0.007429145282202943 0.04409905321800522 0.011613776800810069 0.09544257821519185 0.03709617978830268 0.09227211397169753 0.05870490924990664 0.031195187067972047 0.028989549400690262 0.04457328808650636 0.09539405433492042 0.03491844526509714 0.00046866046118591403 0.05158303612243344 0.002375243519171071 0.026712653844069977 0.07840104854750761
95 0.007754820562627101 0.05054401104180543 0.07257543790042284 0.07506055565664817 0.04263797493060903 0.018807044304953866 0.03979469157620021 0.06741879988228919 0.07833618799841083 0.055483389596859084 0.049758270100483046 0.08471028538684831 0.029291124658854622 0.03560774023925361 0.022161436926986272 0.06949558671897103 0.05107679737056062 0.030857525087407904 0.08040256835225172 0.03822575170755699
96 0.06243141566569525 0.08691857268372806 0.06662234812724573 0.07307576282485162 0.046546107175356954 0.03626146556007051 0.06577569006097846 0.07872130395571271 0.04068555481203626 0.041817362041652276 0.04223139528309203 0.06605289080780541 0.013328439583821548 0.052245704848463345 0.0841645920648164 0.06398052319945954 0.005561158066558623 0.022373722115606058 0.017913227076524353 0.033292764046524696
