0 0.09060043342263734 0.09459284070556256 0.06971228229637433 0.07724556718632329 0.01082020447951302 0.010431276506752976 0.041272860623109905 0.02286276018526339 0.07349585517672048 0.06322648794523957 0.04394776172275351 0.029416678815218943 0.05139159151488489 0.02913363737131398 0.02010285525654548 0.07832556859115763 0.01791836495918041 0.011888753296540502 0.09223663163091149 0.07137758831399652
1 0.05174485747068442 0.07346864886823949 0.05503400731365285 0.0005270027028721716 0.052454275323652835 0.0438589924735336 0.03441012861486717 0.029242637255894308 0.06036475412797379 0.0804192333681419 0.06889258487697107 0.0783527389957886 0.014960461159786859 0.012909663072439731 0.08228602375713734 0.07393569390865476 0.019675029587795448 0.05305158548241644 0.08410062578730834 0.030311055852188618
2 0.09061168800125252 0.10044288176019342 0.08637760646940269 0.014090159153729142 0.09487322208323117 0.022597638723801723 0.08109686544281433 0.07967287804480319 0.0038004247647849907 0.028242940665502474 0.001489018257602833 0.024587687258485435 0.04867451261084894 0.02198186980318818 0.06959108502139422 0.018569553229133166 0.06906938570007891 0.08192858648852097 0.05844042919746785 0.003861567323764008
3 0.01572280658512225 0.03449793699482914 0.025845257881982844 0.08378294995228248 0.07458341247255613 0.07006722129429578 0.060865547249943155 0.030459360825290886 0.014778796880320605 0.00843016991025585 0.07876365835137505 0.05633725190830101 0.07053576726492466 0.03562912508151693 0.01753839477925223 0.03354045835358694 0.035232797258707566 0.09745627493484525 0.07061801726065048 0.08531479475996083
4 0.023261537627225055 0.06857516809980375 0.002358143462215521 0.1057225892502494 0.06454432501274326 0.007774634338364849 0.009643971521917809 0.16595806365147178 0.017313361398113975 0.04328481801055853 0.12515124159607782 0.047944746572826415 0.06749757872481855 0.014926751141332309 0.006467129255497867 0.03328806616725868 0.1192239700462411 0.03690937178629216 0.005930049837068333 0.03422448249992258
5 0.03519813173434864 0.0682683848922484 0.05589272670505075 0.0516479483827491 0.03380994097862457 0.053263960550123036 0.07712406910139862 0.07994535517695284 6.58675541626077e-05 0.06882229878102608 0.06747214176873158 0.07010554164566495 0.0031344757518115976 0.01609710447749924 0.04978210336572042 0.08501218047709645 0.03127656700810766 0.03423240499030363 0.03452797689070856 0.0843208197676711
6 0.021937863381983995 0.003298734189395453 0.029412296328243683 0.052007662534051695 0.08225221661163215 0.009847252393915927 0.05965780048619356 0.05083926150472207 0.10936576546143335 0.06420499549758762 0.02691932738814392 0.02584606719674438 0.11249121921940725 0.045856482189342976 0.04632660139266379 0.06013256097524398 0.030404320553103173 0.10934488820932535 0.0138476649351001 0.0460070195517657
7 0.07899820784733247 0.0032718969608832274 0.056425995141164934 0.09006227482898266 0.07180095065746142 0.0902490879999801 0.043267676238249335 0.037710191712558336 0.08677998873387338 0.05179876940158926 0.022438711528355932 0.08747777709181258 0.0226226036570159 0.08692053367494179 0.017818969241346082 0.08206328594687587 0.00513358072014486 0.0012593420069265716 0.002522470480039509 0.06137768613046574
8 0.04713821495735287 0.07561914940105108 0.08457182977200135 0.04839646008930008 0.05311570427304006 0.07805387091363516 0.056979559966656955 0.009297901671126381 0.08620315976854603 0.008225779627078721 0.009236936581261486 0.020488812609855012 0.05592964346105913 0.01760695524305902 0.07379954777394393 0.07423728008729302 0.044269960308952534 0.03034173530422544 0.06666339922154267 0.059824098969018996
9 0.04445550885839363 0.09920331463064186 0.0278871165287693 0.09806505394424284 0.032931296176321366 0.12293377057349271 0.05274461736262961 0.021396553722925944 0.0424514930756232 0.0013694765957896796 0.05459093845364571 0.033761799214131 0.036015440957260364 0.05936974269940076 0.025986064745848702 0.007997304089944934 0.10288335798005738 0.022996043783947984 0.08865574716358127 0.024305359443351778
10 0.023980333822189812 0.05611414577460543 0.03898115985258552 0.04658785111973827 0.04898506233463652 0.055312850177789814 0.060813653497914864 0.04691682505939901 0.08598369315981093 0.06353898480146203 0.02477751954058651 0.08849764729847213 0.08533564820141691 0.024591966800021462 0.0011743173327377397 0.029025889796803934 0.06266800096982299 0.07930186942123874 0.04469263837377326 0.03271994266499418
11 0.003264564404144321 0.03719676464668975 0.07725070727852738 0.047715124334540684 0.09390950643605521 0.08893676615484913 0.040944184454648806 0.02294783798858773 0.04555398445764922 0.04306202088200412 0.052162020506160124 0.038903284210322346 0.019144401988899058 0.03055243290434905 0.08165876820570546 0.05181774797979109 0.022468997640615013 0.05123951679273246 0.08925993875716388 0.06201142997656498
12 0.024068305841965575 0.04496420738675675 0.00639241602943428 0.05218040499694153 0.07737983164027108 0.03416075272925633 0.06287735738222006 0.028306345814499482 0.07608806618575518 0.07417048494969693 0.031958398030979766 0.05227378519483823 0.026898476177201654 0.05898214264785865 0.07520285911588073 0.043054345516440974 0.07852992063609789 0.06899746118224538 0.06795274357703221 0.015561694964627181
13 0.07157754837423717 0.03223704331254247 0.037208708239787926 0.07497409169884389 0.03116972258756384 0.1032065642488659 0.11806691225919602 0.07200177661149931 0.003865377974500851 0.025172324402922653 0.0761898272834948 0.04486786945739246 0.021227374199070358 0.10181071704056464 0.05134181705450969 0.00815242056976962 0.029274903865783346 0.01079693464594361 0.009143280454015495 0.077714785719496
14 0.024075734143349407 0.017028958102972485 0.0737342569807858 0.019566387875544183 0.09600252356449536 0.07145712389982338 0.020088054734305333 0.026311141179742575 0.05689388809001343 0.0627514792400285 0.02242628181668079 0.08795224443213079 0.023636540203795794 0.02655988318181455 0.05158157585598466 0.05040412938385231 0.09952478642058946 0.07679217446803532 0.008055706089306218 0.08515713033674957
15 0.08290142428076364 0.05858750201804418 0.008580723913500066 0.006175389756068036 0.034433201782966466 0.07138886058830854 0.055624259797687564 0.06514739297815855 0.03676377190531998 0.037740164064345834 0.023049040175314537 0.06303584470113259 0.06471619697269251 0.04500079734417511 0.036880601255775206 0.0321646986457831 0.0565174138298861 0.08386319679659686 0.05848889127506103 0.07894062791841999
16 0.028817836367686585 0.09824759036978947 0.011914179379428536 0.018468521992297274 0.027150423354208978 0.037741209872664966 0.051930237508171315 0.04502810858771235 0.04367042162844035 0.06401268232580211 0.006784593525330554 0.0797940827891186 0.03214887528466675 0.05694587429707772 0.08959780713300758 0.025981145562031148 0.046814483473138616 0.05606516540528076 0.09454653030647094 0.08434023083767533
17 0.06487307769705428 0.050723864154960614 0.0036916435040659384 0.0626473721013907 0.013936637053209544 0.061368996931943316 0.05362971014060971 0.06138638708068855 0.028090217549424 0.08404038794698392 0.05811876408584461 0.05979530288975012 0.04051565499494953 0.06285554723823422 0.018175862111535886 0.04315999525221679 0.011234358550768722 0.05748962139679546 0.08598185648559172 0.07828474283398222
18 0.10395608811359937 0.0028427084396465126 0.07431126791457711 0.011030182375697526 0.0761508588644187 0.06848575086912975 0.04953236160645625 0.014971390654542602 0.08338955733384654 0.010127347717069217 0.003846832730767443 0.08552267952863099 0.11389795563765209 0.06919125390951661 0.006765544918804147 0.04606292262589995 0.05915622618711356 0.07726888579318858 0.028684424852998696 0.01480575992644425
19 0.0712091534331486 0.025548202125982737 0.09336491902541977 0.03456968150359146 0.029661628481451697 0.0737795388110583 0.06211224014007326 0.09253376359372832 0.0458027322837557 0.0066719544160741065 0.021519019387437537 0.013885521218270889 0.03042598333476483 0.0668498676126309 0.07041354148522465 0.08823513860130705 0.012160348042832088 0.02585579474004052 0.06209963283037663 0.07330133893283085
20 0.12771088782751597 0.012523336065902299 0.035645889131978165 0.020411178832245896 0.07665147355353615 0.04953338169934478 0.05830573065347126 0.13267727880926952 0.0992583803957323 0.06595403341728975 0.049629677555879506 0.055418583730143044 0.07688502449771158 0.0036363644338072137 0.011150675169908877 0.029051490695248 0.0029279685258523113 0.038813540154231434 0.03956957836919614 0.01424552648173598
21 0.08508281756546528 0.023745120526383154 0.04715425977902722 0.0066481303524194265 0.07225796762207365 0.07588297439749941 0.05360642917469631 0.01587398130846506 0.001111408102358056 0.05855285209670587 0.08296377160275682 0.013948722926679256 0.02531856643930609 0.017393471251152832 0.07055168484980832 0.08702852063877194 0.07819003700320871 0.027168215610307984 0.06703471390108416 0.09048635485183049
22 0.05942562216791234 0.041067062675751574 0.08525541504972291 0.0190378579887497 0.052044338089728255 0.06001659199086272 0.09371753397869051 0.01746474091302331 0.01682250070893305 0.049041722969008134 0.08307354401832596 0.052596730948999075 0.0260472677159632 0.006769301650883268 0.07820356639097084 0.045212917024642904 0.1047958903163194 0.012694627343476296 0.03642842029584055 0.06028434776219597
23 0.09342310077105191 0.009672877951812172 0.09274206933432753 0.039163115771555956 0.03761327783103271 0.07563507817798001 0.06489530925564317 0.03699752675594438 0.014162870962753421 0.041002429817043856 0.027146294055243218 0.042226724323592583 0.014525113802768 0.007347368742346596 0.07830533745878127 0.08416570081791054 0.06791811015821468 0.0977888835887257 0.03359611597013527 0.04167269445313689
24 0.07195100999186703 0.11496099315095518 0.028661600381488853 0.10569950350362814 0.06869947348202632 0.0031530231675820797 0.0057735124419475625 0.02303782576043458 0.08952703499596511 0.014256975702041392 0.0007079344461737436 0.02768362476650456 0.041666472322960085 0.0967060438164134 0.04844580682324378 0.044471289784668376 0.09082129467124875 0.0644817390289481 0.05340813243187391 0.005886709330029179
25 0.08724386203266629 0.05294995315996385 0.037812168411739885 0.03623105584750189 0.07324677815437917 0.05270749656553795 0.07540195396835588 0.02939428164803944 0.07473069272366348 0.07918800193052371 0.029887998973641947 0.04119249130051153 0.06270839901995579 0.02917975347665448 0.08782748077851296 0.015011796306578108 0.012966670205467847 0.041256654882884734 0.04217933172118697 0.038883178892233916
26 0.028786468476014234 0.02500077042296627 0.034841524529819444 0.11491194755187269 0.09203811733113208 0.03722859462395341 0.061793703455568026 0.06053563647597817 0.11326587892630852 0.026801500319576593 0.06873824331880593 0.049698061364006105 0.032787879846976606 0.04994584813613778 0.046819152323626864 0.04239703472924747 0.0030013557494302733 0.026293615561257717 0.012382361867598874 0.0727323049897229
27 0.031191189269054943 0.08713134861413373 0.07465519089974026 0.061159368219369195 0.038917056103128365 0.07639184478850095 0.07286599708329582 0.05037901482368635 0.03215879774778177 0.052085580556851245 0.016905785357799723 0.06440257739141207 0.03761514700151225 0.06292023510613824 0.07573652904356287 0.004887356824532698 0.06306476244190372 0.026563125902019414 0.06627432786944426 0.004694764956132176
28 0.10421335792978768 0.001957166438216978 0.06707782389192969 0.08877437145164083 0.014750361338775471 0.001989037072167069 0.024806845986593107 0.07848291505871215 0.04549315683884987 0.000522157242618871 0.06773951370516845 0.06600972426708593 0.002690442628389591 0.08627294334924926 0.08212426664653848 0.08731181571280147 0.00864630094044738 0.07618141198469391 0.02018316771683912 0.07477321979949479
29 0.003178919373854097 0.03699889551887646 0.05695383815757603 0.08684566333773602 0.07108807223237694 0.03261812957456313 0.010890518156940952 0.057632061102337505 0.08085411984657558 0.02677753820712273 0.03403445124653436 0.040286563594413904 0.0439683729904715 0.08126019053531248 0.04281121353855621 0.07505408475358785 0.07867927207932306 0.060430954821939734 0.006437832897936617 0.07319930803396499
30 0.08373941616613413 0.028836833693053253 0.05210793370110601 0.0374892458104321 0.0753813697569334 0.0291786094120942 0.07226027376664161 0.0011026834361337918 0.03045093006081463 0.040865500832821394 0.006010893801208441 0.04507932549050376 0.054866673883991884 0.081504898583184 0.0758367552236037 0.04509440600651026 0.08351267052261502 0.030627765343047546 0.04357032616777231 0.08248348834139843
31 0.059489729783756023 0.10482412990534763 0.017080119482094338 0.01895415789935196 0.014212264316257443 0.04381255978517831 0.038273146448410136 0.08902682162745647 0.07230493377103558 0.06443099550452558 0.0147254532340206 0.04309945148505026 0.06139576991784847 0.006957930553669419 0.04912102329960826 0.04969097470565418 0.07568922228534729 0.029573699849388378 0.061208565438955 0.0861290507070447
32 0.0694754737476804 0.07169927759351005 0.0257984127994855 0.05047778738068052 0.04555135480724401 0.0253613533665615 0.08098343099090204 0.029434096334181314 0.04213253377398318 0.021527372937188528 0.0541348885603446 0.05925295025223559 0.00924287285357737 0.059561148779259325 0.07494272858234469 0.053739915935498456 0.08273415322951617 0.0429175838976764 0.08281958651568085 0.018213077662449714
33 0.07682023548330907 0.07930707950989245 0.06609770717270992 0.03211409586152131 0.03815235864037464 0.031041958945998132 0.037086377240958375 0.07168240163835943 0.004143449606428522 0.05270813193306574 0.07657134814667786 0.07096184917437066 0.01862035127159895 0.038975247832147564 0.031064453981853028 0.07170781226554361 0.020971859893998808 0.08026855094625983 0.04126612894879508 0.06043860150613719
34 0.0773519014531209 0.029839166908903085 0.007123098715787572 0.06395317932957396 0.07748063792315876 0.036895004032024774 0.024358424173675838 0.01082783932964487 0.08078225186477798 0.047533582709473554 0.02015753860257572 0.09257034380719718 0.051565972107507296 0.0928404732039171 0.03080051495377922 0.06336011067503144 0.08828369688295658 0.01998486935655285 0.027571162763891693 0.056720231206449756
35 0.019083117835649293 0.006869534911722323 0.1026800224468796 0.052749728102482074 0.013235605036201161 0.0452051915337268 0.057557733145278143 0.04982607248846592 0.0033845730013519807 0.10444388065191865 0.029743642423863122 0.05593475989992827 0.02123668038393353 0.03045827942798978 0.08175615945255066 0.025203848405122593 0.07149195372767293 0.029542582228649725 0.10478670935905353 0.09480992553755999
36 0.08622806154594191 0.0463875051555915 0.08696669603996433 0.0009248433524557396 0.059953331858087044 0.025434514087930418 0.06843636638480255 0.06363398272675645 0.07416305599368861 0.05447316316522985 0.0121586897303797 0.0009231011596826425 0.09568627476106516 0.026527042657175853 0.05914763277899453 0.07731948309135708 0.07892676327706108 0.022578381174398966 0.01407071570084904 0.04606039535858747
37 0.009497645272806771 0.06338096113039765 0.10238721950683162 0.09456660032175555 0.10696940741198913 0.05375840600681081 0.056404574779824745 0.02284633616538326 0.008528307302471172 0.023303163061456147 0.03893624376932329 0.009273221864669657 0.023499252464967372 0.07192111522111451 0.06929557531904504 0.04456576362348195 0.01691363060161185 0.03899342447434631 0.0758444469843881 0.0691147047173253
38 0.040103244408535604 0.05958338815481738 0.0760494220600373 0.006807967746078446 0.077818652471837 0.06962029605388312 0.002504170133473809 0.005085101311949496 0.037669047782449595 0.042726878923897815 0.0033624362814752675 0.08393708741885991 0.09905456542340636 0.051745086803455055 0.08751318791031683 0.10003435676974193 0.030649880537004282 0.005662150260123714 0.021659120349509793 0.09841395919914717
39 0.05943975393191058 0.029315764262615705 0.07540790592926265 0.015041280885841802 0.07460386809126651 0.06736245185579229 0.059826915299765464 0.04388074987844116 0.017800369091729766 0.007960223438116207 0.05558313972941782 0.042367220765450575 0.07733759083366937 0.054625422783159405 0.039734388616961075 0.06115025140121542 0.05619849580920623 0.02597387618193258 0.059523302807460855 0.07686702840678462
40 0.007698855382320224 0.0768404521774414 0.08268742196609195 0.026522861186815603 0.02380395221147932 0.08256058709693526 0.04469496920356926 0.04106881094209323 0.034544904371100436 0.035772035889780215 0.08727654515927762 0.012614760320763222 0.03707956259983908 0.0786338570823651 0.05055125530769385 0.001171196264141675 0.09253183003186405 0.03419762123860918 0.08045343061918658 0.06929509094863255
41 0.04585209132075112 0.062304279223794196 0.09726711381878664 0.012217707150144273 0.01463999470547541 0.011618847269640596 0.08235150146801785 0.09469946193991849 0.07422405883886594 0.0263273609858027 0.05769124325886677 0.016472039391677584 0.028453730091216704 0.026460217460656528 0.05010895339548988 0.09081476182136129 0.09008135704782887 0.025572917421468597 0.013004216347575655 0.07983814704266108
42 0.07520627272766454 0.08346838316688701 0.05758410023641782 0.03182168268191368 0.024222872439522695 0.02370104899262451 0.0641550451036274 0.009665137313242582 0.04642293649610023 0.05011375700154871 0.0635508623783175 0.0639150285059243 0.06984156634987389 0.04808004423481784 0.03253943951284772 0.06859020825312777 0.06114220569096632 0.06645535458638663 0.036230446761442874 0.023293607566745766
43 0.06916395517592726 0.032048182456789615 0.030705279544744342 0.06849436792891182 0.08998942080607363 0.04397616488224877 0.020005285761035364 0.06260084022683414 0.06483658391043427 0.03623630354998012 0.01807975940173956 0.025634793457467903 0.07012193828723584 0.0789358823263749 0.0029984983422211243 0.07234829897905677 0.00868251382256754 0.06490297421195765 0.08215919707359998 0.058079759854799635
44 0.016714947780990246 0.06871374259771304 0.028297427160947897 0.038057842939245676 0.001627751784939594 0.10205491903364151 0.01832636877075817 0.06633327492364917 0.06823439159702051 0.058395264542101595 0.07019380268151226 0.08383017415878902 0.017699019438388832 0.009861555119072477 0.036257166227038944 0.055365811331103916 0.03972586895286409 0.03906993651118771 0.08689506481089454 0.09434566963814096
45 0.0930037797224032 0.10005926509804657 0.052507476451391255 0.042149503621820884 0.05765730309516685 0.03987945243693683 0.026459971846402027 0.01533883285431511 0.022777713086898816 0.08423048071298121 0.09191716923763946 0.022278380464163798 0.0071104831389276636 0.06011847648047914 0.054648851003630816 0.01737616020980831 0.028998659116334452 0.0927317898031052 0.07574768562327357 0.015008565996274736
46 0.029631369609015263 0.013751672076455227 0.014963057834708885 0.06761433823307944 0.04420562423175305 0.05900843039533321 0.10259902097561074 0.06799548269153347 0.10764018703383266 0.07235703668771627 0.006271100834965066 0.11131595614004862 0.07513307629890002 0.0029420125160903145 0.0018620314521062557 0.09082069432250625 0.054735916274628975 0.00414232435624906 0.012742336862242215 0.06026833117322515
47 0.023873852161970962 0.023426220603420044 0.07664571275315592 0.03967793545435284 0.08654262768543458 0.00995129589063822 0.030856927987524357 0.06367996417889293 0.04970268590732625 0.04208437186017456 0.054091710438124226 0.0765397095481915 0.060376013925207375 0.04656621612637774 0.02118414627903839 0.04180661713300631 0.08635782975351564 0.08821191331680994 0.012190390103507486 0.06623385889333064
48 0.08691264162383598 0.08384993968840598 0.07074834119356113 0.06027018270184836 0.07471681806944523 0.004725915670684277 0.041234485013847626 0.006109912433936366 0.04399453620555014 0.045843849975075575 0.06931508474700435 0.04221894115698236 0.010594588441470178 0.06257179827478258 0.003173818935287959 0.048538360187090825 0.06997130212471259 0.08570939180561536 0.010075138362185359 0.07942495338867767
49 0.09687100904949345 0.056615977128237266 0.06875478404335911 0.06899463463330695 0.028073044163603893 0.03848635638577027 0.0022527503661313925 0.056713694146215556 0.0764220936699096 0.007015159685630227 0.07245803060142701 0.03931030089492157 0.025253535674633006 0.09467438029352859 0.0423002259697164 0.06351803283739647 0.0105936530358762 0.07064833951119591 0.0439281384765206 0.03711585943312644
50 0.06366952612187936 0.014528243320804355 0.03226879147770298 0.056531174599865626 0.07993982880595647 0.09456134270961804 0.042718177842741664 0.06096657325014882 0.07485404598957646 0.057503734689638535 0.01731062149072688 0.027919046305063033 0.017465020724580078 0.017594334934799217 0.06558089038312548 0.051151228931838384 0.08622829793402385 0.0056161473405291614 0.10503587734411504 0.028557095803266395
51 0.00778118324435523 0.011905055536777818 0.09274111816731713 0.06931671874243645 0.01149534980885417 0.06912263234341164 0.0912735700407469 0.0007172191789595027 0.08339929602508062 0.04467296592330662 0.0900078092488072 0.028385924454848385 0.04184976365826711 0.06361778174316056 0.07242632248431748 0.025786071040195226 0.06463296678908124 0.049283875502872394 0.05274980977837954 0.02883456628882471
52 0.07537737895891558 0.033132891184679714 0.06629237658415436 0.007860964970974004 0.08248524359703704 0.02227439490065201 0.020344152131835342 0.08075906698714737 0.04805001778983757 0.041391863463843055 0.05961752647319155 0.07180605252862354 0.011581562653655062 0.09583049652482566 0.08273042064779465 0.061044800473354366 0.012107122029705535 0.03228896972022355 0.04214596071688764 0.052878737662662524
53 0.07845883832109231 0.09621313342123755 0.0352994260951748 0.037289343716733286 0.04333694353322974 0.10546838233581081 0.07445323329096226 0.040262318924652166 0.006402771145280399 0.0012740556734574158 0.09111593031349671 0.05351470720839541 0.10056103696857957 0.03556913625722368 0.012724226514633735 0.06334551661588432 0.01269758128536949 0.014927215799221391 0.020378035463676406 0.07670816711588865
54 0.0403363638240413 0.07207508968077031 0.0013898781843056894 0.06034605996343622 0.06400810461419236 0.05738726984726132 0.06272816785131699 0.04528125309661344 0.04686513911266016 0.07432377957442915 0.07752970970525866 0.02093802068553762 0.08411704266437407 0.05847198738901548 0.04766918448012387 0.03856077404700385 0.0005829302818809732 0.08872808385042864 0.04706935759744206 0.011591803549907935
55 0.049876805658046454 0.07965040487405813 0.016929720105354477 0.011200159240850842 0.0785105072418192 0.09350044374360833 0.06908058748023396 0.03119896369146244 0.05376652139681189 0.04311099753391186 0.04722721369965142 0.022738475769128113 0.028470617075893583 0.06086008969010056 0.06975224732144733 0.018726155132496945 0.04324311428805772 0.06854093188265786 0.030498192925774704 0.08311785124863427
56 0.03059263163373611 0.09326606551270902 0.0829628718829885 0.04058082426628933 0.018514607817008005 0.05974607523152391 0.06130430575422864 0.07924184604282997 0.025714712419184212 0.059550477522820985 0.03240282043264217 0.015107867801783543 0.042560127671233926 0.08014092990870199 0.03249607195706762 0.07321881265859073 0.04595493551661023 0.05978501447746211 0.002801300696433681 0.06405770079615526
57 0.014019289257464776 0.10817679577706187 0.11457980431556888 0.06044106584201196 0.061115184056801934 0.03386714626167266 0.01801358732308063 0.005717185136191067 0.03984066394775417 0.11411615303417803 0.10445025371716216 0.0069607057173558425 0.06894019111247855 0.008092417029476402 0.002489249618031861 0.07250446266246578 0.024113625536111034 0.025307129716130288 0.11095176853992399 0.006303321399078341
58 0.07727697155698877 0.05180286438926188 0.0016865460161106121 0.07024143434209609 0.03659956172004763 0.034716239880902194 0.06913574627816751 0.07408215382226624 0.0015097918332937492 0.038018190677883486 0.04808390811558258 0.03499384531275982 0.00962788217056182 0.06662194126849386 0.04947708725212636 0.08669955317725371 0.08654464280720597 0.05762969630468911 0.03431111564402069 0.070940827430288
59 0.005735805606387713 0.052867972461235556 0.02054041454704974 0.08896569838824205 0.09489479938046136 0.00130295493147884 0.022328299465093727 0.0331272245255404 0.09768801286242618 0.012623383017326384 0.05646487174867577 0.09024834755543608 0.05764832798994208 0.044516884577511746 0.024308224692994027 0.015826748335633082 0.013817836864577885 0.10395336451083531 0.09103021908879758 0.0721106094503547
60 0.04911630358112666 0.06150166056193796 0.03743845079214522 0.09172511950969683 0.07334296723118167 0.03286251360307917 0.020438757579903655 0.013985536791757711 0.09048217044552896 0.01315467043642354 0.0699086265426575 0.04825698614343172 0.026042088449462115 0.05213742304535009 0.060574585873643796 0.06013765758503951 0.021556898215722674 0.08533019630321691 0.08063977792628453 0.011367609382409946
61 0.06770031609693443 0.04523676376607434 0.02813467942190727 0.06462387484166447 0.07159998295833837 0.070285564756216 0.049672984400341715 0.07535905737359151 0.07445686606570574 0.06609796605161913 0.05222638956875547 0.060037012465587736 0.010406106286517908 0.03366418760116812 0.015900127970512826 0.03315796511533717 0.028577573542344796 0.05291953351164917 0.06785910663225192 0.032083941573481975
62 0.04927468205563686 0.08081342019685707 0.0290580335464089 0.08895871141091313 0.10822763305140459 0.06427418302800177 0.1011924222862221 0.05858429643746962 0.022438334357463216 0.001989597624573018 0.03849784050830322 0.01201927937989294 0.03253423743823209 0.057936357077919616 0.02527135549822452 0.05589638494067889 0.02760182244287935 0.04025640436778043 0.05955945254961497 0.045615551801523706
63 0.05670787504702841 0.07570873235056286 0.025926212503489098 0.0810975684645516 0.04793378591235832 0.03182401004441019 0.07836554363572358 0.04008269718140658 0.06459181755482524 0.05061697443699754 0.06922230069140572 0.06636876084787059 0.06837870457044912 0.04461025024688856 0.005116388633104125 0.04622036986551772 0.011493628898403704 0.06355590005658178 0.01573318801245188 0.05644529104597331
64 0.0796742829425071 0.035343887672553795 0.01553434220649613 0.0635785156236898 0.04334451847228207 0.0256941973526707 0.07497739751840096 0.07157003722201558 0.04350604531930921 0.013133594668584582 0.0601981299450781 0.031018885824915243 0.04491442687125086 0.039368952520425195 0.07995636868644562 0.06933131282988168 0.023228774192080814 0.05609021348595839 0.05122067033181857 0.0783154463136356
65 0.044070924902444034 0.051106074394041925 0.03609287690443315 0.05778193651671968 0.022245522373429027 0.005101386812736433 0.052755339725960776 0.002766721598671704 0.06105525998465464 0.08432961754563534 0.08949494163682244 0.059386092793413156 0.07879337188429132 0.012739703276612262 0.008653056404019402 0.06706442349830295 0.07292547604187474 0.04461345544257782 0.09270879248294255 0.05631502578041685
66 0.03639135970162375 0.08415125825429501 0.06304222649209697 0.02999402205757245 0.0205039818742448 0.0666785076980757 0.03235512227434682 0.033676365446170364 0.08660505723479874 0.031044870368655598 0.07322443249318379 0.05975438037643101 0.07812121585599505 0.004924846701882516 0.07003875649321006 0.025297794285130668 0.0677011414431171 0.04052150496195786 0.060561419287427976 0.035411736699783605
67 0.004302422224125474 0.05641311091064957 0.005586021941355528 0.002922175285954084 0.03557042457921428 0.09695469121052669 0.05209494325623236 0.03374546771680161 0.09606074311815428 0.02637705721700853 0.018875620392790705 0.005057651831771429 0.08838279638087247 0.025316408328340933 0.10742489882929793 0.07063450387563379 0.09890420796008796 0.07448365975695738 0.03177934602636893 0.06911384915785598
68 0.03471994730510922 0.020937646298085626 0.03847934021996715 0.02876020869832925 0.030942135434495324 0.059273879707656595 0.017430990921699648 0.09590677249313083 0.054116860370784343 0.03534161320376109 0.03745015206849544 0.10824102174914385 0.10317244204179396 0.04594758713829771 0.020168034082920158 0.059943876111557666 0.013387910600242995 0.09573758711868642 0.046928240238290786 0.0531137541975517
69 0.06663160712113181 0.048845866245347674 0.05558709913274999 0.008691095939110811 0.06295410919153857 0.022770263834533688 0.08811735990653331 0.006079873339882727 0.08004385982166433 0.053348451363916846 0.06647516860561747 0.05320672282572901 0.06932417599175604 0.055357822172081406 0.021832144226101004 0.04176287448488271 0.041600497048484335 0.04327703423508118 0.06048189925060233 0.053612075263254705
70 0.08086222228809423 0.05204425012615455 0.024601410185046472 0.05961979369191566 0.028966740654410735 0.07211316789590871 0.052883142930021915 0.05314031894195122 0.008316093401928085 0.021027159756230474 0.029070076579553294 0.0655158436178603 0.0507529470390733 0.09637125363792011 0.03110476866400758 0.09861034632129326 0.03054476001392023 0.007364484902370929 0.03254636521731322 0.10454485413502575
71 0.05195659593352141 0.0805369466400003 0.06348264916377598 0.057019804589304404 0.055244965410642666 0.009861089086090884 0.08174427237022479 0.006307378587911449 0.03240933754748222 0.060626700183269815 0.022838644330473726 0.05361355315593239 0.03829720630860945 0.020120308113223993 0.04119100153793642 0.06321135482504438 0.056071856438207716 0.08342095349082461 0.0628371531099412 0.05920822917758226
72 0.0834043739262745 0.08796475756773899 0.04147517032389742 0.08990960871874666 0.0342726878619358 0.0665515455129865 0.005626056419605407 0.048444003300409426 0.021412458107338404 0.0763884750756221 0.08399655091221196 0.022195508962951006 0.048346280614413525 0.05866622626351501 0.022956024043771568 0.004468719418570604 0.022666859922122487 0.08263957122593228 0.054719552389393106 0.04389556943256337
73 0.0401131817881138 0.07467753803738249 0.09170963724450804 0.06364758019039939 0.05036318972093235 0.08974249369865264 0.04338230698700383 0.013120004890811596 0.04543168114212488 0.02331125472537541 0.0773344522401245 0.05170474958585295 0.04463096311648629 0.021727079745594423 0.04310559729889476 0.04081530557193605 0.0782755463549699 0.04489700951220969 0.007058786768400158 0.05495164138022685
74 0.09270886678253132 0.05550500995250556 0.008210512249954657 0.06633382444682388 0.015250680065953311 0.09661548289818146 0.04050858593975919 0.011245653459582144 0.07562553764807776 0.02600330980113318 0.09808280201647632 0.06139776558777254 0.008339261170882626 0.031741171732292676 0.07317116463664404 0.004538011588051631 0.04089428285314124 0.02260640830809624 0.0938761938360438 0.07734547502609651
75 0.06387959240479067 0.020277402275657743 0.016144013763266657 0.043325499033709525 0.06975131110212576 0.012002041020874531 0.040924489908836834 0.0010016077250936221 0.042870238276757254 0.04912581825211874 0.08177720106035126 0.051555355960256705 0.009835335376678052 0.016149852077721724 0.0841534872655905 0.08713129069488959 0.08288919986552575 0.08991205982747479 0.0781699768893128 0.05912422721896748
76 0.05701406024875697 0.06848036005327057 0.07684725121351497 0.08791680681969302 0.011558300547101354 0.017538393886908307 0.026477767495905847 0.06722368767161943 0.08089605253726552 0.04382216606395994 0.07487727290126132 0.052770248476246395 0.012294168495627094 0.05497250727633708 0.03646421063128306 0.06532850552057093 0.08400722969718477 0.04232074434713225 0.015289440913544538 0.02390082520281686
77 0.02493891620549729 0.07347127067696765 0.06355818981790687 0.039742869165072206 0.07651404807589508 0.04584071545097572 0.04666974001467165 0.010640152485947801 0.07604396931410946 0.061300786362399 0.06830549387631511 0.061098839993811736 0.06164099340006986 0.05457633547559699 0.02996892284954948 0.06011116690358553 0.018784851322640857 0.04246830826791143 0.024764845386534024 0.0595595849545422
78 0.0793881893178968 0.05151479262957172 0.0620168959699006 0.08037247332286541 0.013389523139785947 0.04731677218230974 0.002258751783231269 0.013683276179614557 0.009257649635444955 0.0918761730334137 0.0930340283824509 0.04573458785029176 0.022581700346224306 0.087519486114187 0.07657015647815346 0.08757597421794146 0.023455461503637757 0.080985901273696 0.02963173385983055 0.0018364727795521947
79 0.07399812758690089 0.07098559678757048 0.07206638303351214 0.05811888139378844 0.06561501388227718 0.03115622206864918 0.037959536772270895 0.06271010605723414 0.05260091656505084 0.029177295189732 0.02966455266461101 0.07137701812679953 0.01293320529273144 0.06702737511120656 0.029003871997262506 0.04979476823956151 0.06179678683348942 0.03955933316960638 0.03441698704761862 0.05003802218012692
80 0.09220777687943987 0.006675156533115112 0.043934850950364396 0.0013565802134596077 0.082469785209544 0.030583909598727456 0.0022714372490885894 0.08864372451208286 0.09943588069248763 0.039905906581278405 0.01232487638117514 0.09759067736281951 0.0031179675598945167 0.07715799656703938 0.03559620041933249 0.01932841836605507 0.08744206369833687 0.09443049711965947 0.08533669070950624 0.0001896033965936698
81 0.015076582388165337 0.07209452423767963 0.08396828944071966 0.008950152880848878 0.09102014850513022 0.1015291251599999 0.035244950161563794 0.107225164980309 0.018051460008063933 0.00739305489665235 0.041285924153994014 0.010827740051815742 0.05927831854811715 0.024456997568839896 0.07487613205550848 0.04870263699194183 0.01977916160160718 0.023625765652420756 0.049091354049417175 0.10752251666720501
82 0.03730976446422005 0.03325928370911978 0.0020862045784223607 0.06635532614448185 0.033335695784165634 0.09343016303239463 0.03015811911354803 0.06583788893687989 0.051176416986043236 0.07555926103465258 0.03713679600556323 0.007338732586752851 0.06671023086232286 0.0007951179435276613 0.0760546278474675 0.04408759588404681 0.0550005830529519 0.0799881494773868 0.08994097874242456 0.05443906381362782
83 0.04677777738419221 0.0159048364386133 0.10663464158854023 0.06672335521098542 0.10733252512952714 0.02718975789228943 0.051802895360940814 0.019528171262205563 0.010662379867601697 0.0076219071329843196 0.02921480504332304 0.032574345979188166 0.01059140777859467 0.12222577890928207 0.006770824459774286 0.1062877442199165 0.08105301929212637 0.004001500891143035 0.11111883032954181 0.03598349582922987
84 0.056854021732432786 0.061914041867639685 0.04583781676047683 0.0652178279890017 0.05770430988767896 0.004240138932474973 0.032563666659280496 0.04686580549211836 0.05341445662521523 0.0844224041002347 0.0642657373569203 0.06086659733877036 0.031817655873511985 0.0792177917388557 0.02639648462639835 0.06692753263858495 0.04446662726849532 0.0771160804818433 0.016344609267484052 0.02354639336258192
85 0.02340857289452998 0.07154318224386456 0.026239548334375383 0.020093508269152925 0.030145497821368557 0.07174995902675689 0.04089355189412984 0.08888385157743875 0.043992800141813046 0.06109198335987028 0.01975902212651197 0.006313139165473606 0.08292483162317339 0.07722598991763485 0.09276992032491936 0.08739623009003293 0.08316752029250392 0.043419393751495554 0.023116333677051584 0.005865163467902592
86 0.08971797854163509 0.09173766934853744 0.0969807056969268 0.019419026269931902 0.041608512128439384 0.0645246327166522 0.02896212694302012 0.08625076699090167 0.045570387226329764 4.958706533970757e-05 0.08441323211168165 0.02928238968665699 0.04514938490037258 0.04745815271443843 0.0792770860130549 0.07164402696624368 0.012157356486861969 0.002806462301736922 0.04497574587055226 0.018014770020686598
87 0.08712825139194649 0.002005673936133946 0.039503128602508604 0.004467077871027198 0.08811959385853005 0.07214759205605462 0.018389392181612677 0.02614921283350394 0.10717062670032819 0.10338299535173394 0.012032000631337516 0.11035940192238054 0.11115900642967354 0.09964093055659665 0.017129758054320477 0.046408683498108776 0.0019951413463608104 0.0112150907958917 0.04145334859210228 0.00014309338984812943
88 0.06813415110132445 0.07046620781168701 0.07049429295512254 0.08160697804450304 0.014386164474818542 0.059985983990208956 0.02243591734464998 0.05416534564438168 0.06109741292571039 0.06556791510231752 0.0460827654114862 0.05174686244227952 0.03278841770592855 0.03307136352590182 0.01667897308896361 0.05746874847388138 0.035048869124351664 0.06614795246266626 0.06214559868740401 0.030480079682412786
89 0.03371133134796844 0.07857228862519233 0.06777229500573408 0.04781225418209637 0.01909448804770185 0.08361854658340276 0.04731005353144394 0.03110335748502343 0.01620137360126094 0.06741214156316795 0.017621545598459767 0.09606267356986348 0.08022666335995877 0.07440651237459671 0.08476909995260656 0.00947440102096712 0.03243512468374216 0.032077181282975854 0.04028101057352321 0.04003765761031432
90 0.009268588851573565 0.06788852067266166 0.053989250685642566 0.07244541797632048 0.04613637719506067 0.06049506400185854 0.02001131968120992 0.09605432907446175 0.040761033335212894 0.07175823976817229 0.07548566565849611 0.04699775716815719 0.02766328524433914 0.03808021084278106 0.025438014752499502 0.05290572556453619 0.041929772380842 0.026424595595791377 0.08700979952211296 0.039257032028270154
91 0.04529786887487321 0.039772682072246976 0.031926154343609695 0.05045859306693996 0.09319265750407889 0.02171404040601702 0.012225074265110238 0.04696950061500753 0.0873591287338494 0.022919082930576682 0.05439833043613971 0.09994918942022811 0.036490809592884796 0.10208428522998651 0.013530505599175064 0.03237384408022111 0.07043593196502915 0.006316323310112435 0.07461825398203908 0.05796774357187448
92 0.059707833056893006 0.026241182719310762 0.06478659176254138 0.03032920722446987 0.0866315656182702 0.0027029454170350363 0.0021067570655238215 0.04822841598424779 0.08616269506971842 0.051851137490250575 0.039686524456539606 0.03935694774669848 0.01345504386457672 0.0493858934302558 0.08706957734198198 0.053496528935291617 0.04890526905480723 0.07201377803758212 0.07408877227864093 0.06379333344536456
93 0.06944901750251646 0.09574939281853885 0.07763681486969448 0.05996875348391707 0.07024771788530537 0.01558872438280701 0.04792763772548597 0.05605690512925571 0.05294400049288865 0.02576834933160473 0.029082327381116824 0.03258272590480396 0.04570439445594149 0.08433428611692345 0.09835721772502862 0.007603859111438429 0.07440186880344056 0.0019431776650721524 0.021302785052854153 0.033350044161366
94 0.08684931471200007 0.06766702262276678 0.004391236178885559 0.04788231004385275 0.006077716745487843 0.06226524357374865 0.008685176873208567 0.07902148652190655 0.00669652787063463 0.0908580780723417 0.07016116836435127 0.031602805593575464 0.058772148598589584 0.02446065807940199 0.08617379717615681 0.030036802670087924 0.07184708421397397 0.018664200835415933 0.04649041470105269 0.10139680655256128
95 0.022500505311517226 0.076859605258518 0.0897858699349693 0.08951035702869609 0.005416971995593776 0.05977224805205826 0.015699194442077905 0.07049217893339431 0.047350296061826704 0.052090019426330444 0.04850513076732648 0.0037296184010402363 0.03796334854915994 0.0394568109564368 0.0772837187484178 0.005463562395022127 0.026844534872846597 0.08199044923514112 0.0632624815747627 0.0860230980548644
96 0.05358062264401846 0.03128164259451652 0.0849330885584893 0.037022350906739686 0.0077915582590433 0.06360877637256333 0.08074100117040253 0.011965739522694531 0.05772938165776556 0.047712108603272595 0.06084872282230081 0.08945813946092519 0.09961384599896733 0.03722366712866264 0.03959536553175433 0.0004029523060782282 0.0018776225930977261 0.052975728147941374 0.04775841426064348 0.093879271460123
