0 0.011761939374914248 0.08778455621546641 0.05090571232456238 0.029322103532833276 0.05728129673199116 0.08186628258232967 0.08414867458693859 0.06722788701525419 0.032243238465569195 0.041267459901145394 0.012550781859408567 0.07185861564276409 0.05453738770759043 0.007784973907177605 0.01625671114928672 0.07417710546482374 0.05907340809194361 0.046875371833953745 0.048091860815919124 0.0649846327961278
1 0.07360341299883795 0.034231337263667304 0.016682562333039944 0.058701352980119165 0.09424972536250412 0.04503304909517557 0.0691816315874004 0.07227809446537771 0.08819508323245807 0.09244025967516445 0.009447864910898864 0.08136250607670499 0.019275370224842513 0.03220448508973118 0.08292570659952808 0.0374495637341183 0.04901182740740465 0.038167628790644274 0.005482075444976814 7.646272740550391e-05
2 0.026018137660387977 0.004941967886083033 0.10484865339892517 0.04737068885085947 0.0930819937532086 0.036445336145721964 0.05988268153931988 0.10385723203467735 0.04544833154733696 0.04031650804546872 0.05576344663221385 0.050281367622715074 0.051553654093961426 5.839400690139807e-05 0.0010872713395604675 0.005698040394219921 0.0987089563400095 0.05275200411817964 0.0250290620088573 0.09685627258139223
3 0.08567280615883427 0.07457305685837466 0.04378138286002656 0.08284309270266355 0.04377371081125598 0.04360437846027836 0.09454623357496844 0.03906782796106446 0.005902222615393346 0.0234352196496588 0.08827064460565617 0.007109505413929816 0.054573638336530554 0.040726079039753164 0.07320622784750432 0.04543949299841178 0.04021569899440198 0.08369773022034017 0.027122875512098864 0.0024381753788547413
4 0.02064244783443539 0.0940920345292533 0.05893073177414397 0.07670741202183995 0.018921588130389345 0.05922683526695018 0.09250556124626602 0.021499573687298743 0.04934368059449046 0.038940358485987925 0.05481179540502535 0.0876417835239312 0.02889492482049892 0.06332314261335123 0.05753261032967302 0.014513546159640307 0.008722924360110185 0.032378684922584874 0.05647848176085531 0.06489188253327438
5 0.019549611813100776 0.024085027765567923 0.05323152369519751 0.042387998992037594 0.053176984926059344 0.013407667151929677 0.09084960994154624 0.014014585391942572 0.01696243429881279 0.09138627557477007 0.02742417933494599 0.07587275699085352 0.025306897512514043 0.012852143345945794 0.05008018372412185 0.08977696032809171 0.06460857908651474 0.09257180541477854 0.0759820252285153 0.06647274948275375
6 0.08485226525489199 0.013076932845672943 0.07293245315090176 0.005222662598028337 0.08889971212529242 0.08837201185990978 0.024022989322409337 0.05982644156848516 0.08706354136736345 0.04063291431947612 0.014720271489106117 0.05821999909887669 0.05732992496159304 0.01979845960556594 0.014132643743308611 0.04173389426888248 0.04346531776440153 0.05918676101014611 0.07622817767403088 0.05028262597165771
7 0.011567980847864916 0.0531759101176265 0.05003556403893653 0.08702398910605051 0.018359844062624236 0.07846182046585652 0.08711821545207103 0.012333408814512222 0.042748453646571795 0.04096092292365831 0.08698943580279003 0.02285436343629695 0.015467814196734691 0.07498988620343967 0.07665473986544721 0.05003493740133575 0.05935181984329179 0.00932042802946851 0.06524600378790431 0.057304461957518524
8 0.06450059574930579 0.0811948247828231 0.04482286181160788 0.09693879999683992 0.04316357216767984 0.04148475636704161 0.07654981403588923 0.012350665806991798 0.019905392020399582 0.003840653793012824 0.013386577386071827 0.0052750307100236276 0.04894161841399998 0.11515587712210665 0.09079538687981457 0.04964601707212068 0.008725493509640827 0.06676986832994722 0.10624553699985115 0.01030665704483176
9 0.000652244854428991 0.030700514715748157 0.06918439665056342 0.0027076651007232984 0.0037083751556783806 0.04058326710898371 0.06065742051555125 0.009283810066074882 0.08353846339326981 0.053869456331532097 0.05426491881920587 0.03266336770086795 0.07829135604381565 0.08342479477357741 0.0792563151464376 0.002999621588497041 0.09009760321744781 0.07221709433021678 0.0680003829928216 0.08389893149455804
10 0.038425500151973574 0.03597369777263853 0.01480887078764477 0.07972290124885231 0.0019749456638404462 0.07216275502441404 0.012688599059368446 0.10047083527410833 0.005147833495081609 0.07879051402210285 0.048749083392346224 0.06999712354447445 0.08194747273652044 0.09919260952845685 0.012879194113485603 0.03822896731195019 0.006849138465725983 0.09545666383296586 0.08426218420303463 0.022271110371014948
11 0.08386933124333161 0.01609440947383104 0.07696453783263979 0.014699363709544154 0.011981522384161721 0.0213011513527284 0.0388433462492109 0.0721081340346975 0.028406261165791678 0.04654815016231058 0.027094760725094057 0.07078570531274207 0.05004090948041733 0.056336222309890265 0.006291368453268875 0.10373485946461158 0.03565596673225244 0.08671002463352759 0.06456104891801531 0.08797292636193298
12 0.08737172024546587 0.08455578166421937 0.016000744405547423 0.06814033077251394 0.04568942402174295 0.046249236340923594 0.05883671535178389 0.045943475732712735 0.05474943219860227 0.050409532261543176 0.006327465585871966 0.024486107268812132 0.09987624345353831 0.005488417984540185 0.044758932773673765 0.04042776582712663 0.023473847914130846 0.00874836166108923 0.08000287353356401 0.1084635910025976
13 0.08470273350368092 0.04853248096326398 0.043261259338470304 0.04862415827209273 0.012638594304123622 0.03953560909388106 0.025886312632189445 0.09322337435584742 0.08761029148083899 0.04627342694766709 0.06636145166810624 0.026697171709744002 0.07605445326091874 0.026286642243478757 0.0646307868346527 0.08463581646829471 0.06436888084371381 0.0034959059196893456 0.05211988796121423 0.0050607621981319335
14 0.045475115874194894 0.06005177428944456 0.038133934916184165 0.029701657086710184 0.07618599024105878 0.08574069249277061 0.0316619534762382 0.019696789913302034 0.08701670144134728 0.0032505010893320555 0.05321838483439684 0.03181891577959327 0.057614359387660644 0.05423182250810234 0.03263800528107024 0.08204397175782234 0.0803067211931584 0.042297456803504295 0.07105960111092044 0.017855650523188358
15 0.07506256979869275 0.02307981642735653 0.06910868690923908 0.07005970676074398 0.059631882142303416 0.02185782058709388 0.0009401191137168525 0.06283296746513514 0.05847678862678641 0.03648807381391114 0.07498481176894899 0.07381714686624155 0.06759979567234159 0.03910312981546047 0.06403459451603226 0.004657631045928509 0.0516954483855208 0.06334339390825729 0.07569985256252454 0.007525763813764954
16 0.05395415984532193 0.09530069934215847 0.009742266833142069 0.0005275272993472572 0.0012805273533880676 0.023085074548213704 0.06580608131033291 0.09901396544510234 0.08248429075626018 0.08374661093321858 0.08493522360283791 0.0587926311296439 0.02661114589931379 0.05763167336735234 0.032931702637818354 0.09580810392070407 0.059477405185802835 0.0016759530442111523 0.022058456954440774 0.045136500591389565
17 0.0032380574293091584 0.032890371160196864 0.05225517331465333 0.018555122790113857 0.001398883616028439 0.0831065874380893 0.09413606120818821 0.025463058601594132 0.10431737835402007 0.0702502095792542 0.04582610957445636 0.0761277621058876 0.03853845439165965 0.11183514992997116 0.09732329085018188 0.01352320220338886 0.08724084605816698 0.008078165723301802 0.03171619996476023 0.004179915706777897
18 0.07395103798474466 0.07844971667372187 0.1261955671033951 0.006557257912324414 0.010020012714965165 0.024132233694275924 0.07700778442977285 0.08056135006226353 0.04421091757407818 0.030374757033629886 0.08091081872121944 0.017313919934757654 0.06563568274094486 0.02191031443865751 0.038683157284866446 0.0016650314019169296 0.07306963986635576 0.0365496372401969 0.10774051405450145 0.0050606491334114975
19 0.03641324422845461 0.02491955742792008 0.035352065612327926 0.06994595487435906 0.08809449327408884 0.06704493707777347 0.02460426434157019 0.09745556484542355 0.028233728486971168 0.005982438009696939 0.0018937586139104556 0.0391525550111978 0.05531837174318357 0.06632811074803249 0.09743488330862012 0.010424476726815785 0.032070951346493744 0.07582112600267822 0.058439607328993524 0.08506991099148849
20 0.06014208656799103 0.05074148147777667 0.005385690596923479 0.07054769196316818 0.011056309718573304 0.056154485656732325 0.01812892173768169 0.08904715972641883 0.05111248651355772 0.03398999876992642 0.06344950991216841 0.041836562128606716 0.0421303891025897 0.02546506017500739 0.01311679801879486 0.08824755382391418 0.07493290074804645 0.09918109971252306 0.026222867682056582 0.07911094596754324
21 0.06811091718058422 0.05474170297545552 0.0770997766063526 0.06682575569560623 0.0532574526402773 0.07995803940079259 0.004962588233525194 0.012766365653540042 0.08357262582369845 0.05142894325531962 0.07086160111594775 0.06169351442953702 0.07724416607823681 0.05665287573396701 0.044677431256064985 0.028256235763891982 0.03400792168987292 0.0430373907070325 0.01254134820501918 0.018303347555278106
22 0.04466370603746499 0.02675240702042207 0.060709278307042036 0.07441307873586815 0.05125293845680268 0.06595899690582131 0.018140273228689507 0.038713624702454166 0.07044387615311233 0.04682810552255886 0.03245956287969198 0.08148287172966831 0.006263908035489657 0.054485332130118566 0.07633857089579926 0.046563006867395146 0.042838779745229906 0.053777346122599955 0.036925344945538556 0.07098899157823274
23 0.05038457509021669 0.06885172847479978 0.018093606694598658 0.061722177967003126 0.09272739352174955 0.05757739654028318 0.05560827096191239 0.06379156418871015 0.07347550964922733 0.027967403657707862 0.0602800195874503 0.04330598100790915 0.07718495315428017 0.08044986060378627 0.0009519879990741954 0.01760828020465083 0.0596347719276154 0.05219483717742898 0.018276188978546232 0.019913492613049606
24 0.01063578336952155 0.005407236548701053 0.06477107915029116 0.01662880627081254 0.030688129005104738 0.04192721523336525 0.03791315591145963 0.007685022650099614 0.09843066220419133 0.0900034932074964 0.1047768822187762 0.06147534350250798 0.07626262788551011 0.041436328484181474 0.11771233151937822 0.048005484960074195 0.02867938975674102 0.09075353599211652 0.023092036262304265 0.003715455867366673
25 0.049385298509792674 0.04271045439567833 0.04552102536710762 0.06479232117421083 0.11623695617118415 0.07393601968087248 0.04235061060223851 0.025007020748964957 0.05473886072643619 0.07786019871633557 0.016775196943621926 0.05109832231384347 0.0027814185962919884 0.03873360962426512 0.06696474679562657 0.09002181378001958 0.08137025546146795 0.04340896118562887 0.008424053335970101 0.007882855870442875
26 0.07749250627335258 0.032599547688486843 0.0770864359869336 0.06483036070067798 0.08498785098370887 0.033301669852953665 0.017504312664937502 0.07630288132815023 0.08174279183910467 0.05479008681257546 0.009053786943787204 0.0047453157685391325 0.039364848907471287 0.03784220385790913 0.07215444560339807 0.04645127492580927 0.08405798608307032 0.011419335265043577 0.06564097411504262 0.028631384399048075
27 0.055275667521724775 0.07276877692645159 0.05381326911004172 0.04348917502731482 0.01539417882549095 0.05617564585982359 0.017362604728194342 0.025826376586176255 0.05998526714070755 0.02806319482511407 0.08002773134639911 0.07564328212835507 0.03259887894804197 0.016101289681557645 0.09789088869691452 0.061813921597191734 0.03863584513705652 0.07583823469042957 0.05157575463388177 0.0417200165891323
28 0.0067883905398223 0.07910345662113183 0.09008234186604433 0.048912518330849565 0.09354279592765105 0.06378181229352983 0.06604328004909057 0.027942282543593766 0.0405517976403812 0.050497416854044866 0.037695210209040236 0.030239238564154815 0.03478438963464023 0.052793314707031636 0.002647776988795273 0.07751523153441034 0.07743097353784868 0.015072076808006232 0.059759688146875156 0.04481600720305803
29 0.020227746525439863 0.0758577100485676 0.03168421828789946 0.07855305868535935 0.05988935118435831 0.04386480108500253 0.07061322444935589 0.06285508893959733 0.08469952632531934 0.08380804331997929 0.03534910915810068 0.06428824473826301 0.03314195372353085 0.00601063702382727 0.020381102753583628 0.07420921080394947 0.0038380442090392465 0.06738917791698044 0.06057464408920516 0.022765106732641226
30 0.04717912400744047 0.008034496391016098 0.016222386203610925 0.03949639003193237 0.122428193786043 0.01258236146776169 0.04006273749321601 0.12185942811998125 0.04477431987852702 0.036859552715695125 0.04070267963407171 0.042688822101848274 0.08988977356912693 0.03883990593716149 0.05138925296332849 0.10462488900045322 0.052867965245329565 0.016219304180807335 0.003967891253937235 0.06931052601871159
31 0.00510634654262024 0.02686396317637893 0.06133328741188266 0.03804491466618038 0.06948111809198905 0.06390131786131073 0.0018666964658233703 0.07888737764561339 0.056926994191621436 0.058805787964697896 0.04208962005687146 0.04961759986278868 0.06454185637443825 0.09820606365506886 0.0024187804771075966 0.08112841219392493 0.07153707974909408 0.0837192654647874 0.0257353946833132 0.019788123464487474
32 0.06442572060158382 0.06378010206579263 0.03696134228523575 0.050902289896416514 0.005410674830682176 0.030644999334321004 0.04376293039275214 0.026581228498209583 0.07515413494738406 0.07839110653480917 0.05780066244001967 0.07671469041088108 0.06611507014050162 0.007292026409611924 0.08288572006441142 0.08117202178644214 0.043124082447707705 0.051865286525670524 0.014993258990968483 0.04202265139659858
33 0.046512682655674084 4.951671126221459e-05 0.026794386585931654 0.043745910652590723 0.06541899513895824 0.10357801787440178 0.011565799560594121 0.044321934905454906 0.0248459793288742 0.08156901171875083 0.0524372633883771 0.018576941081520602 0.04435893336307754 0.09215208947836208 0.048933830145439006 0.10494155273563666 0.05133445991453578 0.054801801584899036 0.03461430267664713 0.049446590499012344
34 0.03514328115723732 0.08921198067996985 0.09855167276011258 0.045050437946441334 0.03184882692310137 0.0541192726126951 0.053114248421622164 0.00014694755037232776 0.0073347379658222 0.025409274734180726 0.08364215038378059 0.09315459295063272 0.058807386971659596 0.0262420876185976 0.03881169697351659 0.055647462668122205 0.09976673345997672 0.04868934689227805 0.042583322713657994 0.012724538616222938
35 0.035420649332567715 0.0905826857954507 0.03164801398578929 0.10504233773702841 0.039141775136613655 0.024342455179709198 0.09619375578519837 0.007182114020067149 0.0007361951411008899 0.10584473154909231 0.06248061641311036 0.0603754274490998 0.028296271076740497 0.05646721840134675 0.018561857717635678 0.012387307808157295 0.029107246407185462 0.055552588512190075 0.0984054452355262 0.04223130731639031
36 0.09396755913328016 0.015371217752653116 0.015366100272303528 0.07135113347494032 0.08447328349781956 0.043635204028408724 0.06787187310974352 0.06442241009720003 0.02328187229510582 0.06062667655959671 0.018779660883058182 0.06478238212044254 0.037682994018564835 0.05273263654103151 0.026527611591982133 0.07266896191933674 0.006386456784871172 0.029708421999292668 0.06537438267938601 0.08498916124098267
37 0.04985084698547132 0.035286057697792444 0.08154347460398977 0.002296970753671007 0.08231907267562757 0.0627012836359633 0.048031095796030834 0.01137863266952049 0.031037953051067598 0.033853910262369155 0.06774866640266965 0.07983634429624774 0.0561229071186938 0.0351764516906448 0.0711511568125315 0.04039755678965605 0.08232313219830363 0.05804149399692814 0.03494416662138663 0.0359588259414347
38 0.08700018532318367 0.04609256501269891 0.07581838770925106 0.002970949282266866 0.11466123461348342 0.09345042212478293 0.019821606730076026 0.029313013494871188 0.06718249412629687 0.003459324139237116 0.041194076808233664 0.03959861096445275 0.03069418172842074 0.09544586282674154 0.027899822462128927 0.027498077843367635 0.1021621032675512 0.0690311022887077 0.0261207360414567 0.0005852432127909455
39 0.03608263966588168 0.018622242447136082 0.07919267441252596 0.04014900886762068 0.056829722369375876 0.03398756679284799 0.052833668953904726 0.03180713981596235 0.09187212589537294 0.03637045412705454 0.020717978756293113 0.03697736503778137 0.04075858078476095 0.0854026183895879 0.09008081201476714 0.042881790452191655 0.08786772860800529 0.02081786074706522 0.021290493823955696 0.07545752803790862
40 0.06872902700869554 0.0495738897430276 0.040003161021914105 0.04176956257163759 0.03237852061314805 0.06926908333940127 0.04469726050020157 0.06865937213445042 0.04469541952869359 0.0700181001519899 0.03320098586899097 0.06694569917609659 0.02946525606593473 0.02304853196894646 0.04974098960642133 0.04392176441922364 0.04372003892098008 0.04683304852560141 0.06719641162233318 0.06613387721231198
41 0.03098590205258284 0.03594555389324769 0.059847083904319386 0.028773939592236158 0.04738809011875299 0.08505886986330599 0.08454421684637535 0.0540536296599868 0.06994154269075757 0.0257672947615545 0.0026843983781953047 0.04888615133249578 0.0909264701328979 0.031095077007883755 0.014664756408669405 0.02306924856883351 0.0741732930432985 0.07893344464176072 0.025925520202347275 0.08733551690049862
42 0.041752827570480544 0.007469529972120056 0.01698260802950755 0.005428877295403232 0.09557389129983465 0.06462834517481852 0.01678679822191816 0.025507842765212722 0.026029072707857835 0.034862450025947796 0.09291853158516203 0.08118589270774272 0.09824697806307427 0.015810293612408932 0.046152515336597595 0.09156777975480361 0.03248414248889307 0.03703478981614871 0.10061867046578037 0.06895816310628756
43 0.0396088585731433 0.03580253665048157 0.020222104694175225 0.05246299970305823 0.02681527390216545 0.027723756346587386 0.02270783994495312 0.05286023772323059 0.05494287762724673 0.09143515984869112 0.0010130232426375852 0.08054150083160906 0.04844663281499289 0.09914690070696362 0.093085362320136 0.01596963358230675 0.10090275075667865 0.022201433788034814 0.06630272452198054 0.04780839242092749
44 0.08547792019399303 0.029391905921961142 0.07815166532245785 0.04604180866133925 0.06257536185752849 0.053921249068181416 0.057391587940958264 0.01673603737514286 0.047349727142267435 0.11046209960665758 0.09074151831599502 0.007143528303003182 0.013438543052421295 0.09147426971268031 0.05423388614033163 0.025057850574416587 0.09233282113721777 0.013785983156372911 0.018461854597424263 0.005830381919649926
45 0.035571719043084246 0.04945372199217966 0.06631759450727066 0.06359366665844199 0.06447194691677206 0.03705152114734031 0.024119672695412948 0.0890260928212188 0.06949627500603926 0.06386744217075684 0.017985143434871474 0.05932703677524414 0.03699217536816648 0.07672276565429842 0.02198866777389833 0.025992691018285906 0.05533946958301373 0.05386668706672231 0.07436270879805193 0.014453001568930432
46 0.08776493500546463 0.08076163526710278 0.06260575624908687 0.05128066923533417 0.023313921384451618 0.09084487181512008 0.0734090341979253 0.08376780156117217 0.011147381328473479 0.003591143046466244 0.07243400004992363 0.058170441844232215 0.08524496300985235 0.03806621376833763 0.005643403837859182 0.0037041414418618 0.06557500506946855 0.034027307307726753 0.0016025430014261575 0.06704483157871445
47 0.009055145451092612 0.008061630073033269 0.06784535995254547 0.1015294456726079 0.01143219575676053 0.02392116621434391 0.11525379502931853 0.003823070014031992 0.052446452500087504 0.013207208845734356 0.00615673995017411 0.13033683438697005 0.019124334731576872 0.0511963798353446 0.12012813061285942 0.09713272086555472 0.0090497824509812 0.019647531687878823 0.07858012507787462 0.06207195089122965
48 0.02866906535838448 0.026783565032758156 0.00799220289939763 0.045276786653836755 0.050009740953118116 0.10415873387247146 0.04092419355836918 0.09194697238524283 0.06382697693206567 0.004197499802873497 0.09874081082832602 0.053719835769041095 0.023215061394590127 0.018968214633822547 0.09878048627162213 0.005038144743208191 0.006270750367956237 0.10807484980745677 0.01935801111926457 0.10404809761619449
49 0.026837496987661955 0.04490656435430707 0.07104200773687049 0.09118448814936146 0.03640118400451838 0.057061150137981034 0.0899944409636618 8.014236447113916e-05 0.019383693956463912 0.050836315792215384 0.04288800123149328 0.07688409536708243 0.0761693461754291 0.06741496155660004 0.010586806287233276 0.06134000513289591 0.06426252724991172 0.0068556969136680974 0.010490259874895654 0.0953808157632779
50 0.0973603508715139 3.282283980098924e-06 0.03428223337542109 0.07626412023267459 0.07233688649540627 0.037352190123604564 0.09187245186013018 0.040307742309547014 0.040551764540649134 0.06631550511025883 0.0070513360553115835 0.06266164573793412 0.0745061438494381 0.012572307707279008 0.06287005078594639 0.0032298421957925707 0.031863563587936045 0.08139169297596284 0.07167408740958989 0.035532802491623695
51 0.07804980938572802 0.0676083949151253 0.05536369543557801 0.04577941278667126 0.05097248559246345 0.10025648939785538 0.04972844652669063 0.011308605988236258 0.013461316244293387 0.05798718359502491 0.05645249653400536 0.0685996455269965 0.08018364043007808 0.0023139370469168414 0.07970513163103844 0.0006746911630656144 0.007724154794215346 0.07144467668076648 0.010709217086008214 0.09167656923924244
52 0.06788593958746131 0.07492644035516133 0.03861030291780092 0.03669401659795234 0.02522835709326947 0.023127913761543592 0.048719962753914374 0.0680123125450184 0.06848356347007589 0.04937998253529153 0.05851480538046919 0.05067403238156738 0.06600299716646939 0.048512815031889214 0.04698147927009794 0.07314790918803611 0.03782656217394349 0.03695924340813476 0.021256689048289205 0.05905467533361409
53 0.01824844166172231 0.04565124967813086 0.05856385249647702 0.0757427464384555 0.006759606533962709 0.11579739186450051 0.05758972132110683 0.02903347593660074 0.03866621284694393 0.05623482470527869 0.03064118846951335 0.008786380867363068 0.0882344980165586 0.08596801941645871 0.10601682306827485 0.06384791757156642 0.003275252038377653 0.0493996612438739 0.02906215254458178 0.032480583280252766
54 0.08583289062685616 0.07214337787199665 0.05005872782576468 0.01366522176449694 0.020733175569648207 0.07956336021942004 0.037485445788280454 0.05473999196865085 0.04746324645335555 0.07426314323772705 0.0572585735215738 0.04119063113711017 0.06525420850370069 0.03531407658645574 0.026588379047104573 0.06080886327961316 0.046487964674188136 0.07243470358969205 0.04777539788514344 0.010938620449221751
55 0.0032967295464273365 0.04578152494381088 0.0015881856255365997 0.051866981593269995 0.0341574580080294 0.04225528671992492 0.07305055398290075 0.04924643952160553 0.09178753311879516 0.02055318555522068 0.06352514068549052 0.06598533450437416 0.033632946462901256 0.06698461883753638 0.07985026282106988 0.08646394742109544 0.043735338154243665 0.03166775303476134 0.06252134020669045 0.05204943925631565
56 0.09348706173381083 0.10073885505660234 0.013111419443432222 0.006482690309334357 0.010195750119877793 0.0300860770610914 0.07086459163842515 0.0030056795063071154 0.05658791210649659 0.04373070736841748 0.022080177105388118 0.12496192471153478 0.07685078010191339 0.11804309662643546 0.0630952540643459 0.020497484894012204 0.040963618162755226 0.08352573568295316 0.01823723016363649 0.003453954143230039
57 0.07613799162238134 0.09593689331760047 0.022019199471257044 0.03744193000904691 0.07503261128340802 0.03964771291002512 0.09024712195694629 0.011088720446384334 0.003432882549390365 0.04795073897182626 0.08067084794355128 0.047307839577032856 0.09694022004411568 0.011415394114950128 0.020649537165850752 0.028444226154490156 0.06913086564637684 0.05022855965159647 0.06012241275870107 0.036154294405069
58 0.03891499790376314 0.06890984683757848 0.03717598645417591 0.003026131983322493 0.045372034204615976 0.025523227595825648 0.10516925981943086 0.006374533059447255 0.0180609522319422 0.05105213694738669 0.08095448176416185 0.06233590123258216 0.02536576631924327 0.08163569222516617 0.025572869093550964 0.0870987284705341 0.02740439966648936 0.08854707214508227 0.06406437816042877 0.05744160388527239
59 0.013073234052600947 0.042883625865100465 0.05302698100268769 0.08984146559751195 0.026843747645157425 0.07223564262538493 0.027400415072007925 0.08886251541095244 0.05015858955790181 0.04663559954660671 0.04431099613110042 0.006638035914531559 0.035916053745063486 0.044333219691856746 0.09144802852825136 0.035250200391084785 0.09385251129641795 0.05792269850227497 0.012869174845851254 0.06649726457765506
60 0.05347785731451617 0.020308320856760105 0.008696009199341503 0.08564784893114129 0.014443467449740247 0.07101015985550924 0.07428001715415396 0.048153201217019916 0.06495887221656955 0.014896583073255623 0.047190840932794374 0.07521199243401047 0.05516329858461653 0.0711605163811811 0.08317051985172988 0.004751032241509379 0.04726249754230202 0.032369507360791416 0.025118473576028914 0.10272898382702829
61 0.009652162941723984 0.09376260425469846 0.04843468085658863 0.01950287594035298 0.055429087456006915 0.08047914555804882 0.03420364856721834 0.016825282985487473 0.033437610361075 0.07485622436147571 0.0750610898601205 0.08783515449135339 0.016746316957665427 0.039099221403689634 0.024448408262963912 0.040462557764773664 0.015140511782102977 0.0626308203736698 0.08916184640039823 0.08283074942058631
62 0.07276482666812706 0.04453656375852296 0.05799488421076147 0.030229169844667926 0.057047815177552634 0.03868500669774132 0.010871349508996679 0.0022033137363353292 0.07681405609612536 0.04003163024944385 0.07366684516757263 0.07433637777861365 0.08003958972477124 0.03859275242570267 0.038592854698907 0.06726140433090058 0.03761858537361283 0.03320952685787942 0.06584616314870377 0.05965728454506187
63 0.08153635153871731 0.05768402621592459 0.00031437861346143424 0.04619651267564053 0.10794449817263593 0.01731044327610898 0.050983092621741874 0.0038864119602333882 0.046576275377862374 0.02082391841941239 0.05542995369290693 0.09321681748816876 0.08528278513186567 0.03449531348281426 0.04130826766107807 0.019172796721170622 0.09032335690953336 0.03348043273083411 0.037334406487286226 0.07669996082260301
64 0.006278467808527848 0.06813148651478056 0.09913681452632492 0.0609220855189668 0.01713753220741141 0.045623363850324734 0.012677653026228902 0.036521935762225316 0.03395808105311445 0.09479656992431401 0.10454435938055191 0.020339117633848533 0.05331510528919073 0.011760836557042452 0.06895205806699595 0.012873033216854048 0.032512136213775904 0.0846354700851884 0.05960439155887439 0.0762795018054587
65 0.11860330965214246 0.037462880038511365 0.0008590934455394778 0.01602892591268855 0.05014232075320765 0.06774235851107159 0.03477642822000231 0.08310718018725628 0.008440616405496069 0.01983605437275711 0.06785963825296691 0.04184045082795557 0.07641238684297103 0.03123009130922445 0.05089512043872802 0.03295195196005933 0.06854037547234983 0.03156317755235483 0.04844009191129971 0.11326754793341756
66 0.06153129276167425 0.00525258404490069 0.0004657221780559462 0.09624088313746897 0.08084740050765385 0.05108551665959202 0.027240515531726007 0.003063871467358449 0.007233313254670237 0.1015553876745357 0.014648313541500098 0.09034803367617579 0.0888044100578627 0.0008307070588704241 0.05913068336302573 0.06928334433398792 0.046791134972326266 0.07166867366122041 0.09449311203662406 0.029485100080770422
67 0.015054814149217827 0.05259479281795643 0.023310185855959297 0.03297150299339172 0.04488409099341784 0.00444330461140211 0.10005058132509266 0.07003097238031869 0.07845045434251462 0.0770784086427819 0.01866116952468723 0.005571111585862483 0.040578953143728454 0.10029416990127958 0.04893708590562492 0.06232090176666247 0.07064440153935374 0.048292395025620695 0.07701369107553133 0.02881701241959593
68 0.050621706018401415 0.00807481908445039 0.003926985439178963 0.012972804132570105 0.09588761427697004 0.10585010453143305 0.08936971627325746 0.08882958430361602 0.11116229320133457 0.017394850639467496 0.03634821967510918 0.023596398207084913 0.07142837713228811 0.07422188699839082 0.007132270802709215 0.07282804769521566 0.013922323701902934 0.0332504241873426 0.055468422322990374 0.02771315137628678
69 0.08629034170733559 0.000624814234653837 0.053543284144648644 0.08464205193961248 0.03841176490173817 0.07626684359027272 0.06806069362881823 0.021770824385206236 0.05458307638987342 0.021684699581599205 0.006431167409874944 0.02983350622263974 0.07545415625642168 0.0365147526742362 0.08199105938412747 0.055925033725972274 0.06754060506587833 0.015356150801514309 0.09314600271281842 0.03192917124275806
70 0.06080508852875406 0.06758519903252726 0.04619351874237513 0.054852486317319996 0.07810378702377785 0.05387015344352226 0.05361636642993384 0.003076855701616461 0.004488093938639012 0.07290820760526891 0.0794317792244124 0.06062680359702246 0.05658035168916578 0.07150331419066526 0.01816936289948205 0.05412261352671816 0.0641974849674835 0.03522539937007172 0.035529074583104135 0.029114059188139554
71 0.013535379975780703 0.026485387446706705 0.0290149865022116 0.03562694811908577 0.055190660524403266 0.08822121774484866 0.05491380401128328 0.023715926973948982 0.07613414971989146 0.05390805876038804 0.08458844990718399 0.027571206939360597 0.08779421935745285 0.045900715993987255 0.08443310020043314 0.03449268029644497 0.02492476534328194 0.0546846931786554 0.05655342335839121 0.04231022564626008
72 0.06310837433694001 0.005050809031923814 0.012486559815979022 0.07736402500699581 0.0070679984630347545 0.04741434694869149 0.037139852882546266 0.07707416943922875 0.08812240847729587 0.020281048325601455 0.020275246720817097 0.05357893739130667 0.09323335599521895 0.028338737979930945 0.08253235784156492 0.06778644673043747 0.02804872607994631 0.09038819934683502 0.09676726676035904 0.003941132425346538
73 0.06514898693575266 0.03172407290116104 0.07089953304956986 0.020892857580734784 0.07770262188316829 0.007190299946474939 0.04758148678388219 0.07131471593404 0.08927389890977136 0.0024408450386949362 0.05507216712133606 0.024887233815661283 0.08197775478640254 0.014802100800078152 0.053945893617066476 0.07548830196000533 0.01332548368586718 0.061702460615079426 0.09833714593696898 0.036292138698284286
74 0.09970461682567876 0.03604135056433507 0.09094042384944741 0.016190531616423476 0.009289841916828427 0.02437739431826985 0.019341226242935692 0.02140794597829541 0.047650422200626985 0.07956249527718719 0.03986707466502066 0.025238618303485328 0.04210680964322071 0.08269650396642382 0.10136950144885531 0.0872212321501059 0.022546280158274215 0.0615295282592737 0.07680091252572202 0.016117290089590345
75 0.05550851961112224 0.06138301285802066 0.09365931042470066 0.08626065515891033 0.06585525639259739 0.06277984993778155 0.07979742325137332 0.01669354999331584 0.02534696127147499 0.042402954999794316 0.009256979072971456 0.02281939733726112 0.09195980052265157 0.03711319871356937 0.04768229837097954 0.02032780694262962 0.0012117902742065224 0.03092112265574458 0.060042744049783756 0.08897736816111122
76 0.03396148108512979 0.022783708692381537 0.11027590544243585 0.02691825159501349 0.01289340286520266 0.0201050633404885 0.0023476030305534423 0.045480313387162935 0.08734317841475184 0.07007209661315526 0.019674611984132905 0.047869803259447466 0.07887346070690252 0.019384072452732364 0.10946772127549192 0.06843282940256945 0.009002480698475004 0.08424049247884996 0.06953680683375034 0.06133671644137293
77 0.0645421663219175 0.03876584709262175 0.033632275299684135 0.043498967221026225 0.010757872996350884 0.013860862998069408 0.006405994387312713 0.10389278044279981 0.011713029775207901 0.05275536133322033 0.07008709131808658 0.10407965603910267 0.0620997014738452 0.08980728063116529 0.08555779105446117 0.08391271918571666 0.005923121929324843 0.014664109761068366 0.01758546542193048 0.08645790531708832
78 0.006187209006917878 0.06319840436874585 0.01202230704553888 0.07052794822995101 0.043757264842140015 0.04166157720121228 0.07786102620701207 0.015751274304608376 0.047351761064915864 0.06689541353249064 0.07744695558503858 0.04588952591590279 0.08267010658332324 0.00526040444562334 0.06307006670980594 0.06445802952773615 0.030445243085159675 0.05272516825613973 0.05302629726602905 0.07979401682170864
79 0.02285215543278508 0.05945654638529422 0.02404408087070687 0.03561818434159048 0.012030407327320667 0.07850373525018071 0.08983976926318263 0.005525409464998103 0.005712498259024682 0.027497242958848526 0.02856294342465205 0.06476851180382172 0.1005124498631842 0.06861521281297749 0.026993320107975005 0.05794374783985859 0.07860390753960203 0.05963250327672685 0.09581722401836518 0.057470149758904805
80 0.032787284287386316 0.018833229417129557 0.04661413798464204 0.025316061285561818 0.06188398846287404 0.06160011474618694 0.008230408044028017 0.08458487291988448 0.08447995855469125 0.09845745473349819 0.0011362494785711961 0.07108648298942948 0.01339854011213979 0.06784812419507899 0.09148505105438744 0.0002613424283984524 0.0971912622912684 0.10610211803082199 0.02793367095657167 0.0007696480274498071
81 0.0034582007770175504 0.08571403264146725 0.0477692369657665 0.0203694470548161 0.025542285140431338 0.04875787507307595 0.008027599682389515 0.09170839337269679 0.07718267693530333 0.06088025199074947 0.043531974892305904 0.025596429700788702 0.06685032813472344 0.08768849256666629 0.08038941833113292 0.015358251268291684 0.08076805025457706 0.05436392917910467 0.03978620536601843 0.03625692067267689
82 0.05503496182213718 0.009233780836480087 0.06656063996082284 0.004944830519105176 0.07686894600375208 0.009399894190811891 0.0883490416115891 0.05505370171731351 0.09471748855207932 0.10939195718123473 0.05082138830067455 0.044568695150019266 0.03120700795971413 0.0333928304875031 0.07420045422656835 0.030722868232781527 0.006219886857411458 0.09508770222832863 0.0005338982023565597 0.06369002595931655
83 0.06006707313662908 0.08074527942116608 0.056936720169658527 0.0042486185503382255 0.014045664927873585 0.026509101713031395 0.046185682849795254 0.10088629631072163 0.044138466181921764 0.00741377353102173 0.0652730035066622 0.07655522163575078 0.087795229373723 0.04045990723746888 0.04999443983543504 0.0005324436070168386 0.06385731453259202 0.0685560103155514 0.03301990433001108 0.07277984883363123
84 0.06568285012668093 0.06252393203345857 0.055579392189309594 0.06857835325596383 0.0592212849693405 0.006711009286405594 0.07182557216659309 0.06383381953029159 0.015686531837658346 0.06417310552465005 0.032037789343442896 0.06711138589333052 0.025293417563440754 0.0052844962531682855 0.06541826469776282 0.0688149901478963 0.06891166919618644 0.009880785460618541 0.08815659956616595 0.03527475095763554
85 0.00264360287793932 0.0702974267247061 0.03315707910442112 0.0336797740149893 0.06881225823132005 0.054261713417300614 0.08586532482459562 0.018444434746221622 0.09090908911077934 0.08232772933342399 0.09599897968769523 0.02115877700573968 0.011779549012035047 0.0040713396887199745 0.04664051708315331 0.05110291984238753 0.005438221588224287 0.06431576078873896 0.07368458967912928 0.08541091323847953
86 0.06625580232697535 0.0901077547526933 0.041380119897792694 0.06146458241854317 0.07460511389654272 0.04822795300044446 0.08677536581950973 0.04038900067561292 0.03767384205980234 0.03360249981300314 0.024276860123161187 0.06275626265848107 0.04405813435763005 0.059224924636871755 0.03419930808227705 0.013350195152585459 0.07830702689920808 0.0008418626725715113 0.04017073823622573 0.06233265252006828
87 0.04378561077116603 0.0195076793423111 0.04875819666982599 0.04802566057533007 0.06921223826009629 0.04814337834266926 0.0068228498094162465 0.026550350073634436 0.05606963177032746 0.03162788432262725 0.05582181335948912 0.06724759351421736 0.08505091318499854 0.0678594823093456 0.05354511479217311 0.012876465552106746 0.05915356389814764 0.08598173597653644 0.08122969861642204 0.03273013885915928
88 0.07781963151767943 0.09583149056581447 0.004767956343398898 0.0732277640422589 0.06373913838365337 0.10052223847137974 0.0327939355734229 0.05303033385035158 0.004046859178665072 0.012455012683519858 0.08066563169821864 0.011383969949143424 0.010653004091538607 0.08647674614649715 0.056621724200456726 0.06318912116634885 0.09497127787944774 0.07581284461168597 0.001655007348319249 0.0003363122981993509
89 0.09625100956670603 0.009786966955018003 0.10285397250434103 0.052487301915959204 0.04176492965986644 5.5286001371605126e-05 0.07681546940980516 0.0001268092439701753 0.028576031850065037 0.01503317764810226 0.09441112037581327 0.10592110071020491 0.008045851938295191 0.10553024043624414 0.001318346893051548 0.00011172483904788461 0.061220138191078445 0.07063894319604516 0.04752652941105373 0.0815250492539608
90 0.07704063622049731 0.08446885311482202 0.0846330633457504 0.025197317392115514 0.0779239432017693 0.05089826423246451 0.0754485356249782 0.011275523489283162 0.04207747569984167 0.01255929941395178 0.07179179815398685 0.0814088836581129 0.03041842134289901 0.05839203071883012 0.0030049697316346523 0.002608295823799351 0.08896402172989344 0.016939187049801227 0.09542977008429682 0.009519709971271769
91 0.000592759609947653 0.037877886302698734 0.0034608729914836823 0.0761266486427812 0.07402874979977202 0.06868626136108635 0.10133020042326299 0.04043556797864469 0.0015896829832259059 0.07659027072644299 0.010392800563312057 0.0440508490376509 0.08364207331512326 0.06569089391562742 0.08181207912168235 0.08274192460563051 0.08186765712076147 0.03703662241315165 0.0017866563083904136 0.0302595427793239
92 0.07799008695765185 0.09352674807973618 0.005213424606358719 0.0007294842263769825 0.10741262527773497 0.00901429756816957 0.030233366452164984 0.08545929731092844 0.07079274797848822 0.09972144452851205 0.08035514677484723 0.02304641141207565 0.08877666719299772 0.008528794578864591 0.115224810961512 0.0050767687491667275 0.00444496857152525 0.00038356212532097473 0.06173565470408585 0.0323336919434821
93 0.042872160993893835 0.010728348803429618 0.051729597221687774 0.044614171310766025 0.03353271031541164 0.08074433436059295 0.0015814018817500906 0.0758973223871015 0.041267178731227344 0.03672647706814722 0.0016309479515980766 0.08916886827901904 0.0802935390008895 0.08980678087532108 0.008888154398866751 0.06567881129136616 0.033202041999270404 0.06594937355917055 0.08006562075767436 0.06562215881281622
94 0.04732781610410972 0.04417801459212351 0.02347239402892898 0.07725227400124003 0.03971417601913657 0.05064570387565893 0.07208163048685326 0.027518899920931067 0.05213007623651334 0.08723495306785341 0.003915558575190013 0.027705516958760574 0.07622263974609292 0.011678717737685713 0.07571069731346579 0.06595457010140256 0.04328838449280495 0.07003148954513215 0.06579695562579183 0.038139531570324715
95 0.0624330225134349 0.03267933577342623 0.084509549387971 0.08191497089423158 0.012799220425940356 0.0735387980341972 0.03079394300786111 0.005403960304971389 0.07246197388177689 0.07187137713284306 0.006898296530711315 0.0073773541857242355 0.060060824739531664 0.011263613971328978 0.07745287855202988 0.05995414958817705 0.06436895108376971 0.07679193252445644 0.0790813245063954 0.028344522961221624
96 0.028897018705859936 0.07701665777160435 0.0034311046895371595 0.02817631334510418 0.06996408366325088 0.020618168772039747 0.005775450058684265 0.010053032673540113 0.09588620152406063 0.004651841088611193 0.028447390331412144 0.011440110324197207 0.03832848188965603 0.10143462265406133 0.09056527142127686 0.03540515818962446 0.08484675772708063 0.10750206689047781 0.09259725986921022 0.064963008410711
