0 0.08250726693313636 0.10161399686689776 0.08258988648117002 0.017715457245771612 0.038480010274207464 0.03686554095049352 0.0039085234881405225 0.06224534022501475 0.06295113954393877 0.02090722096160785 0.030480511506028887 0.05121121010213804 0.028963547949698912 0.07246244873673224 0.08769259875027748 0.022545007495955748 0.05302481970971429 0.08757844635013037 0.04011389930704639 0.01614312712189897
1 0.04256385061336371 0.060147426023172086 0.018289170227285233 0.0890636717254517 0.06506614684304327 0.03918559905624475 0.09144573419029065 0.03863847735899947 0.09215920678612594 0.02600423798219745 0.0694317501374728 0.05461074569647068 0.02931282081567086 0.00960134561031303 0.07525559149237128 0.031632395507983 0.056584040003903366 0.06370384387252531 0.03504868626105818 0.012255259796057428
2 0.008634383338931493 0.022967415065480636 0.06317105589047385 0.0089359132321927 0.011618615000640858 0.00038096890878140416 0.09125475550128295 0.04661146827770462 0.03093090986769234 0.0927905007350038 0.07433124759076011 0.04564649609532613 0.06502690480714854 0.034281087150334635 0.06314950615497238 0.07525584624485498 0.08652130927793746 0.07996584948231623 0.05127385535442819 0.0472519120237367
3 0.05488458115803289 0.08034425463205448 0.013995881844168159 0.003758907870761567 0.07655262871026262 0.08796087115669854 0.07146201548831023 0.07779422802951659 0.08763226389823643 0.036750546490397426 0.08544481342214066 0.02091597962776197 0.03424911199137592 0.08546795439093986 0.005833752691797586 0.03056692729296855 0.041575268683084594 0.03796214042201985 0.05751909336527249 0.00932877883419945
4 0.03224233791520522 0.07368205993985169 0.03345113158937363 0.06932424939127994 0.05510643507903691 0.03979912728607814 0.03439512589915504 0.03851924495188299 0.015266007447132633 0.005980338994049495 0.058554554176714665 0.05260874444433188 0.01511607814851007 0.07117251556585115 0.07419271583594157 0.06986528549579045 0.07001253734254523 0.06616021592601619 0.054625605943734286 0.06992568862751868
5 0.07620322886272475 0.013993390351888606 0.0554872430802516 0.05585481834193201 0.04621389066273733 0.016258973286867276 0.030342742006285114 0.0743589760152639 0.031159210442523403 0.06853547270170801 0.06603540275999197 0.0568418017954156 0.07425019067802438 0.06584464345772989 0.005319016423232529 0.07885053105648455 0.012910224810019197 0.0006680010647552582 0.0844633368171496 0.086408905385015
6 0.027761360197322473 0.07384380898897211 0.009569180407398375 0.034642747101783215 0.02161099601092658 0.07422882907551362 0.08868338460241318 0.05098457072290612 0.06140641527899735 0.02725548788522275 0.025772312762732848 0.07940522864340506 0.07212712171437245 0.023203681007816727 0.05721321254424973 0.028877883450723386 0.021960419585794578 0.04478710234869844 0.09050704335245079 0.08615921431830005
7 0.015083329784517372 0.05998972479880144 0.019807352904111085 0.014080865410952279 0.08346155086950269 0.062494854132758376 0.04794176960090125 0.0008971747945662458 0.0890467984543689 0.07792286470576155 0.05043617444530542 0.08006881811458748 0.03884400118425642 0.10295422258751853 0.07505420105762443 0.10475672979946228 0.019682624012448437 0.04822146258560459 0.0062714996817806925 0.002983981075170493
8 0.09544176561971669 0.02064815618042298 0.005424105059373716 0.07737752034980631 0.03191755346364327 0.03530071392714746 0.010439633004527821 0.03405925627837084 0.033727696620360924 0.07477367743606425 0.03982991444127353 0.019391063428731127 0.05414245752943058 0.02014994268520235 0.084867345939884 0.07597254740634998 0.0646613046627773 0.09777053345704267 0.08436635993938073 0.039738452570493424
9 0.026963335149168724 0.0143909421389152 0.07220956225237289 0.04796322994358148 0.017165753037692102 0.05244076496225369 0.05193642950577947 0.03410211324735942 0.0525273789834829 0.07280700098685934 0.09358414249194519 0.0319111018553794 0.0911810610993381 0.06779571529225764 0.006382993922413872 0.0971840420623421 0.014310916890934774 0.009462448356218015 0.043801238065684804 0.10187982975602075
10 0.07784735141681164 0.04685595992451394 0.06244838054705448 0.07121716750148942 0.04415878608804163 0.04766674281447563 0.019081254834537858 0.028264585983374477 0.04049387391862071 0.022614550022983883 0.02893838188463574 0.08533231117916107 0.0879923799424086 0.027664962805060884 0.08544855497601865 0.07747758522428423 0.01805234868301328 0.025983938593710044 0.07127129782898879 0.031189585830815124
11 0.07238167310818752 0.0739185647186911 0.03039343846047894 0.0261031011239011 0.0898497203204843 0.057408744323808054 0.06894449690534833 0.009885103836357064 0.08603363032171184 0.05527444546665847 0.06427943497727964 0.0213722245959758 0.0015825794996597081 0.07488231712307598 0.030901737552314235 0.041217222507591446 0.08343398958827493 0.010692805472235634 0.01983808067206268 0.08160668942590313
12 0.06548895304173373 0.08272962488990296 0.05710420577412558 0.01566462941053655 0.08838662727052171 0.0544701289942823 0.0192988279939251 0.07125853799603685 0.030497079659473014 0.07363470554807142 0.04588177970985997 0.012053168725247587 0.07032880348159168 0.06815636881545702 0.04496600507298073 0.02740442149928429 0.04668303978361043 0.03520786653141985 0.05751584822919091 0.03326937757274824
13 0.07555272811334915 0.06242158223202407 0.0444315285548257 0.025351172514506984 0.04159503254375378 0.03855020334922519 0.0681012684140723 0.05022429810439663 0.043142364666329786 0.06256891633706191 0.04823261895335484 0.04786200795827521 0.06849242127652763 0.08608992842202108 0.02338081621485071 0.0541493754810314 0.002657346628576542 0.0351461890560103 0.05844141899451361 0.06360878218529326
14 0.045782943660822605 0.05017313557139676 0.01986951721797137 0.014224975372284782 0.02600271238536601 0.04471360653885877 0.017765556019257025 0.07262773843432531 0.0995707343330353 0.023547268027559028 0.08037091989054414 0.029367644762511302 0.046624559985054395 0.09813583061264207 0.017082573922113372 0.11265760677676837 0.04911878548687481 0.05175535819593398 0.0958523659547498 0.004756166851930834
15 0.05204582281245645 0.09550662768952126 0.010004424527252524 0.1000349348863021 0.036394678748864547 0.04153930062853321 0.031147506658324383 0.0715387225163749 0.02607896148079793 0.056690047818070494 0.04837334407910875 0.017664368156236235 0.058320088883527216 0.0876465479070909 0.004044457064990911 0.10711481478022207 0.006377527068138083 0.06192754376507039 0.07201444623428965 0.015535834294827978
16 0.06545109008439533 0.02132837274233551 0.0507445290509679 0.0022715046546331634 0.0751236547368947 0.0871924492294574 0.04498643141473997 0.07537515876686458 0.05674558375881654 0.05765543263431013 0.014680560312748192 0.06730915106230034 0.06407242218345349 0.08780269973188018 0.022958397697878337 0.03449699624866906 0.04090725947651176 0.06834016052621264 0.04527727072633596 0.01728087496059498
17 0.02714474825357737 0.07785756793570517 0.07710451935848792 0.07752995597241817 0.014003675514184973 0.05733746452509629 0.08713266036011591 0.08116396889516987 0.04004427884106866 0.014154771283536502 0.08949157817405504 0.019450672151118384 0.030264448530642026 0.08751224577984468 0.002002217512550651 0.022219109993689406 0.05148219450473163 0.03748423228333306 0.052107775136661795 0.05451191499401246
18 0.06693289991913448 0.03958612260625759 0.07447862612963033 0.060478308814502016 0.0299940381619781 0.10264527446824248 0.04164379317341468 0.09603763940729623 0.026728243385966258 0.012815310278844486 0.0782408468018091 0.08159524705150722 0.028129119804363 0.021882061833705755 0.002801045804413 0.059448716879620535 0.057406905248035454 0.001783285850759807 0.0658166922344145 0.051555822146105074
19 0.05585441873504038 0.006330106075333643 0.07949661353149369 0.05917044807910298 0.021920589701500348 0.06094473446325305 0.04859340256525877 0.0631176108394814 0.009959155273561464 0.05614884547870299 0.01396203800910123 0.07480653573701536 0.07733362755986149 0.05230693153492662 0.012914297521711665 0.039486276998313204 0.0319452607723231 0.0873098266220855 0.07045884445584903 0.07794043604608386
20 0.029580228985101795 0.026536882715371208 0.05176180258286616 0.0009416823396693654 0.05760548822326917 0.08196795954243417 0.030464362168411113 0.08231130128850007 0.09746934033177364 0.02320638303797104 0.06361347781124052 0.050661645413964874 0.008715784916014895 0.07278822003753663 0.007443071508226225 0.019485849525269584 0.06747371282999289 0.0752703782645446 0.046099336019158645 0.10660309245868341
21 0.058581939598826294 0.07746844210988586 0.08007904084025332 0.048494095066830785 0.0597335921803574 0.07817654604687345 0.017289430244119143 0.0775222784759567 0.050106126094161145 0.0440189476210325 0.03937275271621717 0.0757307433717249 0.08179485333462332 0.00019650954946194007 0.008484675657803373 0.014226295531498677 0.06841184568007373 0.07387520738359832 0.025963917008103413 0.02047276148859858
22 0.016022584832523876 0.08822684455612112 0.09304195523974329 0.08525263321737059 0.04568412242085672 0.001358933717828274 0.04073123603331937 0.03155537460473767 0.09822644630786083 0.03419221268721706 0.08846754207522237 0.07089717667639847 0.08658621350561835 0.007788932363465476 0.0710262552165409 0.0019354970706991074 0.01631546036533978 0.04456467036810454 0.019958484715588552 0.05816742402544368
23 0.05732659112538116 0.026600932514358893 0.0733221946570145 0.0007691584544857475 0.06542262331072708 0.07004527461767197 0.08292822311246817 0.06401422108799971 0.043125398990480145 0.05737008358105818 0.05589243680656352 0.008735725197809947 0.08426602340699889 0.027705192869917118 0.07363600107632652 0.061873406480686566 0.009870602365116112 0.04656765672134691 0.04936238544084788 0.04116586818274092
24 0.011138197480486231 0.05324139113297489 0.07682265703956984 0.011143013416208394 0.03138461729429185 0.0897676863579179 0.04383177393194278 0.09864278025626161 0.04838583091007897 0.018391400730336568 0.0037388967290297665 0.08364200122888991 0.08601303220597473 0.07922247670250485 0.019330823325212115 0.08308567307128245 0.03556916007301485 0.01284782264962461 0.09833145390298692 0.01546931156141087
25 0.10816760466307954 0.04095120363940501 0.05740529825300228 0.05370317506544805 0.007780821574407361 0.0855452804124399 0.08279111100463818 0.07744869658987193 0.025665315299199045 0.0027343065526858872 0.05843902734627386 0.03877299094625574 0.03849415918219704 0.07707104023524539 0.001997054768714685 0.10106442125012738 0.013420443081678281 0.06282397208974891 0.052294254661113745 0.013429823384467734
26 0.008124677238910447 0.025463110726322433 0.029695584975812834 0.07453802698185288 0.08759200490350838 0.04068520896267408 0.07513257399377869 0.04290620383038855 0.03281647840979097 0.0070615880955552405 0.06154356420641506 0.028135282497318753 0.0428560775229681 0.008680262631907682 0.05645578401661142 0.062429420985915286 0.05146303721078864 0.08522812303360759 0.0913636476494953 0.0878293421263778
27 0.08178794593710993 0.037933172910443735 0.07283312360364595 0.05027048423115184 0.1146556298575661 0.1013991780185981 0.04291385476620405 0.07461236207314359 0.04402212220014803 0.02844413538806711 0.013875543817712874 0.07553244046827631 0.07818928293992654 0.03950155036132494 0.03481835316314489 0.0318566392288556 0.040426462877480376 0.015262186682279508 0.010901269120503345 0.010764262354417102
28 0.009900381199587287 0.08911710465594112 0.0211733963802866 0.07739904083342743 0.013040878747533468 0.0018966759676192861 0.054793328847044555 0.07850973430136624 0.07507640375267643 0.09117779823245016 0.03550054886574968 0.061301078961833635 0.09857054136727014 0.024715826928929704 0.03312417815670846 0.031662984025543725 0.04972787951597789 0.07001302998574813 0.028389335561311572 0.05490985371299436
29 0.035094400792432486 2.958163895869578e-05 0.10623783846912509 0.0568332792190421 0.09705695845851355 0.02740323168374548 0.0663953372905001 0.01015357233194293 0.07147167487621324 0.0013946497509432741 0.02259386148821038 0.09539727476820375 0.11288486838795135 0.07444537944334212 0.008794632813883416 0.034654749069774296 0.09817510223698937 0.014522827227570452 0.03797041081795981 0.02849036923469828
30 0.06917508386307916 0.00044602701162630375 0.08181357330587703 0.07525214547884454 0.018940401307398647 0.06678772582878295 0.035642666946385085 0.03519574720706048 0.04611046234138586 0.003174329451521462 0.08374216164931202 0.0536254420413924 0.09464247883175977 0.09819119936888575 0.0331514526995827 0.01718503576966061 0.028672300708435537 0.05989686328123507 0.05635561869415788 0.04199928421361673
31 0.05464639341527239 0.018112228171693254 0.058184529484094666 0.06999000899365201 0.047449530207499264 0.08165467157632454 0.00577879150242628 0.030250069417819183 0.021786158530539234 0.0291404163577493 0.07254725277728408 0.05587039228140984 0.07027515380314675 0.028327056040021024 0.05831191486462267 0.07960489981418331 0.06323789008961897 0.06102299259192899 0.030995282200121366 0.0628143678805928
32 0.0694281506110705 0.0539925095104587 0.05162137285100625 0.02390416219049084 0.000513464289943897 0.025045162539767168 0.0209655468092394 0.049177473491450956 0.09492205546694374 0.08124790961484388 0.014833974885868932 0.029017611583487275 0.09449522029955194 0.050459133074678746 0.05008760755546621 0.030233902796105654 0.09657824843345182 0.07213183277613154 0.00478084534631062 0.08656381587373185
33 0.030852880473992914 0.044643795806167966 0.07572501996073637 0.005452729842719752 0.05349128970788489 0.03720387859720405 0.06172859087927968 0.023913716566155405 0.05818941374117867 0.03753537447688686 0.04419501110177414 0.08356443959851075 0.04815846249484804 0.08463455074202088 0.039020113400216286 0.013123109595158477 0.08562500539196159 0.0800298128487064 0.0803540473504656 0.012558757424131314
34 0.01218785972665724 0.04072174101735717 0.025235002274055472 0.00921578112969034 0.08462468418010301 0.062486582959376015 0.06718574405984776 0.050470812796219316 0.035741878798872286 0.10551705309636848 0.08333166294634786 0.012219508962473077 0.09412827029533462 0.050581894578596694 0.0680867803014692 0.019210374624867636 0.07801931631160078 0.03091343448721081 0.022441517776082873 0.04768009967746932
35 0.10051768467176 0.008160966126438256 0.08778858335000675 0.08682278476487136 0.03246629350760718 0.0569655423005391 0.07869828761354959 0.05362882185705434 0.044785115540725416 0.00830361832928796 0.08479023562971594 0.07536489210874844 0.008515921638116127 0.05861460955491852 0.021060208249240733 0.03052287575017299 0.034394259509757656 0.04038156009786317 0.019193860785917324 0.06902387861370889
36 0.07262891939204844 0.03361854425556393 0.01975609207787512 0.01450190019685576 0.06532571747252879 0.07722189966428501 0.05213662099027629 0.07055447463726273 0.027368759375038007 0.07926596393285654 0.06789443691460088 0.058831737537314015 0.04260712972116143 0.08373806300473695 0.04596537072295018 0.033545651445362354 9.127810041192846e-05 0.03147785691882622 0.046076436351809524 0.07739314728823578
37 0.09559572797900412 0.00789541981972464 0.009020825544835145 0.07629294875356714 0.042445168909461956 0.027394526089296406 0.05015316409210527 0.07819662647147393 0.0546872589991111 0.07488621596240438 0.06619974399045817 0.06890777827002573 0.07098433446335396 0.027026543087820817 0.09257242386142234 0.021915240602065116 0.04249282401002006 0.0011610746819217855 0.08552501149885566 0.0066471429130721595
38 0.09436286068376257 0.08421445229705711 0.0334868280746369 0.07335806393740714 0.033362646241090865 0.07613769517383465 0.06707331562602459 0.07322335576283434 0.03349665129150721 0.007473513699718473 0.05701777763185337 0.05038173752443509 0.07547264375361483 0.07642778998318099 0.042967546667571625 0.03457015350111847 0.022896246167334853 0.034258309882056914 0.019462139978534666 0.010356272122425587
39 0.05275638372790183 0.04777286072442983 0.023435723788944547 0.059548249360513304 0.08194816731976133 0.06279595247217562 0.042929822941339686 0.05561125363061582 0.08194609421456887 0.06811491498998226 0.08282211119573325 0.041181470605570904 0.010991314431722746 0.06447085412646045 0.05111024246793095 0.027207029077774184 0.008448413683735808 0.025473976590041036 0.03597978152568941 0.07545538312510815
40 0.01494099919778408 0.0459305940964017 0.1113588071905272 0.0718057940853671 0.07026926973939719 0.05866506798528902 0.02509173460803396 0.06781379488942366 0.10583243547429654 0.006288184302642972 0.08127665810433196 0.11401156866814545 0.0197658743382405 0.12621060118651686 0.022715628590808026 0.00042200505808172924 0.012612828208021443 0.013796994413140744 0.0026268351370773587 0.02856432472647248
41 0.033352600278641044 0.09864740421172716 0.026177657019087575 0.09739463008655817 0.05019971778431064 0.007326772557623318 0.025769714132503826 0.09008139974277496 0.07479618690732043 0.0345447842410211 0.02819043760468795 0.03104631541289879 0.08432687487144604 0.013916045966869411 0.045809974005197415 0.09501934851798034 0.03373926154962611 0.0067572528932450535 0.02186053087092688 0.10104309134555386
42 0.02881486987205916 0.11493906241188018 0.10797377915499012 0.08451863566544775 0.03503541605701409 0.07230548665054368 0.0039388053285963915 0.02610634149696638 0.0020282156145035746 0.03898988657868768 0.020631756108098732 0.0001420353485673313 0.04105758021211112 0.04192551961745678 0.025572815627679185 0.0842605758223978 0.10290363687337044 0.04855157148768109 0.08116035338172628 0.039143656690222316
43 0.053116001415541465 0.023158067712531084 0.06864546117531373 0.009826234285659543 0.04835707100223746 0.06404572797414548 0.06911197557377434 0.08775864749746992 0.037269668894111235 0.06781825662561668 0.016187185760327617 0.09134254740275648 0.044670860325513324 0.028419748157978018 0.024026807278588615 0.08298936885060798 0.013152924437094536 0.09347088254333062 0.013345288099784592 0.06328727498761742
44 0.009728857802355372 0.028373126733185327 0.07455582166420331 0.06268841252361762 0.004657385746742995 0.08399949083863874 0.08692241853417226 0.03656846360434952 0.027658083320207645 0.04707501994598669 0.0162607318632257 0.020409558603069918 0.08712766655501523 0.056218455499943865 0.08376348022502197 0.08021605326879724 0.06682114553417096 0.08008986960536162 0.020499537852943756 0.026366420278990218
45 0.08012453458742463 0.021852468373695904 0.003080513352976046 0.05734324658300463 0.0905271854647686 0.06897100093717952 0.06492334857994586 0.0701847339883819 0.04746810103624976 0.025117901446895248 0.04838241121627233 0.08431219517990188 0.04263975227269015 0.0027567409647400627 0.030962329320922587 0.03819150333392605 0.021017713148538116 0.05506275017795513 0.06897865952508882 0.07810291050944256
46 0.0633923869100559 0.07870195135881607 0.0671119871827501 0.039863154152331895 0.06079230658580553 0.06880770662152723 0.046990287048269075 0.027913418797106154 0.00907155229098662 0.061733739644290346 0.01984775511002247 0.07322428764887874 0.06539893564295818 0.08272875869527689 0.06281680976800644 0.013116309001108892 0.020595746867700843 0.028904536891671793 0.06926240026246112 0.03972596951997568
47 0.09208410755055153 0.03609095445695568 0.0464984123074174 0.07212256186871938 0.050428716795620006 0.015877032656624514 0.07614443673395131 0.08390383801551175 0.054137545869591026 0.02935035299665648 0.0650653076405853 0.047118006010534806 0.07838380081883195 0.005685101207543384 0.09215289938362987 0.06271609075809847 0.06200265050606756 0.0016749159700282154 0.013059805430534232 0.015503463022546947
48 0.0036521362299246998 0.031442099967711905 0.002959142865595836 0.023351588310278698 0.03205631377782457 0.026586131982213344 0.008299754781039167 0.058166743343495995 0.018672528669253355 0.07748539799271363 0.06842846395978681 0.02359285009806866 0.09853917951751931 0.02697987225814748 0.1257424049113013 0.10864474920106162 0.0352295698817805 0.08397140071224848 0.0680043638183406 0.07819530772169414
49 0.062785734068827 0.080775226176632 0.058854056998401995 0.060210746729448 0.06237916141207025 0.06148507832631976 0.0225327724523209 0.06854315442893838 0.06579361984623308 0.06937851319605061 0.00949368662260929 0.05952379641967308 0.051327352032039385 0.010372635159383563 0.05057118486238539 0.03859950120521311 0.07991085886722048 0.022864402588739823 0.05843973414888052 0.0061587844586135565
50 0.05375039380919746 0.08087896172005717 0.04322613558452081 0.004311226211581666 0.06166410727029493 0.03360707711851606 0.07822781937811502 0.037678943815509756 0.030628516462135123 0.05105169178539539 0.06339535523384007 0.04954713451994733 0.037687794369636075 0.030778049211307338 0.08800869838689804 0.06655111300933093 0.044886001660060765 0.05256805157183497 0.008861557180004748 0.08269137170181627
51 0.052165576775942864 0.0054567528839177025 0.0691987286215098 0.029764076936942507 0.0026400425747059664 0.021350878367570835 0.03820958403810666 0.1221014153928853 0.026683405284526212 0.06752018751785017 0.0359875290752219 0.09004653950160095 0.03828819919632322 0.018341362055953544 0.014466991318786303 0.0850419832658193 0.008568384735974882 0.029143205056604088 0.12023387972119959 0.12479127767855827
52 0.07711594334016435 0.05878955733266919 0.07486347131663981 0.09086343554803566 0.015359623491132188 0.05590841222733948 0.06772442252886521 0.05313074592670316 0.049551759677393774 0.039212922406935795 0.06296770689441121 0.07171028660188002 0.0013691954227504153 0.021606810233428603 0.06484033791636186 0.07669849713976346 0.04822299886166472 0.02626039721861415 0.041272326703454286 0.002531149211792591
53 0.019249904713468304 0.05987091508610717 0.06277981520530874 0.042690903715255954 0.0897955847470909 0.08092455496829082 0.0582435116358307 0.07364850911002355 0.04128541237812446 0.06653531956924301 0.08904139417358166 0.06487415008384684 0.0027253382921236255 0.0747070637930273 0.022581366354443022 0.05742121387715075 0.006076871734909802 0.003920076747519825 0.003792882262591652 0.07983521155206182
54 0.016061750349610403 0.09576814298038343 0.030048954864387113 0.05618016150293592 0.09473584919236835 0.051295674218859805 0.040308977901118564 0.014492757674978624 0.0793441195475519 0.014430783166327097 0.01580301886628325 0.06639121643327697 0.04872250843438029 0.03343518144243836 0.0019189126826936775 0.0074078080320499114 0.09854237408410571 0.09776516519303 0.09984213738915323 0.03750450604406734
55 0.03257849660976469 0.03620232804989052 0.034947714946691466 0.07842680743709393 0.03450614530934647 0.006859476160135621 0.007916804758108693 0.022963774137372973 0.08619491021438323 0.04669067491749018 0.07430806152490696 0.05117549894494059 0.0782805384301141 0.026552795783954048 0.09604142088732955 0.033381835390475824 0.042324057372866146 0.07012157645426895 0.0927502186724459 0.04777686399842046
56 0.04641477689649469 0.05405852310304238 0.008606743599020259 0.0723140437436228 0.06709206789317591 0.08589588555126061 0.06135005064977159 0.06860727476164023 0.07841093206274188 0.008256304385548804 0.025187363668153467 0.07711123157414523 0.03371107001405737 0.02935968252754931 0.08545896678434531 0.003180788706304338 0.015402359123544231 0.07942046567233216 0.056286703060697295 0.043874766222552104
57 0.02569728645071445 0.02185810253226161 0.09591227721062981 0.09435317809605077 0.021930340667619966 0.08948219980795509 0.021130129284269848 0.09711780073049762 0.056529471345298316 0.012851609910527381 0.04845925305700643 0.08563097004491037 0.05052094954111632 0.045905057706839864 0.031195617560455587 0.005137833669830263 0.09635672400806891 0.051486441060098524 0.0248058590496705 0.023638898266178095
58 0.02023286325830403 0.0031605230732332248 0.0371757911137087 0.0023034303939112443 0.07787408519231817 0.061988455407529376 0.028699293065586325 0.08339229362321514 0.07980019952427622 0.03284616930255127 0.10424745806558959 0.05919004714943055 0.03214040033777056 0.0033677646930909623 0.0822853527567488 0.087334910126213 0.024581244811190613 0.003378117361152344 0.10479448739283699 0.07120711335134296
59 0.054139578850986 0.036291988532953706 0.0850445014836167 0.04655222767849703 0.08542854727928526 0.09337496099242314 0.015974267997356194 0.011173941138204779 0.08502294250698945 0.00991569061369723 0.08381829197247219 0.08370810942641554 0.016991073195564362 0.02636516558961788 0.06360855325207031 0.006368819077890411 0.03174540765679345 0.03406954925066388 0.05759920033884114 0.0728071831656613
60 0.0497476633572441 0.06679100921431828 0.009837025232741652 0.008640876916202054 0.06053063941787817 0.04238184152176811 0.07413800900169011 0.07323896600662967 0.05796411304906929 0.07182732006175038 0.053771619851636386 0.06900000575289418 0.0560343775711041 0.062286907193852326 0.07058828124317289 0.03236317523575808 0.07443720721086601 0.002796604280580004 0.0186593563224228 0.044965001558421334
61 0.019445634547175232 0.03939153902517794 0.07884260439768981 0.10800074286408866 0.003415097125074323 0.00042592231090544204 0.016775773453591616 0.052885189946064365 0.0755068077028316 0.07563705383181663 0.0872413874393552 0.067440187426364 0.003796328850390165 0.03173082715409561 0.08065817277830002 0.03207361855196127 0.022069402447744378 0.07746401521986275 0.08709505005230196 0.04010464487520928
62 0.03874961790182624 0.0758654811371975 0.0712479073562001 0.004034777944548056 0.06605287774670314 0.044864594577091285 0.07552738165254352 0.018253193494376242 8.697421695969443e-05 0.04639887486936611 0.10355442837789741 0.02351935322542341 0.057030020142145074 0.10302338123815236 0.006789233761184812 0.004319491559750943 0.04077717337834796 0.09233815563475482 0.06734035814023186 0.06022672364529945
63 0.03284670630243042 0.08150309382917975 0.06617223786005053 0.0017603951080971286 0.06797049854412983 0.08553868794615967 0.04890209130684243 0.0028989177879160375 0.07126832128017281 0.0508209394273818 0.08461781618517936 0.017100990335431276 0.02515056076539317 0.022987353124567907 0.04053174716811992 0.07774074284149028 0.04929363510958875 0.04963840802801335 0.08798679112701316 0.03527006592284253
64 0.06536542344542064 0.07526006580225972 0.061107891813520776 0.012229407075478147 0.08850683036841853 0.09334920882694064 0.0438049064870536 0.0533788733685683 0.07436943661831243 0.030726754318858376 0.0293710372062672 0.07296844946936862 0.019666046039043525 0.06857735984440771 0.0741849613877569 0.054380670796859334 0.008532603232209944 0.040545047733093316 0.0019006457575217082 0.0317743804086406
65 0.06982189298740009 0.08131968905817916 0.03132520515657813 0.06865864510000617 0.04649148488324913 0.0024885312819671684 0.08936286913879302 0.057454276839139846 0.022684501513480275 0.03848119718945389 0.06173541846703336 0.013672587141969544 0.06274924152713852 0.040468686470234515 0.042593405569348104 0.023685928661902698 0.08214873114675038 0.08099347699295054 0.06527912861219849 0.018585102262227
66 0.024270645063484805 0.08706611169921223 0.08221819823836216 0.01573479265409165 0.09548159979081881 0.0443288608400305 0.03879200237399968 0.0046074386862073515 0.010462414547987303 0.0038812220114952424 0.028687365691365402 0.056919260024568964 0.04582644333925106 0.08080732996247206 0.002374985494468292 0.08589880947909638 0.11672166556850216 0.05421100170818565 0.05714764977292952 0.06456220305347095
67 0.009578414119186182 0.06367238143643446 0.09651510361547799 0.08745589430822799 0.01465854948096352 0.012767793262588301 0.05780201110868062 0.0165781190543796 0.09932139130029113 0.05160771299369412 0.013828293615381904 0.09948243921520089 0.00693029027237384 0.03075883465409287 0.006588105918504571 0.10007712788255317 0.023811037982873578 0.10249739193818193 0.10143551014200992 0.004633597698903277
68 0.0500488604289806 0.0020258757047096243 0.0760255771923836 0.01820945482904749 0.057847623266879006 0.025775819919372785 0.06914029901417623 0.061234475128861154 0.07699491586710791 0.05088257398706016 0.006456559551659003 0.03542547146121711 0.04063465182965259 0.08790415846797305 0.059503340844299354 0.07289819944933562 0.08117679143729173 0.07975470378507894 0.03764634058069111 0.010414307254222866
69 0.01653475653819844 0.03765138079005993 0.08303596654332501 0.09443559276109752 0.09536321432867993 0.060767708802152924 0.07749796749561436 0.0029719112464328913 0.002767746353036746 0.008730979420451148 0.006023403897555454 0.12020365844869532 0.005974307313125006 0.07046886591764771 0.03097837286945661 0.10067687607868127 0.038411518607627725 0.04177461513995812 0.054537056722036195 0.051194100726167584
70 0.036485203911225415 0.06758268927026186 0.019791655545743754 0.09478638952298737 0.09415710199855598 0.0033597019593662966 0.034928756958944984 0.09123339950945118 0.04883485124378732 0.03352007443629939 0.00979384090545921 0.09415704495482854 0.0553435902489761 0.09931563557942624 0.07966669989606197 0.01327630144617083 0.0541129149869185 0.020065416444847436 0.009001542239176097 0.04058718894151129
71 0.03248547108707299 0.05494254993782053 0.09242560619463386 0.026886738685900073 0.00973340950222478 0.010654906519221394 0.07072945151312661 0.06003976866037863 0.06158102835049571 0.05259718453242162 0.021415916837100063 0.08068255913638685 0.05517253961270902 0.04431172896830645 0.07108572687344403 0.014629767350590362 0.02685973516651878 0.0073837314277997446 0.12141565415678879 0.08496652548705978
72 0.01557601102676816 0.048152717054101096 0.00773616882872159 0.009800632993737967 0.05713134532088293 0.09265136683067843 0.04772683641095119 0.08385918750079041 0.02757538855415102 0.07039558501582803 0.07002045313411337 0.0019282795059432497 0.07133973789923906 0.08826607963757734 0.04311392176007636 0.0893173788088927 0.052713663067791225 0.020688857133835753 0.056889586612172464 0.04511680290374765
73 0.02198094072485629 0.0326397137163366 0.06939403833017495 0.07413167487801194 0.053503867349583664 0.08782611712737022 0.005128157760332003 0.03633754877090994 0.008629741697106303 0.06770478750445759 0.047078412818567145 0.08495346425701171 0.055154681180810176 0.036549475556190335 0.03591475487385708 0.08171684401091037 0.005061414780901032 0.06122902728862666 0.049800422480124555 0.08526491489386148
74 0.09028560122652307 0.08103853238017356 0.038323802167803386 0.031519961430626846 0.026706632046356097 0.1224605948752249 0.07370473645420172 0.011855740195840627 0.014493731645358427 0.009256305364009535 0.09097556025272222 0.022891674473485623 0.09962981300665241 0.009300680833226521 0.07069803342148955 0.095444315824962 0.0040126010329736 0.055477411237233445 0.0015935683088599334 0.050330703822276675
75 0.09423139045206255 0.07282157860387925 0.05308493133893889 0.013702322242619186 0.07180623176934109 0.008376651584480565 0.07618932401004651 0.0017030029829243946 0.051049276617338886 0.01291783532883773 5.583975310541188e-05 0.06004017123350391 0.03903178181076967 0.05053459349651098 0.08956640246169788 0.015775731479058606 0.0978570229348882 0.06414586946259225 0.08300127177671257 0.04410877066069164
76 0.05866502077183982 0.09461007909092131 0.02814363909985201 0.03767041023111553 0.09725667694321277 0.0701273228845867 0.04226827640900051 0.07055885613500323 0.032224283311989226 0.08342802793201841 0.025886441408781574 0.016957638580595014 0.016000358644151672 0.04173602817513831 0.04230154587975646 0.08267656130214432 0.0920607220155803 0.0031815893098997663 0.04819670536468592 0.016049816509727127
77 0.0008079053123538402 0.03672887941220168 0.09319293851405157 0.027062283631500754 0.09759394863100788 0.08453059790894245 0.030066119956965683 0.04390950963489922 0.04178032368677627 0.07127440110411636 0.08164867087033024 0.015826416343277225 0.011150954662952206 0.07236534750269208 0.06619716447770839 0.007603508770689148 0.009938151330538013 0.028181256533418818 0.09346524980183836 0.08667637191373972
78 0.008614467457141749 0.02034766825193616 0.06796173300222746 0.023529713736691715 0.06689498850681806 0.0811543052594617 0.07245621167242772 0.06807320305702554 0.013983999368205909 0.06393876659459798 0.05100529784051916 0.0415667542413132 0.0035382381769365925 0.07756063566063207 0.08012225476743919 0.08019977651844933 0.032256056375872776 0.037065457887984994 0.08664829037732706 0.023082181246991507
79 0.04108452443855491 0.04413631145258086 0.014292411889481594 0.00508342834274376 0.010045787961849512 0.033527568192297845 0.015853976843940715 0.023305808326172017 0.06306098689045671 0.12303972978667785 0.02630500433501814 0.009551677721355714 0.0795313608555481 0.12001156365957326 0.11144606450031408 0.05505104212752433 0.01030742945702239 0.007961987180598635 0.09915131556014022 0.1072520204781493
80 0.02569080554019678 0.051891212167684816 0.02407020654917776 0.04210367854977961 0.01350810956608181 0.035642496961883166 0.07127535685006006 0.06834953532862328 0.08217526385600107 0.10610506548299456 0.008286710978090509 0.040228063460502714 0.06652254178911249 0.0609627750517403 0.059388898017089506 0.06380781675271498 0.10502421317512796 0.0446150120496654 0.02836717311784227 0.001985064755631084
81 0.02750900966989751 0.004426852651856059 0.0951188034593114 0.02163460857785199 0.06468818692781972 0.003074485078816994 0.03503063502493158 0.04617071336929555 0.0822788110323382 0.06216941505656714 0.06345521202866121 0.06622055089422746 0.07614768135837802 0.02819080999662703 0.08800263361326545 0.05581830307843398 0.002874666055366547 0.06048885449608435 0.03749629257862768 0.07920347505164223
82 0.043602819202970135 0.10372475173233871 0.016063389836133323 0.08870695360367951 0.10992114485994636 0.05222474024351615 0.07118580700684518 0.0380671094949001 0.02220007394734348 0.03506789231675321 0.0645000423932966 0.015445461132703198 0.02772992864496036 0.09335672622951431 0.024567187055876183 0.057136197970748696 0.0007471477635922497 0.09974880407821833 0.019219781867338467 0.016784040619325664
83 0.04527396883225579 0.07106307550842736 0.03204950660128806 0.029246843413564753 0.03708551450469408 0.06284079387125911 0.05641183643361109 0.005704118445802388 0.01702266098391086 0.0598570885489248 0.08125999382114918 0.04666525359005281 0.059162920225791726 0.012316507557307727 0.0791335805248983 0.06853431522067044 0.08052511151997357 0.059050250925775566 0.04504950140462808 0.05174715806601427
84 0.005049242163788384 0.027366841399961536 0.037876731937781134 0.01115839823233192 0.09507686484107922 0.08314608870926476 0.06552550727215978 0.0005589674791190327 0.046325534980369 0.02309786141891843 0.027849547871170163 0.06409371577849364 0.05960645190186604 0.017186048242788642 0.09850843824712599 0.08640059136754573 0.07221402060126729 0.04085948079235673 0.09525193860148427 0.042847728161128334
85 0.044617816154397125 0.02067133123984318 0.0769641652925944 0.05777111741510012 0.006458436677238645 0.02028460745667038 0.030125764039023825 0.016579705586995768 0.08885471121358515 0.041948282111113414 0.0864729248061722 0.09355597307976782 0.07787066912859117 0.0839338063607351 0.0815856806909204 0.06761716449095036 0.02031213675444739 0.012922315379203093 0.011527095279491776 0.059926296843158595
86 0.006026477403220225 0.02949616955887441 0.07987949994842321 0.021907987257254822 0.08374638860401892 0.07657834730049613 0.0693294008876427 0.07419001436738192 0.01267447850934849 0.037806951482644444 0.03165322484855254 0.059753956434407784 0.04601512695110539 0.08592609320011359 0.0846736962393065 0.07679493338947965 0.003149730755961842 0.04283686762633327 0.025143799937705148 0.05241685529772911
87 0.08205549578909613 0.028255009999160682 0.020159507786990844 0.06364608878418514 0.06782418865136981 0.04850208935366868 0.04589610738967873 0.0068621594056534774 0.06905808710346202 0.007867150668854966 0.002709100265505665 0.052261901991151376 0.05999053144235328 0.0934283630894958 0.02567757982412833 0.0626216306395697 0.057297956083472934 0.08855195350879784 0.05645298578407632 0.06088211243932826
88 0.08528464143830879 0.03642887929429429 0.08747220094049739 0.011366299709512945 0.0592203662310701 0.06926931205845055 0.07231681523780802 0.08299039515250352 0.025943542593848238 0.04829434834320019 0.0038617504108607995 0.03029494333511475 0.07661803480563474 0.04109747721509091 0.05492870536081387 0.0660505995878962 0.08747397317882553 0.05062408328209025 0.002428644685588272 0.00803498713859053
89 0.03461322313783665 0.06963623271706475 0.045479221681755916 0.08142949803293405 0.09629790472400766 0.060395261703176446 0.013540121065964814 0.04436374682728191 0.006618278854199264 0.09894953483059733 0.10364477461383743 0.01727978684462945 0.03320027311806762 0.005872602053366872 0.06572648940638336 0.004436154584420506 0.005119363754324849 0.07990151728262755 0.052869251399878116 0.08062676336764561
90 0.06544894723739868 0.00821856096293879 0.10992107057663074 0.03941233745771145 0.04247718923977818 0.07704102328936965 0.035022360518553834 0.00938112439428434 0.038266701833652675 0.06040999547607718 0.07748336760174698 0.04087408734749782 0.058546856585185145 0.0027121669715600215 0.07223135544140251 0.0665386382922446 0.08449424249353883 0.06636465489417726 0.014616761039113873 0.030538558347137135
91 0.04479598601589215 0.02706604698565824 0.06212882944729503 0.060675791654094716 0.051249259097778145 0.07957982271027755 0.060582103929256156 0.04552036277730891 0.034932084253880176 0.08981098688534989 0.043849686644347616 0.016285940000303593 0.03886797458481743 0.08797394502706649 0.04482353529706425 0.054280757601027727 0.0098028882199138 0.07313020517510202 0.04477639697638229 0.02986739671718363
92 0.0480170834693267 0.06616001315621421 0.019602924525945874 0.07081441928545339 0.007961829734863831 0.04968797148719912 0.02824346413514217 0.05812932397711483 0.09287911874269478 0.09163107293936956 0.05167338351840622 0.056917722285166686 0.046782045198906316 0.03610378380866749 0.017204911823158583 0.0816803158133557 0.00085808255208646 0.0019426022237077145 0.07106791485040825 0.10264201647281201
93 0.04774343378804326 0.05224640016937282 0.03482404037167446 0.019603609821469924 0.02094076273206265 0.02667072504894503 0.04733786577353385 0.03245076279666892 0.07192485954328456 0.08133717844525097 0.08501272475221672 0.07496551801024647 0.06127829391740414 0.05197037459416677 0.0573868952769986 0.0681921175354112 0.06007917999589029 0.011844480115744299 0.022761606022487446 0.07142917128912775
94 0.10688629468494482 0.035853923495478245 0.08874753477004126 0.087772361331405 0.01295689766529223 0.03704547563494893 0.0513638862093893 0.023817619629644564 0.06093715019705218 0.027373122914070284 0.05821516563296812 0.0598473482667349 0.031871493668789184 0.017689445628759105 0.05723943588028419 0.06302524341258851 0.07929778160734607 0.019686286291030485 0.05572980397640906 0.024643729102823444
95 0.045823510650832636 0.017873145275253983 0.0850032920982892 0.010686972111036822 0.02759597646745135 0.052392239647304495 0.07124092755085087 0.07835371844459671 0.09245909951395014 0.006960123017301877 0.06177290674457561 0.07864365198669236 0.043339100013818556 0.0068260253627739405 0.04213490704489209 0.0745512131690175 0.03502342821460937 0.008013758362939643 0.08238588944902661 0.07892011487478617
96 0.06185571805232896 0.0612590523015097 0.056914746483711254 0.0291598794702283 0.014868692605221227 0.03754372056123996 0.04253074960507078 0.042257820648260044 0.04242158484241715 0.0764596312525568 0.07379568462899007 0.002016613428719867 0.05618766377596738 0.06264065141410019 0.07887268941126944 0.02064641036226136 0.05886984559700879 0.05962664747957391 0.0457845806525008 0.07628761742706396
97 0.03540130319165844 0.0005118493611276554 0.06063676725143287 0.06952998049119823 0.07552720843785572 0.05369360519753978 0.04077417152454161 0.06478817129840812 0.06903535127226947 0.09023174344277034 0.06999866684671847 0.029995917654365822 0.06842974009172481 0.03784135191795228 0.06375616595941776 0.021447732497437377 0.08398943563911437 0.00030240204763310304 0.041612652793812786 0.022495783083021012
