0 0.027163857978607132 0.017340237166295475 0.05306912643275189 0.018751465445059033 0.0753575009515285 0.0711150829192558 0.06762056601564105 0.042512344861612074 0.052317625537357915 0.013203905016235359 0.05225183976587308 0.07803381934269088 0.03993464976110575 0.08337991036020495 0.0496518051825968 0.033814789117331386 0.06375514192548676 0.035704972258885165 0.0536102407808709 0.07141111918061
1 0.11093881794209227 0.06303245966008818 0.015523908834657965 0.029539897145751694 0.08500983041952495 0.09935226731131934 0.06222635662764639 0.11144689237564152 0.001093554115078681 0.0006200155650322436 0.0653976912634567 0.00039556778909362734 0.03390801349262637 0.04909633605599164 0.0414485594410195 0.013216637107528502 0.03106461874244778 0.034659014542783174 0.08770358155617844 0.06432598001204123
2 0.06143236712144509 0.01822328570862865 0.03399419654433583 0.007967570950359206 0.0003088140893730604 0.07157298108492927 0.08384379339671473 0.0027593093402799676 0.06384220991786727 0.051357649555829527 0.08772799706218185 0.056680601200326496 0.08911593450033702 0.026441044365565824 0.03289255897328156 0.05329891939992328 0.04941059728946519 0.07550042815562262 0.06099989694077815 0.07262984440275544
3 0.03416959025384319 0.08072610628991617 0.046667923397801195 0.01033861440581794 0.04783112213351938 0.0864853089641946 0.011762405138895158 0.05599240058230637 0.05202331091246194 0.07935676059155031 0.028331862869253807 0.021730778512418995 0.003072843019003008 0.012754304623147885 0.08108391563227323 0.09605940251577745 0.08204640052764761 0.06824904649083832 0.05789270129060998 0.043425201848723435
4 0.06332361799690034 0.014106986597807106 0.04216891933376951 0.03875295369884355 0.07427285216545423 0.05216430090681976 0.017709528532740937 0.003990302520046068 0.07327001336314534 0.08144730835871533 0.060781303502621085 0.04784904643861709 0.03495515726510178 0.05091311828951192 0.07228634187797431 0.034867842186536636 0.038957207500985525 0.05096086924132668 0.062203336098775965 0.08501899412430684
5 0.06094625470328542 0.07950041746713798 0.011278632322483027 0.05086690119642576 0.04839915683643719 0.02206437946154888 0.05463394182945645 0.04046945484455604 0.04183845093396927 0.07452823454588642 0.029312980397818465 0.0810758293722714 0.04499323040006283 0.07859279984226054 0.030644772092193916 0.08325547457958642 0.08980942293545971 0.00903532144488445 0.021200264030846756 0.04755408076342894
6 0.06726548201369764 0.02030757552450909 0.08825368241782998 0.020061864097509513 0.11231227658521155 0.11941268678974994 0.03321405790045818 0.06026864742162759 0.039830388366593285 0.04424667416422142 0.020176882325916107 0.015919905622503353 0.010108182725800989 0.03853922171443203 0.009258006478353254 0.06747184877508355 0.02221013185166261 0.02629411444492899 0.10683170210536198 0.07801666867454916
7 0.11146357149447364 0.10149566947216512 0.08039631486428965 0.004437537298370416 0.03217404416731999 0.0875377166687599 0.004217173453330595 0.08953085943056888 0.06691666060241006 0.030784888268942337 0.007974860734776898 0.08337670932145422 0.016954844225623357 0.05917292647245621 0.041027976187034604 0.06267420485338873 0.03530170277247272 0.0002217323806155524 0.06793250011776919 0.01640810721377809
8 0.08866067306482045 0.004084770600060079 0.06315794087940131 0.0325358881466812 0.0075096208797612975 0.04719426592589856 0.05325427187411649 0.06142827207891101 0.02647285200200769 0.06726651873737755 0.06755938083544713 0.08175635360536655 0.012409483249510252 0.0798688474081905 0.06396079580268088 0.07017859656325132 0.021044709997786154 0.07605599600226573 0.036335928976907524 0.03926483336955817
9 0.11346216760174589 0.018933726962637544 0.007412883594334385 0.022887262008529655 0.021604348496057 0.03525090777550816 0.032432219770948054 0.06584564299117801 0.07143344736182859 0.06573821211220372 0.09936006179048328 0.06834422954138149 0.03358445306253858 0.044587659059356945 0.049107060300563714 0.04229741040113273 0.03593260133950348 0.05984993920563364 0.024592644200206376 0.0873431224242287
10 0.05577732468894595 0.06691882732155573 0.003088135509781405 0.036331596883965624 0.07915082428444614 0.011806641541372008 0.028076855043350352 0.00668174877511137 0.05539069154828513 0.004599246707729276 0.03453854642804928 0.05112933199237542 0.08404232322654091 0.03754051294733347 0.09481733782208068 0.08855528041318288 0.04410005347277985 0.0889105869344454 0.06965332148487692 0.05889081297379217
11 0.020888651544632535 0.04842253301665283 0.04748083497764718 0.021334492702987148 0.0860416447080092 0.015100162138218114 0.06523195757412026 0.08292758418668601 0.012735292529509022 0.06468209185050718 0.0003598161072204441 0.049998116684126945 0.03141345458073188 0.08770983042166612 0.05813147945676582 0.07904830793727258 0.07213872458414039 0.03053021863462909 0.046588282179840595 0.07923652418463657
12 0.01325860162615358 0.08801418370225084 0.005020128671699464 0.048152912885867476 0.06866371979192419 0.02897362263819468 0.06435893565265113 0.08462410976430547 0.0983938928958072 0.04541029945620448 0.00541907847677925 0.015413590824154813 0.09023316465812418 0.09715442239480049 0.0358896281610086 0.06589927798634056 0.010687906671208128 0.07958315709958902 0.004372876453713328 0.050476490189223164
13 0.0129283194194086 0.03198694581432168 0.016553911624907245 0.044956150370175536 0.007551074209686158 0.01043335422028382 0.09495135852349795 0.00998578905604851 0.04043040707730268 0.06601702915211648 0.03102890613777999 0.07696758163954862 0.10108244875858774 0.08361553321280624 0.0464396229116779 0.09356618237597657 0.038211385178300326 0.021673756331805353 0.10029385049825076 0.0713263934875179
14 0.02221355702255867 0.11377264655270608 0.02960227754265429 0.03419690305969901 0.06274589527683942 0.010059913021501892 0.038031346106357014 0.033578382745501636 0.04905358589247363 0.04430210671216415 0.045177211106003264 0.045018556432228 0.06544497577226811 0.004352287496059346 0.08897430798016112 0.08693127517558617 0.03115569011637043 0.042436055790462814 0.044571089787671804 0.1083819364107334
15 0.04969296518425308 0.07728668681637835 0.05140180446513784 0.07114598775165985 0.08656479460535169 0.025977158166316038 0.0023766506498490683 0.03268663774800124 0.08292004235601089 0.019403320430333573 0.0702292969009246 0.01727566110564956 0.08565811185093028 0.07602161469842114 0.07373656343909218 0.05898835789659552 0.007162442475572953 0.00036497788726587384 0.04917499465797921 0.061931930914277115
16 0.04398944233073746 0.019548422105039775 0.047077216326908485 0.08902587505130694 0.08801988895118217 0.05673187411495656 0.08204367978417768 0.0407655270030581 0.02163171393775163 0.08120185797655666 0.061058224598845585 0.0051281151145761445 0.049566042654395716 0.09683930743434781 0.029255196262003853 0.04054670850842362 0.06371291711078116 0.026748747291056234 0.04915141698036818 0.007957826463526175
17 0.0867235394801497 0.005999321546015748 0.03287978900867253 0.028380551646279412 0.07325226057138089 0.0413536931787578 0.03159642423528255 0.015226095999541557 0.04026286959157754 0.025926287889502225 0.07678115686146335 0.0836659736990667 0.06593738234060541 0.02830465968822731 0.056818783239109515 0.09929970500718113 0.09944234849450394 0.007530501179545955 0.040439025993576204 0.060179630349560496
18 0.04886843168375783 0.0899810180284094 0.025895445567494173 0.07469898179046265 0.03523950665833896 0.045292607682353096 0.06269015275127568 0.08799764879722721 0.05688691123094164 0.04607587401887665 0.017816310625536468 0.07676112956369692 0.042043122408164366 0.0038324616329269787 0.005313240537483927 0.06167706954819079 0.08731816268017267 0.0768065279482877 0.041505723132518234 0.01329967371388462
19 0.09050011414156771 0.02001962606406858 0.018759209903668087 0.029489135157269333 0.060133534936497646 0.053558231977610025 0.040944224521942636 0.0810195276308791 0.08720125855161416 0.06901797131621246 0.022095684978342127 0.052361789346483896 0.09153396828717476 0.026959432649908396 0.009479074225382906 0.03219149094353406 0.04938046373294698 0.08121381181120718 0.009736909267224347 0.07440454055646567
20 0.0003453129047599605 0.03635104837480614 0.06452950711274572 0.0776425317592572 0.05294143318085169 0.07079696027854783 0.03761440144936646 0.05898540835491113 0.014225734166458408 0.007983999571229002 0.06767899462667876 0.04619824064961608 0.019743522744943127 0.037951938556850896 0.07589522549466388 0.050972226299610436 0.07259034516767167 0.08787865134466624 0.08547829889615491 0.03419621906621028
21 0.007134943792345185 0.06459345706109645 0.023866063127800693 0.03519622828207311 0.08067328269136755 0.06726222554324739 0.04020090162119835 0.05033428425234953 0.07360632208219933 0.054552344190360064 0.02310914416548747 0.06799350963722803 0.02623270541808129 0.08087839826052384 0.03671806102119117 0.04124924644405002 0.06005528888353295 0.06982573585697406 0.08639010170280445 0.01012775596608889
22 0.03575840731291164 0.06158592139688235 0.07002128999193513 0.061356460283153 0.05214644161424788 0.005072754756527915 0.07524239553292879 0.07263115718468452 0.056017778400844126 0.05101424337275441 0.07580171011057166 0.09519077247681632 0.05353033560660329 0.09177542076895473 0.019480833167436814 0.014731213654055253 0.010627805361587066 0.01395263498478517 0.024693564129864815 0.05936885989245502
23 0.06037145853374973 0.07753289369983112 0.0597178060862958 0.039315222613441114 0.06451248751531294 0.011812238208842722 0.026659940226015904 0.07353623701852212 0.030934026049703692 0.05743214770796542 0.02422126112865791 0.06836871919048781 0.07253916483946016 0.01668588021827586 0.06119761717721892 0.06280323651329618 0.03607434980981942 0.046810241633685815 0.055315748139055786 0.0541593236903615
24 0.020109063391180713 0.06475284875065351 0.049504637745529746 0.014898120007189073 0.04198120962249246 0.09430783058580192 0.07803105710451945 0.004644029700989422 0.044218863633675894 0.029278460080664828 0.061908373746839156 0.024731800452984874 0.06459374293213778 0.08278242001790322 0.08849757739770543 0.025800384488150977 0.009665437176658713 0.0648965621166739 0.07090277359387902 0.06449480745436983
25 0.0001545313981389963 0.044206205720730134 0.0484308450536588 0.0034674055920163225 0.032226383382410434 0.08000224183340227 0.0883640508505211 0.06270900820717897 0.03863114897456114 0.03378895225489265 0.026167306320141828 0.08127683301572829 0.011562390822390679 0.09830172368945624 0.07876935906838861 0.02379537869368674 0.035109890904232256 0.09258405667457459 0.030743750326389884 0.08970853721749986
26 0.007566163132574871 0.05882533361932359 0.08112052157798424 0.07284462625603452 0.024617868664578692 0.01026822129952172 0.06771317587308778 0.04850948357996992 0.0040359091697961145 0.0411328914623044 0.04042120628640234 0.08714781475641882 0.0294985763034974 0.0592594175485648 0.08574786816183176 0.09483277706662459 0.025087126656851616 0.043807145278511234 0.04482971730075411 0.0727341560053676
27 0.05052526935997881 0.05968171299888471 0.02191415342198497 0.04471216589409865 0.0694448111519431 0.04834267048626346 0.07957200329377938 0.03188075929746279 0.07660709031539932 0.027008370014232307 0.048646301023347556 0.059837593353623875 0.06217564577959911 0.0017167440118652834 0.07863533488102856 0.02503283044018132 0.07009076921570459 0.043150327529286006 0.03929396291648622 0.061731484614850056
28 0.005327597617025172 0.03043512390669895 0.03870424917350002 0.037486685129038334 0.07927954605847211 0.09400803453307832 0.05619328859279026 0.009129520164767273 0.0254496973780343 0.07975024576135434 0.07569092467232752 0.08674367658392887 0.00700394940194758 0.0727332625308504 0.05379977529344593 0.010125304538086237 0.08411120478531277 0.07382592937820585 0.06650935266544042 0.013692631835695291
29 0.08720309119732662 0.00894857602314557 0.004223483464073207 0.03338173696703135 0.01758827624246762 0.04741737009649378 0.06876485699551688 0.05557831420729703 0.08737211099878317 0.050607025391234836 0.04826493114526989 0.0388987220431149 0.009287433297243382 0.07890524715466944 0.060035459861820364 0.0865367750182578 0.08740524325996553 0.06695343849749599 0.015447262556955017 0.047180645581837426
30 0.07372249720085242 0.045621685445771686 0.013612854860510955 0.036018687489416897 0.07890960166352236 0.05601389164010641 0.08525152165044077 0.04444633944830405 0.04099585811137435 0.07982499658856565 0.0946137720002461 0.04893784081382631 0.08916230173404997 0.008342896809183445 0.00432882052539188 0.016093980602751544 0.040712815302523755 0.006348069242904001 0.07454853582196191 0.06249303304829563
31 0.0835480070403141 0.06751346980648648 0.014577398822680542 0.026557895748283784 0.058201648801716514 0.04725248897596033 0.033249691286333996 0.011126579331721322 0.08033185350401241 0.03901240123884528 0.08212035394146322 0.056627674542993035 0.08258519515001206 0.04780135215217215 0.06715753121793437 0.05108530183889315 0.006666380494234372 0.06042755370199949 0.07223627996238577 0.01192094244155746
32 0.022226107569622466 0.10762673775123795 0.012237579373481328 0.05327429343628083 0.009110525223258429 0.09935400029417711 0.0986339595956678 0.10077598414577886 0.03247758062329949 0.029681411598354992 0.01510983223515204 0.041902771374806434 0.08275484905408591 0.03350344574490078 0.10887743897873478 0.045895631181669186 0.06084965200505629 0.0141526362492932 0.011294620450409354 0.02026094311473278
33 0.02773897021736411 0.018104466449661853 0.09343671012692034 0.026175886187123316 0.08961896922096657 0.0911791074241793 0.06622184090532654 0.07946217082736232 0.04528239029994739 0.026293298645842907 0.08134612716198054 0.06516478967115998 0.02767520390981795 0.02793250558181158 0.08789410542551439 0.013890788500583616 0.06865968916149036 0.02843164393976884 0.01222509182572255 0.023266244517455594
34 0.07978829533364466 0.08644458702922984 0.013486538638253567 0.07764003025598809 0.11352626687727448 0.004291606739483337 0.03735684159930642 0.08991117408084245 0.022400206537471316 0.05087124819775195 0.09269667988244346 0.002027282239700321 0.0129170339849684 0.05475330285156144 0.07233570168308652 0.05583574436322196 0.049359828435997025 0.00946515376983171 0.030016858400180747 0.044875619099762384
35 0.0697577645863306 0.06818627194051971 0.06538268158637486 0.07153334583463755 0.04588483028984603 0.047043689375656665 0.05290008987079665 0.04100978905840059 0.03842605760385096 0.03889799805669304 0.08731409820708531 0.024003069202156162 0.03571453995078466 0.017747153998722287 0.037198960533221775 0.01338675411040714 0.0866562781658505 0.03814887365462814 0.06786441974776336 0.052943334226274
36 0.04897035870213033 0.08367281325778136 0.04396240120982711 0.01674872132983328 0.0700463822600459 0.0804354042118049 0.010266868330291291 0.04515084229190745 0.058018725662304906 0.061173142976740855 0.01748916201633946 0.06786469424856467 0.039409812027801645 0.05197019418536181 0.06708956558621722 0.04326858096008038 0.014806467523772265 0.04452024042518091 0.06421112832380785 0.07092449447020657
37 0.07906925641308957 0.05521993572763205 0.0720388321448619 0.08682601097927062 0.05734898688521113 0.03364344796462147 0.08895596180909007 0.014999418146713468 0.02226453036249886 0.04633144789069184 0.07273437369936642 0.07768462317443692 0.07712613523001739 0.005682110826706355 0.012797190158112792 0.026322937892283956 0.03559779608204383 0.06380093020378731 0.05723072600394705 0.014325348405617363
38 0.10644976478234762 0.004633050942835951 0.005120683938160681 0.011616854603219798 0.022414950391516267 0.09487989383934393 0.058237996539100355 0.02088157267688142 0.043290371830237796 0.06648334477584789 0.027443861702285695 0.09728637778226538 0.00897610486827437 0.016895307368920216 0.13298017315360364 0.015786482610003788 0.10399784336371505 0.024660672810514605 0.012822321431476075 0.12514237058944944
39 0.0037317607268131233 0.05979076376289168 0.05674386957195565 0.01632600990814562 0.08093199339461231 0.08507011979583164 0.03825016471636645 0.0354869137915404 0.010140373072823288 0.012851955704262712 0.04112523172995546 0.03772994957888183 0.06118103304238156 0.0747475445415348 0.06326983296776859 0.08909902941913374 0.05794752639534701 0.07191584967616128 0.0861760756000749 0.017484002603517814
40 0.06927325726792118 0.07395581077271385 0.07696777429048961 0.059875409640954856 0.04539209142418438 0.004840698407671054 0.08117249348979842 0.05670616319932537 0.03288622831531038 0.06109777482543739 0.07941425892035382 0.03993107453899183 0.020724595315993046 0.04791933252470293 0.022684463801678 0.09264066232346418 0.07887676988899797 0.015314546786281077 0.020731256226479602 0.019595338039251238
41 0.0491405957443246 0.06815543209700113 0.019975017973200573 0.006531248444173181 0.06756576078080377 0.07322697097560864 0.08551480531220909 0.0012909219517605495 0.007131172016108217 0.006043629978546182 0.09129056763245165 0.08970296361416608 0.0906886431355199 0.07259920704902888 0.05055537516319849 0.017650721363565703 0.07034878764650887 0.03276751787425572 0.053855526775309984 0.04596513447225892
42 0.031210378941256254 0.0914363762691149 0.01556876665603159 0.04094153254310098 0.086077372054009 0.03880196122340441 0.08712741517147521 0.08806643107323905 0.001331517875982399 0.021601233452979998 0.032101693863895206 0.03903407207940605 0.07909348261513445 0.0770761547055951 0.08332737858494688 0.0401532476795264 0.08237561232420361 0.014647584307708338 0.013287596988380782 0.0367401915906094
43 0.028621946936917275 0.08370394443765564 0.0045625338007546454 0.011713890919486797 0.07129629608763408 0.043725355319451126 0.033236233633326534 0.049276444278383 0.10274080538379306 0.02850363615468378 0.03103782030651162 0.07092108673898255 0.052493495291943026 0.06117659620615826 0.09062491934202038 0.00854722063167079 0.006000893631848496 0.12139471237619383 0.04984487586593274 0.050577292656652444
44 0.013440867463840687 0.05688191672022449 0.009295849014170986 0.061459287020252086 0.036793068571278155 0.07094312528812222 0.014402949864404551 0.018775330541947754 0.04009617285841002 0.08226214667033832 0.10420285942342285 0.002091827209936492 0.09885810529775856 0.03143468403785402 0.10701638655184803 0.03825929922833387 0.019236336332220383 0.046312842790785194 0.04563153500583626 0.10260541010901487
45 0.08554502320210045 0.0009854190452390714 0.06507488777571747 0.0697322248155193 0.07729916705997045 0.04831609917184323 0.013678353010568264 0.09922046613157542 0.00225082452049079 0.06123521920571094 0.058821091730253336 0.09447145221295489 0.05888886357154605 0.05348807689885536 0.06486770388516544 0.02702527585728823 0.028363771282721557 0.009423208724798978 0.02634004436919832 0.054972827528482295
46 0.04254904800744182 0.06798538865988304 0.0320678332409475 0.0682583056074367 0.08139623884633487 0.009670779309802532 0.08393047294614236 0.045238868775790385 0.014262087552535552 0.043752242017694974 0.07209406280573925 0.015254916269682589 0.04418784208031191 0.05244181190503007 0.03824575902403329 0.053361305721496985 0.06520923083485826 0.07343072493813084 0.04338065688840377 0.05328242456830328
47 0.04295798244472402 0.1012400441551897 0.029122216506112374 0.10875771876641772 0.041230778893316014 0.03516773467919059 0.040367858866368574 0.03658008003993327 0.11858576050916056 0.015853046375541212 0.021534703875283022 0.11776328786512008 0.06747064766680415 0.09017563040479346 0.009498406472177654 0.012199339549975563 0.04916921599271481 0.0018770609788804032 0.042670213803650776 0.017778272154645974
48 0.055111525597273094 0.0035048853289471205 0.07486110780919633 0.05358066073926558 0.027569404210929464 0.060793119781265274 0.05660458189716116 0.05450534354055303 0.03729817835829015 0.047189775423736674 0.0519905717803543 0.05716748766468935 0.06024505660976482 0.061455230883562584 0.07146920256266137 0.09551631403325732 0.09249224977855193 0.0034014651466560885 0.0323139617992971 0.002929877054587199
49 0.0746086950773485 0.02036944195853374 0.07670310105480138 0.06469719250905531 0.032902424760436845 0.05009775919878147 0.07873074384428527 0.04357918428114603 0.006515714482495587 0.06736265262046087 0.07970058957741244 0.06172179943101294 0.051301472232948155 0.005664271592692392 0.05670284813931729 0.025727867480233587 0.025247750544777067 0.05804989024673584 0.07436418565308642 0.0459524153144388
50 0.07041059755749464 0.019826572655332268 0.07215575989932069 0.008810090338061313 0.07944728063784376 0.05442435456977583 0.08332891109531437 0.06837307119714539 0.0705394591766188 0.04809583069585662 0.017813139000236452 0.016860777343928924 0.033650898681947906 0.053483659108006676 0.01705647301329477 0.06263287424067164 0.06757698922776294 0.04762341157081608 0.07452185943572336 0.03336799055484774
51 0.038624653041452094 0.009334919536035907 0.10843538917628266 0.005987590519523643 0.07606783335320969 0.025099887437115755 0.09545499517973864 0.07325341150487437 0.048295522613950245 0.09334059331368132 0.023729211160168566 0.012522427925392253 0.04199142214878142 0.05342879416196393 0.05265965829604104 0.056900238911889264 0.03408339058053488 0.04813889887932155 0.07742962311478788 0.025221539145254893
52 0.058642407929321044 0.053901925243247995 0.05599265761356465 0.06747561836595478 0.08812452727670143 0.06062719175068179 0.012543184078202157 0.07752392300810287 0.04263069443622788 0.05244647738522359 0.06200660231063046 0.023835228815731788 0.0464444340632434 0.04506553708830875 0.03394571198933442 0.008122890954714178 0.0651256992854946 0.07893474699450796 0.044327799083071606 0.022282742327734546
53 0.00013586532842810984 0.02641807109310671 0.07823811612110677 0.02397660379450773 0.0489159316835899 0.03636926467937319 0.08061276124082348 0.0313189136031319 0.03397801912878961 0.04224164676850473 0.009072718475682143 0.0752456285019378 0.0665839165633048 0.08074258839964582 0.040796132997204276 0.059357915652901404 0.06979289256879642 0.07040911808421932 0.06622949134496534 0.059564403969980244
54 0.014519989435071611 0.07248632396650313 0.0014954496438199494 0.0837485742687326 0.048242435726808044 0.04985374206703345 0.07887427092083048 0.0101652562392597 0.05118554666884461 0.06659389059939894 0.08916497816346748 0.05172089053701755 0.04377511038234399 0.061682412776919306 0.05839039066077281 0.03830356949647881 0.045200316486805794 0.0572110076360436 0.04015075058482233 0.03723509373902573
55 0.0023593670817923474 0.06477767699223572 0.036480020298564744 0.003782127077387258 0.03203181952754333 0.04355487192032182 0.0247757494538546 0.08799782858633126 0.005398640430722438 0.07870500519209855 0.061361198080516675 0.0926841141856463 0.04854225748940225 0.06207532004623347 0.03331033949910072 0.07614692217760888 0.052383781894103296 0.07693157235676071 0.03462730894680606 0.08207407876296967
56 0.09509747813311585 0.023064300870453087 0.018672648796376746 0.09255856230698409 0.02676941615406313 0.059276421711771714 0.04675759276106351 0.07317190780686714 0.07335377900177506 0.09371961439649552 0.0063999333819702705 0.010081574863018557 0.017174868992447613 0.02207448171843604 0.016201995458876035 0.015996142105363285 0.08667179710226347 0.04956631987742436 0.04517299330622394 0.12821817125501087
57 0.014103433234368497 0.01330551971670013 0.03155575965593057 0.021284781332575546 0.03357924685172885 0.052472399489432275 0.04385624646804351 0.0685629211139545 0.08722898148005694 0.08413449008488402 0.06615043401430304 0.08628570761833225 0.0060961200819356475 0.05941290458772601 0.08374320278449784 0.001631037079966292 0.09078154755035941 0.07477361274488459 0.01265128380626657 0.06839037030405355
58 0.013617041518938552 0.0645944859438584 0.059762752036183066 0.09889798068422567 0.03609150551977449 0.046250588027232205 0.04304386591098634 0.07872412429178978 0.04935652302879922 0.05653037696358821 0.056970192607527614 0.10031680825862879 0.09615903886613134 0.03941275770221024 0.003100993472288574 0.0311722569932297 0.0038842508455589142 0.0770692841132855 0.007778231498131143 0.03726694171763236
59 0.016967648395112372 0.0330755616611372 0.01701409854482387 9.550890220249047e-05 0.07862818656131015 0.07870402180571104 0.10072252104056248 0.08105485150903216 0.05987326004667304 0.04379545310508216 0.02216348486952986 0.022990235487706838 0.09165482311843189 0.09772887802100057 0.03505698223351511 0.05593726101693836 0.05366055163395288 0.017532904483986245 0.05025035596992092 0.04309341159337045
60 0.0662801793795774 0.07601560397230586 0.08688858855374079 0.04322015161012131 0.08747911948690687 0.0005673733837544607 0.028095565922333268 0.059623607471403856 0.0070376154473677155 0.029450002668550867 0.072050387719741 0.09426733947307124 0.08114299908733642 0.003542022492731631 0.00881619122627662 0.03367818698547065 0.051625913253261366 0.07773821453566968 0.08527951091160131 0.007201426418777359
61 0.09012278164237797 0.003995935813987823 0.01926091120717378 0.01732118463062832 0.05409449427065546 0.06639554969466586 0.07402438882893463 0.07099479948237664 0.08154463314343799 0.03864868035068307 0.002432279865900518 0.0680397544445498 0.011527953723657473 0.02719029752538609 0.07445382679014294 0.06793314332275638 0.06275433614398972 0.03420548543242533 0.0815545307785571 0.05350503290771311
62 0.033385878321198104 0.016216323435811763 0.10303350817420681 0.03841412141017963 0.09928228445298516 0.05785752440568516 0.04411687096735262 0.01712125994311912 0.014509823142833478 0.07066631916751548 0.02860291304528438 0.0883448944423139 0.0986769271448498 0.0604557084704953 0.0658158620933052 0.014644641275083373 0.031302808271993034 0.007513928179033726 0.08699582889196983 0.023042574764784086
63 0.06362730732076599 0.07042638075916677 0.06854479084668956 0.033799411288932935 0.049151145092567954 0.0005296006631212906 0.016800303743818804 0.035144424046089355 0.0819714512022646 0.08178441519625526 0.030472385987340794 0.04872191791698361 0.06466876075701884 0.029189261689034487 0.03488175732808822 0.01081209787973521 0.082338791651581 0.056887713509081325 0.07379313330905758 0.06645494981240627
64 0.039199355502697125 0.08161145583592241 0.04059385410156952 0.014380959614290745 0.01149591278876021 0.04735657194991567 0.08372810696641954 0.007038575719023909 0.08420854384912649 0.08295604153911658 0.0760113238819779 0.03640709149082071 0.061686886758844685 0.019551189556181826 0.06619808206955029 0.0869734862047702 0.08970202554180678 0.043725168351632426 0.006494813870376139 0.02068055440719684
65 0.054181975977878175 0.03824867355394055 0.06079423857809241 0.018067759247371057 0.082101047358563 0.03445958424880398 0.009437539603548364 0.08893952425653319 0.022094430999633645 0.011807162824546661 0.07495093152796421 0.07123031372917442 0.09392581304800572 0.03095235972143286 0.09259316077757063 0.04621454202710045 0.02853600448918343 0.03945951444830261 0.08146338172355716 0.020542041858797464
66 0.07939425242007782 0.0023969002080998962 0.042627806593758526 0.07943054982408455 0.034538362295374825 0.08030803839682178 0.03249669616908313 0.028013936618003603 0.08155161174887517 0.0871561365381638 0.08838835828032118 0.02121318404112123 0.07818199531645222 0.031210148421420468 0.054513837690708944 0.017091158866673443 0.05896445869662145 0.04761430101986745 0.0516930259633681 0.0032152408911022222
67 0.022689562700501514 0.07925115681974262 0.021621178474704406 0.030227718044308474 0.08885847993523942 0.03733662166711355 0.0489408854051132 0.09641888458705848 0.002512409107363319 0.042150550094648895 0.06103261724287031 0.0941744076571305 0.07810113463661686 0.0033480117576678804 0.057121380915008395 0.05758166983488625 0.012178455476093334 0.10304772319169062 0.04883051866036744 0.014576633791874438
68 0.08086526882890445 0.06214958906421675 0.07363952557080351 0.08204650837987257 0.0318710717303801 0.03897405722452414 0.04007643103376918 0.0556487579813896 0.07094190943641951 0.07767509279493062 0.03960146993212735 0.07267893535162022 0.02030816242039113 0.015200868940363781 0.05789015727442413 0.003364898439628164 0.05367882361242145 0.024729476799402274 0.06297825405556173 0.035680741128849176
69 0.10411552297385925 0.04016409838910992 0.09510526044881726 0.0037677029916766674 0.0305390810299671 0.03450329522720449 0.04323350520148228 0.044011552370892784 0.013102266125919552 0.015319349594447907 0.01275512933615009 0.021889184698973007 0.059045004154169994 0.0688045661800573 0.05614209435976287 0.05364109330825469 0.06738427422977339 0.09570929697160306 0.08281131750564004 0.05795640490223825
70 0.058651919994060595 0.07732181250153956 0.07795944318002439 0.01480768316091402 0.0069239908604937055 0.04806991445588762 0.043085119740047896 0.09921370559780592 0.09104072285033785 0.09683470628877436 0.006522027849658399 0.0040313568438097745 0.07692107593982601 0.02241609792495433 0.02490006518411144 0.1076834677810944 0.01347178200661084 0.012187286138646402 0.08051319631658609 0.03744462538481669
71 0.01674589552892031 0.001092196999316363 0.04292770591443555 0.075837315391082 0.056227926075438306 0.04527060933259222 0.0011454616560943136 0.045036176453652085 0.10282546817782712 0.10613358057083488 0.09728026438102014 0.0716088243421251 0.00047214082246745755 0.025489422915688432 0.07412843757332935 0.1009205749151407 0.057294144593217834 0.0013451343897992766 0.02178914438134357 0.0564295755856751
72 0.09979165856728216 0.06028742271707655 0.028630326014969513 0.060826384828767156 0.053045494397638955 0.10060113616636653 0.04314841225355899 0.053431933003331884 0.05611345150171126 0.014868249211377103 0.01739225448147258 0.04359850620919437 0.04085149902266147 0.04687302206271962 0.04232676492867703 0.04753258800022098 0.007615510712131274 0.03771129730085531 0.09715572003484468 0.04819836858514252
73 0.006738334203953933 0.08589129377883925 0.009587306513844845 0.07908563174067737 0.04605144834190444 0.014081333223642696 0.07212350745662399 0.06953800719401625 0.07625000543486615 0.08182621251306933 0.08894624140836697 0.020484334296431303 0.05124844072333827 0.07912750157293691 0.019325561727781722 0.02517369340433768 0.017389833912583634 0.05578426258832198 0.07323953728275363 0.028107512681709607
74 0.06952527498893772 0.0706186622231881 0.06394132229064108 0.04321766196621228 0.05199751699562199 0.07297419486282784 0.050340614230279204 0.057635592757398595 0.07133585372024152 0.021548219234558706 0.02704811075516456 0.03575944538419568 0.01923117812295011 0.06982391404412282 0.03440701782533746 0.00418288297398886 0.04691096931986374 0.07501856945774434 0.07957654318922763 0.03490645565749783
75 0.04325225456315305 0.03609217867724437 0.09405606507468774 0.0956320847219164 0.00484605065344944 0.0784597123913523 0.029593786785280823 0.09285961439766674 0.09552898258490602 0.0934811143892224 0.039647930839608034 0.006945574667731868 0.029842796908137053 0.0058922443280498464 0.03400204487965855 0.05037083748591423 0.04070425808966986 0.00030711666188410717 0.056254316360993525 0.07223103553947365
76 0.07934182794839204 0.08146017487044666 0.024199895491858886 0.04598953166455662 0.04961925184731814 0.05090391270108336 0.0017398904264679445 0.01799033149322281 0.01944921945533844 0.04611758700632027 0.0671420484888539 0.08187501516575245 0.009023873423419202 0.08573912098844183 0.07245649222194032 0.07353653870120919 0.011255487288887457 0.043921611196941455 0.08931360819796938 0.04892458142157951
77 0.019689810731781804 0.10761906332492387 0.10529223644985063 0.018748400980185535 0.009591955089925247 0.03847955730970927 0.0694608989706529 0.039878728676743316 0.058002427197177256 0.06268132937693204 0.0061223944043562765 0.04582822058919609 0.0925504050676105 0.04992499479617884 0.026938276191382178 0.0571955373770037 0.0645743769107027 0.04151200377568077 0.03584007795191506 0.05006930482809215
78 0.032707086272618466 0.017246685570674956 0.02841578728106616 0.017764634308438634 0.10789545805910428 0.0549010177132353 0.02601721051421251 0.09410628291513784 0.04454001563165247 0.0731449420974552 0.051351638875696985 0.10285307786394932 0.021607445136882394 0.02367281668653832 0.08284092842289753 0.04244018546410511 0.09346868106103072 0.029929246185927988 0.02106666940569804 0.03403019053367768
79 0.08219875888156414 0.015234317020902747 0.0582978678322382 0.01247123626960661 0.020437050918809808 0.06142499822426368 0.008065945857860597 0.0669771479461438 0.05999681249421957 0.07109681494852782 0.024932794675101448 0.036070349379254955 0.09345064815127974 0.08939807721940436 0.05167807409809375 0.09214949705089784 0.024221970138151475 0.0016939531770671695 0.08012135729984268 0.05008232841676961
80 0.06359580959206666 0.07137649229789472 0.0467994799751596 0.03745812804183184 0.018374039087642548 0.024623228882162288 0.0754953880667116 0.06325479330193925 0.04106131466379678 0.09028071682502502 0.015765549867471373 0.02256599326048349 0.04087710711302067 0.08654647648947601 0.025433921321555347 0.0437835768828885 0.08315730159969002 0.08287366129905789 0.05834033963375692 0.008336681798369425
81 0.08661972158957368 0.017930652069785804 0.06138591197844983 0.027262924581791297 0.04549673101168587 0.06885301705544632 0.012693897980979398 0.022794415184049774 0.03698466093155162 0.07908741780202579 0.058664039744220756 0.036694657930618636 0.07677947996950288 0.025838352920896784 0.07344756963340256 0.0688947485320637 0.05006331917638989 0.060380401885133925 0.026535060528459744 0.06359301949397161
82 0.07211406820300854 0.0008566538865355782 0.028730160772523643 0.056845740579635796 0.06816921408730865 0.05957955759890425 0.025344897540347168 0.060452123790012934 0.10197634298111477 0.07654472385485361 0.03266725885438093 0.037055882615075635 0.03713664751313644 0.08199574157862301 0.046667289586136015 0.07437781722107983 0.009160510454329087 0.0057334041300566504 0.04657518018522265 0.07801678456771491
83 0.032192260189642614 0.028668042572326885 0.04655193877720312 0.0010714442044154461 0.00129497837552696 0.08208068124353063 0.04053231818046836 0.08014257155510603 0.026813316392159527 0.03857733495148304 0.06803423501263149 0.045588643045471805 0.05875382234237102 0.109859418656381 0.025636730257329477 0.0821433318321763 0.08254618060673967 0.025109389927770155 0.049814999774250565 0.07458836210301578
84 0.009420681105723545 0.011881839690161284 0.046865949572920715 0.041278715364500895 0.07635753464897332 0.06478617011301559 0.07685249090730323 0.03841568078986107 0.056646422235222454 0.04623842798443934 0.049712388759481675 0.08093375900993283 0.08062539684278122 0.07164663393939198 0.06281916312179148 0.01872181218483772 0.07491683435302353 0.0008989355478745489 0.08288677038018372 0.008094393448579769
85 0.07751504220677527 0.032091908313053544 0.0404654773407505 0.034571826683771734 0.0645465375215926 0.037271780957187806 0.08545378215034793 0.02956037252837163 0.06631663971191817 0.03953834297795562 0.05324207332166832 0.00545810217104826 0.09859702460689657 0.037483950418918825 0.08699828742006799 0.029180160715227912 0.04620456264778106 0.06939842787457831 0.02435599739201573 0.04174970304007219
86 0.07500882155329805 0.0625527059551838 0.03376898491110838 0.06892473314568355 0.09153666362685835 0.02782466250388731 0.00876617022117313 0.06050986276927737 0.022040347739582456 0.047086794544661234 0.08853782193454501 0.013525586588019506 0.060226555952197273 0.08469149094557091 0.030243067678446842 0.05025165744617712 0.0552655708743187 0.03467367672780724 0.012393548719261193 0.07217127616294237
87 0.01463776874673389 0.007645784663175446 0.06876104945344479 0.08115557216727637 0.06523427812094369 0.007295331987728276 0.08845687628353745 0.03804132244344102 0.0326720889685708 0.10039061875885659 0.06937503592189162 0.03532553606380038 0.07696717685022979 0.05141843736814785 0.0729790968311619 0.013981038066291843 0.05860217385785961 0.08281151395562686 0.02207602716830131 0.012173272322980537
88 0.05059370851739702 0.021322164297656866 0.08585933213185307 0.08152516610516287 0.08432360709747634 0.06482803813508017 0.011286003250540485 0.07650042414045 0.04040499714457444 0.031252673767835436 0.035388409921795136 0.027519445415077917 0.044381676690160916 0.013923805493885335 0.0826473498667876 0.0639114678923677 0.0711609801331917 0.026917786258729055 0.01815855668257296 0.06809440705740491
89 0.0640587079393553 0.04635124641368138 0.032535868537504294 0.007207048777167762 0.025788946522810094 0.06111626641881795 0.025991213006340802 0.04570927502028735 0.0647616413642412 0.04681668789735838 0.050658004362665834 0.0724037936008823 0.08395598125755346 0.05044844787054545 0.075449353232347 0.03926661434292884 0.04095012717526937 0.05351894000291975 0.06805207293636617 0.044959763320957156
90 0.032744021635069294 0.08272000686904621 0.04379512989932891 0.03522268070281207 0.022178211356734402 0.061189025926080665 0.0692024279644622 0.06667602671389705 0.009663432450734066 0.049391866777072434 0.06024357177395346 0.09190633364623198 0.09139416483483723 0.004421767782867315 0.049735146978135525 0.06718362398457393 0.06553613240646904 0.05613634766070395 0.03415845978244581 0.006501620854544361
91 0.028947174794461752 0.04367302048572441 0.0874590690838052 0.04389234159881968 0.06528569301676455 0.03128767127745325 0.00031410352402336624 0.0961077988016715 0.09174908700227107 0.04082261474295344 0.06485640360129234 0.06575502636987599 0.05253639292624045 0.00585484029716951 0.021368746134522495 0.05997685286084768 0.06289315053752481 0.046980031682384266 0.05133197433690313 0.03890800692529113
92 0.005602564244911047 0.07584920396152635 0.07605057420207093 0.01515626547027802 0.014060887139804412 0.05074637611150538 0.06443219571361117 0.08062061664297598 0.0598956300349424 0.0691911299468247 0.0029577448019107166 0.045930987952255566 0.06709538925349323 0.013010577597022505 0.08385980979800049 0.08987602615543383 0.04947709756465092 0.05461890072553537 0.04056213375494563 0.041005888928301516
93 0.05056881652253951 0.05309171756210712 0.05005548671207216 0.005422049978550955 0.04506256720806494 0.06002522990360688 0.0374475058240867 0.05462353570327225 0.101442045038436 0.057215512496737155 0.02584472882790902 0.0015855042215598344 0.023894337666302126 0.033032190268554314 0.028185418466490694 0.09699760109292253 0.04636025857899289 0.009649699742515073 0.10485065061925111 0.1146451435660287
94 0.046026822386663564 0.06723956787964201 0.08948672272085326 0.11965613585965473 0.04059923944313228 0.08409261032909698 0.006729331657921528 0.12325475529245193 0.0822952077971184 0.03263088260694716 0.042031432100557396 0.029400055535791426 0.013265992211546932 0.006279058021987082 0.04282052522043285 0.004570322037818202 0.0033651796808072164 0.031386076860945175 0.04453585124592817 0.0903342311107036
95 0.04510044285636139 0.020352640432455264 0.010834589575975806 0.08674638869502652 0.08505983129083795 0.04357840243197067 0.008939583355300202 0.08960085869716485 0.0960664817381668 0.07782118067471615 0.04678174037042116 0.016726732361646904 0.050864117565745236 0.04803430589716736 0.0863472987475758 0.010792065465708357 0.009879353937627549 0.022274359317011192 0.08672663660791402 0.05747298998120677
96 0.01147231781461852 0.047398837877386996 0.023110397022602105 0.07868010207967449 0.07523823995332403 0.0675209718871438 0.02616815389632818 0.059274215882772256 0.0734103222537419 0.06203280013996219 0.06154493523867829 0.05050101937075398 0.06455060662380313 0.024535184295936447 0.03492498110629508 0.06291633305606124 0.041949938309854704 0.00803935538624088 0.049266094056971355 0.07746519374785044
97 0.0717958652804388 0.009501250773221026 0.01637584202222876 0.015552841761498222 0.010051007183075888 0.033762580170516227 0.06397783454936101 0.05091535325146588 0.06445457585646756 0.06803359271869489 0.05706363846708469 0.021817294062270058 0.05238065587931975 0.02314827538844853 0.0884243184597096 0.021595622648019334 0.0623396213518675 0.08991405105479541 0.0906026923534454 0.08829308676807143
