0 0.0467405570316537 0.025296209858600305 0.01696245811419794 0.07341546062657932 0.053042086044654456 0.0753180087628826 0.07430773164465646 0.0601133398387211 0.058879578741780174 0.08032872865680786 0.06984647489012794 0.05029628778883642 0.019825977050510542 0.02834484034877978 0.07128368530335685 0.07254297372492048 0.011110520889895285 0.03523761448827059 0.027669912789764946 0.04943755340500323
1 0.08645534146508975 0.011490116860393352 0.10837907725414138 0.04514498651890178 0.048872251327384236 0.044533670729320046 0.014419099495520626 0.0536155525267077 0.07751520096492329 0.011288754845732158 0.03572160759513664 0.050614708814904014 0.047814668190153654 0.05867107371049084 0.05736288201270673 0.08180740878361074 0.009850596610595872 0.08627950569353988 0.040223782819404405 0.029939713781342813
2 0.07089625307855703 0.03466866059580304 0.06918805259890236 0.08466523658762262 0.06898135030700857 0.04519312853048616 0.07588105157513762 0.08385953298466473 0.04538478724569096 0.08598651984064176 0.015749062073028466 0.07943073218112448 0.0035884940349146495 0.03748407057716081 0.047640854336556265 0.03460458028928401 0.07366962074080435 0.023626619390582915 0.0031291071164843707 0.01637228591554482
3 0.053751889765664924 0.016827981196034385 0.043396617263528614 0.0413780084266418 0.0029951034990145513 0.010627095743967264 0.09441735662499592 0.06724076556510061 0.07420876660224963 0.01505676500376781 0.022450385492823237 0.09040815638774471 0.0807064238141783 0.09969856327162253 0.023171844408200047 0.05215988636232866 0.052222756902466624 0.002949267211472059 0.06763874997430139 0.0886936164838969
4 0.04098367057512828 0.08728863640343454 0.08590897665382081 0.05455677691486568 0.08521861327816631 0.01601749939570553 0.01571284420864451 0.020194561484839623 0.013715898135614147 0.040905318859450264 0.05031984847216264 0.06382766879090787 0.022778594545409443 0.047498856364070315 0.05586302990766987 0.07819571579090763 0.06213461837783298 0.06823272834636189 0.047901491504445795 0.04274465199056191
5 0.002881538958259293 0.04107109943474011 0.03350466229174479 0.1004143661313314 0.02689465279691681 0.051314749973841396 0.0398241230537797 0.022343359984510855 0.06076949923827388 0.026271517556173584 0.031292229795956104 0.0828976459544104 0.06507814172917657 0.0009049056324677238 0.07912578593896713 0.0171521093709677 0.08208583033452112 0.08517713178745803 0.08129588414759097 0.06970076588891232
6 0.08392105634584016 0.08719851266862907 0.040217585406274674 0.01761165291043905 0.08258071231108396 0.05041954623943361 0.06312042553823913 0.03991080764274319 0.07163692068892855 0.04497821013732717 0.04178178476677175 0.02875896044073738 0.03023281786721313 0.04211867523209209 0.06882643010099668 0.04466736514184176 0.07128762883707161 0.06844112363525799 0.008938608047259626 0.013351176041819315
7 0.010256840358300788 0.07916168454058263 0.09862797087980746 0.04351512948136696 0.10204659643473156 0.10292977005801927 0.05317997551471283 0.00999727034268737 0.01583617965492228 0.02214382959141675 0.03480830774028072 0.040395956224881215 0.04549144933010808 0.03296440045275543 0.08942903073408959 0.007978161624527063 0.07535155158514692 0.057708294066534056 0.034539437225288155 0.04363816415984086
8 0.10692755252427687 0.03464150501134815 0.00423100593066333 0.07073383950059751 0.08838903819163459 0.04617311029895149 0.03958639460801957 0.06303664635107979 0.05081277393072524 0.0029791778629147314 0.047435459231944234 0.04871648291164797 0.09503252006311008 0.009743032324743712 0.023981244080165606 0.09619187967751434 0.023305813302497258 0.05437439780204089 0.06630722945896045 0.02740089693716412
9 0.05669874553861564 0.06027141081488255 0.08161812411037371 0.056923323479698744 0.04700158460702692 0.06987707856500236 0.07655234379479978 0.053783681687773414 0.018792776698555027 0.033877276775372805 0.08810929867949312 0.008375375412596411 0.041036823570453344 0.0579271245962469 0.0003218786656018464 0.06437581984362833 0.07756558618715072 0.03189636348479604 0.07221203626139586 0.0027833472265364223
10 0.015522908664449104 0.00245324378310049 0.048710100814770785 0.07300294673476405 0.04315377731025476 0.08549956511409598 0.08715036847966676 0.09400137496702525 0.05044860559509903 0.06912288349327653 0.037913028937267 0.07826101342633372 0.029167426999514558 0.044077229785685734 0.05863400039172635 0.013840540376973028 0.07694462770395559 0.050947187619330946 0.009684384388699941 0.03146478541401006
11 0.012360352808918186 0.06482327899980332 0.014497794672951515 0.0684496114693591 0.024799823075908615 0.040372852220434734 0.014326519791119874 0.08443020811256643 0.05426968898798794 0.0727167571262416 0.0640106717048742 0.07945619211221547 0.07535458745589006 0.06447892133212046 0.07636835883189079 0.007984760395530963 0.042346466038364755 0.03994261712193809 0.062485172933078606 0.036525364808805
12 0.08336170449989165 0.01713603882736157 0.08442354235279105 0.045616600083278815 0.064605541382374 0.07854881878152943 0.07022190329882075 0.045317379560472014 0.02135060461323576 0.008862446135973166 0.04414887010373636 0.10746467002266255 0.06140380259853127 0.08474498349937558 0.012746961421974581 0.04516223630260764 0.06914911774989801 0.026954696798943068 0.013755110735805853 0.015024971230736844
13 0.027812233082988726 0.0868017381578919 0.037598953893245204 0.09579612998529842 0.015130801707285025 0.03464631548063769 0.021922688933109866 0.056001237683883424 0.05680972569936872 0.03174415345301134 0.07324076868057385 0.09571990629476369 0.07284950208799697 0.0698418945965862 0.07342118980606539 0.003342200915322477 0.012112979048375903 0.02258351214182192 0.04781229775920695 0.06481177059256628
14 0.11244602246351872 0.12031136230896017 0.014672732361242653 0.01599629068099641 0.03758543695367267 0.11779900449752394 0.02060469632609625 0.07209858220111595 0.025740830270945946 0.01743703083001553 0.08940254084323096 0.016267202811514548 0.1127104319250621 0.028596996463177454 0.0015554437286437895 0.002876283117070975 0.05878838101927632 0.030611308410981166 0.011969459065268485 0.09252996372168616
15 0.10485212341533236 0.020797497245799865 0.03654234631712868 0.10051154917202658 0.09013854217957902 0.01596307556684632 0.036609525429134496 0.000927417102727236 0.06046440274990341 0.0376027546982673 0.020503359514055304 0.005666886332710238 0.08979702105311842 0.09981479973789392 0.011096028649935417 0.06994952556935659 0.019364317542906788 0.1045272421597825 0.03355583695880509 0.0413157486046906
16 0.035395019165296894 0.07087974557369262 0.0052672618996361985 0.09102537015378226 0.0371353135955268 0.024040940186103525 0.021049553063207084 0.014792055401487487 0.0007931605711905413 0.035750430655009165 0.11204876257884948 0.06699597856006242 0.08927929448672554 0.09015331717121444 0.07472585470918881 0.01791387541288463 0.08144775079091081 0.012962724934973194 0.005677370645364824 0.11266622044489306
17 0.060185347850189023 0.052152582960853795 0.02236962482021108 0.04292877560220139 0.07474851650930785 0.020662021567340927 0.06418609277896706 0.07675281723056898 0.06252967600607019 0.061302036536845 0.03329723626951943 0.08184135876502222 0.0036876006444737396 0.008120964518796153 0.07326804275006464 0.05336640598976346 0.05273200705438791 0.050883108443739083 0.07303330538089407 0.03195247832078401
18 0.011318677456566935 0.03888374657523352 0.04202363591348039 0.01999590248796589 0.033416531274782016 0.007896896068973131 0.07075925740133539 0.0837739548646592 0.03732112602448916 0.09928817812898402 0.0978891903597928 0.0045468147860401485 0.041730730433109174 0.09821008749514717 0.10225566323956257 0.08572072685696303 0.0023694763655866063 0.016483884155753442 0.015848828368611165 0.09026669174296419
19 0.0012102913515945998 0.06718212076108705 0.01599059816932333 0.04528166511660118 0.09274709846417378 0.04384102363612953 0.02868410114821269 0.05629209929468506 0.09564300505364635 0.0008077238435503337 0.028326960146378317 0.08133048209320581 0.053488694287141425 0.04217904419131977 0.08450147648634758 0.09171835211560476 0.046124548523012565 0.04144557824300203 0.020476421553786896 0.0627287155211969
20 0.07838576244714718 0.07543152833686433 0.08187726282392464 0.05854958725342865 0.010515759603239128 0.0700798185103363 0.07870643596875104 0.039707110868598725 0.040726961299298314 0.015973714895551622 0.05842217035390208 0.03733679289803125 0.06969322347032082 0.038769132904626226 0.007730905764801913 0.03156175842350528 0.03912149394279593 0.03781329936760968 0.08297564283920267 0.04662163802806413
21 0.03016552806623156 0.0029208067460838876 0.013119565798614638 0.06305750180182358 0.05333560149996346 0.08958048249785734 0.018097507297240488 0.10121704307293553 0.005333181488565581 0.03620507465324234 0.09441034947889972 0.006341570693020271 0.020536970672073954 0.04276985373296129 0.04343765828049273 0.10501488983057869 0.06746270396176307 0.07706861136229214 0.024697307531951575 0.10522779153340799
22 0.026546628942497225 0.017527232013692565 0.06774323073434507 0.0057511254005984625 0.06746270834010731 0.07826031278796108 0.075781732441413 0.0817863284642379 0.07265030948584024 0.018624567992611734 0.06299026635198236 0.0013348134667271706 0.0940082614844628 0.003301212771243486 0.03722650098950539 0.07432860865611617 0.052310825583564306 0.07678656071411166 0.02155303002892189 0.06402574335006021
23 0.012018625333176528 0.06213847687957499 0.051826327924112056 0.04865158814978897 0.00238083047851358 0.05543774638729407 0.03500499621458845 0.06820774347034791 0.08084266983841297 0.051536138977655424 0.08280883641260015 0.0713247083842472 0.0532023713252975 0.036783797705416815 0.018444680563258976 0.06756119667512933 0.07284201676545979 0.021962059170765318 0.08041422091780373 0.02661096842655625
24 0.09366600269718786 0.012052869773426997 0.0709022758476611 0.07245081853099268 0.09051285079999527 0.07949501496568018 0.005880874172162017 0.06626221659910098 0.009074496476706098 0.02920912292761979 0.04361377144669833 0.042155704150474524 0.03910477168800539 0.08586841326590207 0.04721119289317145 0.02222541936632845 0.036322697070320493 0.055833257764927875 0.05405353483801779 0.0441046947256207
25 0.04978160559309018 0.014619246149763567 0.0617302529445765 0.0627874653574214 0.08612636866215882 0.021890576652294595 0.06915591528602795 0.00392795704438688 0.051546872280695884 0.034360449335196545 0.07852658016219152 0.07991484580168592 0.019458823466734283 0.0175082226017238 0.08407659526913597 0.029824533878476365 0.0457834020776721 0.08374621318149549 0.0393866260625441 0.06584744819272816
26 0.07943622239779415 0.03442427432198595 0.07071813167440494 0.0004358041936635949 0.00969246664936698 0.050350626830126324 0.01130072437174954 0.07497193971388753 0.048278539164396464 0.08349695457005654 0.010055984919789913 0.06381514977996135 0.07955709072024282 0.06725532414782047 0.08430132954748837 0.04536648823312501 0.02121585379825885 0.042626049936280566 0.06795947008029657 0.054741574949304074
27 0.08516972430136677 0.055059925646615646 0.0822168682670585 0.00024019128374128733 0.013787771797996349 0.07428697866027957 0.010715043320078608 0.0463265666643916 0.06722298021921805 0.05354052967340794 0.006985006716285456 0.0590772325923193 0.09754156884077661 0.09971265863825204 0.01880904126062941 0.04828948091514936 0.05081264475517067 0.07311540202325414 0.015296201026579217 0.041794183397429636
28 0.007116424128134788 0.020970564298742885 0.04730075208095396 0.02868639401183208 0.030257833935853445 0.007753685662299839 0.07810213999763876 0.005564180962825128 0.034366681917715795 0.007999534267961728 0.09322317941823266 0.05778733899456021 0.09850463570314447 0.026959756953015855 0.09220943108119169 0.044803091118614885 0.10353043515858881 0.07007996789870147 0.04157948819820035 0.10320448421179122
29 0.03604431086313008 0.023014346346209615 0.01905278260420748 0.017078912808521123 0.06926068562693063 0.09400119338551514 0.05934501384206627 0.053713165051942825 0.05995907727478411 0.004330922962703032 0.06620156263128357 0.025993633367602954 0.0690043952920348 0.08944520007211545 0.04281523275261532 0.0743447036849914 0.08783764093882185 0.0069830748243214615 0.044966414043285045 0.0566077316269179
30 0.056504857523948696 0.03718189898773129 0.0020362450266246963 0.09101093611731537 0.0796347285095366 0.03131823857702019 0.020434075181572493 0.026485476521865777 0.034235515161624264 0.0873280472712951 0.03538870820321879 0.05354715104233 0.06260772543347451 0.03898811372097347 0.07866355259802629 0.06690519293153072 0.07295432199023862 0.04428216598381885 0.03234187858307007 0.04815117063478446
31 0.015167311089442997 0.06970826130247659 0.011789441412593887 0.0477638076367437 0.061880775910108404 0.09598214298527236 0.001997512999281888 0.05721186151514883 0.012438353123884013 0.033821648854328513 0.06175913215806495 0.020387329745163104 0.04943265225255053 0.010190936526231813 0.09781737682643893 0.07479607361047579 0.0667842229064998 0.10423321379737316 0.058896501471385386 0.04794144387653532
32 0.013923395345122824 0.1009522931740543 0.0292380108193576 0.002783665353381597 0.01683418421334008 0.061435775236856074 0.006706242828070082 0.09708020255379504 0.09517228429017437 0.05165137310044804 0.0411937904130455 0.05587437450196258 0.002027527419919151 0.08098107865402768 0.08874666164933072 0.03261482545323516 0.01583886061949844 0.04268492207791609 0.0690951245704339 0.09516540772603085
33 0.024131736360949688 0.0731580960951357 0.06075509202311826 0.019677297845811296 0.028674964483114063 0.010232502030151962 0.057841950647008936 0.06714263192861995 0.09333018730147738 0.08673259883530322 0.022952929707159453 0.048013948099693456 0.04600573553049709 0.054543606242167794 0.06464370771214441 0.03649760134696284 0.06120247998807356 0.06631090039465011 0.07043909726637156 0.007712936161589554
34 0.024769853646901145 0.02021763722562055 0.04678891191436355 0.06719740926288187 0.04734745376506133 0.049127161370148685 0.03380651273194381 0.03882645738747503 0.07172215035945695 0.07631781313513819 0.06928732335610671 0.08100648429489594 0.04905753026214456 0.019445318387104737 0.0705933409704793 0.07814877794272675 0.015635161036268996 0.017632528973695837 0.05098526918804827 0.07208690478953796
35 0.08030248109840353 0.043910287819148824 0.05507291842214448 0.007215383540457166 0.07098435211116949 0.08914307805652075 0.029020682291897627 0.0854004598911084 0.049156156165965734 0.057690784566190076 0.011175584055157093 0.07530172773830612 0.06105166519948996 0.005723954698892275 0.07301598055103001 0.058200504021281324 0.008797356948830815 0.07500247757485122 0.018233260532611026 0.04560090471654396
36 0.09792999935467442 0.047762381385346976 0.08694141162923634 0.0856771840141402 0.015607017692530761 0.010636877950807018 0.048416707523616674 0.07326894489506955 0.05135505664222254 0.0322784802777399 0.09847734689946928 0.003607359320194755 0.019235130372718765 0.028637822298662297 0.08362307073443466 0.036720386967634175 0.019481529455027173 0.08050239095729195 0.04643495580082276 0.033405945828359734
37 0.08382587400294594 0.03943709598332097 0.031323292618143726 0.0171183908359512 0.044176866369330235 0.050480771129094076 0.01633069148833704 0.04535066870090112 0.04045070504514838 0.07201666043645723 0.027115883639220767 0.051179998474571296 0.06902568501236418 0.07698907420557576 0.07564225119855687 0.06318957439408705 0.04667145070216346 0.040520164362920975 0.07472943702021749 0.03442546438069235
38 0.053405636428288106 0.06018290175665702 0.002866802728009429 0.05211977235051873 0.07042873584287966 0.0729762171039104 0.013983757985957477 0.014778488462779078 0.029095680566068472 0.09180597320227875 0.09359823361897601 0.086621132067859 0.02580473717303891 0.00263461856951773 0.03005701288305697 0.0963024480344262 0.015707422389801017 0.03969043515828457 0.07103115043912402 0.07690884323856836
39 0.048779256248060586 0.05980387338362511 0.0763258139131016 0.052288346019953934 0.07467736099050928 0.023292886117349653 0.07753579288567182 0.05009481524195802 0.061338281242671065 0.04767703845590699 0.061671906412293365 0.00515623522642784 0.06492042909238778 0.028631176983437454 0.019180976501365368 0.07880562831887626 0.007430172889560476 0.05537026064691838 0.07705003251607785 0.029969716913847214
40 0.05369945739003521 0.05861143875041943 0.07288849095937582 0.02161250377299927 0.09907576947327443 0.045286370723799485 0.0732636203999122 0.09000066763563777 0.03925138472829291 0.0018410940299313288 0.07863194942728825 0.005991782640647553 0.0011886113848643173 0.04900534535933992 0.04389728821357345 0.0519390877574385 0.018534938946204907 0.03200237247703886 0.08890151825223033 0.07437630767769614
41 0.034430911696177756 0.006499930069324028 0.0648664427837579 0.04868677839652235 0.008762863173180884 0.08227969531839155 0.10048736460229901 0.010115611066916066 0.0304663914323239 0.004068313088341449 0.05379437861118068 0.03610149921433338 0.03360297135494828 0.10468154277989189 0.061047293141366275 0.08139688514280244 0.0756202878460515 0.03641813501681583 0.07988422736260119 0.04678847790277378
42 0.03646528766519497 0.051957846089138914 0.08052730232027819 0.091485833989397 0.01393929529632107 0.04699255632814569 0.0520395010910604 0.0676943818526212 0.04828105123401998 0.07422185641557032 0.025404520728708677 0.0007987635227533539 0.016824043163006463 0.08133705164862647 0.0682951078641336 0.08605055295088017 0.04431470783898142 0.03062454193894158 0.001748477139507554 0.08099732092271301
43 0.05958731858578932 0.09783946084491058 0.037327619169552066 0.0695250985604523 0.01919114759907045 0.06191608695421382 0.07405091152009137 0.0851828652866665 0.023451333324399415 0.05103607842691972 0.0174044650792903 0.003657124421802688 0.04069026093258704 0.09400384512447098 0.017972017602329787 0.019854221280772206 0.11206255808778844 0.09391373212127356 0.001432553743013226 0.019901301334606342
44 0.01957200876732024 0.05220255360103026 0.07189526013442454 0.04323257649430371 0.04685017667242951 0.02745974066511569 0.09162511885033522 0.028464420415340627 0.007027282539567185 0.023330205534942697 0.06588525961395528 0.07289934608541235 0.057836447657140175 0.05247147664514089 0.0677306497711991 0.06910895414305997 0.04978683859963837 0.058431306639791576 0.09028195469242534 0.003908422477427358
45 0.09445481350838525 0.03383946226571869 0.0019749869721439107 0.08439664437150542 0.05655078676612238 0.05364567048502385 0.010124197561735477 0.009897896518710455 0.01814888729206002 0.06517958227407403 0.05518577072454827 0.05300507983689938 0.07556078637912143 0.045949488069312684 0.05748600664188697 0.06741204644218153 0.00943060043718439 0.05865979839347605 0.06096024589675355 0.08813724916315624
46 0.09332137427945665 0.032701848696317926 0.08740038579233686 0.004077108910992932 0.0596983991690392 0.015212697613140367 0.0011436077599964003 0.09007061098854785 0.06896213232357645 0.0016138054532803755 0.02437882749508819 0.021026791919634646 0.051478977916160226 0.03923173616070317 0.09286956356335398 0.025381985796836502 0.04097879779086206 0.08607163971626984 0.09160213572752929 0.07277757292687716
47 0.027899404840691387 0.06623565504830704 0.08301736351605912 0.07102680016652384 0.026717587873067217 0.02950816102999575 0.0473776505429803 0.046255807550523116 0.029280105946586806 0.09214119970749961 0.05050746178038399 0.025070649942061967 0.05898116594779043 0.044965463943229755 0.051956805715947865 0.008124123333784823 0.08583496828835256 0.09188150255302746 0.04333965706222648 0.019878465210960608
48 0.033875222332785185 0.002303103109589392 0.044985116674155584 0.03688875234112452 0.07205354712859564 0.03617843071022019 0.06771323137728001 0.07469402139117384 0.047956314076022744 0.06770459147017358 0.07361495147293022 0.05592060538261032 0.05668567257471965 0.027451990751513427 0.04531932848214872 0.07611065559753492 0.0541973635518956 0.01572284487224719 0.03681580897633835 0.07380844772694095
49 0.03315541327593314 0.03478259417566115 0.08233353515977773 0.07359595605075195 0.07672867841195767 0.004685924756912933 0.09249092951563703 0.00739812074810656 0.02765711774643854 0.03266288684435357 0.06615814647872428 0.034226772790045705 0.002670214871038359 0.0927105732282197 0.050951805408071434 0.055909464426905885 0.07027625689612726 0.0007559273559737672 0.07580646117219397 0.08504322068716928
50 0.04127638784811773 0.0377314218327123 0.05218416944726541 0.0448006376258036 0.07482455826615363 0.047682435898554074 0.06710398198283997 0.049058496424866135 0.06110650368375148 0.021531973706842768 0.04597762499521846 0.07714629660301062 0.0673682650008907 0.017490041839616128 0.05493663221484034 0.028628559919450385 0.036289964752921164 0.06922933980269258 0.055747649975265635 0.04988505817918671
51 0.09876910205711872 0.06629225538953615 0.08016917056698354 0.09691935228720701 0.0442511874045225 0.043530302732076476 0.1011295040669119 0.01018391943703446 0.05173683178412621 0.026688224387768147 0.039391594871459934 0.008813965472194844 0.07583059080967064 0.052927161903387206 0.023339410995684682 0.009073021559270953 0.0028739559631146567 0.03539105029795804 0.04440044617176122 0.08828895184221262
52 0.07200443552765039 0.07174592880419667 0.06393225920137853 0.06444435565436094 0.049694400111604344 0.02826935973641262 0.07615460799268527 0.03875572097069875 0.06564354053566145 0.0411670647403261 0.05879794467025302 0.007039268063279056 0.030993722072179365 0.06069665192425354 0.05425516851236381 0.005575953609435589 0.06393612240939553 0.055087848453104445 0.07870364564828479 0.013102001362475493
53 0.06428368706477995 0.022655544019057672 0.07835085436077689 0.048306631242102806 0.054597155279160904 0.07194757747965032 0.024851660302509664 0.015473679774961604 0.04191067690063757 0.07428071386312303 0.033655154225232825 0.07583262092254207 0.0018843256277747795 0.04421871878067565 0.053497143298279336 0.057604150140804784 0.06681643865841345 0.05553565131269788 0.05674346434272519 0.057554152404093596
54 0.042784807895234 0.040733284908532 0.05551857332498802 0.0387342998373827 0.0747544939155055 0.06211726260912192 0.047841553426724776 0.036747330100263605 0.03115016980808952 0.056192726285064415 0.0784375795137561 0.05835540707597582 0.021718717806121415 0.08766033001805304 0.07379105855382939 0.011267285749831739 0.004605806816246741 0.08425696087452256 0.07397651662313064 0.019355834857626163
55 0.02456216280358054 0.07637554813240989 0.020194423996375634 0.03856212074098291 0.028705679517888452 0.034435525084191766 0.024618862814194228 0.04429117993538849 0.0019420662869481541 0.025279424376523352 0.08860181332843899 0.1062487607173075 0.025186962632084604 0.10688893726038459 0.056774456056251 0.04555003862485401 0.04999580923926833 0.01711688109376091 0.07546884811966857 0.10920049923949794
56 0.04276219018709722 0.08723552165679449 0.09255146710332897 0.002226923959884645 0.016076657004142157 0.0674227158950113 0.049383464918161146 0.09842799399108167 0.08313319737448975 0.03545752082100903 0.005537273767652059 0.0998229836191291 0.06807148894874245 0.026784513465605585 0.00045732508831837265 0.0004180987233660878 0.08465907216030961 0.038060356030878886 0.030396648388559197 0.07111458689643821
57 0.02958137554457204 0.005381732560595179 0.05263616492239702 0.08208882972533861 0.07975658782824967 0.006762887695109413 0.014231574310971563 0.055414978766117305 0.042372384249779294 0.07250627542435395 0.04602576648476487 0.03843007923990068 0.07505204799039482 0.08130485764897541 0.08575607806461497 0.08457582073489081 0.0014664426013210718 0.06924674848873442 0.06386784001541758 0.013541527703501229
58 0.026222588468064034 0.011552760019599597 0.06210367253716848 0.012324394383445977 0.015732188885149986 0.05193330703880667 0.08862962477442947 0.020476359550232436 0.05558034557678601 0.0020139305333795846 0.08935594961063881 0.08564328617711939 0.015576234518854723 0.050835437959373536 0.07767825826008194 0.07932989598536076 0.025077219334746503 0.08422173230721772 0.08774486908859212 0.05796794499095209
59 0.034060330196102176 0.07712925254000512 0.10199074961309391 0.009571335746492493 0.0018433621682255306 5.072906042600308e-06 0.09795375188650862 0.09598586459245416 0.0868509543846276 0.029307105690503116 0.023238077601300478 0.0918220501187841 0.04978539267700877 0.0175704079491547 0.057832509949942615 0.024355228734081618 0.04462651054876523 0.0747748651814502 0.07964094295263494 0.0016562345628221144
60 0.053408723326000704 0.003804132968481225 0.028656382185794166 0.030479005084137967 0.0685925516516926 0.06144753750986809 0.0753059243719762 0.050074432772035896 0.04952171880502702 0.026304017845156312 0.07132549146955504 0.08613702310171974 0.0782559213755614 0.0010754765973788217 0.04164974577762231 0.03905958049580945 0.013228549835324281 0.0764933204406296 0.07748856094049977 0.06769190344572955
61 0.0954592656364167 0.07180685974923885 0.06381457624921662 0.08907518231669254 0.04101646728579807 0.09623196163376506 0.003963892646241466 0.0070705194265218915 0.027752024994297284 0.04049433834499401 0.023385481954775692 0.005715759720087802 0.0018830632988007935 0.02815735259059027 0.06239457042879062 0.025406916667846873 0.06664875300984285 0.08435670478711778 0.06549951166178264 0.09986679759718224
62 0.1027938276921707 0.09465557227956453 0.03423508752584178 0.09082551271650291 0.02338870499339579 0.04326786305212159 0.012992456918815712 0.049120179553781014 0.03393144035238873 0.016322774400833587 0.10627846097615418 0.052466765556347106 0.10762993917169661 0.004028529774202471 0.046734722573051266 0.013915875072603872 0.01871519375195828 0.046936685053166054 0.014922967793831106 0.08683744079157292
63 0.0821943099299441 0.06317389990396506 0.08998377914454597 0.023978148442691718 0.02009324798240117 0.09418765941834113 0.0029854216237550583 0.09762010541543785 0.06265055254753021 0.02521023910756762 0.016371498254567175 0.09389135186022977 0.014301215627627635 0.08539372927307633 0.004680543996158475 0.021876273547369252 0.06076351769544599 0.028267497619082052 0.06077318876458551 0.05160381984567772
64 0.021511191136826445 0.04176558774575993 0.06808376183901446 0.012217864156606341 0.08276440241265834 0.011390217557067395 0.07859539702233713 0.01790938002297756 0.05157542278309342 0.08907598191087364 0.08012630677470373 0.09047882786720035 0.029481526589789114 0.030054836152287167 0.01643746810410917 0.018518322487722724 0.09367162437495463 0.06857496277510777 0.0747270311295924 0.02303988715731811
65 0.0379224493126081 0.013862316985835633 0.05149064402077611 0.0742684607914769 0.0101209039293477 0.061561152754803054 0.018001404670086475 0.05232646761596085 0.02609560389779373 0.006072148449867974 0.07978211604751755 0.07331519472360216 0.0762494196620384 0.11285036191637246 0.008339808572455578 0.04789091194164511 0.06407848450608242 0.11137879841899856 0.04249845606131781 0.03189489572141371
66 0.021176371481584987 0.002774228394892824 0.026759590484181542 0.011821214831020428 0.07799402135899725 0.09668960079112106 0.06816541240748482 0.0874479183029291 0.054896611976184326 0.043759763172654474 0.04594247731888246 0.07076222287808538 0.030927819407941867 0.09074679570641808 0.05838529912156981 0.023672271803590588 0.041555126769803205 0.020539376611376465 0.05262850323474755 0.07335537394653391
67 0.04179435761682727 0.06494125371994436 0.03689468044930476 0.009424595797191494 0.06485083772867693 0.08486670825609008 0.03353959833896226 0.05978543640623452 0.027510300904866898 0.04019582756644996 0.06920444954930807 0.05561422595314313 0.045249812089829755 0.04391751057241519 0.058596130056578564 0.008350358834016584 0.08956863811613759 0.008744479641313141 0.07185988767838554 0.08509091072432377
68 0.07881596474000149 0.05102486915829192 0.09197228564571663 0.032952132154134346 0.020327609144442663 0.03443417829301229 0.0941558602101843 0.08793254716505217 0.038559106203604414 0.048478467048339434 0.006246035192599404 0.00047930414796030607 0.10158987879071261 0.005037120354881554 0.09049876728182712 0.00019391069992202913 0.03401738298068531 0.06086250412660552 0.10009469342055571 0.02232738324147073
69 0.11490077396563901 0.04835544749043334 0.09229186065840224 0.022641954126514114 0.11588991378640902 0.009071430814495603 0.05291109001385829 0.025815230447325657 0.046572259817023565 0.027264076521177034 0.09403894211512336 0.02319476863481523 0.010058760069577385 0.038027227678932796 0.041551774030157 0.014514713288372763 0.0984261110505535 0.009025561797980097 0.09766288480291892 0.017785218890290957
70 0.027257879634788547 0.05443289905934319 0.0877617142264731 0.09683615726574582 0.03900133882075193 0.08643877296397756 0.019255728350986472 0.060320496115541425 0.06909992966636111 0.0706942397363611 0.05194167419531315 0.0054274355927742875 0.026755489479643988 0.0027728661529934136 0.0006621781959805103 0.0858072343805306 0.003955308432156336 0.06803482011947767 0.061501061664085935 0.08204277594671386
71 0.06381037509568852 0.023106879847451692 0.0883208556683651 0.09011321922484317 0.07568838116942808 0.010759097836712727 0.030111122947677416 0.09301792761845117 0.09189101230874959 0.06541002699012181 0.023836965152588516 0.06841211397645162 0.026471978145222883 0.006169999439151356 0.023715653866727218 0.0019752611695395854 0.01005792672273451 0.09270377001274177 0.026742465531350467 0.08768496727600274
72 0.07721765095622418 0.05643805838828079 0.028554848264927647 0.08661076197325644 0.10338200211760179 0.02727965483049409 0.06955082599165335 0.039704776147744585 0.025714050857723863 0.003852832120986023 0.1077887059040837 0.08744099664958668 0.03416075493652436 0.0022908914892707166 0.047580448925874444 0.014854497311913802 0.01908874788227104 0.031731414114742534 0.04815895064308065 0.08859913049375916
73 0.0004161084150494696 0.030453072591588647 0.012385954448488884 0.08827935127576944 0.08825133738187181 0.04904232660465205 0.055070554314659015 0.0472664268056782 0.07251122825814389 0.07058304434085186 0.04885776744707603 0.009516495079503369 0.02719470300218189 0.0754621958272026 0.08091612524408345 0.051382480706075415 0.01881248712328027 0.08677268195401262 0.022915376945027436 0.0639102822348036
74 0.04847238420789557 0.030164417257567674 0.0002668271033940564 0.0010381244340645363 0.00694739853975147 0.02277506424389073 0.0701769599274924 0.08311523975003096 0.038401586589031075 0.05550332035007548 0.04902105723699435 0.08741952735649065 0.07245609977492681 0.07089139384891086 0.07575643240381427 0.08085820704229094 0.053206932002901934 0.027809615839928126 0.058970553506777344 0.06674885858377085
75 0.04061692546698603 0.05389776738186048 0.11659433363560348 0.032207580094068634 0.03154331366018646 0.09725339585919425 0.03813281040658889 0.02126080142869532 0.03627630250826866 0.000662538114096265 0.03554066639704159 0.033570433329799566 0.03969689469953965 0.12152379286847173 0.029561588824902785 0.034804901371527 0.09952155831318242 0.030196824208592626 0.08308934322403155 0.024048228207362448
76 0.05645540489690212 0.004402743124575655 0.061462101626874086 0.06902604943282648 0.061853679386593745 0.0701816501228639 0.07004595247042282 0.05515402900404122 0.049083368365188514 0.037995436632135386 0.006618803730771013 0.04875791324365531 0.07306660931344143 0.03413786654875944 0.07887890056080152 0.047993696929822735 0.01251687906681646 0.05642294548726652 0.07728323902433132 0.028662731031910187
77 0.07066685252374516 0.074707422117804 0.053913150738472006 0.05498321464943552 0.06830209024690304 0.05117358654210172 0.05347740151330185 0.068566490303102 0.07162996863261113 0.02337051845178204 0.044362995168747414 0.042577823898111655 0.012081616021263524 0.06411881742830254 0.024150135160573342 0.05675279669965552 0.056492309990561346 0.060058126100851705 5.721584848253573e-05 0.04855746796419179
78 0.02574419356720858 0.014242617730779599 0.029150187475254285 0.10154800626659116 0.06427792477638929 0.03610089355853688 0.007779687962761534 0.06119112886091034 0.03742632069071636 0.03586051641846394 0.09300655923474778 0.06939809630095657 0.041513661291043565 0.020102875141387217 0.08368792332468547 0.07187823546098052 0.05808879048570005 0.05853961952682432 0.04955292428543202 0.040909837640630775
79 0.029084825900455028 0.08098232678234844 0.0748106385948061 0.026914908983618518 0.023783528504660475 0.050406452017644134 0.07000089433423205 0.03245909825193137 0.028289305881573433 0.06676631739478404 0.017664163902120337 0.07128340436281717 0.08017157397773096 0.08705388838754856 0.04388406864417836 0.0796032032392892 0.03391299608595224 0.04763779146449298 0.04021983511259171 0.015070778177224924
80 0.04595918567071257 0.0972036261008368 0.006795288968387962 0.08285752100396085 0.08037792374397458 0.042101089386747205 0.006401272826610498 0.03191973358212454 0.022066246668951937 0.03404814867299841 0.018015752954014745 0.05769233538192369 0.1081833534786388 0.04976786114569669 0.0436751173876917 0.0003288790596200375 0.09455443869197241 0.08566489987071854 0.04225752968359384 0.05012979572082415
81 0.07902152276544734 0.07418999715429624 0.025841684147466387 0.07144599441045743 0.058726063160564924 0.015489185149187411 0.06455476710424468 0.004522662031823631 0.0743851178321244 0.07089446343555732 0.04411645014767714 0.08433026740050807 0.07895111211954346 0.010988918174331801 0.10998405117824588 0.01833285797627091 0.020911654243011057 0.05266023105258779 0.03125901653709922 0.009393983979554845
82 0.0669807977392265 0.05080234561171533 0.04348864815925123 0.04088043653653221 0.05987664943210392 0.055389700773489405 0.04188512453300717 0.08759711520980129 0.04366294521754785 0.03712225684674987 0.00014551752671865267 0.018190931854071262 0.10400388756570754 0.012358165396627405 0.05175555513250782 0.02642094278080546 0.038189450774981475 0.03524866545858886 0.0955137124980125 0.09048715095255425
83 0.027812700898875768 0.0021701299119528277 0.07944633859937529 0.023950890172876528 0.026082630280240177 0.05954059370706703 0.05913807401580116 0.0025173334419715 0.03795346399865912 0.0669350329946187 0.060384504870489804 0.0742617968709029 0.0616313392368052 0.049490946470396674 0.08058697813438306 0.05570031879550245 0.038102743906506434 0.03678692447196331 0.07444646674058164 0.0830607924810302
84 0.033030794108395455 0.07408142256035205 0.06369559741802619 0.0851105415815535 0.011638613164501732 0.002379651599231245 0.08199741530491861 0.06908333642463613 0.03367813470578637 0.07258016902738908 0.008238416273501454 0.09516654766943185 0.08881927833670109 0.012497942820275169 0.09148596834861274 0.01764653059964711 0.015882148570000386 0.06567134646962523 0.026737658002441888 0.05057848701497282
85 0.07724750484049511 0.07279269919205364 0.08023272853761011 0.07445327539063822 0.02223165777093031 0.02242011513150225 0.03559983183569408 0.06936798426329233 0.06599629008657912 0.06640238089782587 0.07886412848000164 0.034028123593970214 0.002933606106442862 0.006023399423200839 0.07440431003043348 0.06505385733642917 0.06885180769476958 0.007690612093015384 0.024239374408583612 0.05116631288653221
86 0.062109669301496154 0.020791735658536894 0.044359622824360886 0.09720621594025212 0.05572458714260123 0.003986915795821987 0.07972693739590188 0.059441790702495396 0.012113480035909159 0.014936124229643024 0.04396923864791378 0.018025156255014354 0.0940517658537655 0.023947680600793955 0.04356367604848221 0.02686653593986662 0.08060348225443816 0.024430942118398906 0.09490408249399325 0.0992403607603146
87 0.0006863709027484458 0.02968076814504338 0.056691072718034675 0.0009028594921829358 0.0791693852410262 0.008050227151210128 0.057471445163284354 0.08065179062570443 0.03876247998875422 0.030757274319726687 0.04466034700277491 0.049846533283188055 0.07545097093883078 0.09109329588948835 0.0728770344347444 0.07387236746387275 0.04533082904223227 0.06886357113582611 0.07784732311966315 0.017334053941663694
88 0.04244885991815246 0.001451626805570103 0.03469395850094142 0.09266309039368922 0.07993818385952556 0.039215395064141706 0.04214677259084294 0.016063882839820572 0.03567945597482869 0.07722656507834269 0.009849068641454246 0.039482801991370525 0.04929942686510399 0.08441935424822561 0.01132997712602818 0.03588826893976824 0.09509750174608962 0.09194699375141922 0.06324056100407954 0.0579182546606055
89 0.05780485950798183 0.04418217037058356 0.00034266916810225833 0.03502608879970389 0.11036380821561885 0.05981735011249324 0.07257376960676572 0.09099504845409477 0.07070752532703209 0.06924874076839883 0.07710938105145673 0.015216391587074765 0.006660408075673606 0.03454588575030894 0.03366946792666685 0.08133118169308995 0.05665691600223087 0.017349178424814163 0.00019346232555709478 0.06620569683235192
90 0.04163708260583326 0.05014783881422435 0.044957190075994094 0.08905965823127607 0.07815660900113255 0.024638319941232868 0.07858598977744585 0.05633376770958262 0.05573921904625295 0.055067728799499845 0.006636296058169185 0.08741150965660405 0.05545054165825279 0.08782578860760944 0.013464127036279378 0.02990656233618054 0.05885391890264757 0.015509840113164461 0.009592735440330383 0.06102527618828803
91 0.09267980644742947 0.07965832905968023 0.06085006403108459 0.030130338235652376 0.04092080586676929 0.07850313703876245 0.0737547735287567 0.017515868623166658 0.031273780974945854 0.08577207516771448 0.02844499911874321 0.042217019426727447 0.004741557053547408 0.07189496136973049 0.04384597862354775 0.09757030013563528 0.022801925666199256 0.020396211120490438 0.015675903246022842 0.06135216526539349
92 0.049504338715387536 0.02292753909459115 0.0443442029721402 0.025691953784121112 0.09765129860166571 0.01737119521025905 0.06879186515421735 0.049043327407368054 0.050890311446362774 0.035188266925073625 0.03569056987596497 0.09128500607061607 0.015389088693604662 0.00952600571537484 0.017082013282006064 0.07644840887547227 0.09177828335705894 0.04560995272897694 0.08354272734287543 0.07224364474686312
93 0.07465747018768326 0.01500249853146182 0.033587288590800735 0.0688350397918992 0.02508954672880467 0.07004903270827595 0.06982461669240338 0.001042088157695242 0.06946784410031029 0.04740887050679708 0.007902559805905892 0.07670920047450405 0.03498256710228597 0.03790065048386219 0.008470331435972062 0.06452205863474375 0.06763654879945241 0.08106499029411347 0.0805017503081306 0.06534504666489782
94 0.08570805355316019 0.06582711089044134 0.03367355249201466 0.0460621576466715 0.019806957507636107 0.07553621561295396 0.00713079421432589 0.02306597701722042 0.06135878357750156 0.015685780448620724 0.09005289461997297 0.09193805301423885 0.07759900744204964 0.08162420943680197 0.0010076574204402591 0.06474755268798399 0.005635869084795523 0.09259025140120003 0.05781383643729583 0.0031352854946745225
95 0.00018520711301681824 0.012530164924551555 0.04850472319489591 0.0076381794118206515 0.04003861227642105 0.01650062211314367 0.09868791987647248 0.09610401857194728 0.0639099482440835 0.10545431486956569 0.06072868302113659 0.018471878815443554 0.04922934075232543 0.09863863599356013 0.05488615400643712 0.019715604091124377 0.026416835246177398 0.10651856022095174 0.0005240238381847139 0.07531657341874035
96 0.09783793174787901 0.07540621305348462 0.09376032209016603 0.025210889129603873 0.08029006974193643 0.006578384800786586 0.09591966135271995 0.059767634338138906 0.015230209600660884 0.06193961670408443 0.049228059691947386 0.012096398732916602 0.003057060016765337 0.03661180721722127 0.09147574483121475 0.08106617779551104 0.0835176463095203 0.008960246446543743 0.0016132259653836103 0.020432700433515274
