0 0.02891993771439354 0.03330884184916631 0.034731882368891985 0.04187066481973885 0.005784853724903494 0.0472507943147887 0.0883695367402729 0.009631330677955012 0.04443586827363596 0.07414652547318956 0.06636303603760949 0.03876342377790994 0.027311023355130293 0.0961690200284241 0.09627733775471964 0.057855432072006316 0.03901227273806914 0.022828964260736686 0.08468972771231066 0.06227952630614753
1 0.038597312373399265 0.07080444855782492 0.011798015488035468 0.02847877780978795 0.039948070626679155 0.011313755445687445 0.1178486191893531 0.09376007667967833 0.07862429918631098 0.06577150607482411 0.04550954374539703 0.0252069862723726 0.06921404074227958 0.017983835417805034 0.052478343804351596 0.09042464751107626 0.03553735906224568 0.014421589891343397 0.04078535098081242 0.05149342114073583
2 0.07194745669581609 0.0654835722668636 0.02021644998682531 0.027737809910402814 0.03661458815995888 0.08085441947454906 0.03040670583986711 0.08027900864147582 0.05125742629181081 0.0850050465310552 0.07892312699152343 0.043919168867247595 0.04427291766803257 0.005571637479761136 0.014051150957147051 0.011524150359373448 0.09870276363573706 0.025232625512612815 0.08871487111078166 0.039285103619158594
3 0.07269813907161488 0.020393342707441895 0.017241944834532587 0.08186487200600992 0.07072139476881209 0.06640649349072314 0.035540159014917354 0.10283830584738056 0.06992113892700523 0.020708694227303762 0.053568096805515664 0.0438293841390825 0.04125948502328665 0.029653774162477643 0.017442734494172413 0.09032440517762765 0.055133039814291906 0.012543457676899914 0.07499498396345475 0.022916153847449487
4 0.01527118337666681 0.0682958150668944 0.021458764700864687 0.01600067948236852 0.07047708691242889 0.04483219119536082 0.03444601354310357 0.025432280063669096 0.06489452423221449 0.09965584528739559 0.0481034581174272 0.027120644783031705 0.08796868938057999 0.07656886685958095 0.056047050834256866 0.09826183178758177 0.019341577919981732 0.02576825723492185 0.05112684552481536 0.04892839369685565
5 0.10705235409436116 0.06839967155324084 0.010962645154356132 0.09782661299619107 0.0777377542701452 0.002874660214478517 0.09148997068165986 0.006402971611784457 0.05801081627073329 0.07109731187198837 0.00867075642621973 0.03032822702668154 0.09747152633819416 0.028487611175402078 0.09868876017702706 0.00048206459746738203 0.07758218047688699 0.025013951977394012 0.0005925612945986653 0.04082759179118943
6 0.06237718551552518 0.03644084442594556 0.09280784055759636 0.025476781010015475 0.02259642117752991 0.0924104390335588 0.0494066613271041 0.03463603299785491 0.0678267267951669 0.07213376183799536 0.023365457006122935 0.09806790521433195 0.11373490076364351 0.0017451324431402607 0.08582036814918005 0.00013220151254169832 0.007133438991236672 0.06648915095683977 0.011589276486192051 0.035809473798478444
7 0.08105956496163821 0.001339689540520661 0.07774790210529063 0.06523406188448057 0.0343509412380659 0.09375415298743778 0.06015095234662982 0.09094872776302251 0.10011703939773463 0.017077757229388892 0.006908990992758676 0.006574555870276893 0.023653526902946167 0.06663234834671848 0.05678877106575061 0.03544669449388624 0.07691731246020735 0.0015348127053711595 0.0998607713059716 0.0039014264019034323
8 0.06862379291153983 0.0410492575300918 0.053846092265906406 0.038681204523939215 0.018570010295518545 0.0593036031061517 0.0695923212983862 0.07453260851204728 0.0869413033276247 0.02003170062325977 0.031292820873868664 0.055976881459326125 0.07811681100742524 0.01980018279671241 0.019010410812588988 0.02453783851708176 0.07031808738723956 0.03378282399798568 0.054054195921964865 0.08193805283134106
9 0.062327637728923004 0.04460387304688061 0.002782464445272709 0.08259633762660923 0.08568280164908319 0.037131244205738725 0.04318176740437767 0.09723691273174707 0.0785613957259318 0.06835491967509646 0.07305865403187844 0.06463233960015852 0.013845666127809794 0.012391328907177986 0.02098629219365461 0.07726513162825827 0.09728521121907613 0.009447603642999697 0.022081473371484972 0.006546945037840863
10 0.013662279105419178 0.05973185960604707 0.05268883595185601 0.027315434290210838 0.006003121626374658 0.036001012544462266 0.01961187498524307 0.0256880979393451 0.09844613043835955 0.02534362463210672 0.08452773461019401 0.06174081802961601 0.08982725078232014 0.02782316504759051 0.07305725658840721 0.08019753819007111 0.033935187219264626 0.08101854980713336 0.016893425723126382 0.08648680288285221
11 0.07815396233613135 0.11860054683861447 0.04093715140900018 0.07062672999026193 0.12311009059032454 0.060113227504855704 0.0004885034183858446 0.039541135850639786 0.01801341556409306 0.010173780510798537 0.03205185467504928 0.0064089635933423 0.05050011603775642 0.009569953370528704 0.012049227535992288 0.09564823514626487 0.03464218102835743 0.002110319333858835 0.06350612373794892 0.13375448152779557
12 0.09143533464231382 0.003076756979624208 0.09204214636015841 0.03343801361926302 0.03903358291802411 0.09751567766853428 0.02101166583631617 0.08231649205358019 0.03901599854388872 0.0771535695194661 0.024717807279296695 0.03340667280616984 0.05612828535714318 0.09491210450534654 0.0630123484797005 0.031274821097189216 0.0354104866266011 0.01624918101392732 0.04039186309698269 0.028457191596473974
13 0.09590275380305022 0.015237911429818079 0.02806403702728868 0.03724333570048935 0.09731230824431307 0.05226198135960462 0.020141416433285857 0.05427904326552864 0.04857341421204868 0.016060725129185407 0.04119061744084577 0.0734459919880137 0.0038214697849822186 0.035239990829839585 0.010060672958406796 0.08251137133452166 0.052409875850661626 0.0381065859057962 0.09727938864457547 0.10085710865774433
14 0.11401714659753251 0.06009834166200302 0.02849019184413214 0.021900233150307202 0.0445398330483581 0.037617514282204674 0.01616437965958644 0.10867457756399539 0.07204343799527302 0.08282405998129375 0.022919059551745065 0.019786634901959945 0.06725409446695449 0.06611525854871692 0.08119458914414579 0.09241089711279689 0.007397604588090826 0.013721710550356746 0.0184669959823314 0.02436343936821589
15 0.09498782311947039 0.005609139148534325 0.04020388936811919 0.0940864733455362 0.07648261741573666 0.0432574396305174 0.004907967912122105 0.004618527244135156 0.02254527255954089 0.048078846226019475 0.0316309167518091 0.03424086454466233 0.09413857559259035 0.0838558465023048 0.027819458690523026 0.050098988962567696 0.011398607213390546 0.08969210526671276 0.08272800240025929 0.05961863810544824
16 0.10212699208622052 0.002393188032318299 0.031128781618630037 0.07519813360404161 0.019830627950040865 0.038236718996229144 0.04188051502097378 0.08797398319272487 0.09067573662104685 0.056520294362514795 0.04915923790218536 0.01814702865038946 0.05770178261736951 0.08067813561470223 0.05714075853873655 0.03383118977580046 0.08486639686150317 0.04203387300781005 0.018413549680765785 0.012063075865996588
17 0.08147574517729465 0.057237568888876364 0.06577065167602218 0.003673799523464934 0.10740254083677428 0.05976081213819862 0.013298147937229547 0.0012150246362309795 0.02024998056424954 0.08678857377202559 0.09277591957418145 0.016614398532246416 0.04751274801778314 0.05031457078479745 0.06256608469017 0.0773564319148228 0.011980748758904302 0.026850793224224487 0.07086040387803585 0.04629505547446717
18 0.08470910653924671 0.028241803246661302 0.07178277455608571 0.04460736426718375 0.0626239419706277 0.07617119301967838 0.08417917044145908 0.08155266662144077 0.03398754788495941 0.03588137141422246 0.008260796654572434 0.054178191173981115 0.05332518891034495 0.05005057644088823 0.028010499277176266 0.06694859594801186 0.024494349924240644 0.00913001886760802 0.047027677098766464 0.05483716574284473
19 0.013286823779273952 0.03877032127055194 0.09611442570662156 0.0412837858959036 0.0627421902385676 0.04998021319304227 0.020217217918645898 0.08365025060125084 0.018917449030181412 0.04168937614578777 0.04461159759233984 0.024112845967805635 0.1006709935744487 0.06356632305614732 0.029064814920698994 0.036755603337389364 0.06653534685043594 0.04235924020437479 0.10283787056446915 0.022833310152063593
20 0.06387514411812778 0.028441287410376794 0.08085126709129507 0.05676741766630229 0.04518191186410727 0.004001663934473499 0.058513525245433795 0.04554890204165479 0.05079635119851372 0.035929391200679325 0.04851276726985518 0.048087317455383666 0.06970093879111249 0.016666087827230277 0.08532528634674412 0.09096115043471843 0.08202708588172739 0.07561090068416172 0.0041571580304720235 0.00904444550763022
21 0.009384634018428447 0.0602710534101559 0.00390937427825294 0.03758476151201197 0.004370539010867114 0.0595050276019926 0.0336164151570512 0.028089865780747448 0.008988238215796838 0.05308358109530752 0.0951274527408091 0.06852659248976924 0.0818395556861908 0.05521833592780254 0.04642929071086041 0.08014794606099324 0.05371769934395674 0.09492507166487661 0.06310715090560574 0.06215741438852352
22 0.060955365879743595 0.03392076346297611 0.002193946291606019 0.07125207020252777 0.07593806910103086 0.07462673541940724 0.08921091389197539 0.023323400394490972 0.009242230755324262 0.06666203696717243 0.0822777974629975 0.05485477997705856 0.027338948480286545 0.04169345298108835 0.049792366715635555 0.03929981493958859 0.010334260045755168 0.03791936873636037 0.06348738918364585 0.08567628911132892
23 0.02693516125686787 0.025450217647257554 0.048558918101500766 0.030066377492269137 0.10022961765733562 0.01784367214950853 0.07609823541297725 0.06565140871717443 0.03972962532388069 0.0683550758042341 0.03129879020861819 0.05112077457764307 0.07515281480751665 0.09083867804256963 0.07187620840088334 0.03907239373089578 0.08147611556814609 0.007426329230838451 0.0490115313751231 0.003808054494759564
24 0.0793397866533539 0.017127237830907402 0.022049390544591145 0.09704756173980796 0.005764741778311049 0.0933351154899492 0.008228730289472571 0.033681860259271224 0.008659983323989354 0.017943010308168868 0.09565363805832562 0.03960242730210137 0.08225035411794109 0.02659129520187092 0.010234190259777261 0.05200581465739057 0.10237776176913317 0.06976788310649973 0.09646858710240988 0.041870630206727794
25 0.02427312445431517 0.08714835294787401 0.0026057128821370132 0.05221672679529874 0.054607050746034065 0.006050951383072493 0.042724625458777574 0.06897932660529743 0.07283035331825571 0.04071540858834615 0.08120383753065874 0.08489389526104688 0.036895797900491106 0.0627597654663393 0.03859395426621195 0.05185222198451573 0.00252938303229805 0.07957612509780165 0.05271634646892743 0.05682703981230114
26 0.024802258409369466 0.04946183556448202 0.03133201698605284 0.014337646364960658 0.03764354483772829 0.012150508980675276 0.05668577192330773 0.010791028802235541 0.060427995942247306 0.06989677226511971 0.1176360737727711 0.07550017795670459 0.04155103376631255 0.04906203798687031 0.012420992805806644 0.07728326153830335 0.0934681174573184 0.09430260557454773 0.03765302012059786 0.033593298944588755
27 0.03365315245860808 0.05212286371117843 0.07307807477467058 0.006942144068196855 0.10721675816844038 0.08454383171067918 0.03444400749036333 0.07246421049895194 0.03445144291920676 0.05407258947197688 0.06574781590862927 0.06524281724402788 0.004236916355330581 0.06559501332642607 0.0747093533409314 0.022898882816511687 0.01597971041516492 0.0845632567289807 0.021433654317324972 0.026603504274399892
28 0.06745269289084663 0.008492950982872673 0.0449292691217214 0.06718070522996891 0.08647572129695737 0.0079687270896359 0.003959310607998042 0.0785655955777746 0.028162207202634595 0.08887418138394722 0.05439587160315656 0.01824246622665419 0.013525522362624423 0.05893577646890856 0.06691276915746791 0.06874850137185937 0.07915137147171866 0.0018199100470178448 0.09476110998999365 0.06144533991624185
29 0.061282175064535656 0.09500184986444771 0.014643181874734677 0.03648751219161952 0.07311295304130305 0.05062654432377399 0.0870837380004285 0.0034152958390047078 0.013015963454052946 0.044485968309470346 0.0852165873883948 0.07938049895313284 0.08503954533358378 0.034970919198929175 0.07907091414623123 0.027607927047973654 0.03710201098821792 0.029125640287023708 0.05986701098829189 0.003463763704849962
30 0.05817968937438452 0.07724782735840527 0.10427049884477674 0.09171174201208226 0.0698496971362905 0.03150638470803146 0.06649409260529533 0.006763139565871751 0.07594501421122628 0.05401414570114483 0.036169234945768125 0.011658082589041552 0.09042670934479301 0.05972306463447814 0.0013557041218296199 0.03304320889655825 0.07922016849953648 0.01580956536310478 0.0175523265389183 0.019059703548462825
31 0.07488251280436428 0.0176607138614694 0.05587288873095758 0.09561447763175611 0.018367923484399033 0.01788659833659635 0.0946415471124171 0.0038246659258385366 0.06943600410552622 0.0933264386601682 0.03083328249064474 0.06649012903202214 0.018037852991957874 0.006419272549956468 0.015395771664199394 0.08243067333524526 0.09281129606153413 0.05521600183757552 0.006895052264595575 0.08395689711877606
32 0.013484951689823403 0.02698266225354481 0.034706365503258924 0.026009850392645223 0.03673625177141433 0.11859966065504073 0.003934889478950191 0.00846267863141399 0.05676379530365285 0.014701716669121097 0.08550833386333251 0.022468125457705334 0.04110016205056724 0.017986884923372092 0.10989855892933925 0.028134451422152238 0.10863836748780009 0.06494398828951899 0.09440268794588871 0.08653561728145796
33 0.027560236596455744 0.09152677801891443 0.01151349277973125 0.08929643147371094 0.07911680262353456 0.06283372133856163 0.016832444387301762 0.053308423491178675 0.06378601882187807 0.0076533815956091635 0.03739371525062654 0.0467119000858587 0.08377791645833765 0.04226746534467589 0.09633973975735177 0.057142214060100296 0.008281469131303806 0.04679393923654883 0.017544334114052457 0.060319575434267685
34 0.09355907639732954 0.09574754865882787 0.05886308513561326 0.015072905702537918 0.056058660375124664 0.04550875775310109 0.041301592141215225 0.031590005291493854 0.09071053066416188 0.03453884377337111 0.08548733210007628 0.0063289852259343134 0.014483729484508765 0.07619290520063218 0.013461343339886515 0.020884744555136073 0.03965008202218759 0.02928062002903608 0.08439725388182137 0.06688199826800435
35 0.060655178294541125 0.036652117059821424 0.06856713244587304 0.08823714840483028 0.08554522643003966 0.022687631371146818 0.08609514259976228 0.08549362980584042 0.0153431364244511 0.00931000502847065 0.043976486307396194 0.03327239479786572 0.022071907276684233 0.07497557408379006 0.027330799538602204 0.05092184883036461 0.006417245969776792 0.08428017450879774 0.07692157151778804 0.021245649304157347
36 0.08104331994510622 0.03715969819001236 0.028482581327220705 0.0968431053039076 0.00829841336768058 0.0213357424946504 0.09441404437827124 0.11207069958161227 0.026341281748789133 0.028158118646012982 0.02541202616153034 0.026417960288167088 0.0042154180952846424 0.12863639920590397 0.028384533907374557 0.06755877664806857 0.080441492801814 0.034476604571758517 0.05686292636145894 0.013446856975375768
37 0.004341773488403061 0.018473283844938154 0.0077828810164122 0.09149057273264691 0.057771895244920095 0.07084668741214341 0.06943624747954105 0.026112322657827612 0.0845663760448529 0.08146784032294038 0.044589395914983114 0.010597801876073431 0.07933787688985323 0.029659048322584827 0.06991699306760374 0.10010977267952521 0.018727908672070918 0.01723207908962666 0.06355309950393102 0.05398614373912196
38 0.04266339235366182 0.01297087138315027 0.07452784851113818 0.030102590216505742 0.06064907835777284 0.09053502217347206 0.07009639143295843 0.020796993772452317 0.028837699549052437 0.06361624992614297 0.07804384414701042 0.005546412937663892 0.08323045167158946 0.04818615806891775 0.033856375131588255 0.04529551620305668 0.09236547138933608 0.06446666750133728 0.029392422392247423 0.024820542880945404
39 0.05682292384031445 0.09074257437278889 0.01575702195590017 0.09642391645186066 0.07489658108481463 0.10163318396341507 0.008000049394078931 0.04077191556378157 0.08004783643421393 0.051672613315722316 0.06569953923416215 0.026540325721920378 0.022356034622040753 0.0014534272003317934 0.058815826765513134 0.08953219319564043 0.019655212216367807 0.06783368703701091 0.015203258778964572 0.016141878851157684
40 0.04912643572952445 0.10323902373896106 0.10581867237651865 0.02402186025731808 0.017834094583659612 0.019600800393205768 0.00791014073253025 0.019595337805137496 0.08162980212094938 0.058394480457083654 0.026480733555112965 0.005327502030785771 0.07638657452132226 0.07677071550262093 0.0837748251671033 0.026222335610093423 0.024018909583061115 0.041494723058218524 0.0946743843961396 0.05767864838065371
41 0.06642988355675311 0.008809365910727859 0.05498776768091903 0.023604020147662053 0.06374092444431557 0.09595588563282156 0.10706760263199648 0.0025084989188449763 0.0880192918889719 0.00583687528967997 0.09082597319341042 0.07667053081034535 0.04246836473991999 0.0019674355797704808 0.02101892621187788 0.07342709737178335 0.0109008395479411 0.015997336110640113 0.0753331955036399 0.07443018482797881
42 0.010060206899529111 0.01102156506192834 0.003978355508366633 0.08312551196586658 0.07047174452796966 0.0522015918141075 0.03851871252737921 0.012769281570969708 0.06185008102651429 0.05188781779538595 0.08428136367609056 0.09288665373708405 0.07896685297904149 0.021366879879124594 0.07684242327304533 0.02009290607533686 0.03167753976050615 0.009306932973687461 0.09495406553212035 0.09373951341594618
43 0.02248702836102513 0.058105318869866814 0.06781785717498376 0.07457077545062005 0.015248798170057648 0.038126856946678965 0.006720328094174394 0.06251441001116623 0.08085150605229491 0.02681958748820813 0.0913201545942516 0.021580881434717418 0.0825868181061086 0.05537605118954237 0.08066325317309156 0.09192280204378689 0.02272571813383878 0.004651716851486347 0.02179258466555434 0.07411755318854595
44 0.011139600516517025 0.07789013795665235 0.0058262733248871865 0.06488036325157455 0.042763316724511544 0.10020987654938386 0.04147819862126986 0.051706120536007254 0.007102740176938927 0.021853335872498564 0.0808766102879748 0.047322800052589264 0.043567866400900844 0.09362122904318097 0.0025624946009119662 0.011353127918095632 0.08142103914449526 0.09573276137185434 0.033685277224290607 0.08500683042546539
45 0.0012869123844721636 0.025209284726532454 0.020360793290649697 0.03843061853571414 0.047361186030712495 0.02328238861685513 0.06563848196608588 0.08549799941914213 0.05217209435017469 0.017294426148466328 0.056106089892757886 0.08153971330438524 0.02851951803672712 0.09597749798120044 0.09939344405916055 0.06468257183537177 0.026223989757021494 0.08616154329366117 0.07760600473324482 0.007255441637664453
46 0.05602249038902094 0.00939581012455842 0.10210456653160808 0.06987728984270722 0.02116754449862664 0.0073168898933559144 0.020916192173505176 0.04382616957358176 0.06522992227397391 0.0037137421022806357 0.021157776202773326 0.006450567638845958 0.06843190251036879 0.07227413464739184 0.06245662521245064 0.07393266124943526 0.06360776848478451 0.08530037978652359 0.08766281822265932 0.059154748641548044
47 0.007527466136936475 0.10493090748786518 0.00993553610628686 0.10537493620954043 0.04515022112785574 0.10815320446520132 0.11562381278069037 0.03204676571795392 0.09399722348608733 0.009199024419965496 0.0030302050081950464 0.018870318050382355 0.08393480978603984 0.03641703494327231 0.023553004878475853 0.06384969710222692 0.029665685956497552 0.07729538306848992 0.014914077404999204 0.016530685863038082
48 0.003459108922668044 0.06747482617329784 0.08115275904172208 0.0865103705827029 0.0954000166589118 0.0673843749583636 0.01207969923399556 0.05058668944363405 0.04928488583308651 0.07288782481827623 0.08043562944769853 0.001720723248106928 0.02825133062711378 0.08057283030565418 0.08063383860270913 0.03479309440861316 0.020325139829589507 0.06558060083444298 0.005583246051081036 0.015883010978332113
49 0.07237503384538967 0.04277926403922677 0.029351389654232736 0.013550415514131168 0.05078321499191642 0.06339061138605392 0.015931918203904265 0.05528066224230399 0.0869520841882028 0.07908922983139494 0.04946051727603199 0.04865594304950627 0.03354412141921881 0.06019828045825955 0.040544065351951424 0.07540382557208337 0.01087694337914302 0.04267914324526763 0.08047008773242438 0.048683248619357085
50 0.08397725922130714 0.03650471574194235 0.03530759969301 0.042943370751696644 0.0252877953765901 0.03696229838309538 0.05588871202704169 0.08776182841790049 0.05455257245482202 0.008800302850980893 0.0933049889974151 0.08611148364934604 0.041096202897305575 0.0013994010801334062 0.10134792631206653 0.05057386339223158 0.04248749284940783 0.050222816964356966 0.05257718126120529 0.01289218767814495
51 0.05646959322226733 0.04521629862953895 0.03618103319707413 0.09133352452192164 0.022656838736385656 0.04185020788410357 0.06315756693265344 0.07471841345604524 0.07385473715879294 0.06856952132028611 0.0181660697620019 0.07385881877913691 0.022715141612491 0.0038138901243026943 0.07245925888378968 0.016512892669428 0.021594141961611763 0.0643737868263193 0.06642189381198574 0.06607637050986395
52 0.02464642030602778 0.07501908840145055 0.08995972799977212 0.030610143789695003 0.015021505486016393 0.059043036142476434 0.06259162539963177 0.06885967014328179 0.007240286054054175 0.0846755397384368 0.026523744758691837 0.04760382846182546 0.0668486685158789 0.029639153118970314 0.07163423332280552 0.06170489121293488 0.02994135988289852 0.06596650855832666 0.05242838172823972 0.03004218697858529
53 0.0775401678983987 0.07857507508442407 0.07970091824605974 0.053899415321220806 0.0354758325332364 0.0526632592422366 0.05902881814360647 0.002173284675789635 0.029745483867289594 0.06646255561975327 0.05621751955535244 0.013291247138662594 0.02337131712802606 0.012687608226269222 0.06950069470447674 0.07778192274879733 0.05369707764214659 0.05777181942272134 0.03437792405094466 0.06603805875058776
54 0.08493195909747618 0.09355992808861616 0.09198685673411272 0.07357161887706261 0.05054173610650651 0.0404069663405594 0.0016836299113994133 0.08746095688141688 0.004849581951237054 0.02696436145200203 0.06906391295482318 0.006589489095661032 0.019186499281072574 0.03593331805527605 0.09048484458367151 0.09317249230203517 0.04274601958135083 0.002311662500587445 0.05944237047387197 0.025111795731261245
55 0.011535627433441697 0.08884706902115987 0.017357461963648523 0.06956559926971935 0.1028287308558557 0.061978308492062865 0.023497495774134236 0.05514571997080316 0.012150321167448306 0.048640516017551406 0.08740154565494558 0.023888208747339646 0.05377392059070983 0.05408522259940303 0.06047644347403653 0.061067112739390535 0.08543310638560885 0.027785385620283567 0.011059141556513438 0.043483062665943976
56 0.043318514766223434 0.08178599002757493 0.0523772924964657 0.008392182800260795 0.0914206828301837 0.10254669212991381 0.002225784874888674 0.06238531102422264 0.028658934253033137 0.06255761769546314 0.044508440411950664 0.03303543480984437 0.025921893008379916 0.022488235714095393 0.09832312555601357 0.060331444370475905 0.0371505665405843 0.033934903442248775 0.040443039142436805 0.06819391410574002
57 0.06825406702688497 0.021494454249538907 0.06255519773211056 0.06296927014703302 0.08113476556788882 0.07788478756639955 0.05043483367621792 0.027280302461531247 0.031252892185473634 0.023989206758989055 0.07319527380990498 0.02664777566888985 0.0451163517230039 0.035530471483272666 0.06725032568585315 0.04347685152685031 0.047739772330583435 0.03360587219236818 0.08132818038670124 0.038859347820504764
58 0.031789418144097616 0.0995929420960794 0.01817786423048329 0.044993629140764616 0.040368112874545184 0.07594701412963803 0.0913295694696194 0.011370001763894919 0.04227837477820744 0.039274566805914145 0.04698563068158548 0.047700352656772006 0.015511629579269407 0.11918639378863857 0.07177816443365408 0.08144116411717839 0.025243082885673618 0.011002948336950723 0.07021554215742778 0.015813597929606075
59 0.017819036880680955 0.04458834320155517 0.009268541534740733 0.11187040073048213 0.07521502794119776 0.034523117368311686 0.06452857640757023 0.1122063093728973 0.005303083969502664 0.00987055997146208 0.11302113110259258 0.08647660143279673 0.004307325523421885 0.09169101424052277 0.03492355844386364 0.012080976974042531 0.00430160132584188 0.016317220026584332 0.08965118921557738 0.06203638433635558
60 0.03657971170050269 0.053151284970989345 0.0802768153611725 0.05975379279455045 0.06142536013281782 0.03940610928370858 0.009231969370468005 0.08018820894287326 0.05194486923944924 0.08190224551927591 0.07213132503304348 0.016049516739685323 0.07225042715609337 0.07624089520382492 0.013755022339462155 0.05993326053767118 0.08458944456639904 0.011762575820649686 0.01954065605968668 0.019886509227676225
61 0.042514825101444824 0.0849824153062072 0.08730615944489757 0.08432780722435881 0.0029429801944463835 0.020754641172421696 0.03194456337910403 0.06581943982038835 0.07274395639850996 0.09514058227757623 0.08027103357875999 0.02410709893595071 0.056087238974686975 0.012145717818568467 0.0187195709101291 0.012366483711907695 0.03445696385863347 0.05968835408554006 0.04344866294133647 0.07023150486513201
62 0.052524670056741066 0.0006404543597970335 0.03913033543776316 0.039388292549312476 0.009237117202566756 0.04833515814923397 0.04815312885924363 0.07644160362571821 0.09353332715902467 0.02657540161901879 0.0939592269695084 0.06660053936661578 0.06108171122929384 0.021626371363900068 0.04406815678176483 0.055030268054109016 0.06251249023047888 0.07555686618142565 0.02669793074622173 0.05890695005826193
63 0.06084306254489745 0.08000539766985401 0.053210671607292086 0.06099982936470152 0.06240642996448673 0.0065086517239787605 0.06105696173973411 0.012564108985050277 0.03798366407728678 0.06725869972759574 0.03232822571154367 0.09212323406152796 0.07288597938220406 0.02398753363636853 0.09330541925792814 0.09240749471813589 0.01145598560676744 0.05804492881452754 0.0007339890353217277 0.019889732370797737
64 0.06733741502413666 0.08999279946259672 0.011292332464183515 0.07846533147489271 0.07050924264171032 0.04525362631248062 0.0650248420173445 0.054984225155288544 0.004140337629706102 0.08557490714220664 0.061971068260331746 0.058120490990307215 0.0666881560750844 0.03306113668712612 0.016343257115700945 0.07583508837302849 0.017126716995719424 0.012054592751466656 0.00643827680374843 0.07978615662294047
65 0.04395332701870033 0.08234190790749751 0.0746824858566884 0.06915474539987307 0.04288182521677423 0.04135386595450757 0.05115700923668295 0.027424633534532693 0.06709645560045861 0.03775079433376009 0.08145624717973998 0.027515551015384443 0.0609173126169647 0.006028331225944448 0.07032864021401854 0.006959336169690448 0.008322555097089717 0.026290418213515094 0.08706320286646453 0.08732135534171258
66 0.032017325009286765 0.0910823034570796 0.005755526891091105 0.0471311537829302 0.04558725509983691 0.07830679722422311 0.08573109892852435 0.003986011046336216 0.08586611116025791 0.08221829727338427 0.039063980435799714 0.07825919229432848 0.0680920466316212 0.007784327014936587 0.013761275750834015 0.0823621629128026 0.05183632721374149 0.0019582349857964945 0.038407954889589827 0.060792617997598955
67 0.04811687598309244 0.002042555368294786 0.10054579585509328 0.07140580144730331 0.10091195934551497 0.005917397223038899 0.0755725863896689 0.012230837752662349 0.0015728253409400138 0.06437419285962798 0.03277911667865058 0.06384632066301692 0.005275051800217631 0.022774781103808525 0.04497559646716241 0.09311933387653845 0.07551330759138793 0.06884511664907277 0.0719179363286349 0.03826261127627281
68 0.04494073898786684 0.08327914619057876 0.06463698248670467 0.016204217406519894 0.0701665510008548 0.012718698586989388 0.031679910572282866 0.025690800759275347 0.05600016088396624 0.040027692379215225 0.045658801729353354 0.0797412702793589 0.02665059627351692 0.06538140045609912 0.07789920773411456 0.08446045565375543 0.08838171468222256 0.02766230701491747 0.046071127515987055 0.012748219406420593
69 0.037895548304545584 0.09581496215717515 0.024927241824504762 0.08114038390673897 0.07802119333447878 0.008584766503275859 0.005356267338151615 0.002931394326287067 0.0712108718013359 0.03788826604692038 0.058195329994080176 0.06601474826378319 0.10134716226730622 0.047186417802515514 0.028050530149832248 0.03703104201416754 0.037023579403874095 0.05111480769733354 0.04637047627153307 0.08389501059216038
70 0.08521879911049375 0.07319815309731185 0.061906093361541625 0.0006107066485052342 0.028585431040565996 0.020442782256546894 0.03378294006853521 0.0506490335649849 0.02973597170470419 0.07910469894234516 0.04599967647151031 0.09093826944809963 0.05447932999620962 0.045844447484265596 0.07188314182556729 0.05403823824552803 0.06990952656895524 0.0402594802743982 0.01730597747652637 0.04610730241340486
71 0.003307600870165449 0.047833708360010455 0.05765176832127582 0.07583651148674483 0.01356577102972796 0.10645299275355795 0.11448054223643316 0.03629908384548888 0.04070455453281433 0.06710702986643055 0.0726468127625889 0.10122679126649828 0.032211881699866725 0.08992234792103426 0.04585338601183159 0.002713257924338462 0.03614155817816631 0.03760492122733156 0.01721953663897897 0.001219943066715444
72 0.047869031289819154 0.0007829087383301981 0.07067120572338854 0.033715765578599746 0.007578281372523391 0.10886733599432852 0.009405059402019725 0.034406323186331716 0.02052217480316497 0.031217444704972112 0.03349130987826013 0.06582615735965097 0.07065867852163077 0.09951311003867808 0.053897204488964005 0.04029947541509362 0.04845461926425185 0.046070350699569426 0.0858469243124421 0.09090663922798073
73 0.06021831279177157 0.04016459893403643 0.04341449547823924 0.04821144380626321 0.015077830473490667 0.058811755159165875 0.01585772002317895 0.08225237795850168 0.00476216895944513 0.03964302834167224 0.09040090211747707 0.04514621342286046 0.004233535878741796 0.0835245723040914 0.06689692245203213 0.07088058899682685 0.06329382736177448 0.06446188871144087 0.012562211502505354 0.0901856053264845
74 0.012662981110758044 0.007353142548437874 0.023177117583773086 0.05581346538706297 0.07490043507760336 0.08880847127435205 0.08961451075667162 0.017376168876805414 0.024950623701160607 0.019933772616297002 0.044701312510034806 0.09998240897141811 0.011517116070818937 0.09074576035142501 0.03706201391944374 0.0778188114760974 0.04606866826141431 0.04609648483002428 0.04758522582189491 0.08383150885450655
75 0.03606184552925506 0.065028156731988 0.08641351355339873 0.03857555535893421 0.07795618341512447 0.03409287740231011 0.05888987650212902 0.0622951182366642 0.016561123558171034 0.00739536655697301 0.006859596092918185 0.08530539462398422 0.03014642844116887 0.06010448409905576 0.03694006123582498 0.05142614007670934 0.07649741385924969 0.05899603434484019 0.07758797628104144 0.032866854100259364
76 0.00683101441750945 0.0438672604253342 0.01206902981997424 0.08546911677439709 0.07215313649477692 0.02248579104266462 0.09732688420399234 0.068593018813358 0.04286699731512291 0.04621316349369429 0.07184090714974672 0.023791269002041013 0.04483718958733089 0.024769668521077898 0.07218206979491204 0.08474347298065174 0.007332819653940681 0.08417183468707592 0.0726227203143278 0.01583263550807128
77 0.023027994155864887 0.035785486068787876 0.02172651230750146 0.0871353954695875 0.03626221212408767 0.0697738204698929 0.013168732099632733 0.041802476326010904 0.00149867993986993 0.09267960336094457 0.09874868145376982 0.07929861082728461 0.002423979910028593 0.01987921951755146 0.09501653666620118 0.0011076627473519357 0.08486328598128857 0.08284037309915142 0.0842277896286122 0.028732947846579794
78 0.05185931093397979 0.012281994559692595 0.03689161113747512 0.025034696016451044 0.05333110015697197 0.05688513460119681 0.04026053901885377 0.0019318773218811671 0.004592179307541617 0.041022486814386416 0.07626794403257364 0.09192719443776065 0.04755913075093212 0.0020892702555609303 0.024236425415287016 0.08911035999366611 0.08319643946916583 0.0640994304414766 0.09789908804623934 0.0995237872889076
79 0.06293124880159955 0.0066743388337269305 0.04803707299698382 0.0834978220459887 0.08254204768597531 0.07904881235617267 0.05342673762415204 0.016357944446012487 0.023571951430154527 0.041894617254391246 0.08515532861436706 0.07816993123982292 0.05977206098008275 0.02104629085385321 0.002741875014247377 0.0338697556727948 0.009374447982298756 0.07841936072726333 0.04819829402192182 0.08527006141819095
80 0.035853712529699704 0.04867652293724745 0.07855194687376767 0.08670183917504685 0.05949159768277909 0.07331186479150874 0.0386873867221744 0.009005210719427224 0.012688677880603905 0.07243333920144306 0.06410135711372897 0.04982830324680112 0.08020674626596139 0.003935511807602462 0.01643929786140311 0.034345035512683676 0.05535676881356425 0.06463217289419966 0.02963333603043289 0.08611937193992443
81 0.06088576520033726 0.0451193373623856 0.025025253789989828 0.05642121829508362 0.10011539170948049 0.008313645610903314 0.05463529533007373 0.001929455313259883 0.0029449335969893766 0.03152288897351314 0.09017718317923461 0.07111608084855821 0.05550658832561101 0.004990106655157943 0.0614470538203963 0.09035122764875324 0.034682611260192814 0.01868835939876281 0.10483633389068153 0.08129126979063521
82 0.10095858265963165 0.05402175893182381 0.012484089503434255 0.02642518908125482 0.004720415411463575 0.04951537836882798 0.023625679530121797 0.06526036341088508 0.04084293281472115 0.0432911364422518 0.05588941580096671 0.020967513737169062 0.03893419603617201 0.077853824785907 0.09661432274232873 0.04348671551098186 0.04159325307524393 0.09309343959575662 0.08577098245813686 0.024650810102921257
83 0.08409223660122912 0.114358771782443 0.043940528183935325 0.00719783779042356 0.08419078063618862 0.015713814576735322 0.02960796396066518 0.07588556911475905 0.0524567292647194 0.07667831599887957 0.005300368553232235 0.023476940333148715 0.07720973532631349 0.045897490766568634 0.007851989753531487 0.06915825397594287 0.049550358620697454 0.07368774430584053 0.0254931006995146 0.03825146975523188
84 0.046489943648230746 0.04260642554828854 0.02589157392296067 0.05989389935547085 0.05791427202320584 0.004910248107535344 0.029168094414340918 0.02886277523676065 0.0965902676247289 0.0806566906993145 0.044858952598618045 0.08609165257549889 0.07717892509388422 0.0038687753301949 0.08318590916574506 0.08233324216298227 0.05042907008957139 0.008187698205288056 0.06701498990552958 0.023866594291850493
85 0.06478364193182466 0.08018382212259571 0.06760905936341846 0.06984324787491569 0.014901473737138585 0.057188852134833754 0.030615987977330488 0.02724813566359587 0.02432629850143028 0.08536241936715669 0.021802332364001087 0.062218538148154805 0.05763342500528167 0.007756315528996957 0.06442039928971849 0.039431677725689986 0.02972395742094252 0.05799248660853706 0.07313922160777057 0.06381870762666682
86 0.01972947815768419 0.03885703167655031 0.03182271693422869 0.036058856759631094 0.08233935045821139 0.047234594186425026 0.044541511213386 0.06375389821750994 0.08741585946950986 0.029811241700439122 0.048160408363560614 0.024373244549149874 0.09178668010163901 0.022951019806863933 0.09093454039846523 0.05811871751989549 0.04545375857992209 0.05123691302125337 0.06553953834373592 0.019880640541938856
87 0.013236351909719403 0.000378937334959804 0.03973560278571787 0.06370411870863017 0.05479003097198516 0.08592571222333437 0.10287630862708873 0.017222252239428682 0.09515374298507237 0.07144508667331982 0.0060019487585298925 0.03687594850802375 0.09314914604837811 0.021166949574990258 0.06741330696653695 0.015792829500912042 0.042204919701141014 0.06873159836624938 0.008353611483223854 0.09584159663275854
88 0.0298356870482334 0.05053098972280838 0.08228267343212677 0.08000730233503264 0.029697051259303785 0.07444325988411976 0.07209615526775554 0.07202364693294694 0.042582674823996775 0.0152334815649666 0.04871718043195412 0.010824340102872773 0.058565451959978 0.026789573267351877 0.08161484426561232 0.06943050563104976 0.0477642591981136 0.03776853331401 0.05288334869976152 0.01690904085800552
89 0.0343142047895072 0.012653125479816063 0.012346611272982203 0.020989618165257937 0.02738882716969189 0.019055808151485894 0.13953207192340863 0.007315423558010051 0.029369924751122954 0.0729839636752039 0.07450622440316129 0.07731760022598443 0.007159851605776751 0.01401732326483873 0.05967856433751145 0.10501415833553214 0.04681264717932769 0.027550744942834274 0.1291482637175432 0.08284504305100338
90 0.11796382489464395 0.008227616117403863 0.0236425778919522 0.10603165252999283 0.018003091995698016 0.047878005998105364 0.11709154040657392 0.056903423144706415 0.09712623922846154 0.04778731431000477 0.006555168166497294 0.05538904275968742 0.005717875108721572 0.024125882899549467 0.04735756266410559 0.012106921883115246 0.018220523750650527 0.06941010351382552 0.02967392341808832 0.09078770931821611
91 0.1086435656241207 0.027590256506221135 0.04557421020061528 0.07385564299933892 0.08453672298554607 0.05042692762958603 0.02362067903748278 0.09829609340989304 0.0714424805486649 0.04398254981295306 0.107703842267555 0.016870336404563945 0.010282448713881015 0.02307343661931201 0.06056353263666865 0.01678445571520672 0.0061831724933732336 0.020681772262818626 0.021790502696997643 0.08809737143520137
92 0.032699215871193815 0.09244696932491411 0.020712920248715776 0.019801919999958794 0.010803300520595208 0.09629723379514539 0.04144656943520639 0.08644328599982705 0.007551544549823334 0.057470342494053944 0.01894482464433843 0.08761469121273781 0.0921622022842936 0.08939585703918446 0.07004643489315109 0.008072537828141229 0.018137016336918586 0.08954579229985328 0.028613753743197162 0.031793587478750475
93 0.028846517616962206 0.027357920624835597 0.08864185350755502 0.0015175331651879407 0.0618834370491538 0.061271432401642394 0.019292485771085627 0.08672262957091707 0.07929283290333734 0.092619435864277 0.011142838503647777 0.05621232561644177 0.07556886026917138 0.07661521386458149 0.003301148957081403 0.04080680126184049 0.01649449669029448 0.086950375142264 0.06471205540915044 0.02074980581057268
94 0.07198841282138897 0.014223942019270183 0.05366705061720639 0.00863249650563667 0.09308504767973157 0.0044217921404011325 0.033868778868999756 0.036974432606952025 0.09398695979271732 0.0288862897066649 0.04299116391553798 0.07420915280170762 0.07768538341868383 0.08955920930469057 0.008995358646853677 0.0856788692758992 0.027885182894791898 0.0766800588331908 0.04649428986536876 0.030086128284306686
95 0.04258013573647115 0.029066087700758768 0.02462500604634929 0.0383946728441807 0.03402406402028119 0.0651833050509414 0.06621485038016736 0.054566107824990044 0.05550663731362503 0.06672528304598595 0.05964909484268085 0.0675917759582306 0.048812843846580606 0.057248996900056706 0.06713934073695028 0.05710740896889866 0.022201352160481608 0.056731055554349125 0.04291694690297486 0.043715034165045775
96 0.028376884560021375 0.0811442447135688 0.06271717310853644 0.05386358677668039 0.07944407760994686 0.033588362065805843 0.08094249351594013 0.07053475341160377 0.017818053834638536 0.03223760170654565 0.00658821349366528 0.03870695222993283 0.050150215739364706 0.08068555728399388 0.04184256149947143 0.0752207168511433 0.04761289932472962 0.03306435649566819 0.01975198729555113 0.0657093084831917
97 0.04539622858558367 0.03387687110862885 0.054078807985600365 0.052414569654916116 0.0779230929369618 0.05129490132798788 0.060214395312717675 0.04853101868484657 0.0778656903148062 0.07826147056639293 0.05173486744169707 0.04328378204939407 0.030383938086293194 0.021125632978796122 0.0025800114878258644 0.046731423352536425 0.06964378247310662 0.028082184194997275 0.047770874105064365 0.07880645735184696
