0 0.03128315239019546 0.03955144404642974 0.015671069491462054 0.06959869135003484 0.052472514803226795 0.09950696151520678 0.09707480260751714 0.02222319341678467 0.03774670134131971 0.06836134926429653 0.0723169722037263 0.05914406494988289 0.04224965258694835 0.009204006232872783 0.08693533928595452 0.07316082291425609 0.014822088279783594 0.03810265078912733 0.05101196835902194 0.019562554171952327
1 0.060421791435931974 0.06823656592584183 0.053332781529581035 0.012059817179657458 0.05789186818788961 0.021086049722820792 0.0844933130418599 0.06802077938008486 0.08662171731657788 0.010614681332709784 0.02149799826212582 0.06032281824762246 0.07755015553123007 0.004914364955553259 0.012409112236454533 0.08871142794431323 0.0630663753981073 0.02096144980816447 0.07915315373652622 0.04863377882694739
2 0.0752708322438385 0.023338446046282664 0.011849207425250332 0.046924219331497465 0.10003381123826167 0.02815434606956491 0.08433341557008144 0.0016171846063008555 0.09085887438341761 0.08254488082311413 0.06916173460049366 0.027554241774010665 0.03470041195716735 0.039008001466684254 0.0502287369689728 0.0208578263274493 0.06678175737924835 0.03027841537558145 0.0679126663563735 0.04859099005640908
3 0.07465438862779598 0.03349019238739144 0.08619813738198621 0.08710378901833367 0.06914196650226244 0.058391287745112236 0.04299268038109514 0.01411888468775236 0.01134835022303173 0.05275890462838401 0.003760844572865554 0.01040189840917635 0.06469976539203455 0.04325170540071214 0.04732685236184479 0.051897731744912204 0.044804088253473914 0.06301703342933507 0.08554150672113273 0.055099992131367764
4 0.07688014769110736 0.055295452192101184 0.019627761962742445 0.07246913265956256 0.030385154109827405 0.06828847728632784 0.06875700794726451 0.029476122469864398 0.03717402419446242 0.0405071930773007 0.08917373243339045 0.055775995501619574 0.013537364164967721 0.062163101118033415 0.09067543053150104 0.011661705072276415 0.01873235248123457 0.0666464690470142 0.004903105702398633 0.08787027035700316
5 0.05680585454221708 0.055226033717175556 0.02056223814956413 0.054217836425562556 0.05379431898697331 0.0029641937982365545 0.037977494784988464 0.02711414151379211 0.04417507517358556 0.031163085694864853 0.07746974119273722 0.050722933592710906 0.10867696661205914 0.02216643788590469 0.05416828014668081 0.08307374300314027 0.04974694007352461 0.03099648377823561 0.07929095428966328 0.059687246638383123
6 0.04508598441560998 0.0665670523809922 0.10190176719148625 0.0615967331989044 0.034540269054960805 0.029301870455582486 0.005034884586879813 0.0732433046708901 0.11925388950189879 0.0472576388031035 0.06383539379836096 0.041494059451316165 0.0050508700060474705 0.018095032073414254 0.05393529428302202 0.04792522900894418 0.006597266151474751 0.04330200419721482 0.021688210846235033 0.11429324592366198
7 0.0826714616949416 0.026318544959309034 0.06247205094635456 0.08241475460797776 0.0689218993383586 0.053776710058942294 0.06043912696245587 0.03299495478003031 0.030110059376024463 0.07369234532475737 0.062320702752565536 0.05874106166071088 0.027118394160980597 0.018750874782375845 0.006393437213631195 0.08146815749715457 0.0539598466310743 0.04701019839757786 0.004972272732779541 0.06545314612199798
8 0.04973052835084459 0.08383423617508448 0.04522036599771649 0.025604730707294694 0.09280951245785302 0.06242990677728609 0.08033248779032368 0.015161210688734855 0.050357180806283174 0.04197129420688331 0.06804309795849921 0.03809231228203136 0.022075567972168454 0.0834774984040688 0.014750414370625162 0.07088356035013851 0.07668527230458957 0.04433816967388756 0.021029274584118275 0.013173378141568767
9 0.0728082173836719 0.09499952981836698 0.02843469363940436 0.018492031637845265 0.08462350991594161 0.08078120580317767 0.05229143156931825 0.0231866707757915 0.04807498983987522 0.07315756379726421 0.006541215482211268 0.053430951158744286 0.043991176594986754 0.07910925126874091 0.030245506076796606 0.0696731940370903 0.0018164546062963407 0.014634409577701764 0.05482391092396979 0.06888408609280493
10 0.02105117118469168 0.08003288811295736 0.02329060116720654 0.07476664344256309 0.07538184099513667 0.07656556849692332 0.033035629269514234 0.07576124595390561 0.032868521262999766 0.0057686630826854456 0.07506136327000501 0.021629804638085424 0.04034852517917961 0.07893801880901355 0.0481917994605753 0.07192011631889364 0.0228749238637828 0.014161267310968702 0.06265876917610916 0.06569263900480307
11 0.06873195229418932 0.05983426958143295 0.035502191580532944 0.053914497627464496 0.07515627437878791 0.11769122377868498 0.0503129546999269 0.004836988125004529 0.018553666076019572 0.07929327332743935 0.10847127072962616 0.02992584870809709 0.06121828623734026 0.10721755956536216 0.009041602707008824 0.009678112714988139 0.035089250782827625 0.0007083207925982469 0.03984678073469293 0.03497567555797569
12 0.027374291534041945 0.02434288051607758 0.040660390812414154 0.012249373529092344 0.07035475008246461 0.09031565502658796 0.09711516927152591 0.0007193948985972005 0.021010103887091104 0.08265243297259602 0.09745599902152247 0.012198513711422438 0.08103719321472572 0.019630244198101342 0.03244044326664197 0.05421250352946218 0.09281499269496918 0.029409711839091 0.0799279050932624 0.034078050900312504
13 0.09184143867262441 0.02531439604548838 0.03159500520018865 0.10749564093057931 0.024932383498536787 0.004307250040891754 0.06189535989889635 0.04720456742463112 0.007618055809884267 0.0641993745438019 0.07025198699578163 0.04242432933214053 0.02293303257313861 0.062347354907514474 0.03136040091548891 0.04562175779445231 0.06446685096882611 0.032269126936904646 0.07759835798114464 0.08432332952908554
14 0.022059131649015608 0.10647018621413253 0.06650423322583249 0.013012492678619014 0.022583913783030426 0.012009534258986706 0.10213477057034387 0.04585286753122481 0.05789684291139384 0.06120886813245753 0.0316926571030799 0.05523625290213539 0.102746908726814 0.012322202331824806 0.03304336652676488 0.11929408527423814 0.007166594429805092 0.04753248385105395 0.013963931181553455 0.06726867671769376
15 0.09557401832567025 0.03384397856003428 0.03796435705981283 0.018996858304241877 0.04393348617535996 0.08994034597843902 0.06480721837637106 0.012997515974426357 0.016532417755863987 0.039427872303191766 0.06241898477417649 0.008679140810242417 0.08035309805763542 0.08014442601057571 0.06104438796583815 0.012716891277053825 0.01649237637855953 0.05922730271436357 0.09116572900687077 0.07373959419127275
16 0.08106873111901115 0.024206189477763797 0.006744974604704879 0.07751307249742721 0.0066003592365226965 0.08863352688261207 0.08201737337897506 0.01847156234882576 0.058648430856630934 0.06572467990251027 0.004488289913681555 0.011589827644606988 0.045680710580581874 0.02949354958067902 0.09221637549696739 0.07690498028053659 0.06822200449272202 0.06942698816286881 0.004385133886931455 0.08796323965544046
17 0.08248923588710551 0.09264186921366462 0.02278300123215164 0.10465994964109877 0.017281602592938712 0.09390665702114505 0.02108286489143298 0.07299607542573386 0.019240037901358798 0.02143809633185308 0.03398474101487466 0.07858210425895876 0.019729220921651188 0.046240202221834135 0.08659018322314621 0.013303397650187032 0.06428332461961987 0.001274191929951505 0.01642251572889811 0.09107072829239557
18 0.001988987665147233 0.01572641746946057 0.07386220827972514 0.026798706728208783 0.04461452821063386 0.09323806694299762 0.0848129769408178 0.024282051518269645 0.060249556465871885 0.0320244673808862 0.043737414435399594 0.09176217883243182 0.02730124523518343 0.057683157657169415 0.0699592918472147 0.05114368811464223 0.03725772059867683 0.09392084060482726 0.015442350982191523 0.05419414409024453
19 0.1026708649403656 0.09358441125604156 0.006169572541523338 0.026350717994840348 0.09977641990929617 0.04272205478708928 0.06843321332994323 0.009612455464228788 0.07094279873536982 0.019589105009765698 0.05798926391378556 0.10738382725545124 0.01804335948951547 0.025441972064582815 0.05513259197779777 0.025752678872584252 0.01218589896906634 0.07388676972797603 0.0351927173495792 0.049139306411197584
20 0.05566347240799406 0.022128560218502017 0.0037444166537204475 0.04738568687815789 0.049780415708714915 0.04329771301510425 0.011632486201592004 0.002355782398942099 0.01802871402387727 0.11241029961996243 0.0999408608338012 0.07128824701252678 0.004122091098637785 0.10072088165979629 0.07815819369579236 0.0019009930665013887 0.0928329447317635 0.06933483320558607 0.06646461367994791 0.048808793889079514
21 0.015386935006988267 0.008511747758476195 0.08967757519227697 0.09470880688632066 0.024575192478400766 0.08805640071561104 0.1014366196911547 0.030939443167902227 0.0044751740421660885 0.11112975138369567 0.007404737308572159 0.0015736929368600353 0.07668216281230611 0.027405489336857783 0.10724284136135943 0.030322929855732296 0.020865634829004238 0.04138638420612549 0.05128856631055883 0.06692991471963089
22 0.07959220523339482 0.07303202826711006 0.047369998234919615 0.06083107071262937 0.0339510346881212 0.029329569435467683 0.013404351361572076 0.08129045843894044 0.061873460010980465 0.03121460854600101 0.06503034213846978 0.046195487832100465 0.07807247492441309 0.01866368069836651 0.03165847345028976 0.019123470368820082 0.009869929719852209 0.07245701939540168 0.06553935280613087 0.08150098373701879
23 0.08905805554994528 0.09537529407135469 0.0803682625291579 0.0024417836994921277 0.0164051781537882 0.018014001438304342 0.03946884166105584 0.030557567625126802 0.024160346237485135 0.02613562928378621 0.023402873552406698 0.06721444422749799 0.07255582254131064 0.09321756471954497 0.06485471191185434 0.06241307029369712 0.03293567348665104 0.07101394178034924 0.03017051748092931 0.06023641975626204
24 0.04273101819641167 0.030181308691865916 0.06361704834716114 0.0933504806115218 0.025324608933542422 0.0009262118223987411 0.07409721153494374 0.06432832305917657 0.045879097909818575 0.007062032456246187 0.06526797032867994 0.008762459206257857 0.043306090235315 0.03934249030058247 0.048968107650897805 0.04072907261657236 0.05934706818294394 0.07959770258061746 0.07616228331758343 0.0910194140174628
25 0.025831467321583625 0.0373889073516579 0.06616624643583853 0.07309980125583569 0.05483167413323989 0.03398527390137238 0.03316605994166035 0.07011158116750472 0.0782796526190885 0.04867232883090006 0.07606165182750897 0.03009901110913444 0.01981436730473152 0.0528757448468379 0.0568971364621604 0.026523213591095097 0.021837704786432162 0.024016463605273656 0.08140356842813949 0.08893814508000464
26 0.04020125090602361 0.08223303405752298 0.07056958737605219 0.00956122063958822 0.04104837329871504 0.04002412990451019 0.042232472702793226 0.07288307122430675 0.058681961070140516 0.05249933366264109 0.057611215283778536 0.009209208599395806 0.030156734203078357 0.086035351429324 0.026268621702669227 0.028916179318380204 0.08432447156145219 0.030945272325981998 0.06636363165922503 0.0702348790744208
27 0.06992745247843582 0.06321282419453585 0.017674576619601187 0.07437292710934236 0.07967666167488904 0.033818815952960726 0.09482772289654559 0.009377067946628646 0.024961770650293574 0.03964732921525148 0.09103752154798783 0.03944711538553548 0.000275032907510974 0.07396452532687348 0.08836046867027998 0.030152988007690132 0.029380558878623588 0.053759744568473496 0.0330809072585463 0.053043988709994536
28 0.07254130474442658 0.0765305570320945 0.010145759757296936 0.013866307402810071 0.018586309866384956 0.048669653387328496 9.988111876113004e-05 0.09633431782241852 0.05561443812537931 0.018879666691808773 0.020885809232982104 0.09886242047778016 0.05775154985016374 0.06793331012493802 0.04607513014715911 0.049599923750613194 0.09324246221370393 0.07595439589274207 0.009969968417177838 0.06845683394403065
29 0.06687168660101041 0.06409501721472545 0.07742542292236182 0.009692142559348966 0.07551255967151382 0.07350902137007964 0.02448689476080843 0.00904059354005437 0.03445328135541383 0.02049833478836484 0.013650773618849503 0.03800205422241995 0.04300517154051305 0.08667552117917421 0.03688077804124497 0.0005337360719331328 0.06588295187630819 0.06936140067327029 0.11036593727497102 0.08005672071763412
30 0.07460205985098238 0.0759773247462648 0.008032420000980159 0.08296287886576874 0.05115235142344164 0.003443197330772465 0.038809764534005926 0.10611417832677743 0.005046033372692537 0.08409571932973642 0.08281277753670374 0.08908409566422358 0.08829536707259067 0.03594816667537389 0.005803532201319267 0.014004090373453865 0.03891242101777085 0.030765033950587356 0.030545333450645192 0.05359325427590893
31 0.029043508610903084 0.04777591479714818 0.04058008782138085 0.03394158039255866 0.030214306419499196 0.05136921241344433 0.007991381315364348 0.07203556023736661 0.024775641570404655 0.0538955264459787 0.02552747947740377 0.07467757287601894 0.0884192193394122 0.0710648649276012 0.03218438939945217 0.027740611114755714 0.06461252760824251 0.07223064769224899 0.07852886834664663 0.07339109919416938
32 0.02148379955068112 0.02849529029484674 0.06488409376646985 0.05811342085575556 0.0776347630947478 0.03315623263567241 0.035648226634953865 0.013243090283591712 0.0577427458304232 0.04102695576806684 0.04726498103708955 0.07265871968971044 0.08906147762608581 0.030379419242069886 0.05003957520086825 0.008541103210085749 0.03235228995886122 0.07403422975307167 0.07255895177067331 0.09168063379627489
33 0.07222807434964584 0.0015507897811842778 0.07668903579962391 0.007760455511186612 0.08759628065875774 0.0882875076848737 0.07967985877454942 0.018052496832194148 0.041713039581146034 0.08735652390045634 0.010575527419666133 0.07331811890065174 0.04490401197425106 0.08570947585121945 0.005307132573958271 0.0498293715427448 0.007787063366316017 0.0791157903225891 0.021371280777898505 0.061168164397086805
34 0.06457279520475226 0.01173574099850848 0.029205772387788983 0.04139302386248972 0.0535539372554691 0.08441847004964607 0.048583365555213295 0.06523718940255291 0.00891161425736782 0.005879346395256163 0.07140341777165281 0.08361665702485696 0.08241061894624176 0.04623374567201363 0.04615472284098304 0.08030060505541763 0.07094680888073168 0.08072669097298776 0.022218394507830457 0.0024970829582395496
35 0.09667293453933833 0.0047203258030409844 0.006094016753527482 0.09149003717920536 0.06539033457525972 0.016139571666074957 0.0621489459865695 0.01779044932510471 0.05709704247033297 0.06505049288297181 0.06565745326385886 0.04797182733000138 0.06297932176443807 0.02786569668620685 0.05794401160782864 0.0582048775797599 0.02784347053775032 0.07502728268829663 0.015878900407886466 0.07803300695254697
36 0.007208891956484433 0.03292279445324482 0.04757943922421439 0.0414928487203909 0.015150458250812833 0.03852667144554974 0.0005902330351248381 0.09536415287494784 0.036549690172564986 0.07390079377664956 0.10632177374518878 0.0818531511532425 0.0410202914431666 0.015725195385349146 0.034499212454428295 0.08531588510562083 0.028497672829039266 0.005625442312452864 0.10868038256591846 0.10317501909560904
37 0.06684329048967545 0.07457552925173494 0.07975401237039843 0.022803238465811587 0.05837642964752782 0.05345926301530059 0.0021360829771991524 0.038935164369978 0.04985158333039497 0.07973562805062176 0.06199193981015883 0.07447682592700436 0.04792245421749879 0.04820904110260165 0.05997508063976195 0.02805485391468009 0.060961341452560484 0.020028815692618104 0.011109370301980406 0.06080005497249271
38 0.004372509372590206 0.06287632467683081 0.07933841715093977 0.06732976344418018 0.0741593726595601 0.06885312803286968 0.07012308765574983 0.07567197059440703 0.071192154713515 0.04393756960001107 0.010198810356383169 0.03600013381901034 0.01021988257054181 0.07039009894983762 0.05363202991678305 0.0039563403958859334 0.07612340811023485 0.05203715498377844 0.01032413342670079 0.059263709570190226
39 0.011618123061170707 0.001993417334244304 0.07214444062532857 0.04764730835300618 0.10240914155932333 0.052023895844721585 0.07585445014693647 0.09561707141103239 0.053694110907452484 0.041581616053401604 0.0944745698193679 0.0689050340024775 0.01129059045795682 0.006970774300509208 0.07148126113112635 0.04483967199532836 0.05520121730991494 0.02363707510296742 0.06307922972266769 0.005537000861066312
40 0.00467732642362564 0.05432782530939545 0.0034506170573799814 0.07323851584376774 0.0385575652369222 0.032672797176353345 0.0689710039225416 0.0364510153253177 0.01823867404366729 0.06804382397806795 0.0769169957276202 0.05271574269325918 0.010645148134828955 0.056743330196803915 0.05298299565686309 0.06256941792078616 0.0854041375454418 0.09029196632015167 0.09169469840525972 0.021406403081946544
41 0.019234939804080555 0.03969141015883063 0.05780115105473177 0.07447642907594568 0.04341298140491013 0.04314458597297154 0.09748488808592937 0.016521081218211896 0.004522874098123601 0.013852584384087915 0.024702646091126435 0.06706491028995085 0.0826680496104022 0.030737422997381383 0.031026713278854225 0.08434061160245218 0.02005759111470751 0.09582126387690496 0.08707342494656069 0.06636444093383644
42 0.04995816265737562 0.08833828831869461 0.027522106768156494 0.046553780452686294 0.06228242340025294 0.08992282381048367 0.01054521794387122 0.0037352951121681823 0.007955963094416794 0.06781215012548628 0.06650082418804525 0.021965140653775573 0.032796089700281354 0.06727136722304346 0.04436506838433252 0.08691964697878284 0.05772709213608899 0.04840088618214274 0.08059432426713274 0.03883334860278256
43 0.05586812427726529 0.04170688113819698 0.04993061305842233 0.0645553769791694 0.0602463071389555 0.06770319509148087 0.03399272410322764 0.06640194805113533 0.07294106198429305 0.01846047991462596 0.06959368961102531 0.04604156815607844 0.03073390238048802 0.07464249965525108 0.019768420432833337 0.07720618910431269 0.06108733650607471 0.06717776654735358 0.0001314420476575017 0.021810473822152943
44 0.03250535366314838 0.020992628503672325 0.03237290972486457 0.041677508215015695 0.04664486272403884 0.08675155802435885 0.07256945756749437 0.08647809220189868 0.03095797453481125 0.03449999248514644 0.04028414807898974 0.03028984915058792 0.03268131863285063 0.08978982617694452 0.0021042037195895236 0.02550938172271016 0.06351399571282802 0.07030408538004511 0.0768935884639158 0.08317926531708913
45 0.039098824920162305 0.05143875538008415 0.01204348796437573 0.0408173808979618 0.0674012016243188 0.0884246076574642 0.10366959224672975 0.0035847792079923228 7.566305626681491e-06 0.11057030430340235 0.030977046748845254 0.0457501499734584 0.02862258572177282 0.02953178808282575 0.04019520152133089 0.0331568663050025 0.0858382000287088 0.07947448176179805 0.03663620967975841 0.07276096966838085
46 0.028029469841325805 0.04768648721222979 0.06049354338673671 0.06116205198024813 0.035244654051098126 0.03291206036859994 0.06499493063074736 0.06242727816489591 0.07900042338860828 0.043168575893256046 0.016841725831574235 0.03676721877092064 0.03734445046949443 0.05305420767242655 0.07146395704839317 0.07093466103218228 0.031330225207590656 0.059698881187585484 0.07392511421650781 0.033520083645578604
47 0.07144735281241894 0.013864477189255457 0.10397219806756745 0.04054334879355701 0.017174457190293688 0.056266356920453314 0.0278598774641329 0.07200478666777685 0.04992721086461842 0.038832550958562397 0.08631288644985019 0.012488009207541539 0.008698039251735214 0.09380051703435895 0.03432512524752904 0.045346727251821276 0.09560532687079287 0.023019149557400864 0.0803471087433752 0.028164493456958546
48 0.09090586290584335 0.008808036805218139 0.007833319779267897 0.06728690288910606 0.015398204637211244 0.022640099793698416 0.061893664819978184 0.052371360659312555 0.04324294351108732 0.09193742479320037 0.09044606928818427 0.05833348036708888 0.04535614228585671 0.02505138211685968 0.049490879293708816 0.03884136434928558 0.06015827292845285 0.028144681643097573 0.05054852635284978 0.09131138078069234
49 0.05109044239362216 0.019812278614410015 0.009551715565166475 0.026776433987074813 0.022227012490507778 0.015784717947078322 0.08253052047691425 0.06653535622489708 0.04848615137545108 0.06489021624142087 0.051328664879787364 0.005642652008970579 0.08864312821174745 0.012861323021460038 0.09068406312470034 0.08201683495962876 0.07126024578777973 0.06354518070916369 0.06250142942692306 0.06383163255329606
50 0.062022152004175955 0.10789189125849163 0.09088252860784074 0.11542125360901306 0.03243684004205486 0.04701555999416649 0.04226264580608639 0.08489651240954055 0.0026125023239019674 0.025491157270866892 0.003130461471017235 0.018204657874731783 0.014286106672143604 0.10401665514857285 0.04836651389572682 0.00137377050832591 0.04365590252415965 0.019386722642539985 0.05244559463871305 0.08420057129793052
51 0.06935679778294866 0.03386361251937878 0.006561946347716582 0.0977816252351427 0.03018468397982785 0.06072886980260443 0.08243542120170122 0.022164112369908135 0.04679371194368245 0.0732436142177751 0.040226003255337296 0.04275438674080873 0.07517770091187878 0.0033848056028052196 0.06062644770253753 0.07838760188079644 0.09547084835627578 0.02043310911501177 0.045347156125536005 0.015077544908326737
52 0.09924556852500942 0.10718337583713372 0.05702883749668888 0.03896381650278004 0.03746046741258746 0.016320985537074555 0.056574342762147393 0.06388431674631162 0.008399342966607536 0.0013193467473448521 0.05994628404154453 0.10526622225182182 0.00026625115324568124 0.08462928212413977 0.0817403876833242 0.09007673502206723 0.014166392004560659 0.06370945090032426 0.005939934512840624 0.007878659772445819
53 0.07344510745967786 0.05125576605033423 0.08241957864044834 0.0030855266534157533 0.08679423815750517 0.04475717911598336 0.07548158327051366 0.06854165397568482 0.032099462481164014 0.07096815523755202 0.08274946976015726 0.004251625819188613 0.08451326150891822 0.008533111480319053 0.04030174696684028 3.991875196216421e-05 0.042811848449183704 0.07387169259691491 0.00470547141221713 0.06937360221201953
54 0.06839257552295579 0.07767889716271613 0.019815217288963356 0.09993460041049705 0.058720769985547934 0.06948081403927528 0.012042257055021056 0.005351872783921762 0.11693083073777664 0.021013951180858192 0.0780893583778884 0.017795502496061603 0.06670058528080462 0.03915361095140852 0.026775900891630008 0.06773343632978054 0.007437652742004885 0.12623207749649126 0.005585256963497548 0.01513483230289962
55 0.08945331299529301 0.02204548212654705 0.023292150706149498 0.013690372755766268 0.13321450440170962 0.07873966421360712 0.11172884153188835 0.07615637673805967 0.04044110828518372 0.020085563313248248 0.04884142855491846 0.09180616487598399 0.02541159283514307 0.038314717671225754 0.019599223509633876 0.002881701688804231 0.12335498621084268 0.015647183773787394 0.005816833153853247 0.019478790658354506
56 0.09300928015676245 0.026338772550717766 0.03926088103214555 0.0755022500194763 0.04172083348067106 0.058531147351848695 0.08617631001178264 0.005955146665853214 0.02544679028013707 0.03124013542438288 0.01316895995244999 0.039254544413818364 0.019768038290381318 0.07808835072698728 0.03400248605368491 0.09904760354653905 0.01699256792118221 0.09897541210982949 0.02006179110854925 0.09745869890280051
57 0.020911020745455415 0.08734272984738384 0.013744866037459218 0.04154434156144636 0.08580376084138026 0.0632381130132556 0.0005422047335274773 0.024627695650945053 0.048098958865373256 0.07296132388390839 0.021788131154597618 0.0052751617336421145 0.06821561299689599 0.09566928737227193 0.033600666273003864 0.08891771004945162 0.08551337084232734 0.09617966530500599 0.031980680199588905 0.014044698893079775
58 0.052848040458425304 0.06080923874887823 0.11694465326338638 0.08451894644656324 0.05752651152332354 0.04253628775219782 0.05694469853722163 0.028066783451057793 0.08893739390100412 0.07048941879691635 0.016669734742169772 0.009471423361268844 0.06962156359147413 0.001702841815879111 0.052109740230337445 0.06831377454124192 0.010863461685491778 0.019951377817039234 0.04538338219022949 0.046290727145893905
59 0.0890577984955498 0.07737626950424349 0.03901029772176341 0.011172957188751173 0.010367324399489144 0.044050846450791326 0.0658909000832974 0.06093317161437399 0.046841509678293085 0.0012077757285198333 0.038724533045608515 0.008234748305432638 0.03559938778110976 0.007051089020777008 0.09152240982686739 0.10447465991657097 0.025760409173711 0.06385985593013271 0.07469826264152057 0.10416579349319671
60 0.05809845345639485 0.022798961190471225 0.02055560333652889 0.06169040321858072 0.07685250610473966 0.028945424248821048 0.02628020001778303 0.018145916947032676 0.007590994569993016 0.06731216080412024 0.11522083136639324 0.034866791887662625 0.06701877113020176 0.10306688516558134 0.11021384160827832 0.02378644635363274 0.07696898294812143 0.0026991616714170967 0.0035037397294915935 0.0743839242447544
61 0.012145040454932393 0.009666517998479974 0.10494142547379515 0.06371731454427026 0.005952725404676754 0.050033759433839205 0.046631005079894525 0.007122647558760841 0.0869590066999501 0.0665364952003836 0.024347492347986794 0.08525292335405328 0.05295146933044992 0.011145924297764776 0.07457458611005086 0.09575227541735377 0.08974029668062196 0.047732379156289174 0.01082137473994512 0.0539753407165014
62 0.003979297594265862 0.012930106583592242 0.006916727877062987 0.0969784325824634 0.10568729010201573 0.02335388116709608 0.004103066165302979 0.013740052813931628 0.1072353023636386 0.06859401144355674 0.005835326654986228 0.03716100785362841 0.05045052826528204 0.05202008260372602 0.05956093506591837 0.07921469649160319 0.041241742882086534 0.09606568234089063 0.05256988045119309 0.08236194869775923
63 0.032988603675559204 0.04143507546124579 0.0923474708608262 0.012915643766535496 0.061896467290908225 0.06933889474338903 0.0887009165045992 0.0479593513415694 0.07637430004127167 0.005501137127753686 0.014107915367208875 0.03267031894797981 0.053664473914442644 0.10870224558082084 0.10028962201862338 0.03398079167271121 0.03367651782894 0.03593311716785215 0.04786005587536618 0.009657080812396891
64 0.07368273079859558 0.08728081652860767 0.04363954306580532 0.004737070429709228 0.025138601221385108 0.03876520771788358 0.05226491718905633 0.06787537633255503 0.027421018105325316 0.08769293841538413 0.048676716145377774 0.09047264563704376 0.08759230974400191 0.014789646219596534 0.05491345763521419 0.03919881062675475 0.002568428423026576 0.08885086730370158 0.02812967037527269 0.036309228085702826
65 0.00986763433090391 0.045308107967383965 0.030032931252009145 0.03898420448366048 0.08292905083167161 0.09800319319120875 0.04373211720274056 0.07949396018324591 0.08294967836179994 0.04714334948423644 0.05290274255564181 0.06393558973269249 0.06579607981730909 0.05309720164249941 0.0006714534731850237 0.04894434777627833 0.0551510132754612 0.047951125335153263 0.05149540510022388 0.0016108140026949074
66 0.039071914511720894 0.01175517194299977 0.03963492674781704 0.008378571030657643 0.0419951902326956 0.09759866563764807 0.006155752881014068 0.05130698911554995 0.037810823392442745 0.09652730369291292 0.10701255767267552 0.047936009284386384 0.03773816692022295 0.09184222636419287 0.011834969999141137 0.12759081565019983 0.03185123421988121 0.08996449775857572 0.002807785213843506 0.021186427731422396
67 0.03148758306402 0.03228592277537411 0.09640038009949378 0.03260524587697819 0.08107891379722806 0.08346371640931864 0.03651120516622738 0.005215474848084346 0.00797987904404455 0.05215322897498866 0.09108828048562284 0.04156091151132773 0.0042855447150855035 0.014004086757888832 0.075073154673553 0.06336288191208023 0.09109358380183598 0.035015801561684365 0.10083437724066692 0.024499827284497067
68 0.0019659055341484533 0.0573989425559195 0.05254549919147185 0.06569173341044984 0.017450427374157935 0.03146944824857513 0.00817760455467945 0.048132154068852996 0.047788377246333794 0.09287817511302043 0.07516786301857392 0.058223895859760594 0.013194727603840006 0.084234553072631 0.06662266920965663 0.08120694726827761 0.033349290202014034 0.03237706539529428 0.04757397316023885 0.08455074791210394
69 0.022548058971069495 0.002952853238267167 0.006482625072146813 0.04379272801911319 0.07012475903814415 0.0825011608234648 0.012566052549811597 0.07041552763707647 0.071291363351158 0.08011535349721288 0.053984650371326826 0.05086411872172808 0.08493526171431119 0.012974070671915604 0.038485658950121474 0.05219316649633756 0.09131179110642813 0.04327644758915745 0.08733243051054476 0.02185192167066437
70 0.009361352331732634 0.029022087477261788 0.07460968322664746 0.019522079175438616 0.060218045458165774 0.04408837931525647 0.05999067311229621 0.04508910939721392 0.11109684341649047 0.09553786755003854 0.08565773898509636 0.06714393526166272 0.06978185717311275 0.012448442870000053 0.013706375849744662 0.08339806867882876 0.011166418455033635 0.024450931390679678 0.06361191991499571 0.020098190960303627
71 0.037503497596880646 0.09946009156557643 0.05400942742066274 0.0884584579517247 0.022948589169782426 0.08098113843382013 0.04323222626594645 0.024039410293141838 0.07999277062424857 0.03842578043967642 0.05820983623462347 0.07855872667477859 0.028417364806398313 0.059815774952052946 0.024002554891907207 0.017767213493138003 0.08689494102821346 0.01038595685495088 0.05953515001742281 0.00736109128505405
72 0.09288675611463308 0.07201814204735243 0.06978759394762685 0.019204318135530595 0.05115864225510901 0.001500589983450984 0.03275242819008865 0.07589100189629223 0.015967728144344932 0.022914313618200507 0.0015672014223527947 0.06329814912729297 0.014726912999947411 0.08679611850032555 0.024621679300553995 0.06724538529888985 0.08805105923588004 0.05307869657379662 0.07013089476424261 0.07640238844408881
73 0.016235456040123903 0.07284150496407858 0.023629362854548457 0.015555387121534493 0.08482371434006573 0.07533564073606676 0.020113948809706843 0.0380457504257156 0.07565585061578733 0.09062600200678823 0.0603900842945032 0.028286844519198356 0.09099663410554612 0.049252952999649255 0.04557826841025006 0.01382123447654771 0.08084759661527036 0.0758178367027462 0.039533510910721506 0.002612419051151283
74 0.06886150763346341 0.021367103760928794 0.09801930754695065 0.009468727528506025 0.024794748803775406 0.057305751791164435 0.08248375136867522 0.0621990836033843 0.08467128367789813 0.0678127960941203 0.054295133877391356 0.030050802161913828 0.06859509201810156 0.05147524399735477 0.04554451986895956 0.029144646585973037 0.007582494039673399 0.0010173069108554496 0.08490286487466411 0.05040783385624633
75 0.017615646748711238 0.03999857090211458 0.053498167954864236 0.005767157419803391 0.040273191650852774 0.0669155004257904 0.05982008389664392 0.09398381777269633 0.049337001938761366 0.01439482821176018 0.08124767335979821 0.12161157414370866 0.04044852008273307 0.013019760117719454 0.0011525618434597604 0.08896521634419854 0.06739400661100521 0.015593798480490155 0.10255831484160793 0.02640460725328041
76 0.09087916685048177 0.07025993868101174 0.0482799718029249 0.06994250458531988 0.08140505987955272 0.06399194403876575 0.0668923375470189 0.09176923724311999 0.06150388578624562 0.0084328810163079 0.02025719642394159 0.0008374216451685063 0.05685004654266992 0.07162328903038083 0.054326733456028044 0.02739453042263589 0.02715363406314891 0.0043397740963497956 0.06912311046423332 0.0147373364246942
77 0.04835961779516478 0.09636167356151909 0.0860411145938396 0.03788073885577313 0.02874406629499565 0.03449505454902809 0.0003460855325527264 0.07561253800564151 0.004053568734747825 0.07450855143027116 0.09855082229725676 0.00976897314402765 0.07190317650930858 0.07095380981408499 0.07009364859972504 0.051857594047141506 0.04021399300193885 0.04809077275446427 0.015111927005140358 0.037052273473378486
78 0.09279260439467041 0.007506587720236165 0.09597233671180033 0.01215833655296088 0.09575583159416172 0.0345408750056867 0.0039020987137936285 0.003010773090045012 0.09522645272745608 0.012326648317502137 0.01331291938025891 0.032526073852132686 0.08351655105001979 0.07541826523545751 0.10288740720931695 0.028433665639015594 0.107465588436062 0.01730120091136413 0.021829105507333087 0.0641166779507263
79 0.05541880207332857 0.0011893600163865952 0.040617101042406005 0.013338782608408477 0.08402761193248437 0.049834080198155044 0.07240605482110284 0.005854805534521024 0.08878251682582464 0.07226102853976582 0.011198967502809092 0.09484722887808364 0.09524251322890735 0.012020921962201437 0.005083701373162283 0.06053330027503828 0.03491626334095521 0.07902664516069716 0.08374111747467076 0.03965919721109142
80 0.045787627955428956 0.0841812750461186 0.028340677417321398 0.003935022860691606 0.06102872091515783 0.06878904616110913 0.041665568692140914 0.003418890312769169 0.03811055352437114 0.0799991653769842 0.08158688320608566 0.04901323313080082 0.08779501948316197 0.06954526969907797 0.013324040421965935 0.035701031958874425 0.08592935354618286 0.052246455222186856 0.02882919742568448 0.040772967643886264
81 0.03883471752430784 0.02311265319951062 0.07559009035303699 0.07059909621711058 0.089139562009302 0.0654763449203515 0.0593907574157503 0.06325807527296978 0.060462590698981696 0.04621507829041018 0.06081873247344046 0.0354934533304846 0.009898515607745321 0.06486938310619779 0.061043812939769154 0.033943526634477146 0.08857026949375851 0.0024421307526618554 0.013201050752327866 0.03764015900740586
82 0.039598541095997634 0.053764843092565615 0.07564338813013753 0.008472038593360048 0.05117999770825333 0.049609721135449855 0.05221376260877081 0.005557540074851611 0.02226926745053284 0.06331647270633223 0.0410967253963922 0.04199300044719935 0.044718409361785325 0.03491644584065839 0.05305895345031757 0.07094945733744663 0.05948571514214114 0.08656396471629942 0.07775989645043205 0.06783185926107652
83 0.07629085521741834 0.07625251267697208 0.03378832234069342 0.06022905993680672 0.07639876607257572 0.006677645050351452 0.05920773201340479 0.03918832951786411 0.05707216536650989 0.06098976362381254 0.08092193728300998 0.048355281156800774 0.0843248347046008 0.01225238288527204 0.007478541587452976 0.08669761197606755 0.01789398975851063 0.05623778260610943 0.052580332620071286 0.007162153605695377
84 0.010470188411551418 0.049403857921616404 0.056337621865125476 0.07443130495360867 0.038093107339851794 0.08983732183308149 0.019242370739063062 0.007859940288925574 0.09767035193712957 0.019772628910851162 0.03130711294889532 0.014100980769557327 0.010643549804703263 0.1024919805902837 0.016271750998058318 0.04215771378085507 0.11466023047876027 0.0923917477834009 0.045661510728906354 0.06719472791577483
85 0.030417468210890447 0.02529982852488196 0.05293057484526524 0.004612011543291564 0.0002942176814094827 0.04046420312695028 0.06991903680233079 0.023331262179029418 0.04511712094291101 0.05410284349454329 0.0808742592974431 0.049909133613245234 0.08591533010698904 0.09423115836280359 0.08060152389451897 0.046294680872637835 0.06597021302179874 0.03892960299203472 0.07143760333644947 0.03934792715057577
86 0.10360741828358674 0.06331585175638736 0.010622724474888138 0.016020729670472245 0.09032820699719818 0.026587414309845597 0.022959704495422093 0.04037220759108332 0.082117829285852 0.04794860525778934 0.0690014901593551 0.03956444132047355 0.03433185808277736 0.006875337450031927 0.10118625258736164 0.01612562645681808 0.013457289552581707 0.05117498455461143 0.10417429644001588 0.0602277312734482
87 0.053183209775013195 0.09323527093881263 0.08282947757587429 0.0850180641001825 0.003972426107521362 0.060629020965579365 0.06535778108466363 0.08739060682591322 0.028983909232170476 0.051579629789405355 0.0022409054710952115 0.030408546558121686 0.04529101433104944 0.03567545232532249 0.014608524303363254 0.07066456213574576 0.048894215967771305 0.026074980560937346 0.0681467316706217 0.045815670280835795
88 0.05191588496538692 0.06222592254828622 0.02608997097166117 0.021001728428503327 0.05592679487859942 0.02359612601769065 0.08922278826592657 0.023376992714868032 0.07312441804340811 0.07606942174331963 0.015793232527677864 0.01642711994301006 0.08175705226150713 0.06195370445249919 0.06732850370001234 0.026885121573383807 0.013450532589680162 0.07423084654734682 0.077448721922812 0.062175115904420666
89 0.020271888593987323 0.021596009986098598 0.023754628450392543 0.0757912275148366 0.04044479782610502 0.025277671468355516 0.05656496455327903 0.0683939549929105 0.00772082500402057 0.01457728630465126 0.05507026743379549 0.05967005528665289 0.07139015215975722 0.07876419260232748 0.08965428540662206 0.0488353383758451 0.06813997005017747 0.038225608475393594 0.0597312689963716 0.0761256065184201
90 0.07630712694176905 0.07933262078508285 0.030178786709765374 0.06953518437068426 0.016359852431174427 0.0040759308977139285 0.039684628928735734 0.0681290778968052 0.03606582756651731 0.008809211316150695 0.05476095404394428 0.07287030676311722 0.06430579375456687 0.022650268050407044 0.05714615009307472 0.07821494326238547 0.06418971810475632 0.017528361299213903 0.07172274909003402 0.0681325076941013
91 0.05599878921647178 0.027250752859394663 0.09722798761865172 0.09874361883167393 0.035723094472466355 0.09184433311234858 0.09412549759917381 0.050691073492671476 0.002559746208739248 0.08180667724324314 0.08284626657997046 0.022549349586768467 0.06119387915608889 0.013352072431530542 0.0013457652266020486 0.024279003634109775 0.03550905101069751 0.0006054237239966942 0.04699773302217991 0.07534988497322115
92 0.09844079198170971 0.10493270590528257 0.03737507028085564 0.08426366171253541 0.04806577231650547 0.0354727469837012 0.062923850290253 0.008855333497416448 0.042823469698385255 0.03960961095593578 0.0004895170497909813 0.020171107232134663 0.1057187877969103 0.09291449733109725 0.02656768553499487 0.03171622292781779 0.00035207373025372967 0.020153714965266314 0.06126587839059054 0.07788750141856345
93 0.09168523977295179 0.04852064116115021 0.025309783689333776 0.03863941110873648 0.07057303866990196 0.05392898465145275 0.0332658870469998 0.016645775205778687 0.022521813172241386 0.0223175771469726 0.05664287122573235 0.0482120332607966 0.0921057054635644 0.04796778724302625 0.06212386566978527 0.08850813434694556 0.03278911383657528 0.011538991219646381 0.07250421633029903 0.06419912977810942
94 0.069013932743738 0.001268939167311116 0.1005493413034739 0.09074508610398524 0.005724077498308424 0.024899280499323738 0.03647424689306214 0.047809561119930566 0.005133266890929664 0.046107570201448046 0.03844710080128312 0.05196620275850605 0.06570837550035043 0.030373090679059973 0.04906049535078445 0.08809968630230584 0.07756374812464864 0.04942143669777229 0.0767952254968338 0.04483933586694444
95 0.04243482183394146 0.08969098701213538 0.047951693391273094 0.061615033962101544 0.0758761218697214 0.01507102481049069 0.05198449029231773 0.012590100206029154 0.058567485128447117 0.03810073466033351 0.06243833448831321 0.04669660196888083 0.013844316594784457 0.08841246701814 0.06915518278506293 0.04833503314039755 0.01467884764410266 0.06927692136092162 0.058064234469336416 0.035215567363269216
96 0.0003730845864740621 0.09513227120324864 0.05820032570247083 0.09421106125105819 0.04909676626818948 0.01947068790922138 0.09685049645370923 0.05806796816950701 0.007954446440042548 0.09997180061387478 0.10339936156958439 0.09085272297004404 0.04705470776340267 0.01910796460856238 0.0379895492328648 0.042800462385317296 0.024913712919923964 0.04203633159266591 0.0016995362703986236 0.010816742089439647
