0 0.08048074084024719 0.007274655654671207 0.02506257314197064 0.04234433001924678 0.03217848405239994 0.07584002021037044 0.0468946722287775 0.011038469821994919 0.03408418788258619 0.011213082503886324 0.08908211611086783 0.10097234373840669 0.013279525063271206 0.08934894794225991 0.07401392599061049 0.004970355394725973 0.07514697689203083 0.0598138851387314 0.09150983317365649 0.03545087419928807
1 0.05376607594988887 0.04530376564626155 0.02270611785492182 0.0485659815109269 0.04482350506404147 0.0833191621298653 0.024568551672339633 0.030303107602885734 0.04579434203772725 0.07371021951981406 0.005715403055318448 0.07030093718060854 0.04199740997154747 0.018685328441290863 0.09957436609893486 0.05779542113740118 0.06413219269794093 0.043897370133606714 0.03923566289423661 0.08580507940044164
2 0.05738753551870593 0.08025853233167568 0.013966397995407392 0.03185130618393195 0.07558562447191816 0.013376057198284233 0.07584595142165568 0.03803841890321019 0.036119734501965116 0.05628696620904236 0.06597926053748289 0.0036174595190178334 0.01952024114497065 0.03943525232981852 0.06819214248601786 0.05526828804867087 0.10797292763804266 0.0873070353061304 0.013758021363960905 0.06023284689009091
3 0.08413359313562538 0.05521978988206614 0.0598379867584602 0.030244386175811742 0.03324237107838495 0.010066855846500968 0.008678844351110227 0.08421923805713999 0.052394001872030055 0.06809929923093011 0.0795904445984342 0.06749782584447796 0.02550898214784988 0.01843001172385053 0.09678938671958925 0.07449161780128256 0.04755988568442969 0.017561766280114372 0.019463967476144386 0.06696974533576754
4 0.07963019420433196 0.06368368009597707 0.03995078755067131 0.03768621715671694 0.03850237258968636 0.01136304899810456 0.0723750367976999 0.07367544939133108 0.02381774591134947 0.03912918315849149 0.04474451019412901 0.06581212277592804 0.010438467313524121 0.007515110805943842 0.07993630700858576 0.0787679529787717 0.002640406988818176 0.07303050794487705 0.08677242835993454 0.07052846977512764
5 0.05444056581344234 0.1031237248163903 0.04756856817305531 0.04543530517409078 0.03864661528491103 0.10120314222913261 0.09696535290323502 0.026653844181598597 0.0037786491280352398 0.010248497150196921 0.06861237290774654 0.10164485325265775 0.021222281306729915 0.0487261425615987 0.07342849714542427 0.017025087478946717 0.06194272829207155 0.009997503586946609 0.009472803606576558 0.05986346500721347
6 0.09571014091044878 0.01869849443836709 0.05715803682779502 0.027624447607342763 0.04471119771945265 0.0453661959658178 0.08876445909310522 0.03529979409040188 0.047997656846599984 0.015887859896570877 0.04132566439391524 0.05827864675608712 0.03852616249648482 0.057996696380552916 0.022027644775108542 0.09210202292405817 0.09414708618952945 0.034132325028910476 0.04712577612056697 0.03711969153888432
7 0.07591636716315263 0.05195887186788118 0.07578907388832705 0.07624587684148407 0.07159950143607861 0.0459925276568389 0.04567362844342986 0.06848419306804514 0.03558493168129303 0.030408366321200014 0.016215261905370343 0.052616502277460425 0.019088562086334252 0.039980555525029805 0.0660231896733372 0.07443992353263293 0.015833023761688426 0.07021072483542731 0.03833737469569421 0.02960154333929462
8 0.09045091540173694 0.0479835319053593 0.035860743893858134 0.05884725264821275 0.039906054000348586 0.06915795352015564 0.09086783143403986 0.028936895677013644 0.050278609025608094 0.015408784181971778 0.0014925247963399905 0.06529074312299141 0.0892164775432668 0.08170615693162675 0.06270061891141243 0.013381472596851218 0.08923744709775092 0.04126004382752844 0.014256442629773219 0.01375950085415413
9 0.08979408230862435 0.0478791462281558 0.053478196604513986 0.0700127515586202 0.07796471852914368 0.011843934327660736 0.0569382781094651 0.05132279959167407 0.07091796113472884 0.04535100165673235 0.016337709835246503 0.0027954431827648166 0.04456261885352202 0.01843424483860733 0.052381130862166225 0.07309503721026085 0.017123789233001577 0.06706070670135648 0.09141143169578822 0.04129501753796687
10 0.03231318479606797 0.03675589690813281 0.03651847692399322 0.06405235383824723 0.049611744211350214 0.056411930045537365 0.028075741122003818 0.03762899168430498 0.0021492016629255494 0.09867172684534758 0.019761171687653574 0.09902189089717595 0.05202146867921544 0.08697047380875002 0.004027036277450327 0.02785723268602039 0.056169389109450796 0.08496635789626317 0.030913978540915637 0.09610175237919386
11 0.014261108712758623 0.010709869934617849 0.07410601143516916 0.08340164960335417 0.029235578720920932 0.052729279350702596 0.03545109007782142 0.020191593142087187 0.08062057153745922 0.06928597450623199 0.09320096679323203 0.031335701569042695 0.03639377193813141 0.03464286107415999 0.033407285260372795 0.06789411267379336 0.04889584001701892 0.04722458157280397 0.04463577888450118 0.09237637319582052
12 0.05101651375029518 0.07942771315962022 0.02675891760759438 0.018885336991929874 0.005574206306692685 0.0105624482278438 0.08858498720383547 0.05787741318858766 0.08763632341541731 0.06018132668672816 0.0041002538117802636 0.027861401984959542 0.07299841923664957 0.0615589563522066 0.08386141294979163 0.04759813684829986 0.07016318661834188 0.05227354860880311 0.00885219356965625 0.08422730348096671
13 0.08221383435384674 0.0702105349656827 0.005520083796607695 0.04415690122043465 0.038137742915516554 0.06969953560809562 0.08631463045212434 0.033976695933146325 0.08119477041130625 0.03363569491876481 0.07477413781649753 0.08238460364280258 0.006265773925071957 0.03325943057844094 0.05212292396800943 0.005380088965287097 0.015207648291198948 0.030492397904889224 0.08263498940666685 0.07241758092560964
14 0.07369203956894962 0.034344681103103396 0.06416807709295104 0.07188894426153511 0.08149424880559208 0.014531688092542247 0.091901444603904 0.005444189636626064 0.06684410841002553 0.07507525273442928 0.06406038854410502 0.018375850677712944 0.024641963029827185 0.0021944926090624838 0.05458807142123455 0.05749538029303062 0.0007414486249050872 0.04922983140569763 0.08536577316447058 0.06392212592029531
15 0.0012838017628228676 0.021608676906640086 0.05351858314766888 0.043726334909249855 0.04734752591940533 0.0322901769877505 0.04498117042041622 0.08788995712632751 0.07466738759416285 0.04836748280795056 0.0824814360340526 0.05606162837799662 0.025327692045515333 0.07180522065574735 0.031065447803570786 0.042091150270046465 0.07232665396491689 0.03848494549271931 0.06092627177755761 0.06374845599548239
16 0.036617266663252 0.014744465755071023 0.08556564561437456 0.07073735347941167 0.06829252551793105 0.013280027693071546 0.037894875791705626 0.006894624471017138 0.04987738029647398 0.07525027017011127 0.0521576450453897 0.01169876269215519 0.04270423466187451 0.07748118844761288 0.017194346027636278 0.06214127193334957 0.07326915803420087 0.028923945601090413 0.08939694579801358 0.08587806630625722
17 0.02838809209474132 0.050584347068263855 0.06964600359105089 0.07924388105149867 0.02801972419071331 0.017061721255945513 0.1025753450025791 0.005107441852898777 0.01739180664113627 0.0893059696496102 0.01660475524536732 0.05328091721494184 0.05540878063304099 0.0007505556454319097 0.033043637630364046 0.07518109173859387 0.08744344623351112 0.03775162003370333 0.06961405369304212 0.08359680953356557
18 0.021167497690593846 0.06143984119309027 0.054880487949725484 0.11417853641993987 0.008582910502986398 0.05606094336170576 0.04023620504128811 0.019041321811358185 0.08589621866926363 0.03673803140021158 0.09094482929891477 0.037368729046638925 0.03854026703107152 0.007882562679497608 0.018104906173692596 0.0554216915622216 0.04403691817100296 0.06981564679306695 0.09771628542660592 0.0419461697771238
19 0.04823890825736731 0.03347697481582971 0.006900447766061698 0.010060710738536354 0.03436113746970647 0.04399574756744843 0.09614844695339386 0.11275696306764503 0.08921725927656238 0.007083709447156826 0.10589299851474426 0.03538258966600282 0.022803715263401438 0.060947573859583215 0.08016704723249683 0.06879492719032508 0.018653088816825026 0.045627972152927125 0.027206291072128543 0.05228349087185782
20 0.0653952757381831 0.09217580763827316 0.0060863196981584934 0.050058931935642564 0.06157036537325409 0.07125100600570382 0.07537180628481188 0.06340504328328651 0.024526860362031836 0.08090003460408232 0.015978699271807045 0.0628874633266463 0.013837026467007282 0.0230042580727601 0.040500269421578576 0.09498028106557678 0.003624421382303962 0.0062288867320605045 0.09378767282004548 0.05442957051678599
21 0.09999655561234698 0.06623807699152139 0.0025936462181754528 0.07990976829336681 0.08444268846526626 0.10351208965806452 0.03404671742662644 0.028117699515721132 0.02083464782391872 0.05282624516218274 0.08038163453282633 0.017805769057268626 0.02435979345313719 0.09159506514845449 0.03408198298569542 0.027849602912179763 0.07910393911649007 0.0048802303044466235 0.012802775899704357 0.05462107142260677
22 0.049340102035193026 0.03976063369030891 0.07300849591954942 0.0010124186145177888 0.02021532525924806 0.06256704141985354 0.06606498329351972 0.0364175287050621 0.04578717163957759 0.07340758491865568 0.024089726137506512 0.060519711538307895 0.05235105592390564 0.06753166213863292 0.05508290262814143 0.0512542577011699 0.048869525157156674 0.08098771501661102 0.06215127800831502 0.029580880254767083
23 0.08055516640583146 0.07516446487499762 0.09122739554942313 0.07679160668029303 0.08608521947514285 0.01924316524183897 0.0055882895618988735 0.01733497981001323 0.0017870728929873087 0.07323123654498893 0.020891441996874982 0.013746297507115209 0.03545454032943048 0.058092405376534484 0.04341542351574532 0.08624182973218648 0.026362510050890693 0.10025429847931784 0.015288815127599095 0.07324384084688992
24 0.02761406022492232 0.05820417565767266 0.05313191843704468 0.0013618954876718611 0.045342491076506564 0.037216155559465454 0.011952876375673625 0.0419438594326008 0.06558234527732952 0.02018180439691482 0.05832555513729161 0.08952471208806165 0.05986744956767898 0.08780698458918917 0.05651320347638437 0.060702559432829116 0.05108855222860445 0.05185524353688557 0.04545584348136757 0.07632831453590531
25 0.08806954907427875 0.08351313789188894 0.08075720286852453 0.004843065669183282 0.0695142246696079 0.04037605965521529 0.06482954106542999 0.0352309931472641 0.016622603795417176 0.08811665212978673 0.061467301317056564 0.05675511217324323 0.06146186643915515 0.0127187338619403 0.013585076181175961 0.08713635789251799 0.037836739519532064 0.03888005796736643 0.05667896634692802 0.0016067583344876214
26 0.015830513078356163 0.06070857549601966 0.03232049636416613 0.0542308925416947 0.05633772559440613 0.04966859350649012 0.08963135170418737 0.02066803515089827 0.07116410849601795 0.05369991474838295 0.04363536931090954 0.07629009273177545 0.0844859856633591 0.04717288563620029 0.057531892920720355 0.015396236447134537 0.04020657898524808 0.02603568948759828 0.01422525403979044 0.09075980809664444
27 0.0710433791069755 0.05052777479223205 0.09679095033078822 0.06426266657518517 0.019345585169029435 0.013167655016699585 0.032338372867218454 0.09386610230328311 0.07995809192057085 0.0931487821894757 0.01675038367409664 0.0007425069602732177 0.05153830535564632 0.020596437743607764 0.03040605156302577 0.04891703694390785 0.007825267022218533 0.04642004702296875 0.09175845348440262 0.07059614995839439
28 0.0650323374454016 0.03813833175610999 0.02889179564192174 0.037608412361671416 0.07278756423374783 0.045376505497126546 0.0404236448039463 0.06946724931794496 0.040173372683007906 0.06391797240790884 0.05345503985839449 0.05345106452605207 0.013862015055592154 0.07259666717134887 0.05696016897355923 0.04845923817099577 0.03950554616172658 0.03918845741360355 0.07299107124729803 0.047713545272642356
29 0.035959504232188966 0.0019449903363574635 0.08706951336131016 0.005819816933510184 0.05023206969936035 0.02166105834028683 0.09702619212234985 0.017407545015705742 0.09236132561010871 0.07845572470881373 0.061102350377935044 0.04503060735788812 0.03560244545250687 0.06750901298736534 0.03644944475958419 0.04782215101869964 0.035002377296409336 0.010955990821142852 0.10561897717129033 0.06696890239718631
30 0.0396173042690973 0.05720727126471282 0.09293374002060938 0.013635803200232118 0.04748791943712713 0.08953651617881275 0.07519354575511782 0.004105804438521005 0.0028977890742900854 0.0496366799086772 0.022823775057889552 0.09413121923663652 0.04847779691249725 0.04773186917553545 0.08264693315501354 0.04331254339768972 0.04487386783471052 0.06508070464749144 0.06658261546358211 0.012086301571756152
31 0.037497338975625794 0.07536514731118889 0.029324909190822413 0.09713761814458821 0.013694273539467849 0.004648483472783006 0.1024269757369781 0.04540788879989397 0.09097682178157128 0.04808734471648577 0.0883421500879275 0.026906278226708005 0.08434804204469311 0.023068502850496133 0.08256255503058896 0.022286823925196913 0.06161170540946036 0.02948516552453505 0.002359112084699478 0.034462863146289255
32 0.06822861306003854 0.019108588312779163 0.011093264802441308 0.022780362704288272 0.0897177413836789 0.08980483506831827 0.01775662817718624 0.08949598108822703 0.07491729330424966 0.050314700298427995 0.006292335744373627 0.08615289647577863 0.07270455976884427 0.04217002755530229 0.07638436916806088 0.009373858505551438 0.019736759051824496 0.07387795800138788 0.07349530332281466 0.006593924206426389
33 0.032484758144190266 0.00042027070550786316 0.08585289012199782 0.022344168138503095 0.03911852224888206 0.06572634140199625 0.06359461096858851 0.08686026068662257 0.03905208807875657 0.08557504543247003 0.06490810741715396 0.08066095229509052 0.018112592290768628 0.08515047309206343 0.04444679088347638 0.038917050955122004 0.013835494119853806 0.05059049256516269 0.05268831955065909 0.029660770903134598
34 0.05960828832459132 0.03461500430085021 0.03658193471023061 0.0644446805287548 0.052140967080219106 0.018906187829251617 0.005520765850512948 0.007068073122080611 0.10319018268523858 0.0742437148267066 0.008952550098003463 0.06503858001563224 0.010234800157453858 0.07666553727814436 0.07250267211180733 0.09550725987255021 0.05389061418736882 0.041378945758092735 0.045633525161784115 0.07387571610072664
35 0.042407642999714217 0.017611388066052204 0.08451658455306127 0.03264696389165122 0.0007034137668306689 0.0032264360990791356 0.08194356043070769 0.06346279243778993 0.08128194204796083 0.05865301943456408 0.0780820110267035 0.039126090380011025 0.017292489934180144 0.08873101145274669 0.015271878984910118 0.06136068842386893 0.03287398732702035 0.0872126409384326 0.05410843866482042 0.05948701913989495
36 0.008417159704937855 0.05860893992575255 0.07968581317243986 0.06775858978707922 0.07786501453071362 0.038308996687955836 0.033727372615163884 0.04357407718669623 0.04238346324888187 0.06289142012190459 0.0648590877865575 0.032534616954508364 0.02089951150607383 0.07538292722842137 0.054057505329208964 0.04398150896992833 0.07323191444272299 0.05632160465416278 0.04798884947269628 0.017521626674194088
37 0.025842087295682412 0.07593841615556594 0.07223052729653906 0.0782579432893472 0.04535702383352999 0.08297193188358526 0.07604130679267868 0.074693492812761 0.006024659703636028 0.054474903096784294 0.052719530059932004 0.07163501815845905 0.0005331753284527052 0.03167068401196274 0.013961963702496055 0.060812018310580605 0.017977014546092403 0.053851989741356465 0.05321415368459257 0.0517921602959657
38 0.03822453403317483 0.017014830213037718 0.038200303464029306 0.03239133749969334 0.045646262013101686 0.054937644530729864 0.015642234768131903 0.010992477101791102 0.07143422062742896 0.027410574797167905 0.020753887698111775 0.09381693576846785 0.06370162178941223 0.04237794600296802 0.05276917567479864 0.0775903244362831 0.059020833056593565 0.08489279522026688 0.0744219268696647 0.07876013443514672
39 0.05068836984621608 0.09304974594825216 0.09547890044662546 0.01604459412447899 0.096765021340205 0.03191868907797621 0.06087390088117532 0.02528952109278235 0.027831883928141662 0.010628339828998622 0.006306939192520407 0.08425159779980351 0.024265899544862933 0.07800799117674746 0.0020136638511605146 0.03583591156585778 0.06489561131563938 0.07325132709053789 0.11373242326651858 0.008869668681499599
40 0.012124239174245412 0.029603959338245684 0.049085177086158394 0.0558011516419592 0.08489354101930276 0.03550018984608399 0.10189751921561521 0.03657426706982127 0.09727763231509248 0.010192275595751936 0.06307920570326811 0.06053642202766341 0.05048826240432422 0.03144390184474601 0.056750801839585495 0.027999411332183515 0.07120192455888989 0.0641814236779235 0.0357131861652745 0.02565550814386475
41 0.04673056222593697 0.050538258148427675 0.09222692864659425 0.07563231094779953 0.014029446259192111 0.029205093282308033 0.023277587349847063 0.031394144730822464 0.020619159033309898 0.0625560815039333 0.046592711771426175 0.023265451622951107 0.022762828122474363 0.10317869942286623 0.034109725761739616 0.04606887648403129 0.05825679633756769 0.09148125229571107 0.09177222577632649 0.03630186027673471
42 0.021757997028344817 0.08499131500878694 0.04398701650417503 0.06193891216953982 0.004950588608016386 0.01676828971866708 0.026338253205173485 0.09199655715824918 0.05375314337215793 0.03520209093200971 0.08831044254188444 0.08766384779123397 0.07271354087379746 0.07318256919110332 0.04344316804715174 0.006606658918504008 0.01985581006309529 0.08476181016057993 0.019858562948725032 0.061919425758804325
43 0.03188354092258227 0.0845509548871549 0.04666137477999621 0.044513893571785014 0.05934351803727192 0.006055613232990836 0.07459952705203557 0.009635135243459807 0.0841299886765695 0.08042091112468715 0.04242193041227533 0.019199036840387564 0.004130540946268331 0.07758366001602882 0.0468648977855239 0.0094853007653235 0.08798793525947948 0.0441215200273631 0.09856909191756613 0.04784162850125077
44 0.0981400185219732 0.06514809743428018 0.08969634413231675 0.06953301284944782 0.0600055562460005 0.031477686858144505 0.019028967820240394 0.06712903288051371 0.03373146361372604 0.032812982814926936 0.0022620367241997564 0.09172236520486605 0.005400583840072036 0.034721443236862694 0.09401256629397756 0.035192083374104684 0.012735466950042329 0.08650677717913949 0.026768612065634106 0.04397490195953101
45 0.020703676461480205 0.023247783160622714 0.05840834273174776 0.13123493451129953 0.04627084997765803 0.13109319682838444 0.07762083477513124 0.01689906433114274 0.00787389505777748 0.016358194270846168 0.13383265883411868 0.053636682559972226 0.08495638608428714 0.01498580551465921 0.01470234956462393 0.09540508543793319 0.019591383045305402 0.024863013612878043 0.0003278034166757937 0.027988059823456146
46 0.09263174883247981 0.05454956064250004 0.04754316487955791 0.014154298527038046 0.061070915499424845 0.032238484302369134 0.019135444955156747 0.018946382206646198 0.06014921224858945 0.04192720944743366 0.046531148987421056 0.10227405608270924 0.029573133829267892 0.04547977037484658 0.020521722487754596 0.11778229282652393 0.021027525314117536 0.014562497757518843 0.10350768471210604 0.05639374608653844
47 0.07340979027500696 0.016812388014876903 0.08373553427649405 0.007347898534084736 0.0932815484003996 0.036232090468660695 0.09056335061605665 0.00029629809701094476 0.01802330740526778 0.047667391680814755 0.07706137970204198 0.021490985924727323 0.06796741418564282 0.05356024260640119 0.08768082399615346 0.08663498036510901 0.03365550516374811 0.005965277492721482 0.017787401733460224 0.08082639106132121
48 0.02406146042963568 0.07176205998055228 0.050914286188862276 0.0751370015710301 0.01912552934872554 0.003449540555900634 0.04358886174946165 0.04528004725432049 0.00297499297402062 0.05373429086022487 0.06001583530299461 0.008861987812638505 0.06376885493723393 0.05120716424482773 0.0839449595514848 0.0528558295162254 0.06090864645879966 0.060005467459609364 0.08847729302312254 0.07992589078032945
49 0.030590277715330818 0.012515297932132517 0.08563205716582205 0.06699519065139711 0.0834716660978364 0.037009628571512444 0.05669511323504556 0.11568518985910775 0.04606588796310585 0.08608740927702661 0.01749640060916261 0.06723866075208856 0.017775771228444693 0.0005459718233555629 0.05557416807118056 0.02542562355805171 0.047084099373632504 0.02852406628198954 0.011219206912189722 0.10836831292158745
50 0.04875494777619798 0.06560726839321439 0.05376510361375957 0.07883677753176528 0.006088969703817361 0.013818117132073579 0.06851116568503753 0.05684597263127325 0.03693583932053939 0.022566972732125164 0.06747159999171194 0.0548326033404594 0.037909744979821414 0.07921254890690874 0.0868967167878148 0.007715824072491017 0.07398090004155182 0.02211347487017233 0.07289057009570415 0.04524488239356084
51 0.026279489022458077 0.09000858212600273 0.07994263666790324 0.07917339815544228 0.09125953512838804 0.013020718238209644 0.048178032580726296 0.0702565773509857 0.0412858142395847 0.06689193269894002 0.056158965935545015 0.027762045918199835 0.047983341527471766 0.07044621104493094 0.005186227410441006 0.03729104088589469 0.003741221260901969 0.04964746545957521 0.019457419184838586 0.07602934516356023
52 0.04917934614616874 0.012931421845345362 0.01207478333991997 0.08156598497624847 0.050460617986771344 0.0251401414797591 0.10921806378792227 0.04330283976489274 0.005688815610144428 0.060251258954404065 0.12651763150027145 0.013577743078751432 0.0958171252556008 0.07810898676161647 0.08757317618964941 0.011148232384022655 0.009407556593101512 0.02007826069699088 0.006823007153202167 0.1011350064952168
53 0.02828186052936396 0.09097191143460466 0.05380312009280348 0.05743348083366748 0.009528446951588785 0.058690446600324686 0.06955728710922392 0.1011437126980442 0.005599431191081292 0.08104053437504405 0.08788221778828788 0.0750410626770241 0.010380417804309249 0.09562950795231986 0.04565222083680205 0.04182090372482762 0.004603556728580821 0.0018961530525615506 0.07091285784172932 0.010130869777811113
54 0.09040521934245162 0.08442316559117563 0.05878822921213697 0.022039317697696154 0.03723489011604308 0.04648940962692485 0.09823858772199309 0.10103402217556104 0.0620489810767884 0.09225281053933053 0.010071107644695104 0.03592301406800882 0.004624605894802841 0.014195530781795182 0.03695976963069327 0.0146821830708895 0.009626606822413132 0.07228941987678188 0.07992577183511411 0.02874735727470497
55 0.05940312972539697 0.08158176175353302 0.0826739898710098 0.050834069487974906 0.03189777185611508 0.08340727440144612 0.049708166493216396 0.04552142659867752 0.06299776002579151 0.06966735376098147 0.005651188128074136 0.00784277153654916 0.0645312455396381 0.0745627902415645 0.07865050129175755 0.0065970803060136545 0.01481287996418149 0.01585306855884699 0.042908925949554685 0.07089684450967688
56 0.07369841040939165 0.09985747502198705 0.056386908217603754 0.06977585947707514 0.024485219153023634 0.07024966023706106 0.016663438351544376 0.05380642437685708 0.055206174976618574 0.08294780413712305 0.021631690112617848 0.006222023623863917 0.0741380824365464 0.08639676151290807 0.016057662184064708 0.09289132307267518 0.004181188402766591 0.07863299221991801 0.0038598018571591114 0.0129111002191949
57 0.023334373855952144 0.011566735316991705 0.027554312184173365 0.019788955312387696 0.0711665242611898 0.06843123217893983 0.06180544064066552 0.058948162493672664 0.08602608581714216 0.05441018795469484 0.062360308604150975 0.07922845654255269 0.03314235405994066 0.033740461726209536 0.0024746955103993992 0.07777119659249758 0.05741161094625569 0.06683225932353107 0.07461615176813721 0.029390494910515562
58 0.046041984213953745 0.0650884872509774 0.06117107451506143 0.07688193288885171 0.051030360024387836 0.04901612592373085 0.028169118254882112 0.033086755064445125 0.037397221841620844 0.07732207008421974 0.04636141221827746 0.03539154116831294 0.07499583066991662 0.043147484611206086 0.07118968668839099 0.0399813057828204 0.020511250351876623 0.0356718425637188 0.0669593862783121 0.0405851296050372
59 0.09276701775283744 0.0748994648116066 0.08243361025763715 0.05139240835232325 0.02873029057041526 0.04473553780363883 0.03602327579738593 0.06197786003241493 0.056639991734243854 0.01752864518010804 0.021847415365482247 0.04219277096973508 0.020188061132337298 0.04603917684276199 0.057612987891935016 0.09271293786895682 0.028220110033484243 0.034944946133022306 0.08793966706370222 0.021173824405971518
60 0.0030470035328385905 0.05506229645483035 0.05598853079554088 0.03973303776786203 0.06976004935620432 0.039235225032875395 0.04831967642778642 0.08145852842183396 0.039279057969113365 0.030605403363657427 0.06581776395124894 0.015456500091826897 0.010453034103361798 0.0629066237809873 0.0683423033239647 0.07488863925008135 0.08398684854551206 0.050713878150658066 0.04191818129807878 0.06302741838173734
61 0.07043467181014486 0.03410575004425535 0.0880934658520075 0.014270174702190844 0.031864893131572924 0.08317949607136407 0.009101230630798573 0.04583409742996286 0.009454866344246683 0.0971028141098662 0.05029883805978564 0.020490295136269956 0.09540146343607113 0.08412837941940783 0.02452473788830281 0.01198247550847819 0.06004496887123875 0.09760797372447466 0.03684229087384827 0.0352371169557128
62 0.0005977011776246768 0.08310486527305826 0.049470948224153634 0.08995856806503337 0.06324726016442074 0.04535222971816514 0.027155858347667945 0.038178088237718746 0.07879698797217147 0.053308440607136354 0.04781245371659513 0.07561884320304434 0.04889790608739801 0.04877506622270563 0.04592810439938448 0.048487592103238476 0.09973267110106977 0.030206954336015144 0.010146547826039826 0.015222913217359132
63 0.022036561868747067 0.08701468206358642 0.02801079840265162 0.05253492112701648 0.06749089632596722 0.024023420635038418 0.06380732252644451 0.09150361139401708 0.019550993985079198 0.043730453046776495 0.010774312599976129 0.019209500864904208 0.06298107323038911 0.06720010970951319 0.05531309515355836 0.04527555876936005 0.05196859972933987 0.09106292042659594 0.08722483169460488 0.009286336446433903
64 0.016094729856100793 0.01403023673524348 0.06437792321929824 0.017832563041213785 0.051963451735905386 0.04481977811072581 0.07036625416658644 0.06849752513704822 0.04228944083240099 0.06234711106305641 0.05815993235090235 0.04613703374090734 0.06543124466282316 0.04446689297452814 0.04321969831871469 0.05207911788265629 0.06214835676645598 0.05692261984498108 0.07427443444358718 0.04454165511686425
65 0.10078469774110457 0.023510821039943276 0.06704392828416729 0.1017692828906895 0.08338578259857643 0.010801145534483808 0.00883614334037075 0.030107866652835557 0.004542089282145846 0.07550882880869152 0.02939294234619258 0.03438883081445705 0.0723313319136002 0.04536773767283902 0.015775182862515447 0.09620216855142394 0.06784921228091256 0.01710391503793607 0.09962774666573962 0.015670345681375042
66 0.08323337864136598 0.07489508109010896 0.01532772481627756 0.06798682390648865 0.05766198209050747 0.0007626308102071402 0.05437839785915911 0.011713430917645717 0.05736037990642271 0.016273557212793704 0.07199156912047376 0.060448939418284706 0.07351938844598324 0.07242742962117464 0.06462226568360291 0.0004206989837660365 0.045160549923368334 0.08354520532965934 0.007051145836308834 0.08121942038640113
67 0.0497326436231374 0.03694004171946846 0.07451223881271409 0.06350627653599261 0.0031576361862626725 0.010647396154402385 0.08192387164510706 0.026315505517551175 0.030922934578623367 0.028296536611056234 0.06446949843764833 0.07598440007375704 0.08433341476097976 0.07349594850040518 0.04664880439101594 0.0429599332342044 0.09137362568066877 0.007660632829797848 0.08877851724821552 0.018340143458991813
68 0.08031509182973726 0.08867872356253224 0.05620540987471636 0.0050416238193574416 0.07889391366614623 0.046750063394720744 0.013483094174114484 0.00587349818022266 0.05076491020520503 0.04002149990790167 0.014771937043420095 0.08162510082015083 0.08682348875048025 0.048924596668406595 0.05428894278370758 0.04737383055593472 0.02927850777837673 0.04234554616891257 0.036230080294058505 0.09231014052189775
69 0.06077707311401342 0.023579581219829174 0.06556447536388885 0.037443050108207095 0.069988950866849 0.034419333035448835 0.05032111136394712 0.07158756225643226 0.03242831193059323 0.053843691013038535 0.03665632386050931 0.011808076727911261 0.05998315223030296 0.07113334149543424 0.05060376355899048 0.05012952218494733 0.013282831250255396 0.07597228582918429 0.07239328847269429 0.05808427411752305
70 0.09208648132697139 0.028895969291804775 0.034349386370952056 0.040986535813151266 0.0429313634374829 0.04350340345548858 0.01802813719997521 0.02832778635632638 0.09024950339600098 0.05051427650543252 0.08048243847745043 0.027779015056705367 0.0697695743266236 0.04490965378294379 0.0401024722312228 0.049324766105820185 0.05940034792965415 0.034714527902432575 0.017427987642934597 0.10621637339062633
71 0.06059475264692151 0.05222583051700096 0.05773321216217759 0.08264361139579042 0.04019539703359536 0.0018945611002802877 0.0018347334099696397 0.05345051268435211 0.06546439394592421 0.08676930739524148 0.008657353832474197 0.006141764165470848 0.05969663698294652 0.09184991873490271 0.06002666042172439 0.046549635306489645 0.07517417360772546 0.013257211760605337 0.06182082652753692 0.07401950636887042
72 0.09511105539521107 0.07474085678281746 0.012148891899503845 0.029282282974188795 0.05078533730648728 0.01433311911656109 0.0076031252876104785 0.02932083369886076 0.031867778612480024 0.06404044493602677 0.09733363085242541 0.023910506950774534 0.046497547880687495 0.013595719870009333 0.09738195051437148 0.06740957373362585 0.09418399821894818 0.0035637438677156774 0.09658950368320526 0.05030009841848933
73 0.09614987013366917 0.04513070822596389 0.03439048414534205 0.031737821617170904 0.00924481538446121 0.01176521381426392 0.07049069822791015 0.01671695622266055 0.10040627613101225 0.09624982211382183 0.021329127707152982 0.06378859541383144 0.03401857634461243 0.04523446258709757 0.04988349582152643 0.09116175796013588 0.07737752074532538 0.03456628284825769 0.020081115578188265 0.050276398977596
74 0.07440817278191376 0.030798630985541066 0.07023803461920969 0.09776170376837846 0.0500483653931279 0.026189493553625043 0.023055425958535734 0.006830919339351572 0.03316353862130152 0.07733735089602638 0.07370747583760703 0.039705119193979996 0.08725997725975347 0.01298512896300123 0.06598440827500338 0.03395948263514469 0.03359309233573356 0.002595262659196729 0.07376127616150513 0.08661714076206359
75 0.08308802111474735 0.005678093649717852 0.08085983164972155 0.05876209271664742 0.04643373801202538 0.004773325531329707 0.0861960371690208 0.05333321411787204 0.03632665327483754 0.07938372718426431 0.05499785283058396 0.05165400463495275 0.03896388226772879 0.06829900766474338 0.024956943815693446 0.05351527818882898 0.03396009852831583 0.07131023915554113 0.047708316203674564 0.01979964228975319
76 0.03866658899034097 0.02318980534757471 0.08260204618602701 0.08031047516870243 0.08752524432083958 0.07845816872942935 0.06165015728637631 0.005768296111817907 0.056699184895092423 0.074124287348706 0.07225862877437152 0.0007861397848737227 0.030395749992118762 0.027926754676903406 0.04813364724128798 0.036614779917687953 0.07864602573952999 0.0003719055971625086 0.05924345260415002 0.056628661287007484
77 0.08569186394845081 0.06095903185619527 0.014467420303032967 0.06962119889418318 0.0761576931104763 0.07437369198175757 0.03812162537847446 0.05928628816064555 0.08550218525118791 0.07854835626220319 0.048291142909747675 0.03776229588612269 0.011274972822910723 0.0309543456378622 0.009738370914541338 0.005768708123172853 0.0344245314884218 0.07072101589773469 0.037654215843968226 0.07068104532891031
78 0.06986910086246145 0.009698413714341879 0.0455771119203272 0.0331859224122023 0.039373830132961224 0.09604722370651823 0.021742784446467326 0.007054937699583853 0.05505120404501152 0.04101931344129972 0.09296081648076719 0.034793266945298336 0.0853947133219157 0.04747297645713742 0.09474628076089081 0.07009468793486583 0.0013511624137452505 0.07095244956752839 0.044809794667909915 0.03880400906876671
79 0.07983755235487174 0.02974813024810192 0.05342966350975422 0.06543831656623857 0.03715484466538331 0.06430169731241604 0.0016616538145894032 0.08700978150039862 0.05009399717928351 0.003933590109445619 0.09727371033486076 0.07463528107347807 0.004989120588022052 0.07406744098156534 0.04559128425609246 0.056482445644493035 0.1054253995773705 0.04176176866867595 0.01809478010708516 0.009069541507873834
80 0.08689142232988922 0.035321934254760205 0.06831519042928383 0.05464419027254375 0.07401805817681296 0.038259229272258374 0.03755946738941533 0.0710837042868267 0.04435226438075787 0.004306767756992868 0.08545146308811315 0.041837611983990566 0.016330523491974877 0.008118007435659916 0.040825726167926575 0.06645445319983756 0.056653962902576765 0.024086451754778505 0.0758861604976157 0.06960341092798546
81 0.0025769166550069214 0.06164822113476448 0.005491802309265592 0.10654092491243454 0.04813626503701552 0.0033135452454896284 0.006539135727251271 0.05476129469181106 0.07956490319892374 0.02053712701046688 0.10716310088858907 0.007121592023827322 0.07311417506751722 0.07884035132405207 0.0431384811781887 0.03524517963890052 0.06982101509619316 0.05987593514702212 0.03528663695043748 0.10128339676284288
82 0.06685140632502747 0.03304061571199813 0.06770042698568192 0.057038138898206095 0.0651869126665216 0.04216607818306171 0.04523793832727762 0.032054516433041406 0.024565598673935533 0.04708375750752384 0.018796350240684993 0.056827768631617176 0.059933880031632365 0.04443680546307153 0.07052460591421389 0.07651689331693773 0.059869557025565595 0.061691739506473074 0.060724059042975224 0.009752951114553186
83 0.0014088067881351143 0.031455349694371484 0.014807983382725747 0.06451948448558673 0.051129455281906384 0.06068292341025946 0.016168765114372218 0.045370345279329864 0.025216257733932566 0.061204433229915374 0.10518827551569795 0.04623207696928221 0.11167952390057925 0.02758892247245381 0.004828614441005138 0.05420190326855603 0.06813595949030614 0.10152358128743846 0.10354785605856832 0.005109482195577861
84 0.010868584303701627 0.05304490345505559 0.07172351322164126 0.013445082658642929 0.07118278902005802 0.07495079253518465 0.037974194142194544 0.04033214278232083 0.055767388750275315 0.09035087771268209 0.010992465385063396 0.07952406355023012 0.037726084893020144 0.04174118080571375 0.00023962968544720964 0.10295483315395387 0.048854869839427176 0.0431700115974941 0.08194005257798488 0.03321653992990869
85 0.0914055689377797 0.06660519148902419 0.03641762160798652 0.003678149627399013 0.11338338833822022 0.1096255945254987 0.051415911111625294 0.07163535689506503 0.06319967983972272 0.014760501258255586 0.019230910372366107 0.010920012932174933 0.019991767617197162 0.05527410629199272 0.06989877209406244 0.030764403223801074 0.09281961087450241 0.009485860923064015 0.04368252340503726 0.02580506863522498
86 0.030613887813072355 0.11087087529780726 0.0904490836653151 0.07579350370187649 0.026727851915002907 0.001607656216680878 0.027876823074888375 0.04146134678096158 0.0276649781400807 0.03698974633976328 0.008149728925965551 0.01331644597356058 0.07490321739969534 0.018321737810632656 0.06333639037080332 0.048343141833919634 0.06132484522000776 0.09737918064136128 0.1104402193860329 0.03442933949257221
87 0.061598046444172376 0.012299224392183538 0.04627706693979426 0.029904431654519763 0.08740129041717852 0.0058333048052154005 0.07086996009099211 0.08587982591479792 0.08614923256001518 0.03705694400173041 0.017872880524367522 0.07585862145528471 0.021708689926626817 0.053813146128577634 0.015141947569462981 0.01475638347999691 0.07262443266177017 0.07498614505122642 0.07525636000014568 0.054712065981941886
88 0.026333954311895388 0.060380834626241844 0.06602884446046163 0.017222779370804832 0.03147707926128259 0.020308945691091054 0.06197631552565181 0.07405647107460517 0.042259704812648194 0.03965881347814747 0.07650136742029132 0.04717806335332024 0.0299764690176895 0.061936674976137085 0.01767714474456564 0.07379222782303457 0.07732814608458582 0.06506741475030645 0.05587724076075806 0.054961508456481276
89 0.03545183322581083 0.11093267366984669 0.06681261245968666 0.0610110563317772 0.06630495574834262 0.10744882544729022 0.01680149814239415 0.027212443733497408 0.010980761697561618 0.004389665162883212 0.01745433636193527 0.045154468248373526 0.10568117560269055 0.08128052464756261 0.08615138516885124 0.024735362754435917 0.03718382948286903 0.011724297192579893 0.0740232401157408 0.009265054805870785
90 0.05586134647513635 0.03636773761069537 0.04423479694339091 0.0073072036880192336 0.004569916623643535 0.0382354079274088 0.09014676208031089 0.07675734790236732 0.047371756971054634 0.028047537883333525 0.08748789090892159 0.08235331111452178 0.07287046383940574 0.053418974867089394 0.08445780648283296 0.007128283383548453 0.027099096003410608 0.01781699451485393 0.08005017299991847 0.05841719178013651
91 0.0712856518861844 0.08096749888860766 0.042710206351901384 0.0608425671584985 0.005658807338010918 0.07029510800633251 0.07481782058537935 0.014208548904879097 0.002718678907064779 0.0671515037471204 0.049755950572797907 0.06501843219366565 0.035711544652771945 0.05110660002500469 0.016830585391156613 0.07701361376742677 0.003667050002451128 0.06697388330437783 0.07500624590756523 0.0682597024088033
92 0.01625019255420713 0.06344002440940222 0.08332153337801776 0.009292705893821312 0.0666055639953629 0.056963565624243505 0.013869540405475543 0.017362580596102125 0.06593494772953368 0.08576532960597408 0.04289011618106862 0.06205782847111154 0.03933888191633514 0.03489109135061321 0.08154051564020451 0.04639951793681846 0.07990199189606742 0.08331712815870543 0.0026505803622179865 0.048206363894717504
93 0.014832205656874356 0.00010952218732132504 0.06848900539785746 0.0316439321612757 0.027535484200720158 0.0791021028317991 0.028052684316404956 0.023880863845791904 0.059700482532119764 0.06151673425590842 0.0453122045582381 0.07593413812843777 0.04490098549369646 0.04285809848560812 0.06156826920554462 0.026540493460937585 0.07992963407722405 0.0900031243354307 0.07749699878116324 0.060593036087646254
94 0.03871060718400736 0.08812308354201287 0.015579443929643494 0.05608188569113052 0.0674378347684176 0.0721684755890934 0.06711675956689377 0.050725385636922554 0.07512002854761914 0.036129112709333666 0.05789503146238749 0.0012156662666878326 0.009532811573565898 0.05251415926238089 0.016308742392962868 0.08658508452792213 0.049752368130919704 0.08806105122745156 0.0029681789334963264 0.06797428905715107
95 0.06174435623572359 0.07289396969318018 0.03990620384242121 0.029928690663722914 0.07511575955248545 0.054340385880802596 0.05801378163654227 0.0910358657750157 0.0024103504218304906 0.0832710820796556 0.04772935623279927 0.08466925197559014 0.04077066332839045 0.06211837590415293 0.022094171098556784 0.027106943139918946 0.05881083818513124 0.03149931332889753 0.037563688532814096 0.018976952492368693
96 0.06879754909147463 0.06085326502777487 0.0599454239191544 0.034252691542242544 0.04370813578967551 0.06551017093745644 0.0716779374509574 0.07864184514721069 0.03299571973443287 0.06036275583708033 0.01665915565896134 0.06962335996553579 0.0399522184121986 0.044143195090261024 0.07039618808160904 0.030639881499138825 0.01719094981085835 0.06424953100825885 0.029325182313383158 0.0410748436823353
