0 0.022936478153112536 0.024604305777410747 0.094960446622382 0.07127724855525869 0.03477337140747983 0.012624016685755381 0.022231228265080623 0.058170899462781575 0.048560253024147335 0.027779450965523797 0.0906990152700229 0.10094412061839511 0.037825532858489566 0.030361379022093887 0.11639097780189508 0.005862940845039338 0.058020600770827255 0.07969025010766746 0.03013647749413773 0.032151006292499
1 0.016076545782653426 0.06956115973124734 0.07488412156125489 0.04205189525596957 0.03167065357393195 0.012106356519191449 0.07447042725299054 0.04598557893857646 0.05456283590593217 0.08774066885691276 0.041982562182422974 0.027321769582604814 0.023635425769433973 0.056940159052905476 0.07431203701898433 0.0564132006069298 0.06703557920332581 0.021582970180260362 0.055117291888439876 0.06654876113603203
2 0.07574884280722742 0.04093848660711087 0.025792323071679637 0.07087765664380609 0.058259887817705115 0.049285230416526674 0.08477755896325366 0.06139978491705048 0.09269063455773434 0.06024565390098965 0.02478904631912762 0.06553581751501197 0.03393329159392528 0.057707698411830245 0.06287901579208399 0.008587171423203444 0.02222942360988642 0.07986620087983809 0.012652006940207537 0.011804267811801588
3 0.030614162758745594 0.037204235265329955 0.033941441414058145 0.016690665754608137 0.083516550181682 0.09301111644383687 0.06998688732830663 0.00854071296685024 0.08484205781860261 0.07889407286832963 0.08382541917741375 0.0543363219705852 0.0025608749321351944 0.04953157322223181 0.027592552471799456 0.033487382428215945 0.027378558112906043 0.031164384515892804 0.05866711287709241 0.09421391749137763
4 0.06748816629564686 0.06951963916342456 0.07305326144507406 0.06258031077784283 0.07916054499448531 0.054173044909481216 0.034538614370316835 0.056136515150944095 0.05410703044662324 0.06253795755423197 0.005839657724098651 0.06475726818966576 0.0813521537011663 0.04977980018348573 0.048997826566415784 0.012935944987982347 0.013074499290052033 0.04454026215558505 0.061627120494637956 0.003800381598839325
5 0.07083384110324341 0.05749609474460581 0.09758435360007867 0.07223864123148739 0.08788891182872033 0.06086395709896128 0.028145593116620928 0.010914402244336345 0.07995909773173526 0.06659953183498123 0.0628046181417177 0.03088266310533981 0.018122721600144456 0.007900235378578792 0.02783838144200514 0.0047127722628650445 0.044838234852915146 0.07631216720808238 0.009685216392540861 0.08437856508103982
6 0.10131538662225066 0.0390744158439849 0.02395971716423383 0.07347487687279666 0.02280536076452902 0.10024310223636955 0.014865867444968636 0.01686442679676365 0.09775846496508556 0.003345986681538253 0.06517778637220499 0.01338056497233415 0.08385196035761593 0.007497416950032041 0.009525992428547422 0.0959264869076004 0.08732887304636182 0.08259118175992822 0.052916032553667544 0.00809609925918674
7 0.04333854107999966 0.030431100633948677 0.08957321319410534 0.03382044492783953 0.05173137924254906 0.006123154345270957 0.028792009101864063 0.0051505528482130815 0.0033420459493774613 0.013860739024261591 0.0733572881933218 0.0696938591900691 0.007337470035351111 0.03912336151317782 0.09885512136436754 0.06098289922719699 0.11169236030813914 0.08689715880126979 0.09693286921399767 0.04896443180567973
8 0.07561374342910288 0.0006026687815671156 0.06318711918083848 0.08004183237676751 0.04506450341115052 0.05073019983828287 0.046892861027100746 0.06497326331344033 0.04958715885782305 0.048053557549394776 0.05661317403971581 0.07446368766103903 0.005947115089984755 0.022858396174928772 0.024634573769357137 0.07841142559777055 0.0740607166600771 0.05767602673883092 0.04987193130148981 0.03071604520133781
9 0.0023131403417304378 0.028541824198171875 0.09777006310116781 0.05106005190731932 0.10006495132195922 0.010615921873627747 0.012058120352411252 0.03246830739345287 0.005281013303689637 0.035809643481111854 0.03880237398455775 0.09350480766846983 0.06809479593170369 0.10251706080688341 0.05983839895140643 0.042968160274530515 0.10800547773650164 0.018219827080911938 0.055881762900508725 0.036184297389884094
10 0.09433855094566476 0.08601540594984289 0.034010454363837456 0.03176062389510593 0.07565365946847959 0.12067152705409644 0.02846367979405672 0.0777647065063674 0.05085877228901667 0.10105977029450518 0.03650752358464277 0.004358220019005231 0.05123164374338675 0.05665538814467014 0.05973491918837451 0.005982011910618045 0.014378582645679006 0.020482973347600048 0.0032366223274077613 0.04683496452764258
11 0.02392731824033983 0.08414156982828826 0.05041734811326025 0.04235862183959829 0.03850155544035122 0.0029306668421246905 0.0977117849919574 0.10116277758171498 0.04886047726465806 0.06777846299404182 0.10632385203713572 0.044070698264660195 0.07647327575319417 0.06777012591903817 0.013218875298323647 0.028393225959253057 0.021753149369615424 0.00028313992972769074 0.02451032865270896 0.05941274568000807
12 0.02674806386246993 0.07741034856786676 0.0371192159457522 0.0869836472612498 0.0034215983965613854 0.034624226528780236 0.06483051167090137 0.06191660489783608 0.057731576771053464 0.05062938631096789 0.06404170755315354 0.040887228751242906 0.06676509228538191 9.282663156029519e-05 0.03467070607590529 0.08601320698168352 0.016700567424455064 0.08967937349825904 0.05344434337440533 0.04628976721051403
13 0.04365730284239061 0.09417473713830858 0.08797590847252969 0.015072299645310795 0.012102276054645937 0.0445457762785482 0.08775047225707347 0.07494686042638238 0.08954316714521961 0.02023316528529142 0.0698631612029097 0.05676747632949295 0.023812545482523307 0.020314479725816834 0.08528532849129634 0.04558039158846395 0.011716849812607816 0.07956058932248204 0.0015594215358029184 0.03553779096290379
14 0.029620757630663325 0.043061799550866406 0.0545332062720746 0.03360220394451479 0.07153526230326686 0.05671749829324206 0.056423853104190326 0.030934652217587826 0.020092389886499508 0.046315239165725205 0.06002891030558167 0.06027956789228342 0.08403481878555275 0.020202457683293734 0.04191140872142051 0.03192977342905159 0.06308449882142693 0.06450270050576043 0.06545251700319506 0.06573648448380283
15 0.07898264081440882 0.0500693661144507 0.006152588327559168 0.006913520718307317 0.04282264697372428 0.07602677319689878 0.047998230659348017 0.09148892303759605 0.05352350787781348 0.035844258049130905 0.00015120343433703236 0.0014573928894698978 0.0869012422598548 0.05962279766823461 0.06362242446919589 0.04267297822576105 0.09076545976985603 0.07953270903642404 0.04915534127710874 0.03629599520052032
16 0.08256239026460051 0.015119244257448287 0.07454621737660252 0.016547042640330203 0.049282968573287345 0.0022996440720786013 0.08841768513984213 0.03953823202991414 0.02220957265041551 0.005584128065376113 0.03244428184558736 0.05214828500389075 0.0967879876025411 0.0474290337634721 0.058383583297888855 0.09839469984992533 0.0690735084474806 0.03345220854380704 0.024775341896644744 0.09100394467886677
17 0.013069239052565199 0.02415694796366847 0.10341369027006984 0.0950972396607606 0.04139933549881855 0.06259971058611613 0.10886415431689363 0.01457005886901201 0.059242846998100784 0.012377929564067674 0.003150130188383184 0.08554398419751676 0.03294607435474207 0.024897390215424073 0.02250962496602416 0.10071809814393845 0.07842155104179362 0.07724439943926012 0.010143663050177344 0.02963393162266756
18 0.019802760784361696 0.07691062595850999 0.07777387052019173 0.07375463680628272 0.05897884843767291 0.06244922265027809 0.037767799452339504 0.07411019782336387 0.09379387528245298 0.02858102445254909 0.014540011185505845 0.07360988605941336 0.07046590261219292 0.030673158684591306 0.005222419188364197 0.06074402812948969 0.037778591004024975 0.017783009249406775 0.0458093770736579 0.03945075464535051
19 0.03909542838861575 0.05894414175944565 0.0440364860124121 0.07495495955734453 0.05667447147618717 0.047608021053786836 0.058024058098343885 0.041616661778900214 0.04768446287670932 0.06163112193787776 0.02934210099325961 0.08220987257586725 0.026997282379976638 0.018986565250970627 0.04174539400061359 0.05149544952489908 0.05302424719606582 0.052278673850707245 0.029594748746397836 0.08405585254161889
20 0.08105585927082565 0.09763614082475454 0.06096265207146566 0.006384917995339888 0.006981852040808766 0.031863093907725196 0.08174665336569423 0.038089946349623836 0.08967036860410253 0.019401075780879365 0.013036595129577028 0.04770462755808011 0.018875338449465887 0.07403546119352522 0.07980763733235038 0.061775518195318235 0.0709639036929013 0.04768944601224888 0.05396309130333345 0.018355820921979887
21 0.04143350468608088 0.044350634428776216 0.06561999108171693 0.020881202022550355 0.04064725859396794 0.01605544953308235 0.07341115930171065 0.02863530868204128 0.07464677027210453 0.0935533749193399 0.01085604723865847 0.035215534949863896 0.07508436239487919 0.09957398063224188 0.0255699456087492 0.055406343062933835 0.04130063316259274 0.05509504064277931 0.06351463201809134 0.03914882676783923
22 0.07577145191023021 0.04497165346250984 0.06240041599892319 0.08371028817821939 0.06981613833921736 0.03272841637469518 0.07865807356207533 0.0690114770167257 0.009781444362495723 0.06065482745117718 0.03120089519478934 0.04140471119277193 0.027717186134209416 0.006831523134088059 0.05151770427213027 0.01876745721926344 0.07822166019570936 0.05259690348030191 0.028609593424208372 0.07562817909625871
23 0.026421715800325627 0.034039808504402504 0.045420951272414765 0.04219343645645991 0.04658891792233585 0.04833303718320845 0.06897523698401523 0.06603330424964242 0.0310814996215259 0.06410858738622675 0.09519070862298837 0.06888094107238202 0.08881395573199805 0.00917493276902187 0.08091321459832841 0.008252805779003657 0.04485110257330759 0.06530474859912688 0.004764437533846827 0.06065665733943893
24 0.05776882028150079 0.07056031566521886 0.06820977872112657 0.018561354461691902 0.0573050126020059 0.08957690183225629 0.014708637807566566 0.04275117347487477 0.05804907168686144 0.011585125768169346 0.04532082019468299 0.05227225689897304 9.031363509079915e-05 0.08723723811116073 0.08028646573709286 0.07330938078107084 0.06239782304641638 0.08855851236971432 0.017608128163727973 0.003842868760797415
25 0.07523256624807197 0.068785348996688 0.04181579339001138 0.10156131038256218 0.08182762994625996 0.0010818589600495834 0.02995543069135661 0.004258943122750167 0.019105332736745865 0.10320463065507561 0.005459692212113409 0.07678014634614612 0.007233632317904646 0.04152381008610912 0.033620878519051677 0.015189017354246857 0.019627111560413066 0.09428682149530702 0.0935009568192991 0.08594908815983773
26 0.024645308199390068 0.058337908790424796 0.09234522840714407 0.03755775885259526 0.04338133746350679 0.052623605112270565 0.03209112941426662 0.08694624482358343 0.08170432431013382 0.08709932179020508 0.07325124468495815 0.046875849757325415 0.0304277400602508 0.017395620339257494 0.010304761517011578 0.05621053761296857 0.05342895829894556 0.08858300287626214 0.01627277412125527 0.010517343568244384
27 0.07616153110571275 0.037786308466409776 0.03188213118525641 0.019144155726211046 0.06737323620049862 0.007156342664358788 0.03618875058718298 0.04093043202435375 0.05682649613306532 0.034812412654358214 0.07159534085904194 0.08261047332296033 0.07460618470699733 0.03210634845753076 0.037060312182643114 0.044962584147060926 0.03342844457670403 0.05709885047536213 0.08177925270937794 0.07649041181491378
28 0.08927214114582822 0.0021801524417114316 0.01174021449157804 0.01888662621581767 0.020339279158968493 0.11197963190020861 0.09064528797780422 0.005776580424432283 0.011466876003800997 0.06998953013641393 0.09412062068519647 0.00538663967165332 0.03222155668011544 0.028149180611377052 0.0216419191175369 0.08499872765056718 0.10696237451569235 0.051701550846459374 0.10561363901191013 0.03692747131292805
29 0.0706276018787241 0.04034591388841652 0.02481482258875501 0.04987508153872916 0.0638533535455856 0.07497451832328027 0.05889267845926786 0.007218259888159364 0.06832410580763593 0.004355821239550341 0.06653956215761914 0.07339273445000329 0.05706698139577251 0.06920127767750918 0.019616257088538473 0.053652275860451674 0.08053401258877604 0.0026172232131579797 0.06422703884450238 0.04987047956556514
30 0.00020416803404870492 0.09142266722173502 0.05054189352717301 0.004132300944470182 0.10259279069211706 0.02951104810430882 0.03722289155877135 0.06511756480539871 0.018328238471747575 0.003256953425066452 0.029208768385391423 0.08143356945811035 0.1044856863673156 0.0651717093139351 0.09870154526984938 0.06000180351661795 0.03424119408078147 0.04570531592959849 0.021640215713957116 0.057079675179606125
31 0.027064688142317543 0.004408105588254612 0.02972488197617552 0.03028818883055766 0.08734401550226004 0.0932552929125221 0.0709849352026337 0.010288823846246716 0.011848047921136362 0.10696952989548283 0.035115033744171326 0.0020725920686058695 0.018420933578963163 0.09471778430927949 0.0327672007604662 0.036826527560540244 0.056340606964185545 0.09137202225709001 0.10268430277234301 0.05750648616676826
32 0.08606190587907017 0.09431772612830384 0.08854296847670144 0.0022228897941298296 0.04085758018412349 0.06811220455513342 0.05332662702454427 0.03752669979143495 0.051735284616221865 0.06919064994445741 0.018790513803376478 0.0016499314102284104 0.00866890079233392 0.07174475125945524 0.09208273210730054 0.007028494862089796 0.01605466971183381 0.08660778930013423 0.04846866118825076 0.057009019170876106
33 0.04298359858964622 0.006103590285481539 0.07487683349436255 0.0403356078645492 0.0791981961442511 0.01872230060788464 0.07113789358116857 0.08234674441024292 0.046661986555433084 0.09360391633441903 0.06839606652592926 0.014569458453448675 0.01641986976732718 0.08032576452981839 0.03988053139876347 0.08779003676937151 0.06319039634728069 0.004325407410382059 0.021763958517375007 0.04736784241286488
34 0.046229878777943774 0.03561845688207323 0.011664569124991442 0.07233311698238654 0.020033460021964728 0.0485669854314993 0.07834390132596503 0.010920161694181599 0.023618288148890363 0.05104650624918581 0.08277151685829012 0.08480838005078155 0.08497065841124628 0.05760665986166165 0.07626500885161312 0.07716783264016189 0.08431063932507454 0.0037512047673395714 0.011480082912595857 0.0384926916821536
35 0.010638928890649072 0.0604866202513456 0.08649969867142344 0.007526037365340021 0.04068833941316584 0.06979016358491144 0.08133204687352671 0.04741494859364329 0.03075386799180399 0.06456498153080584 0.06742870554221575 0.06150723660293533 0.036633746529516065 0.05282654051337832 0.002330989603285302 0.06313424959480513 0.05224900452260714 0.01899814519586092 0.07035594852844551 0.07483980020033555
36 0.017421413519908745 0.03017703719982883 0.026689751970453913 0.0453889481662202 0.04135651563714872 0.08613937802352524 0.019272287747616208 0.04365056163550111 0.06764569541000175 0.08650008933063018 0.07843328461287823 0.020112136863277563 0.031661888668836576 0.08638353427761111 0.08221717501520129 0.05362325245617423 0.04882244260689845 0.03152352974126191 0.028167489642805077 0.07481358747422072
37 0.027943520626727933 0.046757886185730256 0.06341682900484238 0.06003085616962932 0.05821155037088243 0.0008416600326781419 0.09566971327550876 0.0593593465222293 0.05917909409432103 0.059324444739922474 0.004380201461770347 0.06529322148307515 0.010368081365475314 0.09869126742988886 0.08655854803917229 0.033828220917981086 0.08410717554369723 0.0006817432787419643 0.034668181377914074 0.05068845807981171
38 0.06388686656253569 0.021420249361861807 0.08532026000978349 0.025787641351305807 0.06640738069021894 0.04221514099161088 0.08072597960076527 0.054398766386960055 0.06064038910271697 0.07706903056010768 0.026345235688419302 0.02243027577071492 0.012096542214576062 0.033114260635061024 0.0784712165198824 0.037248755417920804 0.06902492994465541 0.0464520565513776 0.07607219599136283 0.02087282664816299
39 0.0550661344387464 0.04865341271483539 0.01163523094044349 0.0485032315123415 0.017800941673589112 0.04938460323441236 0.0618955688596528 0.06497475826253535 0.07462795343692424 0.08063128255758324 0.04421761723383089 0.07265040954520889 0.05580022675733288 0.07470781888347823 0.04949266620657217 0.020295183032349177 0.06716046454528354 0.013663916820380725 0.07796999813220848 0.010868581212291221
40 0.07399982754244204 0.061649686092801644 0.022221413509044132 0.009472341589928815 0.03175382487492742 0.05080414123855624 0.02101801012025497 0.08974881104970125 0.09074303569708347 0.0232301461699677 0.052826273405682 0.060129389482128905 0.05711200271493671 0.08713894283096016 0.07846936774882726 0.040271690866860534 0.06656317728731963 0.007408848177878807 0.016925357794525052 0.05851371180617357
41 0.07148874524619071 0.03533648415900358 0.09054366094088921 0.018720222633313906 0.03385921328723151 0.05170007039786434 0.0690157757822161 0.00792317084308886 0.08414687998213781 0.051120710634521865 0.0019431636054075346 0.07348034875985679 0.042578627394529334 0.09274906895182133 0.04407585241791319 0.003809746831398973 0.05553452584559731 0.07404132550775591 0.022974227200992903 0.07495817957826868
42 0.04433210534252126 0.035520659726684556 0.04607484618324723 0.04586098615154357 0.043301381049992406 0.06450165848962555 0.07188085762816199 0.0002199696104457584 0.0072406612971047234 0.1021453435508981 0.021850559286327703 0.029142349673081394 0.07201506217723286 0.09424582247443068 0.051466291126146625 0.044391463823438504 0.057736065226717696 0.09286717211877699 0.004565179500041371 0.07064156556358105
43 0.07518052802706852 0.00663665290982239 0.018234394170033443 0.08757999526178165 0.06969034560464676 0.07876371750816417 0.04658421572216916 0.04576633601814175 0.04663003962011416 0.09095952323908564 0.0506716391661288 0.007215155615662809 0.03777926295618638 0.06322071284371682 0.08725917619536494 0.059055596547799 0.02276633727739501 0.020609051576535625 0.061321947035914114 0.024075372704268867
44 0.10748074521245848 0.11067656675848189 0.009127711549601328 0.06684792115535687 0.09262348564607908 0.04902770350038597 0.032743527519147705 0.0152011486113794 0.08367471368121633 0.04728826026171843 0.031900541206822376 0.036970578881187766 0.042544052937772234 0.07861796741558139 0.03951770742878222 0.017242352432640263 0.008516109048954102 0.017334973341589094 0.1041851053018208 0.008478828109024214
45 0.043099279348880803 0.06939632852286673 0.018774210723074263 0.05313639300910274 0.08476001452596185 0.0905725067339782 0.033655988901474046 0.04897614842638244 0.0745858276842616 0.03828148607576898 0.02054946387721428 0.0888411692044322 0.03945750248831961 0.049055887158927794 0.0871448047739341 0.04295764506612074 0.023989831569014873 0.01354549525535927 0.06049537076170216 0.018724645893223205
46 0.06990730832192313 0.09934688895409895 0.0023162881855583097 0.011593351161641355 0.08074775793985435 0.019790814888150283 0.03254393190458644 0.08152750704140231 0.009443623952942355 0.035770068593397784 0.1136927559663595 0.04346577367616475 0.08702013962131076 0.06767488932603079 0.02546155382393107 0.009505308231705405 0.041592627454782795 0.07955610670206162 0.051487698022703136 0.037555606231394936
47 0.043917177667471954 0.08980233789725449 0.028447236745566033 0.06169923263903728 0.05744521367392247 0.08809868958676505 0.04724283825930491 0.09163576101401612 0.01393505854867207 0.0633826255457935 0.08228943558281794 0.0027086340569801633 0.0067220994963908196 0.011964270205007543 0.06627455594857 0.018288395414267997 0.09365825706809673 0.08112861391273206 0.010378366273004216 0.040981200464328814
48 0.010314822329289307 0.05930676062319436 0.022894229771493173 0.03301905300898817 0.10568312166190343 0.03363497674568533 0.0722597689199422 0.021581204885572917 0.0957012603687652 0.07593682124613771 0.056989312182684944 0.04594452968224684 0.02451569609828236 0.002311017951079065 0.07541123345269996 0.012837307135634517 0.058554966904017056 0.062006204127379 0.019536031015100264 0.11156168188990433
49 0.0788769496429395 0.04977444422182636 0.04457421397868443 0.08222233785090563 0.0813223207737957 0.031416522096564176 0.027690801287418736 0.04044255399228188 0.04642427234661706 0.060777236861654364 0.05663794442928247 0.03565850391238317 0.0815806712627826 0.033880282351629314 0.08048944469397586 0.049136504412992395 0.013020583625479008 0.007181015700966469 0.07459435110591497 0.024299045451905935
50 0.07191733169870884 0.00714974417908126 0.05339022239208479 0.037298165221479974 0.022836812477426225 0.08942020615764841 0.012156452053425325 0.03496204139604732 0.008054337914931934 0.07255763337938616 0.10567313169997745 0.06705267852784992 0.07340574259335432 0.07356657139667057 0.10302130307240243 0.02197705029173779 0.024232945362357573 0.0012162083107217843 0.09182288224624682 0.02828853962846118
51 0.03409690385014027 0.04361791623610076 0.006805159051096259 0.08456590456188548 0.007324845887321304 0.08537830513598973 0.06760312984091302 0.06330915099739724 0.0588834661975287 0.07215085240888439 0.006342547431703079 0.05353828966296398 0.06963915048703949 0.05216995032097949 0.0041736807385620205 0.05385784921608229 0.07364083478038866 0.05920805555756105 0.07146068327781203 0.03223332435965077
52 0.017938932855324163 0.020559528084517643 0.0013367424424243174 0.10272480663749965 0.032992416159024 0.07310649111271623 0.10017227680233753 0.1172126199658799 0.09913266131041887 0.007179303265513108 0.04940259216358264 0.015249089280640922 0.012824364387934752 0.032513371948653294 0.11378775146769836 0.024583374234756983 0.007750207346489736 0.0720298069321046 0.08797174814834174 0.011531915454141598
53 0.07301400967659187 0.05004658885546384 0.10111123021156486 0.10152010946154366 0.034125978197441786 0.014865182980571724 0.0668089873664938 0.061043743836714195 0.04241885903666617 0.022677505853320495 0.09959638376158883 0.0486422394522833 0.02466072559613298 0.015980259431749654 0.05844114642108878 0.06695082834944606 0.005744584393321271 0.04059022960940101 0.06262300492332865 0.009138402585287277
54 0.10226365857500808 0.051810147658350694 0.10124359962671303 0.007062673000785799 0.0199186000977901 0.00905770195976619 0.03932140076534055 0.014317449296148175 0.02342006628077499 0.006904592938455794 0.0077382460328054205 0.0963563416789811 0.011833664886655345 0.10293176364880387 0.04482523850511468 0.0647690739565745 0.057531417485697525 0.06817789963024298 0.07245346708972189 0.09806299688626925
55 0.0011500167992068906 0.024948834037544526 0.06723767276151768 0.09581802783369067 0.0034548619408255148 0.09579362850385893 0.11399950624428995 0.008278183550226378 0.043101782097479426 0.05950763305013704 0.06369677911545728 0.08938140910336444 0.0103295421779755 0.012468746150897032 0.03092435321723214 0.0046552360080145145 0.05208129467998357 0.07902308038888707 0.03523799156192986 0.10891142077748145
56 0.05275411116495447 0.04438729157724398 0.05594928943176047 0.06274246030025452 0.0750887759286108 0.061755685045590446 0.014313819069154849 0.07961856610869933 0.012536067890211153 0.0496791134806259 0.07379558318585389 0.038562379377977685 0.06116261616908468 0.02404421355473746 0.052577436438504245 0.075382362354512 0.05857030297502367 0.05755914480783268 0.04874846810149134 0.0007723130378763937
57 0.03881231626279635 0.10006972252852611 0.10295454690159443 0.01944528205435346 0.06123150604252736 0.06648282039461868 0.0015358213627013355 0.009663306765344784 0.0572531813640979 0.006482321748003025 0.01853961448674645 0.025005889195653268 0.11320452012782932 0.02780396112473884 0.10062444705236373 0.05342906921458249 0.08650173576266063 0.0054791255459634095 0.04640083320984766 0.05907997885505079
58 0.10810520333531029 0.02000296808378973 0.049403314327159234 0.03696360623552534 0.008128653500953185 0.017667382570967474 0.010957907003891982 0.10031624916827539 0.07084779392648506 0.08504437406371272 0.09410204012154189 0.023908455373721143 0.05860857109578277 0.026144688029967694 0.024521668281049666 0.03973948673252721 0.10693198964181178 0.0017351828476375975 0.06143914641123838 0.0554313192486512
59 0.05459747975778058 0.07135122249366713 0.007408561087115329 0.008342287214041566 0.02518084763468698 0.04240268144812305 0.09376494006335685 0.02627541666822015 0.07463340257755534 0.03234498002605847 0.08192684138195355 0.09410691768045464 0.009489712846157966 0.06342510616194397 0.011192234741865443 0.0794831831637928 0.08653071967440361 0.03004122526009141 0.05214589129585901 0.05535634882287202
60 0.0612502325993575 0.06759811557361688 0.052174596050446775 0.017064926948965983 0.020289267660049716 0.03089046855258488 0.05612132705363457 0.041467852061693185 0.038101280337182346 0.07304069942771457 0.03283111264065513 0.05910152954564328 0.06929125532675194 0.020069667055626787 0.07335681934199341 0.06812729541549704 0.045297435234426274 0.06148304428068678 0.06444489333730907 0.047998181556163796
61 0.04564571035026995 0.05119470492573867 0.0795780768338448 0.07791796404641914 0.08013407209500961 0.05954472411108236 0.0013058659761922334 0.047995093069138545 0.002406126483145579 0.07765961503960288 0.04319783075267475 0.051134866551823324 0.06489969194443651 0.06658603631826107 0.07066079052920302 0.03376258004203558 0.005351720876746899 0.04726288486530709 0.06523727080399042 0.028524374385077565
62 0.033914085987561626 0.05353034606376771 0.046123346077633826 0.062263147634121684 0.030797906556759 0.04684647398766957 0.0643852242245593 0.07813831842356933 0.07939669772817011 0.03140961995703542 0.03866330299751532 0.06804633427442607 0.04501861484441371 0.0077989948332681846 0.07698924558167004 0.02085667116350369 0.002465903040942372 0.06947177009571177 0.06539478266566962 0.07848921386203137
63 0.0344753506860026 0.0665638386328348 0.019403187467019984 0.059902893679453034 0.04559272579253667 0.06918939461731126 0.08484330362084606 0.014576907109137154 0.07921169202255317 0.0004304140815607886 0.06185606254331414 0.08091414919422733 0.027821532908562256 0.034146217151339676 0.015233328117134544 0.0675775572840551 0.023072571336434155 0.05259824665197659 0.08497072570960848 0.07761990139409199
64 0.08453631661534115 0.023853951188233066 0.09909326705845851 0.08290350502079388 0.056009675722704974 0.05298891930312113 0.0051869188978578345 0.0325117312057031 0.08583754662447686 0.04129478221076098 0.06463943578730642 0.09350018267798549 0.015090239556762839 0.04913746296475038 0.010718531316971636 0.02142180309704219 0.06997863580265509 0.0367867818654998 0.003402037406447691 0.07110827567712721
65 0.0627283679062897 0.04013461436104298 0.06309896412419787 0.04539227102906021 0.0166435832220633 0.06330409027701349 0.012823712017723398 0.047250216282608844 0.11131712920561265 0.014805601164336744 0.08388983842855355 0.08189831849357249 0.03459474063786708 0.01243494279746818 0.06219896623061383 0.030378100443114255 0.00463457130372497 0.048012389992154784 0.06936634306203907 0.09509323902094262
66 0.022230470953246532 0.06401386476037993 0.07680705010011331 0.06451715483691998 0.026702948252654374 0.04192545468449681 0.07600820684427251 0.06534483761829324 0.05115111584100721 0.04962023072950569 0.032160602522004623 0.049279962683579794 0.03021449398099029 0.043544677441053316 0.07585311949035786 0.061486716400194645 0.05391926941659246 0.030397234061308412 0.07099351173857442 0.01382907764445462
67 0.01715460421292298 0.047925911444404445 0.030577755283729517 0.07973543124580555 0.04190715645016938 0.02884103845130029 0.07756759472221691 0.08688934429615408 0.0821068497712235 0.08677758700449226 0.04005470723850949 0.020162714765021433 0.0307491387188654 0.07356862881158316 0.08881440813154419 0.04730786251450076 0.06486568834728963 0.008631755539561086 0.028147708189115297 0.018214114861590695
68 0.023134100460684443 0.06527366306887698 0.003914228731802382 0.08888663653976434 0.03008375533143831 0.012660304569791744 0.07609481246202231 0.11479212476333624 0.10170527305053047 0.06844053061329498 0.01977934219933086 0.0690445401047314 0.018757991673963272 0.0513538654662645 0.04946580094301311 0.059278962224195667 0.0443456936599589 0.06249313644901647 0.015360107285657208 0.025135130402326608
69 0.0198220447204473 0.01985635738994796 0.10054289623742377 0.0066177069916487615 0.06143123713944547 0.08835260079648126 0.08268370181634895 0.05826805401293016 0.014609520988576074 0.06125543114275206 0.010292834430090705 0.07204401742874161 0.08169774794309678 0.03946797276915227 0.02035966201886908 0.0866872649298154 0.029588461369138865 0.0885327057671642 0.023565525820234662 0.03432425628769476
70 0.0649606918005538 0.055910847529882686 0.03357228380389175 0.018794836355061743 0.026293754428775042 0.08290279920847232 0.005031613273290764 0.019982753529712315 0.05808663938115407 0.09188439241213552 0.035293187965834485 0.056551341814600344 0.0520251892458889 0.06751484100050581 0.015572970407361898 0.09493357019951582 0.0813003321384804 0.04485433220018972 0.04659716058677667 0.04793646271791588
71 0.05733544110577227 0.07290733447184107 0.018662189177773077 0.02152380292144119 0.05171672377170439 0.03344844214808182 0.03669315928401577 0.01738980920223664 0.04291702464424787 0.05322207842981048 0.10489126688475675 0.021541140403777602 0.0007342676071576146 0.09936600604145165 0.08759048806593919 0.07924961336768926 0.022224615046428198 0.058375083796289993 0.03510213984763022 0.08510937378195495
72 0.08551560012836967 0.10491338459701192 0.1235197223759001 0.09186629116100228 0.077491868325024 0.04688261197815081 0.06165500761660033 0.0447034332741385 0.028849799528154904 0.012914543562700337 0.03925044002483158 0.0013190522799536102 0.025355643866616765 0.013103377387449709 0.0011376955079427378 0.12074476321263163 0.041860639677122176 0.04255217760434707 0.01378761351755366 0.02257633437449825
73 0.07561313131340001 0.08992254920061299 0.019977422952214764 0.029180610553056662 0.05229107057496332 0.06417818314198516 0.020642200848784195 0.002577249520335483 0.04472724359981813 0.035433305994216055 0.014670253322354755 0.05559039972212408 0.022942222339229892 0.0801883281125672 0.06216915164228898 0.06371091850469321 0.08821422844925897 0.06359089888259675 0.08982894508746149 0.024551686238037867
74 0.04942614382250799 0.0426520382722123 0.05766532677969804 0.06112118360189954 0.06648978047314753 0.01079953619066745 0.05360784081546877 0.035273966924659145 0.02554974216633668 0.027570126073723205 0.02069343521745223 0.05587847597186953 0.043204587513350955 0.06775427039068417 0.06505864616096625 0.027419336359082173 0.09682960497195078 0.09336463670263734 0.07238369344651352 0.027257628145172356
75 0.0507310770169976 0.08479042438898375 0.05209080089585641 0.07640875952106188 0.05147082468069509 0.021913549479772667 0.02103708694490028 0.08269014142444983 0.041325062925207406 0.015718665577257502 0.07969440449127282 0.038924516687689995 0.04847116336233512 0.07095965913191411 0.0016475307748107819 0.029709029716171922 0.09166312648273985 0.07350134363405612 0.04665720322113735 0.020595629642689472
76 0.09680934496537066 0.08223185537157587 0.016940801790289207 0.07360548463356142 0.08020012376905064 0.04220004953766915 0.030778923590686777 0.011825450851199217 0.038564847716699255 0.066527930786665 0.017785654418041252 0.014459757383277635 0.030701813115592516 0.09683432636157337 0.0014141814382053351 0.026381924545369754 0.06241683927716327 0.09668478643293525 0.09059116836588782 0.023044735649186538
77 0.07882814460933486 0.0076962223400168376 0.07929369019961537 0.04799486510701414 0.07581059452511522 0.02849565122538459 0.07401242380754369 0.05598603856264417 0.037690479662894606 0.026503604718551586 0.08097020075603327 0.015433515539158437 0.05188851227054662 0.023029383657533178 0.035910211703184695 0.049927116724171786 0.07788558635823305 0.005169783644255144 0.08504703484741509 0.06242693974135369
78 0.0041328604266632684 0.019593912845805504 0.02202363422719686 0.023815903155218036 0.08442751100340583 0.08349891859898373 0.0687453852706985 0.01957237641167765 0.08316096296049909 0.0018873911502910003 0.04681403761513554 0.03352617573803248 0.05759398507149662 0.04813946654494877 0.06355644831626842 0.08720811228801993 0.08808558527327573 0.06817480391350039 0.01321936912909376 0.08282316005978908
79 0.00982821839689471 0.06761780459329361 0.04456242091984199 0.0502245055561123 0.07163345352662177 0.0023466497117730152 0.08282143810952988 0.07603826228884814 0.010625746129173571 0.04522428886767796 0.0680780384723673 0.01747049249620871 0.01664183574396569 0.049315848050822536 0.04301346985626253 0.08406867185058768 0.08500166754372088 0.06254649052693302 0.03247886270233384 0.0804618346570309
80 0.06701507421257764 0.07400068436604709 0.0498561626450835 0.04579024426631145 0.05470034121207424 0.07305157211090971 0.06096398363333569 0.06700856007110687 0.029144432402172175 0.033550566070828576 0.026360144666736394 0.07407342465262941 0.014391635592239256 0.030433165591055432 0.06297762693277426 0.06654339090378396 0.05120065060085857 0.048198602512355075 0.06903505718829438 0.0017046803688264339
81 0.014276083462019475 0.023894058176380836 0.07612392636532833 0.07524138231438879 0.023315510084918865 0.03511601254864149 0.06175912560359492 0.07680487692993083 0.05470169230989218 0.024367621877830533 0.0737085314960364 0.04784913471158937 0.05680912324456148 0.03304358150011393 0.05804875899426968 0.07602456618598914 0.04558437596012583 0.02910811565048284 0.0442530870071808 0.06997043557672422
82 0.07652432966915318 0.03338297466278083 0.076508595128742 0.04556626754166151 0.07137438975038071 0.06809179438114535 0.0363434592480491 0.0022844077450494653 0.03569062080109475 0.06830611120385342 0.08206656696756923 0.02497388624948157 0.04475930693054739 0.03727347882579484 0.04934255556297844 0.06961208249950973 0.07156044424583 0.023399587397793124 0.07528992976604962 0.007649211422535554
83 0.02474987428465316 0.03670427678509348 0.07552215841355202 0.08328620110435503 0.02304628509365395 0.0474801427937843 0.009875743733883786 0.06276684351508555 0.0659370926484564 0.08238415141925608 0.049271067148660246 0.017071183539884183 0.04852898558207219 0.03214474657468079 0.041050758636243315 0.062436932838097654 0.054426612627621045 0.04397095445148559 0.08902172387321781 0.05032426493626342
84 0.006974616921266952 0.004977298220003613 0.047881238475088454 0.017428620466841474 0.1012101375701236 0.024620211936190777 0.06165394699540149 0.05549057210880098 0.09991711904381531 0.04205339577427524 0.01761042087710536 0.07378960856540337 0.001447887013736396 0.09187267958760033 0.04054330172620729 0.0379513272306187 0.09298903452883665 0.0496868325374494 0.09079945934439741 0.04110229107683719
85 0.09980245840421761 0.043773894608754325 0.04143419656691284 0.04063777146168005 0.021599496513639183 0.06616506423321289 0.08669251223446374 0.016554855253854726 0.039176850471674456 0.07530453286645192 0.04382120641901971 0.08565878150671352 0.04789551588299938 0.05555794750602043 0.006327099392283425 0.026512074176842263 0.06713849401078248 0.06822124634609211 0.01882526251114197 0.04890073963324335
86 0.08961637629835657 0.07833358294322823 0.0027750240780857853 0.02088060935850923 0.07507643011506097 0.0022090997897756077 0.08867122665640505 0.0769689159488718 0.048108706385780554 0.06218893244424849 0.03363518735765961 0.008455062813218162 0.08950837948970736 0.017918247397454252 0.04041715868631548 0.07246388279792279 0.046641347138072546 0.056557272261659824 0.025716329010848932 0.06385822902881857
87 0.030762220221849244 0.058217987208858034 0.033801553145162366 0.09558008989968045 0.034794454687631336 0.054257884073768296 0.061610077675592956 0.01831753867044172 0.01918239202697936 0.0727212332870427 0.09000201524738494 0.043236723498414883 0.06138840559977861 0.008979663590682387 0.017660229484981683 0.01729415608272945 0.09301437128433132 0.0350226285660142 0.06480705268006338 0.08934932306861257
88 0.012424044811358443 0.004264940577647333 0.06902157550821059 0.07813009660993638 0.10619202753786612 0.028991610112783325 0.024909856448051524 0.02857342380063616 0.08085741027775044 0.0505587701721073 0.006574207660827722 0.05018422920921738 0.11283408365640578 0.11364644932203226 0.013785926985428213 0.06532371264088505 0.02522924851705391 0.004425724805719233 0.01816166260712737 0.10591099873895526
89 0.02294887981478648 0.1005989585885274 0.05765519553290514 0.01456524089835113 0.09120909599090428 0.05960050645598182 0.009901707345872514 0.11305005976616209 0.07022428494699114 0.04655546190404918 0.09478774950972071 0.021736924690039117 0.03323306244421232 0.029779971229421078 0.0846979010034772 0.019349237062976643 0.04641738482881387 0.03588754816548672 0.025688064376111187 0.0221127654452101
90 0.057144481519664905 0.05274095782457788 0.092174593557126 0.07112064642955311 0.03136182281997267 0.026134077421657867 0.007783767178300173 0.05707722957641663 0.025053094938984832 0.013297995354093857 0.02220611884036313 0.0719805853445157 0.08286876386493038 0.09181147554400731 0.041972006031458536 0.029294879697902718 0.06380603134113315 0.0274320892965248 0.04967665664051363 0.08506272677830264
91 0.05624168331836556 0.018691439897839307 0.0022950639342480964 0.04144548646994259 0.06833085400601221 0.06453000801644711 0.08652219162055834 0.06798945331179806 0.04348272306151094 0.05567950449348871 0.005877453300402807 0.056378040828735064 0.06448600337554983 0.03284258611578129 0.025473858738669905 0.08977870438347807 0.054856383443937756 0.010491688157432254 0.06783287446596495 0.08677399905983735
92 0.02104774178985773 0.023849199022366176 0.04987867456708611 0.02551191328394099 0.03928231537644258 0.08086781053820408 0.053895066258055936 0.023823065090708594 0.0636878079602349 0.031854114831642015 0.09143170683370576 0.07742740372519039 0.044758210120383723 0.013800779403648027 0.07616253007912256 0.038013391275974535 0.08584776442352042 0.07668205291300381 0.030182510667210692 0.05199594183970095
93 0.055454253607170406 0.05730829948668467 0.08565332567968463 0.007611717805988895 0.04137745275484092 0.012731810956950253 0.007577057809809512 0.04448681163444259 0.07554626502779667 0.0831160617920697 0.08478630976168491 0.056414362840124424 0.0651135527422285 0.04402184634836334 0.06815830250284809 0.05380462208167041 0.049781991798656236 0.03363924414277289 0.021026243804393652 0.05239046742181926
94 0.06738083277631787 0.04848752293725835 0.08932760168969939 0.03962294562685614 0.023850735651215507 0.030121320532541185 0.0755884911017794 0.03549588713728142 0.06187691611948436 0.053534285565010255 0.0009411032551970514 0.07773906200598339 0.08656988158941895 0.07183391768867022 0.03221524010091091 0.02775782819605502 0.06853813301319482 0.022871901992127783 0.036745587988994605 0.049500805032003235
95 0.07960779625412472 0.014656419230029144 0.09589351160496964 0.02330853100795512 0.06294679116974443 0.009369242773371783 0.0007378533476450261 0.04899883794042203 0.09391000846267673 0.05861014381815285 0.037219263329087475 0.055800234829154194 0.10134452873023908 0.048238791467540815 0.035280709227954204 0.018586246347556738 0.037130203349589885 0.015486727995295367 0.0882848563459804 0.07458930276851018
96 0.06628326908742373 0.055272632003765594 0.06376486200645247 0.06700981650409515 0.03446469388033159 0.06429451722207222 0.06725424364103168 0.059756543682628 0.04240833828800219 0.03703896836770087 0.06190426130080097 0.05121623859712176 0.04026027847575821 0.028056485959038004 0.056252393077508456 0.04909780660937443 0.04490178169569224 0.037523517394803245 0.013841671647067831 0.05939768055933155
