0 0.027625998876401728 0.07608747618284155 0.03910521119070554 0.032209821259174494 0.0971319804604013 0.0007947709109186299 0.03133710396771617 0.0698504120419074 0.0753453734440034 0.005012367199069339 0.04387027478759762 0.09002392657638342 0.08278352575174887 0.050616924286719225 0.0032346380165184257 0.007775331183228968 0.04170214658939068 0.09375907659425636 0.040738008116325386 0.09099563256469177
1 0.04695929122073329 0.0847130359480169 0.07309135544227889 0.04433455905231073 0.0778380344599991 0.014800612430190714 0.05152947493659365 0.0027805630295068703 0.07820157453929247 0.039185111656290905 0.05771646218076233 0.0007640246644875985 0.07775436007381606 0.057855279437578386 0.06237880338921251 0.07753144028392481 0.0335165449652603 0.0798787515662088 0.0032960246329993208 0.03587469609053639
2 0.016314523235781034 0.03738444989524893 0.05189999818507316 0.08386950236087304 0.04938068375669036 0.07471043199403538 0.07228953664864925 0.034036676905492766 0.06691877300106865 0.07950901690517931 0.04685853327747707 0.060825162863516136 0.057439126997771574 0.06380966971327673 0.011968925880007274 0.0864005724928896 0.02321678616603939 0.008685477422814893 0.0414896376877891 0.03299251461032635
3 0.02634963187436079 0.056683089281852214 0.0009632386625811379 0.028442029152523796 0.08117860079916127 0.0655737047202785 0.010928235357693708 0.012878335129606759 0.09384729524414619 0.03847696739326605 0.08779988846854896 0.010876220644636442 0.06549667516481322 0.09123559296792216 0.026374354455265855 0.008066862903649085 0.027552724273574393 0.08725339966130684 0.09831545006192621 0.08170770378288644
4 0.013088553361155131 0.04781018398936327 0.060645056856036904 0.02452698155834282 0.051432349425186284 0.07463263911567035 0.06211644013083752 0.0644071812089743 0.0663337114604348 0.04355384653115085 0.017434811854966162 0.07291474566514275 0.06603885831166677 0.053403947598765766 0.016207476651219185 0.042238857829707745 0.060757633297257474 0.06083793120031707 0.06895979929812561 0.03265899465567943
5 0.06840180958104125 0.08605498156971414 0.033442287705232616 0.02722484901828495 0.01744931126270884 0.024033607992989883 0.04783493891819868 0.07064738594585515 0.03822950049866993 0.05036057018053798 0.08692363893495776 0.03062484431431702 0.03612966017632546 0.09651551001058656 0.019687843984445976 0.06054419774289297 0.06812988846131908 0.01581854565594333 0.08851772959508036 0.033428898450898116
6 0.05018192251831644 0.00786514258491813 0.04869574952174239 0.09846253320208921 0.07877983225988178 0.08683613105754562 0.00830968158860112 0.09772453269412747 0.02034767721510811 0.08995628376813716 0.08460622502451925 0.06673652847585786 0.057084701360753776 0.015085636272315323 0.0045159440957778085 0.04293170988283539 0.07740755143512862 0.0061598451678827205 0.008488018390330981 0.049824353484130814
7 0.09243609789705885 0.03892877121875783 0.0730557081889848 0.020657172036451097 0.017386607371024276 0.014213820412465088 0.00034022687240547924 0.06287954238849111 0.08435452876146594 0.017227638530253147 0.046844078031061984 0.06150993571857801 0.01819385182943185 0.024047427499979165 0.04328378166002728 0.05953890903404283 0.13224814240390279 0.00998230031761104 0.05516069806589447 0.12771076176211274
8 0.03620578675580231 0.052063588343153784 0.03691477656106719 0.06709773030504251 0.0018997378198746943 0.04228561035515882 0.005785774768761438 0.044003858815775766 0.04539809182768913 0.044513033601465524 0.06515457461340855 0.0700978433949745 0.0914006260021119 0.033959100503221235 0.04114308516911241 0.035323198475334106 0.07828884707682264 0.07949584013366809 0.061827081086819974 0.06714181439073541
9 0.001969641196843085 0.07314162479490247 0.06249101796643901 0.04024156510160283 0.0026968118344533635 0.02102406182899747 0.10167865930505385 0.0560105613886125 0.10204776519803076 0.07003895776211341 0.09026520396855914 0.02475991968585236 0.015850141350897958 0.11089709983315797 0.050240512581251326 0.05396943417309659 0.0068891132247540275 0.06389330491059422 0.050843351836632245 0.0010512520581553502
10 0.10169068932569678 0.09375303615121305 0.05022938616146664 0.02990282634802901 0.09015703486151852 0.028433393483887074 0.02588918470244995 0.028046333920128733 0.0936923787952613 0.054461715106327704 0.05480747717698827 0.017052067328242212 0.040236856932061395 0.039403534851190504 0.0041655305946133 0.027420389472912424 0.0624848429050562 0.06694493300722323 0.07328768827319244 0.017940700602541437
11 0.08378651776936769 0.04553061069633714 0.049474493542280104 0.00518538728606996 0.020893988039619248 0.06478220362887883 0.06555018875239015 0.0413481526602975 0.08262588956504516 0.05094944104332228 0.09154963539553648 0.06351084892158457 0.04683345566074521 0.049857393310555574 0.030353621538240397 0.02644532769970731 0.07110660356660932 0.03678049172690961 0.06683279765842223 0.006602951538081108
12 0.05478473796621638 0.0686800603009939 0.002616093056333066 0.06619938403742005 0.03631170694980887 0.026124525455072913 0.054939780045408886 0.06492257795392921 0.04283976025147008 0.06672768350804688 0.03154759239963712 0.05712637904448878 0.035225428073764414 0.07335558809765548 0.07565312062569128 0.06568684705730614 0.032232665144377594 0.047422774940607364 0.03600839623892214 0.06159489885284937
13 0.038643853827920314 0.06228217439775433 0.0908135739545231 0.07974206735574171 0.07430694461370166 0.0473982323778735 0.009518890047351713 0.08348355245549909 0.046784997190178146 0.016060497341203763 0.06952193563946943 0.02369025586573673 0.009755040441720528 0.007595914767948311 0.08725961578964608 0.07190099994900628 0.04189418771957364 0.04162505642058474 0.013502757059392988 0.0842194527851739
14 0.004840479336574979 0.09450882439872267 0.030393870691608035 0.07383973142095107 0.038003857438046004 0.06955112524491905 0.005756472272837087 0.08970366746415823 0.00231637980196546 0.045008660828428686 0.050770193183396456 0.06825373684778355 0.03157361285845988 0.026497009049193002 0.032368271328872725 0.06856037743260071 0.06423378945339228 0.05133574347284855 0.08735123579719835 0.06513296167804326
15 0.08067125415747445 0.032641995255572626 0.0768591588534302 0.06595970874044228 0.017124719822178485 0.0741215923783476 0.05814022694398615 0.024703889807675086 0.032601082857912765 0.0851155609069212 0.06507160780566916 0.029805302665022626 0.08955854595221105 0.006875176274939298 0.004121987079686112 0.06471870352325217 0.031172716604055024 0.0639243798340806 0.014187906435072879 0.08262448410207
16 0.059699907098385005 0.01588993342823045 0.09602715334234428 0.020385595089000064 0.012636381576975187 0.015140241038838395 0.06680033978696172 0.04367265234579941 0.08330521423540621 0.07625544258778924 0.06885396438089393 0.013776379097013382 0.02251563569665203 0.0922041398552247 0.027180713210507454 0.0467243000179437 0.056695338626978245 0.017838175990938343 0.08259453864444075 0.08180395394967772
17 0.05143208278617371 0.0814893597004306 0.07035950264225964 0.0344971575460985 0.042304741059606576 0.0509660440388308 0.014914692729755789 0.044643506230939316 0.02431881068268145 0.05434791399822473 0.0006707883249540664 0.09732161158575872 0.024294100076830156 0.10143860482829418 0.04738982843969243 0.070689580558573 0.010455131742727199 0.08219608924659934 0.028467831204228616 0.06780262257734128
18 0.06240055795689391 0.06499788417765444 0.018377694687316638 0.0024143361792813224 0.02273787846989111 0.04791173301464706 0.05941207768223204 0.0009500412113934342 0.046709193599402794 0.024624312535269595 0.07861987415947932 0.09893077595603696 0.08252576942073589 0.004586170744095426 0.07395353117964686 0.06815531143809844 0.042397226994332265 0.021174125308656932 0.10144099836219514 0.0776805069227404
19 0.03908605337778724 0.0720905009382452 0.07507802543235914 0.0011562157258511077 0.00690492047749445 0.03767290686612695 0.02320887765436337 0.026439264245074562 0.03944840562100454 0.042592550855210395 0.009250618536388528 0.09000075946188829 0.01657882605952446 0.08076237923058585 0.08977041762359299 0.08912113321283505 0.09110809693918089 0.0935239418104907 0.0024029146863550135 0.07380319124564134
20 0.006637121741509485 0.035983748388634336 0.025291831537732158 0.012319297623896091 0.08282775363285032 0.09571300790975683 0.10139131148828251 0.030298433718254122 0.011615458925219164 0.005118744384512038 0.08223603862001218 0.09329904886642999 0.010591689503530705 0.0067391529758489225 0.08686033511593415 0.07408073311311095 0.05207984780968714 0.04046981122961724 0.058455482365360724 0.08799115104982089
21 0.059021109788901537 0.00918274008937075 0.07101044224604157 0.005301902187584567 0.02116429795247261 0.03813359009528159 0.01848837087804734 0.01730576091149824 0.03867759552369016 0.11289255789845762 0.09810797838212133 0.06899551290929734 0.006387617180621518 0.06595920977983266 0.07133062449970864 0.04736799120128427 0.017064232584843707 0.04262596464646362 0.07495770939905876 0.11602479184542216
22 0.07154176589860815 0.03914503427553069 0.067888928778924 0.07664689299416311 0.08262186253806196 0.029916575977285944 0.0680764496444788 0.027283258580914953 0.08249034731737657 0.04188668712937056 0.05288335073364696 0.0784062049093669 0.017894562326746886 0.04305341873991076 0.011703177896711894 0.06449907707539791 0.0010369744490121614 0.02652067306953833 0.05726450185146387 0.059240255813489705
23 0.0286720201729671 0.06150784399655752 0.05564154120462623 0.015203822434180747 0.06325694604087906 0.0467716248514473 0.0009454335503401998 0.06504105938765517 0.07063415212417924 0.09589621746023408 0.08843174561366572 0.003380696619287565 0.03626849284673111 0.09601491534443891 0.06377063947921213 0.060041675146659985 0.011779569373491814 0.048171944266528446 0.08300033387231846 0.005569326214599324
24 0.05152202674683414 0.03960823712989802 0.006310819749040426 0.08501681368221088 0.012902048373353374 0.03597104044909941 0.04761500717038017 0.046670697236579635 0.06334713095535006 0.028606757645901305 0.07079820254844649 0.03778694614162178 0.07332494158237932 0.06588332730544283 0.04926862242823832 0.08582450003047244 0.08541016652559416 0.06773021718772194 0.009237268778211738 0.03716522833322365
25 0.06556427754019016 0.0003192446874232949 0.08744468810969226 0.0036043766843726227 0.0912642685651436 0.11535114108456078 0.004081922731903102 0.029114303039490398 0.07146255708017456 0.03280461156602284 0.0721167999745332 0.08388846070294725 0.055162090973561756 0.008811376728225215 0.12244246146953336 0.04865856009863158 0.028975423476100395 0.009943968929860979 0.0016232339766361055 0.06736623258099651
26 0.09853597171491195 0.09736351530806299 0.0041613894713388895 0.07832988866477654 0.04945169754528429 0.0021789700124589424 0.04503226237031819 0.022911614256159497 0.07071215349176993 0.026509880281645953 0.03612349208158303 0.07863763890611139 0.04808153307726499 0.08973749683644461 0.059297161665325594 0.08794641370927479 0.004848544837160633 0.024490839359315456 0.06527085879619533 0.010378677614597112
27 0.004943157534825154 0.031280744247590954 0.03355363340415524 0.01775616539678325 0.09150377241380162 0.027618829394496263 0.09744804325473964 0.09795590279795435 0.009873615988656173 0.10927342811241296 0.043774274952105556 0.02972228695842779 0.04177084299214593 0.07381391021493014 0.002155863542270104 0.10146382803719774 0.08385595481619747 0.033013698785234386 0.013850963452460478 0.05537108370361463
28 0.06896227808897232 0.07723272144205053 0.037896837896516766 0.046237035897700944 0.010211925960054697 0.08859244279772564 0.03172486969015186 0.07690172003622056 0.04456898939763019 0.06341554731009649 0.02629878727133494 0.04911496993400669 0.06492100602199279 0.050181431628726354 0.025738469015707692 0.06324468340582942 0.08810717784488677 0.02199796260674053 0.049093653753636696 0.01555749000001829
29 0.08563827852577974 0.06392592398817198 0.04642631055231214 0.06158198326560772 0.06756681244260467 0.05611591293553446 0.006818953925842757 0.03747877031328675 0.07765213263855555 0.07889311754884006 0.0021502108079678116 0.06868280803284538 0.009371056464379475 0.055372986623077415 0.07578619375810017 0.09508730689668948 0.016777214434603525 0.07491820646742019 0.00313560485086443 0.016620215527516295
30 0.014936079928926444 0.1168356012619242 0.0004985415023692351 0.0951694022740418 0.0066970451545985705 0.014560672218344393 0.09169748118724522 0.06718792045973244 0.09733872930783043 0.05167849835992092 0.04680981881106988 0.0868879637086881 0.0062528260973696405 0.08005426740202566 0.004003952101419433 0.08078138179882961 0.10065787604334038 0.004519290052368384 0.029024419430940945 0.004408232899014186
31 0.0023679630196590377 0.0891090228201521 0.05153227588135458 0.02878599368498737 0.020991927148715603 0.0911994756623742 0.017549241977289593 0.017553416160812546 0.081105355867125 0.03957106032784485 0.054820292111774145 0.08039031142163379 0.027449372691116712 0.06759059856475562 0.030644531832082263 0.03721696608777053 0.05728856539025837 0.05826667634038945 0.07029880014653789 0.07626815286336623
32 0.013210727725085523 0.07166856959055148 0.037609992949854246 0.017112577883233258 0.01377731523587356 0.09470006609240694 0.015292645305618515 0.0737174364312281 0.0014246879809836986 0.017606604767737077 0.06766513552312893 0.07470242203448507 0.01820271060319978 0.0735628343255197 0.08492719415492767 0.04708673139943945 0.09671175505621153 0.011975621844462277 0.09475945345910831 0.07428551763694484
33 0.122080330531939 0.09783317595134489 0.015972326873170378 0.009095297904797916 0.06988023509882607 0.08560068169143088 0.014350361220919842 0.07256399753924359 0.029986221600503203 0.12906665761457203 0.11753291828288726 0.029436570272853606 0.002933407833846414 0.005392874362994819 0.0023767201495242547 0.08690048727443139 0.005048368046285198 0.013721328753626971 0.03135426496821499 0.05887377402858747
34 0.01790620016383652 0.07380691843456584 0.05159635862504478 0.022913056678825098 0.051973783768095146 0.01334397672007829 0.07699834051737553 0.08309741770161455 0.05595505286484883 0.042958113265326725 0.011913130616496487 0.08118486132567196 0.046341236606819144 0.0397549623305134 0.050796949560042486 0.06751192332736625 0.07506994136049444 0.0724699864467861 0.05791124896724784 0.006496540718950499
35 0.07521028267556772 0.0621908647697949 0.06959624162020007 0.05325819069887271 0.058907276583397235 0.025121603692225485 0.079741010291032 0.035476982032500055 0.07458736228259082 0.008381425275703661 0.014407400102773532 0.042453916450856666 0.03676599092958159 0.05562815215301861 0.0918622874371585 0.021214976169685693 0.03573028709957279 0.06848306065382896 0.05548028686447402 0.03550240221716509
36 0.08586088039804458 0.037124853384244726 0.008682659783496551 0.08721199941592105 0.08910888982377928 0.02519285906273646 0.0920891198600678 0.055958882420358236 0.02202632100616043 0.043300724577950034 0.017387800640087117 0.047268019765892115 0.011958777660538903 0.05795771186750002 0.07910501818195559 0.0255456165175657 0.0723513501566821 0.02305005639221774 0.06462207976442838 0.054196379320373404
37 0.06418661002466666 0.07521203806622363 0.08192755410492902 0.08652101937428418 0.08633591257842635 0.03582295547607987 0.07889431734811411 0.054281145033339195 0.047310431737350986 0.05010112271236643 0.015357468592347337 0.06790200151713494 0.0017657945667626923 0.0022206179029636863 0.07332823382090405 0.06066899572342478 0.06802081102194779 0.03912842948183524 0.001683088066824901 0.009331452850074067
38 0.11736790192136738 0.051787310598391006 0.04626727067372817 0.0022297791319232426 0.017652156770491718 0.08582384114418994 0.0237872074905977 0.030132016474033286 0.039857971048528076 0.018175497125108898 0.07957708442088625 0.11344866576624908 0.06248149066261913 0.0644982115169893 0.048701537564698104 0.06275427133351667 0.011923205387567642 0.08901003167274182 0.0023210676486636727 0.032203481647709024
39 0.02103853574629925 0.08979471397471431 0.08980395806250038 0.041280781434436725 0.01759342805813947 0.008462588865423849 0.040160579583209996 0.01038884667367405 0.05074342466154601 0.08872686651876097 0.027965778841098757 0.027758941871550317 0.050850562921483176 0.05500592609977198 0.07537748017873405 0.002641755934098804 0.08029484110452512 0.08508299211059431 0.06850784727572899 0.06852015008370936
40 0.020145415652912724 0.05416590951670903 0.007408106057154043 0.07042892224093908 0.04375630712195074 0.01172550816124721 0.029174153325400576 0.10598174691141711 0.09578065094332154 0.04426989815773622 0.09886958944441418 0.013397142659741183 0.052467608662919094 0.08565884894829624 0.055349647789507024 0.0012128412912574386 0.086928929753308 0.005460163762382632 0.034795570363399114 0.0830230392359871
41 0.05477891653615225 0.0818999615166107 0.04852595379651965 0.02719458332137254 0.07073070682674296 0.06698002369780194 0.008090847316536821 0.01754538432132998 0.03354863606696486 0.032002422378255346 0.06899401740581806 0.04637747908981438 0.07205258198550074 0.08317077051693202 0.06738196162914631 0.02368497853276044 0.03805915015249147 0.08285773296710774 0.04165716559987611 0.03446672634226554
42 0.06835693436246425 0.06898240643427271 0.07859069108329098 0.031918435062219815 0.08219065011374094 0.07993231710306994 0.04424035331430553 0.017637131766226784 0.03790581606264264 0.06489247236243881 0.001852886142472334 0.043365423715290174 0.022259143692487472 0.02758610256528961 0.07895048758708523 0.0551379341444926 0.003669687152681996 0.07231065677877785 0.0706350940949256 0.049585376461824794
43 0.09896839953249939 0.09237488050969489 0.006787841768343471 0.041426132478036455 0.002135290824742627 0.025527804037937685 0.0031054024292756985 0.09919154353004013 0.007044860884228489 0.08087842150602187 0.063195131909084 0.10184183415229968 0.08238421895934864 0.0308328206213257 0.001930057246381224 0.08789848311929928 0.06835871680520114 0.02039454516610938 0.047365643254905006 0.03835797126522513
44 0.02261958462111091 0.02960425470768014 0.005877417546258577 0.047923363501523736 0.050910451143624434 0.08269080781744455 0.05033576149315438 0.06607360350678454 0.06720084170097786 0.04558078851162021 0.034192537646080004 0.06918941081291771 0.025627896412221615 0.04858794206746097 0.06737672885833607 0.03351260807727079 0.08551993479074795 0.08926481225352202 0.0010477987274236556 0.07686345580383983
45 0.045709202704858606 0.09081607602711687 0.003653924762745839 0.045632985038096686 0.10367520255459237 0.07683703325787772 0.08858965190900839 0.01027525384442015 0.0375691251949121 0.07956610219015753 0.10678836886943346 0.06153432512122789 0.022482482220973266 0.0048195492040121034 0.03367223923372714 0.07439381663692629 0.028290791778782128 0.01008011166443498 0.06812771183791684 0.007486045948779544
46 0.029104012540048966 0.03802640429101509 0.059437361618041425 0.03585766365320299 0.0364340251666071 0.007736884677219788 0.016464708843496382 0.06708339054623545 0.09227492553947048 0.06849706928995408 0.037778145754884085 0.0720046489757015 0.017416920374943048 0.04248517424281335 0.04563705598996808 0.07507440896053669 0.06155532737922598 0.05549023173084325 0.06900781909698772 0.07263382132880461
47 0.0074062840337029544 0.02521540045727454 0.06442167643291742 0.03884314587828866 0.01883558643560868 0.04980865635980227 0.05180573967651258 0.10209477082216875 0.052704539850900324 0.09971483563682544 0.0028507210907456 0.03959777322530417 0.08509375839054398 0.058317667917459105 0.07492584961311069 0.06259982509191352 0.0696531341480528 0.04160422586341093 0.033243452929734935 0.02126295614572249
48 0.08397961455960948 0.01613253531703664 0.08001060690348295 0.01927672054145995 0.04797853352572645 0.00046105848294715674 0.07428502769623704 0.053028206712987226 0.025694422828748488 0.053689753381092956 0.030615410664177747 0.08215274551073859 0.009832603298031378 0.083209645201307 0.06651220374142712 0.08047812664136691 0.04463180682563424 0.03132071922904698 0.03167463721988705 0.08503562171905468
49 0.03486963745660916 0.09054501561386963 0.0910790254390593 0.0826280224162319 0.07484525698899701 0.018581640207473875 0.08532327204896499 0.050116890917672026 0.08194251533153916 0.008803046899607942 0.037498525700028894 0.08834184316939434 0.011675710962818043 0.013908232440663073 0.0536534050194272 0.008814243989647376 0.03720023755449436 0.08601875515186364 0.025051970890322083 0.019102751801316074
50 0.04809634780795179 0.011322821189952668 0.025286844379148767 0.004750429391344959 0.06169591224375757 0.08825075667971823 0.009191327679960443 0.018123112727918386 0.0994676215863111 0.09286856572138326 0.012119801855479551 0.09315557537295466 0.07534524566502758 0.003386661473857749 0.03948995402044712 0.040483635540172175 0.052521197932425094 0.07542989377286098 0.047801202930289034 0.10121309202903898
51 0.02435266972929487 0.07406130054576233 0.016779398125113962 0.007023063083279281 0.030252590192592927 0.08528220781868492 0.05823155457902864 0.008929384346547749 0.05005349582647644 0.08308013363321246 0.09794251479994728 0.0836186129372238 0.05668945105936266 0.07254044205535436 0.01541806690027003 0.003198007718194306 0.02459322586130886 0.10020233040520445 0.02602362381156227 0.08172792657157858
52 0.06895751364211299 0.08068273415974804 0.04861239048763767 0.04974734234476801 0.07002227221486344 0.0013773309313532716 0.0791630084895422 0.08302880483039708 0.05958055595512473 0.007616592838828055 0.0708156108951948 0.07431338736581004 0.03748312319284335 0.029730984863368882 0.054644346339859116 0.003649155141344478 0.02837859365599047 0.052567119880694735 0.036432186700661846 0.06319694606985693
53 0.05703902718213197 0.03291167315976393 0.07827819880092655 0.029293824931158206 0.015422641301746552 0.030474836249323584 0.03352200004023843 0.009521486316019767 0.02105132513631991 0.058897895654425866 0.09546860100299467 0.06031928664610835 0.09396370172721133 0.1030793617000128 0.018779967753055325 0.015648438572035208 0.0026522305368379614 0.09731164733813966 0.07456646887239125 0.0717973870791586
54 0.05185712619856058 0.08560053298391718 0.07003308897801813 0.09213971845912293 0.0004685768299143263 0.06311266798845473 0.03387883743797893 0.04039029380583441 0.05467816879816566 0.07531762903637888 0.021793164731007682 0.0362939982328214 0.08187343470686044 0.019296211694079284 0.08741994748892952 0.05351140339752758 0.009365812937305281 0.0766878783486671 0.013669131044180334 0.032612376902275815
55 0.08475382597343954 0.052804922817997056 0.009369619888123895 0.020336627852702186 0.02908964497917956 0.01701953130451791 0.008712040817187804 0.02457625851088364 0.09642061109900336 0.04566605741797349 0.08299493134248961 0.08640409156527934 0.026730549690488933 0.06583002730328796 0.03535500878529273 0.09962513488666468 0.015433683037075494 0.0817352444752302 0.04592850104135593 0.0712136872118267
56 0.08379974123765523 0.06256971158014137 0.04589990184466802 0.08876385907377245 0.06864453000832825 0.05322367184875136 0.04017699586987378 0.07196614782974366 0.04583185061404246 0.0022353196800200268 0.09105386311185236 0.08999664107555312 0.01828965920238288 0.023689138535736492 0.028307620391604407 0.03538615798497073 0.04612873380702386 0.05804208442015869 0.035357893859946275 0.010636478023774614
57 0.08539469517847366 0.03150446182929373 0.057325786807317945 0.032126401146631615 0.07454861417487635 0.08335465097997216 0.012403696045399934 0.07383907672412632 0.021531675260592572 0.017896065807059134 0.019297767401672106 0.0839051498745997 0.08393308442412371 0.004552008611560286 0.06829571241361294 0.04035741196455805 0.05833471604425788 0.023768767758564985 0.058055857458966124 0.06957440009434096
58 0.08398835265449563 0.06598113282625621 0.01386969662196843 0.05608425341551886 0.03992352239118706 0.025672735126801828 0.06830622979764363 0.007751686644005762 0.08412903029135536 0.04956992989216565 0.02739210616794554 0.008367509795610207 0.01768618217971158 0.06409629066016978 0.08131388841034667 0.06806973577401144 0.008677438391430125 0.0982557012512454 0.047373964007603006 0.08349061370052777
59 0.028360765006364672 0.053244931432759185 0.02308889814313807 0.03137541378733168 0.06627848761061145 0.031054668999524436 0.04934860087150089 0.05595562496203609 0.0003957370435008532 0.07710235434911905 0.06259769809544094 0.07680663609063947 0.07048836236035065 0.07428835869069059 0.035232085087029276 0.07544039479222173 0.0586943165931133 0.050338023939375136 0.01532750687354631 0.06458113527170638
60 0.043832459410483325 0.04624790245207071 0.04873584352362417 0.014428427089820329 0.06521388783902551 0.06419523547485022 0.06482966467834397 0.07727519582541835 0.050907707708466025 0.022951283469365574 0.0529954650905039 0.012462234505662135 0.05461054559016332 0.06829586113606807 0.06639761102085508 0.018646944762611622 0.08430125051255768 0.0564347193727297 0.04776066852746165 0.03947709200991867
61 0.11798141281778182 0.05410968757456702 0.0777825357451077 0.10517509499583694 0.01434470985553325 0.03880717974682363 0.042310680137907064 0.022461842935247035 0.03761854632034272 0.04263189241548246 0.07807590659853879 0.0026860093734465415 0.0003548239313489269 0.08136466871012546 0.024410092152193804 0.00493718504321707 0.06086258636092292 0.06349629314307352 0.059275496564495794 0.0713133555780077
62 0.07809602389537411 0.05311978858403466 0.06218475814748334 0.08189169470993671 0.06329596385726889 0.04311658965952552 0.05776982360685656 0.0746933620536136 0.003306494803955348 0.0007491310738062716 0.056508051315544594 0.04733446574039161 0.013735342615936744 0.08674299502982051 0.026128762011744997 0.06155306160414257 0.015179917908587418 0.0627454172938336 0.029418060523398085 0.08243029556474477
63 0.012006126003859604 0.08324222566294724 0.0022404949382486554 0.07947638093651231 0.027404942264865492 0.06653378370865723 0.07599789342071044 0.059002245466715134 0.05178004942879832 0.0031725726441866795 0.049427829889558524 0.037646322489215595 0.07553283542624653 0.05600443000719 0.03464031235331352 0.04001041587763349 0.03348524868756564 0.06942379641055718 0.06089464343845816 0.08207745094476022
64 0.021161302322526415 0.06271750281140494 0.015418512170085432 0.0047468729448574346 0.003944517926888339 0.12188621341366812 0.0352510696655755 0.09452563303160486 0.0022672298536652014 0.03154820316997568 0.09995390805871415 0.07250158183390892 0.0024889166105840853 0.09654894864577185 0.10572951972583897 0.011361361416314789 0.06042073582494617 0.1190079089520058 0.0056566004102710996 0.03286346121139226
65 0.030307612632816828 0.020933345542931487 0.08290727182176359 0.04407994439542455 0.0451525735033341 0.06298536524311805 0.09271716408324317 0.0903975187313276 0.02640877183501973 0.04566340236801621 0.0170393214240122 0.08385219168951231 0.07982580961096614 0.006932211670531526 0.04786200672236516 0.06343558178391319 0.0018552981467811747 0.0592473680628501 0.0676810242662108 0.03071621646586214
66 0.03083528888994643 0.0023053286701749526 0.014547825373184352 0.07318446191841096 0.059309533820962254 0.02380406240726602 0.03541563150340637 0.08030461332259115 0.07883420190715858 0.021675094930188793 0.035982671624225346 0.06926323638671149 0.08224997232941807 0.06961265587193356 0.008397957398829342 0.0531208863521957 0.05993322802602769 0.054427737964299464 0.08130248320890016 0.0654931280941692
67 0.014894281871773081 0.0024713527797364113 0.07557896171139102 0.042211022618377635 0.04530993860305006 0.013569739927792234 0.09748893225747289 0.03963299993729308 0.0871803184130743 0.0962877831911126 0.0903193168356361 0.01911440310695923 0.07407035006322571 0.044705252912024936 0.02594845125736034 0.0033726998548531443 0.05594454287118287 0.05131174339618642 0.026439447651440077 0.09414846074005782
68 0.030429500839130454 0.04616697987655499 0.02052283462831162 0.06416114498953582 0.02453292558975564 0.048118023563887835 0.08768958849274151 0.0804874839656287 0.03557235195852346 0.06863881475591527 0.07196546815781718 0.03615090684902346 0.04881730039925492 0.04754938377332715 0.02907156635578313 0.055178761225683666 0.06275104070946548 0.027778022054194173 0.08200436170435939 0.032413540111106115
69 0.04777018215177234 0.019443214582090442 0.044771127654627166 0.06350432227150646 0.037954907366742126 0.06956848942021655 0.03523406971048979 0.07893211372731952 0.07122280672663354 0.0492978413940003 0.05991369551952046 0.0039638919970714556 0.057157706199045005 0.0136200250655397 0.08250339321735932 0.07581439369798064 0.031273486583155846 0.07480782362889837 0.023660358212499493 0.059586150873531626
70 0.02428203289052966 0.08565869634345946 0.03489695581047371 0.0521505236959567 0.0826664666068041 0.062141559795108894 0.03910390320217926 0.06653798903991336 0.06823829447400921 0.04058982522371524 0.03686726328473908 0.06875139348881332 0.003226228193646932 0.05609269929094479 0.005701667354591711 0.015117406892848824 0.09658657441545047 0.053142061971875015 0.07909531866671891 0.029153139358221367
71 0.027780906132737267 0.0998585030231183 0.022718664338131196 0.043739629501624515 0.01131567023231167 0.009401773338231894 0.10665810396137514 0.014073054728879413 0.03652332836122658 0.10678583882943339 0.05424104491367493 0.04374524833095671 0.032642123508477554 0.01801062566429835 0.0715252055844235 0.09073791045351343 0.03834762576044259 0.0701468592728716 0.09345368156314625 0.008294202501125728
72 0.042975266444549264 0.037177967973812565 0.01913864203629613 0.07188705663459734 0.0327325869404218 0.060384201804032804 0.014469967565428881 0.09677763274056679 0.1027887197969935 0.0692257625197948 0.05133393609490347 0.04803226365508577 0.10062253308609856 0.06122604413826351 0.03903404701322097 0.03120685618631573 0.027928496368351388 0.030085963166657282 0.046720402924107875 0.01625165291050161
73 0.01126413644883466 0.06158084240153426 0.11170093738739212 0.08645427572628568 0.005064905394120031 0.0016995340339137498 0.11614146987123708 0.05757424674837333 0.07344836574845356 0.06265185574323524 0.04841104501177887 0.07647610749578557 0.02618328513109139 0.010882132262045994 0.0926571487328766 0.04456209324113551 0.01067907688310618 0.028045395784745863 0.0065172000606407345 0.0680059458934138
74 0.03845492850664017 0.047640679264990625 0.01902079866063755 0.08266388749313928 0.05928630206179015 0.07299995944557705 0.05032353517024601 0.04478013411816878 0.020880634819131542 0.014050689603892039 0.08554754655763558 0.05297846540699756 0.07859467121648024 0.05567248959832916 0.01162374329550577 0.04465743690523405 0.07161433086651388 0.014957168539690528 0.07700256323186351 0.057250035237536474
75 0.01708660677210565 0.06870124596624883 0.04638053048691829 0.0685630772552734 0.057738730965066855 0.06635228591803677 0.07343937177295337 0.07028052722238501 0.06323720007882269 0.05349231040343721 0.05724769708071335 0.001955743342826492 0.032054600344788894 0.06984025068411377 0.03994704465629475 0.013105573510620796 0.03682615803961503 0.01569874430807747 0.08216278206214854 0.06588951912955279
76 0.00026994448220330223 0.09953676296581064 0.02626682533825996 0.09314467828928338 0.09375490135614384 0.02610036695123163 0.09216755876749741 0.04178221363801216 0.033472855437571114 0.05140516130859831 0.014467697447814114 0.061823088277214534 0.002340212461201321 0.026109142514661274 0.09732714372330688 0.08161826311774772 0.046573233923833605 0.021240198839927085 0.015140995708742541 0.0754587554509393
77 0.07997019982138565 0.02963698103053056 0.029019086796317244 0.06984780383053862 0.039178054737243534 0.0008304863500020232 0.066723200477475 0.03995050794144006 0.03319627701263178 0.04184396395310213 0.06967137565244912 0.03427801089921218 0.08346013255068833 0.023685644207016212 0.03003859068470259 0.08379995537313585 0.04918715788466537 0.05927704290892181 0.08674707823535197 0.04965844965319005
78 0.08526255186680677 0.058293315856382324 0.08615218051155607 0.09000266127028372 0.04920981891354253 0.08393342774279354 0.01069788468911874 0.05634267758199528 0.07819361867762338 0.019571160004985478 0.05928623981146189 0.07749433881802233 0.01395352720636456 0.0729610816859135 0.047661902590047135 0.04634648113237794 0.025134893500916026 0.01313212285767927 0.010833068487691682 0.015537046794437596
79 0.005477487735596732 0.04017916994243269 0.07296022835230496 0.06951592096754967 0.029436536000062116 0.09827616707297455 0.05588054106580792 0.021430946759601482 0.02723569346352573 0.033669204786282124 0.05280649941958225 0.01178038984131171 0.10049977201390375 0.03613077339567433 0.06813867308744116 0.009117046140146344 0.059839916068537176 0.06454897135312744 0.04958823819126072 0.09348782434287722
80 0.04468402921077046 0.01146974129602417 0.02667288265585909 0.09083576083266637 0.06683515218609334 0.06431819085009156 0.013210146071422242 0.05874422590255052 0.03603160744957715 0.08583940710238183 0.03279394163643783 0.05251181378044496 0.04532150480164027 0.02007061805388343 0.04441419560869617 0.06230684295654163 0.048851156824589154 0.05979195861276975 0.060861968869327474 0.0744348552982325
81 0.055973975690826426 0.027898750774444172 0.06583319031491165 0.08806966005278384 0.08435608830794737 0.03004795922711876 0.06204523222006416 0.0788080642872413 0.06108841664812761 0.0699669163263586 0.06351311713487733 0.07446147777399979 0.041433135400244535 0.02553327581474117 0.02968072952221262 0.02403295395086531 0.005675228896827025 0.021091583570963128 0.012086076186057188 0.07840416789938828
82 0.08242982128285632 0.08150759049222786 0.0004054629717879862 0.02741701292339485 0.033574278564097323 0.05229809838283194 0.006937829968907401 0.007567790746983379 0.07657298535882164 0.08106231215218208 0.0012422521204289716 0.0800900301771417 0.04384590636546719 0.07166101200601557 0.0917280777001639 0.0702978179607512 0.016686517086109083 0.06318162756639403 0.06060698664295997 0.050886589530477755
83 0.08408523148793409 0.08378207352104962 0.07841377491503197 0.019355929920581657 0.07707607045806422 0.06259327332016647 0.08974522387818838 0.0027835480625218764 0.009293675370678515 0.06283114788959518 0.06870716796142398 0.06322151028306817 0.008792048106582186 0.054308063832678756 0.088930962674377 0.025938696735447613 0.0033930433301781826 0.08974398338614208 0.02210611867430666 0.004898456191983352
84 0.013925208517798868 0.035172975191815455 0.0660370948374967 0.0351644037486419 0.061134092399655976 0.05694739230513543 0.017057856804319364 0.07485795982307114 0.058895872672434894 0.06999353012848487 0.055830881681811696 0.05795863421668555 0.03833119591996024 0.07401115001599423 0.042276672417382755 0.06314740360005927 0.05682004540021943 0.039992702575324425 0.007359776024719943 0.07508515171898794
85 0.032285311784493294 0.05420077794404549 0.08152973686932069 0.06455843766477184 0.007946533427215526 0.06030113338692192 0.07365740700088806 0.03579200202802102 0.046711469447634976 0.05736370269018049 0.0012462366623632473 0.029020813748568432 0.06581946395210896 0.05928646728533632 0.031029686602650403 0.06053762201670913 0.06649000520872661 0.060080038744879875 0.07258121281804111 0.03956194071712259
86 0.062120533041056435 0.009590610960428243 0.051872353455684424 0.08918179420709352 0.08071665738780914 0.09783507758752115 0.00887900981950124 0.07833077707836801 0.0801622337154844 0.024288703046548905 0.06510441545509707 0.018966538833470874 0.07663114069346066 0.006889658343132044 0.0653681625853741 0.003537815405992411 0.044546400205131516 0.021287723418165726 0.043637333856072984 0.07105306090460707
87 0.04079043309396056 0.026126334487246713 0.07850948207620473 0.0004925489432010554 0.018537057491599885 0.09182067589821194 0.01500153784153472 0.04983072916650706 0.07799010398142951 0.09107106605515353 0.019165172561498148 0.08523835514078501 0.03959246579555008 0.0353408842765662 0.06329264092925804 0.026530606782383507 0.05349475067367179 0.09060651820685656 0.05169136985974087 0.044877266738639995
88 0.0695402478571504 0.057058644153464226 0.0384602378773821 0.009676012392873226 0.02582488602445707 0.08957847544781115 0.055123741097314626 0.01836228407392925 0.026991088547261986 0.0427637361917982 0.03347506716050361 0.09091643803960901 0.06036085216990663 0.04051433977654341 0.032921652313226586 0.024940419885290038 0.07597921033322212 0.05567342922602123 0.06355097786839364 0.08828825956384143
89 0.05723864024908015 0.03285183043442955 0.06450647321749546 0.06632722327364286 0.06683415318272234 0.0629031916891792 0.03664535122583628 0.07423887069750536 0.030270240018244774 0.026941184976624788 0.08575683239116103 0.0309286017047117 0.06217671606648745 0.034273916799584005 0.08107094194082305 0.0518223462621135 0.016744570306311258 0.04497504971739354 0.06231980699796938 0.011174058848684297
90 0.10931291302658497 0.006231703154364107 0.07932440528401934 0.027211127799044037 0.017037653837181272 0.024034252092390088 0.05628391625876076 0.028947479587308013 0.049956857007742335 0.00024825367245100133 0.11412265476339398 0.05125824369161588 0.03359280751645137 0.0602202029694249 0.03507497234782826 0.03149989907978872 0.007717514373804052 0.07813451214943123 0.08450554933215233 0.10528508205626338
91 0.10034448676386959 0.03447235650939379 0.0473677966772029 0.08896330412972092 0.02631618875775409 0.06422674195129008 0.021903407572502268 0.10016492885228793 0.0634281749408251 0.030354670045552742 0.011360625579918779 0.020759449734841957 0.10850915859695158 1.8429561666091836e-05 0.05866073837811447 0.018184069626716932 0.022814627983546214 0.005035984478811358 0.0937259160166547 0.08338894384237848
92 0.008765199495728638 0.014869511862329009 0.06406336123144671 0.04499036214224296 0.041289371092286836 0.0483837126549614 0.09405524113507584 0.03202317663032009 0.044123857196026385 0.02144677178998163 0.0628088322267398 0.05143391817733319 0.11419540294557771 0.11082231892873178 0.07873703113389528 0.030528196149860114 0.02226052739022553 0.03282655354399536 0.050761316902314634 0.03161533737092712
93 0.10200942337187047 0.023183129553463473 0.013398806983709191 0.00021943900471497812 0.053843974451489994 0.0006608684659266913 0.0854276177455597 0.007005699175319613 0.11144846144577718 0.05642011540035081 0.1125884271032011 0.008062058624386985 0.02229419240674069 0.01293675021089885 0.07566791299757909 0.02840685810752671 0.04457892218612031 0.01310895985623848 0.12092072623322231 0.10781765667590319
94 0.03654592404596795 0.07943366162710634 0.025344886822073816 0.0028205012248468195 0.04034763177796365 0.02879934771716107 0.06168172179575067 0.04593910473631753 0.04010567151909809 0.07776579724501043 0.06908292125166508 0.08538561588434504 0.07158963633909488 0.04086351320357474 6.58535856579547e-05 0.08661870943283628 0.048273321626338475 0.05849080670781656 0.05579924931867029 0.045046124138704145
95 0.08927913407748503 0.0906170118519589 0.027575916917931795 0.05510979165978584 0.042719959228432906 0.03915407750045682 0.004876927804077818 0.07605656793932164 0.014173173448690459 0.058329499472950117 0.03314818554772221 0.10598235495263239 0.08181923859164163 0.024185175582709256 0.018258736959824867 0.024692767206832653 0.03697016592732277 0.0004649961225320511 0.08936927260439304 0.08721704660329793
96 0.09858166797003194 0.02701633557540849 0.03322064855737039 0.08825996355990275 0.11512883514136175 0.0660687556943011 0.020304790610486477 0.07453181111641582 0.031678399962518436 0.007092426283753019 0.0461762162827046 0.04546908776553896 0.024456177917723757 0.09393163532216724 0.03262939824386663 0.02377294289379769 0.006184401313570803 0.06499865179068304 0.019159519743188375 0.08133833425520863
