0 0.0015435441848625489 0.08040472420349981 0.08343113846807419 0.05405579511798386 0.050906913486086385 0.08606779678425486 0.004205608933158059 0.05893652864756555 0.037100824280562446 0.06184484100908918 0.014434381004177573 0.09381998610212784 0.02477837031091316 0.03949544267379337 0.0573446248218037 0.008206686522078684 0.001666342238269975 0.08595508843524113 0.0790622041271137 0.0767391586493439
1 0.001214015873797897 0.0037218006635514698 0.016296736661189786 0.026704194459177717 0.06560671464151399 0.057721683408273 0.08397678576869988 0.04698164720966846 0.08442837783967386 0.05589162845057631 0.04182624768699533 0.004663476033872817 0.05526268497821131 0.08588583170287588 0.05865421627695363 0.08038675152419324 0.07893027582172082 0.05127683304951898 0.035766680703532866 0.06480341724600272
2 0.028785757256872154 0.04924380314311927 0.01935490883456334 0.06562224668746765 0.04874687908394208 0.06192634105262701 0.0074470562723839865 0.06789561473336705 0.06109078826557509 0.057943092077544646 0.04280582164054317 0.005989144644932817 0.06714742199900349 0.08227806966488613 0.08334064176972047 0.0032972419400201965 0.08144332217707458 0.05819163153785552 0.06424140828297042 0.04320880893553097
3 0.07951430819289491 0.03379765129381686 0.05237713135528156 0.0017414949419682951 0.04297146926476984 0.08367870511208908 0.08381639449908568 0.0898777421321497 0.005672396340660074 0.08344874278985358 0.0119683099613461 0.06879352877992329 0.07703094098298119 0.08688468716404053 0.013639535609322415 0.004656424045814084 0.07185286325810764 0.029190547499802565 0.0734782998645296 0.0056088269115628685
4 0.055704962446125356 0.08431345465887213 0.07659019574347153 0.03851932721052457 0.07464143313654271 0.06452517279675818 0.027415426008181414 0.07772142266166591 0.0568501500765014 0.08851494487754444 0.0686669606198068 0.0007427647119049798 0.040141663842002705 0.09190088418958886 0.002344560505065578 0.007459613728609726 0.008584058141443321 0.025023367576747998 0.06874901401587985 0.041590623052762635
5 0.009189253388061784 0.013645026132841449 0.03152081830677328 0.0951213061092015 0.06483863988746572 0.09463647908958925 0.04789920242184489 0.09765948905564974 0.026655201253612138 0.02029792458472331 0.0035090460420174516 0.09871319062138613 0.0764690727112373 0.016084431251083903 0.08051330861731734 0.024350177573771576 0.053644026291927556 0.003939863375298932 0.04498105599842862 0.096332487287768
6 0.0762190311432426 0.040722809471841856 0.027795992799888286 0.07373403741190372 0.0780840022015067 0.08139856019693929 0.06817279021610419 0.02353508172576517 0.0758078490922758 0.01821304409148248 0.04650296734602549 0.01636688639361455 0.07079223987169835 0.08480666119844577 0.04318326829246344 0.0024785026573197902 0.04617511237392944 0.04207741539140127 0.03832323433147158 0.04561051379268008
7 0.04864525987902351 0.05439481665461069 0.01892748521794956 0.08539595686316681 0.054834580774655924 0.08569908781464755 0.10164808927687989 0.04087428720519979 0.0028339227959887055 0.01164360100467641 0.07597893355049652 0.037248876057104585 0.03364089149988741 0.02043181745768305 0.015339622129257572 0.09349981763960843 0.052669590888847026 0.08376041073777482 0.044646563998135894 0.03788638855440578
8 0.05185178110349155 0.07973292939407356 0.08109276993008953 0.03593970351737617 0.035683386768359554 0.07345620219518938 0.03452094771310735 0.06023986073538983 0.08413307069970467 0.07759266677789135 0.005249818835567997 0.04722776982808685 0.061692556462973246 0.040838870289027926 0.06567335531864471 0.016245250841940128 0.025158658161120142 0.015694978217055 0.07637351231369005 0.03160191089722077
9 0.07810634285417349 0.0825052890527253 0.08753461565690324 0.0176624459795727 0.045266006873438965 0.026865295326893582 0.058236214942227554 0.011900904539421994 0.047733032152638674 0.056568419620247196 0.025286191912829915 0.02840185793116495 0.04326005069738227 0.10624629736640505 0.02169120988613585 0.07419176516302259 0.05462736145241954 0.008091744875582636 0.08563274568324604 0.04019220803356851
10 0.05041171223974843 0.013231106957654396 0.04858639165291797 0.06938604336080767 0.0975835597667455 0.010234131698466927 0.041440182641683726 0.008851980956265444 0.03542772927493141 0.0069274118871784605 0.024493431580298826 0.025122814118772097 0.06772850783961433 0.08982981938764045 0.04876054489315706 0.04750172360054392 0.0874077528672019 0.1106412627612114 0.10936160264289695 0.007072289872262954
11 0.023598411345156858 0.010010308276263657 0.009215414180942062 0.001978909931196078 0.0014094170198921134 0.05713166788724388 0.06631915454233825 0.03892763380540192 0.011699428760530308 0.08605836238271941 0.016940603331316563 0.11058067110245494 0.09610424436970466 0.0013428639336896797 0.10134586486706372 0.0903130224871822 0.09489748570310443 0.04445796910311346 0.04271712282827525 0.09495144414241066
12 0.054598018547096644 0.04779855807898096 0.037177127567496755 0.07450750072265452 0.047554852944917896 0.013615829367638402 0.04189559259502347 0.050329556166782856 0.08955276170918665 0.02944944622811699 0.021987420213475703 0.04781429102996197 0.006942775205033671 0.0811189813111455 0.03779171208922502 0.06942422339174732 0.048779889519671875 0.03380608150242241 0.0788352722934906 0.08702010951593075
13 0.05033511537574012 0.04714032536923855 0.07892949202222291 0.02924503670432366 0.04542032874023469 0.03808233941187697 0.03363021040019497 0.08641622003926432 0.049716928233350215 0.01984700728968947 0.039775440384137474 0.06071299108628277 0.06276449589947233 0.06415468675268138 0.02340922408733109 0.014274911353760024 0.06634841958226094 0.08064242113700058 0.07612251576553983 0.03303189036539755
14 0.035123975667718854 0.043743747072125125 0.08032628486899387 0.06734614061667529 0.06133549222086924 0.08047016557839624 0.0015219974866799704 0.036808210986560994 0.04098258629114342 0.09730272068350972 0.10978647823456937 0.060329413451161926 0.009883897317173932 0.08455173726650345 0.012341978876573288 0.07576836354535538 0.023138102216506976 0.0075370356374935615 0.027836535138830675 0.043865136843158396
15 0.039809613106492024 0.07958220623442253 0.01725278807075546 0.02882669795522642 0.0678041747683178 0.0443930857489068 0.03536950505416574 0.07776513204354271 0.0916842207848819 0.0629756101372907 0.03754895825325934 0.010365434421224977 0.01369428819893782 0.028657235772327344 0.0685492860400866 0.05907323708846666 0.019082220366296383 0.08518227389507574 0.0503119692480673 0.08207206281225586
16 0.09220027245689497 0.09095766009070236 0.019843308127492697 0.08645666751466538 0.05241972730576278 0.05498741181345208 0.09136913823073427 0.051549079822614544 0.039467402163052494 0.010785698062846473 0.049941861816531374 0.014216303796517676 0.08843315080825204 0.04326150315710175 0.057062390452819314 0.03433170350804815 0.054976019968670395 0.03167890719501249 0.02315170392984843 0.012910089778980284
17 0.09385204610070683 0.08705448566710335 0.05168981028731014 0.10284016075117994 0.02034677443282353 0.029365202497184068 0.01435770129513914 0.02684798330769336 0.01103563201044793 0.04765411527915214 0.05578623633934661 0.05522628429392654 0.05640503203901247 0.02982509324671816 0.007832817722478434 0.055983469314049336 0.026350117091955613 0.036506840600021115 0.10627827295489525 0.0847619247688561
18 0.009805903746907287 0.07604413179242132 0.03590607217195283 0.07149684684066741 0.019781793780510547 0.03978886778454443 0.07753455763487446 0.01749912331981045 0.05017072306283435 0.06970796127023292 0.051032766432479504 0.06620201367544269 0.06689648485149827 0.0710055914098703 0.04624253851828039 0.046812256231145925 0.06647723874937342 0.058135153378303876 0.011147631999029841 0.048312343349819764
19 0.07914672797482344 0.058405948449545435 0.06724221802078598 0.018551258033174665 0.025407024892646908 0.0851782005757647 0.06985376466354123 0.024121357543051333 0.06953265422080065 0.010925963167260624 0.08084796018649405 0.0915068388209057 0.08020857921484202 0.005930075195322698 0.006597757499458479 0.01657407175267348 0.09334985082567174 0.04276692374081614 0.04309590382672731 0.030756921395693457
20 0.10452928718523559 0.09037686894940129 0.013787736027172726 0.10890035932869686 0.055135708157250406 0.023284141103238423 0.04988388414469357 0.10996517718862431 0.09017680336119213 0.03298024627765937 0.031885986447652725 0.012833681769215495 0.001536990363055239 0.029180999895460157 0.04791444207582476 0.0010379271345755854 0.04498942995031151 0.030138866449580404 0.10933872206587819 0.012122742125281232
21 0.03877899290668069 0.04515669058008637 0.05805811860785454 0.03665313079861135 0.030981598845992074 0.0036137607139278285 0.07388237718182825 0.08000291133337378 0.049197196701357894 0.027710410225753573 0.0014090803788829698 0.09860009374426386 0.051936152363174885 0.09872970847899469 0.09775919118137398 0.07823440054795462 0.009979585600936905 0.04569336175174308 0.0001041013392797874 0.07351913671792894
22 0.09217465009348445 0.014488578946826947 0.08044542110283195 0.053917433210606894 0.04370009539079657 0.06073887781769171 0.06311544198281073 0.005160074426959409 0.016727105200845065 0.0011598709636706315 0.05240563155790999 0.06476554139325079 0.08280381284170069 0.08828317754070482 0.05155551004385447 0.05915382530358223 0.016690152572906587 0.03734348160623496 0.03300932616971477 0.08236199183361632
23 0.07345404266308887 0.05285080448951187 0.06817519282708383 0.07311467390995001 0.058253321657194664 0.021744406915742746 0.06808813128444484 0.08548445715042129 0.05243271562335111 0.06060385772102005 0.015216188132566014 0.06028085727303318 0.030329910857731818 0.07761076907592185 0.03536338961833981 0.04427810623053712 0.032631490273171505 0.05765846411996374 0.012157155646543509 0.020272064530382168
24 0.034818791990455365 0.05489209673338489 0.012392434489498257 0.00358035219601112 0.004876477013307075 0.08630214292672958 0.08859149811385494 0.06030731095918275 0.05424976546710777 0.043132442153416356 0.06384325950849473 0.09778749902624789 0.07687895071254648 0.0010498731343554107 0.056804217305497784 0.07364292465900547 0.09649929232994785 0.013346445918475764 0.008476119440363247 0.06852810592211717
25 0.0663287005884836 0.05031150310015972 0.08444126529520662 0.042233365183284625 0.03496350363569046 0.0632506201961364 0.06270891635709215 0.04649814187964875 0.08243422097591302 0.0793242717873225 0.04173018350542217 0.04662212522771643 0.060335080695283747 0.040375706780456794 0.054811745723882484 0.056782412816064075 0.03585599107412095 0.007636960914090666 0.018470510755526966 0.024884773508497698
26 0.027872961027328443 0.04297585629099781 0.04032526499774389 0.025117348533842385 0.02670462334924794 0.1014420375166015 0.060046755006437906 0.028412252429076038 0.050301745379068535 0.061791228482205064 0.051562135940036655 0.05506133844297193 0.1011304235446252 0.04753048809778297 0.023917807433599378 0.07205120353325892 0.08334409756092202 0.014519652595520667 0.023788523361895596 0.06210425647683734
27 0.08356189374580192 0.04225896452333932 0.016793710256970948 0.0612930137238886 0.03268956906668437 0.04846181866040514 0.06820328378651049 0.02169570253674032 0.040865694593385474 0.07261634379058476 0.014982816498877359 0.046722547777773696 0.08470460526830777 0.023604360674531432 0.07173791102635503 0.09162780623077817 0.04577803861341945 0.030478092571916682 0.05556063616427412 0.046363190489455045
28 0.04446565138884024 0.13246994439587767 0.06801439906891657 0.018257545012519628 0.05342918258761877 0.035063064131001034 0.004574075820603282 0.04142702360711565 0.02813296889319855 0.05137256323086359 0.00431210061988148 0.006899661663383104 0.04894265905870187 0.023781552539293715 0.06117016003745363 0.06647850036108799 0.02379305959110759 0.12156553903855573 0.13140447993047844 0.034445869023501524
29 0.05301964604476563 0.05507459783017272 0.0757857896631222 0.09021618193114081 0.051461590586581785 0.016345748775283053 0.07089047664642235 0.03148236309078339 0.06844915208216408 0.024889437646239958 0.06911464166650721 0.03525443829769804 0.05090027840538129 0.054285631240190986 0.039218638971241615 0.08700010934118305 0.047358447809862994 0.012768433111476431 0.04444860802878663 0.02203578883099581
30 0.11060717171128114 0.06258149870113539 0.011883214855898619 0.038938734810152684 0.018529708355282542 0.04503078886509003 0.03444696503211886 0.010840553319061001 0.03315868693023282 0.06404184445402818 0.037719652756659366 0.06299373050225646 0.08040832370984288 0.05359432054807252 0.046308373400970985 0.009981291744772969 0.10719051765228596 0.06203606822530721 0.04770580175141339 0.06200275267413712
31 0.054042092042269216 0.004635439165469608 0.06690373447675688 0.02742543957726525 0.03610608774250906 0.04719640945608091 0.07281459555318602 0.07260531766902721 0.03778318677937305 0.07424379929699014 0.03797381717984482 0.04796636956565174 0.06824475660428171 0.0464697846940898 0.052083727553801196 0.06660914622913901 0.02703334688032265 0.02485300328665847 0.07034253499396652 0.06466741125331688
32 0.07815248306457838 0.07922453725849649 0.09745338864191619 0.08827379106938221 0.04162632881837727 0.0725098418787835 0.015189443632591495 0.07982117640490163 0.063711532029011 0.07287801906490061 0.014035950884205093 0.06643931979125198 0.034357612917197154 0.022622510309624685 0.032215208345589975 0.0023659588913819934 0.018218120616418837 0.02605097610756082 0.055658403233124674 0.03919539704070586
33 0.0678040565671042 0.03444489316500036 0.06463884785694446 0.03977913428142493 0.014582747679399006 0.032579015085105766 0.05260205364165768 0.03219925219002206 0.10264531444363452 0.1144738492411317 0.008694701285166303 0.0338112199094995 0.0012019698400601376 0.039090782174999616 0.021838353414431765 0.06107805728078656 0.0009561073512507259 0.1131682322518489 0.05299657586675913 0.11141483647377257
34 0.04026051332443561 0.0428248325363445 0.06369122894613033 0.0007880238842850969 0.015185772502695285 0.034878836407694055 0.0622226459857921 0.07087741467401407 0.03699900848733325 0.08576918446785625 0.07426601089159038 0.0605036689832248 0.04618192481187701 0.0887237493078964 0.010985919339806057 0.09043353812691537 0.04528469989295168 0.05247989945524619 0.003303910790208634 0.07433921718370291
35 0.0412663630402605 0.10269134111618179 0.045392056976283145 0.05588555410579462 0.0007358057129443036 0.04362538238559149 0.006926485336757314 0.04748113000872833 0.01103012910395249 0.09150758559151778 0.008574288080048535 0.012223676863689874 0.06857249679737276 0.06002694106555216 0.06720527300822358 0.08389089060078384 0.09015745368592024 0.028968837099424168 0.0484154132542233 0.08542289616675001
36 0.0631791728915191 0.09033473535343237 0.08624117232859205 0.07412229079076359 0.03855782014577031 0.0031324596278298773 0.08317886105533813 0.037482016168861876 0.015299791921394945 0.05212866733283824 0.036931337114642096 0.05248039841844431 0.06336584390857965 0.06123162483396124 0.08291463538926194 0.057026155863579155 0.011782366461724411 0.030530052433085472 0.05769939200219553 0.0023812059581856332
37 0.02412594971952563 0.09721383868382863 0.019311457847951567 0.0597660820527027 0.029753877421118378 0.08086171044506993 0.02574963472995082 0.032107389829591014 0.08619778801677376 0.049121113409554946 0.00897610230047783 0.004288284591838372 0.041967575142055104 0.08114544088896626 0.06557020489484201 0.0683579965170057 0.05613266471082073 0.041283324692787525 0.06993137501936787 0.05813818908577103
38 0.08226558788081269 0.029454701792511338 0.04040752521804847 0.09114596722657094 0.08598060464105359 0.05600449522482705 0.08066197200425715 0.07047710702211263 0.08115010594086389 0.05032330445087207 0.03463738344017991 0.005688585980703292 0.07136314192143468 0.045676676374703254 0.014280432671035376 0.009330667447090346 0.03772528601730399 0.0339516880375508 0.0010241209885505625 0.07845064571951793
39 0.04989924308721128 0.05187866398413325 0.11312073514814724 0.014866512190551507 0.02150613193640161 0.0979776401960961 0.05911515396387197 0.03477748999317379 0.0008261093937776753 0.020112780790880105 0.038998474277818176 0.07039667497319603 0.04289735310566134 0.03311473259049054 0.08403460927298931 0.011039236678504129 0.10747870374428903 0.028152560052616685 0.03022066432270986 0.08958653029748025
40 0.0021165971046155953 0.012968210016079906 0.008479674140175386 0.0710471971919097 0.04872048173177034 0.07322087550869942 0.032240973672699826 0.08158142902470313 0.00024232934757522205 0.04802032945109039 0.04844226116278782 0.05282831644779922 0.07197508121803661 0.045316071755337896 0.06545555262652987 0.08410765156283385 0.05129072388691747 0.04009467685081916 0.08622108388542096 0.07563048341419805
41 0.03288224652542936 0.018347639774452272 0.07282965245386853 0.020152116088390303 0.08009936350258286 0.1062343181126985 0.07416933823484677 0.08890714426234057 0.06616325973684763 0.07439934519998392 0.01371724137877982 0.012635475181862747 0.030549307128938965 0.08599073154701484 0.01008720141473367 0.10205366907276046 0.01971211459535065 0.0073947577197752655 0.026193639201502163 0.05748143886784069
42 0.09704370208465767 0.062225122190558035 0.062400787510802705 0.07279588523516012 0.0812851441887429 0.026679681194730975 0.014432943611792854 0.011577483428356286 0.06416528792785028 0.021936221497343606 0.03476997021535713 0.04816897185291811 0.04340699668760127 0.07702617455131038 0.06410281468665233 0.05448854772936812 0.07315701828728521 0.05496395423691363 0.016385778557468835 0.018987514325129594
43 0.06304465398371184 0.026969472998057135 0.07029443965013694 0.05029178784431615 0.06014512449807156 0.07892158276997835 0.06232387224389317 0.052419414889131974 0.016005449553441926 0.07776926729119832 0.0224670614695037 0.08664540163777139 0.01612059380393991 0.04326898479431669 0.09022119699350502 0.021700109653166023 0.009399713402379604 0.012449181466674347 0.07788933770044319 0.06165335335636287
44 0.029098927381181413 0.024747029321117494 0.058032764910836976 0.021568961228789273 0.0943968791941739 0.07364222463457214 0.07368390241549638 0.04054538270972307 0.09074720942116625 0.04035428971398804 0.033272060130039166 0.09068157691517931 0.030329925133156334 0.011464897695198017 0.09116016661955066 0.03636577492317237 0.020086641699699755 0.01862140322279512 0.09619539261191391 0.025004590118250566
45 0.04702858181667627 0.08047089077100615 0.03352124414942844 0.06336360745191008 0.07234488055906414 0.06518007307730107 0.021453374835366894 0.06218552993416214 0.08310479862269123 0.08087070104408364 0.0164258503301784 0.03660882414964405 0.009137424206614949 0.06260935680712745 0.008435760408624267 0.07055085536102566 0.02063430148988249 0.07657341167429683 0.030159459665196016 0.05934107364571974
46 0.09126245331924969 0.008137712676293967 0.03404399223613504 0.05527763147337409 0.0514371184431274 0.008629700738824126 0.09978713070822527 0.06393426588141046 0.08362363345769937 0.001560091311240238 0.001354193681515828 0.10039397924809718 0.10592695615430742 0.0939751077130041 0.014562341676204741 0.07294048631752525 0.010713480876914793 0.004306645128031884 0.042251277426516964 0.05588180153230204
47 0.031697113533971026 0.07796538819109983 0.044615880231282164 0.0590180241484593 0.06486081076305442 0.012262688911191798 0.026537264380826216 0.07904890286643904 0.0770757259374995 0.06240740204459182 0.03980760651196179 0.061895893159821004 0.06433305797153943 0.01629938508583115 0.07317177464775321 0.03509117643853757 0.014057216399215209 0.05098186040734223 0.06963530717160994 0.03923752119797341
48 0.0701708678315352 0.009914306798274347 0.08566781057491017 0.04919343697394904 0.0724977300367079 0.06264577214100296 0.019188885032699592 0.003960695782684756 0.044066343405530506 0.03928150314512441 0.0034092978629102254 0.013321018472379256 0.05474863041154411 0.08560050420542836 0.04610324435341348 0.07213699747319648 0.08081388845102976 0.033805319835512854 0.08110523026628115 0.07236851694588518
49 0.025955010547856344 0.06304725628170711 0.08747816091094918 0.042674027240383855 0.06530015270080852 0.09250612703481063 0.02033942946311735 0.07969540098051486 0.07700251005795704 0.020217800990224473 0.02755227911009978 0.0003510533994442647 0.06121601011647692 0.0035270389943739483 0.07557265596809823 0.04954203075330832 0.03042156316622447 0.020438123427199313 0.08699388348155944 0.0701694853748861
50 0.006877264677753959 0.09193036862001076 0.05804032304068845 0.09234036541887716 0.02492630337381175 0.06517092484032846 0.060563066192148955 0.027245385513449082 0.03196107801961807 0.03575972266036625 0.004657679047792243 0.031145154892862223 0.06210748498809814 0.06557895078834261 0.06827629723190697 0.07812969616327149 0.01835152974624891 0.0688760419170186 0.08257979924783906 0.025482563619567057
51 0.03812648035938193 0.07496143300032244 0.010783712494267171 0.0971021851696641 0.007933281199925217 0.019670248579220336 0.09820541322649935 0.0711938232739245 0.024778240956618944 0.02363285765043333 0.011248709215354757 0.06313699995970193 0.08196253373151877 0.041086833395051585 0.06423215103909233 0.04718904502286863 0.045398595818378414 0.09226039328676511 0.07557991873972653 0.011517143881284895
52 0.02057617948170039 0.09045589156684258 0.08850520512237714 0.06393740874756769 0.08710908373414161 0.04538547129475462 0.015290477306742153 0.01755138438640967 0.04462096947624763 0.011157497457523136 0.06683856819224228 0.022007409353955277 0.05296158394508194 0.019236867122229787 0.08680032732811518 5.889723525822605e-05 0.043336243289172786 0.040003753782280625 0.09051205910179737 0.0936547220755599
53 0.06405896941944972 0.03614002425192577 0.07194805768322707 0.0864200079404445 0.045847305787310916 0.036002022932312236 0.11955625381912337 0.048053131407940416 0.009638457424271928 0.03432245849360345 0.0016895254374344544 0.012299716958189372 0.058042037822108414 0.11595487682208416 0.03361977113741967 0.01785000019534386 0.0021519722011915593 0.11692926004308142 0.0035686723134113457 0.08590747791012622
54 0.026915673053044077 0.042292129500362645 0.03311027973223092 0.06574578581541567 0.08512494540040712 0.015344272818480158 0.08474399540086555 0.06245367760909278 0.04579836939908061 0.04425910237935213 0.06759024043234864 0.051295853029378335 0.05241905808414774 0.03290376033110565 0.0896145176683692 0.02586708447786607 0.06865851660162414 0.0027237749411025093 0.10020454458869155 0.0029344187370345613
55 0.06076887311418655 0.06017843044310602 0.07330768951902575 0.03338295304213339 0.09049219225289207 0.06804426960186846 0.08287813129726788 0.0026206518193696397 0.006804060527108182 0.055959545090635845 0.0947824145781722 0.028318184276699385 0.0495674402098626 0.05803269591739333 0.02661733453007703 0.009927731638035784 0.05186871841403931 0.0470615044566673 0.05120116097619747 0.04818601829526181
56 0.017135377750100027 0.04394301684766708 0.06945339032800964 0.02993044599193019 0.028994494729976557 0.027087867011873486 0.0477639024393018 0.05212486798855992 0.06625308108199009 0.06052182806541043 0.026913384493651635 0.015925588389757977 0.06729697895407093 0.0264221854152381 0.037889189195569675 0.07935096747127031 0.07332063690603045 0.08094719986892303 0.06825715880219431 0.08046843826847437
57 0.041047169267006925 0.045776090326709776 0.06677336067030115 0.025465992621534025 0.051535155571090153 0.07123761820787827 0.006817467272167548 0.05894173496632117 0.07710833766682082 0.03916523841011595 0.05271334275482027 0.0703833270204424 0.062140844232254584 0.016567815489130968 0.06641726704975548 0.046427672323821195 0.0497255629125735 0.03995260345038971 0.06513902508521531 0.04666437470165087
58 0.014587251422078127 0.06894518428589794 0.06075887972854691 0.004735417285377775 0.05684836922712854 0.05694130280441902 0.06029149576596684 0.04509498715330654 0.09518362986935335 0.058325047120560254 0.0638274734725829 0.0979482262965383 0.06765850193332856 0.008986113643907171 0.04783936878728943 0.021515718263089737 0.0783045739791276 0.010692135102700232 0.012792473956310427 0.06872384990248999
59 0.10573811089163108 0.045064490885335276 0.040426844000708236 0.005530697543745174 0.01415924327199494 0.07398758922388946 0.007525222200897885 0.06400885731353156 0.034816957275517375 0.09215000058009268 0.04102999769240987 0.003064311438896726 0.0325919702507543 0.02357842355212514 0.04997556421066823 0.13543028801507825 0.09661152057733377 0.04844904629859984 0.031198960475149362 0.05466190430164071
60 0.010122249837152614 0.04673301662957241 0.048102935992604776 0.077043592135398 0.08749294916958045 0.020301661474032315 0.07789061528373349 0.006565403822956653 0.06385701776258193 0.03720495497087571 0.05363193343585302 0.09453258004718601 0.04695373102993845 0.005547625448518361 0.10402166234158365 0.04712059543599947 0.012418792111779538 0.037433573035297346 0.02655666778214321 0.09646844225321248
61 0.013367089275716228 0.10005304205901035 5.995832043028327e-05 0.006403818921130102 0.12660477061906542 0.058232177068218455 0.07895742626990955 0.014546406122805703 0.022658611284424014 0.04402186742824573 0.04372268890365022 0.06796845215852178 0.0863340260864723 0.03345611989727206 0.03557239715857196 0.07679990848356374 0.011975878868877418 0.07999039176784145 0.052180914616530016 0.04709405468974328
62 0.0628796853272318 0.06871929313012574 0.09836500205414958 0.04126701825146288 0.045102817313632006 0.023433980976085567 0.05407556897763429 0.02022497060358579 0.004311680007536806 0.09493846277961279 0.08598078689227007 0.09225971077884243 0.02691499494591373 0.036981666015912774 0.06341347081788536 0.01491265930134541 0.055275398380088644 0.03363412496888394 0.0025507922435330957 0.07475791623426725
63 0.030993947184118496 0.031301559001062816 0.03581903220738897 0.0015979957041380919 0.015683549953937524 0.028033801996972762 0.04684882828212041 0.08593262167034864 0.09553491410194792 0.011001483824863392 0.08519788001922952 0.008294401873585535 0.1029629424815314 0.09097221019091796 0.04069425007758337 0.0613780902137856 0.032238085719524134 0.06674631771400451 0.01591401232621258 0.11285407545672645
64 0.06571821429433598 0.01752364672111077 0.050619965414581615 0.01970412609127522 0.004084968975420188 0.04239150617256391 0.044236995550938345 0.07781118706938954 0.06112387885646863 0.05084480214414792 0.08169058650519698 0.07568700654556967 0.08068609308212835 0.06283776654520006 0.05467747642927359 0.06596836142697907 0.010282021862469938 0.041986463427318904 0.04182707822945584 0.050297854656175416
65 0.08724346042787498 0.038532956190647505 0.044836834875650475 0.08260635454496779 0.06230621438531258 0.07490969906614525 0.003434991727650169 0.08675083178688485 0.0039273062064803495 0.03993687712145226 0.050454731516044266 0.07509922700058567 0.01012295982215818 0.08991471893405253 0.04020936392289398 0.013567533257067239 0.037464061827953726 0.034966987575108556 0.038734530829374274 0.0849803589816954
66 0.09550311082797436 0.034130482585243815 0.05433572208861476 0.03671269452973373 0.10672494306714492 0.10108004714778901 0.06229642021077792 0.03790941391923582 0.014555075422049722 0.10004312324098733 0.0065522892884534376 0.07412218604767479 0.017008137348730495 0.0703236840173498 0.010734253623377127 0.020155575994527577 0.02070551963652704 0.03780013368489548 0.014849161909620727 0.08445802540929208
67 0.044193891165527244 0.024995990479921522 0.07938695797006269 0.10410213719825957 0.015132010677376347 0.045031355668768556 0.032560454005777346 0.10677554958990239 0.003526747767856263 0.05549479305786653 0.03183857981665269 0.052120413212670885 0.07600509594796323 0.08104933690622679 0.00541823089034897 0.10351825020454432 0.001386691344900649 0.021917995810443174 0.04837362252719558 0.06717189575773527
68 0.0258508169461933 0.06428988318264535 0.012047576783674581 0.07092546842782209 0.03396124449449769 0.0882800479523584 0.03097614023538932 0.08386835002735833 0.048433267610058596 0.006940885291605199 0.05076746984629858 0.03581332479072077 0.08565238220794437 0.04107380490649859 0.052249199581890234 0.02704630031095583 0.048347581676872274 0.07551554085905286 0.06187411414743447 0.056086600720729164
69 0.03363579704030431 0.06505766177493522 0.0876525252742783 0.033132152939703625 0.05210050043182741 0.041250868084404486 0.08810599388511438 0.0006231562420470002 0.0480276660059226 0.02622233140775226 0.012573946990566383 0.0546565555346451 0.0880905101412172 0.02899492966814889 0.08250720020773297 0.08229400779719356 0.054653352294067606 0.046646364158114975 0.06864756739415692 0.0051269127278666445
70 0.004803298047328689 0.10163686302734054 0.02925958516326869 0.045542690963231956 0.002642826271836269 0.027610525937563676 0.04578259773427872 0.0036350970051898194 0.032437829687323366 0.01074627104581001 0.1102435725274954 0.048012834663579765 0.07165581098337324 0.0850281540443602 0.03883953074671674 0.016401338308071983 0.06678210879715211 0.09125750618367869 0.07955164393102353 0.08812991493137655
71 0.024524379864464128 0.050527608115108064 0.07389117765096678 0.09924227004846703 0.0354237001068607 0.0442543788556051 0.03596926343768509 0.09864638777644179 0.07848625076942002 0.009339914201127765 0.09542039068043622 0.06640358750245176 0.0103838906330581 0.08793617560074364 0.03127878655447593 0.0424051245774308 0.0009560591175213481 0.031273528353590256 0.009849717464827445 0.07378740868931809
72 0.02822211903794494 0.019171340910920702 0.07908934494899811 0.006699679191470848 0.10247596519912207 0.050875876481798886 0.04454595459915956 0.019306915439963723 0.012833652830101289 0.03321067583750468 0.010021092870562501 0.0993027273268797 0.05285278836602284 0.026018065809824093 0.08229203357691975 0.054133926432346165 0.06595679099341348 0.06915000962459276 0.10333824060184062 0.04050279992061344
73 0.08571635702234064 0.09002620418831628 0.08120543779874997 0.074454610964139 0.02149898856731221 0.055684263437863805 0.08034928133492748 0.026307354516158118 0.034607233862118 0.0846875894262182 0.07089113202984842 0.04281567109137849 0.0022988608464850602 0.04591966077927017 0.07304536956643869 0.02204164495281175 0.006558542428883663 0.039974841982253755 0.0100872040434943 0.05182975116099194
74 0.08743624832422739 0.048802261426211226 0.10468926097043917 0.001939669899308273 0.08484435356930142 0.04881064115214177 0.048264783333037554 0.07728963771057294 0.024776822231083205 0.06111624013218128 0.05224104902930531 0.014354698599309473 0.01510471186050288 0.008048479216689471 0.05548425538622306 0.0679761015169801 0.09139549682284112 0.020780280741449317 0.016742221532691996 0.06990278654550293
75 0.08427567217132466 0.08394500565536475 0.021484901181593165 0.0841010664340401 0.07396519693055889 0.047001094584321286 0.0433154827038898 0.007260894245952808 0.03554495451411201 0.05715302226929517 0.05951626085332474 0.0050010520968043985 0.050824235118741776 0.02962401415494097 0.030099633930094603 0.03271485887538301 0.0725475257740746 0.04825661300518356 0.07418290342532464 0.059185612075674965
76 0.07475048792795212 0.08340342946038935 0.035376821666539084 0.07273107044437159 0.017434038017706342 0.08134936445950704 0.053333604047559 0.03091416497261525 0.03712391661300416 0.07464178743376203 0.0755692137256813 0.04663151139711772 0.01308710326925702 0.07219621586663995 0.05659746035911148 0.03653567183932286 0.0024101051786036033 0.05467751998166686 0.06956617016258816 0.011670343176604935
77 0.11342743814543234 0.004068800282395031 0.0513654740899837 0.07982946211672717 0.1012490673038312 0.003940255671433609 0.08274071396147016 0.006150700884214034 0.06004403471827398 0.07464482825366556 0.04523397252615728 0.09694037276733976 0.04287047225194435 0.004289529186732777 0.020734011392557105 0.000271920642408006 0.008067390109141882 0.007987402363132735 0.09041369479032707 0.10573045854283246
78 0.006450242213815695 0.08110068359667359 0.12134161176616788 0.00045866130148631445 0.009453428545740258 0.10762416115832697 0.07295745661877158 0.03576405339225119 0.010855357389039652 0.020593958301670393 0.05251641261712089 0.037986536913438715 0.060601077483591004 0.0397124426713704 0.0885413720378106 0.019992465724315348 0.09013218413361605 0.04461224612830416 0.045556619649199784 0.053749028357289515
79 0.062104270839995215 0.008441926675793422 0.06600097541596592 0.058075925154480755 0.023627377803885154 0.03474310135773783 0.06370413945880207 0.0537998707065085 0.018501627128602306 0.10501564635743295 0.030424050285442938 0.05403985759734732 0.050624617706000484 0.05116601229066853 0.02478507081577568 0.08494340201600238 0.07838108846910348 0.0788456355756251 0.029111023641376854 0.02366438070345292
80 0.06052349439949776 0.0027974400377003363 0.08956071569638789 0.019758693178117282 0.032632958317436324 0.050675695749845734 0.0006430273971605356 0.09224116614473869 0.07544949385813578 0.0696890878284238 0.03860555016133943 0.020387310209349575 0.04382956478135842 0.006621653743231513 0.06742433616047346 0.026500886665042647 0.012396964445622192 0.11887392547362355 0.06552492952857727 0.10586310622393758
81 0.07847531277916797 0.0531980429475133 0.08768840503829942 0.06911529906592713 0.06288807501311344 0.019192124508728342 0.08993571719081189 0.0509393585917692 0.042126788629896994 0.0035417524591177274 0.012174018199467385 0.05585608048745876 0.07899774680735716 0.03472134415608168 0.026126073960142684 0.05345259583844937 0.02906181352561406 0.07310354541432491 0.07094389809497884 0.008462007291779636
82 0.013197811511670697 0.028078094925990053 0.07005381910029125 0.01820712397697516 0.02267541402865208 0.0821299238339411 0.04590837238825381 0.10566985172211478 0.04788866823184835 0.056917626526667445 0.0487742379678646 0.06577101724919907 0.07164578078939637 0.09860366990055369 0.008269984411036864 0.027706830755972404 0.07855622612865605 0.025257199940695977 0.027406069268674258 0.05728227734154597
83 0.030644646046642247 0.05270985515457662 0.08931228324886717 0.04782409992212186 0.05633852334701246 0.03521053864210284 0.0293835902001518 0.08951677358540246 0.019893310156578775 0.012743601311152044 0.07283620596394565 0.0127487915338899 0.008749595713090119 0.004200470955568463 0.08775671186548682 0.09662566703351284 0.06483073288439535 0.06818121691417353 0.06768589308378478 0.05280749243754432
84 0.08169114288151866 0.012252217703467962 0.055324621523435556 0.02819972182270235 0.09224862518084433 0.06077716450493183 0.020988371212722033 0.09445549645721003 0.02243709383796884 0.0728918910404693 0.05876453454013447 0.0685349116410491 0.09253957050449141 0.04571693012004661 0.0019595570326549944 0.043098486131248906 0.01966742628934802 0.007227365066306467 0.09138822495228212 0.0298366475571671
85 0.05360824207138732 0.02894554975293878 0.017969256620717387 0.08189729694442899 0.07407952552998949 0.04487743347238563 0.038574188043949305 0.07794529336239249 0.004135158524337802 0.017496333245289715 0.042868211589833144 0.0845799611719154 0.02412726157585419 0.011740697785997914 0.10514710092168549 0.10032547469220812 0.029306594902743496 0.07222707044124736 0.08849857546946148 0.0016507738812364824
86 0.05036431612848594 0.005552507749580419 0.08733156990441178 0.06693080054172344 0.08598424005761329 0.044587150896646076 0.07379950565407334 0.04020669844055162 0.011406714391012363 0.04992467009181501 0.057160923588813986 0.05474617530021359 0.011286633338995279 0.07109618574066236 0.08854245993526909 0.012280158544382837 0.06045497458100589 0.007231934136280735 0.04349014952089535 0.07762223145756755
87 0.0797785363515082 0.05518349485680933 0.06525674665893 0.042008526768478396 0.04917472350846005 0.017475278262895483 0.03516505896854309 0.05748964900513245 0.0676874352812541 0.07113759147440443 0.052454829332336445 0.03952410328688919 0.0664003302264923 0.07660017801395827 0.006439046115188202 0.044054672556858535 0.08630476740602959 0.04984114404126595 0.013081884418054008 0.024942003466511854
88 0.02670103079918725 0.02736916775122267 0.015438122971938192 0.026017196646238756 0.0585418212878532 0.003584780648707982 0.0848948281958728 0.021906032567595178 0.06811469825914837 0.07406114712206847 0.07017913214657205 0.09411800262996493 0.07051705771777964 0.04177204187671462 0.038958670773899674 0.0950075188888241 0.05055879770550528 0.042249227435808646 0.03645212714038863 0.05355859743470961
89 0.051835471224049745 0.06502055620887602 0.08302513614112658 0.05505012910029027 0.05248742346352585 0.08968987708960899 0.08015558522994796 0.01423165631236891 0.06102995438174663 0.03035355922003055 0.0036911374780575546 0.03715195293567888 0.07353666477681253 0.07214967876328282 0.036414434661749685 0.00044819010139532205 0.08843453587339821 0.07264491517117773 0.02511856235044869 0.007530579516426916
90 0.03811918288125208 0.03056087029609669 0.023767062782769178 0.07104497962135924 0.035604661909437126 0.08688654997556658 0.08175203905882175 0.019744592157961354 0.027504120716309866 0.0728010432674087 0.042706077811249486 0.04198487561358443 0.0722105666028489 0.03059871993266663 0.07624655682990392 0.08295057136348513 0.054627704804124606 0.06488975460089502 0.018741269284018647 0.027258800490240705
91 0.01126904812120478 0.07100775872285478 0.07495754376126826 0.08206400094958183 0.06194667945817714 0.0636436650038098 0.04624178643225287 0.06668765927296533 0.08882610921087418 0.01557280679890838 0.061983848774960056 0.030870302874497133 0.027271676792034252 0.08355063448944472 0.026399792057476414 0.0347359708851768 0.012204609004668191 0.013425574004992896 0.04433211875669611 0.08300841462815597
92 0.08307676194465133 0.09427881907797882 0.07954140825157253 0.08845719624710897 0.053201248095120036 0.03854290384406994 0.021714991809200657 0.018912011991894212 0.04098362973939506 0.0738707532910487 0.003923445179124636 0.04784408227549811 0.11722065015892866 0.0025186914515125426 0.11097493241819578 0.024358407874563448 0.009757487841672078 0.008550819760011692 0.050216847933567905 0.03205491081488503
93 0.07411733344594862 0.012739777800959327 0.10438337022386929 0.04403924794790794 0.03826619271913986 0.03038058776425934 0.008513165053840668 0.10008837296174233 0.02956963989255133 0.05357176519792708 0.039819845552913485 0.06499603117719911 0.08491394605707804 0.003726469969528621 0.09741084880546694 0.08984441863894528 0.02779104611421674 0.018236775910089934 0.06289808137914545 0.014693083387270626
94 0.014982022628395082 0.05512024141266266 0.03548053710186938 0.06787612873500266 0.01076374213115803 0.0827345452778667 0.050003234958762695 0.007550812929895549 0.017685415897193406 0.018698171411447063 0.11023025147600622 0.08197962735734558 0.022051140331154177 0.01976220912452262 0.10340560498863664 0.08659099326268276 0.052433592493155594 0.07465658841292552 0.028843094083136313 0.05915204598618145
95 0.1064321663370911 0.00423486574642567 0.11190255832296073 0.028154682747378413 0.004278243412039319 0.0017902187502443414 0.0002507148831847333 0.10052221436340386 0.09150509988680008 0.09353505700676136 0.049571855381244465 0.0478726750785387 0.010924684051292963 0.11703398442929182 0.06828742283939034 0.029343177556485432 0.027224288458445184 0.08863440478219646 0.01110402044345784 0.007397665523367006
96 0.0017735041115540286 0.05118256811473785 0.007515705578578122 0.08145821916793387 0.08618372655841305 0.07951261720118215 0.010828780007167891 0.07313744491176029 0.09907974669478914 0.04539176964201877 0.10151198198225618 0.03132837247925581 0.026820309819116695 0.008398660694099079 0.05184554954925874 0.0797506463775818 0.0034720855316549906 0.055679540258738794 0.017961307539695635 0.08716746378020689
