0 0.01870626909785411 0.034789393513923385 0.10584339713913979 0.010879012641877699 0.09897581616817118 0.043831079849221466 0.024300471800058322 0.0906598147139554 0.051236914394209694 0.055867783525649826 0.03247512276635851 0.05781823902281018 0.022855980666144093 0.0487742465701845 0.01395648412965719 0.057208751821471455 0.02825740931218815 0.035768029766925356 0.062077345484201484 0.10571843761599821
1 0.0010629825301148369 0.08237275506976299 0.05119411160653342 0.042310092357907406 0.0599395033619981 0.08957893101474822 0.011969929119200362 0.07594295541850903 0.02946907185973626 0.0421606824948141 0.09600214966396227 0.03617630381028553 0.08089718274951188 0.05429136936748766 0.037055942982664146 0.039610784059821214 0.08270087683994204 0.05561424248508144 0.031410063524983434 0.00024006968293556634
2 0.04984094826997273 0.014479965037605012 0.03021758556953564 0.014241622697449139 0.023727444626804525 0.09164421332093599 0.04867712728603628 0.059157361179674725 0.015776019095398563 0.07543849688682296 0.056853452085435505 0.08549071313723065 0.05615998705508901 0.02949222214079183 0.06906041758307335 0.06034763155071915 0.044739400422941486 0.052860897099964194 0.06457791741837972 0.0572165775361396
3 0.06432527449820259 0.03151517293474107 0.009294821617268785 0.07295011103220994 0.01763473472879781 0.045573006241665714 0.07597455092270691 0.02680029524006361 0.08565491293312197 0.034074228037608865 0.10282402665135544 0.05892024110507041 0.01892269899734541 0.06642959427218949 0.0018479092078104661 0.025156976164422914 0.02564654647006441 0.08120940312807476 0.07751749202999582 0.07772800378728367
4 0.06474503838616037 0.06973332049306644 0.031108382964760387 0.01031734516984562 0.06815684194994866 0.0787599666753902 0.028688338312000877 0.08774309644354411 0.02408065437395943 0.06025692735564201 0.01831305514956633 0.046066497496467275 0.0874763239380348 0.06157098280293244 0.06829017932610501 0.061175104801432206 0.05967834811694004 0.039723364582356924 0.01862309084781859 0.015493140814028188
5 0.07760924418403059 0.06887344958495913 0.006616476970301949 0.10045155932393518 0.015431916827174852 0.048288260304931635 0.04266135671247951 0.10238345235816373 0.012754601029686842 0.008384736295338705 0.0959455725134479 0.07481918319488301 0.08942604975074676 0.011640860891316043 0.03593891790920738 0.03523962559678235 0.0962006766669765 0.013709979695839493 0.006639969981135329 0.056984110208662966
6 0.03376224849313046 0.03991952305502566 0.04587757263380751 0.07751356708748873 0.04922630390769368 0.0131348590912228 0.019259227884107572 0.01689605167424046 0.03898341964562662 0.05557218177598539 0.035124209483793495 0.08109375555032713 0.07747592076375767 0.05682656298653314 0.05735863375610307 0.08284227164056475 0.04746738969811633 0.08086143686885755 0.012255763264188688 0.07854910073942922
7 0.016034156344600297 0.04821227646320074 0.04971750470550046 0.09241066582828635 0.044840041170807504 0.038316269946660375 0.006495740717108384 0.07536367835981743 0.04858949292377715 0.022941397259426177 0.07144535344269043 0.07809960204700368 0.08593452504843263 0.017991053412622592 0.001309670175156121 0.05788601942378818 0.06512254783616732 0.013327075403167323 0.09211839289529591 0.07384453659649118
8 0.08563456813288962 0.06947212965044025 0.03442985528122809 0.02249490083444734 0.06643566943325831 0.038602115770211824 0.08087645344479964 0.08881383546024277 0.0375792095687167 0.06087922333753444 0.08631823372269394 0.001911797229514425 0.0505344636660654 0.015428900509547946 0.031354888707410704 0.016862531978477736 0.05577248888781873 0.015624624787287553 0.07652919793875304 0.06444491165866166
9 0.00047346943825565075 0.04445087657664864 0.08290611065964738 0.01639713787564757 0.005915626865652809 0.08151756248027707 0.051519349311806954 0.06937378765715974 0.05928420591089374 0.07612789539931862 0.026208297054082254 0.005534110226702592 0.02331833501645181 0.03474763329359375 0.09799133917887573 0.07880192514610022 0.09860037468330703 0.06494498741726414 0.07852548924990907 0.0033614865584049897
10 0.015801394414411866 0.04920077592415948 0.0033940521051251814 0.06374640563386938 0.08210664685614348 0.022050246592143143 0.01993363534086682 0.03760738337170012 0.02828072441218449 0.03839574935483404 0.0297215804846748 0.042959638546247014 0.013147973624055113 0.05006101644751927 0.09065288136389046 0.1038043732743884 0.10256471579219976 0.027970664317777123 0.08737837696098337 0.09122176518282646
11 0.0017027297209886538 0.10251215916105329 0.056221003688254535 0.02807769407764658 0.015295066973972598 0.006856035269205172 0.08477660846766143 0.013638817630562378 0.06003634586405944 0.044877224362415306 0.03728112090395983 0.036648553828249796 0.007102943881236044 0.10196946310178087 0.1156990540619034 0.07850791541369896 0.02660685479106253 0.09770752533614693 0.016028998205388226 0.068453885260754
12 0.08056627030344608 0.08475563676590936 0.008142443702249518 0.009697213917406433 0.06736161573988493 0.018708787255833786 0.0186010041659786 0.08852409331540372 0.03068974167718543 0.06434422917023978 0.06657266989164773 0.0883529074151908 0.005900849520855358 0.002127477211924494 0.04957107673323029 0.08166124650096529 0.07317098440888174 0.05622077583565997 0.031237479495555175 0.07379349697255139
13 0.044812743774438994 0.01601676046778804 0.037480646750161106 0.042539122762287745 0.1156976439226071 0.009380789749672653 0.026443894669868424 0.07751743269213969 0.11389294792674864 0.00014301211165294406 0.00579227342661226 0.07732761563967995 0.0192801472294457 0.0038782995261649124 0.06892574862147804 0.05110167222502514 0.13798742806982775 0.009637892597414752 0.02322799427104741 0.11891593356593884
14 0.028776966133235285 0.09315315774247157 0.0245192910241441 0.0033961718250563626 0.027288548937974683 0.08948894547616285 0.0653549860899329 0.061461332471744706 0.041043567450765504 0.04245087195405049 0.05360402603413626 0.10020055963858493 0.05451443778466221 0.05027653566126646 0.010164762299449834 0.041722443229782004 0.07282569434326777 0.08675182807340157 0.0027086417641537025 0.05029723206575707
15 0.04394973670371038 0.08202912451888511 0.041683823861372954 0.0690409681555954 0.03229589677339026 0.09749020344281495 0.0924701969547619 0.024830398114009406 0.09518922637940427 0.037701246848409455 0.00990695623053987 0.012101660368602381 0.03377458807627062 0.05027411003865973 0.09460573402447868 0.020438861844790292 0.019878451382373173 0.028880714050533326 0.07198439446449627 0.04147370776690168
16 0.10354131614986917 0.022836149088007816 0.05565757732532761 0.10057034752498155 0.09666280242393499 0.014910904827258995 0.09088086066022985 0.03548014968876528 0.0609479080195323 0.04008380746419 0.040929376832145786 0.08308670740391604 0.002863410940333068 0.004203011328208293 0.0855862425012225 0.015403415333963192 0.006121978079350163 0.017390703557860893 0.0950958164726792 0.027747514378223568
17 0.03537875164477538 0.05122881312728724 0.017144691453630984 0.02419682796270947 0.09288319482619303 0.018526304936639513 0.014038665579439103 0.016713963475934113 0.07632887952024725 0.062419773119317165 0.0843426798566432 0.047682114305397504 0.059614771772747134 0.010416931482708688 0.0857447670861172 0.02571088403213728 0.08650303578896329 0.041901868640157464 0.05537558369315988 0.09384749769579499
18 0.08822854419885635 0.04196274087164788 0.08395813155796929 0.08754458413886332 0.04063322142435339 0.0603685419167235 0.04515220430377816 0.056443791006032945 0.06322118486927865 0.0032423718369627304 0.07549150508963004 0.049459093081488006 0.03721034532048416 0.06137689643217728 0.049228970000177126 0.04349499495940034 0.02619395200101754 0.04340335203072848 0.032148428569609096 0.01123714639082162
19 0.020954711525642915 0.06273802497045138 0.07441949610951552 0.04308873488738652 0.016349012607865913 0.0192318125067396 0.0745863267670009 0.011820041694529661 0.07730294130230393 0.06507210303354578 0.07611279424345455 0.0004461859961775457 0.05256311283328695 0.0853082123685687 0.055022180669395584 0.062805331225684 0.04445194747626743 0.06022716347271899 0.0696462442658607 0.027853622043603313
20 0.025395234956495354 0.09948205248299195 0.03666756184506268 0.054044764263020885 0.04180704621534938 0.03226791751397008 0.09248967673952097 0.04029399660819305 0.01962194268099869 0.06103845543881405 0.04768189084342147 0.07343715801107244 0.017833075137788153 0.04468283626753816 0.09462668973702874 0.09386795287165922 0.005227301412742025 0.0035030303283323625 0.05196837283070475 0.06406304381529596
21 0.0735809717749167 0.05265865321873677 0.0631747728579073 0.07921465461163707 0.07977436120995882 0.0804283857697671 0.0791730924949515 0.02719035133738104 0.047676248240099035 0.04600530145058889 0.01190253461288673 0.055120985572898365 0.01285352310762123 0.04751997707683476 0.0388645603192162 0.005045522468789214 0.023293528789939205 0.06854613714066046 0.0747331534804849 0.03324328446472471
22 0.004371890262318412 0.09013228501653348 0.030036765626073506 0.08129212288818562 0.029166244292402874 0.06730781581780941 0.0008397323508912669 0.0139646787186492 0.09202357472908301 0.03298906051587635 0.06856280498803172 0.041786579260693756 0.022695576915281984 0.06141478732986662 0.09290649211019397 0.03318331107491746 0.07022776247136467 0.07947999770223528 0.00987536654352602 0.07774315138606541
23 0.09683752233275746 0.06630023543016089 0.06362283181084773 0.03613017708266247 0.03165297387899994 0.0472134749777341 0.04445017012165136 0.009317933757979568 0.038589571820808875 0.07452015073634573 0.04418562254599255 0.08016745804515425 0.021366055797654968 0.05455844845207942 0.06983271693928957 0.06468040231596332 0.008279365349547159 0.001974261959839476 0.04613140604498348 0.10018922059954768
24 0.008537631953889572 0.07314436329926816 0.07787101820683894 0.03250903220735421 0.0896559022239594 0.0038016186674312154 0.047780825690983485 0.09859341456667196 0.04393226601791124 0.07470135214535151 0.013981959206114345 0.08753164845392691 0.02042471576053507 0.010071008783567046 0.0010909215924813907 0.06463010467577131 0.08469721194836304 0.060664936620225464 0.021803086863423013 0.08457698111593279
25 0.020573594744840846 0.03895569444996438 0.09214877775712994 0.0456419524480141 0.07882636636125709 0.014689019653810453 0.021294162381994476 0.03583701629499116 0.012490925848013186 0.10544275163115269 0.10025623449153342 0.03554156510504149 0.10069283645697268 0.026375042019080495 0.09221489733024991 0.049338923773541786 0.059759325721066535 0.010105348251848363 0.059150153966550184 0.000665411312946866
26 0.07613481896353683 0.03950425213262133 0.07806609570716389 0.08945870260193144 0.03829228979767635 0.10369818279089056 0.02939327426511839 0.03750851065964482 0.07984015548411767 0.0006018939453028137 0.0007051932964355446 0.047902365274264044 0.02772935158352513 0.08125095708149949 0.09099498435186285 0.027346780081631075 0.08613172612915623 0.047002220222008194 0.017345286111118012 0.0010929595204950703
27 0.014549591946739158 0.019176366076675888 0.06064907808779222 0.03521092625883357 0.07449876556848685 0.09997344796200461 0.05364457975029336 0.0772467878676036 0.032438613588444506 0.08454072973657614 0.10226735522102721 0.013650503531209755 0.004176068613926276 0.05367445939493396 0.04821214754555794 0.10284638527580427 0.027640817742062024 0.01490936165298833 0.03635195502045982 0.044342059158580804
28 0.08169183258376944 0.01699932621103504 0.00806953200931018 0.012152424070914665 0.09291699618379966 0.008589836311268991 0.027369500089783692 0.06648553991154083 0.08351876410314565 0.09684381981668282 0.09379254451742232 0.025204005761316928 0.059043708978144024 0.0016649153089862043 0.01897743088136464 0.038761787878963685 0.07363497833866729 0.07845116940013613 0.0608311225105694 0.055000765133178434
29 0.048549608053407294 0.0708374790560624 0.04724130188776262 0.04393690254999938 0.038883962200369035 0.10528723886576262 0.020050682918409463 0.09519681239616698 0.07007995188759496 0.023171632449658842 0.07867232526522774 0.006408797454624402 0.036784044937180585 0.015455060898341956 0.08320077692856107 0.05879375675427384 0.02388412340549556 0.024872742457542913 0.061177971546976996 0.047514828086581286
30 0.021514593685931404 0.06309463602952338 0.031054619236186284 0.017893621944126515 0.0036111929391494865 0.07931663198973446 0.08377472526977582 0.09781570112609618 0.04030584374338713 0.043946062470007013 0.00048530124966013 0.041540909050753645 0.08749461148834646 0.0658469206529522 0.07589511062074175 0.0450138032504819 0.013544661954950103 0.08920376729465578 0.02604907283871984 0.07259821316482046
31 0.0725402336354923 0.02623676173941818 0.019764138435875968 0.0021131631573990495 0.07395222220055606 0.042665728561507764 0.04559356367594147 0.0020546481728020796 0.0573701484143182 0.0698002582790251 0.08647927971284608 0.054098235518683584 0.0794364825353353 0.036837897522252604 0.05070279469388573 0.04263003266406317 0.05181822049116407 0.03098906132301338 0.08024185703630195 0.07467527223011809
32 0.09914315801760461 0.028389062820758575 0.0281997216732022 0.0018021853277519104 0.08421359497950305 0.09039865009224524 0.08081104602156156 0.03736734736332806 0.031606123195597746 0.04002092547409253 0.009134439184551096 0.03763857816017044 0.060961479061909844 0.11545413476016445 0.0003968160368689065 0.09983724212954204 0.014340333432237585 0.001974972906841733 0.04174380523300678 0.09656638412906172
33 0.08867583706855478 0.04612316075862378 0.07737556142797752 0.0014415249511781742 0.08277334023553444 0.0020923710453478327 0.06674779227658417 0.09466884858739066 0.043630673262502244 0.0332786890725121 0.08308767335196947 0.013171882715426334 0.05387228541302155 0.014244205589596121 0.043298786604986136 0.053862086313448125 0.0834906572301262 0.006659201667466695 0.022351018079159925 0.08915440434859356
34 0.05277643836923373 0.04511905272570787 0.042495459331357774 0.045506465710083106 0.06367755019705694 0.04334710379725483 0.06021019293459064 0.07148238836135967 0.00955167350857779 0.061384898773879724 0.05718243300014314 0.004882169156162718 0.05518784019381829 0.0535934333345257 0.06196699010519434 0.05468973186225374 0.048520625897483495 0.04927408332487318 0.04328116869984406 0.07587030071659936
35 0.05855327569294794 0.04873400280213662 0.03389556241885003 0.05679572703331152 0.07281086572663868 0.0017858960309494285 0.07259863238182676 0.05201237461224982 0.049866388551281775 0.06696584383933575 0.02998359817460858 0.02815718272948742 0.06901479356176901 0.017025474128415097 0.06279185901788883 0.0628067979648881 0.04259995340167923 0.07016476096777007 0.04803320122806958 0.055403809735895836
36 0.05762180927281986 0.07315038813069905 0.01603024192957239 0.07338867637966641 0.07297422347888888 0.060382475760559016 0.01933715474952735 0.064845264682815 0.08851842878696617 0.01411935935867737 0.03373864098843684 0.0571864374422446 0.04129554344180299 0.043360482003382245 0.01722721790596384 0.059291421416101955 0.027355494907026053 0.050245289511414444 0.0825552346441245 0.047376215209311165
37 0.03634357311823131 0.08536492584512002 0.013114173043509541 0.06840057427432158 0.03743290679514836 0.06676272765644191 0.07656089393417263 0.026536754594477234 0.08677562808934669 0.07513612376299111 0.08603754260275025 0.0029024998242694372 0.005793493590233128 0.02890641829514853 0.024311061240250485 0.07832902704948518 0.04434740026429439 0.06708137186515789 0.04313103722200094 0.04673186693264934
38 0.032891621452810715 0.03545089892695939 0.07845394540265126 0.03026107476740782 0.07421618587403847 0.09259401234548811 0.0818063668246256 0.11994671326210235 0.011103247512188807 0.04852489585188415 0.013749594641666958 0.07279107026921545 0.025900799891036084 0.0034449295524189892 0.05065077675933041 0.014565748403903638 0.08272840809766106 0.0012393990989927742 0.03631544722792078 0.0933648638376975
39 0.09872253485725742 0.022447509145141032 0.02003825029059517 0.09526090848616 0.005262313500836204 0.10395995952513942 0.029192027725937972 0.02249267076609137 0.047658601549269854 0.06001742471148101 0.08282830010867992 0.0931107359302334 0.08009958211690199 0.04156051814260913 0.0345630219791988 0.000885772730800242 0.05102908825565705 0.09985664494611374 0.008385713984723613 0.0026284212471723973
40 0.06584964078542471 0.002449451061623589 0.10051668553413509 0.03399218972905138 0.006292481398117582 0.0010242582595326683 0.003903656240631273 0.08089850592941025 0.02194594555274506 0.04113777477704047 0.053014609433379614 0.02564751832609872 0.018086573776661282 0.09422130170142053 0.019085817796491933 0.08964926024776484 0.059628402494639306 0.08017449658403686 0.1051819484601177 0.09729948191167731
41 0.006311757865177776 0.044659139794017755 0.08488628522344313 0.05135859150052965 0.08126711355534881 0.054860826423658526 0.0015264034219568438 0.05188419829424735 0.06665114237459015 0.07482464318996158 0.004938705754439982 0.04882664640350236 0.06987880275923701 0.08329832228933325 0.01177220826352691 0.04297535202495665 0.01038408583367281 0.043825405151258066 0.08049967045539358 0.085370699421748
42 0.02921268207727046 0.04902345584897092 0.06140549902019187 0.03236819641062542 0.004774981678920995 0.07350795146960044 0.045217433582872675 0.06509799044071789 0.04254302841524441 0.058915681402300205 0.07337973863210943 0.075242982478357 0.01353323112121289 0.009929961465583328 0.06492549347779421 0.06846486700727941 0.058289195406975476 0.052148991454761616 0.04520302174428445 0.07681561686492669
43 0.07717799768798948 0.04900430905376362 0.01835744030513972 0.02432040692166891 0.08056709055972101 0.0774176829468412 0.09128347796523813 0.07226589019298321 0.008113468703269747 0.0005850730677552767 0.07085347673598692 0.048011464009311895 0.020831887012084476 0.07438612016913729 0.04671993452000166 0.08620491898528168 0.006439865128484262 0.05938374310900542 0.07276214055981353 0.015313612366522565
44 0.03798758146520701 0.08572307632789888 0.07610789487163447 0.07626243323252099 0.08046717168509702 0.017909643595127804 0.09126786518313915 0.06408116394192649 0.04300684731231609 0.004646955948193614 0.03408056601768512 0.07521731803625563 0.011730948339934735 0.07074174140921083 0.0007139876340596828 0.05580741070681289 0.0355369593967759 0.019887822707359157 0.07539322871735223 0.04342938347149246
45 0.0051586564734452355 0.07012006877765323 0.05994482526992603 0.03617171517283008 0.02768354208030136 0.04821800606094825 0.05941768587988333 0.08365865797765891 0.09153935987664868 0.08370227691489529 0.04976811476158219 0.034276308362966676 0.006060659631258002 0.04081743678834297 0.06943299609212643 0.0871764540010989 0.013591927053762923 0.04443636542076318 0.06768380206909994 0.02114114133480856
46 0.06747366308444859 0.03416061169480305 0.037490753899398224 0.07315744669770406 0.07474369191337157 0.010395755627077419 0.05706826378629171 0.02935709399632172 0.06872810563630173 0.06567335898680242 0.050891103115006484 0.050737149978777714 0.04230330209822085 0.038670407848353995 0.013330370598619684 0.0767125058538204 0.05981969937640577 0.07366626786203151 0.03899181969810473 0.036628628248138215
47 0.021024253842908923 0.06048575355397168 0.033580141458381646 0.09152262607149435 0.0007482882834963668 0.030633083898252936 0.08839363009304672 0.04945220969325482 0.01043097791803598 0.03285149393793831 0.014962770723996424 0.0233066447124725 0.06218691937428716 0.08701193107016315 0.029041727805418662 0.04250491977416569 0.0636898080306671 0.07836724569715474 0.08014781693760197 0.09965775712329077
48 0.015371667294671158 0.06732839353752076 0.02299910855982143 0.07481086210020223 0.0709402976942897 0.04076711427245318 0.009238622340243332 0.00222012774776747 0.03349633095317356 0.023803845009045484 0.07222815394730359 0.08367260373925124 0.07587779175203392 0.06788474029836156 0.03508555639817721 0.06862079545149102 0.05642720325427791 0.07288830545849381 0.06293833423393716 0.04340014595748411
49 0.0014851355328726016 0.08703985662747468 0.06988139101620482 0.08184089051674165 0.07278673750111046 0.0513990337874639 0.05288005237125462 0.02390662569279504 0.0612339490511894 0.055825464203137096 0.04078713022818723 0.02109911353719312 0.06009447108080444 0.04234026003406787 0.033319790885819774 0.038181116450405055 0.01822363538083613 0.0672928420186632 0.08907383174565071 0.03130867233812813
50 0.056552196097657104 0.009717335799379211 0.09714830733711884 0.011360391893442852 0.04970387901768918 0.021342049800488726 0.006899612328774325 0.0426829590869453 0.1081354037422695 0.08432855520695191 0.07912208283011772 0.07313340891971795 0.015806245025473408 0.011782328952320325 0.06100367335786467 0.039720246147008996 0.09172593477409922 0.018550951595381806 0.015840865454294004 0.105443572633005
51 3.136802883384432e-05 0.08878648073836606 0.034166076850895497 0.07417157203438952 0.07633184684740311 0.0009367386146108858 0.06213854685272127 0.03551592700906526 0.08082982204847079 0.027023737287307947 0.005623847404812656 0.03183956403575418 0.048960334563608245 0.08521963997532156 0.04050075195630999 0.06182430840645359 0.08190141864744005 0.0892815880886212 0.022964587775681475 0.05195184283393313
52 0.09068302416079527 0.020098676120619195 0.03921797933303485 0.04363001355063174 0.06621208987253133 0.07465941366907568 0.005777348786771587 0.07901910205804812 0.051697331156194 0.053535115038669485 0.014630107859609217 0.08148205519335562 0.016865473140256226 0.0050390785015077535 0.07085438348458288 0.07886198927104053 0.08733048892236539 0.03979184760536154 0.04487919337083857 0.03573528890471094
53 0.07952897435325962 0.018288594435681517 0.03594626250197749 0.06275094850967408 0.028573775797841414 0.025003674852119004 0.06896158553388423 0.04339724504367488 0.0690251063686593 0.03348594829795547 0.0429790703089546 0.041808394086847896 0.01581695966740677 0.08598263021756503 0.051393494319419655 0.03985477268594426 0.07924808577711286 0.043199625922343984 0.07002271743085131 0.06473213388882662
54 0.030559227803216436 0.09193224627551827 0.01711940664719124 0.06285932768896223 0.05308169908500053 0.02355283963935598 0.08918500365175028 0.016894530146857593 0.09927785821660053 0.022632090496120697 0.06611905970171826 0.058739397556614 0.001541760194163528 0.03153689113578572 0.012529339715890738 0.0047065777645023035 0.09569061161502732 0.11173487704675458 0.022275391566776825 0.08803186405219303
55 0.09065833683219661 0.015957447858742153 0.014191941837650754 0.07298771720203885 0.012445027710121003 0.012188826106565675 0.07730099755585376 0.0957671146413775 0.07367401176773193 0.06867285289322222 0.06055710603016201 0.02977882333244413 0.032625237711424816 0.08806371682865578 0.025984193097794324 0.01394672030124062 0.04465222740444112 0.0530682000954869 0.03710512468314365 0.08037437610970606
56 0.08520273024596485 0.0030427491468633747 0.07867806821375749 0.08051406770110059 0.04181525753215637 0.03474728408919637 0.07283289898472038 0.03612230149135782 0.09034117856604514 0.056281316530081026 0.029900618897951536 0.0483698780142534 0.08543175376745636 0.058844599828103146 0.0474221329394988 0.047397939517065744 0.0025833015781796848 0.057101936705763405 0.005127862575002137 0.038242123675482555
57 0.0990722367074718 0.03896498523676401 0.1093362246145342 0.011361779321078335 0.08682928532609459 0.06748401202466069 0.10952263632620225 0.014360645442648971 0.058891936015880025 0.01333335865791148 0.004692593829810307 0.0037026598047472537 0.07504790690942084 0.08328911320520781 0.02401223305664975 0.06707678280858775 0.04482439906851705 0.027095809435694087 0.0010413204095716343 0.060060081798547056
58 0.014229424041813005 0.0026523284946060083 0.03721738417813432 0.0577082122149075 0.054460781856940324 0.07001141076984681 0.042003899031965684 0.04250229354657156 0.06861976120142134 0.04312347937524317 0.01943308872172563 0.07664872050393073 0.0744270766340051 0.031364277267751386 0.0820477223264859 0.07634563522897173 0.04911353888304456 0.0019406715030058416 0.07049959315515154 0.08565070106447759
59 0.06705250861647141 0.03298420817019389 0.06998700534477703 0.016743242550600373 0.08055702789512642 0.0717364590460891 0.05022324316961092 0.04363765522299004 0.03436173954045964 0.0034575559940705504 0.0984139778445211 0.033174023668258494 0.06878065435816592 0.056326863561143886 0.03646485166356834 0.010462457209124202 0.01765300580291792 0.07441353825096599 0.05488622902009372 0.07868375307085124
60 0.023407602332951097 0.05253142350170255 0.011081799598107095 0.008922532541035337 0.028340507896459925 0.013534374114677152 0.10853360221591955 0.022325160897095443 0.08829494031762702 0.11417946506074084 0.012087325147810446 0.025040965144670732 0.039308451276723715 0.05249992717266092 0.04674219760493074 0.10785861507808789 0.01587932189091889 0.07150105307331492 0.10839794457624059 0.04953279055832509
61 0.06561329909734948 0.024905276338435915 0.0585046408490915 0.02692362536163901 0.018890153306384154 0.0541278934344568 0.09854433683141918 0.11189858486478652 0.02080045473767119 0.10782200421220961 0.06643387543116087 0.059609824370759956 0.021192689604293755 0.02931014755606312 0.006264197305031605 0.025019663574057983 0.024206065573583107 0.09702346818122691 0.024554142622102162 0.058355656748277446
62 0.029192809960556447 0.05925178339194141 0.027230300568941282 0.03952348783227161 0.05339006423213876 0.04468439333530728 0.014052294606268919 0.04162841235274836 0.07273111238050406 0.08982091697395655 0.03014317700656339 0.08018801126004715 0.013492460925550358 0.028505885181810645 0.09770285459185081 0.07906233755665884 0.0018341455580736634 0.048568636874942 0.08973717415688422 0.059259741252984055
63 0.0018552929925004494 0.08621176242595764 0.05496603254181771 0.02650275091367798 0.062356742058136225 0.046320693185095546 0.08274888928487406 0.028236239920871785 0.027056061939714587 0.09991442097986078 0.05195221847554423 0.01650531306833438 0.09232473020569293 0.09773881770338348 0.056996861139013415 0.019060203854087878 0.03676636340413594 0.029776166980125685 0.025644464409436546 0.05706597451773889
64 0.037061551051232176 0.09046880059281359 0.08184283408185875 0.017498041039448475 0.009546876701017117 0.01767776339503189 0.07548911889516774 0.07830173777096576 0.014112612132497017 0.051602468953936616 0.05693508182969479 0.043464691530708054 0.02539558220500351 0.07799430106478193 0.06159674574899027 0.07385396860318737 0.07376336358710611 0.014841979853572973 0.03265503132680248 0.06589744963618327
65 0.1449047804600535 0.05589431255291601 0.003691203152920413 0.06738213177842925 0.02813693541476718 0.012089541602945364 0.042620987657663846 0.008781475346873369 0.0278671998084834 0.10826184434939015 0.12136774071635952 0.011922708872603159 0.05376176265434529 0.05561721920528578 0.017836012636758446 0.03698429709041239 0.052718871172133176 0.0255812049404201 0.029105066911161652 0.09547470367607808
66 0.08348119193671696 0.005081785823212228 0.01941696731719398 0.048925163528787036 0.07767879654938425 0.028850942491423295 0.07575987833729057 0.062087014263543364 0.08619117606350873 0.059099688421961644 0.062161993901609855 0.048319946638581995 0.07454890645443772 0.013570331597021755 0.027964447898771873 0.020983308555016615 0.0918513285252766 0.07944984468650683 0.018707634715407574 0.01586965229434706
67 0.0033409938285472287 0.06245652947771588 0.09938989443781346 0.04857681426257641 0.04904980704025481 0.01140391095792615 0.08734672642168317 0.0626528656309876 0.11888374560218577 0.002174641543126806 0.05277325873366972 0.0624168930865385 0.04193400298600411 0.01272024403967393 0.05670963752048505 0.018667819798853274 0.10193891886819398 0.06209132111115404 0.04042361132960004 0.005048363323009788
68 0.03355593952498069 0.04951103906177483 0.09192614458628828 0.02955050481455734 0.02769575859245084 0.04186743552049768 0.09158383311432362 0.055076579931191194 0.0840277958899167 0.07591459441898282 0.008872055334544014 0.006064264147261983 0.09631290900292341 0.0678825683250616 0.0055314616361475865 0.05634993574338752 0.08669601700146036 0.05345382883467257 0.03213981577124053 0.005987518748336307
69 0.018310508700798183 0.038081446050476316 0.026854533491365316 0.11028100346625806 0.10956025266869135 0.020578598656320255 0.020323502463511896 0.037222437974834974 0.1059197701957555 0.094903235388346 0.10289400071375207 0.07928166389808398 0.028876638145911123 0.01694531483680737 0.023889363314802275 0.053165001746304084 0.00663644328955302 0.02493378695400891 0.06374530071963168 0.01759719732478798
70 0.01532076556918579 0.09147553991118967 0.09671857677412489 0.08815113405485568 0.006260675627401998 0.030821966873020766 0.0649750752583766 0.0061066301512963375 0.05990338748254293 0.007492298315369587 0.05794955728890929 0.08732239252322192 0.06678336953013814 0.0639198607689002 0.0743683588924164 0.024424937142526148 0.06219067107770362 0.0037142247197319857 0.03550356186801158 0.05659701617107625
71 0.03486089487367066 0.0656172976177252 0.05617272302536486 0.03903065752647328 0.024438990146193364 0.01638704862068068 0.06018352054286337 0.05594881959939458 0.0803637456564854 0.06377272862587947 0.07580715554069875 0.045241101231601376 0.036337617827472336 0.04854371660667301 0.07543740509022742 0.06182722826332807 0.0724660201274606 0.03629214108837462 0.027566512599796516 0.023704675389636564
72 0.06339517240804059 0.1005476348664036 0.007966492945189212 0.030433874848779012 0.012668628928145496 0.04990924727641083 0.01589588224820722 0.05337830427887591 0.05456892291366012 0.011036274342520141 0.09268641259359048 0.047408837161101974 0.04844258403823879 0.034705870691660305 0.043834928524843164 0.10050486228370106 0.01944197495421551 0.023277230052890344 0.0896767819755698 0.10022008266795665
73 0.08036697349591694 0.07224334313424526 0.09725164106752052 0.03385277834752589 0.003682206546104931 0.09371812846386206 0.023159310570531885 0.0009825638836509039 0.07061045211355428 0.026776220779108583 0.011462101993313911 0.007859297557458473 0.015039482120656391 0.04366876738652155 0.07863419651643036 0.07838232523292493 0.03724752703925704 0.07350708011706376 0.07344202116606056 0.07811358246829196
74 0.015094512142465759 0.09269145813229751 0.006395842381393502 0.09281516494933004 0.02033979774856041 0.04687747084022875 0.08598723906011121 0.020923237913237747 0.04526715012287389 0.09436983010126597 0.017946742884432456 0.09642693777281458 0.0015767621307715323 0.06131554147364606 0.042923573421371215 0.008835149395015177 0.083267159742201 0.07733518412435593 0.0862420699449983 0.003369175718628926
75 0.07376000170764048 0.05832206466645839 0.0747003910460712 0.055804712623459686 0.017552623031707293 0.01802322353393269 0.010018496521380149 0.09727688065607458 0.04344216537283684 0.06239224282292785 0.0727189308201834 0.04918737224388742 0.06255130816381894 0.042954950326450254 0.04375091182224434 0.07609643682418459 0.048472854736184824 0.027175606419891866 0.032571395178212524 0.03322743148245264
76 0.07266930829598975 0.07381867293630275 0.04891258820414649 0.012342296961173367 0.039686904034637975 0.05996553619455958 0.05277406643233798 0.004792596800729234 0.05165722695136222 0.090330591799039 0.012563385089002689 0.030855957573086804 0.08012027969016464 0.0035431258151167296 0.048630839071963645 0.024131645032535946 0.05069996310367599 0.07439596509568838 0.08330865823065436 0.08480039268783247
77 0.07578421248574557 0.061035754577510946 0.08816477440083917 0.03726720941552696 0.09024619169336655 0.02377594028939181 0.04163911853865277 0.0052531259587235155 0.03400228459930255 0.006940775849078663 0.06227165691279866 0.06317505555037493 0.020137378598211166 0.08211545422142866 0.06105006528769381 0.04254103272370827 0.08457837330786587 0.0270249210072137 0.06994916042322921 0.023047514159337517
78 0.014190149765294242 0.014481177180254564 0.03794175403707887 0.022370922792323198 0.11000805487813899 0.10019866781032216 0.10001909517735816 0.06085515361737694 0.07121610073198943 0.008882304148085211 0.08357321853228922 0.048961709749187204 0.03567870798662275 0.027202730795502165 0.023417417787233115 0.07469999333399925 0.0023323138957202475 0.04749802910968738 0.029019308854743926 0.08745318981679333
79 0.02382813173831083 0.020921256756167156 0.05827398869483065 0.0276920210486062 0.08500466069490159 0.06391382744268286 0.08330037430913904 0.06372728057106106 0.008380037908695882 0.0770552383697957 0.013858999574683872 0.005765715557200174 0.04939844448587672 0.04848600767618202 0.07906258801097298 0.07883893397771387 0.03816467585707132 0.06904692200301814 0.04727245458210367 0.058008440740986135
80 0.009465095697589404 0.035211894698027206 0.09210025896496983 0.07830188922403698 0.05841175759305033 0.07965253208237497 0.029120531948714272 0.09118695259121425 0.03818806741742292 0.07816860755924564 0.005781679678312518 0.07815128226394032 0.014846055232184388 0.0628105924441953 0.05591685703647999 0.030906690699564476 0.01154206615277815 0.08143523042927786 0.03942042430160976 0.029381533985011254
81 0.04433467267645514 0.022446418907042666 0.10223163327541798 0.004709989771078924 0.015420828869690685 0.03877988500246316 0.04422774409820302 0.025953024614490318 0.07711816744290627 0.019189193881862063 0.02808092409102099 0.08299783103502632 0.04471391015847574 0.04155322210332834 0.014893718014364074 0.041774245057932355 0.10107793042354837 0.07146409124559744 0.10379114245442839 0.07524142687666781
82 0.056687177014207245 0.049993749921665234 0.04104540731545435 0.0052778456816895405 0.011278185849464158 0.11171632190244034 0.009112561659252796 0.05915417351761462 0.10846886574150641 0.08657726441722512 0.06701410181371295 0.04292863435830779 0.012641846257823696 0.01853609661721362 0.05445110828337461 0.10110661935220241 0.04022136264998178 0.040257944805271687 0.031553273958868276 0.051977458882723496
83 0.06136362288520288 0.03702428533004427 0.027662939230307958 0.06431791457087832 0.02929683264204414 0.022440066795732815 0.09450187909578195 0.007955342889716123 0.05054152392570091 0.024827730113131073 0.0346965524409631 0.07572416939640382 0.07045921793761954 0.05413270767198209 0.054603698633607305 0.05590446997385162 0.020620967487432255 0.08587741133442335 0.07752160340772486 0.05052706423745145
84 0.04537556161510302 0.07173479071781337 0.06110170986532145 0.020325342318037287 0.020728264035317037 0.024869623406086665 0.07772103211636798 0.04857109180954601 0.043698914140173524 0.06148914813756827 0.0554211976834001 0.03908914375114629 0.03904159040728343 0.04498521032499981 0.030457026006143466 0.07625329341135646 0.022256205299816846 0.07686613043043675 0.0797919926036132 0.060222731920469307
85 0.0729054306570626 0.07833804550172897 0.07804414414883597 0.03771480167468606 0.004204886050437071 0.04653518402054645 0.06988899978468606 0.014912346206576624 0.08918654685952866 0.024666789814205104 0.06717010123422096 0.016240248228431366 0.029876240752593843 0.07839294925772618 0.06189773193223852 0.09006649836698541 0.026216183745270318 0.008168655108433372 0.012600850144401805 0.0929733665114046
86 0.07220825383029493 0.013374251723151397 0.0006732112919344652 0.01673661466945679 0.019665550382297236 0.0271070169788838 0.03420252985393575 0.1028082185167627 0.0572697637353623 0.05994904217078375 0.09639109497303616 0.029090869967931768 0.10787841476513266 0.036975138755917195 0.04671708865072805 0.019483335137994735 0.0655291733061793 0.05263809936508523 0.10948281544056725 0.03181951648456446
87 0.07403576114899094 0.053043360799114946 0.019687524092692334 0.02599174289436578 0.05878450027701881 0.07741228716259468 0.021368829624904186 0.011767956672882428 0.03685295998915725 0.07662753489299431 0.07778227351515503 0.036483808764859314 0.06530970702585912 0.06358030046069225 0.020899536393798344 0.0577058546977572 0.042820899883721335 0.029922737007593115 0.07052410832164738 0.07939831637420146
88 0.041193064242588846 0.026730887182896883 0.04918899154633611 0.07854824648683796 0.020791473842024608 0.021274764964503284 0.07803877594433405 0.07143274359414467 0.01962787199729786 0.029578026523897866 0.04354228089671373 0.07928311013652732 0.02711655884288316 0.08672947867695814 0.07369107946256287 0.06584759450075771 0.06959447809529722 0.03874312517765963 0.0199826384829612 0.05906480940281704
89 0.03098291638977288 0.05937350141101796 0.03952902838239079 0.02045765204566176 0.008003744211294583 0.015170382923503777 0.031812271296643706 0.10979688700032983 0.06256094653920746 0.038303170715509295 0.07678602501537299 0.027499516410671283 0.12181533593153446 0.10001994590277875 0.021900037121713747 0.09845024175842722 0.028655764208250053 0.02536730552767844 0.059053783738002644 0.024461543470238174
90 0.07146139787116271 0.09613656088048818 0.05840825817031013 0.005286975680353932 0.04159381388273438 0.03269597712987262 0.09204890926519893 0.011159438659608788 0.0523821248842871 0.01421399964536057 0.013937616579399827 0.09242258316715649 0.01607842432890227 0.0302444835519582 0.029468796005380004 0.09315340713901754 0.010805770370171993 0.0850075818921147 0.0807700252023614 0.07272385569416036
91 0.07469449981463268 0.035649036072700355 0.04264964844024221 0.08193214713956198 0.06511553260223675 0.014842544820070365 0.07410080859960674 0.022718557640410735 0.005108331848237234 0.0369512525847319 0.08371918523503784 0.0648454947929928 0.061079823338118004 0.07920898099956823 0.021285951269380137 0.023575387767382244 0.05418957480639536 0.03821792235481998 0.060640726504234285 0.0594745933696405
92 0.08077525567363723 0.0021940262626012805 0.05668942807126756 0.07258193936383178 0.028012535577038457 0.017705189926128826 0.06592958931189326 0.05850863691089798 0.015590548810688148 0.07462884273101324 0.03383729090470399 0.026221717732450037 0.10044665778414673 0.06494552234806131 0.038275654197292355 0.04382468034143882 0.045353439026540196 0.0968038169366447 0.04713139380024214 0.030543834289481975
93 0.07830032837895905 0.0530980576216297 0.06649049799514806 0.03198427294288568 0.01853987012893955 0.06963576145526863 0.059240393135507934 0.010599172274115722 0.0376033835424229 0.06503456860858237 0.04239421539029731 0.012781528955177436 0.0356821470180297 0.030362978185228547 0.0720672092583809 0.08037522811940795 0.06292136113782519 0.0520986447424609 0.059838614245448236 0.060951766864284496
94 0.06884573910158322 0.05455412272229103 0.0029903856182760145 0.043719344359046786 0.08565214533086267 0.04881888114132934 0.0520210340835909 0.01257633056599058 0.06907823054711681 0.03544179964391815 0.025115100711314356 0.07193130407381094 0.09013147620834241 0.02341129805049531 0.05126017272859431 0.07738158415681988 0.08882215973032484 0.029439058986320273 0.05060432557653792 0.018205506663434363
95 0.027761527347480115 0.05978734377644204 0.03468071505564589 0.08042217468069275 0.04895541709251518 0.01995884231375143 0.029509591174028217 0.048964350641651326 0.059101019877301104 0.06296181551615516 0.05014534463214338 0.06980756923901812 0.018526985257758248 0.06414024476508291 0.037627177737175534 0.07398456048454487 0.027070042713849097 0.08246015464595535 0.04296676763506965 0.061168355413739516
96 0.10107797567880067 0.060875894045493845 0.01964803273077861 0.039807426330866036 0.049878450153121964 0.06223687498715558 0.024526935576168876 0.07876383650536224 0.10473831318722017 0.007601409128554319 0.0028757547512353776 0.006940114687113227 0.0711584875165002 0.10286107235870992 0.028467716458488487 0.028014662842495725 0.08204376850795139 0.05114654840418919 0.04814791510512389 0.029188811044670335
