0 0.06708054840619736 0.02318748811989878 0.024248807117880078 0.08571753383147891 0.06380584059479597 0.007347781671748828 0.041573305008728814 0.06731398662986508 0.00983342818223543 0.03848445436744829 0.012247731429797534 0.07079567787300504 0.06185052016085035 0.07146079054573115 0.12254352435499559 0.00927529461823914 0.009428803067221238 0.11905729766389109 0.08947734486053571 0.0052698414954558785
1 0.0007684626881389292 0.08333321955625549 0.0635619978155118 0.0799642796572952 0.045045652921384856 0.01558951854786401 0.07077354745508731 0.09425019493506323 0.07408853577420886 0.02575001207950085 0.010476245047544894 0.04359144441787552 0.0756184204168646 0.02172975067475835 0.04387440649154048 0.04272138421338652 0.03637840065923819 0.08934178459977783 0.06495987903996472 0.01818286300873836
2 0.06715165613818812 0.03868202409301968 0.03918463248411822 0.029251759190584856 0.10260157246098323 0.05925835284303509 0.0015519516056504519 0.053703157278037414 0.02589120411665646 0.035123920392013126 0.10561444204664373 0.08175900843759246 0.04503027514667341 0.04478778839018783 0.06046231005361013 0.009930270510459254 0.05165202116960007 0.01780990140119949 0.022797423845126154 0.10775632839662086
3 0.003922685173011966 0.06437327170138096 0.04747782153972495 0.03552112025692078 0.08422640425379337 0.021751758919169507 0.02270209718849482 0.02376308588663819 0.09247643628189336 0.02206007184440254 0.0371629572007998 0.06428602338060231 0.06034696255712813 0.02559524966531707 0.1048571484998573 0.03192792881886601 0.10013994370946121 0.06757315492356353 0.01060763306235636 0.07922824513661779
4 0.02306222873706222 0.0804513331388571 0.04390774381822799 0.0031711220341005637 0.05349357214852697 0.06705742694675165 0.016936247279807595 0.04442039985432549 0.04585854655343015 0.07994435843259606 0.08390621280948311 0.05219634767262854 0.08725705120237448 0.06729972809253694 0.0094337827841551 0.04618437099437747 0.010218086028095574 0.04567859755065107 0.04813430585115182 0.09138853807086013
5 0.03484034830144645 0.00402291443638583 0.07039021126915189 0.0905808904712089 0.05562399055447182 0.07350488423305357 0.07647314843311166 0.0392524257981996 0.0054524110448009285 0.023683850653131715 0.043943372454606236 0.08782657496490906 0.043865782470559354 0.0619135900058423 0.08905826988024655 0.05003797722160797 0.056764541644864434 0.039677535626573834 0.017129449537910454 0.03595783099791749
6 0.065039509180295 0.022460084974209985 0.06262376704972865 0.044859067853892896 0.0722667252879892 0.07013116522145038 0.003088544089311803 0.0676061274690541 0.04687969444607028 0.06502935694203615 0.06895518769468932 0.019758763427387527 0.07375481089505623 0.004622029671933129 0.05936031499851996 0.07670913594288874 0.06952336683792905 0.017916215064911718 0.04969311712121309 0.039723015831432826
7 0.10560434310178872 0.07158539360953549 0.021911294886234875 0.007424764907804992 0.07058037394429406 0.011038885337457111 0.01455137644596549 0.018883427184085064 0.014393152571264887 0.03533240383185662 0.02981495862030097 0.010170344550082163 0.08626474732977177 0.029161177255388863 0.10361915509864343 0.0538737826505872 0.07739646296148164 0.1041954683637643 0.0507267686984659 0.08347171865122639
8 0.0796956347372832 0.08275681890113185 0.04301609369242395 0.03917759051933645 0.0320682977735688 0.08144367379790513 0.0846547633088565 0.009419473390314351 0.06812486335712316 0.020415078940017473 0.027235851158099227 0.0812910935315896 0.03690312528793771 0.04093869098869869 0.04411687394064204 0.013578380018093767 0.07952751771410116 0.015499676746567319 0.07458453801705528 0.045551964179254216
9 0.03368071783525494 0.08549662454062108 0.06284126928152768 0.014515481426994124 0.01653042242515306 0.07956910281911901 0.03672259495724255 0.12179591564765833 0.014759328532278333 0.1264092039996566 0.034387495931534735 0.058598711887004565 0.0098220406334519 0.03569698934142351 0.08936406246320706 0.0015093145965464144 0.03493919210320375 0.030944145796144986 0.04300043230045207 0.06941695348152542
10 0.012614100463942672 0.003842662491892182 0.09570715398757375 0.0997622195635274 0.05951996665562065 0.07072877007725706 0.014658803910126406 0.018750252960311835 0.0308133629896137 0.08398548730704539 0.08764922207468047 0.004649136010779718 0.0919636123886403 0.04241311282822404 0.060816760779417514 0.021025118284432674 0.09720654019732673 0.015330129679203088 0.03819983855721464 0.050363748793169676
11 0.07545848485592571 0.024816408885465466 0.041488011658644366 0.010946055884621267 0.05287556522088835 0.08278083302046507 0.07592081440597272 0.05393681904516212 0.026960206664577 0.03706063698659907 0.07084446217004811 0.05070130457730006 0.06176639478993484 0.01651646865553513 0.04505610000067719 0.04735048615482399 0.04025732692211096 0.08205087108434883 0.06831429444208154 0.03489845457481811
12 0.022756097634281346 0.07796812998169042 0.10000326508481287 0.03758315321865122 0.04523588007273842 0.039528148038476714 0.01263858786140343 0.025350537532363528 0.037000489653780416 0.06841805136768746 0.027237602099941246 0.10275646459559241 0.010559175400274989 0.053530480428012756 0.055533763679579906 0.005658333318565002 0.08978614788644516 0.08030820069845421 0.034366809662471486 0.07378068178477702
13 0.07524622865330174 0.015591110510150762 0.09209572475770095 0.040222061857985845 0.024864001177252227 0.1069514921788971 0.08492673362822906 0.00496769145454611 0.0571910903828165 0.03469420481973592 0.09919051635242089 0.06606456343584932 0.003966951126801555 0.00821692682681005 0.08306219906713164 0.03622011254236375 0.05746372005162581 0.041768532621742835 0.030597764307359485 0.03669837424727857
14 0.06758747655253527 0.03390271923684375 0.0746249060948197 0.010889947971692515 0.030413788765385804 0.0224502088848607 0.0934033581708401 0.029539849088243503 0.019557123069671552 0.09154550782982927 0.014695365834817165 0.050312004704373296 0.027996416898487832 0.09934486954265218 0.023206893601174852 0.06335073176038296 0.08979123003789172 0.06368191045614585 0.06596188031029392 0.02774381118905822
15 0.015324732738300803 0.0593849219531943 0.029583807788003152 0.004519440464528388 0.07887500884315156 0.07942925277091882 0.08209403170337874 0.0348502596135827 0.009638989680186998 0.0929142575746445 0.07080999798885822 0.009961054264497567 0.09336085122484652 0.015133251345258341 0.03067036463559813 0.06284398890500423 0.0812454521079313 0.03688415596351124 0.023717313936941032 0.08875886649766343
16 0.08307570224071013 0.0765356277997037 0.04452904152243288 0.07334951289989523 0.09712167738393442 0.005612203478097443 0.06536947034743851 0.018439337939131478 0.036429030058702024 0.015252048675748172 0.09569490973377244 0.03450903612487543 0.06428628441987948 0.014634453853327345 0.04102885411074543 0.06738844089654637 0.06859409402128626 0.006707648063797983 0.06681276413890783 0.024629862291067447
17 0.010254381923448769 0.06826507925543528 0.013817308299777247 0.0035900421832181307 0.06137246744185714 0.025149680576938022 0.08620790125410006 0.07877966292421004 0.09243450480260944 0.09501468590656512 0.014259078745290801 0.06760221236576854 0.027217455004877995 0.06534943128294489 0.06974378717383864 0.060101169658837064 0.02985528710415616 0.0039648027727759135 0.10259447624004009 0.02442658508331069
18 0.021448692291827137 0.005110935755973391 0.07343326260112362 0.020810482115506977 0.07459614189539947 0.04545586994362322 0.06357203441536624 0.02167486226132676 0.08819259839384558 0.0946312235796867 0.05164382801791042 0.08265282628273907 0.050162277801737605 0.006877158059302426 0.05620366954921865 0.04352146715364753 0.003514712451696472 0.07866252188637128 0.057535999758745265 0.06029943578495215
19 0.04834482841919018 0.05788223625923674 0.04927843764611496 0.0036312647721094965 0.07449134753236414 0.005916055947451647 0.01883580514336536 0.0736624553517259 0.06849339371455168 0.03890516140558904 0.01813381750959885 0.08115211429212553 0.02471707976814944 0.060397511587061185 0.03463495650194001 0.08825914046263848 0.07300281047908004 0.08611114788934597 0.05676502567629744 0.03738540964206386
20 0.10550122545616661 0.03834300431203133 0.04081620543658197 0.09828273629499128 0.07718205730344697 0.04889552423767778 0.04012987017285278 0.01690154322366996 0.07891680058199356 0.045006283650552835 0.013691784347955843 0.0603817295898757 0.06839027054228296 0.014770436799160805 0.08470432206603451 0.06561327728648161 0.03487481153052254 0.010193909068032025 0.022741251325038892 0.03466295677464995
21 0.08947898910251198 0.08751671825772256 0.06900199977782315 0.07688153534294508 0.07445673410064148 0.10236077388690716 0.0009106295075734837 0.020661107012956433 0.01026085620246182 0.001124377603115035 0.033205524654114374 0.06209008843731749 0.06396563925117658 0.07838409227417033 0.037778715232461894 0.011832113859013055 0.0761548678731093 0.07159826853708778 0.0028117977275700624 0.029525171359320777
22 0.039873011957629864 0.012318426723653202 0.00044646890052848386 0.007180961995941224 0.02186625025690071 0.09455085172867639 0.08981311413327991 0.011138947497661145 0.008146830855502761 0.07871450064740233 0.04627267776910796 0.10743715178208404 0.03686417264868345 0.0971461245746803 0.042368014065307116 0.029944835920955804 0.04833485226356095 0.09658721599251481 0.05443606716881415 0.07655952311711557
23 0.02328460131796094 0.11017016224770751 0.032043264186044626 0.02448823729525323 0.07294141442257171 0.003254084390068807 0.1074763243086605 0.08514934229994899 0.015548923974775112 0.10431916707481118 0.049876922785991346 0.032898916128602324 0.05325019584590329 0.02494031778719831 0.05212554971444098 0.0025881688744317168 0.011248432719252636 0.09977654925979716 0.07302089409789499 0.021598531268684742
24 0.08260691039950231 0.07324441574572461 0.07292931178595037 0.010673097966110491 0.03926901767622658 0.08836695224613922 0.06050691634684016 0.0597873929986725 0.07666463059414129 0.06943916416505377 0.0704425367865474 0.007259269341096527 0.008617269167919711 0.0457271688982545 0.04907093849661487 0.000974845797718375 0.028810255687093448 0.03531808166579666 0.046084964188636585 0.07420686004596064
25 0.05447295569615094 0.09513441425318458 0.04010601310002326 0.023642572798368386 0.0217495217760812 0.02589007934114108 0.06926759607831916 0.060999244030473236 0.028512805293412383 0.0718885446215593 0.019216679157127624 0.042691431028519154 0.05935989070033097 0.03922149426807878 0.07289792492723078 0.0602750237620516 0.04855633243664588 0.06389507226338711 0.028244916783928913 0.07397748768398567
26 0.02933726498249693 0.07093447991385675 0.07357689892779035 0.06905984805734801 0.0062643803331520614 0.0032937277188854184 0.04761300106509902 0.0032459460000618615 0.04890537675504525 0.0640361155404035 0.08662904298697287 0.02058591036561847 0.07919453794321482 0.020090005660380987 0.05141355776779814 0.06024760255563524 0.04466633605315705 0.08625416945443094 0.05423007551169367 0.08042172240695886
27 0.06788542158704201 0.05673330893855512 0.09319780979468809 0.04622931860005715 0.06235394129223251 0.0038460104552958995 0.04122854848981282 0.05608901367566611 0.05051846261352645 0.09026723365175089 0.005435776453425601 0.08627110513276726 0.013096920251940782 0.09204238922146371 0.013281374997003461 0.010404777613355776 0.07801566246559132 0.004099828169333995 0.062188255587184375 0.06681484100930671
28 0.023745913356799993 0.009896585520236792 0.08232695157652077 0.07475881627896257 0.05649421480696744 0.02003484626044254 0.021393149457630545 0.08853669625768368 0.029506041862586294 0.03657717223405794 0.028708129395738153 0.018060140117152432 0.054775329896733074 0.08527613617508244 0.032863783754050406 0.003847057362532477 0.08607894716861633 0.06892153467665173 0.1021277501968434 0.07607080364471108
29 0.022196592400438815 0.07539161259679025 0.03322935796810007 0.028229371897636066 0.007615447003146022 0.005514331766841592 0.07196035213213936 0.08834292252655836 0.007042552396603688 0.0934601157406895 0.03270408665182611 0.05520122672151616 0.07899720017707339 0.08880815544251244 0.018085996569178663 0.09180956397538999 0.029997030862578405 0.0034056411046763605 0.07337471570901226 0.09463372635729247
30 0.022169691584438732 0.06246720229258558 0.08691657995478595 0.03509549858457503 0.09199186912998447 0.01920576551677276 0.10277283620708173 0.011277397093389468 0.021290656452351963 0.007662538697637884 0.030355907563121037 0.05866155525400505 0.10236228393028575 0.018149216997088154 0.009061980429508612 0.06279555201582228 0.011887316276577796 0.09279918956405474 0.075035285635389 0.07804167682054405
31 0.004114643203959481 0.06345356059236196 0.053624784137262856 0.038499493923942155 0.07955901419583976 0.04654842259526314 0.07541404356119394 0.06158027805105177 0.03962624875740702 0.059643674901743784 0.0028929866139067234 0.07683555382107807 0.05980513361382602 0.08064008839422049 0.03808665225799601 0.03813692411636242 0.07592528933362759 0.007435329883753553 0.028728488278615336 0.06944938976658799
32 0.005769589029849322 0.05700877111732716 0.009847394638356974 0.11016743830193985 0.006796616773173644 0.009292369318717767 0.020730346783661032 0.07433785829511193 0.03076043281818848 0.004092943864388636 0.07073782444846152 0.05622873436549281 0.04733237256457335 0.044358728509523576 0.012616971524899509 0.10889812585032425 0.11412797407665472 0.04559981483646539 0.0884718825336912 0.08282381034919897
33 0.0029001928627518997 0.05704585022187005 0.08479874475188422 0.059755556314750574 0.0021756423794601232 0.07727683734478498 0.04204022135332208 0.06683930022752667 0.027483432500667836 0.0142827560433294 0.06403140318474548 0.08172423923550623 0.08544361425268433 0.03527171276005474 0.02077845482006876 0.060583184801649585 0.022286186114940456 0.07967669424299977 0.0313873459476363 0.0842186306393664
34 0.03893322877892589 0.01834140195092659 0.07775512234636368 0.06372657614419956 0.04508202150262032 0.07708451556114752 0.06433076635576714 0.020294546582112074 0.07021007503449399 0.06294644177152897 0.07585065125473087 0.05061699995271534 0.07331625587462405 0.02635198880519207 0.05949884429608446 0.03820191609036498 0.0567003391505062 0.024853550252419428 0.04795048423800508 0.007954274057271686
35 0.02700823810806092 0.08953906256329487 0.02162666718240256 0.0162277631729154 0.06231095562565892 0.004527327141113411 0.021934952588799492 0.108437383325264 0.08599974141960226 0.05077964350837447 0.04546478882768057 0.048203805465392185 0.021657851326047473 0.005628246319329568 0.01073438574267408 0.0931880176541055 0.04869299891323043 0.080833317349473 0.09840745714685245 0.05879739661972836
36 0.06342337944206058 0.0299455204574445 0.08926542068510089 0.01708292598161426 0.011867176803037999 0.08383275139828972 0.07437081784403558 0.018839756333802044 0.04741016681975864 0.08751831636021515 0.037181841816127846 0.07872578336828807 0.05446978216631957 0.0820310794605228 0.031714648415986424 0.0038630273131890205 0.0737374328980301 0.04972716307299083 0.022826607647656066 0.04216640171552984
37 0.06693489220076934 0.01687837366066968 0.06345194462909726 0.06166881382804603 0.013964734496647962 0.06842032005975802 0.0963534082049455 0.024285818299203503 0.05560706082127248 0.03918478790984006 0.09023476857096455 0.03061504666100702 0.014453796050553547 0.007235607884945248 0.10028784375280797 0.003595115754759427 0.0664667123584793 0.010589307481633696 0.08924330409419305 0.08052834328040623
38 0.04505959148538637 0.08624626044251224 0.0755528431716597 0.028346740254069275 0.025687037522884624 0.015440590643808856 0.06779367382626404 0.010120646895517733 0.05511851141027266 0.06806235062893586 0.08977274077623801 0.0459162762903367 0.06126219293170202 0.013121527839220383 0.03593387140299313 0.030230801802592668 0.06312675952171953 0.04273428524317904 0.07759860930801298 0.06287468860269431
39 0.020520164078841677 0.10042567025424932 0.011671370667962288 0.06805868822452069 0.03523563598873817 0.019289383624190647 0.05763912111927414 0.02646518683257061 0.00119951776714911 0.056832067153367395 0.10294456105240449 0.018509877115200295 0.002858917601018131 0.05498283308142285 0.07544792970863123 0.03951809537591409 0.012577250805429374 0.10317418918838307 0.09900967776115178 0.0936398625995808
40 0.04041605020394874 0.05927877780337102 0.07398923974221032 0.09010856301941939 0.029509156307587624 0.08756196157662786 0.08612871455841327 0.006435774949496727 0.04290832358743113 0.003964610614890551 0.024754034049249002 0.013350446826440543 0.0044398893838345 0.07988669742749492 0.08472340280691898 0.08309353804987285 0.07049553456069059 0.06308705926771944 0.0538754788791197 0.0019927463852628595
41 0.06517071325006746 0.04721516375257948 0.07073539697813083 0.04920417986416483 0.03624827324238684 0.07606220803361315 0.0023219787026272087 0.04947125829025635 0.04482951921850151 0.0035380793531111137 0.06117648364539694 0.022211268356001547 0.056084102199833716 0.08401199940303855 0.0414107100125696 0.05930050634395997 0.08389840835834177 0.0698964988318042 0.041043907646921216 0.03616934451669367
42 0.05563317715651485 0.04184993192051147 0.07039492921278016 0.04450053074588696 0.031220356770646055 0.08335359661138898 0.0020624229886724685 0.09007896617759865 0.06314781943788639 0.07139523430649392 0.0191228298860201 0.06635515708762928 0.08637895321339661 0.03729550798889294 0.0739177001000763 0.007868191913164522 0.07207173803642954 0.02820386067768319 0.04897652525486825 0.006172570513459443
43 0.007262109863334542 0.014861542107683767 0.08491429665021645 0.050375302413467445 0.06451207194032615 0.020100434201261265 0.08730511268657438 0.0075803481976374695 0.03995737372910838 0.05586265714400651 0.07420468819476336 0.05780298250627823 0.10011480530463622 0.049350018770260046 0.06954022064994413 0.0878524370695311 0.04359154734940691 0.03426985829189523 0.012632835561543538 0.037909357368124924
44 0.03383364665266851 0.02027710763740405 0.07450525502026499 0.056512250097796285 0.002075737826311982 0.0458361833467964 0.10841209757516648 0.056723734678979586 0.020902575509691785 0.06026908186979464 0.026424399148092043 0.10764272971326308 0.009788756819789513 0.07657687632847418 0.012017517279183845 0.04435671031924047 0.10831655931846575 0.09219429643933522 0.0394568318217869 0.0038776525974944702
45 0.07105089108718488 0.03600641791481537 0.03659348324514075 0.03832169216460124 0.02279922039013176 0.030409990977989822 0.06534841564766036 0.024368992021426835 0.07773651624338239 0.08983206360840386 0.016231992914518913 0.01327918988939202 0.04272655040780736 0.05858514914713483 0.09781769237597909 0.038154043190235624 0.03740705746181287 0.10143375821612259 0.016119008774728088 0.08577787432153136
46 0.06557618549533252 0.05039723414308491 0.05334368137953537 0.07879378395197617 0.00935378689645683 0.07093253556304632 0.05810791107318864 0.0518750015613143 0.017682381086825693 0.05879213535118543 0.018471150198027555 0.04661790773162412 0.007567858678739 0.07940295030033111 0.05130143526872198 0.07429775352713322 0.07001382023400737 0.0672246943543046 0.025198749148010045 0.0450490440571548
47 0.05690606742151385 0.052558240292880316 0.08500992269994981 0.011667734337853841 0.02974066246959056 0.07099373795700345 0.003242524882600131 0.07590361952441076 0.02991985872798138 0.05845080733875117 0.040162461956067624 0.005124570920805111 0.015368795470663757 0.08573311985134664 0.08928219709761515 0.02883242129181011 0.04609007264804282 0.08966417097258815 0.05988000247475485 0.06546901166377038
48 0.06361139880770794 0.008659835340147406 0.0005159597571199724 0.009969612117093357 0.09199388717275085 0.07529464500000406 0.04826507662955107 0.02737120053780486 0.055601873823166226 0.06519581127085654 0.09875445160482897 0.04458483062572863 0.055102670161092354 0.054383464246232055 0.023392007506516224 0.06730098734723296 0.07183195593412021 0.044234962790708196 0.007454623337023063 0.08648074599031533
49 0.07948350405835673 0.10133954419283825 0.011006090541078331 0.08105291043953948 0.07570032471193698 0.009636341962599578 0.008312978283856375 0.05785536574023301 0.027722886736458834 0.035528761962208846 0.04677155550682973 0.029435381766818154 0.08860987300419512 0.04248806414852724 0.022436257165982732 0.09930803088084561 0.07002903155919335 0.048993439654059966 0.05274946295385661 0.011540194730585013
50 0.08739864729252673 0.056045397942502025 0.03473298881664645 0.09045996408218603 0.016718586578835862 0.004250309172947515 0.02612100872892614 0.05556527542042728 0.10410519299847189 0.10218812721988398 0.03394372349306921 0.061523477402314 0.09971324072909625 0.02309161611243756 0.02752159099995478 0.039625108742655346 0.0004451733188691704 0.03218647703569665 0.037325368814617045 0.06703872509793629
51 0.051807218802893656 0.04623602354914329 0.02617907999017197 0.041734971619235846 0.09042690348494828 0.015328821144633385 0.04549444478675829 0.06321147896162702 0.0015237693667677816 0.07463624673571108 0.03388743839497965 0.062129067296154875 0.08194585683670123 0.016312849318685103 0.07311127267613711 0.01830779211272346 0.08289347975316277 0.02788406904492807 0.06387924503512453 0.08306997108951271
52 0.04160261685482979 0.04057814288108533 0.0253293441185513 0.0316027089297814 0.03609336169878617 0.0990180556501468 0.004469082329515253 0.030111383405043206 0.02202235590639479 0.05540060339239791 0.09547725310168527 0.06998619427786977 0.05930373378718094 0.029799441143653606 0.10209760054304318 0.0890116801395202 0.04117093127945747 0.02673539248597719 0.05810910430200963 0.04208101377307075
53 0.042148086827792246 0.02721992414263794 0.024181484062319514 0.038376920047694954 0.08780167369383808 0.07434446499614708 0.0834749829729878 0.06769474189068736 0.06620658664407301 0.014387658198380598 0.06930400701512217 0.0006309075044561593 0.009129399686757382 0.056660151367595446 0.021302189658238456 0.06812319151173116 0.08256275952400911 0.012371008353366035 0.08396672465486318 0.07011313724730239
54 0.08306939937862043 0.054013399290074475 0.030786383180165893 0.049187896813519955 0.07898390572791833 0.10361558476879051 0.04919777459168901 0.028068769685311676 0.005384967317038105 0.009520141179096626 0.0634764862531991 0.02840512366688362 0.0884671799956742 0.021524429529072662 0.01208336160293623 0.07708805275880012 0.0039018561439009337 0.04871028848668921 0.052954657720601615 0.11156034191001733
55 0.07040568330394965 0.08334123825174261 0.058138730232231275 0.05066071543853888 0.0529501813845101 0.043064704495579406 0.07661184805738408 0.07007097334233321 0.007836955671640318 0.040125237276209764 0.01032179508237132 0.06845075757604081 0.010972688452989798 0.07541752652155208 0.08247981159342607 0.025260812900523164 0.05566931850070042 0.007892627609255857 0.08446371895596412 0.025864675353057077
56 0.06041264591638989 0.10342366072715341 0.05657708377103473 0.0896113220019891 0.016308566807133953 0.007121142718598401 0.002547138220635503 0.050854892814260984 0.09954334242873189 0.04901010167673902 0.08573519056389832 0.030886261356091915 0.07617365209170772 0.06670077124048818 0.03175573931209926 0.01907706828340618 0.013055272298684755 0.0704442197037345 0.03210795009535415 0.03865397797186825
57 0.015799040293098948 0.05221858717634016 0.07414262014010685 0.022645601750504653 0.06707694855991214 0.09115298992353782 0.053076520131096226 0.06535566097411638 0.08472083007110844 0.029452521758116575 0.019815500524842874 0.009202213716487275 0.08427944648454545 0.06230193032759497 0.05877894527088484 0.0824069112577111 0.022432485211496815 0.07482243956753586 0.005016565456510656 0.0253022414044521
58 0.07575050023000578 0.05100733787095645 0.07205259948390695 0.0751974582093408 0.008367175405151731 0.04989810824546479 0.006624763678986575 0.08365162600642176 0.07229601841156194 0.05757852695158042 0.031642204490891106 0.06390418325546937 0.012931606959010796 0.05285846463860622 0.08846515246950898 0.015191198462355088 0.02307685981026453 0.07263557002706339 0.046522576347111835 0.04034806904634154
59 0.052917261623553036 0.10516816200735353 0.0149743516147628 0.05512015410678889 0.09656750466376245 0.028846685290654282 0.04401722144279962 0.002341679978249331 0.06868810018951024 0.05491795039834587 0.01630104140627759 0.005099249355190061 0.02614358146080539 0.012856721088625487 0.0477224204442652 0.08734339380230968 0.05584502075191455 0.08361256370732889 0.10938571063024553 0.03213122603725763
60 0.008296131531674918 0.06021956066241043 0.05868263112895108 0.03499402825504909 0.01949873891998338 0.060929555010283284 0.06860212155603283 0.052277604024728905 0.06646976099934009 0.07829301039701812 0.02887340307329411 0.05112332076969916 0.0712674779884302 0.07822063820270182 0.02221566959790833 0.016834616234260556 0.03978243428512162 0.06932818331748436 0.05444611228430884 0.059645001761318775
61 0.061266605056325744 0.02273403852305643 0.05044883193396947 0.08230520453939337 0.08363890232288676 0.08134759628404674 0.00850264592159666 0.038591548207047695 0.0571554371705209 0.011900893757884935 0.04361514607823652 0.07785975937619213 0.06262314345132114 0.06554699205575892 0.007649796596478747 0.058840187680015824 0.03254057104106652 0.08278051614383913 0.023879236555522088 0.04677294730484005
62 0.06829574549027534 0.0940104948830905 0.007209763683406825 0.06517928548183946 0.03911379717895749 0.0502552762327702 0.023494600030830134 0.07400181353952942 0.06645220154404033 0.0069740269668879295 0.06336314956879945 0.08326828010563368 0.05140429209251683 0.05799251409129957 0.052420706229429966 0.050237930779988865 0.08484169858539607 0.03365465330395307 0.0008894462866808416 0.026940323924674065
63 0.04017266050449319 0.06112926991444643 0.01515145936964068 0.08891609926665686 0.015588145956523806 0.08488490111599846 0.08434618805739008 0.06763416257428374 0.0800028272567204 0.07216503993924046 0.07048647667073427 0.0576129024859519 0.08254851336057926 0.003187258594376788 0.018388410398615624 0.018175417813021004 0.039018129068849654 0.05803497027100825 0.03336944323136763 0.00918772415010153
64 0.09140417074986042 0.07771055967439773 0.10555308745364698 0.09856630749293924 0.02956759296668773 0.027681810259261655 0.07455104158788377 0.016661114545863578 0.00383283270830287 0.028272714949991496 0.08125525960333176 0.047125378256299956 0.0011107389460129284 0.08944616706418457 0.004523868418401532 0.005967501313416038 0.02864957757154904 0.05252171847065692 0.023736822114467784 0.11186173585284402
65 0.02348012229243247 0.07302622534656043 0.008475645376210955 0.06236965022695796 0.036573537758165436 0.08356743287545919 0.06820949173322922 0.06787660991903442 0.03314226059882707 0.025494800188786054 0.06138035023742122 0.0781634445099864 0.04332970315957105 0.07565254314932304 0.026848071031519802 0.0732614177181126 0.040972839474727185 0.08123263742477409 0.002703473266038284 0.03423974371286325
66 0.020123779997875756 0.03672519750065774 0.04818555634457701 0.046689822612868866 0.04748693000676757 0.018999633700209444 0.02024653999922819 0.05567130976646447 0.048708813401359824 0.04066926215542255 0.07026483759213496 0.07476923969550639 0.08022408048772028 0.08122003139860227 0.02646609507719455 0.05076493480492446 0.08463822391505514 0.06422582588477814 0.024270357961110215 0.059649527697542164
67 0.09127691845298296 0.09155849016066765 0.036147295633769214 0.018532216112582132 0.04294033105276288 0.039193483936276856 0.07511006682278716 0.013674576497510152 0.048653801380586774 0.06668254759186687 0.05688064940991896 0.06483052417185094 0.01663796979027118 0.04470205568238846 0.03570511960665195 0.010178193933852015 0.0914725151379887 0.04742153477216349 0.009469303081509343 0.09893240677161223
68 0.00896939359821441 0.028139998911105246 0.07105996768649057 0.0636257220007413 0.07143298934467122 0.04601356406755566 0.020600611215996992 0.0010943657585809567 0.08728494349004658 0.032297420563123604 0.05020508245611896 0.03679092734504558 0.040442552519589114 0.04494222663770783 0.09218114211171986 0.08314964649211777 0.07956559578067023 0.02379833858642956 0.07634033742789532 0.04206517400617919
69 0.07643961988268685 0.08586135154963818 0.07587786139586714 0.008804625586652006 0.10120213216661852 0.010290199724330967 0.050875369075378436 0.03934677737018291 0.020290963362487303 0.0685259132203762 0.0004657400126585295 0.07276310698674684 0.05831758476514549 0.010534845134988315 0.06660952500740686 0.05711589880562848 0.047573667265779454 0.0028716954575612593 0.0823111806433239 0.06392194258654235
70 0.061784923966795954 0.07398034198022015 0.05111496099765669 0.07263807617559428 0.054042660320263246 0.030681281899607678 0.03991109902362019 0.042029162481996264 0.052323329072306524 0.08754563964279136 0.08782162604004645 0.055798544576380664 0.06626251819365366 0.00855868154462583 0.02658073099224989 0.0038099587533094352 0.049032638432405545 0.07367065370585939 0.03587931398243239 0.026533858218184575
71 0.0793047266977678 0.0805377351115531 0.056683314048545576 0.07026241253477156 0.053379588214116785 0.026374963246435776 0.038059989219404455 0.041434165254092006 0.04156811607795463 0.011427360042194667 0.08404955662138328 0.06585620734672107 0.0565082265001118 0.06598244590190332 0.0018208653626615437 0.04812032134518152 0.05038237757871177 0.05058252618665461 0.00327606898880416 0.07438903372103044
72 0.1001200431340125 0.034564394258434585 0.011963483551789809 0.03316760060623816 0.0720753533878041 0.03269940682265364 0.09015830045928533 0.05150741888420137 0.004307168258974132 0.051361693347472204 0.055101102676470774 0.035413874805684205 0.07178102358518107 0.06998459583635425 0.012067114716551905 0.0739364171039123 0.033564363458345556 0.061663600798166865 0.0688389445071429 0.0357240998013242
73 0.08714864152276001 0.04534273493200938 0.04023076176243893 0.07729574055864415 0.0014295711661862372 0.06039253068464408 0.002478196303455823 0.08861676856920633 0.060998871037345505 0.09098920926815518 0.02624012540428897 0.035313338733903916 0.08649031599801715 0.07719770049391769 0.04787129645632492 0.10717085009455207 0.00020660145972970412 0.02655528286325585 0.030066406874413386 0.007965055816750801
74 0.08590927988477191 0.009602478627755765 0.08251972732609703 0.04215418522512011 0.04228004489313884 0.08440611686087515 0.06271987590544868 0.07321632267193905 0.07914657946525588 0.07412455556662133 0.0243263463154428 0.01506747527305993 0.03434305360218363 0.04066035933212691 0.06305750182783892 0.019058729172895028 0.049493487406605356 0.08068402061019793 0.017728911119079066 0.01950094891354644
75 0.008675776575285152 0.009864623270575185 0.05130035070356474 0.03579205591765295 0.08782114540930405 0.054868848440970674 0.08826104223954741 0.0428068833952407 0.07565975487552078 0.033635210409616804 0.0019308138387928657 0.05449168317215931 0.040553802092125876 0.05917594040610605 0.06330143380269374 0.06527728795782732 0.020537709988054115 0.07375462582399425 0.06475303729783617 0.06753797438313172
76 0.008604458588119557 0.08123837072568806 0.09483389410616955 0.088624691165514 0.032770374467189896 0.0492970571592244 0.051791256159501475 0.010548319954310645 0.07457642280250146 0.03453542915963352 0.04326834900254388 0.030582834441374246 0.09614412431812949 0.048018212015037906 0.051876371907044715 0.09894208258661887 0.007935679892762006 0.08860588720656751 0.0027264038531972885 0.005079780488871472
77 0.08113607520858197 0.04518086696652417 0.04868429603865692 0.06487067163911557 0.016242280408081008 0.07420865918287858 0.06532144105360413 0.02520363887517209 0.04879558728436674 0.07728616298295166 0.024031952429611977 0.014010407952762595 0.05312330908539715 0.026795337226711558 0.07815905419955926 0.0735074191730073 0.06384707295485108 0.032648014620797465 0.011766753868779092 0.07518099884858956
78 0.014877172926749385 0.033625670714148154 0.09175707565357828 0.07133875249164245 0.08550315869014466 0.06258457359536998 0.038669911213185984 0.0033247345224250795 0.0998801583075115 0.06042461907266085 0.08211064130236068 0.01846107243847198 0.017480321635593335 0.07079916668175368 0.08476385705036818 0.014983622341117726 0.00967629779472523 0.040181410912797304 0.0979567546738261 0.0016010279815697175
79 0.07294158031477363 0.02530605293046674 0.05240006268334233 0.055761513826682645 0.010134147859715162 0.022600720964758902 0.047063952124626184 0.021374542794924206 0.055042317358319506 0.049519520815620006 0.05674937400079915 0.07805407461376088 0.05217606982059979 0.06863021648700315 0.07501537699475572 0.0033006400093359843 0.08220071765642653 0.09000308906189096 0.03602462020365189 0.04570140947854675
80 0.0806071895183281 0.050878768239955616 0.09833871451422474 0.04181805220640211 0.009985900729389062 0.06739502382734898 0.08765065275051004 0.01928654670365008 0.052923494875547546 0.018966237887823912 0.02898950607046432 0.0078060527859807344 0.08677102630770173 0.0641810903918156 0.05361875652380687 0.07178339948887343 0.027865905209820227 0.01511588674173945 0.057908140552563964 0.05810965467405359
81 0.02200310825398294 0.026350344482603635 0.022615885611171 0.06488606459350811 0.09769017744412978 0.09944935143147184 0.08143109648319957 0.07117764142982279 0.07871965533681198 0.04909944509556367 0.0816616789886733 0.010719439213829552 0.022056677387226147 0.007471900478327529 0.0507381386298983 0.06757137092906579 0.029421414399006116 0.021959095343835902 0.04598804505549508 0.04898946941237707
82 0.059420630791162804 0.12397375531159882 0.022909834249503193 0.043708956256927035 0.02451995707861112 0.06352154360555033 0.004673826353537623 0.09106120647155656 0.07120560467689248 0.009005061478355055 0.11512108738709959 0.05988317811913943 0.004351227077191732 0.13741551019858697 0.0573562970460677 0.0004064666493228802 0.02577268690866198 0.021589201094786438 0.018572938635458513 0.04553103060998993
83 0.028114757378070256 0.06105241471749055 0.02551574769303406 0.04467909569444254 0.02362397653578445 0.009524970270894767 0.047904416363847506 0.07730918831291103 0.05041391913588344 0.07592194473266674 0.05568705798247456 0.058435013045609 0.01483290587797625 0.08258769401422772 0.06976845069926228 0.05971017244799584 0.01774216263549734 0.040339683726454356 0.0780935563976647 0.07874287233781284
84 0.015274636753702468 0.02079951786737511 0.06310990883083475 0.046273470518626514 0.08898661236030313 0.07629211554543675 0.026997582660710364 0.08443782913738145 0.0498392307545517 0.04533820391802156 0.09501663100419033 0.0025345820688236972 0.08326110176149285 0.016692277621001294 0.07921854629659822 0.024944610789469735 0.020171757732717073 0.07143136245400444 0.08862815121176977 0.0007518707129888917
85 0.049970907222924466 0.00413154766640255 0.0006132129475248838 0.10081136456690688 0.04697911179860707 0.006905820836015928 0.02448890083201464 0.08051398328223627 0.02819583229721646 0.05501479480970098 0.07125034455624549 0.009858977486133605 0.07724135536137686 0.058935693076835514 0.04220260223939533 0.1024332340008921 0.09582308581573623 0.03068335653150663 0.020576215619369644 0.09336965905295862
86 0.05832488300540112 0.07475437631002532 0.048596890170449686 0.06475544691325794 0.06767721709110826 0.03210391614665093 0.06361838272890454 0.03336483897009329 0.05241352379159346 0.06824415397436405 0.050657529306014075 0.06339976034256942 0.055924907426343325 0.020196372365032526 0.000409395965627577 0.02480272729557043 0.06099672771365462 0.05222974935921361 0.037217455070353095 0.07031174605377276
87 0.018843186960844367 0.008448388806456347 0.011495891639442073 0.060278674427119004 0.10942517495673076 0.02393905547250522 0.07778831357233663 0.07541948186250651 0.032320557289910797 0.098790651126618 0.09291928905247096 0.03432010123902659 0.021038800631466622 0.05334214079921253 0.015069757930675314 0.03882035074217626 0.06361490418990878 0.04422768367912296 0.06919872153492722 0.05069887408654268
88 0.02997957287131197 0.010809120696291688 0.06628721064933771 0.07534551429550594 0.10219380131022646 0.01209034278531434 0.08203941683266036 0.08651167558320788 0.02190536223515586 0.014323012361564027 0.008122688114701663 0.08238733120006311 0.05944122886169528 0.025572531662678283 0.025586466575355352 0.04152487709165524 0.08793117565538687 0.02535171718607781 0.03321252649943059 0.10938442753237967
89 0.09224958332904763 0.011626538035347894 0.006613377313506456 0.04562296803899591 0.08031818984605216 0.0204925356543233 0.025279608120426626 0.08592719836927024 0.05844492692934012 0.003585790270312689 0.007972787678447071 0.04474625608618844 0.09773173242429499 0.046176392800284835 0.02637124939843982 0.09095479620777806 0.09889585643123001 0.0626580111894001 0.04721867124115954 0.04711353063615425
90 0.0933055001282011 0.09196934056770607 0.05168326146570383 0.05242738070402417 0.0485651983606164 0.025785943740364563 0.046951035833435226 0.06598068181031137 0.02476748439042564 0.030351455972297766 0.09495875370744114 0.010081118213555812 0.0532826438792931 0.10346229090129203 0.015639106987938863 0.002624329701856212 0.0028230136124924856 0.09709151098447641 0.06839360106656027 0.019856347972007513
91 0.06635341739471293 0.08077823377411911 0.07298502549855854 0.08878936511242615 0.04796902531813137 0.07098939413552699 0.01615321556940693 0.0062434883311382845 0.07237293112033766 0.03375465120676926 0.01711259704808527 0.054759464502677185 0.012093080685078387 0.010622679980454564 0.06899826596398256 0.028134779502413675 0.06421448346206121 0.07157823959475244 0.09230137623733953 0.023796285562027796
92 0.0033167131066565874 0.009229155705933436 0.10853800858271165 0.0578540633941792 0.10231248085317973 0.07994691942884105 0.10117052654930701 0.008613637429080633 0.1000591828121543 0.06599350781808887 0.001654180108418486 0.02422968580995059 0.016908662860498996 0.07207327046845184 0.031921785361297215 0.027636334060784938 0.026932535999868158 0.05811033929699469 0.0803918892854231 0.02310712106817943
93 0.028812571979540572 0.025866599990318474 0.05558620317701182 0.08476457682307864 0.0272462971762336 0.02486050638723529 0.06147346498259523 0.047709043166139366 0.019527926788408655 0.0019401301283133543 0.036613621375699394 0.069292299493185 0.05284379097835908 0.03947787096907397 0.07605971015573046 0.10627613704956032 0.07526827216986201 0.04263591686591857 0.07567606070650842 0.04806899963722795
94 0.060239458563211876 0.08988539800207919 0.040188174128319064 0.07411216314029193 0.009535756963162376 0.07930456666801125 0.07691891658150264 0.03611165812047043 0.04101580566010818 0.05424151999592757 0.04916092754074435 0.006747213619626954 0.057154276377122046 0.06461589634941298 0.04420288097448831 0.008233994869898875 0.061947921142192094 0.07246524336762443 0.059447576592777746 0.01447065134302776
95 0.02283772425798446 0.021755639395057317 0.06243420840806771 0.08995104028197434 0.052937240205504645 0.08961044149351124 0.03963909191801061 0.06903884331439479 0.053800367175189906 0.015342313508417185 0.09106422446776491 0.047086339325785674 0.04135091303210842 0.00830365779271908 0.058891191144151735 0.06813172570527608 0.09138360194939218 0.0006074247640226684 0.023954425990859174 0.05187958586980772
96 0.05288318620661363 0.02282750188138103 0.06395354553667032 0.046075057810045714 0.03356632809761103 0.09967246837043636 0.00795788586121946 0.10231895413919198 0.07559294352490577 0.01670800779601812 0.0689883360007714 0.020418200026788524 0.0642049953732465 0.08320531302844246 0.004515235251987762 0.11415116151392903 0.03905569705436879 0.04694548801442882 0.021946873201238604 0.015012821310704753
