0 0.08149318690963078 0.08323988054247106 0.035256602960412615 0.05888761813180753 0.029253876115016328 0.0390322110994289 0.010612963069872888 0.062163743500147486 0.0420269449538683 0.08462807332375347 0.08937132215081257 0.008351321633162719 0.048397835588435655 0.010080732959657706 0.06756762473582192 0.015260282248935959 0.06240847402882599 0.08411310663568995 0.029418202533252964 0.05843599687899505
1 0.016184853860195414 0.054391030013385654 0.07406284959389747 0.05761122411828625 0.08660688135252344 0.04973813814439911 0.012132113240010591 0.06493854501920024 0.010771567504331298 0.13215022531510293 0.00402610414727794 0.034489517083950254 0.034474130041249273 0.10453684817366758 0.05670300083000682 0.011535554434935959 0.05719693396393797 0.05736660098339839 0.012642657490975635 0.06844122468926786
2 0.04769999600778517 0.06070081531293525 0.05538676614342455 0.06522296936407426 0.031376112127689475 0.05951166861906593 0.033087745576433396 0.017015752437350158 0.05573401283019698 0.050647298698179875 0.06316803931451064 0.02278901561033855 0.0179591518416509 0.07235164260239337 0.03903126178224758 0.07680033745462019 0.057478047572802955 0.07368728735213269 0.06316666002531457 0.03718541932685364
3 0.029740532670538486 0.0848958057821182 0.03423318456524155 0.07357651841789997 0.041982730045658355 0.026229943354277762 0.06476301015256991 0.07049127612186193 0.023936560474589946 0.016170697432618352 0.029710095906112743 0.01757440887945075 0.014825603919985603 0.0824341758353053 0.0853393821016506 0.04299250877526519 0.0943938451260101 0.021334815135408056 0.08844359888417569 0.056931306419261536
4 0.08242443143159713 0.009156314472372114 0.04328082741747734 0.0309974564670607 0.01676790687295576 0.08641641530063351 0.005403128970405682 0.03725308045690561 0.03931462360164221 0.04046273609837953 0.08502865583782 0.07557291472217607 0.0893362650983801 0.07747193253499265 0.06748540561485769 0.0403552411184166 0.05581786672511212 0.03237981067771242 0.04879486714700702 0.036280119434095724
5 0.09209325523944216 0.05593868727550509 0.0037876005765834567 0.05188268247831225 0.015338858650689026 0.062249287503132716 0.038691192680533504 0.0270278003748065 0.0357720712562314 0.08242663819659471 0.08023659724758972 0.07823723588268178 0.09702008999270689 0.036382056691893996 0.04597157896334446 0.0319373093882236 0.07338084695125673 0.019056642285849013 0.006585157932860406 0.06598441043176273
6 0.09647597328700304 0.06974053526216713 0.0529519743881187 0.0313047766745355 0.018574500919802634 0.03031112271869791 0.02353337828187521 0.08602251154712216 0.07588109926465562 0.08463844154352006 0.054207371411962635 0.07024029583293462 0.04256810729153539 0.0573682136877919 0.010021700698218266 0.06571500043268128 0.008918632989160244 0.08042828478490655 0.018854700297349036 0.022243378685962014
7 0.06390679334817734 0.05622787162292697 0.03344530939047545 0.00043148064843831024 0.056550641724507175 0.048346380114254274 0.0260887182426017 0.06032845624256299 0.010740980848854624 0.028912047359669908 0.10124531363866886 0.10436377578920239 0.05792287652285018 0.027515613933142228 0.09283803968115033 0.03151483377306307 0.06459580573866414 0.10919714457957484 0.015554721091465043 0.010273195709750159
8 0.026275167537991757 0.09872168915411393 0.04652010478207403 0.05463345537604841 0.012125874498688708 0.019017596004583463 0.009484664056827258 0.06574319340943381 0.011814424469181597 0.03944667440578807 0.009267553539236969 0.07297309501634072 0.07206256799890583 0.09763099635202437 0.05054420985852216 0.027808299077456237 0.026685820536490244 0.09191579023308377 0.08163822196095342 0.08569060173225515
9 0.09598942042519028 0.013871537650469888 0.04540575151231674 0.04348871235106028 0.07842802629004358 0.02445897241815044 0.039510872279048086 0.0598778205399059 0.015950465263119447 0.05387159941898528 0.006309487894647951 0.04708933451602366 0.08301165941992783 0.07956401922163148 0.05910193906170692 0.08085402327333632 0.03859986400672164 0.011715718021483267 0.06582122515815442 0.05707955127807659
10 0.07915952117786029 0.03468268591436539 0.0895965840313995 0.06668433165262357 0.008348174054170956 0.02512077901001947 0.08909813889109673 0.10541192498544086 0.022694722587214423 0.0004907514753013351 0.030466557889219658 0.012115040208691953 0.028444541782307226 0.06022736896695579 0.07353216236718363 0.04672547843112309 0.08910159316260546 0.029790829860101613 0.0952369129376532 0.013071900614665706
11 0.08422260460940129 0.016045638481290345 0.051427934053765244 0.08927182603772899 0.06911328687586474 0.06058242141106104 0.01802679088390014 0.08688880741136548 0.0038159844376349232 0.019245890363044364 0.11120905477581046 0.052194006993331384 0.114157467372825 0.00490662948833337 0.01146852910258607 0.11277868329773238 0.031234617215977246 0.0005804235530308621 0.02540252190295705 0.03742688173235974
12 0.013983532620937059 0.010128146218094117 0.06865383906983889 0.06472269278834912 0.07324237825536307 0.05337405554784035 0.07585805878798926 0.05301826802380256 0.07623359352751446 0.03492374023450586 0.05565787375106821 0.09331483379494453 0.08145647665703305 0.0449267927982076 0.026625144157865616 0.022986342026500108 0.044423291333528764 0.06534935470641391 0.026801154638643108 0.014320431061560264
13 0.09110789452727895 0.07865802242379516 0.07509195005572519 0.06780267909900153 0.08485763054223959 0.045323412739682295 0.028545464018751698 0.02707358090784583 0.041349329431119 0.004243054790297328 0.05100611390762517 0.052647473798994815 0.09179899162812166 0.0017555345251729598 0.03286413928645226 0.03743612451331253 0.034565111118352455 0.006303599158529975 0.05148871017995601 0.09608118334774586
14 0.07414517911226011 0.08796860586692225 0.06197025084982736 0.05804732610386247 0.03390115316499169 0.08312738741135593 0.0560858033579059 0.013137196707744754 0.05492970504210354 0.028863705246535018 0.03873869689440129 0.01575299848468334 0.06532013982270224 0.047464405237126056 0.0014439513354217166 0.11373083850410033 0.047860785199425736 0.08084384780042023 0.008215458602374258 0.028452565255835727
15 0.08540789227051912 0.023258742909634627 0.03543862412838526 0.0013468464869988278 0.02960247134379434 0.039194595273229625 0.05471889563511662 0.051702474409574525 0.024774164302457543 0.012275107065976803 0.015121410151258436 0.005921885200957146 0.06407182009508504 0.07659377747900978 0.11730571553420743 0.10769744675778524 0.040819630592347556 0.022548243830957482 0.10151561418668915 0.09068464234601524
16 0.031784456370757073 0.058599705052158425 0.08545912129797156 0.009157391240086738 0.09645912571961784 0.10107018556725454 0.04343631303092213 0.008550981125906536 0.09625269794453747 0.07099944493631266 0.005109684865249718 0.01709273975515512 0.07465693100408388 0.04604927174740936 0.08068021185225495 0.009637220236872374 0.01587581095158644 0.04719210135578182 0.0332756940140465 0.06866091193203486
17 0.08728603032729133 0.09203011596415706 0.05623275257408254 0.07458699680147506 0.069789524820103 0.006887691277394565 0.03146804799626461 0.00551225148226628 0.011370823053567621 0.042269599213768085 0.005190429319224857 0.029959583564337432 0.07411760811346699 0.023148431410579713 0.09234847715426879 0.08147035790439247 0.09019043597500899 0.02839760280927842 0.09364073521510131 0.004102505023970717
18 0.05219999952127596 0.08252150414869636 0.04930850784709719 0.003917122390578558 0.03245544950322929 0.06440108229292786 0.08218615438230341 0.029812756147011208 0.025163346235356848 0.002702943521895559 0.06556773725065601 0.076874951069273 0.08285064048114857 0.040524040282234816 0.07956527317920441 0.034447569422894044 0.04650631568272412 0.045070055066166216 0.05312683772023014 0.05079771385509649
19 0.06556406676556055 0.050862767881479934 0.06548791629643225 0.08493493998942846 0.08745566675370585 0.022436113947122343 0.014113906492860958 0.08297123168472145 0.04358778597037927 0.07182142632439824 0.026253068330386854 0.0675753068416187 0.01838892747154829 0.06020341742091064 0.05203180218609609 0.05778050693169146 0.011209322366334684 0.07692796489738356 0.028712318359811816 0.01168154308812846
20 0.02124449153046115 0.06487319965357488 0.025354628056105326 0.06141146937368864 0.08078728556363834 0.06955689019962527 0.058482341648472734 0.02619685014131714 0.08541991966883632 0.033228047509235165 0.09043796879791573 0.0010893635189334412 0.0865367154138716 0.005901877249432938 0.03311012577800482 0.022413735029819547 0.06864239060287397 0.006109713589626281 0.06395508886870414 0.09524789780586257
21 0.07099387947678804 0.021286575935972465 0.08171018052839658 0.10138636822052274 0.07918681532711838 0.07022039400587902 0.06817645309383517 0.027897687357525954 0.005171638317483662 0.03444108253304626 0.011891071111828126 0.06916189819174953 0.034001846088394364 0.0779741436786793 0.059970716436270104 0.06791079645492866 0.028330420567474493 0.027337420714309547 0.028653643805166246 0.03429696815463111
22 0.0070210583969245585 0.06580012686881814 0.024786637406837248 0.01290653188723425 0.027860646123786525 0.07407761894854707 0.0543080601864935 0.012028694889760641 0.042945794747960495 0.0770506526376016 0.04339566832841078 0.08489262805617097 0.08215401088664774 0.06028934268594799 0.07053044539850882 0.023495385383965228 0.05553485904995581 0.041296994136948914 0.07998131588578983 0.059643528093689904
23 0.04077340542450037 0.07271818144505847 0.09133412493020882 0.05838879944994366 0.0391482358985792 0.007719071769355166 0.07864411699429029 0.03353681827925892 0.04944075646937776 0.07916056545424978 0.049412473041866994 0.06890580817823966 0.010417662361122152 0.07058842282066229 0.035940745390993636 0.025820714820534846 0.010907729334528046 0.05841834856257135 0.07282157446364843 0.045902444911010344
24 0.05361753126345859 0.043262999660769595 0.058142193212389226 0.0783171705499642 0.04664012760285371 0.041130506045180405 0.010693461340122628 0.05628965359460939 0.08688029090491955 0.013919185711573042 0.0602214685431036 0.06747369632316469 0.08816175330225583 0.04508229981230959 0.009031708380152737 0.00023781824960935098 0.07208060938628083 0.09426050001068413 0.015846063957915324 0.05871096214868367
25 0.04394271213291254 0.010298280721925377 0.07377059781091504 0.020376589478823807 0.0371843249861134 0.05822496166706929 0.07724108869035454 0.06303404857859227 0.03364221561536702 0.07769657826723088 0.08738892000567444 0.05012650641705565 0.05003029597549907 0.009206754536978314 0.04713549041881284 0.012115758979812609 0.03551444694292095 0.08701926826350737 0.07396703106046418 0.052084129449970276
26 0.10210659994489531 0.043213008689252194 0.02278603407159164 0.021827630580296232 0.06996393028630689 0.011361434494395662 0.04536913190331714 0.012518764698634851 0.02544801085496633 0.011510736522405286 0.08069880445637084 0.0407799584306949 0.04873317015652705 0.018622163043469 0.10497566403970335 0.08714636032544677 0.06085447776230194 0.09143569633396023 0.004478261864322084 0.0961701615411423
27 0.12059321401766256 0.09998837186558795 0.047123430281984624 0.02919467632160003 0.07993834787865386 0.031759380100584766 0.02969516481552356 0.007561981894996074 0.09149468618713255 0.040782491412346175 0.04600703045852245 0.031607104350792864 0.010914651380984216 0.014561504213598002 0.012885767739086043 0.09995948829138607 0.047605114124608695 0.0680045143242597 0.05457533836043679 0.03574774198025306
28 0.05001619789383086 0.08524876437840201 0.044999740776955205 0.055541271394541535 0.06621963552946607 0.008724178149450123 0.027641831539865477 0.041513192753022336 0.045128279780182495 0.04245082378791411 0.05291084593823567 0.07255035148562529 0.016177305512112567 0.06750495590803932 0.07583272699001035 0.07255262909726073 0.011459704748271857 0.08044088360225216 0.08149568632773854 0.0015909944068232956
29 0.06746492637308207 0.07567286169905939 0.02067518465517185 0.040149237191451984 0.08036731414836679 0.06870818174407774 0.0221498427865954 0.018825930688672405 0.06647234195354854 0.06276742789463476 0.09724608494367544 0.039146803792060876 0.009170422790111767 0.05829344474846102 0.044420975253468345 0.09930043166679035 0.013451684339492785 0.022475105093878473 0.03997446180634304 0.053267336431057015
30 0.0026395400618230234 0.03179125675562802 0.08843747663671159 0.0663423494471094 0.06370222219418953 0.018406449432419647 0.052450464224006406 0.0532036081035518 0.091427905215889 0.09296139224824616 0.02907825924525586 0.039795051862896856 0.050628710200085865 0.05895995006734808 0.027540183746608462 0.05538177332704731 0.08501981615041135 0.049638922772472775 0.024578433334395664 0.01801623497390297
31 0.0669499880641852 0.020261126302363364 0.04715622236135504 0.026879309854988993 0.05098292849120342 0.013973793852017101 0.04832885634798137 0.05934697139282786 0.08892466611129496 0.0784279342935497 0.07831844029998 0.03299050160725152 0.07265925882993596 0.03826298473815341 0.03895334301101231 0.01935038332575722 0.08800491610595346 0.030354605192028067 0.02594901300128731 0.07392475681687388
32 0.023784339047339665 0.004798329961224087 0.03891904485218117 0.01740530685138455 0.11360775136169346 0.035118158302428704 0.053420467150250776 0.029171321997877666 0.12489932329230397 0.013892054448961987 0.02112584239195558 0.054249009267754486 0.02963024708304678 0.05186652303337944 0.009395169079559533 0.05855874939649978 0.08266723376748615 0.04772696513039627 0.12965628616483912 0.06010787741943677
33 0.0608591129317567 0.009410842291100384 0.06393572813867536 0.06688308287221602 0.036491240352660666 0.03672362045559077 0.07894022351608654 0.003317620621985558 0.031905740219554155 0.08453175449931995 0.06503644804433636 0.0828483625472843 0.005087490412485891 0.08989043350845662 0.026084646318562325 0.06151621794971191 0.05642140293439149 0.0692779203610054 0.002553505160298383 0.06828460686452152
34 0.051675820986884315 0.03230890476553585 0.07360455929989156 0.020969920152913834 0.0448820236352948 0.04106209740784791 0.07740632207125657 0.03802908671305795 0.05446402114425129 0.08587535465549494 0.03984100419169145 0.02010701157633831 0.052530344070678116 0.023998270844806935 0.06683282369470181 0.06535961416737981 0.069742932753496 0.05915339251727146 0.04017138205269304 0.041985113298513996
35 0.05949940870580737 0.0879505302423143 0.05076463243429037 0.05347923050716593 0.08133299574050015 0.011406389179745971 0.06963543419058266 0.007820989135935501 0.0028231362634206546 0.02339987835436877 0.031151691798435563 0.04269594064235169 0.01359230506166743 0.10251105878987986 0.03441461064027438 0.04667936008297524 0.05048256375701383 0.09388827171845149 0.0677494160173279 0.06872215673749107
36 0.01969091911175511 0.006949299051834859 0.03713726234238829 0.055957374642939324 0.07332277264068936 0.04193505278941306 0.08871305413568176 0.07600636874007367 0.02271388694169062 0.10887810486239112 0.04611816750282908 0.06068725155407562 0.001219095835004982 0.03161043250048616 0.08624106288017619 0.09835598745389491 0.06920609863561548 0.018102653703727455 0.0005878239227528324 0.05656733075258005
37 0.008630124374624584 0.022116220251893297 0.08693053131287051 0.045700221627056906 0.07226186397623902 0.045971621453543825 0.0646224656339105 0.0689502785763975 0.060685522688176195 0.06808705281765592 0.05599122488134487 0.017398793271770564 0.027640624439337062 0.07268435564374576 0.02903751159116076 0.029944246953692293 0.08079665274957427 0.06822946108848522 0.051497605703104826 0.022823620965416062
38 0.10067679461055898 0.08656369849175044 0.05597285150378668 0.06917641608296046 0.03747804602120744 0.058020022354870596 0.008405808030204446 0.029366448097979704 0.02763542098545358 0.06145450451434541 0.006709625522939058 0.002475480885071792 0.062525808050023 0.07395968842264697 0.0683366935983176 0.0578243504155301 0.03579873584790124 0.06957552327254106 0.04595669947232981 0.042087383819581915
39 0.0050307509263911865 0.06646778857777878 0.049026925549833865 0.04167703361953624 0.07777514519006921 0.055403528249861056 0.07759791231806629 0.04970605517582202 0.05177590119080432 0.07747208652886432 0.04364973794539066 0.05906716515072245 0.05775048027462562 0.05761024017025973 0.0015240917822487495 0.02448131477928057 0.010783748072717194 0.07447517415906885 0.0676205431927073 0.05110437714595143
40 0.0711360609463853 0.002554128641945673 0.04560000492306168 0.11500243941273583 0.06163469527724077 0.010008128693113445 0.05843272105092608 0.06933700539940035 0.000871358200539292 0.07346393172291603 0.029993236472167572 0.1219679589692267 0.07918454963154832 0.025838939142058554 0.007904045937661842 0.0031346877276912754 0.05153659497139646 0.06899255147416077 0.06013825588105253 0.043268705524771495
41 0.04014808666940263 0.04220118101663935 0.0847396974791752 0.06619516392667257 0.05674769658823938 0.02343909166881349 0.07319514837533043 0.032456281618415773 0.03881129092492737 0.03217112233229962 0.08876457884153222 0.016722307483361332 0.046146326798798966 0.06813909388004216 0.04413304297011628 0.001799209852473648 0.06613034159898236 0.07130029527655175 0.036641487106794504 0.07011855559143099
42 0.09301075390842559 0.04024625100640579 0.04013492513688591 0.055417586468490904 0.04833294618312557 0.05068423213492848 0.03305962335920192 0.0068809337785138685 0.04978799160357572 0.07073312210724866 0.02959842131535777 0.02683933357103219 0.015891668969027085 0.08598932597409163 0.08172578368415759 0.05397398055233564 0.08357013279814891 0.09127982680290649 0.030201379449456382 0.012641781196683782
43 0.06690793151246323 0.02620818718026424 0.023542065212524745 0.03063917466202668 0.05818012887457563 0.07189263014503681 0.029071967895308592 0.054005803313242284 0.0038994958208514604 0.06748451035146001 0.07421729846096144 0.010686341155397563 0.06313101574434131 0.09361572805941829 0.03238648289990906 0.005722315566899952 0.08511209822422185 0.033633459260588125 0.08994461231757336 0.07971875334293545
44 0.022862138216602098 0.03518752615965455 0.08010414527644763 0.07661118096328423 0.0013886390863846955 0.041366070814342265 0.10307623445064376 0.007557923098446995 0.05705087347110238 0.06116527040503653 0.09485186494933505 0.03946659925109565 0.10461392478765931 0.07925683776546168 0.007875594145568186 0.10521539758490821 0.0005187263631502235 0.020010587719662458 0.04710930438935938 0.014711161101854517
45 0.029363297888447822 0.05568540408990336 0.03403964829874201 0.08830663420124069 0.03601990449799566 0.09042565542422225 0.02770726486098428 0.09612184652919716 0.05434391691303623 0.0787708663005247 0.017807265903469607 0.06512408031036225 0.0808361444002894 0.03783999277706475 0.013690764636819683 0.020986036515194005 0.0687190825338832 0.00922598051423845 0.05218296927377026 0.04280324413061425
46 0.07479681643157036 0.03742279074816731 0.04087466297755772 0.058996656224617715 0.06216853076727661 0.06167049843290405 0.08104859182485767 0.057658754038261324 0.022946204866423604 0.0012959942942341182 0.024712898730160564 0.05788446156924708 0.0657024410454341 0.047705386102459474 0.03214662568678112 0.04717307521069896 0.0637760662186914 0.07349478048374215 0.01934262246721693 0.06918214187969787
47 0.0161436860976084 0.03523672488110338 0.035145668252547134 0.063584632482263 0.07105934988265876 0.07470089251165037 0.050469101676275684 0.07075859090813968 0.02512257944145538 0.08396483735745998 0.019432396231201843 0.0817697671295995 0.07090105475048517 0.040581009520595825 0.06254051484641228 0.04892262439102886 0.061399252352350185 0.029141102251007342 0.036568493801938835 0.02255772123421831
48 0.05845641503185562 0.03188882189805488 0.056635407025717656 0.020264745772948043 0.054606952042233876 0.02414631966750894 0.015960416006165892 0.03215115282970275 0.08590927655234828 0.03805317918878649 0.09246793880174357 0.06998854067929827 0.05520655322084121 0.06741002428926211 0.014878122001353737 0.05439311040314446 0.009722382611978487 0.09035445891954046 0.05479385588575416 0.07271232717176127
49 0.12359301606427069 0.05263914371551136 0.00826721717044146 0.014961316529244267 0.09629580265782606 0.0369205270440137 0.002360120768242764 0.0358218392319095 0.050968764077467026 0.03916672124076497 0.015212367959715128 0.07935351850808221 0.10610438335099985 0.08117917873296199 0.020678992447459008 0.022361474419948877 0.07258893967989086 0.09399995700594165 0.023609336852414318 0.02391738254289429
50 0.08152821899575709 0.023498883442755462 0.06884141351020183 0.04159990636748091 0.08060643343727666 0.09379642771020741 0.011353646836799033 0.0947944782975624 0.010639630361828755 0.08686568501887389 0.04874307372000565 0.04839217558809944 0.09840103824996356 0.0440053062559387 0.001316165963304927 0.01814765897496267 0.044415829816638525 0.05310650983172524 0.012807356577872579 0.03714016104274515
51 0.023986090504142424 0.05823096919004034 0.08528634240882088 0.026225147115128793 0.07124773422150896 0.07847473401941725 0.06479650465770544 0.007751372924047691 0.06611922065895073 0.0454746357979179 0.028243113093154613 0.09877898205422884 0.0006208673840167423 0.014058387657987271 0.015655591938727457 0.05254928991181197 0.020734106433628184 0.10517396232121577 0.05768999969228986 0.07890294801525878
52 0.004274039049047463 0.0042075713512244595 0.04757546294242135 0.054582785193645185 0.08478185869918366 0.07075697239591795 0.04614372030554994 0.07526079214291899 0.04673517639337342 0.04202707350613267 0.07511705246573847 0.0034723951253202547 0.0567885342107322 0.031960033259969156 0.07885700897998865 0.08302305411659619 0.07436843611071439 0.056832344870635314 0.046021147087198185 0.017214541793692056
53 0.041816161820290285 0.022660354490866595 0.04146649156988507 0.0147027002382196 0.10391514659431385 0.04987828196552994 0.04476484512012418 0.05263477158616817 0.05003810668332509 0.08386321094749641 0.04475892951812445 0.04688458030716305 0.05433760846019143 0.004291499238246449 0.021385364209494735 0.07694508030560819 0.10520982675694593 0.04447383198418241 0.039644347005629604 0.05632886119819454
54 0.028902930816293894 0.03493374621605057 0.0662851349336072 0.014085966053687914 0.07290236363509499 0.05263103751795068 0.04403949726893846 0.06290313992822671 0.04865764475820971 0.07261974749760791 0.07679382648157673 0.0694507222650568 0.02830974371431984 0.03171489512033069 0.015382492015409721 0.07645893294491601 0.059045440015493465 0.05417821771086454 0.0719892626571827 0.01871525844918152
55 0.034683549022858515 0.04280647258957411 0.04680605954505413 0.06039148979152573 0.08806097898236107 0.08643512042943462 0.043104535171456064 0.06633973654186333 0.08100236719899243 0.0513514561022584 0.0041124739019698636 0.06287955040317562 0.015633273872756752 0.04396787952553074 0.07746032291135742 0.006563767257749841 0.005390194976932948 0.042745524890483125 0.07131084699395751 0.06895439989070767
56 0.047482659063172124 0.05784756250702546 0.06396675759752535 0.048822509413583175 0.0043982397210549536 0.045802610836896025 0.05218945466364937 0.023024710275221058 0.01972208055961942 0.039370243570770555 0.046353490915655424 0.09722269821744961 0.024476599840268672 0.07788637777706216 0.06919350085441903 0.08527509009548091 0.01690196326229438 0.06890102708401048 0.033067319565279946 0.07809510417956197
57 0.020176563557087142 0.06707431637047666 0.058807161284526274 0.026692464859613067 0.05572818390827195 0.07761070731588114 0.0015528898646378533 0.01663651681687281 0.02380428614429666 0.06743003299152676 0.09319438723369014 0.02864819892589326 0.06703781893761361 0.033119555609294346 0.034764956474441895 0.05789564924900758 0.08473700173437536 0.0120179276473797 0.07726464581578223 0.09580673525933171
58 0.05628117118187225 0.057054976127255026 0.052150417429695825 0.005422322348922068 0.08894691906075217 0.029939000783132302 0.05815991725105555 0.11959275296137778 0.02276173684710682 0.03894768330505936 0.008416628802409119 0.0740286459380351 0.11876201453636191 0.03421680153262068 0.04385028795871727 0.03687206291279298 0.005971725647836848 0.01611094172453897 0.03874834478842499 0.09376564886203262
59 0.07760738866746332 0.08941982212680791 0.023409685545544314 0.03350001908049479 0.0809593207252439 0.05086532825357615 0.032520991417830665 0.06374925558805586 0.0071220331612474996 0.06341650562338677 0.007636608667614161 0.04354002384533012 0.027229716855922063 0.031144446525064935 0.08637379264365294 0.09356847318394182 0.035482962475403536 0.012761812021591018 0.08688326682130301 0.052808546770525336
60 0.07159595325739501 0.03939042718820187 0.019016744709923834 0.013768489988410461 0.06380368313507075 0.010988237148644024 0.08004134700499313 0.047737888568294265 0.08329027653387487 0.02322448367878127 0.07555003712480583 0.036867481449489134 0.03571367763694633 0.03724941543978311 0.08862734523825655 0.06463186732208072 0.08762818429929733 0.029089331765947104 0.043589924136337874 0.04819520437346636
61 0.025288354265988418 0.02405948572102286 0.08688492235516727 0.006105768303270838 0.005940049540364428 0.10289415917760322 0.02064551542792466 0.04048842986437358 0.07337317576133744 0.04837285494088549 0.07206984581435491 0.033570292541414457 0.06030686574484989 0.031146387890274036 0.09702238063833933 0.031719890405223786 0.07197182364495451 0.04556282244910065 0.030532195387295437 0.09204478012625472
62 0.0016084932735587062 0.019988471432870972 0.010876975920353176 0.0006284027184313701 0.09772924831706675 0.0691945023883315 0.10788109991526319 0.04903274966546181 0.029437336765437222 0.009720747911565542 0.010477760990619025 0.05420806094741115 0.08561571703359204 0.009960416411268365 0.08508757844472342 0.02061171346601958 0.11264300959875123 0.10657132515391454 0.06496705087444721 0.053759338770913205
63 0.01712086745529586 0.05392085768128393 0.025442005241496122 0.029874663860193433 0.09629282652018627 0.09082050423787119 0.007326515291060962 0.10257769925313356 0.09248981866701658 0.019359607551837656 0.06601104872657483 0.056336531013663746 0.042239209469888836 0.011108291981337571 0.08643624508574708 0.039025932944383564 0.035715112733612935 0.07054048089818202 0.010309693937903696 0.0470520874493301
64 0.0016841660526449901 0.08469662168634265 0.09819475103601534 0.009189069562018714 0.040423011238333924 0.09416582898153081 0.002726486121130194 0.021140038462735804 0.021796867629768398 0.05970952987477392 0.062428500726435035 0.02815930859018257 0.04870961709431056 0.01753980533720743 0.04828083131204751 0.012345525856312586 0.11503954896801873 0.07938361714223163 0.08558142869563701 0.0688054456323223
65 0.03913726533641493 0.0712290787050397 0.014948298295367464 0.002373282625158899 0.020499536616098282 0.08388286822283117 0.05993256533879846 0.07015005074328712 0.05499798049886186 0.032126206985510726 0.02971557071176292 0.05182675110060242 0.08264475902101828 0.04537494907569486 0.07842546596503662 0.07557161000368566 0.04268715564416465 0.035088417427112356 0.07730379068608896 0.03208439699746464
66 0.08255896580172908 0.0563307409023609 0.0674544327065743 0.057286049863232706 0.07654720123371926 0.040733287320506566 0.06792707293152449 0.05569587462800615 0.007477380056037171 0.030227225610654225 0.07069684102185991 0.010345159371957232 0.04687372312519697 0.0748197123233448 0.01703374406184143 0.07489388028938014 0.016351440613682055 0.06038788230311629 0.01603720093487737 0.07032218490039897
67 0.05861182945093471 0.035568448427936036 0.04149755829406367 0.03602949438150503 0.014334625287343214 0.08650298562600305 0.07909757178666998 0.07426362851360897 0.06717809078129022 0.07409558771128935 0.0856718445330526 0.008060266313671068 0.022925832774768343 0.01969776988146674 0.030924581490096224 0.016358580672043658 0.07615477251957879 0.042842790781172944 0.047775281441344554 0.08240845933216093
68 0.10015530907139843 0.07899151008726665 0.017972957130786258 0.07996567609107996 0.023436063354520354 0.03846338303368081 0.09348239284442672 0.0573621993787822 0.1028324714068653 0.025903081381684706 0.08404804219313179 0.0014058531689478432 0.052485855989546734 0.06067273680583899 0.04091448211866572 0.012717783070012421 0.08255869305374165 0.00018364018366264385 0.011623781259305145 0.0348240883766556
69 0.07526883731956703 0.02078475557289739 0.03856442088111305 0.020557012864691946 0.05065543533362872 0.05536499607625586 0.03671922149170136 0.05505417510835154 0.014101350256635265 0.017479548408524666 0.10184585789064356 0.06795268204611095 0.05655056447334262 0.05859614603282359 0.09161397972877895 0.0018621454529436162 0.08185394933759815 0.05973835982243329 0.05479448076437608 0.04064208113758222
70 0.04193735735506059 0.04790644929848761 0.041014725724940866 0.05541717162860792 0.07805068168928232 0.0474355815968652 0.06125680663572201 0.04806556751388114 0.05129489524779729 0.07449323579362707 0.07550627529251627 0.03436875425192905 0.0076056473744526565 0.0739240063010447 0.008622769472904305 0.03131294492340621 0.07732506397260361 0.0419258707927367 0.0794957700385561 0.023040425095578364
71 0.02141189918265836 0.03476641580983129 0.04285068474717645 0.041700692568467375 0.06214737374220979 0.010337157486809875 0.009589159128585469 0.06476785751104322 0.07165491086932961 0.043355437878203104 0.0438746477257398 0.0748272179409707 0.0442669003363126 0.011979180117124413 0.07925603344598862 0.06455389684828312 0.08776785176437683 0.01463578294566114 0.08359456684987716 0.09266233310135122
72 0.06576954927967055 0.05499718113666912 0.010132312712440491 0.008733243323479436 0.009691944024126651 0.04837019563021022 0.10774823864304368 0.10229503325970611 0.06885352199371716 0.08855398091482114 0.050985661985405065 0.06416056881113934 0.0362246662204083 0.0013581735851252036 0.08133078890631541 0.0542770587759321 0.0010870545029121556 0.10597128361625958 0.02925147560804294 0.010208067070575184
73 0.09219838932144997 0.02666694125235711 0.0591503542095231 0.02936891692237278 0.04805959430480104 0.07270790263831414 0.04354194872503612 0.05481086227050909 0.014828557329290391 0.08210542245876543 0.06966157224654564 0.001209120240545335 0.0032108310685148513 0.050349389009651725 0.06105402229197685 0.07562903864106522 0.0365162364792359 0.08902098186956237 0.03522483628298871 0.054685082437494203
74 0.08829294561017106 0.06551582918627918 0.03950866649996475 0.017338383871090005 0.04610164647883477 0.052158039355177994 0.07277398901099548 0.06198636681923052 0.057632193091391164 0.024554473122146963 0.05867532697896359 0.08976527112718215 0.051083126966934886 0.04823348873498819 0.08879621281007209 0.010768538872710858 0.058970534823060715 0.007383434745270882 0.008988470230496743 0.051473061665038164
75 0.0793379685931493 0.07816123558103921 0.001340351098405447 0.02935434950683064 0.07584471673338081 0.029897067231926665 0.052333585052746635 0.0018572912949016017 0.03286389625746706 0.05411731678810392 0.07755595374255983 0.05976106289973641 0.02845998442024776 0.07554935290686271 0.07266112470532733 0.0690996860028202 0.03263243181908275 0.04711834388818821 0.06442446220320906 0.03762981927401422
76 0.05911933451794944 0.05528048595602237 0.001658241557599922 0.032404567590193 0.024949635275346018 0.04455641035738384 0.08830595250981875 0.04936149693358816 0.003663275071737898 0.027219733027153598 0.029511805857385387 0.06046672869522689 0.06210770567358142 0.10188655818100263 0.05605812871407242 0.07625494330624855 0.09139505772299494 0.025262581484504765 0.05815912590791491 0.052378231660274964
77 0.08536649182683677 0.04789565911270866 0.014970705804016517 0.07723886208985652 0.021614530769722983 0.06880611762793044 0.0581867958820406 0.07026161496569233 0.03322542591528969 0.022585733844934616 0.055703490888972876 0.044156891661919564 0.035996621762051054 0.02167922090520649 0.0928489287122651 0.05340774535525567 0.0043395830609876205 0.052097628115494794 0.08073722844277473 0.05888072325604274
78 0.10702789974334559 0.011067239610755964 0.03416042001966052 0.0665431930295858 0.07436776397412245 0.04198402799604374 0.04020274267630177 0.01117147736696822 0.0541642486207474 0.03666231544956262 0.03679433199659195 0.028599201096862353 0.0053284830610383195 0.03736104397582667 0.10458767856002398 0.00199619867774769 0.033389051869752884 0.11569339330274576 0.10012997655945886 0.05876931241285755
79 0.09146936615067426 0.06579179567913379 0.010228777081278251 0.05796089368230308 0.04617686187147782 0.0004518828014315624 0.07511269383378573 0.09666074721424517 0.08637678707107338 0.015606663048827818 0.038397085542534924 0.05571578235766485 0.005539237715027438 0.02951029381557238 0.01220718442252943 0.03801543051714152 0.03967361892797921 0.06521419454309504 0.07336046561633824 0.09653023810788594
80 0.04337789960509576 0.008058205250109418 0.1010258203056794 0.06182286437149926 0.04775829528715247 0.002288812346292674 0.06965492925030567 0.07402586666461569 0.045872584682842416 0.01623830136528461 0.11271940027273163 0.04873656021693914 0.01880101612346176 0.05040327334029221 0.09504880015552716 0.047273673748885754 0.04863913486142637 0.06878876874788825 0.02320442761997608 0.0162613657839943
81 0.040208742475019744 0.013971599063890538 0.06498111333050142 0.05111765759496214 0.08513932319241663 0.02909730294634504 0.06357400458710302 0.04161238507251899 0.05372375272156894 0.013277836564715734 0.05018941160699063 0.011034581431563172 0.07631333455622236 0.06426818758162864 0.06261873938431863 0.08417641831779778 0.02123233570225808 0.03570665405960907 0.07247478451676048 0.06528183529380907
82 0.06756850887019814 0.03305473354970934 0.0558894589164319 0.08022552973328886 0.03746165266199439 0.0676676626126613 0.07403560864761788 0.056910885610297834 0.05226210464407919 0.05983570425345848 0.028523360724961505 0.010808529411269481 0.03824831651312264 0.020120877882444523 0.06066254914169367 0.07743434251074792 0.05293458792374878 0.04474437679411713 0.062499602474866765 0.01911160712329021
83 0.0783238224980784 0.006607645213261298 0.044594541332545645 0.02645941250368973 0.018978175859511313 0.04566998066176487 0.06109630827809288 0.037188657187785926 0.034721468568520715 0.005287363134343033 0.09310626380506555 0.05202545284168489 0.014338219532164676 0.05772681287511841 0.04897412485307437 0.029761758705894783 0.07427674394104784 0.08363570821068932 0.09868698831944266 0.08854055167822368
84 0.07136724188290527 0.06824514611841714 0.08048731647042667 0.008453122475145045 0.04876721559473339 0.08459378780940222 0.039364116734365344 0.059208869942741556 0.08072133685230752 0.039532394491551735 0.03706141702189277 0.00822283347613085 0.002140353294134181 0.04845212050382445 0.06688695838365431 0.07357641062515112 0.07263111809392188 0.018489343540785266 0.07426177008545429 0.017537126603054762
85 0.017596248820718623 0.02097763393884017 0.021827683837169997 0.12793238475105959 0.026490205417120685 0.09842770756636651 0.1275822075586969 0.06350335753150423 0.0433167793453496 0.05002728257180052 0.008897449608490558 0.0314761845848381 0.035234299835361874 0.04575219459216214 0.00976914925985518 0.07424552497921985 0.01903386734701138 0.033598679753256616 0.07666026893512416 0.06765088976605317
86 0.042404857746857434 0.04221471967457445 0.09461263328030876 0.094660486293583 0.0242664186458677 0.05952084856634749 0.0726042916040681 0.07646987310190397 0.012379277457395596 0.05577054987560712 0.03847670704809697 0.03529982346758699 0.055479069024879146 0.01940508673642201 0.08975308913385106 0.02619493057904912 0.013179972314327446 0.011908345999868002 0.04761578140194865 0.08778323804745705
87 0.10394835612353397 0.019538036229935826 0.07499698217595308 0.037400294519988546 0.09348798811322738 0.10566867236834117 0.025672719526408722 0.014863235850699173 0.014766449541723415 0.07333853655356208 0.011123743768139386 0.06389664968706199 0.0715495552061197 0.015050554982194046 0.02113290123157516 0.04498241925407985 0.10532119403360655 0.028107445530171297 0.03284098093684231 0.0423132843668366
88 0.070555461307158 0.03686077578852817 0.08637295439872057 0.02022995666910525 0.03410131085714181 0.02909501776750558 0.05341821597638282 0.0714991669351974 0.037314137118021846 0.029171136646819376 0.08391748580922197 0.08095444971354099 0.03243884755927514 0.08456719629050423 0.03450805761142013 0.01078426078720665 0.04601999411552645 0.053054803800076086 0.038567367266561674 0.06656940358208607
89 0.045304508007282945 0.08995602289577977 0.05690194728044276 0.06501795037633694 0.06124149196708293 0.0872005549338679 0.010731545878182822 0.04128477713815931 0.013989801587103553 0.04976294713799377 0.039871158145747806 0.012033986424157211 0.053575399167143906 0.055982784571084965 0.07480581514450042 0.008542608924765908 0.09272598867997299 0.07943039794192419 0.006309255021096793 0.05533105877737314
90 0.09111345844721047 0.030830587064829454 0.02472636637965225 0.08819507731105367 0.044564561210761536 0.010519627153287105 0.06412470714932034 0.07221661072059539 0.07893154290278306 0.09238220963945572 0.05782866754392827 0.06435386525882214 0.001341049840627097 0.1005501502879108 0.06106121772940026 0.027931597887126697 0.007618221202269486 0.01728162690476568 0.004895893370775229 0.05953296199542529
91 0.07741328276013218 0.0137017578302181 0.04142484935583572 0.0319729336159878 0.10491801564224273 0.04107668112361581 0.007952230920945812 0.06289109629784986 0.012830843949293035 0.1037727196970588 0.034394868107585005 0.07347638647557289 0.011520729982278419 0.08707286655067141 0.05904704924106358 0.0373707229483267 0.01517764778047252 0.08624907396558734 0.07955305570488157 0.018183188050380515
92 0.07569494902943716 0.0813809695007089 0.003682833840212387 0.046351446471704826 0.08764311216531824 0.06029698314514059 0.05514122130478419 0.048489621537613596 0.07906176810368484 0.0477107201723146 0.020985619666224847 0.023876562357321697 0.069188830983877 0.001769777814209852 0.07510765327857881 0.03032207823996331 0.05237695581185689 0.053022916189929103 0.022391219525053723 0.06550476086206558
93 0.05227194136085187 0.011692232500354588 0.016547165302899285 0.06009443756878512 0.04776887067159116 0.09630571763123136 0.004072759327101663 0.03179129322670088 0.10866716180606774 0.06330504385624633 0.10451951507624001 0.012075284017868207 0.10751684959882926 0.07789742921066814 0.05784702279560029 0.016421305468399497 0.01121279830869931 0.03451770983982864 0.05420804903773922 0.03126741339429723
94 0.04155684397152511 0.017781680149308584 0.04700968211359665 0.026904757214193883 0.05922992751150539 0.04692880753612021 0.008049122285488257 0.07050592634448878 0.06478749614003418 0.09083417676492575 0.10434391466180103 0.04219742521909709 0.027428657559010913 0.05952068951940616 0.011849845557933482 0.08940224979899142 0.08204005220214138 0.05296617329047725 0.029008221293415508 0.027654350866539088
95 0.0077970379610663625 0.023558539382181387 0.03043568990092212 0.0943490912782265 0.05616914503540487 0.09883075540064572 0.0517110015054682 0.013824016230905749 0.059296073965233655 0.04854929415141153 0.06629786777767548 0.0224204843061621 0.04115590836814751 0.035971606779517135 0.04989448192949805 0.08861039814701369 0.09475972821879805 0.04186926174952372 0.045208243944290856 0.02929137396790714
96 0.08500774485407497 0.07139889765416849 0.013476718765434688 0.021418935791945398 0.08310104219877294 0.04807128212535197 0.07505259649922323 0.0389803355983219 0.016110190616884876 0.07226049759537768 0.06791824097697845 0.017274990749641513 0.04643103972113892 0.0037166243570994338 0.07446318791414347 0.016550485739846257 0.06635011456692395 0.027373564545026062 0.08754897360358627 0.06749453612605938
