0 0.012725060850569011 0.06819523886667553 0.1015524136344977 0.03752654800698541 0.10011340181937484 0.029554826398416435 0.05360916476295897 0.09728618586560488 0.017174782727236628 0.04438865076535654 0.02800467196193715 0.0001474998762597665 0.0182187477854691 0.04982025549385986 0.0977977846152026 0.007508754044530389 0.08655846614866121 0.048630216710308365 0.07025241676611751 0.030934912899978108
1 0.02791566295165022 0.09976862153631905 0.07358345066317336 0.057050120356516694 0.06072320020276112 0.09102941008294284 0.06107960980048953 0.03575112166645197 0.0003550431042427852 0.10540529861939936 0.05005348743139359 0.03395125425637615 0.001926651566567328 0.021177452198872515 0.014787172694528998 0.07524698093008733 0.052836958415905876 0.06399423727561904 0.053583626864631126 0.019780639382071006
2 0.06385225156978362 0.05964378140863574 0.00519257828356504 0.06705584472943764 0.05750715313429122 0.031192471840960516 0.08803206256582818 0.026457711082617553 0.08530043255560152 0.07302421144977461 0.05994828647985293 0.08923054249211496 0.05359702584240203 0.019788268592544653 0.038809755766272984 0.06538234217095382 0.017249871441482146 0.05073621624981081 0.008153590758198881 0.03984560158587122
3 0.010373715441923429 0.045963317491305944 0.02254137546573829 0.07684064925269772 0.02882877856143273 0.0923875528146379 0.055739012278086454 0.029118103999276952 0.055252391114372426 0.04266923477486869 0.05143020779951746 0.05350897126658363 0.02016320520410624 0.054831465875943855 0.005389611820043385 0.09719055876219089 0.09982920261068892 0.0504785423578979 0.07625840985711183 0.03120569325157546
4 0.08541098154953952 0.049174969869766744 0.009279303673234306 0.03135541942484548 0.02687258132613791 0.052652540507303607 0.03531897090549627 0.09187305573555662 0.03714134934389205 0.08007011610118067 0.040004097233405804 0.020063362030387177 0.0633841413551528 0.08917772787617456 0.08487392411371966 0.002889116603810573 0.0675510655129391 0.024902546497661222 0.01703788937973244 0.09096684096006344
5 0.08056616742778715 0.03589255037973388 0.009442987249284421 0.07377674751368893 0.030448177918864235 0.08623213217434109 0.10743498901665978 0.048959249982110924 0.0764387774992182 0.0161104070780872 0.05934096349692837 0.026634323844614057 0.022284697184297292 0.014502553941310116 0.08317512506070378 0.060290241634760065 0.045194170347496836 0.06081071203851443 0.0023295829509366174 0.060135443260662856
6 0.06710133158971554 0.0843294684366381 0.044941297458110666 0.03709950801673676 0.06169463206040913 0.09939994049705934 0.0297350120085814 0.05101148489747918 0.03328104567244398 0.030514568177238098 0.009766894640721639 0.0694789607058416 0.05864866270883446 0.05342225129719679 0.03637574802334571 0.09551853500421754 0.0699500069138006 0.05034614250976168 0.0042887565396748425 0.013095752842192948
7 0.00851267174788801 0.04122924498979715 0.021621170085578564 0.09909977702785402 0.0024047962793999453 0.04441090839277325 0.021234491207539508 0.06634533237813177 0.11285774760694177 0.10444309981860748 0.025279698541551775 0.045305521805303395 0.016764030776399617 0.06882815468215012 0.11062880986800346 0.04777269369872889 5.5863383190420025e-05 0.02794287215878525 0.025863166209539618 0.10939994934183596
8 0.03565620644903067 0.08926556393173246 0.08621693920896642 0.022536154727098884 0.013426111701585617 0.022487771479385934 0.050412252015977065 0.025043055671383475 0.015287831880561325 0.0772137519423464 0.08404078907596486 0.06535554367081263 0.04822747817135004 0.04001569318728324 0.00865458336919744 0.07593139956936827 0.07716951065556407 0.06077336344596558 0.08900404265263347 0.013281957193792212
9 0.021052477478765215 0.04501571283817026 0.07504999721441095 0.09043412253528581 0.08056966550120263 0.027673488457208822 0.03616308751570098 0.015330289475013125 0.09230257443269588 0.07842970584942288 0.05269465623530801 0.07600512081367837 0.0077211906299038775 0.02523953398867375 0.022892375573073363 0.022272360813115708 0.06942250071171699 0.09021089040430515 0.05752021085896575 0.01400003867338275
10 0.03912114260521262 0.07618505529057956 0.046632619429155524 0.05980512099323892 0.06454990154365349 0.03069622519085505 0.012561181765846058 0.060466943721641915 0.03611936318943565 0.02442262309838926 0.07591126751675653 0.1058847094339008 0.09066070551293394 0.007822502608314037 0.0273203058787772 0.07676763533091668 1.915051931548177e-05 0.026907776165139098 0.08211167743203505 0.056034092773903095
11 0.05322684920103572 0.04096549763137511 0.05389820159639107 0.06255021194136326 0.05924270481104063 0.056493876468720866 0.030365372376052885 0.072016405177045 0.071341559666625 0.01460685411495411 0.054470882315858976 0.061408405177157746 0.06877694992096084 0.0703127777264374 0.020173942266788685 0.031131296668898384 0.01982681743228055 0.04439891617968644 0.06624443719969605 0.04854804212763137
12 0.018848829785718665 0.06983610685126079 0.06309318899426473 0.02350119749434148 0.0547181679473783 0.02502805593889635 0.07796825463610647 0.020280791724257095 0.05533212196401195 0.0543801390075182 0.0887553786993068 0.0010204495637837257 0.04976811880122679 0.003629911516609231 0.07893256644666426 0.06103208275446037 0.08762922784838627 0.07406155059591982 0.026534741325176595 0.06564911810471225
13 0.05047306435031827 0.058964694758615016 0.029857433048357526 0.052399705219301373 0.08933493227379913 0.05818254800979432 0.03368187481434741 0.0474216740084167 0.00633227283434698 0.08590294854625827 0.008315717158137307 0.04814054561958521 0.06671331810552537 0.05022620554837705 0.10586035864358578 0.09225971374096792 0.003710066013795132 0.023527792000522896 0.0810846108930277 0.007610524412920671
14 0.06371726209842037 0.013100643754191798 0.07994480638370934 0.0580190562728744 0.07248954207145357 0.056239201920832385 0.032879404818965376 0.03436222930817643 0.03127420103553991 0.047764105260875565 0.05108953159429284 0.019466148811198174 0.022376542618107936 0.07162087772475659 0.06875477958870262 0.01724077121285349 0.042557226087920924 0.08806064219478466 0.0662047534495524 0.06283827379279132
15 0.03029442470237774 0.03939568295443288 0.04269600236221392 0.03337446679008485 0.1035159834640469 0.030781763126539522 0.08898545915789102 0.10130243121135009 0.028489786710298375 0.016944266647495296 0.08726720330142197 0.029167791332774938 0.08595131270608573 0.009625729950548743 0.0687392241346123 0.07795879306624368 0.0017885809583731297 0.04420333759605801 0.05172106214550679 0.027796697681644528
16 0.0043338894283705435 0.014669851524387349 0.03646924134105429 0.05284265369428179 0.08437877628027544 0.020320070444957903 0.09664868819600443 0.05172016007109339 0.046778309504716405 0.01175489856769579 0.09227119105974199 0.0840108311803727 0.10021790013057234 0.016332999902564427 0.045928144374924755 0.0017797571200052823 0.06592392183449405 0.08268344018544461 0.0016158831720177467 0.08931939198702459
17 0.07674469455662601 0.03453536683374125 0.0882845321170411 0.04691393078409694 0.01936293816926598 0.0340327036874875 0.08390439108613168 0.08896190154214148 0.02658107431623006 0.02970142784429419 0.061396056610898316 0.02238498581342099 0.0012595018736713448 0.06643467391509024 0.0362122983214051 0.06892607268119753 0.05214909534273177 0.029663678288624422 0.07019092116072755 0.062359755055176644
18 0.014208629239422729 0.07095459830328661 0.04383618639265728 0.05186308284800121 0.0010297938633785503 0.0689807834847601 0.060616962794765736 0.06222783075488782 0.023292982020134544 0.05493037573419116 0.0778691334902276 0.06780573647713349 0.04397343464673852 0.02023719854499913 0.07628248166934928 0.028316509092941637 0.07718365894282067 0.04093202833864982 0.055641050640270126 0.05981754272138397
19 0.05804188442088155 0.0050681593587724744 0.06757876133776476 0.0655577492537368 0.053624625989465435 0.05874565567382494 0.08986590278483668 0.08402087104866728 0.038428258237559534 0.02500330274002722 0.05898399430144549 0.009908228631202642 0.053325889640735355 0.05249254779306911 0.01692114112476855 0.023506816308787728 0.08289000435762586 0.05250212493782329 0.053434273358221304 0.050099808700784
20 0.013397158283199836 0.07558647434456506 0.014089455205697802 0.06388319225486405 0.03229750275930937 0.017496510177527822 0.06702347117444588 0.013861694563366452 0.07461370875397128 0.09101700193358747 0.1035097028530625 0.08248317136242514 0.031408453344850915 0.053753780083411 0.08873912045317968 0.03145469394429457 0.09235928057821305 0.03642134227347233 0.01091707610446881 0.005687209552086829
21 0.02898258069612925 0.0034740837123669794 0.04712042098728369 0.011401085280140916 0.027219126410984187 0.04727671482647368 0.07242844311175718 0.06149051637502576 0.04952639956311193 0.054567450221655156 0.058381564596091486 0.02982450469903911 0.0780844209489557 0.02886794117699225 0.06773483265133314 0.07497758794879854 0.0717037817505446 0.07122345872598423 0.06582072860741038 0.04989435770992191
22 0.06925998183701425 0.09119368194884145 8.396843389232522e-05 0.06684867693107792 0.07222173346696263 0.01060589725565443 0.09436587642318016 0.08758421557575927 0.06837012899598034 0.032409824353947285 0.08505009148295539 0.06228862399522522 0.024722650790281814 0.037904899239515455 0.019060636473853462 0.02277840992946286 0.040267010280651654 0.023323444957379823 0.05850088133935585 0.03315936628900813
23 0.038480321375467814 0.11285384984010978 0.08625447344498942 0.02368631900476832 0.029931115967867742 0.00329358683819915 0.04286579750375932 0.008728564800706919 0.030996008333581192 0.0799388394970537 0.06262361490826049 0.0027861217757228418 0.010928524214157194 0.06712122623662187 0.07730809807842355 0.06889991225550114 0.031913108553085205 0.1192947354465233 0.08055939661587051 0.021536385309330424
24 0.08738749538729122 0.08676672205219157 0.037196020533343026 0.0031552695495521772 0.04855992544484411 0.041870414405248274 0.0323979818904581 0.012184517786380186 0.08489722899589787 0.06979172449734344 0.03163237159784574 0.08756327385183166 0.08063718888264118 0.06061541584593017 0.05874980211004094 0.038895801545821715 0.031007388393445065 0.04819256620422702 0.007279612373792114 0.05121927865187436
25 0.07738745343096631 0.08673570428152884 0.012269877114441266 0.053201603352716946 0.008606146962236516 0.013536038812019799 0.06955294596431784 0.059640869415694214 0.08559456734340311 0.017623647391483026 0.09551035285454218 0.05181509875414401 0.016433400931123235 0.023410081729885363 0.044721453138527725 0.07667069590440301 0.02822782158700215 0.08525458302999948 0.07006601988351781 0.023741638118047238
26 0.00565702445860455 0.035873300938551914 0.030245549212965732 0.08295539601096415 0.03868531844478194 0.0902306168804796 0.07860843111683795 0.05958287810135754 0.09379679470113104 0.06317404097112185 0.07527690178872241 0.0015026658630104758 0.015313942616328562 0.02633250110283963 0.08476049965237166 0.04338473795570558 0.010260688855651137 0.0028810974861011207 0.06642964593783737 0.09504796790463586
27 0.03841764913152721 0.08536273091417719 0.07868260004470426 0.05519992385577145 0.0247494051428576 0.03556215848901505 0.02306451807673298 0.029057314690006615 0.04664915556342664 0.012438160322951987 0.0728864480100717 0.037024147462904757 0.041142097235707824 0.03676762592368262 0.04940076220357385 0.027128596017648735 0.07245236502436235 0.07927250005695369 0.07244427109455914 0.08229757073936445
28 0.08937396699550196 0.10013517958442943 0.037380346771593874 0.05754289351397214 0.08381250974315693 0.0293737901754269 0.0745103056109697 0.08900505754385048 0.026012502215826152 0.009575242269900492 0.012805920176030525 0.07217604496487329 0.002338205442943386 0.004010693299746775 0.0023933338714728137 0.08815243145724098 0.0074624493036793025 0.10341921177362923 0.031758474314497145 0.07876144097125867
29 0.07275028089497487 0.06236667032917305 0.07119546521543922 0.02838706005091804 0.07440601808591198 0.022655766197481598 0.022639678289771 0.025124842426237422 0.001117307943800563 0.027042162734674677 0.07543116613706835 0.07519877336699299 0.006615359657612812 0.02089520145022318 0.08076202186754773 0.06275290850938438 0.024870423771314456 0.07963994011897453 0.08692696237444172 0.07922199057805754
30 0.057763824125792916 0.06799206133775254 0.06280169755268213 0.031096324091675193 0.037159770135170196 0.07082267792651535 0.09291327571909054 0.03687710309679971 0.054669021795657066 0.014130725501509851 0.053367721645737144 0.06383035978593668 0.08559913654241803 0.0176724401392444 0.08388749507801853 0.07901118916731036 0.01597235218513647 0.037028002911380024 0.011909064353020112 0.02549575690915284
31 7.916695317495888e-05 0.07018501931919947 0.04023928062338286 0.023097002790066785 0.08116296042455251 0.06199466286437273 0.08250411250389603 0.0549260334747458 0.07010730458209889 0.056188568036218946 0.0030661629200161304 0.03626036584434833 0.06800857987458186 0.07747710807910427 0.026090020043287324 0.07581134267759818 0.06091369490737113 0.08264736691163262 0.006884895250816195 0.022356351919534955
32 0.09228286224912857 0.018865905949774265 0.03990806052064267 0.1099983890548886 0.055424297024798744 0.06685175865609945 0.03175495031314919 0.07203745195572188 0.04211470409024403 0.07569135319885567 0.07486646166041903 0.021337819049439682 0.0041432185323172 0.037092010212061516 0.0294242362644346 0.05572301256596771 0.05252289625877499 0.014631910745635928 0.03908976610277411 0.06623893559487228
33 0.03156770864073149 0.0751301169464026 0.080873541612751 0.012556627635291463 0.06622958800412128 0.018906906725774768 0.033328750549367986 0.02309078213991897 0.049734144860077226 0.08174940707755049 0.09049793461235604 0.08205602923936926 0.051187815539844875 0.051510749533355445 0.03038031672339206 0.03938140910843783 0.03091761586174259 0.08573735928623835 0.02178916493912277 0.04337403096415361
34 0.04281921787606445 0.020494156276097655 0.054365650656433076 0.027912382190884943 0.06796152460387304 0.042879122713198166 0.06499913648365961 0.03306705674349994 0.004145597722802098 0.016170391296542318 0.08338395902035153 0.0907712741022078 0.05212805532510974 0.03871023935328256 0.08701168018817863 0.06073064736953634 0.011797614845068017 0.062757351918523 0.06850225417652876 0.06939268713815826
35 0.06579156926317664 0.058123917296089234 0.06876056753779115 0.05367808342661444 0.05377127740010858 0.08833890041392543 0.005527571811493223 0.09480822181573066 0.0363019888693845 0.03655257074398061 0.05986138165827096 0.002042671354298884 0.06579085320696608 0.020383431584000498 0.060788238216333605 0.01661385795309515 0.020478888585038175 0.07682095687178127 0.0679878711235961 0.04757718086832501
36 0.015166891593826634 0.03961038718238506 0.09348501695602417 0.09098667925714556 0.07566760328826302 0.028084894271601577 0.06739190378533158 0.025139752543124266 0.0702802235261609 0.00462227841835169 0.07463820719755788 0.06017040108945656 0.0670784305370261 0.010711179502803434 0.07884238298022583 0.03818966517150029 0.08000538460709046 0.03195512747634946 0.0037768422049894177 0.0441967484107861
37 0.013156312171814382 0.029309161577333306 0.07908960700861226 0.04861433978263277 0.04945272337176205 0.023573913626063505 0.06323398987698094 0.021781333639208603 0.001905479833173125 0.03228433325977946 0.07211851004595674 0.04919311272584954 0.06361381583892388 0.09013833196908333 0.04680829252937078 0.05782999655564684 0.0339422244446538 0.06483222941163268 0.07900654143067123 0.08011575090085066
38 0.03575116352640713 0.08912697288884722 0.08789031607557095 0.08940835866663047 0.017438046470139124 0.07540757814018541 0.009542258822915928 0.0667382376239227 0.06592509299561337 0.001037992157258333 0.042022818409947635 0.116542811905314 0.006054507889594399 0.03437216775392142 0.0188604655651587 0.09227020852999902 0.09936040742781707 0.010676858395415231 0.033046574052328984 0.008527162703013114
39 0.019740021156382154 0.026766003166220527 0.1091224038546185 0.006594506401088914 0.07168279452893059 0.015850003501715913 0.08680803093302535 0.0016081197036488702 0.005919702722888618 0.09584550193929457 0.05503636787631184 0.08734492591908441 0.07503474082856254 0.020038362766803763 0.05582517857773006 0.055381745089154666 0.07115727733466287 0.03638386090318998 0.10268155832256896 0.0011788944741168738
40 0.09137214725726774 0.02399942571033587 0.048492153128883365 0.047637581955526614 0.03524327109136967 0.01830945098099568 0.025227852111256225 0.09059109481997153 0.009858116177824753 0.04811966811900376 0.011590573566505419 0.09099803134087331 0.06280411323697091 0.052422349433400774 0.09858432794735679 0.053862489268079614 0.04936421784781134 0.0028500566557562103 0.049863770370046065 0.08880930898076436
41 0.06653136884233585 0.06531061276565256 0.009171028317271419 0.012676757355347915 0.0778294624487614 0.089948828786767 0.041243382061105255 0.07548270967572665 0.03834316713450859 2.275850505631902e-05 0.03918417071673518 0.06893543325106984 0.07674048216046186 0.0590358723932215 0.041289516742026466 0.09493704246028573 0.0010152474971537404 0.035181275602298 0.03188383421973633 0.07523704906447844
42 0.0031805058951445125 0.0045207678440685115 0.056175749715405926 0.08059970558466235 0.06609794203345197 0.08141661200031589 0.036168069952812514 0.07111979401600489 0.07482253520908788 0.035274667944337326 0.035097908629879854 0.07793502601232027 0.019298461371207956 0.05297312474755392 0.011643929556324118 0.03504445527583481 0.051568715766410075 0.06755848349084428 0.07203911898283923 0.06746442597149384
43 0.09442555723552465 0.06707003735496561 0.010073007291992368 0.01577103446622247 0.05107376781770267 0.07550715302709617 0.07758359115093162 0.007840793448677132 0.04676999821523906 0.021890448537668007 0.006533444524038271 0.023134328522684388 0.0764573223744004 0.015562527579247082 0.01272286800124138 0.08420482137624126 0.045336750124960704 0.09758199265026578 0.08930964800246546 0.08115090829843556
44 0.030352374582865518 0.05310004019826146 0.09579031462428768 0.06982650456651456 0.04211942229432587 0.008102842988820842 0.09242854333419302 0.045931750759340834 0.02956007595755359 0.027945280149104856 0.007127226376069557 0.013109296354500796 0.1043208828012094 0.09919438534528728 0.036574654449219125 0.014796803116571926 0.08421763555733176 0.042766200690737964 0.07709392153604175 0.025641844317762234
45 0.0052360438087603114 0.10256032685861571 0.07018179250034148 0.06751847048721306 0.05135823914520801 0.02851069549201442 0.09524847903427082 0.03944926761385448 0.020579990605672092 0.027829354048174947 0.014033745555458214 0.012212823451720355 0.09651012237855698 0.09061710961958641 0.0674542613751096 0.03908968720838112 0.007619600266901631 0.04163658805519335 0.10547990636496876 0.016873496129998326
46 0.019146024912931697 0.028576339758462747 0.05464387313267649 0.051248029992257624 0.01503440339099816 0.076806707666535 0.07328949725135844 0.045625124424273245 0.08815578525192845 0.05772258778901525 0.012772614980207833 0.08558030984237519 0.045168137534872664 0.069609480410214 0.04485786989560136 0.022175596079125236 0.06112695892205292 0.029048635526107307 0.02386245852330471 0.09554956471570165
47 0.03581860638180259 0.08680092756768691 0.09809796396336753 0.014747237976478934 0.03126750048657698 0.06442292384339143 0.05343349956202803 0.07679668599565183 0.06693392917223238 0.007484160380997875 0.04199370901011876 0.08828966197337658 0.03474281812587679 0.06335236808886059 0.004120847265269499 0.08380304795243802 0.05563594174728402 0.059219417748808185 0.010143631038391353 0.022895121719361575
48 0.06550351501080404 0.06754347371646897 0.08103155957120663 0.07424609635690915 0.023494850288136714 0.04006981968660016 0.017198902990265587 0.007660691383089008 0.07919032729932272 0.07269661989046017 0.014098064229717787 0.03588412863026168 0.0641675345296288 0.06914414327627069 0.00939242337501292 0.06605622268565954 0.042701948871173644 0.05558346095021122 0.1009839053877888 0.013352311871011687
49 0.0068334265315687604 0.044196663644621666 0.08959549554609757 0.0859574067636407 0.0739580964019583 0.07270188313555657 0.03869460580921463 0.0888735881359126 0.0006149491468889044 0.08088038700898477 0.01694760305554657 0.024886402472186753 0.0851336105649085 0.03288156754379019 0.018108285257758962 0.061575773193555935 0.01638857488710143 0.08040960946477757 0.02627789668171484 0.05508417475421478
50 0.05548500445901859 0.05146988200680025 0.0018061611522640867 0.06098997597343479 0.06614560701690862 0.08469268653942184 0.05346114352019149 0.04839320524297734 0.028838892948812107 0.022682781260911854 0.03336365234578205 0.0530337124161981 0.05180254841400628 0.07920189754911922 0.008835978810745776 0.013897529057125166 0.05772119630305401 0.05748871474508385 0.08596791896654217 0.08472151127160253
51 0.03331488488008205 0.07027665745329757 0.0363231539593479 0.04948832235729496 0.016653977600810183 0.02126899615683308 0.04950102078203118 0.005386655812342969 0.052944538466128045 0.03210472745544639 0.0798514709139764 0.07908027418941076 0.0772814932795185 0.058239598503801455 0.07794030817921917 0.07314428618082812 0.07761567022132701 0.02552523762184113 0.062247131806037984 0.02181159418042521
52 0.05695152894923101 0.06758254896105073 0.07137054175472171 0.06773848373076181 0.03910237327382493 0.019424278294670323 0.05374829205330321 0.01357178895830701 0.09289666393290125 0.03870077860003716 0.09585909383535679 0.0026110823705991167 0.057788055410049846 0.028736777922801555 0.07086303934725434 0.009400395833528107 0.032811403649401834 0.021088175562219334 0.085951319802451 0.07380337775752886
53 0.035572500110230505 0.046694662838869 0.03906218262571849 0.092068509237121 0.0937104219366447 0.007685531998641489 0.08746499739822376 0.07502429243228016 0.09094027726455255 0.02141486572003729 0.03059031923244378 0.038820449516443825 0.08884361696350335 0.04386439612003073 0.021278510877773618 0.049998274273079416 0.018405496794211267 0.0303308469496925 0.0012946652664219533 0.08693518244408045
54 0.028548324563827675 0.08336965304926923 0.04615123686006432 0.006090554661466887 0.047733357705637296 0.055877352483366054 0.07804676899149694 0.03634482929160415 0.008095661715506812 0.040425504788094 0.06827338669354033 0.09746568784644316 0.029888413180173126 0.07561454909897804 0.0923699391909297 0.00032971234847557795 0.05751656719266343 0.09945452142361322 0.01583198789085717 0.03257199102399305
55 0.03855106794306229 0.10980989491121651 0.003528954026134401 0.052107498669124314 0.0676963458138037 0.027119390021760205 0.09308117432947442 0.06861154799411519 0.09975934262085556 0.008137027202295827 0.020866020759934413 0.015173279233136024 0.09371150268344003 0.015869892236118434 0.0029488882265079194 0.04286057229252574 0.08850480012311351 0.0795272600145682 0.051852396015449914 0.02028314488336355
56 0.0849710701589338 0.08493285045413708 0.04145378099815276 0.03889416784909022 0.011272752920807792 0.025980871098898916 0.07712934412164074 0.029002180067651227 0.07380468527241621 0.04982459758305798 0.08335156014943641 0.044590088457591166 0.08246262401847575 0.06688447695872839 0.05485032315261465 0.00905585955013182 0.057509888448153156 0.07248248254546481 0.010505456385959431 0.0010409398086576958
57 0.05923901811871332 0.06855880756260183 0.05914635618396888 0.04201222659161682 0.004463614637304099 0.05841354919234324 0.03994348244811827 0.09062426192201863 0.022148643757587703 0.0015261844552401523 0.07516469322106557 0.031134852172882335 0.08764367815305323 0.06863773992558343 0.07359195831087606 0.014377517776861484 0.005247005490594785 0.04218551267241904 0.07095791564745034 0.08498298175970082
58 0.04284964243904383 0.037145300412657865 0.0236522910248326 0.053249834890810664 0.08342445654529516 0.04779342348545724 0.014959831110394832 0.059999048814571576 0.015937638961142114 0.044295655009459964 0.030344471257532618 0.05815285523149328 0.07339870290720683 0.08196132688156005 0.06640342938978114 0.00442614368821918 0.03188852599760767 0.08067510026259991 0.06866252396086435 0.08077979772946897
59 0.05572945450958191 0.08727274325243556 0.005091930618174544 0.10351274510102693 0.015723433172831477 0.03464497036445697 0.014568042814703586 0.008582713951921523 0.0021812861921860056 0.06554748245879871 0.03589680548175442 0.033649336560213065 0.0032748818334051534 0.11200951961930253 0.06424067404246706 0.065508062812171 0.0587387534721732 0.09714714977911905 0.11480590767416944 0.02187410628910787
60 0.07603071837273044 0.01214682488834999 0.02610466428591756 0.03693059977631032 0.03210934392601267 0.05796274903595797 0.02756302335682073 0.05209625114185901 0.07329314449916213 0.04989708139841191 0.08540105037158359 0.04659299392586946 0.025070861732445254 0.01441189209415987 0.036248276881587965 0.06917238702545185 0.0894400833026249 0.07309224173377628 0.06200796011421347 0.0544278521367544
61 0.08007882718299739 0.014178713516747684 0.0811842507798884 0.027355280174371843 0.05143351010386513 0.0783349858656864 0.08831023551647324 0.029506821274758583 0.06689044569901878 0.06253139237888544 0.05555604036298028 0.05684488291099553 0.01524899398655429 0.06569406377997859 0.011299940253153045 0.03127197879388747 0.08325731440112044 0.02020947017164006 0.06476361090212081 0.016049241944876683
62 0.0768630845521968 0.07911358928663291 0.011730072327065535 0.0006412689504845349 0.025617903963501193 0.02489718669634091 0.09621447855500956 0.06685315458255629 0.069557937838459 0.0732123146458123 0.0725534923026065 0.022143097868701972 0.004327598242198138 0.05730617503675634 0.021247433004980245 0.06595719406009103 0.05826170443118072 0.06520371791910018 0.07074235961698225 0.03755623611934366
63 0.014833782184333618 0.016825851373395432 0.06374838737575199 0.037010817031336574 0.02443077351418461 0.07232209484517214 0.0047086036502571125 0.07896382096657877 0.027800456331518092 0.06497304654145292 0.07213099204233778 0.0826791777385191 0.05738110100592967 0.05613085640151158 0.027399322293255285 0.053957581556526676 0.07821968498962836 0.08010001953360618 0.01951211917198597 0.06687151145271826
64 0.08458681541160319 0.010028667331176378 0.015040020819387599 0.05997280470440207 0.0455445732370449 0.095479983590472 0.0613526015143701 0.09592851600801962 0.06364922259800712 0.017536379566145517 0.02483525840827346 0.027499288393922607 0.027010768105939404 0.03762677352386073 0.052258009714669686 0.017732443825964905 0.08991444875977501 0.07271087454279501 0.03071492348379617 0.07057762646037453
65 0.10431553147310199 0.04984541754878855 0.08947703293610441 0.061543888351828016 0.020909840119052878 0.08433932146115145 0.06920788340658768 0.07373703357110212 0.019727516146707237 0.011168292055935874 0.08348133137312856 0.035115854362105355 0.006046591352130824 0.0444260618798049 0.025197917969228774 0.03844400440744236 0.06210525418018363 0.02177406883067038 0.0430225102294811 0.05611464834546398
66 0.08873322272437653 0.051745983148416656 0.02974215626983093 0.023946207922713226 0.008580691413647198 0.021413092495897654 0.08603511651654022 0.06760408155839688 0.051598844879468246 0.0926483407777913 0.015419241225615169 0.047476529822898954 0.08495311642241722 0.0893482439381132 0.02745222013852465 0.07136417559939678 0.03965841218698972 0.055911246560843 0.04302438793643754 0.00334468846168488
67 0.008847980188047656 0.05590962866245605 0.0036271984297697652 0.08368196755814096 0.03897602207669832 0.024742755699024427 0.0799541745990739 0.08373364895162015 0.08187183027691428 0.08553837588986345 0.09143494707717464 0.04513635966694545 0.015151229750262105 0.06840985346905683 0.0724993972153383 0.019442669780809593 0.024309707602778077 0.040593440663120005 0.022399631931582543 0.053739180511323335
68 0.01566963434168208 0.04281778887959465 0.04351390775034662 0.019524317127908287 0.07123224950291564 0.08752405853504064 0.005673240441178484 0.06657847242346783 0.05908832151309901 0.04145310687475405 0.02962575934566319 0.055053164007838086 0.07423498736833727 0.05538725029577831 0.06282896155144285 0.0688801135132606 0.0858542019441557 0.0345435358725732 0.007663616868370401 0.07285331184259307
69 0.024791667346267886 0.055882433526431886 0.08420813540876733 0.06558371817176617 0.09953532876434704 0.00036730728346477833 0.04420908355296906 0.08101983241054125 0.09228427680244229 0.03182910231077455 0.03100451473634657 0.09438872000475568 0.04102401195165342 0.07264110140893984 0.04440113912423993 0.026649348562638012 0.021783626007501035 0.004091991853464177 0.05079603710113647 0.03350862367155265
70 0.0014177953991543664 0.04058297610106063 0.06605973607357687 0.062303760116197295 0.04961170522189689 0.07577331060238397 0.023687165958456064 0.07536728412858798 0.06617867102580689 0.05677554301117962 0.0062749956720457726 0.01170759070892977 0.06444635118687599 0.06800514822458664 0.06703566235667256 0.011428430003693646 0.08048782837567454 0.04539370201739432 0.08315663215305469 0.04430571166277132
71 0.03573663145041206 0.10116559707418626 0.04410617857203691 0.058004813618143414 0.04962440866709342 0.07995601900005836 0.022078757081209675 0.03659683747091618 0.031854888156670494 0.10555540961522276 0.03004573945511692 0.049101764960899325 0.058621304207601845 0.10700830069948412 0.04336578859362877 0.0019530178028962983 0.02050575040006921 0.007207957943296763 0.01955783742362268 0.09795299780743423
72 0.07172884076376819 0.061219146105953484 0.06371835183648743 0.06608457992325098 0.06630355756893241 0.0462665243173777 0.030914190030816874 0.06750907387775383 0.011456931167536313 0.05236242747750266 0.030924672484368674 0.05166539362258942 0.06383990148845116 0.06144953937939427 0.07049615239713337 0.027449764569986785 0.033821187324275005 0.006785634001339384 0.052423161262922104 0.06358097040015971
73 0.03775371863388946 0.013220258515848808 0.06175787557561807 0.021207656540626774 0.010010128254239605 0.02176522903014793 0.05807402719921597 0.003010743691297591 0.07297282048944445 0.029169893294632772 0.07239818521526627 0.09295268761177924 0.08347123272275316 0.026632882707236405 0.09334582864885023 0.10059312834854944 0.00819050038685686 0.016863990255490024 0.08256599493530042 0.09404321794295664
74 0.10548478565335523 0.021646024313783874 0.0426112296325837 0.021803886004328255 0.04850275355617847 0.04991658576312182 0.0313613701818376 0.01739103526219818 0.07608368385004562 0.07725585796136368 0.08363144416941695 0.03195037219066114 0.04360667427810235 0.07723897792275838 0.06621956803077521 0.1069629768081972 0.06440296504741451 0.013900483170959831 0.007166838543470581 0.012862487659447596
75 0.03554628714798572 0.07417140415833663 0.09839968082010242 0.10785092283823523 0.028112793989967487 0.05777841589953839 0.0031646260433459074 0.025014526517164043 0.03865581531452096 0.1099066531896401 0.09850119883012796 0.00014515622473160956 0.033748938453944596 0.008828504993617856 0.05232111363930997 0.024268770942372113 0.08621678632971647 0.010543328852159143 0.10287909032081688 0.003945985494366555
76 0.012542166936872216 0.06591941950516791 0.011591485524901775 0.07696827201172084 0.05723270517506149 0.04390244035529268 0.07793186880568306 0.052662684993719455 0.028766307742515037 0.031840612435424735 0.0425501074326067 0.040073293407566525 0.08805235184220808 0.021490110823685096 0.08146755263343014 0.0871504113001544 0.08460381348152664 0.0815319378659001 0.00555279107247372 0.00816966665408941
77 0.05951896434306376 0.03363156671181281 0.051759481180853516 0.051158744176528506 0.04145724781016691 0.0587944219273198 0.059871846861399784 0.07941216306294001 0.05275895598278535 0.044527809982166155 0.009456481843141 0.04214359260661768 0.0662909627603236 0.05221160247937531 0.049046066878772186 0.061146576969075765 0.041961667206577055 0.08481673210822757 0.03910936080777132 0.02092575430108189
78 0.07977958096844888 0.07518911666165302 0.03634898701739366 0.06481664384413081 0.07524800633300537 0.07797292716697064 0.015452632281741083 0.049424037343012456 0.01205399276266915 0.01891696339930133 0.0650788677255328 0.08808098739587011 0.024848104543965032 0.07405806852936009 0.04460768785147085 0.008040706734972862 0.06657286444185603 0.05136117361894705 0.009865871862006955 0.06228277951769165
79 0.060210954822239454 0.07941705425579158 0.01163494750104514 0.0316909097939393 0.07740996902986513 0.08966900371521579 0.08838101375142396 0.07031500448809555 0.07119192859951387 0.014641096079262497 0.03422419286752149 0.04021430688740194 0.028145589016270994 0.016712789390847665 0.06712873579274682 0.02942997948900602 0.0759005107376217 0.013504914848471243 0.04237402567512173 0.05780307325859817
80 0.03702960916960146 0.011439868625183047 0.06555849905331561 0.07585004087230182 0.059803728635258506 0.055104304239383534 0.07607538898829663 0.05175138416603149 0.053779666150779226 0.04693042165290707 0.07599368642447707 0.025304582693081987 0.06569152731981037 0.05750914580882543 0.01459604102318698 0.033453737908730706 0.07491188110716283 0.050292055864847356 0.06001878682219428 0.008905643474624511
81 0.08290146129858411 0.06744373008321822 0.010373450618753348 0.07855501090283529 0.024473547398870876 0.013147021070151033 0.0720039731547892 0.08565007173679527 0.044820100861523986 0.07844943885134543 0.027170228926870276 0.08330286620982943 0.0352278282223701 0.0019595744928675362 0.04092768537506138 0.013936465797477806 0.08208756207307821 0.03979171258136463 0.10061557425187097 0.017162696092342854
82 0.1154814792988371 0.0671963139710268 0.02364715763899813 0.05967931515729679 0.11844403117918677 0.029289616470338415 0.07797982470748101 0.04942334065733929 0.004511157449277108 0.031624452066829276 0.0476807136635385 0.0006717717074428333 0.06080998675458997 0.0039178641425127595 0.05242132276476996 0.09478334658535868 0.07442917609128347 1.79982369644538e-05 0.020438154377306197 0.06755297707962257
83 0.01700785800639218 0.07392487535996121 0.010220100960794372 0.08231373994418618 0.09461967200998085 0.08646714043700833 0.04158713096175755 0.08346875082861814 0.005184113969601771 0.053378869143153256 0.0071084162176183055 0.09288934769699224 0.003955374721108204 0.09007992991090003 0.028507898678176578 0.011289583886193779 0.027649241066936368 0.012370488623448436 0.09871838010620829 0.07925908747096401
84 0.06387610562142383 0.035103733181816636 0.08258329842005176 0.0011622766775691972 0.018530795560214447 0.0009429939104596743 0.05634806134655709 0.029010839276071447 0.07074823408508207 0.019710067371235145 0.08504284132027178 0.002501024653345718 0.0707572429298634 0.08170798154376115 0.04149258259368339 0.06668811224122213 0.08037161253467727 0.058304255362416284 0.058949154381263004 0.07616878698901466
85 0.05084680784303236 0.07197318997146927 0.09683810126359413 0.03804368262960883 0.06582524085895752 0.006064178535768755 0.09664256512963917 0.08330676667241091 0.051695993448715935 0.016744821929086978 0.025262418773444796 0.053886548050294115 0.09104199797352429 0.043421932348731374 0.007550780065690558 0.04383510417789427 0.07228678163313962 0.005272757306720704 0.041165829270467136 0.038294502117809236
86 0.04905418430186733 0.06537217854759757 0.030244396901259647 0.07720510491128255 0.008517228182396542 0.03823903686236674 0.04094120767415479 0.08588360798431506 0.07019001824079682 0.04723529269380304 0.0651467407585045 0.07989032858264347 0.030149036001949337 0.04113211738222194 0.051542131383934264 0.04059892005652573 0.03562606061192657 0.026511973581301893 0.0880959413245128 0.028424494016639486
87 0.07692745485426485 0.07735788057511586 0.060436373931693495 0.06762750239654074 0.06277326150874135 0.050278687944721574 0.02714162819597516 0.05747936728502881 0.017710954683570805 0.06735970652075049 0.08313191346702489 0.05701315454440268 0.07794067788088858 0.04902709539938264 0.06653031148804052 0.01863756777591302 0.036434805911014966 0.008805523954602677 0.004461838661265886 0.032924293021060966
88 0.06661221149814468 0.07235002085751796 0.020034439665144475 0.05602244785477266 0.04657192672745351 0.034380173096295104 0.022021938482861495 0.040252364096187244 0.024003362293816714 0.06878121566357918 0.053756655158219244 0.07355742748780883 0.0733954871389817 0.06207814159370563 0.06418790359968754 0.05981719295808072 0.07175764626307744 0.026562794154694837 0.019585144556514444 0.04427150685345671
89 0.08023231687964194 0.011666349099672582 0.037571366796063946 0.0811539261453732 0.07321825225887803 0.07257634713298806 0.06774214346376244 0.053483777956926784 0.05189830717946193 0.06950078507283572 0.06874548927869327 0.018909680275501457 0.05811406947491478 0.07891467019422674 0.05233257704821466 0.02385459224850355 0.07702828165275984 0.009769945349760509 0.0006470576045688834 0.012640064887251543
90 0.055829480020168194 0.0847347101520425 0.029553903890015366 0.07832540205316015 0.08595121770581625 0.09126148395608737 0.006386573184623119 0.04577105235707145 0.005128966920753677 0.06814269779886045 0.08560222462502759 0.0022128174249472186 0.057699653926853715 0.06602121390519565 0.024888221787900965 0.006850137248723902 0.036753996001315486 0.01734606955119235 0.06908677399839061 0.08245340349185412
91 0.07075765826020779 0.03216182530994683 0.018361737538411596 0.025351617051970313 0.06969888995631879 0.012573279907058019 0.03840202347064404 0.05018773355813871 0.07032235842143938 0.048975288208984794 0.026298047410985865 0.09280098792937219 0.08910545362904845 0.006903153268900576 0.026443183535967096 0.09141048288025731 0.09511617100194268 0.04965882774702573 0.003402989846525361 0.08206829106685432
92 0.04331045806673323 0.07879502229772886 0.0587569599766836 0.06615272650933617 0.06821974187025223 0.001845202860973024 0.05975574928035167 0.07772185332359091 0.05355565435232775 0.028615677819930914 0.03868797740706631 0.03844324786411427 0.05202535489115474 0.02971343247699595 0.04200425553150268 0.08537046382701874 0.08566770368726324 0.04083010648015929 0.016536340779890173 0.033992070696926106
93 0.019841694777370893 0.024143802235098377 0.05044993749674452 0.001905661231403904 0.07287689867496507 0.006082551392639168 0.07216686728785165 0.028803132754383363 0.1099105821004505 0.07187690780028622 0.016468558173715273 0.10992807081788727 0.008545138246322253 0.11341948587771349 0.03628731974562567 0.030583329890165423 0.05133078906033647 0.07458308568916475 0.007239441002485638 0.09355674574538995
94 0.040392980179036114 0.09212277438887884 0.0007181005457238064 0.0021755484125403598 0.059897331491833135 0.05739849677227618 0.08410115622315917 0.06660348755145644 0.0852121351985819 0.03051659689938784 0.010556992825239949 0.04979069034178254 0.03816745416400259 0.03537708167021081 0.027122538588099133 0.08128706886254435 0.07218230883084875 0.051019515085728356 0.02293616475036714 0.09242157721830276
95 0.05083925096444325 0.02758622913450355 0.04221951369344911 0.011572731225630392 0.07839563888435133 0.016161897408549574 0.02103986903801456 0.04794159518186901 0.09135972286777426 0.06774701990522611 0.0589784530101714 0.10044533693777564 0.09151841662772962 0.01480027079121148 0.020315820788201485 0.0016506464651557641 0.06687329758892692 0.10058457286102286 0.020809136637798466 0.06916057998819496
96 0.07720562544052544 0.0028918683215757315 0.0674495854924964 0.04854969579286094 0.07468643078701227 0.05185416430903383 0.05132602033861686 0.01962290009601155 0.06040555958813292 0.08466816548661274 0.06754163913396462 0.07907957814483725 0.09431475465471587 0.05979699422813248 0.02614802462618883 0.011790550903521144 0.006832430316232459 0.03908694215534904 0.06514537315301987 0.011603697031159732
