0 0.050650291133463046 0.09264059451070271 0.04879521140855823 0.06898147339605326 0.09908299094998546 0.07696438300365543 0.04306812501789131 0.09550326466827497 0.02087124391094288 0.00813257522475041 0.03071233173963344 0.07749906619901135 0.042404367810606795 0.036216390568924305 0.04485363187473423 0.01191367867230213 0.08630155671773926 0.03377338347961462 0.011524860707508239 0.020110579005647763
1 0.08706448371235727 0.004071383527918911 0.025386970730530967 0.038619614405879785 0.07858203206888678 0.0253428799587398 0.09048668483339217 0.029420359224317565 0.07298461281061315 0.06137908718904498 0.025446942859881125 0.008489456226304721 0.07795889490432083 0.05288964091633627 0.08241683843499249 0.03830501269108211 0.03441613037459548 0.02801404811147254 0.06880799773035622 0.06991692928897701
2 0.07586169724986382 0.057709387430815356 0.05348571604552997 0.013929253849529243 0.0046648981531952636 0.08204065919918185 0.046341124350127105 0.07636722387070492 0.08440936341636261 0.06921214944817512 0.013839504439345531 0.054168270076618466 0.07191554089529732 0.08461783243831034 0.035501297038761044 0.011938041361869055 0.06582853181033252 0.006473186562968884 0.01993070224308039 0.07176562011993129
3 0.024691490285370706 0.015085801521629 0.09533448545195505 0.036359181231758055 0.01273423255696358 0.0336756458914053 0.052853703646658215 0.07417212672751748 0.01177848383162279 0.011786597296298879 0.06809121043630026 0.015726897873443408 0.08405075987944259 0.05453314592640694 0.075533739792566 0.05175259018760301 0.0368283224954249 0.07349623310814137 0.0773372950027276 0.09417805685676492
4 0.04139577289743357 0.0021250381782906137 0.0445288765683149 0.08765772754725834 0.09515641742618518 0.10173439314407061 0.036714309313700726 0.02194383797264837 0.018667126087684716 0.07837386112132208 0.0669852573747797 0.034764935871509035 0.057443581377792124 0.059637936203287646 0.020487686072211856 0.07863438547597573 0.020646232553573313 0.076504283000647 0.02337752632672766 0.03322081548658705
5 0.05166801357402787 0.08983662867716753 0.018980005679703774 0.08139383282680217 0.044610494965629945 0.030287761834069546 0.06751059864893583 0.08992461708693382 0.08460788059038235 0.06783412467790935 0.015964969116937847 0.01876437232307032 0.02744808167957039 0.012010063312458115 0.028661254546281115 0.06362556422630353 0.03839883292921218 0.006353036895672808 0.09410803039712817 0.06801183601180329
6 0.0681054740857842 0.10205209787090887 0.05748238537764741 0.06702107868481369 0.019557866436719213 0.005614648407930846 0.05269185805033837 0.04834759194578227 0.09298666593397278 0.0009062481142257276 0.05152260695119178 0.05068012482067347 0.01781970049469095 0.01430038068037298 0.016399191001379727 0.07082513431906 0.05887769067877828 0.032727990004281705 0.09863700511202594 0.07344426102942181
7 0.06835914913357276 0.064184221982526 0.05955064342882846 0.07103597155913387 0.02855266512070381 0.029983686840598624 0.02379474253915299 0.041564560326407055 0.0339153350865155 0.07587053416027591 0.02200859193788389 0.032206739879437125 0.03205411659652606 0.09259568144971485 0.042532516450517276 0.006959653292229342 0.07327047959260728 0.0837393015605482 0.043792181424864365 0.0740292276379567
8 0.029233621692716386 0.034144208391315434 0.05882216036797733 0.02924108403222797 0.06632468097970824 0.03343352786196967 0.05995202971451416 0.031974344707362844 0.02789212237175235 0.03948227262063989 0.08519893578945383 0.10217078005866716 0.027982465861894623 0.00797723431521562 0.08928194390288315 0.028245757942433402 0.09141827611211313 0.055687842090617196 0.08816783510966521 0.013368876076872595
9 0.1003107589197419 0.011104913515211654 0.025657088648425322 0.04116314211705483 0.0679878576509806 0.026312543338953834 0.058274225858761644 0.09662680713439464 0.06832543622789788 0.09026527730750353 0.08058187393751334 0.009444694403001486 0.07275746118126322 0.04677459964414475 0.020802867376020558 0.08587799605615669 0.04696980600018836 0.011316415950309909 0.03259389086682786 0.006852343865647885
10 0.014891392167989893 0.06395203913767984 0.0032280619159173684 0.037556222174218674 0.077266297858067 0.10276197526445731 0.00873849442012751 0.08545073506564024 0.014870003380090818 0.0358456731564614 0.03224124628707245 0.06282694753622302 0.047422002693389254 0.04268528084766593 0.09671991659700147 0.07686256522040988 0.06123709113480768 0.07187001100911512 0.00483027906442635 0.058743765069238736
11 0.062023939283774095 0.08525980355798522 0.002284950749250991 0.08903957828734549 0.001998541848840364 0.004924293874195498 0.05455802176091857 0.07887565911048637 0.012967172202611059 0.09922650918754361 0.013378251143396235 0.03973930864814281 0.0189659844518837 0.06466686213781653 0.03802306150434221 0.05032688562331494 0.06157277032600862 0.09469701309019508 0.09212939643837864 0.035341996773569986
12 0.07735853604471583 0.03014416604890185 0.048837776858819265 0.046424601408353444 0.01595306293623404 0.08235115428676483 0.03900798661680613 0.03726854783813573 0.0376010541593644 0.037338723686328235 0.07038214032022432 0.0428171570894799 0.020308016619489947 0.08484117053178979 0.01910622095647797 0.04992862412066439 0.08117164633608684 0.01765252177548524 0.0888096060889843 0.07269728627689347
13 0.04339754938022476 0.04601654162708641 0.012886215335421568 0.09729841232301299 0.02997563883583583 0.028563088047795702 0.04400890805727053 0.031978630199266264 0.03659697992726622 0.07143837590032545 0.08054142058721353 0.0851217909216082 0.07889706383657692 0.04393047849853698 0.07495974340170546 0.02832609449299848 0.004290515939593752 0.04758028559410906 0.0417402219046525 0.07245204518949941
14 0.04206709545812338 0.08110653299532718 0.016007090746223675 0.001551691734606364 0.04332255374917116 0.036749352384844586 0.07098562723465068 0.05683718970044511 0.09141741601044683 0.08315265338484074 0.05237249937516911 0.06779150284517554 0.09068849111926963 0.06364731339785691 0.06144614222537173 0.02705011958427409 0.0074623979268415505 0.09015724553171714 0.008923890925355093 0.007263193670289516
15 0.04559153264851559 0.0772096536031558 0.07673266703266372 0.05598742515506697 0.016511343686518156 0.08003649276735729 0.05438632398270065 0.014795115678367875 0.03519237056006408 0.08941125290878511 0.06628366173660215 0.05218614036224123 0.03870310811766028 0.03980440021998187 0.005375837368146618 0.081971718433494 0.03353682515451787 0.042706393512377414 0.05814253488494511 0.03543520218683825
16 0.011888264082328294 0.10414689427302595 0.11621997036769392 0.004725864324986517 0.09126834359115928 0.03259175209603441 0.10338573525574717 0.030081406415063218 0.08184525214011022 0.06557241726375614 0.011213435631849497 0.07638140640495218 0.02189494188164093 0.016328191974089225 0.08004745091499382 0.012969583429428673 0.00997589913681145 0.05265362655777836 0.04363919090617485 0.03317037335237613
17 0.025785023500375797 0.03752568459056187 0.05680992734066957 0.052075377718497844 0.042693568275571914 0.016334722308736543 0.006504673886692099 0.08038600441742419 0.08120925585018501 0.03287993589819647 0.08771681497666467 0.006575979418875069 0.08892732042329274 0.027248065961098963 0.08116046652232102 0.06367529871626275 0.07287757892751193 0.07993429952576957 0.05692622280677861 0.0027537789345132764
18 0.021734995261644588 0.012939491553637555 0.05974147509656899 0.06262279822024068 0.09956726759946974 0.05762995063721816 0.044386553901587494 0.11124314916359745 0.03218444221070552 0.06686058657351734 0.04627950671618255 0.00531674699423921 0.10453675204247873 0.005710307096491677 0.00017287153480203282 0.05689164998942906 0.05142393833449948 0.05570677501662761 0.04948712171180852 0.055563620345253674
19 0.024474174424925527 0.08762395836771844 0.095005699344176 0.08432757467189578 0.09094023446668631 0.03800763323702464 0.06049585655885815 0.09057257853074753 0.03898500032244654 0.06806671297912015 0.05321107580104521 0.009785038654537738 0.03505919581710229 0.057053736172817095 0.016171876544551957 0.06707202132904826 0.010901870754181258 0.042769622093134965 0.001169602981611259 0.028306536948371076
20 0.07423609131094054 0.025344339543866088 0.07655250745466101 0.07927994283596651 0.051963614220629235 0.09127526030384374 0.0716493172590296 0.02517333677687708 0.0267736898193653 0.08624695681310521 0.08392151195101732 0.019466725937502417 0.06637598521817217 0.00899818285111462 0.06259111858173709 0.04321394491220559 0.006195624849913037 0.08189597267987242 0.007703360909888897 0.011142515770291931
21 0.04791475500896673 0.06907336546634413 0.005535322893677742 0.065836950004192 0.03836601661333676 0.07350762406064551 0.00607192524307055 0.015514551593616468 0.028580619759555975 0.03948201780172732 0.027664403832275895 0.07421089185420876 0.07812605086319734 0.08773543981842188 0.035605582515162756 0.08686809905278284 0.0854126810625059 0.018709025641103334 0.03023570099523007 0.08554897591997816
22 0.10565473393475654 0.06851028038904673 0.008954143583979543 0.0031773731916559023 0.0845007778340135 0.02459034539460558 0.028268362862007318 0.035778007327210065 0.014709075387434633 0.10976971904750935 0.04680515349268844 0.042459519508977375 0.014528256087499506 0.03569444227137437 0.09958120773905095 0.009415389967816823 0.06610127244442704 0.04404666194041175 0.07179359602263866 0.08566168157289607
23 0.05615199340334602 0.017034964114405984 0.024788439595715694 0.02091728134159905 0.06197793398702499 0.03740287444577172 0.10411880040620959 0.07725768153470329 0.10432447105293216 0.038428014943683024 0.09473949978477413 0.0416576521505103 0.05623401773386315 0.023832781614287767 0.04600766428866506 0.06332110051066193 0.026230699272714392 0.0038968309641168757 0.024690465251773736 0.07698683360324099
24 0.012811832004939558 0.031930801538720535 0.10656247739725738 0.012237134266785571 0.09462449659412692 0.0516451231037799 0.038267837584304465 0.020387250299199626 0.021250499905200778 0.07761173983472898 0.07529220589591107 0.08412203925522158 0.07581433790281189 0.08777111582224101 0.025313014049788998 0.06665520050152564 0.033244518258409086 0.06961546112940005 0.0014516092358495094 0.013391305419797458
25 0.003810107958798955 0.005389039962290015 0.06715058776986288 0.023540392133728796 0.05044588779870025 0.08407973235578985 0.0318481673915641 0.0928753111209221 0.025351771877297088 0.02658529323127269 0.06365879957358052 0.03408753320488134 0.014992502944009844 0.02970503531451313 0.09371496727577676 0.08297078005226895 0.09318294882088274 0.07592035172068856 0.07220446366780041 0.02848632582537081
26 0.023197682829052272 0.05340139270324946 0.00556980813453442 0.06545326127403145 0.02650456309015085 0.08370798858586408 0.03406749806911983 0.02455339174417931 0.09017515985274391 0.08461554655481503 0.01223936744729129 0.07156060739782677 0.04161051446941014 0.0489166590267362 0.03486983849968477 0.05225269247141167 0.0669467317333908 0.03495251780108627 0.05512627280524865 0.09027850551017279
27 0.018265054197460846 0.07541139515699612 0.0933108981289956 0.0061649694337787405 0.085040240080593 0.006074534382344596 0.052212286599238135 0.06665338753849999 0.038676998403834956 0.018093049195267965 0.05185762969480672 0.04962716766623589 0.09335122074288116 0.04704826092658108 0.07669521387868362 0.08720326927124161 0.03257246144928068 0.04196655688345191 0.006093191167714047 0.05368221520211337
28 0.023732327989538827 0.05262059992714261 0.022266474530381223 0.0354233364964919 0.03903616481747156 0.07095527281985574 0.1055737326965733 0.008520026432860624 0.050962031103997274 0.035329431004537004 0.08552180937997866 0.017366369366248822 0.055928669856853255 0.06293199896118173 0.009828445451278004 0.08582813573698188 0.07656871831519695 0.02539497350932905 0.023332557441453638 0.11287892416264783
29 0.03739302903387458 0.05510545566475495 0.0633091787353085 0.011525852880683023 0.05303287092589517 0.1370247072908768 0.10391284413282384 0.08750925341289542 0.041193673031637505 0.009593267182306799 0.061177201986838445 0.039794697203470335 0.05795909308779402 0.014311423968956495 0.08551575977882818 0.0061338388794191364 0.05151216208362047 0.008628250499308416 0.04682664725935571 0.02854079296135227
30 0.00700966687555278 0.020996082628424777 0.03658833001596707 0.09606421563456129 0.08648778200389567 0.011159103365814644 0.08426313932389833 0.09658598865570346 0.004386204068086186 0.02261301297541877 0.0798520205002314 0.08030489989977 0.06310177090397527 0.0816204208507419 0.012445851156422843 0.014297542389440034 0.05355045217604603 0.08067030452811666 0.06681428239326183 0.0011889296546710715
31 0.020406847354372093 0.05726963463041096 0.0828322116916452 0.05115988306882362 0.003615435689374613 0.0065833117046557145 0.05301790768135349 0.07194415927359105 0.0802562379812948 0.0449294847157627 0.07761490865543756 0.032513494971388036 0.008554903532805963 0.07073874515540218 0.06752658123917255 0.06996473333509437 0.012092409144935461 0.07280566238231569 0.02937157829189029 0.08680186950027352
32 0.08324728138481455 0.07494644174339442 0.0026692049137999334 0.08282143523138401 0.007840299589911602 0.06373381374533599 0.028202311224730468 0.051306143743464365 0.035578383146394915 0.05891146952419577 0.0660404277457816 0.034003601446501504 0.07187023260296786 0.03969080750056167 0.027852622917755115 0.024050563623055517 0.06903972611325869 0.0786571154387134 0.07582007396586864 0.0237180443981099
33 0.07555609023574045 0.01788438087784922 0.0784706557551507 0.05884266962683489 0.02588950171793813 0.04129085963006798 0.04142305173965679 0.08772513716187563 0.016148967929865986 0.03258223754864354 0.035416029316471295 0.05376898019960219 0.050370861850551604 0.0836072203092982 0.01728929679071085 0.029795517215032444 0.07250250085620161 0.05412682037182003 0.04601561279298259 0.08129360807370568
34 0.0577506725578528 0.028924840353354617 0.06227712744438511 0.00020476189799138774 0.09232004672794172 0.018328996829248594 0.045880181613081834 0.00234346964781411 0.004331830627317308 0.0426672386563032 0.06967026236484743 0.0630873387073993 0.09227561547945237 0.012820023927402637 0.05781208522668612 0.10241278022525523 0.033453603049801495 0.08319605312009783 0.08128205333224878 0.04896101821151805
35 0.04769339144833883 0.043433602706637056 0.0338371282963667 0.12890138694729306 0.125713146418916 0.015286207712555986 0.006088552236034302 0.10258210079741198 0.032898907359007946 0.04616141293770847 0.03500052613229029 0.024699614177302785 0.010775539632605127 0.038356575619232496 0.05321819496752612 0.041235372388492404 0.1291886714101715 0.021262827064797315 0.0506460027495719 0.013020838997739885
36 0.023245628543478274 0.07427895937194548 0.011272699209028186 0.08753260734139542 0.06899920937831638 0.057148589698111284 0.03242035422216073 0.034752263708628627 0.04614869121192557 0.09075699122801809 0.09372167837966382 0.06816962543166111 0.08271136583199364 0.015077585911465097 0.027561382444812463 0.02565193223698352 0.009328395957191595 0.07697982165453042 0.06252466200763346 0.011717556231056808
37 0.0025340681008687253 0.057580101677406625 0.026092690118664077 0.05232516239708108 0.0054659868312502006 0.08632815997688391 0.07507309891940159 0.06076688133396113 0.0948242022105041 0.10464477914565398 0.002308083037267085 0.007500225524382062 0.03546943336385095 0.06609416161577045 0.050194182004742134 0.029124686000433934 0.07639555370553791 0.019939268788523087 0.03889043493463895 0.10844884031317806
38 0.04192227476777049 0.08212563004004522 0.032606649468478 0.07401768601157682 0.00016084069166776133 0.07325291931970679 0.07902456571222297 0.0912904087558399 0.024696582128734892 0.06729421280893301 0.003895981729815401 0.006049886744276742 0.09538293956945007 0.022387933071683398 0.014452445754082256 0.09541212103632621 0.024745677860432802 0.09091855609483535 0.027719154482837387 0.052643533951284356
39 0.09536512365111008 0.03420406781907304 0.08491361204077669 0.04815974220483337 0.023506543678772723 0.009352128055704402 0.04449894569810439 0.05120750287231663 0.09168896968956926 0.017320576952960333 0.06421762119266178 0.015269951709597517 0.07929768034197948 0.05034733090999503 0.03186042202199401 0.07923287624381563 0.01448884069622611 0.05882489604613678 0.06512610372130137 0.0411170644530715
40 0.026643015723802257 0.12619021010276915 0.03054931215280772 0.09401643223271466 0.06782669934286299 0.08286718400208803 0.025546947476973295 0.08875185218415926 0.0855456903997374 0.025914072876279653 0.07357751238032179 0.008512020711718997 0.05391397444086357 0.026863275363827547 0.01664232197970214 0.0298775881861712 0.05649205765630029 0.02313826918672667 0.0022768478199512673 0.05485471578022193
41 0.020882883362463352 0.017893205417304818 0.06863145831631703 0.062029581655129395 0.11475155398539827 0.08650391429748637 0.016713582222574568 0.015542403113243 0.05118421275878828 0.0808768005390844 0.08459282339019754 0.0619189994049532 0.04068915379731859 0.04278220493325508 0.05081599975727335 0.03169834270084974 0.0017561804944304866 0.013248981079597344 0.0936279860614042 0.04385973271293111
42 0.08242015471320706 0.019800407692711137 0.0992930031833608 0.06370626617352841 0.08517094205808576 0.10366132979707335 0.07603465678123933 0.009243606816797147 0.09319791864175557 0.03296318014106388 0.02037106870035497 0.05417180350486752 0.08719995253838073 0.033950542686781354 0.027383115247453717 0.006873524829999655 0.042420747661989326 0.039931004314337055 0.018659927548843415 0.0035468469681697755
43 0.013101731615600834 0.05817097456160139 0.07222435373602767 0.02742502688748187 0.08174845483971653 0.07647171709922067 0.0819163602469545 0.08031082853167167 0.00019474424503344975 0.02945332821561757 0.03818065077405928 0.07240047979014172 0.037941415308395676 0.01943274182543244 0.08311639969893853 0.08318904493781938 0.05552036161059788 0.055131012566092916 0.012704588920368298 0.021365784589227683
44 0.038293840311183706 0.015234620367290268 0.06552512421244122 0.06348089934189355 0.016500760150845548 0.05129918252284657 0.022119971720871375 0.0011318195306973435 0.036941918001244 0.05069126507986125 0.06652236913584865 0.06483472885418685 0.08458045533989014 0.07910877112672333 0.05355500154907141 0.0854127022379741 0.08487685403776496 0.05505599251281141 0.010558672002480996 0.05427505196407337
45 0.05050582570412943 0.031066443262527374 0.04730654124562376 0.055908869460888994 0.09466128099342042 0.004746386384350419 0.039057713851169705 0.0725546417847323 0.02380017892342987 0.02801098739926686 0.06618069699913148 0.05034508545555553 0.06461292079302619 0.055067847983092874 0.024514313444185344 0.09037425476427173 0.05124952699186705 0.04771904357890175 0.04493568157130851 0.05738175940912016
46 0.08523869677719685 0.06645630404307329 0.08272356389887962 0.004601127101038268 0.05794399151040969 0.019460272310364585 0.01676730518592999 0.0599504514051419 0.06279241203646867 0.02655077452030714 0.05166130825975797 0.024434926572213325 0.008762720605942045 0.07519332691395036 0.07019109686617259 0.06198410826449109 0.05320486601512185 0.0679137740667791 0.04837957690440579 0.05578939674235584
47 0.027553764570286986 0.0032225891968121353 0.012483001965853323 0.013025085489923876 0.08235821934836066 0.053981599681230036 0.04036208218035879 0.05506935835274431 0.05838133465277191 0.012584301255957752 0.0878068342317244 0.06804072464300007 0.02072688169609495 0.07713529721628501 0.08814391734153901 0.04643640431692221 0.04735851928955632 0.08737781904382354 0.024368513109476513 0.09358375241727833
48 0.09369524609723547 0.041161642039877155 0.089320588858003 0.022159792635692694 0.015860543417872023 0.03652846236500525 0.10777676347217673 0.04905422758491792 0.03222273302685756 0.013723304056340422 0.024664972457368074 0.06464295132448682 0.07295430696346604 0.03357238416069133 0.07780420441559666 0.0023513802006418357 0.06442070722870129 0.03088253884335466 0.07555949935978555 0.05164375149192933
49 0.09042885069555887 0.029816566631357472 0.08673009041294416 0.08768957689373925 0.006175213297005579 0.01369647269873983 0.020216254428019845 0.002909004375840881 0.06111907405401876 0.1140854303310135 0.02570544564712719 0.05361469313515564 0.019218995488557995 0.11815808900483406 0.07499212022094001 0.05003981846061584 0.024831360356321514 0.013606553368817532 0.017030899153559386 0.08993549134583263
50 0.04305836195085515 0.06730305261727065 0.028456610376844153 0.0031174316003570847 0.08876757740333902 0.06478999018988021 0.06063228394648788 0.06436219386666961 0.06572058500891514 0.05342453562243288 0.05200519516966672 0.005041629148438319 0.05642978292644775 0.02477106510631809 0.0866948265849622 0.0355084598372548 0.07498623300182594 0.031102104804354998 0.0596207943393374 0.03420728649834218
51 0.07586857957257853 0.038214870037904504 0.07693196728238266 0.06716697334479103 0.06065564921727414 0.049007472835925735 0.020306237738806188 0.0441730458463155 0.07172742391414685 0.0725422198182712 0.030367517721362026 0.07880407244135743 0.035344197534454176 0.054076188981223475 0.044941008279947556 0.04983440452935766 0.030652126669248526 0.017439660940412324 0.04478478716962825 0.03716159612461221
52 0.0027549117419807985 0.04451805355850938 0.11736806537545641 0.02388709637693436 0.13269069179028303 0.025090462322517992 0.045250829004390286 0.01716101065660165 0.04231478792527886 0.12315366236854823 0.013058849305870382 0.0003458553002907908 0.009979449167658012 0.050273126092450986 0.023676652094934005 0.10486162993548946 0.008724142512510913 0.06669010167162721 0.053099849356724294 0.09510077344194298
53 0.05038632303405068 0.08652978274872034 0.03154738421232573 0.010054924484757895 0.06943767723180409 0.0636743199452017 0.07245539773030948 0.051355739544799904 0.07724453585934038 0.03912597122470371 0.029311545342651863 0.04220985113874011 0.047506713433614386 0.0757676445265212 0.0022332400936171974 0.03669275639057609 0.06451908558539167 0.06194670873453719 0.04770146942890603 0.04029892930943036
54 0.02525758820046367 0.07061208845814068 0.08738347279997938 0.067606401484043 0.03196978844681151 0.07719325345009335 0.044283985400912634 0.018742444825286197 0.04766335759777188 0.009998639390447876 0.08564914052099391 0.028560929813465 0.02871258780753149 0.06825536776101211 0.05270559031312352 0.07686667744253786 0.021324186278724448 0.03360855501359473 0.03701987703756981 0.08658606795749664
55 0.10218869348658263 0.023739580262288458 0.009037436159399923 0.06675458799245582 0.04737320662430095 0.03772171897822341 0.07661502717432088 0.08996673095432452 0.011592577902167686 0.06083195372645167 0.08246232037326733 0.049583270636646616 0.04854486792685779 0.03786597113840542 0.06471465219865581 0.05676128737011943 0.029802532819178572 0.01924378012269102 0.03703478726048617 0.04816501689317581
56 0.07331017634002615 0.03786042907836637 0.07406531470965637 0.05304469054968024 0.09604054343667809 0.0365950041476669 0.0720932268764714 0.05936792915655272 0.09726026574607675 0.0455191397901771 0.00440356046708051 0.002420676624877441 0.013085339719611466 0.10568121866578158 0.06169661829781859 0.026741847913957714 0.021684376368778905 0.09410982027276472 0.0027215966496980924 0.022298225188279005
57 0.035889001597788066 0.08853010591943929 0.0752456565687807 0.07385600720889697 0.030492664650734264 0.00021139809876342738 0.05170885972095547 0.017891929048554408 0.03403504665815078 0.04238962898146229 0.06614928819546832 0.0037862026184993774 0.018361116347159836 0.09221674079802393 0.07239534961667425 0.06299646070547735 0.03225869321631769 0.06477431350252051 0.05676299559303094 0.08004854095330195
58 0.012856184359551373 0.05503805705168334 0.03234003592517673 0.03526871461213131 0.09875291828092421 0.08162305997100464 0.07128662549344887 0.06981887894515587 0.005556290043881111 0.009688549726605164 0.03195888455498438 0.0930122987418144 0.03079816840193437 0.02860452153567434 0.05798495517475732 0.06365080424907275 0.027712660374188094 0.012069698807623042 0.07740899534810364 0.10456969840228501
59 0.051835874257199425 0.06497065316176873 0.07803256892714867 0.05080887592348784 0.06323026593742608 0.041036635230695846 0.08174748534083078 0.08754911217967964 0.032357020297361316 0.0010292802634297004 0.04280986696115884 0.0522561355729293 0.012287544265111276 0.024093445664781117 0.06022577524115029 0.041511522589905626 0.06362865776393242 0.05426183908823236 0.06983976710906964 0.026487674224701132
60 0.06359243858648586 0.021849971346630557 0.08472991435050382 0.059026234472514996 0.04385419253823731 0.07412276488591384 0.02479323019625566 0.013887256324962925 0.06534694956349477 0.03423625524551319 0.029676633737176935 0.05248836444243002 0.042826895185938206 0.07457958293899808 0.04254769873366063 0.0674864910226235 0.060228253531416795 0.03148899058127034 0.05543165169089738 0.057806230625075096
61 0.08018028176415035 0.04407459722080173 0.04493996726730346 0.02585282699886284 0.022385310650447375 0.07016497886364315 0.05047345380393225 0.06604155296104268 0.020820049499176374 0.05880455794095916 0.05925509590287699 0.05395864099189127 0.015607908879592944 0.09313880271721739 0.04485453304044656 0.026392416907403078 0.06174341649689688 0.0520000941169483 0.08347496518725141 0.025836548789155738
62 0.0519947612379138 0.047539119364251016 0.031005718953468205 0.06246224799829675 0.056918508933367154 0.06397704303626926 0.07135208671491655 0.07455069256118972 0.015486964447611213 0.058924213890168484 0.007018538061422789 0.042887421887770165 0.05853616102372806 0.07607407087059713 0.04216584059358592 0.032192139234265574 0.05831791466617821 0.014310835762339725 0.08092680830784621 0.05335891245481417
63 0.00017622958104001807 0.0499242078293725 0.08581808552323072 0.09028753301780529 0.039817986483880324 0.03011586502712376 0.06368823669721453 0.024736701511479695 0.056772212242754576 0.05484499670211041 0.017144625082813527 0.006382415814082139 0.09848501716917435 0.040997340824854005 0.09361363732374382 0.027059107308356024 0.023576155315938457 0.0947624236823773 0.07908572668150457 0.022711496181144084
64 0.01977727443468236 0.0825482975747086 0.056003076526782464 0.015242227066730863 0.08141835939341026 0.06346669227998941 0.008856480093119566 0.048795210188673145 0.0898339195197104 0.060016884027304776 0.0366351400735325 0.07436359068566542 0.067732973300527 0.03372032974681082 0.01645495407645084 0.07259369604722929 0.019007817112785208 0.027994120612942888 0.051061942116316525 0.07447701512262782
65 0.01074224598627854 0.050881685452055674 0.04173979872759275 0.022368814803972334 0.10546927310815049 0.07979685572880328 0.10799308416592972 0.057736043199105934 0.002315716943079006 0.0025556728321276616 0.017908672047245843 0.08273320667524268 0.03666890966989623 0.07019873808173224 0.07113055455375046 0.022698631382112016 0.027530009137550705 0.007132125613771507 0.07268340039683474 0.10971656149476819
66 0.07428285129978303 0.01497931749067592 0.0002181426261177785 0.09119273757457894 0.005461915779553483 0.04031715243026107 0.08593014162993608 0.03740299181600159 0.03986649848859964 0.036758275540201314 0.05506678567866158 0.04484732263837193 0.08889382338253504 0.0211800039450746 0.06907008860412919 0.07575894006920321 0.05410877827261551 0.02911683954477443 0.04278150060633234 0.09276589258259339
67 0.05932893688030641 0.0768783681244342 0.03248447683610531 0.09676879036651119 0.015090974670340537 0.020102435214678933 0.062018197406122764 0.10455970718197415 0.003547620930876812 0.06941541333088641 0.07766346017932815 0.08608017698302077 0.0010982846378081769 0.022781435414934735 0.07622390578309625 0.0019215450126919705 0.039986298398607796 0.03130762654788526 0.09796925653763328 0.024773089562757013
68 0.04343696638902855 0.03966145466825957 0.07265592113438027 0.03552448962210443 0.033719592744316476 0.011704199544814822 0.03340303731648611 0.0747697793519741 0.10023970000154812 0.009153296706787002 0.0665324056120928 0.0766802663335256 0.07893715367491645 0.05516664191844145 0.014442364974695782 0.09636323679828987 0.04070316159110713 0.005902876024714318 0.01260681789753384 0.09839663769498337
69 0.13237658549377804 0.01510956470090066 0.09114373685463437 0.02611030893061953 0.1035830340672385 0.016902290774473756 0.008797359285700171 0.03995659757339282 0.06590358620874304 0.05342096333132 0.019797220035003574 0.07750965816141235 0.0054254023900759925 0.066207887717891 0.018597713641333946 0.0846062929310014 0.033043998203849775 0.01642105446562253 0.016949247041469273 0.10813749819153937
70 0.021298471728471494 0.05839263155140039 0.0722107822048171 0.020493789377707086 0.05209479689719053 0.053229865798482434 0.027513281416364305 0.05500661040733291 0.08798639654325105 0.02494180210609394 0.09236956829569679 0.06606287111106736 0.06436350437705199 0.0387288671503292 0.0672347907123476 0.04776676072342179 0.0487153906530767 0.012964920820384406 0.04617067220679716 0.042454225918715956
71 0.06947675052954597 0.0790359345567475 0.08513275732375078 0.03514066206162057 0.05636341402723867 0.018932072760014445 0.08616035451657242 0.06087927767006541 0.0290916849861196 0.018685735981851123 0.07602444039717073 0.06431200378718316 0.039926577591276935 0.031772892017828465 0.05083374289172911 0.013134993678765732 0.05373143597416767 0.010695492035296636 0.0925338036297492 0.028135973583306134
72 0.03212738000421913 0.05882344360394965 0.05010771358997482 0.08128024292437235 0.009550893589105366 0.07617366097211634 0.016306387677175776 0.08763978976629055 0.08061773450081315 0.08219598004000976 0.04824936326891842 0.08419424571595022 0.05467580256435216 0.049124691254787745 0.022850311952130036 0.07114075057550684 0.04664509030539923 0.007394978113324404 0.0029091916610228556 0.03799234792058121
73 0.09250874538272434 0.022191105996607428 0.07331862826452243 0.02301425632561037 0.022699830883491135 0.07907686578374717 0.035917158056951365 0.06460577602387174 0.045031395300678984 0.09101265763928916 0.023213097814083723 0.08834711148136873 0.0410920235463584 0.10235900031539054 0.030840211964168623 0.023773270927037057 0.07814112733974247 0.010742425826316572 0.029239654313832252 0.022875656814207675
74 0.03632856529604558 0.07540136738776647 0.022826437736047808 0.00019448405139535832 0.03764878407421296 0.03710686612514647 0.03739065659413562 0.05586432020073727 0.04789676242872579 0.08264801919467879 0.0370501150972935 0.07586251627932343 0.09529897685713802 0.052536640443204025 0.014314412419724497 0.029483683294162035 0.07355634747528722 0.02946289256366795 0.0624756819977291 0.09665247048357793
75 0.031105752823657087 0.013820698758536082 0.07789231557838693 0.07366878111557773 0.061815435683854614 0.015307803197695884 0.04150551075922113 0.08304329457590104 0.06940048645969486 0.02283087350309856 0.04937448182771086 0.07473139252942411 0.03530413601851251 0.01974866913672721 0.0007905181855517728 0.03499908622873842 0.08466697023670808 0.0621506931240335 0.06325097513330964 0.08459212512365985
76 0.04562898419013142 0.0839414256843974 0.07320973873170293 0.028485648983191603 0.04651621289972615 0.06859478686441474 0.05525954445895401 0.04739803046783544 0.06037811075749567 0.06068818263493031 0.03768242681667269 0.010870264586274637 0.0532252242710351 0.07415909397854745 0.08282347798515712 0.012805561550496834 0.057762225622165334 0.0195341390140087 0.044299717703343934 0.03673720279951836
77 0.03124478746976858 0.08952843820278583 0.04187312716477642 0.05482316993191897 0.07309261375733161 0.0657068564532748 0.028822058366529728 0.002970390344520393 0.06176600000141019 0.07101268283387432 0.05826486390324633 0.06695352022065248 0.03960407032989694 0.02495049823372999 0.0816828806205917 0.06761355874068084 0.08588270735803522 0.01231556790349426 0.011784456405961707 0.03010775175751969
78 0.010248948671106477 0.035684535654339884 0.05444987028246007 0.09837762339661378 0.08558594936364301 0.07966037609187197 0.0612794163385617 0.004698764553800341 0.036604396930305955 0.0970858468655242 0.01160068566365994 0.09681158086904523 0.07359458445699006 0.05885438397008014 0.046561591450956036 0.029810478141546956 0.030896137696626663 0.020559288079779383 0.033440383674807235 0.034195157848280824
79 0.05153836649486386 0.0011975368299971503 0.07910764728408826 0.002477844086679097 0.10719672066239154 0.05725585489364036 0.055897658852578205 0.01579246691002797 0.05353942636773188 0.037623913643581954 0.0900948604629451 0.01880226511002792 0.011630859790115345 0.09491695449876178 0.10057081241341108 0.005634541762044063 0.04197211693217632 0.0968890450470626 0.07556120229205297 0.0022999056658226987
80 0.04268097417831232 0.07699995786073682 0.08718408463052556 0.10406653761874038 0.1232736879513765 0.020789275381227997 0.003943192183054522 0.024066614561682804 0.0048611948191055205 0.0789178173740139 0.09185748423396571 0.017867137164763017 0.026427359143361532 0.006625391093564637 0.033648566283008094 0.04094577881823226 0.04051203094434624 0.09169536728456686 0.008766716765459337 0.07487083170995575
81 0.05604401467956965 0.06986329695448186 0.014359737424494496 0.05814689623502617 0.08933895472320416 0.030339242884634156 0.016380770337146876 0.06468763255127145 0.010411842349482352 0.0986916854386584 0.005764837209066338 0.006951961174217638 0.03134495981406826 0.025209607475441438 0.09493450327056309 0.06479163072079845 0.040100749207671885 0.056007707438171225 0.09548576624146525 0.07114420387056697
82 0.07746182266879516 0.11698993979969387 0.004083803509160495 0.022588599972388393 0.009402435459496348 0.05303270664298641 0.04563667135585949 0.061747248900984486 0.04451775624629464 0.031010785297381684 0.11164850395251794 0.041090218570731606 0.11291253896708382 0.048824101282300754 0.0026900593828577653 0.03415165303018894 0.04087655605880815 0.021112286706267608 0.041082074478857374 0.07914023771734516
83 0.033750494044422465 0.02941572842464433 0.06093975535806615 0.03254921947566902 0.05128572393006595 0.06873769020865092 0.01604232568653017 0.07521786561591103 0.06364766412007619 0.05659545730132871 0.03943095719347524 0.04919039607075537 0.030427590681201287 0.0020226917505845395 0.0844080361888709 0.07108824395506684 0.018073839504823885 0.08853461555262164 0.0856917194870777 0.042949985450157734
84 0.06054359846426294 0.07856892060404337 0.06770438967144196 0.045364559544050276 0.003009966092938408 0.02855125370263694 0.009685194805661917 0.07459110871130772 0.03814031932008877 0.07833597198603033 0.09156761519266099 0.04587820862760197 0.04703367326774661 0.04582427621472875 0.06989778680634784 0.045885583240555465 0.004422091188427971 0.09148347110803284 0.027472258939943876 0.046039752511491325
85 0.019429404971530773 0.06902685848894588 0.07982015549003327 0.025139918595236607 0.048374973413056285 0.015143026921212768 0.08566573026146863 0.04304562176440025 0.008986537568621774 0.08888467974085326 0.08404777165558618 0.021246047281782327 0.002421078287821467 0.05653978075253098 0.03641516226737331 0.06345345054601012 0.08682766722799129 0.062449562204986736 0.04391689331060602 0.05916567924995237
86 0.08286088215963593 0.044059168252317815 0.0368387433132429 0.05417978710400206 0.006692904654869527 0.04779983960587136 0.025329543432092646 0.10687616296126562 0.09373923253492089 0.09970296587433006 0.013546021161427257 0.019488526449603197 0.008052293456711076 0.019366122767511346 0.053044945471998284 0.01536743120926332 0.050904675505755434 0.05477585212726784 0.06320444065183238 0.10417046130608103
87 0.07533788874825773 0.01813499897933333 0.07492295196670028 0.03035964534838293 0.02749013670330084 0.10015378838115026 0.06366904175353853 0.03445097692301243 0.09340204515975953 0.03653000731640738 0.024451659567311802 0.04852047748458806 0.018190041866251557 0.07360809738048826 0.0259352748075622 0.05585199018029047 0.001913569443215804 0.020131481840582655 0.10155085251758618 0.0753950736322798
88 0.02450378962772647 0.09895872633871346 0.03636261782482512 0.005239756142946081 0.06274843769731547 0.08230597821658103 0.024743118432737465 0.04351191384710249 0.018651763734633498 0.05010941954141214 0.07255478803922218 0.033940759879096505 0.024055674029513953 0.04194016405512874 0.09638696424183955 0.05734872795668632 0.11331739661857818 0.0010964056952344368 0.111837562566721 0.00038603551398574504
89 0.004021776383980574 0.0063387342644603255 0.021364625564205944 0.006205543923855524 0.045796127813518085 0.07933705609285455 0.04269993710823939 0.07844861698493338 0.08967003813537101 0.08271464066170894 0.07132631228313564 0.054063438245428315 0.07027910999358684 0.044224175352749875 0.0345832851569997 0.08483882555073925 0.05123331686813594 0.03280043882170366 0.058542005537666836 0.04151199525672615
90 0.03861758022490297 0.05451615627938502 0.0327975472339299 0.049922387461709766 0.04816022506773198 0.030237400912618548 0.0677347341865062 0.07062007383461068 0.062853762428288 0.05654897196193588 0.005832685522042391 0.06539217882471855 0.0017926990562588457 0.027598412966021134 0.06726638707490906 0.08514976067250764 0.08524628106565728 0.07501054172150703 0.0177030410008659 0.05699917250389327
91 0.08929275079565785 0.03629679985224458 0.10885772639523925 0.04834119128247643 0.03532503522424637 0.06594931346988916 0.05080634540771852 0.023852546997113432 0.026374334340889285 0.07054202723623218 0.05988295312438544 0.11537643932646383 0.019803182331575516 0.0007909567155822738 0.024700373045224037 0.0013409026017716554 0.10009558598843446 0.05809627768984781 0.0338404996243063 0.030434758550701727
92 0.08970750935202222 0.01665489770365663 0.06312316761681282 0.04430014489537985 0.012975612881368679 0.03937059566905169 0.0501256803597668 0.03348001887959949 0.01604968040101886 0.035030841701726614 0.08282549405321436 0.03834057898620705 0.07301402656955124 0.05207264858379593 0.09451195334105891 0.05393893938747167 0.032058488888729565 0.03920736806831479 0.08011478113854628 0.05309757152270671
93 0.0830249334283398 0.09578242408240027 0.0781728807086364 0.0915685792080801 0.07066268179994861 0.02306393677679555 0.023153178183745442 0.09301201718617261 0.03972729704083065 0.007716089473454368 0.0010767151383355483 0.038587755775156767 0.06404445211787997 0.02291714721758756 0.08878157483183809 0.031340169310121506 0.030099057961960902 0.07863061258653653 0.017171840849883036 0.021466656322296506
94 0.013934133073512817 0.07104171598472428 0.0198404492481147 0.021071356531908225 0.06941053836399312 0.08904297009549648 0.01737615627605138 0.04574314627445176 0.06100532948293353 0.0887755102253019 0.03867179189086176 0.021473471987434354 0.0902011208407466 0.07212423433778246 0.04987335419146753 0.0314876267170592 0.028875520222532057 0.09998198686089531 0.01838799950933451 0.05168158788539809
95 0.0758236247787823 0.06117211177711345 0.053802093926925816 0.032866280915744214 0.05850646467775542 0.06866865095521583 0.025991953823770196 0.07004577995027038 0.0030218440291560353 0.05646438263484311 0.07898601517653475 0.027550070426809237 0.05160039996047564 0.06948075562175196 0.06145140063859185 0.07064368907574334 0.008958884246164747 0.04107343041135304 0.011932769807391247 0.07195939716560756
96 0.08043975216016509 0.025450759100514836 0.0954129841935207 0.06239308619704143 0.04973576754552818 0.02081423524929344 0.010422115039743622 0.0926064455924497 0.0185144163578339 0.03014919021553264 0.08177577545956043 0.05197565819014757 0.07965580646411263 0.0321847876181301 0.030041591849399887 0.059036026366935286 0.06240858069408792 0.09320356145019681 0.004005406790110322 0.019774053465695347
