0 0.02395210171284847 0.07878911090099514 0.07816087214303927 0.012396214447647675 0.08258206096860327 0.009098033159805598 0.06730424192327147 0.08482128615162145 0.07547237221663214 0.01487893868023242 0.07477821613449469 0.02891286120555042 0.07913067930485111 0.020377395258196308 0.017828970740297708 0.024779182116210115 0.059331379839516286 0.060905838696388256 0.06777657604293169 0.0387236683568667
1 0.09909949241436833 0.03820522858030096 0.01068201616619835 0.03465676141040693 0.01731111838020093 0.06477783001526767 0.0885918929038301 0.008591118656991342 0.14545508838287197 0.01729098787125137 0.07957321035380253 0.006408511821638266 0.09724012260416004 0.09621084381260404 0.07493165124567902 0.008601514978805192 0.004707735423458202 0.00029165168934355563 0.10686743288896 0.000505790399861364
2 0.01778433223556181 0.04730347186812527 0.10293079811122008 0.08106612193501285 0.08566608516251195 0.09658636041514655 0.08352177294199814 0.0206820999797288 0.003273607520499159 0.09306478217574203 0.10054311333423356 0.08297396385465963 0.05919356607591112 0.01996835268434365 0.018744049750323562 0.03455088913872208 0.023068831249490652 0.0016843491207398959 0.024541847792695987 0.002851604653333192
3 0.02533208196720734 0.02689589458175601 0.06750566502994286 0.09032752950168427 0.0656503975556255 0.026925780564986287 0.04923380997539964 0.07765471806012111 0.07263225807427039 0.04334142950662351 0.08243544453356282 0.04910127144537051 0.06743730861329267 0.06039328668741009 0.028047692992273696 0.0835730350456714 0.025435230129772224 0.00976415404453161 0.04316597749381257 0.005147034196685379
4 0.03466010611449124 0.0682550507135625 0.03654420125474524 0.07703698969674744 0.07601715323856496 0.06321070739342974 0.048933232309216194 0.01478713324718991 0.016384915611742656 0.02695861364894572 0.0672008898586762 0.023227494781615385 0.07977601289104144 0.016166687615345374 0.06389739258004296 0.023364456735362023 0.0651969561370163 0.0484731684852221 0.09256209320154692 0.057346744485495545
5 0.07255643438268222 0.008840537342465994 0.06437647296994614 0.0651807767731243 0.0583029613810087 0.07419924030514102 0.017351082229686978 0.07683922771450762 0.014739816910835169 0.05704873482199526 0.0710129491113489 0.04368096691865337 0.07576873060290137 0.062020484877551234 0.04795437334171244 0.01957111796174202 0.00036373270578455907 0.030703096410285423 0.0679077168427062 0.07158154639592117
6 0.04453903687983608 0.0041436928200908755 0.0682669966663956 0.018541110929132222 0.0739971871334393 0.020667862898174984 0.07282134412108644 0.07766926224181384 0.069127600336133 0.04556134703863043 0.03732502551477788 0.05103083642747048 0.002713139517281658 0.09421386834583992 0.05169726333698846 0.09014362079865645 0.03229304564659838 0.0031964028184877794 0.09621666196107702 0.04583469456808929
7 0.011879952309580225 0.01148552601487945 0.07688226858432419 0.10176252000833841 0.04015530714946558 0.051553622414542276 0.07353093679878238 0.03951456461518069 0.03858526089190563 0.05456283776427936 0.040366080346726334 0.04268719977228687 0.021962957938692382 0.10417480781118628 0.030369599940336053 0.04257867582280142 0.09580380477766377 0.05538989586900231 0.02020708086944665 0.046547100300579736
8 0.0763202246072099 0.029171338083850376 0.014826001236425825 0.004501592057507676 0.07210706576160046 0.036185715788541864 0.0526461157525047 0.04278044671784622 0.05624894751472438 0.07025221567724974 0.05139369435502294 0.06543266646470264 0.049222058890474624 0.08349190855394373 0.0673983104221822 0.07769544253636633 0.010191702977996769 0.06997093430693524 0.04341551256245667 0.026748105732457714
9 0.028210051284944748 0.05225039854849971 0.05137895364494877 0.0036881735698870194 0.11037733478583779 0.08475601761729296 0.01513392996295836 0.0455289899645403 0.01594212608251455 0.0452448541385947 0.017416715884458128 0.024222270789357427 0.08745440096896653 0.1081154629955141 0.04732677912330992 0.03616359062630716 0.10363827836467988 0.0015318697756482326 0.027720833188444975 0.09389896868329445
10 0.06428381789424839 0.042372252758291866 0.04711374104378814 0.02411646420730727 0.046016939436194226 0.03223403164777741 0.0628746321101434 0.0335320085371276 0.07381147184298291 0.05305940216727705 0.06290556896159524 0.03593534411927419 0.04410363522280682 0.057138959760571977 0.056268671718567545 0.07161676212363895 0.013281122063916417 0.057735572750103444 0.05190207814305437 0.06969752349133275
11 0.022199856754347637 0.009021127035566573 0.0770640445557211 0.07870765158116091 0.03468206118619574 0.06460600572939851 0.11053445743317929 0.049837615938200956 0.005673997470148132 0.1194898050571698 0.02889016975770085 0.04877010652131287 0.009269961338788768 0.04791643017195947 0.06684335620810876 0.03142041080857296 0.007642499167861924 0.1108010354104142 0.026422327993747132 0.050207079880444226
12 0.012262112202802732 0.07662934866842976 0.05285437241481995 0.059013641330108196 0.004733380319293352 0.018980000215051994 0.04820334648537639 0.05559438793069771 0.022707619376127107 0.06905477707164069 0.0895955902429455 0.05340896397298504 0.053169758962192976 0.07550320063238397 0.06143884317204697 0.030842894512541293 0.07897717149656776 0.013574135231930769 0.04074216568120022 0.08271429008085764
13 0.00015525123221941258 0.057785767421493196 0.04542707924214238 0.03318390602756698 0.01557487198343485 0.09224525447950047 0.03255297203755433 0.0369899871283678 0.0672106436542553 0.045208150672264164 0.08153133411121757 0.08610473460387133 0.06584421825803166 0.0913553751671373 0.048023583784262094 0.059985417878286686 0.005321841890909266 0.04983068352693739 0.05656583605499548 0.029103090845552494
14 0.019338044269940655 0.08428567290502197 0.04184435224416267 0.010072038308964984 0.055323773105527205 0.06583340884804839 0.03486612372846584 0.06901321078843467 0.07487107305206878 0.06108599910981762 0.0782763404467168 0.055926423029485986 0.03404648590548707 0.025656678835416082 0.0814773402279583 0.08531500267900431 0.005607893573270882 0.01971953933384438 0.020921599983807986 0.07651899962455554
15 0.05882679050774079 0.04919573463346526 0.0839846901943419 0.04276078856376193 0.03651223496429798 0.025015461615192226 0.03470454257490403 0.07726764804299138 0.07483232973128984 0.04822455048461702 0.025825758953397313 0.040253692209298246 0.07021691955120585 0.08082298959443675 0.022627923793555164 0.02872643469274107 0.05963308577288796 0.06773042041736448 0.022340850297181823 0.050497153405328926
16 0.03191304548713912 0.006220386750224812 0.02885426383849171 0.03661644585937966 0.05453042905405652 0.06812580260324089 0.02231694544754302 0.08496661260906575 0.04121604502851163 0.059012306536686786 0.07721106497568701 0.04103053816722792 0.07468035275648832 0.07963067730583336 0.059748221362656374 0.06792473201246146 0.05627134554640799 0.05711702549998748 0.004124120215509141 0.04848963894340103
17 0.07666030629516919 0.057743807735344696 0.050070874783407035 0.06421470132153774 0.04371127257414587 0.021897838435200122 0.06889359294193617 0.017744181503382094 0.03409424004287921 0.08385005812581027 0.0035175770147439197 0.07899131271879936 0.07222377124304062 0.06678533557217113 0.04635392236176432 0.0035749111974738767 0.02963665464323531 0.0698533731041196 0.08283122702571265 0.027351041360126813
18 0.04997321426076323 0.025992424605545503 0.0012013565974527448 0.007327598644435965 0.08830920357185344 0.08360299430265271 0.021120781126914536 0.09058044882339594 0.07302467286548148 0.024775223720108597 0.040186627441135374 0.059280403878891316 0.060018592369371015 0.08113902035967348 0.0449592776820561 0.06313331405359968 0.032836507700674006 0.08249414480709012 0.06835578241828658 0.001688410770618372
19 0.0752488632152958 0.06255767185815983 0.06477931810694994 0.07173226334324581 0.002648319788180512 0.0866410600677074 0.07247080853553567 0.023083994717072644 0.08050941909691393 0.01532975954600266 0.06511082594851243 0.08135711978542388 0.011660820618968675 0.012691431412113704 0.07068500552558146 0.024413751063956404 0.052007047003626135 0.035304744708984835 0.04305044508291863 0.0487173305748498
20 0.07402214427880038 0.10215027633732293 0.025691631593770227 0.026194677432882285 0.0951963187432612 0.050208773549369874 0.014708338125807926 0.015477292799674398 0.01056024639548846 0.03138352956753176 0.019784801186852816 0.032965285871011475 0.043428785378704544 0.08989194114566675 0.05188598425634559 0.10467045641594938 0.0812623590700957 0.018238724757069044 0.0716330472111484 0.04064538588324696
21 0.034122497378744156 0.006315738151669648 0.07407656011256275 0.08232811822744869 0.08356687180517662 0.06365146272414643 0.014243333912150748 0.07468064380157961 0.08755267305210968 0.007850315994092538 0.06753014711852176 0.0097584946828677 0.04790585434571091 0.025241298035222796 0.07576717867154736 0.05304078681466453 0.042419768217296976 0.02992531219547132 0.05417325450279788 0.06584969025621773
22 0.011289732303455018 0.00827179918348388 0.07675426571181906 0.0032896099325593615 0.04921417907727115 0.08412434178646006 0.06521897480824032 0.08010931367201629 0.09391587864149868 0.004564557937611634 0.09320554861456681 0.09116669115213868 0.014647218210564408 0.004283023970054161 0.03296189009673091 0.032338240529639045 0.08840908650483285 0.03908001513037821 0.04814025480903288 0.07901537792764657
23 0.08184176445266197 0.0752273123225436 0.055762640524448334 0.0392686850158148 0.01041223184447537 0.07420859395640898 0.03146482409722985 0.01871939587559526 0.06016448770726397 0.04485549171817389 0.0535642796128136 0.06208008968130388 0.08133781049084862 0.010407422204027413 0.06702940484789195 0.03391294862877001 0.06768068508150343 0.01773202119159191 0.0784804257318714 0.035849485014761824
24 0.009675667937296227 0.04106445906756335 0.005189353708552572 0.05181191858594911 0.053598037647769714 0.07073350340828824 0.06119465144913357 0.06435843703713774 0.09698260951835683 0.053144529493393364 0.08942812331861472 0.09677763291244336 0.09690064261212558 0.08211216853896953 0.05029671890398661 0.02807171611375234 0.00582679800468106 0.02956472277192266 0.0007438697296972233 0.01252443924036619
25 0.0874193722920423 0.06937021444552423 0.03979546190417123 0.027923601552764174 0.098112869510011 0.007860276693447578 0.09861686227011912 0.04636587175609527 0.046876393025556774 0.016673645559984435 0.09659635561983168 0.08612265693237577 0.07203695040497336 0.049295560908554636 0.010074337322120808 0.04542742733860574 0.0030729691100947224 0.04449697893368677 0.039799770961346535 0.014062423458693853
26 0.03300781833163396 0.06373889006586919 0.01613177066434673 0.0687572345525146 0.05945310897443555 0.05719496680212978 0.06851612026954673 0.02284177715482388 0.07736738753590683 0.02927462945468979 0.022373786153179025 0.07648325947955782 0.0767898024185333 0.07077975508804175 0.06395459549066314 0.06392124582445838 0.06619894985551703 0.024544306108520396 0.014318142407664401 0.024352453367967656
27 0.029094065843911346 0.05283667043727482 0.05788959222087477 0.009063462263327169 0.07648231539327778 0.06502540417024906 0.07411028112976852 0.015885184291215985 0.07503636542480041 0.005147855411343528 0.04140573781251226 0.05918848316646439 0.06440340774659051 0.04895595875763986 0.039151501600093896 0.05845980451563275 0.05028834693571066 0.06190821658641571 0.05415093630478057 0.06151640998811593
28 0.03311479430702504 0.030947312946979326 0.03570351986268429 0.019767998474088066 0.04290780003553639 0.09761503673058379 0.025387394291451097 0.0709307750270535 0.05170054344090654 0.017973564685463583 0.07633655947538685 0.06917090867453994 0.05300448453804009 0.09017952296023488 0.06476678889086132 0.01732724232818874 0.08962539560581738 0.08553301284135258 0.02530765043507817 0.0026996944487282424
29 0.03629080059413548 0.061113778888400874 0.008786702525850997 0.08233879199220778 0.08387130791504568 0.06915334365733367 0.06172168696375956 0.04079915934046535 0.07327872746870966 0.04380486837476649 0.031133302488489 0.04872675682997438 0.0570939123461273 0.04171825757016464 0.028470397899634313 0.02019255873465552 0.09154502661651359 0.06615674240477164 0.028451570114772937 0.02535230727422133
30 0.04297117493379595 0.06786315978599725 0.05430695660109183 0.08962537068715463 0.03390854694432659 0.0100194371340406 0.06368597592091133 0.03848635466476113 0.0023736272827579443 0.06551277703390222 0.005987851433714487 0.06062456932545467 0.04446544046678844 0.08585599815959254 0.04549501588474579 0.08131641984309461 0.08743120909956383 0.010505654616220241 0.071680320638116 0.03788413954397002
31 0.05270061820798918 0.0054238540904081685 0.017525788899522766 0.04960605682660417 0.02352706749896928 0.0065708866839447886 0.08858722258033357 0.061536527101701384 0.10880913398400242 0.0609347480248238 0.01397944679076506 0.103170409632112 0.021780047395326622 0.04024533032672571 0.0450646871455531 0.09275294990486942 0.04083508942763878 0.10325008042295035 0.028659532961950732 0.03504052209380884
32 0.032132004316814414 0.060976877747570865 0.010791428168589483 0.05705020577145209 0.07299346947979961 0.08114042687230297 0.059635483555208674 0.029860264085764577 0.04207994080139358 0.006104748589977434 0.09375599623743078 0.08182784720939831 0.014744650072766423 0.0780071790711509 0.06981653844430635 0.07641150804849604 0.02885360598719583 0.09351974483618139 0.0057316874118712195 0.004566393292329286
33 0.041090203675499544 0.0058719481025512315 0.010012286960623321 0.030292608366641126 0.06583776551364492 0.009460153956983231 0.07963792027850716 0.002913227575705623 0.11914485238834865 0.05094106638675051 0.041954963581799676 0.0039852831448170456 0.11716368744732601 0.003276064270278966 0.06557352156318333 0.10031410685649925 0.07779397997324013 0.017751380788935216 0.05870801291894358 0.09827696624972146
34 0.04429361438771815 0.06696190207369239 0.08525977657290808 0.07713075942195664 0.09740423359553056 0.019897509456418806 0.026931700497829433 0.05714002075108615 0.08420961338207923 0.0017256706953571819 0.04200946039827789 0.05330183233873199 0.013346437087761908 0.022727652025802424 0.04833622696886454 0.0032214567185632086 0.10391470257611124 0.08514307023699963 0.039842845838168196 0.027201514976142573
35 0.03120321923160713 0.008575340572664928 0.1324347212602547 0.0335289990295592 0.043183561878940145 0.01801125344452906 0.0963674436912073 0.17313194913473764 0.07995016421407888 0.023152353381968745 0.04007067891902169 0.045662141319278024 0.034217204096889796 0.004248006807640435 0.022647168086198564 0.0031075963700745767 0.05212671914436806 0.09932809232036469 0.005187054866506477 0.05386633223010996
36 0.10297107652623566 0.06146304310694097 0.09227812787698667 0.04516870718193939 0.002851938003672048 0.09551067097408561 0.06251949548353074 0.08932282727315626 0.025092246276436334 0.022937117264679494 0.01004421110162315 0.06217958259329946 0.07903375859758346 0.05745675698149812 0.07778567225292493 0.002988730846846656 0.00032906136281138685 0.055491042455687374 0.0206728339064789 0.03390309993358316
37 0.06486309494369039 0.07866506981405606 0.0320276020795062 0.061357413193868005 0.08762523849391066 0.0794074043224061 0.062460517155671004 0.062404868972771005 0.0444639518393864 0.014382874563808205 0.0159108625386281 0.010198395718667218 0.018548180955353884 0.04594019092333346 0.032710454686290254 0.04727731729991117 0.053810938319620784 0.0700985939514422 0.06982324490132087 0.04802378532635803
38 0.04306243331517807 0.045466642590622955 0.008383450328897871 0.01015702264639505 0.10911896126845107 0.02349790321705412 0.039791041768121586 0.043660059030535346 0.08123407024572232 0.03999772154604775 0.08971653840475576 0.10671340427898483 0.0384939441803874 0.041666778896584204 0.016130362325938376 0.06252407522446174 0.04032825644622273 0.0739554917110116 0.05320228665970026 0.03289955591492706
39 0.08501857425995564 0.003585891054441103 0.08107589500871239 0.049053607676169564 0.07222233682674366 0.09095552054106086 0.024186240154684787 0.023829599740758173 0.013261424506635361 0.11177161364392788 0.04890032110075174 0.0005418143210357955 0.016004236474878822 0.006470480717302898 0.03794889360935992 0.07587446353008329 0.044583022377207 0.04388742612202954 0.1130219151928855 0.05780672314137617
40 0.10684247435172267 0.07458768656554285 0.0967107581617856 0.04711167948535177 0.03742359447544383 0.04417508781668387 0.020997802271727553 0.0241143191910728 0.08649706433157628 0.06444528406203784 0.008694375884138874 0.03765156656614786 0.0310364735970328 0.07681529428211625 0.02264366892775141 0.007281136376158211 0.004264291531794504 0.08881567751745237 0.09362273585614865 0.026269028748313942
41 0.06968570713346654 0.029627622200217543 0.028463758675431328 0.019901254075922907 0.043605035442843144 0.0018800050527984428 0.011534485071603559 0.00676115619829672 0.09107112013746363 0.04306630347901192 0.11734719618399425 0.05832233410824724 0.023599749110419125 0.030007159364463555 0.053524246394429965 0.03845392749895293 0.08785719235065705 0.05774545575144247 0.07633429538632705 0.11121199638401057
42 0.05074190469709161 0.07934162918614066 0.05216291871463374 0.06523114523062168 0.09028574405521642 0.07061890285769123 0.037810428543026985 0.06700224439606317 0.055054869665588424 0.01257159358593448 0.04718571217906771 0.0067858580435865784 0.025983105726209158 0.06794094035203446 0.023063418640162845 0.03360317231655694 0.05687074659063039 0.07835678766994751 0.06346450361414978 0.01592437393564619
43 0.047696580281528234 0.041653749640288694 0.10009620875647082 0.107209559298149 0.011132148473638734 0.059422480529788005 0.025658672021677438 0.04749903445886225 0.041863996218094106 0.1052253007095645 0.05221160462173377 0.006471467362108407 0.042097141273610375 0.058800466765588644 0.08460602868193093 0.006550800210432532 0.03000707787478531 0.05711160780959018 0.07391278377993235 0.0007732912322258401
44 0.06764065730759306 0.032367563100955024 0.0024653024796583373 0.012797229236627447 0.00991972584607294 0.09730328764796772 0.021626277085478148 0.005169392561782968 0.07195344709737117 0.08888738671114635 0.038052571722221096 0.10890986775348832 0.0006491949583259694 0.07507768618768178 0.025129860842472283 0.08367404921374128 0.05740575389370226 0.1153320464842245 0.038340847322513485 0.04729785254697559
45 0.05926612531119768 0.05768776608949894 0.054397117434941064 0.06832800298878994 0.05105410817044788 0.06568860787265234 0.005231007276075927 0.03743387950043553 0.03359631023999879 0.003998811801887761 0.038985156632843014 0.07152663892096121 0.07122470901942644 0.02705112929770977 0.053990523689268016 0.06393351253528902 0.0022957280220326946 0.08103257865884804 0.06960377309276441 0.08367451344493144
46 0.07392355204551178 0.030944795112749567 0.07999080285702816 0.06084335295784561 0.035102242806759866 0.03384105413963142 0.033978133796649386 0.03326912924225194 0.004908572501699457 0.061314783925807546 0.06666954224103148 0.031602537731727644 0.08341875726293183 0.07768423631400175 0.048647556562395576 0.046082070377575744 0.0428221231801841 0.03257653039979134 0.03965353557208556 0.08272669097234019
47 0.026847182692844956 0.08090156421473757 0.04370886679489144 0.08244641412023279 0.04190605919712363 0.046325673655564586 0.06640104452537826 0.07326650164093107 0.06748530661543031 0.009732221633496662 0.06645285155230284 0.014345772509605443 0.08105512736538865 0.042298822328755495 0.03923309164375165 0.03342186745053628 0.041622197426933925 0.04047179662217716 0.06779705358122104 0.03428058442869633
48 0.07443386137974828 0.03747417911387503 0.054732482250206604 0.053553961439166076 0.08550666845769125 0.08200826262607885 0.008701835815305979 0.046871700625339754 0.08693872535261972 0.07519037209192304 0.0263684137133978 0.016804949979721352 0.0028696429291194783 0.050796425971816425 0.022722035333316883 0.06653394778726414 0.0711299993989396 0.052771278149169855 0.001614119921783595 0.08297713766351633
49 0.048113819629121826 0.0191910900810173 0.019667683602921468 0.0794673526673783 0.037526996877187795 0.06057623354398147 0.08180544897606189 0.04159240244931272 0.032053917990040495 0.014222557349849922 0.04250504695270653 0.07253285589471815 0.05615207426491717 0.07625902229101683 0.023918324318592837 0.020484297430925003 0.08903832295093528 0.017744688544033622 0.07160467149743423 0.09554319268784724
50 0.027941731270580875 0.04457870201139001 0.02927266094744844 0.052133333535299385 0.08534622650841264 0.07755719491741926 0.07365019400956342 0.07009056022450189 0.055141062929886145 0.12781097484393417 0.0035553453729185724 0.03321565208538177 0.030245020164819513 0.038959285255334 0.036902789407955064 0.009039317478389937 0.025831759714794438 0.05078132152582165 0.08654443352207122 0.041402434274077284
51 0.04760182734396403 0.06545776651255689 0.08221192948925683 0.0355146608540269 0.09462190885117086 0.028572769028909845 0.10019637892407088 0.1010697535436939 0.04237784239462537 0.022464095699112185 0.05153860653005575 0.07725184472842424 0.01812170006554062 0.04080921785736848 0.010068232633177496 0.029055742589579818 0.0214058615782711 0.06673607806203077 0.050991594601843576 0.01393218871232038
52 0.08622416721186439 0.08862238790244352 0.02824243764097769 0.06993696142482402 0.023793466803948848 0.05318903542313179 0.024272761311165035 0.059209114951724616 0.08355668174849629 0.06344477901943887 0.008972550874397437 0.10094381363554471 0.014582333148834408 0.013574203530421844 0.06345468140305978 0.04266431223142744 0.0302992959766379 0.041656625974053035 0.0700101455560357 0.033350244231572894
53 0.005567204475605834 0.08772942443660162 0.028787293852850223 0.08186126992063975 0.07613519957334307 0.0841706029564053 0.04054375623298572 0.03708488968247397 0.03617398316510335 0.06025141719641341 0.09112198540913213 0.0029158710715569383 0.06003051145487776 0.04697618440903261 0.07895094664813186 0.05414282924693348 0.019268627276494695 0.028125123316789048 0.03879775261118892 0.04136512706344012
54 0.06704511838023967 0.05958292665516262 0.07288200057266767 0.057563243160657925 0.05846150773197678 0.06894114214375005 0.049738794262151276 0.026508685194494647 0.0740685038624584 0.019660591915078438 0.012925340945310865 0.038895667096655956 0.053520761022636136 0.07219143380211449 0.005996638863925134 0.07065941275924209 0.010912224101032287 0.0719175345682175 0.054703661825983664 0.053824811136244294
55 0.019203210238555365 0.026717324576178234 0.058769756001765684 0.010496522001298067 0.01803478336211446 0.06751509736334976 0.05932537907016057 0.007848447583246067 0.027925312194424262 0.10046612363485331 0.057920076685311524 0.017867895340479355 0.09389590802604865 0.07816512950527862 0.07297120785852493 0.094925978388315 0.05332996682591592 0.09376628402870299 0.006214825647422527 0.03464077166805452
56 0.018770067400086552 0.08174680129360863 0.0725917145161202 0.046955793791088406 0.05276575315188215 0.009796123580823492 0.05034581580064904 0.005871639632866447 0.06557745861226397 0.08071175177833212 0.07855153548726275 0.05778764451824117 0.0765600810488515 0.0596131332553897 0.07866925002653617 0.033616836069317806 0.017081316506536486 0.04854567625252415 0.05843923324120846 0.006002374036410586
57 0.03482427766090907 0.029255960502760126 0.04976691451622156 0.04798502560348998 0.007336823260107977 0.10318506224103542 0.010010761773246226 0.07988946103638916 0.07939524070503566 0.030009686397347753 0.023992995640651132 0.031075433554639476 0.0806946642856032 0.09175692662712868 0.05333900162747827 0.0804244812234342 0.0385100698256853 0.0047759344836097685 0.07969477375107735 0.044076505284149706
58 0.026576366300312772 0.004071110311358294 0.010314374075158686 0.038949870309217115 0.08741282616575549 0.05271150009921686 0.04464474689388886 0.09323248427312769 0.006223876541336629 0.059657378385215634 0.08264870036396224 0.0685987013508913 0.000583624362131786 0.03564726388604297 0.08069333963550422 0.025579416535054404 0.0683970491700809 0.08880724148356028 0.05793285429314627 0.06731727556503769
59 0.10006637993300489 0.05932818838287357 0.052969460101606816 0.014116162812604225 0.011974698663105672 0.10533099996957106 0.026616833747549223 0.07378913581618723 0.033247567871389286 0.08943912152502632 0.09874826145303725 0.05383920237629562 0.06635437759566808 0.03344358805607703 0.0047191427303181245 0.0048877046989932 0.07197514213182989 0.05004787244975569 0.012997788165623015 0.036108371519483866
60 0.008625343051653274 0.020349203257572075 0.0879986100348866 0.0015500278563360358 0.02203039591278801 0.04876479974910492 0.04189370684523138 0.051185487642539704 0.06284826765404428 0.04939835606020438 0.016384265039809713 0.07272928538566324 0.06361677430205596 0.10473627072227364 0.008046655719913033 0.04867585568549757 0.08259687381186824 0.05872293741344001 0.08867267671127266 0.06117420714384538
61 0.015919806401932537 0.03395106480024449 0.02897652123409101 0.0625026435562206 0.04094741067177395 0.05027426557415064 0.04135198400364784 0.01569905742562322 0.09167754906484744 0.021552502724239385 0.03995163049511509 0.1179222202038452 0.07926727158498031 0.028382530480042478 0.03681685358677623 0.03306025092002138 0.11571777099533546 0.021860874766452734 0.07889043538844304 0.04527735612221681
62 0.0626970677002401 0.04513311840042718 0.07179749669212027 0.07752317956688944 0.010902856105982971 0.06526332430198134 0.003574001060343812 0.0790990094214433 0.013274841735752092 0.07938416213906574 0.02948466951010386 0.07524366900304907 0.0637510801643731 0.0745746645324814 0.05778813850838759 0.08268853957307336 0.009429422977501085 0.0010382598748936481 0.019588987294774245 0.07776351143711635
63 0.037806546293863076 0.04071073610733627 0.06220865699263135 0.08513946226112108 0.03879613207970659 0.0625214188363849 0.024623179909190256 0.01827022090411718 0.051878675707315 0.07888561829978871 0.08502312966446587 0.026955418606960033 0.08492326790605612 0.07592895105905095 0.01543443144473184 0.04855417205934748 0.007189422583125374 0.08679913999946907 0.056915293985616316 0.01143612529972223
64 0.09771499255775035 0.03333846481929133 0.0065108799211368714 0.08542300215165911 0.06484869081381806 0.08766867568481575 0.02354427184984085 0.09699430299539394 0.01904715870952606 0.029308000710395063 0.0842403578718079 0.0189144302541131 0.06180725180777163 0.11003352065680067 0.02871961782091172 0.0007029174470941694 0.030557499743045512 0.02007675883127634 0.001940152113394674 0.09860905324015698
65 0.06989986188160371 0.01392845244733136 0.06889858492253811 0.07169668221780769 0.04492341384514468 0.06450864330471295 0.05965708870002579 0.08126999952609032 0.02722072633985479 0.02686737680401351 0.04894821148651955 0.042537959701010986 0.09937049073295319 0.08010325130724698 0.03631734143641583 0.028730202142556067 0.01951056478982616 0.03768450971378763 0.0667081009214094 0.011218537779151178
66 0.00638677617037116 0.07322167565383364 0.07490061251317293 0.07195998302775831 0.042203249968167954 0.059721087973722234 0.07040670458517552 0.006666804540774975 0.05634093001636452 0.04014989888272812 0.028822163538350626 0.041858410013009634 0.06300020103003875 0.0832498516619666 0.0297435497598302 0.03952110918728509 0.04520351244880231 0.06075677553264012 0.07862395752266926 0.027262745973338037
67 0.06661465821733524 0.02204930399741483 0.059476147725483215 0.02771399370299726 0.07850462432122803 0.07769438631682672 0.0010937172713823687 0.0730048619468115 0.045309714238867364 0.021817618598052188 0.05169628677055021 0.07388563570869558 0.08059187683222865 0.03731786679413032 0.004864145692707124 0.08111914661214172 0.04935267658665272 0.07521425001634152 0.050063095188998784 0.022615993461154615
68 0.0115604395675612 0.048365668095080284 0.08990839980794309 0.06996235778080674 0.05835431562998899 0.012931742780321687 0.0379936621941439 0.04088633865495098 0.05159439033785963 0.053382221355681464 0.0750264222115049 0.08244416411524524 0.047826036935010655 0.08443849037695593 0.03959505585384651 0.057191179565076876 0.003267036216642393 0.06056871475285524 0.026118641493617853 0.04858472227490635
69 0.011912956747384372 0.05615695402037244 0.0874386428515 0.07634195276795473 0.027625409768654522 0.08562137637278841 0.055622092454310594 0.004538882424946442 0.016956430608312322 0.06396371297660383 0.009228708886504088 0.033253443163706146 0.02775127189273658 0.06267452495380343 0.04714051889701697 0.05610474326230379 0.08343782024128696 0.0860960386753577 0.03490066230360587 0.07323385673085066
70 0.009342818265891107 0.07149375241312907 0.08442381846940411 0.03737978895969382 0.024269065243295255 0.06196965452047735 0.06451572417828438 0.06893913587297573 0.08789635656323225 0.048375927628757906 0.017725936353835715 0.027542187395726826 0.03416885042929385 0.048104409152620806 0.03552893745910879 0.07056301874773718 0.0666672192725798 0.05669999025584381 0.033322275633837155 0.051071133184275024
71 0.027624073789359375 0.09759716816773058 0.0015458410938815057 0.017356610607062443 0.011485739448831559 0.044252488123712366 0.007251709111717963 0.11227833459545268 0.09948318084771586 0.033537112371794596 0.06794188097919122 0.07621642703430405 0.011043825383679626 0.11164322614326898 0.034544932854920087 0.07976801506959694 0.028789023500011897 0.04481289499202295 0.04814793571863252 0.04467958016711269
72 0.12122309490863384 0.06451053590806297 0.007044078765411991 0.036909743477618585 0.05254340353332843 0.045531746036092696 0.007435828016292658 0.04419346095427001 0.016981430851357948 0.0895948124078834 0.014835746126675 0.0160288267054086 0.030564233776051643 0.11201277308845382 0.1297783152293474 0.0011257296318847056 0.003293073906932221 0.11177248720767263 0.07630119527258605 0.01831948419603525
73 0.03097953353617433 0.0008300409118974165 0.07637492336071759 0.019394050085995894 0.07946345396468656 0.06997259099140445 0.0706414889676765 0.03346713063158925 0.07177021905756668 0.08156725658193564 0.01282485927517208 0.01923351700695032 0.03707658727971421 0.08946861658536347 0.0910604651612223 0.08010460643634061 0.06822233840503765 0.018982321006964818 0.01771410144233134 0.030851899311258715
74 0.04958573028751205 0.06206221359639872 0.013981027098667897 0.080911777201568 0.08331071062080744 0.020381638631917415 0.002737452537054834 0.0742281089657011 0.03919504992877582 0.0307476661231762 0.08109222571226425 0.07359779219523954 0.03814021257677212 0.009850126642974712 0.042453993193710036 0.09458378191094502 0.024386397355227754 0.03794267328886107 0.057672954071645244 0.08313846806078072
75 0.006571009684690857 0.012957223643212784 0.06453578374489437 0.019155217873758727 0.05684183232373282 0.10473664956948553 0.06030118899355772 0.050214007203511976 0.012975084015975755 0.052466062437641604 0.10286359687319839 0.0901720802864071 0.017169612517024174 0.04169849624680542 0.028847602897208127 0.07136593474295795 0.07606368163719987 0.028613106548880662 0.056173755538441644 0.046278073221414626
76 0.07822922325412221 0.03351368765734112 0.04671191733107915 0.027366872419773258 0.048043454558476736 0.05312092155345591 0.08472828970839555 0.020528257079985103 0.01188646018736111 0.08447443712152425 0.04146199142812534 0.06948428042528142 0.00383462300563175 0.07821400198401104 0.07580489182991228 0.02949765208262562 0.05808638749772306 0.04287335883370315 0.05386487285432641 0.05827441918714551
77 0.07308709465814608 0.03516988453673657 0.026205954826394647 0.09009165202721345 0.08137695200181369 0.014173067923704291 0.049530639920278494 0.04257508795298763 0.014609776649902675 0.00407854754045575 0.09662978600948664 0.10572742154469356 0.04206392517838131 0.03995673630699074 0.09026563289672987 0.0256892562489034 0.08950642237411914 0.008417188940069426 0.03529506822825201 0.03554990423474054
78 0.08251706398011499 0.05052261755244346 0.023757683823382714 0.04145759869766442 0.0593843067133058 0.07193046603176889 0.07335606034868232 0.015285128932355976 0.058384884944233655 0.021816244113530517 0.048397220005046634 0.0454301204435421 0.07534116200903136 0.028417899817806333 0.022354306949462766 0.08252994596324223 0.02144383112134566 0.07292304144866804 0.022211916925332958 0.0825385001790394
79 0.008696186132817708 0.05842389481759669 0.07890818012067063 0.07548398658548133 0.06433987851849483 0.04150070435245367 0.0773246636279496 0.07615216986783666 0.06747976211957978 0.0689231366050554 0.004340659676784856 0.07477501688168486 0.003681518914562345 0.04138584817976035 0.06121049026271335 0.06740042356007983 0.0019932867355260692 0.06845906539954494 0.05144962353609787 0.008071504105309374
80 0.05129954224853953 0.039930105423481924 0.06058205354748138 0.07516493399186462 0.026229038610811543 0.045437601754883844 0.035815744944816805 0.06954566989511993 0.06735679492362372 0.028960506911388947 0.10016102627347942 0.0275037661461701 0.044364687138769475 0.04578356611642991 0.021786930101905546 0.05075939499678419 0.07482715688768181 0.04900286488636502 0.07542520980706446 0.010063405393337724
81 0.07950406203920803 0.0737404724774464 0.07454657657316958 0.05954929408351478 0.07126873941217492 0.040543082475041736 0.030020049464462264 0.10928725373671232 0.05969362481515116 0.041514862526999236 0.06090534650563172 0.10264485732026186 0.0005229820146550182 0.00485266814107616 0.008142970331582561 0.015273367226955216 0.04330294335367479 0.016797391708551317 0.035946718225158755 0.07194273756857192
82 0.031194983569515285 0.049083443964964 0.08678044482446631 0.019759172357812303 0.08922876097965454 0.006456764389930198 0.06274518423189622 0.021457037718018372 0.04314169950540117 0.06476402967362967 0.07782915991213114 0.017477849736739277 0.07901018169900889 0.08216506706766229 0.09824406272063406 0.026265044094161895 0.07348943173029344 0.005498631279316358 0.04308600636698156 0.0223230441777831
83 0.05276913052573878 0.08455789391519876 0.07115279666148411 0.004599281094486488 0.010315044433770236 0.06127124041133497 0.002973777508027595 0.04120168568288191 0.031221858108284366 0.06903383454939098 0.042034446702500804 0.03523207914628089 0.08234670133422418 0.06558039487121294 0.07671963481362684 0.04847326794826162 0.06566368763329462 0.05411156014757846 0.06111104036795657 0.03963064414446487
84 0.03257201195457909 0.022450486468976526 0.04230802469724356 0.07332809605771566 0.08872522568397866 0.05711298786541951 0.05887682898414586 0.058178969548284935 0.04262600411227352 0.04979628623007713 0.08568962535335126 0.06209788545885654 0.05402703124416052 0.028894895653787882 0.06438388367508663 0.017262529380969848 0.06615229762290038 0.07574829503183203 0.0033185331965957065 0.01645010177976448
85 0.009073385818157555 0.07477264063590777 0.0664950792740828 0.09231107040364507 0.03140100457960928 0.015117429652773197 0.06785756388789747 0.007231194034544115 0.09952486859497393 0.011551415861618126 0.08399354873080712 0.022207375746667448 0.060067739009222555 0.036077776846107815 0.023282667900500393 0.05165457212805767 0.08471403673411833 0.09570598598749525 0.01670771637491354 0.050252927798900886
86 0.029258623995341772 0.0735828467624179 0.0024468010532648905 0.05577365296249445 0.09120500488143252 0.019541175570954205 0.05193096989230269 0.09891712590945996 0.09794238301194609 0.06276042619351507 0.027874475447121815 0.01826493824523243 0.005161487121305128 0.030034968282504633 0.10388753337549565 0.034014317367373446 0.06649223238987864 0.08724944872409829 0.04276371515634362 0.0008978736575167341
87 0.0016947832246283698 0.0796497463975107 0.013035907208168749 0.05798670698994955 0.0504801958724924 0.052449991292745975 0.03962187632277836 0.019076410138528274 0.0662531377145133 0.08205385481916218 0.019352273290174603 0.09252224649995053 0.08072841561375156 0.08904062278975028 0.004922725792808466 0.060546562925917494 0.06473947067759789 0.013607498552886224 0.03537885992952311 0.07685871394716211
88 0.012908476301127325 0.003437781625311442 0.04075989506257078 0.06477739667082363 0.000396867651205744 0.09055882182847222 0.08986431053036256 0.04906573013632449 0.04329094604720617 0.05977195090438927 0.010531245979330696 0.09310580550077024 0.05194919822452591 0.06794703853207304 0.019912790335382964 0.11097636762350323 0.030175708422541504 0.03727176309486658 0.022493414508888393 0.10080449102032361
89 0.036312658570546136 0.07576633049192354 0.0462872443227386 0.039788599790049305 0.036986658237738175 0.034238946467914505 0.0553159031208045 0.0019199704831775414 0.053881627832774705 0.056000935547504044 0.09962056712281418 0.01661981777230257 0.017485003747856456 0.057227046463868586 0.1036410147697176 0.012388808015034536 0.048865633827042315 0.0656137820285648 0.10778106936883826 0.03425838201878988
90 0.03878806420046182 0.07760814464900628 0.06929745557838872 0.0028028632707425335 0.06676582033840858 0.05682418206221651 0.06130011714821781 0.06372998340358522 0.0020413954116460693 0.07204937138240557 0.07943344833913642 0.0484351529300395 0.0613043689654816 0.01575980273342341 0.07655780371115704 0.0050503824019849115 0.0009612196759534159 0.06327052505653048 0.06836542457059933 0.06965447417061484
91 0.024430325445403793 0.022080411087741614 0.033015530520700574 0.026240367252868824 0.04253306765449344 0.041577985921260475 0.046345192573031366 0.04299633361664228 0.04979877285525602 0.024718229511920573 0.10930384370759003 0.035404009851361405 0.08600652630455878 0.07060044179758894 0.027866169828142034 0.029531639184085114 0.08642711519350715 0.09370891129415561 0.09965536853156362 0.007759757868128251
92 0.08472990697025078 0.016344808153054273 0.0313921518072315 0.07073102920766144 0.06649381017407693 0.07666441293424132 0.01632209682043974 0.07776944644008461 0.07914977817251027 0.07977916440176142 0.07717799963566871 0.05308592401812159 0.031183437649976487 0.04905372605621158 0.004262830279491578 0.006649159680417808 0.05583705043802527 0.03746681354282132 0.04297827870184635 0.042928174916106926
93 0.07456924415064949 0.035893271736335976 0.01668402505457568 0.07408907466106103 0.0668758666997182 0.0783686565555506 0.0068129367802179175 0.03148912284146909 0.06404874411494804 0.057480996592541404 0.03150459202457847 0.061654880074481874 0.039234731643692886 0.014759039481748684 0.03988574326389859 0.06776750327771139 0.057933101517798236 0.08478977638831436 0.06923504733740789 0.02692364580330002
94 0.08040555600993855 0.04688075074906609 0.040017745151767335 0.04931691253067143 0.06915055470049787 0.045074996012565816 8.975569594192752e-05 0.0375936464586711 0.08434494159665167 0.03999481989586744 0.04054150802625477 0.08101463446648316 0.026183693532289932 0.08842287922731247 0.022998931505427422 0.0743982812178904 0.06521762025475947 0.0438417710691969 0.017509213951110335 0.047001787947635834
95 0.019969459831576174 0.002162615855603179 0.0834854346744529 0.0514226493041879 0.01723908533335457 0.09199782729137702 0.03301625848276871 0.10304378871529696 0.04773623311490567 0.028629159769908385 0.08010777601991408 0.052402826595469555 0.01938632580256982 0.05347192152061321 0.017451442717521925 0.0887883702922392 0.075368909707233 0.05699798911986964 0.026528605537550435 0.05079332031358761
96 0.017838959246609377 0.09872741292770867 0.052811817772630686 0.01620570824394457 0.0011314490756264908 0.09948316973423581 0.09001669341049999 0.009892816852852126 0.007971267744095793 0.03168089848186666 0.07055903101465578 0.025197024516046267 0.04069948256837195 0.04889567021898301 0.10940798101408096 0.0020507697424831284 0.0559042359019069 0.07013433728352815 0.054599277553858475 0.09679199669601496
