0 0.06328118625555774 0.06155395317237726 0.03782404841021749 0.08008252338699148 0.05056060270147208 0.0684815469914247 0.07750084687498351 0.03538224326114939 0.07670277491763111 0.011608696370495776 0.06648192201572364 0.05821360039443538 0.0680143989819698 0.05640066967126636 0.04151295142356735 0.02112308827674885 0.00828873912714896 0.02200837443262634 0.03419506898761422 0.06078276434659835
1 0.09579134745214186 0.03187418378074714 0.03665041758072885 0.05082883870622729 0.04649434047393171 0.10373390223827733 0.05138952426612526 0.06620199254822158 0.014135515054280585 0.026539197894257207 0.06142250739536129 0.031245766054907323 0.009636584780337862 0.03752897560347857 0.0039128419738573535 0.08129716441908094 0.027598755253030207 0.08286682342560299 0.06367015938746971 0.07718116171193493
2 0.009425186427309395 0.027845268045284016 0.015344084750742233 0.039534350141992275 0.10520033333330073 0.054184197470078244 0.09292293390015545 0.08952063013658847 0.03498032792413148 0.08097052452169706 0.08640739598777859 0.006279943874915698 0.09069826053818446 0.030308285345305795 0.020456220251318345 0.039035251974881384 0.05562218484033274 0.02372085098251521 0.009432866062550643 0.08811090349093798
3 0.03707616384046914 0.057409450461415386 0.01640363113500517 0.09194459423349825 0.01709680339800478 0.04205236579939062 0.033985064632420875 0.045838684098231164 0.07833076566284407 0.07255065733974053 0.06470511841592166 0.06766518927152068 0.014236825691539388 0.03182690474480569 0.1016987143281793 0.055608040076372496 0.1095524535001431 0.02108776190001763 0.010860969987689628 0.030069841482790276
4 0.08912710881456386 0.022712385684490456 0.004673384388796722 0.07354864420695457 0.04309493651202971 0.00761901707052034 0.00719554476943591 0.05009083986757927 0.0670613528719273 0.042233691597707755 0.020821302565331268 0.023783581100497032 0.048030367752841134 0.02962387529439045 0.06424087655059868 0.017031988966034875 0.0931562689960774 0.07878987384235182 0.11472806884852939 0.1024368902993421
5 0.028996240549063856 0.06013119047053144 0.019920684379827185 0.06939368004489865 0.00010640822585764772 0.015637551038611263 0.0836792273061747 0.07177013755598759 0.057813763923052826 0.09079746884099477 0.0465149194966343 0.033464562170395604 0.06833820161595403 0.06659712276752545 0.06224072476917917 0.044924890952383854 0.08642373753518424 0.0039133016494047055 0.006223383229760372 0.08311280347857848
6 0.009180695969940554 0.08673228235443353 0.04667084910432116 0.016398414965267356 0.04154377272466122 0.02233245573346997 0.06349586269474408 0.08586603921307728 0.09843729737275589 0.021615939219164604 0.03695481939819594 0.057050566709248074 0.03670435674916926 0.0062117773405757715 0.06446786820192886 0.09636022850954487 0.09276297056264424 0.08215556638262402 0.03225985028575716 0.0027983865084762294
7 0.093371331014948 0.028841288173665693 0.018441069978496517 0.10485610702426675 0.004834636805250527 0.01772250998217288 0.05318903323483758 0.012853669347582024 0.027620215876575715 0.07008001843008634 0.10276401455790055 0.041557016727196465 0.06157234105066921 0.04849599598037631 0.10147526482709816 0.006973245228154668 0.03122006461467806 0.06507697662478747 0.03255115861851467 0.07650404190274253
8 0.046407196120830836 0.042382105647189174 0.08949401475146547 0.027815181362534098 0.06772019351335898 0.0641345773879275 0.05754178884454704 0.02661232789988541 0.04643445985520674 0.0645998227908495 0.03386934703615324 0.06218195031295772 0.07651510918304905 0.05612457160148125 0.0019841821062387896 0.00719600867383943 0.08143301171302737 0.051774324007388274 0.00539264989199186 0.0903871773000783
9 0.022595402191290876 0.05472944877150888 0.008042917231278479 0.002103085794524698 0.06496594563319337 0.07224955197532235 0.07707481163533789 0.08685446431331896 0.11445340881879233 0.026691735859287857 0.09688284423098512 0.018360929440192922 0.09306855697396783 0.0016110317862098912 0.041902645062671946 0.05996633846058081 0.06309574713175767 0.005682082982727775 0.06273695400453995 0.02693209770251031
10 0.08276281867981375 0.08975501767848836 0.06014784480378412 0.06391304225525866 0.017860206214634494 0.09042294692522602 0.03205374735369219 0.04323815754371204 0.048028812549273305 0.03409880624193043 0.08339221577845723 0.031091708374368598 0.046423086128081326 0.04030350138962832 0.013367897688451095 0.03827720670302406 0.08266724256827973 0.010806097923131162 0.07427775899891405 0.017111884201851002
11 0.06867914542152125 0.006085859294279021 0.04637791977359879 0.0488159269808394 0.048577439115700255 0.05060032224926285 0.038555209331420724 0.07686551237386727 0.010693566387264248 0.06753907925683748 0.06480817709749599 0.07231913928591713 0.03723518140139315 0.08010642723886194 0.028178032287120864 0.08714420199526211 0.06978518338993356 0.06811446012323644 0.018479253992147483 0.011039963004039961
12 0.048790050008219475 0.038165531250715846 0.08074883934494094 0.011081118356938079 0.08154474142565231 0.03661271905449801 0.09724033456840539 0.0908252268316184 0.05067458692646135 0.014169889906026458 0.030899988626946307 0.07020737000482671 0.005086670903005497 0.015414331627078974 0.07486725953141737 0.07023571386211164 0.05875042576947816 0.01665365706641501 0.04582392178414681 0.062207623151097326
13 0.05500181094950323 0.08201613861083105 0.046638445349309145 0.039693758437778615 0.003376901513100457 0.05156542321566488 0.06079408432859891 0.07493422281727603 0.02402924737649502 0.02952277209135169 0.01699354475716315 0.07946035590006216 0.03189033302007826 0.06695376111306031 0.056785143036871044 0.020362316556038002 0.07803387649998136 0.05738717962555361 0.06515910300846003 0.059401581792822976
14 0.051394219637147624 0.08820619153200511 0.020705718239923274 0.043601252003649615 0.03266515529268909 0.04072092425845045 0.003122876826052972 0.0140677407089394 0.061954023162270465 0.07274468359936306 0.02528829335908974 0.01881414758514104 0.0923463579847733 0.09197462193489843 0.09080530772471206 0.012079752141884968 0.049516380659699315 0.0609001001974011 0.04322789407535397 0.08586435907655508
15 0.08640020828385757 0.02299049158291884 0.025971664770890884 0.036796766610903475 0.031198093331310135 0.03682492110891832 0.0696642873702722 0.027684175343136008 0.04959923537062341 0.0708252669412126 0.06192300145917999 0.06306561932173432 0.06178298682840325 0.06488481308903607 0.030386953932623594 0.07890045182220076 0.030854271621000264 0.07505030422780387 0.07451135664987199 0.0006851303341025639
16 0.06383928633493068 0.02999039104955862 0.00687896765126651 0.006885894045363258 0.0034765251137785927 0.011363226346042334 0.022846372196260838 0.05164426835709339 0.06732595596689675 0.0915612597387884 0.09519474235521563 0.06887825640803949 0.038338101845921506 0.06790997259279445 0.041468294115147145 0.0969601634797986 0.09275505988369304 0.0005311810197919862 0.09230609562256603 0.04984598587705274
17 0.10113872100857399 0.0956883714640494 0.07308878177494614 0.0008640733813964789 0.024317430538742756 0.06281551636475055 0.007597052511967989 0.06267645730603552 0.047993581160046025 0.0752623452422984 0.09601276263665796 0.04013535683156363 0.0724000115909561 0.01663721522772436 0.03803352409826193 0.009402923938601693 0.0790531365407465 0.016342162474994353 0.016601586066742544 0.06393898984094355
18 0.06489428674969477 0.034195635341686396 0.060800902051926474 0.04682791012390106 0.021934830462391797 0.04190965643564965 0.025911119308691093 0.06622198604321725 0.08351644616794403 0.051699499041746665 0.06403928506952469 0.08070954719543057 0.09462711761585448 0.0161952746728859 0.005470578792424706 0.04500734705258873 0.07027080906395379 0.0632968029892614 0.043346488799468584 0.01912447702175795
19 0.10106747594449239 0.08916492421530775 0.011374528097773524 0.007455944413434706 0.012667569886173057 0.026816603956107247 0.05311229067769636 0.08422578746850938 0.02247333171288647 0.04299590019754787 0.015475826291928745 0.06775735822417801 0.049183009060480655 0.08770091266585989 0.04100135015992111 0.07846821159190384 0.05169904376494181 0.05756710409294395 0.028718897736304726 0.07107392984160844
20 0.01161002492850789 0.07525999219557578 0.023053674032341796 0.02875505363308662 0.07618469484292935 0.0641104277961892 0.06452834139962595 0.076370698221081 0.06799822944539066 0.076424184805642 0.029446669143758833 0.052231113207524486 0.04771621377527173 0.06915152544617233 0.004932990516068963 0.021086136396994082 0.005844268050176638 0.057407794832368166 0.0741356505219721 0.07375231680932243
21 0.018796216874578903 0.0039142803569443396 0.1091064642962275 0.08749711054021164 0.10479015274292985 0.05445944614825451 0.1031385000362203 0.03501714580045175 0.002870015600298616 0.03749854641864542 0.08573878966823986 0.018261433049540584 0.005339636262016498 0.011358101573285036 0.08638010707440096 0.061546565924575886 0.039896342016070764 0.010281098977086477 0.09493764965966783 0.02917239698035314
22 0.09941245490620962 0.006469599421337325 0.08577856187118846 0.006936123591235197 0.017439027944391 0.036703406079173974 0.006598465997458743 0.052502592978344746 0.09763154374569911 0.03402906694778682 0.10211566437354608 0.026435781298728023 0.09727771107342302 0.09657634805477441 0.06585033585526774 0.0514448946667 0.02701094464711154 0.024143174634944305 0.002612515103718856 0.06303178680896117
23 0.06459693865063151 0.05371485015509588 0.030101113811539706 0.03197770196294935 0.06645601239168142 0.011870094587115087 0.09895457128722285 0.04467275972748214 0.10145355951214194 0.03493124795169271 0.025708025403940137 0.08069437146909772 0.038572429165998116 0.0369119379357949 0.00945197107661079 0.04063952248975083 0.083523973917684 0.03589387457235803 0.0843574895465371 0.025517554384675963
24 0.08217532405656615 0.1004187588245527 0.0023292909671180652 0.11713071886520694 0.020868111099999764 0.08272256928593102 0.015906151180948597 0.06684815907546571 0.07012262192938576 0.06429260524119128 0.006407542222180205 0.01338534484297564 0.018359719163718778 0.08264544260722004 0.05186769698567627 0.051382403381068656 0.042063924386474084 0.05752721613778249 0.010525172640958246 0.043021227105579735
25 0.09761180095104945 0.008103031605491771 0.0033718300208954244 0.015855908132420354 0.042447609197383974 0.08743509607852026 0.0015750484631363196 0.04096005087505553 0.06592341572877307 0.10402885558043477 0.020407266303285806 0.07095934086236363 0.049509263003902085 0.051879579680280175 0.0572878640993852 0.04630301137974267 0.09616626008082084 0.024218980790966512 0.051667996654709746 0.06428779051138228
26 0.0771375007450916 0.06540163030748326 0.008375205157739209 0.07806477498487335 0.07042841459279339 0.043440419383072554 0.07554199509154352 0.07690999101296304 0.0129131652719564 0.07449757392925886 0.0914171225006866 0.014740209812270188 0.08594162323002319 0.06590033438956358 0.018600859487877174 0.02076474329653853 0.012377257888422403 0.027572534475774076 0.06726728721855631 0.012707357223512855
27 0.029948669141330944 0.015835332628032963 0.04436637910078605 0.0036887768181884427 0.05608334215429694 0.0992775706959894 0.054595083811877984 0.07657238130193957 0.09191348810357293 0.05061976328037904 0.07368701439566204 0.05785720997925155 0.002777946648985052 0.038887386774893666 0.09519752564729532 0.06566198044493805 0.046299557750633186 0.02376981854297453 0.004977910672358674 0.06798286210661358
28 0.008468020037857713 0.050105795076593816 0.025633873377470508 0.07974081478707915 0.06980172541580125 0.00020614256767412543 0.009202432735657153 0.005100395592444668 0.026811960129524047 0.07726249750229157 0.030509705900610473 0.09429291173367513 0.04543734331875851 0.088959126142634 0.060135495318974524 0.029269400992210096 0.07651775777819506 0.021561963353411893 0.10069691607921465 0.10028572215992163
29 0.09344838107633684 0.037261675286292366 0.04965913163806438 0.0575894348219882 0.04547628555373296 0.024460171262585557 0.010074259236692475 0.026167195853513778 0.11082102887425295 0.08090995114317348 0.04971474341599772 0.027198263188296847 0.06258737552850781 0.04854458952375964 0.048603690868049325 0.024194331225645526 0.0659796068581305 0.022463384215681594 0.05796443305650256 0.05688206737279587
30 0.07483993367426131 0.07581659505367304 0.05159625606214284 0.03145335002572132 0.030775317584212827 0.022056340623446333 0.030467410624015184 0.07487571635246457 0.10824337818256118 0.07674557841938 0.03423152788067665 0.012951105197751101 0.061411999740631155 0.06352611793411676 0.08384848127495578 0.016101010729800892 0.07797611320302522 0.016670030079231877 0.00569451142241387 0.050719225935518406
31 0.010259262692428111 0.0070263502283129066 0.08041197202610317 0.06838337103083862 0.06047391113378167 0.0697205849221709 0.04391992244896247 0.07957180219482557 0.036685353201476104 0.08299103747823618 0.030378721903165363 0.07766235234359858 0.07659140017412248 0.06595476935613523 0.05373002754644475 0.008821803318588013 0.00933350477357476 0.04069764758800843 0.01711875261436324 0.08026745302486321
32 0.020380300480695505 0.05269691048364722 0.004719877353001192 0.016635440778377093 0.1011966512765972 0.0008776386408988195 0.045298730120267784 0.05618347563352539 0.014178474345430268 0.0329806521866516 0.09742377126957753 0.08360561465998764 0.007175032332538726 0.08540918429366538 0.07085522278564256 0.010061365235634997 0.08889464426460328 0.09978976922758742 0.018968129882168783 0.09266911474950167
33 0.0992998658055923 0.08177195595335095 0.07308722856344445 0.024616704579459175 0.02032033744428687 0.07828439768126032 0.08578463586591462 0.011640116151970609 0.022093770669344558 0.07356134286028532 0.008465010142332745 0.05338896180556737 0.05556264663266214 0.027496554666900527 0.02368350671870254 0.06816866960747078 0.010593786998277099 0.04661903355431906 0.06567501008545493 0.06988646421340355
34 0.08752678326636207 0.0015397995339519173 0.058391449292268326 0.07775377948091444 0.026217487687880858 0.06711651807624235 0.039386983217695785 0.0744730639794859 0.02744529533005795 0.09159528843759954 0.05532693936264173 0.0018810622105502855 6.471319935154261e-05 0.05017621680258215 0.04992688046333906 0.0034332478689569424 0.07759991649404151 0.08384024641764021 0.06996622374352165 0.05633810513491567
35 0.05223957188296489 0.022398407323326663 0.008652168643648796 0.02491017042888163 0.037808394195981816 0.08674502799618124 0.08287713578948358 0.06877260898818603 0.031134439809056915 0.04638142409097951 0.05790038524962918 0.021619451628023523 0.08400307904512284 0.09843902861534615 0.01720558173061353 0.02639165749939318 0.07542932926604093 0.046019505877019105 0.03319464849762154 0.0778779834424991
36 0.08720395086443564 0.058150543803039294 0.03143327699915416 0.07928309857537856 0.050298737373279584 0.010452448020530436 0.08612731822484354 0.010400122696095663 0.004489693976913589 0.04749185549757022 0.07052253261064222 0.02836471518395017 0.019820250146966555 0.013928500809538625 0.0988120874438059 0.06291422211937629 0.017731439828357665 0.08793376143688246 0.02614583130732609 0.10849561308191329
37 0.012159688049571696 0.057689267690525826 0.06844358429266993 0.06725434716364774 0.06458599779975495 0.06588138621055523 0.058159602745214825 0.09075490093342925 0.07805002558218546 0.020335670117263668 0.03477546822896072 0.010950808605966221 0.09365909793728472 0.0508992962845983 0.05193418865637375 0.07548772771305758 0.03064071225898955 0.01773559531256589 0.02272861824878662 0.027874016168598227
38 0.0515314439902066 0.06865050693944555 0.08422187033591196 0.022695372873286723 0.05258008357870436 0.05125614341871813 0.08107859551105827 0.02860352575401981 0.02439142115979909 0.009329106273053918 0.021192581436805365 0.015146298281682739 0.0674529970577164 0.07724755020495022 0.05252329966638328 0.03749782301343792 0.07596562613882914 0.0282338394394961 0.07142067634389127 0.07898123858260322
39 0.03854302546307984 0.08562568862314428 0.07749095290011818 0.06467160289620448 0.0361003766409037 0.03693715339008839 0.0688250125008051 0.011235805605932174 0.042166210242016694 0.07045199555424703 0.04255169439180257 0.017534543129723867 0.05275741740677464 0.05043007476759566 0.05495046726554022 0.031954481858168876 0.08071632365063017 0.08203106041298873 0.0446903306083566 0.01033578269187883
40 0.017483348411596836 0.036190348022114564 0.013686332343108806 0.04788245853820635 0.002075157205249435 0.020903736052671346 0.010018810743684714 0.03329877540352012 0.06547315102624299 0.09251441421830127 0.08137672218591847 0.07602550867117001 0.07592595030150004 0.07955955097007161 0.05346891356952013 0.022781588363111362 0.048298348089593414 0.06400615100920848 0.06730520892644049 0.09172552594876969
41 0.07307833692039663 0.04739156581805135 0.03729149507634896 0.06128129863808233 0.06726753043457552 0.053947492572274554 0.05786495576920602 0.07515934434405225 0.048247649604510036 0.002118307318372663 0.055041158643263685 0.03961964343220922 0.08146922426768456 0.007063101451102901 0.08749581876994758 0.05060935786365422 0.04283747259543617 0.031159897670911197 0.0675467273055475 0.013509621504372646
42 0.033995259934095294 0.07585806260625837 0.03457781361173365 0.09163484806784918 0.04694239124755693 0.04091190682106655 0.0711272859752279 0.033502008301638866 0.06180638025646388 0.08619028450193532 0.006076156412357891 0.06613438619972511 0.04634829057142489 0.075885535122481 0.005436548019612883 0.0703585716030941 0.023086199161972736 0.062056859644516495 0.0007349394865603865 0.06733627245442854
43 0.06000437945792013 0.05385145283101832 0.04484678923237643 0.06136145734678452 0.0756888769560576 0.08405648841623507 0.07591875267660084 0.047132256734592114 0.0018612270755668382 0.06595077299845023 0.057441750991560785 0.05649931156767792 0.0020926929356783596 0.027552033451082418 0.07926788923391387 0.06391999266373033 0.002454652700165559 0.04129311386139712 0.058241751602315386 0.04056435726687615
44 0.0526590574210958 0.0564367420233319 0.06422621163723449 0.06656585321655047 0.0864853151601818 0.07005710050162844 0.001651298282917999 0.04225678051016764 0.06817857560930977 0.07663275738025414 0.0207923339998186 0.08750854534484782 0.05038043770932191 0.004949164680376093 0.016233053373542604 0.052540865028755324 0.056952014894731555 0.00025457409769358454 0.04228801348574522 0.08295130564249491
45 0.013689872796077356 0.07218544465815711 0.04067504491012348 0.01784916476343662 0.015519482611735056 0.022051998490748088 0.05522579859419719 0.08815433864469821 0.10068763123539569 0.04201349702871466 0.05429499823092108 0.07021377947329167 0.029503519054681553 0.09008014456771003 0.10075328145078859 0.07849634574695824 0.04029674908178698 0.020618936269928022 0.02909562741227733 0.018594344978373048
46 0.07253481507976302 0.012286716599145672 0.06800810281256812 0.05929135458500347 0.08771782848130136 0.07383783608813257 0.011196106543738593 0.09555436098064031 0.05069103086490215 0.05329771225299004 0.06851245209578107 0.019117988695744683 0.05000409792253507 0.026812622429929274 0.030466571356723614 0.04766136789022088 0.07395973756513012 0.05607014491269937 0.003093078906679089 0.039886073936371426
47 0.060803514788527316 0.03661748242063262 0.060278243722902934 0.0294900840192212 0.0395475148730948 0.06437831639636199 0.07381147716915125 0.01294937454212549 0.002384785267616638 0.03919494296542124 0.05571578004275744 0.09642575128361387 0.029199671491379774 0.09637409874421383 0.007660651214025563 0.0482573773316007 0.016682125091811693 0.09596539845835701 0.05988563672134518 0.07437777345583965
48 0.03327008765017902 0.05462638378621988 0.033664322419086935 0.018625192297404624 0.07517239432686736 0.09435500820886696 0.01983053475948235 0.0879083973575823 0.048040256731761176 0.008628876015955909 0.03499663393548762 0.05271047051590401 0.09370118681561536 0.06129922207643765 0.0006423343287012161 0.06321521175871642 0.07100050941687558 0.08966056700623401 0.0009127777744789522 0.057739632818142705
49 0.08500293309750327 0.06230294831698787 0.09778677195951614 0.04120025579602932 0.05335788941576599 0.06253081898906052 0.01305913528179455 0.019770170362133514 0.061362140533102585 0.012815399062585244 0.10071708183947113 0.01583750109710018 0.019052292216497856 0.005391847622267336 0.021062654652227227 0.05386431289304036 0.08088602653566156 0.023605905232931202 0.07757181134306376 0.09282210375326033
50 0.04419888418067476 0.053192084850396414 0.07443149074965388 0.0807555259800542 0.025258515426754512 0.10767120694225879 0.08255545549712405 0.030207644646328764 0.034912620286721555 0.02747193275287812 0.03354548586891728 0.05716606165858896 0.023308668050334602 0.07429538262105553 0.01603149606808123 0.025186767673266046 0.09089174692701889 0.05998943730072994 0.0033726947722277825 0.05555689774693464
51 0.06748879989126112 0.0840236856857646 0.04165651256081619 0.0986940265897552 0.030200481510208942 0.03425772565340614 0.04317186717990934 0.022131794331084604 0.002637352025052449 0.03663460238931582 0.051061361422404625 0.05670160033037761 0.026754449760065083 0.04449739083116888 0.09967844115787583 0.03680679064867782 0.03978900099457557 0.08435874875764647 0.06029335107763378 0.03916201720300013
52 0.0050821125970250585 0.09188357522932279 0.08252746501871175 0.01712990037200964 0.08407610413540664 0.053569925813828426 0.0739278422358571 0.07985758168787789 0.030261196781910322 0.07780801658831756 0.08070289733628105 0.0029981063505084998 0.06883262962711494 0.04248445534063967 0.042276541724023634 0.008528381095247261 0.033861167474446494 0.027134567046282972 0.07043095160831032 0.02662658193687813
53 0.05122550151630947 0.0022697508835072167 0.08040842047725309 0.03592974298270155 0.032692846206817804 0.07115904611932088 0.0058892877603707585 0.05444377101776534 0.04650341975732307 0.04088143427621851 0.05445606924818067 0.054128545183533106 0.05609521043711412 0.047721489836771026 0.0839834863992566 0.06367199482280798 0.07928827972192881 0.05358623887309972 0.0024569304965631074 0.08320853398315733
54 0.07344495337931449 0.07365917833117358 0.04921477047116177 0.053694900219951 0.04962120054535781 0.04878646938836786 0.07270691028881583 0.047147885602098226 0.009922283124803883 0.05352535280306665 0.03975467525840774 0.003179627380157106 0.08009887093992767 0.00456261523049385 0.0362765899685559 0.0616849363747515 0.07788502208731238 0.05592309649614757 0.035569438065764486 0.07334122404437085
55 0.030448914249042017 0.08812159557760764 0.07345283029333984 0.06725952561232999 0.044082686673011816 0.030519897794916533 0.042912748055993245 0.07734704009154798 0.02931243607006515 0.04734526223885137 0.08720220358454658 0.037879454502765184 0.082781273683064 0.047325459729487845 0.0441797603033916 0.04134945110696399 0.0755154493675651 0.02096080967890949 0.008218391314763462 0.023784810071837158
56 0.03782711990327464 0.08201107712441172 0.0032470170134340395 0.10276506131942724 0.0919268409991229 0.04881028517120639 0.06476499135955535 0.08411521165816599 0.008237778976182906 0.010108174692853094 0.07680965582537252 0.08601807675942602 0.0022413474935011704 0.09629159917390326 0.09542944481112454 0.021689761537556324 0.010352930061230156 0.04035086446084206 0.027255354418267572 0.009747407241142191
57 0.10053330166709235 0.04286014889004044 0.008807370667056547 0.024529149742951534 0.016540661282387393 0.060398051376313586 0.005436495720460838 0.03552341041066818 0.010213780875066312 0.022974957483305445 0.030139937705569855 0.09103780148480246 0.10541640766481732 0.10197882580771005 0.0781644472960226 0.0431052548054535 0.10634122472088722 0.02036064150618307 0.0013515255035317867 0.09428660538967956
58 0.03509408015575906 0.11632676181209692 0.04562744961300639 0.08632033824454796 0.03961389377317432 0.10329393742620674 0.019965268833801134 0.0508279679972113 0.07943608578557164 0.04624831778241297 0.07667150877112613 0.03959775882144568 0.05779904569373014 0.010330594216485375 0.03284211235455787 0.020791072558252834 0.02288908357277659 0.04989503097325306 0.04181386192288184 0.02461582969170195
59 0.00978508996424217 0.06377234734605247 0.06432830132902706 0.03491707434836969 0.02997554723425127 0.010695663776293631 0.034730152593880716 0.007912834849031016 0.07329542632591514 0.06304997131470758 0.07986736195352571 0.07938799544862951 0.06622782960919565 0.0157024947760481 0.07920200407412042 0.06296108336178595 0.05843740880156824 0.010083798413756227 0.0833540018907646 0.0723136125888348
60 0.06263236290565825 0.04137782617564237 0.07180686965635827 0.014070052940766744 0.014519015854221655 0.051907360283989 0.055872984195656276 0.056491972261585095 0.05997320469167593 0.07148282508849142 0.047584887854213595 0.04499739460069065 0.04138437458798474 0.07226449756025635 0.06721997730814255 0.04439661916082747 0.05980968301538876 0.04624278252026252 0.06054134562690665 0.015423963711281657
61 0.036597181391082464 0.054029685579631115 0.020429565496319163 0.03930636815931542 0.04379222296545651 0.013835474675759539 0.03807889061183237 0.02882750973380478 0.055543629545031524 0.08471887588711892 0.012718126942397866 0.03142885511836564 0.08690339168545688 0.0779802499540722 0.047803449244888274 0.09368766994106673 0.0642659449729535 0.07463914345743099 0.003543292870609623 0.09187047176740643
62 0.0833219402163643 0.013644040839469308 0.08435552980149805 0.045828135175903346 0.02797087226567659 0.089786289343333 0.09381552097754971 0.019404940142130882 0.041042622218768775 0.011643674468182832 0.06591481036783028 0.0633798768042258 0.06540523920255577 0.0354324688854548 0.022611732752439103 0.004143967296268871 0.08452779779421994 0.06584888444825754 0.05405230731236141 0.027869349687509676
63 0.07627799783034712 0.08795372922028587 0.013918620604681194 0.060853165082248535 0.017173162331495656 0.016595936125268843 0.10759330332219395 0.017016983604589656 0.033649166830203324 0.1094255901240539 0.03987506416510993 0.04928705569099725 0.08735443219168372 0.03561578889831261 0.07366125772846553 0.0301745938089552 0.09673233115197974 0.03287998579787723 0.0032732236920075294 0.010688611799243177
64 0.02013725749365001 0.0323943816678604 0.07708159208993291 0.09549259507861318 0.055252792034838634 0.02392930320278375 0.026486976263305522 0.01961995438274053 0.08979636643862958 0.07961945879745187 0.020182523365364222 0.0690205820863578 0.01895761090857002 0.03377188477396332 0.006620530117448854 0.0970555719759118 0.10766855700257079 0.01581447338653742 0.010128198194598603 0.10096939073887048
65 0.05455521595982447 0.0774165322549829 0.10724371472195715 0.024153573283228744 0.030653286113627914 0.1032722222918685 0.01815800905346952 0.025123549582847644 0.08439190840800727 0.12090799775330197 0.01868592353447767 0.051145219515277326 0.01441935158398348 0.002826318765003692 0.03273509417276383 0.021670357910740123 0.0248535509394279 0.015438301088033133 0.08624073530110614 0.08610913776607051
66 0.04150053089110225 0.03269054709895176 0.04948047855811303 0.13429599684807222 0.04800864066584664 0.016904129600653413 0.053137292953539285 0.0022120124598622847 0.13042450222487623 0.03441472188869626 0.061108540762003026 0.05004286076275283 0.02195715630802898 0.10671959326813972 0.039334840675233324 0.027207811146696754 0.031029234871351348 0.07316518010638161 0.02599569728135043 0.020370231628348553
67 0.056298873291518274 0.04709838122229388 0.07088359357238881 0.013298731992670124 0.0015960092556901086 0.03530480156614879 0.06795456661344844 0.00645097053431014 0.08603608330744301 0.026311533777053635 0.012818878656854323 0.06805406353003836 0.053943752529931874 0.06897614735438085 0.07785448448721004 0.018159599921815286 0.07023522148781763 0.06760084513436028 0.08773808358932135 0.06338537817530486
68 0.0617861926180898 0.05831352368792368 0.020612065471483997 0.040449780427150965 0.02261917123840153 0.07497327794271055 0.046156644241780065 0.052903815469926535 0.057502307083692736 0.024041781133034644 0.08143901422029061 0.007720492998955318 0.052678527292554095 0.04621395283859216 0.06724411573627424 0.02788131203345156 0.07468104836364198 0.08450507861815915 0.014323814637289113 0.08395408394659734
69 0.0739879100440649 0.002973968260546844 0.025726278224526715 0.01668258002941895 0.002205236486362184 0.09970153240951891 0.11317023637525499 0.06960532389599774 0.09045683797604705 0.049323711061095864 0.030993413696825716 0.0056058886821344755 0.007235751855762331 0.12003697184275924 0.011637137243718287 0.034667774416164206 0.02236202456051923 0.03840625841835256 0.11467043991168428 0.07055072460924557
70 0.002415405742049419 0.013024613376884124 0.07306249071939985 0.042545689225623164 0.012185476435189259 0.0769162856261181 0.07450752585652166 0.0677780916248231 0.0712633569014788 0.046697709509011746 0.06252893000946921 0.01792903721216144 0.00871917868843715 0.06664641639443473 0.07521975486387905 0.07976408684475181 0.04246265605943985 0.056885697515521416 0.03787805540519022 0.07156954198961578
71 0.07160483741136711 0.027223141378908272 0.06668368062929057 0.058780691900866926 0.07562448050803944 0.06396100557273134 0.044639124034232786 0.03218744563128193 0.0854731052052514 0.08748335344544277 0.03539399175124956 0.004653047599105878 0.05221283540883367 0.07452221557020768 0.08584743429581118 0.04359078523068696 0.015484888906798666 0.031134141305569563 0.03702727894082429 0.006472515273500113
72 0.08970679721063878 0.01961681095721338 0.03534798338748401 0.06855861146673381 0.08317123573514022 0.02648622105197063 0.046567111652509055 0.034453456036166535 0.03815337901094429 0.06329906256095831 0.07621019772039367 0.0108763471234583 0.07907483789212914 0.00048734286194959794 0.04609304673030776 0.07543410964616247 0.061454588607309665 0.09253512985946435 0.05144074825464953 0.001032982234416287
73 0.05912841132567108 0.004796965978735989 0.006874696359139386 0.07823429597891694 0.06453794878688433 0.08805713455752928 0.023834734910890245 0.031189970984298206 0.09053790345594845 0.014253398295755669 0.04686760758835357 0.09156056432832353 0.07556479413984733 0.014505005575457407 0.07488558077865626 0.07975918911445286 0.06877399391545033 0.031508867410218765 0.03153917502199209 0.023589761493478325
74 0.007698293508046417 0.04219526871371794 0.04485466108424946 0.031225730877689394 0.043800703220717774 0.09666348759860911 0.008641194067493668 0.08913046512670426 0.055908773061116114 0.08151062427041277 0.026357932239558915 0.034207349675617525 0.06594787520781428 0.042468869663402735 0.09353380643027472 0.03194831414003942 0.06842146804853862 0.01018323340179296 0.07335242069129488 0.051949528972908984
75 0.06470994925205059 0.04170528640834127 0.04760474517369699 0.06299720156172482 0.07044286215108735 0.06459442007600634 0.07165264845073234 0.04534615543460264 0.07267368187895532 0.06007025422561597 0.05210759470325779 0.03718086108590795 0.0015130250445619324 0.029560615092024133 0.04910220198067811 0.051366653304076616 0.025465478406279548 0.04382909478967997 0.05169179297030509 0.056385478010415255
76 0.018625626229342572 0.07151389730287032 0.07123621719497951 0.0009869068583359263 0.06470307784078225 0.08349793867117446 0.03894095858884196 0.05933577566073367 0.04477815544529273 0.051866598337844266 0.07450107365876728 0.004511889589742665 0.08603468894978941 0.07508358103397281 0.08653992257295075 0.061237101134300136 0.016859512664428294 0.00045054563557049847 0.005289366930365811 0.08400716569991461
77 0.06160668970437484 0.04288315200845285 0.06930297660851421 0.06159837166341722 1.386199017672548e-05 0.05452807691968834 0.0223899493735652 0.014725068660612213 0.08026621147737399 0.0370598046854267 0.07139587112376143 0.08186601174725945 0.021124344570239463 0.06529689954290317 0.07387134560317563 0.03557495265415066 0.06683050587943407 0.05348202682585921 0.022244207811599585 0.06393967115001531
78 0.04741488560974845 0.08514999069675654 0.05125752116710123 0.005053119908414248 0.036087202029745094 0.024561624047803314 0.06988935691465137 0.02327197798855569 0.08363074755350755 0.09747395652134756 0.033696388395448175 0.07383207813210248 0.04525304448719974 0.02918947791467117 0.00860442375608951 0.06718006097984307 0.05276654844579166 0.005000719097754814 0.0827718553518261 0.07791502100164213
79 0.10447039327495786 0.08162658950084865 0.008001535065469221 0.090768696097464 0.06092150383001583 0.09542063306222552 0.007569111676680686 0.054699555253097935 0.004311941344434056 0.019090447995836674 0.046820390065079376 0.11006184666938429 0.027046325178333063 0.09334990450522772 0.00036669070026220795 0.04645456796083042 0.007520177394289687 0.021691298391280547 0.10738121849279081 0.012427173541491508
80 0.02209268570751673 0.010990928559141458 0.07413699790953714 0.08059798391274486 0.08813626470977756 0.020754821884089055 0.010543475352095025 0.03726601191802352 0.03096504846477067 0.08118156465444583 0.0754009427332536 0.08692902257470136 0.02718589060373587 0.06716699733438465 0.005703256091511998 0.08128709599643881 0.08149626354430298 0.01684689397268009 0.07901090979825928 0.022306944278589366
81 0.03989452360293621 0.037092773262574825 0.032750739188565164 0.01672965964399081 0.013479215672392943 0.07613338713082708 0.08197251251474937 0.07743821192928162 0.08386038742698407 0.05326140891484212 0.06681867991431335 0.06810472538406796 0.04075721818897887 0.032532573812587263 0.029235590007253568 0.06884881528147441 0.05892634259971423 0.07948586158894544 0.027582176902916495 0.015095197032604087
82 0.09786286257394895 0.06914994385865138 0.002404163273533957 0.0030137642532251834 0.0838699966353037 0.07622311205992043 0.003704436354855377 0.015762632963548434 0.017484094394141413 0.08035647303250282 0.017846265900109005 0.06101424344287164 0.05544793105283508 0.08207452584531297 0.00030725271168210506 0.0745118839006067 0.024716262285370175 0.0542363151646185 0.09504340377733879 0.08497043651962338
83 0.01068136717538381 0.09666355215989751 0.04147526205660849 0.050628002397892426 0.023101390129465608 0.038193189155542075 0.09045347191408946 0.06700329129845739 0.021101501867868255 0.0032788613880453503 0.01900624120694498 0.016500681032690128 0.07775582390342226 0.07596344018119673 0.021435197125356648 0.07953146510487873 0.07710805109010425 0.08917240232414987 0.023785698489856715 0.07716110999814929
84 0.027327520182546944 0.029920914529541893 0.08883389840636809 0.08209180393566762 0.08332466999271193 0.07146361497902223 0.058263752546938566 0.023512626161050612 0.024576757308208515 0.07060952713072331 0.06730901512911239 0.019541958458380998 0.077801694706917 0.053881716327249515 0.020236200407200998 0.03965313720147098 0.04472534846583995 0.033461159267426606 0.0023372542603865305 0.08112743060323527
85 0.052102635609640055 0.08656866798797354 0.03157103838073783 0.05084440374885407 0.004047575362080501 0.047464132749440155 0.09044145686007204 0.04862742658912409 0.07740012553672534 0.005262158006654397 0.01722271035256584 0.049936821629990996 0.06480695174022627 0.05333723391739491 0.023574604847990975 0.014883143778406575 0.03715890086818612 0.08825873795209005 0.07209222177034547 0.08439905231150074
86 0.05231832714047551 0.05887581415763792 0.08137932702051903 0.08884516897888801 0.11053653945473783 0.048104164438613116 0.034785677098333204 0.038422366025445395 0.05583573818143801 0.05607581277442801 0.038551802292859795 0.0343358387506643 0.022597899628839756 0.01546212611834276 0.003631657301740122 0.01715513418322907 0.10128046651656702 0.060220376044589796 0.06133543121065116 0.020250332682000386
87 0.026032091348298595 0.08516449762093015 0.007735048865334373 0.0147339647998995 0.10028936039701221 0.055627737361252996 0.012894953441636903 0.005861378995849901 0.03890524485144843 0.005247137408350055 0.08106540016296637 0.023426216243503908 0.05644818976196826 0.09252138092595352 0.031015082533681414 0.0983510048541383 0.08722502139273433 0.0902061935170466 0.0478271685142057 0.0394229270037885
88 0.09688487200820263 0.0005351449928543349 0.003545992177234395 0.0619082198252912 0.024507010746229078 0.09358687836374004 0.0295380945892946 0.048943063593500306 0.044475009380187024 0.05244588123635881 0.05949560812060643 0.027876973942218393 0.09755838420265456 0.05431191594365363 0.05801477199209044 0.04580716628230775 0.049427328438131406 0.09538236842198367 0.028887755488284643 0.02686756025517683
89 0.025350265670778194 0.0788039373332192 0.021154445846187465 0.08328978425237824 0.013969726790513294 0.017652850707356282 0.08398705209065496 0.03347478575377724 0.07201473649479599 0.03307405573747222 0.04563456034199159 0.07933132581869612 0.08306576156463083 0.06612339905613214 0.04150143667041811 0.014860325148916704 0.054995995571468295 0.016017356477446513 0.052902472060348774 0.08279572661281773
90 0.04105593434374624 0.009481181618672677 0.05087633018801869 0.01999884123255627 0.018086720117257607 0.08282227796728311 0.018580839333660518 0.0007026155291701022 0.024831556351057722 0.0511534560523235 0.09717693337154187 0.059213126595130124 0.07501813546568513 0.10325128295871391 0.00539214450447201 0.04330683998584459 0.069145022283628 0.055152508286624456 0.09383300457690581 0.08092124923770767
91 0.0790627458242478 0.0609811213337383 0.05986854970342069 0.011928909481493204 0.05727504315159698 0.014377923293526372 0.009460565042524823 0.08201049911616203 0.031272609504100254 0.013767506113271896 0.08666247724711124 0.072080881747308 0.047559852212209014 0.047208012878781264 0.0883728347683417 0.02122166908137731 0.08151572360466994 0.0041927491809444885 0.07533100260583905 0.055849324109335685
92 0.08562820071865898 0.06460263055295057 0.042872904656599 0.0700529702889599 0.021292274308774714 0.026617425795706265 0.06688369215433884 0.044480068328001145 0.05897372140884925 0.02292385085794031 0.05164754395528057 0.026982659488521497 0.050293780760021445 0.04372639659842719 0.0016679971582160636 0.0676065768104019 0.07085715516437618 0.08578198652215169 0.054088016224095266 0.04302014824772919
93 0.08669310804135467 0.016793888976687366 0.05520463367026323 0.042980989315633246 0.04736533584930427 0.023705768646492646 0.07061301418484156 0.019862711166200888 0.07610425077699702 0.06967906509322792 0.039629318979687855 0.0644277013369982 0.071152326070173 0.0437205356177914 0.04075303744498927 0.025837661466671394 0.06808038476546494 0.08757769021742906 0.04962433858540827 0.00019423979438364038
94 0.04384164378201903 0.06655146861019848 0.07676272658594174 0.02785495181424442 0.07387250862154061 0.004704875120715558 0.03404232229591896 0.04671725034090078 0.06803984047640017 0.08500754613534967 0.023081137303775996 0.02691536935684053 0.020659607342600327 0.03211492681172996 0.04726525982615383 0.0851685970816296 0.059771415575013885 0.08807895463524044 0.07352210226742702 0.01602749601635907
95 0.0646767015691006 0.024448684954541233 0.052826215162875285 0.0491690391265874 0.05174551142291554 0.050394866178325365 0.08033139884980976 0.050916672573094374 0.07650473828257168 0.040689154676374385 0.05213501510101972 0.014518171500775943 0.07937933563125912 0.043237438917535634 0.041002497487267586 0.04636995971590683 0.05335849550969079 0.05767629454281284 0.03539860704193481 0.035221201755601214
96 0.0561281630081689 0.08645158208986872 0.0883069784256375 0.06802624714579357 0.07524387044144773 0.04759918009459279 0.07352665676567526 0.004281013331408148 0.07209253099786242 0.0023631474704322647 0.015142362757218713 0.04180314110989517 0.054594191870234614 0.042079178813555586 0.06571247395446041 0.046390865152594565 0.007602275467190152 0.06001444373447705 0.08916166693706937 0.003480030432417199
