0 0.0033301621461424603 0.08478286802137876 0.028827470060793444 0.017880160754344312 0.007947901255243962 0.013929582487687052 0.0663046196149488 0.05032227703581686 0.0969921899479176 0.06826562650366426 0.06891419582825861 0.09017603457281909 0.006242937172037471 0.016429954345968133 0.08139892174461066 0.01106969740494152 0.10661735344024863 0.022756826161241805 0.06475739346250112 0.09305382803943558
1 0.07221305565931938 0.0871479061788706 0.05205952125655618 0.013887111420624074 0.0651475650695754 0.01418840639752298 0.05592075677962235 0.041686261996812156 0.06459740210896854 0.0201901117980485 0.014090600921423915 0.08631390281309373 0.04510929400724905 0.04474436483115412 0.06468664109359107 0.021949827073293415 0.08242456710832073 0.025346467640424357 0.07538782517506891 0.05290841067046057
2 0.08078134854765416 0.001543559112914012 0.06315027108949942 0.038430308242587384 0.05247369521536715 0.08968845118352237 0.059138389895643656 0.09079830862965317 0.050758644635039624 0.004427186556543518 0.0034751700708211646 0.09513657135224156 0.07875860657637815 0.06345301692664188 0.04261514845468514 0.03308460605289146 0.07425033551317399 0.020803248550273847 0.027103496579891067 0.030129636814577136
3 0.00874468783899276 0.06006637370433793 0.06130293258804707 0.09362069828585404 0.05354159401893465 0.05857223420420283 0.027179691708002773 0.023432492243647438 0.06519351071133808 0.09667786427347254 0.03700536827706824 0.09511302020538713 0.0142016996446694 0.02766426520454677 0.03424357043567332 0.016227148566809266 0.0346422975325009 0.09558462111603519 0.026054127015226258 0.07093180242525349
4 0.062325495229504174 0.04409203127172663 0.03508892113888014 0.05856160511646738 0.045932555941254324 0.051620420546411826 0.027615123089283804 0.04994224953503619 0.06836584040901861 0.0395045180382357 0.057076262069903565 0.03634066473854304 0.08426447579518082 0.0052843488644914866 0.01231699913656839 0.045000211173688257 0.05960483474035675 0.03783390037246059 0.08915044442859986 0.09007909836438842
5 0.017505474136926175 0.026175298550078125 0.0731680206905229 0.022708741836015244 0.08310527449651064 0.09199030724237292 0.03103491577823613 0.06007719533209785 0.04648309298134515 0.0892742150247467 0.06447807779989057 0.052420812762134526 0.01536254561042246 0.050299614570150766 0.07539741582970011 0.09442969774036565 0.03742066737104149 0.02551605317613064 0.005836495469858587 0.037316083601453214
6 0.04189492136413649 0.014491827577519515 0.0493957204066472 0.03634819708071883 0.07952497560808816 0.09550446903566148 0.06987228887407423 0.06891409377342407 0.04746444064760884 0.018891185256398303 0.0552690064918896 0.07378274481198382 0.03867800024988208 0.03956027315154315 0.019303812974100977 0.049208172033476466 0.08216404636567173 0.01629217961748587 0.07624249159211524 0.027197153087574207
7 0.07128674673220697 0.005306621355665979 0.08524338698179484 0.06131390103012977 0.03156944521928673 0.1006757126053528 0.005045222886031288 0.027917264136551875 0.05874847344400787 0.029284103816443606 0.0814607792160028 0.0015414154647302597 0.05598996496079661 0.054637287318406405 0.06222828770852906 0.03735187134455995 0.07405609957094937 0.05114520278678932 0.04210535582837498 0.06309285759338942
8 0.10848554175683219 0.03598311448824144 0.007135634957010209 0.09806864394796351 0.008417823328605864 0.025649897949706898 0.02605925772888494 0.010761301985954382 0.02428144193708989 0.06987678217236877 0.07872992106993768 0.08363354753896328 0.003941466438141889 0.08562531983115905 0.0226807481326609 0.045976780358414834 0.03207639092086555 0.10534842327097946 0.10406133447726089 0.023206627708958375
9 0.012341641031398468 0.03491709032076049 0.10277713874294354 0.04377645463279821 0.1017290491398234 0.08633284697613441 0.06419469479077354 0.01412754240502544 0.05050302342798655 0.005169992918983688 0.04904499697056163 0.0316735236972693 0.02876823570287121 0.0402075802517637 0.05603290704380274 0.10755225535581263 0.03305515757974116 0.03187840068470169 0.09532259553629291 0.010594872790555295
10 0.042030848334100465 0.07621907165327209 0.1027076750927468 0.04416125177147037 0.03684362926252157 0.015661892052792933 0.014783542690243623 0.07703188945001938 0.04378098601672248 0.04041241423795947 0.06544784727819003 0.03579892591146358 0.04015939498579021 0.008074761725379478 0.016543549475066654 0.06022416011589476 0.07499336217273564 0.0816313418626601 0.08519791833171636 0.03829553757925402
11 0.11120243629160104 0.03987295685014796 0.10387291813396236 0.013451923519687863 0.0697177370803661 0.045885778950070615 0.0507044048157013 0.029465069356883214 0.034972958708874104 0.07689734685831338 0.04018172402962798 0.06121521421830411 0.0832331229162675 0.040737426315455814 0.015143439189819325 0.017528068082796798 0.03908922929016371 0.05210115863467424 0.06460752718424029 0.010119559573042489
12 0.047861100298879 0.0521064876755461 0.029102875090426958 0.021105553421834542 0.0357214735994451 0.005386514022069701 0.06980476609670735 0.0061603031841995105 0.09737869663375823 0.05975500579343683 0.08103564457503641 0.08728369085374468 0.025338215984391267 0.07297109994072541 0.03764507015629221 0.026140776037236215 0.09742294246375074 0.024731064539737502 0.07350963990840068 0.04953907972438144
13 0.004756375412814246 0.06768443911061765 0.04436901969853972 0.007438814420123053 0.02785998488473732 0.07205881496246351 0.0879599998164278 0.08183783964873032 0.06899964664703595 0.09089295084235026 0.09219272035353704 0.02526668886053549 0.09155521330345134 0.007615548009350196 0.006564354913469316 0.06711179240042973 0.03538850609371605 0.016006829261445577 0.08294105034759211 0.021499411012633262
14 0.06925672628475234 0.03614726746280004 0.08063451441386404 0.011091754035915393 0.05872753455226691 0.0855246592886156 0.06274790054799076 0.07027537730200295 0.02520657911461063 0.07159936853718084 0.02448925093627885 0.02329658542091982 0.06970939865874584 0.02443077085631752 0.016558215972454677 0.007926200731110505 0.09021892286487199 0.08595029851073085 0.03135965230856382 0.05484902220000669
15 0.05230052187430091 0.05816957136615081 0.06684645142861859 0.06964280521265721 0.05649183256559031 0.026095477502588768 0.05495684838661514 0.0856029529261804 0.034229963272747334 0.06727076453730525 0.0017342645935362812 0.06402797620621727 0.07703406170146262 0.05210281778008651 0.055056229390608405 0.029204961046617815 0.09176598644683295 0.024107206357298745 0.015074335265371427 0.0182849721392134
16 0.007299185047355567 0.043231218749803804 0.02109994351500849 0.03371286558177689 0.0065508319968350754 0.06365454671440872 0.0768450083388935 0.03662349016271051 0.03704588556193033 0.05532121569579576 0.08003965098087686 0.011113571579596214 0.06490456212955273 0.10345226595532878 0.10880461920791357 0.05537551095828587 0.017029846549976156 0.07600914978414608 0.06314774263318375 0.038738888856621426
17 0.008224713476894031 0.08535067294811212 0.026026125127077773 0.03710434528201564 0.06852646968304296 0.03685408354521375 0.060548111019193815 0.0900045832677258 0.04512580006733921 0.04056492816939222 0.07269242755449658 0.022652190575895164 0.09127262342096257 0.06141556264035222 0.06351302133547226 0.02300524672592474 0.04382851484536804 0.028320623661881893 0.03277027951091174 0.06219967714272751
18 0.0750776057655826 0.062446403712971346 0.03034184109171012 0.04810879994294473 0.07441654703167887 0.013187525979023772 0.07732598733958831 0.002986216612236154 0.03912553042918002 0.05507800340889546 0.07905478008040397 0.07184396244666104 0.0087609762870989 0.05990664500305338 0.06642005735236989 0.054182331528039605 0.05305160033454257 0.0648914783896399 0.035412303184074324 0.028381404080304887
19 0.09525371061249403 0.006226929901081903 0.045075839104794395 0.08857570911292632 0.06502298202632512 0.001987097265641353 0.03145103367050405 0.04556873676701975 0.024724211230764074 0.028542209517320536 0.035189772889307476 0.06240887180408275 0.02344098775594469 0.07194498820168369 0.09027952790243697 0.07279086704201097 0.023527751457289407 0.03288687940240019 0.09393359395226793 0.06116830038370432
20 0.024000330981881604 0.04731395392725949 0.03405044616088743 0.0024274030723810307 0.09560805949379954 0.06587040303925021 0.005543523148067337 0.032980088715028354 0.08525461046106671 0.04207914302486876 0.07332411970005395 0.006155196591464097 0.03751978328121171 0.039470528731829234 0.0815959706732142 0.04655912403753365 0.056173899812824925 0.08474661520399994 0.08348917004831331 0.05583762989506452
21 0.07669430731781694 0.02623048473665465 0.0872720743571868 0.07599186105271835 0.056198731823508534 0.07301106474334183 0.07766491409210312 0.009813788388098592 0.07917303987501566 0.044823925285246924 0.0036866277827428072 0.06846910156693953 0.036109933354541414 0.049231367544058546 0.08133115422816013 0.004421873057207238 0.0210464456965424 0.08270090922677541 0.0034585172456781557 0.04266987862566293
22 0.015918566604670687 0.06748005851786039 0.06236940872034305 0.07466239973898205 0.07246631275169645 0.058985093647951285 0.08244537938782821 0.06459415694899961 0.02614009879514898 0.013003530198739892 0.06357494118039525 0.011238385942404772 0.022141475739599834 0.09166615469176416 0.01780086301195827 0.015726916537266922 0.04192134096898446 0.09062164064160665 0.05069787099300995 0.056545404980789186
23 0.05251549397397411 0.0564167363488387 0.012325886567740389 0.07480528751597817 0.08333721395658154 0.02205487231436914 0.0015391951918666139 0.0351663990753761 0.09557768825017972 0.030751626383286816 0.016916896077206443 0.01368409059818754 0.07287276133450057 0.04040043454580019 0.07185341681333678 0.07181944575762068 0.08915377343132289 0.06414573752894648 0.011280121178607265 0.08338292315627986
24 0.037115505032586094 0.07809796045063579 0.02129324539971176 0.046796734734974914 0.006779701284191953 0.06809185129543194 0.04483910535383549 0.0603134899612402 0.026739381340761936 0.07363809222823382 0.004247721860501808 0.04912612957320485 0.06202000733987916 0.07226555230035842 0.057980943381076185 0.0552599650249842 0.046746075063132955 0.06496117162835614 0.05004288219812108 0.07364448454878125
25 0.012172087055671566 0.09120360242955514 0.026131851722922355 0.0806151477712215 0.0980917269931695 0.031137711243282164 0.08262409105248027 0.07119779262073048 0.08487937196039326 0.05054920654465388 0.037194958124620946 0.0014749138613623844 0.049206111642098226 0.06599315280251707 0.05801421977704987 0.002369592393905434 0.039733798062676656 0.03527457488630849 0.011569634427270336 0.07056645462811034
26 0.052051381849400946 0.09593270796874932 0.03279430138643657 0.0010582543669062697 0.03992565665178463 0.07239832548129077 0.09546201402199775 0.026825114601475297 0.04152348649969145 0.10141923857898273 0.041262941345250395 0.05034245643411202 0.08778307964004542 0.030582383102155584 0.03703692111211194 0.019586017568840586 0.004146404084797196 0.016860349492304322 0.10086443809580467 0.05214452771786199
27 0.09226205794965606 0.10044622717132617 0.05568803512604298 0.05790905103144094 0.061903045170155116 0.007366953256914862 0.026633558545675066 0.004806288081086895 0.02197052365674565 0.07378812810846783 0.09151269539690439 0.019379700586495914 0.03360864666147202 0.10789878508520177 0.027131434840663445 0.06655896797172016 0.07773987135157148 0.018332180161299956 0.04596461241623801 0.00909923743092135
28 0.06938084121818655 0.0315974824348935 0.08037667812240921 0.06659860966201497 0.07100548244583818 0.03927484892808565 0.042177613174062684 0.004790180030606162 0.05854328600274883 0.006122631233990595 0.040483667116502586 0.06503681522055192 0.07226338852928457 0.06300300229773528 0.055207264499056 0.0745779832479037 0.010378661075818002 0.04290070648628895 0.019582361141632136 0.08669849713239056
29 0.06843568596601456 0.0670324332483105 0.052189049664920696 0.09764874218804925 0.016049331085166818 0.052858851140723 0.00013633194838799095 0.04614715074887542 0.09659336747759852 0.07412617158826798 0.02420639090140498 0.04091984444531987 0.0023623357761535517 0.026028502643695068 0.0907783427767611 0.09905818570101588 0.07831869308049952 0.020928690403801842 0.01048034936554811 0.035701549849485266
30 0.05881064579251983 0.06611295475807852 0.03059973531767497 0.03638632664302392 0.09451975652606759 0.042370904131070045 0.05546367492102496 0.07311236547216156 0.08394433653837367 0.043441287727798664 0.03271225968296566 0.019037128515178164 0.0043021989721397725 0.07001987794148017 0.06813270984319372 0.04929990746606946 0.041605529256564994 0.042075324547584364 0.013315973618408819 0.07473710232862113
31 0.08141708331536697 0.009365950563697056 0.03270428427275476 0.08249156683798822 0.07032035521659223 0.05073903709189886 0.07846418369822576 0.07059003789687943 0.03654953201689525 0.03864016941929827 0.06762517876606616 0.03450384652964984 0.07001884031079014 0.029300011313405726 0.028389763506925732 0.04657989466352999 0.02797355768495788 0.038380001388709596 0.03818152031377408 0.0677651851925942
32 0.07234029572340742 0.0353647932412042 0.007417808714022687 0.05948436025561213 0.07947809843888677 0.06939412429721543 0.0877239493897195 0.07193248147945928 0.01815051237533451 0.05101495203387198 0.030508087829411053 0.040588477238854524 0.08813498709085116 0.08219002419252498 0.047835640824620274 0.06422670758212498 0.0021304158470460484 0.020286088661038326 0.0477469732931814 0.024051221491613418
33 0.07344326776255394 0.06446991541269428 0.026434974254779944 0.06327393700523919 0.04150736455590947 0.05158698772184219 0.047209224166718536 0.046732694273545546 0.04980578438397452 0.0257253085204394 0.01638500547891136 0.04644213376844351 0.059817289361259886 0.03402774687773824 0.06059406681055465 0.0536869691876784 0.07234606355232798 0.0759089372176016 0.0748235023651537 0.01577882732263367
34 0.012689828764727613 0.0672101222029144 0.058095605735624244 0.01352025310176482 0.06114958828383744 0.08895799603798432 0.028303157032771004 0.004333131544427174 0.03996119263121556 0.031920924344952195 0.007142278098846831 0.09593680957907974 0.12546757460253558 0.059570651942775756 0.035537243177866454 0.07299149120547346 0.11093878816764409 0.014439841014177187 0.010276258590845022 0.061557263940537045
35 0.0692454155641327 0.07026101595605101 0.07549608073465738 0.0990320850843009 0.0756644216084453 0.01122384581465377 0.005728605009660562 0.05022458028180274 0.08551713124983228 0.0030237950376809466 0.062278830132134165 0.07507267873050037 0.07847848774566624 0.0065482747213739525 0.07482541589693152 0.0014046954279173598 0.08428941120598304 0.03371590656337307 0.031729083041571626 0.006240240193331055
36 0.052595925614696205 0.0788188290225081 0.007237476739179663 0.08947883327937617 0.08718283339602143 0.07290764986262183 0.06848500260766413 0.019878014360177738 0.012408991117147852 0.06823481287718346 0.026176254980299945 0.07642632263354308 0.06610569121684756 0.012880528873185535 0.06661874378507025 0.015845493912344903 0.038422077029003 0.045909826187725884 0.07335990712405856 0.02102678538134488
37 0.06502951444887281 0.0661278264869613 0.01617127597963059 0.05321177150441496 0.06672868623310414 0.10009003675985054 0.09650809021494991 0.02402371823649827 0.012435725130560276 0.07908247732209922 0.00018776008272246682 0.017384537506894525 0.07920155912749538 0.02738216627967419 0.01724762080422335 0.06466222213863075 0.00199479277840381 0.0478269775950537 0.08796439804324067 0.0767388433267193
38 0.09624209499226602 0.01791682603789303 0.029306518294104508 0.050033460327976245 0.10480128492453615 0.0048498955746747365 0.022196099943190554 0.007656121586846166 0.0871681320915744 0.013588026023013264 0.08024576394089762 0.04899186304997485 0.10232690586229012 0.03170512929638469 0.1091736771080021 0.01385900709528926 0.02954399160551735 0.0629403919794179 0.02017796992918299 0.06727684033696808
39 0.08660800137230205 0.10547116353715537 0.07087652842510854 0.0011473075936970021 0.041697333964422614 0.04094745772307263 0.02228493447766361 0.01092075061822623 0.038085198568191564 0.07358422027364422 0.0685461354157606 0.055798786576919515 0.031485674645272084 0.0841740540296218 0.012844183818083752 0.05653336001214414 0.003252828699747102 0.008451677074056318 0.07751642421685728 0.10977397895805353
40 0.03957790415132109 0.03303971362755701 0.00525544751985516 0.030245033482164015 0.07909905013812978 0.08776205378460103 0.02413309632598264 0.04140306384378773 0.0008484615830363679 0.06891469226200246 0.03923081422726881 0.006271924673904897 0.047255637531829014 0.10154871902930956 0.04489251056289732 0.06167854518564826 0.08934062784986366 0.10350763549161149 0.04594557609385536 0.05004949263537431
41 0.06916119958196376 0.07670273627274439 0.059450684644043156 0.08453548461055559 0.0026017379493064796 0.08274657109221575 0.08670125311651171 0.013510267043169127 0.04903270547625439 0.007915538507558146 0.09324877342296345 0.05692950003557893 0.021808202295773134 0.05032162909671466 0.04237375620284969 0.035399795090685415 0.06581220020251015 0.029958951083231954 0.021803263343158113 0.04998575093221202
42 0.06548527948354375 0.051996379502026215 0.03714979984563248 0.07145720994206269 0.00562856107829047 0.07719316985087353 0.00784437139098334 0.03829828876956551 0.057990323235132056 0.06007998230119507 0.003570696815297838 0.06841423357390794 0.052115329785132364 0.04109385549272144 0.06375329153196137 0.05395288081854335 0.048347813679863585 0.08015173533566977 0.050185273823341606 0.0652915237442556
43 0.07075139512111678 0.07867680966443064 0.057852894986748754 0.0841066710695233 0.07020931018177978 0.004480855973369211 0.025370020010230192 0.04959043370644078 0.054848202383262705 0.03372409887045234 0.043682438593499136 0.054960685837351406 0.004123506334100589 0.04644705458615946 0.04004896121852137 0.04046696717712753 0.05105439534563406 0.07458855135174447 0.044065170225217 0.07095157736329043
44 0.038486152778349304 0.005735162587487193 0.07029067366999346 0.06225731890968001 0.06009838927337203 0.0075220318692167205 0.06592422663400235 0.04921655514630451 0.06824840627278032 0.03709961973013902 0.052398972521429533 0.034730421136797966 0.07085947083147077 0.051305158683050814 0.08107230236260445 0.06523366251074798 0.07991429202886745 0.028942836145556355 0.06317852854295228 0.007485818365197394
45 0.05092645452776776 0.08984293909412143 0.00835413672996789 0.09031398376359012 0.05321363421601836 0.06748830002139258 0.11373438794581077 0.0391353750164895 0.06925146783707639 0.01767346766657381 0.04922719916097415 0.011693783524841756 0.0111728585718637 0.07838829609702494 0.05185256363974861 0.0030412940906090376 0.09705970692444506 0.00976784958900614 0.06847978759824691 0.019382513984430895
46 0.027605101666744684 0.01000553415095604 0.09407161603062174 0.01842555563062165 0.09367747627113614 0.09656211599143814 0.01669675308782345 0.006563315927560677 0.039362860765839 0.05440401899216627 0.047654045163642356 0.020803173938052855 0.00760130499694287 0.03499622607612584 0.09302779783764384 0.0800641166588165 0.05286684955989202 0.08778120926037548 0.019454890795167126 0.0983760371984335
47 0.06999408237877563 0.07489144390376584 0.05690008519315453 0.0009314656385297755 0.0009925450100331987 0.10932675576615515 0.00824475909405674 0.08276794849947373 0.013554425843440356 0.09370645522616514 0.04767242116513047 0.03882579286377436 0.0629934339193375 0.07566444643062932 0.1006209746481693 0.011092236555293618 0.01088131391579262 0.05820345074746017 0.01546546023879265 0.06727050296207002
48 0.014371107096291616 0.009132384448462733 0.07689964579041228 0.08152870824660466 0.08740231246568271 0.04957548624845234 0.08641700990296428 0.06317823500080316 0.01100499891185591 0.036932470495993734 0.07186813405656536 0.03507121720810416 0.05974064126244011 9.215654039416106e-05 0.06480382385231842 0.0911644184169947 0.04898505478066257 0.03380383509390115 0.013790329845229689 0.06423803033586646
49 0.04638680119915856 0.09070314309116394 0.08989119772949972 0.04971420550964761 0.009512398640032995 0.05327990845951836 0.06039509089828918 0.04445082314041146 0.04908103759269806 0.011276450609892418 0.06870724324405376 0.06642883240127916 0.08552843858396834 0.04125179543941706 0.016543856298760953 0.019420062070358252 0.03478580205878337 0.026069814788992673 0.043877685786917114 0.09269541245715686
50 0.09785919881549172 0.06925616591495855 0.078851226732179 0.09106081128065267 0.08998088092609885 0.04553546297481805 0.07245788552180682 0.008596076623119044 0.022379878850460087 0.003992982410940461 0.038647149948300534 0.004121345696312488 0.05304448634181296 0.03918706987720645 0.007347442344534846 0.02716721198354284 0.08582230179046035 0.055723654942076914 0.09626629700821687 0.012702470017010395
51 0.08154105420926014 0.05245747839274352 0.04005713827721087 0.05880171491057765 0.023533166901652157 0.0006330813141726938 0.06339331409476286 0.0006166990820593078 0.04366006150690548 0.06531993885522401 0.049505402909610016 0.022919566799737546 0.07510872920516219 0.05080798407659651 0.008932478579789405 0.01384952418601727 0.11908003158574719 0.03034915734954139 0.10507386417420482 0.09435961358902517
52 0.03663285631699467 0.09867624538712133 0.0046748492637485066 0.0006665164042339756 0.09024451787241941 0.09773031382247349 0.09661534427020181 0.04978531993887528 0.05834107054161562 0.04189185785287755 0.0012723614762015837 0.004480954165599218 0.0378888578940887 0.0201175570556741 0.017767801223584387 0.08453502163480525 0.07017290772742328 0.08186247167114165 0.00974147273248059 0.09690170274843932
53 0.02328517494277208 0.012728918252847634 0.04698697592687843 0.09125290166872262 0.026543624635714073 0.04515937875445886 0.0896964020456088 0.012568466563129023 0.08191801733261585 0.009857423143622784 0.016846146203643764 0.04463458445576209 0.03921429167464129 0.04889085686906612 0.09106270265321963 0.030058905359792856 0.08532496396304469 0.0638559678924044 0.08494412532276283 0.05517017233929219
54 0.014510818878254802 0.06620427708289507 0.05090011489066876 0.07726241975597571 0.006588940295725325 0.0717481531047705 0.023900627488311448 0.02435679612342926 0.007147557107475685 0.001589509308612211 0.001825677536938134 0.10149952604055827 0.08601563011103648 0.07503661664486737 0.09626518100586105 0.08199600906567434 0.0027514025698829143 0.03491656106602517 0.09844755004328798 0.07703663187974948
55 0.0934545063806344 0.1004537864449083 0.10489916406736098 0.09361410586566209 0.03741404110723366 0.0528873750784396 0.055262834929975406 0.02261848498836374 0.03779474310437641 0.03669896316842614 0.023194222115884112 0.060044754653737625 0.023825493391789535 0.024156683217506497 0.07710084915392575 0.03517918328350749 0.03418028920313747 0.054490209616409456 0.014239582486963737 0.0184907277417577
56 0.08579590070563206 0.03096882520441863 0.06891334734030659 0.04219782985955047 0.0403312902229357 0.057289061972219946 0.07800091771728201 0.03103636320361436 0.013202020993607658 0.017606021113962367 0.06347297374154223 0.07740414045516275 0.07825194683510878 0.03969492637450105 0.0039128567359798805 0.07879859719922781 0.07865406643396743 0.03073244814014935 0.030960454378319725 0.05277601137251116
57 0.03589667403338201 0.043247541052844035 0.07677914493328394 0.06888978536402628 0.01876292314419157 0.059594578211797214 0.03077270398713279 0.04920760532221651 0.021696129664450312 0.06267850495563615 0.07652538712724218 0.08165625044670188 0.026648515722766254 0.05243871641312828 0.021508494917777007 0.08002465154938622 0.046033883678274254 0.04453478068530078 0.027970029216034423 0.07513369957442799
58 0.029244313467675306 0.055576089187715894 0.07807110126614926 0.0840407342624177 0.00047192508368680585 0.047512282679987944 0.004688920636373353 0.04253994601454724 0.09125130478495419 0.01719537561079844 0.08043152755161603 0.05057827390941909 0.04210187320878364 0.09150654975582599 0.09000099745687719 0.05601738981537469 0.06301560000994197 0.028743612128790695 0.014851035775886298 0.03216114739317838
59 0.04888254679757337 0.07748722115000732 0.004092074753974225 0.08480455842247575 0.052795404599970744 0.05109731302670748 0.07178464167612388 0.055856499551646795 0.015047457368832612 0.08016121642792964 0.0430007694440439 0.028291141989695106 0.03173202905363071 0.04459904428960049 0.045648200416422 0.05581817106778183 0.01787216100959397 0.08620425451337309 0.060850969554597796 0.04397432488601936
60 0.06722970896688404 0.007041175073217717 0.041224782969532185 0.007537762424043661 0.07498044594783139 0.08134254220493471 0.07149129242774477 0.04134980643904735 0.08371775595363348 0.039709058426642914 0.03918608582215634 0.08139093574263742 0.0012673596382398072 0.07464216603756743 0.03260024655225315 0.04348376004648284 0.039759862857648647 0.022462699378704844 0.06555986269270306 0.08402269039809399
61 0.0066218224823730645 0.08312317381170195 0.01829679324058497 0.08796521556671896 0.03909396286320287 0.018971433829601234 0.0746519743572777 0.0044137364829294045 0.07269548572266062 0.0785610371393994 0.02354942073806133 0.03906012232279589 0.060535567784673165 0.05842288512695825 0.05765317005596313 0.07085414377265281 0.06040239098063946 0.02511933113993384 0.0904584894038511 0.02954984317802092
62 0.06153757573552413 0.08125053097739124 0.014162091485832015 0.05383762750401906 0.08662518962794341 0.0007254796874279349 0.04370940676466431 0.0475729838367652 0.0074793787020821 0.07511055566999646 0.06292451200112195 0.06836999927179242 0.03527026057012011 0.052735892413700323 0.008411611666242077 0.006851546491361884 0.06023750454752585 0.0643702163917884 0.08489149016983083 0.0839261464848704
63 0.021038576811116694 0.05797990527694791 0.08982717176474786 0.02356502788743567 0.11788684047854293 0.04011477307248992 0.08326224275197903 0.05304303185628335 0.09593541756643681 0.03680042501451799 0.03205641474092387 0.009905375500904173 0.000287541922712879 0.08089184544105359 0.007101585863272465 0.056822183223375365 0.042618677526100344 0.08471779895134651 0.04085519161445789 0.025289972735354903
64 0.08802879260130524 0.0729917697142786 0.029063808207692544 0.028407478189164267 0.014726554356101831 0.02906572934860293 0.08585143311460237 0.003643319903116051 0.045445545287339344 0.02481874572347193 0.04062976783874047 0.08142203804668452 0.01855395082438781 0.07210091698722661 0.07782796800573406 0.06725656583107806 0.06860773362019411 0.05941835895177188 0.04775756736568291 0.04438195608282431
65 0.0527304042681763 0.07908145935563682 0.04038016700451496 0.06887586650895014 0.02996257349211293 0.07812128580906959 0.0027201403667453145 0.08418719183069204 0.06414342437569043 0.005490537787658317 0.07674437427434726 0.03901859931705195 0.035882451445348046 0.04440874435176175 0.0462479303074543 0.07441684236318293 0.031714018162442924 0.004888453920226821 0.04648727550326182 0.09449825955567509
66 0.03103558594635573 0.006309568837107831 0.03863053234677897 0.03997066953211334 0.039703840383002405 0.01275146490941295 0.04827911882583064 0.05784832486813238 0.08406484089463767 0.07261738158126269 0.08059104095194972 0.02895655208304754 0.07588812612255745 0.006788488818996355 0.05292332852763671 0.05158037903397247 0.07784238481564446 0.06739872310370414 0.05582738699505844 0.07099226142279824
67 0.09707796938058229 0.0002572748867180286 0.007175047012926326 0.06048679766484861 0.017527094241423617 0.06893959916346823 0.062217376877127424 0.050078964646482954 0.06545063111877422 0.03532146758727546 0.009540062827758797 0.034718526185806675 0.06485315195293857 0.007299378643860491 0.09775174715301835 0.07049926449564205 0.023334854870472717 0.0676605364540783 0.09323784412241257 0.06657241071438436
68 0.08751806556266409 0.07623991058266272 0.04657770635658404 0.028758289368365938 0.010404045129608333 0.03490106220936815 0.007950036468256927 0.11723388210142037 0.001145699567762349 0.033154515340883754 0.010929771246605765 0.0980704819850327 0.03604421951437132 0.03577198646213262 0.06118648391506393 0.0854353533660467 0.013813988698158053 0.10812792587607473 0.027584631956001193 0.07915194429293623
69 0.06149005395223154 0.03962375595767666 0.06186934889768272 0.02551505702457569 0.07776067824017599 0.050662496823549286 0.01241570703435256 0.09081173981733881 0.06071782938616259 0.046198761329089226 0.04172111795842103 0.07350154526170427 0.08180009638489734 0.09064822408810265 0.06786892826298951 0.006861247633146059 0.015082276700134163 0.02804427651985907 0.05460824850225508 0.012798610225655779
70 0.06552634821287055 0.04347100036310555 0.08559759146079303 0.039656248328441036 0.06001814794714211 0.08213591376287072 0.037721124841156944 0.06781535407017458 0.04720506962992099 0.08499737126781769 0.01742222846852364 0.0013814108269542271 0.03246878760687493 0.08535752637138803 0.05030928728355182 0.02381308476927776 0.06705444695763012 0.028698579798605555 0.07851038125993819 0.0008400967729626565
71 0.10137907602854485 0.09054257563829592 0.01726745991806 0.03969309554969738 0.01775799406516509 0.04764483957129098 0.028781276996182662 0.007913760011870186 0.08481538733639929 0.03835018678056074 0.04669732995208621 0.010890247527367428 0.053647002711789696 0.06784217039841883 0.07004349448779343 0.08805779094779785 0.06902512476696332 0.019843900688718417 0.03511494320466285 0.06469234341833482
72 0.09933688967712516 0.08363941496177049 0.03798163640307597 0.03528454075692717 0.016187817897095128 0.012030729474880666 0.059428356858158046 0.11805826071812182 0.11728292253067468 0.029401134524959027 0.10965187454667925 0.0607007844240703 0.0013479131322750232 0.032631676734939434 0.05103277624032062 0.015287533066650864 7.452552822545293e-05 0.04615152181951264 0.042924282532760275 0.031565408171778116
73 0.0583460408862952 0.03373175944511043 0.01866657466314165 0.062143535023116564 0.02121667892771947 0.06359880215931153 0.06278201316622092 0.037275102928928 0.06829407791180253 0.03889585028479988 0.025844565776534555 0.044634233514047904 0.018654615422359078 0.0974147144691653 0.0714031227595618 0.07682612044321319 0.04770939601427214 0.034192052484170926 0.04337616421228608 0.07499457950794298
74 0.06487958360014251 0.058495558554173904 0.0959191194699349 0.0024854461284634414 0.0891508906322064 0.03233163792547427 0.07660029470391645 0.07945438356716159 0.004833693234680697 0.00891931066009679 0.08843929269391011 0.04504524897187481 0.03473570246641188 0.03776100876739294 0.05069581984277535 0.01306392724655615 0.05594825723043335 0.0017897995046200332 0.09323727023601569 0.06621375456375893
75 0.09596804840305993 0.03424011846935801 0.0179396850820832 0.03633692181371274 0.006658235624390435 0.095896646566502 0.06060291981126419 0.03232276322849696 0.06502711310245164 0.07700461936294721 0.06894258267108073 0.033231552947094685 0.03524161171498382 0.08825494170473241 0.003623263750506011 0.05795314063851989 0.021334482668613604 0.019567340087727248 0.09173226586756482 0.05812174648491026
76 0.047657665391148456 0.06576268743985347 0.020317157333451217 0.06864588411328178 0.07467407107565557 0.019531202893795327 0.04763066998358753 0.0764074707766975 0.0015757983682273943 0.07854811851874095 0.06426430991777027 0.028304666693561516 0.08816759472019924 0.0660735002553814 0.04121808494010999 0.009204743053706554 0.06077565790940236 0.04179556668303118 0.04459550950919064 0.05484964042320762
77 0.04872477127959718 0.08474462965497767 0.010019655381545364 0.08136216852566024 0.06735820037452224 0.020579143733580975 0.07299410461610499 0.027595251509002106 0.061080490969022905 0.058226048547676414 0.03900976289803705 0.0674121528043799 0.05307166045287922 0.018610436466931456 0.0036347585507484873 0.03107641487645821 0.07403208931694345 0.06374542075966058 0.04635142403179782 0.07037141525047365
78 0.05510332647183516 0.0005898301927527113 0.0165264646838829 0.07293527422338614 0.08530650174647063 0.003460139458755602 0.06050444726899221 0.07845520765897164 0.07939368348103504 0.0888598888468321 0.027739856452040516 0.051459382580254065 0.005683291117129469 0.06497940093591036 0.08399564912867875 0.06175719243685663 0.06456900035403092 0.06770060963310098 0.02123305088733144 0.009747802441752626
79 0.002835830975495817 0.06076551534336972 0.07696780071427017 0.00867285211349269 0.06185887420381893 0.02653623579937602 0.018232926213458713 0.10696811257402623 0.004974575738587132 0.04232277711024647 0.06397699548973833 0.08521701166554439 0.018038069167030605 0.04671671045136596 0.06359434876508323 0.08348552421784111 0.06287600845558448 0.08656762174282438 0.06112679263502372 0.018265416623821817
80 0.08054343873550478 0.07335611015531719 0.07719967162069963 0.05069369239848779 0.007532319718763692 0.019926701055593122 0.029940536693011062 0.04799539372932706 0.0700407943196394 0.07928909680154057 0.03787496769308971 0.07393657813603231 0.024336937055024568 0.048852015116577996 0.0873142854953068 0.0060400697886580255 0.049993695992641356 0.04894340531929627 0.005711483352748422 0.08047880682274013
81 0.057146541544454275 0.03303307183319092 0.07222723014621689 0.08523948862603711 0.07792529629733665 0.029828969195499728 0.044624738639525145 0.05119477045944981 0.08833537336226951 0.055740895394452164 0.05665223306141184 0.009482987563456453 0.03969242144475282 0.07585901995600972 0.06816240536418035 0.004383507555798908 0.02897245790700362 0.03884704013004832 0.01324975919781689 0.06940179232108891
82 0.031365371665638644 0.07328821277407742 0.06380083620930747 0.06992499365158669 0.04825155719024367 0.035910554824757274 0.07637737559503437 0.04887356012246501 0.024196105601579865 0.07664567265753018 0.04029384075269138 0.031487505700431864 0.05330369447300774 0.052301438284581295 0.034617216725796034 0.07296676465503356 0.01204570309204149 0.06610386842103831 0.024756469481303906 0.06348925812185392
83 0.0676142962655917 0.08039541188776404 0.07960038826410296 0.01386798702989072 0.029251335457235628 0.05338027173219653 0.04539342342934633 0.060292399363384985 0.004482440964019851 0.08865322800263989 0.06421609556410883 0.02599582529087411 0.07174401441069957 0.02452588406053803 0.08769837903810171 0.050477206663943106 0.02339953682936868 0.023308721153717623 0.04294446962211669 0.06275868497035891
84 0.08315183067936315 0.0716177406468411 0.029810639312018355 0.013103672260015884 0.08209924643749109 0.06361990428805042 0.08627603725469292 0.02144786668143515 0.06051255681230731 0.025117785046279123 0.008005959087968018 0.08484193632756899 0.02889743474804174 0.005582947324352316 0.059480500458612855 0.05976814970947611 0.029225181396889423 0.08794792544056881 0.05205801168633042 0.047434674401696686
85 0.015765536992069337 0.035628123415672695 0.024540336198887784 0.030312905826816238 0.04713455978886581 0.08640137274791727 0.07056852951153032 0.013206825087943705 0.01729387182081748 0.08142183398227348 0.08924332366669785 0.039443297016226876 0.07486848288892181 0.015806414615555327 0.06327797708233356 0.03853502832750322 0.07622608519903133 0.029267535915917672 0.06780081030474966 0.08325714961026852
86 0.034401580308469 0.04073851945179408 0.013462132748239333 0.027511844832263533 0.013633327966270108 0.08541725004088914 0.04501351067364708 0.04444763997391692 0.09858777503081854 0.06255932427577433 0.07833907754507398 0.018326424641190973 0.03997509367760068 0.07376713499807475 0.07259346928466892 0.021958068133958765 0.02863047302548483 0.09544715340175454 0.06591629850249381 0.03927390148761667
87 0.12245425319358397 0.017106446240553026 0.017900615777091556 0.07415129259900582 0.0274632467921672 0.09899195566288443 0.023326043446116395 0.025483649099604953 0.06768153209177762 0.00471302317273054 0.08268956016439674 0.0487555854352441 0.10287599565455836 0.06834680257555262 0.06508212899255911 0.05170792316079264 0.019665861478405683 0.020684111651506902 0.03681722400248712 0.024102748808981226
88 0.056371583780643386 0.08008873635770491 0.0029172023629335008 0.015430954651957462 0.017183948825220348 0.05572481035813722 0.07455457608928538 0.05805416404875725 0.021150413952130926 0.036416372056997194 0.04461978577542373 0.037054216399868486 0.06957174812746125 0.002658676041495615 0.062471109189127884 0.08394563792314771 0.017882694822418388 0.09084996092352857 0.09304606657629334 0.08000734173746761
89 0.09899799318874104 0.11845282110740882 0.013640252184888499 0.05326878806038641 0.044755675091933574 0.009708990746056134 0.004206059170695008 0.08780257630768205 0.050377662154520414 0.032039796919557925 0.06836793780912737 0.07068168703100823 0.0005562245022011869 0.035269327933712825 0.0808074474007665 0.04853948362199166 0.0916800812970966 0.04830951371046255 0.017408863187574092 0.025128818574189006
90 0.06490947740878285 0.00940857920905165 0.06233720756654674 0.026282316033567253 0.07156528435332317 0.08495311988435084 0.042951752466189305 0.04863329236021156 0.03672152307401872 0.06339220359724008 0.08919076287888072 0.03146038321738741 0.07916852283648802 0.07831057380475336 0.04254915494879049 0.027797572244799118 0.0602367683571287 0.005559726597743028 0.053826114995792 0.020745664164955005
91 0.01971524868935291 0.07590522739044257 0.046633232100242256 0.053657404703434386 0.09117663342399315 0.0467040615541316 0.01860604785979114 0.07605605571447013 0.019562962962423932 0.07359137217763231 0.03254537588670242 0.04095331010840617 0.08054391579547746 0.01762663143217371 0.028518781606635006 0.05709986006245831 0.049185215570169916 0.06748967383846063 0.044151521395854855 0.060277467727747065
92 0.07624019021442953 0.04523609158994235 0.0008687138831980723 0.02662304500259656 0.008854225517356923 0.08724212415415568 0.07548890646797357 0.04594067167296702 0.016490315444459166 0.0499351441419592 0.06714330041398739 0.047658730190970944 0.04756215712893991 0.0978325779220892 0.08130362389851663 0.09144782826496556 0.09631098986244531 0.0068946475936463416 0.015566736867626715 0.015359979767774003
93 0.0012116093611876393 0.05430337618249565 0.02877104380360555 0.08223522700999446 0.0765798642332678 0.028227810939589655 0.07496101978406546 0.0900452363327877 0.030408183326826918 0.002315388105008844 0.05579154910098891 0.09497600206701545 0.050428547040319585 0.055143843286949594 0.03046395111594973 0.03191436303660236 0.05309951495576036 0.06643178720775855 0.020790038154951278 0.07190164495487443
94 0.0399705261170113 0.003345576149797724 0.043076404947781526 0.09444458720430791 0.03709810770165703 0.0625765614419498 0.08458387168810626 0.04637709852572444 0.06645008733746384 0.07664700945335132 0.022263728376401105 0.05842889689780298 0.0014382869239645223 0.05726899404608387 0.03241388075254751 0.0901347029464704 0.03128102148766299 0.03045845528758127 0.02586074087976947 0.0958814618345648
95 0.003952021777732579 0.020820456118724143 0.05795580683112764 0.007175382413630902 0.03547964773871158 0.0693641392281339 0.053982137784114204 0.07443607508145701 0.051193079053620236 0.04495449883169262 0.06704581853297777 0.0816844272269415 0.06432024914325297 0.08955413354637938 0.015791509474799532 0.030710390194422434 0.06838064199315365 0.04473882614891808 0.04366843448750087 0.07479232439270897
96 0.03142557828440657 0.052893721025607146 0.04466687251575879 0.08141720149322804 0.0034528103245747804 0.01410149703143775 0.08219426177183468 0.07029992701842472 0.0528758314576596 0.09360101468067894 0.08496930740184987 0.030646356215845934 0.05858459041289986 0.06605959515778011 0.00488477660393007 0.08831516642179742 0.043989328081826366 0.035716261635469475 0.008397895379258736 0.05150800708573127
