0 0.061561060513198804 0.016414459880222415 0.08272188851165792 0.012272610222577071 0.04493574937901931 0.09618716477339398 0.09504359412268694 0.039361589108964604 0.038632031395911176 0.08906264177419129 0.06122030567729789 0.02859249270059724 0.08608776312769865 0.039384614242765945 0.013537064914810524 0.06995477454783065 0.051543551035186104 0.014907463886654659 0.05211777906370978 0.006461401121624891
1 0.0980994287248375 0.10791386484558023 0.017516343751104762 0.04156430058281773 0.0027467499249663532 0.03491843126907874 0.04400851715511392 0.029216047486318397 0.03423767465338669 0.0195327514287819 0.018138977767291835 0.053540423636859846 0.06902257870938479 0.09187932390899821 0.0931030554126153 0.030691566015964053 0.09796365391290575 0.08031341457887624 0.006814209460781624 0.028778686774336024
2 0.010236909705222865 0.057708145665934456 0.07972567452946354 0.026799716965480957 0.09442837171642174 0.03855812170259125 0.0035525585168394813 0.020200142499934914 0.0943675856480865 0.07250261805662192 0.06223997773387588 0.07029323104182367 0.0835833547371442 0.03869818350322655 0.019949451954341283 0.017397271981455124 0.06900146083030906 0.05219439937567212 0.057592086688471114 0.03097073714708313
3 0.006035395097247577 0.00313668175494091 0.008705247908152072 0.020329571234709683 0.09232408222621104 0.09478975707085414 0.08317739414905347 0.05568945455447762 0.035013797670138035 0.0666568618074147 0.08632318957597958 0.09058397056941092 0.08209121894871789 0.017339473426059304 0.017076085483511666 0.09306524704654237 0.006497403746537049 0.04551932829174878 0.053406992820644116 0.0422388466176489
4 0.04714458236316572 0.08792576911560579 0.09325794787446326 0.023215363538459027 0.00022172549348120255 0.06555118167485204 0.07603015641163387 0.0891830582607618 0.06786911978204808 0.09109017780148637 0.05857760313587725 0.05818556643503802 0.046656941608111104 0.0030679102329508306 0.0037171016260557116 0.06187322673498008 0.025158483013034354 0.02857423045266537 0.042818874722663165 0.02988097972266703
5 0.06287329729592572 0.04841025808032542 0.04814621250062287 0.008107513393359585 0.06727015244605698 0.01368846484155483 0.06589179053290574 0.005011098017511715 0.0867494782266103 0.03656957235782334 0.06834105550525754 0.004485369735480798 0.08369969027950988 0.026022642784901587 0.06348384065419448 0.06286285226348004 0.09370879020448968 0.025269840590041802 0.09354326562561739 0.03586481466433034
6 0.08422396777505402 0.04816155590895112 0.029127946731195203 0.07113601994120554 0.07613561798724901 0.05444465881521316 0.033537489621497 0.06661485162871873 0.07115512381059148 0.06999014538006132 0.0022965150574953555 0.08118677163074917 0.03421341148646321 0.03644821699468729 0.04910511067525446 0.022936209622862944 0.036033138034322426 0.06057068447927158 0.02766224195552486 0.04502032246363222
7 0.06134520302554025 0.0667327056973086 0.02078308428802079 0.06357821193466448 0.06658300941101647 0.03135318358823651 0.04690431752083459 0.08222413359243355 0.06296841317057796 0.0513391954744391 0.03204750597295596 0.06562559362287528 0.07532570494390417 0.010335292708522412 0.045675233163266854 0.07331206009228293 0.057906242649037674 0.051153306956639374 0.029833207104715685 0.004974395082727499
8 0.07859537594302894 0.005575254573866313 0.05042897829122405 0.05715640436524764 0.0404066134769282 0.1045608949050373 0.03182508035743786 0.0015431721340311985 0.07120760571421757 0.10336750219283286 0.03320915729318042 0.11026368266142743 0.05733498527314984 0.0657075315372381 0.001302089816520842 0.04650359179535087 0.007767312512377695 0.027649163394619918 0.060990337163783895 0.044605266598499116
9 0.008533687841840078 0.041322392855899774 0.08767298672180694 0.03905819482491492 0.03458164399619679 0.04513743755867978 0.0512169194890121 0.062579407891569 0.06435364535608647 0.12292771027574008 0.0512999801743567 0.004967747821924776 0.038430277596072114 0.005942802882844061 0.033822202153341654 0.11998084817646837 0.047831252263442266 0.09258919225766453 0.009367609309114974 0.03838406055302483
10 0.019600664645184927 0.04359796054892058 0.018201466082839474 0.0878914292801156 0.052377489680938145 0.06276200416387566 0.054374852409880235 0.05701056317886958 0.1138683157861093 0.005735398602386253 0.03485798674415165 0.0796279153363411 0.09305087439527039 0.053783847038751414 0.01030114305575969 0.05322409821218788 0.0038420216481984777 0.049881008810044425 0.010715867335399096 0.09529509304477585
11 0.08696321318721208 0.03635914822624796 0.0367680229666367 0.04098455499269843 0.0731797663513259 0.018336379880254335 0.058657583570506155 0.08713187752529596 0.033304546507529606 0.08763545675529043 0.005910143524223645 0.022774106803427705 0.07372806388999524 0.03968003751841474 0.02391257265007915 0.08500267922579494 0.07028994551059675 0.002465291434886061 0.07294466361889004 0.04397194586069415
12 0.0342034234498142 0.04237545121118514 0.04280590869741853 0.08559757232555928 0.008073497395508942 0.07875466620977974 0.024874032488942932 0.07857453508411748 0.04458524297589576 0.03075564647612398 0.049223850400976155 0.09304195057103132 0.03248827682833192 0.0021320249510253116 0.056852235339730356 0.053005298338190364 0.056460719653614676 0.026736807317998552 0.07222724550379787 0.08723161478095744
13 0.08507275707455093 0.05224088206166938 0.09120756010663689 0.02179136840285054 0.10741705432095686 0.029565620070829014 0.1053072712155788 0.06529787333125961 0.049554107522598305 0.019332768004644972 0.020026508135475272 0.0018790934052056788 0.08384374870217928 0.048280126258676836 0.05954596103785275 0.006593696116317619 0.006841499405099448 0.026395412567719736 0.031345159191452504 0.08846153306844573
14 0.03596567364077964 0.022956689581469507 0.02745708966885635 0.043755152724964705 0.08206092546073922 0.036937363945550486 0.09012700442143555 0.089568169739939 0.027665500258693153 0.08836637821404848 0.06867072976634514 0.03074235713956174 0.03506513625220098 0.046034000225479765 0.036915390904150275 0.054211501590509366 0.08310033002822703 0.08504116325992718 0.012850966911262708 0.0025084762658596316
15 0.023690429083601843 0.060672226371288704 0.08687554361702374 0.07738581417240173 0.07902691322172266 0.05109364409574864 0.05872906416487898 0.0250571926471532 0.0020842109805927324 0.005732595502554618 0.06914229451660482 0.04908667933069527 0.005568467876386793 0.070522587176902 0.08234573776299509 0.05867421792495027 0.05570143873863795 0.031597107361013094 0.020976680809508895 0.08603715464533912
16 0.10363186189232884 0.10122073396791667 0.0026066050468876775 0.09766737692809854 0.10465601861753468 0.016078914642079285 0.07743774377195772 0.02800376191337665 0.028895285378238912 0.08936578041939894 0.08089627342501113 0.02733855428356515 0.03895178409416453 0.03925442347006127 0.06354652498615328 0.0005079661984088256 0.019564901269956386 0.034023637708405885 0.024175147869679125 0.022176704116776476
17 0.042120792069191185 0.07380988215116596 0.07914623661134561 0.06214827178534459 0.03801758024231735 0.049558266713878626 0.06626357648268691 0.025475949814838358 0.011516194954928902 0.030361156066020547 0.008791595542982672 0.010098114419677161 0.01634771417960895 0.05912535107485494 0.10129295443907517 0.11209492189640939 0.07807098036254644 0.024235094565091174 0.06710710824618818 0.04441825838184804
18 0.0772165758950775 0.024849857297045454 0.07597373652539803 0.03512319120936876 0.05382072556209436 0.03505803613715598 0.04487836679808278 0.009372964129170769 0.07495693142188943 0.05023385345199182 0.07739209608569997 0.029668873845450236 0.0720024746711329 0.04041363877634853 0.012210664689285451 0.058978761438514604 0.04261447473050564 0.05300676853948859 0.07781093926725219 0.05441706952904684
19 0.015739180620608563 0.04737971054909808 0.056798966160517016 0.031182590876333984 0.08185306778471373 0.08072452199104789 0.051745020151785316 0.0871519641351726 0.04833335595959797 0.09620767154085953 0.007354281222244348 0.07764973316488662 0.00022404493912798803 0.027730541869810398 0.04437620288183541 0.014788442215423222 0.05884403164380882 0.04479352588452853 0.08792255201348334 0.039200594395116445
20 0.0191551980635724 0.036244192339757876 0.03498082898775771 0.05698611091870262 0.02382360970004944 0.0629496702801222 0.03426506830262101 0.09835445853318325 0.030753564293784764 0.09054636849653869 0.11172836694479772 0.05866707313994483 0.03818309307838366 0.049225129151497224 0.08665644267677747 0.032937999906130146 0.006585906329748523 0.008580811939438184 0.07405959315756971 0.04531651375962231
21 0.003816046666439052 0.07783635196541856 0.047055454697404235 0.04908136891811962 0.0781137480695279 0.06389615282036487 0.09093608667244679 0.051471933395822615 0.03401430523200696 0.023992405534752268 0.07420487965377658 0.01259321582901615 0.05697217889302611 0.04780981182514155 0.02875420228620993 0.07497792027250276 0.05161724793558112 0.006430447716313393 0.08602083251099325 0.04040540910513644
22 0.017804223128416223 0.07771786172565198 0.09099054511904185 0.00813159045073512 0.056473808733507366 0.07531255680615455 0.07240997421852695 0.06940309135482338 0.018160898325161066 0.042501735164270256 0.0920562300926061 0.032846094850711986 0.025342881195261385 0.04917654469662282 0.01902724119238933 0.060844464274058534 0.030993005287001503 0.04735257639736144 0.0581446248028484 0.05531005218484982
23 0.037133343416093444 0.013020456052545109 0.028344788108637664 0.07456746658738246 0.06029007265802304 0.0006909470563731575 0.09014099452322973 0.0962989437474849 0.020616598474708505 0.013231907195824072 0.09591560835001552 0.016880063331816384 0.058448512580278535 0.09374284816170142 0.10338604066615244 0.10381326916418505 0.02014847652278789 0.03430607857133472 0.01305184238499339 0.02597174244643247
24 0.03735432548350713 0.05800097199609262 0.035118425142380574 0.08896310056131812 0.031702635670800526 0.03244378309755427 0.028711313895894083 0.048478441282987964 0.06556832704040322 0.017235432149496875 0.02461739783303553 0.08525524119044359 0.040780980624284806 0.09476702797581617 0.018331855155735474 0.07301418198624546 0.011780561784103851 0.05918323430351885 0.08506099979423065 0.06363176303215037
25 0.020435330340273266 0.07416811351888322 0.06033314448487766 0.013182689038719355 0.03872253876112577 0.026819931595832007 0.07164431357028751 0.08714373274963447 0.04438957794052639 0.04870050070331567 0.04120433918237689 0.009849514232718563 0.0930234160853882 0.0545411177142428 0.0785517137309654 0.05864104026310272 0.03429237181184623 0.012591727590857827 0.057870894700968324 0.07389399198405772
26 0.07986146276683968 0.08871707064390659 0.02250892843518552 0.016525739879083703 0.07862742748347346 0.05289183446296429 0.036239335085684436 0.07108615197384716 0.05863398921590826 0.02090224189408809 0.03528968537562732 0.08550393890130144 0.03842891444745172 0.02858655057614993 0.013200840314080411 0.08427468422482713 0.08852295892200888 0.05594565626776106 0.039765542661158025 0.004487046468652645
27 0.07919957316371103 0.08000732763943694 0.018698556863235388 0.001967919770172527 0.09431459470804945 0.06855281456317122 0.02318953382852167 0.041431172064760116 0.008421147076339093 0.041537493969415154 0.046732798377414654 0.08166597534398903 0.03877665558634557 0.09389186752894307 0.011219378297382928 0.0729987340539035 0.001441446929389346 0.032481050221540034 0.08804281706650569 0.07542914294777381
28 0.05636744110263768 0.03300633125133122 0.02178476842689679 0.053374993989476135 0.0752745044224005 0.08958399967542369 0.050960291779612636 0.020664680141085502 0.0933790777210375 0.01026743827525904 0.022319298159640955 0.09484584349499443 0.052225220101107125 0.07442184088441682 0.0038505966605342132 0.07876320523533939 0.06870020867697246 0.05058874583818623 0.0011866601036054159 0.04843485406004226
29 0.08318670751521445 0.10609211228881198 0.004244380570648886 0.09579031034447491 0.08108189638352693 0.003631673622368202 0.11547707173650566 0.015914796844394292 0.0033140440004772545 0.08584100173615888 0.056287791989569805 0.014362968462268366 0.08734944213388597 0.007070044910908419 0.0016225504699576376 0.009179290795640116 0.04601414986063033 0.10777723559250812 0.007105844066773264 0.06865668667527657
30 0.07196042837613678 0.0403344435492789 0.005528000783429836 0.01577023762391252 0.09641301357871812 0.090358026731542 0.07451912289911289 0.006463382882171615 0.03041652369109387 0.09172940417342874 0.07039944695919308 0.04231696067003101 0.02481665789136304 0.09085192784153366 0.03520339059354285 0.02649823170882682 0.03428112716617369 0.06724872818978642 0.02927379948294747 0.055617145207776574
31 0.06914797449337631 0.055854622522743695 0.006478071935692099 0.04172008426006434 0.06212464958191421 0.07712828532703994 0.04050293903617415 0.07099204085636351 0.03539591431944284 0.03712471727255932 0.04318414859094607 0.004127678206148415 0.0956830401904905 0.0935252497800666 0.02910176469777544 0.022462281601910748 0.05781859034648452 0.09631348362352063 0.0041625555202120645 0.057151907837075
32 0.013602376252495172 0.03287362365689703 0.0770271274962259 0.06569438820129957 0.07218345146188192 0.09990789840196933 0.034441764688362186 0.002689429868715325 0.0010419447097072512 0.016001508930173648 0.03194041225809262 0.08067445523565983 0.058551704802279454 0.016367471915370465 0.019574668028085003 0.05897306735019126 0.014335045053986504 0.07747896415719122 0.1155972086996178 0.11104348883179879
33 0.06853262964916232 0.005465658445283524 0.07156892670847403 0.05522354302704328 0.07080051162429958 0.08084959850648266 0.0019645082429503623 0.024424935986576208 0.04553542951340852 0.07102695415569242 0.04140877938379807 0.04401256812708556 0.05154599639038889 0.04856118285272176 0.08920581405893324 0.08167464783574396 0.047833068997803985 0.004354720915614765 0.0339833141615586 0.062027211416978284
34 0.07759531055210696 0.03189169208738533 0.04398072249426787 0.08869602203451443 0.09836883804620525 0.08377133668674978 0.005249381429476509 0.10204881317837551 0.08747646667978175 0.006657640773300324 0.02792839760543543 0.07236204437269507 0.02144179502278729 0.02003775942593907 0.008006544191524318 0.06238138583699428 0.02040344279121832 0.009288922476951513 0.08356971299138953 0.04884377132290127
35 0.04728727379442785 0.09222489610704915 0.01888088729732249 0.04191378777170056 3.946609884402615e-05 0.017773903924649833 0.02225397751689321 0.05717401180656846 0.0010223065145638875 0.0815752592555801 0.025137672537042924 0.07647622619148275 0.0642170882731086 0.07784818559162018 0.031095824462627767 0.09830471678056636 0.08895448399196725 0.07944500122181142 0.05232742961073732 0.02604760125143574
36 0.04128053158466235 0.04941191578283053 0.09231427250444835 0.021699121660447157 0.07537833067004844 0.02881717169064352 0.05207964488557066 0.06473432545319646 0.009014070520283565 0.04025816609021235 0.07215371418838626 0.050366676580511076 0.0602487213141752 0.020005022945977526 0.030271345250151117 0.05944142364531729 0.054762494653996026 0.02119409608884404 0.08545309358251621 0.071115860907782
37 0.07617148671384094 0.062152180694854765 0.01985277515888131 0.0623958151169706 0.01979246739244127 0.07101148451831647 0.008631275268568165 0.08379814503817946 0.05091507817763462 0.07810751150953268 0.05798493446659379 0.00035279059460133834 0.05187709116636692 0.033831222811540246 0.02248814057063563 0.07639886970250069 0.0645565307223194 0.05407810589886327 0.08662553146207601 0.018978563015282484
38 0.02369621422085837 0.03392321747831759 0.09657486106735169 0.03740737749271436 0.10172311128659467 0.004361102741821905 0.08731395791625528 0.010879752937197921 0.1007116550236442 0.06764678255577777 0.005044909090557495 0.001419433596394931 0.04290028042479015 0.05660084436675783 0.08055056775674824 0.02436253511964571 0.03827192676842969 0.015301840069581713 0.08164014806817198 0.08966948201838883
39 0.0546402001211855 0.013386019417397714 0.07886746512444213 0.02189077302708996 0.06332430552797447 0.0981620378782944 0.027351975803318225 0.0746775905492687 0.029023777013524064 0.0007600077705709398 0.039730257722072476 0.058845951419231345 0.08549958680131689 0.03851899475300252 0.0830404131625985 0.013651503644683032 0.056688233651168075 0.05952602190908638 0.04008014588717839 0.06233473881659623
40 0.07186226256080228 0.005680263528005788 0.04144743255499972 0.06692471620006783 0.09789302441088751 0.04541317163311494 0.009977028694297197 0.06142233780864444 0.01412088725846432 0.0865330774467221 0.04625425642725255 0.0963943983537337 0.0009787840568065273 0.018416858342300765 0.023172850989512276 0.054473731184884674 0.053486248609098196 0.09290629017773476 0.01803891071710528 0.09460346904556503
41 0.037420815124564806 0.04103920455935724 0.02218691014559569 0.07244016456754586 0.04649995169910992 0.0243385264731481 0.05252002362753378 0.05001963142760902 0.0821992636984523 0.005005229633085319 0.07558794735554535 0.07695009693151127 0.0233308378972213 0.06335567128805832 0.041894207328718486 0.06479061335226208 0.0764046406517581 0.05263034732790235 0.012645305072058423 0.07874061183896224
42 0.06466961548045987 0.07668806310115132 0.002844631546706449 0.06046334629170415 0.053812413522846075 0.06998288313835989 0.023335736396564104 0.07932943654342155 0.06822305597624759 0.017559093042928884 0.03687980304601924 0.05191616752985213 0.08294602044818974 0.024968777121628413 0.06387669708803223 0.07327506527339099 0.021688108256723928 0.07622733383988334 0.04381689199199442 0.00749686036389585
43 0.03799948357599291 0.0709285466104145 0.07087419614133818 0.0005606158569565817 0.08587225841975206 0.0433262893345107 0.005955624091550749 0.06533031036859364 0.00373497098186125 0.0526714748760977 0.01742932498494246 0.017033730101705755 0.035752780481538744 0.07078002140574771 0.05525618386596371 0.08754691153500632 0.0751851088030941 0.08150185515658263 0.06889199995403342 0.05336831345431674
44 0.055795972811749 0.06264754187784707 0.04770507948233485 0.015417413568293284 0.08007251494413381 0.0182820670888269 0.02697574395958884 0.07739981962656328 0.017776628399242364 0.045057063756224695 0.07151669620906942 0.0357160951788297 0.07939868282655535 0.07008257854567758 0.009824535974940925 0.03819773209353485 0.05886798580630759 0.03347529353210649 0.0755510945144242 0.08023945980374969
45 0.07408985728518747 0.10308370231330731 0.048477109029849426 0.027526027206770654 0.07690711228679895 0.0877824602077474 0.03950733589653822 0.011118520206952106 0.0003780455723821767 0.03407860826058698 0.046909911716149805 0.05110742516425308 0.04258616706510082 0.027180936095382593 0.09418013679564881 0.040795955845690825 0.06960670652856529 0.0789484386973037 0.03389549526106642 0.01184004856471782
46 0.035063150278924225 0.12573505735813942 0.012640061104597762 0.05444133647528014 0.09919632229011703 0.09733136639052793 0.07496302676086432 0.059269958945975997 0.08186966520486959 0.041758643973760765 0.09832481369803346 0.005905834933145499 0.0990658353692687 0.011300217296176583 0.024279253227620576 0.012929023155469432 0.009116438219102466 0.042669629754681436 0.0034828803100497912 0.010657485253394857
47 0.013496454922780902 0.08189051907875208 0.06391063000191252 0.028890920019273503 0.06542078345704407 0.058704564242840394 0.013926579172057583 0.08534011867814044 0.0885732307643568 0.04320086329664263 0.04437973970456889 0.04885755103238577 0.08356998649619851 0.03933312219812105 0.060619349600338664 0.03846312634695752 0.038663367506624864 0.028761719745832703 0.062430492995153936 0.011566880740017091
48 0.06104213708013746 0.08928411246087549 0.055657839340794595 0.0008500108762792413 0.029092208859715814 0.026891362119443873 0.07687093158580796 0.013687063917356983 0.03895891502030474 0.06543028029598336 0.08751158181230767 0.004756672101735202 0.00834806414106124 0.09676430730371867 0.07800344350587743 0.029040858359837246 0.07175940185342425 0.0689393641037929 0.05232324093445929 0.04478820432708675
49 0.06713519166261825 0.024040409522522604 0.022027631342020872 0.052612859152257836 0.047383175020536746 0.013184781452178941 0.09743534472976174 0.0635848382219527 0.05772114584993141 0.007343124675710653 0.06597488897988357 0.046758523998761056 0.07550005796151647 0.060580992171567774 0.09158329877734551 0.07569475627436674 0.011911776736283368 0.045395939641294236 0.057204124197483275 0.016927139632006104
50 0.0018432772567661179 0.09280497774421141 0.005770231722269123 0.07332706798911826 0.017343188083904 0.07264504132069903 0.05271896030188625 0.02997814626222466 0.013198259451881442 0.048550477128366666 0.028336627040141834 0.06644116347950865 0.04864952310709839 0.07352851404489251 0.06832775315169774 0.0420186950242504 0.027225678893227318 0.0748337454118858 0.0865543902683978 0.0759042823175727
51 0.05205550171881267 0.04049741288260239 0.056796907066846994 0.051468601924444204 0.054768336787670645 0.005250530760086489 0.049226088147814796 0.06268946417987326 0.05322483794097735 0.009525912797512333 0.07739145065538079 0.02653836390656782 0.047327328840914604 0.07678711914605986 0.06716629668161561 0.005147662149592677 0.07339824057095343 0.06828800054256004 0.07147180643595862 0.05098013686375525
52 0.09634845076747167 0.09597794319820853 0.004847608235670809 0.00470416545121242 0.08249397192444284 0.06773994748825368 0.04885171812174572 0.099309834967961 0.03485677224386233 0.03393144159650625 0.07477158901614311 0.06308887446432657 0.0022965640380311412 0.03950018136677681 0.032402012854963955 0.03551349058842277 0.05966986919000317 0.018795902408766964 0.07490786545573655 0.029991796621493687
53 0.03302190092660275 0.0814832367421437 0.04712782027481321 0.09136965561478391 0.11113384866743115 0.0013455975174832525 0.013738832611319054 0.003226074507442418 0.005869709067445814 0.011978015318541067 0.08875658784528263 0.03847477160272878 0.06990752821180818 0.09712085497254619 0.055628692080452 0.06662594339951422 0.054876634405842985 0.09797310136627468 0.0005935486306479114 0.029747646236896227
54 0.08597293567268709 0.05933804068099357 0.008515052310988999 0.038724059644043046 0.0018694350310492962 0.08784701190378276 0.004323883186290573 0.07865507684863716 0.08172011665160318 0.08259813488089446 0.08358564395089198 0.03554277452927082 0.058098201880660706 0.010930842757128157 0.03413022174409218 0.08702586538173493 0.09005706507766184 0.0009291266887330397 0.06962864785966376 0.000507863319192416
55 0.021284159935208463 0.07935488166192387 0.0800090951886705 0.07078939835413535 0.0814498622846422 0.05204324253897027 0.03418174381808253 0.06444376668688212 0.08197888782101702 0.02169354000569325 0.04170648442902528 0.06621104808113507 0.03973580135381081 0.011965260958247025 0.012861232786973526 0.008801915963135587 0.08105121863156954 0.050990637034129455 0.060469962654510885 0.03897785981223739
56 0.06315555149794462 0.07343371690101494 0.03334960912115798 0.057106985186391776 0.038402339495366734 0.06508341152689036 0.05663883369372603 0.0752061206732549 0.06322648581747338 0.01886583470309338 0.06742167195071952 0.028945724328738955 0.07520232937426269 0.08397707070287681 0.035724652768358726 0.024681074442925416 0.024801690365774728 0.04732184311293376 0.05782669530822373 0.009628359028871524
57 0.022930109930173782 0.06261505859666684 0.10351173206980929 0.07347442842098045 0.02770302074400397 0.021486872318054927 0.08093766171695403 0.02304772482506399 0.03283565971302514 0.0057419878051714135 0.08151703143999828 0.023796723938462168 0.100332838827291 0.0223516215215665 0.07940074556856003 0.045434261959193215 0.06135946462619783 0.08367110809435374 0.005952133704863543 0.04189981417961
58 0.1205509054454531 0.09200051167418868 0.09901101501567844 0.015826761890938196 0.028305660900874507 0.011937997980534562 0.07747746596726261 0.023449909162422254 0.0045304726200086146 0.0322220190983579 0.02215656265894478 0.04498003863929778 0.03438137956450262 0.06095164462634903 0.12215458144463501 0.0629212305130778 0.06407758536788569 0.04490707804658713 0.0181503130396309 0.020006866343370327
59 0.013965025989336396 0.061280636003512835 0.03239016909740607 0.061307539233760706 0.033940524205542756 0.023270283630317 0.09500481263400608 0.07928035682585385 0.03749266689638801 0.020180378514906207 0.08796368560187558 0.041620959566194174 0.047844239248810205 0.008174165640529092 0.03418009149853378 0.06168299548800394 0.08314714585633093 0.04637344399011026 0.09121560312409448 0.03968527695448784
60 0.024484300362480012 0.0403445231467215 0.06980432858918457 0.02140830863527424 0.03612236272919145 0.058284368027199995 0.06416786982634902 0.04244612249465307 0.050532340287159236 0.07598927106204846 0.0551715634722701 0.07252993590339436 0.09145395444878923 0.002446367369320716 0.07655162384981182 0.054414966195249485 0.006595840135543033 0.08496005729536216 0.04116688598274015 0.03112501018725728
61 0.005197519093636529 0.03743469499710263 0.0531128825467917 0.03941207154715795 0.0675764208787716 0.052402503574138726 0.05241244283205748 0.002519873900382211 0.039639665886709224 0.02177760265237481 0.0588753337400779 0.05140704019122106 0.07323816855726639 0.08511808010507202 0.07413908070708791 0.003159456856528803 0.048886263720977416 0.05102375750877758 0.09930521042716363 0.08336193027670459
62 0.03747060536905741 0.0021593791517416213 0.04978589752887019 0.06521581559081778 0.019148462638313834 0.06580947472308739 0.03078283946080796 0.08295439357296035 0.07012034191373655 0.0625172751609742 0.05016631626912375 0.05388719325307858 0.05120091997071447 0.01716486940121236 0.07947755699015883 0.07641675170331513 0.05163813333802321 0.04229431004395941 0.012765035401110658 0.07902442851893632
63 0.0903963190557962 0.003303165117665207 0.08342103908237614 0.08995304141943403 0.07092026300426466 0.03260770187982857 0.009975017241682918 0.038752716230778486 0.04174305298217618 0.08911152498368718 0.08406452294747628 0.04704273393782139 0.062446135081897614 0.05263392754332498 0.08153148214414474 0.018987050807266984 0.03883368933176162 0.026956922982909675 0.033037101988529154 0.004282592237177892
64 0.038806595273207914 0.03782883107128004 0.012283294635691944 0.052331311302772986 0.06080613037458374 0.07507031715919264 0.03641925397594255 0.0366189473125128 0.06750581687948459 0.05917094945336093 0.01720713928021611 0.04960996560296024 0.0203467967984024 0.05854773703058224 0.04477413458045776 0.025834531281067576 0.07282995626297355 0.08002041659795575 0.08010552534375737 0.07388234978359683
65 0.024626375112151107 0.08766438214648335 0.016956406597931583 0.021206472448730043 0.04108443145808855 0.002841656414668087 0.07686257995312899 0.026919553525202047 0.03649744476942188 0.05054390104589595 0.05229518481789389 0.05372680435287087 0.05245364236408602 0.07379203818192821 0.07500222052123111 0.025038536047207332 0.07207087732113261 0.10348755089055893 0.0002345652266220315 0.10669537680476741
66 0.03480155072359712 0.07869758195563022 0.05858569077808897 0.0025571081857353453 0.024255735464003343 0.07210372622830215 0.05148916424235356 0.07767669646912934 0.0746794507435977 0.031454153046446755 0.08239260604520386 0.04507058700123755 0.048032732638641384 0.08366053797622884 0.08509986110400024 0.03395989746980626 0.007023710755014546 0.006005841144262587 0.015741142578006316 0.08671222545071397
67 0.06942382638312396 0.004333901364995435 0.03573985248631778 0.04882881475192013 0.00988621635842401 0.042686415708675436 0.08309282615345892 0.10140903263110665 0.04270907043220599 0.02971596195846821 0.041431565731241286 0.08499645848037218 0.027161851794684014 0.051954636402926115 0.021732669413877297 0.005441531144784358 0.06315177718387585 0.08775491221360608 0.08482450068503537 0.06372417872090093
68 0.0861968707159885 0.03418631667237309 0.010897373383810832 0.07972016447201177 0.01717892104303511 0.08176540682279543 0.07468390265057492 0.0562017634959983 0.003884603258101498 0.028267373353630526 0.08664705825187206 0.026567161257311935 0.07262847056357725 0.07315447498228154 0.04368660938197735 0.03645351499939082 0.02960748327486534 0.008070160308860718 0.0821481573044218 0.0680542138071212
69 0.03086276413401732 0.016148641667642273 0.095928083417591 0.03516899752124883 0.007991487110953 0.06503666340421406 0.06082963393076799 0.10761557711666869 0.0665209495945302 0.08565733994651135 0.07208326981232901 0.011984435347258383 0.03965502341038445 0.025943240396780032 0.013469214626436727 0.01337393548200433 0.10040156495966218 0.003790307107160767 0.030611220312333452 0.116927650701506
70 0.04378938972872519 0.025345584330252413 0.10398755583962156 0.05754538509504385 0.10475848151388695 0.02562419890375612 0.097120967028847 0.001811958098851748 0.05783503553493718 0.1025043221768947 0.025459951317827977 0.019903642064854996 0.05508894522172188 0.021293767544259323 0.004428895077241912 0.006586886583737966 0.08587252852710592 0.04730123222253064 0.07028400663623044 0.043457266553672
71 0.08626903083064967 0.01005342456962854 0.09412950174757256 0.055952134573231595 0.07922448868344711 0.055762757161861874 0.05360839614518699 0.03934498516156233 0.047186548219739666 0.028234707193844244 0.02539128277692112 0.0930074717662568 0.059118568369211956 0.04395941283379404 0.0037616228107960896 0.009815132380269487 0.025149891893107377 0.0006556037106080193 0.11164948643109095 0.07772555274121953
72 0.05410598055912459 0.0028460010449527623 0.07243625280321939 0.06965961063580868 0.0778056313219157 0.01603585241029624 0.10086556484861034 0.12019245972525852 0.012649096993421769 0.0012570824718534945 0.006543604282091693 0.06475826441093858 0.0007954027946039846 0.070526561343442 0.1233760647192772 0.019405222490043346 0.06562187182461571 0.03556114212137541 0.07362195117501869 0.011936382024131914
73 0.02666814302497404 0.032912558839520975 0.07919921050942967 0.04908414964263364 0.11065927002990403 0.06480154100122615 0.04295639433862523 0.07630255543449728 0.03205469593424122 0.043886855064424364 0.013206659080026786 0.06230287873512842 0.08617846734383229 0.06037416249762035 0.013086038238997452 0.04657507660098495 0.06755631809269534 0.014871186361280243 0.0023539216216287625 0.07496991760832881
74 0.020368453513509986 0.06190915897229177 0.013134640802350562 0.05029547494907377 0.07826098927949338 0.065828318053851 0.01914699249304626 0.08162924839908539 0.00533290088793704 0.07971939313296816 0.01575507148695195 0.07853650736356538 0.03315283159184621 0.017815983125881018 0.03285152862005573 0.06514582067024996 0.06694482131270275 0.08662409067750762 0.029391931334241235 0.09815584333339057
75 0.08277011656529765 0.08278679676099007 0.009290760314972203 0.01178386889425218 0.0019049882985030127 0.016912335606871012 0.08145898728172647 0.09110667029644069 0.03571622808787401 0.09489803237003931 0.08400292716194087 0.08480660887438228 0.04837199490274945 0.0886767502532378 0.03404854450293488 0.05765432824676493 0.02272228876162666 0.01248127884227693 0.05612131055092347 0.0024851834261961996
76 0.03902104476633257 0.02507080349472389 0.005938702146681472 0.03708819146659658 0.007133181981303688 0.08416366086729232 0.005178944217658649 0.07739573661735931 0.00023287151275881487 0.0482557100882513 0.009687648551573348 0.06867125936407387 0.07431637135168954 0.01843085312317854 0.10751195439221498 0.0787857115308082 0.06288419044051109 0.10873772788302424 0.08350705676404607 0.05798837943992139
77 0.07143305029689014 0.03219493496382093 0.061585986260331696 0.0066597629005011975 0.0868130985450498 0.006781183012077249 0.08295479755029948 0.015827467643051592 0.08748272621526956 0.09680544624515372 0.09283280441886806 0.05860386399192654 0.07941308766381816 0.06088333962606222 0.0007922716572705016 0.009627246320977105 0.027899789377785374 0.020476965293976603 0.08333786831105192 0.017594309705818125
78 0.08457547262356259 0.04973523712423423 0.06830308285068376 0.031175048662360445 0.029878699917082564 0.0567640348265179 0.041810710053637616 0.0013937317359771723 0.009042736371813066 0.08413790805407623 0.07254004958958023 0.056728815092756395 0.05260948066693944 0.07446373076067174 0.0693923350083056 0.03212362513912178 0.03797910472727241 0.09012820373259019 0.04804766144713352 0.009170331615682977
79 0.02501458352296649 0.08821532533284429 0.04192094711814272 0.06781363949005403 0.077735797717867 0.05500840952642519 0.02443984336558977 0.07121046501655427 0.003345164107817212 0.07158496191373187 0.04213329530233656 0.03564306120381007 0.03881151491056568 0.04729441037520806 0.04358245541542959 0.002320072966330173 0.06871866632348361 0.08963201972890081 0.014663384336704176 0.09091198232523856
80 0.06661262103738108 0.03168375732890703 0.02761408997658567 0.08925773291773641 0.05911702983627705 0.0006408886019704279 0.03172044743767436 0.07621294512645793 0.05189749039443553 0.012554802959247881 0.08468274141685586 0.023820501669881172 0.03613744973995635 0.058486433153237594 0.06679243127135435 0.034286411398053995 0.05183138697925646 0.09236758270420299 0.02469320638025853 0.07959004967026963
81 0.07074749619860266 0.08183537271415144 0.027772921318503955 0.03868526105077129 0.012244925953271948 0.0926042713899292 0.07950552325748914 0.05529246645593078 0.07116442669729242 0.04601443550178725 0.020645323160835352 0.035587914519862374 0.0038251233036423046 0.03849830847778488 0.06510862121767512 0.0111333755742592 0.10296049561561628 0.0004892219329138947 0.06725646082455812 0.07862805483512218
82 0.0738269468831625 0.08393398599404224 0.0850673947120317 0.07584958257574871 0.018462670036865653 0.03322829735468795 0.055948968048763315 0.07162884904802308 0.03382760368059332 0.035084751646096826 0.001083322322291846 0.06420420540598294 0.04215602965639194 0.03663894275273281 0.07071652572399352 0.04139584876773261 0.014025637895597602 0.02467013831058951 0.05685581204471481 0.081394487139957
83 0.08277916169559238 0.05658089881478537 0.03942225319077017 0.033751704042203595 0.052321893884834735 0.06001250566586724 0.07147685121018382 0.030721466724413053 0.0344100452865721 0.07061817019945091 0.0037082283450312363 0.027895098682581474 0.042912018546526334 0.08402673561171817 0.07211118822642142 0.044642924535107036 0.01784225904728637 0.08946193656089901 0.006119329209704686 0.07918533052005089
84 0.07498738561405911 0.06553683930976097 0.0452248379927537 0.003581931690517875 0.0654480527830597 0.07890985242842583 0.048532008492192594 0.08038451949897062 0.023546846449336384 0.0851238051042356 0.075161504334373 0.05549980129351175 0.018302401807338765 0.045297757816260345 0.05156931338608456 0.018634754555467793 0.03393059521300475 0.0857201034073061 0.03561293337527737 0.008994755448063168
85 0.025093924413509838 0.07222967743247742 0.06853136884550377 0.015494976552442941 0.03610939547184259 0.041013889507631796 0.06597355916985848 0.06361873901739855 0.04189639742307157 0.03942004641473668 0.0433373702505942 0.08311606316206183 0.01112722155622109 0.07689471903949426 0.06467037097001935 0.06104254155012589 0.06000063697338808 0.07461684664799108 0.044479682383418685 0.01133257321821206
86 0.06939726983576822 0.028773342605091783 0.06730894143515419 0.09894404210239507 0.06241586894926149 0.08675122994101024 0.024213165085338013 0.0888537580921189 0.01308541058013306 0.08154549944195709 0.04055329507359275 0.1007999094332201 0.0526845919255266 0.014549643873569088 0.04189692967761443 0.032780904211522195 0.014697053247575574 0.038406111488550866 0.00488253537243444 0.03746049762816591
87 0.027529367208372797 0.035309618150277174 0.06376643201751322 0.020699815876788687 0.033769505731075324 0.03310790972650829 0.0600689833422258 0.06817776651475223 0.064385407061886 0.04910342636962915 0.05120120664208334 0.0753396761069436 0.046362380680360055 0.07950170126107298 0.04502775658657843 0.09086499781201726 0.05190614738160377 0.004311844298983012 0.07656023478620791 0.023005822445121078
88 0.029571161732953977 0.09832070966190416 0.03811286334929354 0.033386399717162625 0.07137876593930283 0.004763652367049893 0.018440308533901804 0.011858073693369928 0.069463692055195 0.0653305119824368 0.0673899966061334 0.015289280907782078 0.10431599912776843 0.009872023201018718 0.04416348122646221 0.08797826508560969 0.02648491074252945 0.050749440392715575 0.05968577816050722 0.09344468551690267
89 0.048692784825359874 0.002691066934119824 0.04784705325503394 0.07463316950823658 0.06471371264651309 0.07371157319178372 0.055989202173291334 0.08890501787588394 0.016000707249403168 0.09554011207427937 0.09118006418820347 0.021376997193950975 0.0751758772686661 0.04986306962734344 0.07052719795064304 0.012226386219210163 0.045005481015448164 0.00383295490544494 0.043878920429446355 0.01820865146773851
90 0.053929720073605504 0.008114870810947004 0.03417021476436474 0.06499551117472975 0.02348545122480503 0.012399635936976365 0.0708350893617878 0.08924527042036584 0.037449570606890886 0.01355583333292105 0.02450231834532815 0.02969323701338844 0.10010592018853878 0.05825447138708849 0.08211493036282108 0.09931147541265972 0.09599028769696298 0.0689928667367487 0.02637358386306576 0.00647974128600381
91 0.046513715155843134 0.041975475863789 0.09278943003030002 0.04958529849915646 0.05779153656191422 0.08012847336147397 0.027899399089168594 0.005609634210854465 0.0741379882355136 0.04862242981376761 0.04451580033746475 0.011771850674261633 0.038409527110222476 0.09430715709572024 0.06014236406395305 0.007510328346178249 0.05412464079472827 0.009300618661577774 0.066789769037495 0.08807456305661757
92 0.0545664052295327 0.04861883067884455 0.08496595792069066 0.03202042004554038 0.03807388308219249 0.05286178809973542 0.022675766257122674 0.0502231920866546 0.05592286135498285 0.03355352268321372 0.04486822772218306 0.08836753524864495 0.03345524865393105 0.05631530034995687 0.08758768774915565 0.050893624992845464 0.05497658041152499 0.014220266198263016 0.04578982458060266 0.050043076654382054
93 0.022795153993854643 0.02824362344648329 0.025866187475100416 0.08120910488897976 0.08215440698275416 0.055607456204689334 0.0641877151370448 0.08441493525209068 0.0942635065398926 0.060003721913961895 0.02905805747668963 0.08505219008643781 0.054673211852274105 0.017530790463814654 0.017733211303198774 0.008332190177532181 0.0004727937398054233 0.0647081680639137 0.03527282020744291 0.08842075479403926
94 0.07070670616087664 0.02875707936830748 0.009802643192119759 0.07514330752056833 0.10354693901728954 0.04414895258800652 0.02874938825394324 0.045726870514535285 0.07932719641529536 0.01973190738858293 0.01398432696811337 0.0011984493813079848 0.06988549261229555 0.06627750433892439 0.01656594399223221 0.07353345797754496 0.04131801834934738 0.08129714445467293 0.0660304539118997 0.06426821759413627
95 0.09278610400220327 0.0018518220723730244 0.059744246806124765 0.09692208380271926 0.08855554449604984 0.04612343119465745 0.040350942260022775 0.05905553424269029 0.07358927149369558 0.008547698497884844 0.08852980693196716 0.010897423192580295 0.05724299338543973 0.05032321790402369 0.07644406838464875 0.03143835395121708 0.027188554108374244 0.014768200440666285 0.04719743587707467 0.028443266955586872
96 0.004557089036788587 0.06992948878835757 0.048058845434306156 0.07846942247511293 0.06793481655931115 0.03745643882455523 0.0211828319178142 0.08544205195210992 0.01422300313830507 0.03528713319968933 0.06752402178874574 0.0471452486660872 0.06355399404000392 0.022790834045953015 0.07543196651463031 0.041164748328919 0.0655968663363018 0.02168038299632228 0.048793315863964334 0.08377750009272222
97 0.11172370946884808 0.012751454304186094 0.08302733362811736 0.025449512818623156 0.06666035703975985 0.018391312477854648 0.0674190064471786 0.1252038616753472 0.028179221209432555 0.09045633330239158 0.037766913442800594 0.0839244606505024 0.06030313593185712 0.022396622030840627 0.005004298535509175 0.05953582688353333 0.032766762858662514 0.010074723795430132 0.05124063758960814 0.007724515909516922
