0 0.10747828551080786 0.00518821748440031 0.10093914841400017 0.09552689397969616 0.02407421371022146 0.07846817624589314 0.014390357312374365 0.08557091399703788 0.006725932533991226 0.09953905178568793 0.07364187945780955 0.009802968130438601 0.013650824628261258 0.02156217552958659 0.02267995008522581 0.045748862381214 0.014554848501702307 0.04975138491411857 0.09133820973887627 0.03936770565865645
1 0.09395796379449832 0.05286678055873982 0.017934571806061297 0.049076178580933154 0.04535481854279207 0.08772747473178308 0.00820027805434183 0.04000472673044657 0.004285929846705916 0.08111635695684838 0.039235641632526796 0.07589385350678844 0.08034256052676741 0.02869032227304809 0.06882175193095125 0.025350800184802277 0.04350684980026149 0.03578571394276553 0.06541831360855892 0.05642911299037945
2 0.04991990236278788 0.04064768961713666 0.02078542890269748 0.038792384013031554 0.10586984598948644 0.021857078456450203 0.032705648281530796 0.024178246923355594 0.01760882097073192 0.09174671156039226 0.06377076725287854 0.09498355591382097 0.05920090177477708 0.07740536423085677 0.006414344657224314 0.09498230549377436 0.0157354734289037 0.03577673052198892 0.0021163676455169685 0.10550243200265765
3 0.08748359539874447 0.1012313608418601 0.024805744326617245 0.11238099921904558 0.08464676424647356 0.0487271307066772 0.020058855591597792 0.07778598931713268 0.009949403606064514 0.05168727945268472 0.029642581173873857 0.11035693222684924 0.06200286744064311 0.03165753137391898 0.04459691934762155 0.0009138816844708402 0.05922562961762098 0.030007141403756248 0.0007686847040692551 0.01207070832027796
4 0.07020040772924209 0.04072191815484317 0.03469753063870663 0.00915764352304271 0.06861073838472699 0.05434104224135072 0.06832954786787686 0.059222114773599815 0.020322780747300533 0.07840586288700127 0.06242972855145533 0.03519524116568154 0.041687423096105757 0.06942317654357173 0.05856357780438369 0.059349543476091705 0.0363720499727549 0.013064432150236486 0.04371574928304577 0.0761894910089822
5 0.027005228170645917 0.08048538521598991 0.017926431360009473 0.03425093805616711 0.017761304059898595 0.08199826533215565 0.06169759350063142 0.07441775143979937 0.07517992558696725 0.06116885236118994 0.03646027799925417 0.03021872991365824 0.07185977310734727 0.03860293040319603 0.02846410807484327 0.06292280423300711 0.060507039926303775 0.006202586360596771 0.09529208020471225 0.03757799469362636
6 0.07606222921892133 0.06321740387014148 0.07602395926282263 0.029887475023276378 0.03624195597686592 0.05057739284487537 0.03819733234575193 0.03279361821735711 0.03869630361621514 0.06675518680661517 0.06776335417017756 0.06461474026671223 0.02570832120312287 0.05355416903646049 0.07571583560645428 0.05321330574931867 0.007988489280892462 0.0561906656830933 0.011860137933852655 0.0749381238870731
7 0.029507986439729923 0.023314076976439398 0.08578894119091714 0.013092910535105957 0.022371418073403034 0.09105160806106428 0.041363356636226326 0.02006690042638639 0.04723774488349189 0.024605311105184227 0.08049948631398746 0.08659672336156876 0.0015156664240109417 0.07280499930445432 0.043952490139983966 0.06005669860907538 0.028793634478695502 0.09007011539566727 0.0771760068334423 0.06013392481116556
8 0.0067732789487048965 0.07693089980917407 0.008730041466875164 0.011474766358002451 0.08386475487265756 0.046591043687141565 0.0014808759126081442 0.0024858362219274694 0.036115472954142545 0.03269757099060515 0.07125820849704272 0.09475186760572278 0.052642386767725445 0.06126317377424423 0.0829082592002528 0.08852796941666821 0.09157831532173873 0.06812560733101773 0.02579300089583461 0.056006669967913765
9 0.07632376272085947 0.033348200129981236 0.0850365034956132 0.031794825617928214 0.04678760658499885 0.04946928569469537 0.09414289655736612 0.026277848878672336 0.014824568431910495 0.08700742334420333 0.029643760115552097 0.023238068059728313 0.09538073047610425 0.022350756076614624 0.03990172513610997 0.08008072825387004 0.01557036535097401 0.09522817754586778 0.017734633371109903 0.03585813415784031
10 0.03648045128803225 0.029375872009384386 0.029076947469242734 0.027292774729114847 0.030938595701490445 0.09118965387446751 0.01040187779074806 0.0665234053521352 0.0016538704678654946 0.07931861869231385 0.07875771842773446 0.02326475196281079 0.0915919064792552 0.04951560264749165 0.021863288669416347 0.07881567888251971 0.047943773356733325 0.09916297380405441 0.035131763616773413 0.07170047477841601
11 0.09371235228378852 0.051762507298793406 0.10153244721606176 0.03635734231732293 0.012287117016102746 0.05531869544571581 0.024100386214203243 0.038329565535027296 0.09968570303979579 0.051978452251958226 0.003110232081539396 0.08099754696869244 0.020672493986562995 0.02682144085295559 0.02368442474023826 0.014622424345354735 0.043933159937081946 0.09818943800100369 0.0881629637670088 0.034741306700792306
12 0.08078557644850974 0.04849895041532587 0.011777901892714288 0.09286408778117378 0.03349473121001215 0.03806318045261079 0.06926063714517046 0.07500365224030427 0.07273991959039162 0.0393258127261863 0.07034966005116557 0.010870279770706695 0.01367556632745635 0.08716948895641265 0.07764601092832818 0.03881802783852046 0.038806897710516486 0.03607417316654728 0.01677023610049457 0.0480052092474525
13 0.07046715090934044 0.07383612213560034 0.031146478369153876 0.018851269467627087 0.019741533004817655 0.03722076548736543 0.0013758929645516622 0.05484003950423421 0.025497319229993667 0.0390520606462272 0.04478205654411409 0.08412891267765564 0.012570985652723547 0.08315206595090649 0.11142290812404193 0.08286066400956393 0.06080550341199461 0.006397088193606693 0.11094108898136538 0.030910094735115985
14 0.01782072250434082 0.06754910216201437 0.03965903466711756 0.07826905409228357 0.02619883612618617 0.06337287843706198 0.061572654092814726 0.05623410672478072 0.007859521591177242 0.03148692648714958 0.02546759188972512 0.06243951230162361 0.0016366121549712758 0.06333489838225591 0.07383023369575747 0.010381161834745847 0.0774657946771131 0.04990941825446703 0.09034524816794626 0.09516669175646786
15 0.06738361573866164 0.001817065441710218 0.07410936396669482 0.018001656300937918 0.050220269469038556 0.0882624431476011 0.07129564909125011 0.08600983683942812 0.04992392417288895 0.02399807468930095 0.006494365544027251 0.019929811198814526 0.024599770561962848 0.06400970306359993 0.05377952881727141 0.03191110482265474 0.09733917018830879 0.04396282524633884 0.032353703191782934 0.09459811850772644
16 0.061337235994416046 0.005697392982161177 0.09962090392425542 0.029317487990491414 0.03174419669309793 0.03579891384587215 0.045661815688612946 0.09047994184694523 0.06760841966071206 0.017191629042705627 0.04402908133337412 0.06695142948119162 0.01895653640053437 0.049752419671406665 0.057025393519432956 0.008772229208863938 0.006505039708087625 0.0756032842487625 0.09457881424180441 0.0933678345172718
17 0.02161179967339247 0.055000039493235266 0.04954434217148801 0.03159275957361503 0.017495546985464412 0.051071587226273814 0.07799372931989391 0.05691210404985387 0.06284325165401472 0.07382918300041923 0.02143308096664445 0.0733484605162867 0.07195639501165271 0.004985584032217835 0.05172090617200275 0.06636514724972535 0.07169978870889085 0.01869700264140908 0.05818124834251915 0.06371804321100058
18 0.009076065993401963 0.01951526594246789 0.06054602181649306 0.08375267447496679 0.08646627207359522 0.08165678177496764 0.002124797224116573 0.04160548895039619 0.03966778528197909 0.06609822948936725 0.023481388976840694 0.08748157106760034 0.04526699338716444 0.08472400161824088 0.03916268134523173 0.05317688809637197 0.03069160685462643 0.08181473163287399 0.006551944711767 0.0571388092875309
19 0.05990707606084182 0.040186732453283386 0.06980836217165283 0.0856958339935872 0.016475539327881792 0.08022489188664803 0.05899292908015238 0.01502924351628191 0.08619601454037291 0.04643465549276517 0.03975765143813668 0.005970266873080725 0.012510663762473258 0.009648597109732822 0.07905052176840778 0.00740786525145259 0.04682276403523797 0.08476504773657484 0.05044494068156558 0.10467040281987029
20 0.02802026555959941 0.06163748783689487 0.09673543663601321 0.08745152276777361 0.04053491757924695 0.09094409753383251 0.008513193726541156 0.013699784060642553 0.0053103676557605 0.08205364370245824 0.05930716477617638 0.003752721802694233 0.08978479478228236 0.042766400455583206 0.09104484656075632 0.03792260892200893 0.016071305145956352 0.018047267728184026 0.0967187547197653 0.029683418047829643
21 0.055250337289527364 0.056595553200503385 0.009045120726687263 0.08519996035540903 0.012691373841652384 0.054740454153472645 0.07579208563023775 0.05840929448511473 0.07761408166894722 0.03214827908697956 0.02797201926353148 0.05421920384224346 0.03510341751766275 0.016769579013181126 0.07042718124214684 0.05168560983284235 0.10426683502091497 0.017072296341241956 0.08855493526512759 0.016442382222576227
22 0.06745594649790738 0.11669052858093457 0.05000356277428483 0.05097544012536796 0.06610958020659254 0.0007909489514570405 0.0697615533973782 0.04853809088716124 0.017849514469736663 0.011808374467806004 0.05720758467272243 0.08631646513182278 0.005846898051200178 0.037320892409518205 0.07466964953216393 0.05391157324604198 0.07843488365371028 0.017444492311636146 0.08208085191252752 0.00678316872003017
23 0.06868455340432428 0.054934043455793974 0.08816378589348225 0.008174904555584008 0.004786933056332186 0.06301053680037325 0.03059444792279984 0.029620454939508153 0.047139791641671785 0.04818075131181647 0.09858282121701993 0.032262957201674845 0.0668101674659382 0.04262885845067205 0.06935205926308584 0.0004227759938591443 0.0914468547164032 0.07144669325259957 0.0791545808222984 0.0046020286347626714
24 0.048899784569613705 0.05720465528764076 0.08015004267037298 0.026147594636719656 0.05801795442135701 0.08748127501507526 0.04157062460781275 0.05167670272768345 0.03748837787843946 0.029904493477228757 0.04031045610257772 0.03733838931350644 0.035689773513865826 0.0768314972591627 0.06066560145339792 0.011681253596819359 0.029808994698224178 0.05950391666590675 0.08936815855182383 0.04026045355277142
25 0.09149516331560065 0.11208143582569319 0.011629744221090872 0.018946363084723385 0.0451839729937578 0.10451069776613822 0.02853650693625874 0.08691659568920306 0.10347659186972487 0.01572981574972065 0.06572348228703945 0.015204778908545805 0.04807992471689433 0.014716811643923319 0.007204840910575512 0.1026999549015274 0.017337153124635664 0.052457270073861695 0.02152086168826947 0.03654803429281576
26 0.07293192403336539 0.05518632580992161 0.0073479728611056585 0.06324621872632805 0.02165894631539937 0.10572244584948429 0.02653419122514469 0.007801285050331996 0.010967050996250923 0.09735018637328065 0.022268767842103823 0.03851424355418112 0.06813982934562723 0.03208779682214724 0.003536837629055781 0.09316722555604974 0.0451304558570212 0.07746548544926397 0.06260533387131963 0.08833747683261756
27 0.054069584328639154 0.04927113484205204 0.03635637101815243 0.045454525033446214 0.01534303494152729 0.09736936734578945 0.06191482531929529 0.03648523721720378 0.020717636630486664 0.05506476822890128 0.013909431917174298 0.07577460878875861 0.031610974079465566 0.01043244382249256 0.057088817654225764 0.062458584014810734 0.06696822114186587 0.07122565061602236 0.05752315037926676 0.08096163268042392
28 0.05816420545951128 0.07011503510572169 0.08103846651594247 0.04958473329338384 0.07420422636095952 0.03172100817967191 0.06762143226328936 0.04109532436772811 0.08017031557777894 0.05499485057570957 0.09137441741586572 0.02510234213335522 0.008093007399933185 0.022580803142050614 0.05531631439971328 0.03502432825407294 0.06833657592060044 0.010406052276107436 0.045511637823601334 0.029544923535002862
29 0.03926701832097499 0.06314716228649034 0.052893016481242755 0.034540635360141736 0.03314073756956192 0.07010747050381635 0.03156727216132569 0.05322652126194568 0.056640087631339306 0.011605653438743443 0.016309125562448196 0.05531407661528286 0.08154745112616904 0.06936032642282465 0.06593071007754042 0.075365515041745 0.07942106016814805 0.05329675785777629 0.015496982323286747 0.04182241978919645
30 0.09874681401819593 0.05959940357514411 0.06799446934070917 0.01971195837644942 0.04980175384487578 0.009869401352393925 0.08149469523711583 0.019356738712992518 0.11301662839243265 0.06826183970746 0.023010869053654508 0.07300192983941146 0.007185208380678328 0.02073700693862975 0.02218676872868782 0.0832127791493703 0.04850225540072265 0.0745126038229381 0.0383683274201816 0.021428548707956116
31 0.008101121550919407 0.10060637379767294 0.05479553162055054 0.05797567789683589 0.09680531094804325 0.05604797596541571 0.07527055918338364 0.07916201191781193 0.005146789082344194 0.04674782015950957 0.10929127885401983 0.0143042977316137 0.002027635205209576 0.07764059423811716 0.06751071056327573 0.07473815687376231 0.016599130882171433 0.028304264337006682 0.009095249042427823 0.019829510149908525
32 0.06557091149329763 0.040401398515308204 0.018283139988828735 0.013314644294187135 0.11705351254175159 0.07865961562481054 0.04132673425510198 0.0020142534006539477 0.023161024146598503 0.01766943571620151 0.08175784198984985 0.06936992205025605 0.02833844268642909 0.04069733423302402 0.05215905477607148 0.10157760284554354 0.029851104089854228 0.060351560861031495 0.10619792744012535 0.012244539051075103
33 0.0574244159126836 0.034894703255678554 0.0526401052619523 0.08910500624636815 0.03813341371868042 0.08862507585052178 0.02462931934269946 0.059236004119528576 0.04268503285461889 0.03463990151942781 0.025044947293443212 0.05016708367240026 0.09081747104880454 0.06495489110886536 0.023999264496607286 0.0640123318174688 0.055946762958599114 0.08320946614600401 0.012428148962389482 0.007406654413258271
34 0.09419150963037391 0.02028405531155826 0.08627886594722534 0.02047774498398446 0.033432472976169726 0.07466362548073828 0.03613505947438176 0.05646598675597 0.008416752704020744 0.12839083324682046 0.07247869921227115 0.026148636643564056 0.023372790733660026 0.10658211135011995 0.043706601864415585 0.014791927771962799 0.03261485902131345 0.02754153493079847 0.03850211759527129 0.05552381436538024
35 0.005763237533509222 0.006534115172540681 0.038090441210986405 0.03558159165690199 0.04923057209012005 0.09189427264703405 0.005891416361510161 0.0777072064965632 0.02054891635941675 0.029435554230352587 0.01527254756370652 0.10625922137320472 0.0335837793677431 0.037624486454317055 0.09362948838286925 0.0633176518445257 0.09498676161841826 0.07998100501318565 0.04273525332212805 0.0719324813009664
36 0.033760417225549656 0.05147095506828539 0.031497819973985444 0.051955132497911956 0.06850159044651943 0.02823175166123869 0.05199483802666767 0.08045767070133393 0.07263918501590033 0.036383023441472824 0.05086560952407378 0.07053327863256159 0.028771043398466388 0.049380883786492434 0.02983442372576131 0.0035913296571449217 0.07963671834765285 0.08435914808921667 0.07848297008692195 0.01765221069284276
37 0.07896156847985719 0.03201691853905125 0.06391501781398322 0.060758219586964944 0.024036489599764534 0.023020062119361643 0.004425390448953787 0.0655063800797969 0.04532456195756582 0.014799534134640035 0.07038276508276196 0.06991367952260569 0.04781919987298238 0.053754821934460816 0.04213268017385814 0.07774709639039112 0.05974210434542593 0.06138359222923121 0.028051638703689333 0.07630827898465414
38 0.054505487601580374 0.06186254837892411 0.029749996863016513 0.08281364024740263 0.0627031327225882 0.05380999204303108 0.04194629820099558 0.03566501787372939 0.025668630531638325 0.029534094299394582 0.09585054903293298 0.00819918288135522 0.02070217144345478 0.06764456260793301 0.056841227394827026 0.08707559114987991 0.05309204862492145 0.06462521362462473 0.010513442431648028 0.057197172046121944
39 0.02587203042327348 0.060901332007902334 0.0399389374320579 0.09449227109432208 0.06022864469736112 0.07170276906715398 0.06979304181453515 0.05816834311779565 0.05743345639956237 0.012683276296402752 0.08476691710703436 0.012780630092836642 0.07369566138526451 0.04480463095709362 0.03829695640476335 0.023727208118787625 0.025769863082510194 0.06913567850912711 0.04297930841183407 0.03282904358038173
40 0.037039703871575194 0.07398922848208359 0.004224269526525113 0.06686182131561394 0.04925433786685247 0.07837654133636765 0.037590574880584766 0.033257006149712755 0.06796465684343928 0.044131988062839474 0.014989448121561865 0.015603582860639691 0.04656150648100353 0.06368403954743238 0.07756325756717793 0.06946030764369172 0.08170998893711587 0.08359924820021684 0.02716350952292895 0.026974982782637137
41 0.013937642635708562 0.10920777992719279 0.010627008880373635 0.08520992675089219 0.00534997468794025 0.003952160965658637 0.001805850859461891 0.015502505121376423 0.06575939267875734 0.07076340575844224 0.040162660876883464 0.10855601291743738 0.050178487979887394 0.029583358613047683 0.08346232941907605 0.07958613874111527 0.06573635356588216 0.02185604983883027 0.09004675183551462 0.048716207946521796
42 0.00982340036181719 0.052663480568792755 0.03537095303265595 0.06889191332139645 0.027196781931881138 0.07782184735478603 0.026615231052400816 0.005878609106197485 0.0023653217178822555 0.07006389046056291 0.0998604521591844 0.08405449241165008 0.002699725519050188 0.06334298349528045 0.05793092456924804 0.0786009866848497 0.07909498485213005 0.09278817682511423 0.04522733261527212 0.019708511959847682
43 0.006598315518368917 0.06166135980485661 0.09514489268230447 0.0442842621871529 0.04297595409563756 0.03689673999557308 0.08659063628321353 0.047355666001329545 0.07212514254540339 0.017163722108849516 0.07292124984422141 0.1028854652173484 0.04130219872576823 0.010551737304175614 0.08007002002800276 0.033798162986276845 0.0248540025379008 0.014806885162697155 0.09395545792584087 0.01405812904507827
44 0.012875326751993835 0.01813633857861748 0.028314212838892346 0.027780526901521028 0.0017390178763685568 0.0885516240100167 0.07578930839135925 0.06890923405020953 0.06028022275634238 0.08019060683628447 0.07485305898588303 0.09106702071981755 0.027687172880247378 0.02229363948188027 0.030648341553388702 0.058794949329251306 0.03832151785494424 0.04840703068546594 0.059435155679170924 0.08592569383834503
45 0.08891232148709785 0.01124831653197039 0.09570038789361353 0.047511093558355005 0.0064478313634247775 0.06522774370628738 0.05545323808524908 0.0991352403409281 0.010226195576335171 0.01283150838485027 0.04696269879206604 0.031389837526795805 0.08716259564502188 0.027637231485851756 0.10474153027045749 0.01702093111810221 0.012723928916002809 0.012963623693480869 0.08443464476946883 0.08226910085464072
46 0.06605398941663919 0.04492127038565055 0.06461534201378569 0.010505474157212355 0.06719531307239929 0.09865283663973883 0.026760281392797944 0.009900280728254584 0.030220163575131877 0.003964894991752368 0.029519078928541425 0.10391310632279256 0.06518674456504978 0.055141564608170546 0.0035656640244369486 0.07982156056485074 0.07728972796482993 0.03971490685044348 0.07964717495536791 0.04341062484215386
47 0.0027197473512811307 0.10107843035622599 0.020419957592329018 0.07571117503065436 0.08090719338548441 0.046761394298573296 0.019266684685040343 0.005756159925128177 0.05007212607642502 0.008730578782131248 0.032402844235506004 0.0913385218576395 0.04361806328556051 0.06054273732634351 0.0786144610360827 0.09930693947778345 0.007365626887237969 0.06329472127909902 0.044280697261078174 0.06781193987039616
48 0.06372926212958925 0.0173313652221002 0.05528534360985904 0.023659512615396186 0.04283311957163757 0.09745085628349906 0.08740358820925642 0.046308042031427195 0.013128663760783345 0.009276293315178978 0.06555055447762019 0.07186733970592875 0.06130503367393009 0.055232912236235374 0.04660121655388342 0.09115436336959867 0.017483466012534126 0.013468982676669596 0.06806976809844305 0.052860316446429655
49 0.02227910280666798 0.03392376233465236 0.0319963236620966 0.04924922136933055 0.07495412227702296 0.07205817211574617 0.06741524700572789 0.07980732132765309 0.08935976182498866 0.04458534296778789 0.08936379646883152 0.011706812721702485 0.0909988743988375 0.0061050686166494224 0.04572851096187804 0.027248653395092314 0.06984139705712211 0.017840715927213646 3.4007908040713704e-06 0.07553439197019496
50 0.05941356734721521 0.08985594390208135 0.0188233931214332 0.04106009635324541 0.0590043235735961 0.014034390778747827 0.022301052991809005 0.09013889961897088 0.0369512029338496 0.07819990963181066 0.09016299967668097 0.025202620721169557 0.051024698608543445 0.04782940189968736 0.023917670984011385 0.08291821332399303 0.08828398887713887 0.02560273893789979 0.007706707249057122 0.047568179469059016
51 0.07693261685754946 0.04083264681186337 0.05659392980066947 0.013614991898074408 0.005666354442938852 0.04429850548325803 0.014874995257830035 0.08259462903782949 0.045154101013708224 0.05973185107257671 0.10608065710493851 0.09645595633387787 0.07964252348002487 0.009814962720328859 0.014733222868692929 0.050828087283817026 0.023281143465701787 0.05411576765299344 0.10025336416626204 0.02449969324706454
52 0.008399739625216939 0.014110759148932424 0.10337417140288543 0.0966658091683059 0.034340047242413206 0.02287580860479191 0.030132505756119136 0.0015368585339255428 0.05992128404311943 0.060889182798784594 0.08832378457060193 0.0654900714263776 0.022885008192517455 0.001807606008226534 0.08135055001492743 0.05843885942321822 0.1106158620339705 0.11016234014131106 0.0005425440116066285 0.028137207852748376
53 0.04303884744947128 0.0013713667802070458 0.08874649038558387 0.03159134507219122 0.07112856291910513 0.07932270124667191 0.025514637354704193 0.10172529129698848 0.007421317935728673 0.08562370294724306 0.0034247238669556576 0.04381020252895308 0.01998210967207707 0.08384835705227542 0.058390922165377966 0.07430120068699768 0.04700949747558767 0.0774092970127157 0.013851475992065338 0.04248795015909931
54 0.006684983525521103 0.013377675170185387 0.10863440238546161 0.06268661449143786 0.06878003588393257 0.05294743705689486 0.11565671997921809 0.015816527782354907 0.06279365235916157 0.07856666263249262 0.01088655317919639 0.03177099367796153 0.03674580596886009 0.00713109084571393 0.10548604495445692 0.04761259450860296 0.049009467867573174 0.07876256859490173 0.034326057937496254 0.012324111198576322
55 0.028013310209184697 0.08670178572946594 0.023383302832990442 0.05204517893542856 0.012977357691163531 0.06475049483883268 0.05823413459500988 0.03250521174014821 0.047375640235245514 0.0894859919783199 0.07711349561944693 0.07490744346994964 0.0795116229936235 0.01720055533557363 0.047665813978321404 0.009199750235269585 0.08406460634241333 0.04448072369588714 0.02447929998986283 0.04590427955386256
56 0.02371383535935171 0.01674278305319861 0.006741171748008217 0.04411223513857901 0.0683497535256642 0.08562052957760391 0.02796262102406812 0.009807013342950354 0.0022733412975098777 0.07610130557565313 0.05722422274277703 0.09908221682100739 0.08427032546142744 0.07466327842152393 0.07823733942729857 0.06663094641179175 0.06881067673204136 0.04625996997816872 0.04907863215867875 0.014317802202698137
57 0.03896285701434756 0.06065247502155631 0.04124546518086172 0.03701018543666099 0.0497531159513729 0.08209918246243975 0.062604729524788 0.09469701469955927 0.022623414608683837 0.08759843738985018 0.014165861853339777 0.059475396832790316 0.04235764028777943 0.04264132125515098 0.024710638667141696 0.09225975818621686 0.02702398179334135 0.011473611256237744 0.04575293917271944 0.06289197340516191
58 0.04399642633365892 0.04287052751969576 0.004370666084955275 0.010090643675750527 0.03543214627652411 0.05157136115153906 0.07773311772785682 0.09259814760712913 0.08867231527544323 0.004153136121320537 0.026593707448279658 0.002951684044978943 0.008853673818656215 0.06722974571332035 0.08660665052364502 0.06713866174411176 0.061491244095905215 0.06483445366147442 0.07279523113435496 0.09001646004140011
59 0.06152064501879994 0.010620974101538573 0.05366975812249646 0.06432412204807059 0.0699254241640434 0.10422610606700078 0.03645209051038451 0.004962348212436978 0.07422778595050049 0.06886386128314358 0.0011242037826106534 0.002883814102866109 0.048036925909906235 0.10034127863040145 0.03523477560697649 0.06463284431912332 0.038722635563156416 0.06388420410622704 0.09457665611159 0.0017695463887270476
60 0.005402308705152206 0.005946528947698706 0.0013241604481635401 0.10323563689586547 0.019648651281343937 0.058829574514026595 0.06161908819775236 0.04961813222783843 0.03740895283414316 0.08100532818408361 0.10890979941266758 0.08101432201953984 0.000529155575394385 0.0010497446457604096 0.033236358363340754 0.08066770870350307 0.0555092159032719 0.006656500737570234 0.11150625581757705 0.09688257658530658
61 0.05085587377577459 0.0480325005666363 0.07275645567779869 0.02789051205323881 0.060136804855856166 0.010913100117859292 0.0759178213156175 0.04734708862570703 0.07126997108948456 0.03624959407493339 0.09037895378232103 0.1085449694536409 0.010358055684576751 0.028137459410975417 0.018000702859641365 0.016051488177036024 0.05060707163372482 0.04107108290124047 0.12016838762850479 0.015312106315432016
62 0.021467410704701047 0.07368443902529656 0.04923579531816357 0.0521128317673056 0.06602241598468621 0.029744743167813812 0.07431517874724775 0.06913061437760087 0.07754061884073038 0.016417905471259892 0.0220964104571587 0.07381268179081897 0.045607662952704166 0.07254896070065214 0.07056908713551936 0.002418353626486697 0.03424153312169786 0.07908472168928277 0.04134613628206437 0.028602498838809456
63 0.08413449638361446 0.05953805857493389 0.05600636589498017 0.030836426617903707 0.019759922640211557 0.07959419787365445 0.08260726520022146 0.0062241095874553155 0.0315012911384866 0.08349757349360389 0.05514353516547279 0.0013815476795045445 0.07247400183222455 0.07461650728585835 0.012843043212079049 0.03027595788891993 0.06322237193914641 0.05594170130895483 0.05579252041720394 0.04460910586556994
64 0.03370253773357978 0.010815092572355509 0.053130952623119 0.06525652600969441 0.04199702439988466 0.006579774996152687 0.05541736223276481 0.021687622096164594 0.0811142507816337 0.0435709477722179 0.005361762364285625 0.07929535543619033 0.08717617448428765 0.06937757476391002 0.08655489975253432 0.04078121404769561 0.06806658703237578 0.057925560344641476 0.0904250657654798 0.0017637147910323958
65 0.10594678964438595 0.10302296894334426 0.06390376894013419 0.03436052857152116 0.021638482297269036 0.05483514797765626 0.03295024007770655 0.057747624506670495 0.05150353489662067 0.0010201813862582671 0.07387507585942077 0.07603846125390219 0.021469288809720155 0.04663756136358473 0.004961488858731975 0.011848084149463783 0.03665499531950753 0.055652120407016406 0.060512505329018855 0.08542115140806669
66 0.05356177329915226 0.030124908256333398 0.03365386882620531 0.02915517887285618 0.053874313539415124 0.07384931884547424 0.033909675492171346 0.02771510454450524 0.07019288274736055 0.06473804528334466 0.09503623270309446 0.04763474261551919 0.07413429938082933 0.0873630712364917 0.0191902819089634 0.06734799911313363 0.06816895576382202 0.009865133053502756 0.044971014310952497 0.015513200206872732
67 0.09311081747868068 0.018263226002120186 0.03971129697518838 0.09694452812622005 0.024223900930991367 0.10754260724165997 0.033314485346728456 0.008195908970872485 0.03497659234503387 0.08461092226154948 0.042707715942192484 0.03329294199625944 0.09697894452109554 0.028883779431638675 0.065491011583599 0.02641300088067745 0.06977678099176156 0.009254475904003367 0.026613675697890932 0.059693387371836396
68 0.008519930728691573 0.07134319527624498 0.08207597333757102 0.03301471239513092 0.00060640800290524 0.1024835585410672 0.09926222889238454 0.0018626569421841036 0.004134504978233305 0.00869195429141785 0.09126398799080214 0.03034879571785251 0.0750225168821418 0.06706393553515302 0.08214936033478686 0.030886019646328373 0.08049815706549161 0.08632113748867053 0.02279803476561351 0.02165293118732883
69 0.05701571529916061 0.04093075078272008 0.002648673872233809 0.038835805930234 0.004308914969012471 0.043209480432431946 0.08879866204490876 0.04966497629942425 0.0675743527400148 0.07045883373159849 0.06368227412918578 0.046063755783919066 0.008454291900494128 0.06022588106254582 0.0649710239853756 0.04935285917892883 0.07509301985399013 0.005622026877991531 0.07211430649826459 0.09097439462756533
70 0.09214825558547349 0.03409292640500928 0.04826086277261192 0.0017042831937172486 0.04717420795103754 0.07724068789232168 0.0823286955034563 0.06876883986929688 0.05581807053259628 0.02989235976110372 0.08877285373800524 0.006997179918518218 0.004129792034676581 0.022135363431805694 0.0021765152473071894 0.06943438411580698 0.10211306333383045 0.024107895576355353 0.05155936172247386 0.09114440141459616
71 0.032797646624008886 0.04530520941842941 0.08222132634407156 0.08038860842275121 0.06318810969953136 0.08428996002566737 0.03156810684072956 0.039277607739087936 0.0489980664847254 0.0678024814400175 0.0819836220399844 0.02702925960880238 0.024403106635951726 0.0426944260354103 0.03300357757326115 0.04016244651445087 0.010257293863400957 0.05369845051924458 0.06284126741577407 0.048089426754699266
72 0.0309549358821012 0.02316096743054177 0.055211107876962165 0.07826780958929075 0.024382364640005788 0.06512608987542436 0.05004598173664864 0.041349965324801154 0.03774962384474412 0.017979834224395346 0.054059681174700204 0.06284127676141071 0.043880447127809585 0.07608801866684128 0.014112861603478324 0.05401398527416813 0.07145602373064523 0.05364685373296262 0.07564593387494409 0.07002623762812449
73 0.06036491197956444 0.034298810415112284 0.06998351008753603 0.06569474824529206 0.050470049764526584 0.03271436875829704 0.012583943683219922 0.05190760897794097 0.008542118136310136 0.059411970375683465 0.04503645129902385 0.09734102547175155 0.05695336531845282 0.03237214854654244 0.09197396601023408 0.059511348391892364 0.044706933805529904 0.055241739007598614 0.06724908341277988 0.003641898312711803
74 0.037295043679562344 0.0009557865030919934 0.058427660118900764 0.06886508031547622 0.0648384878633785 0.08402910430403789 0.08310340032623031 0.07588699431510876 0.008489193398583589 0.03855182990972414 0.04442554182705283 0.06310716682721262 0.04567090507302574 0.06476147516144087 0.01421672511729101 0.08362203321089752 0.053441385375234386 0.03991551111290068 0.06403103425168952 0.006365641309160396
75 0.054752901617767295 0.005117737215037806 0.020776460353822083 0.012850341096606804 0.02110175875207962 0.09583629598759351 0.08936045632233464 0.061831320602652555 0.0795478321071259 0.08599573629350896 0.06773936611066671 0.0014972237868579419 0.05097313951877955 0.05323611029154351 0.011048664637728847 0.06527334164184596 0.06911451033852062 0.0194458992069941 0.08047077588293378 0.05403012823559988
76 0.09193687915075573 0.06901215050223616 0.03025870662775749 0.06917553016616879 0.09973678760740146 0.024069882856522666 0.0032259684733291203 0.09016114976732861 0.072996990894388 0.030875576665554717 0.03073464694653321 0.013224928074506944 0.07751490718130245 0.04631798203607737 0.018599086199165477 0.09484263068038525 0.05277879441371338 0.062389811536187785 0.0206467430894154 0.0015008471312699292
77 0.045584736770667746 0.04330127882814471 0.05587649325043468 0.041612460642262525 0.07226726947888525 0.030847591731532564 0.04946557425524446 0.03170419148566807 0.07522548707166735 0.03861428555182349 0.042702152887339154 0.058371009045141614 0.06257359321624477 0.06126918188927393 0.050417666828836666 0.0008931926763227194 0.06874549904253756 0.05343356821228217 0.051423061578728155 0.0656717055569624
78 0.04449159299931288 0.06496387996370186 7.023596195522507e-05 0.03868426155861821 0.0437644726385642 0.0540506832095958 0.005875775493180539 0.09490212180066085 0.08149424805926252 0.014948437977918753 0.09270845512525598 0.06500901072376027 0.06516220340745704 0.0746926782084611 0.03629866388767201 0.07476122547654508 0.00677781288471202 0.029237960212437117 0.05420456059166748 0.05790171981926115
79 0.02965047355368 0.05274585448830265 0.051272189555553606 0.014559151788738582 0.011075178302342998 0.018539355722398503 0.003480914323639323 0.03625098207506487 0.0578127842442582 0.049188637545227884 0.0840034509486538 0.08032523504778798 0.06414422582213461 0.04890724740161632 0.08852108227506375 0.03368201289016515 0.0627783400203691 0.045547024964020404 0.07589523048632332 0.09162062854465912
80 0.023863979067941788 0.0393797208032119 0.0020217679245220672 0.06365583818593631 0.042557096694581215 0.09472779765496375 0.06554553857663017 0.014973502597600111 0.04487061436636884 0.02445285550247755 0.07768716418972263 0.10083528841651083 0.02189101927212404 0.07860887044455515 0.10395138775325775 0.04577456534299177 0.03661080525978103 0.015809337459316012 0.04092522388036418 0.06185762660714281
81 0.0003521983447746672 0.08952455177129796 0.06780532565430962 0.019029702887069927 0.02668918487827952 0.047209450422970915 0.04795831053167239 0.06489005170294393 0.05162968045579978 0.03475397432200528 0.04983954422484065 0.08494534908724108 0.022391982211828018 0.04365195341657031 0.053675672093620244 0.010365259296918916 0.07023586084969405 0.06871146888218713 0.05134945807465062 0.09499102089132518
82 0.09564494022586423 0.0325766320579273 0.0834336572441741 0.08023997183864175 0.07833503536012254 0.07528949175849477 0.02645573910380172 0.03307327294470017 0.04791383989091044 0.022502412354030693 0.06999630064382635 0.06230091625667762 0.00133167344617852 0.09719058657240297 0.033530882350283175 0.04787051654650109 0.018014630121277145 0.04599131896437393 0.04140722398825679 0.006900958331554695
83 0.04743389135928993 0.022813656090235623 0.010695640350745725 0.02852714541045163 0.1212169886159714 0.07862978085214546 0.06586394496888773 0.09874713846286845 0.06923442618787612 0.05487072286386816 0.004238853099194476 0.017093819803810598 0.017912020407230892 0.05362837472294433 0.021435955955467784 0.06665113982622445 0.057182142406227564 0.07016739069821508 0.08650170877896726 0.007155259139377554
84 0.0632774854270245 0.03141923405254089 0.03269311158021309 0.0777990369769757 0.028913377127416255 0.054406982546200085 0.017118565558566393 0.06434281573351283 0.03756315748158733 0.05753430462305059 0.044924438907807666 0.09816826940902679 0.07030625950317242 0.02039473783334952 0.01372447860303006 0.041140858815617 0.07332867698591633 0.0817350253461701 0.00046217099586709335 0.09074701249295532
85 0.04968677919756141 0.016694268281263917 0.06571523911379222 0.07650647427402904 0.005842822054386183 0.06317089064924045 0.026977074844809528 0.05555731429821501 0.06510913095686802 0.07406479149565212 0.025848512537334358 0.08387946368335802 0.05173997342145429 0.05996540472772301 0.076123836535542 0.03482239231872217 0.04506395849821079 0.060491707484248404 0.0418108083572697 0.02092915727031928
86 0.06994763878792253 0.02779092499729905 0.026915545263352613 0.03993875906669012 0.0374584273462009 0.07246542482290755 0.009211668973637434 0.0168818210157802 0.03390514891279303 0.06456332174968535 0.015218584287643739 0.07925690315296133 0.07578238095885688 0.02578601788113586 0.07821871590978259 0.07282579818912556 0.05791472488216493 0.0849782408631137 0.08189768799652769 0.02904226494241891
87 0.0643929386776337 0.015855727648643677 0.042809280085432964 0.036582332975664184 0.003649456393134868 0.11105289327676576 0.07404864106283145 0.03812848479921415 0.12713636436639 0.03645025624981185 0.014972343031559147 0.11547019810897426 0.034754199130390094 0.02304532318657597 0.0703997388499293 0.022793881385005245 0.06573759209237344 0.013001449023780313 0.04203910396504027 0.047679795690849576
88 0.07357062680448721 0.03860439736306368 0.030451079809019024 0.10161196082025087 0.08025686596680652 0.04816526587021924 0.025455360448964834 0.05458902092586935 0.06581258227032782 0.008730632725299205 0.06522160697500297 0.057369342691855466 0.016272355169087545 0.05952097374494474 0.10335672395080062 0.06062162995141135 0.025739766749610336 0.016059258205291457 0.002314611455170572 0.0662759381025171
89 0.029068036716252823 0.08286878508914557 0.08825907231496535 0.03864620364326138 0.09689863524242062 0.1040510544262452 0.0246167890923847 0.0024526605300021044 0.01663795113203626 0.011813193375447445 0.09682276335520323 0.01264150385924508 0.08400650179104902 0.05102655110650943 0.006039270528783374 0.027510301583014242 0.016784348836503076 0.06888117326349787 0.0805206342438414 0.06045456987019183
90 0.08688886941606958 0.09183138951236748 0.06088887327682409 0.05276670084650007 0.06781641300012374 0.01603077539888996 0.007286481573429785 0.08380208656623596 0.09705864725762824 0.003569696877974849 0.02348879929220332 0.07736131440836277 0.06444682317542362 0.018565222379349256 0.018516485547184918 0.09874547289507218 0.011757760363423936 0.02106866977110161 0.02319634377707251 0.07491317466476181
91 0.06787691119084807 0.06419478067259993 0.053209813363761654 0.003742695932764937 0.0791584299671763 0.014510398885489228 0.09185534335290817 0.005975992202575703 0.04025701144374011 0.09114710473723892 0.004210546807989005 0.05346231488316751 0.059359433757537605 0.050566788548436166 0.03913119352809165 0.08476404248375517 0.028133139244858198 0.07292098421014893 0.014040598291840617 0.0814824764950721
92 0.02320167313658252 0.11022089969211561 0.07191761009802772 0.026535037993496737 0.009315209538655028 0.004328105814620376 0.04112940979090713 0.08293402565391352 0.014743341088494564 0.09020109501890136 0.1149066884488992 0.00473773798693946 0.06701640008348762 0.009413918316050054 0.10469934472283884 0.07085018799861485 0.08764673403644435 0.0009794160607914156 0.032660416450805224 0.032562748069414366
93 0.011082817117128971 0.07585376160804985 0.08080418698957025 0.015723240449964166 0.015720966447617325 0.0853291657867915 0.05917132049666994 0.0004430359846575486 0.01554351889083863 0.04314551802718055 0.05864676814724815 0.07546825777347893 0.08070032135087775 0.04802583668289707 0.06984095552588092 0.09000427654691358 0.0744034827724744 0.003293362040339455 0.05548401409840404 0.04131519326301688
94 0.041964919049567305 0.08558550025506831 0.09055851703940984 0.017578300524903497 0.022679858354125705 0.07725876070447942 0.07488189069143888 0.0600495636584789 0.07072513081127473 0.0004366316997490926 0.07513666221563564 0.04905935778654972 0.08376796528238378 0.027901797454614772 0.04937802694561795 0.0036378241339779373 0.03338784747105487 0.02901610983698865 0.08514349210006109 0.021851843984620003
95 0.06197921564433177 0.06535752367691401 0.019380640602284345 0.00023746799193024803 0.02718539805452662 0.07192066725374656 0.05595428726925797 0.04168957900112372 0.07428126454741682 0.06349865000558638 0.05143187952414779 0.07722237762621682 0.04340874238747309 0.0653810344451416 0.05071162290209919 0.0009527670600335805 0.02679334412047145 0.06268498783833215 0.06462189515498344 0.07530665489398254
96 0.056630004661019424 0.009647131858565345 0.06110880077600534 0.04044592125209726 0.06605265244489579 0.020330348368090244 0.05189198275096302 0.04169406071337744 0.09841689479036551 0.08303938131615984 0.02310510651541758 0.01945872054494159 0.023375773966760334 0.08542564365625863 0.10141285803977318 0.013707326009928767 0.09366880229224529 0.05060534430820914 0.02072394082926693 0.03925930490565949
