0 0.008503651768507136 0.07654890459228271 0.0017412745590054057 0.019800397909355852 0.10865795221140985 0.01384985436416471 0.05768958840383444 0.09137594854876543 0.007814296956544453 0.05171323317019783 0.004854369772292569 0.021533542228861568 0.0916335189681584 0.0485216123958515 0.053848198861965714 0.0765083813549768 0.09318644012040991 0.0420750017647275 0.03183309148096527 0.09831074056772293
1 0.006091167000130983 0.009165601521133989 0.05759059379169743 0.06234667554017512 0.08134832995234312 0.04045387704152957 0.0033344962720727516 0.08036864046431205 0.08062790548007355 0.03213575348762058 0.01797785188458875 0.09355205121740749 0.045589004930122225 0.008791703964010076 0.08686109797155035 0.06819021108382789 0.08129816761724958 0.004071105537687 0.09670143710950453 0.043504328132963024
2 0.08773896405433 0.07874619955715567 0.04615900856860167 0.04746644505902109 0.050018646945223656 0.03187562450362114 0.07545801188177055 0.07364549378062844 0.010059948657628706 0.06083275002805439 0.04841739536712252 0.02533788949953857 0.0807550598987447 0.04655377620597564 0.06557214464155507 0.007563566254692998 0.05448954137338429 0.02626480800556273 0.016188633948211992 0.06685609176917603
3 0.07951638852431218 0.010141100797381968 0.058079312251095354 0.026915846909592825 0.03990738884122248 0.06897259561532751 0.03969143699353938 0.009850883139925421 0.08364559529970408 0.03003336457187365 0.08275387551324909 0.06355955735083563 0.062311218987937615 0.01029798975661465 0.0956102492651128 0.017128576040628108 0.07684055355343523 0.07324553973949885 0.069421681847158 0.002076845001555147
4 0.004758013076844131 0.059609304753935936 0.05323092740403889 0.04475805627435788 0.10651554769853286 0.06857464228960108 0.05209279315610326 0.03349303670238479 0.024020334859130174 0.057598218046705486 0.033280737518160526 0.09047750703672884 0.025320360677383597 0.06475202222950746 0.027864036345206115 0.06046773023985781 0.044475558504899856 0.08251086190952366 0.016769653421157223 0.04943065785594018
5 0.016684431689101505 0.01287503593681205 0.05784842056477792 0.029678949778410398 0.0548707543430135 0.11428268786770923 0.08907517120644373 0.0841566343329326 0.007456559402131212 0.07648857320387493 0.027337040617459812 0.0477616267312075 0.08376286920986172 0.015911777540638834 0.07436883835382264 0.01172298792827801 0.02205331013078276 0.041132253892422546 0.09189767898315156 0.04063439828716737
6 0.10259807008145325 0.017115376733690697 0.006630174160075551 0.029585922499854398 0.052175660521319486 0.10835432564308697 0.05744645252166364 0.029839730348191217 0.019896607387789162 0.07013773615088109 0.05490783046686515 0.08478596010846745 0.07367152564658185 0.07882895884236178 0.0006938223798337303 0.08404476168680979 0.001973226521760526 0.03460356642262631 0.051039848835762104 0.04167044304092586
7 0.050696852121944525 0.04813545957191085 0.01712981252537242 0.0838083753163991 0.02147717523208999 0.008547436854080619 0.02761538484083731 0.09864362741723591 0.028937965174949183 0.055007698120519366 0.011546628077505483 0.07645547667512005 0.07174185928752676 0.025521825481590217 0.00036440149660970424 0.08439072862284336 0.06946225379691004 0.08058618215644324 0.08756544265725136 0.05236541457286045
8 0.089403751015368 0.013378096081905091 0.06149094544610404 0.03576976369019697 0.03895798852126389 0.059814130825996875 0.07529177053075656 0.006561916420036534 0.07712046856612251 0.09119847549334045 0.04430574634598916 0.08793380465491554 0.07723936350874212 0.08830772177291338 0.0024844366666940745 0.009963131239305712 0.014526581277769608 0.017343845303684883 0.03607210730597875 0.07283595533291584
9 0.0727499337382961 0.044037160109005984 0.013935661882155597 0.0012377987918748116 0.030492790412920148 0.03825802484191472 0.030330067342725982 0.06936700915637578 0.08180837957195462 0.06437679729437708 0.08645811159751625 0.057108159399369765 0.09354168242923257 0.055254025129739544 0.0450362490360224 0.016549491853579918 0.06185259466473075 0.026779587310066216 0.06104496490116685 0.04978151053697512
10 0.01592094253600507 0.05857896029763291 0.06679680459236356 0.08593278221503904 0.06970996562610939 0.026832802803777266 0.06444624615155932 0.043237912456606686 0.05763859844946865 0.0753233431841648 0.009766408448312966 0.018786788293810974 0.03541375063111533 0.06083014274510048 0.028717851137237353 0.048535430486756494 0.05771405884958074 0.04006066674854085 0.047299187104714105 0.08845735724210396
11 0.09623165003725898 0.03157407679072633 0.03196080203170085 0.07705625204755592 0.024758989761064883 0.00681546480040963 0.04052669116886483 0.08155139672022144 0.05002717983409558 0.04407121636966051 0.083659505217491 0.09001249130500345 0.0006546842124791047 0.0021122014164030316 0.05468049558933657 0.084986203494473 0.08360321779277106 0.0634128733533379 0.03521178552087198 0.017092822536274123
12 0.08576289608465862 0.03511667198017819 0.008386659096674628 0.11617524948861349 0.10651985830244394 0.004090927209270165 0.04045142863762538 0.04730760238535401 0.0768311410649061 0.1077154270967502 0.0424907631361424 0.013444637250257104 0.06442692841637244 0.07449999979092282 0.019513518134892657 0.000514975049000716 0.003746972329480686 0.054803228242140255 0.09402129665157423 0.004179819652742064
13 0.07334760246477033 0.04941069345372315 0.06408077835626994 0.08643922718900264 0.025819646736407974 0.08201741211247535 0.07116120994637802 0.0025872226995731313 0.0364227970234978 0.042521428106319155 0.08195957199155818 0.014530963236465893 0.02457667185103396 0.004796937934640482 0.07007432350012648 0.02332610085921084 0.07945225367533433 0.054789326557810894 0.06840095007967623 0.044284882225725075
14 0.09999027614365924 0.07383988985965043 0.014643225366255026 0.024285147135543545 0.026909559175112976 0.08984002354037623 0.08075995097226066 0.006032910204062264 0.03917575191712137 0.004737839193778823 0.10028089448594285 0.09199450831437511 0.04415420045434629 0.03494986883289994 0.0419254026472967 0.08908598830792923 0.058543327935533046 0.000933699074513739 0.04909667582935789 0.028820860609984674
15 0.09513320118863794 0.06699297022613548 0.058345938552514486 0.0609175750940607 0.052029642599628306 0.07216667692971762 0.021665828462709324 0.06835377602441564 0.04836385105528496 0.021760820152499517 0.04388746630395554 0.013142373341529234 0.00376178390725818 0.06058380965735623 0.015134149681822072 0.0712406765343454 0.09251848905777632 0.002570936284574321 0.045623627142735615 0.08580640780304317
16 0.018245092756987456 0.06922217802949095 0.049375494037018505 0.02326526268798307 0.09123536910984109 0.03441106079051754 0.06860764004831353 0.0793939021886937 0.09947119121243961 0.09062738806178308 0.02929429089914585 0.010618544086714326 0.015541937657293533 0.08401337667507824 0.04404525197005595 0.013664379856181724 0.03236093707677894 0.0748957836448785 0.04914476618106678 0.022566153029737617
17 0.05843420491764905 0.1122936397768394 0.10051335597125469 0.08525916913423909 0.04216079861898726 0.05718434240403178 0.021058944599383365 0.0011406239858495425 0.05694576500734696 0.04492701999128677 0.012761493644581068 0.02821950889375888 0.0026156443152679436 0.03427346746514195 0.0719065555838927 0.014183978942525394 0.09032044876920314 0.04611350449045673 0.02726286190881274 0.09242467157949173
18 0.02246218357014833 0.060889612601871326 0.00689150571452633 0.10638302791017755 0.007367085033073148 0.020104261989830566 0.09526420741105678 0.09407948814768304 0.014783926274660054 0.016102571498359725 0.08369540850533451 0.04984698965348288 0.04308055894933121 0.003361867281563076 0.11716043919196614 0.0023985318200339008 0.029323920137322133 0.08817588557656339 0.04195245172916108 0.09667607700385474
19 0.004213188950398978 0.0059973687711190405 0.09188079387783807 0.02855891582993596 0.08627844482062084 0.027752567168161994 0.005918044049039633 0.07670958257227777 0.08610767108732442 0.012230510878154842 0.017352811396641906 0.035737341630863326 0.10558071210212232 0.0019696343844393337 0.10439252679472945 0.0665260133689908 0.03377806976879686 0.04019423462371951 0.05545806668615011 0.11336350123867496
20 0.05063144449901793 0.07507320376219762 0.07321439259377849 0.05505257089282193 0.013287022150938113 0.04432029932808513 0.06204793287190904 0.06336582489148623 0.08168663104672012 0.04312271352056375 0.08237209872189732 0.050083666247059164 0.05116861892456556 0.036838918142080464 0.00980734968080571 0.02166199094195873 0.046839188870704644 0.048906280065493156 0.00938152386751671 0.08113832898040028
21 0.05987883237080788 0.03811663160607082 0.08646033170882404 0.06128782345103281 0.06715433091569521 0.07442865805872236 0.06912168716079319 0.06937244940543347 0.04432349279132359 0.05216580969118629 0.03613261668700505 0.00564452823136345 0.04130530741610205 0.07546231242316465 0.050410479530070995 0.05419859426191959 0.02085343278117425 0.006693728523112067 0.013017922929010238 0.07397103005718801
22 0.03866761194999659 0.06876843337443474 0.07394225982791514 0.05917333171192784 0.01346559528875145 0.10828415710375333 0.08041425338940714 0.015772522341501366 0.019554323352872223 0.08844174763397805 0.021394555628366164 0.07847808918950731 0.008918983006479458 0.0715627472562798 0.0029072711109685654 0.015186751200715321 0.05209907742494992 0.0128608073931881 0.13063387286477204 0.03947360895023517
23 0.03836664753851506 0.07632713856722247 0.04877973023814429 0.07860500671617965 0.027928047265367014 0.0500115026905006 0.025388298126689017 0.01845937510951077 0.09477750699816363 0.04698187390863941 0.091236530043115 0.014246058927202291 0.016421658834177535 0.09158869553182371 0.08333167529559926 0.047796552510654844 0.08925880194813884 0.012551798820614782 0.02852614828134983 0.01941695264839228
24 0.00659668752590875 0.019823904464378143 0.002904133125796881 0.04613392800511243 0.03464832869846096 0.03669192204852567 0.05747803241703449 0.09042996114160677 0.0591926940425035 0.10253522317635898 0.12372268553945347 0.08344324208416665 0.0532395652344111 0.08372847253358776 0.06613455938945167 0.03127037007835387 0.013116262817141757 0.047579854669794565 0.022195326023344123 0.019134846984608565
25 0.08845814957524756 0.07069988311622485 0.017413768489494354 0.012747114201358784 0.08883368290770619 0.033595459205277844 0.05503516476616144 0.011493888166957133 0.09444759163143987 0.05336366996820506 0.011310829634446797 0.07409349462606797 0.04463025458159862 0.02027761294670762 0.06816205250671632 0.05494701783219765 0.029855787488622155 0.08830879879015424 0.016570484768188135 0.06575529479722748
26 0.019732427783599165 0.060514864547113606 0.00706738231697938 0.08551659307311782 0.07131643021875544 0.08360838287838689 0.07114961974302769 0.07309046180872926 0.06102396993437636 0.03215793350790344 0.014384186071861326 0.04925743887699324 0.07095420882568822 0.03580352583656067 0.009155471096652759 0.07534522899914949 0.0681212328528586 0.039204393714721564 0.025807520394288675 0.04678872751923632
27 0.0034506561907660083 0.07842277487254753 0.024108368151527247 0.044076972074746874 0.07229704685748958 0.08133143592082732 0.048605251921484814 0.05133974282683479 0.09492052391481506 0.030177161317347448 0.008845134446056805 0.04410328921962129 0.03722583655828504 0.07346078672133595 0.008464746402236236 0.09518227491724772 0.07726259239235685 0.01289756832411631 0.030585980926041912 0.0832418560443152
28 0.07521373478365492 0.046346253216354875 0.073553954010232 0.09129323401427393 0.06117782571438207 0.07577495773190225 0.059719311650731785 0.010633983095691888 0.04821741095174812 0.07042658916955374 0.0019117730349740311 0.0877850409725182 0.0802345984174803 0.08762439538768092 0.01588820738057258 0.030830844271481746 0.0036920036016698772 0.07048973805176313 0.00868953793156351 0.0004966066117701501
29 0.0537348610850952 0.04258943535568544 0.05734603669483584 0.053280533028133244 0.05912681936406825 0.0929510300769299 0.09487990969936662 0.028863609558965487 0.014556748833331998 0.03195905386957043 0.08245408228784148 0.035735843212030896 0.024072133171778004 0.04458945319451588 0.01360190699281521 0.020389092175099852 0.029445954970864576 0.093075250712771 0.04851001803222631 0.07883822768407436
30 0.0045336603549095186 0.04256907362652496 0.006838300268369024 0.0028321921679304706 0.03324236709461142 0.05572304192396287 0.104936232801362 0.09794442011407987 0.06766061786510828 0.031181652312329618 0.10226955886093991 0.06808823787314355 0.01684381612294244 0.08646262697248763 0.03273820652115793 0.0140430706657815 0.027763790003097588 0.10573194448180524 0.049766935292264926 0.048830254677191424
31 0.08178489489663583 0.04074569225216833 0.04566485894661353 0.007568073419843761 0.0679114767532011 0.002651210842852461 0.1159863437771126 0.0008492385442797955 0.012442394158935846 0.08881541788626215 0.06974058418729724 0.039177529833966544 0.022663656012479792 0.03428937446113431 0.06803666982733031 0.11047243937207699 0.017914245657110008 0.09558453640585497 0.010438917296642982 0.06726244546820137
32 0.01313969424227741 0.013513616984241243 0.019171908305181704 0.01663724495074507 0.02837122865146399 0.087785523854134 0.06077458096089078 0.07287525647652529 0.09928558756928912 0.07450961757886607 0.008061571304372081 0.07866484755605498 0.08425139812280394 0.04687034128129655 0.017634330164302544 0.06353359962930634 0.028777072576744663 0.05373387414553594 0.09498554931041166 0.03742315633555676
33 0.008567083721778805 0.1062357937664895 0.022885206537610878 0.021007250587434204 0.09499789220663961 0.10334219127245596 0.04327030073567693 0.03910632070724658 0.020010161383871877 0.0012976635483926136 0.05127973151389624 0.08440497754681647 0.07636755796698251 0.008673726300847801 0.08192739411731789 0.024172293236056318 0.03369042922067313 0.017929865323724502 0.050252175330023054 0.11058198497606514
34 0.07967434431501479 0.04217152785115467 0.0518526662225786 0.07530400616585713 0.008210911484539046 0.08077353193064048 0.05160178773211734 0.06281435784914843 0.06771838701955249 0.08265446734605858 0.023385218295715826 0.05920205846899434 0.031363869960971846 0.025105201808799545 0.029644094488550786 0.06353651344927558 0.08792612665863955 0.019198278342515186 0.02838916739198863 0.029473483217887016
35 0.02249567888441024 0.06939739122495923 0.07148230374350521 0.013571403764029506 0.08183256871434302 0.023011629567890178 0.011154815458058577 0.04519634880829241 0.11163571912582937 0.004583974790051482 0.0957106885363561 0.03905418980140672 0.05320459367788662 0.03768445357392667 0.11432194896033683 0.036351781098823435 0.026893203560135314 0.003980711026765115 0.03130626349393775 0.10713033218905613
36 0.03413774426458335 0.08430209535882033 0.08789873638466218 0.0758902068532028 0.07518429471421012 0.08305734485309015 0.06896464817749501 0.0029310812416627236 0.09106379397582397 0.01973054200524983 0.02390985455779583 0.048266201091778094 0.03908329381696111 0.013949166172016173 0.015809778135444107 0.028222523777029683 0.05059735425476209 0.07712990497831064 0.07983509399970566 3.634138739629855e-05
37 0.05137350909825042 0.08024233872155587 0.026838256728925293 0.03606117130812818 0.023573257784499667 0.01766057347264749 0.016486807170044627 0.012415995233784043 0.020173878151672566 0.038027903160381585 0.08377619268504703 0.08372815720146543 0.06670049701702846 0.07528759084476454 0.020538135691472132 0.07924363567012509 0.06523474522395022 0.06069559200876543 0.07181916618819549 0.07012259663929658
38 0.09533207308879481 0.050436008725585665 0.08776034025628378 0.013662709656266356 0.029899738995472554 0.06108987074849629 0.01579323701403666 0.021453740780225432 0.05350692215946461 0.08389579380601028 0.07156495932472842 0.07439481163088249 0.07995370844157107 0.014757949502303839 0.07042376983289474 0.02344471832144532 0.04240417321383038 0.04223965485653389 0.04115287000456071 0.026832949640612783
39 0.05365130761776671 0.01713754892185913 0.00749911108396691 0.07242119442336484 0.02843886649008919 0.03061449401439031 0.03207753848664218 0.011939128168083884 0.089994139702259 0.04567258751736201 0.004539676468846432 0.07498078459663378 0.08185647812800154 0.06482662614901032 0.006322475436019829 0.0825904188027412 0.06773642615690591 0.05445170915096825 0.09466343688157769 0.07858605180351082
40 0.03915646216667771 0.07078682640560814 0.074144892161234 0.07122177716306498 0.07250077065987105 0.07917002548744581 0.07539271896696292 0.05872564821990441 0.004078503777016006 0.054227766480985054 0.03492562396962084 0.062018612800615755 0.07324292655194162 0.032379694711783404 0.035914020063998124 0.05385145420934581 0.06150124543917315 0.039755917797412645 0.0027905755236771928 0.004214537443661263
41 0.06825460936179563 0.01033958556315438 0.060102049679883765 0.03044697333114766 0.06389388251499453 0.0479889221217629 0.02037601918878283 0.048082180708890816 0.06736916796142287 0.06108283062200217 0.0033966449646329576 0.06851705015562996 0.05741857045757967 0.04259183930153769 0.07342635495011034 0.07009189779307687 0.07171854637841715 0.04531450371163277 0.05425397918077408 0.03533439205277089
42 0.01350817014248079 0.058629931726356756 0.05739305074340778 0.004741184248765183 0.002309390598352426 0.08093940193037498 0.11198268863166441 0.01722147194604542 0.05247603915678809 0.032869841494602425 0.07696983428526319 0.10856099793468285 0.09602614310484045 0.019352288389762596 0.07190823943943062 0.014807088512507604 0.048826006641268245 0.03370757442294048 0.036597895487257344 0.06117276116320808
43 0.052282041715033575 0.0205799645844429 0.015836219561583074 0.006783213248816138 0.044755083540020446 0.07441990759459795 0.0905961911894907 0.09691612255469707 0.05506981242643869 0.05426771998562543 0.02707728740150429 0.058849362907363645 0.03321667334289021 0.06061640695697082 0.07168161289206346 0.03523574569035409 0.034721680814594216 0.04937593130853883 0.08025909886859117 0.03745992341638316
44 0.018404957852651435 0.06568557006760824 0.08744880440800427 0.01127394110689494 0.085201475163587 0.05201343180616591 0.07044946777399992 0.0698469849814408 0.031722681380833125 0.06464717423085237 0.016203723145208942 0.02022175476720298 0.04746290568752584 0.046744392792740876 0.07234255556160876 0.06260308196718439 0.07189247312991541 0.07334859409010305 0.026427954095951472 0.00605807599052027
45 0.02073024750416662 0.037999721098813485 0.017744565351301096 0.0834086336721818 0.011692939628056854 0.04666829965352893 0.08671453486523784 0.08676567565527914 0.06312491335046312 0.051947155661740504 0.024939928534617666 0.019260320683858446 0.07590792281326823 0.06854721971382939 0.04796813674228842 0.0018442506152006478 0.06978365531017143 0.02391091703851227 0.08068703517497014 0.0803539269325138
46 0.03436663835440135 0.02739023152973087 0.10024558007688754 0.087443251359951 0.06937124003063003 0.045380411630860484 0.026876564402292906 0.017605975143442476 0.0592352080736961 0.09406344133764931 0.009295427989207681 0.06530019299769411 0.015947739178158025 0.057967232137876565 0.0038084182811261203 0.059040882965086056 0.055343400966149967 0.04657802310161335 0.09777845678201426 0.02696168366153202
47 0.044607311307907814 0.005966488672609747 0.09956569785666444 0.05043308611864752 0.03496542753504661 0.062137069723864985 0.08975424285277174 0.020260255692491035 0.09585223768785851 0.10785501794094922 0.025753859497019926 0.008370467645423811 0.0742096853437626 0.07299765365900243 0.05200158869528265 0.05898143705493539 0.053311684112095324 0.023152909017365948 0.010209960624176421 0.009613918962124005
48 0.0882890641574486 0.05141030662474 0.025548901747791074 0.02878222788167725 0.06353584088473482 0.10871527192193026 0.053557712688809954 0.01735354924252801 0.011885464585448712 0.008858171481752683 0.02844531410128663 0.01993671682180115 0.022806969063550737 0.06759389302256298 0.08930312090111107 0.0999669929841575 0.023955879588647446 0.08786662141519805 0.015741749563098224 0.08644623132172483
49 0.07723440487423254 0.07583263579875406 0.056311417306776884 0.022248497839051345 0.051228371920271416 0.09223740240946227 0.02057204319226717 0.03965721132692655 0.07410743974002962 0.0017555825799506896 0.009789097008681592 0.07694587616477909 0.00040647303314685405 0.054407196820898535 0.0955480263018005 0.0032776516542699966 0.028318796193909382 0.10250890495683136 0.03898983012124989 0.07862314075671036
50 0.045214450130045505 0.017226922278774415 0.08872705890000222 0.01392828467483579 0.03667188953702547 0.008099519631527179 0.002952147416699309 0.07445966582344418 0.07052331125473657 0.06751647374188723 0.07387251664366153 0.08499021027733494 0.08550323670176081 0.052583901491700794 0.04096636966005201 0.0676168341421703 0.062049046751880964 0.011953362044522672 0.07584937906595826 0.01929541983197998
51 0.061656633756073505 0.06365995189369578 0.05442693378858008 0.021752909975104578 0.06319327171006785 0.0037455404165639564 0.06415995949985391 0.02413510549709896 0.07899759882286034 0.05179034818672284 0.030488860942374445 0.06395296303606057 0.05577211335919018 0.06344804270936227 0.08601722346932743 0.05026974624127735 0.02595450006743573 0.0617421682492577 0.01600966354589601 0.058826464833196535
52 0.08910332644473043 0.019518039446358493 0.0414220389895003 0.04405152851110933 0.04974764520379919 0.05906531951865605 0.06434239645408027 0.08696977438860447 0.023851281554422704 0.07359748167109431 0.00899306295714431 0.01919323942804846 0.017310932398554135 0.0745921165054455 0.07159391150650983 0.03379350285578557 0.03432234748216458 0.07569151117298611 0.08501258252830042 0.027827960982705503
53 0.06245985080114856 0.019631974324611993 0.054667133018541744 0.05629456703760086 0.08126674656190942 0.05531120506983097 0.08334153568527679 0.004388150624370159 0.0812364052382845 0.02296039713515372 0.021841485107571577 0.01670855112937658 0.07521437964398509 0.0798122781312798 0.032485868375565566 0.03538187063005035 0.03711990819365531 0.08324743942418714 0.039958697756949574 0.05667155611065029
54 0.00873505909196106 0.0838223193926891 0.07369116579240005 0.02366680046329869 0.011552689667717718 0.06485775703605116 0.06046396019251984 0.04133394611795242 0.1006939945515103 0.07804287329895529 0.006415081673147903 0.031529042363721296 0.08652127729510128 0.0063128692591849925 0.03025037231113899 0.00456949121950536 0.09502535905827306 0.07147795151823326 0.03463963387068097 0.08639835582595734
55 0.049391746877141846 0.04936169443629947 0.05267106596899995 0.043590185883967465 0.014845543693517203 0.0006799493923570745 0.07055443596007413 0.017549257658460483 0.07199143131914151 0.002752977110811662 0.08825408077073271 0.08209437613590533 0.07070522223321593 0.08654564072374955 0.09502162396909271 0.004482104548901807 0.0377976401876432 0.04098946920074561 0.06436579642965633 0.05635575749958588
56 0.04978636805678508 0.091416407270201 0.0844679636856042 0.08962519219062422 0.09221692851486332 0.053529971715655 0.08070143765682186 0.003757876785115617 0.06999468400490928 0.03656064082360569 0.03521243149193063 0.05113554844973558 0.03263774394018124 0.050326063635173404 0.009891009996854681 0.014046603822973921 0.044505091158801274 0.07747057145572071 0.018637727148584873 0.014079738195858267
57 0.07937095509731107 0.00022121843596554139 0.051878489441510224 0.08398660225507383 0.04505909000386473 0.08817903750389768 0.004782978285329659 0.05195104401972036 0.035083339205227854 0.08376961719602675 0.030757895771897047 0.07186202414017692 0.05347917581673576 0.029399053112303317 0.08489759786678125 0.06070319903996895 0.06113125244238133 0.020551265407084005 0.05684033996159871 0.006095824997145
58 0.03599027955578421 0.05198733499516087 0.05052501083675718 0.011653509240296192 0.08757878025541194 0.10189356469895032 0.09502885848287794 0.08159291622143336 0.04027190189286831 0.07622544610002385 0.05527277896055412 0.016792340141331137 0.013530129514993048 0.05121875843578096 0.06063989299262925 0.023251979893866473 0.008129051849597802 0.06446412173572352 0.01794570295089098 0.05600764124506852
59 0.0684383215121768 0.012512948904015189 0.046735947433656375 0.007934768058197218 0.04354312117816939 0.020452200518661152 0.048622721049731865 0.07547348172458615 0.03771003972744777 0.0019128023321122734 0.09798154899922615 0.0633754728526862 0.04634057622090568 0.0928987729684953 0.07599582059588757 0.08271760173512874 0.09940400586829906 0.03455688725565669 0.02081594243522904 0.022577018629731386
60 0.0878349896479158 0.025054176422096668 0.07881056612646459 0.0015012184625244173 0.07344975011074144 0.0842843191520409 0.022422345664296923 0.017990281819227516 0.046737937772332525 0.024049507143324298 0.01947528105280573 0.0009935461283479806 0.06470515803897134 0.08888377434084883 0.07544228261492021 0.0424316900329673 0.04724938434248468 0.08121127233717797 0.029121600959130856 0.08835091783138006
61 0.07134883383495894 0.09543749056629391 0.037380579115913325 0.0020181269017670663 0.06179996730518252 0.0860678105312721 0.07475235596618718 0.09198736691883097 0.09063025207890957 0.01841046517148024 0.06202695840722662 0.030057613988448917 0.026224947864984815 0.011870223187398287 0.04531651001130991 0.0446925253317629 0.0038608652898543825 0.04530364425799476 0.06724853892894381 0.033564924341279945
62 0.07782229758535458 0.06393932297487673 0.0522314940996976 0.06627712557779318 0.02095369055918764 0.01858102722676851 0.05674839810237567 0.03672799564304854 0.06423202207185737 0.072833959044292 0.05991277064460157 0.018500142700081126 0.0676258462587227 0.008149510682306198 0.05790241841272498 0.06468819100449257 0.041724732678133154 0.02492703071026236 0.06924689612977515 0.05697512789364831
63 0.08205989553526843 0.10137701794962665 0.031415585659460794 0.06088117737112957 0.0768921118995377 0.02222776746673362 0.014106136740659908 0.09830238380599716 0.017062140260980782 0.0001558809579712348 0.03927227748972485 0.08516435233225347 0.10332607677802663 0.013259424154800735 0.07994641578926319 0.010364295285092306 0.03657305721218946 0.0007182736657145028 0.0673833520273564 0.05951237761821273
64 0.07113033234670638 0.10340543881071988 0.03238264085092454 0.06743991467407282 0.07575614920167416 0.0087443562003092 0.06392755710571228 0.05630178119416609 0.03922835514677096 0.009754674974890194 0.026174239235103296 0.029904451687202703 0.04739481525674115 0.05703401743890506 0.04091877460031353 0.10274641993040849 0.0704431834492748 0.04256315227316214 0.05235121840453515 0.0023985272184075235
65 0.01804096094042815 0.08793005794012618 0.05313580444000525 0.0711472500858868 0.05555931768328521 0.02394917065874051 0.0032540332595682674 0.09328257013490057 0.02773749813453164 0.04863290812429682 0.016899584959414543 0.07661168705185556 0.02032953442803896 0.04753726089024746 0.027844866539160813 0.036423512757703176 0.08309846209795987 0.09921010268408258 0.061977653424625835 0.04739776376514169
66 0.07010201971808662 0.1011475217787198 0.04635747442351226 0.08224636579454085 0.03390094187293348 0.047698486066029694 0.005952466386129576 0.09126652150493576 0.004085788163115855 0.06689036019673719 0.03716990410481293 0.06413492142718967 0.07668529038729117 0.09789295244513685 0.017689089305975875 0.02801698550378828 0.00744182760599276 0.05487177980435493 0.0006772315505543169 0.06577207196016209
67 0.08025134761162399 0.043324964922832526 0.0846919371298485 0.03624575296315054 0.03445959575493232 0.009008103158462608 0.07984732861250479 0.09384167302901555 0.013677653654174024 0.016623900711743664 0.025937107739976144 0.056846516763096544 0.1198566350914242 0.05614186679162819 0.013751766658357624 0.031886757869555866 0.05809018180928057 0.049991459275055196 0.009363648573246697 0.08616180188009037
68 0.09137573188770902 0.01227351936276979 0.059437271023443795 0.006315758558370386 0.08296859249690748 0.10369505323845304 0.013027789732567244 0.006268424180654402 0.08839485044545124 0.008700692040527957 0.099301731862066 0.03895984801200813 0.02583370363005657 0.08670177655228611 0.05231837383422267 0.031144579723345816 0.02676373475383164 0.07358640770066524 0.001772629177515621 0.09115953178714782
69 0.0762753328005162 0.04285631795864864 0.032798202581019585 0.09384026866436082 0.06888288579339719 0.08588582197863211 0.016841966741563137 0.03341602102934304 0.08282282828524855 0.02769259244210384 0.00581220144698401 0.011251744909872687 0.048955256303893566 0.044687061355570414 0.0791114234483583 0.05293834199376079 0.024982980101354493 0.0427324031520702 0.05569229124009645 0.07252405777320606
70 0.026190960186436837 0.09481013502967563 0.07453807436114071 0.06582236802306227 0.01919219464312971 0.059587433889019936 0.08875935936787399 0.02729481930661923 0.0807197709155144 0.010144521296246878 0.056099357158448354 0.007384549061665484 0.07048727438838236 0.08122578110230054 0.012979381147484318 0.07946333431517932 0.047216728702546985 0.048275009611995615 0.006213387375047875 0.043595560118229536
71 0.0505785801578703 0.04732050855661659 0.09429346618323384 0.06554563308615581 0.07002078379765941 0.022530377761385494 0.05353122884069653 0.04157731110634032 0.0290219580467702 0.03552255156274333 0.071393762220998 0.027969122069019543 0.014045080285474267 0.004006661724885501 0.06562778758006246 0.0027342785435723236 0.09052781510689106 0.029807014334672782 0.07761583027819498 0.10633024875675724
72 0.04592991177300265 0.0511707244038839 0.0650309991047784 0.029140124919032364 0.036902733197383145 0.08193138210416283 0.0005070207070146192 0.07734226824685439 0.07269856521067719 0.08869935769494866 0.07045099746473485 0.005377698139411925 0.06711367137815116 0.018734254761459335 0.05503822796487591 0.010529111490072593 0.08755335247163727 0.08757381868103019 0.0280332807154523 0.020242499571436298
73 0.0030195264644859634 0.03324169845242796 0.06057683478493865 0.10224094605704769 0.10408719629838285 0.017875929859176888 0.0869700896915599 0.010144203435251372 0.09645345299033074 0.03455100020037457 0.009182533706221904 0.06462495538327187 0.0122267042835625 0.07864808933691005 0.06812787274451562 0.0017937993335972306 0.008631881635966976 0.026001848681812573 0.10519064734444898 0.07641078931571563
74 0.03003103459675516 0.028322745878778376 0.0666645213641086 0.029695815332092847 0.027835862035257144 0.09050799216379435 0.0666918169379093 0.05681625580874468 0.07111117304119978 0.0026330682988582156 0.0881937651286283 0.027360745311352973 0.03572476120002492 0.08290342735519225 0.04535518519333205 0.03157912409306078 0.05633207764747136 0.05089067856382764 0.054035100306251076 0.057314849743360256
75 0.012022702011538114 0.006980747359129323 0.06260400644214967 0.06485591435558478 0.05774798321533405 0.04870083178903058 0.0035791562319172116 0.04619889521801724 0.02364435193346603 0.00959693766084443 0.024514381758885505 0.058801947397643495 0.10224305354402173 0.09168226993949603 0.06426672304631931 0.08138171089921103 0.07587511852369189 0.0408250185653609 0.07119563847886438 0.05328261162949412
76 0.06339510324060318 0.035900556072006436 0.10192327384626726 0.001122784630170266 0.0659887370594338 0.0621049589616175 0.034256080045812855 0.0980557101006911 0.013349758260262783 0.008054453197642081 0.02313210957844533 0.011249523985208777 0.014845976472135878 0.12346932572293493 0.020873169318561827 0.10033083765050707 0.030604464113057315 0.018124978347277342 0.042883959987969025 0.13033423940939542
77 0.08041403521674202 0.028686796386566668 0.005953958756270823 0.06084847404186825 0.08117883464696694 0.043245659781289705 0.08381710011262049 0.01921299901874815 0.06743664352232123 0.005701400446155365 0.046566045794134724 0.06131776648227145 0.006017663638632351 0.06883581940334414 0.019145714200507025 0.09024974726985946 0.03701818854713503 0.07439499006651816 0.0700492818312266 0.04990888083682136
78 0.03878074349344653 0.026868481948300955 0.08443726828066134 0.0017803818332190445 0.08636576225925802 0.019913709981117116 0.017062899159410658 0.04401885830702638 0.027864721602270996 0.04978468417011496 0.09851686824366489 0.07780475236297853 0.02178229924255564 0.09380375018762428 0.07765077703035193 0.015841990489927835 0.056609372220025225 0.016170553779746057 0.09525553342504924 0.049686591983250414
79 0.05468079402493442 0.006741038592787562 0.07030068375112908 0.019932496541546368 0.04341450342041887 0.021785773833993976 0.007436558710029957 0.081238930497398 0.05263808202827484 0.012280163292438757 0.0899505465995245 0.07190971822559686 0.09884989214686705 0.08669613501016467 0.035583528429123525 0.04424222811115255 0.006696238062567362 0.09221093701117532 0.02202418631631179 0.0813875653945644
80 0.03116230772185704 0.06653213105986985 0.09113735555288716 0.03494393459860531 0.016921060705838292 0.04412130523603669 0.03026911761901799 0.0902480703062673 0.08833354447838879 0.021716153602776418 0.06532920443903147 0.056059444474109696 0.07525062016992852 0.05721193602490153 0.08786500315767738 0.012707369469255983 0.05325571428507646 0.016078375583519953 0.04169331783605334 0.019164033678900825
81 0.009202956973917386 0.10212222743951242 0.010014595958432038 0.08523229573825489 0.029039949849062534 0.08538829933419192 0.10541778710189176 0.02286970083392203 0.06879723946160651 0.011369620130356963 0.009423541225910818 0.06899441315924564 0.03163311235474993 0.019575060012314478 0.10744613642570289 0.010951439752674224 0.035854718004275254 0.008301367297146943 0.0713526518608373 0.10701288708599394
82 0.07220934259479522 0.06027252793078528 0.0401535014599161 0.001654755023881996 0.022377373876111956 0.08089506883758803 0.0496338887183641 0.012594360183122776 0.010669115063167887 0.10302169057327316 4.672511898425969e-05 0.02041209768565507 0.09816322803914602 0.10096999065588386 0.04508116561030195 0.07837643387134656 0.0971473531810461 0.059350490522504254 0.019137445696112487 0.027833445358012878
83 0.030479619212665718 0.025720182795665136 0.07478585602287169 0.0475261240505475 0.0277314570028651 0.07452109972760522 0.06491647742174386 0.010136109788835914 0.0737800667481439 0.06401879069705098 0.00626096478278575 0.004631938497991338 0.08609623047858726 0.07409658568332604 0.04428752026170097 0.04678066377087527 0.09367802653733535 0.059980743417455906 0.03783931859474378 0.05273222450720326
84 0.06059790452358231 0.06158251868283722 0.0792883028214851 0.005792090720967714 0.08199164297855988 0.03805083839029326 0.02359461493859334 0.08070193250337365 0.0451410664331079 0.07366216780494564 0.025676873392969684 0.07909075965185698 0.06696033644535541 0.06743575567068763 0.03430056373671007 0.055702357498024664 0.02738008147658238 0.06869818383412792 0.006150339426205933 0.018201669069733344
85 0.04439646245364534 0.0074232185851288235 0.007588481468733912 0.06106142962411499 0.04451894225311154 0.04854726649703644 0.06675239903890788 0.023155655459968078 0.0046909741917364675 0.0961101143683795 0.09208846060469264 0.06405354287727087 0.027122222402722603 0.07777908468362715 0.08764809324054827 0.08402151013008005 0.025871492949870945 0.04104130682727886 0.0653138941076909 0.03081544823545482
86 0.013940753356781469 0.00606399296923599 0.02744335644884202 0.11561807328472415 0.13090624070617002 0.0146456929660473 0.12600577775555247 0.025925972198400326 0.0860409451294414 0.014673981910483852 0.07926219900364585 0.0022725617976985233 0.001877593431965487 0.010337540704421567 0.11789719634978736 0.07338842380099453 0.028241483503551837 0.03512885970115783 0.03374171384171063 0.0565876411393875
87 0.018292901061141183 0.024254145656018158 0.06870681183721739 0.06751265319615948 0.056604165078423654 0.064755705994667 0.01989870383025244 0.03159587500272257 0.05930926225580994 0.06081247002800871 0.0689925768772702 0.047836885135165576 0.06665296541758414 0.01242071057002991 0.07297224885685537 0.04951613467984863 0.07030805305204564 0.049388212776414524 0.01976067817459694 0.07040884051976869
88 0.07393257707008208 0.025601001980852817 0.07073257689758407 0.05349581493653156 0.06706020820801871 0.01874935660471497 0.0013942845316676266 0.06919973891092844 0.022666460771724715 0.05251028309641843 0.0839765358613987 0.0645930812905562 0.01936969692140025 0.03491424815812909 0.05635455052532112 0.062058400469504754 0.020637986068540642 0.06939198651437613 0.04753344675582369 0.08582776442642594
89 0.10166592120939526 0.0790681243101763 0.040305179611823456 0.10301630202213757 0.030432993000718046 0.064115495641486 0.07997218987843774 0.017990631104221284 0.03221087189507173 0.05695408561731789 0.010208150382841326 0.019880610912945167 0.049908049734124806 0.06409804788813196 0.026001370189641236 0.08699080753960702 0.06619241009233748 0.00391933198918664 0.040652985852112467 0.026416441128286703
90 0.09150935459958151 0.05156885218544034 0.10367385669041376 0.01934823983712239 0.10775830799607786 0.03299109836408204 0.05170565051733846 0.09697978547341124 0.06601225956707514 0.03920299890867731 0.022944424419249793 0.023167727433831792 0.0068100709938004175 0.029455377843801808 0.08059116402303333 0.004055259666342424 0.03802647916758319 0.040077304317969006 0.06868216248667486 0.025439625508493508
91 0.0462856941471754 0.031870159520952145 0.06799884491700721 0.07563899369051359 0.07264136938942035 0.0007880529833227341 0.036117182641420977 0.06571900513198886 0.06369241925583655 0.060770420117356 0.04012741247935847 0.04490702363003764 0.058475175968552076 0.04326123550380346 0.06417869141602826 0.03153928946334032 0.044348819130244924 0.06778533398191201 0.035167739982454704 0.04868713664927445
92 0.006806004491946494 0.08562140221433326 0.010095596799315439 0.08768450399412067 0.015813314359769664 0.0004121441176951799 0.04526975909020827 0.07277172789238186 0.05234795881209527 0.06139219735697197 0.03710271574779888 0.05483620968859174 0.04063229907800417 0.05226421002090975 0.06670029759369822 0.006403801110285403 0.0593625597497884 0.09356474231447255 0.056653446852538786 0.09426510871507413
93 0.015808324103979823 0.05096128082692846 0.07718690470659112 0.02830881746349001 0.08396738672027014 0.07948103599606854 0.07730777995126756 0.036200408856143756 0.020159643991991376 0.02616608703070011 0.08418405189478305 0.07059228320707814 0.004720420538836453 0.08485487778821038 0.04349007576380377 0.0064373801662591604 0.0833685616468077 0.03701574652796705 0.03993349729265781 0.04985543552616576
94 0.08139952334375855 0.03508735934262172 0.013928265925372002 0.051879672781092505 0.04278846645110274 0.06969860302641255 0.07831117373761452 0.05110445702944938 0.03054252747384633 0.08338505478571218 0.01756053136505506 0.032476902644387726 0.09622683764301852 0.001016474487284615 0.051068842504091626 0.0247286327261517 0.0654639077262491 0.07763877310702066 0.007033054333155645 0.08866093956660287
95 0.06633061978111267 0.03334569332811904 0.0783013956956239 0.07680763998949097 0.058401918070999356 0.04037401806837809 0.07275196262689798 0.10485033437286201 0.09641862063112548 0.04148944963291781 0.03678642522531697 0.008263044417958176 0.008293644424843868 0.0072849260968143904 0.01986307060669371 0.08500870064642839 0.005355754146335507 0.01115400789341258 0.08680748286002302 0.06211129148464614
96 0.005972404772626117 0.01443210601720816 0.012426572244065763 0.03472709984188948 0.02914095604003915 0.10896548844190145 0.08622056589314236 0.09314610367302015 0.07151205513461513 0.0142735574458254 0.009415864404204022 0.05029361619705639 0.012474649011374517 0.02456163414987426 0.16085735875125753 0.014088299906127458 0.06719294473781581 0.0035072363116314827 0.06649645191203589 0.12029503511428954
