0 0.022487606066547074 0.03200283577157177 0.1059777299442789 0.042474042832005086 0.05959971691912967 0.07267996625329005 0.010878788258731991 0.10149024499623704 0.015064651448638082 0.033071741347044985 0.04388791949599633 0.1115873248702488 0.09610284785144652 0.01983754176922964 0.010847094970587655 0.006453098962697288 0.10829174503697625 0.05591819574169895 0.00698444007968952 0.04436246738395414
1 0.0007552087136933856 0.00287497007866973 0.018014877890417176 0.063228981731365 0.011477682517923103 0.0589745291572359 0.03867176292258335 0.0932603709373757 0.06594732086222431 0.04335881363539927 0.11280465418317719 0.09547062843436592 0.08842792061494857 0.06003102057381085 0.03117667143509788 0.016049942592362 0.02073942058597723 0.10379054377628087 0.04515276529586856 0.029791914061224088
2 0.062202611810697576 0.009128806012638305 0.08367056100221544 0.06785170262451876 0.0360217701909154 0.030439855263558347 0.013944860761074663 0.06379127298027286 0.03699660192002788 0.08173467928624965 0.057560973669179075 0.08673988617570255 0.05426583467137665 0.030745126543648443 0.06953649723802209 0.08040879377376715 0.03695377844526805 0.00957091198765895 0.05808199445131622 0.030353481191891907
3 0.06327087869326128 0.04693385322025391 0.017030496853135936 0.09973074006031016 0.014372223010012425 0.01223662915547074 0.10115700037050909 0.09508246417382321 0.062303329199144435 0.0005327876250229693 0.06962354114222319 0.030725092271114918 0.09261467017135866 0.09352871056252714 0.059841958012766455 0.008680308765756676 0.0004841395198500135 0.028895429413564006 0.05166341913734677 0.05129232864254798
4 0.05216928580995468 0.011847723643795263 0.0909618656132239 0.007226896039518816 0.11312798225390279 0.054415102046271646 0.09115989967421133 0.01513441786303942 0.0789866082081141 0.08579628108379284 0.036483048295040545 0.11733090515516151 0.006672675124200665 0.05592748623526701 0.01785886877501567 0.06726693389918978 0.02017986195481545 0.05702234169267033 0.018465743804460307 0.0019660728283540678
5 0.03262494800364891 0.035232399971638545 0.08503481466758239 0.05372055944390901 0.06387778502172355 0.06482632642787119 0.06849522602203925 0.019794691216679514 0.035496685876786394 0.017531074631067962 0.0070731857702451195 0.0514319150012455 0.053646090282381764 0.039487302921528196 0.10878889474141114 0.08950746375778407 0.00043819888538834147 0.06174172404018775 0.005617269929623472 0.10563344338725801
6 0.09887951743659054 0.037068707224606354 0.09687261637010183 0.04010303999116077 0.045322818535397345 0.07333047618878931 0.007815030382309334 0.08203859801878065 0.05209212401329007 0.0736545845018907 0.03426216472637115 0.06798894307527763 0.006161753584287209 0.08674474936490242 0.03909182472316768 0.02954605006621957 0.061042792965327775 0.04350103138764523 0.021616836637588045 0.0028663408062964803
7 0.10542516317960347 0.039607553359645234 0.055066769646035 0.06308460407662549 0.08533443945048728 0.06164127107723041 0.09566323429278138 0.01937233263978724 0.03636727633177748 0.08090710302301182 0.02370941245209524 0.030404276236987972 0.09268537024425601 0.03237847349002183 0.046789839209151154 0.012059709066313831 0.026373881745998248 0.06536547345988616 0.002285505569788746 0.025478311448516054
8 0.02269091947414956 0.08546385395968523 0.0015338945805355602 0.09547985939377712 0.07376057368260003 0.06400687696496425 0.03916009020717744 0.04140852532245702 0.014303424586124276 0.07405134546650854 0.09700135064118474 0.042108478755489544 0.09960001001240032 0.049281120167595775 0.012919471797071487 0.05456550171542512 0.013768453921623776 0.0655142179102668 0.027785952662724652 0.02559607877823905
9 0.04261928162622648 0.031521905926091075 0.07910138771035231 0.09884304024534257 0.08434694618845104 0.05971325612795376 0.09819910071547006 0.10836587423821178 0.013653363430000285 0.0545011351080055 0.054674694432570115 0.027885448042203772 0.02721619533620753 0.020322589483665745 0.0028138471439906644 0.014795527943747494 0.03586432741434212 0.08208845433697075 0.004999900818698289 0.05847372373149856
10 0.06488688896726849 0.07303468611366742 0.07176362459665156 0.047907511673823046 0.02877688147331127 0.06579288630746541 0.09117733803427573 0.04695935797395453 0.005340283647842418 0.09047683707532718 0.03286998309920125 0.09808978276541158 0.02187904833565906 0.06046797568214007 0.058636271754126466 0.07362585034879059 0.0018193353279419803 0.025760656819481326 0.028527813458272083 0.012206986545388467
11 0.08748950608557551 0.04790816202998821 0.06512985556604502 0.004872146491117543 0.006190995247710755 0.08545896744695629 0.03945384942850499 0.08865864091138477 0.07180429401262882 0.026936136329902154 0.06721220098475839 0.03670747307941827 0.026456678719320864 0.053476136384535446 0.040330657560692214 0.0696764800845504 0.011204191348935405 0.0035534584188175113 0.08718179110621223 0.08029837876294525
12 0.020965364738763623 0.02106923535731919 0.0576553023089601 0.054672058369508274 0.06805849688584019 0.04921586343429534 0.05420314370407738 0.0036585961310859607 0.04201559232313124 0.09589935084392717 0.05999523435976246 0.04415031094818357 0.06383040096765674 0.0797728729113332 0.007175251012327489 0.0930069445132205 0.07584705957944547 0.02328469108123217 0.009524630605720213 0.07599959992420996
13 0.10334240946437934 0.030963208246000663 0.07470338200180364 0.03553506503600325 0.029208685556313303 0.015079066206069264 0.019002297717461362 0.07509042701625039 0.09056163043637136 0.05549321502665308 0.09584093247976307 0.02119465999538243 0.020065719182702023 0.09494580370685755 0.006092938328337901 0.06301761648407302 0.0405037010070378 0.018160602254320285 0.0788762561351914 0.03232238371902895
14 0.09424993027670434 0.015394649976567431 0.05926825109036399 0.013203745297661676 0.042837200148700356 0.08327207243152857 0.057993870004045385 0.02056016486473696 0.05965743214433771 0.008056495923722073 0.03649522333026721 0.04431472814832553 0.09454023606077597 0.09336728270189466 0.08121304402791393 0.08547897010675296 0.02952010280491814 0.005855161918934224 0.03560167829068805 0.039119760451160834
15 0.09981680287251539 0.006468492789987099 0.023661669605098423 0.0015043087449571804 0.10006859540989618 0.05871887060312701 0.015496536516418647 0.08088817872549085 0.08648542477638778 0.07414346956880294 0.08443985979665515 0.006505223655376014 0.007939071580068461 0.04032190058373622 0.00861710234972606 0.08044111978646297 0.014869509425755484 0.029572496867679505 0.08043870276224192 0.09960266357961668
16 0.1006822751604904 0.020155651348240145 0.016999500192614456 0.02516210757344671 0.06325020065357435 0.07299331816291595 0.06510866121994759 0.04256606953625189 0.077162629672246 0.0067761777270931075 0.014642877911218231 0.0033936062484979167 0.0627869715772094 0.05705656164641813 0.016420144952283437 0.08599474549559888 0.057977624092950625 0.06614062697675682 0.05974687922096214 0.08498337063128386
17 0.0682759723905208 0.08199659719905776 0.021288253405014772 0.1248071733606158 0.06811256161143144 0.002516330587690708 0.0947630212942814 0.06502851074302658 0.04420078870005913 0.0026408935908038204 0.04935560392482454 0.018482572367938023 0.1323556831700104 0.00948334619102905 0.03645592907267861 0.004818746395137814 0.04480495699355292 0.02124509081720085 0.024002747392452173 0.08536522079267343
18 0.04552251410892011 0.09235380009068574 0.07879635437031261 0.059226939912623094 0.03251764721372781 0.001038495459913472 0.06131151488906968 0.03285210346317888 0.07123791305121895 0.08395874611356773 0.05707926588506206 0.050118045722069314 0.06887802779029119 0.07289691247432403 0.044190415682491595 0.005949399991929672 0.01781798136551494 0.02121520839105765 0.010708701053185256 0.09233001297085631
19 0.0576804710669973 0.07404398978404424 0.006488210524523551 0.08367826948685614 0.07686687052868162 0.06109016190594573 0.007854629161033553 0.03248812233256166 0.01382597066383688 0.010615529473377254 0.022956211007270556 0.09904184766777062 0.09820320662659157 0.040160619457714715 0.04428340379190768 0.06448030245423847 0.04272321862993842 0.07779019218232466 0.04937067388615441 0.036358099368230874
20 0.04810827206987567 0.05063085292598948 0.07585915638133926 0.05895799398472994 0.022543747695387785 0.00563631714665987 0.06527759087564598 0.004154986653359191 0.05660301847402891 0.032846798644221534 0.04899254889936893 0.0854725674043863 0.007562832599670517 0.08384477695283526 0.018493441744215425 0.08254927236753293 0.06439709087550648 0.032995404639426525 0.07660193200650077 0.0784713976593191
21 0.029489719066167205 0.06048857857704531 0.08147651323972546 0.020938513568274864 0.013715012007305643 0.10871619073035528 0.04409781361579395 0.12042776828950887 0.001350818177950088 0.07847915617808052 0.021270004791220258 0.06921258763755157 0.07622988718492729 0.054223359260788175 0.06496901138694709 0.0077201337895439846 0.02679806190877163 0.024358566023762053 0.030206143899831686 0.06583216066644927
22 0.04319178278321304 0.09889858649617966 0.09698296004090379 0.0603277263690583 0.07995681205494282 0.012837517073124785 0.02243545845749119 0.10482082314682165 0.03693145340039812 0.03591954714333886 0.06306048753872127 0.09660656229223599 0.020849845920866316 0.0419320263967396 0.0042654036165821 0.0006328685369534789 0.00284149423623892 0.047097118223719085 0.05543872974410654 0.07497279652836444
23 0.10261015567933243 0.04685019573996482 0.04580991303442368 0.028588481903050023 0.0009057038335895819 0.07039152888816748 0.09177028843318963 0.0008503585673354672 0.04266457395195374 0.01561877002963769 0.06177788641682584 0.07872724317603498 0.05060826652102634 0.01606461468695664 0.04540968176938122 0.09230325145139925 0.03256990749559118 0.02817698982508526 0.050433651957339835 0.09786853663971487
24 0.02327582927285648 0.0690704784641352 0.06897013156369021 0.028490009265695147 0.07034013308990843 0.05980352732895935 0.06193932249320942 0.03755867847772989 0.057811997953908144 0.06834224957477365 0.07133541236045109 0.06119962832414838 0.06496221919845799 0.044942602264357416 0.04775929134118541 0.00010208152888459636 0.06470647227202365 0.030284992627301187 0.042173360213526564 0.02693158238479772
25 0.07609513910111639 0.025342382004671968 0.027613445100170077 0.04069701714067727 0.06305475474055461 0.0958685485708294 0.07558483278920959 0.00931297796960496 0.06226375504260542 0.022906355818139146 0.054088463514030315 0.06018634505839407 0.055973553730766276 0.08473844713527141 0.0063390621839128835 0.059538600631568774 0.026154886358613058 0.05383073520297171 0.04596862056240061 0.05444207734449208
26 0.08778565156289947 0.013629483274960559 0.04825034796245637 0.0143947000275887 0.0829122267304949 0.0943389811623747 0.08548250041870999 0.03409036863187742 0.05021171206988192 0.03760070618625608 0.08400014655501228 0.02220480158864276 0.09536166417770653 0.01781594371054594 0.014069100626324334 0.007733092226108649 0.056992118899527315 0.08204370134352354 0.045079596598283714 0.02600315624682479
27 0.052409639334248595 0.04464712042346931 0.011691786357537516 0.05196878777314787 0.0392301899224635 0.04148526052427283 0.06725925521769419 0.12519079353905374 0.009393606951120232 0.030776766464926154 0.030895826342684184 0.09355098676975959 0.12296450388967366 0.013421367266400029 0.006982849147286037 0.0009772360180189492 0.06007050427697253 0.0707471940279568 0.09686310449120325 0.02947322126211095
28 0.02017158643799716 0.018868401894158476 0.08387919166378394 0.09718765036187658 0.0153562263479003 0.06391004131912256 0.10246534498713786 0.058052910081387035 0.07168581917061832 0.027292853938987515 0.01749820364140985 0.009378262871298613 0.03647242634809924 0.07268199171322426 0.07391773037042781 0.06524467247659842 0.013164078023234178 0.08227285421371523 0.008575015343925074 0.0619247387950975
29 0.022784981527992666 0.08020698929937842 0.03753836470066379 0.07607274292993847 0.049728914995746845 0.04324482313320168 0.005176351042551833 0.04793386695438512 0.030423770239920968 0.04637765770621457 0.06649241543583695 0.0634279862577198 0.03327124961480302 0.08295555955314354 0.04819830699990908 0.0530393718597758 0.07258463367881866 0.040420461521617525 0.04045995156800306 0.05966160098037794
30 0.067469216779034 0.06968382483223975 0.05399654391513408 0.07396679886839067 0.06283063412731998 0.023746116145382627 0.05715706596577761 0.07665992545027694 0.04170767884864077 0.03549318882612491 0.044595716109826086 0.005327374915087122 0.06197586821139638 0.056464028202467396 0.08241683075276003 0.020218131178174843 0.05845839458282385 0.026021178798805368 0.05692558096842829 0.02488590252190929
31 0.09271995834254977 0.055316240834503594 0.03625970442116044 0.06539191559918589 0.04408769600327779 0.015457319542991906 0.03118416576620251 0.08251529779300705 0.05165633101207185 0.02748570927525946 0.05835511266748415 0.005555315174793943 0.03387886780446348 0.09665716137042638 0.06153553949563622 0.025673187140798245 0.08015842592351645 0.07708103795695212 0.04780734474810192 0.01122366912761677
32 0.008997213755824301 0.023946225645528587 0.027433856797129494 0.007812481754768923 0.040819783817428415 0.10638383879814578 0.10657172054696674 0.022549672122678388 0.024784258287370825 0.0994832731971983 0.10732187477159603 0.006952854411241543 0.02203494593234019 0.004349420424748001 0.02146826030957142 0.11624736196839938 0.07002487606963241 0.0003859731441971629 0.10960611305611455 0.07282599518911945
33 0.05179700381863455 0.08761841062800609 0.008283348882746282 0.08494584415457954 0.022547266237928666 0.055780008335907016 0.07557926729035784 0.06251313265683799 0.0289337051425216 0.052887675438766206 0.025779954726537754 0.024551525961369138 0.085038807522965 0.015103170590665375 0.09552967432632523 0.05014596679130599 0.03394758947579402 0.020225945254580078 0.012030117165409426 0.10676158559876243
34 0.010192040723109199 0.05860098111442526 0.050455541936331484 0.0111029621888472 0.07503625507250404 0.05710942966962573 0.07982736523667071 0.06673615701929927 0.03276730555053811 0.015904725558893867 4.7643373170375946e-05 0.08717011797458778 0.03817939499590705 0.06043249552809838 0.031606557197273254 0.07098058587024146 0.06867153079430802 0.07832004581027997 0.08101983991948597 0.025839024466402905
35 0.04748842504512015 0.09089020527355868 0.07726451932723413 0.002525454551491587 0.008802438072622671 0.09020210821125621 0.021022213792642158 0.028296000093024524 0.06362855697728331 0.08048062495019516 0.08990015661375045 0.04090279615165672 0.032604127080636654 0.06597448933276258 0.05729265156844513 0.02674991206279322 0.023598253360766114 0.06603693445301803 0.04686451747336857 0.039475615608373996
36 0.08170640803325058 0.0750700336021771 0.0502563894110154 0.025096938801768512 0.07519825151185555 0.040101363825055567 0.03311639938482245 0.017323612029212742 0.045323634046854626 0.08037812214158088 0.09858352699821292 0.022483724255877902 0.014195487847979213 0.018786375949834955 0.08097578574931388 0.1029242579595223 0.02846609907790195 0.010509683366495291 0.053099151420627835 0.046404754586640416
37 0.055072476845296495 0.0768418307922292 0.032824684822987636 0.10204681067988389 0.07941868661594999 0.08682195720895741 0.025765544110959465 0.020509635532812383 0.026677036159989582 0.06679069383712626 0.051319854419149914 0.041057439068848935 0.012050345869729478 0.024385136906107004 0.12513442226610136 0.020102433416832682 0.08862485975018732 0.02128907090652578 0.041143096447760055 0.002123984342564856
38 0.027700048087249317 0.09462452332483338 0.09305184278071334 0.03632048576188466 0.07470109641776457 0.015194428737438636 0.01698343996697696 0.05407723075131706 0.06659265215472436 0.003484230766004588 0.08635355508878144 0.0248060798871975 0.05690939644685573 0.05601085424700278 0.04172514662864453 0.06876443502008438 0.03711582332928019 0.02425130854186908 0.04937303279170847 0.07196038926966919
39 0.08181099123524607 0.04058456325379604 0.048385362990145446 0.023797567800665994 0.039030359578583605 0.05428009638506086 0.03203040342407152 0.029669945298669887 0.062431335040294904 0.07678857571420075 0.07284789321166332 0.07483149329289143 0.04035029009415219 0.040849295244068794 0.03578783393690617 0.02535046390448075 0.05760748187624834 0.041812325651287 0.06330555178358784 0.058448170283979056
40 0.01919698503673895 0.053202252235697745 0.07845270986477046 0.0622960901838686 0.08276770721937016 0.036022543208805186 0.03906624304794149 0.06840471078877386 0.03253274760834745 0.0743073469153799 0.01623175519939106 0.07795353437957668 0.013415790182993974 0.06095004463375749 0.05224444248010742 0.06299138305043053 0.07107258710052608 0.010076973336657063 0.08469612796313807 0.004118025563728031
41 0.03133907965624178 0.07097485409888894 0.10180755030636747 0.024153628312749684 0.08015642429480302 0.0039237389183618895 0.011506861002366621 0.09754458872572687 0.014207666964464025 0.06949205202411438 0.010309371887053739 0.0693847958992882 0.01598007736074053 0.0559115604906783 0.04119816394706077 0.07975165177476168 0.0345305988422837 0.08775289344046737 0.09910257763187688 0.0009718644217042777
42 0.06214439027110204 0.06278274682564289 0.06530631841161828 0.05360962013081567 0.018641659956053876 0.08006480223676891 0.0038404940462188858 0.037883013961476225 0.06661353080606186 0.01724732476926618 0.08016656249144147 0.00412727488207035 0.029340348873115825 0.06760449031821633 0.08306181394648197 0.07767056834092124 0.047581552598473846 0.025266578659661316 0.04403008407090495 0.0730168244036881
43 0.018323842038851054 0.07549695669131229 0.06206683667912797 0.05279620996823393 0.027546454208290994 0.0390300428555906 0.0750824318861882 0.037871212329927136 0.012250538562963209 0.04662151150907564 0.08057503715980684 0.07037803558685816 0.04626234235088837 0.02662729489525929 0.012152481976279893 0.06096175913554433 0.05526358551157981 0.07122003714509904 0.0724714089894129 0.05700198051971024
44 0.07376843683103615 0.0030336994655367896 0.023737440975728195 0.021281378696185526 0.07046646295196489 0.07597262175394194 0.07448761191076837 0.03023909551779599 0.01119958413355768 0.05139936151760258 0.030158387358738995 0.06862934385116903 0.08676913623185745 0.053068561640575176 0.08522241419081238 0.02406697220176388 0.03794254098034886 0.03391678757238218 0.06334824313119584 0.08129191908703799
45 0.037049426940523614 0.0549136935520254 0.07738425634516474 0.028091679207308984 0.0033094265516789016 0.06694587245524511 0.1031579055481539 0.12745047585863928 0.027557930232860548 0.07294576965863958 0.029566203244717638 0.02527627993365907 0.011269583564448406 0.0912101054033612 0.05717377633059301 0.0008248816164625392 0.08936619617670057 0.012158749207054587 0.07042357094004988 0.01392421723271301
46 0.03441170871604452 0.0787208229112165 0.08034307853800461 0.010793889527879503 0.053861854533635116 0.061522912548224264 0.07721662371639873 0.027773545248049907 0.02017671167544773 0.05793136733846757 0.09325410028200475 0.017645626010495827 0.05164903111158942 0.053599681504091994 0.05648451716608622 0.05291211379286721 0.09370309147048397 0.00742204946473293 0.027977647310769425 0.04259962713350977
47 0.07147125015268298 0.08592284505110208 0.07514608173823267 0.027012860642828932 0.029666694138243316 0.01730262831641919 0.02626186314129673 0.03513872586566292 0.0287120578552923 0.0612943963191498 0.06616837361431294 0.08264727029403486 0.0224052318274546 0.03487050369713881 0.05796057536899448 0.05907109670033557 0.0755947080318845 0.0112439436567464 0.03529523082618095 0.09681366276200595
48 0.11697956267729143 0.04155498187204515 0.054731518440873525 0.013924714602674347 0.04776860435745956 0.10624750502701436 0.015241485793793549 0.011791348305083039 0.05219590715793324 0.052478248315483214 0.021817581551171264 0.07342179419876967 0.006002501714574865 0.04679814576307132 0.00420412078685382 0.02149601669482908 0.01647975169807867 0.13123783692502214 0.09818646149855312 0.0674419126194246
49 0.051971991504019294 0.08208704028266828 0.05776698044676094 0.08731667442703792 0.01759901856272041 0.08318075496748463 0.028880555126934094 0.021188583709977418 0.02791764466385783 0.03951204405495082 0.09602812914182704 0.02517637977814207 0.07728143995878947 0.05737228024078664 0.012806819518100799 0.0931925796923751 0.018843127770487415 0.07062137173562634 0.041306048165404785 0.00995053625204877
50 0.017665562996307765 0.011489817374817886 0.0034586444722265624 0.08900728691876576 0.06061818233775435 0.09051309106189333 0.0942359308753626 0.044354551981040484 0.04879319652675526 0.009402134804743424 0.08120657692013843 0.04926433321172947 0.06557968628873026 0.03939702175973441 0.037349691868558035 0.021845286508652147 0.012274065240485863 0.0506695277561984 0.0940492759090676 0.07882613518703785
51 0.04101100723651391 0.057419324800161604 0.08213370435665714 0.06675826443069213 0.038753911712380996 0.014190393786299054 0.007264976250789174 0.08653125431108488 0.010552568446580158 0.04884023052289532 0.07801576648303979 0.08918274491573547 0.02667029872922124 0.08826666098012946 0.09300974629377372 0.026729860614015718 0.02666044888050657 0.09454464351042774 0.0006440603069462547 0.022820133432149677
52 0.0366771310327361 0.06520125614177831 0.09202960714700123 0.05086772457851384 0.007990536926270787 0.019723229423465088 0.013492802363125708 0.07243463239796098 0.03131292477751552 0.026419249388815933 0.11574573348746994 0.05318385871186724 0.11591093794356097 0.08466681640738594 0.00961684884674323 0.0125904590274043 0.05970416413412243 0.0046331281571003165 0.11041448185013819 0.017384477257023814
53 0.06714957697005036 0.0337426979591441 0.0035931076123679713 0.07454516341754876 0.08804445411327155 0.04242471855238668 0.08689670795270228 0.01996980710485443 0.09162426699476299 0.04680870499710726 0.07056224046408875 0.03561721456419913 0.0148508384869475 0.06611011909931809 0.0763408493960151 0.012749135004402234 0.07972313528410084 0.05934526355958123 0.016651604669212734 0.013250393797937873
54 0.04656985916642425 0.03047003414237332 0.043454880419784035 0.05880188148015531 0.09389197304751291 0.04156152761979444 0.0776715934842371 0.015741307212215748 0.06351143281389103 0.09751914466120809 0.044361466284123734 0.01320664363035428 0.03893992296719561 0.059314215247132686 0.027843352349695562 0.052685365887326016 0.05216478556041969 0.04103022921282959 0.04112261817991764 0.0601377666334089
55 0.029355579365195294 0.02992350555915967 0.06246763797361863 0.024837696992238638 0.040308420588464865 0.022935239267659356 0.10404485225847716 0.0535727216414359 0.07217622448284057 0.007078303407771154 0.07084740160853145 0.05864435896236526 0.052552613257401154 0.046796241843386994 0.06689756081534973 0.024785763745166976 0.013232627214709922 0.04208245261317715 0.06904003709657179 0.10842076130647828
56 0.05014055295730725 0.07629127448873475 0.054913422488935465 0.0745365820594821 0.05747077672482099 0.06568268006646755 0.01392192467163077 0.08110400925486988 0.07244415118984676 0.001653196199082164 0.0029081827966872835 0.03900483262760273 0.03072098690972478 0.010422188123414904 0.05915186105142848 0.06718731622554974 0.06632943892022511 0.05370362160067843 0.08088745693299229 0.04152554471051854
57 0.053443916866058545 0.05279213179787861 0.06883910736809006 0.03854663904228903 0.06621530832851226 0.08674008931140234 0.004342447911818223 0.041524557718223776 0.01062860936582932 0.050229839677676566 0.053392304461212764 0.07335796858227196 0.09290569951968285 0.05579824156952441 0.0022635366784794515 0.08535185609061531 0.07251507637597371 0.04057726340894402 0.04866885109817924 0.001866554827337495
58 0.05876495922797725 0.0074756410053689595 0.06331769977497757 0.05584085160904341 0.035234816107784554 0.061254538663673 0.04173550894630983 0.041703216528046504 0.027905111982001213 0.055733680564491905 0.0475861081678172 0.07097351164015157 0.06487184200453759 0.06238385110845217 0.06001173915162489 0.04578212778752293 0.06703858345442408 0.07087996309043422 0.04381939668614846 0.017686852499212577
59 0.05136055820751999 0.11972125060374098 0.01712103113472891 0.015607489761123123 0.09223498932085171 0.009753976050413627 0.02869094302657902 0.04056728301865893 0.03306591660418926 0.071206003614435 0.007452442028203712 0.007300873265184743 0.08642870767536422 0.08208216017025365 0.13887476946203495 0.02137814952169901 0.08507945612689159 0.021205064051168315 0.03060978822130457 0.04025914813565451
60 0.040370047147914055 0.022492636167822568 0.08420269591872116 0.032837122568414714 0.0820785827421678 0.010679912837053359 0.02666273188205402 0.07302138780312162 0.05851907820505871 0.021094357609835628 0.08227080650504293 0.01587229756499071 0.04734014298235472 0.0917717772827902 0.004921532774323012 0.005304424029587372 0.05757532333238628 0.07692826612881387 0.08526197929990931 0.08079489721763808
61 0.0020497656668286035 0.07112439119009459 0.00525555091392372 0.04710028753467772 0.05118289639103246 0.03536392828797897 0.07482912375665118 0.04365079714893637 0.07662281300713905 0.05562673748007355 0.06644211567490937 0.03931308441543764 0.06808150006980498 0.016505723930667224 0.0009148278329950682 0.025351105149989023 0.052999960352103755 0.08524154044531591 0.10508346684148057 0.07726038390996014
62 0.05666102293082976 0.06060497066869804 0.08771655463084749 0.03953963134830606 0.06667527132691498 0.08448053700833341 0.03659691220153229 0.07671368304470014 0.09169163332674106 0.015415186015154533 0.009308350007079596 0.06622085133830355 0.0180304491848269 0.0971828021310201 0.0045986871498196 0.008057291094648396 0.006432333319881929 0.05210622833841477 0.08382018982507863 0.03814741510886878
63 0.06218443167593279 0.011871214925199118 0.06099691200657838 0.09838668568637561 0.024645984983748467 0.09998808220619164 0.01796763926011504 0.0600686387466684 0.01600037966198859 0.007711622639556198 0.08874937059448654 0.10940227860004875 0.05050901998453602 0.07179839956201223 0.019184401828735487 0.015132766064847456 0.10232089797049257 0.023639842658164857 0.033370272062596594 0.026071158881725297
64 0.05412606336655999 0.08656341644515263 0.03383133298309153 0.04778597455814872 0.043404720862312444 0.0877591006904451 0.07025497534562514 0.052675122124371226 0.015145486961991519 0.03665692262578569 0.03807659436524135 0.08809999802338875 0.03919741340226535 0.05201156187259292 0.006956363612158835 0.07231612961992481 0.011935560144531341 0.05572625681733314 0.07308152813520452 0.034395478043874696
65 0.04455850347670526 0.05807185910584142 0.06829276385293344 0.08158093644592339 0.07188602806902758 0.01058911739260622 0.06623428968982949 0.041747834203873777 0.0990839390949964 0.0380670394397871 0.022678458577162296 0.04096619009404968 0.08063162776986231 0.0052236158414376435 0.05550079077784696 0.0062520001238683095 0.04539174759938807 0.07520017928714606 0.051383022423956835 0.03666005673375793
66 0.014209258520357452 0.06524311980843552 0.0035028462188362234 0.07597475284435563 0.053220730430654686 0.014484972506739987 0.0036102077207579727 0.05873935524348956 0.016018665415864445 0.05727574662838206 0.058116019234992454 0.09786136047053742 0.11057652811328322 0.10235497420152169 0.009079217752089225 0.06764273361812159 0.1061553477242672 0.016394632166668432 0.004705925581037139 0.06483360579960801
67 0.07346623351133919 0.027456285454637856 0.0412432910527619 0.0525692080190652 0.0016881780401313679 0.08134650005708076 0.07741089471369708 0.08768556550266174 0.0012646641841787816 0.08684895291303651 0.06639425353972203 0.05688232819090895 0.04370377160420751 0.03735310095140521 0.0011481037101929846 0.02864054339945413 0.0974471342534655 0.07452492248263737 0.03722781288574814 0.02569825553366775
68 0.05252454451864625 0.05790323797486729 0.03123046799060119 0.035652630214911246 0.06810985459687484 0.026161641519202427 0.054906905959472764 0.06163454182218437 0.035078665271261994 0.10767766229889558 0.002799459140368646 0.021386120713839243 0.06584472720097272 0.012057951784450394 0.020144339659549884 0.10171556582613345 0.054959627679288366 0.07812725956204675 0.08376736362380528 0.028317432642627323
69 0.07189399584516831 0.012761090993547242 0.02002858692161496 0.04333274656180339 0.024185982920609254 0.03835197951107316 0.008583464927076942 0.05357252786345472 0.04691252494454272 0.024283863132232193 0.07458096502924431 0.079721845004948 0.05513887663135132 0.024667302946405192 0.09371596695985736 0.07034774017603583 0.06255495167914038 0.031800674742949314 0.0911927320478757 0.07237218116106985
70 0.012969539669205664 0.06013774473411005 0.07094785073267955 0.014584304277640547 0.06745819070705858 0.026015022579135565 0.07428160098730709 0.03764878100828322 0.07664083496347715 0.07940413491730404 0.044875972721645944 0.07063195936095502 0.04856514742195941 0.062423892182139604 0.0010620331848922757 0.08119287969855277 0.029174099694115295 0.04452743241958296 0.04787917858460329 0.049579400155352046
71 0.053770939772412554 0.06806919970525875 0.015113770331870207 0.0624062687720317 0.066029000642042 0.09055412690230322 0.015207536641357931 0.03305479817583558 0.012116350556333356 0.05793862415242127 0.021209809152458438 0.0831490464060306 0.06440145138616846 0.07867257215897472 0.038886511417118845 0.05514072073645523 0.09606676102645846 0.0611529907269674 0.015565107245282213 0.011494414092219228
72 0.022649595862333567 0.029544329221459206 0.05897889997681826 0.09073005248467961 0.08435457436938266 0.0722121945149511 0.0819938195421155 0.015396580305282893 0.040683564806633245 0.061152123552411036 0.07697449837128117 0.002277672909124287 0.04985738163121149 0.09284970018783838 0.02172537444651682 0.09074662411248036 0.00574964537383841 0.032513782655141495 0.03798446418055207 0.03162512149594848
73 0.034160764880142046 0.014361695559292662 0.0644981085553791 0.0012980216556560996 0.008458578964868676 0.03415380744884711 0.035603259058774046 0.05190386730779909 0.108031306617615 0.1027196556543892 0.0077227594066160395 0.0020191067575954067 0.08714413763859384 0.085921687206829 0.04699745616433175 0.0691091994354256 0.04251367019208789 0.026603840309794072 0.09117923523398197 0.08559984195198145
74 0.08434627119618224 0.09649252680757808 0.04218585280736551 0.07942099586227426 0.03128908414295567 0.07984878734922332 0.03767663137514791 0.06701633506112055 0.010123274360812022 0.043349174617062954 0.0418345050641515 0.010648832912566073 0.05068286148603911 0.022592501903374307 0.06272268401611805 0.06606576208277005 0.06636934964120245 0.02770296849734046 0.0023280208898730638 0.07730357992684221
75 0.023738678500821273 0.04311373450160419 0.05696289690099787 0.1067532823520994 0.09329586617847063 0.010837530845126144 0.07634059819468984 0.04850148879055491 0.09648705574185626 0.06274500067901093 0.09608462072104103 0.011458876733339599 0.060316674740331304 0.04598544981000298 0.04399607798866145 0.0630263882838236 0.008474559639960362 0.016205697083606384 0.001892696103550414 0.03378282621045158
76 0.10321503566221801 0.006104991803267082 0.08533632493801377 0.08124379763556892 0.03642387664658472 0.021813633326899878 0.0018520047722489987 0.05478387409196576 0.03833650758428344 0.005135290840718654 0.06776541151868232 0.09890625255544082 0.044533943249287396 0.05730943438022131 0.09190693542978506 0.03570332219106985 0.04814167716293976 0.02612372879824872 0.06099774046491446 0.034366216947640846
77 0.06918651759636098 0.07744658970805082 0.007722465001535309 0.007438802022809808 0.08632088434603832 0.018873955604454814 0.020872631241240367 0.0634806809876968 0.0030020495052872805 0.03442082763768584 0.06019745995157537 0.0930234989429657 0.00740153264612034 0.08794658959451249 0.09206246409427536 0.0769844106011334 0.07095633025095732 0.06458701189999563 0.050191899797340664 0.007883398569963512
78 0.024498779752086957 0.0022952449230092733 0.013729390979196305 0.03522516899104502 0.0794911951493562 0.08274192353534744 0.09265666649465003 0.09754431118380691 0.06548830700431513 0.05211160572317758 0.07141646199532697 0.08717144049703172 0.05187406411353937 0.046333781229760895 0.044851852977699946 0.02601595708251259 0.031466436392473075 0.0024732212964162126 0.07641692681716661 0.016197263862082024
79 0.0807815790874992 0.019198836909443337 0.07862903835730017 0.07317140997719093 0.06228341790644819 0.07116414511215292 0.01675767502897342 0.0669308662240527 0.05045406912688261 0.04461446503220374 0.08245159584229807 0.03155748156401687 0.07960724899786686 0.025434625504945064 0.00889011398900611 0.028896893553875907 0.029879851810931977 0.041506656746722465 0.0772980754628036 0.0304919537653857
80 6.943694631304388e-05 0.08179869665917418 0.0094740165640088 0.08897795100493734 0.06676172916312215 0.0899155113077895 0.05587421411039279 0.017457381861346735 0.09292913865252259 0.030847442703507526 0.046361127220182284 0.03618339487411731 0.03810792861157177 0.018036154842626956 0.05177822505138286 0.006030506096750479 0.07033880099083839 0.08902526892100132 0.0874094097906081 0.022623664627806062
81 0.043681718129905185 0.0015779498008724323 0.0054466739345601254 0.07369247412329938 0.07617651310038205 0.003914877693934639 0.08691652268607068 0.0891832018321729 0.09352510937755908 0.04386588003209341 0.062318739907120176 0.0863179987760532 0.026212450605750247 0.0006576682322047462 0.03499742721840503 0.030203596325945926 0.06143854081534454 0.05204085585799128 0.040159120914371925 0.08767268063596319
82 0.006571745177730377 0.05967890372699096 0.11327904363225534 0.034443428883577 0.0019605044337865788 0.024188217402908097 0.03327024940635291 0.001127226529442477 0.006104962425552857 0.027996369461117807 0.12159613581792118 0.12452992298289974 0.0849445243730738 0.013897936599858655 0.035073880023524254 0.1228362452416896 0.0019186119783625268 0.0948970450860281 0.07413289156986577 0.01755215524706217
83 0.08654086064908362 0.04216597759397458 0.017204249552992337 0.06752052148188965 0.06225815882082029 0.004309446305322657 0.00807805595006129 0.03520340815450865 0.04179037104925163 0.023819042266903557 0.036112285788899835 0.08943176666951251 0.04456267898850991 0.062026920343695675 0.0326104136691043 0.01947191805678338 0.08697806489384495 0.07415708924012429 0.08123011160883942 0.08452865891587737
84 0.06346934525192637 0.07416528970369442 0.0642103114134561 0.06010965333900122 0.03483408355033855 0.0839090045140231 0.062081902715160675 0.05890709859451201 0.013703035603477066 0.02886217028359755 0.038640192932592056 0.08962277161709037 0.052149838522501414 0.02900309138666287 0.03786877029951194 0.009858740216598879 0.02812045165203297 0.05730676651306187 0.05786479738657812 0.05531268450418256
85 0.04438990564611824 0.08163234308774597 0.0683936509682412 0.08214370757015994 0.05691408353043981 0.06792449749081715 0.05798811672884821 0.012038983326749242 0.037845246748668626 0.05158143068026541 0.027571844031352117 0.018140292423900133 0.024435973754823457 0.05652977293825095 0.0406755168690117 0.03865120015896244 0.0852150595236143 0.04106301873595231 0.05058493267109366 0.0562804231149851
86 0.10347410309919071 0.050378712277578334 0.05588898325049405 0.08756717506555729 0.026075520340937165 0.004208027098272016 0.1005799090636498 0.07325936653584847 0.03205250472747592 0.008766355138786529 0.04015165166222995 0.08944386487003762 0.06636128135470687 0.027828110251929754 0.04407175723412817 0.027816792301233448 0.02738616540239577 0.07298167321773982 0.022385244577098742 0.03932280253070974
87 0.05916807937299834 0.06231446867086939 0.002413971727635789 0.07202583743760445 0.06211742704704844 0.04870245010707689 0.06467309197230205 0.06930861502863285 0.07531060914012257 0.012166904388719157 0.01756186080471443 0.08650040040052881 0.0707765553713273 0.050486331341083455 0.04031361491227327 0.07130463397308721 0.012288354163454517 0.007334901072614494 0.041045785799209845 0.07418610726869695
88 0.07328382270641329 0.06809210474984291 0.041374259938455844 0.012636062076379326 0.05780582629326938 0.047456481110506425 0.06357119123644456 0.04941160843887089 0.05026742739911847 0.07562200727393678 0.03547897051349144 0.042327378980798934 0.022084855995988466 0.04377683286907707 0.03770980669133611 0.012296137019280402 0.06974985934024136 0.04785478645012465 0.08324576630104367 0.06595481461538004
89 0.06942922925028937 0.12229820870848566 0.03866100319686384 0.04566912319706403 0.07859873854947286 0.007187933307628345 0.039683486393112304 0.007611382396178663 0.1050619969473327 0.030943290735546407 0.05227882574822846 0.06226876241589084 0.026752081151262142 0.03374612285146077 0.008001020253379334 0.04155363637826042 0.11123471192174865 0.07513422284000089 0.032099269545247 0.011786954212547359
90 0.047329056220408894 0.006223129270026982 0.06661760761368848 0.07623458364489936 0.02737881897824438 0.07687400525868887 0.06630789266453191 0.05838140018565383 0.043019377223508785 0.021036640152066327 0.048506980805550264 0.055075550803349825 0.00011760218292454124 0.07731754554529108 0.060527564376960795 0.046966810318840646 0.03000001337469846 0.06996889817428827 0.05886508118451218 0.06325144202186603
91 0.020740442529796527 0.09087297186127236 0.0015386314762826665 0.01666678925151195 0.10955323586681433 0.057744981634604536 0.10989439108156901 0.08692705793096325 0.027338771937487034 0.002057326931411492 0.027747920829133767 0.04193947047429334 0.052444412994058734 0.1371359872781596 0.0733835422224904 0.028223750123221765 0.0169403527572846 0.07578543788409985 0.007594269072777162 0.015470255862767695
92 0.06282610625668886 0.025202483990381285 0.06747359181133025 0.080096674807915 0.0263561227203107 0.0007601942083400816 0.0615321983977801 0.03390663811150905 0.04173200282805299 0.1090089158835405 0.05121836619996318 0.010913214118068988 0.09560679928729938 0.09478034927501071 0.02322890194720163 0.028211795305876742 0.05193143666164465 0.0404207255482043 0.017049164462811024 0.07774431817807043
93 0.0583259143209282 0.0823183557380196 0.030387062160631275 0.042987830693687584 0.03223534274148132 0.09045101547923755 0.04941459034804495 0.019856018299325193 0.060421929598626 0.043012199988079716 0.08516179365228746 0.03818041049269011 0.053203687478674745 0.07626513654768269 0.06216304398801334 0.020202515990125812 0.07199262266059091 0.07487381549831375 0.0075629061413543175 0.0009838081822055062
94 0.08270745089929987 0.03125688031357747 0.03166076245997685 0.06626966847951961 0.06433844180630578 0.08084020442028458 0.08830746035137556 0.08154076060970569 0.010581863552208236 0.0882911299224161 0.09152856054727071 0.017103919881866533 0.0018141577381258192 0.007837945638073182 0.0015488158317550228 0.04645592721962082 0.02112780833320173 0.021362540613815505 0.09132004235751773 0.07410565902408314
95 0.06809382448702278 0.01995757331766374 0.021619188312973582 0.059699722298994375 0.06495316776502592 0.07420318391264538 0.04782832442532953 0.048894973563882185 0.017979482985029147 0.06936053547816554 0.03899725877365515 0.01997633077011158 0.04686858584892173 0.10080365763769082 0.030343193223086658 0.051127664803778734 0.0437701590947721 0.082941402057575 0.012819262504238475 0.07976250873943758
96 0.012662728935574316 0.07832595748915668 0.09563735728930568 0.08236454326994709 0.014096314955199737 0.042319225930102004 0.06790333367240739 0.005929137966030989 0.04511312113041803 0.032995517368292725 0.09579160743934662 0.022261661027991795 0.052839459502318435 0.04800222739001983 0.07147233580629013 0.006571303576634193 0.08152002234779691 0.04917468916962957 0.045191215070006896 0.04982824066353081
