0 0.08823244712312328 0.0012645757881368277 0.010597310709558749 0.0744974952467153 0.019553237546631238 0.055063090577010934 0.034004084360838654 0.09028123718847467 0.03421969250197342 0.009536157585569766 0.08867519298802878 0.020983637064907152 0.05658186654227198 0.011644405354474616 0.06102381721338529 0.0634084912919335 0.06141018396489938 0.09802280662051303 0.06269266585348725 0.05830760447806631
1 0.009258676043378006 0.059743009937397194 0.06153460996931146 0.05760475664972119 0.05421687275300839 0.09850192084744781 0.0038172551695072137 0.011044219484543788 0.05198176396155954 0.07574077494664778 0.06315225235161087 0.09284202278202826 0.05671213787108886 0.0071629398103099 0.07031484548836257 0.028650381332638558 0.08220215781708123 0.01254867531909297 0.09569329597714751 0.0072774314881171075
2 0.020042588247739506 0.08330404108198093 0.0636208366914309 0.09717232801823844 0.03668649786213731 0.004931773544416226 0.011886017131163079 0.058726418614420454 0.015378417308449589 0.008275421641207165 0.06539609072756829 0.032118303684044204 0.08607287835086144 0.09103300347547537 0.03832260928731491 0.0763098349439033 0.11190390246593908 0.02214986614503761 0.0024751864691649784 0.07419398430950715
3 0.010945187280141003 0.05285067849564504 0.07683803488668127 0.0015965629653582648 0.04931035878446756 0.029442545672687222 0.0865260006880695 0.0274172978513347 0.08911333329659882 0.014721477689174896 0.040134770471112365 0.020748934843635054 0.1097683741558925 0.077662118394037 0.024216985326196098 0.04548396788672728 0.07189163311719317 0.10742602379837048 0.030421849951037312 0.03348386444564058
4 0.027459571893845142 0.05263599987369292 0.018575116328665122 0.06042497005960424 0.03821085398741174 0.028053237913230947 0.01076465666962266 0.09828134457280464 0.09471792907903046 0.07398618321204227 0.0818424789891777 0.0051271872656797925 0.04209600391257306 0.06315485858113383 0.09493263753589554 0.01061716382486904 0.038010884038585095 0.04524206262708974 0.045273392760820715 0.07059346687422538
5 0.07526057130419701 0.059067048925497065 0.05954126173793419 0.034554373507125064 0.08086999229671273 0.1284802866785455 0.0584602702040843 0.018442476111788772 0.026228955790620456 0.06274593337372913 0.03276342321674516 0.03929675797759965 0.038578472296731156 0.03853634869705928 0.09831398648104138 0.011801373304282993 0.005225334327035021 0.06337314981626438 0.01221709993756477 0.056242884015441794
6 0.05839804233952223 0.022483303211584187 0.08761689311105846 0.05789243574005977 0.012435184604042977 0.0809423152103468 0.042401590385233806 0.008364821155291784 0.002220872963126651 0.06512794632494051 0.05502809680218836 0.046327771827213524 0.015360941930821869 0.0654862916806305 0.05690160735267268 0.055390453080383775 0.08817429156610161 0.02043798458024725 0.07949585449766375 0.07951330163686954
7 0.016222084912567453 0.05421868941728944 0.07075758335202992 0.013871221172489807 0.021806497970424853 0.09595485524275252 0.033048391541214917 0.06268962293040364 0.05292948173770141 0.006773264655855103 0.05097880061102174 0.06818973335163694 0.05530147290615481 0.09732817819902424 0.06182937800599642 0.0734224772384012 0.0017612449588757769 0.08158189627132656 0.009524579833231963 0.07181054569160124
8 0.08140187911861242 0.0707711990700944 0.05665834580062979 0.054185503427075093 0.0252373590217362 0.06886496249897107 0.07644950495574396 0.019457142067613866 0.07482977421198671 0.008112364359926986 0.028018932796011344 0.11581410063477558 0.05302910174591746 0.009525184869340812 0.042537513575878164 0.019181730977707038 0.0479650549762132 0.03873663081944786 0.03053389323399154 0.07868982183832635
9 0.13178736208769068 0.058195156510417644 0.04803494167067973 0.02082419269063598 0.02236109484262096 0.017991306311607645 0.04223726340212267 0.0012498453193316432 0.05536710541971429 0.004962250970923374 0.01619397240995633 0.001882793046074525 0.025853304396826662 0.12408952916679093 0.036156915885933796 0.06474910835360013 0.1304437796608259 0.05498577829138726 0.11619658674525213 0.02643771281760768
10 0.09589307269017668 0.034597051023153254 0.03617829444086346 0.04857624440057466 0.016833622814605306 0.031222427582484565 0.08187439866626622 0.008480794273154764 0.0032207810367612753 0.07149895381718108 0.06170404776870978 0.07273679578904818 0.07383285532581348 0.0382681698760047 0.047512468910963446 0.05561748717135549 0.047750755151021 0.07205625047848567 0.06930235211297546 0.03284317667040163
11 0.03362041920059588 0.0644873048227908 0.09913379400832598 0.10084381881733001 0.041722463844566786 0.09089225050921877 0.0060884819320111295 0.046565685008880406 0.08653032503219867 0.010022641150660929 0.0678414193142843 0.07073372028722517 0.10190894266538925 0.05259886060093787 0.03962678934680033 0.0012976341903703002 0.03496326058859376 0.0009656711190299216 0.008873622120639036 0.04128289544015075
12 0.05035158772775053 0.024473566263409408 0.007394140706585273 0.0928089745166415 0.08045626100304812 0.01872138131375976 0.015568815049036708 0.10827758863398945 0.0012616181200012077 0.05226369881579827 0.06834108162965086 0.06088202524124047 0.08309516394981918 0.09283324847025962 0.06072225947674771 0.06165399057540874 0.04911950600187208 0.013780209967210053 0.03641082898092134 0.021584053556849777
13 0.07389695904678417 0.048217901840914956 0.05747042764879027 0.05836570967937214 0.06101901856011123 0.024384005965481906 0.0866657118667226 0.04787304395201126 0.047820507181900035 0.0735990041128573 0.06358779624944433 0.061516277448244616 0.0037685158336604975 0.04746028052468725 0.026478973995163607 0.06791143241355699 0.05441304813225682 0.04848269296812091 0.03633282864453157 0.010735863935387674
14 0.001778658800664483 0.03104829828118564 0.00266215047359305 0.05266586934447058 0.01629500371900021 0.06251052763470062 0.07787832615879718 0.08140545055049488 0.02097885293977654 0.006748970771548043 0.036543669964384795 0.037797193919108546 0.09523615678713558 0.10146448502375827 0.05228115787318497 0.01360767725687405 0.0766339623315908 0.09884543284548498 0.08236967843148967 0.05124847689275708
15 0.025498681303511742 0.04647166738826015 0.022644686946725338 0.04633034961707221 0.09298911586125423 0.09163415168347082 0.011381046058746644 0.021501803889951984 0.07253264386164113 0.08980663303223115 0.08085964990145211 0.02408856869568244 0.058468648538137505 0.05948870130228361 0.031123524441370565 0.012847805852744573 0.07070761685927952 0.08812785112248536 0.04069854645323418 0.012798307190464844
16 0.06694235526000766 0.021402935385551887 0.06988096785193992 0.05624826736047059 0.03756901779553724 0.0138090148645894 0.05157785170748815 0.04563065962619924 0.006650409079750205 0.06056227723301719 0.02330114720529081 0.07197916958593083 0.06735464309319365 0.07575262325419796 0.05603493052140154 0.07438270565087021 0.03859833887349025 0.0496529241922516 0.06802830618683048 0.04464145527199107
17 0.004301637823191507 0.06604661744614743 0.07886603755342042 0.06627784243458089 0.07122401512979577 0.051813831376383235 0.06361142630467229 0.03211938964735697 0.06329636244166528 0.07666823271745686 0.0166030443489637 0.06497512706055646 0.01994722227284979 0.04644618828615614 0.0441570773775611 0.016587122213064374 0.030249126866958888 0.044180302904035226 0.05417565320903891 0.0884537425861446
18 0.05987435377873012 0.04776871083117526 0.020338628932739206 0.06019233807655568 0.06969311993848373 0.036219913451030296 0.03685793513896109 0.07465200724204914 0.029164774958101727 0.08449452795973132 0.06448834394194562 0.06813417617713996 0.06857996563291398 0.006599838827161655 0.0696386429912701 0.04043975200806619 0.04786795297888543 0.0451064913740639 0.015054430154772822 0.0548340956062227
19 0.01747841937154906 0.08039498633664681 0.05679682387532336 0.08671747241157046 0.02174361277968619 0.06826782908592031 0.03126153231224478 0.0566633874076391 0.019273907365022967 0.042058048920519515 0.01912465065707455 0.08150936933361554 0.04651999516479031 0.04025104811615444 0.03453325946390636 0.08201745306835702 0.07257955073037599 0.03247043238814811 0.02060339012542651 0.08973483108602871
20 0.04175416207097672 0.07143600252589113 0.05884937858015939 0.05419003856944094 0.04370465272624173 0.07415456195097701 0.0006726889445423957 0.02945640007729134 0.055350392810004256 0.07065551598682136 0.0271267075203443 0.03184958399636002 0.029014787753568264 0.07395805100707128 0.042315592870335136 0.05265262424221611 0.05819491257976507 0.05408176430498503 0.05700604408578901 0.07357613739721966
21 0.0238000777189024 0.012483775939591725 0.08202268111307312 0.06998286378518974 0.07657067794685424 0.05244514077145986 0.034139695829907245 0.031315393954554564 0.07076712443743641 0.09182826833799558 0.0004825642811297101 0.07208229679837537 0.009697558190665605 0.06018964001532094 0.02198785842941765 0.06549013637928484 0.025794986991729447 0.09426606812297035 0.012230040675834452 0.09242315028030698
22 0.018373712613356807 0.01549208141795025 0.04644741680421679 0.06832539712613535 0.014962362989750906 0.028822800270358905 0.10589474539280155 0.06974508732396834 0.0936204856030162 0.10942540489729338 0.08488481306197831 0.07972525514778954 0.01081218183040408 0.059249469101995925 0.016474612416273907 0.07245539965777677 0.009956721496072168 0.02583752117367622 0.042355949309326374 0.027138582365858244
23 0.06516049164482314 0.04339337601184882 0.08992716626981266 0.02816263684308277 0.05644071493093199 0.03588810671406831 0.047126155426346655 0.0752241407581435 0.02238955446389766 0.036933555281145954 0.08803850617348694 0.02284229434628211 0.08152137801554858 0.006218448808309251 0.04207566257239706 0.09366734464767407 0.01861963606158875 0.050830309184169156 0.03964446166416649 0.055896060182276254
24 0.11049484196165416 0.02040781327764182 0.031859814111022504 0.014264316131644948 0.012045072032024973 0.009394126657149948 0.10033145787893777 0.07516570889503976 0.09181796430764186 0.10393420610580584 0.0010357002353375616 0.09661133655924314 0.007468973843679944 0.007883378826168979 0.04833830300696835 0.06859251704716654 0.007012914708988574 0.06466429685989632 0.0650789610158573 0.06359829653812979
25 0.03865876572304325 0.06184554143207356 0.09948344740046804 0.09501433707227387 0.0445924798171373 0.10586292335432573 0.049159432702315924 0.03811594051426751 0.006913726596678823 0.015400692301753146 0.07695513371072793 0.028698095922097353 0.10267039286056287 0.030229934262586345 0.023921826959609184 0.02301206517519806 0.07263161158033593 0.04270520815598364 0.02946275073076848 0.014665693727793196
26 0.042324724080594046 0.07060282888240167 0.07430157166333799 0.06814947037363506 0.061478119547172125 0.010665854513066531 0.051630113302408596 0.026056472910211844 0.05725644492252934 0.0685157170759742 0.0076145610028242995 0.028565759576955035 0.015326123237056979 0.07165582625310553 0.08124852539099689 0.05421081884341427 0.016208169790122223 0.05179363869435083 0.061339097673367655 0.0810561622664748
27 0.04290618242797652 0.05978104337962466 0.03180432321195366 0.056244963515369104 0.020728690511151 0.1261119142199444 0.08793839248522237 0.04856182748557843 0.039858777015043395 0.050174054183961356 0.01843317566594418 0.06537818995919194 0.05574429100896839 0.012784620694763375 0.006811066796370484 0.03253342229585124 0.05305620627609824 0.040276750906070184 0.030544633708854928 0.12032747425206218
28 0.11392031247926034 0.07804085892810908 0.0230041370131882 0.05159369477914991 0.08202623750124555 0.01162434543487232 0.060462537530576836 0.10849391945242455 0.031973921194752834 0.10322544948555801 0.010745564925423874 0.019808028768906343 0.062325587480717023 0.1312924335774568 0.02494162463676787 0.0014989242263748342 0.021290819338402357 0.005501440546882555 0.035621505619256116 0.02260865708067489
29 0.014729242395832249 0.06994988044390764 0.0012121287715703255 0.055101924301214994 0.07655926939541824 0.04617328007763651 0.10284885835147466 0.02791585011637919 0.11773406108000668 0.022916335348165694 0.09120795092382483 0.003010191160460031 0.0001192079885294139 0.02898426242957864 0.08093541381979526 0.008960175354231952 0.07157385195248903 0.09670540910602297 0.0108151660312377 0.07254754095222411
30 0.0043664535968103765 0.030807160241997648 0.06987541877943006 0.05128828895245269 0.018932778024863515 0.028210562569113168 0.07887990083210657 0.02400107841417428 0.07507332102749442 0.04128514660119657 0.05066360903370813 0.04834419209026026 0.013895548683326481 0.05364106771775811 0.08521813894143933 0.029993357916615206 0.0992672391225516 0.05949835934299363 0.057057219238827554 0.07970115887288048
31 0.00921967507063576 0.03312027288136196 0.0007736349849602807 0.031252153444852056 0.09181681703196858 0.008595620230206116 0.05399687711760318 0.07848138207692841 0.005072844215103089 0.07137356507572465 0.07529090451005521 0.09356721932886503 0.07622728289210597 0.07774580143601166 0.09845560796727927 0.02874902413561887 0.07676192573508699 0.080953713085096 0.0009364119770487378 0.007609266803488288
32 0.009190046499851503 0.03432154633815362 0.05838291453825781 0.043683244309333284 0.02834553395296986 0.025690547799130062 0.0655733121653703 0.08436053726279029 0.08238195890728923 0.01818043171530217 0.09121484429882012 0.0638143311692179 0.00020339161518062964 0.04647148504568128 0.04772016173189263 0.013881359218309852 0.10031454519620762 0.015181990701341245 0.08419638415340333 0.08689143338149721
33 0.00537103652816931 0.05945999235108067 0.06724291189989275 0.020800112613411748 0.030650720994755607 0.06479382278540789 0.06333088232979149 0.10338706675155276 0.09183690167040723 0.030978303038592093 0.06516712846937091 0.06368016947813898 0.09163269598149801 0.004744926306646247 0.04286393377304935 0.020749308368297182 0.01295556951496006 0.0910861651406433 0.017768946446723787 0.051499405557610775
34 0.04085605483504322 0.05604193235302107 0.07840354271178547 0.0006824098024976997 0.016102404209724915 0.06404449590457885 0.033237085320999255 0.09765266011579646 0.05629356607317542 0.09037048445395023 0.010821387567505822 0.08122503639761297 0.05044312325624927 0.08825750339958534 0.030429403166389216 0.011053633276061786 0.05796876622693442 0.0853349754458087 0.04814057709579991 0.002640958387479828
35 0.0013114207760699416 0.04492439001449073 0.09068755554417657 0.027734206479620657 0.02916542190711883 0.03299993175806743 0.06722144137633171 0.04464131580105864 0.030053612147181972 0.0744999265389726 0.008234805493494294 0.10012398523510194 0.05810867803084226 0.0368895083533688 0.0846504263714301 0.025783531865812902 0.03785831746533227 0.10377725323137292 0.037040638984888706 0.06429363262526672
36 0.06910802185100294 0.04600734296289554 0.055969143392318274 0.047554249722044216 0.08142550422589377 0.07233777965614452 0.06341338064841938 0.008273040661486014 0.0263396889966025 0.061493744868646755 0.044652880103997934 0.023616800781214958 0.08219716220534738 0.020243516630387724 0.08396758699416675 0.04067589622289047 0.059545426919974456 0.03513700207858763 0.0167605178671621 0.061281313210816646
37 0.029558124724230268 0.01823880626714801 0.09456517985540039 0.0717691127875423 0.015334632655318224 0.06416785388932218 0.08548279513939339 0.04231615102819708 0.057677199307426125 0.033994157143116516 0.009540156731277304 0.06930231776734425 0.04754443730942415 0.08171186879361504 0.04193440206206209 0.11583263656933866 0.0961566057833554 0.0018336384833524443 0.0037785864030300664 0.019261337300105912
38 0.08132040089465217 0.045969986291033466 0.08808757991210532 0.05769562419291584 0.03483775868162187 0.008248752164890672 0.0048068516131099005 0.06440928048109336 0.025027655888479643 0.038397773249191414 0.05466866183060328 0.10025695483024909 0.03700128696816155 0.0011229693780137834 0.09878826705661649 0.08027684056810268 0.03598033542344576 0.047833055006546 0.07959072373794325 0.015679241831224402
39 0.057890179472313 0.05512846442873875 0.04535269997269475 0.06690598693385358 0.015985881906409764 0.026242732575782017 0.028869120256377438 0.08400651697464732 0.056389111639970194 0.017553550493412666 0.07110683983283007 0.01816427217503996 0.08036442510798456 0.06170506762420828 0.08857728923181643 0.07773753547251869 0.018633238997525566 0.019066097170684082 0.06572072008374846 0.04460026964944474
40 0.036896933924219055 0.05221059665055792 0.004268746056864582 0.04570149027375012 0.02094823091648197 0.0012538726735718394 0.11505845370636153 0.12979616862390808 0.11861006364436837 0.0764708363563756 0.0016662222921124102 0.007956110381932564 0.009710820214776835 0.01784968240558958 0.04691308979926443 0.06719215824731667 0.04302079232807284 0.0610132705350591 0.11402411866876638 0.029438342300650015
41 0.08006069255320183 0.06850471493775818 0.086068505652409 0.0038528972830360413 0.021300715288141505 0.05410521420041096 0.017799555852508652 0.07826500834492517 0.08535218286625468 0.02125552997523492 0.03772825943096387 0.04755956590448182 0.04152205565297408 0.01651820673719028 0.05761913968672895 0.01429097279014466 0.040152610766006715 0.0740455484294307 0.0870894576524311 0.066909165995767
42 0.021404280855321294 0.03315647059075535 0.09529459277567078 0.06900217385141263 0.011379285211075684 0.02463273213729119 0.04538466319071251 0.0726747072291446 0.01672553281211107 0.0398070672332303 0.01953785239540361 0.09472258699657464 0.08853899349017508 0.0017001515264979709 0.01681876260760591 0.06895386602418628 0.04931955282751445 0.09135065947579782 0.0866611501362421 0.052934918633276595
43 0.07650738663977892 0.02981974004264986 0.07843136717483377 0.02314036069374128 0.03856935117806652 0.07672511316902066 0.033564185821626374 0.02391530978673853 0.07281459385065733 0.01319140489272207 0.04121229169381961 0.04819974166182441 0.08332528910847795 0.03912779652910847 0.02610394848596567 0.06074820729665868 0.06473079694475939 0.05320680113666336 0.04779097877322582 0.06887533511966115
44 0.0240504486829624 0.05205382173781371 0.07456048987316616 0.016478860360794507 0.04323790464310911 0.05951980736819956 0.031668815793179324 0.05282408594819537 0.03349914833271543 0.08606748831804069 0.06928931084323668 0.08817484783887773 0.06193426241216314 0.058597733394093215 0.0346673948125645 0.04561872330800919 0.02469458705627405 0.053913895766388754 0.044203659861699246 0.04494471364851725
45 0.06844132076107225 0.03548038751343215 0.084204677631133 0.061124872866707806 0.04439495239830596 0.0814124980064956 0.025882393234777177 0.09497235684309699 0.0652418066986722 0.030291880825614757 0.05052468443405563 0.022875910864406643 0.020259540023401263 0.051773516788458256 0.017529991863747926 0.065314737183508 0.03799178415422639 0.033874574027711574 0.07000003548688183 0.038408078394294554
46 0.08894957655835473 0.08722840371759992 0.08126045100346317 0.02348060298678902 0.002575344442412204 0.02032460730070206 0.09637592956483661 0.11084747157167255 0.09097816500734016 0.04070302684415102 0.02954464019523509 0.0024155283777160226 0.022635304640950062 0.07051845755576419 0.008501408185474037 0.07266455951211553 0.06074012028493816 0.055614860521372114 0.032158032532912446 0.002483509196201046
47 0.012541636153056377 0.002665221232592346 0.08723935560767004 0.028279710081331882 0.08397548715267127 0.0981869603116169 0.11040397374217407 0.01710361411631328 0.0022509354006039544 0.0128306588980342 0.1056266486449386 0.09549426697276724 0.08561811204767321 0.002111210156731731 0.0566019322354249 0.020135937442308963 0.0223051342175812 0.10042972655769947 0.005584098328606582 0.050615380700204035
48 0.061613697513057744 0.08492573345790265 0.04486794784873553 0.06390938358765455 0.02906990871766553 0.07403629260565006 0.08069627886562364 0.04636954001125977 0.0722594444602019 0.04310518406436607 0.030282390152638956 0.04383829203192322 0.004780374704242246 0.06575790513255318 0.0607812725231194 0.07337073633380259 0.009120662021359189 0.0004225851006137284 0.0379701658513578 0.07282220501627204
49 0.06372895900796828 0.060997555323413825 0.08287490403262064 0.03467074387145418 0.059251504464363995 0.06722524100472077 0.05453033019711025 0.06412213800099219 0.038881927898013875 0.01372471605011451 0.041096842808119254 0.07316457428962367 0.0047107094415419215 0.057472463485793455 0.0474913513936435 0.062299987736853024 0.008697142868878733 0.07085341182909789 0.06352890503881245 0.030676591256863475
50 0.004235414610319596 0.0013443205797123484 0.10204253300027238 0.016509833356751435 0.005122523566319624 0.08144255364580434 0.09502808346332037 0.003793980250898437 0.012626265620957833 0.029579527727899596 0.06605233812540456 0.019328087572170458 0.07897267387827371 0.1059437198947368 0.031829366649561 0.10618034238806393 0.09958741132549953 0.015033829576875355 0.032981256743966327 0.0923659380231923
51 0.0910005349155148 0.03754417998392021 0.03973735759024021 0.0007210092935775428 0.03483078013650225 0.0587052477973484 0.07923801975748401 0.05546429471913884 0.08192202241514127 0.05771641636054004 0.04455580354478609 0.08336200060782281 0.021003002397560436 0.0882902034576092 0.03036481071864483 0.08143401227254109 0.006872111062331966 0.06563809222062825 0.028836042190012526 0.012764058558655358
52 0.041427246945135804 0.0327576238404027 0.04122235737762682 0.03921489500699335 0.06913049969302872 0.07685616992476932 0.042581944529815244 0.06123721876852988 0.028593486481985696 0.02439427951952716 0.044836115588454045 0.06543245296450051 0.01023925438964756 0.07352204252023622 0.05762081432979843 0.0774734291580088 0.06878115303604063 0.05351853276514996 0.06772481715697107 0.023435666003377903
53 0.05079207107826099 0.03474265224785658 0.06666741253556893 0.07078889247971751 0.012382117675492813 0.05497035710073706 0.05321670310009312 0.07304857659544328 0.017201423952514592 0.06868780440847023 0.014842361335193616 0.0634494753798975 0.046158812538240376 0.07497952494462831 0.022833354787894753 0.044489636346341684 0.07470900725182446 0.03698847580818597 0.06570621786629507 0.053345122567343445
54 0.08729782621298778 0.019515536578226717 0.10221020080632819 0.12166271696857028 0.04269964372213963 0.06663811295722416 0.011286303006297516 0.05090961110213303 0.016195104170626636 0.020971080444364992 0.06584915293091305 0.014416648861336475 0.05220957295692593 0.04223736088834512 0.06381600780081845 0.034254514916858415 0.002557394464079675 0.11901854383009848 0.0501169432653144 0.016137724116411196
55 0.07280297365681401 0.03684736471834696 0.07080768331127836 0.06996769367134258 0.03608512600412863 0.1063316234214012 0.07421667449664535 0.079807112569901 0.02545108795147265 0.027962459728124035 0.01745640180575823 0.04823347760199758 0.03111425388760999 0.041866614023215704 0.0328462193862936 0.0031033143082494488 0.018445991728201362 0.03736286726353677 0.08765743224568459 0.0816336282199979
56 0.06162796535990121 0.015144079303884962 0.12970089240348173 0.04220913090290313 0.0001319937899296781 0.12037062447701134 0.03178814501494755 0.03679447575858212 0.017009010783394195 0.04329933664025491 0.0552561249032743 0.0632805441928228 0.02557951363027235 0.10680902939989938 0.053255250686033956 0.08498537959891285 0.011839716593927605 0.02743933107396122 0.05696255971175107 0.01651689577485357
57 0.027830688188219557 0.0009164442840727705 0.04887019614789707 0.07809440067259527 0.07840958545354582 0.01495526738937492 0.02369531657335351 0.05501310689109152 0.029635530629292778 0.08408834367159215 0.08840351912244664 0.07644705689843363 0.07279923456916813 0.04418331505301289 0.04487307675566784 0.03765846101822103 0.025687846684680226 0.07767885128618429 0.06416791464772899 0.026591844063420904
58 0.06044348150225798 0.02829192058211313 0.07880850580008866 0.06322350327955215 0.0226196625141557 0.018611018772916214 0.043958248658272144 0.03301827314824051 0.003913331591738744 0.07964354789700778 0.024215975042173703 0.07805641196138326 0.0678883020925308 0.05306277549243357 0.0847904352869743 0.07319636430019413 0.04432598491075476 0.010738987790040995 0.06741856880579566 0.06377470057137549
59 0.016092753006702643 0.010250678946998496 0.06693696245186978 0.07155806818680115 0.09102209539637343 0.03393191029328125 0.001704087346828586 0.07743588975533881 0.016906785168133428 0.039650131425699585 0.09042314630330935 0.06415156988846177 0.049682929222969956 0.02862528089357154 0.07278747936937036 0.06565194103311627 0.06759047822973217 0.016131792136946328 0.03597199685789944 0.08349402408659587
60 0.010896104777938277 0.033934830665144404 0.07504688795962504 0.07136970362118018 0.06847203263635634 0.010739452468139734 0.004281150127848866 0.038570902772133764 0.014397778807319742 0.11422421690042746 0.03526458431342643 0.0004045026076885976 0.14068760569948685 0.060922036505332684 0.022194891962991167 0.07788195983913727 0.11184552912765544 0.026196118083384484 0.027774286249715546 0.05489542487506764
61 0.05746590341458486 0.019597942210436346 0.09294986603000745 0.04902657788263807 0.054660386098638304 0.04663838906600614 0.00941730818651544 0.08381847084371473 0.009709651060837857 0.09253830606947057 0.00346890763297992 0.061409236340864565 0.013572066546976467 0.0815193102055167 0.061120652301806494 0.060474062724428124 0.029989564089061227 0.031114150392354073 0.06830941760667993 0.07319983129648268
62 0.06904639249185643 0.0611946045697254 0.009485187075572197 0.07410099416513997 0.07104349117019909 0.06749576621936362 0.042056769092255857 0.01666400442949585 0.06733844005241654 0.06452631737658046 0.05478571163487147 0.03420845856459732 0.018463600073470386 0.08021339954002236 0.037735216247520784 0.030307959779761518 0.05871819525625126 0.015828644014811842 0.05822661581868285 0.06856023242740479
63 0.016873640791614433 0.11550079971174243 0.006852268578769569 0.12171573718873487 0.0691287434845267 0.041200079797864046 0.019365985774492986 0.11960037639874381 0.002320034369464073 0.017323195127324602 0.08147485071208546 0.06147487704709725 0.010837323274907386 0.11231390429234077 0.00018313751172351872 0.019838659464988393 0.024105156333268474 0.04740488380090926 0.045832925253526335 0.06665342108587573
64 0.029089449022877998 0.06684107251700883 0.051194747012986506 0.026023871273693298 0.059558124190867076 0.0806798722301031 0.07039548008612696 0.033662458191293244 0.05872368178389436 0.07419290701461816 0.03244418338730838 0.0865146249628173 0.06091741558274818 0.01013939737315138 0.005954843298326489 0.06702171315268618 0.07322112897108676 0.012242246655702949 0.023150032052410837 0.07803275124029184
65 0.022458599935554935 0.03293088160226262 0.023341715871096107 0.0738263356484509 0.04391803777787409 0.09449398688486109 0.008326834271650521 0.06712105328783051 0.07172066658912044 0.012975291225582483 0.09743370759410931 0.09585180437612474 0.0193073734249585 0.09824115552826736 0.02804662070543927 0.08687820676665552 0.05060315969061592 0.03725330987938457 0.0008752333750023809 0.03439602556515875
66 0.007261571863864385 0.037371150648810414 0.08602165286588476 0.06567313116379693 0.06553887729697422 0.10796302264987982 0.1049445075980782 0.0882650093869361 0.07867920293995939 0.09106169682876872 0.0306864494904519 0.02204002869588139 0.04953930912764279 0.009729928571047498 0.07044229025949454 0.0058495248010104455 0.04440655836250258 0.012292959883594618 0.00673295583908865 0.015500171726332675
67 0.004946660946156371 0.05782235088219417 0.09381100872035314 0.012329722001351939 0.10344266482236805 0.06736737209079154 0.10955851401009732 0.06425330019442535 0.011022049179753746 0.029711160289183365 0.027227731128373872 0.05352748277438967 0.09226665833524576 0.021488291322466106 0.03936615349196845 0.0040524733558337704 0.0178983390133415 0.02349728261126534 0.10293498796427446 0.06347579686616607
68 0.04547787055217274 0.050184712193601155 0.028349506216144117 0.079028993525682 0.07320806078424134 0.028525018409719598 0.03683895716430715 0.03178156222528345 0.06739864815818339 0.08110260780410306 0.0003559929232410088 0.09462591058171063 0.07964747217774888 0.0386190129806882 0.010578725913443034 0.06370941339488376 0.04734765935673843 0.11299561096981112 0.0010713677141950104 0.02915289695410208
69 0.06479976463747424 0.0664898871921906 0.05318537523164355 0.04676466914997142 0.005448799629891847 0.04545456701748504 0.010415090121758726 0.012925282164033462 0.07674545569795531 0.06683922122674565 0.05034510205884556 0.042623150849747306 0.10073467189076131 0.06934361345867694 0.005031203141403911 0.09108311378364399 0.07803232452734464 0.008142062343173316 0.06479969475345096 0.040796951123802425
70 0.09190049264070523 0.07510539733853877 0.0817537300273439 0.015802798090548936 0.06443279660303003 0.06393170642332419 0.0325488720043896 0.03368676910296481 0.07273936325263936 0.0235888916694478 0.05785240236041061 0.05504296963625671 0.039751062734770075 0.06736175330721139 0.03486689844434919 0.012249291213489081 0.004573378293137806 0.02450642290395803 0.0853741040392712 0.0629308999142133
71 0.05003334599484761 0.01151785405076282 0.044699671720336766 0.016530874125470517 0.00979305399762127 0.004387021408198595 0.09779251298496346 0.03722822452386455 0.05388405106176314 0.08998357571323644 0.08544909072648371 0.02824728533057648 0.0916906173500373 0.08646060720819268 0.06999522495106408 0.04485104478369813 0.0023105014262731352 0.06553278366815414 0.06534267549526263 0.04426998347919266
72 0.07791950394091302 0.042263487663001524 0.03183779449979309 0.08504726550388589 0.023071776829947436 0.07852955619727295 0.033879177236734545 0.05921924755103077 0.10415086438942404 0.07953295894427123 0.009500560177852736 0.007843920200728268 0.015677204496752608 0.08266163123290765 0.08472690760880983 0.10255733166262582 0.026715153023904637 0.018443940715193195 0.007690584349821884 0.0287311337751288
73 0.026702447679788 0.05190024067247346 0.008085316759245769 0.11123246948091285 0.04905474037755817 0.09553366283617734 0.003032869552564132 0.09637500979318982 0.002071865503299382 0.050292753272622226 0.075360319156287 0.04122170195132721 0.031182020643459787 0.06885387205127995 0.0058185162353094145 0.06801555905463419 0.09846607367544938 0.0390705784321176 0.023514565677310906 0.05421541719499341
74 0.08096783064125239 0.025583013952622725 0.08162482776143092 0.01761248249932456 0.08077637786708386 0.01977537811176555 0.08747717197416728 0.09144492411706985 0.03397017326436175 0.016858234304339477 0.04505379094501319 0.06579770828099323 0.05391262166779116 0.004355110163796994 0.06065288654757815 0.04958210506104573 0.0464969645693311 0.054784518711934634 0.001484164617714837 0.08178971494138268
75 0.07354089091060562 0.06039332780637635 0.06948710736747928 0.06145877833549369 0.036599384046947916 0.0747665057321178 0.031037695609522083 0.05528689174702296 0.07565093298312674 0.04113276409001633 0.03806988807926411 0.003839196752993973 0.016193822183325025 0.07378671271070142 0.02045128302346515 0.05408260496936528 0.03753652909578233 0.057933613694635844 0.060678065770600184 0.058074005091157774
76 0.056826662366033336 0.05070153047051896 0.007573336977577008 0.008130100983002887 0.052656024432589925 0.10615290876163275 0.07569469870558734 0.016134429774433218 0.03915493729931355 0.10060801004224193 0.04920589054513625 0.006939902939073518 0.07422709033652239 0.045898968228622994 0.044150182290759864 0.09594357259914069 0.06711984439922412 0.03563342148178752 0.02430544198234261 0.04294304538445908
77 0.1015573792398209 0.015764081466245368 0.0024026579590377645 0.08273939584623245 0.007262543380939962 0.0818855667371303 0.07481590340041579 0.04134675757249059 0.06893298731427575 0.08592794256000465 0.0034450638633516857 0.10648718720008794 0.008795774511431697 0.06358192041172207 0.02478221859674923 0.004380546050044775 0.07874648699132658 0.08211514630680311 0.019613005969527374 0.04541743462236224
78 0.035614248408627903 0.0982982823444225 0.0442730593500777 0.06191370917709237 0.05451177315800209 0.07739605862465472 0.0503636147452823 0.014944788531920699 0.005647367256563101 0.10475218672201017 0.0879075181637819 0.06462142541317775 0.037012992040250665 0.015160719905932126 0.014377604084448688 0.010696580571194063 0.07121499155528943 0.029214213267591202 0.10751217470288424 0.014566691976796504
79 0.07505541190645473 0.05398605481256947 0.0746175677417556 0.0541900966243042 0.004020716884221734 0.05821647711319293 0.0387808680456075 0.042583608304950796 0.046583780604790945 0.03657298809155302 0.046094265793606946 0.07080954196613785 0.035477203173741916 0.06688547318570069 0.034301371827884924 0.03941135475541831 0.0433932119567442 0.07275663172865895 0.06523596168633763 0.041027413796367714
80 0.0382919679728455 0.032463672429428034 0.04517703103638202 0.09771317553162912 0.007195209028176807 0.06581767329118296 0.07499446244298927 0.038625372017753366 0.054100640804055 0.06380812946274174 0.05951460979616479 0.028733866355458642 0.04467602791613239 0.02601000065209759 0.06889772058455129 0.02249147986187644 0.015521102371817462 0.01653099414429038 0.1073562018195353 0.09208066248089179
81 0.028858945620891648 0.05120032973115011 0.0185786789192656 0.01016311900799996 0.023855635612134368 0.0760887916011655 0.06623145120102063 0.04087897552006305 0.07600753160056174 0.07700288137267619 0.047392611772866675 0.0750158820054936 0.0790595355530752 0.032313854175832955 0.04988845379511011 0.07899483666980366 0.0501896223783328 0.07678135424102395 0.028674559878764883 0.012822949342767506
82 0.04910768458231254 0.042616927847514446 0.03919629509554445 0.07478126957339587 0.011772729613101173 0.0595318761802985 0.04012032696428708 0.0332963015263849 0.06424430989939493 0.05274818672599081 0.07928785632547244 0.04122799847164912 0.04929808999752698 0.012770041888332454 0.05933400761098212 0.08277131973415877 0.015840002244284546 0.08796193642745086 0.05517205277525548 0.04892078651666237
83 0.0029910424759676565 0.024351979630323636 0.10590568424696124 0.03879968737757927 0.10015466481475888 0.04079932727888579 0.02100299808092245 0.05644717909569856 0.030826506545307112 0.08364957180210095 0.02896833416775728 0.007230148629980279 0.10375978002132104 0.007846350702403861 0.06257438219070205 0.017275442823889924 0.057105500851962636 0.024885521457928945 0.0746973018631294 0.11072859594241899
84 0.02594824436946375 0.08670769333124334 0.051111644767845334 0.013342746345383625 0.09124946928616809 0.0653468865846955 0.029675247579979303 0.08549741144053956 0.009660716030432294 0.0007869762415892074 0.05343894958105446 0.013410162830216059 0.034601565895062636 0.040011485066488044 0.08980131003086596 0.08674582900955363 0.06378488694680211 0.051247125419464766 0.04092347082929797 0.06670817841385457
85 0.048128141323932 0.06613686530637758 0.04002878763641974 0.04250128120392294 0.0036555349283124566 0.005892824532376273 0.04698959247292182 0.06678237626770286 0.06694390045012877 0.06683618111015296 0.022711071288731805 0.08235024881361977 0.047376488255247755 0.08371315308273433 0.0979245952545107 0.07086452065491096 0.09246092951117449 0.03794175265971746 0.002496175850012933 0.008265579397092482
86 0.0515906338570248 0.02710697235293097 0.10811697715294175 0.09665708539351431 0.10780144142512485 0.008135919261827215 0.06346933765502932 0.10038971906786537 0.06807650905185905 0.010636025474472312 0.10169295369149824 0.017336828075599615 0.03805453535720939 0.016620466936605096 0.03217130998112451 0.06386648952007958 0.013519782149089164 0.04874557206451492 0.020695330578354928 0.005316110953334207
87 0.017447371090201044 0.05705959475365707 0.004009518818906328 0.05597019441435306 0.02841670626973397 0.04724063166695995 0.026891348992746002 0.06806888727555727 0.09503367070236433 0.07132847690875802 0.08618393638534264 0.08326494520023957 0.0538627830972787 0.049704335461855216 0.03604050639220984 0.03328440891209285 0.05570352154626698 0.086242622025873 0.022975890269619263 0.021270649815984984
88 0.05570514652620027 0.0025561904091522232 0.11537980891593709 0.0567044137121162 0.03293807099001823 0.071611218041185 0.025211172352931712 0.027687283343850407 0.08015005370292086 0.008159185349782688 0.049982573264613944 0.02339947698155879 0.014629915835311405 0.041307151508063175 0.0062833020878637295 0.12326302069794544 0.024833105083458974 0.05973263557242601 0.0545605255080122 0.12590575011665156
89 0.061793098251694774 0.0559560958616014 0.07066633534010748 0.04940371387655451 0.06745318333963013 0.058368979058964765 0.05726624731132072 0.04592373115212251 0.022686033906728978 0.08029145651958092 0.06912609422318867 0.02586152626436764 0.08294149292913398 0.07208067474083234 0.050104986302389375 0.01685474579161508 0.07514980424710907 0.008856880417237447 0.010930588019454825 0.01828433244636529
90 0.03578418699280639 0.040123276809607915 0.05890005490517983 0.0016202898821260309 0.09389915487096816 0.04039052766679152 0.0044942903400672606 0.008509335257430736 0.06480025832720705 0.048684650989709734 0.059137111846957184 0.07614522311818915 0.07623177864110835 0.04450262383226107 0.07709450535250324 0.04653520141987766 0.09545710276882396 0.014141661875695315 0.049877587686190744 0.06367117741649873
91 0.020903956720563235 0.0906440631331777 0.0525070764479175 0.04418421739640276 0.10441580999805702 0.04353857317088919 0.07357445821832304 0.041836716593658535 0.0046012993510342 0.004126303080419597 0.07094450271252292 0.08383580298479454 0.0698822591095602 0.020412364780584683 0.07683647400385092 0.04603552165964528 0.03886010910513382 0.03383423435522314 0.0697062260710256 0.009320031107216267
92 0.037345896954639766 0.08940507927291057 0.05927134917451384 0.06148648271216087 0.017413716366856347 0.010279948160925544 0.061170378878802466 0.012945602505778328 0.03159068517120604 0.07765647411162044 0.07519200616891726 0.06701739247215911 0.05368977890570203 0.04204127382256874 0.027418147466890152 0.08928076147270213 0.010475107186305885 0.08090386758558997 0.06994165657059127 0.025474395039159516
93 0.020769487586824457 0.043113398792055065 0.04407354930347528 0.08785253079768425 0.08789931281498362 0.08785211233578966 0.025140447345225386 0.05989826388682806 0.023552914940568447 0.03670330699489471 0.06013051730326858 0.04172560061025325 0.08168226504052885 0.013712234033034214 0.03799324196511782 0.05744131229403715 0.010640812988290666 0.03857414894903539 0.07512953323149363 0.06611500878661139
94 0.08557262062440028 0.0063389017015567425 0.07060431548825966 0.024899592366482537 0.05180299971451546 0.009747187438421616 0.0678915517204258 0.03265718046138838 0.04531045900971116 0.05267061140748935 0.0546947252997847 0.0676122581351551 0.06744896398635987 0.0814048962527491 0.082937839128188 0.085694970756766 0.03941981112069189 0.05905554207762361 0.004419466709916738 0.009816106600113898
95 0.05023645056574074 0.0840218332964539 0.007133417774610325 0.06127330194280496 0.05818722132704533 0.04283783740644922 0.058776721245588186 0.07424087999260014 0.09495960107232874 0.10479407367481682 0.05436013828775952 0.0317429558058695 0.003741293198852233 0.024454602841858835 0.05121956295309183 0.03650501217519311 0.017086276982366016 0.06561701662947764 0.04047928304672438 0.03833251978036849
96 0.03882791688908692 0.03772191622351737 0.009750197028587232 0.05433389536328099 0.036714496399632264 0.03646874193624633 0.09616867450350702 0.08184354795560328 0.07561103448591168 0.005935952563772066 0.029075903302002985 0.027408990892232594 0.10173351874771006 0.0445675840162866 0.00984610406450529 0.07994934092352605 0.03889163920322976 0.08144652168673204 0.0445822127796118 0.06912181103501756
97 0.06208006286548638 0.02355137276304344 0.02631864694678045 0.057400717646466946 0.08417531160308149 0.07458690187480232 0.07598261037950958 0.04616999745097705 0.07084647887703664 0.07270590341975203 0.009719169213626559 0.054438823391152885 0.028326921658023203 0.03178781182236959 0.03323378057071428 0.08145196432887454 0.010878428175680804 0.03735700192163602 0.030102590455506673 0.08888550463547906
