0 0.07765893347493968 0.0446125218073826 0.008767970774837904 0.08251657254386859 0.011755170925664662 0.0666956762500346 0.06559369760294405 0.019985111391998545 0.08382045745706213 0.05589501237389369 0.07497273849104417 0.051305519000648656 0.07946494316255039 0.015784199591397683 0.07090166293221761 0.030756529612978672 0.010070224641855058 0.012978553519148426 0.04595768717622611 0.09050681726930677
1 0.047563777935280445 0.013071310863481166 0.059197942615051215 0.029539330082990665 0.06375113956362882 0.06183845230192843 0.05527237079763555 0.008424111147729868 0.0734340326640828 0.0037753883740749552 0.06549642198552183 0.07235715323161045 0.0987254507151805 0.06977517540908491 0.007603034677651073 0.03849992048241151 0.022191886576657032 0.06998097993633255 0.07454532631743588 0.06495679432223024
2 0.046462589041666565 0.09225520609505987 0.04646229393619362 0.08357318663925528 0.07305244846511039 0.019203888988181372 0.058769609652698264 0.07556960922388659 0.07650383151317697 0.08256460157897265 0.014258145309956616 0.021864050830090978 0.08545925843658266 0.0041534848488964235 0.026125757306349192 0.03602583212150403 0.036023091471974786 0.010747145955432224 0.050986918520679506 0.05993905006433201
3 0.10362115602395576 0.03217287845825017 0.05774374492675654 0.051299248662015934 0.030836917350571893 0.04901697911424902 0.08608978455175703 0.05817493406289255 0.05352159371716771 0.08109909775425607 0.06456872856229497 0.020394312687660794 0.09386225948884026 0.06673315004422631 0.035938774169561795 0.04121267938548041 0.017607889549848873 0.020118685560341226 0.01595790061078825 0.020029285319084347
4 0.08208766987321667 0.062317666784932724 0.06113697821512743 0.018366691472680913 0.06345526695378756 0.07887132622105386 0.0002433839875202067 0.03025516362257095 0.045668672130920254 0.009527085845095845 0.050087872979159745 0.032597930141549304 0.06160445382999174 0.011927637348938196 0.07150053169261514 0.015539923188104729 0.07996385937030834 0.07945689287797138 0.0769504357466671 0.0684405577177879
5 0.03566741165008789 0.03550380809302592 0.00848290162613493 0.08291606903675598 0.01846297262601844 0.04934958924423716 0.05313916148593552 0.02871944571186577 0.0797554837089897 0.023875833226266376 0.04309111384978721 0.0357350438216803 0.05572704599754361 0.03136904564620695 0.05925482598707322 0.08326087268521903 0.049592523514831774 0.07066224239954322 0.09185048754329944 0.06358412214549768
6 0.08119207847365771 0.029593910502435806 0.03533514149177823 0.06966622707887832 0.021730971801431482 0.037029098390529404 0.04874595933686912 0.051385085436298175 0.06521598350812886 0.044964967737460976 0.021961910129041896 0.09134915171499133 0.056900282348386434 0.032481246494016985 0.04838959792457443 0.07465318382431199 0.05843355983988426 0.013974673745224575 0.02633497961197009 0.09066199061012996
7 0.006613656810312963 0.033032944057390316 0.03570495467529363 0.0862277886333878 0.10030162391877427 0.009127135181327278 0.046105763425228485 0.04392190214121247 0.04208318042487417 0.03479225421996885 0.07983635195117726 0.08526943057408676 0.0641618782106877 0.013251011953890184 0.032505854909071985 0.03998463020131829 0.008875667795649416 0.08948964939535028 0.08395405308204894 0.06476026843894907
8 0.045612526742512205 0.06664524542912022 0.08290607191483344 0.032734199889206915 0.06475280567399963 0.028322171275686068 0.06331289354082927 0.0390708301924602 0.027273176204705037 0.019227037005313828 0.0772630319083605 0.0363086628300845 0.07035140445555181 0.03577851904093785 0.0030348755988089545 0.07826628455316373 0.04554519634017611 0.07135619684388513 0.08248082893902367 0.02975804162134096
9 0.06264328755208173 0.05029900732022369 0.04065825179121835 0.07997816393239032 0.029850301693789872 0.07256590649489537 0.06064001494365743 0.059845335646728344 0.01580820598913169 0.05927076470701041 0.08048544815021026 0.004817414254460665 0.08383732529261227 0.06971901154821668 0.01986681558674759 0.06976592257490916 0.06484870155617174 0.016131729731563658 0.020684350264096717 0.03828404096988401
10 0.08374762416298037 0.1012546970641973 0.08431024738468444 0.013987807272507312 0.0033292241207867677 0.07799698934473934 0.06337160329951867 0.008745616573180438 0.10549948281098959 0.02226372466172123 0.027478095866953114 0.04165818320023778 0.04861279378487952 0.011391154581878291 0.055860606508355386 0.02732511864925928 0.013049874232683249 0.08723088508680804 0.09867288116078946 0.024213390232850664
11 0.013544849530293076 0.05058193784774666 0.007809340431892208 0.07144680420823092 0.037211823563702444 0.01550620306218511 0.007041028411083573 0.06877225546033547 0.004961579846492809 0.07305571747545747 0.05829694162695741 0.08178391873702086 0.0252895245968318 0.08974837033792352 0.03635268622055293 0.08909091461597224 0.059947094834211984 0.038280239381472445 0.08546959033297874 0.08580917947865828
12 0.0974935682145163 0.03936464325850558 0.01314173777114301 0.04094283688721382 0.023266539520160848 0.026546571265842426 0.01247282315939274 0.039884376459442546 0.001268955792653045 0.01713442982616279 0.03620268693238817 0.09103173725362584 0.10023606931649501 0.09905485062583336 0.10823977064192868 0.04638340935734134 0.08996028494996616 0.04549052333320447 0.03495784065284326 0.0369263447813407
13 0.0696346091959719 0.013869234149154804 0.046219190947699114 0.08560939963048603 0.06224682933469227 0.049791885168794285 0.046976736214845535 0.03657279637745658 0.03310733592755422 0.0630662251486923 0.05085099359930482 0.011059887980581645 0.06238526740113907 0.09122658120234114 0.041036177010106506 0.021841786998665184 0.016132313995489138 0.0674766165079597 0.07655968885685248 0.05433644435221328
14 0.0770372799003559 0.007403031144378796 0.11187348016761543 0.05866674493767646 0.004631879560020696 0.030360952686585767 0.06254000432380247 0.049534956105888366 0.038383109701303715 0.0010294761934979402 0.07201465067487924 0.026987630136167534 0.0458019253039879 0.03689322982413313 0.04841152557714685 0.10896562090639582 0.07576711021760361 0.035184087745784076 0.05329800184062613 0.055215303052149986
15 0.01247279506187093 0.0901913274878903 0.08517321428178207 0.03511772387624497 0.08393541365257774 0.015155268732631708 0.026318820103823987 0.07806333074265116 0.08747785748718813 0.04404229070510476 0.017276733696841247 0.003705605245779291 0.04408438946197625 0.10366742577575863 0.010750854873017161 0.023703158374821863 0.10027993975124738 0.006686673965597253 0.027846628593356466 0.10405054812983876
16 0.001657821187753677 0.06431819075543894 0.1045900625293769 0.013378122139173783 0.08940069814414241 0.0853220654249168 0.007613395056340249 0.07967976981877466 0.035262634969857196 0.0007649832056574271 0.08140818846584363 0.05851487152825585 0.08607501869201677 0.04258506723524983 0.021489088332190542 0.05981995110133787 0.03738352615781733 0.08515729546370893 0.03561824396163485 0.00996100583051255
17 0.003894757253834459 0.08300709482340796 0.08052392813555082 0.04531513596363804 0.06736494374662455 0.014125918973167985 0.06163065182864794 0.04047651052123157 0.037652772617328766 0.03290029436213633 0.08425844262366346 0.0077224295032015545 0.032176432770510584 0.009964711740122072 0.052656617577699766 0.07957801209361189 0.08688982196391302 0.04210124056486051 0.04844387903950893 0.08931640389733969
18 0.03808761409847004 0.07811657611739761 0.050567010288627715 0.006167140861839824 0.005883174590545474 0.05953129215883453 0.05041465429925774 0.05698873086657565 0.0733797665398738 0.0006688042491636911 0.02015883165300766 0.05320966050323385 0.06481951151608258 0.09235882766520676 0.046167444449952307 0.05746117927905808 0.09345896106683116 0.07383422237256322 0.046186653233360346 0.03253994419011783
19 0.052106476769802935 0.0011673499990937275 0.025995926562441596 0.07253074735259703 0.0696661401310767 0.08348974871378695 0.046093945425235414 0.07784623363528426 0.08932664965148276 0.02696836851614337 0.029102325812757006 0.007533422062188454 0.04884051802712671 0.04898367459624626 0.01519853302020409 0.09932683131119817 0.08508885330231367 0.03625815538645604 0.07113966517659903 0.013336434547965874
20 0.02256513186197981 0.07107315826472804 0.07515721533999128 0.0586784854528532 0.06409702163852582 0.07686270717991577 0.015014522520294792 0.019973308361651683 0.005909975747401716 0.05863802286124733 0.04497844731103174 0.004372055300616799 0.0529149503485828 0.07881183632613406 0.061923779373319256 0.0812486149621579 0.02121257474810884 0.08001316037657263 0.03448331996270949 0.07207171206217688
21 0.00011807938489674954 0.017670833680023614 0.06152351723395381 0.028285527572835915 0.06303569097909753 0.06858788693010666 0.06509871541118231 0.005805083489447536 0.05856086109518324 0.05697407945830013 0.03303038868056303 0.06673577024333997 0.09096387946304059 0.04169568960751613 0.06237487376612811 0.08089650902939519 0.08403452032998689 0.058600037882485224 0.012379131488195623 0.04362892427432187
22 0.06628466713057483 0.027384962337660305 0.07865305215332206 0.0751092045149713 0.009487701514570356 0.0790765372224179 0.021351990992271377 0.06243975846096015 0.06468889224694363 0.051611158939589424 0.03498480911502483 0.07049313647335415 0.04208109842495707 0.027732742472653654 0.061607449995496735 0.04553596345940979 0.07463013597174464 0.0647384050193649 0.006915015858963463 0.03519331769574939
23 0.0034922713945463478 0.06083484804126168 0.08119997440510143 0.07449533306398598 0.02815337663742426 0.06642093917448699 0.07382319909379241 0.06284322909203695 0.018743038788995962 0.08254667292507943 0.06896784970919591 0.0785015988601173 0.045924758683024335 0.052375236690707774 0.04923151187341907 0.061821995823939636 0.06116440239113555 0.005129910062119234 0.010116224365618378 0.014213628924011276
24 0.1469254947573339 0.027152782285954358 0.05431028944492528 0.020076522671653704 0.06586038728221051 0.00022147899218112914 0.006320346725075821 0.04189628863159338 0.004840562108639417 0.14821646682992268 0.0763034485253436 0.007901841833847643 0.029340285194799944 0.05448887083266002 0.041794476874113376 0.0012185840018522445 0.05790912359839341 0.026760847870368 0.08769053891399535 0.100771362625136
25 0.081139134473525 0.06797180259517868 0.026736575882657113 0.07299919301650433 0.0031877408030033757 0.04295297577038867 0.034529069876279725 0.020754015127880727 0.07202759112361475 0.01962975215378521 0.0015182561231190188 0.08984829955883555 0.026210284597040025 0.07657538811594487 0.08801447990365326 0.08113861583341282 0.07906137005266757 0.006532654540234258 0.01586513997890661 0.09330766047336844
26 0.005264008663671034 0.0349190186139244 0.0827328541704267 0.04385342145116414 0.031026390576394426 0.0432417733608771 0.0843026454267075 0.01879401044772763 0.08282687648692658 0.023499178304182234 0.04035182840784804 0.0409229156957498 0.06357457709666804 0.033177236617313935 0.004388314941951305 0.015336545339564515 0.05571004417642572 0.11334261161848698 0.11082837974641731 0.07190736885757269
27 0.05418103586163569 0.07965033563070206 0.06602888832402445 0.015896303712114864 0.08090836038152176 0.07002437942873915 0.0640887529917849 0.009005488749320608 0.07180130062429448 0.006794094237576436 0.06263241562350134 0.036195276612565 0.0758839474464159 0.04829420826704209 0.007638147457216717 0.09167059198560636 0.05553075705766918 0.014263980656232918 0.06442170032771552 0.02509003462432055
28 0.08759425403284302 0.06145491992452682 0.011024586651976975 0.05004415278389022 0.041353716761358975 0.08301379493662717 0.010988596882356755 0.05436276313788441 0.09005990085905018 0.007211303917219075 0.0685208591845338 0.0244760527148308 0.05741100768050875 0.06133794196848958 0.00323297274302661 0.08263208199371105 0.011694826349186442 0.04698657632057996 0.0771990194484694 0.06940067170893006
29 0.06868651948542318 0.03400251782682476 0.060014943458692335 0.06101599286500208 0.07768308217910136 0.006501337107066909 0.0294551769418421 0.02095113899446485 0.06333478225272444 0.016288739550986503 0.058825295252850546 0.05612348294917247 0.04123955630845858 0.030439730984594016 0.06907387808952747 0.05967430757979121 0.016376669816949747 0.07476134104080875 0.08907870600320203 0.06647280131251666
30 0.022695885976947012 0.02575607177202538 0.04506044643887933 0.048740627093050756 0.08912209621135712 0.07396663881760161 0.04656218948698973 0.02540994509843927 0.07721339436041871 0.07369821923079047 0.057380514296011494 0.03517220422794224 0.02867556358760951 0.08942287516911207 0.004126784372362712 0.05945791092598823 0.0073309918811150275 0.061430417457300615 0.08786964018472604 0.040907583411332694
31 0.03360537115653435 0.0774431039399374 0.05581320554519552 0.07072947505623417 0.05740728899197376 0.07297831945132245 0.053793334733851665 0.06234050139171088 0.016262338285574534 0.05025975471906952 0.05047401410058812 0.05724146881538415 0.05438995320492139 0.05421569918544432 0.06834256343583671 0.03138923735009069 0.03043919347999119 0.05627556685654669 0.03890710642213303 0.007692503877659428
32 0.03125962259218866 0.06997784067907914 0.006854580076182712 0.007184113632830779 0.06870665620977447 0.08245178419287053 0.08666804704474806 0.024708342702592544 0.0405122242575467 0.07637375979004307 0.049116558895589524 0.013301762111864924 0.09266583173544857 0.01859453168783925 0.08293111243259367 0.031354577337859894 0.02831670570126317 0.04699138649913494 0.10360836096241594 0.038422201458133354
33 0.019842026875020083 0.03764236838070712 0.0023333260986869776 0.08639744444699922 0.08165231082053519 0.014186752167839734 0.06186416056976716 0.022700497335864715 0.11332117701663455 0.10350761970305694 0.08278328692346211 0.04889367035618615 0.11451491393446395 0.05274878538824499 0.012991868833399456 0.010978547296314272 0.006658600480690863 0.0066652064548746864 0.06668978551050965 0.053627651406742284
34 0.043923856365122034 0.040958006364312634 0.09622086327355282 0.049727602577098046 0.03730204702565251 0.05968492988190832 0.018772192038787838 0.018253676725349118 0.02840593999576808 0.08232581553804431 0.08633300438315593 0.0583365447288069 0.03302034457231207 0.021003157266370708 0.02752997454646846 0.03854981967366723 0.0518820090276453 0.08242935925920407 0.049745716851228146 0.07559513990554532
35 0.0023366497371059797 0.03808570431220729 0.04309173881926191 0.05470069467139405 0.039481061104005954 0.05235294505872383 0.05314927812855262 0.08182576206445541 0.06678755497876858 0.05079642917588984 0.08142316810927241 0.050461981500756155 0.01102220225397108 0.005016252194231437 0.07783508990086128 0.07566532237798328 0.05760197378571219 0.037921002759304455 0.06745984222459611 0.052985346842946195
36 0.039413250942779934 0.07404560163292502 0.0559295544123294 0.06414747238150956 0.03301310323084284 0.07781441504865401 0.006043296525712305 0.06246260098115239 0.0024255532716177188 0.0475296268355051 0.059895509840836206 0.06102097445623346 0.07044611915703983 0.07756705353901593 0.0894759269038238 0.010347111647753504 0.03290550163043478 0.016816660473814832 0.041751221905381906 0.07694944518263731
37 0.07161987887276769 0.0591252484356128 0.006408841902310898 0.05158950838725642 0.021052707405157176 0.030586018172007824 0.07781209298582435 0.06541223433965238 0.07665372185237876 0.05964834756229116 0.05762709508955706 0.0296595754202461 0.018243001913460684 0.042135049459929956 0.06790122878149067 0.04421394913870927 0.04917114646225927 0.01502419892278636 0.08582759221631739 0.07028856267998353
38 0.0660633177200897 0.06125782654765546 0.013883471654178066 0.0743640980662427 0.05605347845136562 0.04378307110844909 0.07173821096977903 0.0686829163610819 0.03236894882948246 0.08449652659289549 0.06490322792325155 0.0343729890916873 0.009402452384518076 0.04425896409726335 0.09526352444844913 0.03530722752749963 0.011565226962876209 0.06935947542938102 0.05702089434840198 0.005854151485452496
39 0.014937220240880476 0.07116636020614886 0.022830080372174703 0.03521202504339006 0.052096936368668245 0.12120598624990078 0.002659073054760949 0.02814352910177081 0.05897395830939117 0.07773168844096932 0.01948443628255053 0.08082095099161679 0.11875375233365358 0.05973018333722288 0.04667331695696332 0.0550634536321816 0.005706030900424808 0.0842434366857816 0.011827963157160412 0.03273961833438902
40 0.017439195058253518 0.062250087843170994 0.08221508352269773 0.045299212015023224 0.06184041082526324 0.022851980424386468 0.020606390078883065 0.04722555400702139 0.010684038474345466 0.07611532233050347 0.08392556401152235 0.049029294942658716 0.07722124166258215 0.10470311474546205 0.06244271905288512 0.044815645505396705 0.04289239928678423 0.0641655088993522 0.016604452724045773 0.007672784589762212
41 0.03781628423923044 0.07027740568751598 0.07310738816588051 0.06538925728776102 0.0783054456587873 0.05232126692264059 0.03549432341802402 0.028836693701545235 0.03176035931061602 0.04608009785226405 0.052249908250236426 0.07364749194825422 0.05764837527683813 0.032285170310292606 0.09000992395195649 0.028841738824934234 0.08773126296359197 0.02789817737798947 0.006278256595800536 0.02402117225584067
42 0.025974733601217905 0.051632363381121295 0.08722801084019886 0.04762014973804504 0.08854492922709047 0.01661860582656508 0.03900677978385306 0.04910894890434838 0.0449295496139345 0.01991639269776771 0.09133173684833455 0.002776119663808829 0.01559136193735802 0.00809560842255291 0.10182059338436635 0.09345158944458558 0.09001521953638335 0.04678077289391904 0.0630470752128668 0.01650945904168225
43 0.07708381963407816 0.033887692659363644 0.003902743802887001 0.08744270386150578 0.08895659276269198 0.08363788375616017 0.08422874648877586 0.03144161724031214 0.03030079722123861 0.07207020083846016 0.0018602284109667329 0.08028388695371241 0.07735425607892454 0.03013646104849541 0.054195215514670346 0.04421673100146425 0.0019886411747615062 0.05130293835363938 0.012408051539779245 0.053300791658112794
44 0.04067216305621229 0.00544462709596428 0.0804645599119434 0.10516806236404191 0.05474705530434042 0.016531899446786374 0.07575379165016251 0.009541481517947247 0.038065337563217165 0.03552780777516014 0.10275148236714435 0.07352476922862518 0.03026102738047612 0.09980731574192554 0.03311761842793542 0.08273599013049376 0.023076439619938424 0.050132635537969095 0.036933142214677375 0.005742793665039119
45 0.07891569854689541 0.0017739839369067894 0.006069765801274732 0.009490982516831177 0.02399188055834277 0.07462862790334744 0.0712709438609115 0.024697962489747583 0.11948180359324188 0.10408990481839549 0.1020121947269654 0.004831743846042297 0.08740260598421837 0.10112429888124164 0.022358230869441362 0.023572519411544052 0.06802461207514866 0.0040101253236001205 0.0637969959816098 0.00845511887429371
46 0.0654299390383496 0.036419378865065646 0.04740625936927579 0.03127475532635192 0.05748647661295521 0.052349124472696046 0.03867922653444127 0.08253584658103294 0.059068478961345254 0.07267072238226827 0.06407119275843953 0.056801389247493894 0.005214620657378103 0.050337019578430384 0.052179839918980245 0.03292674230626003 0.011056482870557756 0.07300874174449079 0.03441837272308882 0.07666539005109844
47 0.004668662979656666 0.011895701823013676 0.020028427809879276 0.10918461061208751 0.04463599732256049 0.050245401388295384 0.014293816925464496 0.03110360295650262 0.08383335541556136 0.06796713307967714 0.06929914054047076 0.04351781160385857 0.08015121824201535 0.03840912885644446 0.013950520598081446 0.05297482085202884 0.09880235535906302 0.07965134331027486 0.03182359452836805 0.05356335579669585
48 0.012151575015373327 0.10982390446409895 0.012362692972080196 0.10665810352936882 0.11267226449253527 0.015497495078425695 0.009024954684164761 0.006740615751858187 0.012402429050623455 0.07716642510322745 0.0980668483064546 0.002271919575961315 0.03719903064686173 0.11626764610725206 0.025914655027749558 0.07991140630639564 0.02907769981215918 0.09513833078556123 0.018541642856277792 0.023110360433570887
49 0.049867642227006626 0.04712133539052487 0.07685005390985618 0.011624698744840801 0.0512273600228557 0.060691341119722186 0.010826923807936234 0.02859852556609722 0.04439680097597754 0.050996251270194345 0.0615331720301309 0.05723376412656706 0.06131612371039163 0.06805808787779431 0.06565408211471874 0.07187325699665875 0.06821010641713769 0.04284562998024168 0.03962511632780374 0.03144972738354384
50 0.039858455488987456 0.0716991243330503 0.005039711722586572 0.05469876714788113 0.02534156725767828 0.030692532646809347 0.08229993131962043 0.049304481092645666 0.04004593496862262 0.007272353523236696 0.08112486547548323 0.04918200381057652 0.0377173373674915 0.10256888097491924 0.030791098929628433 0.0697373646791683 0.047880560324137046 0.09288960847581021 0.0647026260658436 0.017152794395823553
51 0.07774280263040483 0.04252149068265107 0.054912021950694986 0.03633753353430505 0.03999111562880882 0.06561986732153552 0.04315794507472497 0.01027207081863598 0.06872198714814226 0.00873842030543866 0.0749152226640186 0.033612269165691454 0.07793040937655638 0.02167399045009212 0.050785267085531306 0.03775795620426132 0.08334702997685335 0.028587154809212405 0.07020747779079169 0.07316796738164934
52 0.022883325222949225 0.043451581105090745 0.04685015080780346 0.07176616069005498 0.080732188472684 0.07843252784436022 0.04179916297101566 0.011578118922808212 0.09583470022286493 0.07349145025461341 0.06285457723371828 0.09483755266165345 0.04436127113389191 0.015082584932690407 0.016415533396322738 0.033919515891145884 0.02484707283968394 0.030901178270136238 0.0890593603542927 0.020901986772219595
53 0.05852002208414072 0.0005710672352679505 0.0739403115541911 0.09281846121343292 0.041421054828527946 0.033530346207406615 0.010492679733221382 0.005035175086153376 0.0522772579469388 0.008897631976989338 0.03713225275149814 0.07898608948208609 0.1027612118426583 0.0408972428171263 0.10346330485337313 0.03581843264387235 0.02941405586368613 0.054804912054362505 0.05063360615291463 0.08858488367215239
54 0.01207870044794667 0.06649627855599465 0.10011744291302219 0.08410494610329497 0.047146709724746584 0.10978088878612116 0.054168864080052975 0.0325695899421159 0.0041063628725353995 0.00848197995041855 0.049451329445726284 0.10750406980769525 0.03191452275315716 0.07837722466638554 0.02125321557826704 0.0516843014174038 0.0738706201752196 0.015479999122626186 0.018814218357151413 0.03259873530011864
55 0.06323537538813301 0.020121121897847094 0.08424222284554866 0.09144450118759932 0.05651342570023496 0.01386779869886428 0.09498377737989738 0.009253151267618396 0.031917311914995423 0.026871657977125134 0.08993005506088238 0.030691392359405 0.0697109927040028 0.004481222383072311 0.019018443372687873 0.06948166476732322 0.02687451719344692 0.03864437929746816 0.09484218627428186 0.0638748023295657
56 0.004077711451146331 0.029301193921047124 0.04580410671858335 0.09131219723132006 0.05744567077992654 0.0771814675471295 0.06177676260172251 0.044871671057128706 0.059716598555091316 0.015546463131900147 0.060888530490344366 0.05977860933679561 0.08789651754087419 0.06310677714295708 0.03306388889938002 0.03015869829419056 0.07760348223222602 0.03488676835902715 0.06466211253263188 0.0009207721765776786
57 0.043925042762016246 0.0009441838401244233 0.07459085688303939 0.03706541579401786 0.01980362119742505 0.014847481671624222 0.014497669396740154 0.01886719942507216 0.054353097801132406 0.03861713123935252 0.036655732367851614 0.09737045375696404 0.07745500906999377 0.09005130781711153 0.02265585650320587 0.06328369159438152 0.07512527021237544 0.10173566042740792 0.07293769765163617 0.0452176205885275
58 0.10591253099258255 0.0778039731244815 0.02134953162136113 0.04687893916877606 0.09804489100436531 0.015459615710170791 0.014785498903803991 0.08956725813684469 0.0851294799964253 0.017649415506869923 0.06343214760756268 0.004759573876562524 0.0654741858907699 0.07407475292157248 0.060297601033589 0.058483647346915295 0.04140503279275736 0.03366913340738156 0.019722156951260002 0.006100634005947795
59 0.05141571619889564 0.025320727453953744 0.0009925894446852661 0.07951561372163224 0.058494799802227895 0.08425428711751402 0.08501402079573686 0.07093605804637564 0.05827245030115642 0.06806708077666196 0.06991223572895529 0.08715409181915688 0.06275645320325701 0.038164786179733866 0.03356173461738607 0.0022785747055703146 0.05282755604064421 0.0022321354374516254 0.009696405714771901 0.059132682894233415
60 0.03620270049870106 0.04767689542957627 0.06049617294142626 0.005353589591422952 0.030243318123857825 0.06994056922759474 0.026519377973193183 0.04676679174634831 0.06430891649208738 0.03515633098581649 0.06801749215328816 0.0743551953953521 0.054677000597258926 0.0520763074985444 0.02457430161115414 0.07461994788060854 0.03233175184289546 0.07964468895827466 0.04180182619173786 0.07523682486086145
61 0.020310088597824558 0.0012945365308536108 0.030372714616055427 0.0529015414126434 0.05075512912722308 0.06458369761812335 0.06115898007804798 0.08446722834821208 0.05016021452256647 0.06405011159809221 0.010827520718768713 0.06539594673762825 0.07876047205787912 0.04200569405972334 0.05712498809614441 0.02666081018828179 0.06548073288717596 0.08205702625643614 0.02355996633237024 0.06807260021594992
62 0.0684093266182239 0.0446323295533845 0.0018197430623517986 0.07063061902117551 0.0043753555986657585 0.038404973189570125 0.044730500081317 0.060715269290853774 0.06987033863636369 0.06948091923840376 0.003295443064007361 0.03768889780644177 0.0666492000136233 0.07046664273071099 0.05053034764376775 0.08139956963253756 0.02711660893598923 0.0717434399834667 0.037409205461668614 0.08063127043747699
63 0.04829711724353045 0.03054026968682383 0.06373023901133792 0.07982508526497488 0.05157416790183277 0.025305835233884234 0.03659757814094272 0.013909301680755267 0.06125742843165643 0.07851402392634659 0.07152085198229106 0.0609590385274551 0.017793319882483023 0.07356093703537907 0.05633434295648602 0.01832727560003046 0.009419863715401239 0.020467837659765748 0.09668920839105305 0.08537627772757028
64 0.04801473697141542 0.08379369599669666 0.06255002538912542 0.0005455567764587338 0.06978161869401499 0.07157090284275923 0.06603112003979965 0.018043508697932493 0.05931748192805841 0.07532912577009937 0.05601955161965552 0.03286954248776186 0.05060312019593074 0.030981257570503185 0.048256291978552635 0.045795319290512566 0.026735398903658548 0.07163701736550462 0.05163391851662257 0.03049080896493733
65 0.05128565731950688 0.008999560968727819 0.005136405996698611 0.07297376981162705 0.04968612647372148 0.07986805450730411 0.015679431633837844 0.05328973387990305 0.06601096018766187 0.01670659812890435 0.0013667662510479788 0.08116377896863196 0.054037407254682736 0.06474813624789785 0.007516304412259503 0.08329546466138961 0.08846804635750447 0.07891616527013359 0.08966782467640624 0.031183806992153017
66 0.06748702336864335 0.06767740569168175 0.042860278562952984 0.039402498182927445 0.031727480901634034 0.08636424362427787 0.05579193428468396 0.00478440761312494 0.005533746486050655 0.039030529231749836 0.08181504440783137 0.004744979277899691 0.06961190451388972 7.843913621349307e-05 0.08061858233753764 0.0373826561013963 0.0716336937518098 0.0393993791536617 0.09210645534407258 0.08194931802796096
67 0.029571639087221224 0.019992931457306577 0.03791132343805959 0.07123715590475276 0.06650845244947659 0.04996074115158996 0.06138622481770159 0.017526994352490673 0.04470865227289765 0.017640351498215988 0.059162406746412884 0.04891583426849425 0.05004808461389994 0.0592203486038706 0.0761562948239732 0.03681781288870449 0.04843812013866032 0.07382600026368082 0.06638871885917243 0.06458191236341854
68 0.008725928454248605 0.018268697455329375 0.0831241060117596 0.03517268346209797 0.08684206898831343 0.03084122885843851 0.11134174602305126 0.010690088704626802 0.04090145234575958 0.07242993558597803 0.01872062170088779 0.002950964522795833 0.06379440743399571 0.0734179384378556 0.09930907105607419 0.018125581136108453 0.08434615408438313 0.05677234772243231 0.0533088330239648 0.030916144991899056
69 0.08669505323749548 0.01382554863809246 0.008235981709276028 0.0789594826825771 0.02904523913854213 0.05955042851033926 0.04213322893880694 0.06620724375231134 0.00013787517057169132 0.07868389683699434 0.004652497054280014 0.08631067686210148 0.06558368913644401 0.07596289568089237 0.05259768661973708 0.046364259704292546 0.06096257227537703 0.05595040939521529 0.06914436323763436 0.0189969714190192
70 0.04050214881688743 0.05116453222830635 0.07599166690329243 0.08088976695533327 0.009964647896371711 0.029419446621318072 0.034839541012729854 0.07997547584120637 0.004197580754670935 0.0938924957009271 0.02945641435285662 0.05041712337167144 0.037410177323540225 0.03354616818976589 0.04321432371829102 0.05860175525185133 0.03148697199419084 0.07769495645221282 0.05088460193537191 0.08645020467920428
71 0.04775586327706381 0.08627437927119018 0.010957962872304468 0.09048144469792606 0.08366686674308181 0.0013787471230303871 0.010179230116618709 0.10307723355648499 0.0679928385641309 0.03358005105433438 0.08195372731678417 0.03687368728915957 0.043064525248522126 0.03901791628192384 0.022983959389567783 0.03025609910619448 0.02669719922392267 0.11851127958671467 0.015918610163519593 0.04937837911752535
72 0.07205703571512169 0.0011886948487890533 0.014338006797429059 0.037315487538328584 0.04980553448746975 0.051738354551167466 0.028745852805936573 0.03412840881923745 0.11066569867187362 0.011035158920960545 0.01764365735520933 0.05400922220944591 0.040813201866082574 0.09883991730585738 0.052350962002249354 0.06855269515827066 0.07231008634653156 0.07721051115934481 0.0003465021483596101 0.10690501129233475
73 0.08659803230398734 0.061036307204234315 0.04734992583404379 0.061013451825771496 0.011315028622760256 0.07233270192217763 0.011693634207358089 0.06165186795814901 0.06727882241760888 0.10857898929039632 0.02351020486433156 0.024546053474753547 0.04272372532883281 0.06129202488007621 0.008677795222176968 0.09837539888556295 0.053658760500168545 0.03979221843096731 0.05438540257084455 0.0041896542557985144
74 0.08332843867695257 0.02742656086077631 0.05079652169177067 0.10908439143298751 0.038774466055384996 0.10485429798500623 0.01544038142431426 0.016289574011826416 0.09314990244902978 0.006616726668984406 0.03523706796676166 0.06542642756027488 0.03988351313106697 0.02679025753736596 0.017968577265500087 0.10898469661032516 0.013430407589139269 0.04607369010935897 0.0708278595219528 0.029616241451221274
75 0.038047395124558465 0.01697874371502606 0.035860846228923424 0.06460728415812043 0.06251835380698688 0.0496203104790693 0.019258386948209198 0.09278514006177628 0.03425132882587568 0.01720343525820145 0.04600698523814022 0.08723935179799039 0.07382573940120403 0.013623495000047016 0.09663275069373334 0.032169672069965294 0.007455436510821087 0.10651001214022708 0.0078087227126622145 0.0975966098284621
76 0.005703351621836083 0.062005940665245014 0.07208822423210355 0.05384970194963861 0.04516732601502287 0.016690927466169986 0.06963504951771911 0.0410235734290303 0.05110272106817452 0.07460210578695471 0.05518828898929447 0.07321200939108412 0.0531866723287613 0.04504748917853257 0.040673593421797855 0.07216607957789901 0.07027395452259036 0.012576792793593068 0.05135102856685726 0.03445516947769524
77 0.031082460606351427 0.03491038344219933 0.027984405380206835 0.027178838689402966 0.013239024764130577 0.11075233841698388 0.049641317254130526 0.014360307899436982 0.05691787007683172 0.007297617210806904 0.08751944493346782 0.011685744905681505 0.09079271111283564 0.06496252342869994 0.058568180153407694 0.03317930787894363 0.09242494134751553 0.05239836061886144 0.06426177950527634 0.07084244237482923
78 0.06649165248080166 0.03794037526792892 0.06165590543297695 0.044838851034954344 0.08114806407431219 0.04308177687017766 0.09436985288709082 0.011261983788174232 0.019863402573555036 0.08432549860939105 0.08684961651152102 0.04112110506052547 0.06584902765970903 0.015183413043199307 0.011899082476460416 0.006388551375526892 0.04853712307704357 0.056925646281369695 0.03460835950968323 0.08766071198559837
79 0.058224270176754925 0.07650705744402739 0.021917406783344227 0.03339531200851056 0.009103582247469029 0.07890792511580767 0.03434198969656821 0.06225884705591886 0.013100476459847956 0.019413970805732175 0.02074738957147122 0.06312869228576751 0.07993532786162376 0.052473260687713796 0.07916064151253338 0.08562432204362705 0.0830291188313605 0.07727128055566812 0.03318683028848111 0.018272298567772613
80 0.09685073492111371 0.03205798240514159 0.08484376217934096 0.053491076718035255 0.08580487451437657 0.08090426620566471 0.026626850809316087 0.10493138228718969 0.0033326195951707046 0.07262927257123995 0.027127050654874713 0.03474416642522089 0.0033302151943970376 0.0645976676137028 0.0048192228495596975 0.08065693873898287 0.02350995463223718 0.045300918904551526 0.05259580902289218 0.02184523375699182
81 0.044427157245187233 0.06391688484991423 0.053524380116958606 0.0894754505474394 0.0980053337166547 0.052951227414676526 0.06009359352987358 0.09400988035217958 0.007282341421419547 0.05573133125231301 0.035644799458910345 0.024982584870197624 0.05050588078982566 0.006585736967007756 0.051963786118705356 0.02763148521053688 0.09470319460155785 0.0036008212137041504 0.03245345174683717 0.05251067857610079
82 0.09431141673612653 0.0018361104028844786 0.09403165882482016 0.01206870345360564 0.07030277692076489 0.02317922237829402 0.0566457115745986 0.03439609441683775 0.045733266255276336 0.052620246140779446 0.04037703605875227 0.062297741764122325 0.06774312628042241 0.0378437498906863 0.05612134611073289 0.07645041163231214 0.07592468332394124 0.014524753043102332 0.013230235244599292 0.070361709547341
83 0.04273197653456225 0.019547645849896267 0.08073040718038892 0.01423588691465239 0.06666198615925624 0.073155906483961 0.07629271641037617 0.06863192921443767 0.06098895460297175 0.059201835027599556 0.04960261735108821 0.058427956953833154 0.04695443045524581 0.03619271153011242 0.06064660458901518 0.04177707010688478 0.017999929539629218 0.020270237921169113 0.055289674007938765 0.05065952316698108
84 0.02461342009032542 0.011015451583170325 0.057411168052093134 0.09742475858396547 0.02727777720135492 0.08473007714656014 0.026486965152439583 0.008890494458893557 0.03922448780686304 0.033891120791922594 0.04841528604007139 0.0987045111394159 0.001258771048360771 0.0027540596299332814 0.09218786384885432 0.07220603546754391 0.07494739321855785 0.10073864732123661 0.004801353111869829 0.09302035830656794
85 0.08792286046685675 0.08426931268626649 0.06865925730385311 0.05661211271455281 0.014531167133688011 0.09166908664863638 0.019475180195916094 0.043546976922179015 0.07168406195512018 0.006393567528978268 0.002871209543425489 0.055891773198161965 0.028774822955889352 0.03193203096599641 0.02623121026478644 0.018478821094520155 0.08873815289148801 0.047107315280121166 0.07325447128616805 0.08195660896339578
86 0.053858707418248636 0.017098539017935246 0.05303635881330212 0.025940972410635987 0.0870550450177786 0.0342297318642318 0.07031144741792529 0.06435230384706742 0.06790179044829599 0.009423070281430525 0.05857532290933667 0.058078891785388324 0.05242291103484448 0.016412859764844724 0.08323773345892584 0.08089582753986495 0.06443732255849037 0.0006715745391967241 0.01202858014853211 0.09003100972372423
87 0.05659946095179371 0.0030187261182093215 0.07153374429793409 0.020917656735618684 0.06181473139135191 0.024057899140285336 0.03721479211761669 0.08531641701608916 0.08115836189801796 0.08021745602649696 0.0020082492359534744 0.057373559054529774 0.07177671205927573 0.02794263326584847 0.026442546493324594 0.053051562089130574 0.03234234387934361 0.058783354883583466 0.08453031924281088 0.06389947410278544
88 0.08847731767089351 0.038516407816367955 0.04501747975133606 0.06199417543298045 0.02965331992369053 0.09079422171979862 0.034832044029401724 0.009264713618327813 0.06986740558710774 0.08893466651066899 0.08788142890084606 0.002830099963470709 0.04700695211385958 0.020577826750691103 0.06647252011805542 0.001390546929136431 0.018628352033384754 0.06155247276326168 0.09100037372071947 0.04530767464600158
89 0.07893676497779445 0.06199925933723517 0.021049272113570175 0.03813310686007675 0.04894370934286783 0.024658706601721595 0.0796459229756768 0.012575276577810697 0.03379680082350726 0.049726238598775244 0.05190880929882561 0.0809805486001524 0.06437856679253101 0.054752264657192 0.00834527479933112 0.07581966867570429 0.0510077407821367 0.081427164578723 0.0777367175383971 0.004178186067970742
90 0.03746460529807749 0.059388407977889024 0.018980356214086173 0.02529279586751735 0.03309827907949406 0.027460475150815622 0.09494084165095198 0.017930659118252822 0.04558453661122671 0.0894130638741473 0.035559944646871025 0.059272362259915286 0.01590346798725533 0.06621953779057319 0.058110826087460175 0.0789448578039553 0.015402078207201379 0.09330432447873875 0.05728114270568564 0.07044743718988555
91 0.04083890910893834 0.060992065658829336 0.0772431276632205 0.10005444260315041 0.0063864706701760535 0.09046547225541376 0.022404296468924088 0.013329174543383575 0.037031394371932216 0.007423352410175848 0.08577596409613714 0.08634904907574494 0.02692086705670185 0.055905934991175354 0.045481908461754046 0.05173438858303876 0.0723942741803591 0.008107224299279205 0.09293481352108418 0.018226869980581456
92 0.07949443764966035 0.009679357563181558 0.031161043336271257 0.07521560558663891 0.022748000218708878 0.0673545388171034 0.07526007987445126 0.08827671637054295 0.027432219231698054 0.08933670888073104 0.004428435798793156 0.07885211576359616 0.057198219374657994 0.02741232965182054 0.07784786079971134 0.0396420701864696 0.028079750015092938 0.020227683901066565 0.08835483946007898 0.011997987519725202
93 0.07038697105308836 0.07469275499597856 0.07951912271493122 0.07065921883505534 0.07882424642448559 0.04255212676149476 0.0637616983047533 0.05714146392992863 0.012837380470179136 0.018325005853532302 0.07548505805449776 0.04788251570303006 0.07125509369598176 0.04250644831153506 0.007274942990036862 0.011630879876381197 0.07933562448912801 0.03283371189161606 0.051379801512040454 0.01171593413232556
94 0.016813501566522112 0.06892656208894755 0.034589941735848714 0.07754500465553477 0.012921890424125858 0.0469543208218134 0.09147222872272573 0.03849062198748572 0.06900360833839839 0.05891104708611335 0.0015117098216330914 0.057480482666473466 0.09057417619398019 0.0810609138873438 0.03800033999032483 0.044332501276788235 0.04430356241296599 0.06396810343929689 0.039480984003283 0.023658498880394882
95 0.012633776904933062 0.05148175846915984 0.05559531389055826 0.019658906597353105 0.05681859513190793 0.0587238104326354 0.008995240666570498 0.0012677414626671227 0.08428359807300351 0.002027647962460242 0.08061298750670697 0.06550291259734364 0.013436658970918659 0.06518898194194929 0.047615420738560676 0.0869322995489962 0.08736172650429494 0.08991312361470288 0.06615412723113134 0.0457953717541464
96 0.04432927057682741 0.07604486320871301 0.00671234164735001 0.04559335435974794 0.060587014754562685 0.038267344473002535 0.02126961313804579 0.03777595917217908 0.011124426724098486 0.10532727998998528 0.08400725390926891 0.0955735124518514 0.05729869764335559 0.08048354336545907 0.07149106387991189 0.04910521298288935 0.008654926735988246 0.0651014367564545 0.014198532437817012 0.027054351792491844
