0 0.020274529559151336 0.010138372671144667 0.05448209202025048 0.012887796171265394 0.0640088083636957 0.09174756137518937 0.08502884070116476 0.02763199739636308 0.042308691800636414 0.034152082699506946 0.019131598279750722 0.08580347846628847 0.09053836737403653 0.03629669652874226 0.046800692040754516 0.05891377006019474 0.09171257307024405 0.004507459908662808 0.08317127649706939 0.04046331501588836
1 0.03545614097127548 0.045608073573113236 0.037272268660282035 0.011123617491737159 0.006187144702158384 0.07858035933888062 0.04097523741584279 0.024359417251237657 0.026145876521754718 0.09338194549247139 0.03512175042015953 0.07439935970427886 0.06718888440534586 0.07695300349742983 0.07252060748846739 0.09831911269349579 0.08021413232386838 0.011630797933351105 0.07867658028985981 0.005885689824989785
2 0.07424058178960323 0.05044343316337506 0.004953631399365664 0.07999768412315825 0.06546279131034095 0.01103295685187908 0.05321770354473014 0.03366122939158738 0.07525460440506267 0.009733420606210791 0.0838995040488708 0.05081505658112322 0.0003017451127288486 0.04850001063196714 0.0598557944415207 0.03003796730996866 0.06124546487273448 0.0730584354020871 0.05285273318904014 0.0814352518246458
3 0.08289479377792516 0.074813771967741 0.06834436536543594 0.027139340628340832 0.004415587249147803 0.014213547683275188 0.044296849393769044 0.09867582225644446 0.08857608601073574 0.072489197710777 0.04492442092920793 0.09613003974285325 0.044750202459213094 0.06206804649876365 0.0025949283199151957 0.017531558228697675 0.022962418565230052 0.0017098437510201 0.0438907721754538 0.08757840728605316
4 0.04473726826092183 0.03978107208928099 0.04444583300462639 0.051116135138804905 0.012548109252936765 0.06967561868151846 0.07126053251316072 0.03141110724166998 0.06900259918018666 0.0642391279937587 0.0556744915816975 0.07072040581685148 0.07214603453525825 0.007194010845187818 0.013293867460754095 0.056307088322308345 0.06245828094965875 0.04938816251725895 0.05862313046489792 0.05597712414926141
5 0.00869563088593239 0.0020992712268349586 0.0570315339459202 0.09043211883751687 0.0465849856176273 0.010160325967681712 0.08902891783160806 0.03604538223430519 0.029060193732325938 0.06647173356995276 0.07322731871923956 0.04075295730888933 0.07685974032825615 0.0668142848213436 0.06121819547899554 0.07739480330954973 0.05940622353362854 0.09265732657336037 0.004022728372992329 0.012036327704039588
6 0.03666977355511856 0.05188287280190012 0.03193624495727503 0.05754354773437389 0.06175164057256442 0.07094770004859505 0.06975170241439782 0.028488857457144072 0.07628679609477187 0.024705620387765966 0.08118506165907823 0.051865384598295455 0.06118644760498644 0.02215020631261612 0.007018849094359597 0.02512131027424993 0.08506129810239556 0.010452663992273598 0.08410669462780246 0.06188732771003581
7 0.01197944519573962 0.0130570721547749 0.01362870639172203 0.09683887778914783 0.08734467005572678 0.0597763322566869 0.00665393903304822 0.03229540928256629 0.0900243703263062 0.06095472898685691 0.0829954346558343 0.02824296581769054 0.040244606814953086 0.0224097297404495 0.05576654706908893 0.03238102164951862 0.0556654996359784 0.10818331597586521 0.009121070956301231 0.0924362562117444
8 0.006241216959781251 0.028247879293029486 0.03408581627474319 0.06613617298682925 0.043905378520815955 0.023710491932185752 0.0745224102283501 0.08077154748278755 0.0039479112609906745 0.0633476491395642 0.06739202438559264 0.1090497159208542 0.07549696175109931 0.001189434471194973 0.07802916195973114 0.08133726695907267 0.005739478786926259 0.04289255678444061 0.0548128579018288 0.059144067000181974
9 0.014681583793995574 0.06789570896021925 0.06651131593276512 0.07737267332398357 0.03725654214714182 0.06116769395282224 0.08886923771942126 0.015757271219307447 0.029270316220918278 0.06962420639687472 0.001676744681362624 0.08513259724299677 0.032957389654863244 0.08870886656383054 0.044776126938054085 0.042484444432435646 0.0684514419833016 0.02215344443763039 0.06653587585019506 0.018716518547880628
10 0.10179161006060457 0.04029188734058593 0.04368851519815271 0.017254801188560077 0.04833827867005898 0.0003958652712901463 0.05094512958589742 0.019294836613129744 0.04093698839433971 0.03797166582139308 0.05813642223498081 0.053338512065892435 0.08646981760643482 0.0877376104602385 0.02478286514017949 0.050819776764343856 0.053308576010566475 0.0351779828794284 0.06386400480865571 0.0854548538852671
11 0.039067411140321195 0.06751458212385143 0.055309469615748785 0.04556685271462196 0.06029224055897598 0.010869272965812452 0.058034739122219396 0.06607569767282985 0.06295550125789097 0.06094446841454195 0.06285632874195797 0.037985919267854946 0.01605069525966378 0.029896814300403526 0.026787405111390928 0.04929956446286774 0.07783829480659517 0.04083930319747783 0.05592116304926883 0.07589427621570523
12 0.006177530644811708 0.02419510748569013 0.10204136414990467 0.05414313776109469 0.01562138017387941 0.02068911122236311 0.03167827953391529 0.07894532210662408 0.03100162564027302 0.07273712343187115 0.10261448190254288 0.08253053360990639 0.015577397151442176 0.06346933175919275 0.03991051250342838 0.03469131799197702 0.04096455163841369 0.08083561655544586 0.10216748650291797 8.788234305589614e-06
13 0.004319132578818918 0.028393295934742116 0.03177262777162443 0.03653665952160423 0.037291028599378856 0.12495181374212191 0.0010549150391639126 0.0260230508430422 0.11215352415136023 0.019324732394516323 0.12183574154918705 0.03649342361978812 0.11908316392773365 0.09735528916092888 0.002434069628339331 0.07038341331780264 0.004205867894679606 0.021373098217083917 0.05707696262353822 0.04793818948454548
14 0.0011051310354467361 0.08231960398984314 0.0795523075871927 0.056787863424184515 0.07219118914148565 0.07447198387938994 0.07631562667648457 0.017615084876023628 0.037117843613337344 0.0793150147955871 0.029077520024391613 0.027715400333914553 0.028128361164647838 0.02899390093734911 0.07074624877183097 0.07688267152295528 0.07547505807933938 0.0361819583955612 0.014188467603915077 0.035818764147119694
15 0.020664246700390184 0.026246974049174143 0.07840824171827508 0.06644605244308506 0.011316066378154901 0.08305393719686538 0.07569670399799604 0.05458705925688528 0.08647140593432183 0.07695000458906678 0.0319994637404536 0.09173611413723376 0.04813249724425742 0.0019452108643335 0.05041330527379366 0.07465218968086898 0.005262088958869052 0.06731889842606605 0.010148378438431853 0.03855116097147732
16 0.08750037584805659 0.019065030084608917 0.039931138654016325 0.08690130994427651 0.06428780146366049 0.08548775814535461 0.04509534681534586 0.0032086797643090604 0.08240180941830201 0.005554645047686443 0.07307109685485991 0.07424241507559086 0.0009516092201541699 0.06322737530939142 0.08106149303078569 0.008003562325323578 0.06117547006184661 0.03734369811879215 0.008363551716566513 0.07312583310107253
17 0.0936772914795727 0.017612645169802654 0.06842023271823072 0.08503514816752773 0.053506807112397796 0.08435761947357422 0.08505674048728501 0.04097101544670461 0.00133451914087133 0.01739907952919188 0.0030886828568931217 0.013411649932603882 0.09377641894629232 0.09597697709073119 0.008011738732586463 0.09221060494465261 0.03157428269574506 0.01312056271253163 0.07231678828987281 0.029141195072932287
18 0.04555912657261729 0.017222478152128625 0.0759331836229818 0.10534160272304019 0.05574227742348813 0.022697213228917164 0.03381824631255161 0.08667227471955324 0.026477486373351504 0.0977936089254201 0.0806432422861197 0.027103223786537557 0.011516107499265248 0.03872627185341196 0.002901122871380661 0.0430293070785815 0.09057917147869922 0.10499580590891171 0.011969561466374642 0.02127868771666821
19 0.030407925892098044 0.03771995154353988 0.08791863370184116 0.07917543398453747 0.0406679701845302 0.07643785273781331 0.07381203182338668 0.05935893612942314 0.020565998455669275 0.009686576819782862 0.04398920425364997 0.05267327126277552 0.04856135086039453 0.03942767170514268 0.08056264666364586 0.07856323885146681 0.0019031720248527532 0.031037793533545688 0.06481994551435988 0.04271039405754429
20 0.0660260047681758 0.0018749272706583588 0.05347486643281855 0.08675320944439648 0.031839616334803394 0.03560379367047079 0.057310957743863106 0.08171405950199087 0.04575373511208625 0.0361452617428942 0.0175000295946441 0.05838143297961187 0.003959546501936654 0.10084500960804757 0.03423994842890051 0.08280334157922982 0.07798960823760076 0.05411965793805722 0.032447845692590384 0.041217147417223494
21 0.08602544883347589 0.0935710767626377 0.08525392183294349 0.0028200281994429643 0.019867909109376115 0.05817824828613065 0.026340681217985582 0.04726763686874481 0.0387175263891713 0.02266466480928803 0.05405348730024246 0.09499324832072266 0.01158550175176277 0.03977882020334857 0.07952161778559497 0.08452665556349886 0.0316839781775503 0.02114680066654853 0.05749228929986622 0.044510458621668185
22 0.07917322594694647 0.07361596190945997 0.053150533519800404 0.07172985806355944 0.07856564841306038 0.03182482236103539 0.03846082196356923 0.040409753514485995 0.094327966111321 0.013649922545936156 0.10170794709245613 0.08184417048556636 0.006326634850302126 0.002028331199790437 0.06796978605238703 0.06276572880715689 0.021758165382759268 0.06459916769141086 0.014289830192740112 0.0018017238962564344
23 0.05315105482674037 0.03772147282352023 0.10227601095208926 0.041108171427703184 0.024675793216355872 0.049256180314682256 0.04485875052079623 0.09482283209023798 0.0014258681469518472 0.043905450406296745 0.01729767804856089 0.09297072516235567 0.05097654285373133 0.04284081121877555 0.055176567221754035 0.08369595589259128 0.024329846218511555 0.08197594525488659 0.05147237807065674 0.006061965332802503
24 0.06119698552622027 0.07707858199593519 0.021549625438293873 0.004030241228897855 0.07935623289678727 0.02031692513130939 0.05176312721836832 0.06207771754596534 0.018004481996022323 0.04741046798473284 0.10418965784983707 0.09917759013646042 0.007821600832110502 0.011578582394144252 0.08174726159964057 0.008164036831802413 0.06267525379825135 0.022900212409682173 0.07502657174386385 0.08393484544167464
25 0.07182448860203668 0.018835028028241493 0.04634682186496902 0.06865234436932713 0.0970430677862766 0.03481668609656521 0.019709992346155187 0.05733195528607043 0.07073203532870857 0.05130093078280998 0.08833547491045314 0.02553782383872099 0.032415477138406694 0.016352084294663703 0.031203690536567345 0.028163077399929463 0.0616478740720916 0.023161850278577503 0.08704901836807752 0.06954027867135204
26 0.007818057990529799 0.09527772551424629 0.009197557582345714 0.010627345364947775 0.030136930692812477 0.08581764625483802 0.0051791618501644205 0.0294477146384818 0.01756644221356661 0.005251942670979164 0.042946280199727314 0.04978402513317222 0.09171244880673193 0.04214938984991853 0.05553042118469725 0.08438775562948544 0.09438145500098873 0.07882068467687577 0.08341454593735376 0.08055246880813698
27 0.1031197485701504 0.016510220122018113 0.04546351785842578 0.040293808302083456 0.08924389310800801 0.07003903279608742 0.09605808516780591 0.05822272229722583 0.00851054696995608 0.06537177677858196 0.05190651857769436 0.06348272417344826 0.0500893126232682 0.058544442993694316 0.023449362319604806 0.08390364658008263 0.005035119162522295 0.06698080382162645 0.0033528262228938073 0.0004218915548218352
28 0.046793529040210724 0.07908544242037972 0.0087924747023746 0.052644489648579575 0.06303219793713434 0.0014150740377683448 0.03367908544155892 0.08365375555118854 0.021511674510034547 0.07538322124297785 0.013564539233565152 0.04448101533336151 0.031906911607485516 0.057536869847203936 0.0719770562071041 0.08798964824700667 0.06393844948331756 0.07202778965032341 0.0734673685871106 0.01711940727131434
29 0.07405994876773925 0.09385528369611702 0.09890622291165617 0.032779677767252074 0.026128672770687856 0.0501605735039288 0.009703062661626094 0.09257384612880742 0.04854163044160609 0.03743146094956271 0.0008055012335860072 0.027208792282973803 0.024062373692494792 0.0029057325501821735 0.07496925934897972 0.064193479584262 0.0891902150702206 0.0409679203884793 0.01511971226344031 0.09643663398639772
30 0.04413892461525683 0.0984457827134519 0.054620628818287456 0.0937322191273463 0.020578291820159522 0.07735442655084068 0.06472791065702713 0.07068079886993749 0.04753912352764466 0.07447345655330775 0.0400415390116044 0.06521692472029372 0.018474308002201636 0.05170636450702946 0.046029308520194795 0.006944317610288104 0.02871719475391523 0.06670418287530212 0.025905702841537082 0.003968593904373874
31 0.07381094904767511 0.07934422848733694 0.08344025908097624 0.020551532990992594 0.01416091189722056 0.030895719696802826 0.056602304526183124 0.05854185530238799 0.08650502493929337 0.08199357397056894 0.01989552596774268 0.06096525114017337 0.0053299320402327 0.05188769658362922 0.0761065414237732 0.05175568491176715 0.017147749158458254 0.04102692661259477 0.06416615177554537 0.025872180446645784
32 0.08383611379066339 0.09468697168178239 0.027914662672706533 0.013995493501055415 0.08275517658036759 0.015325331303182447 0.01004934103386541 0.08225632913407874 0.011842165122946419 0.025157296211884665 0.04560482736940783 0.07685186236909089 0.10018587629871478 0.002629213828945793 0.03968641441736984 0.08952477895551009 0.03914324745892246 0.06935041554865516 0.004907855451723859 0.08429662726912633
33 0.11241081022467264 0.08651091917730991 0.02800077382579119 0.041305234207857706 0.0025560681264597497 0.10239681713041013 0.11038366676750228 0.034960894658761676 0.0018355006578889082 0.012451339115316361 0.011445286691483151 0.040539213943827646 0.0664242553229888 0.066569134420809 0.018177634998518506 0.009592564146843114 0.04488718843306164 0.032503173406465094 0.06481215827198498 0.11223736647204734
34 0.08874877046634569 0.07027890183400835 0.06239561503687868 0.009513070448249058 0.0890438139688007 0.08327144294479062 0.02776444621757624 0.01415013517006219 0.052664649177552904 0.046981935308085684 0.04868443350554397 0.020446194039946113 0.019376283535520213 0.052214695800530724 0.032551416040051115 0.05686809940267314 0.09005016724207977 0.06223641330039653 0.04607299877178865 0.026686517789119655
35 0.0653013911521913 0.04103350132510712 0.00032545969324283526 0.08458299405154993 0.05078714979235816 0.06527413381509746 0.05424785586175074 0.022724009211876284 0.05831573258102831 0.0859940685768716 0.03978232235266849 0.06623964824132324 0.06566177460112556 0.05004795729707598 0.03375360835099211 0.05166526271804989 0.022340792429436342 0.08920812108508387 0.02487635632742465 0.027837860535746148
36 0.07809753061619076 0.05660010552508063 0.0693160904045841 0.06780789533828022 0.09289766692265533 0.0058336191355302085 0.02421508399977876 0.04427601323301367 0.05016277340754397 0.025996337678773237 0.09033604414695579 0.022202268672450877 0.07769652904666172 0.021304231917922183 0.040349214488674415 0.04710038603736388 0.03280603070441599 0.06395321223764516 0.014893069278496754 0.07415589720798224
37 0.04991208459155719 0.022592067786098916 0.0191079719217973 0.06421466243575456 0.02242318817560651 0.07707863917662684 0.019753890008642413 0.05870216190787379 0.09335035307312568 0.046674424045825426 0.014010121680640905 0.09309755411243371 0.018280397413733197 0.05433717364378261 0.05404394809489764 0.062055448503348154 0.06374564133393865 0.07847077222135924 0.037162770783098306 0.05098672908985913
38 0.03421272025917603 0.05980793617500404 0.05407457748610647 0.012866959913594262 0.09338624167804795 0.05495047832659767 0.04141812221117993 0.08939620276809791 0.049047463034908444 0.041081797521845674 0.0752743467614217 0.04812877430644186 0.01624452485375494 0.0843181602646864 0.03271275130675334 0.055601171721547944 0.005612285247902387 0.02007217902763113 0.04376644917179651 0.08802685796350533
39 0.05457205363213043 0.056032986648850806 0.06210263444547636 0.00955258632188597 0.06715922552213724 0.0811469612823803 0.0688161512215198 0.05724370739777431 0.06154294549883941 0.06567570800946643 0.08372361746276917 0.0576040410443807 0.0018426500160971006 0.051647991721706143 0.03432505906838319 0.01397264458935597 0.027069869920566408 0.06421863153536493 0.07793906704959976 0.003811467611315624
40 0.09211757098609213 0.025997889212930368 0.05604179541024771 0.007055840313182657 0.10716290674804137 0.08534172744408541 0.004796961242777191 0.05850423644153129 0.037555100033401505 0.0465204944694207 0.023071251439576442 0.051023846917326345 0.02577594315153738 0.05255629175338229 0.026771449900326177 0.10691237356327764 0.008592276175543038 0.019767407081377898 0.05369007097656449 0.11074456673937803
41 0.130740378480783 0.04244265862052108 0.0032129838951328307 0.04711346109881514 0.04841174227898404 0.10147405555426948 0.0542862434834399 0.004868837320515642 0.03420966324931757 0.0017292968956263781 0.12317596536592032 0.01137549356946067 0.0413389963357717 0.01479310339245449 0.07090852018713927 0.0024352116865692854 0.021738997867727993 0.10253608222387486 0.08478911680449591 0.058419191689180416
42 0.03183193543915559 0.1059827648448624 0.08243213721905113 0.08901252487632967 0.0529522825118301 0.061394009839764535 0.06440312624071108 0.055294380013877834 0.0734046697297406 0.02196641662276095 0.04906129048102149 0.03326617841756736 0.021072162505892698 0.02549885316611013 0.035067557679324395 0.020634643049434236 0.11150543745237262 0.019074341906102056 0.037624330461979855 0.0085209575421112
43 0.023527275946252476 0.013238501339865327 0.03681527776455588 0.035141851436388385 0.04856047345910916 0.026262346157213227 0.08716449808509642 0.10564691273034962 0.015609503693175196 0.05144080097110465 0.06191466239134773 0.02097733297851173 0.0062628667922124725 0.11822258289539621 0.05823628506353451 0.002443595729640306 0.04346948400905753 0.07804342466261503 0.04536680102711286 0.1216555228674614
44 0.020249606849091766 0.08076572035985297 0.03981743703404892 0.07861485601599931 0.04962940687969477 0.06131911445257812 0.04852062854224555 0.016523776237963167 0.04715183067703734 0.05779698607049197 0.03920395570412479 0.04206745591261497 0.04159924458951447 0.06408096825155205 0.07462480990718152 0.0736175381752045 0.017446511166354806 0.0005280417111092747 0.07537049451649208 0.07107161694684784
45 0.07455483857452781 0.014275072434022304 0.06306177515262797 0.05500406264011069 0.03609177049412918 0.05712421858522502 0.05569743924295646 0.0710407370490346 0.027744030431336754 0.058277456462791276 0.10070313832402102 0.035281420892106 0.011710062313905171 0.05385886855840679 0.024224601151639106 0.08568957372242966 0.06837653165823764 0.056287847040290585 0.027537794663324552 0.023458760608877305
46 0.09699668941236181 0.045381327476103114 0.07900362007040247 0.05575312061726949 0.06753100050505853 0.023256198591966436 0.04273601970872675 0.00541903065653091 0.007065210523577207 0.04572582213188802 0.04033519378019914 0.015284673478956328 0.08226712881944176 0.07823228316520411 0.04524849358360915 0.08851320904625089 0.06580574287036797 0.09943070488738003 0.008849156936739672 0.007165373737966335
47 0.004508722760649774 0.01178599175996684 0.051953223955235314 0.07350166160808486 0.02082339044535384 0.10077730258488239 0.09921704316700501 0.03859952192468517 0.046333669791508394 0.04361538976618597 0.09073367367601703 0.049918169187673035 0.03533123529115 0.05979868641675624 0.013915916933748716 0.01350629921589775 0.060007276573532206 0.07494375297937615 0.06128588890532714 0.04944318305696408
48 0.010446021159527787 0.022151883876739522 0.058647509613714316 0.07221303625015747 0.011230505331688134 0.06860886208338118 0.03962673422002504 0.07653417878809236 0.09204702643358771 0.025688797523118877 0.06889501880172749 0.06580174008766485 0.05095782235939575 0.09113493459633454 0.021168673314549913 0.022517170956848107 0.02698013984980596 0.08409290629204325 0.06519963655167153 0.02605740190992633
49 0.07747275487278153 0.015254165492856705 0.02869129091688146 0.0661576980780201 0.024525640748825243 0.09232923080988654 0.007567964963200453 0.01349382479021925 0.02994351126921477 0.03979926663413287 0.09683314930682176 0.0011362700496085874 0.013871599079544097 0.020967142458721246 0.08965250813865878 0.08773638572089475 0.03556105180844108 0.10218027884593693 0.11843561847816247 0.0383906475371914
50 0.05916518809346306 0.08981468157395382 0.012819195462170134 0.06974325355209536 0.03785931711187609 0.018565934993921004 0.05163797995206723 0.07105766109017553 0.07561684686374119 0.005112136313097895 0.08173148454863555 0.026486946824268186 0.03802954603204051 0.042575404125054374 0.035980385917204705 0.07550359942348357 0.01578294877227194 0.05075130301676851 0.05275768645832747 0.08900849987538383
51 0.01342252123335063 0.05928095190285814 0.04824135215476595 0.06873945740441281 0.03708449257860587 0.0817755113862808 0.09349000792472366 0.04853098661654416 0.002844513075184549 0.0036708722699138456 0.09512128812096761 0.036322090117519884 0.05693207968813006 0.09304984232476919 0.01960662964567436 0.08890177730668909 0.014495305844331896 0.04514198430070418 0.059986310805752945 0.033362025298820194
52 0.08413391327310835 0.0497341012143167 0.07373314817171739 0.06308701670980355 0.03827914007499788 0.016386482848451542 0.018268992083234792 0.04748334769029316 0.03100895717674357 0.08391605131296623 0.03338468334422901 0.07868990933654971 0.04640192345529556 0.049208066471080864 0.012567207537083794 0.07193543393343363 0.0804053193101639 0.01595243074947853 0.0553155056840949 0.05010836962295703
53 0.028967924155924803 0.007679182651649849 0.11679566852255667 0.08466562301793122 0.021780720530414216 0.004995297927207894 0.08047725446213592 0.04589851482174286 0.09706327704799055 0.004846267672216929 0.04389415245020171 0.09396532624710656 0.020838077936674342 0.05138961599047858 0.0532887228310903 0.013066768633516425 0.014659205845533945 0.10049720009669355 0.05470683393538684 0.06052436522354682
54 0.03502187872264376 0.021873146299076034 0.05365065752726099 0.08135338080750144 0.0029418041717656582 0.08085651130425928 0.05719010956609543 0.08597430351550214 0.012571795356008254 0.03652668162311418 0.009184634569795727 0.06839127769392321 0.06442240421543519 0.056371190394871165 0.09418697371661444 0.06170797923405972 0.034246092485793043 0.0594110228788037 0.0513727241728585 0.03274543174461832
55 0.08721008388145074 0.05211957395124829 0.06645891942471793 0.09206294843167927 0.06950266871530555 0.09556531013213078 0.03417065250416041 0.022432544724775266 0.004346476338828642 0.0787297496415996 0.05151297141096776 0.05997526437803229 0.0006922251820278752 0.059345765291035496 0.06364376793944775 0.014086705943587824 0.04336518172781369 0.03094369876007538 0.018736091704730548 0.055099399916384906
56 0.029453013259978976 0.0381820967439756 0.0003239043482079033 0.030146871971107752 0.011234745139164374 0.059215168431323316 0.03601534939806599 0.015369848010364692 0.09233178954336169 0.066948761137954 0.043477102888400496 0.046199748875488625 0.045673393074683245 0.09790997911451592 0.09441931032228051 0.07421108423079528 0.030624003608097233 0.07855620089422494 0.024504276609049788 0.08520335239895983
57 0.03170982352337311 0.06617347610574627 0.05398214556376717 0.00761957992479123 0.08232528187920232 0.04621030995004692 0.06682982540329759 0.03372131529242105 0.06635602537011914 0.05326027689290782 0.0536964892102514 0.07711024991754598 0.021027735220463712 0.036048578416132335 0.06574509856554 0.030065052052576497 0.04301630513844264 0.03957484542666107 0.045445783777917345 0.08008180236879656
58 0.05452130030020402 0.020725205986920556 0.002649667461659159 0.08504343551607581 0.06245647430734903 0.0319198636900029 0.004029071134644409 0.05629049897671237 0.021758032099174766 0.09035643825902738 0.03352970439679864 0.030746208756765148 0.09078890128674871 0.03840588372396059 0.006951446164804351 0.06536419528808926 0.08891298477371755 0.07107048297266322 0.07231661454102131 0.07216359036366092
59 0.09579083905979856 0.06756312568114294 0.002053773045726033 0.07961068276934714 0.014959890440193855 0.017831056386781077 0.10451980200903217 0.041433689378461785 0.020847820628284715 0.09397573132746057 0.048458300172738764 0.04851719552231643 0.02094776631582257 0.0780074643059431 0.037576960243268474 0.016077217101024967 0.07250564338385442 0.02985391299322637 0.03965655413932823 0.06981257509624762
60 0.0682125915279281 0.07356303096570314 0.00587667322924723 0.02232987380066497 0.024335034862210697 0.06007453253184186 0.06613433450508943 0.0654146652009519 0.07915440767390892 0.04571320259431689 0.04550629398880263 0.03933145779335026 0.07241574093274156 0.04573203130920111 0.07802972386890089 0.06694740867447647 0.04338229116052158 0.022039078759707433 0.014610261819200386 0.06119736480123452
61 0.03930906821306744 0.014426855552834687 0.052329599542040174 0.03796012712199818 0.08020664608323026 0.033179677337038596 0.03266912111873254 0.06045712712801974 0.06852234302490844 0.06620270389708037 0.0504904230431642 0.010359508749571466 0.08226824780659359 0.07566650695216473 0.02077734051566422 0.06159674993039511 0.06022525636837551 0.07362475263033123 0.01775348363121946 0.06197446135357022
62 0.01382261900407281 0.02539249064661169 0.006242206094413941 0.0013049228907234854 0.06323582763158035 0.06990292863838832 0.012260789276318355 0.025804995334796965 0.09772876248490524 0.044145704233265526 0.08630365165390126 0.014955053105954633 0.09329789634906781 0.060160379449491146 0.09725840089082624 0.027864811017181662 0.01889033659574684 0.10648998046557126 0.029302192928401 0.10563605130878147
63 0.016607818366487944 0.023565112162099524 0.0071434210427716895 0.0220701085032474 0.07036409998051536 0.0660143391838806 0.09387545681521023 0.0006739810436597112 0.08560372079579827 0.0018071231903266443 0.07941718930894916 0.08292154522615028 0.07713345742364669 0.06044803340109635 0.08303373258660061 0.010625950691991074 0.0021097968953752086 0.05157010457198705 0.06767849391033563 0.09733651489987061
64 0.09332270183943872 0.07179289575700128 0.07654346973728139 0.013287041651388618 0.0807579867449934 0.00768706291855583 0.005465020583444064 0.014650926178963596 0.08635234124163746 0.032018618013366196 0.07034368915500883 0.006952088280519273 0.059536271875245544 0.03557390839423064 0.09138540215829885 0.04371676862888337 0.06399642718936163 0.0795567822320458 0.0605265604604049 0.006534036959930582
65 0.06752925092752202 0.006876033149939475 0.09102466046577003 0.05895618315106863 0.037614088507703175 0.0007102420782726405 0.034045853890293895 0.03849237076740594 0.07758894317468272 0.07873413713215634 0.11678568182314863 0.020314651229074932 0.09044453759490739 0.06527410924141303 0.03420332665370002 0.00459148335539092 0.008463161796009965 0.11630773973322725 0.019235427177627242 0.03280811815068581
66 0.041035580558084914 0.046418504436196585 0.029034212585299063 0.08419180293882532 0.029322485592574422 0.04031955083252794 0.013239159181115246 0.08654746222594693 0.052626119827236015 0.081726416293629 0.07783667070738953 0.05663119374812843 0.010120927629358553 0.06748426041111993 0.05366077325876404 0.08190248088589172 0.0293401933865202 0.08134670286798261 0.02911926602278208 0.008096236610627375
67 0.02216195270377991 0.0019220115095777114 0.05605496829229416 0.015867020683967746 0.003418969673036271 0.03793037876625912 0.07201331454335777 0.08981954263307261 0.06896468674457303 0.0905787316688049 0.04639903479683675 0.037520388394454256 0.057575497225043334 0.024256832852781303 0.08345466679021149 0.09274418460622412 0.09298275650804354 0.005172138726101543 0.07695950231503904 0.024203420566541383
68 0.0973996860213404 0.0044057191113507106 0.04436872293913663 0.05455897626226165 0.017857435941660102 0.0795319363274173 0.054983890966634155 0.006727059606652626 0.08467835340263954 0.02013976013880543 0.06833619308841019 0.02442055710654315 0.09270438365308857 0.07981870960534733 0.03084264482189177 0.05883876961179744 0.01493883761830474 0.08323833772528227 0.025676159215380842 0.0565338668360551
69 0.057532673302519446 0.04452901034214987 0.06115067301335691 0.01567162697975925 0.0020668140070518558 0.07257632702238785 0.0844402026398876 0.045364998275824485 0.05154412133582141 0.003972331548007411 0.04308018419048104 0.07177325120753796 0.06057906106208048 0.08555923237760445 0.03392165932957464 0.059488922829559455 0.0391097287477482 0.07697878775427246 0.0654603866168582 0.02520000741751715
70 0.07192917595354918 0.045802840955355036 0.04025204954606782 0.032217563595411586 0.04201561855636732 0.060437072558599626 0.07235764168552182 0.037677760165687635 0.05179184363837012 0.03588201829568393 0.0228042494788421 0.07462181305526684 0.05917034768689229 0.06076310532875413 0.030271880148557216 0.07073903003826092 0.030007395184375934 0.03364594223980647 0.06756152698257298 0.06005112490605723
71 0.06561866692164077 0.024893128797159342 0.06861150597404544 0.07954858443773495 0.05045086570801749 0.03485542950932825 0.08426157362508793 0.019930284850824657 0.018906794937228105 0.035633305324088024 0.08782363817589893 0.0007781160134169933 0.06937308017897793 0.016375212991045038 0.051201984133050445 0.03686313880772514 0.0319591476970758 0.06033268599804008 0.07024606040565538 0.09233679551395912
72 0.054810820494088405 0.06390487403626299 0.08500369844536658 0.012162393469477784 0.06603924723634653 0.03115047878456117 0.007148087644903515 0.003124065806010789 0.07134327159170886 0.010443069208594192 0.10102492225451175 0.10516596811604564 0.023582194098528637 0.09205371058006825 0.011266640571768311 0.09188089571673266 0.040810653767761135 0.004734814302487863 0.05766527095131501 0.06668492292346026
73 0.08899486542530025 0.07062695601879827 0.09279996074881763 0.0012184445491945823 0.00792661583444506 0.09699007141915736 0.014600292988246735 0.0914302941065735 0.026085676173217498 0.0271090604617404 0.0005551484981974765 0.01396451225055171 0.049909853277522176 0.021988385821708176 0.07470402301612222 0.06920457958032228 0.04185257510223128 0.09029703003312661 0.07333360082105658 0.04640805387367019
74 0.08537698026225972 0.010662205345540895 0.05997111043428736 0.014118463496553187 0.04719339075079911 0.07792112463343512 0.02971773832455029 0.025785059658234254 0.015179696928410983 0.053293181574998065 0.0830486321092906 0.061393226070746605 0.082019602059442 0.048346166520949745 0.08185815589667873 0.024624897961806707 0.03384560150923652 0.06828225886975478 0.05781728869189457 0.03954521890113082
75 0.0552218251309537 0.025529248647620205 0.013560675795289415 0.049728097311262175 0.025195601110039132 0.07600487682517557 0.005322260447477229 0.08753053648157436 0.06780574011250444 0.08479928988067256 0.005359504494548038 0.08790807629459216 0.02243950402646463 0.09542811318602405 0.01832065459705396 0.02469276767554162 0.065373114401145 0.06527306090290859 0.05594396747589049 0.0685630852032627
76 0.08586068621763907 0.08246256281260006 0.013932239720181806 0.03672088675085194 0.047716597744908766 0.08221903033951906 0.00996550018552024 0.026408172182030773 0.0535943368186611 0.012782280613987972 0.08295965147889042 0.020243858493040227 0.07636906791815716 0.01744937381682733 0.05740930705068274 0.009188397915528041 0.08665772527090627 0.06494735518532382 0.07085016142598936 0.06226280805875357
77 0.0016937163124982584 0.0059140777880645826 0.05145676151596033 0.09975816042161867 0.0053365631382329545 0.026700954628291224 0.07185118857918606 0.06994251996782286 0.04687674742183197 0.05433049263792316 0.040252337897431364 0.09397585745234158 0.015177917351765489 0.06261894739749682 0.03491404161751143 0.09975796394568899 0.03393748801965461 0.10121348069399594 0.06726315856130159 0.017027624651382234
78 0.06873902078029737 0.07809394737656661 0.010615571332633243 0.025517990175855102 0.055998354297082706 0.08424454786064173 0.01592055077630387 0.0493518207888877 0.08001473052702 0.02615777883837441 0.08145425534474775 0.0057961510825942945 0.018623301923822024 0.0775085874783665 0.005764471812338155 0.04738858098272714 0.06995609820765569 0.091051223693073 0.02962695589856424 0.07817606082244856
79 0.03384443498455807 0.03964962984107445 0.03721647334827785 0.06771263848638671 0.08370374871066566 0.06605000563732616 0.00643719417405733 0.03261132321588985 0.03130840435188047 0.04648179480118089 0.048835097675742616 0.09056990460230059 0.033368998413532094 0.03270257469155714 0.07667428659555706 0.09235529621498195 0.003160257292788794 0.0449370345620777 0.0924852283591958 0.03989567404096869
80 0.04531539773406886 0.07288151387639198 0.018901124159540216 0.0030510472837552934 0.07695517365725062 0.08298298965432752 0.08820658947743291 0.07715143096027396 0.008232706131663452 0.030327173543474407 0.0008236242337087376 0.07196120274828029 0.08812413006278093 0.0010241168074973665 0.06969286718888398 0.04802102794902543 0.08879674315450342 0.03786449270969314 0.07804110065784203 0.011645548009605636
81 0.057160402478748235 0.05498544401989339 0.06671450856298378 0.03708567958021453 0.08885061175237911 0.04246026292181604 0.052847828872584234 0.007567162364171645 0.0589983174890629 0.036703171424787656 0.05739634340305138 0.02595760406635008 0.06885957430784609 0.060512021773015366 0.022806126474439352 0.0818435954692889 0.016199907923439345 0.09167166699596128 0.028683731949002908 0.042696038170963645
82 0.09220275301008912 0.023637637407941583 0.06515213543714606 0.014699356062940526 0.03528566600815636 0.027108455948098898 0.028006241412042276 0.027685681070014134 0.07479706915163757 0.07683002127918222 0.01627861256950463 0.1027053138680771 0.056537391462385296 0.009089842802787232 0.07490730171084341 0.09140184289981028 0.07367690975434302 0.03956739862937861 0.06531268417007059 0.005117685345551368
83 0.029993043436931332 0.011093475845400099 0.06417163366612495 0.08857210709104886 0.06543187999599283 0.037384649969229994 0.015253897446002097 0.029013377237011844 0.0847518393668131 0.05857933348430513 0.05809596143367536 0.05464276145478201 0.042131955263935025 0.06768966037900992 0.07239179957199356 0.008900766292381214 0.009513686444161737 0.08430261751895268 0.06205774931354213 0.05602780478870623
84 0.04849858919352482 0.03948233147718517 0.06271028315655837 0.0357833341428144 0.02670417529163158 0.019313381714469623 0.056122658578944704 0.07025422202166574 0.036379558231746316 0.0379059056026357 0.07831372711419558 0.07213850132224087 0.01163639776714176 0.07860776860145757 0.04583347916620131 0.03370149870318243 0.08661446433893934 0.06961466092507637 0.05600684199019863 0.0343782206601899
85 0.07281456545571471 0.07618288931190703 0.0491518434377832 0.02336545267421737 0.011818707422063658 0.05933453321817212 0.0457220788714653 0.001696509288374376 0.06048128099068774 0.055175511357965945 0.07352796707191737 0.08180458735209704 0.014298921176476574 0.004180155268691495 0.06904327331029887 0.06043367195496425 0.05139260715754204 0.04825485631813598 0.05697907500616882 0.0843415133553559
86 0.13969552937485638 0.02311570854668856 0.13101011606108703 0.03373817240465918 0.03346168036734826 0.015339044324075006 0.08147008813727537 0.03007244891226415 0.02961774442449411 0.03121685812213458 0.025050790336302454 0.03382920251966748 0.03781339449618394 0.01403393328019787 0.06898473750219869 0.003721215157516456 0.028876038636927517 0.10742554492378377 0.1217079203051166 0.009819832167222705
87 0.0280635424315081 0.06512285885093902 0.11079926831753324 0.04297270463614331 0.1026116992770484 0.07529365048992048 0.10265207340237274 0.05396262279160878 0.012617350379665581 0.02817924196383081 0.09423536706243842 0.09184147185742819 0.04458771036477303 0.04612072577879513 0.0048435705104008875 0.017340166054538697 0.011084084101770648 0.04676932505295973 0.008404199968049395 0.012498366708275388
88 0.06971417507408319 0.00830383363022111 0.06660927119593962 0.10562207393083119 0.0990261637214155 0.06108460249819517 0.01654163021727497 0.031228731005006737 0.07194125306629687 0.06341294743754532 0.055280295999888894 0.047582566274968166 0.038193409641634986 0.027877585108306475 0.0722101009933241 0.0056882545918415855 0.00659074766869672 0.057843822411139965 0.06390241805436377 0.03134611747902582
89 0.0359023571073635 0.0015929730503632068 0.08057346121675638 0.023757046970312296 0.10533381878490303 0.005508095909733223 0.08618346544416773 0.06510065666182255 0.05768093795379103 0.08145345498565337 0.0866283668265906 0.06098490173067262 0.03253269614292235 0.10029839379432248 0.0857268181918801 0.016814717649299954 0.008981854374111437 0.01653201237962639 0.036662044876010505 0.011751925949697234
90 0.10548680811405456 0.010684436666229173 0.062157760757766516 0.05716737029520656 0.105127736067881 0.056760988627653386 0.10338901005220419 0.00538355370303641 0.05710882799067666 0.0597683820033442 0.07607446943877291 0.0025391365585916096 0.006453286671504332 0.05800655535384468 0.015298931500787224 0.02037046560839809 0.06644671713149636 0.03067107354352723 0.014384953256910894 0.08671953665811394
91 0.06374151020939765 0.014059493640394065 0.008385805687785351 0.056221855540272966 0.02328246205584636 0.0002741730755979975 0.03416512757444814 0.09936079474421061 0.012886685840322014 0.09371003000945463 0.07213538882240726 0.10258444251568814 0.06562340378075386 0.036750084139454346 0.04182556549272831 0.014694937442126754 0.08130229257010602 0.06665594913842193 0.002543391896714692 0.10979660582386867
92 0.013193074638103179 0.05241097405011178 0.06964532347263158 0.05530510404977495 0.06487630845502088 0.03768019858917745 0.043775604979019875 0.027450904665783916 0.06370264440301862 0.05219221406859167 0.0928430215022708 0.007320969019054576 0.03662971576249829 0.044190696351649385 0.008072790273492886 0.015160243283737614 0.09263376123308267 0.10672761080469771 0.0747478651223544 0.04144097527592781
93 0.05484781039341591 0.08722836931424727 0.054587419732371856 0.07956595878745465 0.07860136028820944 0.016944287912641014 0.014852438508181472 0.024324580487864157 0.009641470620989337 0.06406522308801162 0.07085366977158308 0.0941058951628085 0.07238834286542752 0.017778729218944987 0.016253853636732603 0.003821977669480627 0.026692477521501553 0.05879870907406195 0.09007010967517691 0.06457731627089548
94 0.0961826525213364 0.07320887769869928 0.05934745266375329 0.0008680793269379396 0.026642244609083307 0.062003787086210224 0.007146369419817628 0.08071437264943845 0.07652201923344204 0.09629771742887801 0.03268728175243011 0.041469450051314 0.0027139061428837633 0.07942043755509859 0.04934185471760561 0.04918456669738858 0.04422163556213573 0.060390148883356115 0.04208602286541034 0.01955112313478065
95 0.015681162815306925 0.08711259305098068 0.022710576166318792 0.019075664454006512 0.02363274592726324 0.04735844617186366 0.03927187159461219 0.08582284074484942 0.04531860356230506 0.056676047451954814 0.07988232639563259 0.04924509560708119 0.04102219158879452 0.06096379133534884 0.08200362500494823 0.0707209402947508 0.10869790296950392 0.0016719333280986136 0.03265561142599318 0.030476030110387024
96 0.06651220273904382 0.11311584281271113 0.05202807355377543 0.028228575048191647 0.06747946047592411 0.07228565881610746 0.04430627874043478 0.04818872070235336 0.010390676553266738 0.017067476846197555 0.032089488372367456 0.016881894948851398 0.0660756994863569 0.042715419118819785 0.10522272087193577 0.014314188094568692 0.0653700117322629 0.007862002810417554 0.06508778968333243 0.06477781859308124
