0 0.04773627906315565 0.1233392352046128 0.035566182693640494 0.0043338655552054555 0.13958848128925666 0.03145722758881737 0.04010683072136761 0.0022113533565648017 0.05628460716897227 0.0630164646737228 0.04222895336027987 0.03763754837270146 0.1311424723632604 0.03821638538029992 0.0038754357575671336 0.03022704833417037 0.059270440110442614 0.01683154479459825 0.09341643884392255 0.003513205367441309
1 0.057134435164240646 0.06291324209051041 0.09624260507536296 0.09191371356185812 0.01224955793713244 4.235098181527682e-05 0.013675003624169109 0.030857274630904298 0.04046810390922416 0.06918347876397847 0.09333198186742937 0.029233402507745813 0.069076875507087 0.09946596555913763 0.06890952792091166 0.06409987814832117 0.012619262576731937 0.003970004246233668 0.012102684576808421 0.07251065135039736
2 0.08393762990831258 0.08209558103532898 0.06526233223205292 0.05494806354023165 0.046539822720190076 0.00137814030862788 0.08436606282152057 0.03346415966770055 0.019036379732400695 0.04280220748722927 0.050011281254160836 0.03573269008104846 0.000858022693592861 0.008021732733035655 0.0836821842222091 0.048327996137436276 0.08100747195358478 0.052529877099732517 0.035886495162136677 0.09011186920946757
3 0.07831156280091446 0.004041642907582641 0.008156525948182147 0.08383514076648507 0.07507028243455703 0.061723794446270505 0.011680126936006879 0.07413630854370871 0.05217015260554855 0.05459859271095322 0.003020952166536229 0.043553323605563056 0.07600944888846865 0.038398446932667835 0.04643986233849854 0.09231671890460998 0.005480259670686186 0.018075219026353968 0.08865387248289933 0.08432776588350702
4 0.06032549753435436 0.08247012421818234 0.03954628074254169 0.019029355784777022 0.057816016772325424 0.057039003087286905 0.08006008308950213 0.03789681775562061 0.040900418017729624 0.08118793015464856 0.0708728527698885 0.04251891975904816 0.04878206949251726 0.03640590413484435 0.021136269383079814 0.005076781767593233 0.074531902314105 0.02715613364806203 0.04665089072699919 0.07059674884689372
5 0.07150797360764974 0.020164427851179847 0.09524075752767501 0.0662454599286309 0.06631169633942383 0.03251999922938477 0.0842714393827946 0.0669358300936477 0.09727740208806974 0.015471086622401126 0.03804585349109406 0.022830333357296336 0.007863007235900514 0.04331472818856797 0.03734501577860574 0.06470827678836133 0.017236311569146474 0.003322439746004856 0.07711651793384057 0.0722714432403249
6 0.0011001164096274118 0.0709930557774684 0.06485100652535929 0.08530499927380325 0.008219754527411376 0.03608522465605607 0.05896608079466598 0.06988202136461769 0.07440203946282112 0.03888056737969541 0.056292020594365645 0.025834720567742202 0.08228592060467926 0.003457654579535692 0.06192068992132962 0.023233319376246887 0.047785883612893564 0.033587826951730015 0.08710791533881333 0.06980918228113767
7 0.08529169012808573 0.06385386284893077 0.03508820096141634 0.08003436056069908 0.06322327763542489 0.012960518537767363 0.04974238277234442 0.028458748135355542 0.008859621918708009 0.026417427230025006 0.12072256282462593 0.04216982999469845 0.021285299308260806 0.10470482375194905 0.043647691050236574 0.022014324087928052 0.05108829628887897 0.05691321343267963 0.08294853075341369 0.0005753377785716253
8 0.04205662904954646 0.05833960746621269 0.018480244846187897 0.005148947972967032 0.09512720428869116 0.03627801648222004 0.07438783466647014 0.08030896710004383 0.07199974703131284 0.0772183191339468 0.03813172788632882 0.05279628463907813 0.013770532981235551 0.059207943644067014 0.05845622367757198 0.02519933949406261 0.02460762004793035 0.04923489211536016 0.07706141458499419 0.04218850289177231
9 0.060143666222885264 0.004853485911376657 0.1198872529399492 0.013200398446547164 0.030772886455127702 0.07786115738605502 0.0022918486275577727 0.03973242286601237 0.0949918514521773 0.05075105012619872 6.587007974540081e-05 0.03828847935184113 0.10055045682120115 0.026052077486711848 0.07699037603401447 0.0772050693015511 0.07222989055535313 0.06308534476437284 0.0030521325730808392 0.04799428259824075
10 0.020232367403941257 0.02637804383397387 0.10165391018410888 0.026169652276088393 0.0487006524519813 0.02374408312617233 0.030988715340646206 0.0681054968036378 0.07551676367022377 0.07552295184011339 0.015359018481219958 0.015529882540948056 0.04875539483571795 0.015690864456859403 0.09843836617621744 0.07731691106471858 0.09575865868212213 0.09218605955288735 0.03642185197238384 0.007530355306038203
11 0.06345642476209 0.07111723914662368 0.05188264976045083 0.012915877062798859 0.060182093653188946 0.08717649850995773 0.010114651370161109 0.07566183467233271 0.041149423236370594 0.007100873099740149 0.03612607553812387 0.05791261415429591 0.04618781156647299 0.05943911214165864 0.06555837252432799 0.08208784605823112 0.029816325726460282 0.0617810801870734 0.05339587571210836 0.026937321117532713
12 0.059258751433883046 0.044829349442622124 0.037267501598791344 0.07195277781676523 0.0884669467152907 0.05378066828185309 0.006521875233520789 0.0528879401258917 0.0875379052630102 0.08963578781604531 0.0194292611324838 0.05398553644997612 0.03380059587434964 0.06994954142633379 0.011362660946979535 0.05068857889793606 0.04842732948982996 0.015328833104229691 0.039514283309230486 0.06537387564097759
13 0.07732612908415094 0.05632173049347824 0.03619753226350116 0.085082161752689 0.06879185906188616 0.03369536641184631 0.007901080534515872 0.0235809261520569 0.029319585178383224 0.05026039405054849 0.04203193533051036 0.06673019846136688 0.0777044187097556 0.07930050594743612 0.054640371988012304 0.002198124413481934 0.06941756588740194 0.056134850602052894 0.0593796293576398 0.023985634319285857
14 0.07821019143757854 0.04086014153800031 0.04803189933973174 0.037404636987515824 0.024208793571842194 0.08213167479682566 0.0026513183078080635 0.08355522280780128 0.013038643499148956 0.060134335445862615 0.05086764111086328 0.04122511318183662 0.05736587847868007 0.06454589769786216 0.06417201214621611 0.007023123853014751 0.11122535777043849 0.03939364922598263 0.014976770485523283 0.07897769831746718
15 0.012468888163654645 0.03299919657991837 0.08220307263634241 0.0018140266512200718 0.008024979889095856 0.08330682537541055 0.05366238683219956 0.09504617716057094 0.04572619616728581 0.0403200019450481 0.0025078482258221206 0.009155099454619257 0.07904245448740606 0.05726676618983122 0.08230625750495697 0.08188748287506467 0.07651561327354729 0.006908337457585793 0.096223889304721 0.05261449982569927
16 0.017451890366649535 0.06647885073843958 0.030994130611861213 0.040351245818725255 0.06745805467473458 0.06329704255056467 0.03450428727578638 0.06383997609525549 0.08263119025096893 0.01695843107287971 0.06082183157387821 0.07610583484920333 0.06777193348444568 0.02334864481607282 0.03778046410257484 0.006721380375816239 0.05276223284125835 0.07708758874609088 0.07237203336461351 0.04126295639018085
17 0.06795120923269908 0.11027690476380321 0.024481346518964497 0.03910645675731955 0.07153803985114843 0.002365915203523883 0.02755106960895283 0.0838618102888132 0.053598449084586115 0.02218633366371641 0.0399885294960682 0.03056962734851566 0.0755763841407503 0.10078740443893326 0.022537493458842994 0.0123181518823217 7.452862290829126e-05 0.09948771339622078 0.012116438983682778 0.10362619325822905
18 0.04975858196670295 0.027124143074698917 0.028831090885223017 0.015022581684432759 0.0669169764188148 0.08422013246979101 0.04709978910810527 0.015017839910249893 0.07142300567833504 0.020094729577578206 0.0081212614626027 0.03309119672172119 0.026584263756681964 0.08260886109203923 0.06883024588738307 0.09223249025991982 0.06543163647505651 0.06676566071138593 0.03574829144593084 0.09507722141334679
19 0.013533113127229145 0.01858157336275363 0.054781361395023175 0.053138850137359576 0.0025446369690943667 0.028798529559813775 0.051414166105717626 0.09975892498206522 0.07424599301219778 0.06148145856154682 0.052069779125825624 0.07069484882336242 0.034238441419857206 0.10488624524704837 0.012531639804768476 0.07784018954320442 0.018979492229365565 0.03139084281509735 0.03783509690680566 0.1012548168718639
20 0.07352250903705643 0.03499409216911834 0.05010253076533796 0.04305439695732395 0.061680528671496516 0.015130285074663113 0.0616826344935175 0.04325226242429383 0.06900405428446042 0.061926208347547584 0.06450792138737214 0.03522362627437146 0.06575986840126356 0.050854163091105534 0.04380918756888573 0.06795126218774646 0.017977109799360354 0.020153312095127 0.05985313166260069 0.059560915307351504
21 0.09813021677555275 0.07821251361683594 0.039681348517807975 0.0025872175458878546 0.00789041477556073 0.06234921763618053 0.03929633333871554 0.03118283603400985 0.028146463920710352 0.03746468801602141 0.03320358786707001 0.03614307216192135 0.08792139882762479 0.05912720551390814 0.037920899671674675 0.05523288383115966 0.08396865801254591 0.09784419573748666 0.008511516938315263 0.0751853312610107
22 0.019905389861585732 0.06481478647123087 0.05255281214895125 0.014810116941981727 0.05448263304971384 0.015449113216106461 0.07191667672610363 0.08413185834493263 0.08624913655084535 0.08603091178030255 0.07252408222875059 0.08577509345310372 0.07962544385278479 0.03972522034874032 0.012169938574548374 0.043203025377818303 0.01719253865908303 0.014389470233618702 0.059047803825712356 0.026003948354085687
23 0.07389073814492678 0.02513341070346885 0.06598159546953576 0.05426483005300707 0.07279057537833554 0.06983876431490896 0.06811671047118024 0.03406019626382413 0.054822479914381515 0.04876170758585943 0.02886691500144851 0.039659296793197026 0.019300799974133302 0.07907597124773127 0.026789694968655044 0.08573743474196369 0.08524565894983956 0.03856158067541608 0.007156530847704628 0.021945108500482632
24 0.02579367714313861 0.057302084980799944 0.03596181574905542 0.07689947622472726 0.022553914737010995 0.05861713198125792 0.052818702611303066 0.0704115593140537 0.07423276860893457 0.08462263353158204 0.026091977529688577 0.08344734524456028 0.08504112236580422 0.03986765904657677 0.05237338001232243 0.03620733263924089 0.0035927349167706704 0.018527012114021336 0.036050598472391567 0.05958707277675981
25 0.05884632097435481 0.034045452278117797 0.05710892814973258 0.06934264928276625 0.03128009743428856 0.04330700667229514 0.013469164663641372 0.013367326003698847 0.06348106958416011 0.08778202732386148 0.07471054022757478 0.0862842854119084 0.011010584852859624 0.020268906067890682 0.08856079152087114 0.08188257186475432 0.028845227652135298 0.016067342521548643 0.08267582550864117 0.037663882004899174
26 0.015436419486704671 0.04217326808153665 0.051798540626921116 0.05572852723319064 0.07224896610485615 0.07158926562352662 0.03472746102331339 0.010879465996710762 0.0885726470722696 0.04314634673755326 0.035866504912346275 0.07152263923287461 0.0445268166671854 0.011630739862429467 0.041472247667052424 0.06851699163050481 0.08740598111089894 0.012368964860841195 0.060025165335363895 0.0803630407339203
27 0.07717800835511088 0.08319165815346531 0.02399430432768883 0.0028870484586188067 0.03542592595606272 0.038228452597384686 0.08357409824145019 0.07333680699761783 0.08304640288718802 0.09402710911118359 0.04993256721007597 0.0021942051595111893 0.023627057430230372 0.012288526480234499 0.026713941068437306 0.06516471543689915 0.07618345830718731 0.05367484573659828 0.02653068002866401 0.06880018805639107
28 0.07811358502442689 0.06323140953059389 0.0424265253580539 0.03350517152330755 0.039419531298780265 0.07004882869810695 0.030551195929903876 0.013763491648912763 0.07795947550495498 0.04041203907771882 0.08684467128108683 0.0033001570146970792 0.0911369225951168 0.009156353018325491 0.051366682747443035 0.0879461831127005 0.0933965063932909 0.01590421561084343 0.0637113992824896 0.007805655349246467
29 0.05902675973687205 0.007030467466697999 0.018618912924265867 0.02273429394854492 0.027977207782305814 0.0950935947388065 0.053791101070573125 0.01757428941023378 0.09528078142436534 0.04685536033025438 0.1007343234721372 0.07592515551953535 0.043767483556541635 0.05443888097089361 0.05567746527169828 0.0007599537289214685 0.04947330507530881 0.04204422218010346 0.04067828015118738 0.09251816124075317
30 0.07035227795468099 0.061455981115069246 0.058392993998224584 0.0557516853116876 0.07684743119022625 0.05849021015227394 0.01773254697724226 0.04541708472259805 0.03358327782369237 0.04626909961908434 0.0021945492378956355 0.07733774159166311 0.01780139336253433 0.048283045379454145 0.07214493407465358 0.06623346693726463 0.06523975087379548 0.01627159024894658 0.06111512284570814 0.04908581658330484
31 0.029333705514312275 0.011581142415558309 0.10081130639148767 0.01562929104822776 0.030078515909182132 0.0435393965943359 0.07689083316686667 0.0010147736593520962 0.04446336266907456 0.11342491091828105 0.011505842587346908 0.036798968180358604 0.07547848159459242 0.04507824316386042 0.015321512948623368 0.1038609960617704 0.08300347161448741 0.007883444520556377 0.038257964064278414 0.11604383697744725
32 0.09458891232657575 0.013662933983336447 0.006552495623071859 0.0076929604489197 0.04281530996081824 0.06980601948832892 0.09516869284449984 0.02185567045814363 0.08671193449359661 0.04387483955857408 0.06754136204983133 0.06509421719847922 0.10264028879295393 0.014792868495851149 0.00551374484509596 0.06328684389172003 0.0014504071412724166 0.03126705475396215 0.08389807088992855 0.08178537275504011
33 0.03835087369318785 0.08693881725378338 0.0034114539645554273 0.01025177571021359 0.08928521007385967 0.022404541492465378 0.09224923740264747 0.02878764960588748 0.02556089970467749 0.006339068344672635 0.048346115457971676 0.09485353373166316 0.01686204595792802 0.06576140352227716 0.08998957492263712 0.042617021325136464 0.039439377192419744 0.08255462441793936 0.07624233643402865 0.03975443979204825
34 0.014687463319985722 0.048886645244956436 0.015904123562924328 0.10919540965205835 0.029501386318520863 0.07036277412004822 0.057334633589738594 0.043765822364638836 0.0582272143836774 0.045794962242925355 0.10121774284025241 0.1143405514814972 0.050069420779207556 0.03447029546530898 0.03853016503024541 0.06549007652129402 0.005088959002935414 0.04875314491594125 0.04637356079967198 0.002005648364171506
35 0.030709201546634275 0.04403169542333551 0.059516470572662385 0.05955603661157025 0.06008241925425276 0.039065320384812724 0.06943743488155267 0.06522787415685542 0.02027671977024088 0.042041324248841584 0.04694598845358128 0.02371540085613172 0.065270990032291 0.0362134166363801 0.055615771828674845 0.05267237408891392 0.06087887362196277 0.05108380194444552 0.05636442829191968 0.06129445739494086
36 0.02714053383948157 0.06635577358847526 0.003990225349416458 0.061697123931880656 0.0211344542620808 0.03371615165891028 0.062506722075361 0.09303200004893293 0.030558059684332547 0.01754173574813632 0.07914096095867235 0.060759595726324514 0.08422267581968204 0.027464023957761763 0.0927522869546172 0.10620506171417429 0.03481195030808122 0.03649999394974383 0.025228588201206898 0.0352420822227281
37 0.039916863499851 0.02280374736489921 0.04891358508215726 0.03492651842046961 0.0310387249450582 0.07044367117922902 0.061443649390846705 0.052573087921309554 0.054079800282212605 0.053084707147336076 0.06857599449433341 0.04541623811749628 0.029227008987624988 0.054018012720919176 0.03995438757339231 0.06409270592803305 0.04540544769474953 0.05383550967386477 0.05064182223802013 0.0796085173381972
38 0.07208796665434482 0.06300966306347015 0.016334749675715434 0.07193819464405664 0.07189510234016062 0.01654557838173617 0.03636888811318068 0.03259758060441302 0.025524395382633937 0.05522165719724318 0.07787127913466906 0.0787481564563254 0.016922405726339684 0.029462228414957745 0.046406348454030535 0.08422359916020199 0.058521421773103315 0.07225810647060377 0.0012429729479620495 0.07281970540485191
39 0.04042670357946596 0.00737926820901009 0.0303907607701794 0.11145528050722629 0.05443393177625739 0.003754002601802432 0.025167954900871686 0.01200788149581159 0.028148432421346 0.10307935118780642 0.07488544626734576 0.05285556281323137 0.029551753632834434 0.0010820586857288356 0.06437375424610829 0.09338984334714118 0.011992892858509265 0.07221605727729255 0.07518266722700899 0.108226396195022
40 0.05557139120825529 0.013185893913073952 0.058971493328263035 0.052091316352247855 0.03075653789062982 0.08769342652588429 0.04921319229809283 0.04214247621115357 0.04444909719764628 0.06548040753933711 0.08649646464369311 0.054779856023200936 0.008661562905113754 0.08606312675008208 0.08399427719612512 0.037343764446439234 0.05231903267639054 0.004418896663847888 0.03212858401104477 0.054239202219478574
41 0.05796108323495853 0.017250636669284922 0.03663528817544342 0.022263989945306116 0.029808741177793443 0.034097113998195004 0.039723807269960554 0.06201222089040327 0.04198493573701594 0.08367181015496296 0.040777153909945796 0.04162981158154821 0.06616419604398963 0.052883336036715425 0.07945204303036822 0.06712460559362164 0.04993284569945295 0.057781432722812914 0.08109994627067874 0.037745001857542336
42 0.08358422132213898 0.07258093712597666 0.012514049823212121 0.0178461482936033 0.058890720821731454 0.04903622473734132 0.034985354874550574 0.05278750477171109 0.07833324452061124 0.08137239282549918 0.05326950592587775 0.011153472976883069 0.05612938359425301 0.08377723923103453 0.0244912820099165 0.056629698403001916 0.08242589599860589 0.04407018480827637 0.014584447544363544 0.03153809039141107
43 0.026841764449577216 0.010483040261986678 0.024987171448008032 0.06916017649563853 0.04222732584523638 0.08211906115973824 0.03806510748982871 0.032448782025774094 0.030905850866722553 0.06842518070721748 0.07923151256574651 0.06423765790239877 0.08206775794304842 0.03924646015299686 0.07873099212201591 0.09943604228825088 0.04953703903943799 0.04313757991524062 0.038153949194734624 0.0005575481264013542
44 0.004879621762425916 0.04166391969713694 0.005665607482450142 0.08748950292843083 0.07823487559151719 0.0848339340878207 0.07149351947022793 0.06689889084969643 0.08603702902479007 0.03839641769288888 0.02733088885677355 0.054449166851336536 0.08046078642202358 0.03650559764580098 0.06969391285349699 0.0055793336667542106 0.055740932607854544 0.05476982131212271 0.002606827914611827 0.04726941328183986
45 0.04692259277161574 0.10015743727689187 0.08925370422283455 0.019081836736228975 0.0020300731127758024 0.04125682752983237 0.04524806294858792 0.027151543680948447 0.004112803290433585 0.0844370479962075 0.09686772676945739 0.041673104496514575 0.035458143223822985 0.013388768254864467 0.10323825864303389 0.05677246185322957 0.11201322070498776 0.006215093651675754 0.05475174835809624 0.019969544477960652
46 0.045399963427811316 0.03291016557595546 0.022641898247781785 0.010016549236484713 0.0757546326412064 0.09854476717251368 0.044774477950538086 0.026098721602635665 0.10718708914893907 0.10276223939309884 0.018823836378504214 0.050173310611462706 0.008051171172820745 0.0722006792788869 0.04726362480559697 0.006791622161830368 0.020587997341729187 0.08949263312921238 0.09207919425180294 0.02844542647118852
47 0.04518721751491473 0.00022665048133842182 0.06456948467285188 0.01917790641026212 0.05175658227488437 0.10134429334525455 0.07780619658153826 0.06094379323298564 0.08328796736474843 0.035708488690127396 0.10151288032130379 0.007075960819125647 0.08384811230080343 0.09321171036750815 0.012131887140527436 0.029955724157005512 0.017198336965424776 0.006755272238841754 0.10337770510874641 0.004923830011807204
48 0.050699486763710465 0.028956971207468537 0.03881755461782613 0.04189491111864769 0.00867152916514903 0.07166756078629648 0.07809028588328938 0.024576082012751414 0.054694171238315804 0.08504061729107538 0.0846214940023417 0.03757757824393367 0.07883631764064507 0.017576487778619494 0.04730044016278671 0.0052356804114325715 0.08507354085980225 0.07777944783444879 0.06355670132638472 0.0193331416550748
49 0.060316247989541265 0.02466638316411579 0.08446909038477778 0.041562157615700354 0.03637456298245607 0.041493653940273996 0.04978710812844033 0.020902375205418083 0.09144370391430837 0.09027652147676168 0.050434124993586495 0.054470097684927166 0.05762516470977309 0.030253796054720353 0.06496684349211096 0.04876374096920002 0.09046875779402597 0.014619928419036258 0.04548643372976387 0.0016193073510621034
50 0.06018302696393275 0.06795592669651516 0.05976103576420146 0.06723486594998815 0.06553063204961888 0.05180882088407794 0.033306143814965224 0.0035234720192300973 0.022581931644526584 0.05730120361935762 0.03932547696016051 0.07216696078306158 0.05702663041855711 0.0017341562346158618 0.05437864895502329 0.0392171032883763 0.033703276636820864 0.05999736452096098 0.06254138585861467 0.09072193693739485
51 0.03938637535466181 0.030157555087275138 0.013842545512435344 0.06268002670972612 0.05714865049947966 0.03714627957456656 0.08654865446836155 0.08385196097585633 0.06589746986782957 0.02978075891897425 0.001718617173241983 0.04724422310639731 0.07693352570007451 0.07049086467443953 0.06437521049282073 0.009402889104758094 0.025894917027993167 0.07743304617102596 0.06721247359255537 0.05285395598752685
52 0.04314545387266712 0.06233758698030353 0.07479984721251257 0.03741191370048132 0.05541801685145598 0.007503623385708354 0.029883908949840287 0.0416173810736949 0.07287104184650317 0.07431231129354093 0.050253108360725524 0.023139441946211477 0.017808260899103874 0.05759427390776329 0.07206004203412864 0.08737199909747419 0.047816108129987066 0.059896633340869324 0.06859885991945859 0.016160187197569884
53 0.08330054341224293 0.05892757832235141 0.07023878531306632 0.03280738930936655 0.04063785924153589 0.009133458747581449 0.06742348464898787 0.057538688317585567 0.06937515474008711 0.015432992935986828 0.021031633883521795 0.06083686220074225 0.006863558984922763 0.0457132345853044 0.06395909852471363 0.05196652041793976 0.0744927356806349 0.0890171437993662 0.07474767182131528 0.006555605112747165
54 0.08623081972415796 0.10964780917787852 0.07156877944500473 0.05618446131264094 0.014172519668716218 0.014850973208797247 0.08690678077385422 0.06955583104044115 0.007111580215310375 0.033923021122798505 0.00027938720813279526 0.036783558384727334 0.07648927756242994 0.02632785273556766 0.04541634101124638 0.07353825544896529 0.11236630012795777 0.017465067135605368 0.011144281686849103 0.05003710300891866
55 0.08799981793784128 0.010269844281038554 0.08391144678909616 0.012143930157819567 0.04422862486233062 0.014631479953646774 0.03350507363040843 0.03564098909359367 0.049587628276419764 0.03239586990489563 0.06340331214202774 0.06723148583137474 0.08993147218480185 0.08787672340453795 0.04617780615548669 0.003952589555350819 0.010876393380791346 0.06833530369791567 0.08684015566442761 0.07106005309619484
56 0.04805548000235653 0.08261163105404376 0.06484160857028175 0.07037373563323787 0.08174424579452019 0.06477780379282014 0.046436086465603765 0.07760189803986593 0.08368448712116609 0.039868761777374744 0.015424429646067037 0.04064253685779914 0.04124028480686696 0.02669154502275445 0.05303890101838785 0.023052694760926046 0.023617495318080273 0.042927131421901424 0.0720707822191383 0.0012984606768077058
57 0.022655238281433274 0.06136360266132294 0.06373827654662306 0.04489283867441789 0.00024583036630623935 0.05411389765832548 0.07534743475179445 0.022736313687213947 0.07864056293039319 0.076638956616945 0.0784113655173627 0.06935342974324932 0.0031027811732694988 0.014056672632628754 0.08466316285294133 0.01521005452608719 0.07953125410575 0.04241973497907746 0.07312097423261968 0.03975761806223836
58 0.07823625573176614 0.04144007833479937 0.05040600614295411 0.01704286813089242 0.05279392099516566 0.06767997577258493 0.07561921264037777 0.0896060768185243 0.03794836083509133 0.028802059359389006 0.025820385066915398 0.08920075968462265 0.015381014236214664 0.05918032903298154 0.033579048133791235 0.02954336732193744 0.08056220297824326 0.0822430260651969 0.024459225507220343 0.020455827211331355
59 0.026149891544646774 0.04067109813495929 0.03199141873632034 0.0002027910154401812 0.06723528297194556 0.0008484945068912124 0.0973671590196419 0.048113780357763085 0.05844683757391183 0.030279404207715622 0.010718005428940042 0.05560297749568082 0.09861766333012299 0.0486359975832126 0.05700097505678563 0.07564517769651996 0.0733654168991846 0.07601482756086546 0.02574936620528054 0.07734343467417149
60 0.08960124074739549 0.02650322695694228 0.04062551269014572 0.003953445619143973 0.05524304178212973 0.07179715468354839 0.08577319795077218 0.013020011131439486 0.04947507823886931 0.05016968074010153 0.06353616352171192 0.08138871247820648 0.013914545127054598 0.0652168303350795 0.06894706405363098 0.044171651360826236 0.04373971735219197 0.039406183478408026 0.011010359500048354 0.08250718225235397
61 0.06129132279066541 0.04544351388830232 0.03661808563670998 0.0396955961844927 0.02408084113960527 0.023482098445801396 0.07555716825931208 0.07702796189341493 0.03928826131590612 0.03931100452218617 0.06744874167031012 0.05729898770573096 0.010090184757694104 0.059978404616078104 0.05328395955407584 0.08385700223385247 0.06019318645853807 0.04498899499332528 0.0719763795527588 0.02908830438123993
62 0.08904941542004315 0.05121515607045115 0.0379896117789725 0.03009442051861696 0.10510896481401168 0.04303449230295161 0.033159252479616805 0.047621792883557904 0.03587481962543465 0.08470543371204262 0.031547328805905724 0.046481084176428766 0.09069619883259611 0.0010275389265049142 0.05324423727369616 0.014982958255099226 0.09720069705874435 0.001317082391819314 0.03857136633151915 0.06707814834198697
63 0.09568798780141821 0.03573019171500438 0.10458574417708491 0.03370644795647311 0.07740121162734656 0.06258440600678615 0.10276767500922476 0.04152972914177565 0.027935123529451628 0.003061270010626837 0.01712870130660904 0.008307135695844072 0.09474689900559011 0.016876290501537265 0.04865310017556536 0.09791798558974478 0.03081810950836687 0.0793965517763505 0.004196191128032651 0.016969248337167203
64 0.04596912576556425 0.08816280887588147 0.09536015271301751 0.007301079333179588 0.08879017148895108 0.09499142882609742 0.05560277626753648 0.09668911582499241 0.07018425729093432 0.001923112346031132 0.08333000903828762 0.042700908766797704 0.04753984333779848 0.05079900645596442 0.002833778624498251 0.023032151923568334 0.023215572799339012 0.04952855451025826 0.010667769479209329 0.021378376332092858
65 0.07182851737784926 0.026899207477922633 0.07500500210946205 0.013794260587381403 0.07751068824201067 0.07299385980982367 0.044782828427689346 0.09655457262689078 0.0798893881989501 0.04956087322435149 0.057920338488259414 0.019008550826304267 0.08644687567676403 0.04467200892908973 0.012923095240744618 0.05249384349596222 0.03235427358708957 0.011565251577375132 0.028042605374510178 0.04575395872156941
66 0.07474296743524973 0.06116609148394945 0.05198791673908129 0.0469200015453135 0.07325550488430135 0.07573907606148145 0.0826409809337264 0.05366536286008499 0.005090363702099596 0.06725871500766264 0.03184488614712365 0.03679765391170838 0.00036829802650770134 0.020759901168186434 0.08349115380884582 0.029203493080810466 0.06950476175181086 0.0796513965540866 0.03200379119789887 0.02390768370007056
67 0.056302467092725364 0.04941233270035257 0.023765834559739435 0.04532908745763641 0.06707017359655405 0.03790185479841636 0.007651816977572194 0.08208822659288946 0.06304504711520685 0.02647538825347667 0.0012288240344835145 0.06394826053586207 0.04049647877831081 0.06427949147114137 0.10326919756581338 0.09703190927523 0.074277470740368 0.03354955331404494 0.05362691009288775 0.009249675047288821
68 0.10339259051964922 0.009364452311834073 0.015427033729775908 0.06488202575635238 0.02037161819221812 0.06296545685287652 0.017043805612566732 0.07256784226084298 0.008168636012891884 0.10640449010265556 0.0691968199753984 0.08673837345515517 0.0033448108691444198 0.06350054130380431 0.059310823348587 0.022727000538637868 0.03695784376758197 0.05843111521158739 0.06643591726322416 0.05276880291521607
69 0.08920209676856886 0.052244122068845954 0.02364036897037396 0.030815603183822062 0.047911902084163384 0.04893774268233939 0.10478547874685959 0.005042275715690774 0.0994924384775709 0.08464848885599062 0.0018966995339485724 0.015373765514476397 0.019772782525036933 0.053592126701273314 0.023337294500702876 0.09712574915904816 0.06730579888444699 0.0008805033767728085 0.05780518903704341 0.07618957321302507
70 0.06560655177679506 0.06527617487726256 0.0280988282541124 0.07115586288509401 0.056771859101806904 0.015483750918226078 0.029553993017388116 0.06827490464988256 0.07591671699731604 0.07723866536186266 0.06334353998730853 0.010882535699688764 0.06851630510232933 0.0242629944455225 0.05053359136014713 0.02159906837283409 0.04091205666272995 0.03258804538487013 0.0671765722727111 0.06680798287211201
71 0.08788744876772392 0.014435715917916522 0.09283460034478828 0.0532366951098259 0.037825187153840374 0.01681862407042971 0.03617266389904437 0.028576640734475942 0.09214622638631045 0.0226214703242323 0.06377226240178933 0.08007621579614244 0.0382404483277672 0.012495933203390151 0.035730582679893014 0.040917958275931546 0.0935112267704127 0.04363370867798629 0.0474304106826694 0.06163598047543006
72 0.05557460024217386 0.010549855308401074 0.08742931166797811 0.004582116242371867 0.057192668737336506 0.03370914403203988 0.08833740180356459 0.022969162761278257 0.01879628287276034 0.04524752606929996 0.04098977341622114 0.023475003862244416 0.018191299364998827 0.11156129211520212 0.010283169697719453 0.1083475675681214 0.08560554725210005 0.07625342833217258 0.0009571909468158848 0.09994765770719963
73 0.03157174782614112 0.054950069847936295 0.04224848922574547 0.05208675637174182 0.03227649657348043 0.003863898723406636 0.09871859931961133 0.11519591932164397 0.017269370329149936 0.01230465708395808 0.042689355988243 0.06014210037844077 0.07528035644490062 0.03594268308642553 0.0045715941908127935 0.0788522594833163 0.033662305642433124 0.03121774711746935 0.11160951883973252 0.06554607420541103
74 0.08434551386332631 0.04958926370230789 0.06681201635745475 0.013008599086933489 0.062039357863498845 0.031718462919833136 0.047961273289165274 0.05631549026614561 0.058058479274690385 0.018172091422430356 0.04547204212722694 0.02610343281317937 0.05662609903464588 0.07577124437458861 0.01908923430113961 0.07324636570111946 0.001122899622217094 0.062439847636652966 0.05702749125396947 0.09508079508947448
75 0.006497452606660827 0.07383456521968262 0.061599687634459555 0.08569846367619931 0.07059439946823881 0.07737251004730235 0.05304117888438711 0.02694099416534868 0.044743300864407164 0.07858094397798442 0.07564662835142502 0.03427679076434775 0.06818213722921833 0.010335581329829095 0.04126599114426799 0.05558155305213174 0.08150165426785307 0.024756853280856334 0.0071397895187303275 0.02240952451666953
76 0.042383591482331354 0.020527361215356137 0.01096533564057647 0.011997862747476527 0.08478456799341356 0.06708387836302175 0.05039772873221563 0.07923228453688645 0.0663163929551653 0.02577777448200379 0.07532775562251695 0.11222497375035784 0.01311475084162831 0.018054740279223415 0.017016535000205554 0.0023547598219203388 0.07562473579847456 0.09397494052023518 0.1165076643615777 0.016332365855413106
77 0.026811474370189003 0.016755518067844834 0.030991415081779976 0.06830556772271541 0.008759434976356669 0.0023055874408907774 0.0577243460243984 0.08092561134569976 0.0756706554094924 0.10211706358128539 0.01730798255757923 0.02331784544653214 0.10972648286543966 0.0414387459199012 0.07987472941533669 0.03637528967538697 0.08531007692410345 0.0305600306523955 0.036749401871804 0.06897274065086877
78 0.013401948920035303 0.07351484025451635 0.06998403295703355 0.006184181577679816 0.0018185677914951712 0.06262100083742787 0.0022418400029686827 0.0871766496665101 0.07022719505697149 0.05968272144486114 0.08942240307867548 0.03746320041427416 0.08835195133005011 0.02052508973266209 0.07160827656549944 0.05465475361443865 0.04655528104796804 0.07084341345605669 0.013647746111289449 0.06007490613958638
79 0.008266863456364758 0.014999609555992537 0.08006074528460054 0.08500437599934292 0.038220208559481404 0.0439203720314123 0.045887062447394454 0.0019444240922302169 0.09937598838307903 0.10236234706699003 0.08574282250009063 0.08562635735661644 0.025781211804369795 0.018625388930312393 0.07654868331228483 0.053246756534305544 0.09509345316359422 0.002267082660165503 0.004876717733151268 0.03214952912822134
80 0.07713238485488326 0.040216274430985494 0.08110762822306283 0.05227557079069943 0.0103707333493829 0.07187986898409446 0.05274418643432918 0.056789669817502095 0.07289581195819626 0.01067217316295129 0.029642734724200755 0.05339962969869703 0.02783087571075734 0.04228101527118535 0.09169564291136414 0.05830601195557704 0.08008433434743659 0.01051475311849283 0.07119929737877442 0.008961402877427282
81 0.002632770258183487 0.06988918691501857 0.026577370320640673 0.04973877171900737 0.07030231124363563 0.08399099377225877 0.08413647966837848 0.03292161186911869 0.06362987640411508 0.03365424363624015 0.04700688043971584 0.06519063884806582 0.010912742675862454 0.0577632725775782 0.016825765364646732 0.0008007706259398655 0.08846867335026402 0.08081177180459513 0.028425683647567663 0.08632018485916722
82 0.07572901725586324 0.03331955144369261 0.08494859409020962 0.09369277444429058 0.03790131018085473 0.08810918930775437 0.04650986202873696 0.02461874206279488 0.046105882356663165 0.09222045221807396 0.010423898628947447 0.004595235989295289 0.050481703957276865 0.06868010742129617 0.04065138701428386 0.029125914148774617 0.012676449176702388 0.01104693628642439 0.04562941311232672 0.10353357887573782
83 0.05532349054997697 0.03624276437296334 0.03290696715233306 0.06125172313397183 0.06930087876280953 0.04807882823626925 0.05092833626936742 0.07269383277809416 0.017763413400496964 0.03297270108476076 0.053060465761919286 0.06287785921265003 0.07281842649938912 0.05993091665919125 0.05553013520721261 0.04528713425739391 0.05412948070846491 0.023041962276263508 0.04550921500434762 0.050351468672124415
84 0.06409299791558909 0.09102289336611424 0.04732665177233844 0.028347845069261857 0.05355713988114861 0.030775317619724508 0.000336891154676374 0.05596809217425124 0.020502365653196776 0.10066662128301909 0.01435467849919077 0.10189335949083606 0.0829595625143968 0.04588020156340776 0.06853247363228022 0.016677189634054703 0.1050638622060376 0.02217615737445923 0.033263885904880434 0.01660181329113634
85 0.07950771486370295 0.005012220946641684 0.03978093606374718 0.06689875816467754 0.04892003498065174 0.06927822359530907 0.02331445306399235 0.015492721863074363 0.07754623157174519 0.05058453614711163 0.043963904113722405 0.046006943549076626 0.05314807343243459 0.008569167808811416 0.07712364302436966 0.07860578221467963 0.07887847783095314 0.0343086583379549 0.06636868039540908 0.03669083803193479
86 0.042907744706411094 0.007174663974464754 0.02542404604910485 0.05980927552609081 0.09484034054130745 0.05408082016736753 0.0023733672656150308 0.05363763235211193 0.10535540875198367 0.05191715634567898 0.043543911493685174 0.06632297380403503 0.07325085608212832 0.056651838974296286 0.002703103330110045 0.09462922552505007 0.07423772160935053 0.02730044067356889 0.02286901339629649 0.04097045943134307
87 0.03402073485144351 0.02785744473581357 0.07826566113529652 0.04763144479164123 0.06587158724748268 0.1101670196373818 0.025832559362713385 0.027939837770046518 0.011262185615328255 0.09116365658099992 0.01276902944102422 0.014988519428382521 0.06265550168544386 0.01659132609414964 0.03907933983985466 0.09314350002278816 0.013158660883585195 0.1079383175420294 0.0605144707287886 0.05914920260580626
88 0.031869408162140955 0.007588238309020278 0.0637800327982681 0.011535878541698106 0.037413884111003874 0.08655648474612558 0.011019023301419493 0.01287097839757086 0.04073080456508413 0.08536413603246064 0.04174199086335433 0.0858123141554661 0.02175874367215303 0.017347852118311212 0.06189185320610172 0.08644151428225727 0.08289326470478069 0.0625924691551037 0.07891892059824139 0.07187220827943851
89 0.04115703071210097 0.06787634552233107 0.039439303120979326 0.03883772737104429 0.09751112388314213 0.01702000622551961 0.04093675033476738 0.06112306077688125 0.02209270306616602 0.05396913174024641 0.05274966235754993 0.058597329152437407 0.042920532219131766 0.061129320390732884 0.08504355104970589 0.04003989637706549 0.04312804593964293 0.047056131116221214 0.08918091095040832 0.00019143769392573478
90 0.0742831851340778 0.0004392365625351026 0.019619485064643595 0.05119913129938729 0.06940096381788584 0.07468259490184428 0.025945854330226045 0.07697315317408084 0.03571263478135674 0.042025914937425565 0.0126625627604703 0.07979044516828114 0.061758034976641785 0.07535458002300037 0.06206437539531235 0.07188306293551823 0.037980083696785065 0.008422288901920259 0.042077922835717714 0.07772448930288968
91 0.06546007582715181 0.028205857624751814 0.05787768594542343 0.009143934091321167 0.0687453558690415 0.044836689180908114 0.08104553014866694 0.04288340069557969 0.04353665196942636 0.007771699240324013 0.0041823911103316255 0.07505244886463198 0.09498347567872653 0.08389279417339653 0.04617455882038726 0.0742755635035602 0.04911166606608089 0.07101921177878925 0.03759041438832921 0.014210595023171712
92 0.05305772297403545 0.08930059540778533 0.05581806522117122 0.08010147834712507 0.06188743034005214 0.08971079469406192 0.045348121210947855 0.001793601720264407 0.03501091431028249 0.025645975932880167 0.023274351500887563 0.05082225872259976 0.06435297051791922 0.05690423942030031 0.07062070256272698 0.03240614108498238 0.08364476750665292 0.04273538898076224 0.028549419431882408 0.009015060112680237
93 0.06317804404419035 0.0013084433332829044 0.036632097678053026 0.02742113055973836 0.026233843212507386 0.07889219474731687 0.03749237791446843 0.03296222863224915 0.006210532082147188 0.0916523817183519 0.028379257710723898 0.03858534021373951 0.060828720384169976 0.06387564566581617 0.05409156434182666 0.08660311534535173 0.033413451190920665 0.06333130533630066 0.08633043103344823 0.08257789485539709
94 0.08723805163018115 0.021873983232620933 0.016602513854378914 0.05078575023502752 0.05144359350323925 0.09158562724377586 0.0007765373146052315 0.072078589445673 0.07893267109458475 0.031863597413596574 0.035598725785447344 0.08882356403490203 0.08570282496324491 0.021951694265493916 0.015036338144259408 0.05032479232386164 0.07558094678953807 0.002577956197945087 0.060603172803606775 0.06061906972401775
95 0.032682088974785445 0.09728166093814088 0.001068993279778261 0.001047808163716053 0.027524519550221515 0.04961775739698639 0.0012129309630672768 0.08352597440878258 0.04401176448327034 0.007761097311191484 0.06679171426910936 0.058825530920159935 0.11297997415848389 0.06437165881698904 0.04862903764356778 0.12932561704292775 0.10024837575393498 0.017645733557389284 0.01143969239293552 0.04400806997456223
96 0.018663905693749847 0.03942454037211673 0.012104072563184689 0.08892277689688562 0.057275266928829234 0.07399824979771709 0.08846319570279203 0.07877240116426422 0.05097429958705962 0.010712377495520788 0.022154285289697023 0.0017095883183885822 0.04872644667457114 0.08926900412092435 0.1086752361812584 0.011620531457038417 0.0743748272860549 0.016009577003338514 0.013481976366525306 0.0946674411000832
