0 0.0486128706843606 0.0759629548677944 0.01044218938536155 0.019544603893699716 0.044238821854797133 0.05105461206993404 0.09225568818890158 0.09235742027462969 0.08542569623544206 0.05454391377237796 0.030473594651002273 0.02532104697060439 0.09060752611869695 0.01417885489224686 0.02812324687020616 0.04847471730656595 0.06982403103001204 0.029915254193730183 0.06903389483190775 0.01960906190772871
1 0.03557330786508926 0.024493096236969228 0.06898211948624383 0.019797088332222594 0.0648538550652391 0.08824771588211854 0.06748519216150582 0.08653422456195738 0.06428360155473219 0.0008879696591287651 0.0329435936224371 0.005023836170621637 0.04354478150916619 0.08036782941382632 0.0857885557542686 0.07729755045741299 0.02985323322474724 0.031240765169901104 0.036887661794937576 0.055914022077474826
2 0.0745138403798701 0.030620219658323258 0.03785851300089547 0.0011969929965728531 0.040226095815385346 0.06283820722514857 0.01113616683603553 0.04358567111165236 0.02607854928399457 0.07701147564762244 0.03321742370409372 0.047740760910368836 0.0607786854478065 0.0942583527646973 0.07151704250818074 0.0016366785884546684 0.06290557146775713 0.07366852838804853 0.08838599738691075 0.06082522687818146
3 0.07095061950768204 0.07398120580316929 0.05512563831218781 0.0038201218437855025 0.0903805088542814 0.04321061819698287 0.0026528682028116425 0.05485915925219258 0.08276153603480646 0.0579271357939018 0.05130219702251573 0.03135301116380247 0.09449154533872697 0.08990054983553139 0.02630024204227461 0.08289741481100286 0.03907685503180549 0.007333613559483607 0.007627401555027112 0.03404775783802806
4 0.042284853767889014 0.06779725474957808 0.034263725261596316 0.04279134330636918 0.05917135349562195 0.0121881544356666 0.025565023923377624 0.03685698298601535 0.04659477577965428 0.03355860955622242 0.04559913096878024 0.03126553146119439 0.01744695520598621 0.10197209760948289 0.06634634942914061 0.05972457986225912 0.05943634527158379 0.0806243810609011 0.039310200127049374 0.09720235174163146
5 0.006581162444915133 0.0620696960818854 0.07653199195105974 0.028528986012791645 0.02968761072199861 0.0867199742684621 0.029255252618307134 0.04177736323229147 0.0032685558707831524 0.08378540969878372 0.053292901430280974 0.019352264152046796 0.08055630696842928 0.008868554102501914 0.08134051434807862 0.0476246847039821 0.08062479291072636 0.04753693262715887 0.06811195673853221 0.06448508911698464
6 0.016663715244633736 0.02212003309152937 0.05191863643961901 0.08537879066674137 0.06286019739355198 0.03164883276770419 0.03486260271287965 0.10088158842660994 0.08797386268727017 0.0926664289005818 0.007386464336570438 0.10433473945172564 0.026799697211546587 0.09757788899360448 0.012278098035597646 0.01398539657754852 0.06900661763804013 0.013126692966335536 0.010469424174630045 0.05806029228327968
7 0.0013622563420414048 0.016158998391477306 0.05043773505423367 0.027090872888172537 0.10225589561060121 0.07315373024291437 0.0647285708401182 0.020118145798040554 0.022920442086724762 0.06698675165385516 0.03848724932206384 0.0890679575968201 0.0633260536725433 0.08120649189027264 0.02413330727851621 0.08448962173637788 0.042693045898724545 0.08763477249761191 0.008949966983325175 0.034798134215565026
8 0.08652115002417454 0.03138312741882177 0.08163122936007056 0.039845430855082874 0.00675482240409207 0.10315285283146154 0.08926142075809476 0.08383610564204234 0.05674397234270394 0.025011246637635223 0.025600002002480207 0.0882130829249037 0.04288184629367104 0.08668248771735608 0.020884362183439215 0.030449314608497542 0.01978791871174583 0.029748258395407488 0.029115428183231058 0.022495940705088396
9 0.06623787880464979 0.029448119265706032 0.0739478187741489 0.01264010291914046 0.04824554740690424 0.02541299581851385 0.04574840677128834 0.07978419649533751 0.013380489772992122 0.058221759640045466 0.07293427150530796 0.03728152878308886 0.03651982428833517 0.0873210945953036 0.07543541661030982 0.07300311892257567 0.08421746773828002 0.006612890091352638 0.03084336690485625 0.0427637048918635
10 0.05349996057810928 0.06115099024519336 0.05175052047377828 0.07757465229258513 0.07608943921516974 0.061495090481956734 0.04199866958070098 0.0005924222240004427 0.08338150212017147 0.04992827815372349 0.07270651393561833 0.02531697336073817 0.06930345772917468 0.07807347158298174 0.015389873225952328 0.04280356129416631 0.07543196557438636 0.004325599041293619 0.015419083511099448 0.043767975379199936
11 0.08173622763100874 0.05639574189961771 0.066415485904724 0.04275229199335318 0.03495382836639705 0.07820838818172024 0.05624221008319565 0.01254323139180053 0.03350879301580262 0.0077039552246936606 0.05971731385792335 0.010073704458090546 0.015509748595924763 0.0874153239335406 0.030483464963132628 0.023833696036274558 0.09620240643513103 0.07181586553947175 0.09270496428498379 0.04178335820321378
12 0.01679545996522728 0.01670658965167037 0.07488547679479898 0.0108491028555904 0.07253432005594423 0.0001125983279458536 0.08959220458499798 0.03947649768342334 0.04525295190872186 0.09008996139700504 0.08796871427599222 0.05345689491933922 0.028439462751406252 0.04706919697128827 0.06108630664790072 0.032889412798772256 0.04817452077861582 0.0876410593689852 0.07080692212574724 0.026172346136627625
13 0.08122049718839675 0.010937137630582782 0.010364117245458106 0.049388479700048615 0.03618175848590283 0.06848714616082842 0.033346706023924554 0.09066933241029297 0.07237730681916663 0.048073932514442565 0.012261276439011606 0.05664267791160831 0.03490978810115601 0.01911059620241138 0.0354268597397035 0.028387874702321195 0.08610398656814267 0.060331076495815324 0.09957506554716827 0.06620438411361719
14 0.022155195394450555 0.07357362022197148 0.05916763358871076 0.056367748567017394 0.06605333064076721 0.017760268074834634 0.07164262593766851 0.08526743212518467 0.022839996398506042 0.07091587059443474 0.06517044599691324 0.03877394628001262 0.034128156696086966 0.0010692518816370375 0.04812340058728951 0.05477762548948013 0.01913447078434961 0.06544093506205642 0.060868539607487115 0.06676950607114132
15 0.06242840491512628 0.025396348340377795 0.09895332385923217 0.10420098064341554 0.056140686743247147 0.07408464642103604 0.06207579378033456 0.005227854717359465 0.03781663619591531 0.09931344660333882 0.015639317078666077 0.03649260140929284 0.038952006484891125 0.030827052951690328 0.010399454633438072 0.006594177517141049 0.03096155110567164 0.0941625354216602 0.07316799266797151 0.037165188510193944
16 0.024846389913448515 0.07598952154485669 0.06340780924828267 0.07462668981561413 0.0769124013388436 0.08219457547802568 0.003198115074270955 0.08866125977288083 0.025440252180910047 0.0088740434811937 0.06730889638136725 0.09164685865480413 0.052066548351288044 0.08196100378085489 0.08185981640670056 0.005284340098374133 0.006150378262166131 0.007337648529332164 0.02062938990483981 0.06160406178194603
17 0.036316266515630455 0.09464554769344494 0.04720969529863493 0.046754446875339174 0.05814829687039893 0.0028363783993618063 0.03438183053933135 0.05542532325034547 0.0184592147372269 0.08775649610305696 0.010235306291317085 0.05017777468358078 0.078885325701489 0.04851807380768074 0.0012332103429731351 0.08348710497033991 0.06513765931469805 0.022586377366112 0.10289047241709823 0.05491519882194023
18 0.05535239452615814 0.05572419170923937 0.10265551470808852 0.06317211823660689 0.07188915756232002 0.05697358199233264 0.037664606432590675 0.05990716202425246 0.06412306222701532 0.10221193332830435 0.07328222418310819 0.03426355845534476 0.0072062531928040055 0.07846309745120789 0.030736968152011542 0.012844364105016583 0.011942441015889305 0.0003211024612570769 0.022793864030395235 0.05847240420605688
19 0.04593400170558999 0.0006378594984927481 0.011530252857884685 0.08309946049194421 0.030548502144361056 0.01752366726883644 0.053800366798785734 0.08531522132553562 0.10878657793235413 0.07014747333116117 0.014372789983423203 0.05398408582702342 0.060447183951168056 0.12092181186070726 0.044978623904678966 0.003908307890628176 0.02539167848442757 0.01852850978362078 0.03876183363863335 0.1113817913207434
20 0.07162904055429213 0.08428561212070944 0.037655313360451484 0.08712024554635059 0.06843193711309999 0.0269982838683844 0.04238589140166079 0.07478192458826989 0.030838925199818006 0.008479456946498756 0.0852143755565984 0.07539635357365156 0.059180344192465394 0.05995252598808387 0.052123756124453205 0.00038228009799085846 0.02381169692487605 0.03372997469028075 0.041933639912838175 0.03566842223922606
21 0.048879675809237265 0.02232767965486722 0.03181615979909018 0.10876662549915099 0.007371458097518064 0.04796276695706498 0.03314560331637868 0.1183000616237809 0.08874703689890669 0.05864966299077288 0.0056994710389553045 0.02913387017205402 0.007624475766632693 0.09713583804292765 0.1142242802908224 0.010692473047688108 0.040570242341424805 0.023728156980568016 0.0063612535800367 0.09886320809212225
22 0.0676012333252422 0.07916611294375213 0.017212877623630683 0.05965675954983725 0.03285874637014453 0.058870909798126786 0.06818413192977309 0.04512100517826327 0.01694698572408743 0.04551042664032735 0.06795612336141588 0.00016073588020865435 0.07194437394568405 0.0707261127861337 0.05786344312886897 0.07730022331439573 0.05113683652449914 0.02581630086863101 0.052549616968661776 0.033417044138316275
23 0.025467981688892846 0.04274633095509554 0.020894582459796616 0.06591036114516238 0.10580345300421688 0.10352864554361148 0.007667751365319739 0.0941869561075844 0.09017545262980596 0.07459670643463263 0.07503933605211323 0.009464357294432823 0.039161241044018885 0.024892843185454604 0.07765600954013666 0.015318249154867077 0.0032024981199354125 0.048087795952540244 0.04666107241274317 0.029538375909639446
24 0.03933003867024126 0.03347540730878234 0.0006109854919517985 0.0733233145034509 0.07284434465608967 0.057843254883009856 0.028760414198539537 0.06048705543920038 0.038602217464602975 0.05069907629981421 0.02861700158077711 0.013525828244362605 0.058859003160462414 0.09229364378864631 0.013335816839358736 0.08186391314348992 0.05022635735508842 0.0973707976719391 0.07263463556166105 0.03529689373853137
25 0.0076737184660422165 0.1068304416127447 0.06262889076789041 0.020019591252854636 0.0983451254534673 0.059969515827896704 0.020893588676617676 0.0024768527552571262 0.07712451184363744 0.09506490256316712 0.0012450622915112755 0.02569170783350137 0.06752219805604424 0.0342802783068596 0.03284866522723442 0.04069726893815949 0.008753303792337592 0.08266512184846903 0.10426773608169165 0.051001518404615954
26 0.02936922493972922 0.06422492486777047 0.08674555983999152 0.04779447027919954 0.06403607336647303 0.03283254524947659 0.06757096141653642 0.05569637553428408 0.07300998636014881 0.08542076360383753 0.0247324078993677 0.07195901473611767 0.054752063166813 0.042685881524351224 0.011924442669232945 0.03503825430037555 0.045897112670236516 0.07171801074713406 0.010959913453255308 0.023632013375668597
27 0.05840235510529558 0.010027512475472037 0.07280688349948237 0.03946201587261914 0.009539771240286678 0.07698734424554049 0.08018290550142819 0.01894066095768774 0.03593474797521535 0.05501740431662372 0.059217782707405985 0.07893782995783115 0.05439676904761317 0.04144083442511496 0.04267234231833334 0.009366055264566252 0.07823973842114618 0.05187528663541089 0.072574745342764 0.05397701469016268
28 0.008364117733298409 0.07003028627916989 0.05213165970050231 0.0667715362019268 0.035966365962598605 0.04457115274249286 0.02143898285670857 0.0672575911750459 0.08347091030677461 0.02395159846254455 0.07798189279303917 0.07726264290994249 0.06097051885852412 0.04003929570559007 0.07279210424736292 0.054455712689186496 0.03332982914757222 0.0314199350879466 0.047067002300089866 0.030726864839683607
29 0.06675517123093924 0.012020949200011677 0.07699746247754484 0.06512390582868753 0.03566902229282876 0.040503054429619295 0.018480214762130607 0.071733342707749 0.0007935047693380456 0.05397391380044722 0.04662567042728958 0.029031758482503868 0.09926064195266364 0.027146015640754848 0.09311753281614053 0.0715816856846145 0.015960593726375462 0.057033784503048815 0.07248530203317062 0.04570647323414184
30 0.10360479735106422 0.018362434133575994 0.02410026612692627 0.08092398663653907 0.04279285860683894 0.04376435213132162 0.11605834179315147 0.06843255465707775 0.08020104734217545 0.026364779663255126 0.024707762098723007 0.022823334233525498 0.10176358557539694 0.00046364828635113447 0.062432401468169155 0.01240922034007224 0.001175005986396464 0.05187831377984457 0.018234877126124774 0.09950643266347027
31 0.032080770284877505 0.029141288187957304 0.01905628501613663 0.022303557089834274 0.014984345012153915 0.06094997944105324 0.05816569599028662 0.050846436519844614 0.0983548419452469 0.06800611998921874 0.03993291022023055 0.0212052007179519 0.10067270329252143 0.03266384220468835 0.07915414966816506 0.009847943214399264 0.04246225367003135 0.05326133854014551 0.10381552112463939 0.0630948178706178
32 0.054502615520034846 0.06483731603246888 0.07385395999529673 0.007176841680191086 0.12700019743829175 0.006385580892494954 0.09380556013159091 0.04609401559123 0.016387287386138063 0.005903754585926873 0.05966811566331494 0.07062487605373842 0.03384939201423971 0.12357922492184363 0.08745325751684174 0.017532871851464772 0.054908171523421076 0.008643187119485446 0.041503138878475204 0.006290635203510979
33 0.056267573419672055 0.008696334315826879 0.09229064071632889 0.08153299747927495 0.04285116225946476 0.05330066903938804 0.07416738707330109 0.040220524519830575 0.08503130928487672 0.062361311824166016 0.08228157826384361 0.026874973344335605 0.037828222935057026 0.05900157646660715 0.015575989139508464 0.03324685502005204 0.014314818257695988 0.04200337252785031 0.006020132139242699 0.08613257197367738
34 0.08060330090675821 0.037203074637076713 0.023118709447952194 0.04698008950663772 0.0922630205345606 0.017745087786551712 0.042820374278624874 0.002781489442322286 0.04886670031760622 0.08946694479088885 0.02319071327423597 0.0925313463658519 0.003960147180538954 0.07512403654563699 0.011588104787841311 0.06933688260521406 0.09385034374855189 0.08780910792573175 0.008808032435762583 0.05195249348165518
35 0.012349986001521873 0.018845037181065026 0.0635070888502 0.07341269763094278 0.04656055741982615 0.018678983531606255 0.06421042560786648 0.11373382791726382 0.05439177327211158 0.015772730670131838 0.01595465206263744 0.07805937726631629 0.05521288087513943 0.06813386043461589 0.06548983230102583 0.007397825553605506 0.11647071042928936 0.04469921445528805 0.06150838465906908 0.005610153880477387
36 0.01586852116630246 0.0026069434492278377 0.08920777091235114 0.01077491040602215 0.04054721360297104 0.026528558291453033 0.03390988167932056 0.04104121841645462 0.058917090737681026 0.07150381073203141 0.06555410517128503 0.09086057560154578 0.06637589582063838 0.0790068916509084 0.07745418629746557 0.025376463296031566 0.09517847880346365 0.010445916430674544 0.06687709626792432 0.03196447126624761
37 0.07999648276552292 0.026242805133308515 0.008046203696409368 0.025823903997894665 0.04995853660584363 0.06954250049130187 0.10095903740452444 0.05052175405244914 0.01014225090771761 0.0818740080548346 0.0023413651190634915 0.06321741646294046 0.07851107986977804 0.04848309979047453 0.050136102079677204 0.04442269312947425 0.05170254156470105 0.07109317427586154 0.06195047757596085 0.025034567022261953
38 0.09555026772951886 0.021028468800663894 0.011535414288457268 0.03345151447498004 0.018235916631688498 0.08158624683545435 0.008248276473020318 0.004290167212964147 0.019253979568571736 0.10038334433311197 0.03006330448787809 0.04335777649965604 0.10354621941889504 0.04552176052094591 0.06635511748687685 0.009304046752938836 0.10813011900919418 0.08369997464633366 0.014677890330138596 0.10178019449871151
39 0.04192359474790894 0.036502173876532776 0.022221618945571522 0.052265618987009765 0.12145150822264299 0.011991711695897302 0.11755710916962335 0.003184620105044967 0.07447792272753702 0.031960175596442014 0.01348499446586052 0.016488150941350893 0.07579681080137432 0.061851060666952375 0.10696020057072565 0.08313776635688604 0.0339976894135691 0.07632759059830505 0.013802951668537788 0.004616730442227486
40 0.09706265127017642 0.07476205673533785 0.008065505868677979 0.05085823767969464 0.035168444971832705 0.018903004349676494 0.05047085194956959 0.08992040645071216 0.08724431371245112 0.0021741352561633134 0.034015643521285145 0.04698272398915783 0.08679556068837159 0.03384720290793209 0.08990167365941372 0.014401060123680086 0.051316195966171735 0.04779741243902748 0.01163709998504697 0.06867581847562108
41 0.07005926235505983 0.04466282574660723 0.03284057935389196 0.028801181612696736 0.0687869409841008 0.039404169573772345 0.054455360190863854 0.0765677629510067 0.007809140973343906 0.0667191370306852 0.0721774987483331 0.053791453338435366 0.06838538536224534 0.011091729605041923 0.014841580360920568 0.06667317500967847 0.0424199345851026 0.07881756143105019 0.03107174577177765 0.07062357501538626
42 0.011893981042928872 0.04630404580879664 0.051047598387769594 0.0907263300085198 0.044026877581506633 0.04554914828203108 0.05238531157010625 0.03480970367719824 0.050425994760752164 0.09459779991567918 0.007204897670008202 0.005898895383725481 0.06754050472583076 0.08011336234517631 0.027605549532389417 0.09878927387392845 0.020249261495612934 0.08117803183924556 0.08215695716046838 0.007496474938326015
43 0.07255054011272175 0.0026665509715961926 0.08177861159837267 0.06999997891420125 0.0070418417392526245 0.010501457099370448 0.008135950713842002 0.06573696491211757 0.04443354560366379 0.07434219936906793 0.04014798645930189 0.016425280838713675 0.0030445352890972307 0.10646420341378567 0.05265907726589718 0.1062542488769101 0.07373048622251652 0.034016232268848694 0.11035138150354806 0.019718926827174944
44 0.029844674507000502 0.1461983451898452 0.032002953878709876 0.016143847630551735 0.03445175989344286 0.1365527511507419 0.001167537703149557 0.07295444729411198 0.06789448289656991 0.011753406710672208 0.006543989346952109 0.009440937106661862 0.13343691952593448 0.03717401687233847 0.012729614116735921 0.03549257952609357 0.0947390502439536 0.011044882569455745 0.09094027833505541 0.01949352550202308
45 0.03536946818087467 0.005874776039949601 0.012017815259772304 0.10037932339788184 0.028987715374567503 0.08643033978998672 0.11944721323632339 0.1003541725419837 0.028035891641559375 0.04398962955554259 0.05966691550906212 0.05001888394873333 0.02248470406957716 0.0241377014476307 0.04255112271593468 0.03112292771204157 0.02192911970637893 0.055745217163460134 0.055086038699175714 0.07637102400956403
46 0.0524230497407483 0.045112433215831006 0.07854145448289199 0.07528277105983158 0.08239591950621375 0.03331121547774584 0.03148902027610271 0.0043302746182637165 0.07131612051708908 0.07128448625111501 0.004837321283391285 0.06609579044696208 0.025407902832335027 0.07620107522218394 0.009300921050221138 0.010778260550096785 0.049287632499777405 0.06822007465054863 0.08015492747535725 0.0642293488432935
47 0.01312936187478642 0.08096216779116519 0.08199597846470756 0.06143856160527968 0.03350217964709627 0.05470491231221752 0.06593545310262164 0.014957915597630073 0.07617713969350633 0.07087876613021903 0.036598306749701895 0.03146812352509325 0.017931100745278455 0.03911529432916917 0.08454514794251845 0.0896005220304345 0.08516983674219177 0.005051907534005554 0.02224641552327625 0.0345909086591011
48 0.08816307172601308 0.04295610764104288 0.023937909269075283 0.015524001016693337 0.07503481022355336 0.05044269321722249 0.03599672595634437 0.061987040371661375 0.039229758122355254 0.03073804723964418 0.043305287153787994 0.004297530853943362 0.05278308311838668 0.048589166744017205 0.09551679602565093 0.07827602845459046 0.0704791059218416 0.013153197745649282 0.028746615855665437 0.10084302334286148
49 0.04418570686373663 0.04677024013983217 0.04062060187702148 0.09822122650429307 0.03309292043072579 0.010405347136738534 0.021096785488449767 0.09317214049168189 0.04223604502903238 0.04880206531609149 0.0653281485353395 0.05332556252214906 0.05729449638618598 0.03935391693416026 0.08067093621964434 0.06264872473591505 0.06726907256865887 0.0241155972067613 0.05657596220555878 0.014814503408023701
50 0.07807238303568662 0.05389708165777783 0.08781140589952113 0.05129739069923646 0.0009244311310965014 0.061613182404981696 0.04623406989642261 0.048080910038991696 0.07589262391811533 0.012354365821847648 0.03997536729000066 0.042828792379298986 0.02444637778674836 0.06579091008490655 0.02885779176936997 0.0647677872132382 0.027828018836084687 0.08687543055834093 0.06659301665321404 0.03585866292512016
51 0.016425299149443157 0.09011646961226269 0.08523279985089922 0.01361384548525205 0.03889955114728038 0.06070170707407472 0.0889658765553132 0.011047146600586007 0.019084151417914738 0.09646127895619624 0.01324015129400788 0.008716905011464195 0.03172396148284966 0.060417488264349575 0.000987968837541035 0.10712741653734344 0.05553462653966969 0.07057673767870123 0.06630687322511696 0.06481974527973385
52 0.02794918142467261 0.035118011188508415 0.030308691331160285 0.09918413213925135 0.11504866649589235 0.027680125767104255 0.02508693990264961 0.013759213516104388 0.031536225922913184 0.06142029171129898 0.09156413657007169 0.0024669715920175835 0.05642994819124995 0.07568910386380483 0.10750657636216081 0.04828468581270125 0.05791321012916256 0.008331310564166772 0.020199198289706195 0.06452337922540298
53 0.03253125173630724 0.06157659595143471 0.09747917597977734 0.08595479653404575 0.05975967702844867 0.0038128125576579225 0.05267922517788112 0.01946232453774918 0.02484198659517067 0.07121739473145976 0.009055044561686 0.0517557791660217 0.07056537979205026 0.022360061696057087 0.0680204205608291 0.07422890569690671 0.012326921402613732 0.03473184967851818 0.07724902185829279 0.07039137475709206
54 0.08549639899254015 0.081062649830905 0.041036857797716556 0.052575462965517135 0.03598739863020031 0.08773676247015298 0.03427759256517722 0.021858602466543524 0.042666563564386285 0.06353568367364373 0.029770945139174616 0.055569401524778864 0.07488553437363865 0.08666125065335264 0.07755797620488174 0.006074903600058582 0.08019294263029952 0.008273775195618688 0.00449497033240486 0.030284327389009037
55 0.0913202539006033 0.051019123705884725 0.003194408059241719 0.0613538280655392 0.00599008412297109 0.07568059650236524 0.05069085665368654 0.009057150802034685 0.08853356194558892 0.0605944799205363 0.008151830196450677 0.01668694816638754 0.09687039569864125 0.06667522693931914 0.10288850147010782 0.05978676854330538 0.07898796024910283 0.009921054722807965 0.0366790704206575 0.025917899914768228
56 0.04726403717131676 0.08516885808224241 0.013065965022691618 0.0012980587941746615 0.09638354670911113 0.0621258850846103 0.06309284482028356 0.04863422704660758 0.08253578346726764 0.0666542053666847 0.05344683513673784 0.07264690798825624 0.05474509909324797 0.010553545726589215 0.011770647513994547 0.03113184129922783 0.047639158452493655 0.06825501166851407 0.01492118034588552 0.06866636121006289
57 0.024406233245679827 0.07889899154933087 0.10499651259060681 0.007583710278402425 0.047956462284489736 0.025984322055688226 0.0717885048635167 0.11537999578436361 0.010936323826599495 0.010554852005240523 0.10227177313375445 0.015399974085207567 0.0376061956576549 0.02155288380856875 0.03361370222922235 0.11520206067018078 0.0003105034358539836 0.01601113047570481 0.07589723473145325 0.08364863328848093
58 0.007851113244427676 0.010689478816816285 0.08850153758896949 0.06505917797152842 0.051461632711475976 0.040703513520800455 0.05756913479713111 0.01816863979181714 0.026369953386150898 0.08426682826776719 0.04436775847113385 0.04907457305377689 0.05656331262624367 0.08429589105970679 0.052650429991810556 0.037981295573405384 0.05887689783111595 0.0074826112022877795 0.07844714476641054 0.07961907532722404
59 0.03811638300773957 0.055670283812098584 0.0159731264550034 0.06043090597319744 0.04533674379070823 0.05345443556748668 0.09545705876635444 0.06104727244679205 0.06809060059205034 0.04311603157475954 0.048102851119990346 0.07934960138408109 0.012161521047688756 0.05385618868040233 0.01752325329727663 0.09893911453504278 0.03446287045868219 0.06297656094001554 0.018343649845321563 0.03759154670530873
60 0.04379053218352949 0.0016766939924315542 0.09907807888552218 0.07231692327960172 0.08690850608159494 0.03825099998607421 0.10173180839937536 0.056619359128936585 0.04163682317019564 0.048454160981298636 0.04126036436763793 0.052467054961676175 0.008277495277138823 0.0006940211561863755 0.09891291291961839 0.10366709158470322 0.014746967101743181 0.013052529850941371 0.04034722866207839 0.03611044802971582
61 0.07176020168173612 0.08719396394952425 0.08036558235547578 0.08097056888517708 0.04278645775712263 0.04142287731439545 0.057379323542896224 0.02205471570064489 0.004695606914786774 0.04269545532456926 0.08821920395660951 0.04084710279886296 0.009812112242372514 0.0002968044256873575 0.067864946542545 0.048177894066633385 0.0837513280596229 0.07531059980098603 0.03173504064484457 0.022660214035507366
62 0.12117857260747025 0.042981606851092036 0.11311016288020001 0.09773123173907734 0.011439224781802634 0.0015739246308344574 0.044333938489450365 0.01746758469532851 0.041929225954141565 0.08246883112098692 0.007305482786692247 0.0019150997266060691 0.006605973481698967 0.08702248830647387 0.014626781053288854 0.11662721947674799 0.012211582431663396 0.012131860297566832 0.056587661145876475 0.11075154754300148
63 0.03396977389448183 0.0879457421194805 0.03148760917358235 0.03887682565921513 0.08680283372711171 0.038440336945728855 0.07520275324088914 0.008679583909006893 0.012151239258258175 0.08467969077866244 0.0883921377984537 0.04991651789568822 0.021758208968858137 0.07826592750664979 0.016212087184062543 0.029461015553752527 0.0830637763485408 0.0754669050890422 0.032594294150013255 0.02663274079852192
64 0.013096729492899787 0.02902151090011455 0.058938666519921676 0.047935740938233676 0.07082705919238587 0.0597463338979497 0.02004469199044876 0.0641156142490981 0.09755281183907008 0.09630724885165394 0.06382189599892904 0.10459034595771877 0.001679382004051765 0.05271080310968851 0.009549375651441675 0.09465309164677838 0.01714822859329849 0.03780376798837566 0.04792918198477399 0.012527519193167538
65 0.08669456103042833 0.005934281444019953 0.06632125277100387 0.019761780243737218 0.025712286785367702 0.01650433822186537 0.010440353646546729 0.08572031582644883 0.08040978685983093 0.07777508300513258 0.07518949887700424 0.0034694480230122123 0.00602474934524541 0.06267145923798062 0.07858094223909906 0.04708008412948172 0.06606915469184375 0.08362624070802835 0.0534310670319361 0.04858331588198725
66 0.05115055728647116 0.06802611588995576 0.09176078727065048 0.0820465537712298 0.037528532476515136 0.04527508522930504 0.02443034945339768 0.052116076561609256 0.03383447846360854 0.059126971138405565 0.03652510785067832 0.07485242029799868 0.05741882942289859 0.06529641008691084 0.0019739678007703507 0.019486406503607497 0.06459998947172627 0.03937718541617675 0.026893510388490516 0.06828066521959385
67 0.08734580761846561 0.022465518738283886 0.013710290068122173 0.06169910395800521 0.05233617290244804 0.03641236330324347 0.06139298025305254 0.02408038075492339 0.04425693372164134 0.07058391024066006 0.058268039490033625 0.07716555425437623 0.021456572703266046 0.07207732819655321 0.08572142391818666 0.028854781002650102 0.05752656976721745 0.0317464156521661 0.03883174210529854 0.054068111351406226
68 0.06534572789311742 0.04230019982547774 0.00507266724151981 0.04674810749821579 0.010189478519912091 0.0605393512776305 0.02527262744170431 0.09177531961027807 0.05579238602638289 0.0645850131042286 0.022390832142010843 0.04335755942664446 0.05676345568451989 0.057900916480397524 0.0625142818008713 0.03587184445016614 0.09163215582450798 0.052556558330687314 0.03293308540197633 0.07645843201975103
69 0.0848645924642252 0.07759289425150474 0.05053569825167749 0.0069466824978996556 0.04040610770749526 0.0015924425580636848 0.0696017346549081 0.052551410657294226 0.041314982025231387 0.06658827697362096 0.015378299048767885 0.057921413624630755 0.0449036752944626 0.08745066217217536 0.053246968028210405 0.02288633408667242 0.07427921979839439 0.06607808931699576 0.022367535158429985 0.06349298142933962
70 0.0748874557462155 0.04275427208780157 0.06062171693349146 0.05884570370743415 0.08356629202363704 0.01200096905258475 0.051153380240567196 0.08495672830507647 0.00946634131492193 0.07585361313393703 0.029804597010838586 0.04416944101277114 0.07733803704713281 0.02489774599975594 0.029708666206324504 0.049782813838036837 0.02411601798206508 0.04263485432232765 0.04329872892376878 0.08014262511131162
71 0.05264453983018462 0.002787890799111709 0.08112719879760372 0.039807858311591206 0.06824946609458903 0.05442608303935594 0.028619368735068543 0.027562254207380815 0.09198968453422524 0.05830745070469123 0.05289511867993685 0.09690837743827778 0.09678181696147382 0.030144506473186217 0.012504353539996339 0.006126322730047819 0.04620204738260412 0.05826025832767442 0.04415298555127584 0.050502417861724734
72 0.06068325775193795 0.021527167680203334 0.06132526117560378 0.043797601212723185 0.058576028046294845 0.0797606822846889 0.004734274280380529 0.00998726119742476 0.09056386612308373 0.07579358754766152 0.03582517923744723 0.01980976825246687 0.10303310704201048 0.05583411202526853 0.03525734978407363 0.09652235786604466 0.01738562073406664 0.04587554078584728 0.02360970987428793 0.060098267098484
73 0.07105820380695993 0.054278495944954055 0.06890997511598118 0.041224406233945646 0.05911013180122571 0.06388566612472199 0.05634614468692961 0.058664968353063014 0.04375984258185582 0.023341142846512217 0.054223573573584136 0.01276047924761976 0.0495313016618518 0.06766929798599126 0.07056771677921414 0.04545223971930628 0.07233175843622966 0.055784199477176936 0.03060940235921572 0.0004910532636611607
74 0.0850506106222912 0.03819440703493222 0.04042446422270411 0.04308059569290439 0.06011594710466918 0.03907409497878215 0.050415593831183526 0.004844934538950852 0.06337008800409501 0.04976335852708159 0.07275928042849215 0.07434874883662448 0.08359522914024972 0.04905433131724778 0.0691334357588426 0.04260066940670946 0.016863895806725093 0.009806488009098677 0.014456233228878028 0.09304759350953778
75 0.07316724601409026 0.07308093294637677 0.02254084125402079 0.010976572427848654 0.04027354447047815 0.06054521187867887 0.060400598823692704 0.049215741198868415 0.050652165854563995 0.0769923010486251 0.06664453604675209 0.07763395178683308 0.05412281179557175 0.02039456945777379 0.005926526376488251 0.05189066641493365 0.02151020770044712 0.05474720834199181 0.05466306596890846 0.07462130019305631
76 0.04094316930151647 0.0138480924813834 0.005807854148956936 0.021404276719098968 0.006754866057967262 0.052884521121755984 0.04922020033783432 0.10262913501191662 0.02417931722211641 0.08067580325929766 0.015422623698542562 0.10570166805036302 0.061961731469391816 0.07470233655837931 0.07242698644920827 0.05243768364045461 0.08823327161025232 0.08929612084447984 0.012845321927113556 0.028625020089970556
77 0.0015580136980454563 0.06315103833061357 0.01470684310775376 0.06526398427917464 0.057221018578895354 0.05044273181807403 0.05600692527026497 0.017395995871921265 0.044669537177426784 0.05604333932608982 0.06868351715935152 0.08432074880582288 0.06703803244954085 0.01940619397392043 0.06940974574815399 0.08681631268373945 0.044067626110105694 0.005244733244254011 0.04459798447060317 0.08395567789624832
78 0.06357155658300027 0.032293840275163445 0.06287105047104635 0.06369701283281912 0.05446343802633382 0.044531726224074204 0.017633679969793554 0.008344467827785721 0.060272025732878196 0.07402249549345301 0.018965107673146308 0.061737002393350164 0.04565900197773262 0.06995083391085187 0.09876224916320336 0.035778637822910936 0.0656891677360371 0.0427668728398728 0.057085079553329234 0.021904753493218014
79 0.05925617973880216 0.009437719159452984 0.030322270561692993 0.02519016220728475 0.09521416416877249 0.04154616369926118 0.05809706223480881 0.003392698476802178 0.08493354995546884 0.07302395121930731 0.030934709291791866 0.057412236633420245 0.036038474106943434 0.05383891893417126 0.07116663561925175 0.09179597534364256 0.08043768898063308 0.024988021896667396 0.03570809700636151 0.0372653207654631
80 0.054348084322102766 0.06048629403965761 0.022903562260559614 0.010082922070297318 0.06257982673241502 0.0012147924089182997 0.0483500828433512 0.07540174557592381 0.07306004184744613 0.07992007127158483 0.06977239754640782 0.050201445081276524 0.009838694772194286 0.09004441979276594 0.0798524791588394 0.06989256234722119 0.03776772279464537 0.06027760593024457 0.006586191847900882 0.037419057356247454
81 0.006348189139894844 0.0775269008005977 0.0841003925036711 0.0028198766627652383 0.07857051644970703 0.09333556030323063 0.008443570071812864 0.01377888005612356 0.03389600366566971 0.062163471683417175 0.08960044285045511 0.06134638293503116 0.0017993183837718611 0.07020229302239168 0.03840260628147573 0.08835590871245946 0.10399816259556297 0.03134969878052774 0.05315475519081501 0.0008070699106193445
82 0.015087064459708989 0.07945022668913118 0.04935752557161143 0.0026814528718771703 0.0062419974235167165 0.03051808839088233 0.10377883250835905 0.003526116511797358 0.04850766561996548 0.111805774338368 0.036276118285188924 0.0833853754150093 0.03725138917374867 0.006288773512097028 0.07450436417758675 0.06695012936750339 0.031577152325231936 0.0794518240460814 0.11648036465393018 0.016879764658404718
83 0.002021521714147543 0.05047347004361212 0.07014166074608463 0.039999077879326064 0.014776827525280518 0.05457233232866534 0.013250740193263185 0.08947984207367071 0.09680366203000493 0.011854744909427945 0.02826453165888959 0.09659932741463667 0.04267911139865625 0.011721663983689866 0.10517672768635507 0.07449152272328739 0.0009452892235466942 0.032117153112235036 0.056099094711545484 0.10853169864367475
84 0.051100507114666675 0.0358835052465758 0.08611076025677088 0.08068907309349432 0.004410900686478208 0.00012029418511302453 0.023640727512401243 0.06478458206679005 0.0552368281306363 0.04579545815352746 0.051472395121579036 0.06550698061522621 0.054184249378612465 0.03990550183212593 0.04569108882034118 0.06246114666111279 0.017476873829863234 0.06853705769109317 0.08183355762743451 0.06515851197615749
85 0.058790652818714685 0.06234120651595714 0.027269339658631264 0.021518785768416197 0.08710164021705975 0.08017176488560833 0.008213604829798443 0.06368489682005055 0.0864298815371101 0.05800266106628427 0.004033822678059794 0.0038914765300478277 0.04921021491849835 0.07176322703699146 0.05368242759552189 0.07537923100775584 0.028651480974323785 0.05037358566049559 0.06184920697282154 0.04764089250785318
86 0.015815557574121845 0.005264915965674798 0.02247591996120669 0.10103815546438946 0.005719144369754095 0.0320986802323417 0.11041983203706626 0.06239305502867976 0.09286881469261242 0.0013202774401512444 0.05587722342150465 0.11062190622979036 0.08135624455043682 0.02247723990650628 0.08054370164112805 0.05816824718852919 0.030073528220113166 0.007005532550998487 0.05494341193928947 0.049518611585705315
87 0.08343885259663748 0.01383134068349174 0.03297543340252832 0.09198708616310157 0.09230240777854809 0.03711494699738414 0.025255860212085025 0.010409828858245512 0.0626504638027629 0.07145098709210768 0.024693197741903216 0.0735034966128934 0.08997939979488695 0.06685906055162172 0.04814077492800012 0.026895342363007033 0.022393231412535675 0.004949999497995344 0.06196773704632886 0.05920055246393489
88 0.00173871359914977 0.058346551014117266 0.04796794209641807 0.050967773867756576 0.08759057043489485 0.0740904934291436 0.058472037655798816 0.040366772067639424 0.015233323424673425 0.0796209824324223 0.04130174262613637 0.01730763735738446 0.08118487367986368 0.05718665108294064 0.040748992408903686 0.008356889547700178 0.043687300467810414 0.07993635354398326 0.05897400098988517 0.05692039827337819
89 0.07615262919550564 0.06441333912393184 0.034976884981339905 0.014350415292316813 0.0011616469913724237 0.004113142707261543 0.08918788316498659 0.04767601011013806 0.06877316631540129 0.02597573304547843 0.01800486956992732 0.051288161425906774 0.06712994860676172 0.08370262944523965 0.06730013345974403 0.09166561325086162 0.06613858162387995 0.04119791724659818 0.009693674411998759 0.07709762003134961
90 0.06950119039381743 0.01621905691024191 0.050163036654881484 0.0859182979762024 0.06409543118378361 0.05098601477377885 0.05489418106046787 0.010792773543100672 0.022545911009923696 0.06319049748298203 0.023954333867644582 0.08716121085960504 0.021016049813414754 0.006982405076072691 0.06509421808038295 0.08701902256369622 0.07199658067029326 0.018948041777823037 0.04916651704182432 0.08035522926006304
91 0.02531046091873329 0.06406325669784355 0.06818040736190539 0.014565880660023933 0.07008866818501429 0.024652429912374794 0.028777190622349583 0.05199749076640672 0.0887541376704322 0.09765809400293135 0.07448143644710177 0.06731319235282779 0.008156623457192019 0.030631871771347463 0.011766374649521502 0.05394811585042977 0.10194507477064263 0.0512228354987434 0.0354090504746993 0.03107740792947937
92 0.0717754359655755 0.052417894510424896 0.04888310113390169 0.02467936382894419 0.07919565926670538 0.021715524857678227 0.035399894408215955 0.0548972177558111 0.045815104477093534 0.06522526625593061 0.0037131776553048002 0.07020103699762455 0.005681170943290972 0.07608128962691402 0.060481175724100854 0.055584301919538864 0.07627972470987486 0.046597903288852806 0.059852499495858316 0.04552325717835887
93 0.040193682547313016 0.09115508710978379 0.05615936362790736 0.019050083507883654 0.029174713496014925 0.09046671667220293 0.011304934586403062 0.015221315463491149 0.10484898638534083 0.06661779689774712 0.025875493411508216 0.03561512803355786 0.07044693402837893 0.08185709282946309 0.019380858698455152 0.06573821713668491 0.0005117619389532191 0.054002629089406014 0.10035486291195071 0.022024341627554286
94 0.054909803984448315 0.07199746104364636 0.07377602676818605 0.07238319784517065 0.06520460090207576 0.01406846434746728 0.07641385984882737 0.04561790142215796 0.0512741162473744 0.013800975921439916 0.05871554870104383 0.07169338444532951 0.027226608476900248 0.08024163047439424 0.04585130403553889 0.0456223798415127 0.06587807263702966 0.033680855409850545 0.0229204952702179 0.008723312377388498
95 0.058327377796204616 0.030923533201782788 0.07245816732946306 0.07304521397332772 0.0805045070116132 0.03612110206498412 0.0005053022013346906 0.009367367388185312 0.0846672257691492 0.022295606020731936 0.06833654385567851 0.0045308911745929855 0.030114884432456693 0.06830265407153487 0.030802998315708523 0.08752327943024822 0.00691685566408223 0.08620016666289512 0.08411902797754144 0.06493729565848476
96 0.062357630447950355 0.07103271580576195 0.0963267492866033 0.004603479017820058 0.044668371272151584 0.060371979902929244 0.0029236436747171737 0.018439972518097116 0.037459573840133 0.08839348314490862 0.07821903791677297 0.00864530302388244 0.019366235469705322 0.002916818670518457 0.0811529116796871 0.09502274831065945 0.03658980027530134 0.01884462902380547 0.0933727291409953 0.07929218757759961
