0 0.038128358527389404 0.012905630484368935 0.02429925419526372 0.08168852544475372 0.0940300120372554 0.026034901254319395 0.08820520891516913 0.010116362992098204 0.06849752813847491 0.021191731495715245 0.04836046575980505 0.0017787451019593533 0.05526681237855542 0.07636243441316488 0.07442905980126545 0.10518441036105065 0.05071677849870886 0.06765625512416917 0.02576619863302962 0.02938132644348359
1 0.009560815439070926 0.020408280710215797 0.04814896634495005 0.08062646975014442 0.009730792093481206 0.05368659639851411 0.07604325161925492 0.05415351216471921 0.06709908743406133 0.06847903444167361 0.050390853828774965 0.03616825296799778 0.05379552832347389 0.042715561552009416 0.028659652674514473 0.05647033086816107 0.06263016965751685 0.06755188201099832 0.059004458472402245 0.05467650324806533
2 0.037550435073658364 0.0398966654271134 0.07328155034965424 0.027974548974277477 0.09096705597581062 0.10029189940011451 0.08440791477087348 0.0447887161357751 0.021397951094190265 0.10255278698521382 0.05011306265609862 0.03060275438904259 0.03659023144779082 0.10174278062194313 0.06425190794870413 0.015329250056292206 0.015793057466581856 0.020684665858661147 0.004762420679559091 0.03702034468864515
3 0.05549522648811806 0.044628454826711864 0.014854159251062359 0.02667519031339113 0.00217560203566191 0.0831753078259971 0.06379538901769209 0.0646332942137827 0.08875724741228809 0.03120757030268653 0.05202154690379179 0.04395856911954946 0.11255495203698937 0.001187188813130799 0.02474841783063961 0.03415168046187921 0.11021699698098628 0.09391308377379239 0.03887353671449737 0.01297658567735181
4 0.10381449602697275 0.03126647162776803 0.10238005199649332 0.08105503138549515 0.00310756327267712 0.03743893624629637 0.08148779369790977 0.026618546640091067 0.03747721000868859 0.011882779402957412 0.042201986100682494 0.029257138008590557 0.048237452619190185 0.02182378446060449 0.03222244865972062 0.10066676192652217 0.032075288001962056 0.07089774463228092 0.08473529163387195 0.021353223651225054
5 0.0039457115821656865 0.0369157940382245 0.04351383510152602 0.08251459220796149 0.060526140846894436 0.08012361249873218 0.025867240693273355 0.007181930110075166 0.037239178836986 0.04111891123854834 0.09921601353662882 0.01192653319930172 0.09924441781111679 0.049596395238440644 0.04501639775529835 0.10866819983501604 0.024642518837540615 0.03804146139348146 0.03977724160791513 0.06492387363087318
6 0.03800489476559956 0.04260503072082577 0.0006703242920018865 0.06258151330937999 0.05398621598526702 0.05258157023850926 0.06152968803780665 0.050686703918340396 0.08852528877628056 0.07091569241693481 0.05248366888054209 0.019485482436046853 0.09652892664305411 0.0012315892060303871 0.09935269765888838 0.02101938363997544 0.048416753520014996 0.01295422342674228 0.04567993745323419 0.08076041467452531
7 0.08603686457403881 0.05410579865982723 0.07096679388179275 0.09228450487377898 0.06188836959580305 0.03242319834424642 0.01696383895056065 0.07301378564915806 0.07560277874519129 0.02038596127413188 0.006848632652042484 0.08537866411043268 0.06407880789038253 0.0350973679105851 0.0584167905377312 0.04217769620539064 0.03125898931791242 0.010541381651562856 0.02224430675843514 0.06028546841699573
8 0.055439138082461335 0.1105369207358667 0.04866067499679136 0.1154723994528897 0.03215681889208674 0.007605875742638801 0.000345748277651327 0.08347037395307644 0.01632246146293278 0.03408843348069109 0.09477318783846476 0.011719456917680601 0.13443379299288036 0.057847835232450635 0.031083797028394998 0.03280298634180212 0.0020949547177986395 0.017426235714944074 0.000212887453826426 0.11350602068467107
9 0.03036076928887635 0.022964502988746922 0.019515169642139125 0.06229305763451911 0.05646410361329038 0.08239543396837487 0.014274240257174844 0.04061245438579962 0.052775359370609246 0.08080084982415038 0.042058846071957284 0.04859256923010057 0.031003716937305626 0.05741845432484232 0.04829084574725872 0.06307596833148309 0.0577517158234673 0.08054665657873188 0.03824858072812005 0.0705567052530521
10 0.00994574635021649 0.06798269600778338 0.03148608344856457 0.09131265775449758 0.06735975498243385 0.0767289815377676 0.07292342049943491 0.10161241452560728 0.006404381200357703 0.0011464659970620299 0.07780696989552106 0.07449186042891903 0.007566773628761417 0.01735390960682093 0.08258910142633137 0.06950813348942209 0.007528825899150071 0.05589056045663744 0.05870912188193002 0.021652140982781107
11 0.013458993525030449 0.04345241298332086 0.010615040110585932 0.041902554339923175 0.059209303667049046 0.020884291276024466 0.037587293192863386 0.08147700236579405 0.015972121102225532 0.04790700361675943 0.039091659528224965 0.07433319953830894 0.06343930235665317 0.08008107922364424 0.035256000163367086 0.06450553194066243 0.049636648274521064 0.07433494909316261 0.07596908789859345 0.07088652580328567
12 0.06390912997761146 0.010153367707209218 0.0035359964140158915 0.08526697364974213 0.07304345988890505 0.07569679980082811 0.029611616739906636 0.040134135930886376 0.09821464429971034 0.07835422889095997 0.04714276277255843 0.08852809769464638 0.02223271045039293 0.005341742330920056 0.09612570608361011 0.03431037883944104 0.021503669083271955 0.0035886383989550885 0.059607178513202415 0.06369876253322664
13 0.07712782548781714 0.03836203177030513 0.06169164980081879 0.06652042878244298 0.05186524725267168 0.06392394457471752 0.03018082152347069 0.004580284449339783 0.055826372367163736 0.013827513441938695 0.06021360153348379 0.04773079548946518 0.04418422412418185 0.06623865289101258 0.04948578197091276 0.04222910935548105 0.06966707524297572 0.06887305292503282 0.04285380535753456 0.044617781659233656
14 0.05881743504490546 0.008487948845128832 0.06738168278312855 0.06621529908440708 0.025606995473511678 0.07108638222675746 0.047936010665808895 0.0031118293320030704 0.06928366712929136 0.0560647001004021 0.05634034115542258 0.0668933160682379 0.011985240636484002 0.08050619819650108 0.040276160258497146 0.064838567621164 0.0818117197673333 0.027207862412128102 0.052344267095532075 0.04380437610335553
15 0.09331029071744742 0.033590218995826725 0.08240210502964974 0.0907320737562373 0.05942230696655553 0.05736339234784934 0.003280066769257815 0.057807226362247964 0.038304459393450084 0.060507119144563984 0.05969624140918037 0.016120610607763115 0.08356921258822646 0.0011408454656947767 0.04258138705737807 0.04955495647694263 0.04275563804510772 0.02858367391563943 0.0566587024869096 0.04261947246407205
16 0.09161078960192359 0.053174193090709865 0.050732053061977644 0.058423659418031064 0.028888079534557617 0.016262943664838735 0.07697978775824264 0.02882115669468129 0.004691480265640793 0.0616476677490416 0.06782048336952366 0.0778913755299466 0.054579450300641 0.046425109722771356 0.058850414607938516 0.02680455161150461 0.07455601645818305 0.002031881091586506 0.03342889054053234 0.08638001592772762
17 0.08285999479678327 0.02140989652881301 0.024899539809005066 0.08244285551454646 0.04154234709114408 0.06332588341585238 0.049308003150588996 0.020342350154181288 0.029480470795568266 0.050258093233270205 0.017168826374444186 0.06310781265396213 0.08662288865379988 0.08900871371816958 0.04105251154708391 0.02292177500038091 0.09698202454771337 0.04754193943678493 0.06477187722395507 0.00495219635395302
18 0.06342838660252273 0.03797376272910501 0.07632731847630671 0.03329748283262807 0.013607437937252918 0.009642146276903326 0.044322734770537185 0.039086363633605924 0.03331541647927224 0.06942744047531471 0.01869204790599977 0.06662212874364772 0.061762314896287605 0.02705669335331033 0.09783869890206683 0.054747018069282304 0.06836995441723343 0.055220672943187256 0.06930329961493892 0.059958680940596906
19 0.0161559892299471 0.04047780579276536 0.007169965223979997 0.04890535474515301 0.09331333134938936 0.07376629078530438 0.03868278335703684 0.003971230604989756 0.0694137184837917 0.06826345487260091 0.0880888997002667 0.04436292641851247 0.03237404034837372 0.08126327849777495 0.08548995145796033 0.05593199467234996 0.005097324649842223 0.0349165182362908 0.04679424587179006 0.06556089570188035
20 0.07209578880358915 0.057256636625480625 0.037208211244798596 0.011925349008426879 0.03785145925426051 0.025859198263459112 0.01770033578350345 0.03127571552188381 0.019325449166268327 0.08069154061757865 0.028063677100087753 0.08132152796873611 0.02551861650895024 0.051546291830806654 0.052121697357413704 0.08288113067465358 0.10250139314358948 0.08658312489805371 0.028200992981036052 0.07007186324742361
21 0.011118267294465169 0.01057045634445386 0.08724173028031763 0.009084986189804406 0.10474516016166671 0.01582146381277209 0.11340554396204573 0.061351558479161655 0.06129082654823252 0.032098242129461135 0.06343419895354609 0.07548523271543915 0.004226142002328987 0.014486260466754075 0.005714360664097036 0.0655109910572528 0.11103840228534839 0.03363057104548097 0.08650654275734178 0.03323906285002976
22 0.04146909153487928 0.06973908848457927 0.054988531547935725 0.07399073520646503 0.0313498977402436 0.04711811248192597 0.07115055763474584 0.007722441044086371 0.07073187371046856 0.07185926472839593 0.04125372873104008 0.04820439268207057 0.024470535292688837 0.06880407006535995 0.06916065169599264 0.06734743570606612 0.005295900907715941 0.06841043766150391 0.011945052977187481 0.05498820016664911
23 0.0791379872530745 0.0308068371096998 0.022865707110117903 0.06703084405146538 0.08947343867403994 0.056057018805475534 0.016996753304641916 0.01669235719803664 0.04359282603696816 0.05093181701246624 0.02698551640263044 0.003757773727358523 0.00902763796119561 0.06757258410822907 0.06940053017640396 0.045182484961019474 0.06675026599801845 0.08838139405744615 0.09186191761054685 0.057494308441165654
24 0.057448828655530755 0.026333831610718384 0.05152200476659942 0.059761264971025116 0.03037924360943371 0.08775692314329384 0.05034798420710294 0.035151737403397706 0.08380555744976279 0.034206083101856403 0.01326750687060501 0.05078422142753046 0.08161638141021206 0.02928744146707328 0.04065696391967942 0.03467726786834184 0.049631331548005336 0.05980345906286304 0.03229104717417731 0.0912709203327912
25 0.037808971566661694 0.05146601112781643 0.03718023728173906 0.022273139994062757 0.07960779302978259 0.009199067734798956 0.07323573392841577 0.059195026530870117 0.07311829527354144 0.0668203428484004 0.040189037359068105 0.03183306010779597 0.08615082928869541 0.049809134865936286 0.03679835838325512 0.006617682402147067 0.04408169324561482 0.07159558770115416 0.07483960310522697 0.04818039422501674
26 0.09045988102427666 0.010374308126415899 0.060533050777755455 0.016648211710248557 0.07550313549284825 0.06426198190356673 0.040685522261015634 0.0819223294818574 0.08946963833735372 0.015637862853662598 0.05508044004925843 0.034817029352760626 8.41071292960559e-06 0.04410268229964172 0.05810353218578578 0.046873126532875516 0.05208523771579069 0.05956551923188354 0.06226109000366825 0.041607009946405135
27 0.03127886961080077 0.033018091882848884 0.07869022406664139 0.018397993572166326 0.027739162582496688 0.027502572871369743 0.05856929646558953 0.054060302630554766 0.00011603683447198706 0.00534421602968832 0.09743581731736321 0.0569193942475917 0.08168814442434465 0.07573319854039848 0.04435614965737318 0.09017974208526618 0.0880305085918837 0.06019922853172548 0.06668903209928284 0.004052017958142009
28 0.058318058623570895 0.07648593432071396 0.07362656964751889 0.058210926586099006 0.04362466133363033 0.05571006609495222 0.042269681474885586 0.02297978393470422 0.05142391684646658 0.03026616194340215 0.0700211586330079 0.08199691988917475 0.03521952999996857 0.029586459994982738 0.049737046416091064 0.04143146609859188 0.032304692125861525 0.020470208629831302 0.052556493694482176 0.07376026371206428
29 0.07593214745187583 0.0866714177000689 0.09788927540400454 0.05890424474048244 0.08999635711618786 0.0569298466697688 0.05442705144655516 0.013844414760905862 0.08099206125717705 0.030498420083685432 0.07778270830971176 0.04561201017208901 0.09442592579273569 0.00797285225309412 0.022706010961819668 0.01828571445583644 0.03207826953006339 0.026225235784902993 0.022190355604482122 0.006635680504552757
30 0.07446375393814321 0.046549799017202666 0.06609828200986377 0.03779480959589168 0.06596600264134499 0.0724526460353193 0.028342223695682896 0.07334648510055625 0.052457216140045705 0.045984076635629256 0.073756712128605 0.07287950198967665 0.012865164363753788 0.04710879173378731 0.026121709584767016 0.015174762278134628 0.041508796893819006 0.050698075602466856 0.06811639166742689 0.02831479894788294
31 0.07371829696787464 0.0007281312912078741 0.06824031650865815 0.07955093850019661 0.05794195116777864 0.06941763681965417 0.07786866702821582 0.07565751437136725 0.0007780392764467729 0.03651008455843541 0.05781596323675504 0.061581721356110446 0.012151322799099428 0.08515349887223514 0.02483223848245676 0.06776653405762964 0.03797985900428844 0.04115143350926551 0.03321910337693667 0.03793674881538742
32 0.03283452203210394 0.08601372706559356 0.06649452846777112 0.0720700939977469 0.05883737157924116 0.030040591843283292 0.05229568782173234 0.08428784451028475 0.03887734081926911 0.04845099856317063 0.047660433014030945 0.06482771825627257 0.017908015947679476 0.056383957438329774 0.021774220617946753 0.07579526299638795 0.04072245318873777 0.04526878446009015 0.012236487339676872 0.04721996004065127
33 0.051207936081923984 0.08167782745173721 0.07704395586875924 0.0792692258238696 0.0620326018197917 0.05850898058255864 0.05503088462228348 0.007694901586072426 0.049149956293696 0.044519808478139196 0.023513730092158805 0.00040734692899686934 0.012526992777711065 0.049793066026690785 0.03513200403269033 0.11113224819405057 0.018274821944874835 0.06633199069182114 0.06038657326086048 0.05636514744131369
34 0.02433934951471377 0.0669264974297353 0.003064040095495102 0.03948455838254552 0.06845578583187743 0.08365525426839136 0.08048450196377203 0.007082661535310009 0.005151115024987426 0.019235889315537203 0.0645700609711306 0.09107158894576992 0.042961336204653935 0.009638805506146772 0.01599679028236919 0.06661199623017143 0.03479531422928576 0.10057617775831347 0.08177743127275196 0.09412084523704195
35 0.05530600915236542 0.02752440760091795 0.07661354138955616 0.0459448303147035 0.03700248751782674 0.06664493742282945 0.08113074957158789 0.0683856221412635 0.08331917212131595 0.000582837952126179 0.06915164977061443 0.03553141083493641 0.07175944751599705 0.00675725112160625 0.022680093366182853 0.07551136543487036 0.08195179125069015 0.05551080497380317 0.014249748077537497 0.024441842469268914
36 0.033969885198681035 0.06100239484020873 0.081124171386897 0.08816659450137215 0.020804373550880103 0.05000594068828801 0.00160665089228893 0.06600636352349705 0.022553147022689974 0.07541360945258442 0.025293259581584855 0.07061531672327315 0.018863552347632116 0.08395319987025225 0.08444375461361123 0.08061540087492039 0.018928355243151843 0.017590377276977893 0.08720833989702119 0.011835312514187643
37 0.09787430027713698 0.02773642997754244 0.08628726098026623 0.008341911557212256 0.02937599424425286 0.003197901967839892 0.04089644949716694 0.017897151710531224 0.02817440437239732 0.017574862899826512 0.05705520869247047 0.022381452104624715 0.004657113055091571 0.10784942459129093 0.02380938554560705 0.11600187938581309 0.047569677138356185 0.052756442908950936 0.12930636335399912 0.08125638573962304
38 0.002122609355500047 0.07265305037397092 0.03649986092417442 0.08256918324364622 0.07235007696825163 0.07068496219573135 0.05289771390031807 0.033117012477451364 0.09454256183250985 0.059085049227596706 0.08887617874617212 0.06161967561132543 0.03505701534676304 0.04520910988769826 0.06355564272224166 0.010269042548856492 0.018304816324677023 0.06070988877472809 0.012429195332745705 0.027447354205641306
39 0.026031023289595022 0.08192541344682953 0.05898481252815227 0.03958243399200333 0.04451677242367895 0.04631766485718375 0.035984952590183396 0.0750035503014672 0.04117117513785915 0.013084373172048516 0.06779517827038364 0.06682113393818752 0.047817315056412915 0.032913228920900345 0.06956012069109753 0.07466268781440269 0.07335677961672962 0.013805937775669205 0.015552077861817974 0.07511336831539732
40 0.025119246079551103 0.040264979633518404 0.01326883327986062 0.05300040055507055 0.04195387644657783 0.06769856997387033 0.03132379303124025 0.0512299342321427 0.06057094350380282 0.07465583756280153 0.0534027241659242 0.043940472974072414 0.019873769297353322 0.057272189328710116 0.055915595657184756 0.05094060639306319 0.07589301788964568 0.05936724882043423 0.05585798241637504 0.06844997875880093
41 0.029709410703738722 0.09000959541223676 0.02910829372322775 0.018078641049841745 0.021733370784895158 0.08177163552592008 0.047534025750007695 0.0261298685811246 0.09147715950595581 0.017435914817267608 0.032021693577601915 0.08429822073092567 0.07719996859941577 0.033507480269050656 0.048220429308976985 0.08357438146838715 0.06438775013112047 0.09024171418701887 0.003657519945228471 0.029902925928058217
42 0.07431277125988087 0.0406992948607151 0.08359078521849762 0.05933526133844848 0.00491797834053066 0.08445574010550055 0.025034945359184973 0.00939309011056567 0.08618643559198348 0.06717876030726412 0.03492708947188456 0.07908643061485046 0.048868380493608754 0.043813604961133845 0.02347409074717394 0.08508313504432202 0.08145816932884217 0.004038021634775068 0.05582890538996896 0.008317109820868654
43 0.013149633632451595 0.0654876615571023 0.060463839843406274 0.06870023384432829 0.055236609982124034 0.033359345314735445 0.06848943753381678 0.07031416189784824 0.016616608170530556 0.07154310996260671 0.06277898023903401 0.021643356728712492 0.011143604127616382 0.040777735133411375 0.0882897804987409 0.07565480753483585 0.015376703142646718 0.08263366651684526 0.07205702537395244 0.006283698965254338
44 0.0816464721760472 0.0022848470147345066 0.007418665833659608 0.08325673886516713 0.013260812284469348 0.06548904283325686 0.09829266033974651 0.01927192055257979 0.035498962563391565 0.07476175319118122 0.09245845961408232 0.01714370505528665 0.04895973254253502 0.07603401904906042 0.06554035317758243 0.0625370085724319 0.023440904435227145 0.03825507286936846 0.09048257819609429 0.003966290834097804
45 0.07296771858007922 0.05708283766904023 0.08045141519700014 0.067037374676252 0.08455687747948074 0.037633338906661866 0.03037666755335359 0.01032711528001325 0.024149091718186064 0.07426421279919372 0.03813603635846912 0.04252363101139674 0.01790113087849548 0.07554402034548148 0.05427083371084905 0.00752613589667321 0.02409972372905897 0.07779242872028107 0.07553793268514629 0.04782147680488787
46 0.04312661863108219 0.01667543841106248 0.07861039396220229 0.04181933448592092 0.05902220915457805 0.023948227060409544 0.09610525403513848 0.08726943506392563 0.04473504764831826 0.017761683126644383 0.07127639823434619 0.09213579133918615 0.0937648835246126 0.06772676592981614 0.0375912175511894 0.018461132529384375 0.020221637963687943 0.02527587516353352 0.04123426312477237 0.023238393060189287
47 0.10575504682237764 0.029711102379253906 0.005117171353209659 0.010635443293390332 0.05112871471840091 0.09898409856771122 0.09742516340901443 0.01760341434187331 0.01327595947002753 0.10988602870631964 0.05895108078335991 0.060648858058181175 0.04465329197845773 0.0453984819719865 0.009112014712181066 0.07274192912609599 0.05129134015465667 0.007668886260192298 0.06951245836592168 0.04049951552738889
48 0.07609925067775733 0.01864451503061736 0.022233107917789242 0.03289077618918716 0.05421572476800349 0.06847428148000985 0.03942576012613633 0.04429724973007002 0.08603660451060159 0.01404944117716967 0.04557376400628498 0.0658862542031927 0.006472038986008019 0.05496511517617699 0.039942715070012166 0.05832220634364458 0.08559044082743766 0.07285381189707837 0.039171882318624354 0.074855059564198
49 0.044538004536133775 0.011697433000824375 0.0419363306200701 0.010191547188789686 0.048215531490236475 0.07510762110068823 0.018993857024360666 0.08567826285567913 0.09323054291995614 0.09390339234612638 0.04088956193125701 0.008221717517105395 0.01929994791531647 0.003605634896923755 0.10453631508788429 0.04736674625281694 0.0048920386706871165 0.10388179484852894 0.050830110391946154 0.09298360940466893
50 0.038537982608334416 0.08687660893065843 0.030741260858951954 0.006098945250400859 0.07505461068777977 0.09352867134520229 0.063570769734278 0.0022837640921492784 0.04713879883303486 0.05114989770887474 0.07972108579219107 0.0948196936102245 0.01908484022420236 0.026295751179834223 0.05274079900490561 0.003971789717276307 0.07457995742466657 0.05843774161575024 0.07908626407744171 0.016280767303843004
51 0.08521956732211833 0.04450611722050788 0.0015305042523978355 0.08715661102986975 0.08701869286641066 0.07046695547831253 0.08767486489360637 0.04490621834009 0.04399063805992694 0.029124377127351088 0.06293188135068775 0.0365837227742886 0.0387110697366773 0.05487130621927161 0.08754968844091478 0.055376025331351546 0.02307382221586599 0.0026365411157725227 0.011020420979761887 0.045650975244816525
52 0.006141367863687807 0.02238971194734221 0.027922761412275333 0.039934754743663606 0.08296868034014827 0.07268392541506696 0.09112980155373149 0.0032924616055964888 0.0328800203379829 0.04980808362925288 0.07084054861739567 0.05945425889056839 0.0613399500165233 0.06789582648669447 0.06453536077594825 0.08909104773042818 0.0787779213682559 0.06314988297920467 0.013614271563610844 0.0021493627226223133
53 0.05329345770498084 0.019074710099545384 0.10934871441550259 0.018555594089790246 0.08633368535241548 0.00017972422308397748 0.08403038607956892 0.04648950304759489 0.0436184760922209 0.10210983867197242 0.02220225418089743 0.04381598195747422 0.004814387665079117 0.11062930489852736 0.010231024179542731 0.09358517597099845 0.008575692617358927 0.047449913666904875 0.0021312719819450835 0.09353090310459634
54 0.03442227932633459 0.04322833735910678 0.05562317463696463 0.07027976973841392 0.038245361576877274 0.08141456368391699 0.057229461068788505 0.07433854038538681 0.00997009653814502 0.06042131369104282 0.05342489194582068 0.013812457653660027 0.08562646834001376 0.03745811098362997 0.029182520990549445 0.021138548502762283 0.05072227818880772 0.07576337896599737 0.046364380452518034 0.06133406597126348
55 0.03598168627634591 0.016907208423093588 0.02191232316889588 0.024100355741272457 0.06324980405092546 0.03458128697573978 0.044046146149200174 0.04525662956302663 0.05840127463967459 0.07920586176465162 0.10127716230743557 0.005426797791563587 0.0365419900617597 0.05542342547705413 0.03130113245624274 0.014612124939015795 0.09477838217911842 0.0937459468614126 0.06582215760359747 0.07742830356997385
56 0.02317162939159793 0.05347481749119339 0.0017975946297181474 0.11617815804163602 0.08095581695769577 0.05421735979864463 0.02702973230865223 0.10731747925593867 0.017977866359474827 0.08034110423574213 0.030342180724413737 0.05537599665415026 0.014124872915998732 0.029476185375258354 0.053205286811040295 0.04245006478140642 0.11031609194916442 0.04296587333547908 0.03294731139933658 0.026334577583458498
57 0.09564371838128097 0.09404093515200485 0.03461903758128157 0.0012604874570901784 0.09747817168843231 0.013602190714049169 0.0389298770685104 0.04530126365241647 0.005500665962523766 0.06975485904339436 0.03576131469821854 0.0810914467596991 0.0975817527026857 0.023435319226387353 0.036205261069736594 0.09586456614254261 0.0018865052792169969 0.027789964591649702 0.0971686566463086 0.007084006182570723
58 0.09517174430813678 0.050086921921838376 0.012943167170285918 0.011448021859090945 0.06625292142840233 0.01681145569118745 0.035132957997329 0.042121469047243086 0.05956500857719402 0.022753497264178586 0.041746141096956 0.02363631145136316 0.05257108229534461 0.007162523245322454 0.10332170608116295 0.06737348831774975 0.09427749911627739 0.0832948615353368 0.10693483870302843 0.007394382892572159
59 0.090268904620312 0.09229193629314143 0.016714207981390162 0.06712039642826868 0.011241489132350142 0.03530109320281848 0.04559422840443424 0.04824090308069664 0.07709699698095906 0.03946871833840083 0.06467722316243416 0.0825549147101949 0.025120240361368017 0.02553727185992426 0.015980366956271246 0.07934580440507351 0.06387640468138481 0.005750307906467571 0.06022023669792609 0.05359835479618368
60 0.04471157391902352 0.0700553550909371 0.08877964443202079 0.07053680444273902 0.004980124921697411 0.06044820278688118 0.08541201358620053 0.09435986861901613 0.04096083052637632 0.042923149557654285 0.05995511308824679 0.03349512222766494 0.0548261656092386 0.0026460593962477972 0.024159508605898404 0.0901095487027585 0.04279628677689283 0.03869137606685638 0.023809473671644595 0.02634377797200501
61 0.03175180938159377 0.016387298503889664 0.007126532206173713 0.03964335839674786 0.01947428952262414 0.07324087561068901 0.06885690676889288 0.0062198227943940625 0.09394917535046256 0.004256776732448122 0.05242708142720384 0.05771377214147858 0.10608739272666547 0.1049877311663605 0.08962169306351636 0.04410819510568975 0.10636042537346015 0.020343100677688578 0.010050346781325417 0.047393416268695504
62 0.005585617640216864 0.011601623198920946 0.0317932076280849 0.05794115687369819 0.054397792859058575 0.08430567204378436 0.021879166500278418 0.05499628639338165 0.03947962566215993 0.08748135676961609 0.07359402936723376 0.05993989729564472 0.040800561209317875 0.054419247337761975 0.037026004575097915 0.030481518287159254 0.05843479732462691 0.08938583750181611 0.04351518422275312 0.06294141730938854
63 0.04619046755847967 0.040271912119039535 0.08513155499814642 0.08857415640403422 0.09923264940839971 0.014827709296095355 0.013111242522558757 0.021637319924325146 0.06600941311367277 0.042712079235263684 0.004380300195982005 0.07563316022766738 0.029326212483852653 0.009428419209957609 0.0151438192723729 0.08281983496967217 0.10679863213507675 0.04004167804884429 0.09624401092643191 0.02248542795012709
64 0.1035430330813405 0.03353870544289312 0.06477011565699999 0.02494271444383195 0.020331623276675665 0.001352130727939084 0.019195111088702463 0.041363153066211675 0.10840800158116948 0.0362504266962152 0.060562647044727906 0.054687819890341785 0.05108059589931296 0.013898647474084036 0.07416943451961043 0.030150358887547822 0.10910387777815424 0.017564430087801303 0.03548912044346372 0.09959805291297641
65 0.09706435674731823 0.007834320581796877 0.05932386320918757 0.031220169479299512 0.04302914538756368 0.05749810501562351 0.07527302416744092 0.03751864862660917 0.027421745823727663 0.026783237525849036 0.0767908658189042 0.03884539902612947 0.08105308198957623 0.024982861111005235 0.052788399146644994 0.032268917216215325 0.07097290634535433 0.04314405517799976 0.0625224885228796 0.05366440908087463
66 0.013691471425297566 0.003755563440986528 0.05212181202094326 0.07819119258055078 0.05258678110671158 0.03972223350936817 0.013063466289780102 0.025825288687280207 0.029179678945020236 0.0824916737045892 0.07523224837388248 0.0326719020556689 0.06337210673055196 0.08812072763263439 0.009779378412430095 0.07725417823727594 0.0794623638757985 0.07838482443728614 0.0887592270913723 0.016333881442571578
67 0.05999634724798586 0.06390412824218258 0.05623561721014797 0.008131479461671308 0.04433842559277272 0.05415527812720692 0.03293542579528911 0.03639671507915208 0.06348435439619876 0.06389126858844456 0.022218699408115637 0.0111964092091973 0.0591033510672465 0.06848069358826031 0.04077477391460209 0.07033360630263133 0.09688402912476161 0.05172918123226629 0.07922168205964489 0.01658853435222214
68 0.09011885257832039 0.0019997044018539817 0.0034740413632455692 0.04448927133440098 0.06780492519376362 0.0007475963137824477 0.1014461627614278 0.06936937308878764 0.012605546484280314 0.0967499565406328 0.0453395960998071 0.024224266478696604 0.07440387012997736 0.0932531096057581 0.06578857368039338 0.003144493732612499 0.04708561457616004 0.00615085284977067 0.06209116777576999 0.08971302501055897
69 0.04212864972079623 0.018967862397116838 0.06611901801745149 0.03905232532477572 0.04707760592475786 0.00175220526282383 0.05316299972693508 0.06233640419449011 0.08289517829468651 0.022027750421207637 0.06799846201491744 0.03213100185087353 0.09684295810519783 0.09470875566421577 0.033558317863030845 0.02576209050860504 0.05239242431040134 0.02151230677648326 0.08179817986605313 0.0577755037551805
70 0.07529172150587014 0.08865463564680308 0.014421267880266746 0.009959688601303049 0.07845645095406222 0.007245649358879686 0.06557925305614344 0.023957485031764262 0.03187459419448647 0.08887293842966254 0.07959002971836415 0.020877113912643058 0.014700515590279557 0.09587985467412809 0.04666759286094515 0.030571830312910924 0.006720851082730389 0.08582786291173139 0.07590309874888884 0.05894756552813658
71 0.01683251918093123 0.08579399824890949 0.04674064344893175 0.016399181643316687 0.08868875381318711 0.09506879152845606 0.042572242717300895 0.050739202788791196 0.06767362024022719 0.004484736179657237 0.032337052656415205 0.04679898305795265 0.08245054551801745 0.022238693584296226 0.022308147816357694 0.02533341304816703 0.07797566479611252 0.07481301152960829 0.08971297328071758 0.01103782492264628
72 0.07918904825999268 0.07723494427506086 0.058577467431051244 0.028485355629348577 0.04727385608528068 0.014439518237477213 0.061570217452225656 0.006937598560513677 0.015050258518743982 0.07016065161736307 0.08095673392525658 0.09524755780301064 0.021704041539926673 0.011452950733314773 0.05151648417291587 0.07604384730422767 0.05127370207673323 0.0007287468264923252 0.06963595812038757 0.08252106143067718
73 0.008041028205129879 0.09743571761567005 0.08658293086981358 0.018675808305722436 0.09970904967818511 0.04365637273932204 0.04235082613198551 0.06119574189192771 0.040096014182045454 0.02674497615059766 0.0682384519925242 0.01999570622952345 0.04143778102547826 0.002578821009924693 0.048005599387218816 0.03843467648743933 0.02546652070922306 0.10181107001798151 0.09476811903936014 0.034774788330927064
74 0.026410161217716457 0.08182162732438773 0.026670205562132305 0.0911843022610216 0.04667397241212871 0.025682436566385133 0.021326575059968562 0.00458795329498534 0.0853236455050836 0.048701285539329696 0.04082745954401497 0.06051305834169059 0.030090016841556898 0.04281905612077074 0.08522209199013207 0.012315812309097986 0.06803804331880545 0.07985355008890264 0.07510777195650449 0.046830974745385015
75 0.03069091341819387 0.06607247263467612 0.026592009699729035 0.08342061116215856 0.09026023183398212 0.01434474358273916 0.00022747702379756753 0.019142600561018883 0.09320661219858725 0.02578763855534008 0.029198653974997258 0.07250372917426308 0.07489195880756251 0.08172651303050488 0.06553968690797614 0.005336920427891646 0.08125785206413091 0.004590985030247276 0.04581348192963851 0.0893949079825654
76 0.03664774410347626 0.046150469272984725 0.012531626234951954 0.01336723397912953 0.029752451997993496 0.03672115949282431 0.09971874171625231 0.05469649770750608 0.01126974841579178 0.034871208545920636 0.06456047154437473 0.10380685593357747 0.0825283107949775 0.03507859704335208 0.08543402698830072 0.06987745533656668 0.054886213753113984 0.032490499609211465 0.0802329586754997 0.015377728854194505
77 0.09123782384312723 0.034932012986781544 0.021081190845602307 0.03624179241351056 0.07345622152060803 0.045665133686855534 0.0756051850457662 0.03864460269140867 0.09004349698782245 0.08461116841574727 0.05273068829034815 0.055824539838375466 0.06801440950950662 0.023938923398973532 0.03279658346609637 0.002705279306179948 0.036511523622633796 0.08431648904722722 0.03614756572096274 0.015495369362466226
78 0.08380120209031913 0.017472457594752383 0.0010671556279228853 0.03445960110629333 0.027501964193717192 0.09879798080530211 0.02668780419035268 0.028937742758130543 0.055218095230548186 0.05142538072925675 0.015073385387409637 0.036498860221028565 0.032424855063254446 0.05600369348249948 0.06200292369725497 0.0958105194559683 0.04934831065732328 0.10268668667894225 0.014989432504657592 0.10979194852506642
79 0.01894986183206106 0.08613012857718193 0.018132977824160526 0.04864889245928516 0.07516949184351661 0.049682732952332935 0.04258099679925573 0.027890944704052744 0.0008690356283191399 0.029008513172615838 0.012656310127547482 0.08096409831347444 0.03521519875338206 0.08847345281530902 0.08718624361405745 0.08662196299966182 0.016731419718294848 0.046912422485532665 0.06824980160088927 0.07992551377906933
80 0.03759339018738069 0.06237206007166354 0.01863339031035611 0.0784340780328472 0.07033652746842046 0.004680537304471573 0.07867937410519645 0.08065964841026448 0.014811587355188336 0.027410770176617593 0.08123385658683514 0.04260911173307171 0.05118748452083997 0.034942606857987106 0.07840341767215321 0.075493764700484 0.06272254105871154 0.06610404431949217 0.0023838602107330324 0.031307948917285826
81 0.021117822128265972 0.06357952245937426 0.05847943168158324 0.06727790156143738 0.033866179333153855 0.01978571070428289 0.06034557247743476 0.009548517911171247 0.05015052284226956 0.08020677766619293 0.09149585138410478 0.03808516612693845 0.09048885602021575 0.0356042570845882 0.07675358378882666 0.08801515230616724 0.03578831319724338 0.033047786817062344 0.020584815358648915 0.02577825915103828
82 0.09953999807715742 0.013435729651997937 0.046098521952746906 0.00014706188279541702 0.09304630503568746 0.0014983835026415003 0.06822710097884242 0.044704741993503126 0.05848312691851486 0.10278231292180008 0.008025353551052916 0.0731077771165472 0.01193393600063258 0.10153991146234118 0.052737753339367165 0.08244499324604149 0.060505909130474114 0.013803691767606834 0.013593358657733916 0.05434403281251544
83 0.1072026724360383 0.05011454633718756 0.09071921551726618 0.09008760295580498 0.0046228192205612795 0.02543858108743192 0.02956788223504902 0.03992002342705371 0.02405808952393283 0.05120038738960167 0.0028195876815031193 0.06801214022334548 0.06038615582425667 0.04448436724747941 0.08346621394987334 0.09377944835661062 0.023609333918959977 0.05615730473685639 0.015253611195214987 0.03910001673597251
84 0.008167163710150313 0.06832958322703257 0.0053839391933510694 0.056415346644315065 0.05368049348860778 0.06903371428177457 0.08821093557791788 0.08683378345066753 0.04556588075589982 0.02142192484671393 0.04503720287649848 0.0141130239597595 0.04811287642104347 0.10791755990008522 0.0900233594697341 0.06090142532816532 0.0040776999936688995 0.03336652322155572 0.04401070852787814 0.04939685512518043
85 0.06199902641929571 0.05431913943708818 0.026738141946960503 0.06328445023071308 0.008418264208676973 0.06798149584810434 0.07562497713198314 0.07061291117518528 0.041354426898887464 0.03769902520035123 0.02590592296531257 0.06596778542261492 0.06262049074118833 0.06587928663075789 0.04868269913303021 0.04143872346746533 0.0331430047778294 0.07539159312703449 0.06435806151971908 0.00858057371780173
86 0.053571745482490704 0.044363662854452306 0.02251139053183802 0.05513617488003099 0.06706077574680841 0.058804400064294285 0.046372354705456365 0.07461823026130482 0.0659560404626622 0.05178274319739316 0.039813096482878715 0.01575750924148561 0.04683718663577671 0.03395963617153983 0.0182538535109392 0.0962885684921599 0.06340180489032951 0.011142203362763715 0.0797424077182236 0.054626215307172
87 0.052044761764030445 0.051118593753933184 0.057422615292228266 0.05443540265973073 0.05184031173707012 0.06927486240621542 0.017704714496075052 0.042807266169647584 0.05997256438980087 0.06556532240590014 0.01628813058283276 0.03164743054176817 0.03756454058453327 0.0691669887696263 0.0707433671188408 0.056915415904238 0.08155956020575489 0.02594108516002081 0.06227999295239496 0.025707073105358073
88 0.027934691161825606 0.06202930425276291 0.16298705055252916 0.018545086640328726 0.09058200026323739 0.03303085232441787 0.11000074825228992 0.02728991391718232 0.019221041180654822 0.015828841474218893 0.046214699207549094 0.02476769462553509 0.032058146017982216 0.039753557013570466 0.11951141053913664 0.004728626964829961 0.01914039309579062 0.0013680654914615582 0.023283480049523447 0.12172439697517347
89 0.014936169557182546 0.08243403929512419 0.01386954019771178 0.08096908965086584 0.04983241191194649 0.017726543530812412 0.03689811624491985 0.03206501923080015 0.049467967103908606 0.07943300817438682 0.061828914380791904 0.049000304550686095 0.033967617574072795 0.057490980013074226 0.05900855485827585 0.05273121872528952 0.011016484348968318 0.08357418835699017 0.05006158507640831 0.08368824721778415
90 0.015680520485568072 0.012368159781376474 0.08637549018505439 0.04325863397551618 0.06649974694778714 0.06791125420075872 0.07348779078670417 0.0192263153079735 0.006551266997594348 0.07020335310731438 0.07443877792288399 0.034519600164999255 0.011954509483326927 0.0618341075202023 0.033957431028317525 0.048443507595064404 0.08002400311403175 0.08598187665158363 0.04298586569101012 0.06429778905293279
91 0.05779046598859647 0.051448487137417016 0.07489148591291026 0.05280566891914204 0.058870843088245674 0.011183855355603038 0.03757814327723913 0.067766697836984 0.04199914231019629 0.05092547957052265 0.06050456990610433 0.03570538838660797 0.07400039313714891 0.05736333673384426 0.010538569456781543 0.016086405553317317 0.0689559164299536 0.04741958132550019 0.04996638737525273 0.0741991822986326
92 0.06127705893378857 0.0067826010310146935 0.07483574128098498 0.009511268570521718 0.01053842849752014 0.0936205631536609 0.007170633985912021 0.06430098243425464 0.08760555187784451 0.05876464626561229 0.10008752082846054 0.03603591330248665 0.02757958114666046 0.06993816702930068 0.08685823959186227 0.09166997351581277 0.012700928931169106 0.0322665234224847 0.05410519914958524 0.014350477051063156
93 0.07531894312913964 0.07388293539280157 0.021099557478566844 0.05532385444645174 0.08202512029926813 0.016082887920069993 0.006016434549970735 0.005896060018765538 0.03661168726046257 0.05568387432862693 0.013105307672519943 0.07213798312061243 0.07446622334079436 0.07418553225461579 0.08058348474184719 0.06834767208780566 0.06116162309648074 0.06059317339092649 0.02046124991075176 0.047016395559521994
94 0.07290969029386826 0.05151529654733494 0.01580564572806233 0.06508808459257306 0.04453237785475913 0.019266740286365273 0.07787303069870675 0.08979577297852753 0.07655336039026979 0.0727629935177625 0.041160043314388994 0.03615424025588185 0.03412665045451597 0.023645686860606592 0.09197054231030843 0.053961520324875015 0.032159458393440477 0.018274235533306673 0.06549633666495834 0.016948292999488128
95 0.07214465171529026 0.060245170425874676 0.05754764365176844 0.06763632104941822 0.08138427107959083 0.0636854353401568 0.028513556869087308 0.03539883757459871 0.06640951932122294 0.027693943768348352 0.002417643219863819 0.01610969283732109 0.013601730349897385 0.0023948220324126325 0.07967488303658425 0.06656060328591472 0.07870576238188172 0.04458627437059502 0.07986000494853712 0.05542923274163567
96 0.03828508891111586 0.011300496313470078 0.02348765095669447 0.05871679429231688 0.014639862442642792 0.012150327258056906 0.08485956726379093 0.02352846134146969 0.08704184461973002 0.020117454333757712 0.0979967617749413 0.07270730182113519 0.039208782271202405 0.06219230644554683 0.09658962163661639 0.03176239719915686 0.05731206058562151 0.06929457298494215 0.05893046177117358 0.03987818577661832
