0 0.08297228335411799 0.08052849626630777 0.018702307515639085 0.05721139170879048 0.07104841794874077 0.01055059783608738 0.01787333835324518 0.045688443086308476 0.05122041340618483 0.037899608166976594 0.0795836863820559 0.0791247053101383 0.04328252983289863 0.018102729742188708 0.007895195917609111 0.05591680276340116 0.07904234488052528 0.07871466781593198 0.07946619390510976 0.0051758458077426125
1 0.04698846528965028 0.06031104084980121 0.04964895687644554 0.06123998784399933 0.03554766770637693 0.058881599100793526 0.008955155033842154 0.09286749365164977 0.09085488591199807 0.032584046813135106 0.03268195805192425 0.05711668038423201 0.06474147738566194 0.03511099742323236 0.0187259782644822 0.08027490358797927 0.08412569112719873 0.06253024192612855 0.026175051851010503 0.0006377209204582538
2 0.05322668002178224 0.050108474604571844 0.00808001118689976 0.0940558518395149 0.0500466441969437 0.0672302125861782 0.08905174262343449 0.0444917394724039 0.04104299889070063 0.1047430939423117 0.04744280032601648 0.10395241065344923 0.0004354574639142164 0.018883828202655696 0.03515108423935936 0.019387777094688665 0.09587658700739747 0.04748222171303408 0.0010781980611247175 0.028232185873618414
3 0.0864370218577495 0.0317688429936459 0.057396746588564224 0.0769028499948964 0.10983542725783728 0.0007087815780701581 0.044288103657798936 0.014431357971052097 0.01125839425223148 0.061917240633999504 0.059162203332819185 0.031455073765486764 0.036730378824853485 0.03325887921480371 0.014370032732683771 0.03939256448581552 0.08884496061579286 0.09784792769807665 0.053218588416566966 0.05077462412725563
4 0.08866985513487027 0.02320391056484365 0.01326422445342643 0.00429738047327068 0.06721412273782443 0.010048304391920615 0.06063133622856341 0.028325604202227083 0.0020539872807272463 0.08879445944307032 0.07727647772659367 0.07900281219068535 0.011794959216989642 0.05765002321985257 0.021923989820307962 0.02978564732204079 0.08086424353138061 0.09734908536445362 0.058950415991156295 0.09889916070579546
5 0.08738271523981427 0.010189459466858685 0.07597617983706736 0.010228422676418419 0.010676562948894797 0.08106381253008417 0.09451102187237798 0.060693800742879105 0.011307030901584586 0.09401384005822157 0.04805559516808463 0.0197155950578804 0.019309319807681247 0.01706948937992355 0.01990023550352244 0.07014023928548675 0.0667265042864442 0.07205761446723893 0.04750610412020998 0.08347645664932682
6 0.09151005402561893 0.07608521104789258 0.01605736357935094 0.05776666549232643 0.047829696988356485 0.03600712775441642 0.009334791862355018 0.045991839535722064 0.0437022627048228 0.07241250045870312 0.059937531221837224 0.05554860844790466 0.05886869233787408 0.016873661662627215 0.07197336682614092 0.05423003591218062 0.03754365203054153 0.04951169997194229 0.027012087921177343 0.07180315021820942
7 0.08670029526931779 0.043051226085654995 0.079004648211441 0.01803206639190467 0.05327291932968651 0.007798296530155233 0.03843488589830109 0.014247210955191143 0.08945558623982018 0.06442247413372022 0.04349170304552508 0.031795557189699813 0.09019032655640803 0.05013823319123627 0.004157030507242833 0.030045783684072284 0.09411802388278138 0.0649823058144395 0.07893856858303287 0.017722858500369105
8 0.04384926256937615 0.07845357533131828 0.0363392843357414 0.032294996747121954 0.001108907464510548 0.0375104224720754 0.037421305667098156 0.009557861689116806 0.06048078334833665 0.016561492156990945 0.07933182698340269 0.06832250448258059 0.08479997358559374 0.06400814897233945 0.05161693831620772 0.04400331818646134 0.0823228162657904 0.03167201102374535 0.06152195056189876 0.0788226198402937
9 0.03502096054081396 0.10146609117988648 0.06479304153769039 0.02448824441335772 0.07115040124713656 0.0039200550480711326 0.10154872856598389 0.02510615945063272 0.01719100822068518 0.0010982642949845154 0.04207565380218842 0.019620742500766793 0.05001593669080007 0.09275838695189753 0.08546034180021769 0.08948539438246517 0.04072234132966533 0.05994346401320513 0.06517546954671907 0.00895931448283247
10 0.062211410063102025 0.037824029333606415 0.010103843613870286 0.05964156459051135 0.09116285296993083 0.0827711999754264 0.09163537607051879 0.005915363431668669 0.030272166929429117 0.060015863904968644 0.0016253680034682319 0.0023431451533216224 0.015111105006684795 0.06007401798122169 0.05056040383358817 0.0823400918476949 0.07358553925740614 0.06364058991865795 0.02013610504313869 0.0990299630717854
11 0.05452987880649771 0.06857543995322037 0.058850565768757995 0.01489985741887493 0.02824127224263976 0.013902337222255715 0.07435409103477834 0.07903573587725223 0.07779007704016275 0.022585674679589312 0.08087914021410515 0.07190089888558962 0.026914180704181914 0.05779556780133076 0.07967909590251314 0.027965544199642717 0.05372078706477525 0.02255422456541031 0.006192058078016457 0.07963357254040536
12 0.018711115113115313 0.01026470517987286 0.05438965666797724 0.083348498523017 0.07269910314570474 0.04866356528373865 0.005414776177965464 0.04771648720617726 0.059376254260155234 0.0751239463640252 0.057856108443871325 0.05223017094244161 0.07487555847453602 0.031023554208824498 0.015353857127660504 0.051892339934881966 0.051069142875421816 0.0780454601613373 0.03914963401104074 0.07279606589823528
13 0.07065825255181325 0.05297840588732203 0.0047979862635050274 0.049301961959939515 0.027078218001154633 0.07208684474525136 0.049053223258293595 0.040943026370646944 0.020993457367767344 0.07517604729727792 0.05516458073366992 0.08557527477947352 0.05786198837092307 0.04177530412090584 0.008415142245541142 0.07958116018772501 0.047954076118749585 0.03608993734551646 0.06120546703894804 0.06330964535557594
14 0.053370098024565715 0.0071239707436532495 0.0004633717587259864 0.06520133584942527 0.02426510940147418 0.05524749310275112 0.03175378418388863 0.09805827251462733 0.09110695054722469 0.038062058874185414 0.03503827890106246 0.03330536015631436 0.0890727876083441 0.03936090072847233 0.0604535426668244 0.034839713983420194 0.09612632474420732 0.012475323633005547 0.10495348182490395 0.029721840752923688
15 0.02468245671622124 0.03419484428476259 0.018325170215738602 0.036980101726021786 0.01120340649412799 0.09814954846640597 0.06401430555586193 0.05426365618497885 0.07414163892277036 0.001812745291464829 0.031221936588699168 0.02801152214772389 0.08159447597913269 0.052107818331186946 0.09480938618613734 0.01578564004892781 0.08245031772942081 0.09269421220463439 0.04211436098161042 0.06144245594417241
16 0.09098459597268013 0.04335909798516291 0.016701974725237594 0.08119570084568922 0.054034356920441735 0.04986577507826139 0.06399195733792008 0.06762778775764244 0.005413021229290059 0.0781476197758049 0.035146282740850084 0.01598748545800118 0.04313961430087973 0.09304005970573555 0.006262225232546124 0.03645520028934758 0.033990779477903334 0.08100745723266976 0.08310015667991778 0.02054885125401837
17 0.0730682852886057 0.001484354709458089 0.04265378047919031 0.010390318669686212 0.0010514233031103505 0.10314131859032634 0.0818311701090575 0.07827497457683671 0.01651002392023843 0.08081174752777381 0.008049620073223646 0.1136590189272734 0.09811157203321048 0.06566110254942745 0.018797159070264358 0.04675576453147126 0.05119303093034861 0.005547712398876187 0.027922778277861875 0.07508484403375924
18 0.04370234524531738 0.030209772163745804 0.020021170013740635 0.09682479693467388 0.03448438558168865 0.015858010440207074 0.07784318322588975 0.011967715817022544 0.05885251784546715 0.020134710014161113 0.03897383464046524 0.0052924677279037905 0.043505080250396636 0.055110539254720266 0.05897209719584286 0.09538022926377275 0.06726545701346712 0.052264962179659036 0.09370484888796264 0.07963187630389593
19 0.0007242515833465877 0.006351429591622009 0.10131723447377651 0.03610448750052753 0.09017876113491625 0.00796275468290019 0.10557140310626606 0.028129744514786646 0.031235722011998566 0.031879059013308376 0.07318917902208362 0.10798546424304907 0.030193881677884917 0.039342160091040246 0.06907224742343096 0.030810977296683157 0.05045552726798185 0.03029566381867908 0.05940576724719919 0.06979428429851908
20 0.04169470730174873 0.014527129347247612 0.0546909302865478 0.027006880441444753 0.015072163674891725 0.0894368639444911 0.0004338158063398984 0.0036424234638803166 0.07702868499923746 0.07258596928374585 0.021244643991129644 0.057646456923662846 0.06649851009417954 0.08162881251639122 0.08509292318865999 0.04202197867278501 0.027830478926078844 0.07336914794931508 0.09420201494115907 0.05434546424706344
21 0.0522224556912506 0.00917663097271146 0.1020202748953677 0.04315376112657691 0.015149104384749465 0.04985020955358385 0.06936318592278523 0.05887487224920046 0.06138954035907247 0.0039019111821597596 0.0857622973409138 0.00982597551234568 0.05952305317912276 0.00154001145890996 0.10135431996471767 0.08215329557892367 0.0943804191072301 0.08707569107872375 0.008889364075578499 0.004393626366076112
22 0.03535090827718262 0.01618470190353734 0.04457042601723893 0.06153605669746628 0.03968458544356853 0.018316032055167963 0.07329218276717941 0.08089920882769541 0.07977919538123773 0.017605906135524218 0.07376790190459222 0.03304964371886011 0.08760756395507391 0.048520231912330986 0.029797866282863312 0.023215584820577475 0.08993029834812724 0.04666114036348198 0.07055836996383776 0.029672195224456643
23 0.0609933137835706 0.04220529587807375 0.06853181823392987 0.04145579158349977 0.0422395831995974 0.03275795677384772 0.06596953404774225 0.0892221113207283 0.042100668643018785 0.0886206046646975 0.0825312244460524 0.039123600155783915 0.06775499614784973 0.019012479990695483 0.046190530996031175 0.038372939129064865 0.04555550408697161 0.03843651801360991 0.02978504675973909 0.01914048214549604
24 0.07936744364128832 0.04298719724494572 0.02697329620630228 0.02850022458122745 0.09065192101833883 0.05055559805256858 0.0703223005168683 0.03542762504595117 0.01668847687837107 0.060429601881135386 0.04574388424327664 0.07929370760627552 0.04856875968748723 0.08318642482108621 0.06141884259239163 0.05094241783648513 0.0266058695264168 0.08041036585967459 0.0038230538741455744 0.018102988885763654
25 0.04079483099496863 0.001093226356678644 0.003483840344317653 0.016071747128944203 0.04746736972315634 0.011093521109889783 0.09606986241161983 0.00327854719273315 0.08008378847330866 0.08601598980390249 0.09441618108832445 0.040639933234156954 0.054557953742432094 0.018736655248361146 0.0829539095737374 0.09369948845373526 0.0466105362609366 0.040998813934062635 0.09217631583262519 0.049757489092109024
26 0.10717886729697086 0.0818880163249973 0.014840018049215266 0.019698983098809183 0.0037632459889572925 0.036576124991496484 0.04843767032878311 0.10472378417919115 0.0795972890327705 0.028505948294376558 0.08228189628325228 0.04513390682912054 0.04682323750234976 0.0509579411870536 0.07872903407621933 0.016684828205239133 0.02617198838593324 0.046878313787754915 0.02283222921699338 0.05829667694051606
27 0.06433878779852643 0.031650989168638385 0.08280042726466535 0.07688959722972952 0.05798877164082601 0.0780283180605221 0.08185291739941832 0.03279150338669916 0.05339995752417299 0.06803888838925366 0.054890569288366976 0.05739387662433524 0.0178655080863284 0.024370712836348354 0.04257924654136248 0.02225167452009097 0.007680202479518624 0.04052827382678109 0.08280556820116612 0.02185420973324979
28 0.07541649892206553 0.06945699895433556 0.041966075371783144 0.04083651665828671 0.033234409648656274 0.07327491202288078 0.055812664437397734 0.04975240657197231 0.06509091441167193 0.03486309931461794 0.06828382539768083 0.04229042918268999 0.06601407467052818 0.019259613039193726 0.010870996965062076 0.03999224026520496 0.06798049765906217 0.0406944592556755 0.07388417510649055 0.03102519214474423
29 0.009087424696444675 0.062198677552132826 0.06472721922953699 0.007358017668203838 0.057489429490305985 0.04920849556359053 0.08477114864739617 0.02410448350823244 0.059340715633330425 0.052745934835354474 0.06973324893545359 0.04036112157255207 0.08601261235493883 0.0923067870587851 0.09474805189551726 0.012157264416943129 0.029564770543754556 0.01175304451088027 0.000511863423229057 0.0918196884634177
30 0.04175107821476828 0.023222405441273266 0.06032517080104086 0.020334708588819122 0.013433305215747978 0.003103084487705057 0.057212916020024 0.08564735752089336 0.0021407341786017393 0.06174587461083383 0.09102077943565862 0.10051436045341545 0.020603803847393295 0.007257365679106321 0.011361353062244022 0.10009667855087588 0.07063000145010753 0.07371652374725009 0.07610098775374963 0.07978151094049159
31 0.04237039272441773 0.009770997919527118 0.027673781375120533 0.10340009491603717 0.06070730059825191 0.06782222535914609 0.07141068415484958 0.012347193378677892 0.007993290606044463 0.011801137586962442 0.12433547923056605 0.04808926048256627 0.04245909503880983 0.01576625403051922 0.010321809476932202 0.023428994526272718 0.06144838091852215 0.09507131133257589 0.05389750198330209 0.10988481436089881
32 0.06166341568772154 0.02517657445171968 0.043886721060110226 0.05558869230766419 0.0010823059850222072 0.004089570352108319 0.035335985157323446 0.05563897827852196 0.03158705170317229 0.020813670286993897 0.07526872189589028 0.11428811099521628 0.04682849962833856 0.04115944174691892 0.006613070626600486 0.09496970038511428 0.05014844197259159 0.09897680590637038 0.09651401946058266 0.040370222112018614
33 0.026812150050622444 0.02301148016010413 0.12362504372012113 0.02627141815111916 0.04210683599617782 0.046943195989155695 0.04965440334682647 0.051675817669239316 0.05251174211080379 0.03608634328976864 0.0882140432321103 0.029658228054460185 0.06353533927148011 0.0015008733666158596 0.12641028314623926 0.006380902711215957 0.02377964526861303 0.05264078518098364 0.08822464649140152 0.04095682279294178
34 0.051047866100455336 0.08333894250526257 0.0272356962124689 0.04266406968898301 0.04901386484742472 0.047363868306603836 0.04627352142968808 0.012527638023573364 0.033221938625459926 0.1044029277796353 0.01623403872634612 0.04136541363602911 0.015291766303390276 0.06418342560564536 0.10531131917544916 0.05283415898553236 0.0726365102729495 0.018251686452333667 0.021777262451999423 0.0950240848707699
35 0.08635747232172625 0.07370050158415017 0.01936095087063301 0.027838451669361074 0.005321776086521229 0.05011081896787692 0.016141258225327856 0.0831183472270271 0.0932390639211839 0.0953111210121024 0.010697622502872983 0.09050377313209894 0.03201399094156274 0.07205449667917195 0.09220676070001382 0.052700819509822826 0.028216371386383318 0.025221430970215685 0.027950628440408302 0.017934343851539424
36 0.07022444913768379 0.028114239314326696 0.00027884897108393467 0.09646118658580603 0.05437336254734511 0.06288392849192845 0.005210208592575137 0.09083244902344141 0.049216507757177154 0.049354120390978445 0.030349596728983616 0.035612603837740384 0.06435438193829979 0.032344202051762486 0.050918629000032245 0.0796359877359047 0.06448477731170899 0.026954476836843617 0.07476578228446927 0.033630261461908784
37 0.02985308645161524 0.06213915220253557 0.01203266342729738 0.048111626529423406 0.059344525448531874 0.09420579380488064 0.0584765108866879 0.07010252111115332 0.07773312269245117 0.039036735923688934 0.0197020131782381 0.06499770936064848 0.04780338612645946 0.022249641625123752 0.014395914640214303 0.01893129463921608 0.014953907601384594 0.031003810433230965 0.0978936913419839 0.11703289257523494
38 0.027958097656366056 0.022939714431111823 0.032411796943532724 0.02957085395336925 0.07502281823369233 0.08316827477985503 0.07510699263845211 0.06323596407781404 0.0651724979229685 0.09287705871989166 0.07850217571483975 0.0415318387867867 0.0029355301804009563 0.04955471461117414 0.0054520272268326125 0.07477450659135235 0.05359834917763809 0.010280755554828346 0.037148286992487824 0.07875774580660583
39 0.04848040761451612 0.05465152193330707 0.03313066349568731 0.08293261801979271 0.0829014080138543 0.017222411539511536 0.025671459080523703 0.03934362714389464 0.021540858315126633 0.06255474022801237 0.026359282531296414 0.06081374822427172 0.07476603292374577 0.07695836329547044 0.04755512536426846 0.04652313348879825 0.0010265140004522264 0.07387756305072088 0.050249229267481835 0.07344129246926763
40 0.004553539794268673 0.07095799349444673 0.021681625342222413 0.021833094644853553 0.0949407833960526 0.06390188802393709 0.02086039552940496 0.017496690115452188 0.051583801344556736 0.07530258422010094 0.03232224915566127 0.0006449269187112864 0.09490257816826621 0.05555702166495797 0.10413992649875536 0.017019134868474187 0.01154477717914445 0.061384450438894796 0.07025032099231816 0.10912221820952049
41 0.08019922443540116 0.024755720567571683 0.08649415039562407 0.015249328360212842 0.07776181384306137 0.04378038796081808 0.042053283233711505 0.047918308737258324 0.04534176134777097 0.04650311053271596 0.06376232894636669 0.008831240792873157 0.06235754387578566 0.08689126376041757 0.008752957175205401 0.06441497326924114 0.0213861952543323 0.07618550466103237 0.015697053310107054 0.08166384954049263
42 0.05869577074606432 0.08717681398155026 0.020143476284187285 0.08163113723596299 0.01238333858619107 0.009520922926337438 0.07780117040507409 0.045593016152950916 0.07940072025145868 0.06628096433058227 0.042650744415943076 0.08586945748314505 0.021557419247557056 0.033947941458815196 0.07820980764995179 0.011089825871347984 0.042908639964364295 0.00863651085948759 0.056392055802100445 0.08011026634692835
43 0.08935131924919695 0.06766445171462551 0.03231693226458136 0.032261630084028624 0.023750382616796906 0.017534777663314537 0.00755398895953761 0.07174416547921815 0.04839790202618814 0.05255986920926341 0.020903583050389144 0.06854323331161861 0.06736547515248754 0.05747046257887508 0.021541086416296505 0.07385855224313531 0.07950107467271811 0.06874581419967864 0.09634901891560918 0.002586280192440677
44 0.040209695151893876 0.03957575992188118 0.07239890365883828 0.05328067665711873 0.06158185593991278 0.021183339083044952 0.07693646385780666 0.02516069218465595 0.05900949158219736 0.026906144035715382 0.07162620805069961 0.07905385645269362 0.07265794196058917 0.020809991390897106 0.06173322985111838 0.06373734144801985 0.003917697478089847 0.005590163109186149 0.07046082188089041 0.07416972630475085
45 0.03843215218834151 0.021577015952828533 0.0064979585506959574 0.059118977759271066 0.013308072959326522 0.03710530666152519 0.06739040679104183 0.06722123959158227 0.07966007669790949 0.02219540114725971 0.08741754854920043 0.07469296987029975 0.04456386567044207 0.06671649340517867 0.041570864772131316 0.006171971115492372 0.09230972217733255 0.0011110115584518146 0.08147303926738149 0.09146590531430754
46 0.03230277404402692 0.08356915168411858 0.04322304746054343 0.06658203573621402 0.0662490329072463 0.0046813651433585185 0.07027811178231526 0.011813555692046276 0.08065515841451605 0.0571213102645723 0.06741466776590095 0.04018915724011154 0.07419612820196729 0.009852647063340426 0.04661897814491207 0.04650223721771882 0.08181015775327419 0.0523837144045641 0.023547228710443895 0.04100954036880935
47 0.025125654181522628 0.08560275708810298 0.09228501834864962 0.0073167114893177695 0.10746910680793899 0.00021478206938071561 0.05889830353253673 0.050753197347124544 0.004902845908017379 0.021204902241543044 0.011658974999792437 0.03523769964254706 0.04325296445717602 0.08832167639330293 0.04103832602858297 0.02257837469618838 0.06580491100113997 0.10285260192164078 0.06592515959700597 0.06955603224848912
48 0.06592209984504785 0.07133689509552593 0.028407166852654354 0.010307871740140289 0.02656306193330493 0.01972701422246426 0.06944699263367947 0.08308751807160997 0.044700979941352394 0.10852417395412424 0.04060511378244638 0.04836338236118318 0.06415904069836072 0.02942078173639059 0.09902394067176791 0.0157165787571927 0.05163832470296016 0.0034569837362868907 0.10389898703416203 0.015693092229345576
49 0.07171038043291168 0.0901544433084418 0.04060829146105947 0.08673251399915004 0.007037778685627682 0.04696270656437545 0.004057692127484234 0.08876830218826127 0.023176266519845008 0.006798373471437524 0.0931919060900888 0.04479523285016475 0.0023702585222535057 0.09003896025399817 0.06507372455324774 0.023094273464062107 0.09302648107019856 0.07654042828454731 0.04358857582396565 0.0022734103288791128
50 0.0705936175473884 0.040056347079501495 0.04307043082009525 0.054192733310475916 0.09667761104324209 0.07388055313482998 0.05496827319999498 0.06066315013639673 0.024175036714801503 0.042248931563301506 0.08889592350193248 0.01077154320245236 0.03562185611190766 0.021891071168835742 0.058430186635289615 0.06879796875706792 0.04684396010312697 0.012869211171322064 0.013269772192676256 0.08208182260536107
51 0.04737641815096558 0.05896700960425372 0.07575494440784353 0.036468111751164725 0.058163021807604416 0.044495656258716404 0.04971189188860147 0.012259443512957467 0.08565995254839805 0.06665685306990722 0.10310831285270315 0.04077833541042625 0.07704475315217292 0.0024109589768154483 0.03353988032761867 0.04014751955263414 0.056341360085966796 0.005971937203989329 0.022971367374359807 0.08217227206290093
52 0.013313752124494203 0.08814986611232122 0.044181709542614744 0.050351607304551065 0.04661264349469695 0.039432316183839904 0.013596032828824288 0.05984867012163744 0.049286280946004894 0.0251474576424041 0.023899297085534607 0.07903162295251162 0.05894338715744135 0.0716073050627401 0.06514082207566031 0.010793182830958037 0.09278129994272306 0.03985793089848174 0.04202005783853747 0.08600475785402314
53 0.09050773211067206 0.025611829826308156 0.08234228331714483 0.030113440173660147 0.008995331216418516 0.054466894840190884 0.014453880209928542 0.05921140115794125 0.03114157557885206 0.09353206783214776 0.05414967534991725 0.037321867225077306 0.0544380523264008 0.053861002078007154 0.09751782358319833 0.018538576876770737 0.030768331953058052 0.014357239773234633 0.05102420707481682 0.09764678749625466
54 0.015684259096959047 0.03631629109478852 0.02515670411844106 0.06085610519036252 0.03845679952574939 0.0437122114199862 0.05935334119195633 0.10538057347540854 0.019011897817610503 0.0989494260008146 0.039806221957033795 0.009794440752279709 0.07816477358468264 0.10395174494732343 0.06332119451283502 0.01685521816754987 0.001708873516688328 0.09045482201066678 0.01857977678662002 0.0744853248322436
55 0.008935702057260174 0.07017067456077809 0.054431881263836926 0.053385876682983446 0.08598092086418221 0.06086881397814422 0.05603045377498414 0.05629297526695806 0.025136143756147245 0.06141926377511469 0.08652295756512374 0.05024486716578697 0.02365851091779894 0.04952446696338802 0.0528854205060491 0.08365968793366353 0.018689249508329182 0.0013043529403589207 0.06119044859773886 0.03966733192137373
56 0.05980799340052531 0.02226230936571373 0.01665527314203438 0.05354553387845522 0.07597227267339385 0.08952148697934828 0.06260639527105641 0.027504658647485608 0.06020848016516142 0.006532474241269036 0.03459760293180122 0.005156941665199495 0.08839528982365001 0.06635328731134714 0.03541555176969743 0.06299895716613405 0.08507100422806162 0.07454229239332884 0.03028197007811474 0.04257022486822218
57 0.08515882087150756 0.08441371356108325 0.04637012858023791 0.02481247992251029 0.09849186045188381 0.006675931495924877 0.014697585291226646 0.05115274359853135 0.04589348960048752 0.08435186945245882 0.017430595218650934 0.08338089107422361 0.0755382352294557 0.05602990144047914 0.05087022931943837 0.07833565454013662 0.016740658674540398 0.04158004126338773 0.012582572319980936 0.02549259809385455
58 0.09968457772857771 0.09070662435679881 0.06058540726419666 0.10400895063481858 0.08011956046888151 0.023401883251994306 0.012846981953917185 0.047547540150153195 0.01585917273051982 0.07435593191811733 0.10234869005903169 0.056894330305351785 0.0486950114745467 0.034894015031183376 0.05014716214096407 0.011908368720866494 0.0016764413981860025 0.010320448480404731 0.059813633766665146 0.014185268164824898
59 0.052840604002635766 0.06397121761162224 0.07082956286546883 0.052798324683199276 0.034731229216811536 0.0811105163524452 0.027972106253425687 0.02841484282598778 0.050768142859722885 0.017181845239564977 0.009265002762480405 0.06964505031164533 0.09009354745529001 0.07756709463170504 0.015736816704476256 0.07228620183865103 0.04471663952386405 0.08226217818579568 0.04407346933873291 0.013735607336475069
60 0.050706297746018585 0.010485617823183505 0.05450739380291779 0.07837844321421836 0.02771164792382919 0.07501422081576227 0.07121096854057206 0.09536227189252966 0.049592891583122425 0.004482497110595807 0.11506555926346504 0.0003048789523868154 0.06740278716594214 0.07471127465379157 0.05880855639228066 0.02009201347631111 0.08988790900317317 0.004196661487974941 0.051027593439826664 0.0010505157120983418
61 0.04896944550610868 0.06529257948461893 0.03356264018193604 0.05749729667803731 0.006415048116612245 0.0685026065374936 0.015291932937477274 0.03462009703859007 0.09601381276833211 0.056907089038513936 0.014749126158123661 0.04560536166561546 0.05633764736754953 0.023574489475027948 0.005342863399391193 0.08591692107801051 0.08832221237550998 0.025718742746938403 0.07907410197594705 0.09228598547016628
62 0.054940177729831334 0.061192675794818054 0.04727246426723304 0.033797333888288074 0.06996769219694439 0.07506901174689747 0.054158881368615394 0.027674982927251172 0.02673271998279062 0.07080138993656933 0.02157478633543182 0.019526776607087057 0.05225677473805643 0.03779437487257842 0.03808135692665597 0.07428867270233414 0.03397976138180188 0.0758556584556081 0.05937747375073015 0.06565703439047739
63 0.06987934871151681 0.09065842791582136 0.020129197530405134 0.06422792984834316 0.10875413490045585 0.02974042465122537 0.031023112978788483 0.04300675077276979 0.020026412459848243 0.03220743122555472 0.03316090298073125 0.04569504925593949 0.10781919450036015 0.034838161186528056 0.022014295296047162 0.025680757733429444 0.04099937417323078 0.107376391025416 0.027125394972805663 0.04563730788078319
64 0.05375062698117797 0.0587675815640278 0.05014653507942168 0.06259395281518103 0.09151968333261959 0.09511753799817783 0.0266909563313118 0.08303882348503039 0.01121266819202751 0.03297231969786394 0.09293444967448354 0.03061676779729335 0.04681861655349333 0.01608952185497353 0.045050266876463976 0.09105077179864154 0.043080822831376514 0.004240894496158932 0.059463163595561294 0.004844039044714382
65 0.08003718751082357 0.05158501111355565 0.006557744177370838 0.0011968925633941217 0.006142160797080074 0.05740042463877692 0.0656847460557938 0.013357506339915996 0.05318392948607229 0.10174865098253814 0.09670155189020047 0.03843673592092328 0.03387908247250248 0.08293502779147892 0.00438138745706556 0.01637009174561414 0.045421489456800544 0.07564295634184567 0.07344949577540044 0.09588792748284718
66 0.07437442896378514 0.029581012865295447 0.08226398361008945 0.016492253045840972 0.07860038834995448 0.021364999832731518 0.030708462488341273 0.05673465551427431 0.07515168245937329 0.0019875318397419655 0.029508924958393242 0.08760160105072276 0.07421726611516856 0.037815686037732686 0.07458093371697634 0.08570262923651452 0.0820479634256862 0.008077233591889678 0.04367912872510002 0.0095092341723881
67 0.06906924622332741 0.023257333587886616 0.05768360358722958 0.08173457030995428 0.08939783535577088 0.05409014635954222 0.08578970040195646 0.024250750692850098 0.05884311906778531 0.057867205023453404 0.020173796944015294 0.015228604214548747 0.040443518333419415 0.08327432409413729 0.027385146629988807 0.02591857884151389 0.055065865221144705 0.06903444929970194 0.05229294608054289 0.009199259731230912
68 0.06128502190076166 0.08275860369098871 0.00876804797037543 0.0096919691123062 0.021800179557255286 0.09521689608095109 0.05792183073889528 0.06467905186362737 0.025715794692169315 0.08910720576578743 0.03163568407473929 0.06946138041281937 0.05978373293368081 0.039506806785854484 0.017787420208934923 0.08670582660777464 0.07193182663889726 0.050206052076887976 0.042786880667686204 0.013249788219607324
69 0.030710900919636613 0.08147582979216089 0.09258504298929911 0.06649449789155013 0.014298534360368445 0.019031711198509098 0.09076772563274745 0.04260752863290037 0.05855048837365077 0.06920449709149668 0.0016772013941863877 0.02195038709704738 0.08418517443021648 0.08236992029279631 0.028501536367339583 0.07962893790771353 0.017658756552667656 0.02974309497022957 0.04961057570034926 0.03894765840513418
70 0.06665667085575792 0.038189958478313094 0.03822026149900372 0.03260465432196817 0.062487267430548284 0.050718284325572224 0.04673337845537285 0.07235610508242976 0.040706683283064315 0.051007518870751514 0.039494788085353554 0.07074787544023091 0.08735234989925961 0.037755309782681414 0.02408917129405608 0.022155165008070916 0.07626812621977982 0.059074838526456674 0.015680593767401326 0.06770099937392766
71 0.0028844464747579948 0.07425149533055664 0.09685133078851725 0.04071682999674704 0.08720665769443059 0.034050486653832486 0.06186349220707674 0.058101524208361476 0.009485187880315311 0.062292112333643714 0.03632106206045131 0.010405358352473873 0.033174579157085556 0.04034787887375549 0.07088166492960118 0.03971980748459352 0.0822106989539628 0.06657954445182561 0.07168787593450998 0.020967966233501393
72 0.027372392497798343 0.05532503982845107 0.02876728391184083 0.002698615828969723 0.07072595043282595 0.08949125934964684 0.059413934008608234 0.036838916921839854 0.0001098463926274265 0.0301165634624082 0.04890720807690349 0.04303078201184498 0.06771601406814184 3.9842739383171194e-05 0.0915857650369426 0.04893475170442061 0.07478143113381083 0.07421396087849147 0.0938044537301131 0.056125987984931715
73 0.048981056369304755 0.07536583881969676 0.09386657606970733 0.0015402008672735835 0.05343869682938073 0.055077291665929694 0.07332352586239281 0.06422599566303751 0.05038331109945289 0.029183332776348426 0.08713238791749085 0.011085475908228325 0.04733899641619601 0.03675893141203413 0.026296654179297805 0.07492331291911115 0.03798166408414051 0.05815921271854176 0.060831678059737423 0.014105860362697478
74 0.08948058855264877 0.09506694771017539 0.09484249828193725 0.04671623598954238 0.01844018751470759 0.024556003308818 0.08704787376226701 0.0043371158538673725 0.011731898070699475 0.014528951912507452 0.008726765996769763 0.02728602143604334 0.05710481316407686 0.11087554674152961 0.03244746834081751 0.02543689462971988 0.0275998364992934 0.06631371788777671 0.10744181143963204 0.05001882290717042
75 0.004737688540296145 0.05632036218958153 0.05880660474660256 0.0397838321279425 0.02802073674082066 0.03759960004530962 0.027404833383856568 0.07466836284717054 0.07709539977141225 0.062395792028930315 0.003619798448942502 0.08791660409368673 0.08384200608075344 0.07640588152284489 0.08702147579853878 0.029281203024395703 0.07509019195330963 0.004334241058037798 0.00682994669466197 0.07882543890290593
76 0.07011412129301256 0.04406996121779951 0.0768799205440997 0.08598219038741282 0.08963992450681707 0.02848774258095986 0.053569751957911776 0.011942509332735171 0.007384685621142982 0.06756927862777615 0.010541699624152556 0.04983159666542656 0.0850865012900584 0.01601881339154323 0.05317284850936983 0.07487498998574633 0.08467009152635274 0.049568139264580244 0.03377341633893601 0.006821817334166606
77 0.029534346658896708 0.044282828317935514 0.05849087585180806 0.06037111325512349 0.045133264667572 0.029021486034290007 0.04862597136115079 0.0023983856689350634 0.07235759019446221 0.06420505353370314 0.021899097333330935 0.07873678010006946 0.07450904294025604 0.010726597432206856 0.07796458410118101 0.003915441810375569 0.08170798067647143 0.03842796581752243 0.08560172518399944 0.07208986906070977
78 0.07520187757252146 0.04072131901415536 0.040938936105147795 0.0017264129343691024 0.047406769747415395 0.016474491282760226 0.010461295200660489 0.07114905393832312 0.05253950490200682 0.03226531819766228 0.027983888556414094 0.1008388183003675 0.04997016999145072 0.026632421482753542 0.06081169303810493 0.08622067660249902 0.09277937879543954 0.09350386800400229 0.03551465629189266 0.036859450042053835
79 0.059337234313788026 0.04363383749708695 0.06728397248127842 0.023348510542628747 0.07860380996263427 0.00018553824270964005 0.013528309983334433 0.10441362796203633 0.05318461714858202 0.0073686395256430835 0.10759936609569756 0.0993452914112582 0.01877205467425575 0.034751088315509215 0.10107717183233053 0.042181002495198947 0.058265872172654165 0.00017208581494749308 0.0013137864256875936 0.08563418310273861
80 0.04325879436023263 0.03777472375130352 0.01889313985665824 0.04510557873400531 0.04689754870611311 0.04555106923293607 0.08005317387532283 0.03518367107989563 0.05532187505266255 0.03138006480754759 0.06661576744692244 0.05738496034029441 0.07121632788213651 0.03395372653940188 0.044330218753923595 0.08002520359558121 0.07310087298648957 0.06644420295475387 0.02714899313586299 0.040360086907955964
81 0.031853912862711734 0.0734050554201486 0.012466769365905558 0.01910127847026181 0.03528531603103367 0.06640767245357518 0.07342409341598378 0.03185218695693511 0.04861041799228406 0.0402134855689583 0.041533676475295364 0.02644448762221878 0.03283587357457685 0.08546816913481273 0.0586789262446902 0.06664231870643443 0.04784841148744672 0.08887028716805494 0.037516353956531356 0.0815413070921409
82 0.006211900479611117 0.07405742138166946 0.07794783971659025 0.012509331899570883 0.00027507805222414016 0.05323662210232885 0.009217334926781381 0.03898071919993452 0.02490497827053435 0.0938251929641392 0.043781850265863856 0.08159152313139852 0.004951242540653604 0.03593110297182173 0.022401844944392915 0.1156040058622309 0.12010790697209173 0.06187260180497383 0.07561054138863463 0.046980961124553994
83 0.09705497637288152 0.07094328657945298 0.05021399084556236 0.008217560508314032 0.09320220707667869 0.02037030980501533 0.06968506451335116 0.09808492632647722 0.03743418792238499 0.07707615630853419 0.06717684494910929 0.08090937892723701 0.057408329927082086 0.0497911782401935 0.00034006985435771476 0.005294656735872951 0.014722963210365559 0.08060606791464484 0.01894649501312796 0.002521348969356612
84 0.09663659238343847 0.0369631166965857 0.013417764586464756 0.00954126934524534 0.06480258084481702 0.042902678215519956 0.07801820125030254 0.10322986350708677 0.06345385955640599 0.032115222976691844 0.0317572496354164 0.01579743956449749 0.04525092175352585 0.04919425385200069 0.007832105569832073 0.031898370804059745 0.07841600749618004 0.07754689440871529 0.08751923699877104 0.03370637055444306
85 0.04787206009196622 0.01462954993543536 0.03500003341458163 0.0867445153659375 0.0033462472709302866 0.06660105016991176 0.023697675664981092 0.073940213146569 0.0058942297616137625 0.0526496995374521 0.05871236588664244 0.08473357041995047 0.06426915188315095 0.08693523349576884 0.0668908295055217 0.010141511529295212 0.05791920323976173 0.05561307747110762 0.05114709871116587 0.053262683498256476
86 0.027632339773884938 0.03851608539091879 0.04910412244655769 0.03736749383562397 0.061788876982812845 0.04037138939790956 0.09637749255573878 0.0634521805731001 0.05179828574779659 0.10071492877079682 0.03512553143928666 0.061130748659273655 0.02462429784378445 0.07364920582573593 0.0026208283466480635 0.03182935956688567 0.042411251666961206 0.0237549887215969 0.09059027786914471 0.047140314585542666
87 0.054331732171094896 0.0723669116972521 0.04639153303522522 0.007789504858385402 0.03313858336282109 0.08804871899950463 0.028370119343359486 0.05278589856034014 0.04573324069315291 0.06317047320472602 0.008027375245436294 0.09979792760858393 0.09535234870826052 0.05948561241105511 0.04137834671855861 0.025849694926099728 0.05271063240283935 0.033266396799821144 0.07689079242194935 0.015114156831533975
88 0.07306025457417539 0.09681095257993827 0.009355855688588514 0.042117760846922106 0.03106709960949003 0.01830912330478148 0.09420686560912142 0.0434132336761055 0.006055138343561422 0.10065540719623615 0.00843835950269478 0.0505012547722933 0.029170806562388355 0.08397658822698968 0.00673328755640301 0.0777800191080808 0.005460640296310156 0.035766482327609574 0.10748347350378691 0.07963739671452309
89 0.052194405463094784 0.06267538503759855 0.005753046397789992 0.05313329973889329 0.0871948289554195 0.07444204987989057 0.05883301780231377 0.06158775285231789 0.01568317273178689 0.04251919438522991 0.024768280024760777 0.07703682602308916 0.01256886776554524 0.06651977002014063 0.05533588197604979 0.07847070096688898 0.052551928612001524 0.05733358247480063 0.0012814375111566197 0.060116571381231505
90 0.08793728747522346 0.014480298951349195 0.011121272867443407 0.07400464314095768 0.051518594382413546 0.040770326218576076 0.026474991823986358 0.04692913193107761 0.010267342054648625 0.02356940664912829 0.0478223856310069 0.004422471950797075 0.08080814843912631 0.08001026239454906 0.08429601459608663 0.056675809119114434 0.07197503577603505 0.04171326476366967 0.05973670636122074 0.08546660547358981
91 0.03291177113144177 0.02377753852643761 0.09273941058172332 0.008790432964629405 0.06784450781270135 0.09164033919421201 0.06635088026176708 0.0850749628458792 0.05267237658000667 0.02736082999103103 0.06898156871673239 0.06254036244456929 0.029120493622419693 0.05519105356545371 0.0499537826069486 0.032896509902211546 0.06276409038364639 0.03203181376202079 0.01785651147999672 0.03950076362617135
92 0.04587676931106192 0.044921110943003814 0.012853443446673754 0.04653167200970919 0.06595977631178927 0.024822960116878384 0.06554140117007623 0.08483275379958996 0.04667766432930696 0.057920342693086414 0.07476848570634241 0.08659778504499947 0.03751893907007053 0.021463397429945352 0.017187747270472484 0.01679233265089854 0.060574860090309886 0.08610058154512064 0.04740301038506611 0.055654966675598716
93 0.06542243260002462 0.07103329591731407 0.07056520815277127 0.06224110781427072 0.03959957325934086 0.026126361608552147 0.05798720190768398 0.0807020293302688 0.0670025614765281 0.07504162721262593 0.017941039161442743 0.02097860321591759 0.031771768737229686 0.05229935962539727 0.06377871794887562 0.05323876468508091 0.027739615735736793 0.07554716409908249 0.022573041139593818 0.01841052637226254
94 0.06803024221178551 0.0074239736086307885 0.12043592137822505 0.09384768381405917 0.059942903577797226 0.11451529073915374 0.0632308615620034 0.007568671714442578 0.013880098141852548 0.1101166747619648 0.06468975452610468 0.03916336626351045 0.003955394126081927 0.015476977635590613 0.007847813808571935 0.0076665729637437514 0.01595019821649603 0.039110896991240825 0.0962146885988705 0.05093201535987442
95 0.10694867499687866 0.07915204490578573 0.09345188779103221 0.014763909454050315 0.016343622747864443 0.0005739166614408259 0.002038622681895049 0.06175628286024083 0.05662678382658432 0.10970913492475204 0.025789424107129807 0.04952779371419523 0.0473565185936295 0.03525784850219284 0.011454495626884184 0.07065224567022475 0.0758730344188287 0.058053579659012346 0.01058905777175101 0.0740811210856272
96 0.027203644907348935 0.056603721611128505 0.07312403452635204 0.04653140347448482 0.055118621819923996 0.027579712370828652 0.0026595671484611412 0.0914887066260991 0.007425623917037772 0.05448979582506979 0.04222062627113915 0.06207597400129818 0.06937760759712618 0.039219975256442746 0.073956398554983 0.06636190687159092 0.03428684179355212 0.09371055244693714 0.013119774008761072 0.06344551097143437
