0 0.10498287775143988 0.054399301965524643 0.006977664003504867 0.013744016349355988 0.063597509328557 0.002525041571569566 0.005512005538904565 0.004141578281788636 0.0844262500570965 0.0287105243075518 0.0771634017282685 0.09269074607085181 0.027746151519086222 0.08549343785706405 0.06610279066425166 0.0238943179876383 0.0253572650469781 0.07289570476656408 0.09015970869174834 0.06947970651225548
1 0.08326308487054858 0.014937418146490956 0.10215941134844113 0.051943128454678064 0.05175648949591584 0.12762395745062316 0.040983889417045616 0.02620542134702704 0.013146497305279262 0.08670854619066988 0.010679033851045665 0.003123807998156757 0.06073212764897489 0.09034239014662389 0.02591447997877814 0.03723614257401626 0.015144323178275049 0.09337191532937839 0.04676658914427767 0.01796134612375394
2 0.05327289464824567 0.06830972591054894 0.08201739360787211 0.05051771605503911 0.037691920609039045 0.04697000827537826 0.0731888335234844 0.04287585737528273 0.04140743418202795 0.04807333643275306 0.0613934106825619 0.04229888259928614 0.04282965504658176 0.06063409421687606 0.001969970831310976 0.003689541553885348 0.0782443765244692 0.08387254469109694 0.026387018311833356 0.05435538492242705
3 0.03483504358868014 0.037450648955124656 0.04415589961771829 0.09357666395931757 0.012227693236049778 0.028332952163696183 0.03511941810745532 0.08436571614771424 0.0744561447486424 0.10306198596119336 0.07287523884034498 0.00979270355721778 0.06862259301566533 0.06469290033661944 0.007225445059915841 0.014462043054945188 0.05493805962253771 0.026834262089366435 0.09399654277469177 0.038978045163103575
4 0.03761726376385154 0.07426919792811067 0.04206989154022733 0.043722059518503054 0.08372485718215023 0.09428154044932043 0.08057961186122539 0.05036391719956676 0.02711730704319128 0.0037363533504963333 0.05293123531931114 0.023492899740239027 0.04954219617669639 0.08978548599868769 0.028670507091651067 0.03110962912571474 0.040286292111099326 0.04115685604749993 0.08324702110235002 0.02229587745010762
5 0.012326180085745386 0.0847140357086827 0.05256889596151364 0.04471536861345306 0.04676499445639072 0.05492315032945955 0.06667818527009761 0.05248878112209918 0.019000144394274998 0.011789659680002874 0.030816347565710136 0.07096064944796224 0.059390925594706115 0.0796720160268232 0.04652938741992594 0.04591703835895653 0.07974251879958304 0.03128886384744686 0.027875788973398947 0.08183706834376724
6 0.01690192383646256 0.0016129871832764042 0.06273971976864216 0.024849198955544126 0.001031128411832506 0.01581771309304174 0.04253645591305142 0.08056509578423982 0.06709827775202655 0.043761824901245264 0.015139984481137651 0.03158591218972427 0.060194330904247 0.08889546257511603 0.08887762341433855 0.082847960718876 0.07455489677997827 0.02074125121024283 0.09011983650035357 0.09012841562662333
7 0.0032231602958242905 0.08033844332878862 0.028452732354155064 0.09285025151701545 0.09539393621637463 0.0805644037866041 0.0849281108162634 0.06320175712210666 0.0001568625480747255 0.01897182668942671 0.01295770069990027 0.09047112094272247 0.04729686227427561 0.008287281215572283 0.05827088070905326 0.07094075653037668 0.030134087316225997 0.07261372074410256 0.005851983464541358 0.05509412142859573
8 0.09374010532400316 0.08874336805777887 0.03682411976797067 0.028100894531079265 0.021753265419330165 0.01692536846691764 0.01464932110161491 0.0673897641703371 0.07868865144759721 0.08314222628035947 0.09469127339944748 0.06844916036011216 0.04341810818764145 0.08003508036570046 0.016971240963628963 0.011207281417693195 0.02186080690590183 0.023704456689155284 0.028494984672734924 0.08121052247099574
9 0.05485416289036577 0.06623628478346356 0.014742664612451599 0.08107326666782744 0.023847562702669155 0.008007266492282335 0.0583050024012698 0.07113202350776204 0.0950820827871099 0.010612378130925105 0.0074447108959928305 0.09906858965053045 0.1049280630871514 0.0098678141679828 0.03682439127876181 0.01994344717469725 0.010330139797495952 0.07621976127611607 0.07789458348341892 0.0735858042117255
10 0.07824744110845498 0.08657999684964882 0.06494090940242142 0.022351653638156756 0.014134480383167317 0.03929405934216064 0.031027710745262546 0.06523329927240991 0.048589652875310106 0.08460548333612387 0.02474446230829076 0.07602792374417579 0.08862780025838794 0.022353722777821366 0.05634380986061624 0.01242591772179699 0.034740958155852895 0.020801443587383568 0.05458920155309886 0.07434007307945924
11 0.05073764204598323 0.05954200483290225 0.0531422939432222 0.03338911009327886 0.08707492385724698 0.035477459806519576 0.02987315240470373 0.01473231218945421 0.06459417303630276 0.04396315791379209 0.039780042620196236 0.08164812923868207 0.032629055612072626 0.0013129696200981304 0.07701542002704492 0.07241867601779954 0.04806041205951725 0.06272432048123873 0.043194256008681195 0.0686904881912632
12 0.06277035004936596 0.021586811965618163 0.030422766662732994 0.09421288304149214 0.005059200908023687 0.05731061799957556 0.03692183668290273 0.05785101432604757 0.05225635930009133 0.07376378534992269 0.029599120634939115 0.08719738215737963 0.03786428811981099 0.028983889317581748 0.08443614857556206 0.03255195942862483 0.021825220542831526 0.09277589490153199 0.09217646909248314 0.0004340009434822785
13 0.013545527254857475 0.0605924250125427 0.017476643874351352 0.06067253579728255 0.06564227005280143 0.04337392387843095 0.10162885392476102 0.03080772608608992 0.09090789141305947 0.06720255440374796 0.0012235365897718677 0.07663889017420376 0.026327789650609855 0.0792447320198129 0.0015375071124699938 0.035019980193180325 0.10345431804856056 0.04314536968931359 0.021004694179178048 0.06055283064497435
14 0.010851930802899621 0.057867206914975024 0.06015828947892484 0.02166330757450242 0.06935797509273371 0.08511699142376457 0.0569324017266223 0.06109488125200514 0.07578792315956293 0.07071320278277422 0.032625104516790994 0.06417936906691649 0.06442235881121493 0.0703186872327299 0.03370942678214402 0.0042975018523016715 0.04685316672611113 0.08883438152009433 0.024243399956423745 0.0009724933265080817
15 0.07769623131164359 0.03415344761830973 5.306739600197223e-05 0.07990258070258821 0.056372745242923385 0.0655264863718663 0.026634607844808787 0.03254211123337696 0.05885271714513735 0.04471893334477887 0.027233449172888488 0.07921799560603122 0.06591263386381933 0.04963504527033659 0.0866222761412957 0.0471477685219526 0.0714602148500246 0.03250467225445275 0.006946549340986553 0.056866466766777084
16 0.04596633980626859 0.004380350973002211 0.04558962378251662 0.04662665548888832 0.0796547226314912 0.03682299899768826 0.050924325449124 0.04741971402982542 0.050089540280586056 0.06785829321003109 0.03954914104570062 0.07043869414551726 0.005894680056954418 0.07708367977102448 0.049303655347473434 0.08000193766187934 0.07116524745241334 0.039943968383945296 0.07549160050355053 0.01579483098211937
17 0.04027584611424496 0.11453505987480218 0.017907504807412915 0.009746336457085067 0.10510961860021056 0.030032969008057252 0.0625535130242582 0.05076002024739245 0.1039702824961818 0.01842074786156116 0.07736773422269543 0.0197996531293164 0.01314917902677652 0.043034680186241535 0.1170458726854998 0.002744310360609761 0.03724859578776142 0.03597430874969364 0.001192383408811502 0.09913138395138726
18 0.03920056966784238 0.0842623153078419 0.025260838565489496 0.056084327193205816 0.020407632128134925 0.037629094350183134 0.07987803272786854 0.03140189547890078 0.08474514492180513 0.08224514306911082 0.07230728683144302 0.06830133898894691 0.006206437276403985 0.07524723099713221 0.05859140022184356 0.008679914603316772 0.07389638095399502 0.04364084959553782 0.004187459063134062 0.047826708057863765
19 0.07428016185944106 0.08948938526689555 0.07337882815283968 0.09656419178596722 0.03779650063712791 0.07433830108392922 0.06547250697149554 0.04754489243482578 0.05370569040155086 0.01739611791206859 0.05330853182950134 0.0340525869177014 0.0399721738880189 0.009981292835437966 0.016736663104141587 0.003275508205716794 0.05826694506062974 0.02544306506138198 0.036485078532182844 0.092511578059146
20 0.0683478621677668 0.07167815783089901 0.011905794127156968 0.08736396565298793 0.0690869615292041 0.02946599955962199 0.005641779891095174 0.047327444202829784 0.04909935955680386 0.08319991597020383 0.031040328852431992 0.019787233464244675 0.0547423007589608 0.059975071632663995 0.010893172887066446 0.08423839402961047 0.030197608512421502 0.08955050645254467 0.07045240250481201 0.02600574041667416
21 0.05404767209911015 0.07834792989046287 0.002884531475454122 0.08533065209409683 0.07923200244190165 0.0343508011255896 0.059173983008690215 0.007258049076627702 0.0777247363503884 0.027070876355341358 0.08116688362238864 0.056838072976789944 0.0023502473147862103 0.04691044209624791 0.02139844963388847 0.07960864749467166 0.05520257121670057 0.033812021640065866 0.02847533852477576 0.0888160915620221
22 0.0041458289788460535 0.06969349058365883 0.03802739103371388 0.02833549877690972 0.03833687664324045 0.03251759516351336 0.019142137304510965 0.06277639482234955 0.08288369156828493 0.09184861413660318 0.08205340607451875 0.06556154591783238 0.0826112546175826 0.006488212399035163 0.017022552416177155 0.03169575498056384 0.09105919417096565 0.07560712947654341 0.0015542148623157942 0.07863921607283451
23 0.018592700335436675 0.07763672502225069 0.07066135152967268 0.046272035934397514 0.011598328841390722 0.06434598332707431 0.07481091624498593 0.02742655883918484 0.017922954756733136 0.0726643269175365 0.05788982210786404 0.07821893463203546 0.05077171994398928 0.03104815568852019 0.0757040770704611 0.0706489245315713 0.05728914032285176 0.04823411547329195 0.0027969767018462682 0.04546625177890577
24 0.049966446441189506 0.06516131069660518 0.0229787514672295 0.016192410863478394 0.04554397145212468 0.10806334226380376 0.008821612114818665 0.06230657218241021 0.08520356907752925 0.07126214319834807 0.04603104987281811 0.011077965124044051 0.016878683175428254 0.042824000668730926 0.0793174995889587 0.06872691796491812 0.043333920964073736 0.0170917707345737 0.03355454465253959 0.10566351749637759
25 0.08165513387406727 0.08785633608681125 0.024118053841432754 0.019582275883926293 0.015795609595049533 0.07581835681228015 0.02067103872278065 0.05273071310331971 0.020876628061673373 0.09581639563121087 0.08201528378979486 0.042007829086345434 0.07545951802603634 0.05731805020734097 0.04601655497712464 0.0214293985089354 0.09242142778927735 0.05629577990806444 0.02330889128130553 0.008806724813223279
26 0.04794563578859803 0.04203405643929519 0.01418167004546014 0.07214096572357315 0.06308007111649133 0.02021002564307199 0.010679283857033626 0.033326786629394006 0.039425275986673274 0.07581986272920867 0.04404490180748224 0.0890940809260434 0.06481487845039342 0.03957129748855361 0.024531597369588546 0.010499219384614107 0.08134675050349535 0.08138230730063438 0.08203351881583243 0.06383781399456318
27 0.01102674082196442 0.012521636064632554 0.025255047408439795 0.02984880007821419 0.08128215396020366 0.048117258494006596 0.05614072488463449 0.04251449519579102 0.06218320033000427 0.07060937794228368 0.04762030197078288 0.00874303480988206 0.0842350050541463 0.05660748677371726 0.05140178793004358 0.02267758391723359 0.058800862971584454 0.062449358333233757 0.08094538377075673 0.0870197592884447
28 0.06709314113439274 0.0014026754177808138 0.011207260702461577 0.04975424641769981 0.09650057830545193 0.027565651067440623 0.07329963605660615 0.0834728022799725 0.054629820969345134 0.100913119681238 0.03154413713094159 0.003950581792175409 0.07794338695857879 0.06739725210773553 0.05739706613434411 0.02706521917187977 0.02809018294443603 0.06718439534317337 0.06073737981435426 0.012851466569991834
29 0.02011376180655894 0.051165008533961165 0.002259839895981105 6.070046902466054e-05 0.036638684104438456 0.0984130539115972 0.10765329090049847 0.0035670616100010127 0.11072310199653397 0.057699704501061086 0.0070237943931584544 0.06758889656672697 0.0745640309866265 0.1116364182849322 0.00832730940985075 0.017397517918270374 0.046630121693711495 0.016186553937767162 0.08994239726841965 0.0724087518108805
30 0.07808800574101968 0.05713307467780532 0.06893147249153704 0.054922986848535096 0.08439225944706583 0.011580324125814253 0.07610265827528243 0.08907466432053437 0.009501444229683846 0.034452501617284186 0.08484051707271086 0.05305101562719944 0.06655224083184304 0.06596032444604102 0.0180405347772258 0.0014205845815971343 0.06273071420368666 0.07595018479825986 0.0037980513979036326 0.0034764404889704686
31 0.03249319872037639 0.09529538021734256 0.02541024016955978 0.04297200297136917 0.056248010367912604 0.011954915253452748 0.032081692002694714 0.08078681156274711 0.009861630296584665 0.09518333737864951 0.06978564045551162 0.05851486973261152 0.002314865690601173 0.05384137037057653 0.02500967179242456 0.01001098580963496 0.037126105461227306 0.10373456505690698 0.09337522994762626 0.06399947674218986
32 0.01861683430167121 0.03539080827950881 0.04879322521059126 0.07939319871495533 0.07367806233111847 0.068911189109602 0.07011060340505608 0.040410848421315114 0.03488112438122038 0.058054843453748374 0.058842307040803225 0.02274955659861011 0.04079881168313962 0.06742050963306129 0.05714755383473479 0.045870675459388506 0.004178166943650742 0.06616348976716221 0.031012071214001662 0.0775761202166607
33 0.016599116793747266 0.0708793031235566 0.09212122545497113 0.013486087370602206 0.07277786141842664 0.009074703724711518 0.0182633430193792 0.09108945814685558 0.019533932677617574 0.033604368887835266 0.03897368507215053 0.0723819183396992 0.04913480103792307 0.08681998306658226 0.03205492122187644 0.026112707643804696 0.0491136451961841 0.05096787705410925 0.07509705726919033 0.08191400348077721
34 0.07939050018641332 0.022492285213427426 0.054542903709159686 0.02942600656301114 0.07764086894776039 0.06319776482030147 0.06953313165228163 0.02051348132282216 0.010302746744445637 0.0667241223284984 0.035289390097021714 0.08419167675603072 0.00010405139410601641 0.006242542076904275 0.04139638754476897 0.06056651667242296 0.06279114021744205 0.07639042387793925 0.07001150278823726 0.06925255708700538
35 0.09015505784910734 0.04485468945739962 0.02624475406271727 0.045894288770190965 0.06581518018065016 0.01611098590499853 0.0030237868468087413 0.08327057442775093 0.08524218886114966 0.037955723747171724 0.0884853673106971 0.06265622664672767 0.04241770668624051 0.02581524595789889 0.03377781275292802 0.05957199377120334 0.04637365566554213 0.08551708732009126 0.0491513432961581 0.007666330484568189
36 0.020619354855829625 0.06275279869081986 0.03486191249258508 0.003180811760096162 0.06251671796476947 0.0986989500374587 0.02362168333599694 0.03891344058298873 0.07298916795196626 0.05851231541504596 0.03908492106057256 0.03345978632469105 0.059360446843519536 0.04581807467313343 0.09725738350156042 0.04797483886789768 0.0344424001881109 0.0904783352449917 0.02392540099353445 0.05153125921443138
37 0.05526839087662626 0.09692045225575092 0.015501627214720743 0.09310630369900014 0.009339972209838792 0.005658329599427779 0.0603614199643476 0.062465859195501655 0.05565188669915582 0.06009113036515711 0.05674028025390917 0.05095846002684741 0.002193972966153107 0.01227730696446213 0.08978579513010007 0.008596168915651502 0.01914470684125749 0.0569608407726385 0.10393306080976579 0.08504403523968786
38 0.044188658801392736 0.017220107940984573 0.022705922877592415 0.020912958220050515 0.002747156927139525 0.08533699958126105 0.11418963004496394 0.042660543767154835 0.05824454669284345 0.04610688092717231 0.021515915537711556 0.044498281338942076 0.08157155101546845 0.02253533330581745 0.0684073572385064 0.0002579346332430704 0.040535987767080575 0.09775943521508536 0.09892483421848738 0.06967996394910242
39 0.09135940568264916 0.024088323931538928 0.01598256806921198 0.05304708006645313 0.017192574582163462 0.02636400560695795 0.09557764153101767 0.028917402844088017 0.10838589469542853 0.10839230925282482 0.02678101442789188 0.006753005994627619 0.01654340105179028 0.03260915724811845 0.07394245476661529 0.08258082489538958 0.023086548802969675 0.1103927042094019 0.05077843394676476 0.007225248394096841
40 0.08697424253129614 0.069980600612835 0.01026225246722292 0.037320953499371236 0.03431127576776024 0.02757623100366449 0.09416388215557397 0.022456117334426616 0.11076390865999676 0.06179915735267788 0.04116463580734738 0.04368862062186548 0.011082595603294798 0.062214459218221385 0.009966387401262974 0.08773143771292788 0.08995623163380073 0.00036214248949798276 0.01579059242108149 0.08243427570587457
41 0.02647238054916963 0.03754629922076481 0.05814561085546116 0.0709716789552689 0.07743253412522437 0.08003526770662593 0.03748707012164682 0.08456433037430251 0.021519291150309164 0.008927100506560119 0.031623312689000815 0.09967479329730702 0.011457711471809384 0.03574490066003213 0.04240824301043974 0.042866034783998225 0.026796091117495133 0.10072218870257679 0.08350864947847009 0.02209651122353727
42 0.03229533104933557 0.08132565781045924 0.09432232232623212 0.009269339365131508 0.01713797965137206 0.1010888204182544 0.10150427549551107 0.10594828297735998 0.001342186971276546 0.0032741806583961234 0.006183556066071421 0.008640668626336771 0.048377840105934274 0.031513839181675725 0.10493734591588336 0.08919124358530425 0.059129311441766884 0.0010682994536301425 0.07139190120270744 0.03205761769736103
43 0.049495231729695624 0.005136495007938528 0.02182364689873324 0.0016109337433366023 0.0317288814709534 0.004054729850441076 0.05859289478153008 0.05678176767016716 0.08680657819918615 0.08648163343366942 0.054123581014766615 0.052199379370987745 0.10065490333674852 0.08074438630819518 0.08512647230588943 0.07623418414264904 0.051096988514646856 0.0074259545647826965 0.03694715402434158 0.05293420363134086
44 0.041375835479282946 0.07865776616678233 0.03518566847650519 0.07652356538928293 0.018396936012863123 0.07088550282524925 0.04506491109373549 0.01229476528921964 0.00666462469551634 0.03643749449884007 0.0883946946803195 0.0012039614242276102 0.09173042273759345 0.024986867008422734 0.03879874148353088 0.07289435853429839 0.0852798502868315 0.07213719317258428 0.021538986426213075 0.08154785431870128
45 0.04737631296690696 0.10346506414749827 0.057989414738834955 0.04421463215668875 0.08801225865298387 0.0511076989829124 0.03920092626517442 0.016371233892914266 0.10974124934860653 0.12123350449892593 0.04355679581199964 0.0387863402664198 0.04767480050865463 0.004136684779861316 0.04324552678351879 0.051135800073269115 0.0028576322274389532 0.02709985281965188 0.05935435288946385 0.0034399181882756613
46 0.0665766583644518 0.09197862282526659 0.0756382338443279 0.064326683401524 0.008680176305930948 0.09031762437730309 0.0033303232225871996 0.04110699545286798 0.04926074633511537 0.05558637098645336 0.0928745892518669 0.07054764065004766 0.004134976355490279 0.039154011781298945 0.049086068338310904 0.06289624473541645 0.05536361797447404 0.0607545239419352 0.004003675108982403 0.01438221674634913
47 0.02659439286777994 0.05275249994173883 0.00623791760140986 0.08530004429252117 0.034337910624112594 0.10101052189961963 0.07613123080492742 0.023595307603858574 0.09653775854723147 0.01634892167946472 0.031576464145623345 0.05817619463440522 0.10598200700273423 0.0060462570649658124 0.01893915434985523 0.05451295688968029 0.10421292842685191 0.05828980551279201 0.0205756522135301 0.022842073896897765
48 0.09539383831487881 0.02918753184311016 0.04943352579938663 0.06458605473093827 0.035380443696508196 0.07955126226489026 0.03092274275701581 0.042213709351219514 0.022979417274654194 0.08315261566379434 0.06335506263384673 0.03500581603262595 0.06730483987863622 0.07990466728121493 0.017837142927775263 0.025753570982211805 0.003063075881331902 0.07174788834945452 0.03458909933574539 0.06863769500076129
49 0.09895243286274237 0.04157673752502937 0.004134170173818466 0.023084950508068938 0.03253377131101603 0.07091433378812613 0.012993319526028852 0.06808869733643386 0.07092885067200874 0.03627340927362179 0.0023254732443198 0.07083024384200436 0.032974647786787346 0.041804131686979384 0.044347532682189286 0.06427921122968083 0.10543585362835642 0.08237811757620866 0.01948654844221778 0.07665756690436187
50 0.08102590746785684 0.0992930022213045 0.002081145740329765 0.055322468687676235 0.09586585129472582 0.06971844639996186 0.016180505521665497 0.027222449908352243 0.012276769373790752 0.05488084991228011 0.058838036388848935 0.04495904401514472 0.04866344928530443 0.03760761757974431 0.015150902905087993 0.03417965650154482 0.10197495771193267 0.10018420926220796 0.01208208191732591 0.03249264790491478
51 0.03163332384716079 0.03238267552552687 0.08362543884043135 0.04761863080768996 0.03433761810346743 0.022388263590678983 0.05821576858229961 0.0863131198815177 0.05759282563723091 0.025053549246071297 0.01453206669599066 0.07631087203417351 0.0927485611907664 0.06000195525744244 0.07730354789463746 0.026366812153887132 0.0068270969910515945 0.05424498930331368 0.03647904666562415 0.07602383775103812
52 0.04815091643848916 0.09663841851617612 0.012133072441476914 0.03949550902793453 0.027461869505080956 0.018257779803676415 0.1006616579292485 0.04435736207920165 0.10332367796514215 0.04794286654016669 0.06831652341572574 0.01390261959552542 0.07867339343160132 0.03488515190897771 0.004996935082446697 0.04492484580438826 0.06604070262189925 0.10201563893625484 0.04420425381925047 0.0036168051373373132
53 0.07664443786172594 0.07739101218489677 0.029325006818010504 0.050842999058295736 0.0011437452213670712 0.05462787385140499 0.07928970748720618 0.04831409386135105 0.06620273883349939 0.02603335243009275 0.07421398309912672 0.042543931218084176 0.07251288113749811 0.0013605280797872159 0.006938429350050676 0.08140910406860254 0.058536541887363666 0.061403879055195336 0.06978788723989932 0.021477867256541907
54 0.08223694891162275 0.08055538714350706 0.03690429163513895 0.09485004060423667 0.01244640107469583 0.037578660510292496 0.050834303316273886 0.0023318306461459952 0.018108834049221596 0.006493589144637845 0.07300497595203943 0.03133883655262611 0.07942192785588882 0.09648639892414208 0.009604566004333532 0.03986942993424255 0.060571581112744355 0.026916521676876772 0.06539301899142784 0.09505245595990557
55 0.017554260063808457 0.011970569419252333 0.023543471495533017 0.07821296841122767 0.022148007841750864 0.09940439789782195 0.06371004251278185 0.006398105162359559 0.022069330690783595 0.0003071199980170569 0.09480744911120445 0.08546234766799407 0.07751714852211469 0.0550399925031538 0.08973176304705922 0.048095786093201094 0.10956165637470652 0.05034571857249575 0.02132738376411243 0.022792480850621626
56 0.006010221384208912 0.06291686883102532 0.0851291085496474 0.06708787775303883 0.07308833292075154 0.014754704090407583 0.08681183916806963 0.06584403080820483 0.0489446721389348 0.08471213049291455 0.08813264557950645 0.07064618675632614 0.0859668189076612 0.054946394360326896 0.011401956295443515 0.014088654240035258 0.022553625989697488 0.006709260818822991 0.015486521255514028 0.03476814965946255
57 0.09064607343012716 0.06369066119555941 0.07506875832995 0.01383150438646257 0.04188509680713123 0.04385266789227489 0.026606298527636452 0.02571622430236208 0.07108182047988383 0.024107556424670867 0.0699075460180254 0.09475770698365647 0.0976698343113198 0.013011167004464403 0.059736322916020775 0.026771686155505313 0.04108082984465743 0.04274580668715068 0.05403366470863478 0.023798773594506537
58 0.05965752202111173 0.06687120163344486 0.01952752132694303 0.01360325464407642 0.009228358783514459 0.07026792844900216 0.11629468770987676 0.06836694960734001 0.05569991205241871 0.05923308158005008 0.008168450112401698 0.018079493523155934 0.11622955903150672 0.008751268056882386 0.007330361755855352 0.042021717136344255 0.02478243304401673 0.09600562904452396 0.10325929100119374 0.036621379486341164
59 0.030851891827216194 0.05597704262873587 0.03459016779614548 0.012519872979308481 0.03278062602207429 0.0017180735306242688 0.018628126119560225 0.033429244564694524 0.07443715382460023 0.11040864867965129 0.015866097163458777 0.02457300850739485 0.0762484559561528 0.09161041532569815 0.11237498531253508 0.0822797185596424 0.050007166288090744 0.005104432698346003 0.0563691172094395 0.08022575500663078
60 0.056771329550276604 0.07338543284941716 0.01396079188776516 0.0702762692602078 0.02538910526947929 0.03702666065418077 0.04844415193176996 0.019238776041290265 0.049196272938514335 0.07806899886685528 0.07469108398021944 0.044618429559125025 0.04484438341988093 0.033562160325886485 0.02373479338221127 0.05994454717696667 0.07697323622279198 0.059203303043763665 0.05526015026265151 0.055410123376746535
61 0.012815144198773484 0.046213432573705346 0.07293959052325305 0.07561123454863035 0.0737702166853675 0.04823561947878251 0.04522597645192273 0.08121794255163048 0.055517537998846386 0.030800655453358836 0.06847545751896385 0.07957174811248205 0.04894184397086863 0.007177893532879043 0.01678900488415645 0.07923751180037217 0.002496146438556335 0.0370170043585527 0.06490133093817795 0.05304470798072017
62 0.07327800689915491 0.019690266807391818 0.02187120467258471 0.01938368400987104 0.0608480576976186 0.0447775546072292 0.058332898275301456 0.06662704554028241 0.05768778932000049 0.01112353090805512 0.08292018073675626 0.04254925792346468 0.07374368110517736 0.07833943276727474 0.07369887153478295 0.0852245006095996 0.011389679454708763 0.011270544551077328 0.054849964397240276 0.05239384818242821
63 0.03954588839638687 0.047129629390748023 0.019513675469792956 0.03016150999316031 0.02563649274071078 0.05513469579962996 0.06331738717329488 0.059398468786740086 0.040663616545315875 0.019873073844240946 0.07567604207176051 0.03635564910164256 0.009973672905937274 0.04987451919351934 0.08902617203047129 0.0746584796035402 0.03978584546909555 0.08998543916628941 0.051129071473004356 0.08316067084471901
64 0.1023033931878136 0.04144289413965951 0.06218085386067939 0.10218068083795348 0.03193593343600875 0.00179602661871875 0.05132457231569229 0.07557162264032317 0.04150990916478817 0.06487443726161843 0.015719005652663723 0.043995244346669946 0.036633619632402095 0.07023609315380204 0.028706050126257116 0.03390555373801554 0.02144312941077701 0.07161999887787548 0.022556753210987032 0.08006422838729454
65 0.0032268761608099644 0.0015916582790147164 0.10202934378112219 0.014919002656500601 0.05136644715060124 0.019178985101249147 0.04392448784219863 0.06653951030889226 0.10088132501622887 0.08479994376367314 0.036045065493163775 0.015789728544073116 0.08883209680660469 0.06578119940908134 0.08699408648529697 0.02610821609729121 0.06248526244520762 0.07121398629178914 0.018890250606229595 0.03940252776097168
66 0.045836162716310934 0.051395956649409255 0.05451770234264039 0.028895806148850636 0.022890072476419047 0.10382480788475883 0.03494368524388605 0.027385538085838726 0.08668074122455323 0.10304464148237487 0.04431748745835196 0.024536215542730676 0.02429634603292998 0.03345116065342926 0.07308292319148538 0.008086487859792 0.07371014723635005 0.013060612914520039 0.08874236448133115 0.05730114037403749
67 0.07668324024821656 0.01361034212684287 0.08664706797228715 0.011624251913577873 0.052848841807343686 0.05612100583204883 0.06321802262646213 0.0714838181291314 0.003922494470167192 0.06205562500885278 0.07472262931027826 0.0638164682720338 0.018348503273583627 0.03534812103173609 0.005867372542602067 0.07715091013721907 0.044505911780070705 0.07147609045569142 0.07458631785365911 0.03596296520819528
68 0.018656705313654022 0.019234906351763937 0.0652762389588617 0.0037581821935397555 0.11934302662932687 0.12196370581744126 0.004474028108966869 0.010858406271633298 0.07841371094335765 0.09125982645461181 0.08433675115001595 0.030503968357821872 0.007056735218814764 0.01858453498465499 0.08345628294831169 0.0035394726171198393 0.029563625545163223 0.011140978643026165 0.08821328327686474 0.11036563021504982
69 0.04377935455100254 0.04641450188428745 0.08871015059341145 0.04448796262797357 0.016829905226566893 0.07105124110679353 0.0775081783853385 0.04606687651579165 0.014497536348707356 0.08959957483649213 0.043235576201949864 0.061416519160137066 0.08493341596942743 0.0006082507512148584 0.04192868754464959 0.034555026199433875 0.08701330988133059 0.06441832154111406 0.020339095886547344 0.02260651478783013
70 0.028776443462348436 0.08598060716948921 0.05075595860113421 0.06197917222437267 0.01762987561518654 0.032352811851318504 0.08032611617637554 0.10515503068348998 0.0022833586807225583 0.03396469769889209 0.002297617071380186 0.05405536540124767 0.048460082189324835 0.10325391857167115 0.016255269546273182 0.060572501558944246 0.02420834946822013 0.10343087772617682 0.008718542876929568 0.07954340342650247
71 0.09936705303801072 0.0320730683680296 0.0747457139766076 0.02602489966875914 0.03670185910161204 0.046580794807349245 0.10513389251496459 0.048269639727309 0.02268002085148236 0.0428053589372484 0.08348675944452119 0.010241109105751912 0.03922517507778639 0.07293412377750086 0.02196066641902342 0.016391135207735028 0.020805614555992433 0.06199909354568595 0.043149405442013115 0.09542461643261702
72 0.06218614177578152 0.04510394624682816 0.023176382059506062 0.001988126116510469 0.03450085238680509 0.049101163803747315 0.08056401486298975 0.06638355278194992 0.013934985110021454 0.01838519904997617 0.019136294768911186 0.01427366392531692 0.09257099645065188 0.04603411459726703 0.043834861429884624 0.06937957135371954 0.0678093543356789 0.07099376728208613 0.07751061765327442 0.10313239400909346
73 0.07789839696874644 0.019991675772158636 0.036888089097430944 0.07653702875271065 0.09011774897859928 0.047027386274541116 1.973444269583982e-05 0.06015190374477651 0.09054289613533176 0.015798772602234074 0.007607232546346167 0.09904018904957096 0.10357969335384391 0.07479701865341143 0.01046510814724894 0.0738362782488563 0.04037858191867142 0.012977769467118889 0.017174496222041914 0.04516999962366474
74 0.08527779402599471 0.017591206907770794 0.05564002665806169 0.09271593863799926 0.007716063408863066 0.0706983315558866 0.00770997355235791 0.07537588510813906 0.040772350786799354 0.06713390308958718 0.01735571696617314 0.021014704213792475 0.08435821825954275 0.06460366526103058 0.06709705927347896 0.04039735527929165 0.06509084909951761 0.03886332482318614 0.04192067467314961 0.038666958419377506
75 0.043501648868311316 0.006743855882680195 0.0452598099710869 0.052599375494312844 0.02212358825416386 0.021342822046638968 0.0491519981774887 0.09210645249592073 0.0891662435812007 0.06760392632277284 0.07569518813694409 0.05088096021161357 0.06344681773336092 0.0509202154402586 0.020482173624681306 0.07356326253457474 0.0415770559542818 0.00955638413085511 0.03921491935270434 0.08506330178614832
76 0.09317052993306915 0.08735021933571979 0.06601470063873935 0.09758075943736062 0.008586927039549715 0.03084636443389496 0.04242878888018521 0.033729604796445996 0.02022678860082877 0.04307302769967898 0.024434894094612372 0.09631228759075705 0.05801324846843678 0.021624061154436797 0.002987927387392328 0.06936982232564426 0.0967703925778696 0.06604901772138841 0.022391996668561592 0.019038641215428337
77 0.02963933732538249 0.052264581875352385 0.07292343491998399 0.031880467024578196 0.0531151768760101 0.04857229448358409 0.08044684808634328 0.05383387246604554 0.039731062907630975 0.030771435590412583 0.052154901684823986 0.05982900746978778 0.008379854516817897 0.054173336256618874 0.03301575586462517 0.07727517212964628 0.04758707207765571 0.04321766805921461 0.08829406134808535 0.04289465903740051
78 0.09052258801747623 0.10345790275661519 0.03227186243110059 0.02101894064992391 0.048794260121028415 0.037149167327642375 0.0019039142072366472 0.029423744345155087 0.04402067857210583 0.029706939544741625 0.05158752440970464 0.10127621264583102 0.02002747182934893 0.09877785046555672 0.0830329333334692 0.0772322895953466 0.03746064559997898 0.04532526938337775 0.008595538034959351 0.03841426672940087
79 0.0641572273577406 0.03310149604035613 0.0038931794991741726 0.04479663033894288 0.090138493556218 0.1045222705340929 0.06365635746725663 0.009531953080018326 0.09763977710085216 0.03472938329589246 0.04918105196319083 0.05669279477149021 0.05765148854282457 0.01325624279552198 0.011566897338361096 0.06618494269869009 0.004606313527709523 0.03565878982605745 0.10620994621084844 0.05282476405476147
80 0.06878442322463901 0.016960527217207425 0.10575019586270817 0.09462607372241583 0.08349266246789581 0.05374224356358128 0.08654731047584895 0.01443463016276052 0.04687040306897412 0.015018381835437002 0.056252877396488446 0.06483376062804828 0.0312863600922349 0.03352227414865886 0.08720274970513887 0.06418638057228315 0.022051935411591707 0.00348807423334165 0.03551695811408445 0.015431778096661622
81 0.032768077902702634 0.07094756104042348 0.021975053774636048 0.09159787283316247 0.09264025094770509 0.07978708716256355 0.04688431267261525 0.021773391311595464 0.013139343389972117 0.09975847399214949 0.008904947881366927 0.03936609836961553 0.030723714789894378 0.07261764761270777 0.08701164810242572 0.06520689190898246 0.06110341624946779 0.040458789072731864 0.010877818303407557 0.012457602681874486
82 0.008926673568411009 0.0413755923194425 0.08486760145755566 0.07682418182456621 0.017237481007970335 0.07028037194431985 0.015164300670956078 0.10214494944015796 0.08933507567578988 0.054900261118981906 0.056180601595562735 0.06418435799971865 0.026183228706028145 0.02722477743571586 0.0915689880701985 0.03461945817482426 0.014030449154098205 0.015777859461751916 0.08677860568110657 0.02239518469284381
83 0.08995148167869817 0.040139658018989624 0.010343668421914379 0.043783930407678785 0.041057924247421405 0.08915791933616102 0.08586985453783041 0.06742072528466324 0.06132961821700301 0.06033455248644077 0.020793463419281264 0.05122356884786272 0.025236619487650016 0.04963148289622141 0.07025610060764434 0.054229177217817996 0.05317777711236279 0.007255962484196677 0.01361712786183218 0.06518938742832993
84 0.026267173835204754 0.03485523838036727 0.09222412836476113 0.007532658472161711 0.047445480374468496 0.06226204819516754 0.04321323032437492 0.004423066648579666 0.0856068402115973 0.022062843453084034 0.09961597497756974 0.09455192708742804 0.08839667910969805 0.05126837120031127 0.04624908213661944 0.02553883032661239 0.007305471765971021 0.06333467636395518 0.07190178187494947 0.025944496897118627
85 0.01755156544524858 0.07878548553902957 0.08928348049573077 0.013588644586125112 0.08043618138091994 0.01989195045193479 0.08821013211359309 0.07440341255596267 0.0643872994880799 0.07871845770977212 0.01337904895544963 0.04625034414404289 0.07497490716940272 0.04839538567342465 0.014964287494308585 0.07284714713785144 0.04350720666167076 0.04125690407452893 0.01556656650994957 0.02360159241297428
86 0.09138443207033786 0.05857975523598473 0.07743373211046004 0.04383054970389351 0.044181588101941255 0.07080056711622523 0.05359056886246177 0.01901934807487814 0.054570165950268944 0.005776399783113453 0.0053539948059020655 0.05182499731846044 0.09454435918380247 0.0855086384500171 0.03835591491103921 0.05186938315765366 0.01838175669813094 0.07004371145701156 0.030259695430992814 0.03469044157742477
87 0.02357019101294881 0.008993749178331052 0.017364348370973857 0.08179331701731392 0.055423813026589684 0.06819134083659656 0.03346144870270862 0.022153427394688046 0.04350548246584885 0.06615230570275984 0.0625161947306446 0.0056296057465091125 0.07791415757307736 0.04659145288279933 0.050127891397680306 0.06743009799363277 0.07723922832874527 0.08274410220629304 0.055324917559426895 0.05387292787243218
88 0.026529610428238124 0.04500422243861465 0.07258814853042295 0.03980644487280743 0.07225099407275885 0.051440701008869764 0.05296025062921383 0.030397485312102984 0.0598213324312274 0.04856552650783196 0.03175245147660616 0.06600616001350941 0.021252962198726764 0.04200597172497388 0.06302513953452295 0.0644514735290134 0.03258559827470557 0.07763757643100906 0.04784745004499421 0.0540705005398506
89 0.08820637362373465 0.046623919115299374 0.053286583774237874 0.00555191902575796 0.01934552394097231 0.07358379371924427 0.07928869094152106 0.02719411182119506 0.06340654649567118 0.07256278344867545 0.05646584580556345 0.06581093488398215 0.006227001734090613 0.008417554421237308 0.04130997885430767 0.043244840390608906 0.03310752266476165 0.059746699546564884 0.0807354300068808 0.0758839457856933
90 0.062104602194893735 0.0582838943594582 0.08159333070929668 0.019293652285340846 0.07834792449000227 0.02902020236583672 0.08889654312041315 0.01940034101707279 0.022565253648036823 0.010313308759402078 0.06230713597064811 0.04737782954562951 0.07673714332716061 0.05241632856149848 0.07903655791118241 0.06937332772468881 0.026688363287930963 0.03667742776624409 0.02592485318570307 0.053641979769560616
91 0.0036543972967109186 0.01662856348223913 0.06770723249407472 0.07269292072609883 0.014448248499466259 0.010598574852450388 0.015715784609960887 0.038935872103543816 0.07482268203940644 0.06302059686169548 0.07472265966552738 0.01729182705207701 0.12148058908111553 0.051579617603162306 0.043223176117673866 0.0728305346774944 0.09891243692939196 0.08711340233169164 0.01268836776969482 0.04193251580652423
92 0.08526364983460699 0.0449926869638423 0.0053341409639527364 0.03362636185842692 0.06212784151786909 0.038831165008618565 0.07677609021773782 0.043980591663968845 0.06728176598961935 0.009626780050973362 0.05560605738325408 0.050410059692565394 0.039646098140025926 0.043921045270154516 0.07734084973946084 0.026569121893977816 0.0688143086634591 0.0375152585706628 0.06508838039704277 0.06724774617978108
93 0.031951413019307394 0.0718439637708846 0.07460587282254798 0.07140983117150322 0.03899010614221359 0.06651988950090515 0.07999739706455443 0.012686065153069989 0.02663618119556734 0.08368139429825475 0.007224850225391977 0.05233778310591839 0.006440638366236957 0.0003111111302469167 0.08494994730494032 0.07316374295148756 0.0865312251550152 0.07919664316852475 0.02110819330285545 0.030413751150574004
94 0.017049654302118824 0.07867229515881156 0.07686840018761068 0.05505087193695584 0.05326044046996581 0.0007748038847055489 0.06017104517921916 0.031533364584351624 0.048866299056873425 0.05830934513152608 0.08842080738949158 0.038774123293922894 0.06716963975260515 0.05642570087561253 0.07857577194255717 0.04124257449293985 0.06791706861923835 0.02838561987092057 0.015543059148262314 0.03698911472231087
95 0.028249672284714786 0.06444291562092085 0.01919030600085195 0.0061729191900886556 0.10592218619643062 0.0560564525616253 0.06853736330730376 0.014274160871061514 0.021181777432759726 0.09126795950407811 0.11590069602136346 0.10099391654547367 0.018050869659343216 0.025065270649577323 0.10548122886650203 0.03867106150003956 0.0589501413283516 0.05176932130258666 0.0030002310616959577 0.006821550095231183
96 0.06839528259714525 0.019527101130922722 0.0670949954455094 0.01922424861944638 0.07137486174651621 0.07899357876348212 0.07506007805989903 0.058160139653302655 0.023206013438583018 0.023611220981894714 0.04901658334838891 0.07303728974396755 0.0369865540966366 0.0838172910990327 0.025416585909431792 0.0663926937436226 0.077008675813937 0.07657813858886278 0.002009687248478416 0.005088979970940212
97 0.073974388373482 0.018016716343773893 0.06346627579248605 0.014077814099743218 0.006222525069568531 0.0039946855243268835 0.05877702928060352 0.046738158135831556 0.034069947555581015 0.08777623514675387 0.05505596343041337 0.061550460964360246 0.026357450499645815 0.036986309541745026 0.06892468114574116 0.02550648418870294 0.08835320973824168 0.06980413660930064 0.0945780823887333 0.06576944617096524
