0 0.038176678439142804 0.06858062605768163 0.07757640893510154 0.0720764902036235 0.07248943869608737 0.06324734659149493 0.08493716947583074 0.0690675494728502 0.011115365419816427 0.06008191492711403 0.04361844714574041 0.010838951996715925 0.08291412946627759 0.01652297974418151 0.05456275875763064 0.08073888559195896 0.031169920192713974 0.02317566245699458 0.007494700857365374 0.03161457557167792
1 0.06093314779823117 0.10279626630049422 0.05227987514044021 0.04266924607549707 0.015273594743028104 0.11090570798748317 0.022289211153703203 0.04147529879053053 0.08992392735531711 0.03184279558909493 0.04791158249715765 0.015440101252810976 0.025363976844045753 0.08060233303849033 0.02116138325896507 0.004335941255197341 0.09590257359379376 0.01691294521180052 0.07976242439190852 0.042217667722010424
2 0.08948783267233763 0.012890436516873787 0.06635268728058041 0.012166213545131803 0.0818817737871661 0.005591645324359655 0.016616715223323166 0.05660174118673218 0.021174748582310478 0.09575656574659071 0.0476776892273239 0.062328506587442246 0.04754446554998965 0.04272726831532396 0.09949027071131084 0.058640311024923224 0.0031528594965612566 0.03209251942662381 0.06969449212073227 0.07813125767436285
3 0.01117098896035499 0.012912826189770446 0.019279135626749967 0.010657896418231215 0.014226500571765126 0.021040823802746057 0.08990982329518875 0.05369700700034577 0.05234461240807419 0.08267719786489548 0.02849235675916677 0.11008546175294805 0.0781640623395045 0.04818210132144069 0.04119890303296333 0.04384987625305151 0.02672363036885241 0.06112043745546599 0.0824413892298572 0.11182496934862737
4 0.030788670332967748 0.06209088559512289 0.07487386139448518 0.08291378708087101 0.009689800909000257 0.032816923938807134 0.02624191711683315 0.03818792845258529 0.0651189504440521 0.01281152779335035 0.0543222235562247 0.051397739405727186 0.029328500548160125 0.09082445328872608 0.09320090997406068 0.07449316290693758 0.02928530938276344 0.09010457089120849 0.03583010114898388 0.01567877583913265
5 0.0033898538879308625 0.061764847225114286 0.05484283401364661 0.026942000610727133 0.02703925719828879 0.00380901155303302 0.04987048669058942 0.08021768933046045 0.06741802756249804 0.018449823124304886 0.09155381924751538 0.012306922031195445 0.06493006084993583 0.08514874690646942 0.06492542091132004 0.014286733519115984 0.02769489063516116 0.0538400553877754 0.09669764458437156 0.09487187473054624
6 0.07608035174466252 0.06637062530772059 0.0568537111447263 0.03493536828986012 0.006380224801666077 0.018492124625024035 0.011312982659090951 0.04386040747389391 0.02741912088789404 0.07608547438524549 0.052439601508333135 0.051603225925081826 0.07381587088109749 0.034154023482827825 0.05338278195465992 0.04277324077689172 0.07604802046668323 0.06789628379413487 0.07130155067554693 0.058795009214959025
7 0.051052023428058806 0.04897258571747501 0.017427438311881704 0.04460497335072262 0.07789119176784953 0.03356860393043798 0.07937504660606165 0.06279303137716435 0.0191112466328474 0.018855279506272873 0.076672803287802 0.003215184621382413 0.032288215638493635 0.02869495868089339 0.06316479706729168 0.07739495664828222 0.07679662332110687 0.08323812096292416 0.027120394021557227 0.07776252512149455
8 0.03299325288781504 0.06663264847905256 0.10313007976641533 0.060522111886444095 0.032666205356932786 0.030669619416847326 0.04259558601396252 0.0443283531439798 0.07430385014575563 0.016719527899180676 0.0406690351796692 0.07099846665245484 0.02709536701561134 0.0073829013507758275 0.05475371254048547 0.09398489270475088 0.007521448552780987 0.04089893549175145 0.09198762523842836 0.060146380276905866
9 0.05182625967506311 0.07642543320986486 0.030922186109783267 0.07855375869730329 0.000747290345894708 0.02747445422709013 0.10866556212439923 0.05769501750750257 0.1047987770787398 0.019639612811065448 0.10046468004266394 0.07049387955932473 0.08285014648750329 0.04617951267217474 0.014576781960528886 0.04030118843052148 0.050458189506845594 0.011731102232110368 0.01307441329081166 0.013121754030808917
10 0.07186364283717692 0.023135099715175182 0.035158879216801525 0.03801010145349845 0.08990666979202769 0.0442317778595651 0.04177924031405625 0.006223129974432372 0.052218933603281975 0.08809026592831846 0.033082906892482736 0.051328348308537296 0.08663943847674178 0.03587491097597261 0.049321978721884464 0.0675019697499173 0.029937133097906507 0.01707321090627816 0.08154134877776709 0.05708101339817821
11 0.07040307306213515 0.006903449213891757 0.08981076653723917 0.04782205989149412 0.04498876163469576 0.07134598925478881 0.027823250300854765 0.014123068962894784 0.06761201430313193 0.08704915386833288 0.0142244797105329 0.03355843663381109 0.04207713362100267 0.05194402862386655 0.05591570098095842 0.06198344329262995 0.07767390061314768 0.03538516929457189 0.02847152103259815 0.0708845991674217
12 0.015812946280697265 0.09371710242267191 0.06452009667831184 0.005339844165832466 0.07595897345018278 0.05455852468520459 0.03071470839899873 0.03357390016820328 0.06579901156408824 0.009381701036415441 0.004759089109140611 0.0703085778940686 0.08390522555720603 0.04535866860186769 0.09659810713482933 0.057615038361160484 0.08035893888848643 0.06333461651406602 0.01689541981828011 0.03148950927028804
13 0.009221457358650665 0.014901142849737184 0.0800705361682124 0.08875453650366842 0.018164432285849037 0.08687283579464292 0.02543345615442356 0.0283521549230867 0.08452557208849967 0.05479893817728028 0.04232548442197346 0.030651074499177488 0.09661994352593639 0.06007829855317509 0.03547149565698155 0.09488424816591347 0.012555769124142076 0.024259781105512628 0.04424984662022924 0.06780899602290782
14 0.07780510255558225 0.023305721620851965 0.025200066805343035 0.08228098566053517 0.021526621201173192 0.026335000072798313 0.017747471262430085 0.08456316084812926 0.037116432646409014 0.0456673797152974 0.05397125591389333 0.021905273026405388 0.0684640932027943 0.023140431769249507 0.035887935938398646 0.10652834861390431 0.0956692106829427 0.0752037459269308 0.027132110045984946 0.05054965249094659
15 0.05385271009524891 0.07019117928156415 0.004880850360774745 0.0033781193692929996 0.04856018819715735 0.05044749965126124 0.06904169131854922 0.06630519643758383 0.010365228682928218 0.045221414703478346 0.0907292046104781 0.04887357688205174 0.003791025155860585 0.08211933897855564 0.000998628494584696 0.021494661701414494 0.0804086860724983 0.0840528196661801 0.09052534932975104 0.07476263101078637
16 0.005612553508919018 0.016826527909032735 0.008209443537681065 0.0448089767547946 0.09301349795632602 0.1031689740014435 0.05096839727461279 0.09714796010331975 0.09679760974151459 0.015271897554455334 0.009427344481783381 0.0003601609737199207 0.10985559410439397 0.012950664555748783 0.07323419982007284 0.02761868065819834 0.06503157980029009 0.09708273470767373 0.053598886029996046 0.019014316526023426
17 0.03529384935337237 0.07354118784603464 0.032747344887883945 0.043245332866270664 0.0833485500677575 0.0914551675333082 0.09596433272439622 0.041429412040436715 0.06202088944033848 0.016191658031495613 0.03639195876337938 0.035390010496393585 0.0347016372009716 0.03529725815993156 0.09340201864049155 0.010119790204763994 0.030029671402416334 0.07723675169463713 0.06936735968447487 0.002825818961245666
18 0.03450499031360491 0.044585724524011376 0.09453335040569195 0.0142474693141352 0.05197108631215715 0.04717566645061765 0.051324761219887466 0.0716037048164263 0.030487039502483333 0.09709570361997416 0.06334168947830357 0.013650064412865329 0.06708606666056176 0.08041099280931785 0.05932923590351501 0.01207770698096532 0.04944661719200436 0.01986191472854965 0.031271610448603236 0.06599460490632426
19 0.0008569726221471423 0.036893504760274594 0.08146170929287608 0.09123728946221712 0.002183098694061609 0.05852522620953919 0.08399515445987989 0.09172948972316855 0.06378521429585512 0.055800347706640545 0.015070597281058461 0.06768737743209641 0.04120264997199911 0.03506551958120996 0.014143275055490226 0.055153989993394624 0.08032734767609646 0.05762634325999811 0.057042302122474145 0.01021259039952259
20 0.03791241512483914 0.05767096867103543 0.05781629347480161 0.05605545431299806 0.012060862852476827 0.05499850160732625 0.0393289160609596 0.0704518140596118 0.07515085335077677 0.06594825736415282 0.07344424409959388 0.05134474798525204 0.006889770601562632 0.05119217895586255 0.0696306877012838 0.04047233636901689 0.08081763530391653 0.006514035012061009 0.04049303949065821 0.051806987601814146
21 0.005577622869410573 0.07569309767198529 0.06986380924492722 0.017809819209093185 0.06077726682425962 0.061568925234827945 0.06293548295096685 0.04288719520621216 0.04108685601098267 0.052278334122519476 0.021765349725358374 0.03781696010940708 0.041170748519725534 0.07679264487938732 0.08553412604554182 0.03963440726057383 0.02035602777163727 0.05001348371304839 0.08289197591506399 0.053545866715071326
22 0.0768634836153271 0.07509296516403936 0.05066816988808688 0.009905952973328781 0.04893471400096832 0.015478045645886486 0.003406876491898481 0.11300355049517222 0.018790349606292885 0.08924132517149841 0.01660032732975184 0.005231571343389136 0.08504437950184465 0.00925157323222687 0.07719869988459716 0.10901728393194635 0.10863548842862446 0.0053853523253908075 0.04259286559603327 0.03965702537369644
23 0.015271417243315615 0.0071927199229755365 0.05254957492148519 0.019088100454953235 0.013920254620264904 0.033881013749518116 0.054071128479832614 0.07854828234749282 0.06559135635326488 0.10763217279129078 0.026501650462904248 0.0700830633064237 0.003655343078119498 0.03865988949452357 0.017746334511913923 0.1101359975907557 0.07113583890336007 0.09624867255727657 0.0682225353342836 0.04986465387604559
24 0.03528274443859925 0.0837153902555249 0.08446964735961969 0.052181059283930575 0.07119125093350459 0.017775005455025673 0.012482070375275737 0.06893250203189819 0.056274876745065094 0.05200461282867767 0.0627717579806221 0.008383449573768837 0.0944864528601268 0.08141646540102468 0.0012212187837117303 0.04625686320817114 0.034397467854211446 0.09455785963498713 0.027057739361352955 0.015141565634901752
25 0.04778628893492127 0.018981641770072014 0.10090761782925589 0.0828597468513092 0.07572607168498945 0.01700039879564368 0.09653976851751461 0.045008000222613476 0.0648717082163915 0.019561571999598144 0.05342490520073068 0.06294031292446382 0.050383918542334184 0.01333707045924795 0.005758865378312068 0.03270515335036139 0.022557352291647337 0.10376403626126379 0.0853498082405955 0.0005357625287338413
26 0.016383851748812614 0.08795475426432356 0.017520186549011187 0.10090057369715362 0.050356310391790816 0.0870039744568667 0.013226373534622046 0.08124181263819871 0.01805505535047636 0.0331069479258637 0.030438046898161684 0.05740719712096254 0.03917666986762151 0.05377455990469686 0.07390878003302111 0.0538267382218228 0.024503532700323887 0.0079058665302058 0.07665518964156229 0.0766535785245022
27 0.06579608560489038 0.03249282114021945 0.006007151649319472 0.08599555002761822 0.07947096043687503 0.0625246398678949 0.025885691759329053 0.019186094532904763 0.07219784210407154 0.07101895698425567 0.043990849737598293 0.0007110779716708586 0.05862416928454168 0.09305550440214606 0.05113323496791759 0.033974677246911424 0.007029511137729785 0.03975904359961026 0.09461921977290425 0.05652691777159097
28 0.02265002888255115 0.04783383822762943 0.06894852245164093 0.02074532392420817 0.024804917876471363 0.08991633195823014 0.024647474034757977 0.05220021542105872 0.030009210640049147 0.06897452036304269 0.028907941018334618 0.07918930091027268 0.06351687955024324 0.06827523031014777 0.028017663603165526 0.05993630468804623 0.06358202583286544 0.06295515552170146 0.06471813646891383 0.03017097831666942
29 0.016106687926418853 0.04964501242796098 0.034369337019622845 0.010516621886746657 0.07434767416150025 0.00250597460850251 0.07777950529673844 0.008849889771508716 0.07782212142761187 0.07661556858785622 0.07280887353581669 0.03607179842009841 0.029776611107771092 0.06658152010010965 0.08510617906018952 0.020008701907687877 0.06025253775406182 0.0823542839271885 0.07837860056552413 0.04010250050708484
30 0.09100803077808867 0.11158946148783357 0.04820288611655902 0.015892375503079207 0.05023780271264717 0.010176258350295835 0.024788549932912095 0.11519519844393689 0.006705784043036392 0.057188289999215304 0.06471410470851982 0.05576357304603142 0.026192677238284143 0.03560783741955195 0.05167579262203403 0.0834614262154819 0.03540628497921428 0.03616248389505151 0.052758463376042966 0.027272719132183963
31 0.06746245632824592 0.01033252190823601 0.03489790786577995 0.04002019791628298 0.09707896960141263 0.024855586929966457 0.046374279278317755 0.05756550510294226 0.053196305279948 0.08639180395275499 0.06349761061731315 0.06746393988334436 0.012281561552750047 0.003203038854202311 0.06626108424462006 0.028357832518223224 0.07333683761230442 0.024605886717602353 0.08554384348089157 0.057272830354861616
32 0.10270383027407153 0.08301282534207251 0.08597439381364289 0.002098579185156599 0.11412569357531126 0.03735550081191814 0.007899562327952839 0.026620444845578756 0.00372569057309998 0.003115258540666008 0.05747326496593289 0.11192785482960488 0.014549825232411438 0.09808226923156606 0.05042078958077425 0.012401797210318272 0.0290042769288077 0.10366888135426104 0.03458617013682586 0.02125309124002698
33 0.03774715802513797 0.07318497309349739 0.04233885686119969 0.023304614807187766 0.09226627229549259 0.00033362508499724513 0.05240731195820225 0.04252010732137259 0.07263680489420522 0.07121869620648087 0.03528620886727039 0.06500316190945685 0.05759890658048789 0.07948568364689808 0.03710763027978342 0.044602560570354964 0.08829761796850875 0.03721086701710301 0.013890173062425107 0.03355876954993805
34 0.07483263904788388 0.07519863303494195 0.014764747220049999 0.008999482134166051 0.0014180754397258443 0.0542557373018525 0.021882949290470854 0.09469931304575317 0.009662735536680187 0.06430038881098629 0.07597755356053554 0.04573722809366644 0.09554967731211789 0.021553199638504602 0.009341847018992575 0.06380174568700236 0.04391888436530879 0.09518917888611259 0.03529107993069044 0.093624904644558
35 0.07989701516819118 0.04208476686732679 0.010126713202332101 0.03409380065445481 0.05635483293558688 0.05506899275597439 0.028346176417215575 0.06542381037509425 0.09919585963220302 0.011305213442075425 0.07051507571130504 0.07818557691470183 0.05734896341372133 0.048562925105718746 0.08491767096803271 0.07583353564565844 0.0538940308933381 0.012712841085181472 0.010064513223886119 0.02606768558800182
36 0.05224047722464848 0.08982234994945855 0.026298698583462468 0.05325544625021138 0.02382994088955738 0.06557351303236367 0.02818807851233876 0.05052014647183058 0.09226918090605164 0.02604844624068336 0.06305426354882014 0.0022956850269225796 0.028206681468328332 0.052888565233789965 0.02162499323477332 0.09535588510287864 0.06914146729288556 0.09207577840968226 0.059901867908597764 0.007408534712715161
37 0.029799334844245354 0.03981370557795504 0.08915551801091819 0.0553960541152252 0.053095711279201985 0.010929214312998238 0.08579441857967038 0.013714640961327124 0.07270521454925748 0.03383601901142919 0.08293508276989704 0.016699884990380384 0.014707055687059463 0.032675674189926965 0.08207597936757718 0.09100803668482274 0.08884734685269408 0.05135522604951536 0.04190536965937676 0.013550512506521915
38 0.014568144491943769 0.08131251815080942 0.012420212951581747 0.05494402593345979 0.021178342464100042 0.037093087053317715 0.050042025693972605 0.05030641392945248 0.02240872395291059 0.11100073711846682 0.004908249073574838 0.08314867735895533 0.024632156828122122 0.08223147052254975 0.07821771180624855 0.08932774623177454 0.024366027956039524 0.026040304625119495 0.09942416873970833 0.032429255117892505
39 0.017151978929338053 0.010945714756319322 0.0004018261319705684 0.08131079710237339 0.007198363490841439 0.044396832051497234 0.07781993531635246 0.02883651295484956 0.09979804031375077 0.08609166456883059 0.11088219571745987 0.056822059763846175 0.08046022388167166 0.05758934024973015 0.01913366662702349 0.1024331757832848 0.03759688306882312 0.0332947515531037 0.0007276237818104044 0.047108413957123105
40 0.0609499390874659 0.020879453813946108 0.005861815364531185 0.00185150733720717 0.10750458437855627 0.032789059451904926 0.03413251405876959 0.10454196916743876 0.07707753236421333 0.0054143505438147554 0.036655461783463635 0.036586445532711995 0.016476384430998442 0.09879907712238976 0.01438769848965516 0.04740506255631741 0.09569376360386767 0.05816618093527868 0.09772633133574234 0.04710086864172702
41 0.05087203796830101 0.07620637616695787 0.05859950112388935 0.023637755663457122 0.04627787804942034 0.08160738610370985 0.039205087093242434 0.05220824678858677 0.10116763867706945 0.052393856670168736 0.012221317544531587 0.030593774574977514 0.03694473952036797 0.10237330811614986 0.00395760631289769 0.09672664366258947 0.0006326124272894363 0.06878856043285886 0.02084908396344077 0.044736589140093784
42 0.043957860523699065 0.024417093457482764 0.08448233829916392 0.043924058255071154 0.02791618179450568 0.0790991146297224 0.02170613900220815 0.03351484538465366 0.08946737013896018 0.08248054294423984 0.051416454070139714 0.060663664094831114 0.005604805118604532 0.06275740430613146 0.04649986090626742 0.06553507044779903 0.012401797088320825 0.0037688345248095534 0.06322348105522 0.09716308395816928
43 0.04869160961766722 0.025589722312854578 0.0489895909610268 0.06252400738730315 0.045628791191505494 0.03990131438526611 0.02447164464000968 0.03180237502014259 0.015117700359888348 0.04293566029064765 0.024696486089929467 0.07096096957094389 0.07761855791396646 0.06123214895482161 0.06507654692956243 0.05190558777447725 0.08764715026174083 0.05717218711702705 0.03952413020793532 0.07851381901328412
44 0.06723765848094128 0.049684867648353455 0.012680248997770633 0.00014830392816918254 0.07362488907303033 0.030831557061654014 0.07950654678934044 0.07253923890950183 0.002923988609515984 0.08762791370915007 0.013863433525748706 0.06967941854083055 0.0001351024604273534 0.02678723987992311 0.04311587517042176 0.08231180591313209 0.06178682190187585 0.08249391343073978 0.07503847505293772 0.06798270091653598
45 0.07311615992749278 0.0997017202301663 0.027860876444524688 0.004948793839132071 0.03710370696718896 0.0833101526781455 0.005930482715728069 0.055716288349885165 0.06293617080954227 0.022420645792794333 0.04141737078722185 0.05376804072910219 0.06551274032719717 0.042580478723467576 0.03061298754264181 0.07773834031890871 0.06134597108970398 0.10313468204648835 0.01941301042637571 0.031431380254292485
46 0.032567581411411084 0.06205858040141333 0.04439474583908723 0.04557128836198258 0.07584237758589032 0.040982648980488305 0.016683344221467795 0.09033995561510604 0.07413514133651838 0.04657207382291113 0.0813812462117872 0.05395539990391236 0.004522990451371588 0.04134381610280114 0.07939513071176604 0.007268080637937668 0.03071789148587338 0.07571541310330733 0.008472622820687182 0.0880796709942799
47 0.07926329250561508 0.06454206956562195 0.07136898554799291 0.07570325209829956 0.07689079095940105 0.052141602918996985 0.03847133826756783 0.03506782712424045 0.06814268579072416 0.050213635642233155 0.033657545955894194 0.003384812765884877 0.09677456452866863 0.019935572459439478 0.005156836714719616 0.030224802886146183 0.06171334282299271 0.0012665937542062087 0.09680792728941076 0.03927252040194401
48 0.050453618255579265 0.08850671693079806 0.09419387039498543 0.07693316501993021 0.050379937152945815 0.03282514394904179 0.044688441846569525 0.022431583043878697 0.02201364729818773 0.003152134638663772 0.08986717198435894 0.04441972645623023 0.06257499726266147 0.04061300039254836 0.039925767142659586 0.025499619942411133 0.09262090386486739 0.08135959761897774 0.019720534099350227 0.017820422705354767
49 0.07673320503030802 0.018180662659909263 0.047310300451052376 0.07648245487873187 0.07176371452543095 0.046790936359318705 0.06880465685430816 0.05349708827937914 0.012712688753812864 0.07303895156644803 0.07120332130033569 0.07352399300466826 0.06835358756852906 0.0907057010091145 0.003002500476848072 0.026461576464602468 0.0384935147707709 0.0677957752845974 0.01362848210993449 0.001516888651899587