0 0.046338898800616514 0.0650801106754489 0.022280529692465734 0.07688474570734183 0.03695753313040816 0.030500047454004742 0.08797251084400709 0.057191191808332424 0.09676321201551352 0.03185051960979603 0.0016654998256804493 0.04756090337234012 0.0025088507520803025 0.08766565298625727 0.03290748155686958 0.061596726132681245 0.0832073050926981 0.02314032470495686 0.0599075411977332 0.04802041464076773
1 0.014754146319624068 0.05423153363416467 0.07862391662891546 0.07552886442563735 0.02776548952454503 0.07821340262644559 0.011978863774369668 0.07739844414168374 0.0481895294855312 0.05377319449024567 0.052262605748833076 0.054329552373508797 0.0634799521640874 0.03585578463675621 0.07321771231866493 0.0727408057021757 0.03540464817817341 0.007893612651596865 0.025583054513858394 0.05877488666118245
2 0.001895003328388021 0.07547016032453382 0.06234169546359303 0.07079969902049413 0.04685478250157988 0.06733791237063337 0.024929187721702384 0.06768407630488411 0.051528698961142094 0.012716151824976518 0.07859285100529534 0.07008640475417775 0.020258299479283672 0.07763388496485754 0.03215943999679796 0.050252189795754895 0.046349142234997136 0.03381536564592769 0.06354142224934145 0.04575363205163933
3 0.030171935967836416 0.0767137533807203 0.08893418983381474 0.025337087891528633 0.03675315537031989 0.05880494794963004 0.09306090233483999 0.011651613382226506 0.03738478113793289 0.008313941346094542 0.06533966458802663 0.013535662301566657 0.04638159495749353 0.07366120635816446 0.051873359105645264 0.08847615604772863 0.0856954595438534 0.09046875161108649 0.014709265499619494 0.0027325713918715305
4 0.006345079438271368 0.07424002651292184 0.06561163279491206 0.0858290996332323 0.04728452525975107 0.03847584009758666 0.047679460716010924 0.04066532424293585 0.09443486356376092 0.07937912823849379 0.09243646029033067 0.07095927072869457 0.04957669835419097 0.02180132287924011 0.028099034908207712 0.07641776709690148 0.019845242466049372 0.013384071213240749 0.01161196744542583 0.035923184119841585
5 0.08176752114191989 0.02996258743381265 0.01936309603219631 0.08481812176071564 0.07055508943872893 0.05924646803470976 0.0540664546721852 0.06124828008435685 0.01984330540209262 0.06977709423301681 0.08410255663817323 0.0015781037575368737 0.00304902526937902 0.003990175062151418 0.024541828161609908 0.0853721039021087 0.0569897365182404 0.06004952353671519 0.09303625503534128 0.036642673885009525
6 0.011060475564887097 0.07949915239896978 0.014262983066345413 0.08421238088260939 0.07188550966200516 0.06729996144683503 0.08973901223816655 0.04642355251934556 0.07579125768062242 0.03442857679579175 0.05726653290289167 0.0057929553258657005 0.02768236324474149 0.04307632604457136 0.04713529672421469 0.053813925307615175 0.04656148767450201 0.003119694106712865 0.1080790716917384 0.032869484721568414
7 0.005226360889438113 0.01464495015360854 0.016648962274340214 0.07378259490928074 0.07571238225010495 0.023474307259999466 0.01393272712259812 0.0373961081965671 0.036443580246274754 0.06602390788870734 0.07881427791571677 0.06765958679934288 0.05846311965065418 0.07332887610021524 0.033185192239245646 0.07422764126516275 0.06038468821959719 0.0713357359479219 0.05771940511415417 0.06159559555707009
8 0.05871440604930836 0.011039204426043867 0.0139447646201226 0.03050925571830296 0.08043450133728161 0.06385354177070353 0.09557551023462477 0.06652440520026266 0.07183634907313695 0.05177177571374783 0.0711872863480799 0.026836485074552482 0.0950428003091064 0.019139050483157227 0.006730342772374726 0.06053747275043055 0.0336160519784379 0.036786424378440034 0.005772891728027087 0.10014748003385868
9 0.07684328221252379 0.0955983228049397 0.08640178874350429 0.023624716555069255 0.015818000152475673 0.022610043629556927 0.00909757097724362 0.02091892818837782 0.05557111367067687 0.004555968718119272 0.08140984563033622 0.0865152858865927 0.023900741088410952 0.08497071589271196 0.08121986053166096 0.0673420281220637 0.02399082885515587 0.02443764397171624 0.05216650948782451 0.0630068048810395
10 0.02569150082992376 0.04320595527872365 0.005987476448870754 0.06055440192742806 0.04561964912448449 0.049515430426246 0.06782226532954806 0.07174653007689352 0.09013789567424099 0.012297937476791556 0.06382821575795188 0.03362102947798246 0.07989398952991494 0.0720250291471314 0.03577993005618648 0.03644224764233176 0.06583950606104257 0.04613251076109501 0.0012687270594646713 0.09258977191374787
11 0.08940862359258608 0.044436448947983355 0.08951753636371047 0.05233316904442676 0.082976837360167 0.03667407821451251 0.050369540047944486 0.02748108296355101 0.08509106032864454 0.03198237612974963 0.03378574625511154 0.009406034398361554 0.054443174050418666 0.051832262681096676 0.007193326963510147 0.04620503226696889 0.07528852927975842 0.01005324814384442 0.05716592194291446 0.0643559710247394
12 0.0965577201436969 0.052417499158787184 0.025552666760538037 0.0074214176745815135 0.08408142277227972 0.04890760078011552 0.09282064710296492 0.040877130543308084 0.03432726523572692 0.025495848922952324 0.06539327352853816 0.06650513155765317 0.020344025719373132 0.01937424245074889 0.04239712926716688 0.08890254871161757 0.038655517087148344 0.00371676161955891 0.07123725085072469 0.07501490011251913
13 0.04820093369609848 0.049449011585742615 0.06593291113831987 0.08554400654020858 0.061665103092631936 0.02910853840555575 0.08808372867547176 0.011179596526307876 0.08542342384248144 0.0594995783497465 0.03754065343505192 0.013226947120598223 0.08440596446931176 0.08548938912092569 0.032385446631946986 0.04358784946118937 0.05095786221669592 0.01276439265963656 0.039279661461054466 0.016275001571024267
14 0.07189920464176167 0.10783905227567628 0.009893457235727598 0.03834789756400176 0.012225122440424544 0.127744494193344 0.0012968523717222387 0.0019328243592360334 0.005714209163715681 0.04680154894896123 0.041552764111643416 0.02070332782127235 0.10246678879089939 0.08103091081349448 0.11474686402103206 0.08261699596833844 0.004438565069528748 0.027000908550519346 0.08514209554729729 0.016606116111403748
15 0.03197728581970281 0.028333438267594328 0.026915381974073654 0.023097279738275443 0.022845698884667552 0.07481787215106327 0.04192376043714929 0.062009062417492274 0.09653409207180255 0.07404148658035234 0.07201067927402773 0.0794432583339324 0.036546901490020385 0.05785724206888434 0.03327041841811491 0.014573579091022843 0.08852504848192405 0.002292152467750095 0.0514021514669116 0.08158321056523804
16 0.05766061319359373 0.021035782999614852 0.019444370404231803 0.022972389554727798 0.0880107662017582 0.011968317260619067 0.0507500525703743 0.10296984487762025 0.018994017389357847 0.09164212071936832 0.006368872530576067 0.01829475874634117 0.0928832787113996 0.049026513390792226 0.06552945933643689 0.0639241585353971 0.0368375001121741 0.11174389645163348 0.02867007658137771 0.04127321043260525
17 0.09782674684092552 0.05149012261261446 0.01580545363838763 0.0364552157558146 0.0994694437452006 0.1132715267187858 0.008750120106815666 0.003316086346683452 0.08342348191158397 0.031759516974929666 0.05568718660671051 0.08453513428566801 0.01487084073278335 0.06112555178094272 0.00884168645798383 0.012086812652962005 0.04070964350547835 0.04978243384075978 0.005688594955534022 0.12510440052943622
18 0.007131634307366469 0.08094014270447467 0.05192804208631267 0.02236181017789241 0.0200325412860524 0.029598335998326994 0.02327650439916906 0.05088090723059937 0.09455972605842929 0.06271001912350554 0.051154056646320466 0.08169288104772851 0.008052525207351963 0.08399690107593426 0.06459134815833881 0.0877458133351175 0.07370793684011667 0.014699094017418618 0.06411063342185686 0.0268291468776876
19 0.0012739759744811448 0.0210226550572281 0.09242334882843802 0.07883522568126515 0.09967815950345499 0.018752969747730514 0.08758859594917194 0.03885937065449481 0.019438315828440352 0.08348477176836985 0.0023356080158065 0.05855326011782473 0.036189050637997065 0.0972733857167747 0.01470042828237446 0.0754389318223897 0.04393756259123839 0.09271727857877977 0.013912245344350723 0.023584859899389143
20 0.0028713222500957613 0.0766832822227454 0.04427914524048107 0.03197156013507089 0.009426596304885133 0.08602656467586342 0.07282316657589065 0.07830280725237583 0.03239293717725794 0.021404789807925307 0.0547405561815664 0.056199820348441086 0.0862873347343861 0.007600944540292428 0.022665242522859022 0.052320874639551 0.05172216531107767 0.0841036918832922 0.09088797774527793 0.037289220450664934
21 0.08183057407763418 0.08442329159277448 0.0068975991414458645 0.05816568084162027 0.08921948916174995 0.07606234750818887 0.07472248109601444 0.058121306391518864 0.022694496673069334 0.0465228473012961 0.0740000201176033 0.019566474577694316 0.06731918024643571 0.04372766946043299 0.034803207555809824 0.026676848330398652 0.03225797764186775 0.0362861321457729 0.005828578480868794 0.06087379765780339
22 0.011151211226868954 0.0922257021926143 0.006485487455654368 0.00805670261469498 0.08798678963035056 0.09328097231518605 0.0713996089233199 0.027374292700554432 0.02400870955601744 0.02891660208803834 0.046341132651750556 0.04847420888281362 0.008645622114794865 0.08463103991030528 0.03921070157268627 0.056972462835593866 0.038123127630396825 0.08253983217352372 0.051050858626982325 0.09312493489785331
23 0.02271425137787957 0.06911580745785216 0.060082135738923376 0.014202831954475711 0.06824713928125443 0.07253831930549709 0.06662669986902153 0.07582099383175969 0.06191411872374605 0.01840509434207633 0.03941370559386714 0.07886957028674106 0.03406052667454262 0.07213722035244916 0.06861313602779862 0.05733636059963996 0.019562607687438283 0.036184482047268776 0.05872570204422162 0.005429296803546863
24 0.055433781003682195 0.044056459463941475 0.062374660499583776 0.11779010809620935 0.03037114749060105 0.043233829146286464 0.03780020021700382 0.004630322207617555 0.08488247959849121 0.025523120900059044 0.012060438638023441 0.06829272142919345 0.06050872689785696 0.058170664698631705 0.02097987537646518 0.010442223423963474 0.01255383117863481 0.09397775741746037 0.09961049272806108 0.057307159588233784
25 0.016027702756745678 0.02349064217095819 0.09579198785526498 0.08034285546234585 0.04167305696468484 0.08482499285008678 0.08525291225045697 0.029864923745034855 0.009160079677379694 0.07158166097504721 0.05159561420597686 0.06481872368881589 0.06134852148088436 0.019318682938251692 0.043513979485811406 0.041121140359375245 0.06855265497104629 0.039649178099175945 0.01802698905461779 0.05404370100803962
26 0.07849415348778847 0.08571139373393777 0.015384287485085501 0.04229008111662733 0.0078944323812391 0.0005456197403618905 0.06918566203335655 0.11994656988378946 0.01641241058519887 0.05922312838426398 0.06686591219433435 0.11316720706993642 0.052173197167160505 0.004967575876542088 0.019160634373116735 0.06595925354797498 0.0007158094260670168 0.059157501784881696 0.04989211942205518 0.0728530503062819
27 0.02731855032244506 0.07174753654632844 0.06634830644536992 0.04406759065698706 0.024076023803530983 0.03692853370295631 0.02309601267040832 0.04071193942265433 0.0555388810575137 0.00430546079684022 0.08625389247572354 0.08167551608017076 0.05246451204674811 0.012805827295328689 0.06477594332822442 0.081041072731016 0.07153438435162983 0.0635217931361504 0.07043220027000001 0.02135602285997357
28 0.06176390275268693 0.06781454270798304 0.038572529516840245 0.005888145397096901 0.040879608847358855 0.05274213464720075 0.029580626787472586 0.04479001202567358 0.0788535034457626 0.10125713728942722 0.012173377348179103 0.03791305854913765 0.0438595834425171 0.09628924059495554 0.02638569113735738 0.103229053377752 0.026012002119216993 0.030070612181401054 0.07038833458790832 0.03153690324407232
29 0.03848472947657198 0.020774538663336225 0.07433904984009022 0.08932494127506939 0.09782720239883269 0.08296317712045492 0.06957008055768764 0.05535276229264339 0.0056688648482855755 0.03120048372561275 0.06194744725231667 0.10074041682274178 0.0408048228570998 0.030769094913119334 0.02025328916553364 0.034967465083477575 0.003095404621408022 0.08614632040973948 0.03061091110446077 0.02515899757151809
30 0.07997022405036805 0.07706741023439531 0.052876632537330576 0.042510514969022625 0.030954541392166444 0.03762311897087491 0.06852043597947861 0.054114810594396365 0.06493555475612264 0.049111668710318745 0.06515352110932301 0.03695146063789492 0.0075886255783690695 0.028630209885639517 0.006369915054745796 0.07672232266362188 0.05939054648125656 0.05916840807938928 0.04957621200819052 0.052763866307095016
31 0.060876285468924415 0.0011159950925301628 0.05180161514290796 0.032314051783933255 0.043073134658950706 0.03571000571999574 0.0068207919209444245 0.07929629384685291 0.06893790067942161 0.07232523372588653 0.07793106392566798 0.06783050334876364 0.09463931439336945 0.001616942174942361 0.06122019681498364 0.03947434749847574 0.04967035644499316 0.05033292655154275 0.06976642538378286 0.035246615423130616
32 0.022183463210047674 0.03677793859930598 0.10142269518220107 0.07250871317475965 0.0502516598243475 0.04424521683404747 0.025444766096414564 0.025609730730401174 0.0492055803324538 0.058591257812615205 0.08102375250105864 0.03459558861779882 0.020838850630234395 0.07923154747410764 0.04900997233526885 0.04340360110450385 0.08115959950583367 0.10022352962570144 0.005270956720389163 0.01900157968850934
33 0.09016712153578411 0.009095655844798519 0.021703437032638558 0.07754153087081776 0.05344750219779606 0.017037964022799407 0.028756269943139613 0.025258561821326114 0.08335612811030156 0.010135804583362764 0.07703682151381619 0.08973752984269161 0.0645293915501786 0.058158573021417255 0.07091307054730464 0.009095406254238344 0.03544627977296339 0.08470025669511605 0.007260266794960119 0.08662242804454938
34 0.04168761310210255 0.014298861698414638 0.0027883706847881247 0.004391026061286779 0.018249473989338592 0.011046355627075198 0.012599330441159422 0.01955153668269058 0.0678796191024899 0.07470140522001172 0.0940654720838836 0.0411053676953151 0.04513831626568219 0.10153760250573847 0.08843457227000646 0.05761758496838604 0.09191290613186406 0.05999165969492716 0.09071531687921461 0.06228760889562486
35 0.02097857640385017 0.0820951953437608 0.06116794329816226 0.038611413284915574 0.0657352362893866 0.05807176727593513 0.04525842855762163 0.007953215482480134 0.035285140219976585 0.017944884529001347 0.03984903377200284 0.08682502239464183 0.03887393744916176 0.08043433547973844 0.006414103040053783 0.0639363461543062 0.07697909635075934 0.07913446204338913 0.08847149826755528 0.005980364363301211
36 0.003171962862717375 0.07855939031138735 0.08377237225498207 0.013023235348321114 0.08159242406613221 0.07476777869268296 0.009400911628521356 0.05473103704171879 0.011074073865793725 0.07011236725109163 0.07073912852311809 0.015081305032591521 0.06909789361557175 0.05206519515789169 0.05341985488111743 0.01031375563818815 0.05219730557901401 0.0768661503495754 0.03553503278195831 0.08447882511762517
37 0.027631543810537635 0.05852702128243663 0.05247266709730921 0.018586498920832414 0.01605935610618031 0.09961238013843796 0.0482327437287413 0.02412627659495562 0.056945764527284726 0.06993538056118194 0.01609055218575729 0.040403986805717045 0.08210649090889323 0.0500554487570113 0.03299541163305058 0.0857949386652252 0.05122300235384965 0.05756820138621728 0.014671904752970118 0.09696042978341073
38 0.043913629178849854 0.007960504649400632 0.0597761867359206 0.06605979353904569 0.06144250945938539 0.028502410064298874 0.02784985506083237 0.016122947935735907 0.08072780525281628 0.057063798479238016 0.08881017907437629 0.07451729070320201 0.0481284089629567 0.040721873752046424 0.024006198818487732 0.05204757991184828 0.08750460206924589 0.0907006230484621 0.01579247063935827 0.028351332664492808
39 0.056652911319719244 0.012784003366466014 0.043314671202073246 0.0005927319368747139 0.0916688616064992 0.09448624832781682 0.01155152367891619 0.0405702321690414 0.09993843404209016 0.03757309707157093 0.07069953080184076 0.09234749118576828 0.016299086225814004 0.013522853168137033 0.06400279173854577 0.033061492139844974 0.06748025249291646 0.09890525636744142 0.020992487078908884 0.033556044079714575
40 0.0419425150767969 0.07182270654364559 0.015267874065490843 0.03423047706634609 0.06322075554315269 0.06879227478744478 0.07935332253570025 0.05792075630517293 0.02386629297976251 0.03470166831517677 0.06962082073148736 0.07042398887857708 0.06547594482741877 0.07664965474515782 0.07282923963847603 0.024760510515816174 0.0029829475996526454 0.047295226589493276 0.04148485281653278 0.037358170438698775
41 0.10387632352227892 0.011636073606171561 0.040452157350136526 0.11730702450852487 0.11218916687614505 0.03533488619841702 0.021182310606406764 0.03723626868692551 0.09108619178824072 0.01998920456136236 0.07696917582217785 0.11511342241636278 0.018020613798146044 0.04125966729153261 0.08612342351353372 0.03367333887575404 0.016903332861255685 0.010035365386459938 0.007018813474407915 0.00459323885575995
42 0.013104360648143281 0.08940647436303367 0.04697034849644589 0.09325348019171735 0.01863034342809153 0.031980132469962015 0.11061790097969978 0.012359436864953471 0.02189527975810244 0.03070343356078824 0.051919016284930584 0.009012309038767066 0.05733116123184537 0.029905938480204907 0.03208987807307107 0.023336391123417417 0.11686283761888369 0.03830573635088021 0.056363231641613214 0.1159523093954486
43 0.009174606252289547 0.0761967922958309 0.0053295780549495 0.04751552422739887 0.07851557833896525 0.015245997279294725 0.04265451682283652 0.06729524361993598 0.021400160240678912 0.10709149409628338 0.09200524203350606 0.08050213594233294 0.05314036790292919 0.001744907361274174 0.0321585989531164 0.08991084918211482 0.04568072182793121 0.0059747748180316 0.0312800422223237 0.09718286852797632
44 0.010980534652630458 0.019538297826469035 0.03181295102530061 0.07579717902015981 0.06984917700578272 0.08642727643667256 0.0177023519702876 0.07036253688808897 0.02858849596591308 0.04556718493717053 0.0074172748038970615 0.011608180381420736 0.05666005561765116 0.05019930622125724 0.03898448152087113 0.09323745998845692 0.04250003915265631 0.08603181837616007 0.08337765127361277 0.07335774693554122
45 0.10571369841253164 0.004034274386139032 0.09157739121711937 0.05031424816159442 0.0168329228982783 0.04317819035539424 0.015044364477772064 0.05278140682965607 0.007862644381972062 0.08688255670459977 0.050484735274585565 0.04192882898533963 0.06639434637911926 0.008679423651296512 0.08773194369654154 0.03856833547813633 0.09724195883396902 0.06559673899765772 0.04933765852740038 0.019814332350897117
46 0.09081531351626362 0.0530975284510351 0.05485660174597337 0.06726363453147116 0.07431530855386578 0.09539014734252337 0.006636871511527938 0.07732320712272826 0.02925673883890223 0.039627148205128956 0.024644136553214627 0.017034463029618162 0.08926359491151624 0.022427593450126976 0.021003261089201183 0.02367109195131339 0.0661015393041373 0.025819714800253843 0.03085373968700756 0.09059836540419103
47 0.05458283024870854 0.06547002224015919 0.04725757750203789 0.09056236233013737 0.021975073851840107 0.0329498457468504 0.005119813299288721 0.01904339570472424 0.0831025261603108 0.08080741436644706 0.037202455866219314 0.06935915986163081 0.04629829638496204 0.0789033598613301 0.0104669708658524 0.049624587749971694 0.08263572615401227 0.016950452517356763 0.033899633674613974 0.0737884956135463
48 0.051314100459486714 0.07560453507644094 0.0060419951138767185 0.09609990455472574 0.024132618500641963 0.060320896084266266 0.04416170200736525 0.0049162514942765086 0.037745615249147574 0.040227487242492206 0.03648132899459379 0.04937933460309357 0.017699708963464986 0.05452936212241803 0.0826630156129583 0.10768558582523557 0.03970078164822018 0.0397706437104119 0.09188862240241559 0.03963651033446806
49 0.10595061865019631 0.048112683412459806 0.02005360989297902 0.01958578883016395 0.022476759592762297 0.017758558412937032 0.017272740699575035 0.0291439064472963 0.10818368405547041 0.050554642336524284 0.07193161136176297 0.024112643391520486 0.06151715588610813 0.10894065914659266 0.0036151549001422647 0.06970482974894701 0.06841566324233478 0.04326952757515104 0.04675097495026803 0.06264878746680823
50 0.0762367048148912 0.02070513620201457 0.02988007170402671 0.05447561359100485 0.05526855544561918 0.056338613301972644 0.010224368148719258 0.05211425207260556 0.02626504485316064 0.017179306473769026 0.08340410385923591 0.05438486208631051 0.016428967916626704 0.03442160173979514 0.07814056434675068 0.09099791699064552 0.05066748237172289 0.05502351462213822 0.06117144946732809 0.07667186999166266
51 0.004811955053071256 0.08748234723923631 0.09195752353054677 0.06067033155025721 0.034661111384276355 0.09136152132177913 0.07513789495849284 0.013759443274193461 0.08675907763196 0.01633168338923839 0.04813618641255391 0.06251159854778299 0.032867444964984296 0.0022955549342194813 0.003186095556807009 0.07972989452698716 0.04590195876668652 0.08103144974989411 0.07669550469427205 0.004711422512760953
52 0.07301305964003407 0.08148081661292737 0.06208645385632745 0.04477944371266895 0.0398429851915482 0.05427406202996766 0.07609981660418355 0.03978530329453871 0.060739047973861655 0.03225575028581181 0.04431727938324318 0.0433661478462752 0.02388865582084188 0.07375968511751829 0.035505148339234856 0.017120421336735834 0.005048036964452068 0.034590135498285136 0.08455364994628271 0.07349410054526138
53 0.07173866484778552 0.001737710337546937 0.09337104838494366 0.05781910457829718 0.02142250992457214 0.048312287411025265 0.023024415994699142 0.1087766178972868 0.0388712596414348 0.0384998956070371 0.055471773115742404 0.07202488717129721 0.051987564764396844 0.09598543520443122 0.018666377187303955 0.09492093070088904 0.014674922030835777 0.06970208000256417 0.017422639768013955 0.005569875429896899
54 0.04841318463617514 0.05246278936675133 0.03099025797496417 0.02928095339335505 0.0038904513539641463 0.029711247990900747 0.0277371306363041 0.04426266262536897 0.06464653535747615 0.01328987537300866 0.07381394359547266 0.07891778993830731 0.09235575061817551 0.09619707077235827 0.016115999156133598 0.04192774961683506 0.003494950445788532 0.0663372768078891 0.09066246232754194 0.09549191801322966
55 0.05836423727282732 0.040829755352509725 0.07058829950645723 0.03612708883756917 0.07845877116434985 0.030503265009702206 0.06313289634526856 0.005929445333072308 0.03148721940744928 0.003840353459712797 0.011411816301573804 0.10322190623814789 0.10164238679987048 0.016412030702261136 0.060595024999317584 0.019542933619399187 0.062022385489337695 0.09598857739432717 0.024318508410284587 0.08558309835656187
56 0.06543076035632897 0.0629293185840213 0.0891045887407974 0.09967402384363418 0.024367259683702895 0.07788794895849063 0.05308387914767372 0.011202052269600039 0.025477703104527752 0.09715804175172363 0.018166768474415 0.03245592517418437 0.10005244068706196 0.018293585088877864 0.08145326149718535 0.009872931405144399 0.013131435997415036 0.011238448393566204 0.08768116878990886 0.02133845805174045
57 0.0557348579088111 0.06722078414264072 0.08900976906932145 0.03842430352444122 0.10356748172489144 0.015850064455626485 0.11511446203125432 0.016183267381816094 0.02417937200446767 0.09203408249111666 0.020790702880516 0.01814466358476877 0.028129888675530297 0.04956196008999264 0.03925226375340218 0.04179811869904811 0.0546482785482367 0.02968935054460872 0.08803816561847752 0.012628162871032024
58 0.049825575002577796 0.07017091475121115 0.016011310900154698 0.05070729454509827 0.03414459374682018 0.08516868594464441 0.08594159697425777 0.08894545106371463 0.021727675224560112 0.0891380713770983 0.0012603026587691753 0.012868637123591663 0.012919876548502745 0.07004434764778296 0.07051532885759186 0.05920036532669333 0.056480670607407024 0.06551357091704085 0.056305504403543795 0.0031102263789395
59 0.030926227755624223 0.06513291937881426 0.06540474567435123 0.04496098184490007 0.020292542241107693 0.0534376638028406 0.07398729612740099 0.009972241510189732 0.055681115945211856 0.01458228353356261 0.06191959012043821 0.06346420401204667 0.05751278939779452 0.02907755264000267 0.03569752459672193 0.07167627697380559 0.029761115141996985 0.07971758568319319 0.05583172356412535 0.08096362005587167
60 0.0629902375794265 0.0043644366272270465 0.015389392437097929 0.028592396422725378 0.08635003761812367 0.017314118569470995 0.029291203817715657 0.08051053504875567 0.02790322435894727 0.04458732313483611 0.07799631564761467 0.05488283574417494 0.02833829993177562 0.023519821659186847 0.06707259682721682 0.10494296431474301 0.0262288238437011 0.021289358862782496 0.09495392480909833 0.10348215274537996
61 0.07888048037948227 0.05046571703845886 0.04867839225609113 0.13119187520392264 0.0004895591492561543 0.07031926969490858 0.0003212916837061612 0.04712069398669052 0.006272092544961174 0.02581449987801833 0.0036732373540250556 0.05971871800295044 0.0434741200191537 0.08067372360703254 0.0517795808806533 0.019758133265883132 0.02262707031155886 0.018456290605765504 0.13194065348451467 0.10834460065296707
62 0.02258417409085473 0.0832933102175 0.02076930719223722 0.07661471197088121 0.0746662054974837 0.00801235325347596 0.10510743672167147 0.03102728326452787 0.01645527350701023 0.04920102679566541 0.009497970944481635 0.0616053523202103 0.024096037053264477 0.11835742757385496 0.06076686005997583 0.029182989910264714 0.11182086206455114 0.03161623468229826 0.014540522536565657 0.05078466034322511
63 0.03661400460740703 0.023116108216378294 0.032008290491855725 0.08593642953149333 0.0381247141906158 0.03759390796006278 0.03499324827441864 0.008280280397174489 0.002210025488884131 0.01668703604128634 0.0985062518763262 0.05681046358068753 0.04808863059212712 0.07379857634355148 0.05056619133607119 0.09997527170417822 0.07261193577405274 0.06272706853061713 0.08954180771655505 0.0318097573462568
64 0.03494218332236814 0.08665399546978769 0.03537956798111218 0.007124666111724836 0.09208568656003426 0.06519355728579235 0.0500762921517759 0.09225359191573895 0.0018485844623302432 0.04519726756015046 0.040795019945709485 0.029332699592608025 0.026312151250584788 0.01810643006746906 0.09216692985096887 0.07958325270555994 0.03438551956432256 0.08038666591834516 0.012083964599733519 0.07609197368388361
65 0.03555907696064572 0.12488419838180963 0.006482498404926978 0.03156285645611278 0.04432221684591396 0.020295566443386166 0.0975910536950624 0.080491871164623 0.0886048065912914 0.01909365713018729 0.050673362086750454 0.0351922528318083 0.018605970061437615 0.030135413277489392 0.005689875113126647 0.007562562129577881 0.07390865930950313 0.12009935198157877 0.058422648264530315 0.05082210287023815
66 0.0995360124906156 0.031110272649344305 0.04430573634483095 0.06734889235227386 0.02778770914489646 0.04902808122539459 0.0838719209276226 0.05731395829400944 0.06891155512732391 0.003617646952407182 0.04495024591834671 0.022592873385395913 0.07702469460294378 0.07670915467105788 0.035464011067616055 0.010408161117143546 0.0715437633669609 0.020372175144837593 0.08755518091882247 0.020547954298156167
67 0.013520042957931855 0.003865034199412119 0.07486405771624187 0.06832152095582571 0.08922864735290373 0.07014524570138757 0.027533043870073198 0.09741017805233398 0.05133572383093455 0.03590605727444568 0.022565337304768892 0.00991507170900114 0.04329995548988135 0.09287652898915034 0.02633226071050615 0.013534676363670664 0.05860111354092223 0.08517561699755473 0.055426954573349174 0.06014293240970511
68 0.05639806071590512 0.04060554881237476 0.0006602049264800671 0.06074508216642215 0.09009622264745623 0.05987216683171308 0.011165584208924235 0.015162751915369001 0.04562084167155409 0.03223523185268904 0.004767246364356129 0.09112297116112356 0.0810299862612617 0.051550200745701595 0.09786764202345827 0.02744833718556047 0.012034492802627713 0.06371029985038544 0.08574549058502784 0.07216163727160939
69 0.03725073285868678 0.06008987657851521 0.03896578796624536 0.06947431890168516 0.0012047734609312232 0.0848358109272706 0.018458591536516654 0.08653155311701756 0.024284978408969562 0.07428371063681403 0.03362615670162368 0.0587328856070267 0.042261790410719945 0.019472474957895395 0.0767575781372175 0.05492680674332544 0.08120354496567331 0.08373239071971432 0.014101471384668255 0.03980476597948333
70 0.09173239462929009 0.011274337892858009 0.06907418567356247 0.028300520202168684 0.04462172455915636 0.04274586712677054 0.07750748672495805 0.06847653012171377 0.020132380298734945 0.004375548720888839 0.00406074237362896 0.07482628776863325 0.03021096978460336 0.04054574345169791 0.09340768534451853 0.0917655661080922 0.0731969737584642 0.007468911689750844 0.04024999478139612 0.08602614898911295
71 0.005001152176935747 0.04469727654696837 0.10276614905499626 0.0953365930926715 0.06042608546627583 0.0476874964519422 0.05801772397558766 0.007010712364935985 0.021282889645815244 0.02924761618649361 0.049533131447580266 0.07436241278571154 0.05778204758490117 0.026771665790517662 0.034172202036344176 0.08090678986105133 0.024601458925811663 0.06435948410238657 0.1090585892179263 0.006978523285147155
72 0.06472881036206177 0.020346595718031726 0.07762525964970772 0.0792535318591215 0.08627473661729758 0.03174652254508984 0.05413986793910379 0.05720730928223185 0.022110347981441795 0.04803218563495597 0.02701427317259396 0.022451972254291613 0.06338413875305632 0.0873858709751158 0.031133919854317113 0.03378356749782352 0.08913825812805538 0.018976418115658398 0.07432619068767699 0.01094022297236732
73 0.07982012212583611 0.054757221666334656 0.08818465585763367 0.0334553473349571 7.312242962125372e-05 0.06081673413828855 0.06474934496676213 0.06403519370362441 0.02005327235420635 0.032429198638593344 0.09772448554610098 0.08432590459500004 0.047108178917657555 0.0029538959021083396 0.023416424361148765 0.04695476023884577 0.07298583065072456 1.848533952982924e-05 0.09587048191360396 0.030267339319422604
74 0.06501948838140004 0.03177419429079315 0.023977825248201173 0.002140297233269638 0.05996793836086939 0.039835290406506726 0.009045236075799002 0.08605289943981369 0.06938759919827424 0.02186773722733841 0.10515973600560473 0.03048162042985758 0.004206542280486986 0.10342609519516288 0.016414285973003057 0.031080306210245948 0.08692734861981484 0.0068006981526843435 0.1053048009486264 0.10113006032224768
75 0.04248099379250825 0.035973851574944364 0.09016581498794429 0.04292507934279083 0.08655596851351648 0.029517683899964408 0.0997304742172327 0.010776042324468103 0.0844477688175301 0.013285387079423071 0.08088439300182004 0.03571098645580328 0.009962172710454848 0.049198492832845116 0.008154549541093323 0.06162806451251738 0.09613597867615363 0.07640629493067704 0.00038648374750525015 0.04567351904080777
76 0.07001863014276628 0.047238542771019944 0.0876981887653817 0.009538424481824518 0.06839907573127013 0.08258192746338702 0.01227269840946448 0.016289105035702814 0.03008571011268717 0.03534745866659474 0.000708336774788814 0.07053573838749164 0.061878361192070956 0.09310071517088589 0.011626470090769449 0.0657411339300207 0.0842780726746476 0.09206187574385122 0.024837020598695355 0.03576251385667949
77 0.07087656256818284 0.018053194381259113 0.017932224466224746 0.016088824756858446 0.07419891868463949 0.03087080647964065 0.06068248952842853 0.05178155581442424 0.05515008264026267 0.03511919945428219 0.06992006934942181 0.030231353559037884 0.08356358523267979 0.0707812874480263 0.06596585750421285 0.02924197571222696 0.07597027146261397 0.06593380181318337 0.04187264385548201 0.035765295288911994
78 0.016410152442714047 0.031577332184999585 0.04571349804065097 0.0584414358176149 0.05232569798807571 0.06010528978042319 0.08040645490919067 0.03539381438067109 0.09706220781705611 0.01740077183272133 0.024905054591861462 0.09895976012772316 0.06459457019635248 0.01632653124844331 0.0697123710438522 0.009212280330129795 0.06538958430579599 0.03177545996245224 0.03298761462484686 0.0913001183744251
79 0.014712835250253695 0.02659477441845014 0.08296473071186276 0.10050556497259035 0.013502748906351501 0.0744880710155363 0.09129418638397088 0.012789708662314582 0.019122254254849928 0.020802865315496393 0.10204047394596105 0.02431990265022091 0.012245738739345315 0.012306583003930881 0.029625612201160882 0.09609520941476796 0.024744375886483896 0.09000362791903939 0.07855039849907222 0.07329033784834098
80 0.08896358784944629 0.0782707851650282 0.01135793573088405 0.062498892587487066 0.06043039923104444 0.03066499256191767 0.08239735319401957 0.027746488424203273 0.10593635150747786 0.03917372572611201 0.09536779681192065 0.00887546143309713 0.0003993153436701822 0.04985198229798229 0.02416918353094077 0.0444528535673646 0.038149724959510765 0.07184202545018398 0.058478365568732295 0.020972779058976883
81 0.06832836884214205 0.05862075035398611 0.043985301735886606 0.04441467285980544 0.01895611887741823 0.07511838445239032 0.07299612656834686 0.040503857122716695 0.11330991657610105 0.10896003956517257 0.008457596212917575 0.040693023705886976 0.015673765483411303 0.04372428834588049 0.057679625296365784 0.016968004349541946 0.06585857238601464 0.03390304735342785 0.06124983173299438 0.01059870817959308
82 0.0701149992710087 0.06523800788517826 0.01608878259009566 0.021405909783975247 0.007958274146163633 0.01512005928511393 0.05983188425593069 0.1018468544223002 0.03015433023102337 0.03281300052422192 0.09867239370116548 0.024743180405996303 0.019436761911163284 0.06921477933170996 0.07076423926502198 0.08220923346407578 0.07104266299522073 0.025446696005972796 0.0632244615935136 0.05467348893114871
83 0.07952284251174353 0.07879798692335134 0.019894927344057633 0.047770290295449554 0.03613614278944259 0.06362189503355224 0.05396578924630593 0.07538234519208724 0.04292528263341581 0.08006875869334101 0.06789351391644985 0.017293197619082643 0.06094887889870072 0.04943911610408893 0.02901561783238462 0.0598912257224236 0.057691007682125664 0.02935116754186236 0.00918347303158253 0.04120654098855211
84 0.03382745122816884 0.04622104461446164 0.0006530833172463006 0.06153781752583526 0.02972181120724017 0.04523407612396923 0.06671345949660965 0.08489327313699134 0.04744912697826104 0.08291998607590834 0.08213339117604261 0.0043622649965663965 0.006125183259358431 0.015802588012205424 0.07384379287177868 0.04868880915648874 0.04516271252672709 0.05956116951391196 0.07157971363285942 0.09356924514936962
85 0.011696115103797205 0.09309790006976355 0.02070471939266323 0.0636672765568513 0.052324996921892034 0.004656461308447688 0.10522232564299416 0.07023200840886401 0.06021710005766857 0.03395012017935228 0.03865725701999688 0.06257196839514574 0.0030102494003386225 0.08372047227046707 0.01009787897600322 0.10530273522296142 0.01562904362839166 0.015135557680340856 0.039932331844245474 0.11017348191981521
86 0.09553897641587716 0.07075802192247817 0.0316395427268559 0.07858829566464194 0.00789195787040703 0.008637658504287871 0.023545437143632924 0.05058007893638185 0.010860847185910122 0.050162941666191396 0.05407089972338318 0.08811540399507747 0.0697666102820145 0.038306879594100285 0.007277140951106686 0.033865519485074054 0.05369258216411095 0.08084755748858165 0.0638310170437155 0.08202263123617146
87 0.06230900318339849 0.025433778851838562 0.03646719495436391 0.09925845288969064 0.005304106259011691 0.00899241414699252 0.09402006555551191 0.059147662128001814 0.06665974268815059 0.05041488326353091 0.018263138086019044 0.06233374198359061 0.049550157568512464 0.09192597247281084 0.04533690695331064 0.011280151956736765 0.09079136551213289 0.014066985914765004 0.05042202697240116 0.05802224865922933
88 0.08619242317679834 0.09846251336894177 0.04102848267682135 0.04716443553677689 0.0001757983024366061 0.10629623391270097 0.03290054434902744 0.08564048181959638 0.031929040257986124 0.05148953773402671 0.025163609891994676 0.016059801718184302 0.10943974553685842 0.0036621481461491827 0.03468776452434193 0.07215361960461743 0.10383179799237868 0.018088519885824116 0.009965058913623263 0.025668442650915172
89 0.07070478502858131 0.015503533450110428 0.07859491823655118 0.04470034741799963 0.02222547400950771 0.06074822262397851 0.006937667836994871 0.08154628134675117 0.07006627472969727 0.05168411567788557 0.030131762048346125 0.027844450614285178 0.0860275799937397 0.04661174826647042 0.07487242230329152 0.08383794391368617 0.016219703178311583 0.01697049229627069 0.039245848450241094 0.07552642857729981
90 0.09149881165598812 0.007028056493197856 0.07749491212062923 0.06044653910587885 0.02107341264266402 0.04788224038036014 0.08193946171450858 0.010301324619373817 0.08559530857068448 0.041133190710831415 0.041390682551590396 0.07512017772047666 0.014408478932293349 0.0033426189054603836 0.021389706248984584 0.0842666843643848 0.007080063760359346 0.0808931446952515 0.09308903234831202 0.054626152458770505
91 0.012998017149797517 0.03212130398625235 0.0830242548949193 0.06070022350429838 0.06512830472581091 0.020435154684563164 0.059414516853531295 0.0586848643506997 0.03222609788888749 0.02974787445149233 0.054574044577867714 0.09307058324767156 0.06596929043600071 0.09001480841281213 0.061627682397380694 0.026938410027107253 0.018178077357658202 0.013406042205833624 0.04764755920184555 0.0740928896455699
92 0.07275929647874889 0.05353003296417761 0.035981449006293915 0.08185156791210223 0.03787882789380626 0.07824600189761118 0.00675578536853286 0.013103023096286956 0.06480002070931612 0.01659481144682066 0.055463943032438276 0.02101216550086232 0.0749261949401776 0.029613957985952028 0.08217306093292591 0.045311336925005594 0.07554668006703069 0.04029383995027125 0.04315881201472492 0.07099919187691464
93 0.061254155313399464 0.03854733862565623 0.04760520229112808 0.006095732140991839 0.0025683915179914043 0.05634188246020756 0.015310546798200809 0.023203538685985778 0.0900589941023037 0.0835878817769634 0.05012870414009599 0.09498650566718897 0.0033452709995299705 0.08193078708994016 0.06209149048407883 0.03486326981258827 0.10578075437198747 0.06667935728728233 0.03211799353529896 0.043502202899180664
94 0.05777573897226191 0.03984178206710135 0.07123434635190154 0.06496579290538847 0.055846489929964 0.03426151067659452 0.019162992529273132 0.06526672469132545 0.046548633116428435 0.07921944969184755 0.072478808621656 0.014370327644577576 0.056679853709248086 0.07624690368685971 0.05542023063108546 0.042168081778965465 0.0026120521818344534 0.00493595755970054 0.07906157530858773 0.06190274794539858
95 0.05692664222052214 0.030187826644537594 0.10307236570363039 0.01313209576960938 0.06274584619873469 0.03391960354970481 0.03775524392774935 0.0033880506099198205 0.023666658840965752 0.04702762577977383 0.06715133496594594 0.025835852116485283 0.047971245239726436 0.015533385673375063 0.10779775149751811 0.044654320855680864 0.009092349957369334 0.10364710307811426 0.06051677451528359 0.1059779228553534
96 0.07685099234773048 0.07689049189512866 0.04701937459933109 0.046986726348951194 0.07341237506328518 0.04315848907297055 0.025897385375680926 0.05881840308111808 0.07359759871208807 0.007583225915894749 0.084631787415143 0.03075935488782737 0.04244253814654151 0.06311120241443205 0.03657088936142421 0.08250685416695182 0.07453968922219655 0.031518848665241406 0.010429523155072073 0.013274250152991048
97 0.033595369514960616 0.08164047082121632 0.056167957025375345 0.0894576872006131 0.08814762260625492 0.11041163101739657 0.036593879015797574 0.04812231061538994 0.030707368731809626 0.017543337439256363 0.0163513391618147 0.023091473279215246 0.0925584930435417 0.04705762158597393 0.017317933552493316 0.006578817484994662 0.05059604845343713 0.08764904183498495 0.02212687177977529 0.04428472583569891
