0 0.03373536589454056 0.013193059529518759 0.013006583849128688 0.03689775387086537 0.09274744754553112 0.10325871343704299 0.10902633963669689 0.02850678450440006 0.04508821967171408 0.07596122402035407 0.026177909508797868 0.0339671223523867 0.09079883673275602 0.012287955702292321 0.11401069908892275 0.08269877406321394 0.018072663824175342 0.0018484712793857556 0.02246796096788041 0.04624811452039622
1 0.06788547050958167 0.06306200988616069 0.05010811110451258 0.06118730597796729 0.09089174146860717 0.08444798934238847 0.0925452722013062 0.012940337759080328 0.07805961419561021 0.002325132902386017 0.02253702778826438 0.06983935944274884 0.09433276462707449 0.017339670501705554 0.07019885665819424 0.01602902178207442 0.029492599328952665 0.04067657711882076 0.02615338796330442 0.009947749441259457
2 0.08160098623437016 0.06623650620247867 0.07935060740396076 0.041493168860287095 0.0075758861328775375 0.045734661656841494 0.08830034708526875 0.04817614025735047 0.05377006062511761 0.06302401716399272 0.039578700156111056 0.024102245005765615 0.006094449999947298 0.04208793562946579 0.010596559850978893 0.08661041863115795 0.02606696683828017 0.08959477583728126 0.08045274946602192 0.01955281696244495
3 0.05476745841910996 0.08041896256084753 0.08161758902888938 0.07808647442222226 0.05558304287292573 0.09503109997197327 0.0065508332642075515 0.07607711092870462 0.01116424958573262 0.07793387844242304 0.018004879574241513 0.02071744856116527 0.0445936377955609 0.03118993346300496 0.027197307933595496 0.05449392935049572 0.062028158283259256 0.01843229835632542 0.053963671792528166 0.05214803539278729
4 0.00020178494118024397 0.04016047759153239 0.017281778595865525 0.08855376966574574 0.08094112852001502 0.01064840074533229 0.044365214418842815 0.027851402263273036 0.08133161211866718 0.06383278872483539 0.05693981753455665 0.0767041107561389 0.00424896329929514 0.07749322770224015 0.08856266729827901 0.060877043619581614 0.060617825073311656 0.025770534726439705 0.05539026955533511 0.038227182849532595
5 0.028692318627825945 0.06748019670209134 0.07953879194626182 0.023938280599796174 0.10755872463496001 0.025360909584244203 0.007253887913148148 0.03183492193007605 0.10491554490461087 0.0694054186863459 0.020749519126821853 0.07574635672323785 0.04606676992398971 0.09513079973871774 0.0672330206649917 0.010029881495409027 0.01623132681979932 0.08200389893346485 0.014401646364188185 0.026427784680019297
6 0.07049495403724014 0.01257334040575338 0.011336629339418048 0.08873186035069627 0.061866503164884845 0.02910350040780888 0.0037569407957725154 0.02522780441125346 0.004528930908384227 0.03470858092871241 0.0783555644438357 0.08594911380991525 0.08681954669707187 0.025771370243643035 0.07243468879128982 0.08731086382939342 0.05433790629526547 0.0671414983728426 0.043331485805585206 0.056218916961233434
7 0.00391195052831276 0.09143358544304196 0.10155313536651876 0.08724779617295667 0.042819092361406914 0.08197657682998473 0.038680577016007744 0.10234628031180981 0.08077026783330717 0.014765581545199136 0.03004848217609296 0.02036209321126375 0.006169448485109013 0.011984584755503451 0.011197685386660931 0.006056060139100263 0.09558147210994111 0.09211972038542247 0.08041320517184158 0.0005624047705189144
8 0.06982682307773005 0.027222695766109604 0.021962320464754024 0.06521555550171629 0.012114742219171444 0.08450197656019288 0.04356454467188908 0.04622121231541568 0.07204247672918444 0.07772953613654641 0.03222709694400902 0.034115089880264744 0.04468733287652666 0.053417862102446215 0.01894043843674486 0.03551138585315341 0.02768146905587285 0.10108920527443549 0.06691610837787208 0.06501212775596464
9 0.10278992661844168 0.017162227974089606 0.02673628623175919 0.04199637326700363 0.0010036300586699547 0.07528070541284926 0.04494679479703711 0.10295476012486969 0.08170564282346833 0.07516871370441236 0.002707234101791297 0.09384941711351355 0.04176492098094227 0.04789515814620247 0.03724728807306164 0.042060968375786045 0.0700677658793022 0.03180379500121662 0.02298724792169636 0.03987114339388674
10 0.03898535773071355 0.0302196678518523 0.0382318020124461 0.08008234007421332 0.03459111447252377 0.06087368943176832 0.04373319679879944 0.062184855877470406 0.05174205059523808 0.043697678675861946 0.05891914663849996 0.07951386952200044 0.09230468818443681 0.06590687486172442 0.050483230683063963 0.08094707554060725 0.06952774489474349 0.010608331251199534 0.005602055986873314 0.0018452289159635756
11 0.05944368487740496 0.039598957014978314 0.020924485044595 0.0041437413252632775 0.03044499059951758 0.09541542106437224 0.0033987392363844762 0.09730530116881432 0.05427417791222407 0.021201291887541194 0.09194452198963465 0.07631361940492311 0.07387592626049849 0.05543901139280571 0.06242269160183344 0.04658198533637427 0.08881035077825825 0.026086571752428442 0.00838908997580925 0.043985441376338946
12 0.09678708189837623 0.01799589389674012 0.027056875578976236 0.059597005270547385 0.05856644519355317 0.053463024811615405 0.02844660736736619 0.009204602275950154 0.05106635945605616 0.037562854266785864 0.053196804664963335 0.023133964588250334 0.08755579942151058 0.09520853848845073 0.03183780474837945 0.07647548060333097 0.044850669690434566 0.05582371124647887 0.020224435081043973 0.07194604145119034
13 0.07776391381458737 0.04112421916264907 0.06051485682973632 0.036614209770489764 0.05633548366129511 0.05167211773030606 0.014587443667435427 0.08396891216588026 0.03159525744203995 0.04122223583458619 0.00666153941189303 0.0006385310065216755 0.0003619123135291354 0.05169579354411943 0.09028852306219183 0.08765490500378331 0.03854732701865775 0.03408716926529711 0.10733964395719035 0.08732600533781074
14 0.03635115742914602 0.10278441440843802 0.03112885357503563 0.07073624770914343 0.023892946395431287 0.05271210170468289 0.028038429075912325 0.07465139840311125 0.04847588085536025 0.00019940063416332192 0.032581653156549005 0.010685472888859465 0.1000339833435395 0.032125334545940555 0.05997378338693784 0.07394788999357904 0.06202097923357296 0.07781294465613717 0.0254111568456045 0.056435971758855494
15 0.09205680222519406 0.08191320663417546 0.011638382487501342 0.041619375407168265 0.08065189277144771 0.03461117141018068 0.08469198065335647 0.031050091505559506 0.047163002148170444 0.024693991975192692 0.06861261036480847 0.04235461428517889 0.07104025949588004 0.0367046144642089 0.0068000496077590825 0.050937366790531666 0.009634454030243825 0.03330033306626288 0.0750270268503398 0.07549877382683981
16 0.024084277089942437 0.006719267066950323 0.08219203094071635 0.06767359710112571 0.049629892273876874 0.02476609075332097 0.03585943208019241 0.02532613193172579 0.036002702107126146 0.0836604075820037 0.06030053988805159 0.07860397080186814 0.05464052176483727 0.0853530982450611 0.06459798479616233 0.010950989612408382 0.02596725343060101 0.07867128781094992 0.08168173584857887 0.023318788874500708
17 0.052197555567943275 0.02276303439878703 0.026532633744463366 0.04605845809380015 0.006552506865508255 0.009168546740759299 0.06643205413854968 0.05875027086420862 0.059466851974845886 0.02012824978354343 0.04679508320759973 0.10273232326568714 0.05173984769477698 0.07968840189207975 0.07574782249452668 0.03971261177857068 0.08618920243590995 0.04043781896900704 0.005329568256253057 0.10357715783318004
18 0.0010901279685568148 0.05232888738454093 0.09185117044244182 0.06810192213383298 0.00719042015187371 0.019386510891366223 0.020759532416300196 0.01657632715598243 0.08475328557759486 0.0867166246072132 0.09559127916241777 0.01407942558040416 0.031733241059708026 0.0399947192366158 0.02735135273166308 0.10048744199795608 0.0785398550424667 0.06688067682486756 0.08734761358828655 0.009239586045911376
19 0.01583239448512533 0.06392835259518227 0.10115455948813482 0.029666758855311753 0.08591541507265218 0.00116483020708106 0.028619783977239167 0.016059932122388355 0.012786784569580984 0.0007439704903604076 0.018909660785122406 0.008642434560483274 0.060113561666352414 0.09890882024731586 0.06283705554626974 0.10840328644438853 0.05765663233004335 0.07990492750129521 0.07846776368846764 0.07028307536720525
20 0.06691408261747833 0.029761802302978254 0.04230856210701789 0.0732783779700323 0.010621838120458117 0.05219244608040601 0.06190912224661306 0.0871153473821467 0.048623336771151625 0.07356070569094394 0.015037900074704453 0.02627154019913358 0.017083590882264108 0.05483086441019358 0.07826950746477249 0.060417928528244576 0.08277141651431615 0.04413740449284181 0.022962482788660962 0.051931743355642226
21 0.014099282369894935 0.040582044392265273 0.01688831433039837 0.04297633272910463 0.03467764031575684 0.05213023579126619 0.0956847698738095 0.03256596922301131 0.08177405080734057 0.04236816066345738 0.03245178474193147 0.08372601342715189 0.04256480453028462 0.04962454220966368 0.0536916966094639 0.07942082460658555 0.058633625275265694 0.045091128644203 0.015994178429605186 0.08505460102954009
22 0.04911555280523774 0.07690235598011251 0.00788539953293357 0.031070451298010487 0.011488849565757691 0.04737793277714063 0.0957914099395979 0.09552106667867838 0.0071108292070297474 0.07751940187585743 0.06291894390245262 0.08510356924100707 0.018689942884148582 0.06709094417583975 0.03956386162054238 0.031030140776328475 0.07924547496440226 0.04516564593575499 0.015672781103908753 0.05573544573525894
23 0.0521635384521818 0.07416512902446772 0.08006261816587187 0.055320778957160005 0.06674636135953041 0.08414345571439902 0.06954104742785541 0.0405284207033889 0.056420539151945115 0.04453330517244179 0.05333392205406761 0.023317234376503976 0.025330209343139076 0.02040457435383466 0.021255802205199285 0.08720376709237374 0.029666600159007094 0.03197159103416357 0.03289143322703174 0.05099967202543738
24 0.05922395666524845 0.03754146447086144 0.02848917941453064 0.08083450601987026 0.07258287498742329 0.03791168861290666 0.04649014086938544 0.07696362720174518 0.054045073483062284 0.027924800990394048 0.059785274974929414 0.07307040091647242 0.07198546038809303 0.03028465836827442 0.018595794714479703 0.04394019913136903 0.04552214578895247 0.06718324121842494 0.05862529931462091 0.00900021246895586
25 0.04909687511385678 0.04671879834377302 0.012915607847019311 0.0658646341680641 0.059565967825075145 0.07329652935810203 0.026676131951977617 0.07562423119364868 2.333764572555148e-05 0.06427659743300428 0.08354158686637435 0.032531735710895404 0.05512374952400734 0.024812100476938413 0.03559642257093621 0.07297570285054873 0.048261064008495586 0.042963076870854794 0.048620406497326095 0.08151544374337667
26 0.01556010318062696 0.08035169334024661 0.0019348094092284185 0.0035192012250310693 0.04355110672685596 0.07083058650220399 0.07494999912165792 0.06584233429987518 0.05364321987316699 0.09448703866055304 0.054826778162519595 0.04345358397772742 0.013205486762688548 0.01699269696955368 0.0906921696506006 0.07128974169551064 0.09158660380646932 0.0060768562177808474 0.05165169347870741 0.055554296938995947
27 0.02829650332795557 0.07918002674017739 0.013401295477799027 0.006284145198852949 0.08899787388656459 0.06126528146972718 0.009032510376958772 0.005814610199597725 0.0747478324546458 0.10760218751315241 0.10763876953008403 0.03767505813760831 0.0826810517462928 0.007422320858744725 0.04069955432276441 0.04941302335882984 0.04397922346157493 0.00989322355908412 0.08792201521118971 0.058053493168395615
28 0.059630634544384525 0.08795236377635146 0.029545987344287514 0.09787965246096074 0.00029932532984267197 0.05702211743967211 0.0019912275630934438 0.03573445508560602 0.06092157099274929 0.0014375105434134292 0.02664436050909156 0.06922274772104424 0.08889241513278262 0.08798777303584245 0.08831822030590908 0.03389762318898491 0.06340848951330212 0.09594806037185637 0.005788982153516937 0.007476482987308645
29 0.035294944293016495 0.060203670318748424 0.06027614454334231 0.022634577071367366 0.07763671023301633 0.0022428152447654384 0.007456482507891942 0.06101849898443892 0.033631526587314886 0.06658568868626732 0.06884623274642668 0.062248373001386754 0.0450275406106078 0.040405427167501846 0.0264578219593654 0.06374434549941305 0.051120269163494526 0.07457645573434 0.07285248717394985 0.06773998847334466
30 0.07194127709608054 0.008883433405266629 0.00709923337690275 0.07066988117231651 0.06896663502282191 0.07501234619468822 0.025767356631177622 0.014310400234319105 0.030963495807368988 0.058893107095824584 0.021478365356478547 0.07812698087952874 0.06493958469832477 0.06661634073132301 0.05312578097979222 0.05232149255924086 0.016366766317563727 0.07063947450435476 0.07644823421266171 0.06742981372396481
31 0.07476121589611065 0.03290395058529378 0.0036105260036286275 0.08291455326237158 0.07576499598617151 0.021555303670855716 0.06273353896114968 0.05788579135512409 0.0370502206723881 0.0516644547357491 0.07177565573975817 0.027856121597529298 0.058370682525794436 0.0763480904047985 0.08034094467079489 0.021319053741957847 0.08679148550675984 0.013132179040790105 0.049342278191618356 0.013878957451355763
32 0.05975385918532262 0.07548885966599449 0.08843606318196856 0.04318745605041661 0.044342697477576416 0.07024800564117506 0.07791801432531635 0.031414285674309816 0.04933105721420383 0.015133833579937894 0.05302647793554071 0.059097293101485086 0.06622833514014695 0.010088072471756993 0.014590537769398351 0.05724621700146549 0.0805396793085952 0.01851812834418502 0.007626482234806107 0.07778464469639834
33 0.01323185630326851 0.0784509847301662 0.04954199177947796 0.058472828316793235 0.026909372819250557 0.05746036422082531 0.006377778934885811 0.06219138236656169 0.04669530201561998 0.08002435692497266 0.016651652230289356 0.050883862237709944 0.06257540183459677 0.04826949288358193 0.08517418058740135 0.05466936674372285 0.07647224174530004 0.04502445611022318 0.019154506720513192 0.06176862049483963
34 0.021700360855734825 0.008812255052908991 0.08593082655454462 0.058383248135970685 0.0070873977485028765 0.08918202346227061 0.05828647090647947 0.03225768532716079 0.02051382880732539 0.0039323831762063536 0.11496997999532543 0.0326542286200634 0.08513844767006162 0.09535093016463972 0.10290244388617652 0.03362391586166471 0.09284119284464708 0.027493154897906776 0.02723548081934286 0.001703745213067521
35 0.004226704134129895 0.006689779501649546 0.08870526117726467 0.026477182714887765 0.07376513795795415 0.06826281451398195 0.07240779014179816 0.037104863842261054 0.014096114602588338 0.03226997024429499 0.009213386863446181 0.08485777064139181 0.07837563496454543 0.07862115096975673 0.060900925323446375 0.01961680932657223 0.08013414611580842 0.008301414213498157 0.08437050789875808 0.07160263485196619
36 0.02030144542691683 0.052835764269735894 0.0025998420982241604 0.05407050196899082 0.07380612514188457 0.06246843327933052 0.016900300569680064 0.025638361743492502 0.07395289209022342 0.06852386162547983 0.04473141480051442 0.03768421461218915 0.04153056283810012 0.027867445485532952 0.06667851947888966 0.01818690349592791 0.09373421998398408 0.07988037533805957 0.06057728273613374 0.07803153301670979
37 0.007769210642387098 0.07860234108181684 0.0918491887744449 0.05915439643147092 0.08702842758549821 0.07313197528453888 0.07004246255469988 0.06933113982480935 0.08723240098044367 0.011670808219229974 0.053535388184005384 0.012931004571791345 0.04259314781689335 0.061225124842701636 0.0477670943647753 0.040285842324789656 0.027179395678169984 0.03261431489867481 0.033266835110986534 0.012789500827872235
38 0.042977340474384396 0.07282820957319185 0.06208845862274381 0.01447813532654375 0.054845582388532106 0.018457244922863585 0.05036658510897716 0.09791476573882535 0.007820187722517994 0.040262332141541936 0.048735160094872366 0.07900554326668413 0.07026395779643187 0.06644522200924169 0.06593870528789912 0.02934868613980259 0.04688231058434345 0.07725508121398125 0.051893120791520794 0.0021933707951006577
39 0.010147164980585944 0.01705557833845969 0.007400676832545597 0.07172625092107596 0.07289983273208513 0.08048151657767176 0.05314805631016748 0.035926893009417406 0.06890997863367498 0.034979794451658185 0.07853629360173588 0.026602508099727785 0.05949308560178643 0.05930479607886461 0.039227982029413334 0.08145022011083178 0.010278076857735047 0.06017057860216721 0.0541804076819612 0.07808030854843472
40 0.08328773174031406 0.03935306568266307 0.07873447438549681 0.09757507130173007 0.07911123246463098 0.013933915451513467 0.06444377655675189 0.013704376134807243 0.08681207888400286 0.08174183433155753 0.04872745700780925 0.006003147285252915 0.020151765058450843 0.08032829741718511 0.0239991205831808 0.09746095921396238 0.0009382911206412796 0.017225454030934242 0.005008727446110858 0.061459223903004435
41 0.07413996013672182 0.05620472510537786 0.06851494291238255 0.0344333086845749 0.021332002949457123 0.07478018745147003 0.010906920798355627 0.09461772061813213 0.01941672702651374 0.07492091860071942 0.06523857139077562 0.07671349723183254 0.003722828197608949 0.06813145518875324 0.091937549457945 0.053026739252340006 0.012680259721804086 0.02912982687484506 0.05083306057091658 0.019318797829473648
42 0.014102367665158433 0.08688416941493468 0.051785261065426205 0.08182374318791444 0.016686956388572437 0.007989618998725303 0.050013848609999995 0.06856976286367718 0.07989832367004862 0.03503132058128239 0.08564297920762705 0.08402928782242142 0.03378839209424973 0.0033128802362861723 0.018148223244430488 0.04599594998080059 0.04046479247214352 0.07101527668868998 0.06478954703596757 0.06002729877164398
43 0.10066440679923457 0.07351671711022269 0.02142070215203 0.012733077571301783 0.10861172953995929 0.11522780365819868 0.010702574526108836 0.09194495329103221 0.006871050953432677 0.009691572335554023 0.03515028066819304 0.012761069705736164 0.06579936435964408 0.01878789723682792 0.10083554758466248 0.05787877170258418 0.056552136213453154 0.03437846612226735 0.0008644362609371402 0.06560744220861982
44 0.03982342669696145 0.08192568983126125 0.022282561666170878 0.05846430562818554 0.03987419030685518 0.06018039726626854 0.03466065874542414 0.06782104593367759 0.008510802187119975 0.06089038212978769 0.05711547312813984 0.04686250910293443 0.05785382722665529 0.04914810607945336 0.07909684196271334 0.04680670253603949 0.05947765486888853 0.03753155500034653 0.013225233273076356 0.07844863643004052
45 0.00856489670941014 0.06725021446505525 0.011830529873615077 0.05959374884265144 0.034057832758228 0.08860276238555952 0.037273406382421784 0.016257418707799256 0.08406280636473015 0.07403245069962641 0.009079828732833283 0.055179059169629265 0.017898263369534224 0.10361354533327313 0.07509699353835177 0.0072917311284892835 0.03410157850814705 0.1058498603646469 0.007184960825361819 0.10317811184063631
46 0.030216368880875113 0.09832263283536129 0.07555936028136237 0.07446378890695378 0.002144364431382347 0.04331806423924741 0.04503154337932907 0.015692963025442964 0.00317512612796827 0.007270127348993124 0.08166460848710992 0.06422843039752421 0.0218997758028858 0.027868834113673458 0.087562557507521 0.07925610403003913 0.10001091490453999 0.045531531148739646 0.041056041417828315 0.05572686273322281
47 0.07847890189355473 0.003095676862187356 0.07276885565995184 0.034856722467442154 0.08200893980017507 0.044944339561041206 0.06278166766148556 0.05784657176608235 0.010782020009580534 0.036698269678720676 0.006334105714275689 0.0463623080178115 0.06516542914773397 0.11143909092248731 0.025790439330767866 0.024168248120137254 0.01735264591808703 0.03338595714078995 0.09872305429898484 0.08701675602870308
48 0.004760923082906457 0.08733362947914988 0.010445659850877097 0.0677772715060884 0.017898557433190774 0.018384809381521518 0.07380809536001784 0.03609502758595582 0.04880902817275236 0.04563697075994878 0.10017073268803363 0.05188602713005501 0.09446399891752955 0.0508495670108854 0.030285235717873647 0.001207354977296007 0.07380709999678928 0.06655326948723711 0.02987727662314612 0.08994946483874529
49 0.1018032373580996 0.03808082251332928 0.04494523752637494 0.080572847493142 0.028431740174410462 0.015020591129676119 0.00542873027397687 0.012505863504432889 0.00719226421278134 0.061198047672753234 0.07446282809649396 0.002815086214465809 0.008349386730311143 0.07839165643788003 0.08515054123346934 0.10678678707239127 0.03405594251375832 0.08039298409893156 0.03398513828636933 0.10043026745695235
50 0.05492527308048624 0.006689505129129752 0.02424618405872444 0.074113121088021 0.06922671896576864 0.03528817859646825 0.01705035141228419 0.07773790419728191 0.06770669149256041 0.07902111744258651 0.042451480794773906 0.0705211946446234 0.08361868222208911 0.06826775647046492 0.016861125375496 0.01683934413873239 0.04116117663498858 0.0551850595681374 0.0586654157444116 0.04042371894297132
51 0.006972811048021705 0.022807855464195764 0.09349647429729259 0.035979638998527144 0.07486492392294154 0.005082933838624249 0.003642195352552428 0.0759196635430387 0.09267530061482294 0.08105285715235258 0.03763895968297356 0.061057488709982774 0.06486469466196837 0.036881415757596764 0.0400797448898595 0.06237427111623939 0.036655585234383566 0.08017983151838437 0.009995482401592011 0.07777787179464983
52 0.08156321550576776 0.04263735617711728 0.07531565489571745 0.017390631379385398 0.007424750090974383 0.08311571366869057 0.019024250810863595 0.03394107518864376 0.08738355572293292 0.07778701323040861 0.05185310349104009 0.07571105169497254 0.057613671884669315 0.011037120056829696 0.04855975860359241 0.0033712692547226203 0.07864434096569743 0.06856938153081835 0.07357718632483964 0.005479899522316285
53 0.0821686842844641 0.011885856233993873 0.052334154809181986 0.08073346604080767 0.05398703955038282 0.03155116441653826 0.0807361169718379 0.03816759419883714 0.08844344414872012 0.05592341277446114 0.0016101081318030412 0.057942533142842645 0.03939820557654495 0.023281827355887446 0.07827132291803061 0.013564226798349815 0.028670808883587463 0.06488786744711333 0.059207435839336825 0.05723473047727887
54 0.04077986937945251 0.02573450137311693 0.06940232225145553 0.09221693544453707 0.06953048097844501 0.004765093298528184 0.07939691500558607 0.018687388976069627 0.03538579347961715 0.046741671891609146 0.06850605783434045 0.0475547682354104 0.07839961531353817 0.05515461686503397 0.008427924989683299 0.06417403544509354 0.09231762885545447 0.07500660198543767 0.0038425634178479028 0.023975214979743042
55 0.044497346046350285 0.042327004351505514 0.07433527935669836 0.03418024777792433 0.04253172377978463 0.03531289605346181 0.05328780350808122 0.02523874088361926 0.0633062193683142 0.031009641885910218 0.08878112889400437 0.09109677517717782 0.08136226931268195 0.06840776063320621 0.03556093188268076 0.056931214033312146 0.008197812143276619 0.011859287063480786 0.03164459851126768 0.08013131933726196
56 0.04365083887012608 0.013765225240203306 0.0993135374741456 0.10095960434277494 0.0020940321374998154 0.009456719659087079 0.053689673738128156 0.030514284884530618 0.010401603415265784 0.015615956616686714 0.11260802045947398 0.027220307724251564 0.0024514185230077013 0.11752773686225192 0.0883506062591661 0.09603754416421105 0.05482648771173812 0.06566263603987424 0.01059300411518142 0.045260761762395914
57 0.03829666209846395 0.05834977550148112 0.04981221455474074 0.10140294388645207 0.08980849343321624 0.00943179705201316 0.0412082611847062 0.024970535846363624 0.03667273324195231 0.030056712443653183 0.10326624834819284 0.014740622711176418 0.04059181694543575 0.003693447754240851 0.10237658171381617 0.02703463757105278 0.007382892877402659 0.07719474581566248 0.04019319503219027 0.10351568198778698
58 0.016059423754818256 0.04232842970833992 0.017545380199010318 0.05207249920804722 0.08516193948990528 0.07191152217332174 0.022767776532784424 0.08001667940951618 0.047545857335775134 0.040746808117112836 0.045702403998626115 0.009671111561803846 0.006954173165724508 0.026201823534897535 0.08744194311964051 0.05647264776655874 0.03465330345646908 0.08117775891081305 0.08329112684826656 0.09227739170856865
59 0.07352708083889771 0.01881488769360787 0.01698047677371094 7.610927325074279e-05 0.039229382199038584 0.00509016743527264 0.0671535724064844 0.03234854162391114 0.05225330518340379 0.08991853884077713 0.004404973299078595 0.02332216222645392 0.08878032529991706 0.06727032151097866 0.08844858512334657 0.1057107656115328 0.01935349848953207 0.10166045786572941 0.0913134185366242 0.014343429768451694
60 0.0180220279775107 0.04189960169957091 0.026223406367736225 0.062455213771556085 0.04292491465326763 0.06173457392698771 0.07329198934028497 0.07883339358782829 0.07256206876621109 0.03317369505492057 0.05329756423634317 0.060680310586474634 0.03984712872221656 0.036663204297299835 0.05012426198369875 0.01306582904929907 0.02659428014241908 0.05837743930932689 0.08368142788823377 0.06654766863881416
61 0.038737881983224726 0.008459537491430951 0.05757315759725997 0.025567018702819223 0.03911464403603785 0.005904323981366994 0.07778604278668792 0.0424493551447108 0.05909462364306353 0.06183256679198228 0.07852254246002753 0.04872033231319897 0.013829534921221555 0.029542647170864824 0.08352877814559825 0.07198975570762772 0.08027929841559553 0.06575707111334042 0.061760546563575325 0.04955034103036565
62 0.08068959210623454 0.03430531183877662 0.06317183873758288 0.08575188950413071 0.021188870294448072 0.06703003922341542 0.07504885899943335 0.07420320874950768 0.036553867743248106 0.026456498061490107 0.028218834457918066 0.05000488092952115 0.07629942803343613 0.06823539319111455 0.014473260960787077 0.06770166102650986 0.06997314844953695 9.505383805207037e-05 0.022841014167342362 0.0377573496875143
63 0.0750305001174512 0.021237859284540677 0.01151168972312941 0.1029959755480726 0.04045343406711661 0.01228538961886638 0.04904833501762374 0.02338993579772665 0.021845226585660606 0.010076909909051404 0.03055991621101282 0.11163141520882082 0.016448582329333827 0.08957866314631976 0.1070744014130297 0.0735579529053314 0.11346818623472728 0.02986071637419603 0.03171904069228565 0.02822586981570326
64 0.0011971183912806121 0.05889495275170524 0.03639890622726951 0.061363435785869586 0.05908400875201782 0.09882095304679062 0.013044910697247175 0.03923425349033466 0.1061185123935349 0.05186648591084452 0.06962213298143248 0.09177179805961488 0.05253773402287962 0.031174130655998944 0.09081518549384641 0.002733392895142229 0.0004323263731308071 0.028527161850201425 0.013113702877320083 0.09324889734353833
65 0.022150983681217436 0.0639704935827005 0.009045407107003526 0.021226443457247026 0.06466682623625834 0.06093398056964799 0.0763792399307119 0.0718371844744981 0.08371870805377411 0.029804243969989236 0.04302163890419349 0.03345649558728078 0.06284259101622536 0.05388328161515143 0.0690649976269277 0.07339416107656205 0.04261338544484021 0.011401089766135773 0.06077409438735758 0.04581475351227767
66 0.009811794917411513 0.04538058904240701 0.05783744507526341 0.11551627138340993 0.12086410893516794 0.07662584670244492 0.003491856198008947 0.02196472019111132 0.11104106215364792 0.015701258646831456 0.046837902705227405 0.012963547006198456 0.002858138817283002 0.059188986808367365 0.10014420506936499 0.03142389122349947 0.08217494187552397 0.003732560603232048 0.06094063323165161 0.02150023941394738
67 0.039278016629919546 0.11067070890385153 0.010186970379925369 0.0924316366069805 0.0004731523960620649 0.03207846044541452 0.017647651490277312 0.09889387760900623 0.01273867423949085 0.04853500490936535 0.10340459853733008 0.03900619011185751 0.06071340147966695 0.05361286371966176 0.034996148680900965 0.010302847205443087 0.0989353813446642 0.10389845157258272 0.030895414233157163 0.0013005495044424637
68 0.027774734249182656 0.05337837156288455 0.08752962542575184 0.05086841529341727 0.04556300489010532 0.02279518408990158 0.0088892693816341 0.10111778525982953 0.007613489569818663 0.03875187574601338 0.08417809056016898 0.042994839127818776 0.1007879143923601 0.060262265896003295 0.07761528388779876 0.01633284819240516 0.029968203217938923 0.03140274075523767 0.0720940081901991 0.04008205031153046
69 0.04875367766176376 0.08982320188458763 0.017714256863359916 0.05196852361779046 0.039304111309427785 0.07752950124955155 0.08123907584464134 0.03726525519497784 0.05207297291299201 0.059284017403464985 0.07452386623009624 0.01642168850851397 0.02158600274658719 0.03365860408841385 0.03681828047469443 0.04050975655704851 0.05160439823199255 0.07950060329471689 0.017038539358411348 0.07338366656696765
70 0.0005099350449505139 0.08159462826249257 0.08846832406109162 0.05819226207062185 0.07687601858972921 0.06627799434903454 0.05062154621048328 0.01619355341232123 0.06333815021695637 0.01269770623692133 0.05645997505355248 0.0783301396926164 0.015746284677832907 0.03987662032449551 0.0719818493653861 0.011919132323841475 0.02983157100425418 0.08656745488733106 0.0514095012565937 0.04310735295949363
71 0.09030416278024002 0.06415566171910823 0.05130068313001018 0.06637489987782408 0.04854014687679648 0.08055160423701241 0.002036279843356633 0.0583435925147197 0.07807752099449171 0.0797427827761878 0.008095288587443584 0.03490776026080149 0.051552587875859236 0.016170822986035477 0.08422443748439214 0.015539334541143014 0.00905381852107488 0.020023886056756007 0.05215492576870316 0.08884980316804393
72 0.031059845249351178 0.06136812060256185 0.07328868502533853 0.05736907543851063 0.07819308884053375 0.0428957440873134 0.05227244431359506 0.07448329295722314 0.03708436494172615 0.03657025421040147 0.010521281608300133 0.03602621527678006 0.04684704462917767 0.061633022172901605 0.07299581114112982 0.03064223580491945 0.027930637784962263 0.05564407194454786 0.058040843218810055 0.05513392075191588
73 0.009536825124506541 0.09241185612218153 0.023149842922682247 0.07606980360113898 0.0573926665564885 0.039034292851792565 0.002985185796538769 0.08724033868264755 0.01175348793325431 0.06525907862136641 0.026680554419726273 0.048617611424315046 0.06861219890025749 0.07484292740145017 0.07037310998389826 0.04493166009356944 0.07608557244428953 0.003031821014014514 0.06744410870435849 0.054547057401523366
74 0.08573210883528805 0.07128739060219366 0.026324043462704373 0.02730711164225041 0.024376668022878484 0.0718934082444035 0.0745630043964454 0.06529246047942998 0.0779354683678269 0.04997406809913404 0.013098946252740062 0.020034691438480252 0.09027082847252335 0.08716925758629405 0.06516546185121395 0.07955781116687861 0.0119444879964299 0.006607084903026601 0.0493070845414849 0.0021586136383731996
75 0.006650566996784808 0.14108340177594436 0.12969922271709253 0.05826360123259748 0.008229498345588887 0.005112066676468293 0.0520207912007386 0.09904191489581973 0.06811405703165391 0.0064050001154469125 0.1035621710061783 8.715003927102288e-05 0.06833371076157087 0.037397301490156507 0.08698405007559787 0.013420422664326647 0.003921091309977667 0.020989589982875114 0.06141801080129394 0.02926638088061635
76 0.117618536559291 0.07841779153233518 0.059125188330989634 0.04100254158720235 0.015660645199114098 0.1160934958739157 0.0364406700841675 0.06002625330484999 0.04287170039729821 0.0034601143868807633 0.015647577472325487 0.004872402768812462 0.03801709243788233 0.03603212345821424 0.07456810129351137 0.06680948106782665 0.009324909433418196 0.07090143494704174 0.040668965707163225 0.07244097415775998
77 0.07473896565300892 0.017073770384223964 0.02047918520004413 0.07086638575798739 0.10582476539278356 0.05729082236785917 0.005093220120869353 0.0011681957516576941 0.0955152554127799 0.048123539122124685 0.04391432849519504 0.053603778344867015 0.039019560912035095 0.034359157185249664 0.0667211261268037 0.07614501266390002 0.03312528274513091 0.0068235477833033945 0.09051037764933884 0.059603722930837745
78 0.022544930775073368 0.08800066137278303 0.0937998209441792 0.08144508646003493 0.020608818697065556 0.0947862833300537 0.039835748758781375 0.038503941584143844 0.09656075316771266 0.0359545378277801 0.08909037475264453 0.09129447422067093 0.04297352371351016 0.003778188409572082 0.02678615149267322 0.05633817040995465 0.0071570799428932975 0.015249100936494007 0.009037897354644818 0.04625445584933417
79 0.0008779366977962717 0.03916202862232294 0.04511867314241355 0.006745109368162188 0.09720091252140704 0.08278535465680176 0.06677303032005891 0.04292795066179897 0.03205291051576204 0.022404743286249203 0.027250854098521998 0.022725989409360853 0.08528080326781853 0.04104632718964954 0.09676933168535995 0.049013159667338636 0.00036769454218067666 0.09107836815209376 0.06932557499855456 0.08109324719634868
80 0.00859090288231977 0.019397450694924 0.09800412526332361 0.020848595078889115 0.013027895178065898 0.00356257046536258 0.0910835621626249 0.07544388692978342 0.01666512602608981 0.01136944290509089 0.0850583711825639 0.0591559946036378 0.09535634497855952 0.06247719500276424 0.023411657308211868 0.025774422352471436 0.10363185193792253 0.0759637391833586 0.06316538364723631 0.048011482216799815
81 0.09060879274674907 0.07239985083747195 0.0807979219505824 0.05051387279192645 0.012627320619928233 0.038219042565391666 0.08760575862418411 0.07243947304631565 0.007745983028420726 0.047275756495502044 0.023004211466947137 0.07392918948388032 0.0011579916374600597 0.05326568582428 0.040939742772002186 0.09075265217315434 0.02502362373434961 0.07811206712716169 0.04129304073465474 0.012288022339637526
82 0.0190503409590587 0.02199997088683122 0.09786712820881607 0.009511804999874487 0.07864702596411798 0.0905275360513647 0.06465077799178776 0.0486530765808792 0.03318418098844436 0.011094836916343059 0.08750053106238583 0.0344253441467475 0.0491634789579052 0.09639716302375471 0.011987087701329262 0.07642068645586894 0.08462100318755429 0.001703167594144351 0.0627147844200081 0.01988007390278432
83 0.06304570043148644 0.01701073287873963 0.04843078477319668 0.022811495601224772 0.053896461186582284 0.03226282605204127 0.005724226244050418 0.01860680884609686 0.05815515970481328 0.0580823423831935 0.10773132720691264 0.0074389778851167935 0.02932612757132457 0.09622463450460207 0.06704326966175056 0.07983675773595639 0.08742177175571302 0.09433706380610747 0.004532537912961359 0.048080993858130014
84 0.07778425296680032 0.008440680247343822 0.026173120120877382 0.08663215367991323 0.06858891642061707 0.09009425198981968 0.00692726810152512 0.009467833764585345 0.03944234817482487 0.07710994840107266 0.08830444974476442 0.09514215437065911 0.0012614460251092318 0.058664444448541866 0.047193001698890104 0.007815628866520456 0.07853481783910288 0.05708902838885362 0.056134867266119146 0.019199387484059596
85 0.07907523679758797 0.03871689377191544 0.03486010356614118 0.07663186605904972 0.06003139661041104 0.038455434988904226 0.07296403072704759 0.034960529442932806 0.03742734251997025 0.02115924361883253 0.018417326036169454 0.05938272740978928 0.05186789878854937 0.04446282548518866 0.07875588872654081 0.08276491119046524 0.03827155281688436 0.08552921553043918 0.0350921313455554 0.011173444567625626
86 0.06676845959272383 0.06306522957866456 0.028389080292638213 0.06746938253429025 0.04105240126611694 0.014216950182054268 0.030259212278985276 0.016040325955225775 0.034636853055165034 0.07476522866820463 0.06452006284348367 0.05848853891450617 0.06486071485614671 0.054107053686358146 0.07466901798653576 0.01337918714371603 0.07481259494853221 0.05374023862728205 0.07084227187009122 0.033917195719279564
87 0.08588842782847432 0.07316955080210942 0.04499388160814389 0.006543439962901362 0.032773360274358336 0.02974844974990697 0.05270791043856908 0.06781844024943331 0.08876667244709671 0.0490616797852636 0.05113694826405023 0.029576965084459676 0.037218956729413034 0.04305374111862127 0.0030081680007498887 0.06839252474877638 0.0698553940203736 0.07451995819374345 0.01576277882994967 0.07600275186360603
88 0.06231804337194232 0.08672762333742133 0.059421706343024086 0.06308662469445596 0.03854922648024911 0.04187647467001454 0.05568676912276567 0.06809897599214426 0.05963521566181612 0.08045819613799526 0.011835645663478634 0.044456026725263414 0.04395293248142535 0.05234042468919871 0.0029576339461994867 0.0631078152924216 0.06589790804995371 0.012576155329266378 0.021646427849340302 0.06537017416162362
89 0.08596724005983954 0.029061558323683782 0.0395556474884418 0.026060698593681066 0.07898441469956291 0.038210759948621005 0.036099384429998764 0.06315732787869525 0.06594684370762142 0.03346113054677098 0.08681884994866014 0.06732730765929253 0.028723710115713025 0.0589175390685435 0.039954731985910395 0.0516866744078067 0.02094089209788448 0.04420498293654595 0.08359397712094267 0.021326328981783903
90 0.014526673067135993 0.010705073297087858 0.07556911626399289 0.05029817456638002 0.1061574597314718 0.10447410645414995 0.04706688970667876 0.013536669234036756 0.08953541727206017 0.06813197974675204 0.04302559865018821 0.07285439048950215 0.08214862747330381 0.05372515407071603 0.012059790538151493 0.09533159039752269 0.009702432351675627 0.012658395578083648 0.027819012629758548 0.010673448481351336
91 0.05887130167182155 0.054105922069591375 0.04289469786636122 0.07211025664593701 0.008104470754896316 0.08715676984403506 0.07752414301140408 0.02765834065547816 0.06225613908067837 0.017807284761527792 0.04441968415262186 0.048737628335208734 0.003088673841675512 0.04488098960118832 0.035808674011973525 0.07957145387680313 0.02260625501218872 0.0916693132560746 0.08505685126401613 0.03567115028651836
92 0.04550225433407513 0.021776719627881434 0.006581291911946726 0.03772902790386972 0.09724001216688118 0.06238009216171648 0.0026632051633976024 0.07361476976759991 0.07936652288651329 0.09576521125261679 0.09316093392153144 0.0825359795430931 0.06485073617232377 0.0072011922106284135 0.0099090405433115 0.04005803206510006 0.0614969949089057 0.007735229945409439 0.07780595418713813 0.03262679932606036
93 0.09563554655856797 0.0012059048881555435 0.025736209288880058 0.05953406354564508 0.06948991064105675 0.10330640579612148 0.05950537839248372 0.03221326420003289 0.06753221516001091 0.10664691882832765 0.0021674731574073567 0.0797230334601753 0.05827812649443787 0.0610318591920007 0.008298718678022397 0.0137181618819882 0.010431415332971532 0.033751955877195136 0.07098026808653524 0.04081317053998444
94 0.012913690444650178 0.031740043383337496 0.07438688654299588 0.001458065663222365 0.034429052839192294 0.07920010112953378 0.07497520903028161 0.0566231638218001 0.09634170420564248 0.026641718470581156 0.057885761611991424 0.08070983124154552 0.06445006498759863 0.03594464795397133 0.027691900418648874 0.0519680196763229 0.05288144013376494 0.05693670307966381 0.01099305541132286 0.07182893995393225
95 0.051575449938480955 0.005081041961855525 0.06542550251079125 0.0716087193161816 0.07998978933007833 0.06031838549405863 0.02916534719816665 0.08482094152642003 0.05943191382940004 0.03260662447046606 0.08568947372010505 0.05642563039787572 0.043648907765736884 0.02327912880129048 0.001391103074700416 0.02258751497782236 0.06217093079852442 0.017403788703940146 0.0812534949201545 0.06612631126395094
96 0.018269956461504786 0.00494314160351323 0.04198101044378284 0.06274587248293552 0.05638555383065507 0.0769364850763788 0.060135733558645724 0.049526817963168004 0.05148697671826431 0.006457715274676549 0.013469681119624858 0.053859912853979106 0.09008331381491212 0.08430509138983792 0.0582866565013953 0.053075136999705445 0.023730606139076696 0.07424007340597806 0.09259075741903137 0.02748950694293412
