0 0.07442554883976248 0.014742007655955508 0.07030252815562402 0.01033774785991008 0.08698402843517176 0.05298789181785245 0.09638829104064542 0.011039180425522583 0.10418118229710298 0.05429999418566034 0.025804095811157942 0.005766687406305496 0.0825121616131893 0.010652621139417734 0.017003991080529936 0.03616277161850892 0.06465280999277682 0.03489937097199907 0.043568895672692176 0.10328819398021502
1 0.07376098198726308 0.00182151338559481 0.04668072848862002 0.04117809200392889 0.019431638053885144 0.055688388259261284 0.08687943501271961 0.049087616130153576 0.0872847063582902 0.023141534467407087 0.021909357991074983 0.0861433144488542 0.0014508622312756397 0.05246361826415205 0.04133000958252463 0.07912643768774735 0.011020902939517777 0.09517891251574315 0.0831311862320118 0.04329076395997478
2 0.07167855346658739 0.038165467266425085 0.029125004594706162 0.045908606389768854 0.05632138392984572 0.08133885029746661 0.0791080448985492 0.05482578791659581 0.0595094975709716 0.005216256626923378 0.0344004879451645 0.07390669335028352 0.017993454596961014 0.07182923358189848 0.05541197564459359 0.02161529361961597 0.04996108056520803 0.03726168447098602 0.07206164084999832 0.0443610024174507
3 0.03874156768925614 0.06192418611820062 0.06968305472934888 0.04726453506292945 0.0525608339361259 0.07379193241555779 0.0976444412707261 0.07159978937117745 0.10007061577898894 0.048275903611380656 0.06043393656843951 0.00889471945422621 0.05246229587960038 0.023613194080018315 0.00030299154073341623 0.0032945467282481326 0.001581532086962133 0.08167071270526645 0.020861301034642073 0.08532790993817126
4 0.01590316164299043 0.024540556413605537 0.07774780009437243 0.09259381645210159 0.0941446575912668 0.08464773068919873 0.09193720608125076 0.01726408055884457 0.0659461841630835 0.07181683733388561 0.0005247237531746742 0.030242328311107156 0.04351842132236281 0.06546212683458898 0.06180229167975387 0.030030786722431042 0.0013497881007811176 0.016335000976176697 0.025365490945104863 0.08882701033391882
5 0.09827121074771297 0.04310753897733087 0.006271776084120173 0.006178854456136718 0.08865737617848124 0.007586596089815068 0.0584666614344006 0.042618729136764316 0.0334066157673503 0.051217564999648975 0.03975139023137989 0.08511892235309901 0.04398093140079506 0.0243834437655844 0.045562350836355466 0.09050398077581596 0.09815522009495979 0.06418685071065049 0.017111841298999425 0.05546214466059918
6 0.07886644877967815 0.051723860752618006 0.052385656367338905 0.0227699460783787 0.05070894747216897 0.06364287994454845 0.06556894940782931 0.03890023813610718 0.012263645814244514 0.033196360137948806 0.08267734397393983 0.023244116964667497 0.07189798727422088 0.06044407737388492 0.08502153416096439 0.012864441360006239 0.004576308922385523 0.06593565848120148 0.04217596921860083 0.08113562937926737
7 0.06379227370660742 0.0660344576775816 0.06962774921750955 0.07190632943115667 0.08846505800938832 0.045363349654810876 0.06275905768945243 0.04727380584827195 0.04878148406995444 0.009745009246317457 0.040009678540408676 0.003338019061356154 0.0796359158703824 0.041093322258956615 0.0481401191207624 0.05066390194490806 0.07755454467962525 0.050137853492928895 0.030792183625980848 0.0048858868536402165
8 0.0018991330316756585 0.08514334788557838 0.0855187364678673 0.003584412233823469 0.0057855300198446724 0.09090116489503823 0.06930076237714324 0.04893464407393245 0.07657659708433814 0.052745878899667385 0.00833075739587357 0.03757983950556629 0.05502933607689617 0.023213115115210507 0.012014977020736535 0.07263194525057043 0.07940078754613196 0.09778621827786368 0.001952651510763855 0.09167016533147808
9 0.0725017591596596 0.005806032145351295 0.011632169565670862 0.024993199933739607 0.059872174110513036 0.02826967430932022 0.10048901576167815 0.04041667061529473 0.0937621481028112 0.026682188082252263 0.011003776733851629 0.0803732123316222 0.09164049884983645 0.017516210623296155 0.05224740081123723 0.01633787153053173 0.099976358548551 0.06782729785750838 0.07093892777518838 0.02771341315208583
10 0.05590286375800873 0.082555064473582 0.10330020505749016 0.01620275498346245 0.02063625583201207 0.04991418910724143 0.09974739088319153 0.011316093343132943 0.0841377060380551 0.018811852589477925 0.023732805305129584 0.0057414453640472745 0.018813481614996973 0.04089822134610628 0.0668253968230879 0.09531341113920669 0.027622654341095478 0.046498036161729574 0.06807507904176112 0.06395509279718471
11 0.034424530383935205 0.0715254139770373 0.06183803624182778 0.06485674586892613 0.05051785192394753 0.08110470804783647 0.0525901834491518 0.07654813535120039 0.009658224285942256 0.01144334329141682 0.049798794028596986 0.0013026900697566423 0.0036227405045149647 0.08083630928341683 0.08525163913578918 0.01904278023629282 0.08417876520136075 0.035612946274209495 0.06415495474766239 0.06169120769717819
12 0.04691570928405584 0.05347493635799721 0.061883668917222016 0.03909221686723923 0.001146168873991157 0.0694378916303051 0.012513570383377599 0.021224113271903766 0.08093600537740113 0.06366480416698166 0.056148028182864684 0.09507200371211058 0.015846062498542944 0.07339673204554614 0.07148329157814566 0.04650424879662148 0.054396560946351015 0.018063274157639923 0.04390795288243558 0.07489276006926725
13 0.004130574462726927 0.06774921813420216 0.012059826240778731 0.07682445901972744 0.037967782939749596 0.10594513280368877 0.022334427335322322 0.08550381089603357 0.02531762725034781 0.09540655050146495 0.0012273493412689814 0.05459740803493666 0.020216504572382388 0.06400294301751551 0.05073725078598057 0.10414857187802565 0.00644419688137187 0.03402423307264345 0.02693511261058422 0.1044270202212485
14 0.033415918191103226 0.018845627853928675 0.052427477894080726 0.05594156727854186 0.08102101988996151 0.07745065685587753 0.043891535427729354 0.07161845613811597 0.00840823036488963 0.05276889623900728 0.07643523918048536 0.04475402858529235 0.046556922096486424 0.03676986694109141 0.025093230371821162 0.036628580152330746 0.07917971013401215 0.05002486075486986 0.054109968301715834 0.05465820734865904
15 0.07069248680280969 0.013840928217478884 0.035371609540042384 0.08011868873394797 0.07840727797337088 0.04842476769410183 0.02993757113120778 0.07520638952916903 0.04842720161238943 0.06858041864995786 0.021125241906047417 0.024318158129926017 0.03965154077790653 0.05993394771306116 0.053032002972773724 0.060799956182942025 0.0177886154167644 0.03764108894165556 0.08434278647133257 0.05235932160311485
16 0.0941514397904926 0.025710913044036828 0.040423673924006746 0.1022886880921134 0.08859093735224381 0.022052986959896034 0.055066785238574896 0.0852632898107798 0.016412299958820837 0.01863860424159607 0.022976864273666076 0.0027645906869969115 0.012337209035333757 0.10217048582546455 0.060072092502487066 0.08190764751175407 0.003137387019710382 0.079768765495031 0.004451922798283488 0.08181341643871178
17 0.10339880903729472 0.03781120031527487 0.018981790805729974 0.06564459740720283 0.083750849424871 0.030121513247284435 0.08930513587695144 0.011512011196541777 0.09593046610430397 0.0905806969813672 0.010709946410349848 0.051282711705645724 0.07400530164051314 0.009500589786038162 0.02806638370244619 0.01339753054275587 0.09594155438388226 0.06343883618496843 0.00654469956876327 0.02007537567781478
18 0.08719103726888112 0.034187619607571565 0.059910602845892266 0.02940619374622939 0.02325021902761961 0.045777112406738305 0.013250163292287814 0.043994337959391394 0.08306036756254521 0.07367824995199491 0.08282979211748362 0.051873577433779856 0.03615917259206481 0.014739591655029477 0.062131000779684094 0.05138401983054292 0.06928893385579546 0.0010444244957891163 0.051827259788761515 0.08501632378191767
19 0.019572152085368784 0.03832307861736467 0.06385628732727189 0.042870556111566656 0.020618190436992877 0.03942093665745985 0.023176577173139423 0.11616772815262078 0.05028817467895525 0.06525936671505889 0.06862338017372213 0.09207877306091748 0.034785597518978036 0.05947359745606152 0.017378141812713545 0.03376300802007202 0.08610034626873306 0.015906915725185728 0.08730592197893816 0.025031270028879303
20 0.06212042706006478 0.07655993791597665 0.013781593067199257 0.038533225762749514 0.04215011598909921 0.034822736581476756 0.037102984255420926 0.08332874129244283 0.035799755976072045 0.07483136233518614 0.01060487085317987 0.07534220038028532 0.038200638196133785 0.07612939039554183 0.036426313163203765 0.05406467152710528 0.036597097027189184 0.08155622278242894 0.0298762361925098 0.06217147924673405
21 0.08297381052992842 0.03308072179601759 0.028143843343535237 0.05425634059804204 0.08723453153877836 0.03739691843117415 0.08660295347360229 0.07884655939837694 0.042088348355844234 0.03436943983591295 0.09473718342875262 0.042294190052669024 0.028706126511344517 0.024890027760632764 0.07598665772433727 0.007528775407203827 0.014330209398127316 0.047623007295999914 0.058934303002061275 0.039976052117659255
22 0.06589657439684388 0.0007374260743446708 0.06306628902564684 0.07365567069832957 0.05787069970673595 0.06670242672085223 0.03342718794332573 0.06716798819301728 0.03981763280659724 0.032645230540276106 0.04323893676261204 0.06221323897001913 0.044416925698517615 0.0713545616540651 0.04261764375624044 0.06438076965097084 0.06978001055916833 0.042154304124008495 0.026482690389978605 0.032373792328449794
23 0.10887561455723324 0.012394575105259653 0.1031017859658526 0.023324343968538625 0.04753319687585455 0.08691531381045324 0.04695158319841502 0.045232209532373384 0.005722771910606589 0.08753522821342712 0.02572394229391267 0.0494198337292778 0.042764662618028526 0.038587296186681476 0.02764851629879085 0.010267078925571455 0.06425583303613266 0.05914470158384986 0.07874309788621738 0.03585841430352349
24 0.07995199293453534 0.0462388184535351 0.06036271401595754 0.04232372403898534 0.0695208942608675 0.038062439507589425 0.06368672538599299 0.053149870454223994 0.053767828842641315 0.02542114008716683 0.03865259800377428 0.046947868158101515 0.08795960032496423 0.026352521348605162 0.061008282420277164 0.04897662682857284 0.04805994374582724 0.07866639157814836 0.008910658441693272 0.021979361168540643
25 0.07701107627848773 0.01902898412427168 0.0756412310399926 0.045192585541713015 0.04599087837652214 0.00692496388548154 0.07586565413360902 0.07812928564678207 0.0691235803343498 0.07137733626012216 0.05470262853651093 0.0031819369838699332 0.07293833504518528 0.015873744917645222 0.05667909705800057 0.055466008893942896 0.015903213490527358 0.028969371516002252 0.05347488939715803 0.07852519853982594
26 0.07985374185382779 0.07129417688856614 0.003430339820452837 0.027721307546943068 0.0319060560036276 0.026530869462528296 0.06938321283662136 0.029567563708113143 0.0457366199814432 0.07047541159742045 0.06971451236890237 0.028167842195433265 0.05761141296434095 0.11267604158143789 0.045924922994439656 0.053915340921416484 0.03247267676163763 0.003884164645610251 0.05526331781749282 0.08447046804974484
27 0.06863044400603392 0.016640930373854633 0.018774622538080266 0.028019272907848773 0.09008277258626088 0.06353376344181806 0.054602523655407374 0.06181294264966038 0.08061427939026555 0.08478844335284585 0.05955748858570448 0.010062981790501066 0.05656410973908051 0.002270121622669754 0.04817574494876425 0.04245926753225795 0.07311368903617949 0.09028480901909919 0.014654198321579326 0.0353575945020881
28 0.09165957493355525 0.0009658225766192931 0.11477880860439482 0.049033307999969446 0.07961247494526752 0.029822257055842058 0.07382487414655918 0.004450131731207702 0.05141042883827447 0.06387600163473516 0.0855340705639385 0.09842921717369302 0.048274220486690465 0.00392572533637213 0.007988936394470202 0.03189472955012522 0.0207578131247262 0.013210355104391362 0.0831489853368678 0.047402264462299996
29 0.0513676870942843 0.016708698730425173 0.0473646255679237 0.04764527811141975 0.009166657827793257 0.10768990085483515 0.02286811171924223 0.019053579575676632 0.11084791481516566 0.011187085884442081 0.035521602390988026 0.06948853782288655 0.019694168025778582 0.09669759971226737 0.06968693356007956 0.08718081336886144 0.008039042651270551 0.07755088975490158 0.005369751998631355 0.0868711205331269
30 0.016269238823832143 0.06176253906427833 0.020760949458751305 0.09630385452224534 0.0300336264764278 0.05520648633509563 0.062491113096036256 0.01039960958451882 0.052634182795528686 0.09175692781834044 0.10931371190250473 0.03973590033769222 0.007675711232329131 0.10674645469138797 0.0038156723638433673 0.04347760024855869 0.05297055090909748 0.09030020572659596 0.02624710445509634 0.02209856015783923
31 0.08267204847861026 0.013893875821160409 0.04396279116086325 0.029025918864413337 0.01448544234250636 0.026764698562574275 0.07513119422641619 0.07008251475127586 0.016549633439652062 0.06069644844001974 0.033050935133217836 0.03901756255311385 0.04779124748682272 0.05377756307160492 0.035381415896987366 0.029656401932812822 0.08948198245720079 0.055418720344082115 0.0855440608915241 0.09761554414514173
32 0.022996816420846434 0.04110392336773815 0.06430520888754827 0.09883880961627917 0.08944943057496545 0.10055293566633897 0.08421488236857154 0.011547335604238953 0.003399591550679337 0.09900622618582972 0.021335465039421554 0.07964649558231392 0.09450130790640963 0.03147902308389225 0.016805539842589336 0.04348514577595647 0.009704284709514734 0.02128066586101021 0.018648255096014133 0.04769865685984183
33 0.043062224818328054 0.0638632596983715 0.06775570658013641 0.02834668986160502 0.0751696210049196 0.062413740841431004 0.0642990567664173 0.04544132197350676 0.03152482790970021 0.06751837523750807 0.05790110373896193 0.06351544157433432 0.02119455974227825 0.051307032223288744 0.06485030272420776 0.06835474968496659 0.028210650720480814 0.01617318935784495 0.028783988085576615 0.050314157456136134
34 0.07307302300827542 0.040132636026640446 0.059931933320025846 0.07032248444618734 0.037540523730850255 0.049098881576104265 0.0698053738868285 0.0748310507677715 0.08376283745984056 0.0056710740326642245 0.029477037622063933 0.04800362148902946 0.07748721370182958 0.0411134921544051 0.016273187701208326 0.027743822666488286 0.0010655785038459918 0.08443606448863009 0.02842964888215254 0.08180051453515834
35 0.03486538151593563 0.07072121377139036 0.03507176494189536 0.010505497142709418 0.02605797255041386 0.05424033044987889 0.052284346051166046 0.027007912637061638 0.1012563077193627 0.044953477836749405 0.06926889203045863 0.04195005349657501 0.07988735129753761 0.01379621671941091 0.02061386844657204 0.11456894557489777 0.10565739814175254 0.03631990331520956 0.022462417245336798 0.03851074911568585
36 0.02254117151482774 0.05564291189448743 0.052654251894230425 0.07852990683055297 0.03038571195192917 0.04598606494251042 0.060829381068927234 0.032123370000357254 0.013679173238439774 0.04962635731552699 0.07249001080838514 0.00297130094798768 0.03152590355327027 0.08391270142290842 0.09503537586704487 0.04198140141117292 0.04353801694695384 0.05680919690999177 0.03611667686460199 0.09362111461589366
37 0.08248477571042485 0.06268817565879385 0.07470308211020145 0.02204511635340861 0.08078853092684275 0.0775343032752468 0.021167688549598482 0.03729389349104453 0.08541893541741527 0.07774501400278133 0.05462542610884426 0.030814055455037268 0.065940375701709 0.018716094192462892 0.015334430111676975 0.06483474837661576 0.02961485893174647 0.02340718548472889 0.03949887117971649 0.035344438961704236
38 0.08451557687176153 0.06478487301979499 0.03947151207942334 0.03350758951675761 0.06404434963130992 0.00514632068859194 0.014891176421908469 0.08293583994659635 0.08116332758119081 0.05692724165372838 0.08022786636754622 0.057918502602217675 0.06251698596866045 0.008872602075465601 0.07219559842956191 0.04047199911442783 0.050509273940183064 0.017264317800563856 0.04621775211027365 0.03641729418003641
39 0.08215769884357854 0.09774617723411944 0.00025940251438853724 0.04981601318100839 0.04975094840142747 0.03407862438437175 0.007702581140204577 0.02229276761623503 0.01801490735248307 0.02624000634601234 0.03272593495977045 0.07293494188339578 0.03326188837279024 0.04815471891968978 0.08375918893611657 0.006207568025780548 0.08765740781179068 0.09341932098070808 0.07791684401719574 0.07590305907893304
40 0.011244874844728315 0.055016668338050086 0.10035650716905707 0.050887658150814315 0.008638507317561613 0.022270740574489856 0.038591284203649226 0.06326035848852551 0.10081403748149792 0.10816649766086542 0.02428448391945948 0.08187925619759058 0.0047332815425914845 0.02079788416883514 0.06899986042829233 0.020673799848730193 0.0278944019591447 0.08142229458420723 0.017927656574764902 0.09213994654714466
41 0.0670427948037273 0.07196292481996368 0.03215073300484734 0.04103186146568514 0.0754293723476777 0.052258367661236205 0.07370974490242402 0.0632612317297859 0.06238820053632555 0.04461330514824971 0.02720596011704234 0.030043933319434307 0.007217371224013116 0.009355939722952022 0.06519211438582033 0.050916632872242046 0.06846775320863656 0.012451457643742614 0.07425554688557424 0.07104475420061974
42 0.020785870681275746 0.011417671146062446 0.005653182295302835 0.07671475345241492 0.056393206891691174 0.04328499398827469 0.0482373443968255 0.042401418912312264 0.061586993909537396 0.10311108228296093 0.11750176388242188 0.08656127112384579 0.036260227219877234 0.08445288005397479 0.012596033830889536 0.032285172263510374 0.03862607193041374 0.08793868003233653 0.013564495508596916 0.020626886197475092
43 0.0794031087098869 0.07837629380107765 0.008439962693835047 0.051945846864432474 0.012760083465804418 0.09315862732396651 0.08653872599105257 0.05614996150380592 0.05720782832328022 0.015468377469700537 0.03977024534665021 0.08719569977678022 0.0005837204127307659 0.027482648026806982 0.06079219851576975 0.08549287368625205 0.03552724176536578 0.05192833985247424 0.0048930871399277594 0.06688512933040001
44 0.0883068107842396 0.07651516012790707 0.026557335016073793 0.04658236494664322 0.03181896310899164 0.03873597758631988 0.06292237187582504 0.07898308474155252 0.01748344115254363 0.06680067405278722 0.05864894852314669 0.07847371232018692 0.0864290599879031 0.0544803192605747 0.06930107646103255 0.01783472561361819 0.048993311170867734 0.0284170683735253 0.0018187307728919566 0.02089686412336929
45 0.07563761145420764 0.08698740522491587 0.0717643695018979 0.021081976139121505 0.019742368042008615 0.07705666140836051 0.08253218748682314 0.01851715112891492 0.0015945781181796125 0.09887884288696078 0.00479554081459152 0.07524523785484614 0.04612472893974687 0.0015677527932551705 0.047089164010312747 0.03323308411270784 0.09017231418645792 0.027835726724967057 0.05269775381598672 0.0674455453557374
46 0.030508701978475185 0.0010437093248238734 0.0407531504038716 0.003926794096489106 0.047987558132590445 0.042639763676831734 0.025082067444677086 0.0875641018492928 0.09309287510494332 0.03529793163594225 0.10768368879580863 0.04317432425442293 0.0894470643109868 0.09892709029149852 0.05286628202748722 0.04482791172658948 0.004647488445531751 0.09836640149519428 0.031218464168454477 0.02094463083608835
47 0.07881198175830155 0.06910065573603492 0.049574227922841746 0.0037611887360967503 0.029569547427321503 0.03788818697070464 0.10304462909613243 0.08205654982937213 0.09734648193452759 0.05842341662323629 0.07520586907845382 0.05769164360019929 0.03881443295579292 0.022640347376722145 0.0005423168590722536 0.03406871135667442 0.05155013525692128 0.0034836113508446014 0.0964944319348079 0.009931634195941532
48 0.06771212076758805 0.08016074012170513 0.020372345597767363 0.01960944546502903 0.06875199870544545 0.07402846479913076 0.07245554145675345 0.017941428705545215 0.07944741332021114 0.08469322019227973 0.04528113650414206 0.05956611961669118 0.04208272810376487 0.004358965069421832 0.03907151834921349 0.0455286184878693 0.0565922279776542 0.04043669609857104 0.07826985433592447 0.0036394163252922657
49 0.05631124635148914 0.024042169333263065 0.06225326687952866 0.04598453902874993 0.07741453994178905 0.025865638972290075 0.04142663502141694 0.08351365082456053 0.07154322499197466 0.09351363053007326 0.002660103403504013 0.0828267180600471 0.009675780014509363 0.057571986552615216 0.021561116329055302 0.09546517331422712 0.07129676449602351 0.03754365400393843 0.008340681949675213 0.03118948000126951
50 0.05730609444536719 0.006006533451864308 0.0017968371126408742 0.07232251932864898 0.09191622831705146 0.04454003067638753 0.09598693513330396 0.031773883340079107 0.06935625241478365 0.008026452780616592 0.058142842019218106 0.025669344529091004 0.0009518185707945009 0.051495247821160904 0.0783058159144249 0.0880680049823331 0.04775810355253565 0.05314504343048792 0.0664088921843583 0.05102311999485187
51 0.004282671277477631 0.0480924931068515 0.0420844634244554 0.07291282361962324 0.06369558409705064 0.02236274736855997 0.03129636994117815 0.044088826821260814 0.06874454302429839 0.07430556572412805 0.0878088287174025 0.04260129475805735 0.0663430330716226 0.06776287220724571 0.04205851745036819 0.028821839639164806 0.06206773471376365 0.07377382439261457 0.04310538598867025 0.0137905806562064
52 0.07474912213312793 0.03079421103132232 0.08396424951812305 0.08384861247231958 0.022787725919977086 0.09920885335474686 0.07862215476880567 0.0008804594484118593 0.044622664245381985 0.027939629354025552 0.026333677139155465 0.0003412431634185044 0.041391563386059343 0.08080713361558314 0.08431642757252274 0.05776749623629019 0.042079656027954854 0.021034777223083827 0.012945894560067343 0.0855644488296228
53 0.055197249154144014 0.049311467967844816 0.018176484389992927 0.05506730139311397 0.02880686513650941 0.0685908383240342 0.03305163215857982 0.055955459886063326 0.07540845008441169 0.02458728250274048 0.08107188095756573 0.04630445956511892 0.010262056618465262 0.08158514794754594 0.07974901509232207 0.06133797438499971 0.07664907619916699 0.05241992041226969 0.029848655608744622 0.016618782216366316
54 0.05310188246476947 0.07724974488061705 0.0565447699033136 0.08524784519128256 0.029148963059616072 0.02025433489756119 0.04932656748701685 0.0605661821669043 0.06863767563592561 0.0012566964369903257 0.0407124766372031 0.046849255338855096 0.047570549503181084 0.05560016562854316 0.08739731885001768 0.015182418049729966 0.016515586083482636 0.08612530207072738 0.06386527314306692 0.038846992571195775
55 0.025221496907956113 0.08412869159731005 0.03384078703279018 0.05423980667634607 0.07306058274044018 0.06783826030883422 0.03633712963279752 0.07881763518485911 0.020087075477963356 0.019688285021552284 0.04565996223029949 0.01633231332664775 0.03271056251576382 0.08623925324951016 0.06462125047840962 0.0846855351145647 0.0737155433821312 0.05219240504394863 0.03553518999779493 0.015048234080080639
56 0.09436878722325542 0.049593976084712055 0.004573925456016298 0.0755197232838921 0.0796970597826337 0.00148681560088373 0.010987533493344599 0.07855141085404892 0.013103938004937378 0.02654318937773831 0.040716920635931464 0.06667382768506375 0.0881305646228774 0.06099094979653651 0.074303218302537 0.0595804165065345 0.038735342299844266 0.09103894574718023 0.02420565484139847 0.02119780040063359
57 0.03991701677527605 0.011943569889525014 0.028745109268645888 0.07430551124951491 0.016951526752537416 0.07677788963733453 0.07637208655359695 0.07917167944636662 0.028356553688304927 0.054603636811019776 0.06168578808413109 0.04627289371700194 0.020820524531941612 0.04789718092738959 0.09760055868521408 0.07656922516054486 0.028914900001517838 0.023015287507605193 0.05302386234683984 0.057055198965691875
58 0.046287025671152705 0.04112305497632327 0.07075034162514388 0.059964572763104976 0.07169353686710149 0.07772627260073758 0.03450951343599751 0.06167698808507217 0.052439580062426175 0.07874060271358471 0.029863434302628285 0.022643187913862075 0.0745769469065641 0.02265830906030417 0.05308627913010476 0.050750148506558554 0.0018215341251817234 0.07145211925390099 0.07137060620606162 0.006865945794189345
59 0.055763036035930386 0.007233765305040458 0.07681088422476291 0.00739422353947557 0.036567872171866724 0.062102775015171405 0.0968205839471145 0.04512016102724831 0.06371192168383348 0.022090354226308864 0.036515217005777555 0.07288018370344825 0.09634924157860492 0.0016205611965596186 0.015278455080826365 0.05378628185275826 0.05178644922429615 0.09225107928079793 0.10146238836558492 0.004454565534593508
60 0.029599063902235864 0.034661055168386655 0.053998558802702226 0.08472042983156398 0.05443242919750621 0.07939061924415693 0.05072210403035198 0.012470566336339625 0.06881499450268189 0.05646218727492189 0.05427567933529622 0.017845474465799288 0.06277744408270329 0.010400531996424852 0.006481674442597438 0.08186406654102543 0.07258592300296675 0.023260385416093248 0.07214793801053164 0.07308887441571454
61 0.07428133089277814 0.031579800642368774 0.04058984923434508 0.034622552726991294 0.05338629311232155 0.019561885403298347 0.07536691866236743 0.05973070120247716 0.03182703194906445 0.00808739701537096 0.06467371769140669 0.02285566654494642 0.07299230559062118 0.05766402643539775 0.07938926217207813 0.05346517822451804 0.04230948314252541 0.04919757443184752 0.04012701489293462 0.08829201003234104
62 0.02175717116335894 0.020436942691816357 0.04261485131935192 0.00655296230273584 0.020567838364858437 0.07612531673450458 0.051255453301504404 0.10281718578540451 0.0031706543342418405 0.08429519691982805 0.0971254785294564 0.08448333007812092 0.10642059941839972 0.029763753111893426 0.11839140585304281 0.058278471367056696 0.002344949963383597 0.036991549574027865 0.013676160259403507 0.022930728927610295
63 0.08563263139210253 0.07370404603628807 0.05044412526521856 0.07336747454569326 0.014862279609538481 0.049978216411386965 0.06747448382563011 0.005465247896393695 0.06702194500051362 0.06638116072326146 0.062970233607463 0.07604405721295811 0.04653916053036622 0.03988605748327198 0.08341577659974862 0.008819407770182757 0.049308512922981156 0.0028427776828106144 0.01635774925052973 0.059484656233661
64 0.06603395818435848 0.06571243866713997 0.0745767156637726 0.07775909983865197 0.0325055231359506 0.04419705632588198 0.07882710890368404 0.03233021119205285 0.01812675649774408 0.02004286453544388 0.05073256377921475 0.030619404552706172 0.01872369409313014 0.014269076737458428 0.07384786632191921 0.027324360506544156 0.085509717880781 0.06940597221055256 0.056973572252842636 0.06248203872017065
65 0.029600248868259085 0.06242722949701279 0.016041064661915627 0.046860688014234306 0.07225141596055315 0.013213759896665999 0.08825218425200577 0.06258034435317818 0.0007369042134754319 0.07229995524225953 0.01862993451384984 0.07572650125318532 0.07159178590819554 0.02083319537494999 0.06916993100552996 0.07176552112054328 0.0581198185359397 0.037994535071144475 0.07125635315467545 0.04064862910242678
66 0.06656951289927374 0.07927165642346157 0.061993039364158356 0.09211766066776067 0.051294522613335815 0.06739516064653768 0.02596627712748486 0.034938616018503656 0.054242807027530926 0.01136936617322252 0.006759341024905204 0.07327016709555448 0.06317457626126106 0.02442737649419243 0.02554133244719913 0.05340572843473108 0.05911035122675387 0.09632507465817237 0.02622208889270172 0.026605344503258858
67 0.04367339630255168 0.0030342297209530055 0.11780736981222209 0.006861044161574117 0.014942681114769764 0.004655321475100708 0.10840116386116577 0.11460495520828157 0.0280676441100945 0.0019021699296184816 0.07520719589012947 0.006530039514422435 0.09798996385215568 0.09625883661467652 0.03485250925146953 0.0075417758175053235 0.021189278292853442 0.06668809509369959 0.044280616538833716 0.1055117134379225
68 0.013600734912542259 0.033217491226649055 0.009274902922728066 0.01449103678253994 0.07918852121828646 0.1094153538275933 0.03173113213909246 0.008241534423527784 0.09521293274576233 0.019358230673943665 0.10874399269886681 0.07074784007795747 0.08455685498727718 0.003403090883330541 0.01255477115233668 0.11161910199310833 0.0753599435273326 0.021399317173812403 0.0899521924262522 0.007931024207060353
69 0.00631769839144641 0.0828608737631343 0.08130909855758556 0.048442148435061644 0.05081848008240025 0.029732846215685452 0.0137422169984001 0.07996070553338507 0.07528083939493187 0.0477075323917293 0.0546170670523538 0.08386016188089081 0.022245058673238657 0.05226290144274827 0.048183195997226855 0.028455748273134334 0.04250051174897478 0.05085129560494489 0.06069104044632476 0.04016057911640279
70 0.010719253908396289 0.07777086353657635 0.04098698934048072 0.01701325820779301 0.07598683603414981 0.004060928391275593 0.05870283866026647 0.07631374886141558 0.07850378010862664 0.08412707800157598 0.022706556953528155 0.07444727715768726 0.015505553515844027 0.08756096445156399 0.08562523769745385 0.01078941303926046 0.06663763096742664 0.055572100304877546 0.005402581654448026 0.051567109207353426
71 0.044915627279189706 0.00048660428235799714 0.017605358286102428 0.004437453095536878 0.06789910457719087 0.07472283215259726 0.05835355020451534 0.02760293714482455 0.04996852548250937 0.06462209983209301 0.0868974182200167 0.06721943454287008 0.07936755321633611 0.056526640867118824 0.05298302049778465 0.07297886488420632 0.03418899609529956 0.018380690102231027 0.07314486556747149 0.0476984236697477
72 0.05403386041375915 0.015030451762754258 0.095423020158786 0.045055704303440997 0.047631593830866625 0.0734562828335036 0.04052318581420166 0.06708490677083938 0.09789638173002492 0.01561972761910933 0.07157812270240033 0.08020920129452147 0.0022269480601436126 0.018804114995866338 0.033684721121528864 0.033084958861082876 0.012301606931692308 0.0602543892516206 0.038257948008185334 0.0978428735356724
73 0.010823895427707694 0.07975222111864014 0.08933644950694275 0.047289830065244974 0.08281838715157362 0.045066612812493606 0.007441118317393343 0.0878451360969226 0.08072591412848976 0.028701439880346423 0.035356027460428284 0.05579491564876177 0.028594823526130117 0.006230532751558094 0.06931578766980173 0.062336051166604435 0.053010463404950574 0.042900527404140916 0.032549130773165805 0.05411073568870319
74 0.05089786158445393 0.039675203700279146 0.0072355879691839275 0.05053625839118928 0.049771236906278875 0.05576214718654212 0.05588934506551907 0.03380708973508803 0.09295934517095979 0.012856952208977224 0.05679046372073096 0.02052450062960672 0.036327686876201026 0.06607001887543859 0.026590341086205296 0.049031994672812496 0.04152223115324918 0.09507361719246249 0.07632101738839973 0.08235710048642199
75 0.07162739961570011 0.07358363332821587 0.018903538986350124 0.0556614098862359 0.05555061813129077 0.044120485410286236 0.09061516237347723 0.012880058501908128 0.05705385963852613 0.04151808168774378 0.08090584891008176 0.014847741830902277 0.010211223898564995 0.023097477250860234 0.07491579337735532 0.06660933276279875 0.08642854601244196 0.009909383132353016 0.03560133194750473 0.07595907331740263
76 0.10602010752354828 0.06327341379198587 0.02260654638272296 0.08674160097704586 0.08817849520355522 0.034397042193409444 0.004873480264232156 0.09040109191411269 0.06632326119546568 0.004583182742285396 0.05243617638644008 0.005865810118231904 0.0984627032866693 0.010581904515265696 0.10106727027881417 0.06299870388862545 0.038119300814756604 0.04508321531640537 0.00509508686113794 0.012891606345289902
77 0.0638286168752893 0.04309506924645974 0.06993146420651788 0.042812378173545634 0.07673646238263668 0.06570611045778006 0.07890904924156392 0.06636446955858051 0.04300302774651984 0.0049732683978446586 0.06543465614979499 0.06989773860588552 0.06251622936616309 0.003970935786587811 0.03141942885707675 0.041805355249387804 0.01572301491825011 0.019041792175019768 0.07557268286367595 0.05925824974141995
78 0.06831908243569487 0.020891993396111114 0.06482574493061165 0.08920338293703635 0.08374657466505411 0.0037970559473632817 0.026977856027689477 0.08989358968284608 0.012934234093208367 0.010501292668420445 0.03841398789792506 0.08784041720141526 0.00273064193907393 0.03167495167181339 0.020218687130979553 0.061493610690283786 0.042609484504900916 0.08669710948518067 0.08670395512691367 0.07052634756747803
79 0.03209619107967026 0.022881899296613193 0.13158388117095568 0.00596677468011378 0.03935446390213126 0.05174661347569854 0.022258184222947404 0.00485139254714789 0.10213217446974986 0.040738730871328184 0.12914386125501096 0.009226546844213392 0.06525118838523901 0.045673577412845175 0.03748733376850864 0.10964007199394851 0.04565801269494632 0.03542012296543517 0.04241852620371354 0.02647045275978329
80 0.07820940635808576 0.07788309673281904 0.012137990310644471 0.07719464529712478 0.027501994203347306 0.06992067935428246 0.043677123077556015 0.017548583622794947 0.015256087798145884 0.005729984405477397 0.05784731223229047 0.0658791859380648 0.03504391831710828 0.06963805551045374 0.0847026126224428 0.061950893070640015 0.054565013387294414 0.06468208169994119 0.05149541415899998 0.029135921902486143
81 0.12041010832676899 0.09436972556553651 0.03395893788490173 0.020111970780302035 0.008747786870508851 0.05113590637634188 0.019042995635183038 0.07067647437502934 0.06809864194426636 0.035661783989875476 0.03241852427850831 0.03194797505826146 0.13320790776465602 0.028757918497943905 0.0457364711027186 0.07100614061152187 0.07276523475605766 0.028658107735880223 0.022279116302209596 0.011008272143528163
82 0.05577213408655997 0.07257726039918166 0.02958046483882725 0.07435130292409776 0.07253384685406698 0.07043110719320037 0.035626782114788945 0.07961620326260418 0.07082005993155883 0.027860799144188125 0.01188658247819133 0.09039269721894472 0.03717672284162344 0.02714445468002854 0.041159296409018956 0.0033953101069874444 0.018123117802458448 0.016908064183726458 0.06721065510371191 0.09743313842623451
83 0.07033618031001311 0.08181046243923498 0.06298345489331425 0.044471410441636154 0.07862935551947431 0.03483816018649576 0.04471807501828593 0.06458198789745506 0.03495567317016707 0.05802716994617539 0.02817977967545027 0.0385251889509584 0.011726072989480174 0.06360590839057668 0.061962804898973066 0.045239380590337504 0.05291785325760152 0.022904787784677475 0.06572933189902205 0.0338569617406709
84 0.04533007984812324 0.07612372111043766 0.030925447777102273 0.07188852398455277 0.03234662652945228 0.07010074090217878 0.07371292986330116 0.05210577436967908 0.04111893793800222 0.060102046511108544 0.007993377589057533 0.06851937894763158 0.005809652163771949 0.06612372043916429 0.053653155652614165 0.011206055022548228 0.07788314875551182 0.07976799527068551 0.05848249891272171 0.016806188412355306
85 0.06993657958885724 0.043660367233553675 0.05840461529019191 0.055433848001110016 0.07415654797006066 0.013662949735764271 0.06420284534866594 0.06269329120281705 0.037708312276703425 0.052675177541683334 0.0020061643988164993 0.06920843728735307 0.03875981044758225 0.0748697102316499 0.049372800727170645 0.06806369273431195 0.06148747240608466 0.060194765766008546 0.03292973924425447 0.01057287256736063
86 0.11580882830525198 0.10148709503309548 0.05540454778289082 0.012611416265687733 0.054751747740952615 0.03646855783466171 0.10935301268022057 0.038414075068727065 0.08699995436950926 0.011362388783902468 0.00042135965956271223 0.007426973032897728 0.07913549256102083 0.017710407379013256 0.0009890371995131986 0.016758150228550484 0.038216253024440594 0.061822210119535884 0.07890864158823495 0.07594985134233098
87 0.031986032233415174 0.04032123415419509 0.07268223299764341 0.08979641019994236 0.050256822609395894 0.047173256141363 0.004772540081369711 0.07368610570122595 3.8428153122580715e-05 0.055424598317385186 0.0847594900339014 0.004357026005137284 0.07755807242313091 0.04706465930862731 0.04520166707299089 0.02889895502342003 0.0650792160789889 0.03394684894815578 0.07240512036080964 0.07459128415577934
88 0.03636315172306379 0.03128466098377968 0.021296426489011634 0.005495173187774396 0.07003290772224142 0.09356996823775132 0.10231334063435647 0.12107034739211861 0.05027851730771413 0.016372513050143114 0.044804597052839575 0.050361361744969385 0.03215442010779897 0.07128633270606627 7.076321314944524e-05 0.0016731274661588732 0.0804940163342531 0.04932975298974156 0.028198286598606508 0.09355033505846153
89 0.07600827056171891 0.06165287243908946 0.04620915719780182 0.020288735917942582 0.05326436086166226 0.058066116060983226 0.10343064827682044 0.09161051998583816 0.0581654055571663 0.019248183538479808 0.06338787678170342 0.06735522834764832 0.00909047739250875 0.00791155340846477 0.10832991468708823 0.017742790278031946 0.013588572395021902 0.01788155499503307 0.0005165684000962742 0.10625119291690059
90 0.05684000646757276 0.011314148119606515 0.056560600497923184 0.08455602882486424 0.017240669760704288 0.036592298985812406 0.05425128826124732 0.06439527574079454 0.07643164783471593 0.06321390354522886 0.09014100136989578 0.0749053734051475 0.05259264036314878 0.07834398697711865 0.03224342433262341 0.0004684411370549571 0.018197516452064168 0.08652096287484541 0.039719645565526825 0.0054711394841045185
91 0.0183885176202143 0.05459291723768633 0.06047620878958108 0.022617627279190127 0.06850122119402377 0.11211663440664342 0.033497618328697784 0.03329562609422248 0.00590195475994132 0.03086233345836282 0.02954160991504858 0.06801083674875096 0.026374419237117752 0.020599070190290145 0.10943400160024004 0.07663765060587964 0.08164190077548276 0.015958026899241924 0.05968675857790898 0.07186506628147592
92 0.07344914392586914 0.09498899841027544 0.10117438560664667 0.013891535322678564 0.10594103263637455 0.10966080998750741 0.00896569015716923 0.009549377987133872 0.015957311584122013 0.03675571177392627 0.01414174717581733 0.051985788423522875 0.10210737965458036 0.08248854399768422 0.01328050983121653 0.0353464871053912 0.0185551064982645 0.07673245121089046 0.025592791487849795 0.009435197223079565
93 0.06508980753854944 0.05218413868495382 0.06104447878275092 0.05625733825439934 0.007113009047682795 0.040259514016896154 0.05372075047591469 0.02665733806790055 0.06222071075594323 0.08573671247022047 0.004776968238602049 0.06125446679456978 0.04654563948142026 0.03566659631765008 0.049237340460009354 0.0844321334060152 0.038672170544382156 0.06857086849482731 0.041610732054114676 0.058949286113197406
94 0.0037368072015124447 0.07631497044510048 0.0959947467273948 0.09181101943499059 0.07173981888759653 0.017927465677098322 0.09186099221332973 0.02979941242279846 0.0540857061281677 0.08450412936040871 0.03884996423818723 0.022893576201923557 0.019010686657621338 0.013156131146169042 0.036705670711341766 0.060266602479738904 0.014284861932796478 0.026896236531600486 0.08763186035482522 0.06252934124739803
95 0.04798942123014932 0.06266273764726885 0.03726557836056725 0.06121622501662791 0.07098245578199482 0.04602598284618943 0.08144083963726433 0.05067885708278682 0.025834087154837242 0.048540177559305404 0.05613511801779856 0.0260145713905011 0.03162806822210447 0.00939120069432284 0.07599626545675535 0.003102143807112518 0.07660033641469353 0.047916767290399016 0.08501084178178742 0.05556832460753371
96 0.022817180515891523 0.019356726807503468 0.026545885588013855 0.0025596170363385577 0.052197784407604905 0.014873596849833998 0.09035485732811044 0.08389009849364014 0.09888670682727335 0.07912174323494629 0.049779585411293806 0.006266278401723476 0.10338578980045819 0.09180258159427351 0.022741025933338682 0.08408128469673791 0.08181205571748792 0.05069101420213125 0.018075208652542137 0.0007609785008566641
