0 0.0402647214087371 0.09441310889481193 0.05192786307165608 0.08838488120316626 0.07195420588867796 0.03863217773262876 0.04858593546687158 0.032734246130129645 0.003705328844179987 0.00745290256344407 0.0424617092284898 0.08821280888521513 0.06733647598517449 0.015461861632649846 0.040362507243985275 0.03415831724046028 0.07394184026589072 0.049581989700037354 0.09487452035408499 0.01555259825970869
1 0.04284417727269352 0.007510485317304503 0.0563837433112649 0.03567900140296965 0.07783361581000336 0.03908210062256587 0.06339831041196439 0.03342250828529428 0.02889149263054059 0.06439443285627042 0.022840154588059103 0.02385771463463288 0.07631401212101037 0.06388347322349901 0.04389712026465324 0.053957079595061234 0.05560283729184795 0.05850745728383227 0.07547670221394526 0.07622358086258699
2 0.013953745992038784 0.06813516526322126 0.014290110731346705 0.08942452833766401 0.02955809616249963 0.038537793627391445 0.08512956739226431 0.05693315771554155 0.03410819911136294 0.022106438985847764 0.01003203470566091 0.08209675599156077 0.06877359402706205 0.03561052410823175 0.06693079137068046 0.07367403231914368 0.055060863779082925 0.06664686275254057 0.009716720163241955 0.07928101746361667
3 0.01071981794985463 0.07055404855045805 0.07038401744530753 0.011200354483154304 0.039441906269038 0.06330546056348098 0.012724072891522772 0.08639284107198453 0.05051830253268961 0.07623536137203321 0.06458447421889915 0.0947730640651549 0.011738490087068343 0.03665603876025655 0.04183032931232634 0.0024113436578063058 0.0567625031502347 0.08261795648377854 0.03283198328090213 0.08431763385404943
4 0.07843091622116381 0.0277075327946489 0.08310780012368327 0.041328654074622106 0.062089356335722434 0.0018859222026952052 0.026605142729509236 0.0838674214451303 0.07798241519309695 0.008340981802712514 0.0885779752533118 0.05016887000034669 0.07423406981910582 0.035402088303177356 0.022378943728746103 0.08361490601701373 0.010046509380268246 0.04556241541492711 0.08114941268145238 0.017518666478666133
5 0.06432278907228121 0.03511597441773535 0.07981536580179246 0.00779877845329262 0.029243766692117885 0.053246234546565636 0.05386655826450441 0.09446569001145137 0.07616100788028529 0.014997771892012972 0.023822709429859857 0.03413105097115143 0.08654207268583008 0.08781105076183413 0.09372480184484519 0.026640398290441864 0.0014658697553781277 0.07785027642331359 0.01765211300100669 0.041325719804299645
6 0.05391375545009926 0.04103037657294739 0.009477568803481804 0.06954516898742161 0.05176445663766172 0.03639498450193084 0.012362856204325052 0.06720862434492197 0.03838290924804191 0.029869785528609385 0.09161939386234724 0.011415097627955584 0.04590311377969482 0.04282738432325717 0.0942947336738696 0.09912251497549135 0.08823827148771671 0.03085283194893494 0.05074609905676454 0.03503007298452724
7 0.09046871162686863 0.03475302902704828 0.009587757134657742 0.10480818606787595 0.07702071304864476 0.06755950163624484 0.0824837953867149 0.08856246233531063 0.04037800981072017 0.043590068250963836 0.014898880780622611 0.0445382031555212 0.05993451172059341 0.041768212931328146 0.0065987497388970565 0.033360053039646724 0.035325440308667154 0.04355473040122997 0.018368022553751317 0.06244096104469231
8 0.012054963888800133 0.03610905280225078 0.027735749883329754 0.08013463757063505 0.07498065521112518 0.015425994029063519 0.06919659006508105 0.024869685451116546 0.09799579501497489 0.006069137319911073 0.026626123079035433 0.022396157886588147 0.016558148893729138 0.09781415400286184 0.09064300602422302 0.07576884432964529 0.0664751443087338 0.06655850965088841 0.07222762108403409 0.020360029503972817
9 0.09230029523628357 0.05893410332360845 0.011081079890120615 0.006724328950894741 0.0038813310192018554 0.07373458300124804 0.017878985725385363 0.08961049258648823 0.06358320964757318 0.021813604666746058 0.09572392401971826 0.0836056759894649 0.014697456454843254 0.05202070827023351 0.05254740435051092 0.09241205086165927 0.05842984128224623 0.046763002125358694 0.03249402823600349 0.0317638943624114
10 0.021657115121773363 0.10086598513630857 0.08853699134502856 0.005638824558294699 0.03566236448514057 0.10185599400115503 0.07260766643006171 0.028430486537627715 0.021016415133441876 0.0013238954222952201 0.006152919832567843 0.06316023572219213 0.03341289938635961 0.10364890412945311 0.08987588671347067 0.025169950004522913 0.03558892429306458 0.03607926582473439 0.08829586502990364 0.041019410892603865
11 0.07714226021763065 0.058156476230258165 0.013653308512710273 0.04894963150648596 0.03792145070312024 0.04435292211005254 0.05156428511741123 0.038691868305695265 0.07966642676289863 0.05143841605867227 0.06879975633129956 0.06905656438548603 0.054466484476297074 0.0412818163360212 0.07097090986272289 0.07313058112651366 0.06626056132875592 0.006144498039886298 0.0427772328759867 0.005574549712095509
12 0.008653150796914493 0.08442899282195944 0.08055070290810087 0.013790667649882493 0.04998931161987957 0.0722378951095158 0.04330831361613234 0.023051268705724336 0.01762716056908218 0.058464582766635895 0.09671558938874177 0.05553205873515311 0.012872714528974753 0.05414358258328355 0.04629234921477426 0.0026998901151600568 0.034996194044938866 0.1019458227787801 0.09832133936864586 0.04437841267772016
13 0.006397178009645417 0.09565326290474259 0.08250882737485649 0.038385441829525635 0.0639847173962787 0.0792756617240017 0.04339049655198014 0.013988992303896894 0.002415103143212905 0.02232368559936132 0.08723984552088918 0.030571465068115387 0.04887821679660933 0.0712951378105998 0.06622521840758666 0.05429275969839765 0.06826809437657676 0.05130190433265312 2.3318788383984086e-05 0.07358067236268652
14 0.08995238258020395 0.056087302906389934 0.0036841616010539536 0.013895975206217293 0.027304069373974112 0.017218049404297137 0.07340878027542538 0.08740292378700006 0.017825093645312966 0.05408537940413438 0.06496166989731146 0.0807733277868408 0.09646958782509278 0.05997999828592861 0.08804075089662954 0.03764254871324214 0.0833432556082459 0.014553231266775553 0.002755280065365019 0.030616231470559037
15 0.06644077623169317 0.08610207651797212 0.01164705961994144 0.0004645931177890323 0.02791219327273655 0.08793055143178184 0.08534658433730817 0.036091285874457195 0.03967627428354297 0.0597694251417929 0.05017509351783466 0.06602745244541786 0.03195902061458834 0.03758101669490158 0.06829021244510601 0.0721565483935678 0.047258207286281655 0.042481337645957136 0.032276205014483424 0.05041408611284585
16 0.0477048701251391 0.08075138229347727 0.05453790438966578 0.0660415199288062 0.028543455929512893 0.06899961433367945 0.08368129648771902 0.001558763847148842 0.07631693018980308 0.07353968981975768 0.0277277580952081 0.06222423552675127 0.012251972283057926 0.06614366382196045 0.03503372900469591 0.030595874418960226 0.04588900975705513 0.04414005689335093 0.024447790627098395 0.06987048222715225
17 0.07064443421647473 0.06648023174726762 0.06025910935944859 0.06010646639669345 0.07651636452310277 0.0275382389201189 0.07048971671236819 0.053428476461917916 0.003884399872200388 0.05249905466886568 0.019857265605657662 0.049513411114671724 0.049224501823262885 0.06237439384002417 0.06589563103724667 0.05057723635048429 0.031769462428624655 0.03510088920456309 0.0572572966651347 0.036583419051871936
18 0.05641760409246823 0.052615644968268115 0.06891568935089688 0.013230442390618836 0.0888744595204803 0.047327356893364196 0.030623709044144003 0.02588302746164277 0.042901628730070814 0.04775206739276282 0.08785448841040398 0.06332262816806149 0.012063227196964567 0.02895974589128611 0.07225043095806598 0.0008716484356582408 0.0899021605302862 0.029448784138711624 0.07880387963905876 0.06198137678678603
19 0.059358229456837705 0.01838601250414907 0.0624957488618125 0.044772470632410834 0.05371840712988823 0.02526697665757449 0.05935364358987798 0.060489825447396166 0.01867796241998039 0.039683527874637636 0.08289321215295979 0.026941431679380737 0.05157113031541036 0.07643938013355253 0.033917048599725316 0.03139580834537631 0.011662105824894015 0.07422673724582281 0.10128812323401819 0.06746221789429499
20 0.04681828682749489 0.004445550807820626 0.02149723183319441 0.04511548200337625 0.09536886559560068 0.007601941453004224 0.0547052406179256 0.06454052686059193 0.08341494687171563 0.06383748104837372 0.027936599670191173 0.011940398705662023 0.09363283925899135 0.06026315368465698 0.09064156275251643 0.030859568811838406 0.0649734281942712 0.056165681162016416 0.06728375429838754 0.008957459542370257
21 0.0537703959742222 0.09320013765461432 0.051810975652596056 0.08429490944150174 0.015439453678561912 0.0006662209442301493 0.03537047361559285 0.09932176456543176 0.04346888215328407 0.056811109207531796 0.0701940407319075 0.013322226000016937 0.06196703446098055 0.08784122196596975 0.06176394768599491 0.016485582056711058 0.0066515586715978 0.09069203398504035 0.047939783828003624 0.008988247726210569
22 0.07810131677693954 0.029109198800084612 0.08621999595594265 0.027383661347426626 0.06804398124613482 0.023777043906260162 0.08381756648741581 0.04312068714551824 0.000685630132468752 0.07273280981467202 0.007472338460339951 0.011136202168345453 0.07572904247188904 0.07182197823649948 0.05517055628842324 0.021403507310648377 0.011738819045806276 0.08887890600692627 0.09212622654460673 0.05153053185365212
23 0.04714530393370783 0.07396624562282866 0.09298880379546813 0.04691794672637886 0.022437258437166954 0.10756509197396275 0.049461120449196 0.10853602513255743 0.03716918069565874 0.0654989213280089 0.028737619803700536 0.013377954697492334 0.02034927492969125 0.012286225207328067 0.05439028588962803 0.02629559975968362 0.046881324089269684 0.08013778288450794 0.007734444449143481 0.05812359019462084
24 0.06403462373139188 0.07655670481987437 0.08265145158206742 0.07005662555649554 0.0012663494625921989 0.0525469883079828 0.06985385340400756 0.033921672443048556 0.04896844040928463 0.089422703496224 0.01824373609040446 0.08495621977637724 0.003908400871018408 0.03862496398456629 0.03835179415823461 0.07162787663660417 0.0807822005040246 0.03230972474253297 0.03567953498923909 0.006236135034029459
25 0.05764728647470859 0.03962139485507742 0.028271066034227865 0.09185597134654754 0.001991955208958054 0.08659667318321812 0.031554306011755455 0.06595140412375951 0.06376842660571182 0.07682143368355387 0.07958820229766633 0.020001359304001435 0.05029217055822615 0.06664530706849595 0.053736031608286654 0.05810771305643563 0.07340513456759579 0.0007407331832521693 0.04708071157919521 0.006322719249326402
26 0.09224063276072055 0.10129032956597744 0.00641670460066708 0.08801508577586768 0.07806362550130544 0.09297537650523705 0.001733813590240394 0.04957823863573702 0.005755048121850312 0.0828610057009932 0.011138380015519157 0.05996637630363491 0.005178610539160496 0.042001148183622355 0.1039546596088042 0.009693049720774323 0.0236493026455767 0.03152404371406355 0.05907773065883251 0.05488683785141574
27 0.045267948368282435 0.12137452273647008 0.06773877053171526 0.03766171122325578 0.10633497806182751 0.07686652167835534 0.043231394358570735 0.12126448548875556 0.0036486005498342603 0.004255474360587527 0.07514146759437652 0.03198147701026132 0.06576452445763722 0.018375883882848835 0.008204232390453238 0.010028079824649818 0.022687695441855442 0.028417328653107143 0.021091040510773835 0.09066386287638205
28 0.06974614959228294 0.04533477919741354 0.07407905333608832 0.07450233544976981 0.07230053595303254 0.04635617293668937 0.03634650959665818 0.06739925204286236 0.024074979778245853 0.08578037587790213 0.015725212731072358 0.02561786779949115 0.0594829309638782 0.07635148825231873 0.032236424642848885 0.0018441890437916734 0.018837220096428228 0.07835956523736783 0.011471920654367845 0.08415303681749008
29 0.05586677329409707 0.029929612363464527 0.07474106535739487 0.030345555695066476 0.029400931867643865 0.04991272927873164 0.0826076035435247 0.03178571743980566 0.08367745609007658 0.029756492794437858 0.032116687747610444 0.07119835113225087 0.05595709082998946 0.07793444113637343 0.0826976468665578 0.07713937373725595 0.0017015718045071046 0.016157036715267973 0.07370412224736436 0.013369740058579247
30 0.02907861758692781 0.03144632030185737 0.09511079115845063 0.0909033190268935 0.032307581934143695 0.00010743917121230181 0.021671121597767715 0.021694997371262077 0.05161108925778683 0.052867317677785734 0.11718297607837848 0.08103850599382315 0.04888543744576586 0.05721651219712611 0.07184471348566135 0.0450916769765803 0.09410440025716188 0.007173239337808325 0.047339320183482324 0.0033246229601246826
31 0.07532920492927002 0.007746965025341512 0.07434161507699234 0.06111584210410699 0.024485212572737797 0.04622061754783251 0.06259048657028794 0.07823555595007037 0.0037682839832152873 0.07203300300947987 0.044677093504680916 0.02751096760987268 0.0711886915557064 0.05503360510280633 0.07469914592803266 0.00649077980521305 0.07036292614497805 0.05100478901428025 0.014192000434377648 0.07897321413071709
32 0.08909648198112753 0.06005025731951153 0.06416525688597059 0.012342707371793415 0.03233193107269573 0.030571853499073504 0.004246054734183832 0.08842233140781754 0.08441837654662417 0.013179597116375615 0.08782450627112787 0.07236721539787856 0.036292306465337536 0.07450332865344628 0.018278655266316817 0.018824045942298126 0.009787170917454605 0.056611706475993874 0.0863656319181275 0.06032058475684507
33 0.0032292859052557503 0.00421923411465853 0.07689234561439498 0.019916540348673864 0.028877336364812413 0.038275869260558995 0.07119543665134054 0.015974151570884613 0.06641183412292578 0.02785799802151305 0.006230007833013065 0.025965139119892303 0.08708906897860544 0.038286237925993755 0.09102188457079227 0.08987786737950725 0.07549824197234362 0.09493247598927868 0.09315221094683748 0.0450968333087176
34 0.11432240989938448 0.0523819273791928 0.11314074379708992 0.030174206859432885 0.011516164858210878 0.006934965542016816 0.08209791137744009 0.018574493759583165 0.0020180215861432265 0.02994960968730787 0.07035463902562665 0.10430211573786144 0.06040635720170833 0.02282076918655991 0.04633040329051719 0.0646064526537549 0.09696956898185397 0.040677295503458784 0.027534260361117006 0.0048876833117397905
35 0.04328932929829169 0.04328368030526818 0.03877897826143631 0.09129679355058161 0.05794579931846924 0.0403800040288853 0.03802033430303157 0.08459613159176914 0.04309622683044389 0.08875973450446077 0.05908358717232817 0.008190124154635256 0.03902342672626774 0.07203547908247794 0.06691198448924812 0.04637608963240233 0.04412787139254207 0.026327361710452583 0.055663632899538504 0.01281343074746958
36 0.007579715740502313 0.05607433466551513 0.010166779693848061 0.012473927082610595 0.07903017956098676 0.06297416216076548 0.04461080356227598 0.09251691801658665 0.06083541286282342 0.050256079825774305 0.04638035639959077 0.056395284126490496 0.05917943199618344 0.05110162108831143 0.06090218741944812 0.04768916565231955 0.0799389252931069 0.039721532904677094 0.0408763834312101 0.041296798516973064
37 0.06309283385235928 0.002520363228371769 0.04786192137024089 0.06506409283820877 0.025584313768361677 0.09048411232177836 0.05859166327563767 0.006981909459432042 0.015246148662038286 0.10000848713219038 0.09002394977677125 0.06624614453110017 0.0628903778995293 0.01995172697777973 0.021325878773101825 0.05664933534006491 0.01229902076071954 0.10130101933249828 0.022903449718252544 0.07097325098156333
38 0.05951418775442775 0.05528058124764326 0.0442267809271239 0.07874170988337441 0.08354516920558003 0.06728496056728998 0.019592572307098606 0.024708809358047357 0.004315267604415582 0.06114975081603348 0.06033478209407733 0.047248704148293 0.004098395428833168 0.05395950351515035 0.030176346978881233 0.07737784121923488 0.075867602085737 0.058864015359463104 0.06810147834849226 0.02561154115080334
39 0.06717312315345794 0.05336863377159787 0.08719050059113488 0.06048894705767949 0.020852898423535285 0.06125827762442797 0.020699528116652793 0.05609000930331498 0.054750302424552734 0.05633259227849549 0.07475409615942408 0.036827439002906866 0.04244855034309091 0.06285481105069457 0.019797536858069936 0.019640591611938978 0.05450159732856639 0.013075398485359758 0.08602330112905789 0.05187186528604133
40 0.06256468676290255 0.05555943911736479 0.04997309603359744 0.002031246729952466 0.005447080676442919 0.04579573523145397 0.049404133892474104 0.056365987271009964 0.09176043953646695 0.011166341075454788 0.0036574459626035312 0.11359017700010018 0.05937091354165976 0.11386454580116462 0.07052348657952433 0.012533279430038064 0.0770130025876295 0.0012091250877815944 0.025447585019187813 0.09272225266319069
41 0.02798974515014303 0.008254545342350013 0.011638268783387314 0.02845158380997085 0.09716803203933098 0.09918914497241213 0.04391501495121344 0.028943384832218703 0.023405252244282342 0.02762755876441994 0.08462348703950698 0.08338923547773816 0.011365242278364544 0.038927310974937415 0.08880870839153539 0.08008606286038383 0.07682188059104382 0.05423475584102606 0.0049295243992644655 0.08023126125647047
42 0.062489117816506644 0.06584328248662812 0.09552505526888058 0.030291768276845668 0.03958729513922172 0.006510294950865727 0.05074837999078179 0.0137550880658208 0.024514218055931913 0.07602495043768306 0.0959221546797858 0.04765139954141373 0.07381416199677589 0.0383031688097197 0.052841442755013006 0.04872614304033659 0.03359707964260974 0.06785620905729829 0.021015281470591 0.05498350851729017
43 0.10099838704049915 0.08626614801980385 0.020903987920918975 0.04155207140586955 0.00919792462010219 0.10370889257574673 0.10236638287146788 0.032899166374845475 0.06608734582096833 0.026046360679322627 0.049342524375211624 0.07462852816156554 0.006898173980503832 0.04156950462723259 0.007214506071262392 0.03944230396699123 0.012935049683618475 0.03828008231427086 0.051923708206773014 0.08773895128302571
44 0.030809755271779888 0.08264273374375192 0.060673200494824525 0.05285784969279521 0.06205265038562716 0.04719121451109344 0.07405742360834221 0.08806625663008572 0.0025113092202260936 0.024512246937292065 0.09077423409992205 0.052200967335423676 0.005405570693559088 0.05549358749590205 0.02081104310488452 0.07472938625519399 0.01817104249564294 0.058441238407053404 0.07601734175319075 0.022580947863409355
45 0.017630597192825264 0.04860173358594719 0.08690441827193962 0.02895209022363176 0.07344638994158556 0.027317692279071024 0.02588064183752382 0.07782525212458588 0.02813715124039586 0.0037972560380607856 0.06345518651727605 0.004218998304529899 0.015524799850929784 0.07112261190754438 0.06142814551010973 0.08657586622501119 0.04747754121733406 0.09201049353562445 0.0993674303410691 0.040325703855004565
46 0.08691035652074379 0.026670735796559597 0.06302019357173425 0.06770741106307082 0.08049167226428584 0.03182844917920038 0.006470585345056721 0.05165092591481314 0.06112525246472672 0.004572276377060356 0.017600156908699417 0.007464434201861192 0.06728315591235635 0.07343316246196187 0.06832088375835539 0.08300060443444864 0.0659626578056096 0.0635515596720608 0.06734892236212853 0.005586603985266678
47 0.057688737485243786 0.05331417662439082 0.0639249423880131 0.07528500124255402 0.04719608302299945 0.04907952479547864 0.0061641995152748865 0.0001517471820064704 0.06180159609848415 0.04921624993732438 0.03638348766593483 0.06043596492387806 0.07787152082430328 0.0013308989190787138 0.07099428256874259 0.04043405030953565 0.032951081287920264 0.047200277842403 0.08624447660096829 0.08233170076546573
48 0.0758871538091016 0.06181884784498723 0.07823514111946094 0.03886024862213892 0.09171449392479498 0.09480916685027219 0.0026121524039055613 0.019734350163522166 0.021466958926306817 0.044414778488056326 0.021496958932837717 0.007301048816694378 0.07324418289594545 0.03697318879407456 0.07836079057738331 0.022042807021084826 0.09676856239085535 0.08642325697747366 0.03549833454314722 0.01233757689795681
49 0.08495443510386118 0.03814467921076783 0.05557490332257836 0.08217762974702958 0.00508636828683587 0.013135462049229165 0.050942796690297144 0.013717512545227234 0.07335742210370376 0.044579624007238874 0.09468168790673129 0.011874930803686123 0.0697612559495927 0.03334465890379792 0.07812256141556681 0.08927433270932689 0.004866414378951204 0.03063411352538559 0.0320529491369252 0.09371626220326726
50 0.09276873433789434 0.07499653414142916 0.031303099976768174 0.07285535807488416 0.01877018849873683 0.021898727837031607 0.0295702819154874 0.06587613419678702 0.06755274069598778 0.09014636021668196 0.04518476299369631 0.04855367926369117 0.025043659053578124 0.030124719125108123 0.04949763207389608 0.05941405441846612 0.010350310482874115 0.05419409165582687 0.09113884943777668 0.020760081603397932
51 0.036735405510828295 0.07042278136887435 0.02718708733863663 0.10169341541337021 0.011586753980932337 0.06452543351324509 0.044721636265873985 0.09326785905708394 0.03233950008699307 0.004365049067173386 0.007250453202010032 0.09580910494151595 0.0004505320392646107 0.06129112228163721 0.04901889268075956 0.07310045139298967 0.07367641868170562 0.07620188354313177 0.015095086082063796 0.06126113355191052
52 0.07394642482588488 0.03996402033911507 0.044282655025545244 0.07201326779183759 0.013985954867076222 0.07114306502735807 0.016067712286131623 0.06902990971800553 0.06674266067606272 0.04667192540777835 0.05874683647319982 0.05956196008528651 0.05792810994055446 0.07391440061479726 0.05058782529036071 0.014784470683069666 0.03746627999819211 0.03849563758270403 0.05933835566712319 0.03532852769991687
53 0.0468661176597137 0.09796226014299236 0.005399502272116062 0.009443584368051998 0.022594658082733064 0.04715401251815891 0.08462080198642555 0.04129204539446917 0.0985076088596083 0.07075871359424152 0.04377707796104596 0.056866960396425026 0.022051370401178504 0.09866331559041466 0.10052879602167593 0.029740407396712208 0.0008928549071224434 0.03643663630749391 0.0546402534294371 0.03180302270998346
54 0.09540585005652642 0.07373268409279177 0.07814692032169615 0.03403318531697425 0.00743179123440905 0.05371325019844083 0.04851549812345278 0.05073952060436612 0.05465062430082305 0.00707779352951111 0.09585621207642137 0.014694883093466981 0.015918502485516375 0.08224279464581333 0.050962915721977725 0.0382120740523821 0.09646273497378567 0.004008218666718758 0.0005031521986801676 0.0976913943062459
55 0.08823631938143163 0.09189946935189763 0.09077908009329533 0.06297641097107241 0.017871723097292663 0.0023053503890495958 0.08357413122557976 0.026772486046481962 0.03670144147752491 0.04636462369113694 0.05227716385009923 0.08212363173718062 0.0174157339567208 0.028115125722929853 0.05949706882909518 0.03961855236419303 0.07549381214220419 0.0051046273808039895 0.03747972328277654 0.05539352500923369
56 0.08154908616603958 0.07837784282524687 0.0018718568482861406 0.005165404873002577 0.03642871395533681 0.03500633426884219 0.018521131243572037 0.10481891751721471 0.09436826210846584 0.0236322542878931 0.045649778939149364 0.020615329538891104 0.03300750088431096 0.08137581737353256 0.0577629180503567 0.07715467350241441 0.05821758942468462 0.08831072098834344 0.031025047413033673 0.027140819791383185
57 0.0026083404790172653 0.021485701879814006 0.004719541080470195 0.045262193430083676 0.09559961454561582 0.10987786579505406 0.09974300003687497 0.057196855790750595 0.03588281091452897 0.035803741947813716 0.006814629301975298 0.09791876509106412 0.07080843525976654 0.08158626841442367 0.005405755927359061 0.08325818288045686 0.017203715152809704 0.007600798003610796 0.04294232253661374 0.07828146153189676
58 0.0218013366145407 0.06250042082901047 0.075258855577413 0.05142805400318921 0.012394674286064625 0.04787900458817938 0.03033649381003016 0.004104567947879727 0.06720417470418825 0.05651686502932302 0.07761489122144632 0.08125003840898228 0.04865493864950125 0.09207211936658356 0.03219741603859851 0.026521412766281446 0.017716124177256366 0.09112004519678837 0.08040678269357328 0.023021784091170214
59 0.036626987777263635 0.03684123238204992 0.03440987590806207 0.06649534498725984 0.05970832977431229 0.03288908425798882 0.04752374077036659 0.0085351136967514 0.04979872017036587 0.07479905156419069 0.07775570079059989 0.021680180251361952 0.08463810329387184 0.05042521475823847 0.049691473828882435 0.006331405920003638 0.08751917628661526 0.09186100228983107 0.063811639905284 0.018658621386700297
60 0.10469594324020616 0.03886386992189569 0.022924525022618315 0.012903942442103383 0.04515345710361504 0.03627485063537826 0.03467887067442994 0.07221715049643641 0.09394406046772517 0.022716597456546406 0.05889441445584461 0.037244686305025004 0.09553372285345559 0.11797307529951956 0.009266536814495607 0.006104249914590797 0.05768689833790638 0.09244531665869143 0.013662473323387785 0.026815358576128608
61 0.019584896119298607 0.03551463972830965 0.033762258515816 0.02526975930921226 0.06055809086424003 0.09557687362338647 0.08024289089403927 0.010186483281092722 0.0034958390965728124 0.027226652373580518 0.05929503597614367 0.044279047726176086 0.10394506347590243 0.10219966622520923 0.08071183401136928 0.028162734645730096 0.07968286734467378 0.0003874542946164713 0.01598962828666958 0.09392828420796107
62 0.08302517842330817 0.01877817626164617 0.06072605751237234 0.06304193639272088 0.06760839137700507 0.05721839983760541 0.025513873087745567 0.014698029943464317 0.05218669534046839 0.007016551128575115 0.07231061959794685 0.04866451728920928 0.03343502685642006 0.058603096136179506 0.04096427510604443 0.052288531949687606 0.060968568003719824 0.01938100827573824 0.08202106850455067 0.08154999897559213
63 0.05010294819695085 0.037592049519283695 0.04704677409623698 0.06654327548805937 0.0021998314727526003 0.004971021962837654 0.020294263115035512 0.09420283991196914 0.06289905359601669 0.09351836848400505 0.04762897345815937 0.04229335639728096 0.040796580093300686 0.023017660049729483 0.09378679918398575 0.09874919935628461 0.027758601552673828 0.04640380618232689 0.06870948890933329 0.03148510897377774
64 0.14199052742865803 0.11829293432417295 0.10451441357981046 0.002749450491417487 0.03213902385718803 0.06926392997466986 0.0006447785881079231 0.1050064777345312 0.012638738944426457 0.019447280462085836 0.012125145527783496 0.023381556533433726 0.007734582557384964 0.06853513429265334 0.003307075824820305 0.10783791462761685 0.024852769882373813 0.0009974194571407704 0.07995907503649635 0.0645817708752284
65 0.0047438500827151585 0.04969421908470611 0.1043097562577196 0.03525341865328201 0.06271088594985048 0.033822353192098836 0.014073985842874916 0.06593226680083612 0.0442355395134657 0.08685349030936501 0.02715569980135604 0.0802557743973662 0.07897006096441685 0.02908642510485621 0.06729944694046161 0.012990753694230766 0.0860204371384749 0.06296276185920152 0.027707601327018574 0.025921273085703446
66 0.02168988004726599 0.10668971890033949 0.10625140869422674 0.07056329117105577 0.051181506695342986 0.06298376003368847 0.04480643731147501 0.09555806557557503 0.09042122339187027 0.010309777936983542 0.020467764199843655 0.05889820387782153 0.0028148260937424724 0.03392626901012808 0.04590000224270254 0.008765728931605796 0.07642657188894227 0.04058246414312793 0.013284867103628752 0.03847823275063377
67 0.011603115662245315 0.0058777433766664345 0.01714995261765583 0.0008386190904705778 0.102705874573394 0.07322262191963841 0.05936870611959956 0.060145330247560864 0.06406030037344167 0.11566682376076964 0.04929917406362045 0.04628780488967429 0.007237311240321033 0.04236109036619672 0.04331857387226422 0.0470664279313713 0.09810413358156676 0.1045606199967154 2.0841097067524082e-05 0.051104935219759846
68 0.03137046941668525 0.01902840968729406 0.003693132226958923 0.06871468595314487 0.006547583251804233 0.007937871971369168 0.07926336184958138 0.10134233482736531 0.06671386684816957 0.047834779464979875 0.06970621650416284 0.012018265838282225 0.10177162052457453 0.007999842802764872 0.09524136722136294 0.08143429070040248 0.0444695221653737 0.056505243671357716 0.07359807382446254 0.024809061249903612
69 0.0022441072602304496 0.10761443943478292 0.10257404467551404 0.015753967291667236 0.030344946144715446 0.07326578908126143 0.09798715049991652 0.02292414000645796 0.029642051071873267 0.07338203367561301 0.021476796767105146 0.10478448857231037 0.004874123607152801 0.022112223757159082 0.05898634973354184 0.01919158573756556 0.021593796636932325 0.09744417483994854 0.040932642470058504 0.05287114873619365
70 0.05813736033279955 0.05581085530230912 0.07488654941264496 0.01693813485777766 0.08885111241843775 0.0678103353859118 0.05955178273584426 0.05636542084116594 0.04208989934905774 0.04892233892126254 0.04858234886102118 0.02459857959907767 0.07642949820584126 0.0341576661977108 0.048715309405753346 0.028668257455943293 0.016202900486636775 0.06245103564929472 0.046727793617750146 0.044102820963759365
71 0.053999962500114435 0.07155567169161704 0.0038013235275578864 0.08492785635996862 0.08102761625966189 0.04926514300773626 0.06868320192192696 0.05040489385699816 0.001156765492505705 0.0329818450938236 0.03838045046985178 0.03693938774088909 0.06924452015305181 0.06934308491389263 0.07423922119015647 0.03497607328020446 0.020850548261243447 0.02675588114722896 0.060620196567556905 0.0708463565640139
72 0.05275985366943148 0.030234478498836655 0.0639743241313504 0.014975656933417639 0.09711403330955411 0.017813518558578923 0.03374029373886989 6.588274496506772e-05 0.06980094718618023 0.047789482830341214 0.004620183881862296 0.03288558115817013 0.07712060760485982 0.03726269604257931 0.0993649737071564 0.04139554385893734 0.11726958013219771 0.08223476137300992 0.029659528680065383 0.04991807195963628
73 0.059621744042026234 0.10881484377756447 0.04184831272981686 0.02691069971382372 0.03154117835709724 0.10181629291838759 0.016801037808831423 0.02794479446085573 0.0214881115081936 0.003090664487437195 0.0686934208678598 0.04432834452403544 0.020629967997552796 0.06644305936398634 0.0297128791495581 0.09846864052146272 0.07961866032379533 0.03513250574804587 0.013462292653085883 0.10363254904658376
74 0.07701236502184748 0.03037521192329556 0.019768452197402236 0.10011701637563813 0.0036510200892788014 0.0038943007367186746 0.0023275730205655075 0.0741978079112611 0.04141712798592148 0.08847750860494577 0.030873847608386473 0.06815558868948238 0.051666987441775905 0.06743887382802362 0.039133206342465095 0.04327818884005897 0.11699650749054517 0.08555189829328082 0.04373349415890507 0.011933023440201772
75 0.03645329169431327 0.02805813955033184 0.010373663756708623 0.10797060018143721 0.04278120806347267 0.01943873673632921 0.009621696409807234 0.05613759051591843 0.09486888953245276 0.06055617606718519 0.08751589593238297 0.1039727684801992 0.017102002921068615 0.03683753896482943 0.09561712651928213 0.05019648765046507 0.027489432636329057 0.02316488358607654 0.08358615474313828 0.00825771605827222
76 0.046736350422343406 0.06392621342725661 0.07743265432930223 0.07893226648607449 0.02007182873193863 0.08858110660694436 0.05964653799505849 0.023060011958694844 0.0575111913854674 0.04602402431652056 0.015784078976527897 0.07821446463388806 0.02042438117727669 0.008603650638796976 0.0699814123780075 0.05517342959374594 0.06352536172445085 0.07020498856432386 0.041955076905740525 0.014210969747640731
77 0.0009186229051442431 0.08784100676988463 0.05536621735630067 0.01366783897259413 0.050002564561011834 0.007975870131083019 0.08294925353500608 0.0711051615859793 0.04418887642624087 0.03236056958312156 0.07119179071259683 0.044860991873414025 0.0527469797944889 0.04568128992263528 0.052410340744218756 0.053629758948422264 0.07603092945877972 0.0798197402044946 0.06077262487264056 0.01647957164194284
78 0.024386088903932873 0.02983479004702978 0.042058881750002775 0.05744184462218399 0.019129388965243535 0.07948855176585731 0.02529405166331274 0.05882447511521677 0.013797645830592816 0.08491184752722637 0.0633104868182357 0.08222743612261571 0.026438318330214063 0.026597721602071266 0.07353346759880892 0.064371985142271 0.006870717290605805 0.06117407442429395 0.0880228997111349 0.07228532676914987
79 0.0036649103310831435 0.009042480705215766 0.03568515021798527 0.03243557315254231 0.028381039024340866 0.0010473261645838404 0.011637969294907746 0.07224397612884119 0.033849468977808536 0.07211960073056928 0.06443465020782486 0.043304572250171106 0.0629124662859152 0.0677567591079017 0.09295243090524881 0.06970352460897568 0.06776212272051417 0.10992316797459135 0.015542329155544187 0.10560048205543505
80 0.028588596222439883 0.022430723434026044 0.07222881751252232 0.03462307122562796 0.055910881073704705 0.06583081848887201 0.034810234953768136 0.06585522717081485 0.043034750577101794 0.087246976723132 0.05419550744175072 0.10046840139024617 0.01193176763757965 0.07377772597275171 0.03744683104439785 0.052602020940700475 0.011246685800887616 0.0045105530227709505 0.08256079794528623 0.06069961142161921
81 0.082015194080725 0.05672203443906666 0.05531618112042128 0.03514608350728949 0.07280756422148912 0.07055099500136525 0.07630623064418073 0.04788262013051795 0.06248748833608388 0.07724068296619434 0.029397078166867287 0.018281272345305924 0.049698787398793 0.08296306628191527 0.0036488109728554105 0.04958228386889477 0.02637411688064261 0.005469051505796871 0.02218712309833495 0.0759233350332601
82 0.008153565126181846 0.013198352445751228 0.130149237054743 0.012658736142843704 0.04026379763395969 0.011698896448712243 0.033985441561759616 0.006639589016565589 0.08651766356577534 0.06372649877219233 0.04900109169640388 0.09005717001845788 0.08107838477650202 0.04484995744382391 0.10132126862460121 0.09551296332237434 0.013318196858102207 0.07205315900947828 0.0015253926234504976 0.0442906378583213
83 0.04923659558060683 0.0117764920441729 0.008665239838990967 0.08076507765420138 0.030852694956617042 0.0020414793347521575 0.06230399632105569 0.047206558679386265 0.07904138254565608 0.05632336836655606 0.08288339119122425 0.05766582396752478 0.07143571602934656 0.026716154769473484 0.033828002036194 0.054421108056618 0.02355447440416799 0.08153048225999895 0.058608511300431466 0.08114345066302513
84 0.046968620542980996 0.009885980695974189 0.057903736522410765 0.03403236693945829 0.08323238491309695 0.08759341663971754 0.0690994255307119 0.07508635687908435 0.0627119788192528 0.03772628651884119 0.034059921604995796 0.010253862487780202 0.03880238954121687 0.09150773183024001 0.09155462267481315 0.040339606763587325 0.0056721160799179954 0.006728030068887892 0.07066332419307088 0.046177840753960885
85 0.003646943778838672 0.08885115082850538 0.07140925706192452 0.048654375027465835 0.08250004486300817 0.05625324292214656 0.04517630126373613 0.07952290126886136 0.007975809659550337 0.06360224015460302 0.0023470304211517723 0.06073340866624864 0.06279560630768852 0.059854579198778325 0.014215473680797746 0.07465546046943648 0.05804423805457602 0.014185339816165097 0.030776120622953793 0.07480047593356369
86 0.04005857890828572 0.023814069459393756 0.048092846199975295 0.004723914769494467 0.04009972367637212 0.051124263673483654 0.036619222760602414 0.06594656899455012 0.009776294364565457 0.0476726891786455 0.10783534571577777 0.029005113117601386 0.03740683922773507 0.07358912273629352 0.08169476293597484 0.10258765582536958 0.04247920315268995 0.0182755444484084 0.06336680658004486 0.07583143427473625
87 0.06600000764940134 0.08346507399942325 0.05745904557663785 0.011611435254000553 0.06827715823948964 0.10347075085026643 0.07483830132128186 0.026458129859743905 0.06969215080068186 0.016657502044358022 0.035530815397598677 0.03723149413620035 0.07319082248468556 0.023954902948963238 0.006028893566658023 0.06248706521608054 0.02937339918812101 0.05309194630281319 0.04286172465406531 0.0583193805095292
88 0.015883057084947978 0.05305547097010059 0.06537027163437975 0.013927342925371997 0.05454235193780043 0.06126931923186215 0.07965255854450515 0.09615279045205725 0.040470787791444106 0.01843524897223223 0.06553959427739504 0.08369368378643949 0.029023578617794837 0.004112425564363549 0.05650941554580786 0.0499479628946382 0.07840604294276275 0.05851563618643174 0.006457579737637812 0.06903488090202713
89 0.05751736219963297 0.024955258425334453 0.027162923524752587 0.08574695868807787 0.08562921701250426 0.012973445529247138 0.08637346585040485 0.03023261046397618 0.025863939399230384 0.07591245581777052 0.03507427315062159 0.07049660902100399 0.04439855587455507 0.020602955788459273 0.05399160720484819 0.07976199672946888 0.05087832596587012 0.03575219204885396 0.04077102652619359 0.05590482077919409
90 0.06263703944845964 0.037139211634946365 0.038263600425590134 0.0016364059322960187 0.041226921127882496 0.0025999522435836086 0.06287526863975924 0.08385632097180384 0.025281282601753236 0.07570112879510457 0.022549509886255793 0.08463150381849022 0.09841711617263281 0.07615189497657057 0.010483535071779373 0.08798902992285933 0.013466867376773047 0.030774213852126156 0.05821640358393318 0.08610279351740042
91 0.013208619643272284 0.013574282034889374 0.053059792266393686 0.08699733549640729 0.09647326953834233 0.09045856650048739 0.06866142430242156 0.057364241515250686 0.08588931024503427 0.033574140207756537 0.026616400561635518 0.014957201419922076 0.00474601583718896 0.026858716320703517 0.057412979201280676 0.08595994079366925 0.013100954853162053 0.014852616684057452 0.08571840836143302 0.07051578421669212
92 0.05318601504164525 0.025886965323051507 0.06286649021126572 0.015261713249279428 0.029202670513513645 0.04018510399055356 0.0686845242331813 0.041549355024340096 0.07271541630596325 0.05914127198689985 0.007794129093771341 0.07917620846828369 0.08610052244634378 0.05977888547769011 0.04720717969678197 0.07750256597142552 0.0429080532785995 0.020786944843640225 0.06239132462779963 0.04767466021597091
93 0.07502506796841558 0.07047903598546307 0.0916876317118826 0.055389053055562514 0.05857894963940651 0.006161250134356255 0.05106504765445584 0.08089907458500444 0.0932274737732914 0.01613861533500769 0.014095793620208115 0.03460281572099959 0.02423945941374218 0.05810481978818994 0.07150297982148685 0.018559226344866883 0.002214375820797419 0.06614355464050715 0.01701040437306689 0.0948753706132891
94 0.07076528941803666 0.020342111389137826 0.07128748842523892 0.0886820228304459 0.09606492653282903 0.04098508311303532 0.050975537550070296 0.09452040787406983 0.06256147518487393 0.029853733881548165 0.01142078940346242 0.03998350049823157 0.02516640889474858 0.09741039538587343 0.046145489563069304 0.051128347750058645 0.003401808615947337 0.04458481517305415 0.036575415895192614 0.018144952621076033
95 0.021698015481609306 0.08313401970834391 0.012048489757414299 0.06854167996754577 0.017869585845026067 0.04051283895631017 0.044098423166417745 0.008890415237870729 0.08749891586303632 0.05491458269859817 0.08002293480213943 0.09889061319140088 0.057062825620573986 0.007521885090268443 0.033146533286185095 0.08927944439418461 0.03535259719805624 0.07247443482867445 0.03792877984524735 0.04911298506109725
96 0.001038340997990012 0.053794975334230596 0.02430468053798771 0.02036510542697325 0.020601671831669888 0.07918002657277598 0.030910262771664743 0.08751460551799362 0.08310249705692083 0.018823342253899384 0.07326603084090996 0.08916178016567167 0.07813199008037926 0.07794488439807958 0.04036876989404105 0.0583286211074252 0.030432346096867856 0.05984696570083534 0.041390979352385955 0.03149212406129808
