0 0.06997382620474137 0.005780155392391902 0.016993721044508504 0.0381459300929597 0.05167472382152929 0.033729278621508506 0.06560929174308673 0.07765325538663811 0.03606191132263612 0.08554547731411863 0.03519490822064855 0.08717232952257284 0.007366880139505331 0.05646671359766269 0.03268112673343956 0.04568441896759181 0.08585153120123211 0.034226779121845206 0.06324273754042042 0.07094500401096265
1 0.09009925551962357 0.012756794112646507 0.0005778506488719322 0.021946442411235646 0.08927671296493474 0.0764537136627577 0.01929138503640655 0.015598286800978004 0.002774492625775306 0.028693205468481517 0.05879222958811647 0.023090252631825143 0.024571098215612194 0.039868836912236194 0.10723494848742174 0.07923458804251533 0.08212005275970435 0.06010592074003983 0.08545280492506527 0.08206112844575209
2 0.07932326114116735 0.001607131345843341 0.02035673245838129 0.10162293723791721 0.06382056684291816 0.09458819570981557 0.03627774117052928 0.08675215324210941 0.054892478668379395 0.08027268979992314 0.048031113156982455 0.003679779177014822 0.00783026270870114 0.0427921607553461 0.08280295661083789 0.007600287027675951 0.08183052906502886 0.022464863959313876 0.019999385063697417 0.0634547748584176
3 0.0036305134411026424 0.10451018411292967 0.00532296119892781 0.01687231458502911 0.15665153222545022 0.0013924009188699335 0.12047160233040125 0.019698687788626736 0.004851778565373278 0.00349880575894037 0.09856768788115858 0.015235693432112526 0.030008731855794817 0.03291657382340885 0.07900717679859717 0.1530415219039649 0.03390887142882519 0.03659750486096285 0.029659263486241413 0.054156193603282624
4 0.0018217861696591343 0.0683572215675674 0.01847178579259243 0.08924086186750602 0.08121611250915625 0.03396948611847884 0.04327396507932238 0.0735049747770228 0.018718299618424927 0.035135183457826416 0.05969746048607619 0.024667362819104182 0.024960704577324893 0.07182151062163995 0.09802682454201193 0.08632215883204264 0.007417562247199065 0.04956289458991996 0.0813819724175507 0.03243187190957402
5 0.010272144564093604 0.004869530835978993 0.046855241948522364 0.03287767863716006 0.03424551124659767 0.055033796575105216 0.0805483940458846 0.08201306408136638 0.032174840094640056 0.08097264160540721 0.0585102371964128 0.08437161222260982 0.07147398253309796 0.07266656957239032 0.03055366216335537 0.0675142171420489 0.023027743640128655 0.03356085494044566 0.07387752484142954 0.02458075211332489
6 0.060248874097052665 0.040650343638089746 0.07494360821559623 0.021570592754788304 0.09658560319035078 0.027625974725961094 0.0976768425657115 0.010371574196076252 0.07266900893667658 0.009818908181000958 0.05335538183263246 1.221367702228971e-05 0.08670777361069869 0.09721380180906934 0.06397582993867991 0.07881713149309462 0.050954182291380976 0.00828673576019886 0.0049727243594791855 0.04354289472643958
7 0.04603614422288373 0.03790319229864167 0.03349293194944892 0.018603122463318793 0.08792411518707176 0.02209665414533877 0.0896261209344161 0.06022263733743887 0.008737539793191293 0.07516260632144495 0.020900022786015614 0.027846695799908498 0.026091328442480563 0.04057015233648819 0.007486206284326104 0.08843646616107811 0.08853610857296863 0.09106421702108454 0.036853675290692174 0.09241006265176269
8 0.04003585360833211 0.024841474594103144 0.08797439714873617 0.00600311033779715 0.02136323911159787 0.08612369798307694 0.050083162813368054 0.046254943035546635 0.07178861182409013 0.039692827130651566 0.07100563964690033 0.055481619547473444 0.007056548009084658 0.05202590075087218 0.05878088139293994 0.06540836781814247 0.07174058154174512 0.022946716741644807 0.054447214539048314 0.06694521242484888
9 0.09064384041581142 0.09806616129440951 0.08473114580948592 0.09265184192882556 0.0017486542940161611 0.044613630373663865 0.00030678431151641005 0.005366502149337351 0.03335166661030358 0.07202428905895443 0.019991531933367234 0.04057774462288518 0.05930816838463659 0.10000083354870447 0.0012472374930933405 0.06616057229272464 0.08474004156594353 0.03454895029872408 0.03253076918644616 0.03738963442715081
10 0.06907787031010121 0.010589273613698628 0.08358245182317661 0.08160558696143073 0.09135322179646903 0.07029140367017088 0.07809637922177157 0.0054203830894205786 0.013949914010648204 0.07139007316095272 0.03419090926986028 0.009228218352215538 0.08028310218321318 0.03649343511780747 0.07736959141133568 0.039686740121836706 0.036835527574287534 0.01554264993977157 0.05366064463868065 0.04135262373315109
11 0.021801399168572475 0.052814756239005056 0.07787792165329445 0.08342983952044444 0.051649523248247314 0.08174819849022544 0.08137583979141336 0.033924266101738244 0.05873757654916762 0.08246801375648691 0.00010316063792899893 0.024100130415422236 0.0576450616522463 0.06861726158554532 0.08934433004934668 0.04892434303355408 0.01622381846162738 0.055310446985028794 0.00029015748842647524 0.013613955172278664
12 8.199750585259616e-05 0.03615446765090506 0.10418495500552968 0.07127700586825551 0.08180691409830888 0.019003702404518392 0.03698962597027245 0.027999071799369894 0.09359939393735006 0.027506687297391492 0.023972223948357466 0.09907333968908298 0.0669715106275662 0.10226179585415521 0.020179619911091785 0.06234229006803313 0.036736796506048705 0.032111491538154305 0.046617543573731005 0.011129566746025192
13 0.08001931481935504 0.08989484455152333 0.002599074343125565 0.038428514276557905 0.11895600554170861 0.0591353204136657 0.08575735965594236 0.033730062467787564 0.03090066653059111 0.07073493463591049 0.05052712170065127 0.08973562717048428 0.0038028808966283764 0.041026438777203196 0.045762752859258085 0.018761869232645934 0.026900742550999147 0.01528992891158416 0.06246780993694179 0.03556873072743605
14 0.08148476618735062 0.08281754747742366 0.049236169909931106 0.016912671799445354 0.00999550568622248 0.04451811732308533 0.07672278039381786 0.03901172459824572 0.002646905416373126 0.060240503494296646 0.08562820159194107 0.070466683997193 0.08076823726811244 0.08044157376917078 0.042971586784500235 0.01710740457765297 0.019222874256810355 0.08289970601128598 0.023763268930339202 0.03314377052680221
15 0.056429098017460974 0.06732216764068706 0.05428055321997031 0.08723997736581215 0.0659544893293906 0.05310870259125112 0.010794070907613673 0.04296367958310738 0.05414912065594938 0.022048044230110354 0.050336614476345916 0.060898482853742456 0.030091706548012843 0.006725096304113229 0.07296786762195502 0.03678902303229706 0.04961373933013518 0.042439471143715074 0.08440290434994781 0.05144519079838257
16 0.08163099518707385 0.047709480204845646 0.06505021807675884 0.0626009335610419 0.07493312291634224 0.015395633652683536 0.041942723960131455 0.06668190550670458 0.019123879047651587 0.054868029687592856 0.05580971840862796 0.07447166338425541 0.055715267945876175 0.052633890611694926 0.011888835410157764 0.08020271004842412 0.027661581218993647 0.023343386562902576 0.009161184790908754 0.07917483981733227
17 0.046719257105535456 0.020226391167655733 0.0688158004149418 0.04123657761979351 0.041820286131829115 0.023165727534791885 0.0799384568608275 0.001961362391235709 0.06242871092080158 0.09394973325109285 0.01592903010189142 0.10190754127270746 0.07175159711066624 0.033749534761326805 0.016174975987773916 0.05947292857788401 0.02563880103414259 0.062011299067263756 0.0717542938886537 0.06134769479918495
18 0.024386215090474322 0.0657217190122756 0.05962993125446147 0.0715051296139645 0.008022708881837223 0.050872901383475194 0.05355442128986137 0.0625508251849502 0.06546597892859116 0.018184082148377065 0.07809685963817047 0.010502489734608622 0.011229889447590003 0.08432289860376009 0.020480461843255658 0.07704215282312209 0.018760305943058386 0.08315030565352641 0.04919117527496879 0.08732954824967148
19 0.03200069911697624 0.10494143489288282 0.05104260149708746 0.005638266041830967 0.041512045117245634 0.10158111090433149 0.06374381681854228 0.09060120713962001 0.06330350791686237 0.04960548457121237 0.0808953163829893 0.02710697279911899 0.056594678617268544 0.07041717971276582 0.0026763485744466 0.013558859873845194 0.012158995868363665 0.02303008100396783 0.09570748269705528 0.013883910453587306
20 0.05224657179939489 0.06675494744910616 0.07221846754531819 0.012707129999354201 0.05083831594028825 0.04523713817481423 0.029003604065636377 0.019962184415023846 0.04494911228558165 0.01404811573451889 0.049336139106631906 0.08251675550264741 0.06869752927988729 0.03124343213214981 0.03536251815403267 0.08229521264154165 0.08188565422093018 0.0749340010194871 0.021726869545569634 0.06403630098808541
21 0.04596586301680485 0.03089857421742675 0.08365886664338515 0.05544385569224137 0.0694946074546884 0.027274537891699688 0.02287080193685296 0.040009608381055474 0.056868504939992584 0.06980636186902602 0.0032613884428993453 0.08874355015540056 0.0688269526583233 0.001070533105833672 0.07667479074541578 0.044737506259599484 0.07175056601624472 0.07946969937124714 0.01569736182982566 0.04747606937203686
22 0.04753320205050668 0.0522404523854425 0.07195233220820733 0.0568392497342372 0.04148665552190104 0.023355302715992118 0.03031092556964192 0.0012615772059762506 0.0759054099308787 0.02483152347077555 0.08039311978777428 0.06881850787298864 0.03403073420834337 0.002061319178519823 0.007134361070606405 0.06746394407887389 0.08446895816558089 0.0678299595036663 0.0763152841134198 0.08576718122666725
23 0.05833147734112303 0.02525516552412112 0.030541962477349107 0.02178587453447324 0.04435927473156728 0.062466073413203864 0.08004797173327069 0.03711884152000437 0.06776968108531893 0.07767491384397057 0.06924415605369692 0.009885695668853741 0.07534406688291466 0.05438273387181058 0.08571231349655646 0.01564994366529333 0.08787982655306853 0.05969086660167221 0.00455619962605523 0.03230296137567628
24 0.04586231723622929 0.047385497760054636 0.06516910686529304 0.08363437854247856 0.024038464648670536 0.03026352234243356 0.02157228508588073 0.042925565527526875 0.026503627907637706 0.023627603558164206 0.06882605812042689 0.02516288574642856 0.06416021754665158 0.07063893497173766 0.06446139787753785 0.07214261824080745 0.07208215376418275 0.06050584599781671 0.04982094562667927 0.04121657263336205
25 0.024458140037739752 0.028572863111481092 0.05312406179856504 0.046518872995836465 0.013792438923179247 0.06290419076936284 0.09209678428053401 0.026637251940311184 0.060389413544815106 0.09157096838127439 0.036720399474814744 0.03751510696348196 0.08584060359347748 0.01673417675402508 0.02587732025058498 0.06705438355861759 0.043778633191214014 0.032030474222500584 0.07695482127968029 0.0774290949285041
26 0.013324009675588073 0.04314383738753507 0.0127713390910359 0.042990519410422694 0.074711997969735 0.06740125072667487 0.023201163895208193 0.0434751709822061 0.00015525020742294108 0.08015003962343611 0.06048818537120797 0.0909715518710089 0.08004221810250811 0.05042942674827921 0.033475764408756534 0.05945849975836841 0.08206060816530057 0.07112430225236055 0.011135916513805386 0.05948894783913926
27 0.07477425752427551 0.05191482354627874 0.030473177005867186 0.0293693640963005 0.055577912687817185 0.08004025249290028 0.09654104366396794 0.008293959049200897 0.041885229237076306 0.040387696249111454 0.04253365246728228 0.0676048585900442 0.017754004672022195 0.04238660167711851 0.02399376941333265 0.1016826446066001 0.022464877565689115 0.03875783704079218 0.04932522605647894 0.08423881235784347
28 0.06278442451228194 0.05440259128379405 0.07154376896764876 0.006217136515947669 0.056157662441999434 0.09745330241018005 0.00818403813382184 0.05204509346128627 0.07250804938004288 0.07997405182501358 0.043677802137915646 0.0747265805835033 0.07491504720054121 0.05351266227792294 0.054246406767775486 0.0018742501799681294 0.04517129199111125 0.032596332845423716 0.008066177599370204 0.04994332948445166
29 0.0020266739078710224 0.05857950345495655 0.008049923609425868 0.06524736067144787 0.0780833103979162 0.025050175432560433 0.06290028723610556 0.07991507424045079 0.07749507166284265 0.05644481883031711 0.03999091610406584 0.0609773696208329 0.017986748332664483 0.08262111549483982 0.048595344916894476 0.05427066509359707 0.03801737364791658 0.02021811688755916 0.07744789909776428 0.04608225135997137
30 0.05369487219610571 0.09975953128007824 0.01590245922985222 0.08708469608323496 0.005546945180432115 0.031005865703397167 0.010249830777035849 0.04248608595660988 0.0648872631108965 0.011032004698626136 0.05960229230015324 0.09442107576058469 0.08996338960604272 0.07055374703084352 0.07619329177724588 0.05052682009909958 0.026157303544781584 0.02752182382033927 0.043889580626147735 0.03952112121849293
31 0.07036019020013314 0.02521295573127792 0.08672226450370232 0.030432120005773732 0.06431837729958978 0.06213340509944932 0.007002440602592386 0.08141752186946588 0.02061990748309056 0.08815423377063489 0.07413779112679822 0.04806350879349991 0.025940326157764582 0.04032276934341415 0.08579123037574879 0.016499874899442282 0.008177748099588185 0.04522263726558752 0.08774885420737374 0.03172184316507271
32 0.038897439262492006 0.04678569124968332 0.06675900835137322 0.11949627097963435 0.05160084116938621 0.050288050800702117 0.11131427397977305 0.003156697267914726 0.0017611942961989302 0.018154347490593425 0.07039089686006701 0.03371601917772022 0.045868977333724525 0.04451138579166778 0.013653363419544417 0.034865905904286947 0.029715595934699964 0.035786180173385036 0.09267796153734426 0.09059989901980829
33 0.052403995075821386 0.06423832306934582 0.026118822092299616 0.04124314564965128 0.049783871862718106 0.06678113457929023 0.009996753868544544 0.02386308980023734 0.03248069006747265 0.05096853632495817 0.07310462442324434 0.07210955958209507 0.05719434236181998 0.07920615503235898 0.06976293605896958 0.018396114616771993 0.05291635405728387 0.005746492218148362 0.07442906692619952 0.07925599233276924
34 0.04946682765700123 0.05379021208756278 0.06413737950679936 0.06711248129563839 0.009553471204694365 0.048326089674128075 0.0006998973988147865 0.017630406939986354 0.06548818843373579 0.03353995480996016 0.059201945454693955 0.0881930508188048 0.014790216882648607 0.024028329686041457 0.09108350088231326 0.05385938215030955 0.09058558393861002 0.09285474220656445 4.130151742071121e-06 0.0756542088199506
35 0.05408633083561576 0.01454741458710945 0.06749713232203637 0.008546603755199894 0.09309144233198414 0.02612752526216166 0.02788443675774465 0.06890534283061676 0.06672337318336563 0.04430973550256547 0.04727789630475635 0.07301181749796393 0.08453609756854884 0.01139721542324457 0.06159344419783972 0.0658329739282273 0.05112799092124647 0.08162876390062328 0.04972062002188583 0.002153842867263893
36 0.0882508367575265 0.03744923925368847 0.07006922630181762 0.06742016161183093 0.02735859367246371 0.05826125178810375 0.07703792612161715 0.08666351884377559 0.03365637634724689 0.07844295198150167 0.05863558939358342 0.08001923089349589 0.008539493967554195 0.06600576711992996 0.045584730724702045 0.04758643804177014 0.035085305067119675 0.007868579923009853 0.02431275596284567 0.0017520262264168287
37 0.009268076113050196 0.11142264018164443 0.10110837662751564 0.022615033217051037 0.060739782031515775 3.6881261263666146e-05 0.043141079012102825 0.08554666300852352 0.007137641565929223 0.028487823893590055 0.008217484989361258 0.0925414985641701 0.03790228664999841 0.005614267248732503 0.040694317273275396 0.04048999026425635 0.08082028030764106 0.055931867538032566 0.06025001298035998 0.10803399727198595
38 0.053820783614517184 0.01599412898103898 0.08238412131519983 0.03496510346674465 0.04706911858569593 0.046654789595558604 0.07442987380314608 0.010812163615506505 0.0573760489090662 0.05262175157990753 0.015418486283897723 0.06863479911267441 0.04909192434767534 0.03769654207017086 0.02704528872383688 0.07502534591815702 0.06150656958628999 0.07702555064021914 0.046834942885615655 0.0655926669650815
39 0.05021554885863698 0.004425107695572067 0.06791747223137683 0.013308678784246382 0.06940978741539841 0.039961500608682386 0.030521735916644657 0.01595231051970005 0.07838030218759162 0.07145383572334588 0.06531980240794691 0.05847413990429857 0.012560595041143938 0.07446546746225273 0.029248753686868027 0.07012398529700421 0.06830500421619638 0.026079090698294057 0.0775325934258608 0.07634428791893898
40 0.05354617201468762 0.023970380196970568 0.08372118735983679 0.018802741398594874 0.004764021695867837 0.02801991806957687 0.017267405765659466 0.08767911572095298 0.08078501269063501 0.0706407504247744 0.05085579316374354 0.056624096662948306 0.07362761857292195 0.07930792986996914 0.012417439230235122 0.06112857289572049 0.08659285933345896 0.01058416278631798 0.07791808938986142 0.02174673275726673
41 0.09262118650804935 0.03280556217650698 0.06890249802034946 0.026819379865109096 0.10376457393949329 0.026473768609225973 0.006637711068106804 0.0040900114345583235 0.08469077107663427 0.02030338850456138 0.10168193358654977 0.07697056288601382 0.009295082417157593 0.03596248988824287 0.047632567545141835 0.07259181420893934 0.07524582742027999 0.03813163305084409 0.06318497811766126 0.012194259676574256
42 0.04635524733078649 0.023914586219923695 0.06488036489654908 0.04615898587686869 0.03128863940999495 0.09580898146923819 0.10083535332000193 0.019626924003806764 0.037634885463963985 0.037417185024044335 0.01746574149897007 0.00687057103928009 0.0564260665927926 0.07396242698134255 0.07357422763843725 0.01913623535502879 0.07053298297479255 0.06916736193726601 0.06887401193595512 0.04006922103095677
43 0.07943484406125431 0.06217684097644422 0.04833086909081638 0.07538837160741627 0.050631426552083414 0.06622313166999513 0.027423015958946168 0.018162885819782783 0.020303440650725917 0.07922326412412181 0.06638961447483277 0.07016162941459897 0.06826953743893524 0.053308852234689605 0.025484819945704573 0.04265002561328726 0.029714986254939974 0.012598822898937401 0.060481190101743874 0.04364243111074375
44 0.04022874887873219 0.009593959649775581 0.07242128734983923 0.06154147390849821 0.07520522709208206 0.06649172893128698 0.07806700651155968 0.018965845435850788 0.015319557449879877 0.0671391263701961 0.07876495852541697 0.046786278857616506 0.012026812184951963 0.05352056153988934 0.019783731382008833 0.07906383531838843 0.046426492065763006 0.040563694116325974 0.07269142241994854 0.04539825201198964
45 0.09742552049625626 0.025251603042991448 0.09894002873190236 0.02475925110677251 0.04035723724011735 0.005140929696053515 0.007399823812623967 0.029111652259006464 0.07884841670631595 0.08676729933729653 0.09427032760850365 0.005115291151938643 0.0021773647991762 0.014033675131351557 0.1018267408119306 0.09428354634990532 0.06957209250152922 0.05462681027406799 0.05995510086538416 0.01013728807687654
46 0.13100903156530921 0.01081101997901257 0.02471159967697005 0.0009205510555621984 0.07214610621798902 0.03477237757872983 0.0376022089561458 0.09447762362841516 0.03654415733435075 0.062262026777002905 0.028976649080836123 0.031752609002654954 0.10585334753846717 0.11226936677321875 0.06971495633326012 0.03347903314991671 0.07259297048522126 0.00807851759037345 0.026327283176930092 0.005698564099633534
47 0.041642484301962435 0.024830094761302615 0.026040868152615 0.07055894525020845 0.04111539683509234 0.09390960691013991 0.07320388223430413 0.013131962126556818 0.018126974820127328 0.03168587887649492 0.10069362442489113 0.05088664260010211 0.05820242358178815 0.005831302478317439 0.07630059912895847 0.08679583338592255 0.010968457317132146 0.07096405690304596 0.028965315110923102 0.07614565080011504
48 0.07171070666347766 0.011812659483868159 0.06103753824188066 0.059140091547932934 0.03214901103241913 0.09252265195453445 0.05694105848449324 0.08017372822253241 0.03558893789697419 0.02445582705334616 0.0745987630691258 0.06706457846540362 0.048237067010828756 0.0765415269868984 0.031062716079536215 0.05318211692763742 0.020501064951905953 0.02378492989639749 0.003368373786687167 0.07612665224412031
49 0.039409928245606844 0.06918993812011798 0.09892392415950549 0.011396368620969339 0.05654606906357947 0.06922770244026408 0.00490501469702589 0.10034145438095102 0.06925964392128262 0.049211359055782875 0.06259620005809999 0.0011225893928535925 0.003472868556019894 0.041208209492605695 0.093796624591427 0.07388275018981562 0.09509646163648583 0.0023113810398416933 0.05622456217087976 0.0018769501668853136
50 0.04085726978718631 0.014050558882485872 0.019369692243990547 0.0647732674583207 0.047261432026405856 0.0029484758763621737 0.012523675785213321 0.07709806917889092 0.016725497534016705 0.09286567854609198 0.049181908541972165 0.05975791985917969 0.05336465566715828 0.09287090762829711 0.08358318055936557 0.06359302882253452 0.07866971645508293 0.08842696724750104 0.012283182301317842 0.029794915598626202
51 0.06182771947391114 0.08301153491647846 0.02970072036303106 0.0970892990755971 0.039803482356083664 0.08705469264995315 0.00230858174751851 0.035980207082424144 0.08696033058400347 0.06571829639978728 0.009113653449497244 0.039628080928147624 0.042150801509404 0.04939020848302878 0.05819453065159711 0.05604292460828135 0.015648705525755518 0.07358883320827231 0.017777017911595597 0.0490103790756326
52 0.04904248707877013 0.016422757566094258 0.05353890646831094 0.036430437460409824 0.07253822163820814 0.02773185524695079 0.053630790113037244 0.025301122057704073 0.07197321338170451 0.03270583371692524 0.05772096893625268 0.045050996122732695 0.008959360891818813 0.053359169613248665 0.08111438200025799 0.07377370316463136 0.051561162544005765 0.05871882553785151 0.04940257658708774 0.08102322987399768
53 0.07817480146473753 0.02181458510246466 0.0005786286330131383 0.0322228800620418 0.08662312691380906 0.005078067318032303 0.05001148438502182 0.018216904428320815 0.0402714422638424 0.06778588261875552 0.0851940135671175 0.10419608420073438 0.10029040623154428 0.10326685164139424 0.06534333474538631 0.06916452273863472 0.010712356369999145 0.00776614020962542 0.04566338660998571 0.007625100495539261
54 0.08284785164431255 0.00039156681810355434 0.0459124864234318 0.08229861014469779 0.07051289367030322 0.0735743647787407 0.034457747440224305 0.05036474330996542 0.08184364256852585 0.04630054486409889 0.04686494137634382 0.04693732755535428 0.04467917830173431 0.05137921013637832 0.04475659061529743 0.06890742963829354 0.04191238542998077 0.04230429123749195 0.028470149661917025 0.015284044384804409
55 0.05574901128864227 0.03770006033811903 0.07655696256312819 0.08385163658209267 0.038693813334201986 0.07291044086519746 0.026648870793519207 0.032693001396786006 0.0572253686118848 0.058623818084851106 0.07944413731097837 0.07693758322937727 0.07708747169656845 0.023052509122115043 0.016264936911629026 0.01743802629339524 0.08317510977461615 0.05212598394876449 0.00922437841575023 0.02459687943838287
56 0.0570471963735366 0.062308307867451784 0.022543413829673523 0.02121702726932763 0.048658284056488504 0.04571824074534703 0.07630984424371384 0.06735719742819096 0.06724867628484037 0.05399551231026596 0.031999757756604755 0.03876316715928896 0.07663905981595825 0.06006158771251761 0.0631838472401162 0.026053901775981138 0.019859661604391343 0.045074133313758605 0.06880362697329907 0.04715755623924785
57 0.0442988016452425 0.004754435778161089 0.0745179862097062 0.09327074826341074 0.0910449564052093 0.03282372079960413 0.008688283920765478 0.06390825127919096 0.053945168924542986 0.022474634143781803 0.009292491946022614 0.07596385728352771 0.10765151039517569 0.026449274496587162 0.03232002720295192 0.06650804234268536 0.0561388990895597 0.05839378411776953 0.04928431178957619 0.02827081396652888
58 0.016107699063198807 0.0799761396482701 0.08731397767106536 0.0697305343703465 0.07617626006293357 0.05218186224710115 0.025982836882565117 0.07027060215192056 0.029076176988545456 0.058540338194349825 0.07074813049486658 0.0414307051563484 0.04113877881088783 0.016871098962742786 0.020172895390940235 0.06489069758538463 0.021059121290167702 0.07309589512411903 0.06767133646467575 0.017564913439570503
59 0.061468027154035224 0.027609548738841142 0.08404743091041406 0.04428530052712915 0.07083919918863679 0.05530624390024197 0.002553819693053029 0.08541550934043399 0.07504210970496959 0.06456766807665221 0.07861002123996706 0.004332002625528144 0.0075684813709999636 0.01082068489235623 0.03675273092460313 0.08363631522327844 0.02102534139629114 0.0512619881932952 0.07025092874770399 0.06460664815156951
60 0.001896991428548156 0.05676606620086053 0.02806541476110664 0.02184612416363038 0.047912767389416765 0.08758902215049896 0.059882386111412826 0.08144095539991489 0.009546066046411773 0.02884168471019074 0.08967173614863541 0.06427842676298955 0.0734121868685647 0.06914656911653172 0.06712185109413882 0.03107543809522199 0.047734290403109496 0.08512827091651247 0.01633912997084345 0.03230462226146075
61 0.056240116875157294 0.09355717676300586 0.09514127608196045 0.08547797277362341 0.004789174283944254 0.04176371177803875 0.01804889255971841 0.09769523756244221 0.07780451387837936 0.0044624018654863045 0.005414507206136514 0.035553971786173255 0.05545225462240908 0.04457361485794989 0.08628549075021352 0.03925181921801949 0.09549836565148118 0.0013158274930072087 0.029309798622500306 0.032363875370353255
62 0.07137667046374017 0.01671485940882636 0.05476569681807913 0.06729389810740292 0.02484727419816355 0.09632803470028412 0.058745037312534484 0.06841704551752066 0.023347322554775212 0.017285082889577936 0.015511305974349703 0.01832400336723276 0.07719488982697313 0.02101631653214664 0.028536394916663738 0.061903332328335406 0.08182632776610903 0.08697744078376698 0.0850353698094395 0.02455369672407856
63 0.08709150882685465 0.037921880128848756 0.01283475007433501 0.09195448112409063 0.062104634468223986 0.08569392981898527 0.015209679970755657 0.008543838364301759 0.07036933577238028 0.06234021872390918 0.024853929708379113 0.03855425277241239 0.054565097552462825 0.062283464374367145 0.04443392042684342 0.0560288818988962 0.02280674152533918 0.03091641783863618 0.10416240075917116 0.027330635870807106
64 0.03196618040229874 0.03887799600981388 0.05126356500152817 0.021198787542836085 0.06961959065058874 0.08696603916972624 0.04511320924174278 0.10185708713245371 0.0013850518137103506 0.09103746944162652 0.04524733683238236 0.09612228100421305 0.029341294990421256 0.03359866325642265 0.01836576909622 0.08216405662036717 0.09401869256495066 0.008452414715024396 0.001227207997653119 0.052177306516020046
65 0.08272867210783398 0.017896627194101313 0.09134705567310263 0.022116116367056838 0.07879499870177203 0.05813586549682301 0.017461635268976376 0.009836934834307422 0.08496244658712981 0.0175639394397577 0.016354095991541678 0.06166310194800673 0.07593439343814448 0.04219554461174275 0.07808349208391453 0.047419649314413254 0.051264426730717544 0.08933538276647317 0.012904392730302023 0.04400122871388293
66 0.04626818785102213 0.03872424953253021 0.0922813325229458 0.0001876714965998321 0.03193077858976317 0.09428281596887894 0.08251305182418772 0.07277704964183566 0.10646294428195188 0.05144156021157875 0.012503307648230159 0.0898317127173306 0.010188321977819105 0.04530533852670313 0.033151458790519714 0.0048307325441854475 0.01677486749347911 0.06576066955306167 0.03660533157834693 0.06817861724903017
67 0.03834369837003314 0.0047627161820575714 0.09302974026269437 0.0835215128905813 0.06082928146324848 0.03945325963717455 0.04250290686511259 0.04302170982973358 0.09589583914690478 0.10290550258671098 0.018959906655211446 0.02814775152603819 0.024714186564226116 0.0066355534377897435 0.06954167138804003 0.032462886906507206 0.07656183872935976 0.09251513791366262 0.03929644602605938 0.006898453618854216
68 0.07714947001257702 0.004175241427983449 0.061511834530174996 0.03002161460407239 0.06501564783681608 0.10999719271678358 0.06580008757836518 0.027824026516680412 0.012472791429005056 0.08445705644649401 0.009833204819878162 0.011565781893799754 0.004669531541750357 0.05988959812490649 0.10785775488108316 0.0805766591403639 0.04947092779496511 0.08143373756508378 0.049236211210263794 0.007041629928953091
69 0.0888002523714989 0.07178528422567196 0.06632567364537223 0.000686485002094497 0.03944106410635914 0.04033094904130701 0.015025440989216677 0.03693488910264619 0.08337996284663028 0.015983747666959657 0.027257208392744647 0.13966729153745247 0.024064931535816406 0.055523401059448925 0.11242419659571201 0.023461872714559316 0.04696682368787353 0.02005541654297891 0.08898373007909714 0.002901378856560137
70 0.007344224424298586 0.00012298215994498718 0.06376379174905983 0.05015579005606962 0.02146687191340987 0.08655440664071849 0.05103643351307884 0.07779074482751222 0.06975218288530695 0.03409130280829746 0.07539460655304975 0.050919045928554535 0.02710166997599799 0.0870613153097456 0.055736460392534166 0.08092948760907814 0.020601839863135966 0.03196421191177385 0.07582056124799928 0.03239207023043402
71 0.014552860905263492 0.05511789318392371 0.09648628389259922 0.07050471894634118 0.08448384720729403 0.020503720972664823 0.025725747389410143 0.02424003329975997 0.0933479229230015 0.08961411594131814 0.002221190737140245 0.03862869740547692 0.08185685681295593 0.07112837191313824 0.014985765385205843 0.02948419596106763 0.0756271109197585 0.02150113933576568 0.06778508290290408 0.022204443965010666
72 0.07762622690615346 0.006505471664364819 0.03641672586215175 0.046862187332451656 0.003215844055138254 0.01967339346628073 0.0842419575982285 0.06936259387098924 0.0628306291799407 0.04206061416696451 0.052147235700008815 0.01878936383695597 0.0812352366882878 0.08249720432314904 0.06995386188750669 0.0588875128625793 0.07656516322042548 0.03647297351141243 0.008443837398000935 0.0662119664690099
73 0.007819119951475367 0.10472144096144367 0.008498605356343924 0.013169198679363192 0.059195697868346435 0.11045678351127745 0.0013542762824915997 0.06370751439296854 0.11365991253349793 0.04371441755597145 0.04880977546431112 0.03785055516908263 0.007472020706195309 0.04641826618899872 0.11337809691867719 0.052003751796421194 0.04446059840291267 0.00275137261152208 0.04597140119519537 0.07458719445350431
74 0.06686517970448295 0.015739725009302995 0.04142959154146244 0.023480196241407857 0.024319106336736715 0.09925648958565098 0.1094008670137436 0.024794069939941914 0.07306614744659697 0.05928673940958149 0.029002465633156504 0.09001538554336332 0.0005206717121853553 0.06670286094412384 0.09810252191579641 0.058390892457626964 0.0030417698774396294 0.06181530170314911 0.001720591952497862 0.053049426031753145
75 0.05481815126594042 0.003819081435218544 0.05823844883123947 0.016410597595113405 0.08070324138854904 0.11910930850661794 0.037232374641150034 0.03985109271344059 0.01884239469702103 0.051614318768557065 0.045710833408488694 0.11251094939209016 0.03137803151223103 0.034630097643756394 0.023913187626541897 0.006745908709038679 0.10844378525153124 0.04212710639705672 0.10864861270289956 0.005252477513518124
76 0.07447994742109122 0.062487089483981004 0.024599670552470886 0.06948513596222872 0.045044159987688126 0.01514328087881498 0.03896784615280268 0.07784885159172794 0.07914552966448202 0.022041946368432888 0.046935928451999634 0.07780361618055906 0.025483312853517806 0.03937460171866838 0.06553050001627041 0.06955026243617 0.0281550086149739 0.02220764612712403 0.050673670647411836 0.0650419948895845
77 0.03512128934439234 0.01265596008184961 0.0058344451214043325 0.10024357937861375 0.130586244033159 0.07227056998015992 0.001957791018631461 0.03769271887046535 0.015919643595143983 0.01319620740714968 0.03880155362929615 0.13382618709550584 0.09604754089367674 0.1276882657002196 0.012497203488746918 0.029611633284788212 0.035602128849474626 0.0363743609098193 0.04429296227514651 0.019779715042356715
78 0.03959199868452782 0.06364864761045712 0.03335070689581421 0.07344339607737504 0.02618187309800076 0.02392099440125023 0.030712134834831605 0.019816078361640205 0.08198989642209017 0.006594543829610398 0.035535073277423355 0.10316192117904296 0.03886358236141977 0.02818994009199419 0.05767734711250106 0.08773649205681092 0.02454291236201444 0.09986883487109571 0.022672536794244868 0.10250108967785537
79 0.03579566600004084 0.0639271793030967 0.044432137609558775 0.03992994353407148 0.08058038686604119 0.08219098553887669 0.03909505606854485 0.02662008636339585 0.018424746670716943 0.10033299431868578 0.008177969944468497 0.024065869391400187 0.03421161073852042 0.0814290351428378 0.06934173306457916 0.008707227014010537 0.08280182008378746 0.01311630953621662 0.09251553994455654 0.05430370286659361
80 0.026412570568768026 0.01712788173813008 0.03134537892734949 0.035780713651429395 0.04255220203399687 0.03400187834841857 0.06655581035202818 0.04871711796836409 0.00342280749111841 0.07434385926609514 0.09756562052733679 0.08790626385675715 0.009441902776136863 0.05534864177125126 0.04382009795996461 0.103366153766942 0.05045935877652224 0.09309732627318139 0.0336138536678696 0.04512056027833975
81 0.11441442438146544 0.031485950594686826 0.01045382723829673 0.007974599538127573 0.03671691846926779 0.03653942532551618 0.04096117625384771 0.012825201707927116 0.031499580598025115 0.01487688881492253 0.1075690213812694 0.002379828393790067 0.05445596781517934 0.09961910294212188 0.08871208031009542 0.08010218774761606 0.04141962878910469 0.07957974116109309 0.04097426994211197 0.06744017859553493
82 0.0876761617507696 0.08409342863347698 0.03879102359804027 0.0692603731269693 0.06522235650814202 0.026149518244168977 0.023869338798075134 0.02529568573716267 0.025397535345632483 0.007845790749063684 0.04930713331892164 0.07641875320660782 0.05088203406004447 0.0016695868296473391 0.04389250752820105 0.0834180185703741 0.0812117688381638 0.06158127302053838 0.07279006688901321 0.025227645246986938
83 0.0955462182749178 0.03647332689536906 0.008434323902299002 0.06662629909687498 0.05112719267375643 0.00959690645489109 0.005208334950974521 0.0326398674319862 0.0734041156816243 0.020726877197679277 0.05924840257841715 0.08915878247305473 0.007096185578150979 0.08597620518077434 0.007589050022476116 0.09068406632382951 0.048061968821413815 0.07239854965450285 0.06538925202440339 0.0746140747826044
84 0.06204061484683414 0.08994300502022372 0.059765199632024396 0.07299734450144052 0.09238251773844013 0.07904915879460943 0.034092540742853214 0.006825143975171918 0.07996853733526861 0.06800461525461748 0.011854574451268671 0.02171489718307465 0.06053334591891382 0.006337992587789939 0.021435985546987998 0.04930680352730804 0.058080296116980706 0.08764272687236795 0.028419331859419552 0.009605368094405256
85 0.07664510107768938 0.04690099841957174 0.05812310865540913 0.010443046347366383 0.03934146610305554 0.06825356518324978 0.058375519425108414 0.048409205782354046 0.08332439483178176 0.08752895531706864 0.0451863127379918 0.016862157943888137 0.07932848600957972 0.012042105364232393 0.06162665224668875 0.06800968533125944 0.039742464209880785 0.01972233782117377 0.036718580116490485 0.04341585707616002
86 0.07684889333789431 0.003010824891038679 0.008748029025089647 0.09565538627491274 0.0015744701827082655 0.021967615845633934 0.03217778575142567 0.059508509345376624 0.09028384375376648 0.04731800573353707 0.03986905021902595 0.09274643357487022 0.016412206246910036 0.03275266646594461 0.0352131966904971 0.05629942079503194 0.08981571979068205 0.08106764201855804 0.08368503585754673 0.035045264199549814
87 0.030863114077699 0.02735330011034343 0.0028961160935184146 0.035500438331233564 0.08282605292738464 0.03433343042169528 0.07650471947268388 0.07499457034569677 0.02807328867501806 0.08075889161259706 0.03917789822951748 0.06295752073018725 0.09266137704511083 0.062462920240129984 0.03536131275086999 0.054426731654277666 0.05030360257518802 0.05138514737613169 0.05750037819595893 0.01965918913475806
88 0.06131317597126271 0.03596336590681011 0.01871216494587529 0.08138205271901909 0.020315960530369638 0.007034026547177057 0.0027286236058230704 0.06820869941104002 0.11010770472674088 0.04253747447541053 0.008849521824437004 0.06199793455425632 0.0919409796651917 0.025144719557181467 0.04566603202714691 0.054361575032297486 0.07816303439849896 0.06372749166207464 0.0702813746873068 0.051564087752080365
89 0.07584305068099606 0.03693241423385004 0.03730723552566292 0.06780171172763648 0.07629471767977102 0.04944136278699058 0.05036900284290784 0.05200399639718798 0.03929865248570981 0.03934095269155694 0.03192534809497397 0.05764161618164453 0.05325011085600178 0.061766580275598115 0.06537530058249164 0.0773801210633622 0.06532067596171998 0.02496450893822988 0.029428874657851725 0.008313766335856449
90 0.0023646011452410636 0.10989670708642811 0.04949190859464121 0.08574422649481711 0.015271152075991399 0.10913544255940115 0.03234840926775051 0.009108360020799008 0.013244174697313872 0.10911994866456877 0.04240133322887542 0.03538223165251188 0.0012035784027362214 0.016849802011069892 0.04458806011322588 0.12763274491971818 0.020935767965649756 0.07926329253583884 0.07311701359858726 0.022901244964834373
91 0.08089127281470239 0.06382529939501999 0.0596585026909156 0.08418931260737884 0.07778193607321111 0.07113154658298754 0.04470748272465727 0.003468750117932545 0.0814710625722794 0.0014847296517663268 0.030414568411232204 0.020400827116004144 0.05069738595629522 0.05652435285762455 0.008578803004534357 0.06293775455995546 0.07342528850654387 0.05921187632472073 0.043853839092332064 0.02534540893990643
92 0.008812311484168896 0.06950119910277999 0.023336944519173706 0.079079702285312 0.03050600150432923 0.06357234055225806 0.011938559321639097 0.05790349849563516 0.08737158284603802 0.07811809001160153 0.004218932377979008 0.04739444593968644 0.016458857141413655 0.06348884634082544 0.06657384697946053 0.06922948130722102 0.06795921226867835 0.029066368667535303 0.056643823448105576 0.06882595540615884
93 0.0296288050827683 0.011997815487994258 0.07610017345307425 0.0276530012279206 0.005820903033694028 0.019215018596825253 0.05147946346524801 0.07514948060969104 0.01358624820746581 0.0728574548304672 0.007391683059079612 0.08548851570627729 0.06247220918268994 0.06995030215935072 0.06214553450740005 0.07482988105010194 0.042825798835678046 0.05418674313186404 0.07457724480536712 0.08264372356704261
94 0.0039468234861683785 0.12219131606342486 0.036760808361976254 0.09768542849309945 0.05375831798615223 0.007593074467923637 0.11235987386302963 0.0779555825000009 0.07610188639310014 0.018958262864127245 0.1357866928695069 0.007552644845053977 0.002592168469994489 0.012682620281678728 0.041163189107789246 0.0915081616404821 0.003948762369462541 0.05086949404656506 0.005446126339997238 0.041138765550466874
95 0.018290625397263283 0.07186559217910972 0.07367069054857273 0.03566443601491092 0.012016155663113332 0.06163900546621175 0.06051300569841143 0.0021670865476973054 0.062040940052173324 0.07362479478733272 0.06694260917436463 0.05115556849529616 0.008957442724275072 0.0651781451009785 0.06537362787957972 0.05880906651381638 0.0060014908881794405 0.06969338888290437 0.06238001347153152 0.07401631451427781
96 0.06986440337566603 0.023492632306202584 0.056960168638364096 0.0010528930675581232 0.044141636397034445 0.04334090941769696 0.02937134537762634 0.0845499917414284 0.028388717394772525 0.07481910929906055 0.06831602802602105 0.05750754374759705 0.007274877557913592 0.05753722905256483 0.0594109927926338 0.065513770298187 0.006209588453479604 0.08596953220808383 0.08220418091072909 0.05407444993738013
