0 0.04946282251149274 0.04120753027913781 0.08036197051515667 0.052692743505282455 0.03357167657590463 0.0564976626014054 0.005393395210651238 0.044750006317809274 0.0715865360961 0.05869828690207595 0.08805214623942054 0.016821580476485406 0.08798982142349701 0.03507359499929577 0.07421589645220233 0.02383359428922756 0.09359788023955094 0.023027788007918656 0.057648915127302004 0.005516152230083673
1 0.04619480803553307 0.06025608260181362 0.04103675699283324 0.07088035598281797 0.06343076803816601 0.07952072424686264 0.08821077154471815 0.08867765408959426 0.02393290159244202 0.004458203242994142 0.01971991301109078 0.08467528407240141 0.04895741650342811 0.037337931628299764 0.02414903225369238 0.05762683890518819 0.0329497640506793 0.07455930632348759 0.03323575484675945 0.020189732037197917
2 0.016130180094668756 0.030778355075130222 0.05598101972647905 0.10721243740150473 0.03473508426331495 0.018502787039468536 0.09717552043149749 0.10526258415097836 0.04983843105778108 0.04829440274859847 0.0011599538670002837 0.01278982279443541 0.037763921325312186 0.02130880274206362 0.08961624298945396 0.01862569225847402 0.06796420208532679 0.06945140105351609 0.08524306974812733 0.03216608914686873
3 0.06408656396165163 0.08298317819495775 0.07150882851131103 0.06923885145118515 0.007347533007953372 0.03273330812549787 0.0640121576277845 0.02302478192112087 0.0514766316852317 0.07596611733632942 0.0027074103129636736 0.07820290872643643 0.03529674849081286 0.07701509372820911 0.011493315472058925 0.055574633235735395 0.062347774944511394 0.014820127539018913 0.061693905583518234 0.05847013014371164
4 0.07283301698378265 0.03143627389800588 0.05370531618508634 0.06273945760805043 0.02536057286385761 0.06648986118182154 0.024363530198460253 0.04860630209752656 0.09054374976862728 0.03695052669989096 0.05299206869587354 0.02406922072500587 0.0030464998504060375 0.0735801079361454 0.06960673156068528 0.08923502277617017 0.03099947022060108 0.06634837346378643 0.03415566033913869 0.042938236947077955
5 0.031004870141535145 0.0653963138090375 0.05813615218584935 0.05619338965242211 0.05538625632248875 0.05711351134501741 0.07658439378595143 0.052910594735871806 0.03949941448791657 0.04087897101604463 0.04289309128672759 0.01637424667261328 0.07761890475576258 0.06206289175436881 0.006643919261393791 0.06170280069840241 0.052515294091453384 0.008814648105176811 0.07159898759490817 0.06667134829705837
6 0.06973188774794059 0.01912077311784821 0.07471068503893144 0.0580813307198678 0.00844075342470287 0.08578798843975906 0.08499820768650047 0.07231473414620328 0.05918663523729292 0.030670624652223914 0.0037686442793398844 0.0493781151830805 0.07282232741697899 0.015035904909290096 0.051727919447203376 0.0673255594983563 0.03723041603492627 0.020464499032802362 0.07602749393374666 0.04317550005300521
7 0.026412988845671392 0.027184617563202354 0.07806770963725924 0.001521776138521205 0.06431688725949816 0.06781358110143566 0.10585617674951887 0.10959712057654454 0.02494158140474028 0.02432802554406775 0.0766171729843418 0.04818313785256068 0.0078829042942909 0.0442121115764126 0.0010581744627571447 0.045082969661117495 0.054480941949656615 0.09252106369892846 0.09186703613976711 0.00805402255970778
8 0.08781687012198905 0.06333647421151312 0.01017961537494541 0.027338303890208332 0.07425182454449226 0.0832530497456633 0.08206709813492209 0.05896275583853634 0.06594051517263001 0.014745492679609897 0.06152856055527897 0.054018063841131635 0.03204687706288882 0.0283750174083973 0.029151888390642155 0.03493434697118592 0.013513314893086069 0.07468563139592947 0.09512819516273875 0.008726104604211141
9 0.08250987792793961 0.038688649871756214 0.020042176133748618 0.04912217424024251 0.05475033749414823 0.08700608619450281 0.0006182532443533718 0.08712230944799862 0.0523823621619939 0.08759312001946283 0.05419576640064529 0.020768728465662918 0.04979203410408796 0.07621462554257934 0.030866845921275678 0.05674064705132625 0.03658908267520615 0.010846720360214984 0.04331506870792889 0.0608351340349258
10 0.07630579048341671 0.07864619980704629 0.019389087165993513 0.06257716171948416 0.04696156807553859 0.07877710725741706 0.07294713116061816 0.05001057383262196 0.038169926298001186 0.06049550604363375 0.057196661052656854 0.003541804678966302 0.06328280254663794 0.05088019722833162 0.05196381370112205 0.06983779308269032 0.046321607719755645 0.04918791041306888 0.011212011790409586 0.012295345942589428
11 0.02882493458538783 0.03988907673007125 0.11068237344609602 0.00795091864600833 0.0034378455132548814 0.01007966236926421 0.034959355257407794 0.09660016200701786 0.0101584402552475 0.07392100471028501 0.013424739415831319 0.046195711922476075 0.10836248273703472 0.06769134604887131 0.0493339745583916 0.09739281167803192 0.02622534575879456 0.07209310300815099 0.019797731564473176 0.08297897978790364
12 0.09750745314421977 0.03224684177191081 0.050400363879127295 0.01812944468599242 0.07673775011455293 0.020334356690964308 0.06614682648505685 0.02452430902416581 0.0029504909618680896 0.07034383965939042 0.031236610440579394 0.040740834028965264 0.0899803836838448 0.008936197814460256 0.06693375009092706 0.11964762985994778 0.013098962890392665 0.09758495298978959 0.028478548968195353 0.04404045281564906
13 0.03433966680045516 0.05123770712766823 0.018696943255819873 0.08255100914045693 0.029668778844235365 0.09014153294930223 0.06502731390232448 0.05467510710939384 0.033824032763568664 0.07493237080389326 0.07560621994793369 0.009731540874586038 0.00984029486179345 0.010287644892916507 0.08504834588074725 0.05021697141423514 0.0915318551171544 0.07256588401560929 0.024444335943960456 0.035632444353945865
14 0.003836220237702227 0.04684913506756976 0.08669646263070703 0.033469909742319434 0.06296034283364618 0.019249509544470415 0.07299991566566107 0.03550164967272549 0.04234418206747959 0.04380140983842484 0.033325350044523486 0.045276730409201174 0.05434472074749993 0.09173929509086827 0.08234250709507011 0.03468830370093641 0.07766895966891521 0.025179902979962466 0.016458345409969682 0.09126714755234704
15 0.04905349309609095 0.018611699303280358 0.056595733231362785 0.005414559118100281 0.07676217377020236 0.06280587926211498 0.0019344961724983242 0.052100812010617184 0.06140409176851065 0.03253669036463196 0.0626798838921383 0.08575226279889032 0.05870971905250416 0.06578331827559994 0.06695810214433881 0.06469470312201625 0.007447574470511225 0.04448554912125739 0.08477698788249972 0.04149227114283418
16 0.05198735279738474 0.0430958516768038 0.04397054928567781 0.013019560854138548 0.02037276267634903 0.06970311746150469 0.01987686962659757 0.012225851362516808 1.5169393632920572e-05 0.0836643818986777 0.08932204930790572 0.061306378181783326 0.09530282859220543 0.010074820864166568 0.10520614371210009 0.0499605532394653 0.04880488761763728 0.06112811753058915 0.01833770585014689 0.10262504807071672
17 0.007873224268216832 0.08228311323190805 0.07665834023273677 0.011721861123848014 0.08379919969713524 0.05924784572155518 0.02743192445431536 0.01904816947349683 0.03327157611589249 0.07223312356709942 0.04203754397429705 0.03671469649838002 0.06985471685753238 0.0775278549521264 0.02431529668996145 0.05357679424974352 0.01929876120860084 0.04574724061958193 0.06736979294539057 0.08998892411818168
18 0.03950935868240469 0.07113652884212435 0.01745894585842582 0.029179200963650544 0.06396769142605307 0.07749534678099822 0.08098347018862949 0.08419460597210762 0.06384383209325262 0.020006259235588235 0.07490009185824831 0.04380141809586407 0.01613503536456781 0.06033724504757632 0.0872310611673937 0.06482486760892556 0.013755142189783567 0.005148347380994102 0.015561220412695457 0.0705303308307164
19 0.09491689933094317 0.05738943154244229 0.025579187202869162 0.0179670892852794 0.031525793850675846 0.06404387689918856 0.026661356319728796 0.012838344042020253 0.09606970569881879 0.029174621512254206 0.03769544500862676 0.0052286100434801395 0.032162570191713966 0.04324681133547797 0.09098650565106636 0.05933465169589355 0.027066208725434873 0.09451088343784511 0.09401995976460938 0.05958204846163136
20 0.04346165270259203 0.09468964776079568 0.03375725338073935 0.09320543781624847 0.03577367658845687 0.02636445981578926 0.0861197515207287 0.031132263968744387 0.028983090597037166 0.07818643606547848 0.0494585490108064 0.07602281128825514 0.02773875476979318 0.015204026635981277 0.0669341534165235 0.04481566496678611 0.060841465459338405 0.016808271129222476 0.052430091599486923 0.03807254150719638
21 0.08453287619613041 0.029729340129510926 0.055723104650624945 0.06394948344896284 0.008396845096032038 0.0001634811063313164 0.08707451905007432 0.08502922532354568 0.007246763335279602 0.01724480297451166 0.005815239124908587 0.06741816005713124 0.000498121789923113 0.07533155206878342 0.09500263326105735 0.07528498992538055 0.07613873392857665 0.0453828013249099 0.03732370546364432 0.08271362174468117
22 0.08002428360253305 0.06344202115365839 0.062403384938363574 0.04160770442631288 0.08250490265221198 0.05072362678888364 0.04624232963461775 0.028552066741138662 0.013099188000559253 0.059714382899827924 0.003330095318697981 0.07739129373873307 0.054856018302896284 0.05216218397425658 0.03192775173279492 0.07624864203990252 0.05068034293482398 0.011274637966380284 0.07928537332074431 0.03452976983266284
23 0.043212077397629674 0.047517492347949934 0.009219207406567204 0.02070312006337171 0.10971386583769484 0.05199538389042432 0.07056520772077246 0.1003764431819511 0.028344240529598823 0.046321724817925666 0.030223091081412773 0.012649549160989513 0.026670766164366137 0.10782008415841415 0.017034981076928593 0.09177110455154833 0.062194448246621584 0.08940107228286048 0.02136702545792166 0.012899114625050796
24 0.08652570523115197 0.03528234831848167 0.09084582654767291 0.07322861533150801 0.08554969709003361 0.017776374578048464 0.03312814317911688 0.036774133609635856 0.0432198598920342 0.012386631541830409 0.011835982237699308 0.03790436948835889 0.0682949978194394 0.01718189249311237 0.00929662605282856 0.07664947279550909 0.04923061332801805 0.08451435324981177 0.07125374814628678 0.059120609069421834
25 0.043284775158168615 0.041717738170942695 0.06214646876985327 0.011964273781635535 0.09678509578064726 0.03347535329705664 0.02748692510091386 0.02977201023184476 0.10283522153842421 0.0959680719210083 0.061686450288519774 0.07392508820191344 0.11524176839309803 0.02371079960959866 0.037065236742616955 0.02705537486198796 0.012797459824720879 0.003937362039970252 0.06205313799439597 0.037091388292682784
26 0.004401602607175796 0.04750618377500518 0.08860742228278665 0.04089256455941435 0.11671078163643725 0.019071806346284817 0.0337775967472339 0.007950621204072802 0.03471853859846086 0.0644173198283073 0.012009053000544249 0.019507585820731643 0.0954087225257705 0.012391342183723918 0.04881575049870265 0.05858340483217334 0.07198356086822338 0.08643253934950722 0.11536983544335601 0.02144376789208818
27 0.04152688896215896 0.07165672932861644 0.015701225297200593 0.07101799152329732 0.05083922745780846 0.015644604269987615 0.04325735543726143 0.05671903667667205 0.06336117489048733 0.006474233557269626 0.07909896430043446 0.0464653832374641 0.06192299817314221 0.08476763273538276 0.011336555145013917 0.08767943378459818 0.013767617702096923 0.06623876515060662 0.024780835575832716 0.08774334679466811
28 0.017444792911860824 0.0747110840535805 0.0030868700428294186 0.00618307978034455 0.005289381833104378 0.07675173247751475 0.05672430498623102 0.023424865043702878 0.007733970574687995 0.020821156827394043 0.03353438810102162 0.12675749927795713 0.00428439712778624 0.023609463973005347 0.09985522015116592 0.13915605871833767 0.006097465323540816 0.017245142151337 0.12505348095726382 0.1322356456873341
29 0.042002802332003465 0.07479122543204154 0.03873879987197148 0.06272142858349795 0.04985345112353186 0.022731296821888243 0.0664590798103143 0.031659922320909514 0.10050910093512148 0.05152012256123336 0.03612683740320735 0.009706744677246137 0.11700531465399672 0.11491046159541729 0.06598374511259694 0.0025153429034559817 0.08373823101235855 0.0036260359524075214 0.012243346603498165 0.013156710293302192
30 7.54711387837235e-05 0.13960384706079906 0.018088522806774653 0.02658770647510623 0.0496673470170169 0.015208083357568658 0.11460998880362452 0.04814653414495353 0.04897933332371937 0.0922585116090041 0.06356700179544475 0.006486713024226378 0.06169176078296686 0.02302488710856104 0.001600138850351288 0.05176798962392603 0.14786854100907385 0.06235897669323221 0.011405355058635214 0.017003290316232024
31 0.034942095105556514 0.030229091779583057 0.024563506796283153 0.04535836166971023 0.061359392727870575 0.08051144186455544 0.08316756500640336 0.015164264007171975 0.056346675147929785 0.023552736365501738 0.11018714104043113 0.07645749878248426 0.01094814036207663 0.06390213853132173 0.0034833526270456497 0.04715543321431451 0.07065462836355813 0.06961533692056415 0.05475441989720118 0.03764677979043679
32 0.04869391162063487 0.012519282244789195 0.0046710449560485885 0.08406174722680308 0.018361911577364495 0.010556629564960044 0.07558163580784845 0.07373269522945108 0.06962497423511782 0.0890859248703807 0.09151334941016585 0.027365142284783206 0.02831573332866526 0.05588832774328591 0.05249573371385555 0.03944336020061651 0.0036968815942669715 0.08707918457138114 0.04419270366060242 0.08311982615897884
33 0.014032014295461555 0.06550574184957017 0.0013965556300185515 0.057829807922751615 0.023178725112671095 0.08381907194555901 0.04323396044416433 0.08523447065596781 0.08042572871192807 0.08259572422140472 0.06792903592374781 0.024572962578221707 0.04886068400071487 0.03297086887176157 0.0558791101749218 0.06950315117474438 0.08457742669992346 0.03685249542415151 0.015098589383923394 0.02650387497839216
34 0.029959913348261702 0.027049126061185442 0.003931780426575518 0.06276896801962815 0.023993418769928106 0.0791916610640833 0.03895722482714154 0.07806805059112777 0.06600249601068757 0.02385959566208057 0.07201825916851673 0.06721105940241116 0.044826417501487796 0.061681429303306 0.06375309735256961 0.036851158262331894 0.06854349277952267 0.04426728288007546 0.08052366567168422 0.026541902897394744
35 0.07299628989729891 0.021506247993566385 0.0075761299741032755 0.05077688622989597 0.018771442887711137 0.06514821108912096 0.10246638345384944 0.049343045610327554 0.0452812900769071 0.10785726097001114 0.03171957536001346 0.08797749586059217 0.0850956457760013 0.03801086037199854 0.005866286943017769 0.08635060571277194 0.058898749008118714 0.06140473875674084 0.0007154527673404995 0.0022374012606130585
36 0.07980905372491354 0.08104245067053613 0.05258221649803345 0.05740694760331664 0.044284015070374404 0.023448673515335715 0.014473031238341982 0.0922877487438398 0.008829360681668359 0.02394941416184148 0.08644262342864796 0.03204710429374177 0.05434895147128042 0.036160937962440985 0.06791032083769771 0.025847180615597577 0.06759045927459258 0.05181768805753617 0.06919837316573743 0.030523448984525692
37 0.04986469987516568 0.049886003758638116 0.07506215172819589 0.035477280572018655 0.031318694223653167 0.025480721142941226 0.010919491584607057 0.057544425061952016 0.04923812890703789 0.02892999920913919 0.04042805422624993 0.08902905017837578 0.043738535263216055 0.030171717443110813 0.05112593819914724 0.09261496224881818 0.06880281924082625 0.004080801619226488 0.07005958376607213 0.09622694175160812
38 0.04853631558592578 0.00764190211464037 0.06475000887819929 0.004489415990484166 0.07602917631276727 0.05874492614336325 0.059408644361694116 0.06346990589965637 0.06883679568765408 0.06372108882741147 0.05234040466651042 0.048676300754837656 0.03936741724562622 0.07058751538728113 0.07577806751319986 0.04219994791870524 0.05351230757282934 0.01642651583890501 0.07605878527617216 0.00942455802413694
39 0.059137880304724874 0.04184272751552569 0.08789203544599379 0.05586836263085382 0.09263068432755557 0.06982502760607145 0.06951732570408635 0.011591170675166792 0.03916761907564115 0.011437296474259196 0.09271839447792686 0.036576477221393205 0.04321246077882695 0.020370039105612747 0.05468165530363835 0.024411615549458834 0.046183316739350284 0.03922509896458417 0.07990492701030351 0.023805885089026455
40 0.04591944541735562 0.03761228630295839 0.05983215367160521 0.0516691839483309 0.062133135979506204 0.06678244804379393 0.054000449012207505 0.01370475418545616 0.0543353389961082 0.0615793221568199 0.0651479246844084 0.05015024948679929 0.02521081350578564 0.04664229675109842 0.05486723403762993 0.07195942737376383 0.052532330130135245 0.020512958717704734 0.058589136229523844 0.04681911136900855
41 0.06673073272692895 0.04102836192886 0.08926446442377202 0.03691045642663769 0.05586273074442885 0.04323616054250368 0.02532335858277701 0.07514161402888535 0.060149849266528936 0.04572463627339606 0.03575289562966896 0.0634193406236254 0.044454024388594755 0.043139266577811246 0.01180878812231709 0.044255554894420256 0.04048821214548942 0.08950553883668957 0.05362411618150224 0.03417989765516263
42 0.07757865484961958 0.08430953516259729 0.08213383398105506 0.07451847251284656 0.009396323443907935 0.07757704542983361 0.07153769296214169 0.031814202096911055 0.04448204921836708 0.01047363382212788 0.08358506604453432 0.058437519523978416 0.03689667059862017 0.007156018786778951 0.04784269278433596 0.03606434393001977 0.08082304197988541 0.034350998043754494 0.046235971087337985 0.0047862337413466585
43 0.03672764323166688 0.019389830131791918 0.10253470715663342 0.025983714863435852 0.002710514209927615 0.0845141077123775 0.0019811039991013348 0.0827952954375516 0.03843969990419643 0.09509040432835916 0.09431362031404063 0.05596991572282727 0.0010184271047518558 0.048176313783258845 0.009247790756810538 0.06211387517106055 0.05824256586327495 0.07322761713479262 0.018868774446260835 0.08865407872788017
44 0.05013251856779011 0.015907968234056578 0.07437341897603171 0.07204612748732711 0.012420100038116453 0.06379883540287548 0.014495963672529543 0.036716665778324775 0.07271940052501553 0.06373047546764209 0.08232645011555421 0.06524677727832529 0.04081083124959502 0.037907622249016004 0.015198861943820807 0.07452204163087307 0.03650395124327921 0.03611235352784826 0.0778017948176901 0.05722784179428869
45 0.06257639051051815 0.06076061150647301 0.05211892136148694 0.035939440612600335 0.04429079989486032 0.01667382501011522 0.02608295771671228 0.0034084519846939846 0.03146518850418057 0.045239916940194885 0.08959576397141422 0.08340665294453803 0.023644119111604342 0.08864192629738385 0.07697481071643104 0.04992295502797601 4.796827477198134e-05 0.08098465081232316 0.059757353721902086 0.06846729507981963
46 0.03724398244234231 0.03564755859821412 0.09976439979460774 0.016902156820306838 0.0790809679550998 0.007288793765448977 0.07358466026889021 0.05315948069626556 0.035809542334632946 0.008753412304523174 0.018748685241569106 0.06345567498595793 0.06523510406045431 0.10102028869518431 0.07674679920914243 0.04821953260055032 0.043023439617778325 0.02763180871147889 0.09331979489702313 0.01536391700052951
47 0.0805215019314288 0.040622845519119766 0.050518590804933525 0.03420690074482218 0.030054616058743565 0.04527518408305936 0.07047368741933824 0.02813515660828071 0.08550248371976632 0.08454985475693667 0.0014024559753296958 0.0678194461366507 0.038685317563714586 0.0027849706514031527 0.05929681600619255 0.0444515034511991 0.009549090355686745 0.07057019400473324 0.08071326412180607 0.074866120086855
48 0.022932245502950765 0.06810309470124735 0.05353881195711981 0.04411929709527438 0.07901636925575017 0.06786889828705187 0.046788010005787306 0.06702882234635715 0.0345356440021793 0.05970979318921487 0.02505431257187805 0.0880103408491902 0.08163388001195551 0.09132269755785065 0.052019421220918856 0.005599797849120958 0.03348199111397797 0.010665413379038667 0.05384699925719319 0.014724159845943212
49 0.08263193475824306 0.034051286628097234 0.0070007173854088325 0.04490579325945087 0.04310029176529872 0.04083042546004978 0.055792676948333314 0.08695272028158037 0.012189811922727563 0.03232922811344615 0.09051913628703102 0.0790390306373301 0.040931281332171415 0.06491526581972734 0.0030828964251019227 0.07690859387326987 0.031776495176555175 0.07786829082711903 0.07256662765111484 0.022607495447943445
50 0.021977594613375184 0.011844923614863553 0.025500572794062232 0.030521319816060457 0.03662481437120232 0.04313978503747382 0.04582210774991412 0.05962378965805673 0.029138194725955684 0.07383293287551047 0.07155449477263122 0.08264111823567818 0.0720224874460614 0.08084170465939097 0.05998225378454814 0.08968128203147524 0.03830632908305817 0.05913213943365434 0.005888934539737647 0.061923220757290016
51 0.09904791966757728 0.05202631152373463 0.0719596957322132 0.03360117156099012 0.029357663004035858 0.03548972761620656 0.03212962123711925 0.10107197794202163 0.02427573937540744 0.09000778647235895 0.022527157398603958 0.08993706661527906 0.03468685615548092 0.04038368944428552 0.055722794558912964 0.004814594148381722 0.08683169838977856 0.018376007088208093 0.019768605465289316 0.05798391660411501
52 0.07631465563351587 0.0808969139405677 0.07024560169185677 0.10329533080165311 0.004884784088803471 0.06791327132117225 0.01987949389429687 0.041378791893628655 0.07306300322698028 0.0038450587267109533 0.025630613839696233 0.053323556630359606 0.012783412043705698 0.052380259787949204 0.03726462383697525 0.08912778494011116 0.04041845166134111 0.03763398203749997 0.023709191999900132 0.08601121800327577
53 0.021098079137527356 0.06847298547751213 0.0558029429927704 0.0662331810930166 0.013841354525056889 0.03902985532020381 0.0748313537875926 0.019308267201057862 0.0752398874754506 0.07539365858083538 0.0038823458550781204 0.06961554033184661 0.057187466802282184 0.06210562547717945 0.08310071081725103 0.04296124099529319 0.08455600024278981 0.04816772420340745 0.031395569381019145 0.007776210302829445
54 0.06196599686884932 0.05193476343728767 0.07242221342568494 0.011998950406245637 0.0555869752721003 0.07386913181204313 0.03730751732728796 0.04185171950888692 0.00458920784534067 0.06265420223398656 0.027776498085266707 0.027226490011145014 0.042237433963625934 0.05318333874807003 0.03166519599432893 0.039865111780279516 0.07447068238431784 0.07752487263570233 0.08056505910322141 0.07130463915632905
55 0.00364324584127524 0.037229174067345355 0.004871094525637327 0.05107771841089062 0.007136061256725304 0.07131057236023314 0.012862800888387307 0.060424326577388214 0.07271093607105832 0.08016287992076855 0.08058650635782284 0.07757280087660118 0.06700392567636979 0.026952289324751046 0.07637805212913738 0.05348868613499188 0.03987801303881978 0.08237908483973416 0.04422391640055512 0.0501079153015075
56 0.007672557033283563 0.08110874921454862 0.0131640202909446 0.04408850184867585 0.0964925350922724 0.01169891903974459 0.06211204822701024 0.1000738604997997 0.0329267409039118 0.02420681324925924 0.025883874156345795 0.0596341752256918 0.08601954152641092 0.04289260127627872 0.06363044163509654 0.007329577869786046 0.05458444124003069 0.05538427302449702 0.07266529754031398 0.05843103110609803
57 0.03448609186165555 0.014692639742965268 0.02094575951418621 0.11298188607256919 0.013180727096399288 0.011112751787437748 0.060929005204674744 0.04958692405031864 0.131392438322044 0.06953529562775035 0.011659114199900292 0.0006702582207986324 0.07896763899780293 0.008284564794534212 0.12492628700423682 0.026294952746151606 0.010220510646190359 0.06280999501908544 0.06209939679019453 0.095223762301104
58 0.043426622761100056 0.07636439710777107 0.08747905655204574 0.09312558306894501 0.01021879510379996 0.06567920757009485 0.06354510333943994 0.010820020250062455 0.10602036005411383 0.01988748192730899 0.03137624240399407 0.019709523512343678 0.08028284961578652 0.0416278287327309 0.012583120186553038 0.06423552164913346 0.05212771049912065 0.07144827796209056 0.033424783089303245 0.01661751461426168
59 0.06308689568699552 0.009153424625277524 0.02331017239857331 0.02074269738131785 0.08770552094439454 0.06804906920679137 0.06801503883801988 0.06336439624077882 0.08491212677695603 0.08666769383435739 0.024519313716598365 0.01480094618642241 0.05890407058300292 0.027435734778210444 0.0729958129354636 0.034764146284760836 0.009588918988282203 0.0990785358362978 0.015594862477049758 0.06731062228044943
60 0.007904514129222311 0.062413236055167826 0.01959684328050501 0.10032760354847813 0.0877986670517763 0.08331684594804531 0.013036251049289783 0.02835728975736112 0.012231178705283563 0.08467637358071146 0.06629837638419168 0.09882450430594346 0.03277375029517965 0.03235625854716244 0.048665625109813704 0.006456972592316964 0.0464207880002877 0.07698248312305624 0.06239699380408312 0.029165444732123985
61 0.015992589425297774 0.05158953588836742 0.01416938867676789 0.04520476256694233 0.1018987259439362 0.03143478037882069 0.060714729067427496 0.04444047936228588 0.03461678445290778 0.03596901401224188 0.0027403597404057956 0.08596963956819112 0.0255274981395521 0.09774960359629763 0.004336188929420888 0.03441702750986967 0.10779323717388171 0.02310926931041631 0.08575556074898688 0.09657082550798246
62 0.07740993723581001 0.08626127496179492 0.023205731177272673 0.06478643436967342 0.015416504001850052 0.07829430163303677 0.004859313728603243 0.037626345571226176 0.04128476894381785 0.013767421024132025 0.011648986323015895 0.030979908537920712 0.05693182105125102 0.0036654315714056544 0.07566545485677198 0.08495193093786182 0.07350732539399332 0.07849492823754882 0.08549477629523743 0.05574740414777624
63 0.0250813870042296 0.08729893217908516 0.005676704605854303 0.07232350392944466 0.08062132867345462 0.050105065226920424 0.0732303674328929 0.03532816125854468 0.0017125015516544766 0.08930929815006687 0.018580349510562075 0.036477908239312976 0.04763096530537525 0.029440563417080543 0.05398017128374642 0.07304265532651716 0.04218614995532717 0.04640880061531399 0.09594168124416601 0.03562350509045091
64 0.08035106807210064 0.05186433334379414 0.07199231547196314 0.08522882021303445 0.04421330915382105 0.022565734960122825 0.08771585209558531 0.08294178619714691 0.058200808139310084 0.018038917432589365 0.0617814745018068 0.05821609651253507 0.07206007633473206 0.025802446575846176 0.02940742474201369 0.06718855520532203 0.03095863337062499 0.004312982865397432 0.01975309642624593 0.027406268386007866
65 0.061821186755511126 0.0698481026045036 0.027319706452848456 0.05671696386333605 0.060805773602303534 0.06589783039351703 0.01395221360530819 0.0853899683036589 0.012741363946112933 0.003564209017301968 0.034000713863833604 0.022470441472022117 0.05731792524088139 0.061256282985558075 0.08768506764756626 0.05118058529456869 0.06660382566978172 0.002803253225232705 0.0888097644212165 0.06981482163493723
66 0.018366304925038667 0.08094424741253806 0.04194140673138799 0.06423030275871346 0.061366642557274184 0.0960354609736993 0.012538183860719572 0.09076155598418272 0.031167201449350233 0.08259545947509166 0.06509574565319207 0.06400847398689079 0.03975597610164596 0.004073251374953146 0.051976050267283996 0.062897548298386 0.028847706163323928 0.0010166137297804355 0.03963008919307194 0.06275177910347594
67 0.0203071671102415 0.027210916691477002 0.016553419913649503 0.09672796699855192 0.008825829033941517 0.01881348958834665 0.08343078113794176 0.05721309875259751 0.05905703923264044 0.048371657149493735 0.08433320809733072 0.049226339063427306 0.08795048702403765 0.06949129613577956 0.03631901549783039 0.03172542828285822 0.08670165885327133 0.08937460237856122 0.017083402329263916 0.011283196728758318
68 0.00895052975140004 0.05791432438187468 0.030185327557934 0.053925060720266024 0.05037498189570724 0.03924864561772556 0.07957255226041249 0.06883436101470633 0.05614322870318951 0.051688299303713006 0.08183611367766974 0.08413743230225514 0.007204133519867881 0.06003736841068308 0.034216695690286396 0.030726691814149047 0.040006116195685525 0.08361255340045687 0.049141877036805406 0.032243706745211896
69 0.04397486020265176 0.0011831182433510103 0.038254732425574436 0.004484685618277341 0.07441041920448163 0.005643094277167152 0.01389551792311289 0.054686274769302906 0.08468031895985331 0.09923358581478343 0.044534465494081334 0.006723512162132295 0.0778208528942587 0.05756016223232805 0.04796979467031353 0.09756319243516981 0.004826283785397788 0.061332371716019914 0.0937170967311612 0.08750566044058158
70 0.02956813727269112 0.020634855526235975 0.06912043729883037 0.07871026149671732 0.08599097996842474 0.06411484612278559 0.02274687167149245 0.02288310810272402 0.04473095548651553 0.024598116259838834 0.05711853729260451 0.03389957389508028 0.02649984188668737 0.061091379858775684 0.07799161057804203 0.027525977024084186 0.06532415521521107 0.0831023986652684 0.03435668565806816 0.06999127071992231
71 0.07619151132024747 0.07539558898692626 0.07547338546475242 0.017930953132134195 0.07502585140288309 0.0713987485948694 0.06423820069198115 0.0070311475314411755 0.04465951754489736 0.05150118261798573 0.06358387799898714 0.052663539418753416 0.05361126700369391 0.048661739446319525 0.06512928638845158 0.0021828649223264297 0.08014385335789091 0.05180018983216075 0.01762590121026782 0.005751393133030236
72 0.07288952400274888 0.07653784563021508 0.04264570161820239 0.043392841347164396 0.03925687266512176 0.057925876224642354 0.005738558124577273 0.06123911005208268 0.04381451011818315 0.0395916255532321 0.010624583740511053 0.044677602279296444 0.058768106261167984 0.05588089938450799 0.06939212492240221 0.060903917930534616 0.06158736792500234 0.022035448985285176 0.058667277163409894 0.07443020607171218
73 0.06396277914098182 0.007792683316448451 0.002606814875672293 0.07280429375883925 0.028428769710163802 0.12366578969493386 0.054607641871548616 0.0774651847234234 0.0597842192007738 0.01832923511720644 0.09065867952074598 0.022538583816334102 0.0028387061029108295 0.10059832799657788 0.030667586394149304 0.05313193263602013 0.0508048737824625 0.0012857192867131377 0.08159224337669906 0.05643593567739529
74 0.09147451304542732 0.0478529874499985 0.01865238872742539 0.04909429731520951 0.0017635354760399133 0.024686572243386953 0.03239132915071272 0.008916949531658456 0.07107175184778139 0.06505378695983124 0.07562728831517238 0.06071867179562544 0.08120837604481897 0.09545027331298503 0.07300747287183387 0.04036043724674502 0.07432304133858003 0.04029916471182146 0.004390949954126431 0.04365621266081976
75 0.08405376565278919 0.017810925684110985 0.1051533299292672 0.03712900049461547 0.11125263381890875 0.03310213516487286 0.035032681634462215 0.03181220939737859 0.06714497396333007 0.057638433361664305 0.0465950422543739 0.0013156958435014837 0.026748366814877356 0.03210017814204996 0.006153498687477548 0.0761466085650789 0.06867517621576977 0.08353886950545432 0.07215668511649494 0.006439789753522152
76 0.06832182487094882 0.07207784678375545 0.052593480144814866 0.051460801135056376 0.04979194769165658 0.0015838984739141935 0.03099398284168323 0.06772455747305495 0.06448152978253005 0.07702091013565394 0.0895136739276586 0.03481647580461128 0.052832455325474904 0.0675688642064264 0.021844717762465167 0.01564644991652966 0.044987265119960075 0.06368977158781684 0.0385924979982429 0.03445704901774574
77 0.05171370267178166 0.0750984504048487 0.05241612536424892 0.07820587029316033 0.055728716302080865 0.04847051856128707 0.08743493703130664 0.026482374321988585 0.03566401434600888 0.07383209762491325 0.06293652640778442 0.07247533573968036 0.07664094787759955 0.03010983012125965 0.0342087767440815 0.0043232339144093175 0.05819652364716742 0.05845616400030039 0.0013654413230651725 0.0162404133030275
78 0.04999733155724344 0.027920296839633214 0.036201044427789965 0.05392331683040867 0.07736655217860343 0.015421939477512117 0.05394205052773732 0.08982600376816029 0.03165646691936057 0.017440405122903024 0.01344308758523168 0.013310206186395983 0.08224340392586497 0.04880840572990837 0.07914612603691089 0.07278328146052197 0.03994862174215642 0.05122351349951087 0.08090238182685625 0.06449556435729054
79 0.038555376213255214 0.01714484323714764 0.046401622705413634 0.08392639496434227 0.11501404622737829 0.10513118132180117 0.07312899887134297 0.032962460328586414 0.01162276955753161 0.07775618546616427 0.012351784419369988 0.04210628116161463 0.03139809059061895 0.04903796384234635 0.07993645296873908 0.024360981929697014 0.06895860748334795 0.009115602779473757 0.004520421788417203 0.07656993414341157
80 0.0945103988899218 0.055735705876907266 0.046813146280515146 0.0644282254723209 0.009086042774443822 0.050221152150377014 0.04617041162760226 0.02406166241548896 0.058320134666113056 0.002801469171932454 0.07335732283377967 0.08043721306595633 0.034893034305609284 0.060586833681912984 0.022484415394990746 0.0817331053702055 0.021381954289903724 0.0754836168949156 0.07185597757634771 0.0256381772607559
81 0.0049989155835135374 0.0266743995610725 0.011112156411119359 0.07203403579374654 0.0959498913633663 0.08962860547186959 0.061357506344364085 0.013309547538539987 0.09800500924900568 0.008380745163983865 0.03366343089429195 0.04106245229736355 0.00864794753147823 0.058961989112179695 0.088392552255699 0.08322027588800644 0.035182371148018095 0.0499122346365254 0.023227594100648744 0.09627833965520742
82 0.00551220264989437 0.08566143574493514 0.012382075968115983 0.04486116701356324 0.12165289943804268 0.0859602071748211 0.028468914511337005 0.0762321820054902 0.05229078158622044 0.037223417829923236 0.022713074457099938 0.08915113111328027 0.08873518112615708 0.0009730357982504109 0.05335455890151552 0.03223629175344525 0.002386295427525649 0.007480943732667804 0.10559317072595115 0.04713103304176355
83 0.061816150289446946 0.010492130614755553 0.0495873001047021 0.06603619424533011 0.0788532907604737 0.06400528342227914 0.05095821375741544 0.014666894479520185 0.023885539562244967 0.08283337748661969 0.023558007559033322 0.026521366608245254 0.09711494964284999 0.05982182420551212 0.08948933473414526 0.01687038172059759 0.0405775586707875 0.05128810204094133 0.08489079112384866 0.0067333089712511476
84 0.08104349113656066 0.049586761219568815 0.07598824092519171 0.0908935673359329 0.007649255894528405 0.07298820247402009 0.063785612340403 0.002471293580827236 0.0677261928715111 0.030904986107342703 0.050781876538654167 0.09009990775442227 0.024653235673541565 0.01580662258518065 0.005035443232295328 0.08727227844822201 0.06436897164925048 0.06329945165752594 0.050753127835996274 0.004891480739024845
85 0.007669192720666932 0.10015135617656427 0.015381426527982625 0.0008532266370003762 0.07802901496968924 0.056758690604690964 0.07160750657272198 0.006065966973808154 0.0926851798357807 0.03591852249098433 0.08591565758231703 0.06734324052667749 0.04496814942720724 0.008551467377263684 0.0879100854620235 0.08004540126988345 0.013737240099284617 0.007320740141343693 0.08218519759664947 0.056902737007460076
86 0.03119368377410587 0.07046277248642792 0.0644054021392102 0.042811256574488026 0.03612392805962779 0.08432892417077222 0.037543020262345086 0.07962859213768088 0.06114092836870231 0.006493789966464439 0.01765630231294591 0.04352465324980509 0.03933127456588059 0.07827889941379043 0.09176077579165315 0.018814877720086727 0.04476299298490592 0.10836844726261147 0.012472290217195429 0.03089718854130033
87 0.021213820327345933 0.028646078395342042 0.06317576942246104 0.0652017592844696 0.08091784764550732 0.03667690204407034 0.009643454527498835 0.05155591766108366 0.09563252157159755 0.04244903528873068 0.06949465204327597 0.07878350071973293 0.03211261000321474 0.07753419906961699 0.027620195890104542 0.09289677718764998 0.01637217731692116 0.007860571644681605 0.09173030536424204 0.010481904592452872
88 0.024746075303432875 0.0316643491557196 0.09597963485753193 0.04008797993124976 0.0913551945748372 0.060102395777684364 0.051201557901643234 0.0008944417317471874 0.07603517141149603 0.0306068984478829 0.06158027553170118 0.02795558047879554 0.05364156037169175 0.052125825008743194 0.029846796392535083 0.07942092694841178 0.0576953841482999 0.0030362271984113683 0.05392763787676825 0.0780960869514169
89 0.11153550639056226 0.012759598255577768 0.029174877022401437 0.011340224325695017 0.07854147288721981 0.06963022706889889 0.005224339083703843 0.03389606259294588 0.03894757705757242 0.03398523295518784 0.09761729693069941 0.0865837141501908 0.06960543526821918 0.06163188920017418 0.039533158040646305 0.03661477504272888 0.042441803623634346 0.09391151067190069 0.0056101119051443545 0.04141518752689666
90 0.024731225971098864 0.01164742102657034 0.06635975852067301 0.003613738071033072 0.0027322550937236025 0.049747675013713494 0.09577031080153438 0.09873133296129323 0.09331718042948298 0.005877910878517917 0.09102833826755224 0.020318208213293592 0.05810286855276373 0.04056319644810222 0.007998776841014722 0.08774805547674817 0.042309959869381214 0.07158624408112366 0.062348060458983307 0.0654674830233963
91 0.0022987764686107884 0.00852435074625171 0.026860614707303627 0.07176726207239714 0.08232521819803507 0.02415282593583529 0.01443140332689223 0.0722518301942414 0.07406879969970115 0.0837212929567384 0.001226959658333885 0.0652160607610241 0.048604758010107406 0.047995133001063436 0.07921054956632884 0.012311427332140771 0.07959626489556582 0.08669488499720857 0.0669539209066969 0.05178766656552347
92 0.08998412794453581 0.05284392372948441 0.04690394538162025 0.07133525910763708 0.053262238174477755 0.061941165160361085 0.03263554268024745 0.02114340571204101 0.023953585727051384 0.011050911953787221 0.09207880360093909 0.0171140081337508 0.08629528733862518 0.033593038973976606 0.07376973632333296 0.05928132534729578 0.043239739991344686 0.0326399469371963 0.07641034918158462 0.02052365860071065
93 0.04037764916525906 0.009195067947941789 0.07809066714172744 0.05180868381224268 0.05084396740511947 0.023837307265827605 0.08663221577891711 0.07032682886993114 0.08621875033989881 0.0009313453552185439 0.0813683282324361 0.006021869804654971 0.0029562453660598917 0.05341797960036727 0.06827488190110904 0.06967954079441431 0.03808512172184545 0.08755666333872733 0.020495325948253287 0.07388156021004871
94 0.04132773087862811 0.012037622699696698 0.10356900968462017 0.023589641137935328 0.0909360668544348 0.07221367640757999 0.011158720463327105 0.02460450505581648 0.03282193083385508 0.07659581461448427 0.01374725631628436 0.031183387096483002 0.03934779461187216 0.10376749368488888 0.017510356265828107 0.06902838321782966 0.01353366892649185 0.036535628347780576 0.10225380676029479 0.08423750614186874
95 0.030804518096323192 0.09383077277291035 0.005541804538602789 0.01935105986024621 0.0030812807909870905 0.051721840696456654 0.0746175261150233 0.004990892215742467 0.06347417248648374 0.04963657613942616 0.1025996653066209 0.0591622076448637 0.09867294414159054 0.06508073007053987 0.0037764636773935556 0.0014784985410099347 0.0890043455510927 0.0225782836785586 0.04212378094630729 0.11847263672982117
96 0.0642823127900912 0.06390850310053961 0.06854390954886654 0.035954475405737665 0.06869689542096605 0.06430178063036503 0.025299363771622126 0.07724691577641042 0.03133652926344195 0.012876013809589458 0.030357947947373353 0.06033195975936131 0.010630278387282843 0.06511358082064907 0.07514063093364333 0.07261923276185653 0.007825289462985531 0.07460294144170196 0.07946973150433412 0.011461707463181727
