0 0.0851750483408003 0.02974837784168665 0.04901924251233993 0.030273107208841507 0.08517695540567843 0.0838475163392798 0.00029711997415785723 0.1018849353736213 0.005586963870426207 0.01046735358777205 0.0035827694148646903 0.017918045303608146 0.07641115740857726 0.100495519069622 0.045012995527284036 0.08831361050540733 0.04398085578601047 0.03574633274762572 0.05703308769290242 0.05002900608949364
1 0.08614871336543127 0.014717872762256647 0.02420333518116529 0.08696704233252388 0.015060339732141454 0.024386972709718294 0.05388356337007062 0.07442165724865427 0.049434731303209585 0.044192234616425435 0.03825336504375127 0.0067252891314033905 0.05972522182982986 0.08397900829182212 0.021222625399368582 0.04186841612172832 0.07106462182199001 0.0697381951053192 0.0414389322469051 0.09256786238628517
2 0.0231752558335666 0.04784402762871806 0.014295856599128045 0.010815167668466595 0.010418055702892202 0.048234260258853696 0.07561051524612457 0.061886525452469344 0.06932699765981092 0.029573605464974482 0.0857298778686668 0.08298620984133988 0.08567885409519028 0.00924602368042486 0.017100954894073407 0.07613573927892947 0.0761573185690128 0.054066249851801064 0.0724584954855645 0.04926000891999256
3 0.07593995363975634 0.07854523933809875 0.031685470150938 0.06686292671426984 0.02240232319651776 0.04156148002043481 0.03180240902454594 0.05272716610950914 0.001676777216480998 0.09851989551440277 0.008848655834390725 0.11074843301650081 0.000718140181637695 0.0730375356784933 0.073624087961404 0.06080174146870547 0.029751944546107564 0.11825456294070982 0.0017037534722048138 0.020787503974891406
4 0.05335004160832099 0.024371772051651322 0.058034578340328206 0.06992014028921108 0.04916885729371206 0.07152124969629052 0.011307949664398584 0.012126859155623176 0.0441369608060163 0.04589296564888595 0.06492724213006497 0.0042932228332285315 0.07604762128438322 0.039761883183622976 0.008207303067053261 0.11207205631565986 0.010133454891510086 0.09083012611272959 0.04762042249355375 0.1062752931337555
5 0.06883404489284323 0.03282515761122496 0.04225111433559693 0.05461257789829234 0.05964533275941005 0.10588607953744263 0.04249886719670483 0.03147772339091666 0.0019443164401460958 0.093485176173251 0.030152320033601913 0.0495240282096844 0.09549259136084975 0.04429625952535156 0.03905407285569418 0.04648822252619446 0.04823739380034228 0.043181700989797914 0.01501508385133645 0.0550979366113184
6 0.07471319473850262 0.01915318400863834 0.0714557674695134 0.04336752364098768 0.015734384000732994 0.04483625970771597 0.0385416025453267 0.04709687503111942 0.00991644153379161 0.07730548062532862 0.037244103272864086 0.0784138632054616 0.01720305006714123 0.05044887932208354 0.08483001921018356 0.09233518034212994 0.06611320462454429 0.02087847451090602 0.037848007262916296 0.07256450488011199
7 0.018672043285935656 0.07121707616135713 0.03488503175364285 0.006338003099574643 0.055357554572983664 0.0233357775635449 0.040731689811885095 0.00306563348664478 0.09664268968056515 0.05606621823835463 0.07477753398691019 0.0571446243372145 0.08129471735200498 0.04048083125227636 0.09279518999174605 0.08344722119318745 0.024139903365318342 0.03750041943721931 0.03185506120575419 0.07025278022388004
8 0.08978234068978455 0.033931797849365494 0.07973873494042516 0.05933150783368605 0.03356671506558238 0.08157568507859392 0.06222816258709231 0.015009352380771585 0.050511740444104794 0.040343574871449565 0.0808221697308298 0.08327020475838856 0.04607895362801308 0.0037709541669803544 0.02561239858766291 0.08456112207167236 0.046675748052576585 0.034221207343853755 0.021623350931718188 0.02734427898744858
9 0.0004038302730183598 0.04940377147580735 0.08468697362768197 0.09474385536383012 0.02010331146637066 0.002735532198509637 0.0794060757483447 0.002940595026661038 0.0650883341859743 0.0825661359763161 0.01336160949526877 0.045001209807573106 0.02427260536445807 0.019593603279006496 0.09915909451542328 0.008936504456069192 0.08799970269528166 0.09556064503100425 0.053778632578329 0.07025797743507209
10 0.05595089908944551 0.0698851337063894 0.08714172188161236 0.057147932419005745 0.033703761788341516 0.014695134174207494 0.005964995598468681 0.05832028170272451 0.044137990591890594 0.044460655416520126 0.04146866849831141 0.018401161264454832 0.05993586587034879 0.025613016448229112 0.04645553272184009 0.09360204643164773 0.04354753052763903 0.08075205535621251 0.08351610672871225 0.035299509783998255
11 0.04445720851213105 0.07162355090532897 0.08393633459547035 0.0069958778269969485 0.043771197011436926 0.04860564982226427 0.019226248152051748 0.056235825876694776 0.0406710181928081 0.05246778950088984 0.05608725730668901 0.07438370088295915 0.0750052001646635 0.052745826362633114 0.04180542835972966 0.044292723313358685 0.038883532396637305 0.04714621329098113 0.0509560776789356 0.050703339847339934
12 0.08092813187223101 0.05065807248284548 0.009984538207651503 0.03937431587570428 0.011565288134305145 0.05183938367616297 0.008776383305530796 0.07922354865920075 0.05156398237416665 0.0717494816915005 0.013578675490974424 0.08306452321172804 0.03525888677085482 0.0871986819795473 0.019673029243490337 0.08156876375584275 0.08129768980502773 0.055405677353058014 0.010534989900939963 0.07675595620923757
13 0.06370056692555508 0.04931026838896041 0.06322471345347842 0.05846468034439846 0.022328979167829187 0.04756613639945186 0.05865111061233676 0.07680667323817184 0.04928956804460955 0.01840064503944423 0.023138630687920873 0.07571651501693706 0.06669295657885921 0.04239956417162055 0.06219306847584171 0.04945428168306457 0.06362727529180479 0.034377509802080826 0.04315667129486388 0.031500185382770766
14 0.06385275798698324 0.08203267339831245 0.01377719418773505 0.05429633749229214 0.07311307292198584 0.07610511939643642 0.041860449855783764 0.024087636396152332 0.08830459213780391 0.043142126085352867 0.03864699157849859 0.01724756491106102 0.06075929094791364 0.048564262694266495 0.06633684496571231 0.02985747155030775 0.05436029110025302 0.03185194905742258 0.05847348112450544 0.03332989221122118
15 0.02757205957045837 0.06155592815536301 0.0756674184121982 0.0386799145542767 0.01138451433387437 0.04078358113499193 0.04826001011921328 0.06457203628843898 0.025075741190810207 0.05287627930963421 0.10346303921431196 0.08593305596625615 0.012505286882773298 0.07864906787049207 0.0226937796836468 0.03157948778016149 0.05664412690313384 0.08769094841679564 0.07066080143765724 0.003752922775512087
16 0.02027314518520284 0.00411132448263805 0.02403802595690972 0.0631581352206553 0.08223587351909194 0.0614452941258878 0.01354843202473243 0.009653581581426464 0.03792455562276954 0.06336698298760592 0.07871818245246705 0.05713553172925446 0.047648133247653136 0.08344714155710183 0.05541238432920681 0.07756862143267076 0.08766461382103499 0.046311435287164936 0.05784591474497584 0.028492690691550224
17 0.0002464115921635934 0.05071230693309075 0.014952794023476141 0.01386665526482268 0.06770579002708632 0.00836644318382044 0.05649769199129028 0.07232747027848994 0.05295773060656623 0.04825775100606989 0.06299242459401615 0.0793402994120635 0.057542293395991415 0.04394264254521807 0.052075760955931596 0.07105866171484672 0.08029920910325328 0.05102877504493643 0.07069942170457974 0.04512946662228679
18 0.04662081857866383 0.04806364897704253 0.0537846447180643 0.004281954549656971 0.003754645498722537 0.0712333828078182 0.07806542555115256 0.08069350900862449 0.05595043321298225 0.008824736832612907 0.0723545141851434 0.01505566447175673 0.04837178744894899 0.06145295056210742 0.06246608936385443 0.05085152494869495 0.05746505757741427 0.07332544604834429 0.0492969694526854 0.05808679620570938
19 0.11587450642938125 0.06482574181767574 0.10465619876902196 0.07286395753166217 0.08028804072063406 0.0016299776671541866 5.198245156695425e-05 0.059575753597401575 0.013590573250552978 0.057985788317631314 0.07913802500624854 0.03077722462056002 0.05676197064285722 0.06325461689605308 0.0658133387206805 0.005308835309339389 0.04683108331050296 0.028345856654201595 0.03856805834535403 0.013858469941520185
20 0.03081143950889631 0.013798214882648683 0.0776863940064875 0.05379061593505854 0.060497550187178936 0.015504914559488197 0.00722075953674421 0.0614557693754027 0.03820958778943597 0.04778989413479639 0.11298211630312807 0.08687096436672921 0.014830955467177534 0.020967552756894173 0.08865749822351417 0.03188966244989099 0.03214387097422264 0.09712707198627253 0.09167875736303026 0.016086410193003036
21 0.005556583187832882 0.0719974694349026 0.057910051952414054 0.02365267197886846 0.01957905151752429 0.09866787709709736 0.030314335135848518 0.0692938104038832 0.10767565302155109 0.042308746171522374 0.003560683977197317 0.11253609533557735 0.0812588911487167 0.004051199124286 0.06833016003350526 0.0563095166583594 0.02813033831741336 0.015429908952725346 0.0958040358675382 0.0076329206832362355
22 0.07797311477383358 0.004146839982173662 0.09064412039787798 0.00042116793843679335 0.054677681200408564 0.08584802137917899 0.06568061736157814 0.01706820914172742 0.04206941615264541 0.004527707878065032 0.08311788703336469 0.08957079743331545 0.053423308222850706 0.007876877468382013 0.04015519427695625 0.03318035197744198 0.025957157746241154 0.08922494901196748 0.07328075419632706 0.06115582642722793
23 0.058192432980214495 0.053478169835517966 0.05890215034738039 0.009474856225979053 0.07984086526328348 0.04590682873765302 0.06351351940953576 0.08560240190133048 0.027165604718404585 0.06257265357762025 0.012613325866025005 0.07705621443717428 0.05621586608218501 0.06042513848170352 0.09356107911403994 0.0385257650079878 0.0333377265289623 0.007177505588190727 0.06314498899607071 0.013292906900740996
24 0.054214170147220686 0.05526614181397686 0.09594281240820107 0.045552072374370006 0.0198544129966155 0.020069123548413684 0.04769875664277061 0.03121466830585646 0.0811510352727131 0.06730907074672994 0.06916853975961057 0.03574072108016325 0.03263321662279286 0.05476562021860486 0.040509428000884404 0.06928884480114497 0.07822384640124955 0.07008160321450935 0.026224736807724556 0.005091178836447618
25 0.01205987475431071 0.06560350684185007 0.025860037495490516 0.04506540599530412 0.06804473155597829 0.0687323579076069 0.0478368701573076 0.05083201360153948 0.07546701700354741 0.034319014584624885 0.07521887800753776 0.04928371124000729 0.03181352903916274 0.0625187877637885 0.06995621677502885 3.860045614231525e-05 0.06464446035043946 0.03420185312820586 0.05262175284122149 0.06588138050090586
26 0.03642815550284555 0.026854697391680758 0.05782151074937436 0.06708015978968836 0.04218194762463958 0.09209123198773843 0.005531444686188041 0.0477303334462216 0.045474773888624774 0.03274621975627673 0.11165283833945892 0.04615951552832423 0.11195121094213799 0.11076433469797584 0.002126118926187076 0.046732491829143914 0.034118393940202975 0.023767894617606585 0.024150846846167643 0.03463587950951691
27 0.062477414849091605 0.06351436936844534 0.07611499110096479 0.03968311143227983 0.003756041708767896 0.059544275857393844 0.0403265204631176 0.08389813087256959 0.023110272624347464 0.058336181813680686 0.0746592328964815 0.009442748303670714 0.03589117030160313 0.06774951733490422 0.06935109946195558 0.08094761242268422 0.07691049983459211 0.016802077845609185 0.0016213518996686755 0.055863379608171955
28 0.027440629625978933 0.09235350558884024 0.07162344259432554 0.1020403196025972 0.06659116785717 0.04118160774260032 0.0645217032019952 0.08648282777749744 0.003108931908147784 0.04197841147411346 0.03610718065819387 0.1008550646400601 0.048997535666077854 0.030189236569864084 0.01723721433039447 0.01104718214599643 0.06266307947404752 0.0014780721754255452 0.0269192263820715 0.06718366058460289
29 0.05404898172214557 0.07720580766624033 0.06844576308925392 0.03308405917455539 0.0018283830528702148 0.008043980813324669 0.055151333086880985 0.037209128537488166 0.029652919992455336 0.0871066393698947 0.025457467487872993 0.04750094007648624 0.09111859722719011 0.027817863782007502 0.04660468852967774 0.024570008493754545 0.04182669733764248 0.07321447872453284 0.080658815524542 0.08945344631118411
30 0.02473321995969295 0.08171781201616611 0.08718632072118697 0.048016928743704654 0.029258836994349783 0.07975265770774358 0.04709243237364679 0.08777086252639406 0.04805924311086855 0.04823369550615501 0.0016290921545421499 0.009285086408796932 0.07134894364540481 0.040980055344432 0.07757119888370688 0.01200581669820114 0.004862616658173192 0.07355857001917913 0.08835851282300017 0.03857809770465518
31 0.019535564781349306 0.09836578399799518 0.029870160817103926 0.0006565701063832014 0.005960319882958432 0.036077074547063645 0.0946119871563999 0.06408758146115047 0.0011046683686264031 0.06553323996705619 0.0521377995596328 0.036274573305189635 0.07612804336587874 0.13396766830759146 0.014045947479518896 0.00901616828146624 0.06815607514125495 0.10795179198954376 0.009015676239306897 0.07750330524453
32 0.08031970309041758 0.07522911009894197 0.09117586090697936 0.02553130781634292 0.07477876766357605 0.011556137664107274 0.058083779013021884 0.02821878482914304 0.025121134573849287 0.013641497220523383 0.05877990965888306 0.015308556168638172 0.054397267853564926 0.060984273194746294 0.013511613571083813 0.032374517199409064 0.08238561608499337 0.062095764924449126 0.08006233594246472 0.05644406252486472
33 0.06767265258001787 0.050769754394284806 0.03948864820054957 0.009233551915725736 0.03432341517861569 0.05972659407641636 0.023012568337195956 0.05399745055154834 0.08715434213215424 0.04789685840940035 0.012957632119569027 0.034674462726838426 0.00437347364409839 0.10340727918001577 0.002373213680456 0.037701973002944075 0.09770870704771596 0.060721149025034483 0.10663499590386584 0.06617127789355325
34 0.06900762290177377 0.06751122671744468 0.020832307603006243 0.034994914130779084 0.06504719179121189 0.07311094330840508 0.05350864339963305 0.05455154650151007 0.028494491812592195 0.06519384206564563 0.06089050269508321 0.0025866565231121865 0.0787836901589609 0.05904048682171551 0.011459366629570708 0.07972632562504067 0.06569040843108354 0.03843796813301636 0.0670503001297447 0.004081564620670534
35 0.04452900370267585 0.0057085803753420695 0.0673467544754946 0.0538233285294714 0.06806796943175074 0.05866468354937754 0.09328962595638801 0.07740720903070879 0.01653305791329241 0.06291391118054568 0.07043462258357838 0.08125324408893324 0.04860281578624853 0.00222757961067932 0.033816623772692234 0.045020059475499384 0.009537922941772716 0.057726875442295156 0.02051375057625287 0.08258238157700107
36 0.06002984597457152 0.06147324582783844 0.05634085086831003 0.022360652089556284 0.05437804574140462 0.05652907146116132 0.06766439525963891 0.0621136404515981 0.04318780792535843 0.06402745281733638 0.04167664687920125 0.03952261381045946 0.0753353219979768 0.008558821563394005 0.05285773724946737 0.010762828253377228 0.04074571122152832 0.0685600215867038 0.04291800742556221 0.07095728159555573
37 0.047639132873700724 0.09169252440800081 0.09229623462838445 0.006743442140224638 0.06286771418727197 0.032877664822743354 0.06112635177885226 0.07695865279622437 0.026771900115158107 0.08378505633915405 0.08142733820422567 0.06696080531492221 0.0851425347692068 0.06701200320103184 0.026878751327142143 0.0007906624658994353 0.019844807461900548 0.004963492648312209 0.013580346835778028 0.050640583681866295
38 0.011572917660667191 0.07089479446873426 0.10441856433939077 0.03415289443664311 0.033942394011526454 0.06648001332463421 0.08685891928548953 0.012631007258185027 0.03966455694513104 0.10610090860065376 0.04861230791429265 0.08844043004835167 0.10013704884809849 0.01240158477771507 0.0512968880708119 0.027568707909461546 0.020470164456155654 0.01911465778856922 0.017902468674569204 0.04733877118091922
39 0.0642179453452448 0.08935560274219226 0.032072185111385355 0.0942073347677408 0.0518002546962341 0.043661288285393444 0.01657873719006852 0.08835602721649316 0.06006274477713667 0.02565964933843354 0.06738580960979558 0.05127411418530363 0.08724652730634075 0.037587378025826644 0.019637600758509538 0.09454706293037887 0.039728628281297966 0.008759029345838509 0.017573979475107915 0.01028810061127803
40 0.015376000567219725 0.00943426361669061 0.08479410288347579 0.005745364449718775 0.062075091768129274 0.03517281101684078 0.05613873126469841 0.08405720886294754 0.06369726052525193 0.08306668178614329 0.044530274278248835 0.07607849284736407 0.012739643391205374 0.05414903434673474 0.05266329400995931 0.0550945321886645 0.04312458896669078 0.045019553347394485 0.01566368316059802 0.10137938672202383
41 0.027669315558380796 0.023400112955720902 0.01355606029109649 0.06811232452982317 0.08187558491676221 0.03027331069272678 0.049574359843629824 0.06395114184381112 0.07791293900838979 0.07294837150380232 0.023249112511971145 0.04768129844200197 0.04911900243303991 0.08042566929431932 0.010169115082570464 0.0630297833081344 0.08399713874121836 0.011574177009840095 0.08342954183425752 0.03805164019850329
42 0.0016963162624175126 0.07784147821335885 0.09034512965098584 0.03511765003247067 0.025558595499975235 0.07397791933761819 0.07727045770775612 0.11762731723411428 0.07684165334188953 0.0776151575492686 0.05800102598005932 0.011200882840761695 0.059043781467015034 0.006835539545314094 0.019124149888176647 0.026814311826428013 0.06708372847368473 0.00853429840509079 0.0015784375334429112 0.08789216921017214
43 0.02557939823295663 0.06102109551677919 0.016742244623994717 0.08279527356899792 0.02597504297688526 0.013122492244774318 0.06831981814136298 0.07830270388084147 0.03999267909187592 0.04033851565370283 0.07001195476893068 0.0582554869261388 0.06761356769900718 0.06410401415240004 0.0721577172154367 0.05974685545524719 0.0012577681766240256 0.03042550150717162 0.036604283301609794 0.08763358686526271
44 0.009601082128663993 0.07235160994680111 0.009056345120106665 0.06040139729693362 0.06762908055033107 0.06570262891906416 0.015679315781552336 0.018919550147391877 0.06714073779312703 0.062364294191837547 0.07134537456600719 0.036090319611900706 0.09340747436453084 0.05776687521575463 0.06073548604098411 0.022428964869815472 0.06658306246559828 0.008493992437550831 0.06992481179552289 0.06437759675652571
45 0.010487073434073181 0.02964237719230711 0.039255601117637755 0.04423851352661373 0.07149721594289064 0.01810878886527779 0.035675477092795775 0.045379830945805964 0.06857805563120653 0.01678139237134888 0.08887502971902089 0.03478393818235742 0.03390439787215018 0.06199612579352658 0.05466531252104807 0.08011612802279723 0.034424075247734144 0.07418856852571902 0.06828270544413023 0.08911939255155898
46 0.02306172103289354 0.06344629501884035 0.04317734453587348 0.002063818989864443 0.07265467308193334 0.0841275481876114 0.08709497619887978 0.06425555230544189 0.07027859409840372 0.0519369875862755 0.08626009284479073 0.012837641693857996 0.001032603108129276 0.013400116162544011 0.04204889917849425 0.06525195828713287 0.06686150036774076 0.04036394422305526 0.07329483665320091 0.03655089644503648
47 0.04321208341696384 0.03880417125745975 0.01423804131268787 0.0431730497202946 0.08013735953549711 0.02816115811406022 0.013067827157592967 0.05754492628644513 0.10165821772811284 0.04661380795463524 0.010493722306461064 0.03189681322299852 0.1016533391412306 0.0572351129328551 0.09063510442845384 0.09026542112242893 0.021962117075801584 0.03269589858765512 0.09454513064253772 0.002006698055828017
48 0.02730805387640558 0.09095734491989926 0.09252404329934573 0.008422939639603258 0.021459347836357574 0.0394910021940491 0.03306729662697856 0.002518376403568311 0.09474398406986 0.09280499252219017 0.014379259323672665 0.07769868355399058 0.07631662196697367 0.038400910324929885 0.012986929644091207 0.07746487710178777 0.0779223048014361 0.061257423915570215 0.03398023946363601 0.02629536851565427
49 0.09340098497530444 0.03978179632908234 0.009465564043359638 0.0005494438696981793 0.0900419356009755 0.04642735295149152 0.01135564952773781 0.08919251582639576 0.025804616189290162 0.012538418373739148 0.04369865808242509 0.059087933960695026 0.09446144929289303 0.08687363138545902 0.015451980451306219 0.0698848093583605 0.08509377953392355 0.026339470433795066 0.0993998811301915 0.0011501286838764735
50 0.057677105070534224 0.07988100447743983 0.08390870719889476 0.08107989584455164 0.04298858633622028 0.04090966426721555 0.03264760656450013 0.0005745749284851433 0.03861323493107713 0.05691508459951402 0.07460248150164368 0.015946895708331472 0.0815764623216918 0.019192632558673248 0.07027030032171704 0.08584543515512533 0.0014735854705463874 0.023540555411884552 0.09099779842336757 0.021358388908586382
51 0.03960795991372753 0.08206487106958636 0.019339714415503154 0.04108892355908192 0.04112890444902594 0.045848362618706194 0.04561353964733046 0.04553236179674578 0.04799322198887995 0.0794758443406682 0.01075823288849367 0.08367467253475015 0.01976788170272846 0.06082360617864984 0.014794066067063986 0.07692289791442625 0.04996793873599414 0.07079568967775705 0.08638465968661371 0.0384166508142672
52 0.09558406404206447 0.06945564344910005 0.06283405274718858 0.036330549547364324 0.04330498341866778 0.04140217519014375 0.00247894250195259 0.02472069100563306 0.09165025280053749 0.02422958964643448 0.027166116887414115 0.03307000019896821 0.040183682555867725 0.05887955174579221 0.08372900513689856 0.03196356220082627 0.01776957298287418 0.08865807169360339 0.09643833898961847 0.030151153259050285
53 0.11313450552413183 0.05705071628487831 0.04709949084690767 0.09365347419661123 0.024484776179169145 0.021429522005976864 0.05935026641159481 0.04496186225326674 0.06275683627952977 0.03748573215224686 0.0065295697638985874 0.03169201305628944 0.11596946967093125 0.05177887264461704 0.013610425359452482 0.05820916001449633 0.09433471371559217 0.018847291342562574 0.00773985046344145 0.039881451834405474
54 0.07002996004836941 0.09444654087215126 0.0811140157694588 0.06728587579270034 0.03477750090873637 0.0215948612457197 0.07675300216230654 0.011846095228188526 0.07652636555026053 0.03328302818759427 0.06701792848789603 0.02057823051849504 0.027917544148527165 0.03037824035744066 0.03613943254186744 0.07854742580350672 0.01246150980605282 0.02546783412276095 0.08111031992013017 0.05272428852783721
55 0.0708845310162954 0.038222348459417396 0.019350506595894813 0.007247125885040291 0.07000604800184437 0.07961293527452018 0.027464245767926148 0.05051087364494791 0.05141428875542888 0.07135840210732163 0.08191723240334875 0.011751996079528974 0.06276511169766304 0.03420025899882546 0.04074281199320324 0.05895721995934177 0.051730104993849106 0.04837579630784712 0.07808236769021902 0.045405794367536924
56 0.04983229360488794 0.024995234057027766 0.018164125099980114 0.051208085789265 0.01531132125602072 0.002172296196504929 0.04259059815306275 0.009645825669718382 0.09514035508097653 0.05306643062501409 0.08715659532390219 0.003971195794362797 0.005227359672035871 0.05537306629916238 0.057002625189715335 0.08259635584681878 0.09102783800843513 0.07560188361446982 0.07549577822575942 0.10442073649288013
57 0.016538705495072362 0.10025186911237792 0.08638551712182531 0.08606603958621953 0.08613256364999354 0.027489075792822972 0.046008185999137335 0.09448430748681928 0.04137751181577571 0.003963024507268829 0.044915582058712544 0.08140455356569513 0.021372818033815598 0.0424407184101168 0.014518954939375677 0.011049887512678783 0.01818661797158017 0.0010550844927308825 0.0749151005916605 0.10144388185632068
58 0.058205163218205784 0.0029819226526669332 0.02446279260944966 0.08223295278598541 0.06599445399093899 0.01577923957369151 0.08205508140783424 0.07812152082529197 0.07451375094135518 0.02013028495766894 0.05700563187196458 0.03477167992952882 0.06536364446664578 0.03810361897245069 0.07965183957181252 0.053507248619932696 0.03969555451089496 0.04378175865587791 0.07408567169953716 0.009556188738266249
59 0.07506066344532042 0.010744947481406225 0.0017407568557790587 0.021582075157514917 0.022961640425301542 0.04709447659078028 0.09973089394154139 0.01924414349250167 0.0022962645805455033 0.026118811840331817 0.10984415705031673 0.11286364597805641 0.03503362465814379 0.09131909014851561 0.06249866398623056 0.032003913840527774 0.042205818714554394 0.08002686334008408 0.09906425512830613 0.008565293344241868
60 0.05552287321281607 0.08677213227029815 0.04111601385019702 0.06330278084239685 0.07766958242630435 0.07595133437393474 0.05948686554910712 0.03443856955606074 0.014491150521266101 7.187100888978702e-05 0.07978187713305997 0.033645305601018936 0.007469446971582565 0.003304731743557143 0.07668618239953977 0.059602632396725246 0.06543226676818548 0.09073245985319851 0.06791259960749516 0.006609323914366206
61 0.041890679829015606 0.06144827456970505 0.07092037070748275 0.07771336210210415 0.043217176695036025 0.05972922116874582 0.016436372877104737 0.048072699436137865 0.05575233843715645 0.033368744456142165 0.06538863024693808 0.0015924526168509664 0.0504653490467194 0.07013037843024111 0.0801380819878046 0.04478265121695914 0.06455388111915422 0.013962201938763045 0.05177882062626263 0.04865831249167614
62 0.04901567905912185 0.09693478272058631 0.026070992990402147 0.0844553400667362 0.03178048910969859 0.04178731461011369 0.019272954021980027 0.03816232623827492 0.03799075738709529 0.008501670411961024 0.08720879488220866 0.04541213041580948 0.014414333403814525 0.0371937991949535 0.06642843724563698 0.030215562365479152 0.054020351039004336 0.08122606106536273 0.0562752458557991 0.09363297791596141
63 0.02089385457420748 0.03713477625242626 0.0249430157260084 0.022988630391058158 0.05826149674439665 0.07330800482155492 0.0007497524754861432 0.06867146560689548 0.053662115330362824 0.08491563791831189 0.06121487090509538 0.024855181427544035 0.08822927188627486 0.03543766663291434 0.037567629844681816 0.08357159894401145 0.045198754939808045 0.09061069546172372 0.05239159847771648 0.03539398163952192
64 0.06034896557951284 0.06032827064803343 0.08598113361200013 0.01692985500429701 0.01173139249289941 0.02809836684829535 0.06170290395718713 0.048070306914653124 0.0032813264911802547 0.06783909747870803 0.09454611533939859 0.07231852462768382 0.05744996749675055 0.07499099700036733 0.011139287244518363 0.08212712826686046 0.04252011491713882 0.06953345438320649 0.03888739929355833 0.012175392403750497
65 0.04639681406453448 0.0033429441761462213 0.06753125209144752 0.06448299754415136 0.0364177431248053 0.08326540867369808 0.05759290928079709 0.051931492672304534 0.06274998993501525 0.04112962172967548 0.037570806131598036 0.01309129680705796 0.04748313139587092 0.07828112816021601 0.0012968363765275522 0.027441342312132883 0.05691677105484824 0.06050459842464307 0.08084859622767852 0.0817243198168517
66 0.08950029216140495 0.08687215671548394 0.08198693937972173 0.041969590496599304 0.03091598175303063 0.003268426066285716 0.09183352102056805 0.08575625795521297 0.008001160697984866 0.05201993254016456 0.052316904789326255 0.005049086130604378 0.06073452295845102 0.005762582138012691 0.028056853521296943 0.054430273785070836 0.06557829855425021 0.05406970494336031 0.07663103743633987 0.025246476956830737
67 0.045736178760166106 0.08039325713067938 0.03714643038670535 0.08398442432788736 0.07501268433475103 0.07737801233895245 0.08666572528828473 0.0819435140966669 0.020261858488220753 0.07106222372359224 0.04650168292680201 0.007095575057352264 0.0024437048346447336 0.020989147207711185 0.05099126099845542 0.013180710330505507 0.05440191738373547 0.03295451206389524 0.05914034383175456 0.0527168364892373
68 0.08105738762502085 0.00951632187049599 0.08102963140800618 0.0284554971954415 0.03723860637411819 0.07216241306155259 0.08467811165597297 0.05824428330666546 0.02680932703611227 0.056761043074657506 0.038563143931603226 0.08960510179392228 0.02013476684795518 0.005250386090139983 0.029170261578589984 0.027360877892231072 0.06437243125450211 0.017697789418905492 0.08025600210002592 0.09163661648408156
69 0.0247261581547262 0.03328650856160313 0.07272028814828628 0.07785064222149268 0.08439993885537805 0.06374250127918386 0.037261381913596486 0.050758057095158945 0.07160749558388135 0.05581013573014181 0.08525197136372155 0.009750492166060215 0.024146842961249654 0.08136231816907581 0.06089723392776349 0.05652671035513691 0.04463369907191232 0.01859890695207828 0.012137842569851115 0.03453087491970171
70 0.043925120806957166 0.042233628226175574 0.03017391943858238 0.05492847665514733 0.06080198840474761 0.0445031637498627 0.06549069020607233 0.06943418703007705 0.033401990609086364 0.03294744470451573 0.03088421042849001 0.04227531547103928 0.05505975609861171 0.06686149968667998 0.05475662819414717 0.06143096158446603 0.025492731673894185 0.05422117407886468 0.06425484010702531 0.06692227284555739
71 0.010097141866057934 0.07037933494026684 0.040996938518584713 0.013455320919622206 0.07765496332853049 0.10460611298449322 0.005096622243943595 0.06750086925735334 0.07835640735387474 0.000259979212179274 0.003881331642510528 0.043433112362295447 0.09782932090527781 0.056490766028092554 0.010305688714405107 0.0004086478449724565 0.09530577878077949 0.08773831303364674 0.038012171887907016 0.09819117817520633
72 0.05725722037110851 0.10638499802893073 0.0009764460117715301 0.015824974852356496 0.08849515287535238 0.027991880032188082 0.06837552950296809 0.04730812980437042 0.07200708886341525 0.08358117674117843 0.01887768328090343 0.04778343889646167 0.07795730672391461 0.028197922867303472 0.002737883541740904 0.047495189794371194 0.08725736379577315 0.06637142902578043 0.021322537436761158 0.03379664755334998
73 0.06917804027280576 0.025946233938016212 0.017508915310288052 0.0028087150533919287 0.06953281590093004 0.07234763125617501 0.05509972197311211 0.02584623483327755 0.05499817852159626 0.08058416474412065 0.03880000152750454 0.06677463061676885 0.05289213867510957 0.0562966501291557 0.07948303898000286 0.017333982161122693 0.03840248380098889 0.01892060191362685 0.08618607822218086 0.07105974216982587
74 0.04094602253979941 0.03301012294917014 0.04507573962722281 0.08641065456933926 0.0565281690937383 0.048893846871409234 0.08137959845989427 0.02212795459977864 0.07350362601544266 0.014376949108981182 0.08357762109458698 0.08421911131724398 0.07015496546820196 0.008803613527732101 0.04023585172357729 0.06582353385558899 0.030917705050861333 0.04043594771207452 0.012119783962918209 0.061459182452438525
75 0.036268088320218585 0.03791998109315449 0.0016748870208996025 0.05487262575493306 0.020244666445223932 0.05595440103421521 0.022736043408921488 0.06936097900566998 0.08662652861148185 0.042418165406600844 0.06422946454824854 0.05091694940965384 0.07109399359436022 0.03402429058229439 0.013554461511048856 0.10456369270108366 0.07317162736292576 0.01764897503818709 0.07093944491056751 0.07178073424031112
76 0.0004897997944398171 0.04448145283821974 0.08188695881526697 0.05128752996015552 0.019147942012037476 0.09059484069375062 0.03219519881059528 0.07004072077323176 0.07691064237276224 0.08166284132405106 0.0697053185339757 0.009744793477982397 0.022259676347898907 0.01464627974082217 0.04797613980560211 0.04833838123921626 0.10331150159972995 0.016836378228142747 0.06772512511027319 0.050758478521846
77 0.07984017887597054 0.04035631572805091 0.043967076237244836 0.019631851696450573 0.04012343460044764 0.06641051970216455 0.0858113000927678 0.08279799327215814 0.04714312964530261 0.07381356259359285 0.06400906001245574 0.00230917784858454 0.06383585458278983 0.06730010114957252 0.027800223998585637 0.068041064119078 0.002475861361948934 0.05429524884342062 0.05146267310592652 0.018575372533487348
78 0.05943701868803172 0.019173351018513998 0.09091297862894235 0.06117741358004839 0.012001042661678245 0.04213011333025533 0.007829665634111258 0.08630359770498366 0.03764419257497045 0.013663793300631097 0.07612605272168671 0.04884113815237904 0.038168183478910975 0.06226498247092306 0.03611270945348136 0.04678924632955842 0.08841850905851895 0.07266139889748793 0.06704327981284558 0.03330133250204137
79 0.041079770403379276 0.055710494269518206 0.03696729779515693 0.07705717616071008 0.06729232802717844 0.06831610822762677 0.019564087363766247 0.06548885334525391 0.014325230152257559 0.04252701526168354 0.06754809821416952 0.05979045557445248 0.05320010640683887 0.06509321030961199 0.004573373824273481 0.057823339843358273 0.05102046793474773 0.07504594950169395 0.06810968494201096 0.009466952442311943
80 0.05112295447443148 0.03158971325025626 0.001295962373596291 0.057269902759406 0.08966593037102276 0.048714126229088925 0.08875986418522949 0.07746906667527288 0.06773453995723133 0.08379373164425204 0.030933564846520684 0.08452894789596965 0.014131874360660657 0.06894921816055828 0.04762025686412427 0.04231671974580875 0.009668782737986048 0.008444914175326895 0.027542423431979445 0.06844750586127786
81 0.005197038980397837 0.0820096376229334 0.09191489959810978 0.08721266259748439 0.06733713592278115 0.02238767332805118 0.08692154226769705 0.0877627118774576 0.014531821809901592 0.05643370469253639 0.007220462470986473 0.03046973559059545 0.09660792902024183 0.07645010708351066 0.08401153594622224 0.0532458233593397 0.0008726266859822762 0.029448019759643108 0.002191989187373412 0.017772942198754388
82 0.061881019434730414 0.07417437767525178 0.001379664244009384 0.04288818650180029 0.08239289872710068 0.0656993008971704 0.06163247577595728 0.05656578674553526 0.03676907049336132 0.08477288272253423 0.06733353086328381 0.03115430180000361 0.02896060743021016 0.035498171830586206 0.08694411390195375 0.027011303846239055 0.05093958385957367 0.07914186303467186 0.0059336591310460525 0.018927201084980867
83 0.0614211655362392 0.015324964812153489 0.07777983439176837 0.036135596517294574 0.030809351214401193 0.04258275128534538 0.010236757771556726 0.03786619948878095 0.09365100512611545 0.06741328213773251 0.01259091667216055 0.030297469753469548 0.06698235260855655 0.009194487303661715 0.08229980802577211 0.020049270488247898 0.09476867772727425 0.11166269890630375 0.0501669655642413 0.04876644466892434
84 0.038058728424694314 0.0004361902173677855 0.02848768421685735 0.09752300431562765 0.11926323976679144 0.013095757029673123 0.14223106330270568 0.07267657560327832 0.013372645573299948 0.009997868611414162 0.02914161028453513 0.08476695298966583 0.09552647642901538 0.06750509608339318 0.06516535142226983 0.004663481248399551 0.03210097314428872 0.03211480170438463 0.0076295809663273 0.04624291866601068
85 0.0689278605896441 0.014261962055361762 0.022527021661633555 0.06577845844985951 0.008958814209966574 0.08082799714535112 0.07355186231533146 0.035002432259698596 0.058696714783121454 0.06951498569723079 0.0679974893692641 0.014610834385336243 0.06281360109528576 0.043404501542531934 0.07294060151272304 0.06256510389044682 0.03763577163753474 0.04024668964485774 0.07936457515613303 0.02037272259868769
86 0.030915295383524815 0.06614696334161548 0.02981977583798876 0.06758110641389993 0.025420348579102716 0.014622402128254046 0.023551891249109638 0.058449214642933796 0.0615704128614539 0.033947879544136056 0.07555653140086577 0.07048538361630509 0.05227212669835022 0.0608045059293934 0.036095273288431574 0.05589160214804202 0.07566671283740992 0.06353620325691044 0.04179958223928587 0.055866788602986564
87 0.0791196977913913 0.06764653780010382 0.04332414292364314 0.02909271688286947 0.06332133112546279 0.07490671696409537 0.01805238976522756 0.04452499816603974 0.06382354257479024 0.08212180457517103 0.07555787985703677 0.007970185786236986 0.058604346614636746 0.05911217862140006 0.017837320944428248 0.03371572754493034 0.04936600431397413 0.042035384321605314 0.035212113725861124 0.054654979701095605
88 0.011852442786223074 0.10530588540541444 0.10410885800755332 0.09742551868787296 0.10262081699614162 0.039003276881539296 0.0018309428274691712 0.029665135426155443 0.0481330004244774 0.06774880917733969 0.05965998617105076 0.056366357953613354 0.01721460033124793 0.054582696601772895 0.002888903845412805 0.009557037522597324 0.0448155198824601 0.047130922674551746 0.08313550332087051 0.016953785076236016
89 0.08353887348377617 0.0042773771588769695 0.08179937213385591 0.0894691653898416 0.056623823985225884 0.052443823261965575 0.052282752227754414 0.01862402248684649 0.06050679506343957 0.02053127865256657 0.04712802127705445 0.07943986780120856 0.05517186933002632 0.01429679292467682 0.08222668677755103 0.08663646977020556 0.011190912435547188 0.06399071021941163 0.020504534751440522 0.019316850868728586
90 0.094744627687264 0.0998855578070677 0.05997130342729979 0.06382094355370246 0.04527045825067866 0.07739397136283342 0.01106699785761376 0.0010473400299259967 0.09297175036222774 0.0656830485399005 0.0018459883972644557 0.041008014973265415 0.060525915547464115 0.04767630815732914 0.021218820952060593 0.03425841616650108 0.06652722065918201 0.04974704383629728 0.06016621190025379 0.005170060531868057
91 0.06173082297903194 0.08528365916672331 0.0322416577704463 0.022156227635455383 0.010390228135119509 0.05911923325908939 0.02248582973282675 0.08440899735520327 0.0239591415259834 0.05501577342747374 0.024330895079898943 0.08638423858774479 0.07232073127156828 0.071099025137625 0.02312223240357659 0.02452973367965019 0.07189344653109893 0.038784998654528204 0.08677111373903151 0.04397201392792464
92 0.07707421823629639 0.07240834674693046 0.08097176540774277 0.0016930967405644963 0.06916234810680165 0.091265549580776 0.06239877615433297 0.00636699352817904 0.08583273467211126 0.0292914133102201 0.00431931752774102 0.0754366731213084 0.0644714143922942 0.06003962800631106 0.06511111735869561 0.01755759232586847 0.014738336282024651 0.04516249939125972 0.043804345003625844 0.03289383410691593
93 0.021742634665954594 0.05835365733835211 0.08386033076785276 0.0546374519686711 0.06337277359589295 0.051269422495800014 0.0802903491710234 0.05366350578699946 0.08252857509151046 0.049814661198360775 0.07597586815807275 0.03728557235270049 0.006797912621548049 0.039423458116994284 0.004318041397273487 0.017555470496420467 0.062224378697606296 0.07290083996368404 0.04425016371000085 0.039734932405281725
94 0.0026756549910450108 0.05594647253024776 0.06972698517699631 0.04419499821137664 0.058949863411679765 0.08640508877743602 0.027310676312554696 0.07475830130025023 0.00904517096907373 0.09968199307217634 0.04094264129932861 0.035308597918543135 0.003589037921308902 0.0900119236506727 0.014670933232958034 0.025152775296904815 0.006925327955678658 0.07669839068067576 0.10170731017121233 0.07629785711988071
95 0.09074102984074041 0.03748732406878187 0.04680743007795185 0.07615949442530592 0.06514182625641392 0.07856686672666992 0.013029287838725333 0.08561453615413182 0.009319287432885463 0.08193747599574507 0.00758109174417462 0.01496977895295064 0.04005901261424294 0.023178121514346305 0.01417162990842076 0.06994528306688973 0.0865400209003027 0.07691929497499744 0.02618233175317556 0.05564887575314801
96 0.03463301413179264 0.06988687870213692 0.016790819054110846 0.06421429965666793 0.028767216571463278 0.03660599983616809 0.022587050054414973 0.03414297759086006 0.06975340798445977 0.033730424250002444 0.08411840536805229 0.05352919569480981 0.017597815605004685 0.09298365821263711 0.09404751068731142 0.06461418666060736 0.030658787083139773 0.06859270222365438 0.03119474033832121 0.05155091029438482
97 0.01041257468077492 0.011613991812828928 0.08915762106852232 0.09519083103293449 0.039240543560771717 0.017278929079353394 0.018984208344281103 0.052397346128652655 0.1080659214000589 0.036041086229357804 0.009975402776108347 0.0569626266199725 0.09040743101975467 0.07140490934207759 0.094000200236178 0.07047510714680716 0.0005818801484812707 0.04020041334175431 0.011136636498736044 0.076472339532594
