0 0.09217598909026826 0.0006727364282534272 0.07729043326346972 0.04138423102477033 0.020843066983767335 0.08383938088665793 0.07248772740688242 0.03082586793205822 0.06884056699049337 0.05595931312575363 0.013876366273178535 0.0260211840198098 0.0903679595989766 0.08525753385766077 0.07112226766992577 0.004553393878559343 0.00112182936232491 0.09154688950682685 0.01989811480588546 0.051915147894477244
1 0.019002311393085253 0.07585245426756951 0.08573714914044665 0.05015324881520308 0.025781003474584605 0.0035690804352716877 0.09591285378055642 0.025439630511576054 0.07797942014514626 0.0032203987386204046 0.0904960911111047 0.03273304647976416 0.02737056738131898 0.07925001823880264 0.07448416420535067 0.06230686538217204 0.0023749343397317015 0.04829351853157318 0.09146738860008805 0.02857585502803385
2 0.02008498866091744 0.010659882007058807 0.0923383688194783 0.06784424309439753 0.07393350763585364 0.08094885051071415 0.02727307427858501 0.009562928864356599 0.07178627873498827 0.0642419158093986 0.039932212734236264 0.051630148226593384 0.02384226462349845 0.02030660181214053 0.04825376644663908 0.039594035594725366 0.08066274674266223 0.08947920973970702 0.06204484026534137 0.02558013539870799
3 0.057801376165728356 0.07448145204023729 0.11629702554531483 0.09435680050054401 0.023183659718128965 0.01566635745658677 0.06510505541330056 0.02747266593994439 0.05014343659427271 0.029684478797503164 0.09196552998020471 0.08524313903637014 0.009586585686343446 0.05607531538953661 0.02522157903019605 0.012559603445060283 0.06783461858990047 0.053488085092985 0.0418087260159768 0.002024509561865334
4 0.04826211349321349 0.06656336700648208 0.0661015428244534 0.008071404071165803 0.0002189373248120036 0.029685872063030548 0.07140163101573675 0.07593258015109257 0.09967806022956492 0.0008184852710666901 0.025090607947183572 0.009157894144374635 0.06436470572682183 0.05640371808238831 0.09230803525145356 0.09332891891949088 0.09072510462867267 0.021041310389665942 0.012879513310619517 0.06796619814871073
5 0.009861048692350301 0.06146712931077563 0.004115217187360003 0.0757286487979053 0.11079411066595403 0.11799334580338033 0.11722244186833408 0.056918147697490803 0.0031144866793701782 0.033092292441556696 0.016722620124525363 0.11831899402805784 0.012764320606178868 0.10532919093465919 0.046076087338202516 0.0077098966686937635 0.05141947626675515 0.027404343793379825 0.00589639397692117 0.018051807118148973
6 0.07072020765521701 0.07347421812437778 0.017236597427538792 0.07377968178199064 0.05075063358319661 0.06960049278377779 0.0668071198476178 0.009243428694568527 0.03680823362640826 0.019723826908725494 0.08128763056995024 0.07416685340775996 0.02898350509378193 0.020588232809692228 0.02084318591511399 0.05951697626658645 0.04026736804989497 0.08218196265744539 0.03333075015878933 0.07068909463756679
7 0.08717843033119338 0.0864936259602485 0.04487725647872954 0.008435600315397421 0.05936933507084428 0.08397209919205102 0.016729096512885934 0.0913761405351326 0.04352610122111102 0.024847837892416794 0.04110940113220195 0.0597650232135075 0.003351725384001407 0.02438118136774885 0.055109697045280875 0.06401107804209666 0.046618752473516406 0.05641876292630294 0.008107678512012625 0.09432117639332015
8 0.07962418606339307 0.0734726066010226 0.043323904169234075 0.004129003012151387 0.06959600501494037 0.06457407921179115 0.027296242683534536 0.07475407827051428 0.08403751230062208 0.08177907047034885 0.03535852939420899 0.02171874558309107 0.054736566249464755 0.06144069448885291 0.012527184016163937 0.02802382372185984 0.024240961156423983 0.0061198401062995305 0.06298549246656439 0.09026147501951842
9 0.08325386327936643 0.0066855590702923785 0.05310857804892812 0.06432790390568191 0.011296278515184496 0.06598574707469958 0.05121266089888799 0.06440881895431769 0.030708925389009215 0.015487733613287136 0.03680027773888409 0.07982833579100396 0.04359070384833633 0.06609196063503475 0.08224812256375269 0.07442977592706775 0.024906781788689387 0.04024915242627716 0.07533666049210959 0.030042160039189227
10 0.04528910359922959 0.06936782130676131 0.06404013060979828 0.01612533420048244 0.013210473138040255 0.06657640251336043 0.061290850304693494 0.05856663219153127 0.06867769273554729 0.030787566427257426 0.08559965492791281 0.07903977945400235 0.03358263148747642 0.08236093484664993 0.08020775132118484 0.061874951104434736 0.0012255413267103152 0.02768349702511368 0.011642326146364455 0.04285092533344898
11 0.08300885792798152 0.09665063493550588 0.03867732002245355 0.028374859319024295 0.08957495387501395 0.0028402074416320503 0.041495771405269485 0.05646713646459274 0.0935779408945483 0.07295179901488014 0.010528194500111727 0.07169996923749072 0.02400913364796688 0.05517561747969183 0.07389105163642312 0.02852806766625854 0.08761532338148396 0.020302602918867773 0.013501872696225187 0.01112868553457801
12 0.008382894957828978 0.001139171092458833 0.03955953767544624 0.008763232150893452 0.024892621936685656 0.13312448748246414 0.0014146970145555988 0.1842761804742651 0.04964639095342913 0.06869746022928598 0.007524098038304143 0.11864115200368783 0.025099361241628003 0.0869075890927443 0.015988861072757776 0.10892647541267404 0.0343509502174355 0.020216525570985053 0.049303696140677734 0.013144617241792375
13 0.04386904266616962 0.07894231799793637 0.054212399555322366 0.007912889707993033 0.08125385421754944 0.06621437740719265 0.028134947358862454 0.07827957176067163 0.06901775723926633 0.04169027545472633 0.08273626449667672 0.0265936376250507 0.047005706043995205 0.03456525486479709 0.0583869556267425 0.035009063273271086 0.08393200897745275 0.010750169562358587 0.0554793973989845 0.016014108764980668
14 0.013819545481403857 0.056397531313937356 0.08894028094583091 0.01565958039124822 0.036866770071058444 0.08932573362062118 0.07825052366694858 0.03763765880815599 0.011230665385000066 0.07159773463208621 0.03477435821177697 0.09182779559407986 0.0075065404759867725 0.07552972153341837 0.08824400594582436 0.06257008298993783 0.00556433264992593 0.08225620654423946 0.04675217477701305 0.005248756961506634
15 0.1019975370828215 0.04067870121868721 0.02514147445166357 0.0737315347197543 0.05533122701445456 0.06308628210613426 0.022928290888184485 0.03832143833730394 0.06636409226651006 0.09062771697628287 0.017583796362342193 0.036706707802421586 0.0026006903303547164 0.00253957114893978 0.05078955037753302 0.03345420441990833 0.10008113436779914 0.021748602619852175 0.08223821846171535 0.07404922904733698
16 0.03701640311016307 0.03935983067125606 0.051276562781886414 0.10475257436321167 0.06531974928966476 0.07464640170961084 0.07036136536159515 0.026228920025854 0.0032762053864028294 0.08549272524796554 0.01114096535420729 0.09394784238167861 0.07871747478311344 0.027607632934501306 0.0539030815486044 0.000365209843080982 0.052661381003599954 0.07553480076082289 0.024072766629253627 0.0243181068135273
17 0.0590640549555039 0.028496158899341678 0.05903992786161109 0.04982990714416747 0.05905726624406876 0.060742342172447866 0.09103363665204507 0.03906962505619102 0.0035890801952675965 0.07076553759702515 0.0704607786670097 0.05288006159883879 0.08374916712357845 0.03784507189987689 0.025860209850376743 0.04751373853565242 0.006402329575532092 0.06398405868662477 0.005024239425369719 0.085592807859471
18 0.0046077019235555875 0.05754521733676643 0.07466533530193964 0.041824411144143966 0.08943635993096552 0.07864143743074067 2.935663078171859e-05 0.08760904182078555 0.007582360202582493 0.036091403421811996 0.025980239993628886 0.01610260642879089 0.05237530558088372 0.06996322357038871 0.08755901934945393 0.0924458598267779 0.029736761181695905 0.018727366128547494 0.08792309881564196 0.04115389398011696
19 0.018377724259658022 0.06857694511887455 0.08455884646173192 0.05933868991165501 0.04946669588110011 0.04073266071133478 0.01967118886559142 0.023939720485161877 0.030103477879408258 0.08345235182148085 0.024667999536321646 0.06215707026982549 0.0014054356281018787 0.0786732488613537 0.08554388766523281 0.08241575906307112 0.03097146136366892 0.016499242870285785 0.06954517354479822 0.06990241980134379
20 0.0003817895278142046 0.05598839406206398 0.053573572166390485 0.05280309217838102 0.05921778253038462 0.048638710371727796 0.05040116856497256 0.06445605858771801 0.07316906273612922 0.05344597073258265 0.05073320225416064 0.05215009014603284 0.0724422642344901 0.04453065300036959 0.021242014912482066 0.06933217422846451 0.06030184555349656 0.05948791120549387 0.0567304418993543 0.0009738011074908214
21 0.011424704810072198 0.07492057223308944 0.054660633308407945 0.016486172725295303 0.03966551613531449 0.00396524860076886 0.08473585817284525 0.04312161914700442 0.08090533030994805 0.07758948037269352 0.04691748205800995 0.036132929666909244 0.04956486171910537 0.08209481100205217 0.09167298057429209 0.04526202627419047 0.05432056355665563 0.03677256897073751 0.007409323905716915 0.06237731645689109
22 0.04490573226405327 0.02243722250804969 0.06561147110130712 0.07895704830864203 0.06533893740610457 0.003172161255787977 0.06619324745794464 0.0022726617384581115 0.06283084525053231 0.04284281216040297 0.07679641506956102 0.07243882697342763 0.07305943459444103 0.038952123902261916 0.0036266675001031556 0.07324295201084573 0.006000913867591162 0.07182288904871807 0.07055227031890497 0.05894536726286276
23 0.06614325911558526 0.06450213217218223 0.016555524849935145 0.03461031573026202 0.0700959168137527 0.06012134496815014 0.047595565352437946 0.037473666112357404 0.06570413714182492 0.05390961484311063 0.06038376338908046 0.04762146069934995 0.01611361417348972 0.0482163929488237 0.059483856019567266 0.06619291242137786 0.039991866485787696 0.0389968630624287 0.05594622615986483 0.05034156754063145
24 0.01160334071840518 0.015585501537756452 0.088186248261984 0.05128664417772275 0.05470115016319496 0.09009576362551182 0.0483836978919941 0.016011588907566234 0.07129447281936757 0.04441238308406056 0.10523371220319766 0.002787643663505985 0.08397035525661281 0.056012597393923357 0.04945740524616776 0.03719292935789816 0.07987032309033053 0.012049464534460368 0.037326385720286646 0.044538392346053175
25 0.024753625055764766 0.09491678585471142 0.04327300520445213 0.010363975132339113 0.011077224545058027 0.09046110569217089 0.03232273194551004 0.05585363645774778 0.07742002136235543 0.0378315229895415 0.07088541875769837 0.08627327804747909 0.030520044644184216 0.029735851257512356 0.002617552545112848 0.04021853284376341 0.09457597213023922 0.05551999400333476 0.059507703126808816 0.05187201840421596
26 0.049390902681064316 0.019997049346840965 0.037369053833906804 0.054497909785580785 0.08840298971831623 0.06893178432220391 0.0080619492101749 0.041482308070463936 0.0338279217709785 0.04517697691236424 0.030501986185081664 0.05181651822231382 0.08736966849675397 0.011132960236320587 0.07795677791967348 0.08277405404259354 0.06724951488587436 0.06596535322085122 0.043512780252510555 0.0345815408861322
27 0.03200455505412548 0.05764659602733689 0.05029490729778924 0.04680506652999832 0.05654758590543174 0.025254539831283323 0.012089940719294498 0.07261950359205356 0.025734872906553657 0.07617441566070739 0.044641038171765623 0.07602816498279807 0.07798612632067714 0.03802527670047641 0.07884643148401167 0.07639372634789797 0.058642635192875804 0.021261938945272375 0.0033057658110028035 0.06969691251864812
28 0.1068694556601277 0.041393829157483714 0.01834181666165488 0.050014794150201214 0.06859917484205846 0.08953937539043752 0.0011257315320321495 0.06293976972952464 0.061112791795586055 0.0015328235569607826 0.009018900183812453 0.033508900130812924 0.008158246655879511 0.08478358617478131 0.061460749575303175 0.10045055158279635 0.10288925272749909 0.02146433078759917 0.04000719952174878 0.03678872018370003
29 0.030816621592800235 0.01997871895851399 0.052721506804365874 0.06290945862655194 0.10247603906670272 0.014251326843251836 0.04382551849820726 0.002368254862165506 0.11018617765756562 0.000841253197274499 0.0916917508320833 0.0066902027710104 0.06364260597213639 0.01600766812581333 0.015166138258387375 0.08531650861791625 0.08196014674989073 0.0070660346482216765 0.08069268569914989 0.11139138221799118
30 0.039227069703864206 0.09026664367980924 0.015115272710592983 0.09983425639178406 0.06728304233276985 0.03254421818827595 0.030301324770565033 0.0487034381697123 0.09929629552220393 0.0005209001352443346 0.028126930842521908 0.03556809434178346 0.10291824281508817 0.01791436972557799 0.018552678891483827 0.02178172687606567 0.07204853837773031 0.06487345939861718 0.08669225931904466 0.028431237807264965
31 0.09037328124361388 0.031851722744268104 0.05813708333209323 0.08270340229196624 0.05425910252107352 0.09588727191408114 0.06454095597797638 0.00821491001358942 0.09623316158019518 0.07830144374792015 0.005763708602801388 0.08224473395058868 0.03719814645487444 0.0520609424404334 0.03774903629156735 0.058559810645656185 0.0092137823230741 0.02571344512958057 0.030268620804216564 0.0007254379904303745
32 0.0033786235928739174 0.010254660747602007 0.02838833307676262 0.041149397242945175 0.031008983517499422 0.04070749343216388 0.023879428490585594 0.016517436555376932 0.08402943015655627 0.031766714730197175 0.10214617311044316 0.05903171487037826 0.037726287550091456 0.10660650685118736 0.1102853532004563 0.05344397467294995 0.10977106299034496 0.03592695668624948 0.06048622954584688 0.013495238979489078
33 0.023583916258207643 0.0866471929319669 0.03469190715084485 0.002148486604352616 0.08645665608002945 0.025478993863718206 0.0433548729327152 0.07552788945379509 0.0676922936052315 0.08674316347283305 0.0075717971972126714 0.07602176825457542 0.0739707195786665 0.015539597084237954 0.04891661131880038 0.037683367984580836 0.010509247978315872 0.06373287766135247 0.08647576288175958 0.04725287770680391
34 0.03677313127820688 0.013691704337923933 0.06838350280359438 0.06153636316950002 0.01958575608251563 0.07782447103043447 0.0400180105398002 0.018766369657436326 0.09747610051730027 0.020164803102222042 0.04838937254585616 0.06286309654730288 0.08243656213462794 0.038821864051304764 0.046596091237500394 0.0803104245152845 0.016591319628736407 0.05170764255546355 0.07462787567880048 0.04343553858618899
35 0.06968888874908175 0.03962194839657091 0.09172253247106996 0.07315495355680351 0.08598892672785348 0.02608174982383047 0.05984770263220407 0.03858367024549396 0.08312127564395255 0.06863353084313788 0.04195666045593972 0.03086191437033937 0.03988037020640403 0.059114386221206586 0.0032045538255497394 0.003874188061246016 0.020291617047704977 0.07354681390164787 0.05000499009725547 0.040819326722707557
36 0.06056236024667096 0.05635010136316653 0.015178248744054563 0.01410722637321933 0.058206306123546755 0.0939384020081024 0.07442666947311297 0.023370196602240278 0.0667413606918383 0.007075483079767813 0.05745359518114557 0.02339294192899599 0.028501126822847708 0.08544598683913661 0.02264773804066526 0.03084162330161041 0.010693617744645468 0.07829363583150535 0.09595920675976415 0.09681417284396363
37 0.04279543237011313 0.047271767762074916 0.06457829664924945 0.07790476601356527 0.09495655314892205 0.02046499357832723 0.00516927159117668 0.036738225330555825 0.0396952418598369 0.05753448361819368 0.011695279797156741 0.07523143921156812 0.07325520913911876 0.058290800682223975 0.06571203580745721 0.009903388901477742 0.030249811441079195 0.08289000363051532 0.05211689425589316 0.05354610521149475
38 0.0006172985268237329 0.03448408587376887 0.06177993768362757 0.09655193481385618 0.020826464770267988 0.05589748598834863 0.07046626154063872 0.018937255755416976 0.057974108296061734 0.1079464827582056 0.04772044492874979 0.03713134597022254 0.10882800110720667 0.016948891301846403 0.10384503988441297 0.06150499869129099 0.01391924481469635 0.02377492605656545 0.01811732077314118 0.042728470464851794
39 0.008611432308115953 0.03632258099234719 0.08992491668384144 0.003352476818470357 0.002458102464532 0.0045991783892277305 0.09314186653258115 0.06360636025034955 0.011280553017755436 0.08893354634490794 0.09075765447285129 0.05982147298446843 0.053994300867257435 0.021032966467454485 0.07655112828004773 0.06586893309653152 0.05345049022048016 0.04899915528146364 0.08320403278566199 0.04408885174165447
40 0.04747691250278741 0.07379651398739255 0.09055307011308542 0.00801639420262993 0.02182174309422049 0.03501405310912413 0.023461394553561745 0.04315267160344383 0.06567117541074384 0.0553523951713327 0.06384262752538113 0.03834945453152688 0.005966967369004147 0.056944045750844365 0.019072064781166083 0.037620128264203606 0.08458016500375151 0.06598882209560639 0.073328946805937 0.08999045412425682
41 0.013373401928642005 0.00055698034260519 0.07584959700458632 0.07563881521077065 0.05427109476114935 0.09917584245351523 0.04205064912809417 0.01958933662443511 0.10187829569088609 0.033827461221459756 0.06432078551479115 0.025925263802259402 0.04007908291671323 0.06379900939174096 0.07425143402421518 0.012526391654989978 0.033473140312596426 0.036356174471242696 0.056405771256220316 0.0766514722890869
42 0.006047358526826693 0.01632270009275523 0.09357282182195133 0.08111656477204636 0.028509972447689248 0.08636889659650446 0.04087427284667576 0.0368375173052201 0.09019005873816745 0.013702947314527179 0.07995782182352991 0.040514798365079555 0.019370301248969157 0.004825194802332541 0.09494182600653392 0.08600694232664283 0.04922737444764832 0.025935998055740563 0.07938083501862322 0.026295797442536007
43 0.05645304893741501 0.06113601951378125 0.07910411466970406 0.08217075795249039 0.040258827196289884 0.042863563312138926 0.036979270258305476 0.03321814469923307 0.05939639800213913 0.07738425608051058 0.0693812724578148 0.038283790403716836 0.039255322503955296 0.002633859023198806 0.05450504258968751 0.05527970246668625 0.04627059825833741 0.0739999987259544 0.024492103951771156 0.026933908996869784
44 0.08848947037392009 0.021834991671988876 0.05204105563736906 0.016198183039012187 0.013255258453333363 0.0379835681499245 0.027537580514369348 0.05227897294667479 0.08353171910165144 0.08415590663094615 0.05771388790245969 0.06255689473833355 0.03244434069603383 0.03208087201469232 0.05272030257179047 0.07075068621235793 0.08512033784773768 0.028796339500803434 0.06968792948465055 0.030821702511950738
45 0.05340710863831213 0.05511194868303089 0.08009953588643307 0.09919153534116408 0.01968539494647459 0.09005542340516429 0.04331813930894783 0.08533831825593306 0.05486471166051786 0.05351613378368891 0.009889593026359484 0.04901630436860093 0.02323112934529142 0.008727006905839649 0.036663079231111485 0.03493135575224214 0.010499029415784874 0.08481884994061846 0.0564993476031462 0.051136054501338984
46 0.061155166504299065 0.053472482864110465 0.036163488506990735 0.07807503744244584 0.05435945541632844 0.03328755153154601 0.05689836529617948 0.059692462932194074 0.06002760914562681 0.0661867919141952 0.027829076100180945 0.054025293462000176 0.04423200394150233 0.06673930889405572 0.00350213713154734 0.05184571512126509 0.01720876819540085 0.013771504329904516 0.0803915233840479 0.08113625788617901
47 0.025764952842024225 0.1077989674918557 0.049922688433088565 0.020953507944575293 0.06343778693740891 0.00964281257458614 0.034971966779635044 0.03841106886242499 0.03479827251741293 0.03177982673974335 0.07687129158150936 0.005861363148769566 0.07274968187540558 0.10475294476251905 0.06785211058057984 0.0023274069708264515 0.046943865442767414 0.10195696047006021 0.018952822358027612 0.08424970168677993
48 0.0222638916128738 0.09454741169762992 0.04731458878409375 0.0455479601483461 0.07193883177215671 0.00883551813834482 0.10031688069657385 0.051157293628926535 0.0017830849938303202 0.04890167776467648 0.006042053494444387 0.026191713961858445 0.06380751744549559 0.10655872053455599 0.029176606961699353 0.10821042908871412 0.02820338078121357 0.0014967336253814026 0.08133355035503255 0.056372154514152055
49 0.07400029430001982 0.0954255206577101 0.009310454507903685 0.016516528603985885 0.024438319554409654 0.09563893371432433 0.007564201565930844 0.09599111764782532 0.09906389602180395 0.01894758203633762 0.00599646169874476 0.053425107390952235 0.04089844083783655 0.07492342705838848 0.0070091120407680145 0.06650409115716381 0.09229880187700748 0.06347623089458623 0.040993494098008045 0.017577984336293442
50 0.008412862640196589 0.019901844185660066 0.10967151527326645 0.08900100342345076 0.055496037874390156 0.08494219214252736 0.07347449385095858 0.013017884770652731 0.0157515165438782 0.06449276051998318 0.014360678139224129 0.017055339637846636 0.06907397830061657 0.07995818426989972 0.03117201856985897 0.029580592908378927 0.016958663739590672 0.0977021490172756 0.06288036880897387 0.04709591538337093
51 0.09312087038103257 0.03513745569927246 0.0497957336363477 0.08285437046476853 0.08283429005333595 0.03312733312687129 0.019695748220005797 0.001673707817860614 0.01989498656791793 0.06923381274773145 0.052426323976011956 0.022957826874897114 0.016482152961694013 0.05498246791466342 0.07538371537590902 0.08936747204525747 0.08976672421124181 0.03432362092544573 0.039028456539308434 0.03791293046042691
52 0.0859917865131144 0.07677035121640645 0.06921793894933168 0.06233935681791659 0.0029784716853157416 0.09335733432935799 0.06626432474010373 0.07955831416679632 0.08053052522942704 0.007128225159148599 0.05510007798156744 0.01075961361476938 0.037033823936313326 0.0055061207354097285 0.042572838526643744 0.08922952895596081 0.0397547753714847 0.058231257519525695 0.019283766480899214 0.018391568070507434
53 0.038500153202944615 0.09845416352502444 0.06218400092549408 0.038695214862219766 0.09695635291917898 0.08025177954644948 0.06611420628072584 0.0002644068004663034 0.03958242610195599 0.06577295202358818 0.10404568176166418 0.022915951678180932 0.018239174872011682 0.0016863772578773809 0.061449639926821 0.008974182703791541 0.08839732782326602 0.0034525219784094625 0.10256058983377336 0.0015028959761566034
54 0.04775866330637399 0.08395119269374965 0.07675832728191821 0.042704649417715755 0.0158331780529926 0.03129539675868392 0.01905567417427935 0.07901955567654023 0.08035616962546392 0.01713852486917348 0.07008361158048065 0.006458076466264151 0.07663112272373715 0.058580022054068516 0.004174575632016692 0.07193698917587135 0.024609544487053426 0.05569379936652591 0.0683800655937377 0.0695808610633532
55 0.09406877470556296 0.05431691801062471 0.06883271635829376 0.029782543548123326 0.0826704007471187 0.004664680652746312 0.05464085647281083 0.026647374512536265 0.011292802439421731 0.08499380379172575 0.05155125671431775 0.03905720745907776 0.024161502135264572 0.08402697417008075 0.009244557921239445 0.08751716458438911 0.032674213158556516 0.025384025735727032 0.0549493553599458 0.07952287152243717
56 0.047405658484258685 0.0722428029558973 0.057966821083768966 0.011215536122308651 0.020785533824677155 0.019500042658887672 0.028211058070755784 0.02487885254238201 0.09418709025005245 0.08515681930491469 0.021579083006511332 0.0945184999935973 0.047317530734844904 0.08428745953782811 0.0856034924657645 0.06537353639760349 0.006729478870159346 0.031327907527751976 0.06053550640456536 0.041177289763470314
57 0.045639729136960155 0.028787747998385765 0.06830393792655035 0.048437324001167334 0.05968569619240532 0.06668254405427071 0.034380854620011274 0.055674059703190136 0.09020952798245205 0.03415560487707939 0.07672891992645164 0.011683599725183322 0.0664626208075218 0.02055721964474222 0.03850994091752013 0.0891456424751688 0.017005803869235395 0.05625153315697221 0.00800887757153412 0.08368881541319777
58 0.0064116929530374615 0.049556010525899676 0.043821025318538924 0.01643699252656591 0.006277047683394239 0.027055777992729627 0.11693223136751846 0.051111126120176605 0.014963426907246061 0.05200071480323164 0.06199398741746487 0.049489353389076327 0.029952262881576666 0.10239615171479273 0.1131691675174731 0.018558495888992898 0.05001181649179348 0.03254668903948711 0.0772873981998949 0.0800286312611094
59 0.037932350162141214 0.03546306277034247 0.018590624551748546 0.008279952981740592 0.05847992581352103 0.030773699369716374 0.08939637044695574 0.0684019371407865 0.020004494525839824 0.05372846191016047 0.04921432968737553 0.05251692245476224 0.036638929203418207 0.09595538986122064 0.10611711515573372 0.036692956047826436 0.06577477306318402 0.04366929230570374 0.0341572856393511 0.05821212690847144
60 0.027738338311679264 0.0014038929901929109 0.010386531059420652 0.06091826284301433 0.03494062968589712 0.08364000158126067 0.06217109826968209 0.08203605881478362 0.009497867804797649 0.04501204477361183 0.011936993341012916 0.0462152943787873 0.027858071881080474 0.011184797042512426 0.11484996760697722 0.014845799722436107 0.09164704538643262 0.08415867879479394 0.09443343774770631 0.0851251879639207
61 0.011158878767816746 0.06363778431514337 0.04510129949772676 0.09277383491967742 0.10208959958852319 0.013264604922286061 0.0973962617171124 0.04110864351828275 0.055581650117202695 0.09866756810848436 0.07181164189150542 0.026327397083642037 0.03105684097401456 0.04972366976220276 0.0652447219179943 0.030640364631626983 0.05471421122016589 0.00421252287127317 0.01426900884183876 0.031219495333480334
62 0.001052128455611788 0.03876186002902679 0.07063496587939926 0.025291830411656866 0.033291114290838426 0.08259384693274943 0.09154175729862543 0.08764118813029997 0.04658522882599337 0.0030987071078597294 0.0244934156301605 0.0026125018702226445 0.06638391465470005 0.08797821775587952 0.08955848996208232 0.046658966258134996 0.09265647712692962 0.04685449973686108 0.03719503868391692 0.025115850959051254
63 0.02054785554894585 0.07345201021268098 0.022747230876082793 0.001667914903060724 0.04789041676884247 0.07783719285044369 0.07965419920658451 0.0018273547007163979 0.02154924408027462 0.0865111205516449 0.1105944204653553 0.04391941605560327 0.10382714713287004 0.05219121472097906 0.009383397828781538 0.10034860064180935 0.041501287879091145 0.018366373405209507 0.07494734538945186 0.011236256781572118
64 0.070649737791314 0.10821699017517022 0.04504692735165468 0.04817456287019595 0.06735467241118909 0.0013479809590263828 0.006865387226154972 0.007099804529035752 0.028508346903312453 0.08287959380181524 0.04288029999688928 0.049082274988122454 0.051199464587076644 0.03419874852868862 0.004682020773004507 0.1110497191877817 0.008436294290585681 0.07044563503248409 0.052395314824820925 0.10948622377167712
65 0.016416638396320363 0.09940095690772882 0.05629411071287977 0.057807174865941835 0.08400104625648813 0.02134895121996444 0.031256116611020054 0.015335873245082277 0.031247157651214736 0.09366877623596397 0.021082555902140816 0.02293674324193653 0.043803837276687664 0.05021932292814002 0.015222636965272637 0.08625104505018147 0.08453226617965176 0.06081674276581248 0.08378214427309914 0.024575903314473124
66 0.04322880458598807 0.03649820203906872 0.08155979342272084 0.022936072176637047 0.005112912419649244 0.10099705722137138 0.059790083685016426 0.012018025275803753 0.06588704100947244 0.04895841823999134 0.08500619468393263 0.005007188051784246 0.07007186130091969 0.06468805307597392 0.08771226691214443 0.08725920425054103 0.0031292460691259736 0.002762500683494793 0.07595247340737135 0.0414246014889925
67 0.0612299141810613 0.07843906344639767 0.08537707747029767 0.029510578949605546 0.09040152229143066 0.03088364825186966 0.026330841177092983 0.07358331644816735 0.01795307712811794 0.05654109561289335 0.038199279337213725 0.03801235210300281 0.043748120974103855 0.021849446765781617 0.06660211073797363 0.0778936647190353 0.06440079800844482 0.008845154615422988 0.07531662223620557 0.014882315545881345
68 0.02490850737091859 0.030349656387409323 0.023949654030140877 0.014647652681546657 0.009382322458747478 0.00828162094371401 0.10237164720197323 0.07863642382323256 0.05275407170961472 0.08501698714073919 0.07186284748095915 0.10109069727350473 0.04948904759365744 0.07562646293824167 0.015329685007464558 0.010813231859755539 0.047667351952719046 0.07767713725433248 0.019866784409937725 0.10027821048139107
69 0.02115577289576477 0.001270803382879065 0.009293404443014066 0.041751550720783286 0.06605581629933238 0.027167991275204806 0.09648407860021506 0.09342555716003345 0.035528557556238356 0.1046102748779205 0.05219333036511141 0.05047214579063853 0.08989788066015751 0.005375754822855349 0.061397805628773124 0.08888291290590974 0.005395400701637057 0.04035117079623988 0.06628313318670696 0.043006657930584495
70 0.08966460621821322 0.010018553240325986 0.005072279499043129 0.035159735502927586 0.06868421111897847 0.03649325978576291 0.04587832513682678 0.01866697026705509 0.037915634869670284 0.04752207187250857 0.07096963945844045 0.07083402301375188 0.07116494182059596 0.058526633244304564 0.0808574488811079 0.12159718223580988 0.0214148075097718 0.024188940015598556 0.06599393453944867 0.019376801769858346
71 0.05109512154099525 0.018515894763845183 0.10680295505944172 0.005440581850694031 0.0007980475023531569 0.06361372109525719 0.09088989146292453 0.03686725157037465 0.007568989682262803 0.02286004486968683 0.08916496246041578 0.0718845341612304 0.04971301047892634 0.07423050720559264 0.04911896857668866 0.10924086797328544 0.017493985693503012 0.09142101813066254 0.03126918847855029 0.012010457443309423
72 0.0558358291801512 0.005242827612639907 0.05882835616969741 0.07244208774906045 0.020269811948583072 0.08210670561173353 0.07183495419656263 0.030976674226273978 0.07242731382740027 0.03953991772774524 0.056472236376054565 0.06031842246933575 0.03383331592132909 0.008804125871039806 0.03619813098409365 0.09248699261211075 0.0069967727467888504 0.08641520544628732 0.0522656555660124 0.056704663757099844
73 0.07770156340959755 0.037979773635133066 0.024061191488581816 0.08425692923336134 0.03620402941242168 0.02836036453326324 0.0675795086169004 0.08433285751490506 0.002486097614240546 0.03033004141111932 0.07299789265361221 0.08461215492796173 0.060978252418252984 0.01942113621679639 0.048581614776905487 0.07672460717543439 0.046325191361750555 0.008865056127011795 0.038248991092253944 0.0699527463804966
74 0.06142299338199736 0.06466884605141766 0.061772303361608244 0.012741573126112361 0.0594401530386805 0.04503044182596099 0.07322329241853356 0.034529974695337896 0.007927270304927566 0.061558344868305435 0.04791163685669807 0.04973568101456466 0.04132469198522019 0.04313008165546129 0.06845148419436729 0.07546962587544011 0.014237456017055415 0.07703424404059338 0.03317909353097894 0.06721081175673915
75 0.018749854560246866 0.0010566092409416631 0.021100519469660024 0.07440371233789168 0.098765733054776 0.06989915423912499 0.026184401360968397 0.06231133994213848 0.07123757819811836 0.10253573907591139 0.021853980088556428 0.0909410464051459 0.05512927785429707 0.10036771839443301 0.003947399643098543 0.014516069090032911 0.047583086156222046 0.030819169545333033 0.013500086700346019 0.07509752464275704
76 0.05633059012351418 0.09936424932187092 0.10324021873568508 0.01010885047995459 0.08372035985574744 0.036557812978377395 0.0542348397189418 0.038664361539840625 0.015827967022127434 0.040579531617380836 0.03662569742851606 0.06991085313201005 0.0411990744154041 0.050133062465214255 0.06328571819973366 0.048973523932109186 0.0030472877539370192 0.039651316466481894 0.037397222803080554 0.07114746201007269
77 0.02733938322291522 0.035558631945746516 0.04748347845649397 0.022169195825870545 0.02303849670550575 0.0017937368696503587 0.034618328383312955 0.08736639740475909 0.0811359353302877 0.07418446461677095 0.01538885506011019 0.020219129242426106 0.07226635833518755 0.1024128715466217 0.02002323506927901 0.07371028762986351 0.0495406678369853 0.052351797614824704 0.0758546930577369 0.08354405584565192
78 0.09977261175424913 0.01322819973435081 0.052061219183214845 0.007370441268112331 0.025221821120045305 0.07412989443543087 0.028599670651158645 0.0003948018029021016 0.059543470130408165 0.0922173565517759 0.02569633046293021 0.07432700613635969 0.030968220770214744 0.04994128632024473 0.06264564803727145 0.017398850984656638 0.07913040071576112 0.09497428407997809 0.014223182282372144 0.09815530357856317
79 0.0898715974436414 0.024359408202025014 0.04618782303659186 0.014805621673270519 0.04688868284175405 0.040822003236522804 0.026166046207848476 0.07719859974785484 0.05463460115544884 0.026262689632081452 0.020991862504374997 0.03210070358139589 0.08234568463030834 0.07107397101431429 0.007198454444291116 0.054953185354371326 0.018688100351168413 0.05304874382721679 0.09276555661854903 0.11963666449697065
80 0.07510962957851197 0.06363638827832352 0.029036779198904204 0.04769064789220248 0.03465194478308157 0.02949892567434644 0.034874289426608356 0.047813225233593666 0.0538214521378292 0.0015430051697711807 0.0787602600468722 0.07743313136542972 0.017420642031111298 0.06272816894274469 0.07973486194742774 0.015279530269447185 0.04875926716849806 0.0824089827855422 0.0589097942804971 0.06088907378925707
81 0.07242406140664605 0.022559642590368092 0.01991060268052503 0.08021883386859728 0.08300750624603091 0.01764429063728076 0.0024431416291510063 0.03646153837363313 0.07973284324915078 0.07421667843479988 0.056302909926213625 0.03307929629119255 0.014691675234911305 0.0753408831999956 0.06223462039732128 0.09043817487090618 0.03734276219762441 0.04647074894435866 0.06150388631590737 0.03397590350538622
82 0.07634936453830558 0.04149056739225438 0.056008194900073305 0.06508268702466777 0.08254777425260285 0.10266486714883472 0.0456773708213028 0.037358017261442424 0.0013253752123806334 0.05236659649478479 0.001072788597557058 0.0017413925320562127 0.10138095128899875 0.09055694082586935 0.040300451988544116 0.05805694395824095 0.005848610216049294 0.10396327230299156 0.0037961420497064757 0.03241169119333691
83 0.01005674342025747 0.06425766472616883 0.03756914646913544 0.05705977684632794 0.0308821409461525 0.08449528698248011 0.07649448643550534 0.0850200582944679 0.03369230232722125 0.03540432679926928 0.05120205691686813 0.07316632052005695 0.0647509179944368 0.04723338739445458 0.044123034668450134 0.0532470126845629 0.031171742444031647 0.02940148384515491 0.019942721112345938 0.07082938917265189
84 0.07813462743841533 0.0901891741771667 0.07607706565415487 0.02258392694154602 0.05328159396368981 0.06773607768980268 0.015383194682676104 0.030873658159835945 0.07888643268394308 0.07097558127969697 0.06074305409398604 0.00199150611318302 0.02379644200874267 0.07790814791113977 0.06253626853928958 0.03318767930312177 0.07623969729644224 0.026854488014697944 0.02667309577653908 0.02594828827193037
85 0.013211135775490039 0.03974899577011997 0.058490642652496934 0.0245225767088969 0.05636388798327102 0.04848012652142949 0.015083248424841348 0.08197908302738353 0.08262408143853375 0.05681014963253801 0.07702632996427358 0.009122322756131463 0.064792671690007 0.041555910484422406 0.0593731170709876 0.07851461165438761 0.07341380168461534 0.03626532813914728 0.06429980549392322 0.018322173127103228
86 0.04030930836563979 0.0022769798047411536 0.10177605164549548 0.07285142307283818 0.07593969943956935 0.0551349207106736 0.039445936592132774 0.05424789021983851 0.08739658079362517 0.014492480738901765 0.0017141046325519522 0.04663148456600885 0.07966936999049679 0.08091335596654262 0.03699459189326938 0.004428783518472519 0.006312227255371126 0.05065158698513297 0.055663630830008526 0.09314959297868927
87 0.10065484024036228 0.03737478784800769 0.032293714428959515 0.04348175780210457 0.031064423999352584 0.07898938602490431 0.05119954517045028 0.01742151326297364 0.03132890145299493 0.07210367086937249 0.06020610960684041 0.022494096826606032 0.04674774197369995 0.07659229681172733 0.0015274201449402862 0.10638395628691323 0.025437407269489433 0.05427927741854664 0.06292182025840501 0.04749733230334935
88 0.0681611442399409 0.06018185461886573 0.005553629894369243 0.05378959349002398 0.06115358810961846 0.0277156363242774 0.014538094999396246 0.036716167661552605 0.04575401203397412 0.06802204742028736 0.04561305261487762 0.07391843461550877 0.05558321554364788 0.061066246923546535 0.06404341284156961 0.018465261589946366 0.054233739523746896 0.07037560484216208 0.06608512058763709 0.04903014212505102
89 0.06992450467210072 0.045745604305360975 0.04873208147499659 0.06543405390992063 0.03229114660386355 0.04886998259722727 0.024368892914976497 0.029043089153782675 0.008746451672339518 0.08428216695105731 0.057079871930784856 0.052663866114784026 0.0949106079595335 0.055645258058921225 0.026778879525783773 0.0772415944453174 0.07089516046052287 0.0020362705943960803 0.045350965087602134 0.059959551566728435
90 0.10352189909442634 0.09361932101437212 0.10925123739243305 0.08061526594077897 0.01811341010604586 0.02387863790824979 0.0006748117440116774 0.03934421436731304 0.02920834996129386 0.018648567030463158 0.04842683134538475 0.049291937480968585 0.010695999302762169 0.06321809867185703 0.04482909863358103 0.08103555998948458 0.04998744593675963 0.056861834844591966 0.006435200935262162 0.0723422782999602
91 0.054084950226958244 0.051027958647707865 0.029288167111667665 0.07076758459253873 0.028926599373209634 0.003832465050468996 0.04155687286882929 0.0632255298906902 0.050483321834999324 0.09321446660473047 0.10066947496338217 0.051432923595774664 0.027522829680242923 0.08102099043393676 0.06354615666073574 0.028311688804766554 0.029530109632623234 0.033406456870238015 0.02784598919328531 0.07030546396321423
92 0.08040178191537387 0.04248129003988159 0.0451241027340085 0.05303053324634406 0.08135303300648992 0.008424558474948817 0.06279819992688855 0.044760147118481856 0.023642672282787946 0.07886178309496897 0.021341566321797772 0.0797047704838378 0.07467129114437539 0.03422566969928485 0.008133394713389568 0.07620584840756833 0.05508701789429916 0.08674463786288505 0.0014511104000675978 0.04155659123232046
93 0.014340151852408443 0.009186363103430902 0.07013798814563957 0.01624848443866293 0.01851684302116738 0.07864880053657705 0.030019329062780903 0.09425710965299824 0.07150551393584681 0.04656747090661709 0.07411978779800078 0.08512490666553567 0.024332260980909553 0.003725653700202058 0.01006751429717495 0.053628538552461295 0.10127115759455042 0.09099321557608704 0.08285149789122773 0.02445741228772144
94 0.03908972293427142 0.07915656077244533 0.01650242647894976 0.035109371518676435 0.05680491835904023 0.004853142812481263 0.013504077449813079 0.04900773023023414 0.08042149120684244 0.04738608652843405 0.0067752144893982345 0.08747201509291948 0.027786281716286405 0.06820707418513393 0.03247459798513479 0.05347634893471708 0.07802496254664698 0.08122510384895307 0.08832657600103222 0.05439629690858957
95 0.05220345720285844 0.031976205112073365 0.013280924538577167 0.003298272056636556 0.03009286850945619 0.09890949100382876 0.0705532140396291 0.037968991073648185 0.0359951461277034 0.11321466746127157 0.023897209589810564 0.08796316504029568 0.020904915660470612 0.004071496594515949 0.009761903856685067 0.04200437147050525 0.0917805158848741 0.06913804288711999 0.08675876669895392 0.07622637519108598
96 0.0668803402598544 0.012039192461041842 0.0717606856366484 0.0805508279530765 0.029324234593893068 0.039052278928739366 0.0840580619157448 0.04319639352202208 0.00991331422304754 0.09077087499949087 0.05542914403417525 0.041865202494277394 0.03992568396502767 0.04196348432195784 0.03762747783494215 0.04524655082033256 0.03715523781664345 0.0380972454754623 0.07546745535332816 0.05967631339029454
