0 0.0723179966355751 0.031909247649045645 0.08832294808772151 0.022717885229306213 0.07347671201610062 0.06191173558519381 0.0716374682329689 0.05908400893941097 0.006263279211131712 0.051179477831249064 0.08023076413776419 0.05444741790934033 0.003327396212507916 0.0388507232798224 0.0816700073966685 0.002875226423071849 0.04889502187732256 0.053495318933893574 0.0932067520112774 0.004180612400627711
1 0.08770689233428336 0.016392332596631295 0.012587685069669672 0.11721717771558626 0.03988481523295843 0.025874702754342317 0.008720020271444692 0.06302331282808502 0.0004802524322324958 0.10357342440742297 0.018060441843488758 0.009940524246284417 0.03905879636524354 0.09614921286313288 0.021439179916347303 0.11997164401194405 0.0038933505004564465 0.11669932326563018 0.01127497340771138 0.08805193793710454
2 0.03775394733395436 0.033709253775209384 0.09040076156689433 0.08939998329469158 0.05776756081410745 0.000991576095148413 0.05180803013060279 0.0867417152839488 0.04885247532921925 0.08778026823067514 0.045159801691634714 0.0769728452000166 0.06040527646585449 0.013427308099172312 0.055036760590198644 0.03425834840871981 0.03496797241508552 0.04115700336718305 0.01061547160558573 0.04279364030209771
3 0.029366025359649398 0.06641435998433422 0.08353057189933098 0.06562414262323962 0.0693406111081267 0.06866061544149273 0.06468058125358506 0.0705724821556092 0.024613228602099226 0.025882188138735444 0.023802693265999732 0.048590763965010525 0.0641534419632246 0.023435050821939273 0.06532200107020222 0.07262679754789463 0.03617407699017389 0.028980594072587323 0.06066341515391201 0.007566358582853372
4 0.04297612213397481 0.07828206710675013 0.10222838877948061 0.028401802693576055 0.01719985723939651 0.02052227152305742 0.014453631857079553 0.10941139865393307 0.026302232522511532 0.0012569723848600638 0.0312884637892814 0.04041183405897628 0.11462996762032587 0.007655235393066681 0.10542177037273755 0.008882936956363793 0.053119774166707254 0.12122730200831834 0.02680051225052413 0.04952745848907891
5 0.03239767493885995 0.011759288482189132 0.05821406413031011 0.035820067198066144 0.11018743074342814 0.05821556556559806 0.04265846213837878 0.06853839583239775 0.004623181340988365 0.033459592404475096 0.048798319805725125 0.11140025422721271 0.07080325860041632 0.10730469206234822 0.008735030975115203 0.014953018681862168 0.006986629684943223 0.0323504310465741 0.053324866290750665 0.08946977585036034
6 0.001771469954591944 0.024160836349414162 0.08487531839032737 0.04083966416394294 0.05936171088179568 0.037493913051918765 0.04065145498911556 0.09056744063864146 0.07424096556291326 0.10028617272279448 0.008220226184914522 0.06654881892107556 0.10688558545805915 0.07263813028436612 0.0041724512815548885 0.06608752510884425 0.03049151607312483 0.06867735513832728 0.009462939863856783 0.012566504980421118
7 0.07663390804743636 0.02995210774236915 0.028875750150723717 0.05316461253497471 0.10348509821277854 0.015440067052579054 0.0290818847668004 0.04952095967144147 0.07969855465206503 0.03278689985005411 0.07533808356987924 0.003130057064527516 0.1002770592903967 0.017197798694535228 0.044938947301254514 0.026068929822959927 0.03557991462742377 0.095064357565961 0.019574323298146675 0.08419068608369285
8 0.06152938710091996 0.037014714084166504 0.06600112309468525 0.038509765814482205 0.06794033307650062 0.009437718725125993 0.05938904874488503 0.04480188758035805 0.032198495851421746 0.039114030362935266 0.08679136901400925 0.06151539691977569 0.03491588405896336 0.00895515185484844 0.041763079920824876 0.08190744602225165 0.08380253426917336 0.010052843000516353 0.08567660940372022 0.04868318110043617
9 0.09854716447590797 0.0474005522644681 0.003055414864409179 0.009335860091751766 0.08274217016873206 0.09105450533102369 0.029573003339660425 0.04160217812581863 0.015094945035505224 0.09245612304662588 0.06992665209409613 0.09992593673326214 0.0115975648319671 0.06869477628192437 0.059393014788926966 0.07679704096924062 0.006517255347969492 0.02677078205276552 0.034166920001832565 0.03534814015411183
10 0.006620688419772163 0.03817312931139479 0.07870666555437575 0.016516794904051283 0.08327629832902278 0.00817000504626471 0.004969104016976777 0.0298585199933004 0.03375612823956784 0.07255072180764201 0.010448189615531452 0.06604045951604016 0.08783925079302357 0.07992371035928181 0.09259236452556455 0.09570082832474618 0.019725860540514725 0.029820758713597188 0.06711884369425374 0.07819167829507823
11 0.06765145734201806 0.07332702103313529 0.04008161802124742 0.0016432980924939056 0.039515680566551296 0.05111977719370323 0.06628943840275887 0.08485006828282131 0.05490297009350028 0.06370165307783773 0.027816279265993265 0.06525898054539535 0.051996560385033384 0.08424825663731172 0.028133949982313087 0.07498424137382305 0.015899629903049422 0.04986425478222759 0.04711589923506248 0.011598965783723185
12 0.08765745487835992 0.056839313042480175 0.049346018098342055 0.065475729064035 0.03735681764325871 0.0532853969413345 0.03184898717410999 0.09535952336796795 0.012842158661044052 0.03938014790404812 0.09900908680796323 0.015956525496509888 0.08646794424808585 0.0038767345747518903 0.01564705602544837 0.004390686871919483 0.05607277001516863 0.07010038721992821 0.11243140143851145 0.006655860526732603
13 0.10036421035555669 0.052594422663690146 0.0959529654191803 0.07204435009378092 0.035300420324717814 0.07751129724605423 0.074457594301339 0.01575656148845104 0.07130825276018499 0.04592345762447004 0.023212513980325776 0.052344867710175644 0.03297026006245492 0.028836382895844646 0.004320696097308839 0.059468406960106704 0.028179302007655907 0.07148204924268897 0.029552297073892734 0.028419691692120812
14 0.012010710909832146 0.09415962806776437 0.03139925639033403 0.01747194479180049 0.08512486303589499 0.10314679214623876 0.012323596124279418 0.006413921809620011 0.0021133199507035153 0.07557617649840064 0.025714639969978133 0.06827179661587822 0.07387526907354934 0.03849316066058834 0.0407841652572824 0.026196507953087887 0.06454054184924976 0.10602783436103781 0.09928075787510598 0.017075116659373734
15 0.04776925368895739 0.05687063461483437 0.0360796452444064 0.0238158290205491 0.04357432382040253 0.07477945859308935 0.023619019659019653 0.022091747294775237 0.08149957325514574 0.07314334367881682 0.07433759058961711 0.023671975565139454 0.03962371687733853 0.018370450271831554 0.03861771164121193 0.0673246111686282 0.06358100822976305 0.05271572716925686 0.0644278359452166 0.07408654367199996
16 0.04873291355599593 0.021720599188426275 0.04176498611812732 0.03176648993734338 0.010277727459132954 0.07397527211392103 0.018870866793409068 0.028374593346716503 0.07442810345229747 0.07860422380014485 0.04192072169368177 0.0690457259615661 0.08476906456716074 0.026535021208904996 0.06814974391697746 0.09976808371733413 0.03217494449660155 0.04284503737378537 0.07154830741009158 0.03472757388838146
17 0.08674429359370002 0.02251674011637318 0.06338495043841667 0.08176827796109738 0.03245346316716423 0.029179711915579862 0.0825734310973968 0.04455989398962883 0.01641419077794928 0.08396650218822431 0.08076475712717876 0.02831216028026855 0.05406560760072027 0.01266711944271474 0.02723610279468574 0.06925731701752973 0.033667134910857974 0.07454032797687421 0.020721086253171345 0.05520693135046831
18 0.05147904320842189 0.0755711419062684 0.051922882780617435 0.06126473659267091 0.06670998830110673 0.007194293095798479 0.046097003456350566 0.06083004845867379 0.04972191136858098 0.056474162003960625 0.07135855298373743 0.010665337429677796 0.009410278328590078 0.0585713005797612 0.07865579032236844 0.075480767735497 0.04543111282194611 0.009466536913994805 0.06716669938376776 0.04652841232820962
19 0.010001862062355732 0.06533068899943956 0.08172401250921303 0.08657569714946596 0.006154806834662449 0.04594458009617897 0.025290301930750995 0.056293464778149956 0.061551775852513625 0.0668983380354204 0.06375371688830708 0.03384058195214194 0.090620015528031 0.050383820375306046 0.05720831716645531 0.011263727065617778 0.07047946647125336 0.0460880449610012 0.043343596590283286 0.02725318475345238
20 0.05723286966572789 0.060298031697285634 0.08655774450307205 0.0019440892847929364 0.03866710644276312 0.0705448944928116 0.07854542751762834 0.08095838795709934 0.04038691558404394 0.01665695554303057 0.10056111827349136 0.0016677797128684766 0.0030459650068879345 0.058043697334211344 0.09678519704416723 0.044155776582251755 0.08129199249135571 0.06130787492221877 0.0011647487002553597 0.020183427244036573
21 0.07300222693868805 0.038249087270626474 0.0313229575949869 0.032582923235072295 0.05467168834631642 0.08056600212082182 0.058261144821037045 0.038630664949440854 0.009107190035076818 0.07488871709953047 0.03973171485219848 0.04063471479963423 0.055375157173273175 0.057750009622908764 0.05945859772324959 0.03176313325911213 0.08140234450022193 0.058697439939480844 0.04176094920273729 0.042143336515586334
22 0.011960785603799791 0.05450052153417337 0.08531854786722247 0.02218792117862827 0.03415745787888061 0.03456890369547309 0.08749271530237956 0.06605708193387677 0.04376920961285789 0.02554902402073635 0.03495378029949359 0.0357756777555241 0.018949218315277253 0.07706879294216461 0.05971112162547962 0.048378447551060494 0.0408342286974349 0.07287244355479537 0.10507963675032637 0.0408144838804155
23 0.00010430670271066243 0.002734098784084189 0.024478122586480456 0.015028139516309841 0.011861476203650273 0.018121192667652115 0.051555587681902694 0.02308266068876976 0.10314114008584485 0.06865844078539166 0.05369076304511203 0.07196149791535719 0.031519570798027384 0.0499878089352564 0.05450873887217712 0.041321660183024314 0.09632515547287017 0.09763666201498976 0.07163712202512035 0.1126458550352687
24 0.07031360100668282 0.06800045564193802 0.0715911829909006 0.10839533278036927 0.11050800891509267 0.0015409392015063945 0.005691116550204396 0.10719289638427972 0.09942738953714306 0.0019018672052828456 0.02421119181475677 0.06792919394270817 0.08038938441635646 0.022782027130823834 0.08182349718319701 0.008232000690609706 0.008025541031547463 0.016834604044928633 0.006642830327064888 0.03856693920460742
25 0.07885601232513557 0.01039151995343616 0.05623877823451517 0.04041830889262388 0.04867089278404693 0.07283457790570022 0.07017481876204093 0.03726896909553665 0.04466736357552456 0.07614381737785224 0.06046287453033557 0.05051686677723247 0.026910104326054233 0.030832482269050814 0.07840300635079443 0.07473206827473768 0.07931468471639425 0.01376053635793371 0.0310731130788114 0.018329204412242894
26 0.03374800751413478 0.09645012493782203 0.044849506736331826 0.04447800322945602 0.09492915089247154 0.10921384344613823 0.08880768351362645 0.0015125215280470357 0.007097157920075318 0.08078772984233083 0.036520127170960565 0.000677667579279543 0.03534467507357637 0.017182229704933997 0.019264243631035727 0.02888943691289717 0.028761050757571717 0.08583558115122815 0.10404469396013946 0.04160656449794317
27 0.06695526608458872 0.050783069816379575 0.014475801904110089 0.033982116941121514 0.0566013383862139 0.060053925975632166 0.012123370008337095 0.06863433463928685 0.03584526439118036 0.0701392582298044 0.06409435257864095 0.068280192838789 0.01570043679916634 0.0561366276132883 0.05094572740997935 0.0705617154418948 0.04540869596231608 0.06953329398400042 0.04565773071887415 0.04408748027639592
28 0.07317087224866066 0.005074136150532552 0.04112253473124734 0.11078339575490789 0.04148268769277702 0.10435457611310495 0.0913548578212417 0.026777655351719224 0.07434630729884478 0.0878791344451697 0.07883527291094175 0.0767856412675333 0.01309895560383278 0.0039641838235715795 0.012222215594958903 0.011661991863006963 0.013305314570874742 0.01125071807489502 0.010960389831595084 0.11156915885058427
29 0.02955475554301283 0.040631285430029064 0.005627979823836135 0.0007157806918925794 0.014948788272121042 0.035785961527895385 0.015839021150809214 0.0973546495138443 0.03959023784928868 0.05797804453312856 0.07015669552507102 0.10692636653747908 0.03991373426749011 0.025713466269468063 0.11921175397426896 0.013511441259021977 0.019263878409713095 0.06622383165833386 0.10348070662064077 0.09757162114265519
30 0.055636920746345644 0.08082373157718711 0.04583714464064725 0.0693020746673134 0.06532852244194555 0.06970167553016456 0.04632758050829655 0.052218267056455596 0.04973243745896587 0.05253972857755021 0.0017044962124725652 0.07639427693033257 0.018939853840183412 0.015805402768284963 0.05988647319827405 0.0842998705175834 0.05091059006065075 0.015496235380723521 0.06658903697532871 0.02252568091129447
31 0.07349832558016059 0.049034890536620565 0.10397693734467263 0.009401960770204167 0.07681033253543264 0.039708896498679036 0.08806531798601934 0.028565987350481256 0.05013233170952938 0.03163511786314256 0.02085483496838494 0.057182959094470624 0.03826231137821433 0.07108434984000161 0.08626598262024898 0.0441804039795911 0.04007716075436134 0.020106911692842688 0.056508456856434984 0.014646530640507048
32 0.07352294372086068 0.0017492237642262002 0.034393826106542166 0.07810823373462972 0.03185135726054971 0.04385321798228902 0.06004111577019133 0.06799801144367425 0.006353991827399057 0.043034816407271165 0.08242888810614678 0.03262692223007436 0.05427827122831103 0.06445315687813151 0.027789949522791096 0.06706500974088465 0.04217329631413058 0.05682434298697113 0.06180827517686472 0.06964514979806102
33 0.08375245293546227 0.017090627551717676 0.07958865117078917 0.02291375358334071 0.029565402037651036 0.0741248879547066 0.0648389827745622 0.08392215758424358 0.01744891881903385 0.07665829397508747 0.024983658972576112 0.05549182289967629 0.07374333984725592 0.05454868778405884 0.05803986432984512 0.02776037270613503 0.04199343832710092 0.055296727483812695 0.021016073726649983 0.03722188553629452
34 0.0477120075332659 0.018704885706235175 0.07565297633329954 0.031221135620971185 0.08805553006538323 0.06755670629413892 0.012521804343721575 0.01917856061193372 0.04834304555348956 0.07725178367057987 0.021203244248355575 0.04833464512453238 0.07515627181297947 0.06736956733639955 0.09344403228410134 0.062181564705285984 0.03301760773846634 0.011143148747718172 0.04768002630357822 0.05427145596556442
35 0.04370597583317258 0.009931537597690119 0.019868249399131985 0.11947427650844834 0.005698951223569424 0.025635031472311352 0.060385327442763474 0.04886730830386216 0.06716520458468458 0.02013906799655338 0.05729706227766851 0.007504168233619326 0.09041046527139394 0.11292367099708057 0.10207707704395808 0.021446016006909166 0.04738902092352405 0.024818715255255818 0.019158381011238738 0.09610449261716428
36 0.050272356409145985 0.06068252513135597 0.08317848984413935 0.058345245439113395 0.02315171359680816 0.04639048652547521 0.019174253800166376 0.043406462059261824 0.07236914403842361 0.02342171167862219 0.00599722127741198 0.034359234109474765 0.043560171309636755 0.07232896821253353 0.08048867048220591 0.006363810213638901 0.0815916225352383 0.061693105486331036 0.05296896476780676 0.08025584308320996
37 0.020595156045454845 0.034114200256657394 0.01463550041583889 0.05225031038810203 0.07149413678896409 0.016107909294033645 0.08736738750260555 0.07634975256554778 0.052842096821263014 0.005112615810976832 0.0714020027142505 0.06194169354235749 0.08333573533950471 0.07310533172741192 0.08342753067928264 0.011581846102270655 0.08053915037968308 0.021625103793905143 0.0712889710069011 0.010883568824988843
38 0.08270268037847346 0.05753809932542466 0.05077911997215576 0.042575755893835346 0.006240751448348589 0.03164218445579171 0.023004085345046974 0.06537276025838722 0.07280327285625193 0.04374753315209723 0.041587452244188916 0.04140895075233577 0.0522419999916847 0.06185340198330192 0.08467780468449913 0.034103876735009496 0.054966629492651305 0.07620017754342855 0.008546266340116172 0.06800719714697136
39 0.05865337063927898 0.019451443306520835 0.0826630648102641 0.007092351375993879 0.04904939251757026 0.07194802853697334 0.10323368702126419 0.07155263536716419 0.10644930397552865 0.07329241135487922 0.04341365489508033 0.004495974102231249 0.04360599445944464 0.01803952772222269 0.09610172840380939 0.006431221348535603 0.025022091894526307 0.02545174100087846 0.045674432127655915 0.04837794514017775
40 0.0359074486884302 0.07268340110656105 0.03639700355383812 0.0555112505386151 0.036673380027795945 0.0034535701484462444 0.002870916842938424 0.0736477437579286 0.07709837483075228 0.031177844774690846 0.04628174321749541 0.057235132917105885 0.07559167709581666 0.02363129959731932 0.06086185453697867 0.07572302517329581 0.07224217041272661 0.047326384054694214 0.05227944556913764 0.06340633315543277
41 0.027126153517643022 0.07695922313333285 0.0855619655919868 0.035114684934964176 0.08377833983865181 0.014795083690780841 0.009494140141736414 0.09669513454807095 0.07424369742964178 0.04280116100477679 0.07512383897110478 0.0737357268457699 0.012525116148873361 0.006693730782368722 0.06225595604106539 0.04568518987583948 0.07624502532988399 0.005935798543825067 0.09298993458152789 0.002240099048156164
42 0.0598281967644773 0.016385090610703236 0.08474144310676608 0.03703286280766546 0.06767749968496695 0.009324490849484158 0.07385236299261781 0.0777213694880445 0.02418048585184274 0.07031486839897427 0.020970898227846032 0.056403573923098235 0.09083371473109583 0.0687959931150247 0.040155482204936636 0.015999664053256476 0.031213031963506815 0.0876393790991774 0.0351617585986312 0.0317678335278839
43 0.010264286768085409 0.07345248232770711 0.04715323493687703 0.05572621221837485 0.04329068720576683 0.05391119017120499 0.019289122888352363 0.08020158120384654 0.039428138682034625 0.06851356329669453 0.03738694446295948 0.09258184216014718 0.05924854086953313 0.00033974444130739016 0.0598701853542094 0.06444819021559839 0.03413128943573912 0.06489064005884258 0.08218178531990095 0.01369033798281812
44 0.017112058561436355 0.09109727009220835 0.08753368862987757 0.06496628344846016 0.02184890351710141 0.06711737557191631 0.07285146989889808 0.07716939078039074 0.056947957667799684 0.03767223030307838 0.07609469043329262 0.07986358769069521 0.010003043050204136 0.005014534742281364 0.051711383746627704 0.06341062924174512 0.012918058030684292 0.014376494977948812 0.060304824213631286 0.03198612540172265
45 0.023513086786238528 0.07355382134624515 0.024518815095718564 0.09090772261847413 0.09470188573115114 0.025943608140759897 0.007086975561672568 0.03155795519350872 0.09456575378342255 0.07859214707365449 0.08408108990434472 0.015388531013974872 0.03186784281364494 0.04299474567476741 0.05631585255587591 0.004175641639382583 0.051346633945334404 0.041904164812266886 0.06849810670716201 0.05848561960240065
46 0.06852874039739727 0.07362533622598673 0.018916859459947893 0.01472273147859219 0.0948464831439206 0.06761204717097603 0.10128841962138588 0.017730116554662088 0.029237989651821526 0.008952821933451934 0.0807139857474682 0.0005148820585594158 0.03623711939948625 0.012597030992584326 0.06238445111191113 0.11606345002850031 0.0841137322348931 0.052785521314120856 0.02170085008339932 0.03742743139093482
47 0.04506760526836349 0.0806515122420092 0.08892406619724322 0.048400509247271115 0.07749320064808952 0.06984248859027599 0.005162934390491843 0.0686546008815761 0.016227691540999935 0.024566501365404964 0.08535022939706022 0.0004225183956308809 0.024154803494963687 0.08770781670375931 0.06904384284768965 0.08828934927286237 0.00225661639788816 0.04791656009974849 0.00840499505344025 0.06146215796523164
48 0.06828403818848669 0.09677302290106711 0.056804694472456695 0.04029755390163568 0.040070644871971775 0.07681228432086504 0.011567537714182312 0.05178767078701924 0.03581165589507949 0.008624200480841428 0.01626939440654197 0.09026950078286729 0.08079170405374496 0.035340614040751284 0.030946820628764287 0.052619409060831165 0.07296768575929753 0.08530589011492778 0.0012166318101337551 0.04743904580853452
49 0.05296685503682224 0.05554188913076028 0.06335109570044736 0.09062901969257656 0.020653514363020913 0.047433408039163266 0.010535497140625245 0.09957769128177467 0.013877349201093774 0.08325621432800737 0.10598032263054602 0.02006072487439174 0.026501712259101317 0.09475569361939541 0.0171154394152593 0.07916103311310789 0.032625947156328876 0.013694563011610249 0.048312135828612 0.02396989417735529
50 0.008606775316712284 0.10026535898892143 0.06872294530771456 0.06872142458015762 0.08152418773730234 0.03514252265846902 0.03953301406529608 0.02317248880797638 0.01056407299652879 0.01803701423864851 0.013594090642959222 0.09920492065183532 0.10042394245391179 0.08778500741430406 0.06391297460450017 0.09421570581584025 0.0019320700282867771 0.023132101084869457 0.053119444038887305 0.008389938566878707
51 0.008042385685075135 0.0322404235004443 0.021098880883562793 0.07964153259436373 0.0012406603376606772 0.08053965675283825 0.08060251648149225 0.02607904626257877 0.04187368008779155 0.08414983899239536 0.0663364467877301 0.05316478769767222 0.022902132719574784 0.051796927030409404 0.02371268292133435 0.07955911226009739 0.06714950328440711 0.01886857218287483 0.08077667262028822 0.08022454091740902
52 0.04745213477339272 0.05644521723896995 0.04050964779736508 0.039633662567478675 0.0731757449502568 0.04835264240615729 0.0717187204778029 0.012982173249180617 0.06866281457488588 0.03716370769244602 0.044589767459442875 0.03353909553746013 0.07099551443934848 0.045871718955833515 0.05349155029476871 0.06906568363717544 0.03003697057794174 0.07358111770305668 0.0710516247318326 0.011680490935203758
53 0.08763032036145502 0.07144908304538891 0.04346824912682204 0.08010353859821226 0.055356441491880314 0.05143354399874747 0.019841902495903008 0.08278769731262797 0.08550863607805491 0.00879810525533753 0.010316419597611193 0.07049760056873224 0.08337683686562075 0.028321830745175563 0.03330320214034508 0.05336807822141436 0.028915538391067218 0.025146433669228065 0.04722999928467784 0.03314654275169849
54 0.05727885869958762 0.08188484904749815 0.003184790578749583 0.0535537659904308 0.08719963710225002 0.03561213837432301 0.022872506631245435 0.01976000036389521 0.028151143901299327 0.08530393950972891 0.046356293086986904 0.047139600894816426 0.005055477345776606 0.03166734740666467 0.05814172531349764 0.07963080902980399 0.07383801379138594 0.08044705622945862 0.08220718820082307 0.020714858501778025
55 0.0862899080526267 0.06802561709162974 0.049527691452716786 0.038904561902765304 0.015326746380094345 0.009286321414912993 0.02699610726078406 0.08303813254703321 0.047327738955039625 0.05548375980689585 0.03276042990477917 0.028082475398024487 0.014658967084236488 0.05104337152699287 0.02967941455855786 0.06737066491875118 0.07267298102160198 0.05600178496952341 0.0717832214706225 0.09574010428241155
56 0.08715093491165857 0.019110777421963474 0.09016544657971183 0.10583409733189422 0.1116263532021475 0.07125018294429168 0.0014485036505252063 0.010793949906871637 0.06676807657226186 0.03024362069213656 0.0008218308657292978 0.021081741139103716 0.03655658713242557 0.0042161861996811946 0.027473059658874845 0.10082522669363832 0.022084807544341223 0.04319690927759219 0.10089523716596718 0.04845647110918407
57 0.01389425494997594 0.04000726300112757 0.06269226852390163 0.03578350614447284 0.07296581389668909 0.10146681606585689 0.04898139076312445 0.09869593323958116 0.016437958568511542 0.07908745473490676 0.036178352616992523 0.03296287086240191 0.017807998228613446 0.0011162547643436371 0.02670914510091059 0.07005885442567886 0.08224416522931197 0.06329298028654166 0.03023640721489142 0.06938031138216603
58 0.0879110552374481 0.01780836114380391 0.03693756126331168 0.031726351959824685 0.06082347349255466 0.04442966170280133 0.04598092919233986 0.07928427186277132 0.08745249153330395 0.0821031296925566 0.06362747191579922 0.02121971109816774 0.06125579411161667 0.05133799206011003 0.031851281049003075 0.020297944485461232 0.014050446556921664 0.04670157680914835 0.05305931500954862 0.0621411798235073
59 0.007341968818607667 0.008539363601522324 0.09881623600862802 0.028324314257840107 0.05122341316765363 0.04202453072929599 0.10228361264410582 0.05669673644573206 0.0035784675245127896 0.07008828545218197 0.01953703199461347 0.05778965202067151 0.11849439821441929 0.07358545410702524 0.03805469438192707 0.020828881996902564 0.11322821196069136 0.060108695112877614 0.021160926684609158 0.008295124876182586
60 0.02347268754026362 0.04999669887690237 0.027289607006335037 0.004588081189058653 0.06480834237025972 0.08278397011910206 0.050360573424804794 0.01894543305561413 0.01923138031383918 0.08898535280647706 0.05456136911506118 0.06158582334264354 0.05800873793440584 0.0442703477030986 0.06571222186475915 0.07329494324303569 0.08478282046144409 0.06797423803383906 0.026969423355770107 0.03237794824328602
61 0.031910149542927244 0.057922504614241116 0.03157460152250013 0.09444371089661223 0.1048780391605637 0.08665208852178675 0.0145089777954075 0.07345356015299791 0.05445384311105271 0.049158287346719565 0.05222024880681645 0.052770525188050435 0.08299847402778529 0.004814383739589131 0.07240761711438984 0.03434625916892214 0.028331372352108326 0.006932795683532861 0.003011217013110759 0.06321134424088594
62 0.08521797481727064 0.11390599403981434 0.0030855620721271003 0.035657495284445465 0.012246178224699504 0.04159491758148739 0.007046058883598553 0.03656461205950608 0.11679102723756243 0.012852119538477943 0.03336713463575358 0.06584842768476255 0.005724557875399082 0.13251277242067572 0.08087657953507893 0.045044815028661 0.0019106763821274565 0.07655786909008593 0.0002544809234123979 0.09294074668505403
63 0.027212486575554747 0.04920830015622041 0.020249601534661463 0.05643584517907755 0.02247465056517748 0.08531397679784511 0.06583108355128953 0.06763375732497887 0.025727163304891613 0.07948047241870479 0.04865989847927219 0.01988270495992378 0.07386056092596383 0.07347729479712872 0.0085088730372341 0.05778237149104015 0.06643119769747012 0.049497887134013284 0.023230382738564266 0.07910149133098823
64 0.07241953724577858 0.041253307283436076 0.02156029234012512 0.04567861739758862 0.017902379451900555 0.05610414580159632 0.08171983606557634 0.0797642219292521 0.006461904680517954 0.07739157996483335 0.08846769979798244 0.030409120021065047 0.022777512597560917 0.06896864342888778 0.04523672142222163 0.08552966134675256 0.02947315815074142 7.002324593715786e-05 0.042901115662914914 0.08591052216533117
65 0.0172017141240776 0.05507598215930379 0.02874257516237562 0.07583004902824846 0.09138545674056252 0.049300681118041 0.039790921813096874 0.07113674245464453 0.03346441280919399 0.026946507425202187 0.01428356548677147 0.055543278700882895 0.07513013950603102 0.04790642270963192 0.04492312231133381 0.02068530655044702 0.0902163118837555 0.044297077468503566 0.06036423324378375 0.05777549930411263
66 0.06455590973595011 0.038593784822667676 0.03767284980345037 0.0012120928824336983 0.06514225987992364 0.045242345757529626 0.07299119385024158 0.05612511322668256 0.04717975007298641 0.04528560191918021 0.07346550788481107 0.013066121418612414 0.07170341941802366 0.033918169380636146 0.05512357421538061 0.0657023190736365 0.05229425694083791 0.057175010155182136 0.053876546636002706 0.04967417292583115
67 0.06676146472742223 0.028639094935254426 0.015236383445907173 0.001732886711562998 0.08415314987539244 0.09594625462936436 0.022885251337097647 0.10723884524730998 0.10571811996007825 0.07162759262500276 0.048622779268756945 0.05126519062251495 0.0523680115977721 0.045379165926542724 0.054224867492778 0.006529486037417903 0.007872796741261451 0.10552273945075404 0.003965600678671981 0.024310318689137387
68 0.021430724303545354 0.006455664422080118 0.08293867828271852 0.03172266485331886 0.02039609738459315 0.08746003866504376 0.0015649385746641887 0.04093605965807672 0.0851908106319811 0.03877634220922768 0.07756761391880228 0.0015007501432418324 0.05922393250015652 0.062127369260756626 0.06946699954360172 0.05581054083503585 0.06772199977655803 0.08861587826996413 0.040746036443694365 0.060346860322939296
69 0.015360031436167676 0.0013339972101186594 0.0868458720542953 0.06577534810355223 0.0538524696575515 0.06695766613541425 0.042054749830990265 0.07061296528662317 0.10236918089887267 0.033958798734253774 0.012001261080129777 0.053474472207795984 0.08198371516458941 0.032710418846640846 0.03441764397655289 0.01488324006331248 0.06423956190108943 0.07540295368395024 0.08385165438338699 0.007913999344712408
70 0.07649558385047599 0.05935599659664181 0.016565018635047734 0.036411699147213226 0.027811328297430733 0.004556266134037698 0.016486835231734474 0.11911356091390042 0.08404702425434206 0.01514631311005326 0.0529023962844672 0.11440006100147547 0.05165434873074439 0.10415577877586737 0.05251679841553321 0.021169189810523674 0.027065845518797125 0.055715258123086406 0.05224905235073043 0.012181644817897378
71 0.02496330064226494 0.04223503352119761 0.07037055657622061 0.004484848747744028 0.06858554845366045 0.052693715762707684 0.0056501677318956415 0.07098930368643988 0.04497673043019156 0.014452909112000692 0.05339818654931378 0.09834084190375227 0.04246320652225572 0.008288241754969757 0.03193705923698989 0.013366775376067577 0.06357140865925352 0.09536184921099267 0.09496987397484632 0.09890044214723559
72 0.03034043845855964 0.08789382623058775 0.06725179298920587 0.06230588104086749 0.04849885088257058 0.09339636708633568 0.0021648919102766006 0.09622786865663989 0.0718182092832306 0.03407840557227335 0.09876151006864882 0.02678064548819717 0.024342240405982336 0.00796677098258041 0.09504672275326753 0.005840584449558943 0.006496620653383221 0.08830620070426905 0.02544945757526635 0.027032714808298983
73 0.105323710269129 0.06086859191611851 0.06648614886572292 0.0014735548844621552 0.06897959417935107 0.04338617462168379 0.06929323924237367 0.01187575754106294 0.09268888415969312 0.005598302976897812 0.015207828836210514 0.10063857346588101 0.004389489893594286 0.017571905850160902 0.07213625165929657 0.052381697808745215 0.045244479816946244 0.022439957155619358 0.13991826024238396 0.0040975966146670935
74 0.04853805597719628 0.06793906216380237 0.044197355865556814 0.025175726921400705 0.035280516301375506 0.05844093662896053 0.04735061249952028 0.051544480067235714 0.06620253952579026 0.06550615955813338 0.0896919394925532 0.05655254253738684 0.02834812335319092 0.004943443804338648 0.0726205306843859 0.016532724336360216 0.08283846823937632 0.0025891767964691483 0.03493442050781347 0.10077318473915332
75 0.038175724955707424 0.04860065031209032 0.12994415125382366 0.0014045039639615045 0.0004478989957154785 0.12328522432935445 0.02692808372387797 0.07746131276693177 0.04488290844678261 0.018321793731666557 0.002341480340712197 0.08155318286308118 0.008587078378517613 0.02468041090416147 0.08477516773974599 0.07108051257499864 0.016517551923813194 0.09951106767610234 0.08712004619486703 0.014381248924088721
76 0.06458417193714366 0.01643468726526375 0.05033920985417207 0.07005112879847733 0.04486921724862233 0.06149825243518581 0.0749353467024162 0.00801935208928516 0.07922385234053733 0.07227920217740001 0.041277995884235384 0.04256055926296486 0.017704128012624793 0.044291228891874763 0.06224570723147998 0.08333593303604457 0.048451400950705 0.00590379255651644 0.050009329825805825 0.06198550349924474
77 0.07928186178394478 0.010982677511435363 0.01997460572082806 0.06602055143137732 0.08518281002293043 0.04554367170679901 0.02446727312814105 0.06974540223632598 0.00342677967147763 0.021160953297638417 0.058917362647578395 0.03147281330341793 0.08822310895981762 0.08341269125685265 0.07210240415074007 0.011376679087441971 0.016044076862608392 0.0694682319493387 0.058066273937576324 0.08512977133372998
78 0.07719002845041145 0.04768195142905368 0.0868824743589557 0.03592707996803228 0.05252215829709317 0.07074385714680247 0.041241146659911146 0.013964036630739404 0.10440068742061648 0.02046952216533897 0.02779301758256884 0.059408623965692436 0.08403725363494809 0.004062308698794551 0.02990924820351469 0.0914645350054839 0.015410284428805128 0.10642393089941257 0.010439525578181355 0.020028329475643574
79 0.014181519021902962 0.04899102094563336 0.06250592126100801 0.051612712573719015 0.059021771292558874 0.0014084325083510028 0.03778664276678458 0.06688388850232671 0.08086179907864466 0.07980226203079427 0.0461413689177817 0.020446597656919738 0.03902177630150208 0.04425169602479329 0.037299173590747275 0.005987397464006545 0.05369637107899869 0.08617338186086526 0.08077314530556462 0.08315312181709728
80 0.029853368866084154 0.06094347981262202 0.034208172513736146 0.002961714188669851 0.084593194849643 0.06280054285819439 0.0489738909637043 0.07979476241422226 0.031047099008143633 0.028495491044029403 0.011964137537769367 0.04840491095742467 0.08616330918342359 0.08300398216025112 0.01960146078528261 0.07735611033737637 0.08441493739781605 0.06671507452428849 0.024402387971847832 0.03430197262547076
81 0.0883551425312005 0.06347567693995855 0.05790746148051953 0.0669457794108282 0.01561828997660557 0.0573527971093782 0.050247991402755085 0.02372563552884095 0.0073959743267783965 0.05771155269631102 0.016445871344516458 0.07217172102533778 0.049665331151314454 0.09079556401381911 0.05898798319000556 0.04934828876914095 0.02320059685971621 0.05647200875428605 0.038744488394867084 0.05543184509382058
82 0.0571913688227225 0.06186814443225382 0.06375493244690177 0.045948498318484625 0.10354461296032227 0.04729766437468255 0.04759333572078148 0.05033392180052353 0.04576050634066172 0.014461361891744918 0.051460885004846454 0.027915728547984346 0.09803708555165944 0.0708747466812831 0.00043185046002979427 0.015553882662159393 0.029097663327610237 0.06953834251433001 0.012402848338681053 0.08693261980233692
83 0.00043032246513916434 0.01982437310897418 0.042962695216406076 0.0684772834085764 0.03874509787500949 0.027575021598974698 0.03808720874693668 0.09021654994360627 0.006309450342173487 0.09593750008571486 0.09551290164259323 0.08140002612145976 0.0886053827976567 0.0820824532559673 0.031730804340681304 0.018019031985264434 0.043939086182532124 0.020471655703451656 0.013353954427806226 0.09631920075107604
84 0.08146876226239329 0.005000444584993827 0.050132744172814 0.005833255151620045 0.08881728381178458 0.0428470564791501 0.07785003683913731 0.05340981132966587 0.05933352117605043 0.006263424692318101 0.08916122399440074 0.08192082350347879 0.08981028339867095 0.00043294292757040933 0.08677982850234886 0.019284710793401178 0.027420945586775554 0.04524037895555059 0.035251229517374895 0.05374129232050043
85 0.05841969495174455 0.10787267750483154 0.06720982321185301 0.046957769750918116 0.05056298780044351 0.002058208258963431 0.04769534583534557 0.02957976554968869 0.050981818259734316 0.04753318942607677 0.059247710607287174 0.011454925120779632 0.01391417539722731 0.04973294937319005 0.05046425564584481 0.07930932409587817 0.0630258017995578 0.073458336354959 0.023051834420801342 0.06746940663487501
86 0.0663076381724982 0.025394777942084903 0.059253893068504496 0.04847299443762659 0.08689679350190364 0.07952607101958975 0.06515078018691178 0.043607169352690184 0.007456312675867327 0.038991220542869395 0.07515290150136615 0.012495131174935259 0.08756064526816813 0.06524731683150486 0.04857274374007314 0.01693479963890504 0.07123925093565447 0.04280919919152698 0.037757382907189975 0.021172977910129693
87 0.07637347371095048 0.05367823391394174 0.08604610767681094 0.03068562457993544 0.04846738348780086 0.0776994093517363 0.058638805424596055 0.08495319583498764 0.030256163068911098 0.03775869616719313 0.07682592022487371 0.01137580308445643 0.05564502017736549 0.0018571434305316207 0.08405544189394355 0.0808136775684092 0.03623275989116666 0.008006493571290331 0.048024150366057825 0.012606496575041625
88 0.07458986772830682 0.06718704501631256 0.002849700977677032 0.06653574686015588 0.050408628931167015 0.004057219429082391 0.07045926038466407 0.054352499629434954 0.06236712872047753 0.026617280807832686 0.012908485787862705 0.06969070195214887 0.020663952975807663 0.08715579200125145 0.04629257158228731 0.0742398315661018 0.08699989127682407 0.06817903626075651 0.0007178172927203299 0.053727540819128214
89 0.07110974292930464 0.09124635803265714 0.01537398688964056 0.07292971171120677 0.042790280380193474 0.0593921933479147 0.04941813221943518 0.027176963273315723 0.03125316565879369 0.00926611124657454 0.0037105984841555306 0.07028317495987825 0.014088339046258027 0.08038362569024787 0.03423242220286263 0.09621914583929168 0.0870310044526364 0.055755380439914 0.03363846150303912 0.05470120169267996
90 0.0021923498322380373 0.04738901207299628 0.07764678396723325 0.08061460944055295 0.021848666580955398 0.08466849972262802 0.040864023810100035 0.029037397427734788 0.0889578739276561 0.012642766131747866 0.08761629827450726 0.015864318423633648 0.06462115420317416 0.045629676437595704 0.0821842505331906 0.008460737912561472 0.01323754866521967 0.04905915387508586 0.0849974114079855 0.062467467353203264
91 0.06856892871791584 0.012091505080191063 0.0016348695464073733 0.08429401853705122 0.09383681698824912 0.021525627151733055 0.048912987154147776 0.05201096334300365 0.05268314979562452 0.07933093873876434 0.024031399335633193 0.0286033794190615 0.06331438455403515 0.07234699796083974 0.02023747086520305 0.09187164639717585 0.06974611855714664 0.03601788043141724 0.05540540336750538 0.02353551405889415
92 0.045072463098609995 0.06158815408548103 0.002999850419224167 0.10783516728288398 0.07415682049671223 0.06681593055652801 0.04851570897820932 0.031957094731849635 0.04922367210868035 0.04266383467867283 0.10415146568847916 0.007812951933981358 0.07610438686030942 0.043915591039435126 0.05408746639747246 0.047886418320898065 0.00617754750539394 0.030693541703411986 0.033167017986483874 0.06517491612728309
93 0.10214813450680711 0.06499954964525383 0.02394787769485751 0.0572468072346671 0.0028741091113201507 0.012408093774849601 0.04410338358226044 0.03371933164377432 0.02734772931835914 0.04222707194471109 0.02437968369938652 0.0009521951355724534 0.046719389132599425 0.09745471441009114 0.0856933024522105 0.10576459709866189 0.04915003071768751 0.048651928812063316 0.10360884785020821 0.026603222234658497
94 0.018808156293931618 0.07687473511795109 0.07605806882704642 0.027231068953420947 0.041999416384203125 0.06780291167510183 0.020088624097209483 0.018638353668306157 0.032788876960193294 0.08964310904741762 0.05462457343103423 0.016516617022641986 0.08776986232126133 0.07948242255397601 0.021399159459870937 0.04936041357045749 0.05774590521437013 0.083854699457979 0.036086520374413185 0.04322650556921394
95 0.09527099654278595 0.08350625646711814 0.10222233442726729 0.03815724308502572 0.008361559909181969 0.01105806295763055 0.07291609504703585 0.008297955870614175 0.05638599638461336 0.03875295286242912 0.06908450236114524 0.047099547164945355 0.05187257128322868 0.1007903394927688 0.0368671026797586 0.01643664531754103 0.03590254527549097 0.05779952265219254 0.04739630787062092 0.02182146234860565
96 0.04166609267433489 0.08461769404400092 0.0376532048048793 0.017811413321857563 0.08595970366870886 0.0008416257190353657 0.08398742804829092 0.0756110106322299 0.023557303427027738 0.06768602102121012 0.07377677076096617 0.0835047010701273 0.009683914605609797 0.025041950683778295 0.004243179561181982 0.020689735104987193 0.03729558749936325 0.0709007168376224 0.08233124418573924 0.0731407023290488
