0 0.1015044166569624 0.07692320389619248 0.03941061086877592 0.04679965397081416 0.059638785957982984 0.01924781363633469 0.011954182376671472 0.03246721182694444 0.016186901335511837 0.024326779825188213 0.05381937204184982 0.01258872164151331 0.08503388031195834 0.09760551084872578 0.012713559504053989 0.09936302720721522 0.08982030893183433 0.03532621664765087 0.013911865147029202 0.07135797736679057
1 0.10090089266579622 0.027907627240904783 0.10068585186954607 0.0428288395568652 0.0636202319475208 0.09439185739074768 0.09670234272786628 0.04242154534027678 0.0070119486919604625 0.04591904614432302 0.06090233000985179 0.057969412477397245 0.09765599102027268 0.03399762299945675 0.0012427779331238965 0.0027951969960100433 0.00029805544138289744 0.028389669904121062 0.00017820420034466268 0.09418055544223161
2 0.0745697567696557 0.07450660667264708 0.0010821485985398806 0.027437341748239443 0.0363836878631025 0.05061942359854622 0.07287605526320841 0.07060912216275325 0.026094471031532097 0.059216838132972335 0.0819959360140544 0.029506590887679103 0.06313066162094581 0.057703483371452924 0.07928056820080887 0.031073765685099272 0.01603206325075368 0.05539884952650783 0.014404170162498666 0.07807845943900228
3 0.061466678235353935 0.024754032636477123 0.03264984792860543 0.06670672126883978 0.0021644191744536337 0.03586794017107265 0.019484249557394136 0.08134712068703673 0.04058354898103404 0.08424838954198484 0.03471796742790791 0.071520065353206 0.036549563792016175 0.052296272763301115 0.06370347673824224 0.024096456775435215 0.0904568166233471 0.05537662349781288 0.05477435646398535 0.06723545238249366
4 0.006189513417903166 0.019559437018396846 0.059940941109904416 0.02286549244305994 0.05562243288046174 0.03465968188105927 0.10267490802795119 0.06777058713659018 0.02099787983998124 0.02401805203957356 0.030292311370765167 0.10239615502733272 0.03737210724694299 0.04785929512283913 0.0536457788019471 0.07459595406509764 0.06337562093330568 0.04556017143035384 0.025192062452788513 0.105411617753746
5 0.08133066776890349 0.04282510813457045 0.07633958304035514 0.06313597981618907 0.046905030403063694 0.051433132475416005 0.08575683908233317 0.004341519223440082 0.07677994478810111 0.02178718393539375 0.08840762585494087 0.05777383060597715 0.04897171629720982 0.0341161757348036 0.05061425444449509 0.07246261842871429 0.016737524792060837 0.05788360583463706 0.005116420934553543 0.017281238404841793
6 0.058383448384322544 0.02721223612002597 0.07421334021599751 0.02497677516211092 0.07385805802515295 0.004638232718047832 0.0020261911602433564 0.0007631372740149602 0.0757127484548117 0.0380164593225737 0.06038952183119075 0.0983959454637038 0.022192318549565 0.09208286909903213 0.0911482956297919 0.04897392851001284 0.03257544397965643 0.07544289758780014 0.07156656407079945 0.02743158844114606
7 0.032601520068813214 0.052420157644987156 0.05136054693049324 0.025255332509751503 0.01695412561250504 0.04906470299600424 0.041516996195900935 0.0952266930079614 0.023446235662933 0.030828060154955126 0.0506902515494133 0.08228361274125767 0.01457631001290058 0.08951564125440249 0.06275530143379701 0.022594438693890266 0.0689481957028737 0.060957428737259 0.07788062541966098 0.05112382367024023
8 0.01810463568555324 0.07007593485217048 0.0020600551265946873 0.10709322913056146 0.03702858420991061 0.04806597927639729 0.0015435798495748454 0.11546062699520673 0.020139441359204084 0.0015690622527655379 0.026020309007360663 0.05438394480060716 0.09858497664144612 0.004046086218204707 0.07314825271308076 0.026920961668460155 0.0645921066885118 0.05213259727070215 0.07646261401944268 0.10256702223424485
9 0.058951369091961074 0.09743754970435858 0.006152751337064254 0.02195002235618904 0.07334024004491782 0.07591686211116108 0.002639568693210895 0.04704471474160518 0.01277296819240486 0.09484520954030537 0.10285187349700238 0.026505679819685435 0.003054868274589402 0.05998481835799329 0.008587041119805855 0.05968326964575543 0.026233176985396213 0.06102044176551546 0.07736820817179296 0.0836593665492855
10 0.08398221549869703 0.012238395604552477 0.022827920399983707 0.020523485565985947 0.07214802254107416 0.054901234757274535 0.044531977612990555 0.013109352715725485 0.03951529209949725 0.07433756741406704 0.06982963214909446 0.0643368018304112 0.046580117167540555 0.023646789905924392 0.07762878702482623 0.10173199403579174 0.07062788886918112 0.0701665457196584 0.016662020454526225 0.020673958633197525
11 0.06470410524164025 0.07734395688096901 0.06565632838838148 0.08373359102643511 0.06658265754915323 0.017834515417310546 0.07392541657213607 0.09382466551181327 0.02611414000299597 0.0509337374765794 0.0026363889935420016 0.031436026894398374 0.05301182812552981 0.09394412240131651 0.0037449774009711613 0.022093651168505694 0.046428134084883776 0.012047467763457591 0.09502949120079275 0.018974797899188243
12 0.035065921465609134 0.04308186338024638 0.04724933633709106 0.04187234460736 0.05933371473515162 0.0062552486141589664 0.07217365852127314 0.0606475968306439 0.047978339607757665 0.07031996808629162 0.06347181057058958 0.04575721751709802 0.050227658466784536 0.047842647853659936 0.0711345748842831 0.04175223888555479 0.07013142856208887 0.06802473142050137 0.043110945015559794 0.014568754638296317
13 0.07361466175154543 0.05421989534750738 0.06500439119604794 0.04223556933771682 0.01570401495238735 0.06172537984268783 0.06180247826972522 0.06606779468034803 0.04547796061920617 0.047077058121879914 0.04545045612430103 3.639972819524608e-05 0.05439309777830973 0.04768472321070475 0.010103612549956906 0.06547483302320573 0.05804845704749071 0.04192033812946386 0.073647274147615 0.07031160414170487
14 0.00348451109307891 0.03216127563967892 0.052305717916883605 0.04828517409766168 0.08589538673668237 0.09935142486057368 0.053398616834025664 0.0253124048248522 0.08368354201818202 0.09247558089295312 0.09363184382631949 0.07415165445678465 0.01244768021704798 0.05094839350236067 0.014191965621828884 0.02139920307499057 0.0777301466984159 0.034772726979970386 0.01807369994799952 0.026299050759709543
15 0.0004025850241380041 0.047109410974817134 0.03542550911295754 0.08090752863652058 0.05764901209075155 0.009352521618138775 0.10621708655799526 0.03356973281533876 0.020929502653367602 0.01945873623340463 0.03609642150069439 0.07983043053902616 0.043134134875168366 0.03600428209145743 0.04075635081347959 0.10382273554862682 0.07601559206589432 0.05913315743254436 0.03289204378839118 0.08129322562728725
16 0.05884454480169445 0.0412276912396134 0.0076388864280767564 0.06976388162420143 0.02254655631656607 0.007439397813104573 0.06285795709753624 0.04567191278207329 0.05721393591956583 0.08239347182789049 0.0885404537094159 0.0731880155907289 0.051591899711163305 0.01704081890047942 0.024389464797481667 0.09763290789620536 0.0768955969001004 0.08906575030673887 0.021969537177566813 0.0040873191597969125
17 0.07677630114865917 0.0532102628885879 0.03707373449414918 0.016910613008982972 0.07244969923996367 0.08974898553330603 0.04819491383657867 0.04838138903204456 0.03729320568178053 0.014394879159681111 0.06365834347976608 0.07292381577853697 0.033104035511698875 0.015068106987001548 0.021717088228066832 0.060089553234774676 0.026119595941971205 0.10326784315968482 0.07996761100350638 0.029650022651258698
18 0.055734119969137755 0.018723480673639006 0.07216328369997213 0.07407005993559507 0.07249240294683044 0.041052974747065055 0.005707676538969033 0.010355092457885505 0.08019750128592737 0.04619485086374851 0.008642168480985117 0.035925237885162956 0.08061039647709382 0.07146446750098454 0.050209143423715116 0.07008639078993921 0.02794947845779248 0.08692288452018063 0.011013610188818461 0.08048477915655784
19 0.005628808291430059 0.08982699967178412 0.027674454992993015 0.044343550859213904 0.0649783602576402 0.007591772234707114 0.07074357382143685 0.02507717365157825 0.0932627000242239 0.08698172404750873 0.06925595705023527 0.011789162020041988 0.010592296402089989 0.07749630507895511 0.08864157338644095 0.05299705200927554 0.02715420656127935 0.002007033453052773 0.0869114963028919 0.05704579988322083
20 0.06224770001978566 0.05282341365568002 0.08874921508773015 0.014415951875074103 0.07860664544657993 0.016799499530963654 0.06404034145084252 0.03338645008586483 0.09216453257667946 0.05563544873877187 0.09095224168276679 0.024202132047061887 0.0705445579744331 0.012245651166326678 0.0310931809626459 0.06696051270926952 0.0002749072052944421 0.032802054546946714 0.027466776152394005 0.08458878708488869
21 0.02363438043618802 0.08427301305930021 0.05018179784547775 0.0188264115893828 0.05896725693408197 0.029904540121445927 0.06699194321107099 0.07887645957515589 0.06630114998193494 0.0672371794623381 0.020889583332390008 0.08247512210347113 0.060177396678460345 0.00781704034186617 0.04253965433473776 0.05487108187894483 0.028633914549699515 0.05708050256702513 0.08502644802917242 0.015295123967856051
22 0.0737950346979378 0.019200450967406336 0.024577696731009756 0.048240552128112686 0.04645158932996072 0.07225272950997405 0.060808417132167766 0.08558949248754656 0.0007020184580752235 0.06229804366689434 0.06679674181001335 0.09794649778894599 0.019277973108543362 0.009190641172239696 0.045117359332979105 0.06470261022657774 0.03246615256157054 0.031060596573656882 0.08456949259929576 0.0549559097170923
23 0.05599293381561284 0.03253463676224368 0.0931625660430984 0.017065238878415906 0.07562169678051477 0.004607417597305458 0.07420836939389397 0.029480078100854425 0.06654244895558355 0.002443185127413861 0.10046890224979295 0.04388651904285977 0.082354265795578 0.0400814955478097 0.038247262414898585 0.04257287868045644 0.03142735814466729 0.017546751031953443 0.10055213601686586 0.05120385962018118
24 0.04871390955281495 0.03432130428606202 0.008692339282094792 0.038250018612022936 0.05106324208848586 0.038403385257579824 0.04161425756092531 0.08098578220915273 0.05201832309711953 0.0864412443451751 0.047095553130796323 0.08529478097192374 0.07554730834322475 0.0523766296498036 0.022444027683777474 0.08429781214136482 0.015672883248658207 0.06052179763912839 0.015675278322231635 0.060570122577657835
25 0.0758396558141773 0.07209034745551784 0.0694130875448876 0.06020049630526253 0.06388941917101822 0.04365455509567408 0.0049717786382544385 0.03122366453806645 0.08728296628216282 0.06330132966565177 0.05122352828736476 0.00025923503736047937 0.03844464931610976 0.054828734536557684 0.05545307897613385 0.039235299549145626 0.06883894538583898 0.00729488963887647 0.051778645003729265 0.06077569375821027
26 0.05482102258353206 0.024596118711335695 0.08247023724453373 0.06363021613883585 0.06426274078483409 0.03261904898645896 0.055427417027185906 0.07977910832353168 0.03117495704667584 0.06810366794172855 0.07057323341153045 0.02034237927482461 0.008585135909513394 0.04415274126453413 0.08452002958653082 0.0675947061277915 0.05881568728239845 0.04525167071505536 0.032750339493344945 0.010529542145824166
27 0.01034602957042635 0.0815608245517303 0.06894325012850318 0.04962284786374 0.02296467837500275 0.04852729826011079 0.04446197499493492 0.040670353779302996 0.033088383058097075 0.049122613266652036 0.07926458301564118 0.07142493337519018 0.06484909139774314 0.07176963855951989 0.08358818088310838 0.05183652077215287 0.06587673663435306 0.026557589205394062 0.030539176599103195 0.004985295709293614
28 0.05893672584268441 0.05732269057723485 0.06269353182218837 0.005077634576353502 0.053641904810424815 0.01160401520058645 0.011536117854762386 0.008409507258402726 0.07342516714259288 0.09540164402728825 0.08626259482946233 0.009811858839099116 0.05343196390521166 0.0376553029654591 0.08694665159263776 0.04654423381457483 0.012746790051238294 0.09830392198601007 0.09503119317141999 0.03521654973236843
29 0.021874639399251793 0.04933809800392413 0.04725642783455683 0.09716435596537182 0.08982097408388233 0.008504988004561311 0.033184435936200435 0.04596444338311776 0.09093558691502396 0.023724291773251357 0.05703182877373819 0.10018842354178907 0.011127556108476865 0.01024777011481199 0.10883137197611667 0.05357644821833037 0.031467006506268026 0.01035651284800113 0.025974632206363178 0.08343020840696283
30 0.07886591457980119 0.03869110791995332 0.04995737160459864 0.0016720142429430772 0.08670787413131305 0.053043860768443654 0.07214254342827463 0.025023390505531123 0.07593981810991744 0.05078988325456099 0.001107803320896797 0.03588241329524533 0.08328797523313176 0.02632496506480363 0.04371078411222658 0.08475348006270254 0.053896504735800044 0.05702301322528273 0.04735812283830755 0.03382115956626606
31 0.029207253561651537 0.03074171953260331 0.07774185135026557 0.054378365887853955 0.05309412332079037 0.06428006593256526 0.04267405542229432 0.0784716732664821 0.02185548381934586 0.04014173663992861 0.014730715589838813 0.05208524154988468 0.10527313879455487 0.0050185294867847886 0.1028334819180936 0.0035312147717611545 0.058345643912310875 0.05941726065405351 0.03299265351718909 0.07318579107174754
32 0.06633509624938187 0.08875711171620408 0.012516143079154945 0.006428470099176053 0.022427390117868734 0.06502588709145915 0.058948180557452184 0.06423833272082048 0.08923768638802787 0.06383345890535398 0.05288359239910813 0.09958741874694656 0.08789258767768074 0.06581000189947271 0.032999802948958205 0.014647126688987315 0.004689201468154749 0.009917252036703123 0.07598084540986921 0.017844413799220003
33 0.05560061586760996 0.028961625575558196 0.035065759598156956 0.011457964829515785 0.0697956839243556 0.006360555382121345 0.015145463325435546 0.08342543511873735 0.004063197152012757 0.08582742866119818 0.04230952885596148 0.0914210961054635 0.06890066111304091 0.048241952633740766 0.028513182573596495 0.09531815613881003 0.0925152886396251 0.015995871943504558 0.02986836503527498 0.09121216752628046
34 0.061252550388042636 0.06833690853829719 0.0346563390589342 0.011221771757208359 0.03690896899044572 0.01723397099263044 0.037271309787170886 0.06689569240368547 0.022278912331947703 0.03944444169566844 0.06780916591604111 0.05519776432960089 0.060990885661463067 0.00042092648635895096 0.10482916144111402 0.10283714288605403 0.03898799355162401 0.07272309652212842 0.08226878779487487 0.01843420946670955
35 0.0686884662628394 0.08384648439391522 0.006062608504775456 0.05585642911351722 0.06336554256216989 0.06171911412173143 0.030023517096889458 0.05380310659641061 0.05711516677299314 0.010392507143655026 0.06390301951991255 0.05142296547579642 0.011039129328704097 0.08166019373973464 0.02055699218592622 0.06205628124209065 0.03797878523935648 0.07944351774874499 0.031272152345782685 0.06979402060505473
36 0.06119361132782106 0.07355228070619518 0.04769852317568131 0.040208454045045604 0.05839306268473944 0.016391280572713343 0.028953195777450112 0.05950012976622388 0.03596189099335977 0.046501845914251445 0.02612919008055266 0.026900789081388123 0.05924889008838691 0.08143682051819802 0.0394812825934225 0.0780910881360957 0.05635180411147213 0.07609804373399888 0.05894586547508763 0.028961951217916285
37 0.04180620894603601 0.03906342281466272 0.03734315905390516 0.07788001220976913 0.03934309675573873 0.04581294530361744 0.05650284935166969 0.04094595963755672 0.0578530169096305 0.015005021895324263 0.07538895338360596 0.04386359417472801 0.027497858839712445 0.05581871377617072 0.055713225670259374 0.05123711660801783 0.07455134218084074 0.07744956702591047 0.014471144140891685 0.07245279132195234
38 0.03244662508221945 0.0325496767019116 0.05327495321176822 0.07073411567490075 0.07792492396436769 0.06909342935265726 0.03406077418890311 0.058058800991917306 0.06374810025192888 0.020242465792604133 0.04949976872084815 0.037326450270361466 0.082687772062934 0.07979823631570589 0.01663727939522122 0.04138780720724222 0.07391250942056334 0.032061450966751545 0.0712245203154345 0.0033303401117590757
39 0.04257913542210214 0.01274892712489866 0.08206512447592361 0.03710093770976192 0.0037011681474445664 0.0523034218690581 0.01975772082771899 0.08256615529456465 0.029341590662983617 0.036379106073558945 0.0025262500641180133 0.09350563793348005 0.09731918501157537 0.020708792172549968 0.10610988323967323 0.04867680328953503 0.040465513890601774 0.00836407226368166 0.09850383960761562 0.08527673491915407
40 0.034781453300625105 0.09167585554397287 0.09388461396373403 0.01726747137925843 0.020852634987862616 0.0837573612935448 0.06593545030948224 0.020498584994020685 0.08016654759002635 0.05964225021675499 0.00958191736801933 0.06950867965069298 0.07514629890895445 0.015474674949509193 0.06830413022977586 0.03475242330953231 0.06342935886603836 0.011826406500879579 0.026991826192215213 0.05652206044510046
41 0.032487268007027524 0.03702865896789604 0.0385160914151748 0.08486230354435109 0.032700438551220824 0.0579319609105081 0.07840689742975117 0.06820027261961031 0.033926224916620014 0.03769676056026623 0.04413576711963476 0.04712648174171295 0.0433507659618263 0.007411886145608369 0.08162167380496409 0.014105174278150879 0.09184906126171004 0.08745981291952112 0.0026551578246121177 0.07852734201983314
42 0.009552884176969072 0.038968138900155144 0.04230492749527156 0.05555346741128868 0.019714188845168963 0.0939785019627226 0.0986009172250303 0.08269741355977162 0.03032978844488296 0.002238707579109506 0.07988971765808862 0.04249446314432499 0.01372892608643951 0.012955275172511488 0.07194707317262701 0.09710364740523772 0.0007690594114141072 0.08100725859020787 0.07589110118294945 0.050274542575828765
43 0.03238787238003869 0.03316922477304342 0.03968961136703279 0.08558784763906958 0.07265929346625749 0.0882333266231908 0.018125763219116322 0.08812517338721411 0.09790303507345566 0.0052418550537240375 0.0422430736454294 0.018043995162435062 0.06986809392944153 0.07104703043917275 0.023122745735117932 0.06591121319736461 0.028685862031168182 0.0842263485187931 0.00811807725700723 0.02761055710192739
44 0.006733511902408633 0.09567811408572562 0.09593273771754195 0.000479163377857875 0.08557073674489703 0.02867974989391567 0.09013696292280186 0.044135707421750096 0.01829406498265522 0.03006806483422127 0.04914722246498616 0.044493703813002494 0.037824819323363075 0.09711305432086322 0.03454073507670108 0.0962863399358064 0.09492474235097643 0.003263944672172209 0.039972035158546214 0.006724588999807424
45 0.06968366292861236 0.07787858043059645 0.08836389792619624 0.035042650731975364 0.028020585551935914 0.015078487126766862 0.05328688862726759 0.027140472511798693 0.04073897037686471 0.07638211877954296 0.05083016180725644 0.0693264698731868 0.006438591252785694 0.04995398325110045 0.05102412638502705 0.0820225201570008 0.036591198755311465 0.07386628961963211 0.01298782740686522 0.05534251650027684
46 0.08598760985543648 0.04492817535955891 0.09507170977035254 0.05402275386012679 0.05443692593827942 0.027800302080797413 0.0467626515376528 0.020519827294623913 0.07264478193083551 0.04247812277670981 0.009076597878390553 0.0036909109501366126 0.04340828351565172 0.035538287589205596 0.06511858481734183 0.09240960056394389 0.07955930208919014 0.03353755998047804 0.011844601770034236 0.0811634104412539
47 0.003162950622325515 0.025811163888921487 0.08440698422425146 0.07732399987980201 0.07254849578170901 0.027475449147396875 0.035728481382244805 0.05292149478630116 0.08985824102755344 0.003613354436673153 0.03761784354077046 0.05030148950037506 0.08911380290345439 0.05519694764797933 0.047683847898837624 0.00245856286975979 0.04980738827618574 0.09596194277615042 0.01818543581534095 0.08082212359396723
48 0.0921610669215292 0.10822419242307733 0.0023632106797971475 0.09155221385190618 0.006659892790813957 0.06230551515657855 0.007482882784706149 0.0681572847570098 0.10035233405001275 0.07689577275058357 0.07165672293834191 0.028745013349320885 0.05863792016308058 0.02213615860320859 0.056096852693747354 0.005932509933383818 0.07832130402570456 0.007511104095076171 0.019805140470764867 0.035002907561356815
49 0.04084135241703891 0.06109101084844889 0.009695396733006432 0.04307876722874365 0.0539515124848843 0.07415344270788696 0.06868024415568116 0.029230712187628245 0.07811187071562445 0.015311852066756618 0.07654620218763453 0.057714842282960706 0.06790348002443841 0.07758392828745585 0.02142082019356216 0.01919585568753404 0.011776516031291569 0.061561324652349494 0.0803375326697949 0.05181333643727866
50 0.08397020470877363 0.014730953371654585 0.10668580462097972 0.06857448782821081 0.006071558723237984 0.003942075596688299 0.05567072339544328 0.02882779120147313 0.061713459790013095 0.0019792313942663554 0.06667276744672757 0.06226827877821155 0.03553818800644965 0.10175654859848693 0.05143443361799992 0.014010311210741222 0.0638566981665013 0.012704696808299455 0.08256945390015069 0.0770223328356909
51 0.0322849542267791 0.020165510116448293 0.027578758585490207 0.03792330940895096 0.09872145920095131 0.0012839178676781373 0.09991750707054707 0.029523003074124466 0.008294526561920172 0.023406797166430775 0.11865711207046746 0.07324451470058188 0.006981708626664145 0.04203313736313197 0.009036867284957511 0.09824120978946557 0.08008502327672737 0.010978732389810819 0.1187235233647985 0.0629184278540742
52 0.06986982998322756 0.0026677551254838438 0.04977880556926308 0.056932971851111194 0.05822872563296945 0.03683254215895598 0.07948749872912704 0.022980468198412554 0.06977709434980894 0.020654629535908048 0.036078634579517106 0.06908122744591429 0.050849803480539746 0.055457676907417944 0.05097742065976396 0.030250921514274658 0.06926470442915254 0.07016263717011623 0.02130589100264898 0.07936076167638671
53 0.08081628736040675 0.01638332532152368 0.09067380379258709 0.0915087351095555 0.06859778356286032 0.07294631612324537 0.020213915022606783 0.08160267008816523 0.006607668045914844 0.007433338369349475 0.02013137331682197 0.06967831711658097 0.04498225244387874 0.029590072264972917 0.05496412353201055 0.004059123659377125 0.04771195278805061 0.08587192768435109 0.05851230564465841 0.04771470875308282
54 0.0874973534496369 0.08670273098381769 0.04222024247589286 0.0508032215731757 0.0732261645578768 0.07862933904944443 0.02492181144450315 0.027909995405685336 0.044591904900108406 0.067332977394646 0.04382014951412235 0.004199248028238961 0.04776135085445943 0.015454037372481763 0.05923997414972938 0.01924151955872345 0.07652944711755587 0.0002383185578378468 0.06099642655159483 0.08868378706046902
55 0.05229034542819524 0.06167802719687055 0.05825460916909891 0.06005994605408596 0.07792181164015954 0.07288539960776655 0.07189599052747413 0.04039481549872326 0.04468270320761926 0.057142923026840355 0.03244835682876101 0.01760215981174106 0.02725150625431749 0.044997650129840784 0.03258281028088165 0.007448477818853187 0.07201425203644332 0.03518451179628391 0.07830376199432401 0.05495994169172
56 0.0005881944763503619 0.08215665763672038 0.013295624728263497 0.06593052629054923 0.0551490147839421 0.016795257382598627 0.05233769754067655 0.09740618910530068 0.03427621951666216 0.09323780795395528 0.001814691285514075 0.059440575235445214 0.0854762194813231 0.04925038998395361 0.09620642398977058 0.08686809772654334 0.05062420591442842 0.008134212301248963 0.0011361280133929817 0.04987586665336118
57 0.052955426413938696 0.011010181426815596 0.0610640783314879 0.001083457752035664 0.10024327141206785 0.11082018663236722 0.05532131630284261 0.000548966624428208 0.05117171669019798 0.06859696179415757 0.03565149250153146 0.10525815209506119 0.04842116493178117 0.01693728215456119 0.05390086419157769 0.028555426356980124 0.022122796780650468 0.05865052718969652 0.010543133353730487 0.1071435970640903
58 0.04398915967020754 0.09005609028472232 0.05303473947694563 0.015147298403011272 0.01776538772928541 0.0017264742421088796 0.07301843561855685 0.07319951416344751 0.09904232976796268 0.01752624502508176 0.01621091915701361 0.010219092145399938 0.09086978815924024 0.017231740635622935 0.09483076988227111 0.09361853603278167 0.0020017248245295122 0.07891675713045963 0.10164359773846754 0.009951399912883992
59 0.006160707520187403 0.07625150606668307 0.06713578780779411 0.07375052336634605 0.07095757832341243 0.05410070004553861 0.028250298552495844 0.04511333370832974 0.043153773856322866 0.03998143203427552 0.0010172247997811937 0.04508643791097202 0.01037044787195857 0.07496199960625566 0.04987895528777536 0.0739918221001103 0.04663555582103679 0.07250994687563873 0.08141267630574979 0.039279292139336085
60 0.05318582369688016 0.02114810623892457 0.05012906447375567 0.056384651414249885 0.11059254856670035 0.06003731658890202 0.0891598939153524 0.08482932979437671 0.013209154824592891 0.033092992531589496 0.04029348269039672 0.03791680404335019 0.061220001266359424 0.025993543311077956 0.04007998601151229 0.12140822644429108 0.003379724654760269 0.005085753279869966 0.07867813477388139 0.01417546147917662
61 0.012468996502861701 0.00553336392160893 0.04071105134080882 0.0027556473286218723 0.017793104131448887 0.014527334728169736 0.07877039970413575 0.0876507012436427 0.09096365012533277 0.00939755300712044 0.12022737267017687 0.05242673162037446 0.06456068850585274 0.014175251871744829 0.08475772847887386 0.06540698630400767 0.06540447715976938 0.03932604969538593 0.09284458861996425 0.04029832304009835
62 0.030962296162436967 0.059125503472218004 0.0396701719544469 0.06206619454535144 0.08464181996098516 0.038779315663706064 0.07131983568618906 0.06641466379279792 0.040493575243097935 0.07355627260874684 0.029355072440306867 0.01018908536871187 0.0191825761341148 0.06620185567217883 0.023763259762453956 0.06330862212199825 0.046692913948074614 0.08006955763670308 0.05882485289313055 0.0353825549323508
63 0.02374264175855731 0.01814316659330599 0.05924975197247685 0.06247311001258125 0.04652968035863814 0.04468828243874881 0.05068638903407558 0.052627172176353335 0.05978144235757584 0.059839182063643824 0.060898825503367206 0.053901043229938994 0.030592895016490963 0.06261632882360471 0.05300286789824478 0.043119253050715574 0.041825337155363636 0.058600718722832484 0.06732544343991725 0.05035646839356765
64 0.058015514823754215 0.09343956621109814 0.02736637960459179 0.07686336689209507 0.04036377467272205 0.0752721269951968 0.015607890871766667 0.030423475044972344 0.06433049843996577 0.08201929926118857 0.09693913333032951 0.0022948023956781334 0.04844474042523923 0.06762771857368811 0.051033793289830355 0.023870203627575966 0.0879453955671414 0.004146505018218476 0.04903233988448195 0.004963475070465395
65 0.08348801959881608 0.010045198358998444 0.052419510327022044 0.0630353510655859 0.05320466950735455 0.06407424138127658 0.08047488313269524 0.020221621626332363 0.014193373731233036 0.08239476985050916 0.03886064442696164 0.036112076233389315 0.08793321966222307 0.05610502128947758 0.06609389314521463 0.05974683590393252 0.011612422544488622 0.07866461597777508 0.026903684624282723 0.014415947612431562
66 0.052639910457574796 0.07406910225170596 0.008588083336261538 0.01920503619805232 0.04827173351018103 0.10702239321425165 0.010615259747240993 0.07929228324533115 0.09916750380544256 0.0032824531844533058 0.019731804442883777 0.13081178506441413 0.04983206466656086 0.0852141084130535 0.037656439890521504 0.0017338118882379012 0.04512284948769911 0.008100841014526416 0.06414338377018255 0.05549915241142496
67 0.02563720331685709 0.10488658569260163 0.0008663103810575088 0.01801313111246981 0.10600369984910002 0.04801848939648575 0.08829166229086081 0.031215079893580498 0.06813337120403151 0.08648236927795733 0.08319688045558767 0.00495364729167822 0.09128841095365456 0.01832142824363346 0.029185973403388715 0.08279848397457432 0.004816618295034592 0.05526272676385084 0.0053659647644747985 0.04726196343912087
68 0.05347071032628503 0.08649808408487923 0.07829491916266415 0.07808340285676453 0.022198007171370923 0.07296381902307927 0.011419092699327657 0.07525768586075324 0.06050145669594281 0.03122430487446158 0.02268641286415661 0.02090402723020848 0.004477369985285743 0.031199446145731165 0.06543878877719368 0.07085501408346982 0.012452744935209047 0.06762940292741139 0.061351474813690014 0.07309383548211561
69 0.045123198360870524 0.08358340231177483 0.08722468342501484 0.00652042201024493 0.03351793143890351 0.040922266007199684 0.04356419607215138 0.09182163549531511 0.015722864032021805 0.08102477985957617 0.07669442838663806 0.08489583631156047 0.022901362193776007 0.000516391550594128 0.05650090966081513 0.07287255971310463 0.0072369358123250535 0.03576509247162537 0.06471523587071305 0.048875869015775286
70 0.0629604528945049 0.002011118522110362 0.0811801640320973 0.04493662895479793 0.03205357541200262 0.086559895920791 0.004803163755728621 0.02620126115742437 0.05258380468805392 0.019304839922343255 0.024859398122839195 0.051411408465803166 0.057657417996098734 0.08579919720745292 0.08974583778131835 0.05765303443256519 0.044734908777447534 0.05128185624789512 0.07027257381174021 0.05398946189698553
71 0.020098262228252877 0.06955239676036627 0.054795662164417426 0.0218231547822772 0.011104937942909801 0.022799472590859984 0.06324762139075679 0.010984969629902792 0.018060636022253402 0.111849733557171 0.0613835691152313 0.11059051532102429 0.0500544720364641 0.0762708182583287 0.11663810083413266 0.01996217394721675 0.004292061271810762 0.03577403150816207 0.013533329669459113 0.10718408096900288
72 0.07132986276384702 0.027500111696670517 0.005892155026513896 0.06559795563645307 0.029774675838728205 0.06208581044533983 0.023053738356396007 0.02989400285633518 0.0625844649151485 0.05338045709836803 0.06650132560150959 0.07548086584650746 0.056079207452734335 0.06056275080358082 0.07541968292288805 0.03659034087905585 0.04181763060498066 0.04738569854769496 0.05611649703872564 0.052952765668522306
73 0.07900193274160006 0.07121723511694697 0.05182436743219631 0.04667253268025302 0.08300531761891737 0.0426030644203005 0.07511384213363441 0.02207418335885175 0.02145526057905868 0.013854981364782026 0.08517688948909445 0.053120148752971906 0.0023269412224390263 0.010072412036053899 0.08335819124434234 0.06446437977126376 0.07276695512486071 0.027222219422988886 0.018056683215709402 0.07661246227373451
74 0.05048693466518891 0.011346432577159529 0.03352214866160059 0.04855132595932915 0.017964966186203295 0.04213331630236334 0.020375795620727763 0.05910997770672178 0.038965551016655976 0.11307632204335308 0.08168139695518306 0.0883837792632281 0.04441798985142944 0.034391631775852596 0.09983521964805048 0.03432583738958463 0.04248435963367346 0.03791726075269533 0.08741061851591074 0.013619135475088709
75 0.04834555802943568 0.03866692824048252 0.020961380882185854 0.058726504939149306 0.03446255729359778 0.07523947213751439 0.060468713324836214 0.032013496891459166 0.0197471528119781 0.05329278757187482 0.030785529818957 0.08345580556551879 0.0678381026904528 0.00625474370737588 0.06609887135407541 0.023953944524188874 0.0863671359473985 0.09243861965857617 0.04993948577482607 0.0509432088361168
76 0.08902164912370412 0.03497668541909414 0.09383203136060968 0.0022920135104819842 0.055072774720929314 0.09681037181227557 0.03426309204296645 0.0679705160918779 0.03222083020905197 0.04162711724486539 0.05621640956848541 0.07127308871277521 0.024765641817961287 0.0052159572010424685 0.07473326169087152 0.004398341166057719 0.019332514287512783 0.08549755863977856 0.05477272840579597 0.05570741697386255
77 0.05119170217447244 0.05133826342966858 0.020118945909888435 0.06161339328548916 0.07022899386113832 0.107974947672749 0.029558004856547287 0.09794571734490981 0.08547324386581615 0.00013298339292605515 0.025819881795005703 0.010184440186865882 0.02788355353325211 0.08813671805599083 0.0805483028505097 0.06184373124080558 0.05471346603447432 0.06368277292790761 0.006838086347903233 0.0047728512336797976
78 0.06506500195585618 0.06075995141129908 0.001726109122264546 0.06612551866398393 0.05881447639501422 0.07541020715199513 0.06829797568912892 0.03171045384258189 0.03957250846454875 0.06497870309864821 0.02269810757308013 0.054488029436450675 0.013741582608427443 0.07049807861717264 0.03337505571911756 0.07416942375277065 0.05789997653265346 0.05826534384103136 0.020527555037379845 0.061875941086595464
79 0.08176910222575887 0.005461175353138647 0.06091754532578322 0.053668745901400736 0.04800440948334591 0.0018997319626647892 0.04754676010035359 0.07770466886003669 0.08101697708995438 0.03282259332410234 0.07182590934980403 0.048296204010292706 0.05791723355513301 0.0288913554297884 0.036705127954708754 0.04931103336002653 0.05927533056950244 0.028188348414318512 0.07731405489959955 0.051463692830286845
80 0.037955628202507 0.09451232216062173 0.07790796258732223 0.04630318379368457 0.030132883757275828 0.012666901143873357 0.056299940048873454 0.046632116920833085 0.07658357750344855 0.03574943789895704 0.0688469272401831 0.09342404686320699 0.04302031636770598 0.05089606222327081 0.05858972226527175 0.05122020564198945 0.016967282961013602 0.0290217678858293 0.0533700515432551 0.019899662990876952
81 0.09589830799228274 0.026945353750309924 0.0006655950593276548 0.09128234919323518 0.010240940361357637 0.03130413564102343 0.03801167624518507 0.014054478067967549 0.018998291574898286 0.01340545565378243 0.053623816078488463 0.08230588326558094 0.0771884629384023 0.06924932454453704 0.01082044729075247 0.09142567975733747 0.08349509861460037 0.07871741124277334 0.005097589672455989 0.10726970305570176
82 0.08098214123593704 0.03671850635104419 0.053690148212575964 0.034369797648316026 0.08243579527390035 0.09091167596288736 0.07789999067207501 0.0135413949833328 0.04575630966196839 0.019207275454302487 0.04285221906702407 0.07040305909861999 0.07535763034879411 0.027180621087615434 0.02359709819230354 0.008604728368422285 0.07844894065889889 0.07716100841203484 0.03135905316247 0.02952260614747729
83 0.05100164694777609 0.06703132508418604 0.0955103859254389 0.09260732392698265 0.03635915347115699 0.008643405867867989 0.07434677266470673 0.01245605511423677 0.04192414100830569 0.002396258645881231 0.05724106920803947 0.076010861799316 0.03307762702400814 0.09348706596660604 0.08133097541592109 0.03341079820273061 0.025986525666535674 0.032957877952351895 0.03949655228187333 0.04472417782607864
84 0.0720328773990945 0.016589891215116004 0.027224270259461208 0.01923069160215584 0.07066286539028456 0.0728432880282905 0.04851240227423987 0.06618814847961638 0.041020994805614774 0.022483372787386918 0.021190389772796758 0.04322307414375317 0.04944884661601073 0.08642941935874168 0.07577482988202429 0.03491406847044034 0.05387796363705066 0.07568763844090015 0.01812674449787626 0.08453822293914535
85 0.07765201825576504 0.06081167975999558 0.003492906995589743 0.03275855522564203 0.06771983092413335 0.005277391829071954 0.055906576151161486 0.06104983159313425 0.0955327279320576 0.00410137373007205 0.03860900000338771 0.030714181084840846 0.09971729608356936 0.1041384950536477 0.04128886284470329 0.0653820363042976 0.020335800591042206 0.037196135394578216 0.049032982384620644 0.04928231785868945
86 0.05620332460870358 0.06523535123032544 0.06041733678885797 0.04106762283542446 0.004502125393581746 0.05393826971580646 0.060227759543991774 0.03246041898746367 0.04010098669688946 0.06904182817436533 0.05821864217213142 0.06270204794671767 0.049524253777840456 0.04678891960797677 0.0679024226623818 0.004359852799272913 0.06165669833590791 0.08087563559500141 0.07821394826585888 0.0065625548615008715
87 0.06681275929263605 0.07012974662665956 0.07376327771847062 0.0327705830097963 0.02420427460424389 0.03303196327002323 0.010030586515139961 0.08803004403269143 0.06157744453970845 0.05042160853352096 0.02302861800403698 0.0700175460709255 0.033834817972081335 0.04965430202602243 0.0686115156822292 0.03721669082939626 0.07508199498702522 0.05182284692820317 0.007204292212515905 0.07275508714467369
88 0.0771913815814709 0.0035879645617099805 0.0745992362438374 0.08524913948761279 0.045604750100995246 0.03113640506423069 0.03555521162341457 0.013650896122770841 0.045813687596237884 0.044841002767777936 0.026531158677057885 0.08900561448553983 0.08929535846727521 0.01246474262012362 0.0561150856543079 0.06369477659791901 0.010468979070630853 0.03886937506630979 0.06259098243949039 0.09373425177128719
89 0.09513676259593516 0.0385360347074561 0.0368059647740296 4.678423084879048e-05 0.0030953852847373535 0.07220493785555557 0.03648736882549983 0.03856841591042302 0.06831944503052982 0.0530842167177412 0.10015452184625041 0.044158596431124054 0.04575500703756368 0.022814406673651255 0.06322081293588817 0.013586040591801709 0.10703236749867923 0.04498978533145519 0.061432096580602585 0.0545710491402273
90 0.0019686613452265986 0.03688077718320101 0.023071271957249933 0.04581300701651556 0.037307204258178496 0.0707294291584211 0.013284975448656484 0.021645523157272747 0.01077348485638454 0.09262303825593805 0.08638550155724584 0.09922177241417639 0.017239879126142693 0.07508212372480505 0.0696235776848687 0.05880042089207063 0.08900541613357657 0.07024502825761338 0.021729026776049907 0.058569880796406404
91 0.09383357068482381 0.020773029573143927 0.05198737612028489 0.060506978033193326 0.08335600075608736 0.09081348036990734 0.010899334917089052 0.06877358268521398 0.038900447004842305 0.045923303786381243 0.01334864413453139 0.06379692037717213 0.03989304052391634 0.10655409238304601 0.08103412943176254 0.001544062200831044 0.04884297457361901 0.02627524289742413 0.014268301187494043 0.038675488359235795
92 0.04257699441279642 0.058579219097507615 0.06795404604630204 0.037778984197948284 0.061700741775885214 0.04094644342852467 0.0003303031296554201 0.06184219623236077 0.01008901599103306 0.016608671901834605 0.026382594709336016 0.0620153872957754 0.040092926535433095 0.04839139445167124 0.0658939170702312 0.09381840023025186 0.0904563323363677 0.06994916260678458 0.023016187481614048 0.08157708106868669
93 0.06513274200829557 0.0925271037070291 0.014736573406659226 0.09855100634182165 0.07267574584027331 0.030016782869968568 0.06371286234807895 0.007343290859348879 0.011960126177547215 0.08065722220041852 0.016404421558369513 0.05780187933810698 0.09182922581311799 0.03329101167719656 0.05279913743890567 0.00787019438523275 0.028000192522490017 0.0788473186298427 0.04429178758258197 0.051551375294714846
94 0.05050326395043676 0.029665630492432978 0.07311226152337821 0.01878121412919658 0.04135927443420362 0.042621678702766924 0.06116774429573905 0.031701982940450756 0.05754543383663574 0.0742737318221839 0.07653754222261036 0.03285698765381844 0.03468363379414514 0.01895787025260154 0.02752209856013414 0.03527638694022241 0.08633774725127653 0.0689195629012547 0.0570306710703136 0.08114528322619886
95 0.016685387689998946 0.0026033632502800086 0.02240280708576633 0.014469057379548718 0.065455796897636 0.027667828370572127 0.07013021680823263 0.01947446633680461 0.044292172891437165 0.06011911350429299 0.003969928494891459 0.028859205713375642 0.07968861160219622 0.09398885834784079 0.06346822401428416 0.059184719776848436 0.09219373124009343 0.09043983943698344 0.093287874362235 0.051618796796681875
96 0.04011603434099229 0.012976344388097057 0.06402450538590754 0.05250094814884969 0.027147168485174514 0.020018751259981912 0.07724716675167966 0.06695321948256797 0.07429374612484382 0.02351748357916805 0.021560027273106425 0.0048635069195786486 0.02100147920196573 0.09085257949468886 0.08611037921799533 0.08368547505607947 0.06652209122330816 0.0007011339348418105 0.07523280728222896 0.09067515244894411
97 0.0404393662808434 0.005024388359088626 0.07938857097980447 0.036566046514235284 0.07895102843418102 0.06281617575311055 0.021644107963784263 0.023586013654214144 0.04277900656950355 0.06883547407033488 0.04897202758378701 0.05571672244585337 0.057823368389696164 0.0795393819519843 0.05788510021857341 0.028588935980153475 0.040523027179254066 0.05601267270886141 0.04610937299356287 0.06879921196917362
