0 7.553529415599687e-05 0.06469126538571161 0.08457011581567897 0.064976893156178 0.057360319468029525 0.08285411682089414 0.04473146431371064 0.07308738779163057 0.008585599693727563 0.025226341192751457 0.07656087044700767 0.07195339240869426 0.004906979086115665 0.01763451881138699 0.08510891726436759 0.005882852830683068 0.03785019514304822 0.07747599704147709 0.08520571101752382 0.031261527017227134
1 0.048840670396439766 0.039249505693360935 0.03820162591066899 0.09021809165309692 0.006410311078431445 0.09915355933277455 0.07582758384604514 0.09760967940685734 0.03164970873712289 0.11654730227320721 0.05518994782357987 0.027402744225045184 0.01469691601960544 0.012015301396209406 0.04644705901487785 0.019332923763632 0.09165103239930718 0.029994398657578886 0.03809547654582952 0.021466161826329325
2 0.05765795616282517 0.08770471793234834 0.06290737107267613 0.07249987968547007 0.06791397364070906 0.023901643114339753 0.054269468391183594 0.08431421006377411 0.014388778693646843 0.05926942291608976 0.06866740483938824 0.07315029701024534 0.009156571988583117 0.05665939573552331 0.056145043144919936 0.040919804302029565 0.030094730733258482 0.04509859174050385 0.004381394302319919 0.030899344530165358
3 0.04006355553924651 0.027883417155179318 0.07848810137642558 0.03456395116115446 0.033180226585624056 0.056105712243059144 0.08815131770164936 0.08556378603318897 0.06255172345262679 0.008940041030408234 0.07097137882637167 0.05108001160110095 0.010583694915728432 0.04637422703270672 0.002438133677442334 0.09177135725172968 0.07100482658982595 0.0053814198582936 0.07758949452229552 0.05731362344594271
4 0.04511455557595279 0.00377947363870721 0.04707998658063032 0.07346747180261301 0.04859561840397717 0.05746017443403642 0.06257087203045857 0.06464822415240376 0.04289401100111054 0.0199475361332199 0.05014154278170941 0.0807010527816076 0.004951697651894895 0.058121411178068356 0.035660886518905005 0.0984228348774635 0.012102129610196037 0.08838998870135821 0.09192089293879312 0.01402963920689432
5 0.03571378280254555 0.05009616914852783 0.03261157779222875 0.06490207575559966 0.06986015703345387 0.07763170737919518 0.06825762250213069 0.065054712532998 0.018771642406018002 0.0207290039459775 0.0018716622879946599 0.058202154528809134 0.052543285990892544 0.07083436386899856 0.04777362578782602 0.03666689285306869 0.06904799440622211 0.04963407387465882 0.06504543331116419 0.04475206179169018
6 0.03826850889304058 0.028556736320221862 0.07392313023875285 0.040460734005940836 0.03486626932598276 0.030437103746807116 0.05707126111185933 0.06208220566309671 0.0695962386529998 0.019399316366678323 0.0649545926254902 0.07595137672036723 0.034599371958682075 0.02254207935746978 0.07183651445609293 0.06905224853935904 0.05672784512152189 0.02181938100064794 0.05609074253161898 0.07176434336336977
7 0.0019307580259294375 0.023594702619557963 0.02492508333836179 0.03387802145648098 0.054441377663753066 0.0695148802154994 0.08297613517438647 0.06375185924079703 0.07634716467233428 0.05114683526052844 0.08279630252144794 0.005346550892925067 0.09024419811728977 0.013608286456308582 0.090945811955591 0.0010886465707217428 0.03333828607197163 0.0626776091359956 0.09948733784116695 0.03796015276895302
8 0.08117222440064466 0.08587512665904896 0.038509252967663436 0.014132676862507002 0.014300680102710522 0.01997883600105218 0.022530198335257864 0.04564478812585276 0.03921683918709678 0.0869439998746645 0.09200090234750814 0.09182916810771946 0.07385266649562522 0.07676474461256237 0.009972365048292998 0.08554141278412175 0.0419673313892855 0.015436455211142435 0.06216204923282184 0.0021682822544216392
9 0.04231935462158255 0.06788271925869413 0.09381348858358911 0.049233958065663344 0.07264648025254067 0.01022259334759135 0.025904143373760527 0.044924568031783796 0.011195164379516523 0.024271316707751567 0.06438629031591823 0.07008320716141686 0.036605179549821294 0.048679480527197644 0.05256769791386044 0.048495523896023976 0.08982717180419172 0.0384651246654822 0.00024579560689737755 0.10823074193671672
10 0.01785688069723165 0.04468438653038016 0.022874418518529643 0.017870789841005465 0.06424998452188949 0.08206060536615019 0.07777257637818771 0.04920157067870811 0.06468902132623856 0.09152863243934321 0.013373065463189495 0.04282219349338553 0.07302561973105386 0.030800065026422352 0.08235840261723153 0.07757530010553212 0.050764944251608414 0.020620746980649387 0.009268601976410005 0.06660219405685294
11 0.08658894189827714 0.05057761146753696 0.08194413708027926 0.00779692943903924 0.00763132566546397 0.10239797027967837 0.08890430121110343 0.011222350725597133 0.09527074186646144 6.78956202891408e-05 0.04681437543126509 0.06384383222800478 0.02322092835679997 0.07302928953442551 0.015367222556375838 0.027017193366217017 0.07920598976418289 0.10542138743812894 0.02122885162975503 0.012448724441118586
12 0.008453422704212012 0.040172110012881124 0.04547499055520407 0.050866509291310896 0.018924989239604378 0.02143695535092351 0.051069245450923006 0.06539115556002316 0.05930724469830626 0.04785907329955751 0.0025762389161293553 0.08226384670047371 0.04988195341041271 0.10704996833419866 0.031196518179055294 0.07744473362263564 0.037747895016929156 0.07049205478396321 0.11001576081390313 0.022375334059353196
13 0.03712418612807775 0.02039045457529874 0.05615831564999145 0.09610888446051377 0.08994848027168478 0.09564826078770594 0.0024819078864294465 0.05015808645510912 0.0061385032593659775 0.07903909176479525 0.09047448622384426 0.04220134366009835 0.07982353756937606 0.03344998898847174 0.08769091240861981 0.05226850367480804 0.006650105858178482 0.011834440310582226 0.04333891126076883 0.019071598806279778
14 0.017557238884161854 0.049859942412671054 0.08172322702567536 0.02967947454880939 0.046768119897516724 0.08292484455292143 0.02839864051423513 0.009364894716030173 0.03303540204811387 0.02977702102876674 0.09596283892508897 0.0264396428396457 0.001936392329330462 0.03291238748926186 0.08155921859517577 0.09527963992230319 0.09424342759026348 0.007048682730115223 0.09113898051376772 0.06438998343614581
15 0.007226932177315537 0.07398420136901461 0.02830362645367594 0.009806735245374986 0.09874084674296041 0.08454839031706782 0.05031792973289938 0.08382844810525297 0.06187374843724474 0.0578134352884934 0.0899460838151092 0.07166387641784794 0.06202576940803939 0.08825281720705291 0.03440664461434503 0.05373990544371318 0.008601109279365053 0.022838971749694098 0.0075147018671825406 0.0045658263283505
16 0.07981796941229652 0.06134955257383064 0.06512769082080455 0.05359108791843791 0.040879409293408414 0.05962216946567494 0.08182559309491089 0.045701468373736634 0.03474006596735215 0.02264672250939506 0.040046294882527436 0.020107165573085818 0.01951491960782584 0.04840540129477476 0.007949113099128473 0.06911513104138606 0.05874028679260419 0.04454561589018577 0.063727468681259 0.08254687370737483
17 0.014343073991271119 0.030354767797273943 0.006962193256412797 0.055885715056518265 0.01532361084712759 0.032486389273028674 0.011410851359851601 0.02387667446119553 0.08733141668402758 0.10278862760393125 0.07508854135154183 0.02643260401444741 0.03487051108323358 0.09688198088935432 0.05438817433991663 0.004294832708002039 0.08357792877745601 0.0669581496267429 0.07967485328065567 0.09706910359801126
18 0.02416234007855128 0.043193453402152256 0.06501210508213207 0.0449735840492947 0.055837114894938124 0.004611617041158661 0.10346119057378347 0.057061598365951226 0.001482532142697775 0.020555860349818295 0.09908534527698785 0.005888660610457769 0.029695287106487157 0.09568324462131064 0.04396444912543739 0.03522545816038571 0.0344648362459377 0.09227457679703642 0.09668652916908534 0.04668021690639605
19 0.06511557886221674 0.06036857733194638 0.04059196519994655 0.06733179106789776 0.018778232150848798 0.042506214631816204 0.0658170344597323 0.06346132188758849 0.010629505663742288 0.07075214622574226 0.03348754143748497 0.05143605597439749 0.029276502664772854 0.06938829420771109 0.07118131664512636 0.04692656011929306 0.0367543347120808 0.05839973510019608 0.06607105848320778 0.0317262331742517
20 0.09203126031899125 0.01145830408324744 0.10627696699080533 0.09193411931838855 0.03255738609727834 0.02980096580389633 0.053594639513352776 0.07373563894889092 0.06922767749032445 0.014285248773687035 0.10447579018906421 0.012016474469356978 0.010277977298287154 0.03784878678078252 0.004414541617368303 0.049773744556252324 0.028555988023890592 0.0877360226837478 0.04593638545649862 0.04406208158588907
21 0.0693782659261383 0.010242062629646588 0.06052660464536852 0.03918261547093155 0.038224078895278686 0.018977821523962924 0.03277926856869293 0.06724267747156369 0.059924619688894454 0.08531373010539894 0.005957533205663945 0.05516834680221534 0.0662439827193595 0.06720899517535182 0.05351715413816433 0.04080288158265183 0.09906099668438595 0.029369552094776662 0.07527581641035354 0.025602996261200477
22 0.047582385593423045 0.0556516298149405 0.07019871241431691 0.0779127463715688 0.0415264753210038 0.03429311799609252 0.03312361050925768 0.091562577846993 0.07361917842903536 0.026290657210050725 0.08705804218063797 0.07007185668888279 0.06252578871159416 0.006048042635607494 0.006930263839172901 0.03229138831275165 0.021760861218785545 0.08649964254961257 0.018917155823216434 0.05613586653305618
23 0.08379166113992106 0.006394751031122586 0.08364789197434792 0.09125257678925573 0.01574061152563946 0.09608873818385497 0.0812896387116439 0.07044036327979948 0.07823622618029559 0.07647667633739698 0.008473933946533875 0.037427197454710105 0.0518102913212437 0.008106818115979283 0.0011774070855246148 0.05444667580644647 0.011454225496157615 0.057011161619443876 0.011502825424148067 0.07523032857653464
24 0.011697968125667124 0.0450093538697178 0.06162726507467957 0.05438918020133371 0.0029203639932230616 0.05962274569769944 0.06895148473825088 0.059093163535655115 0.05654828374666021 0.016250410058651757 0.055064282376684794 0.012441844795775226 0.026937826504916565 0.07416618152862885 0.0799724040449316 0.06917412271079461 0.08032975518126262 0.06583665751852037 0.0748165991455241 0.025150107151422723
25 0.03549667802903851 0.060348317938345164 0.0912046838354156 0.07668512855896581 0.0005484449998934197 0.10061427850425694 0.004144526297851439 0.02824881670228081 0.021444206125452878 0.09292800834154866 0.12245203817263593 0.024610214037983306 0.06250383345071733 0.05323759163524372 0.056748575351581974 0.035074398764696924 0.062081875219711015 0.03461456569748208 0.036366596629596015 0.0006472217073025102
26 0.03684862842599597 0.025972677160073517 0.035005527033802525 0.03297181659270951 0.03437006536741944 0.05588134805708394 0.023663966762355344 0.02101670342336071 0.09664208213869391 0.043855024570383476 0.03825177945808189 0.06777179292227763 0.0946746890781299 0.05958628792979149 0.07426809123361205 0.06017845247294844 0.10214904654811009 0.0016676253474315309 0.009895127633345222 0.08532926784439324
27 0.03559320224460595 0.09811716438667438 0.009238831543051355 0.06368013265536877 0.004427161628708416 0.021849790425923547 0.05634073376650274 0.08289222607696162 0.07966459157292242 0.052784679145647447 0.08391613260835573 0.08345735570935658 0.018705498037093496 0.09335439897037355 0.038329953146220855 0.07669485294531318 0.017477396911017115 0.020149003394794106 0.007865456770626573 0.05546143806048254
28 0.08665370706860853 0.049933504381497525 0.04488558220297849 0.008816461776173653 0.05383209973666648 0.09263022194636703 0.04209974824393614 0.03991316259497259 0.03381662153252131 0.04002024030569938 0.053023905249878434 0.08794345378489771 0.051906171226855216 0.046329477686147494 0.04837271225936819 0.007318725354493827 0.08858894879473246 0.06505094639965912 0.028936302709839486 0.029928006744707192
29 0.06329079475238267 0.06347969668048206 0.024364428145918254 0.034065221558979585 0.04148384193205841 0.006726392883851274 0.0032713309261145 0.0765526460706966 0.06689855971789618 0.05711595726163113 0.024064713995180988 0.06952929341799367 0.08836680276782079 0.08530461407976099 0.1010058573028415 0.03028775292321681 0.09229082993400153 0.011227559697673166 0.029046597966285857 0.0316271079852139
30 0.008188252476788302 0.0092724839849749 0.07756464050223086 0.019902151089590057 0.017828062905490563 0.004475218651260914 0.09012417554767552 0.07280027315159796 0.01569852833076982 0.0886409090503378 0.031033493861097813 0.05194470619841913 0.004658701293401727 0.0978001078517467 0.0893769747295505 0.06835500074876386 0.11059783808818727 0.08059194732611136 0.054542253941871024 0.006604280270133818
31 0.037612226866195586 0.02269667789131039 0.03714388701421894 0.03473893418265218 0.011836193972689252 0.08432673743109619 0.05618128556079813 0.060267291219619865 0.0291562802487328 0.051743535710363366 0.034574308806145156 0.026500313745707382 0.08409957683663143 0.03947148740508473 0.054979974786168444 0.0762292874932804 0.061139197410781596 0.054454440393217035 0.07201200916182653 0.07083635386348075
32 0.01173179749006068 0.09912926780951818 0.011574915665960432 0.06943487119158807 0.013806719693591216 0.05249040644408412 0.01888689638415141 0.026488343922697184 0.07323569644842068 0.060739197785784536 0.050638980169582015 0.09088323707743916 0.0660621246174114 0.00792118530977715 0.04633463078636152 0.015409064852415472 0.07459140804007552 0.05093029962035655 0.08356240371491679 0.0761485529758081
33 0.04065055052698687 0.09220358454255621 0.07234535720652278 0.09276550092301104 0.04299789549310302 0.058971282371928155 0.04712679999232143 0.06412127586876193 0.007561409518141993 0.08012909239881984 0.06329764363905625 0.0016581004448034207 0.06467038570656371 0.0404632491958771 0.020211410881975356 0.037309749995370706 0.04730006324217612 0.03265092881391266 0.07193170927256798 0.021634009965543332
34 0.07841874724595484 0.05540401210111277 0.07333229546973141 0.05410816753847239 0.035557104160567184 0.007201988781666509 0.047086149937501674 0.08923545507695585 0.050817500084747724 0.02652173082527778 0.09011217309640913 0.06308810813785927 0.07700046876104016 0.0764652414461342 0.00035309611279410057 0.003986338451070725 0.05835795222612343 0.018565895289924684 0.04595754161970656 0.048430033636949726
35 0.004861379342464805 0.08785586133316058 0.056979069019944796 0.07746549894033139 0.08373831273158064 0.014438327993774144 0.004115858240678797 0.01455948707434023 0.07270543690396944 0.10523911446794362 0.10156855627428515 0.00534943576196148 0.08027843627062342 0.05478090555351373 0.02964115222722925 0.052507602433688405 0.005790379016349232 0.025603054801114952 0.09165038794530692 0.030871743667739072
36 0.0271808994052046 0.056715154790794635 0.03978573485392661 0.07705718807845502 0.017094205968532172 0.018765744160503143 0.06043424561673184 0.03376622207230206 0.030277749782394982 0.05344796830659695 0.07944988479075131 0.06218992044473937 0.04904995866907278 0.06786135545967513 0.042426189809957604 0.0681794872285935 0.03486868623977719 0.04239033765500689 0.0684422314571148 0.07061683520986965
37 0.0948223171606445 0.06808147128014444 0.0346772381014404 0.06636846510570801 0.03299780697131386 0.05348982792183958 0.07758699902571846 0.058408729010347736 0.08829957622797897 0.0904399161567517 0.01307230161289602 0.009422251479981485 0.04699252464701749 0.06259578343139063 0.07177832775413834 0.05766614376859991 0.008313237987594388 0.03868561300254998 0.025703895062701793 0.0005975742912425547
38 0.008554305816251474 0.07615193134247 0.07372703084528212 0.08462477618980002 0.0396197414087672 0.08142058195229886 0.02659358901191976 0.01902849182329505 0.056045876938301965 0.026469274596702133 0.05034724666779238 0.046244284115498295 0.09497451388130437 0.09079533694304247 0.032667240019251635 0.07773371967050376 0.001628288818342971 0.029581776840581307 0.07903804590553015 0.00475394721306408
39 0.02210477594347677 0.076050173526997 0.06272409969295843 0.023371066126499047 0.07278884316394695 0.0765194713801495 0.07062791984806992 0.006390489766901611 0.039571810096428496 0.009401214825387992 0.03045862226090378 0.05839144313720631 0.08290559612907324 0.07703681466264829 0.0716410814398373 0.05676936929223035 0.04093494482375033 0.056855029002862975 0.01626634296940724 0.049190891911264564
40 0.08687781339384963 0.014816791223749399 0.09943236162814248 0.07479763020392528 0.01043301988133333 0.06172989247061693 0.013121068029843396 0.05916082229603243 0.0016402146890509598 0.014725454857420297 0.02608848153928406 0.03971774100647557 0.07374498599107344 0.09869784133564764 0.078842895105474 0.03219502007582268 0.08227705124430067 0.05941245404385401 0.03335874974965993 0.038929711234443956
41 0.04428997368233783 0.0025576833829695426 0.02886927027087344 0.09147334133945668 0.09283066297007636 0.10447393242108648 0.09495701794655302 0.018596765542283053 0.06041021541469189 0.01946109562525527 0.07232087700396592 0.052782217722369164 0.0074292109886513235 0.10156430086614296 0.0436004476909965 0.08304411313899841 0.0354518595922717 0.009069565130834723 0.020066680715648974 0.01675076855453682
42 0.05615197528411314 0.028588587950526528 0.049465557637764564 0.0018140691284223294 0.0815867181563863 0.04783063441412237 0.07537343949489399 0.03694827680642295 0.012867413072211334 0.08108562847014217 0.055063776891454363 0.07890583660284665 0.049323113164096974 0.054672079566888125 0.0418233787346811 0.0303349726642882 0.0670379540992481 0.040665750737149085 0.07311075963945314 0.037350077484888694
43 0.08963576818381086 0.06987907199015522 0.09350905203483344 0.05911721164735864 0.06845030137989286 0.03705910227640608 0.017881025402693557 0.026202125388427328 0.02207155301181828 0.04300484078849822 0.022388961523077407 0.0693695884427009 0.01479603300566272 0.1008282154575644 0.020146766100187827 0.0071768104984453575 0.0959122593345667 0.031872078081618446 0.014389264632533877 0.09630997081974775
44 0.04037544347450614 0.09441621146542996 0.02803903415008205 0.010463898800062488 0.039006368989796314 0.05406623241963548 0.01621055612968989 0.09212170753013685 0.037179785937508966 0.08547450368862597 0.08697054149476975 0.018579172191480003 0.06824877886813589 0.03862832743391871 0.09050496094327848 0.02824817982786948 0.012548459288829295 0.06395991809702439 0.06760204456237268 0.027355874706847028
45 0.04763274076697349 0.0420239540357399 0.08860105728470112 0.09068738314364692 0.03291002583113733 0.017398403988827565 0.03823441044182686 0.003941260352066177 0.0919925647025515 0.006119442723083065 0.07790098848739668 0.08530464033434447 0.08934807268953007 0.05984852019447375 0.02073142547077147 0.07553182903670755 0.0506459198170272 0.0504275392723301 0.028064503763537862 0.002655317663326957
46 0.06634386347560932 0.06968955500050589 0.09775858074112741 0.043630496954145316 0.09028999978927975 0.018826347801342645 0.033651669364669866 0.01283171575078608 0.06196816161839812 0.06457716361029556 0.0047410218501778515 0.0410949981826278 0.02441529089359227 0.031209958206965066 0.03815615843002167 0.02347072024602018 0.06457707309814244 0.06919827922718262 0.09197720803448656 0.05159173772462378
47 0.018476838365079212 0.06311547721617122 0.0012958818379594393 0.09084461010072453 0.01810281834784292 0.0544291110473302 0.0868157290186944 0.0786645120508789 0.06769343678535367 0.08380373263668679 0.017097417002020793 0.07040551648531038 0.012934051995031337 0.06684018883870933 0.05393590308312561 0.058010128041025955 0.026735806083475918 0.07136628156345456 0.011317917248690718 0.04811464225243418
48 0.0893607569687003 0.014491333309185585 0.06518305553194462 0.0009965721634840722 0.006587697418461 0.039570122227830726 0.049330664626444705 0.0636082806780357 0.05726782155781525 0.07234360978731716 0.09058800852466946 0.07134402226174763 0.05188859381506128 0.042790168223715765 0.011671690491468925 0.017844893388029092 0.038428582803492844 0.0749686633679106 0.05516614679762878 0.08656931605705641
49 0.03924111066545832 0.058110639778334014 0.04098225094739486 0.08980663149004886 0.014951871602842132 0.07617545992695608 0.018465421125175862 0.038867793165028766 0.07908170034593674 0.08604417076811714 0.07632443073071916 0.08108268991290513 0.0603406337252363 0.0892170642598394 0.048513178023707235 0.005388318714020711 0.025040305450404497 0.03151886286006484 0.018229134915689747 0.02261833159212
50 0.03288210951747172 0.009072616711444034 0.06289763663665504 0.027113683762343615 0.08598870020231109 0.04825663001327288 0.021171839156296394 0.07187137737437374 0.046752746092546676 0.09733174154818414 0.001408449305653442 0.06612479208813536 0.06346408535820455 0.02674766332007873 0.04804115649775468 0.046120692328850084 0.08550382833497863 0.07667675014258088 0.035436746687205964 0.04713675492165848
51 0.051564665149098354 0.03219246939960939 0.008271242635479467 0.07416513054328666 0.11233254662883019 0.000611161988205768 0.09492892538968496 0.04145406392423948 0.043036426353996064 0.001841809855477426 0.0342936473478929 0.02969801495301862 0.016387368838167472 0.07200010896503821 0.0984673734935752 0.073995975412773 0.006038158928876945 0.10412197926980239 0.028167992152899304 0.0764309387700484
52 0.08293526061471775 0.015483928079437388 0.012951654947064717 0.05385742842339485 0.058160784931124934 0.09684393655758329 0.02833042945470628 0.008486796748036474 0.09218297925493532 0.07576966025645905 0.07931452529947765 0.034324432875922226 0.003295234558461326 0.07538953410129869 0.07161824226252689 0.004904523444130238 0.02175202393009861 0.07462591462824467 0.09714665575646277 0.012626053875917075
53 0.007887418637738423 0.04387709909252613 0.08219085855853042 0.06682330330233595 0.026936086447172602 0.018842190963623502 0.0018212741378923836 0.06256557482769937 0.06568445009109075 0.055487014138540305 0.01965747347129425 0.09213408070270229 0.09539822265530522 0.043419342863712816 0.056193069502101525 0.06899556807491711 0.002694445503832284 0.07845143023110954 0.09510270685684472 0.01583838994103039
54 0.07540517696697528 0.046406242325139804 0.0602135605598305 0.038663458142861366 0.07839795133777902 0.013509055605192576 0.048649603263865616 0.02184106157252445 0.05972902497807196 0.07817588348800215 0.06043714730210633 0.0706562867703366 0.0023267061014635724 0.04123127333301485 0.013365365591708894 0.055862468206381743 0.08229259695042719 0.01168925893297944 0.06022320466944176 0.08092467390189685
55 0.07696468492073821 0.0690337769401794 0.0189172079316119 0.03922758316729798 0.06443944741956897 0.00965323021310194 0.05296694152119657 0.07808049583764928 0.06859429386339788 0.0035287738764483534 0.02618038678074514 0.0025456709793442857 0.06668891873988203 0.03601576480297075 0.05421490900972793 0.07085242455350207 0.07270121608137547 0.08416228388179797 0.09234411177440784 0.012887877705056117
56 0.026887730576655867 0.14916017966036385 0.13845974234825473 0.03680668645661498 0.04842610720947234 0.06813274684412972 0.035223873707357745 0.052094276895043534 0.033553746579853334 0.024963303520500597 0.0056762234395736225 0.006181816153801622 0.07179955902400345 4.049242887916469e-05 0.002041510337847812 0.07266946499402455 0.039063259912166554 0.07241758727239199 0.01216780662286457 0.10423388601620007
57 0.05758961455450268 0.012849104315724747 0.07855729904005328 0.08334477251844323 0.020930757861299974 0.05585563811909686 0.026393979169654885 0.000466623219666666 0.0843506076194256 0.03758857061118694 0.08549990291783505 0.08928594768933688 0.020333361549280202 0.05202498021062659 0.08747092393816423 0.012823880600395753 0.03994861964087977 0.04252080081793639 0.029466156553968604 0.0826984590525217
58 0.01210703466075078 0.05707218596890487 0.021522797685476235 0.07900637231493504 0.030877056307502475 0.058483974857917384 0.07982775762430623 0.07561488457988018 0.049251102505990026 0.0968659220745465 0.018753093441656713 0.07072462839483562 0.052347569092655304 0.08565983194934097 0.04728562880967208 0.04837905961131776 0.027072650732751946 0.005860820687799769 0.019994119483551967 0.06329350921620812
59 0.023933961725279757 0.004200571574078779 0.014367593667368265 0.042616716934350964 0.06777737136056955 0.0938427036900617 0.011188324987071107 0.04583191170886331 0.09210663158960641 0.005438490087569179 0.10641166896210691 0.08766283691585898 0.09629419399355373 0.01297287557878705 0.10890687203808559 0.009504392707993097 0.021193076248471575 0.027030507717316205 0.042731656584589016 0.08598764192841893
60 0.040937984107513745 0.012711997242171844 0.09804055080528351 0.023198746646214193 0.08831103560364806 0.02992064782759994 0.022636045764700734 0.01905927708025862 0.0673910654609723 0.047673741848375965 0.07471793435818895 0.023411666118924535 0.07202957321003395 0.039547855541898935 0.05521238103008763 0.020888193196322645 0.06229765160489388 0.07917088678123385 0.02284349152615283 0.09999927424552413
61 0.07489310481684608 0.05986837894093383 0.084611482859167 0.08227232998981625 0.002503517117337718 0.0037596180782826305 0.026042829321588877 0.06511441424147076 0.04054612825505204 0.07506464651972511 0.07530235800172932 0.08743357451828179 0.08504177747073607 0.013206111788430825 0.08851016549338044 0.03702557391713199 0.03399603604476784 0.008503048673940082 0.010004845090739584 0.046300058860641695
62 0.040792037636071046 0.05937500196000238 0.023734417188695726 0.0127240191964614 0.08087382176609843 0.08755212842467582 0.038966241848140355 0.10286256401508974 0.024898479248987644 0.032715662691388744 0.09589196966256124 0.0761454762240488 0.09438629534041976 0.04771746124774337 0.010349548863122749 0.006193086517675853 0.02465702577427277 0.031916792531537085 0.06450954775041613 0.043738422112590866
63 0.018533615394452717 0.047817610249076235 0.04673042213088842 0.03973591021779258 0.09436991626450587 0.09619483490824944 0.024664092418206586 0.047234758777601596 0.08314201981740663 0.06232659951275669 0.004045415772349088 0.021654352553568578 0.04269882668741335 0.05498420721907916 0.07844500957146178 0.009716433033383907 0.061850998236772765 0.023017440493945673 0.06303471881244875 0.07980281792863997
64 0.003956426782307096 0.0790145503301193 0.09456948927468892 0.014504907449723287 0.012003978386341341 0.06766605488530766 0.006746086877163022 0.032063341972843384 0.06295765639213571 0.07955358173925152 0.04717101060666174 0.0012809270548533717 0.06253352614002944 0.037736571220833875 0.06946418727593881 0.03129707180090814 0.09370944298542763 0.09625790087537742 0.016787119005101908 0.09072616894498635
65 0.07919589593811129 0.0057013771947226665 0.021956528910623985 0.024195247860982542 0.0018693316929003616 0.024237970827341738 0.029510648487316812 0.06655697601545153 0.08441306826318914 0.026102800160727222 0.0032989453952652903 0.07640489351448701 0.06955686075385209 0.08675084914173739 0.10811751903305396 0.06985876573708222 0.033185851457988746 0.08084580790789986 0.1035933837085372 0.004647277998729089
66 0.0025441400493159913 0.04583059881931356 0.09265119444272775 0.08770061883602401 0.08447283579569817 0.03766785997950268 0.025725982746241993 0.07973692659238879 0.05720558282385966 0.09762961723450499 0.0026979033904947994 0.028619286126571126 0.04786314093093449 0.006585094740127937 0.013801393274272843 0.07006000762871352 0.05530985806630492 0.07318145613251997 0.0030278242565769335 0.0876886781339058
67 0.07814992916235217 0.06275490342944334 0.005656174794413056 0.06869469388645072 0.032864002608058475 0.061923078064861185 0.06010590139957637 0.07882786735040563 0.012052908225945215 0.03707423945628077 0.06666676254207278 0.023655167802896473 0.05237268933212594 0.06779054836996128 0.0007946676214327325 0.047367857223694625 0.048284803171579065 0.07905516002665182 0.0692955176766391 0.046613127855159225
68 0.058962774303700206 0.07390186708210127 0.04101459217581446 0.046300389928044715 0.053450490156448024 0.04219345301677457 0.042900294652441766 0.05616374252232641 0.07140807053508334 0.0663704074185322 0.04693051144308937 0.024307566858041967 0.08054128980727797 0.04156456523133419 0.017375650525765878 0.012511368063537219 0.047211154027955164 0.05992483053105056 0.08030867043491614 0.036658311285764605
69 0.09227485921182967 0.0635599418640006 0.02219980662090658 0.05026686277802931 0.0867005841190082 0.03541592157098311 0.0826277715398889 0.012755044204290914 0.07619418731407437 0.06844733684050788 0.016271995943352265 0.050972666285156024 0.04436864475422551 0.07154068989053618 0.00037565842531350237 0.04551994990904882 0.015305433689791618 0.08290355920554487 0.06792000887575667 0.014379076957754849
70 0.020486576472247192 0.002010188044008688 0.0008144590278099088 0.05873108164205873 0.07810817970837164 0.010257468491041236 0.013820360047632804 0.06484192690448015 0.031002385535190226 0.09247451022827395 0.004824558629367626 0.08849777546912772 0.09339641810631512 0.09271638059435006 0.052489178763969906 0.07520796278367127 0.09371611389374807 0.0610581400613907 0.01678471665869346 0.04876161893825152
71 0.09012870407315422 0.05578995252745753 0.028619764311573422 0.06520249113285043 0.07157075042674339 0.06864402626009758 0.0023486344508493215 0.0058628807641807395 0.01900985144820787 0.06219173065158172 0.08283365155845 0.032716173422623576 0.031474604539147646 0.024374128902890334 0.009592747388886226 0.08361318419059664 0.05382732015770682 0.08549775042502636 0.049364435629081084 0.07733721773889501
72 0.06611621622324294 0.030609328767749994 0.021730320884676076 0.02551877552773518 0.039032817949435854 0.0030429238860817196 0.07690344032744861 0.0834573741087071 0.025398639224157527 0.06843562042611387 0.08581426020533905 0.024454132815947206 0.09312736624834081 0.0794571774446659 0.02337985747722646 0.09333478770018733 0.05114854546232439 0.04752347080458414 0.022494959753752628 0.03901998476228333
73 0.06013124703654781 0.07135962166047068 0.0355115273328807 0.07360708117260281 0.06171779807230219 0.06267547945114141 0.009140033575900017 0.08021903939242496 0.02410131941480307 0.06033355766539252 0.04051408473447057 0.07980135426819682 0.034747164776667734 0.07619766354225636 0.06730956096369885 0.05678902113013385 0.051196001978860824 0.03979313616958718 0.0028583714121775926 0.01199693624948397
74 0.05824974989388709 0.039290770704422974 0.019433273580527707 0.030748481423343917 0.007305630901872973 0.07765494137945281 0.043975144344111504 0.08509852329487057 0.04203128573344893 0.07217259798632489 0.05593905780629749 0.03959677202538146 0.051971654275623815 0.09033493162247105 0.0864644757375525 0.04608239262905459 0.02088144869985138 0.035252437450294515 0.08345852189033977 0.014057908620869999
75 0.09542854677923322 0.07145553388273791 0.042407207762922706 0.050794682597892125 0.01968074830372888 0.0028844729499042905 0.054872394409816526 0.02210275731180376 0.06690949099848184 0.09120856770365451 0.022567978191855024 0.07208573494224421 0.09418561209914689 0.042189187504763456 0.06357041470550141 0.061963710783576056 0.019924776100150463 0.06796013279589252 0.003548957822676904 0.03425909235401719
76 0.015045022787531429 0.09387339238530487 0.012922439389909505 0.061167951391052716 0.10178322504853123 0.046271407254679875 0.0031695102044175254 0.07559441595929535 0.00579382527098655 0.021160869409383182 0.06340334040874594 0.04152283675893001 0.08495272883912541 0.092547214990984 0.005233752727685199 0.02133226375749097 0.07397045814724629 0.016277116967995216 0.07313192760908689 0.09084630069161782
77 0.056736804160487805 0.11693129120294182 0.03913623902057237 0.09288818871353528 0.05168867586830043 0.0334051124003727 0.04224117381986618 0.08286541793951244 0.07498543974614781 0.027945253714846907 0.02345842712404224 0.0664962992934997 0.001690030176529592 0.037968904263197024 0.052500059041669274 0.04288610779348815 0.06340348646067706 0.014854004061320671 0.02267425200134358 0.05524483319764901
78 0.040479499980784546 0.07231238904981144 0.08009116863917184 0.04010816314758419 0.09546457048246064 0.09932747226978293 0.05449864505935363 0.048013202111657875 0.024641647100993425 0.0856778643553823 0.04585545920122188 0.0680267246764697 0.09075434390657243 0.004533595949864019 0.02787051120260828 0.036456532315315454 0.008237691404280921 0.018516856844521225 0.021455330698186975 0.0376783316039763
79 0.08011849763466344 0.016228881652890624 0.014543441739473768 0.047481793149400174 0.060806264558138326 0.08681527428445103 0.016287448219797742 0.08937807075055043 0.08407406763500494 0.057093160913255545 0.03462654837959373 0.033608554411844106 0.067175381780889 0.05022849807563033 0.04055610902050351 0.025456134246136023 0.05934001093801542 0.08591102093989747 0.04794753905373084 0.00232330261613376
80 0.05911200107693591 0.08996601084101709 0.08020458205120676 0.010709006207562896 0.011224865660405418 0.06506501718985087 0.002359312776125676 0.023804057364682354 0.07882359276358107 0.09159619417713252 0.022441768952649047 0.06407736195163119 0.006400177552723339 0.032716472574589976 0.060730487228385754 0.06605474439800808 0.042215931373456944 0.08416061111024027 0.06604073499087876 0.042297069758936164
81 0.02003947445515456 0.062315978325598195 0.09480306638580913 0.06372089098792628 0.023723098636506425 0.08123922027877722 0.014613248915317026 0.09986701145880159 0.013669622510597916 0.03690310172509466 0.052424519152511465 0.102680887020632 0.01619175960113964 0.10964351331259702 0.020214291281131693 0.060270858313969375 0.016123117542083246 0.0018523585540630848 0.004660055796645041 0.10504392574564458
82 0.07168589792570675 0.07947386339817006 0.0856373757794679 0.05445898444895429 0.01177412881173224 0.08017448953387499 0.12423568598546714 0.04041192431300037 0.07812060615097503 0.011586599721609327 0.03903292484601992 0.007423512277816296 0.04013659066532596 0.04347059176231978 0.059632287028984036 0.06708950769215877 0.0054688125718688856 0.005715859827767182 0.08518868442621558 0.009281672832565578
83 0.03238704887424836 0.024609745078468463 0.029426253840980347 0.011255258633988593 0.049913827559837254 0.08267162920185757 0.0806239637303345 0.01792234666981122 0.06955996422086827 0.08468461013219426 0.0894376997362054 0.0689716838709234 0.029398461392286235 0.07348362353961421 0.02877872984455041 0.005688512913089929 0.012016967244534727 0.05321664598361045 0.07203323044316529 0.08391979708943116
84 0.08091351959913004 0.1020467501117784 0.06402200636543243 0.04631988962852042 0.07039903834374032 0.009540833579620924 0.022431442513122037 0.06939788105085018 0.10152277794786048 0.01836696047690469 0.0005469136580590529 0.051428137430050175 0.07257222112204618 0.04187403285970202 0.06711897047604067 0.04417833538068214 0.06435793850560673 0.003669577286408715 0.04057737330692688 0.028715400357517445
85 0.06980405138770256 0.08766799658233723 0.04406193184111119 0.09912190233445267 0.04770904302708498 0.04317499092492923 0.06154477226839928 0.05018850004038559 0.07939171575849711 0.029878130071596697 0.03604713392661597 0.05854438973940534 0.04720592224820545 0.048030109182450466 0.047416077165763494 0.03920607081152551 0.02033869361404981 0.0015087950192265347 0.04891537178903499 0.040244402267226025
86 0.049240967674300334 0.09248611254879588 0.009942658382800701 0.06766655607084539 0.02657501543926796 0.02107688008869997 0.07297538380842024 0.08564454700379262 0.07089943307978899 0.0193613819873042 0.026029914535401967 0.016966438456491588 0.02029527309310514 0.06455312070726356 0.06511057386169583 0.0741911471009462 0.07028697234691192 0.036534887394029256 0.07808935476937125 0.03207338165076696
87 0.08345692070181854 0.0635951541124096 0.06904189816451141 0.024760453362101004 0.08903789705358113 0.030437820633202512 0.04131988213962182 0.004281774936152608 0.06293922998531301 0.02743609858099648 0.02752136395253563 0.04604825592771295 0.004000181111056117 0.025115182129908906 0.06914167531905079 0.08889695052243086 0.06118944182660421 0.03787527289666228 0.05357923031373541 0.0903253163305949
88 0.04586739311036567 0.012038892981130258 0.00465257243817707 0.0636072903619853 0.0046624186491596815 0.04314977704556218 0.017400975329211747 0.06900656606606582 0.060021180740160586 0.07808163606293704 0.08777957877450164 0.010244940773800943 0.057749411404620546 0.09359064851422048 0.026358430857519845 0.09317042664187881 0.06013012915425315 0.07502172982381095 0.04947580658992906 0.04799019468070924
89 0.01020040458090056 0.025108729529209593 0.009885998843702132 0.03131154614958545 0.08378984314387879 0.0805033672860142 0.05452985441038304 0.08155234109452697 0.05234523214042329 0.04554067510849099 0.07352795229781135 0.023816808484147557 0.06546580753559722 0.06374704317738758 0.07460070706498674 0.09056279732326675 0.050194609978704126 0.03803546940843292 0.010328190141496446 0.03495262230105418
90 0.040856536630665706 0.059525397287266274 0.027724321401594327 0.07999308849699045 0.07862346837621334 0.04412929725890259 0.004053525014812106 0.08979074708958971 0.035782511878367194 0.0628446777381363 0.03243000789835665 0.08153545569018857 0.04636202797804734 0.05382725865623848 0.02927726687842809 0.07745984392071692 0.07129061106362973 0.020844900409038327 0.051047800530289275 0.012601255802528593
91 0.057056023256305356 0.06742136089738844 0.061205986286406985 0.027605136561642946 0.08454684746821448 0.0892975549251592 0.001587469456695525 0.010806704727922231 0.08560555951123913 0.011082473232911338 0.00289133389300491 0.07999468591418829 0.05090329624347236 0.06408272530492629 0.08824325087345598 0.058177444743170055 0.007693774026269872 0.0891571176379298 0.02795541502088684 0.034685840018809935
92 0.07266366667828018 0.04782244439526831 0.0087531959050775 0.022187871660585296 0.09254444571812982 0.09301304625239437 0.05998257437842003 0.018301947055603493 0.025205033448843298 0.09502135449983962 0.029745242297625582 0.042066279749368635 0.01689478161843985 0.0969491324681844 0.014075422874110203 0.07091589272318262 0.09850308874807344 0.011247346077129594 0.030774298987156078 0.053332934464287614
93 0.05124653903198815 0.09832668513624121 0.0010950620058636092 0.014688800519542414 0.01119834827114664 0.06782909085956727 0.02712135372521746 0.1070739142865973 0.04298820463132602 0.022845778515278952 0.015421031405993608 0.02756054845914877 0.1017117107927905 0.09776762981771484 0.11770171983677187 0.1212355544237836 0.06091203900772027 0.007062844029058938 0.002720620054907278 0.0034925251893413683
94 0.014178118891707019 0.09467336178169072 0.023216374414872808 0.03444331985179995 0.00861975722539318 0.011001902480864023 0.02694148035699345 0.10965512019505612 0.08181226198062945 0.06094705456248767 0.07562984353125718 0.12388481090926932 0.01975368642794934 0.09682785606043687 0.0520220189301973 0.06231303292589484 0.025013227013445646 0.03144276179022991 0.014151734812075793 0.03347227585774953
95 0.05448997922771003 0.10317200228343015 0.07667651054304177 0.031484851850396046 0.0018265293445788766 0.01615993483179722 0.10850522463350822 0.035157861994292744 0.05975080082230956 0.05108204561303609 0.0504850796258583 0.013912596824166784 0.08141905166404863 0.08979157630876354 0.044685293477322856 0.03156560585547411 0.09047249990229853 0.00595116576948129 0.028345312047190322 0.025066077381294793
96 0.059348772073277885 0.05142668534729721 0.09301172408654194 0.07049002545336279 0.02523131083253401 0.052226386324275675 0.02745441763413192 0.09685591743030575 0.07488330014979003 0.039758475453175214 0.0028220884600666683 0.017884266881719273 0.014636119564034497 0.08521363657275544 0.03869530437112657 0.09009951922106985 0.06960718690374584 0.06347455581845166 0.02554628424205841 0.0013340231802792966
