0 0.06286711751459359 0.07628848230679383 0.08452170045421924 0.0390098395183249 0.056072531304681865 0.06036676611386882 0.03081025029440182 0.0012019559263827687 0.029090899074797325 0.003219570378511272 0.11050022141013775 0.01339230687500216 0.029884053610952598 0.03528006605200327 0.0658970090970856 0.10558227064771572 0.006705694441056969 0.05813461556247745 0.058366844690471764 0.07280780472652137
1 0.055816355905104774 0.028899291154643732 0.081799421832673 0.07778398582887544 0.05551611516179982 0.04085951481386698 0.07878071402827773 0.015519239038593006 0.03318226138878394 0.049104803079748335 0.03607997656847928 0.03200583717086063 0.05847594913117733 0.04610220958490906 0.00961733205403742 0.02186586273731328 0.05697436533281612 0.05176589936524462 0.08015167434251494 0.0896991914802806
2 0.039965898411273286 0.09733261250768611 0.07101526012118387 0.01350479350748319 0.017086584780108993 0.057661441890877886 0.10003320334772904 0.02817559943365339 0.013230854785216037 0.07324335740019874 0.014730171092207027 0.05693621624001695 0.023652282989409624 0.0437513071408817 0.06785589104084269 0.034099941138901316 0.0036841019672094978 0.10384141886266733 0.09181641686589104 0.048382646476562256
3 0.03164675330002384 0.08398134393755051 0.032354761542969505 0.03069840896968875 0.07137543441191131 0.07981856127509 0.05665961441575894 0.07908371642146549 0.007708597566690773 0.035010429019848736 0.05851367971678935 0.018125821839789835 0.058247655951106175 0.07431107393214295 0.012469613779789545 0.01129872078854 0.06340858823641543 0.08301027325720173 0.07568107143728557 0.0365958801999414
4 0.05580100184853416 0.07040016517164348 0.09240623111675894 0.029632504823370376 0.002115514501740357 0.09935097317218743 0.037126761560244866 0.04127421118090638 0.004303245806195945 0.02569950672206222 0.07921594890987088 0.0813911234768342 0.02738624920847513 0.061052249984902295 0.020945600475604526 0.03968242468130645 0.02354786072867142 0.011994463973538068 0.09487489291309265 0.10179906974406015
5 0.03289630315968249 0.01121430769891669 0.08996431013333084 0.09350636690829968 0.08690973210956943 0.04715530782949185 0.048409432328476845 0.06629009557283742 0.041292690038574054 0.08947086034014408 0.10504355087337844 0.0026175048298117238 0.011973787485836499 0.023414461977467618 0.07843250219566934 0.10460822031296839 0.009570223850354437 0.02737854416001644 0.008118095842254038 0.021733702352919774
6 0.049942691690869165 0.026920305650167047 0.021806737773093433 0.04084648397776281 0.020139253918314892 0.08090760000996061 0.009302575331542797 0.018514077367545765 0.08083532404147986 0.04153205655779609 0.026993884481586024 0.032033297166062374 0.06072214535898463 0.08620754285879108 0.0852705810935857 0.06640910537506156 0.03804986831077861 0.07849186159566506 0.07196575547845645 0.06310885196249603
7 0.07837846381209668 0.07549496985141749 0.04375873137501695 0.009849856558379885 0.032199133952450505 0.048005583880838525 0.05209809696195172 0.053702110121140206 0.00038648006758521723 0.0547501480544525 0.09384302398421594 0.0633486422916244 0.05063609567141778 0.02582419025009796 0.10400353455901296 0.01958728735734112 0.07676121538466503 0.013406462393484359 0.07276345714409349 0.031202516328717178
8 0.09844826926829076 0.029124138481984526 0.0973128706537366 0.09386326612975202 0.03564330198655985 0.017217264141894492 0.04204945751182613 0.040965296243130146 0.06748420104793515 0.02807607147287601 0.017835984701198997 0.08663856339134206 0.07216275499952378 0.04808582819455855 0.05655535803642098 0.05868143762038891 0.002192492302633269 0.015595247044412662 0.054209416685401635 0.03785878008613355
9 0.030919647564758918 0.020835537238616465 0.049990309275977675 0.05203362130977895 0.08149410359195892 0.008017256812563664 0.0729582449682801 0.08726662250433051 0.04684625310334859 0.06732853861882823 0.001742614614132061 0.043475354412888134 0.07724101800815071 0.015705245515452486 0.05420726788935685 0.08733261081184462 0.043146405515992206 0.07708166278826427 0.05561910524786858 0.026758580207608004
10 0.06899618900017458 0.050716457328116506 0.06846415195462943 0.03868211621781223 0.011991771473982787 0.09436697494467179 0.009574903337228937 0.02523028957556512 0.09286387849641836 0.0004879630170446466 0.022195756911165182 0.07650634239723529 0.04125521699327612 0.07780721608380965 0.07560826613521884 0.021885335086748836 0.0560580100322119 0.058230826128542794 0.07707160102203371 0.0320067338641132
11 0.04446207704923117 0.02540570015211604 0.05803491036311624 0.01928884850654997 0.07822202032861739 0.0804900375563571 0.08063921452108914 0.02841344542657484 0.06336635509035254 0.0708798379473812 0.046329122910035825 0.0504979232073111 0.08182994214309537 0.011916494935537862 0.05200714345014593 0.04676601940528695 0.05180700682120874 0.009592171106232266 0.02640765894175648 0.07364407013800389
12 0.02157711604734714 0.0319363559838686 0.09778638055803979 0.04839893575656111 0.03313992362425132 0.09150386998553971 0.09552472803191422 0.060509116116071834 0.00810396308512219 0.06495072460998319 0.04545456856530234 0.024821644778775687 0.09828089427296834 0.048016061550509734 0.052568649699279484 0.00968933153367014 0.004286073468745322 0.058515801460069086 0.05669631109643497 0.04823954977554596
13 0.048571341038826224 0.05131294475350268 0.03201138888686004 0.015345281546148174 0.06445186043238858 0.07430257272560095 0.047262852266010576 0.015144871447725812 0.03825959233771071 0.1009824164467041 0.027565858251500836 0.03997871637672835 0.07952229851232255 0.034618534137597974 0.029571905142549766 0.06113677981806094 0.08734487625783674 0.06222407895082171 0.0330483798837135 0.05734345078738953
14 0.1003536417873756 0.018020288038423704 0.019038311261202593 0.07959783052667338 0.008513968728654342 0.010864188003848462 0.03620863650073547 0.039306886172369236 0.01606843707885908 0.07146540405270403 0.076520244320799 0.029820558485477357 0.011339160092603783 0.08897009448421445 0.07357055311753298 0.023072206070644877 0.05260011928888023 0.09004288442590003 0.06716882861111087 0.08745775895199043
15 0.01944116964572671 0.07395553472442562 0.08961743589512963 0.026995573187966037 0.08793300674420518 0.00041399582620408904 0.06253797292255099 0.09546070903470563 0.06362888485501351 0.026570962324921774 0.041057266763926605 0.07500927224214696 0.026711672715360055 0.013190863072004757 0.014467739026198002 0.10000756771459023 0.060507844638099634 0.04210776733386687 0.07022376567001061 0.010160995662947193
16 0.09381894833266002 0.08846934975556872 0.00526144191658051 0.05990885533170999 0.020470900502525573 0.03312665967935581 0.04257818778533312 0.0043035204970182485 0.018220835957304064 0.05207657588706429 0.09300112490423489 0.07956493983614438 0.03415212742816824 0.05348975230895307 0.09263634265550952 0.08809287404917897 0.006572104777677794 0.09716488546649181 0.014615239495136451 0.02247533343338453
17 0.06645663994032264 0.08525430703577125 0.043628525807337594 0.01427928311584468 0.01883449833362446 0.03412166815014272 0.049765248998727016 0.023651003647240723 0.03156860548570151 0.05887526473813955 0.09110584788836365 0.08062159040250912 0.013659133239285479 0.002217569485743086 0.10330628558289814 0.04157421124793178 0.08637092610787446 0.09929296205083922 0.014494722882623974 0.04092170585907901
18 0.032156458531472816 0.031391988714392145 0.03148154951747784 0.03179494997405335 0.0819881111579518 0.05035188187681221 0.03841091144002547 0.04851803390022354 0.015754064262080487 0.05634846210792225 0.06352142736581058 0.049090701056002224 0.06465076747860664 0.04217444730143251 0.08360619109627787 0.05348060632337035 0.02680149817789005 0.081233916188574 0.05372247721336712 0.06352155631625671
19 0.03921991688852836 0.02987923630576448 0.07429209814000046 0.06624493526475314 0.020000474174091013 0.0409209936200559 0.0634118477750923 0.06073533660222535 0.05221803010651685 0.06296974307190233 0.005030319708253992 0.0242967421609809 0.07879103226215374 0.024614503109759264 0.06461613993875548 0.04079417175911073 0.022759729133331442 0.09797119967444706 0.053112181945466436 0.07812136835881071
20 0.050379927599763646 0.08683487825854136 0.07956232588555344 0.03994465933669383 0.04194118974787242 0.048675130971309245 0.06723915538039803 0.08018629392085135 0.06355116706106712 0.06518378985343878 0.020394521540475385 0.008264158900477043 0.013933571560943053 0.08352278188934378 0.06587215486704859 0.006689393959587811 0.03143344790168448 0.06124425855237781 0.054080723370651465 0.031066469441921325
21 0.09463093848703183 0.00654836348802233 0.06238965435859138 0.0696857887380299 0.028994431662477713 0.05874890348760975 0.015419157121443913 0.053422363179372725 0.08177070723457133 0.09104008335582088 0.057162394331565634 0.0023513965181229195 0.016041843035428938 0.09462689149665134 0.006922666078064382 0.06996906116872623 0.09111077907514474 0.026960716746847833 0.01195670788361767 0.06024715255285835
22 0.06960799543347629 0.011650530905352815 0.0695070426110338 0.09220503399858594 0.01708222049109346 0.03766260588174491 0.011384021357809514 0.005114541930595051 0.04477331292204275 0.025959576936274632 0.025978592810570116 0.08755797843862795 0.053704759835955365 0.06594196242842569 0.08236454280625316 0.08338564316301804 0.045892018044399734 0.07610435965556889 0.09203459237568895 0.0020886679734829923
23 0.0892707466572593 0.03593537717157844 0.019979167146852408 0.08942329896036108 0.05116128194236661 0.07846148268826379 0.03752613594305958 0.07151616408666964 0.019578890836711958 0.0859111734975569 0.04847788696548553 0.046891713651049195 0.022669839596943596 0.00887370688270124 0.05980893810401779 0.06283707941485683 0.06787580661963456 0.046187938456882884 0.003735632343388362 0.05387773903436033
24 0.01812569485101963 0.048276803602841534 0.058264170358551165 0.00834102159089179 0.0467701570473817 0.0015984438686960983 0.012113076767529636 0.08034355264060136 0.05841409892774659 0.026863390067175464 0.08419284159133619 0.03767442978567661 0.01027649770975384 0.09341973686924639 0.07086794599564891 0.06874109386197018 0.018359162859730115 0.07407784678501846 0.08840396527566587 0.09487606954351865
25 0.08961881721768988 0.06054005034274624 0.04148023252958239 0.04711169627059222 0.06155160006935405 0.020201201127043645 0.004204103198056108 0.01898046575486516 0.017456972151465605 0.0875220147972209 0.051644068461618294 0.07532461444924282 0.006777159228637482 0.07243973121451981 0.06421012073249109 0.07068477013230086 0.08841788143880724 0.0502327454817561 0.039792974523543946 0.03180878087846617
26 0.08466296488357478 0.05609649929788127 0.041384174674663675 0.07367119673042097 0.07641704767501263 0.041776745169840784 0.01742920746233994 0.00137090300727592 0.07247113445996321 0.007574224863879752 0.07829664852864811 0.08013890028013469 0.07452433152731096 0.05186977208435923 0.002526568829021819 0.0700360187011478 0.07915140574517403 0.07888198349606901 0.010553010917200217 0.0011672616660812626
27 0.0043900311550395575 0.05931113390314518 0.09299571750493246 0.07110338196250038 0.003058995895251454 0.026206018678279597 0.04822148660193349 0.04129486242863042 0.04029190628422694 0.07634061529138614 0.003546242590129308 0.036224875743699564 0.04276162513945283 0.0967580072243339 0.030710941191560863 0.0393875247394334 0.010678551384241387 0.08158763126508276 0.09554299534597306 0.09958745567076736
28 0.0645222501745675 0.01200385214881335 0.01066098180438372 0.029473937011888295 0.012709826428721328 0.04088013039425138 0.06681668521324109 0.07558831508163275 0.019421248135264732 0.07204258444092553 0.04388183755019487 0.060748485413158325 0.010533009067703674 0.06678220829141983 0.10607772369540806 0.05496466714128575 0.06451689852757538 0.02128149638996869 0.05494247377966929 0.11215138930992634
29 0.08337333737363262 0.0028318394891637243 0.042278180790205885 0.0857551642763043 0.056760321737599984 0.06692160352614193 0.044543022854879516 0.07346822827113501 0.03955983416524227 0.0841847839506481 0.0073092462114913775 0.07590472999840667 0.07614116486379674 0.021122435989701073 0.028731210811718144 0.0827127556041376 0.02745303952147781 0.03589265458628327 0.05312394716048751 0.011932498817546735
30 0.005846398431637561 0.035307426340472244 0.025807768822354384 0.027522276990958987 0.08047305489192381 0.033197544768366456 0.029677794263743368 0.08330711726789355 0.07028912354997315 0.003218137518710929 0.05382895314274062 0.06063430363848395 0.0587525871869825 0.08487182559522691 0.07603019230954364 0.004079810642312484 0.07838925902209751 0.07181067334764847 0.07122778801497322 0.04572796425395627
31 0.003156116109243266 0.044169690821092525 0.0334904183501852 0.07936807873711775 0.08177847823191406 0.07997714464186192 0.04661812521218758 0.07206207510632658 0.0691856854874055 0.05247394776221325 0.02853188239543475 0.03734603169521284 0.0014539838599285145 0.03605979367307345 0.07171310736556054 0.010517654761233883 0.050382364953864396 0.07882340002022514 0.04937240760127438 0.07351961321464466
32 0.05028322195923238 0.017795330556639836 0.09376885597454718 0.08269931494371743 0.07034302801751297 0.07470926368186624 0.031183601748296336 0.09070739933278073 0.03498876552958342 0.03683612469714435 0.004366189374890659 0.053890785019093126 0.0671301687460171 0.015401774801792022 0.07372633267939091 0.034696471450969886 0.07791519450952278 0.02278608784480284 0.027292395610668374 0.039479693521531536
33 0.008189481615037606 0.06540650333398935 0.013023472947484372 0.017325002261045924 0.08153427903087893 0.08494996758493858 0.04638032881421125 0.0294469793544052 0.10680690532732508 0.06529717763241438 0.05379925155272275 0.006860346317975794 0.004688069223881223 0.05609278980814124 0.10972843690725811 0.0389623391476808 0.0110136821513596 0.08345786910128147 0.014113730434674641 0.10292338745329399
34 0.0021410184595069214 0.02933581103266644 0.0688677041326447 0.04384521423246162 0.025063744012560337 0.07300967245062917 0.07216935929034829 0.0726183610407444 0.066086238696793 0.06421759892703412 0.08090542861936237 0.044624018236897885 0.014393120968276439 0.016779080670311985 0.06308477906265234 0.034125924578159064 0.06774359440004231 0.08223561408906213 0.03307579196978177 0.04567792513006474
35 0.07777357455418028 0.08894679397028221 0.03776099678944399 0.019563935870895253 0.01581667416817594 0.016553159888168467 0.06825487393783065 0.009660751430734344 0.07127775354106143 0.02711864836849134 0.06916739527349686 0.060910639392324765 0.0668949744596931 0.010454484015255878 0.022903917991508302 0.07143867768034727 0.046047241949172785 0.05410421250197288 0.07884030645875374 0.08651098775821044
36 0.021465934717935047 0.03936953010194155 0.03201139069471151 0.0667715224290949 0.060401108404728156 0.04699198949066984 0.02469437635002912 0.08166486405432995 0.0765939030673612 0.024902353773155004 0.0031850504861434905 0.014967977434752073 0.07672884373068964 0.06101471043314093 0.07203321889273644 0.05462633369755633 0.04129325482883567 0.0839608585528457 0.09266762360894977 0.024655155250393714
37 0.021928179605981483 0.08626235419934636 0.016851337915817253 0.07960326061648329 0.020419130294950783 0.06284659086517844 0.03611554616697201 0.09397916414663095 0.023616913176735727 0.06964048551562059 0.02567898034208058 0.016896495948970188 0.07171918642609618 0.10947078025594546 0.09363508753012098 0.09971882973896244 0.000953703160204258 0.02832476932328942 0.01724840371989442 0.025090801050719046
38 0.04238051672239232 0.07876746725536203 0.03963823792862092 0.09563051804918833 0.08652120316383953 0.06104557767856183 0.039464235264832816 0.0055324163403886635 0.07681803586727519 0.052032107348191005 0.002483925907518498 0.05029300303434834 0.09608554052727798 0.050378137850222535 0.010130370857053459 0.00993646139158311 0.08755176255189175 0.024287258761172874 0.0031689822860381197 0.08785424121424087
39 0.06892088118851529 0.03777174668968515 0.04827263314205808 0.03684305655765277 0.022644458122123373 0.03651926678482574 0.027322319315913945 0.042255616494732806 0.1077281676856125 0.0001522438954698371 0.09456794151005421 0.041351771506318594 0.02014077865592752 0.01344739198056519 0.06349891352079341 0.10086598804662299 0.0016649817058282574 0.1081251906665973 0.021807009708831458 0.10609964282187147
40 0.07893571488919947 0.06861678825105758 0.05203705758788073 0.04565853421140678 0.03114264607915524 0.0889358478434884 0.07441999603478316 0.012305435934246607 0.05443225012288899 0.05527068025893914 0.08709951045406203 0.006954025696773574 0.023055748605095287 0.07966135299298113 0.060603176391118924 0.07746081059743344 0.0037686446520634096 0.006620575575482286 0.028986984991405677 0.06403421883053811
41 0.033306409530812944 0.010753446268272874 0.050170016986298346 0.050187781372065 0.09397235372810672 0.023734415804136787 0.08117825634924536 0.059037892765421714 0.07716815670177479 0.0010380735027113903 0.016338847754725924 0.08873163763279943 0.0014179023923221476 0.08155144453926413 0.0846240616022816 0.04726564618889995 0.07272845870119093 0.01837375110669762 0.02609552667613219 0.08232592039684017
42 0.027642108142828116 0.01578718679269139 0.07017639100630753 0.002816671763510424 0.06922051855241351 0.006114935608430716 0.0751497544631873 0.042574838788122356 0.07555804701496585 0.06702247090577296 0.010710428864766912 0.09326308032010398 0.06550462375713158 0.09188339464660276 0.0904036970545946 0.05292262082588567 0.0028052777303086435 0.0043467114318452545 0.05517901170951898 0.08091823062101157
43 0.0595035188376015 0.04485720603180661 0.07243288394459343 0.07145179259159923 0.04784603379920028 0.06795459955603232 0.05153012218187839 0.06046396941764954 0.048962620909613355 0.06244072602820854 0.07266050000804092 0.026055053543183472 0.03190883702145716 0.0631147022813384 0.01742622460353006 0.029680688648804014 0.05379008804191782 0.03298750004154497 0.02594296439760381 0.058989968114395996
44 0.07139268182831364 0.06285184749514058 0.04120697940554548 0.037342506452960264 0.02466031250024301 0.040487230518396894 0.06306012404966857 0.04786859528020591 0.07373911953615665 0.05667632692777959 0.0024939722205809998 0.08257584735089042 0.056494268361718315 0.0579833267800498 0.08400492641012186 0.07991201390956264 0.043890912905646784 0.010466750196720512 0.031908898369178595 0.030983359501119388
45 0.0882080683128263 0.017397616282843028 0.09764701674533949 0.05054735414886111 0.09286765710158104 0.0235945869629313 0.07908468027166218 0.01549676520351872 0.02808879817404415 0.07345643588629966 0.03608262555721877 0.05240123394655894 0.04327608740413703 0.041620792948649815 0.006699825121294904 0.05086570036059873 0.018681412875281887 0.1034678247669796 0.03700059729047121 0.04351492063890225
46 0.014527747949757952 0.0017523889059792527 0.039227955632964086 0.04629911997349348 0.07181322161438476 0.0942231308060759 0.024831338391709222 0.032010510617635664 0.007059884616102315 0.11413858972053334 0.07240210321410183 0.005896371780903436 0.11001382743264136 0.05874205896459021 0.06784522385857956 2.0027558285998343e-05 0.039179692309844305 0.01895502964243801 0.09986219221420506 0.08119958479577453
47 0.081554263622783 0.04775819240213087 0.0930218823547193 0.056166985867346475 0.06298713070241159 0.025400557033528115 0.014198764236312186 0.08297260982412943 0.003341581723939831 0.08288686947421163 0.07740512036944949 0.0028060607655256316 0.0743860909687017 0.08305444543686501 0.047851320993033956 0.06011709285475155 0.004084648955123017 0.012294146325107258 0.015066352518458129 0.07264588357147185
48 0.0007903686823678881 0.053349370259403936 0.07685536752118903 0.014973363132209355 0.008607507430056473 0.03636861796646965 0.07639629717015829 0.09723706370398608 0.015897000559561694 0.04023955491583276 0.07754061750007041 0.01731803449849226 0.0581284435337812 0.08313591886941916 0.0014633722349739688 0.09862278450472003 0.0017754613995353866 0.08171171273542216 0.07813095538568604 0.08145818799666428
49 0.004137320391633389 0.07198472214541533 0.032828023733493 0.03281888587413871 0.07182676455042679 0.07093009496842997 0.01350364237343349 0.027621439645518883 0.08082316726962559 0.08862152712208514 0.03125143873435091 0.0698775222210735 0.03349287894178675 0.04317730505624302 0.012755407941836543 0.0910739155798972 0.09506993215440748 0.0028026586748262005 0.038712434225677335 0.08669091839570081
50 0.044058928203754205 0.04613643542010624 0.0750061321319291 0.045858889917961304 0.047190626715095337 0.013114595055614587 0.005510582355295975 0.02780002280824918 0.048484689141186185 0.030382909937786078 0.06050389411339985 0.09392021685656834 0.09428202941964366 0.05073298862063663 0.08838231228941834 0.0552570423514184 0.05466331134673818 0.03137627658424334 0.006622884773060581 0.08071523195789455
51 0.04354662649435417 0.025002515616068217 0.003582572630640009 0.0640718339398201 0.08716379778495532 0.06081909772861978 0.0436665881432988 0.0028569251155938485 0.047008621279278795 0.006587619855874514 0.0808254515900922 0.08118583123501 0.07257180999093481 0.02849258987494235 0.08155439226267806 0.07825508714167567 0.021483872326958017 0.08378989086905365 0.03795123795735012 0.049583638162801556
52 0.07805659501207855 0.030899162323250705 0.06861235463647224 0.020555778646677163 0.03420069673181056 0.08190602895431998 0.026860399597609122 0.01261921854189195 0.09678384701958773 0.02085135681038101 0.07544956696107237 0.06867111606399512 0.07183065285541271 0.10030335859384724 0.10345554104302453 0.03214997005918807 0.04042008382426634 0.02164727458890175 0.0033278215479830334 0.011399176188229885
53 0.06341898695797243 0.01383555169815382 0.07497896238994804 0.03907525808413199 0.09120787626008299 0.0994801907859741 0.0186309440234883 0.03750682974311983 0.06622392756674074 0.01991737127120999 0.04815808409365442 0.05305123784489778 0.042922484394717776 0.08802961850188044 0.025364263745662922 0.014585981827536289 0.0047570248227415115 0.05375888792913695 0.07753566977643214 0.06756084828251749
54 0.08542404935212895 0.005258602477089173 0.07867013835930174 0.07276369755813543 0.023907705372836072 0.04147210592683307 0.004349702934414563 0.06485176662897502 0.02611301179267061 0.06964616514363284 0.042934091001215195 0.0662085186469646 0.01295637126784659 0.08138693476170414 0.08639961817142086 0.02548344600996773 0.08423011697426792 0.06067911979835073 0.04212797181664863 0.025136866005596004
55 0.009258753213165808 0.022680450486145334 0.01735282834024598 0.07568846086583163 0.009149764638789984 0.10114491842577002 0.042716246704505266 0.06883107622625151 0.05923524552712832 0.07492532468778684 0.04897173254154225 0.0821977587015119 0.028240155640210717 0.050619552168560386 0.05076336841890461 0.09023826606977303 0.004588475256193843 0.02373386361414954 0.04652182008617948 0.09314193838735353
56 0.022538430877282297 0.0404057046300164 0.03716667938468003 0.00636364662901667 0.08026247253522512 0.06627760228637221 0.038452324717842025 0.027611725043946406 0.07599698638080139 0.06879435656700567 0.07507625114159992 0.049874504056859455 0.03978863089413524 0.08383565695089763 0.03941555750688842 0.06968741151239377 0.03505784112086905 0.06488099371380726 0.06851905493129493 0.00999416911906613
57 0.11576125618918 0.08798841046440622 0.04165216702921587 0.07683043549522026 0.08992838626565544 0.013167856385962776 0.03938507125156494 0.043402451382762525 0.029493821023233235 0.020450750044657497 0.04856250314580798 0.04538212633115009 0.01442745488706418 0.09803064574598688 0.0566282142951974 0.038175067464132226 0.05901482906541548 0.026396151782609744 0.021850235790103877 0.03347216596067334
58 0.08621739353987525 0.056823487767855216 0.0336597380780418 0.017803197678915007 0.05391381124567042 0.016484436281226793 0.047494001793684106 0.04353004102049487 0.09455173400486189 0.0949083849647817 0.09085415427521583 0.05012973050359543 3.1202640929090634e-05 0.007789670441884651 0.054142432101064945 0.08731573305723014 0.020832286389520865 0.02584794057680112 0.04900471024059819 0.06866591339775262
59 0.06653802940310762 0.02128238170003513 0.05803620550351556 0.05327959446040443 0.02046070350786076 0.08449540767181217 0.05314986990443487 0.07890693715941323 0.08655324908921723 0.0338978255544331 0.06275092482472447 0.05884972537551966 0.024737840235672135 0.06637865524192939 0.06091486895654559 0.08531869055776288 0.006576222098258929 0.004724063603446528 0.005471783963205992 0.06767702118870045
60 0.0927406723941743 0.024661297194348012 0.008341339546079019 0.058231917988603485 0.06387948880685985 0.033038645559858075 0.08954555220531395 0.02544089036376881 0.037205879104812795 0.09657368034937514 0.035937915082756525 0.007627527668805066 0.11126649614181013 0.01646367688530119 0.06919973968389298 0.07517714708665496 0.021959299632364423 0.07061892091660768 0.01965863193797188 0.04243128145064177
61 0.03852066485166763 0.08830183739719143 0.08452184118089139 0.016255106792513366 0.053483821224190986 0.07305130626150985 0.0872522069654045 0.0035355217848849953 0.05092190530329897 0.0673308478127738 0.07329743095498838 0.050550137187346286 0.049448554840334225 0.081808312679861 0.017191894442707294 0.06096358680404605 0.009244414296837953 0.07003121425309064 0.01818479118245031 0.006104603784010975
62 0.0525826323226884 0.024015325778318008 0.08687531760132572 0.07547637805794374 0.06319176022651272 0.05300690695026112 0.08316735692840069 0.012014972014048247 0.04450372074859003 0.03800592191333637 0.048059781597424564 0.015220306061027696 0.07364432475855259 0.007800884532631516 0.04693457622115504 0.03689641705743794 0.07865546703628824 0.055440530709135794 0.026665421985105894 0.07784199749981571
63 0.015198644519831725 0.045708023626952705 0.027988697928891013 0.004859071703164533 0.05976869208971497 0.029480187688317745 0.07353555382133743 0.09553715457651353 0.026327350469848902 0.08409820759983327 0.02364008447671697 0.05550387163556989 0.07673474517709108 0.07299230510400316 0.0649792467196805 0.06959546842968345 0.03169552961445351 0.05022997035542737 0.028888992355937504 0.06323820210703088
64 0.030194417008245635 0.01435971393534024 0.07080605490584604 0.05802658022640884 0.07066249941842537 0.06858198341223071 0.056132848149693916 0.07406959865087083 0.04325213558085774 0.030389827123303886 0.0664430073149722 0.06428391319500411 0.03396656765184873 0.07677068869085345 0.005955862492845626 0.0311423738631616 0.050367875856848744 0.08420127227828733 0.01552498702049495 0.05486779322445987
65 0.07704265766769482 0.08295166040858133 0.03856789895665675 0.05483167050475678 0.024341822078410538 0.061332369759965324 0.026988969651601864 0.012005322801607599 0.06703381324365157 0.02846330025612158 0.037698219475505244 0.06362907850898523 0.03878189058232909 0.02502040713473955 0.1001040707393231 0.05918782855943662 0.003561274717144296 0.11307055490411679 0.03827322971637345 0.0471139603329984
66 0.09330102582791995 0.031741530629779136 0.05260888400974004 0.054004712628827 0.07322764639305827 0.013829553137204445 0.0729628095723044 0.03494046576998149 0.07868618337150708 0.04245028844442599 0.055858833423638996 0.008472285609712814 0.07000931514793736 0.03721051275806877 0.09008629924914627 0.017146939968904817 0.008570857803570336 0.02722235975166972 0.060064474379559425 0.07760502212304365
67 0.06502402243705517 0.09146112684051189 0.03560346506491548 0.020027162261625087 0.09361414955344506 0.08360882653978674 0.02654419041763984 0.007551576170713888 0.08356165440842002 0.014915872390500368 0.0008586595480153135 0.06523365144184967 0.011855862191346317 0.08207304592865304 0.10384845147995508 0.019627246903848372 0.08050893284244659 0.049297466803828106 0.053679366530952344 0.01110527024449167
68 0.006526461773697053 0.07145148666345728 0.05442280156547763 0.07242042102625891 0.06246489303181344 0.060670339442856436 0.004567319983327319 0.042277890549566925 0.08773272760048931 0.09773513018885396 0.011185977928040075 0.06915422378666834 0.055689389369881034 0.0019098842619465351 0.0006187148874802843 0.08093494695363186 0.09283856771549485 0.04198182106304525 0.024375516738868726 0.06104148546914488
69 0.06532006729864909 0.06264343374903791 0.01646652799960428 0.03997322058831504 0.06043141934185744 0.038545673285361445 0.009918125429024493 0.07043172761076524 0.024025982858637784 0.07854374945727499 0.06523690689380533 0.03145036192698224 0.008309851357049891 0.071497979593495 0.07596287931959284 0.04858012482191661 0.0651134573338631 0.05315570062612273 0.0483678385344749 0.06602497197416962
70 0.0692899403553283 0.050690474958222445 0.07067713800804115 0.07105161746889661 0.07233954330226552 0.05230330966400245 0.04152211117550096 0.06972249570697141 0.08204608182146936 0.015819711188819353 0.05766252656025389 0.0037683172874608843 0.018217964585857904 0.08580224595506675 0.02505118094068342 0.06866752638591797 0.06568065166527527 0.04774936808272618 0.021623128528901955 0.010314666358338236
71 0.06361423434227816 0.0027941737577454754 0.010485185055262055 0.06664934547553295 0.027668056878541545 0.08864183472996133 0.03979869620550205 0.08643844272947632 0.07875592476962787 0.08461638088221922 0.10594605613909104 0.02224019703750165 0.04182851956578851 0.03765340225524367 0.009915575103235376 0.052670888723123616 0.0034053848592611644 0.07761817569802922 0.029785296496155404 0.06947422929642337
72 0.004911272491047648 0.07866045748287502 0.018036156778446416 0.017361641071154288 0.060320881486910234 0.09825546272686125 0.09664294813820953 0.0021150798049253297 0.08865470600343742 0.09441195556278391 0.02978856157510033 0.04987216252513604 0.008689013059550688 0.11356719531143494 0.10400495487196335 0.00443543591872766 0.03873479861026471 0.0027237699087957028 0.06300028311678373 0.02581326355559189
73 0.05693004655015096 0.027972618852960124 0.007493221572966908 0.054107583817955364 0.06166875543756051 0.07792340954056859 0.008479601373759449 0.08405241693610956 0.04778541297236232 0.06877176052598585 0.12331854909915597 0.010293832048799242 0.0500686678296894 0.026911383184273757 0.03832184183280078 0.04680709209307878 0.04827833486371405 0.045932696556889384 0.021850681279785518 0.09303209363143354
74 0.007784702620607571 0.005776899877170321 0.08423653780701532 0.041804847283820314 0.0016319178340467014 0.010801053983564006 0.05819303308043132 0.08821847456928301 0.015655957106921952 0.08600312346142289 0.013348015453924632 0.04180131544856809 0.07518490276245715 0.07650593841833692 0.08237458338042221 0.01212262204040193 0.11697853951794542 0.05266862018430658 0.0808365716051873 0.048072343564166384
75 0.018907778929561067 0.016714785430652346 0.09634673401854041 0.048704740308590455 0.06904069636133572 0.006824868927695238 0.06358439796346126 0.02303168539750674 0.02475460337769419 0.04265810471506617 0.06771838842997856 0.09204040453060433 0.10626837831228506 0.10039493673950285 0.031654105124018166 0.048384320284704754 0.026886534540496408 0.03988459134606208 0.04907471172210889 0.027125233540135428
76 0.08117542543589674 0.051994442658272 0.0003160691558904008 0.0422069536469775 0.06108207046717874 0.015122078026402311 0.023572754191632114 0.058867636067930565 0.03287349204284539 0.0058675598987525225 0.0005358229357693263 0.01763640680734253 0.04184509670265315 0.1305477326822534 0.1362836310237995 0.013926208994763881 0.0756456684485473 0.07595092013480735 0.0889530977387506 0.045596932939534755
77 0.040343434108956536 0.0703589845173243 0.05753172849686191 0.05357632376868372 0.07971782757095754 0.05042508186339294 0.09618312230614914 0.053560433960546786 0.05454925615669828 0.06014901543091847 0.0721478058850418 0.05499231800988006 0.004959085275521977 0.012683007960376821 0.0006887086428279848 0.09937041278478471 0.0011367892969540605 0.0015325316261525902 0.0682055325219748 0.06788859981599576
78 0.08101095668383729 0.01074226231536584 0.05568545651908241 0.07044819809612379 0.04984049339273057 0.05843406480364485 0.009658737034793023 0.019939107635341544 0.022603024628822268 0.03324902761299107 0.03455889150210245 0.08920697671211701 0.024475676530803257 0.07077853850220589 0.027148958386207643 0.06449531967116585 0.03571215968740966 0.07641634977588424 0.07984464054705635 0.0857511599623147
79 0.056791781758841524 0.06985459985763903 0.015020649026942156 0.03768933632944636 0.07607103264255075 0.04852751161607071 0.07443583345283762 0.04879932654486575 0.03642143897949939 0.0740171665176436 0.0032864952027442324 0.0820776790580472 0.03551385552498547 0.060064131569213204 0.05662840102184822 0.02673708905267288 0.07263308127278147 0.015190118884100315 0.05624138018689959 0.05399909150037063
80 0.0479208402314782 0.026299459401435438 0.06971974600861043 0.051763885439209144 0.028315107495098295 0.05433062183456158 0.08441685634920916 0.042572532414153534 0.03154999068364719 0.06891671184000392 0.01461623474933215 0.0925552785779197 0.062012648846902 0.09235582569912122 0.062391947014036477 0.021463094920968175 0.016914599769404626 0.015392800926908435 0.036989238643350006 0.07950257915465025
81 0.029534758554282788 0.08119660165353221 0.016809752927620988 0.05111160837022421 0.08437654965411534 0.04806331384685534 0.038230458250123674 0.010578666748086616 0.008340089956810265 0.05214916465920257 0.04211380455490158 0.02297731739761269 0.059997870752539234 0.08455267385232308 0.06977806485359254 0.050379339449431335 0.06872210717183766 0.03958069293743432 0.0719489945300384 0.06955816987943506
82 0.032167280528499105 0.03279332818403413 0.10014507086453402 0.010191996297271334 0.019188551233647103 0.01838942283763584 0.05126193860994933 0.09273661041981165 0.009012071178742533 0.0741217555087048 0.05499663140107585 0.07846095312233999 0.07391462151233477 0.11727298001371723 0.028138589354336507 0.04057679932266594 0.0025936945702368193 0.0005075534664321567 0.053944846563037864 0.10958530501099269
83 0.06192474022853136 0.08371231879632322 0.0716113099948276 0.06442518889175426 0.03702242313475202 0.06716904449027228 0.003761659849997195 0.010540123928780941 0.05453371634490986 0.05796154258137787 0.024953801912007266 0.011492826730458573 0.08366790499118842 0.0515206468718717 0.028973126285281668 0.002156470717334956 0.08138511755130158 0.06025755940199814 0.07530240029015842 0.06762807700687266
84 0.0990742269685728 0.06506281142883473 0.00966582215494656 0.06904658522184064 0.011912318654545902 0.09769236417617477 0.0023367427858991207 0.032682678757863175 0.03168378666864369 0.0008940975536216523 0.03843214453099992 0.04259479676460226 0.07446683672641301 0.07502811328446062 0.08426737971352914 0.07904034872253504 0.0472080566529126 0.028411853270232264 0.0704950045878188 0.04000403137555343
85 0.008660434895539347 0.028618479765180678 0.05522950041533762 0.081695532927705 0.061157215686469424 0.07261550601118466 0.07511775459383566 0.04785887205279706 0.014896188700631812 0.02505080339145721 0.06277515381891621 0.042807524444579546 0.08055310306070756 0.06935862444582623 0.07679616678678546 0.04171234343974859 0.016105518915447772 0.0004594131264792958 0.08256303904242521 0.05596882447894582
86 0.11379166218652771 0.053529391050288984 0.08490082683773721 0.033509080795294695 0.01834083677955075 0.07323647661668146 0.06218839118815437 0.04704546289626043 0.08904819414432932 0.06252140787818361 0.0725869154579006 0.018168496321246015 0.030125821333392096 0.007613775598958216 0.05890695996385592 0.014470732759666156 0.03377245517147242 0.036748000747869394 0.07774471130907264 0.011750400963558122
87 0.03117780773962072 0.10990374726377718 0.039368871586477665 0.010972114358144276 0.10653366291963609 0.09984964414050321 0.030117330578630423 0.07133452808680103 0.05953065437142629 0.07607784032309796 0.013618154222178123 0.03880758527586341 0.007260830931565932 0.06065748477717297 0.03887709936399527 0.038879798452851395 0.03262966965239512 0.005365578740063446 0.11460695403993078 0.014430643175868974
88 0.03352014109722844 0.06866857324236678 0.07050654227828689 0.07318241259165986 0.05271534418711836 0.05230792441463032 0.06504477777871422 0.0010655718915870958 0.04121968014768891 0.0386394517393731 0.0259675651378392 0.07301159812280174 0.007635301482443004 0.056049232408589056 0.07276058745802615 0.016081574380201184 0.06903884950106337 0.0627390479606464 0.07007754262493042 0.0497682815548057
89 0.0125463067322888 0.08363677888220938 0.05652287434293804 0.008139500188236594 0.044566826710790375 0.04429793754762442 0.05609582415024102 0.08586944181223423 0.0304790857208948 0.07640093514974992 0.0059752760724116494 0.0014899404221903232 0.06953203885137445 0.09061639760524703 0.05455433289466862 0.00012271404048045097 0.07388255404211048 0.03128386178403814 0.09174648260749203 0.08224089044277916
90 0.11070460434128064 0.059472047965959396 0.00577360818064118 0.06295588652500937 0.037793318584242355 0.10210238455300548 0.0437334056489542 0.012714975865508855 0.05899448064861531 0.06067080689341386 0.03174729576855647 0.051482963985218164 0.020584734273747154 0.06617050218968813 0.09275525187500357 0.10708691127237019 0.0129313365771958 0.02788366155980448 0.0014229003138367348 0.03301892297794855
91 0.053440972765017455 0.03887218989604571 0.08374643358046367 0.047416973099721864 0.023816318180226607 0.06961563559016305 0.004186693773681594 0.08330092285591471 0.06318815118546098 0.02621429164702277 0.083942813684883 0.03061567780023846 0.02284353451134516 0.08446695919653581 0.039503533105759644 0.08267166464556866 0.045169088754793495 0.028151544195813644 0.06816305585199724 0.020673545679346556
92 0.03419589114455701 0.04926840464871742 0.012612604128054476 0.11205508924113226 0.11527488460304498 0.021628879322953497 0.03406934999774475 0.008980967292304349 0.022355870885593012 0.04193786545311663 0.055962316888736104 0.04057410713092335 0.0004258148627417746 0.09476970059945757 0.10435775390364754 0.04634572899830711 0.1085364003868497 0.048509857877360237 0.031184425694962686 0.016954086939795616
93 0.06210721213465227 0.08912075621083348 0.08807411070784579 0.06371555798789748 0.07419738962796656 0.01942437962280202 0.07490799078887413 0.023825113449454628 0.02770446535695985 0.06078127701033628 0.04420344078072582 0.059367295578745254 0.032005543533147655 0.08914397160936907 0.03760521284945318 0.053897351956657506 0.03420540423073642 0.015466134364163676 0.030860274803879498 0.019387117395499278
94 0.039101701831878645 0.026979236637229047 0.04705964508592882 0.03559982528240778 0.05575935654854668 0.058544006967414255 0.08367401813703061 0.04640598989491901 0.08198628083063549 0.05885877371010182 0.011580998344826244 0.021149465315809225 0.07913299147821991 0.05636118529582632 0.05496566092646951 0.0009420851032054102 0.05516878453189526 0.023901217056931878 0.08658858165407692 0.07624019536664728
95 0.0663212993263716 0.0680685741738108 0.05109777149853214 0.051691037512167824 0.01224350370085608 0.023007093463684233 0.054164921357544624 0.0967117776939773 0.06129556485082823 0.07184132234237452 0.015561060447579253 0.08623735724534508 0.10233708953319742 0.013739971419616649 0.07807311935056953 0.014136682410150753 0.009967109327234887 0.011722796846849695 0.0933759740051212 0.018405973494188283
96 0.06772471135827592 0.07218108890554728 0.00016130366208770368 0.035525325935207464 0.07341187334549346 0.07385211172638813 0.07553937883835907 0.06258484782398283 0.05540475409629829 0.07997012559958531 0.05695628970981174 0.05652671678078243 0.04134951498186962 0.047539256025412646 0.008980843260875799 0.04321780135655457 0.0826642944132311 0.013694898664315903 0.009849986854486027 0.04286487666143459
