0 0.06132887559557083 0.007146904599728547 0.08952431485001527 0.04141003608310494 0.023105199313968306 0.03057070127643681 0.028064532790518817 0.05457985474030012 0.004814486592203207 0.06790394693885095 0.02381869067628695 0.10343677766005663 0.08850204293821358 0.01602632579704347 0.09893098589542415 0.002360788960921472 0.10125612121711489 0.013331722813040512 0.08764589911255971 0.05624179214864078
1 0.05519884093306204 0.06651016374066254 0.04550219697598838 0.07740074076970455 0.06111044418274312 0.04179087557330812 0.067520582430354 0.039062743598028436 0.00810067159087505 0.0249996552868588 0.02244765080557714 0.045830435391288914 0.060438806062681025 0.0180364775474027 0.05226459386616786 0.08697476654387835 0.037903549000537586 0.08373337907693698 0.012165276896713963 0.09300814972723019
2 0.05142771294182236 0.0743864938263593 0.03167558798575544 0.03306126042629969 0.06823104143868712 0.09802836260682993 0.015042948737156569 0.04711191970058491 0.0016831386583285395 0.03572659718141853 0.0005621968372068909 0.07335124513941708 0.09448079065276004 0.09014960686664815 0.047672545926634634 0.06994029657146074 0.04630623544457629 0.055226208243329016 0.04779980874181495 0.018136002072909673
3 0.0362265685623617 0.028821294019569715 0.043650001800928935 0.09390325022090032 0.07517396127255466 0.01656058387852681 0.015677766909187322 0.016554483962554944 0.09240499689944574 0.021802951390686897 0.06864883075438002 0.0318169857214455 0.07395835040931066 0.04858105318561881 0.08911010139084742 0.11751980681408536 0.017457886081276887 0.00650135533493423 0.03309181661312434 0.07253795477825978
4 0.033579377529235406 0.08517826421191382 0.00695648137360892 0.005732449755614898 0.034966886813426544 0.021168946697290324 0.03577391104820823 0.007133061625890481 0.04070827739854456 0.08109220549439027 0.09073899329491192 0.08511117178164514 0.0038663681534352678 0.03968639057815288 0.06994645933867241 0.09252464771309062 0.08744902881163799 0.08509194219678885 0.047725294737056896 0.04556984144648464
5 0.06527496090386481 0.06858766466114831 0.022293412720340435 0.021291921777736346 0.07332192251707977 0.0462278753964023 0.04310276563108716 0.06364341386940535 0.0010934431541231822 0.06731809979901753 0.06368100855911056 0.061194408837224504 0.030855266605783617 0.0335103455777844 0.058988164212654556 0.06775875528706479 0.03382102226170272 0.059093926015424375 0.05418414799404101 0.06475747421900446
6 0.09734061823478296 0.07910354214921672 0.08107021460594833 0.04969366139911669 0.033880119776776796 0.02422771028676139 0.08737181194652406 0.07090548327440824 0.04286404514066526 0.005503303539205603 0.05560164257295948 0.024372553323343288 0.001224640440772196 0.01070284803846096 0.06580401034227594 0.0836440847381948 0.0002511696383382267 0.049014875108575225 0.08077293843068334 0.05665072701299043
7 0.03427055563536557 0.00935853000270166 0.018106712559581795 0.11778474020193609 0.059580273089230126 0.08014993080272102 0.0012313316253900748 0.0023490165519529866 0.042375481582125965 0.12866789979778315 0.11676694737331779 0.0177487780939357 0.008264707743572271 0.09529079117134844 0.048430425687634095 0.012508662130434521 0.002691802428787526 0.05118347581745832 0.05438443681393061 0.0988555008907923
8 0.03899720138196918 0.01832288579443478 0.01337928629248707 0.08467467948313766 0.06546827850334613 0.057124621689989885 0.027437421974103534 0.07642907675596865 0.051954454625006787 0.054153274248329226 0.05272106166629812 0.08226284402703411 0.021447052051599153 0.054801487010972864 0.06885443531474976 0.07901421286518891 0.0419103652489098 0.025909074150507704 0.017106001902050263 0.06803228501391619
9 0.02004369043429772 0.11897650517836697 0.11575131806942554 0.008734297251022856 0.11316976950682783 0.08044674743132875 0.07103885345147208 0.0022889338400311444 0.017097655673513904 0.035954654844147955 0.03765957295961636 0.08874123613723285 0.02380399685340163 0.0971335307382748 0.035306290636701945 0.0033066058361122604 0.005532388778106591 0.10053308117043068 0.0069376359674955795 0.017543235242192767
10 0.08102250858449626 0.03322809552004126 0.03705629494839516 0.0371617883868235 0.0989348027510711 0.08760701101331046 0.07518723110236548 0.010483217096064009 0.07569374627193208 0.033417745319218935 0.0463262546138825 0.07163595047842268 0.05938104757237962 0.027483526567851767 0.0005765447014807762 0.06484154249392764 0.060129928938031416 0.021354083596177915 0.05838030384451098 0.02009837619961653
11 0.002658866214346823 0.0839594359944537 0.07390477440152646 0.0656738785233058 0.05897777986029395 0.07660951748362806 0.06571916781772223 0.07977888497662228 0.023189678595910018 0.06722599343769392 0.05148164801540744 0.042634566224121824 0.01126386498812163 0.010172931700304694 0.0077573670500744 0.07507290472258683 0.030179290746150052 0.07424613078683977 0.06852545011397265 0.030967868346917508
12 0.06142999298597656 0.03346928589140473 0.05844196156230656 0.04290663005982625 0.03786796838202597 0.00999593210378374 0.017184408724777257 0.08185173957793686 0.06439833492937935 0.06546123889310852 0.08965689248084119 0.08562011378810797 0.019117456408571567 0.013670794497347209 0.08819442764419792 0.015541298665023733 0.020447300240764237 0.07042710928500533 0.059868496301496946 0.06444861757811796
13 0.08158310935318641 0.10956771086633645 0.08367684568195277 0.037673023972673005 0.031255407382931935 0.05602025424283293 0.006335907887755337 0.05762279407544813 0.09249839639246446 0.08720464483410514 0.0008711634132878424 0.01693890913312398 0.029319870997449617 0.03796012496350923 0.11468409877723607 0.036400743215946094 0.019958590292385295 0.007752747386311349 0.07182408782671425 0.02085156930434969
14 0.05327840964461051 0.044378424143913915 0.06529698944905238 0.07208415558892306 0.06717760668818906 0.07422496011091313 0.007239620047030583 0.028799133824721206 0.01755153071054731 0.08458334420985254 0.015821218604988942 0.015111472888690495 0.04973755050560258 0.04991457820570113 0.08069980669209349 0.08461025235386853 0.04007492288367322 0.07271093041295372 0.007367499731351873 0.06933759330332218
15 0.021709313649636987 0.04587127196305238 0.006586234688690227 0.05721197453239971 0.05507790944997336 0.08677988529516169 0.11289933628037152 0.04204456120042582 0.01600045737333374 0.019457832960167638 0.08100518457505398 0.08972494198039463 0.06141613887382401 0.04389211614848448 0.030432174265465156 0.06247480069736349 0.031365171212052956 0.05189901992345117 0.014962107708936342 0.06918956722176064
16 0.06848627357166193 0.06221865398886735 0.005745871970496099 0.0695909032468004 0.05972682491852594 0.031120557581397687 0.0573918603733975 0.050148750168372336 0.051462379764314184 0.053939999266138045 0.08480467559004407 0.005396635062383779 0.06517818072583668 0.06249320266316227 0.04963715859676897 0.013705183705209411 0.048444496231656135 0.05564225296528346 0.07404396631363808 0.030822173296045596
17 0.05323818733630067 0.03501711996781083 0.04433252448730074 0.052835840038122715 0.05099417396828942 0.01686191714324471 0.010553284234186977 0.0874847515318654 0.0654939805318032 0.08558996918071289 0.051110847163451184 0.0020491154215531372 0.003945148333517297 0.06580915606579628 0.056778337709227744 0.05002348664268945 0.08309886413111965 0.041401205834579284 0.07106813343618061 0.07231395684224781
18 0.06279880637069332 0.06385820608407566 0.0694680445576016 0.06581216234045716 0.07737493813356823 0.04032831961641183 0.03344224369275764 0.08186259225058856 0.006840243337182233 0.066971298167208 0.05374283038999277 0.07621694356927285 0.0011036000068776954 0.043325494276453075 0.020797262445184986 0.029934751793131452 0.059695262618428946 0.08265620475950171 0.02723860054892867 0.03653219504168353
19 0.06829583962979709 0.0692267695689748 0.013645232877047863 0.08808654770977034 0.05404519052634081 0.0634858157208911 0.04481140460375716 0.07877003089146814 0.04988843601261296 0.03470500025675584 0.07065264521752303 0.08552426328572452 0.01670390769811438 0.024950214135270304 0.009240842432430951 0.06991364044049184 0.04837398099295525 0.022514414354823337 0.006564825174747684 0.08060099847050244
20 0.060588889285636154 0.04786377561263772 0.04446448129935338 0.07623442916652443 0.012997218460629395 0.08138466084677405 0.02452947914731346 0.062349927980162693 0.08292132826902758 0.025042006336577265 0.05955617343968614 0.04634416535929428 0.04772814466021028 0.024100115004574502 0.016300486608203688 0.07226512884146877 0.026440437670590886 0.06462241652839373 0.05666752693312183 0.06759920854981992
21 0.06939526307575827 0.09335559991911813 0.08851444684299316 0.017802910902086064 0.08760146632549054 0.06256547453533894 0.09588068559939768 0.020206024063284308 0.002052273935442463 0.0778716144042436 0.09105355735729598 0.024281973264048174 0.02573280886403875 0.05439718058105014 0.006614022614426051 0.006232111990465841 0.03354261924515277 0.02969994793612261 0.06218678489486857 0.05101323364937813
22 0.05430850662108451 0.016189783062506968 0.0848486137124354 0.05617031634089197 0.09872975045912451 0.06855083648235369 0.00561292440854907 0.07840500135138205 0.0409921982340677 0.05804612069699058 0.02619824289248229 0.0857304014349001 0.10194910757442696 0.03574727206023572 0.08123705450582594 0.005361573732306507 0.007052217681209356 0.026853527516029745 0.028078065756289253 0.03993848547690779
23 0.06044046901841767 0.0089066325337037 0.041244480194746656 0.026595441986748843 0.023965471110494543 0.05443740517197764 0.06622877719154611 0.044634104352949594 0.006801420348069098 0.08035196765982953 0.07215558887907463 0.04046521659227439 0.05014357895690578 0.07945019695073184 0.058469121833289575 0.07780585434778145 0.0677091963880342 0.03207727722004875 0.051978201430624954 0.056139597832751124
24 0.10743718397398659 0.007332008091660364 0.04125881142765265 0.06153117667508563 0.060428365076944726 0.06396722649008774 0.08977613899108179 0.015354284327719457 0.020743836100119883 0.08118281392815621 0.10347973161013983 0.01524666827711374 0.0008992358585968647 0.0816908104060228 0.0028513059479989542 0.07461096735917337 0.10822578086488403 0.005489201290444391 0.013020263584713155 0.04547418971841773
25 0.03162393948913959 0.017446909854810976 0.050153968524235634 0.09796657718287013 0.07477808298336124 0.00276418133294925 0.06526799131586707 0.0738447232408007 0.03118024039534779 0.10185735738735648 0.0013915243261441738 0.09834333884538776 0.07426234430491185 0.05568874480947809 0.009727030514120664 0.005723597302147313 0.026762847781850507 0.010477718605077305 0.11687188820503497 0.05386699359910824
26 0.07768694731889127 0.07554700008320435 0.03696639976888583 0.07544840072903246 0.03441401720866422 0.028443525853224856 0.07322045258327162 0.03404447159889703 0.06070442021228154 0.06045128850458972 0.0693190556429573 0.07955592525856361 0.03591087703631073 0.023941946865356466 0.005967780358066305 0.02298163711807618 0.03740132952154177 0.04639498277036955 0.08042110179964729 0.0411784397681681
27 0.09133669935664437 0.027845315382945365 0.012951255939996761 0.09328098503194739 0.033596470154237404 0.011809870172897086 0.0323769302988913 0.08791743857281226 0.07698405466810639 0.08826994087798291 0.048943003150638785 0.0015466037613022792 0.09516193544654579 0.007913806063119134 0.06743651450211631 0.09616933262364477 0.01552017704468507 0.056770593253874055 0.012432846760759444 0.04173622693685333
28 0.054739240290724016 0.05594379200671892 0.01232632171458906 0.03419441939830373 0.06500467165641424 0.07883779501996586 0.029847620590440712 0.04262268919705098 0.09137543856596463 0.04447715321979232 0.08070041944545545 0.03836611835006477 0.08366475230568289 0.05266297063868226 0.0722109857578314 0.04000181308479777 0.029654967043344378 0.03090242390339583 0.04451121132421743 0.017955196486563456
29 0.03390541191811162 0.06357802858580258 0.013410557269000587 0.0169487570691746 0.03326732752329081 0.06332103894428893 0.019218059895690618 0.03282187188129506 0.04649322452167316 0.08723871767037225 0.09317644627706052 0.09929974969746391 0.08709828034810337 0.04431537027641153 0.05665217606911716 0.07644225073828778 0.027581609652990124 0.05483232592087819 0.04603945973081897 0.004359336010168183
30 0.03926562139910762 0.0018792586578552804 0.052318562562107256 0.0006723923094862901 0.03649190124363945 0.06969978067825379 0.077984862753086 0.07890028113717688 0.01859522807378626 0.06059918967040102 0.040319627868566035 0.040295676847802574 0.049917196571482796 0.07319022568164313 0.06933237523002936 0.0562945327636213 0.05056164806674076 0.058680954935783236 0.07905409677450892 0.04594658677492217
31 0.053618922359071064 0.061685106847051155 0.01672973276576153 0.04095758336943417 0.008366237572804367 0.013059173885346304 0.05171572068219635 0.0964512664155607 0.06388469049495112 0.08039726694809879 0.02234370724991355 0.09744025772699423 0.002867395756371095 0.027304024189675452 0.0541639100325705 0.07940175622807481 0.023425429734301062 0.0684225726311415 0.04632707254906119 0.0914381725616211
32 0.04168765213448766 0.03889768018228224 0.07736598240570956 0.037138900942228804 0.05155303728047738 0.014628499143914368 0.006537000738592821 0.08356782134774819 0.07321191812186084 0.03369909564408221 0.024933691459936257 0.09050164395943135 0.0626951365071547 0.005476211559808994 0.08845621255137644 0.02410845358849072 0.07066372990065364 0.0805530484660927 0.024530468264356776 0.06979381580131457
33 0.05597241514440396 0.019025269944972317 0.023193963864517712 0.020575215092796657 0.08966438944286113 0.024210403488722693 0.04366435155094985 0.011592951054304811 0.07501138477165412 0.03600222119054657 0.08220746094021011 0.07174810137856166 0.028533062319216356 0.08466132629453606 0.009053757327094736 0.06561933483448713 0.0305664818888317 0.09146752482397799 0.057995080709931576 0.07923530393742301
34 0.00992125194015179 0.021500421370861642 0.03369091427610972 0.11572192650208132 0.017376451385396646 0.016875626666787016 0.0902644869511274 0.11491661821096494 0.07600301396608124 0.01717362844996776 0.004227549367575301 0.018468991457841387 0.0233757328226184 0.010818110977956673 0.061881254977078054 0.02720938071387886 0.0479543826087316 0.09448436677081375 0.1177375247806287 0.08039836580334789
35 0.03775841839499599 0.049916568387023894 0.04828806417174326 0.07167903727259349 0.06997119805567609 0.03688492460562824 0.033254423395842336 0.06968781627036526 0.0533046593007621 0.01818020562454306 0.026783057184862066 0.0659648821604718 0.02374877826509949 0.07225013563785068 0.0572690344273304 0.08024033045719935 0.02483613374611588 0.07916940716766123 0.009019581193283445 0.07179334428095183
36 0.061168788685320066 0.047730726613430294 0.0012040984263173508 0.07701293414811347 0.06886279190229537 0.08328226996355803 0.0714818495971842 0.0595794457296312 0.0401731547002875 0.027156248435993232 0.046889555481835585 0.0411965372486971 0.06985788227624715 0.07216637253970346 0.04482614277068437 0.03269320999356853 0.033845501933062516 0.06476918856302352 0.025786316934228767 0.03031698405681831
37 0.01770997236995014 0.07847492899902883 0.07347928734785329 0.08937434278995306 0.049016579269656385 0.06945688413047912 0.052980632124806935 0.044666788271585274 0.034252318675603154 0.0425086994819776 0.02370072518678368 0.014082144756693062 0.05797303513346856 0.08610153770954336 0.03335459609338173 0.008986527812787274 0.00729668068526773 0.04787092064416107 0.10717776009305667 0.06153563842396311
38 0.07067694851489699 0.04803760361558505 0.026264281287607095 0.02562740237325689 0.07436506813943283 0.03358875842524831 0.0840094420912588 0.06288233219574835 0.002124389415546548 0.08906090064258104 0.08054036573812208 0.09470337282206781 0.041737441738149104 0.04548675124848781 0.015594503469043277 0.030630307909721682 0.02242415868796076 0.03702390662327217 0.018083670428252586 0.09713839463376096
39 0.030226894846975372 0.059570213536075764 0.05289272813637788 0.058651956880515665 0.032833517106702764 0.0637996308706315 0.04952239072538731 0.07907024364401889 0.03434400841743688 0.07255925084617956 0.09796940108556317 0.043920162442116724 0.009996172867969218 0.014938794570829259 0.007794746368167987 0.013270833264210375 0.05148754571730188 0.07464765384539533 0.06339952012492484 0.08910433470321952
40 0.029677529527224616 0.08305550830248687 0.054078805436485855 0.06483540648673386 0.07602966221620873 0.04301925811411548 0.01671863570826932 0.07570792158772405 0.08174454817066354 0.018942161373568727 0.05225973151625775 0.05344467311587419 0.0840289390560357 0.028160020132390377 0.07662595258489571 0.028563217127162893 0.02357083412300317 0.048087979214057226 0.04403595513380287 0.017413261073038994
41 0.01843682470829452 0.03439066347505797 0.04729985129696555 0.048418101188838734 0.0897277898651686 0.055750944552990685 0.04545385380048407 0.08627543639728383 0.025774232902249866 0.06679081195124419 0.042408541476909346 0.08365112436656386 0.04315936621257001 0.019929172609824474 0.023562602338836044 0.08612800542936618 0.05851600484464505 0.0008437339988824887 0.09059923041536665 0.032883708168457954
42 0.00690099765789243 0.052236327718786064 0.011413987978772225 0.0757066444889785 0.02997947661444942 0.031234844488482294 0.09896606762199385 0.08977573470953175 0.010218550782527779 0.07151934499023847 0.0555311419675352 0.029910588868967563 0.022013886318273376 0.06935414142314786 0.09227910464996142 0.11902766850782419 0.009791034042238612 0.08352183559207431 0.03983231708011508 0.0007863044982096168
43 0.08506525006052819 0.007173948389832628 0.0699729154511243 0.011107898303637917 0.08366906719639788 0.026972870060536294 0.013424307782531534 0.022891128917234424 0.06389269398386087 0.08837397715061551 0.053834261647889924 0.012152494601389983 0.05015316015890875 0.08970382318719322 0.03995001335588152 0.05779076301768347 0.04099724286610358 0.06727516462359853 0.07694992351046977 0.03864909573458188
44 0.0708830064537772 0.08237356656554709 0.09323272586449899 0.009301392094376816 0.04512450737735103 0.03566482338614947 0.044506258393912174 0.06729379909308848 0.08849564145150736 0.04355674183512163 0.04787058433046574 0.013760785766437704 0.04682874454398329 0.07579184058110007 0.008638180758704619 0.006536640943177159 0.06528217525028897 0.03413399915180327 0.04733605006542412 0.0733885360932846
45 0.04362270523206599 0.08644719406500957 0.03822132769098026 0.023547418158821234 0.054464633608083485 0.023467980406830413 0.08203840853234058 0.009836599035146259 0.059169171587719775 0.0875589221383667 0.07315264945179574 0.07113159288063961 0.05497755260465014 0.05816826663178255 0.06829862258708373 0.021241872970740604 0.09921806514593365 0.015391921850687662 0.021682776308787084 0.00836231911253518
46 0.07862971839849874 0.06417159594366106 0.019206178858939618 0.04720461415654773 0.038736298562757975 0.025958295962036023 0.06894955860631999 0.06734976946132612 0.05762071593213051 0.030979075641389655 0.0836091849473795 0.075925597523992 0.06783250299788031 0.03054506221472196 0.030914415137574893 0.0034302314784072888 0.03242647821271238 0.005260899801074177 0.08635172113157419 0.08489808503107607
47 0.03986671715636617 0.05015351514254347 0.020646453776371317 0.06629638054266275 0.06398479834106477 0.072665430267717 0.03198851815331097 0.05278351372696263 0.08137715345666703 0.013315059000017568 0.06046253516866163 0.10006514469558911 0.04181736926471364 0.03291033444123745 0.06236888652404282 0.012249619620122101 0.07250596653848204 0.035529866761192255 0.0315717796790443 0.057440957743231304
48 0.06132736104748482 0.06871525187223866 0.08016997935014591 0.05103006614227188 0.03412593280428092 0.01952719786998762 0.0844442841830737 0.08184801211600348 0.009055334938282082 0.0052222856328143046 0.0611502486581984 0.03140634752942374 0.042638708421402605 0.033098710689202254 0.026210930190846894 0.092649561052589 0.10159024394627666 0.028320967525569615 0.07980693265325534 0.007661643376651969
49 0.09084871243822831 0.013483047863864249 0.09041355756648158 0.08783833921078202 0.022782592217210015 0.01100559110809323 0.08562029975367372 0.0914661963641321 0.05964352066164363 0.0907655869122213 0.041653227873435145 0.003623512757463187 0.010282529287326574 0.0272820047211472 0.06303765984508418 0.0021294204722327975 0.06106804859735855 0.04711133494115286 0.0804263472088897 0.01951847019957952
50 0.0752100469007444 0.0009043269283302239 0.018435866306902495 0.05501860563678855 0.010582288557343182 0.030525434844882203 0.07570021160315771 0.018152469409961697 0.03656268809776536 0.1053770523529559 0.045490439709730705 0.08710124137814076 0.06716429376291093 0.07163173096398506 0.018150929937141423 0.07964716414085506 0.052839594285596404 0.011262559352166076 0.048873057185191394 0.09136999864545046
51 0.020366531034283528 0.03707877302458614 0.027186156901811004 0.04629936037066354 0.02194089756191442 0.08667774554588224 0.035907662811624545 0.0879418183705763 0.08606867258282375 0.05573019126068609 0.01918736771173271 0.021075262105461352 0.06635646893622263 0.07076048528652164 0.001748449334679116 0.050711505708994194 0.06599787313193006 0.08747553003425723 0.04268249358749211 0.06880675469785742
52 0.009986947440305682 0.09273448814571725 0.09716321216329747 0.04618018405265448 0.09274600432042619 0.07421242175928532 0.03980730476091174 0.004924289361620727 0.011464214460963866 0.09591392396350251 0.04600254360126753 0.006525586143223554 0.018155613935105813 0.04228306600606847 0.06203616391537728 0.07450601927098287 0.02795885564543634 0.026673635583660815 0.09341546115938285 0.03731006431080952
53 0.03934619795602773 0.030340841730364655 0.07181773225086872 0.018416659588369688 0.04701145606741932 0.06669595492938661 0.08510102547374214 0.014174453488887354 0.05286400814567238 0.08404814168364322 0.05037306868879485 0.004691278918130385 0.036709051753805434 0.0382915347602898 0.07892794574655156 0.010865911194073924 0.07431426529319078 0.08666025702214532 0.0240471118502716 0.08530310345836456
54 0.056414822107766764 0.05607636582414448 0.013465715936763196 0.08769231779556207 0.038771217007137294 0.002672082352360962 0.007150691102511788 0.03095875999844244 0.09191834247385147 0.04483395104238642 0.08185724033083087 0.10018539472097772 0.09591667872028234 0.03148530676882193 0.02676673966774335 0.08552889446884479 0.012520682246135824 0.0032016434940190168 0.09908547241290534 0.03349768152851203
55 0.032087083872749625 0.08675712830236883 0.06888131604217956 0.03422947197111031 0.059515583474362435 0.03252480026084561 0.030827131218672078 0.04463425525618899 0.06151034258908407 0.0796912783009915 0.07288251782358203 0.03608993142447251 0.024530370920738755 0.004851874699943007 0.04920208199415827 0.0681040216647291 0.0015528846213636632 0.07312716076881878 0.05024503480610885 0.08875572998753194
56 0.10265389811166478 0.04049343971424232 0.010820290679862399 0.076945088005636 0.029522222204631462 0.028701240751902075 0.04536913561815335 0.005467532058224554 0.09532382249992073 0.07664643043436531 0.1049099079976175 0.09237779480245893 0.015006801392023155 0.03435660877862095 0.05331094495272891 0.06847206169310727 0.03238003468546651 0.016027781220025555 0.034789415453534644 0.03642554894581364
57 0.08561414820179021 0.08028270355570882 0.06778073902810641 0.07957942792023551 0.013285002532357888 0.03829642599178297 0.0841873751104256 0.05944700312043797 0.02991294345958296 0.01986840488301229 0.06523886749729374 0.0016465360339211123 0.08021705604088301 0.08072962226117102 0.0769487574563325 0.03509957698364132 0.06824903647116623 0.014264886889485538 0.009085059246233759 0.010266427316431133
58 0.021632944104914228 0.017161700655402724 0.09641997637283811 0.044381867031089116 0.10396638119161701 0.04424555352666033 0.03143956386599313 0.026838570736941555 0.10430682144776808 0.01829156062464297 0.009135871978926173 0.038687535380004606 0.06220056513835903 0.06308017731362632 0.015308305577219662 0.1020836567894949 0.07969930666974072 0.01816868505362408 0.0030374867216545883 0.09991346981948271
59 0.0559998408248452 0.021505369551526474 0.08391518426480017 0.024510376491558968 0.07368919591615564 0.03945603487658649 0.07692409361404448 0.04059411991049261 0.05949388053222351 0.029987655312109108 0.0681104820094674 0.062113581785398955 0.06188137017114504 0.026263241057961448 0.055457429411802754 0.03970927300855811 0.01199796813131542 0.02977666445280749 0.07246347283596345 0.06615076584123698
60 0.06544410678249965 0.04500772816760331 0.04619788886114817 0.09802375598638892 0.011382278269512682 0.08615263180440524 0.0444522345942401 0.03858563858613875 0.002495350706679865 0.008115888099735288 0.09131153585232711 0.02925551590212174 0.07287747929298471 0.07424670753067253 0.004216189411299481 0.02742483558252516 0.049146147108564714 0.05540211405772347 0.0550436504583543 0.09521832294507489
61 0.0548329224305334 0.09057201749939688 0.07276053016723812 0.08089079020104656 0.034050102087761394 0.020056331986062072 0.016383361229958288 0.006408077807324115 0.019788727023289498 0.0201731835640474 0.032823176128496355 0.06864862620378928 0.09701558545135246 0.08984085015954552 0.04973113677983456 0.052737771337497255 0.09761028220687941 0.058492424529374434 0.03501487117958868 0.0021692320269843333
62 0.05622300840887142 0.02057768312560733 0.08505501503635084 0.05369955188556042 0.04536682971539248 0.011768937258116697 0.009627259895681124 0.08991222947366982 0.041927807700106574 0.011275095834606135 0.041548881808306654 0.0775192235267319 0.07198240761506443 7.245966215660753e-05 0.07396924087159841 0.09427047362494839 0.023860318547506646 0.0790174297620346 0.08568005025797293 0.026646095989716668
63 0.01044975493921663 0.007105095595416889 0.05620830973674163 0.0164159503935516 0.004252398222016042 0.05635646814067994 0.022565044820608064 0.06974419410780792 0.05169281419905127 0.030884064961019198 0.0645924414394341 0.07575572820634423 0.05754359113193309 0.08571019019851396 0.0534880906781297 0.027266400033433988 0.08149831643806915 0.0862558058947525 0.08293195252396053 0.05928338833931956
64 0.0233541922589237 0.06230610925529601 0.07188787912037628 0.028067570452186098 0.04809872859902807 0.006619407831455727 0.042069779580354114 0.01600019660625044 0.032353427056673704 0.04996609591015043 0.09169585069144688 0.09004120064741565 0.023932195769354046 0.056370987114767006 0.050489512628692 0.06954910885024417 0.03629081765174668 0.07308655743320058 0.08123091875261873 0.04658946378981969
65 0.009309877265215353 0.06602316127761901 0.06449471099364457 0.047609471203637836 0.08353770265229521 0.010693187827487377 0.03937047292919112 0.08495883677601195 0.040967970904019775 0.06088515899076726 0.04678018956889788 0.05529403686217008 0.05530845009898419 0.055730586382987585 0.04987643765969145 0.00486975160252043 0.023031376092628068 0.0658516800685967 0.05171838842568743 0.08368855241794697
66 0.031301442772827905 0.07646062375979709 0.07886990901935843 0.05293049287605946 0.008947373891511588 0.07783494627882147 0.033044089439804435 0.08015753391874311 0.040788049288148734 0.052804557550451915 0.03496735985568909 0.04472099247118064 0.05664092337751716 0.09027800953934434 0.01009183890958767 0.03187797189880407 0.07795696187190183 0.011914881412946452 0.05517403071566846 0.05323801115183619
67 0.030938895177859402 0.01955711127152968 0.05345300105682019 0.05058227605383069 0.04776640016902899 0.06692171357890837 0.0784234558637745 0.009005652512474288 0.055581450882849145 0.030346568259767337 0.028799464254616502 0.0865514612466649 0.02001079010636224 0.031893036347517334 0.0016163979256516102 0.09128435368800743 0.06267919162908957 0.06724337058241868 0.08573695279505532 0.08160845659777373
68 0.07629034326202244 0.06803364512164468 0.08992727068135044 0.017224143246319486 0.06766200493688769 0.04411474226724196 0.05067592176672613 0.05325418833611523 0.010608866739955631 0.07956897047083951 0.07879777712737844 0.018320717376002826 0.07598760163341 0.024723964376756398 0.017197465695543132 0.035970778882880784 0.09239959085674294 0.05020412631901052 0.012890066750718483 0.03614781415245319
69 0.02544478999996528 0.08813703669840006 0.03288948996301067 0.09998585436602295 0.06003492509407217 0.00469782237158571 0.05902891213451829 0.06400172333325305 0.008053116927167873 0.013541845276904625 0.09242250029620462 0.03433517991789618 0.106868639068449 0.010873798990129422 0.11464227274268347 0.043749128043116335 0.026574473039860377 0.021934023378837125 0.021040178816867407 0.07174428954105519
70 0.07941221700142859 0.10296753367016466 0.08186383487788494 0.003211165455963874 0.048832573859679373 0.026958748553745936 0.07250822300448459 0.005086891657578736 0.03918456159185674 0.06436582419696364 0.049984451590227984 0.07432516792507027 0.03842352241778816 0.03926745116933366 0.09953425947625054 0.027425283810501144 0.09473468276198138 0.011353301350444779 0.035501734280655825 0.005058571347995151
71 0.07004107797519228 0.07668224983457543 0.06273805325512812 0.04074194850003106 0.0863775936540965 0.03854661674222607 0.06297911882836633 0.024892048854606844 0.03787189614406551 0.030955540263259577 0.02229196025038286 0.02630475415949398 0.05566273212645834 0.0891174697083376 0.0034716547996125544 0.031963299929641906 0.0882331137834121 0.044867505394115235 0.05868468970180221 0.0475766760951953
72 0.08150708155767186 0.05842243769089094 0.0848801530523362 0.05114790584503603 0.08096387987868241 0.06136544953151741 0.02071400220816896 0.011268907893622265 0.057263086246797844 0.059330052530030965 0.06824645317510072 0.0410577567898987 0.053184288270240535 0.02965239626886929 0.039577646827583496 0.044567678100121695 0.06336254406342147 0.06542413820416047 0.024853558347736157 0.003210583518112565
73 0.049547126105545014 0.09946066407852569 0.1040037709137202 0.013169424691064694 0.08364069771908335 0.02961449775789015 0.006730569685920551 0.022344939937606854 0.011542005590865925 0.06911765462486404 0.016600816174952293 0.034425656617466036 0.08163965549435356 0.07491473859847007 0.061957738791011144 0.08088727299001379 0.0022271256836925565 0.1083276049624128 0.031215241379676253 0.01863279820286518
74 0.04091638978507288 0.08710182176978026 0.08102156404221166 0.021598471213972303 0.03256903510644361 0.04195949823531333 0.06403997950607518 0.07714759268945316 0.04862235799154319 0.01370778456942691 0.06897533895743851 0.025092253211095872 0.04223807679142331 0.04690821286552949 0.06738552459938937 0.08177244857969646 0.011648064320489971 0.011991467847989877 0.07920548755404383 0.056098630363610895
75 0.048701659103624645 0.018858424395782825 0.027916194386148015 0.0320625260106498 0.019235651779836667 0.023807057784176678 0.053184318331144946 0.09033744563770191 0.10615728796285823 0.016651848427820692 0.015072468936532968 0.028785601568620978 0.08069202558723636 0.06551529897081954 0.005521873141321901 0.07180163002153438 0.06154644209903363 0.08385284480529613 0.05197937708261446 0.09832002396724517
76 0.08722946956357747 0.031419961549431316 0.03850877647379256 0.02332446175686009 0.05155992349842687 0.050460776023549814 0.09158260451307315 0.0912060830546528 0.017917714975473287 0.0006579632626907839 0.025763786092223753 0.09681145986867043 0.08108114392590955 0.06498772921893055 0.03844473912876498 0.030938251352966184 0.07325176913411043 0.01865075113565492 0.08000353596014892 0.006199099511092251
77 0.0759964276109695 0.040564334729797376 0.047398637222736316 0.06041550383980819 0.021814756848666305 0.050178698706957015 0.08648834170176539 0.048073872563725174 0.072385567670218 0.01788590896013968 0.05884811215625551 0.04045009842957751 0.08561899259670903 0.07191704485320867 0.04232869276774627 0.0627323016779648 0.0743883249165558 0.008401849505107509 0.0012053729035262843 0.03290716033856563
78 0.05970471239282856 0.06510123717016014 0.03887753661417583 0.07034696002447509 0.05811956100040351 0.0672490095424751 0.017190149497877092 0.014629891511584002 0.04467341602846542 0.07623381799436532 0.05624603791240389 0.054882138155539655 0.037332370903168516 0.0028211561438100993 0.017619577456926574 0.07510587916864175 0.07441442269694583 0.042629415686765246 0.04642675305060803 0.08039595704838037
79 0.09427439622325481 0.11069119473709657 0.061195278598934116 0.04310748819888087 0.02821162199776314 0.025280425079213346 0.016579563028524875 0.05571340463662761 0.07372894300078883 0.013918874393400386 0.009619279622202803 0.031208811803372226 0.034044378705125465 0.1078310471208197 0.050259703156923484 0.08376640242734722 0.030446492434280072 0.0007067522499228908 0.02456213996832997 0.10485380261719186
80 0.01412488227366145 0.02498053134149417 0.09760022257447781 0.06302880961880887 0.06180973968728727 0.03140884796472885 0.018845485301055655 0.10733106069465534 0.10694814246915163 0.039176315915059025 0.010633408592024253 0.11860242563597827 0.01561522616909831 0.020382739124329263 0.015360432554332974 0.06732937119633674 0.05330768424029921 0.03482386365286044 0.03914710052850159 0.05954371046585896
81 0.05838604950235596 0.02686341300833593 0.06254879903763325 0.053891392418603 0.013753055018570786 0.01675528332695311 0.04809934361263498 0.053320055914175435 0.0714995021557093 0.021504443157529165 0.055031439666395995 0.0475231178374281 0.08713659866195017 0.07660599742366819 0.061012699667216036 0.05598583008286897 0.041408743085230744 0.021880969774591145 0.07389818936439044 0.05289507728375946
82 0.07321344715020588 0.009547016227652796 0.051658610637686946 0.025312082250466918 0.06529090844901028 0.028731474845103213 0.026410202703717085 0.04488424137814264 0.061704810239991546 0.06034041161663018 0.0623644219316987 0.057948232827182526 0.001024383178322086 0.09391942395327248 0.047157269179029036 0.08010005104418426 0.07322019188025963 0.08745461836168816 0.005022379035242386 0.04469582311051319
83 0.05506700906624875 0.006894310428345641 0.04815559882342942 0.030978139793537172 0.08872753986948292 0.053087338129237584 0.04450385310440269 0.008863084499133981 0.05570969368677314 0.04170829194669859 0.03106554962686381 0.03800478332240405 0.07400623393421796 0.08355916132898669 0.007724804177286921 0.05632490206537057 0.05546763426452776 0.06856671941556912 0.07621245640425454 0.07537289611322856
84 0.07519292203120989 0.022783298860038857 0.01833536184457795 0.04715911040270743 0.08729044147199003 0.05271911845649134 0.0760643933706659 0.08155577283137308 0.06588562289398138 0.019858556754798442 0.08244436961345168 0.06366795591173642 0.02580309325770291 0.07337432170127357 0.08460286494727998 0.03017056301939325 0.02113455857483087 0.040349832376072245 0.02350459146237781 0.008103250218046941
85 0.09637388784113482 0.01602862767016233 0.054284202773257545 0.022271147364196407 0.004752367714833833 0.09145855626505038 0.05575942324542326 0.014576955252340594 0.004523798821310615 0.016789400562948163 0.08831434728561814 0.08000632873423087 0.027975775945535544 0.08496175431252022 0.044518506701579884 0.03653242264376263 0.07892078216706654 0.08660604189688391 0.014272150897803036 0.08107352190434136
86 0.020990432943134293 0.07397312586960253 0.012784990275538992 0.0692763014659883 0.03939447128688828 0.076138064589142 0.06092254555727343 0.09013219427977238 0.04709584551217771 0.02099053814504041 0.017868269037205273 0.04370359362317745 0.08670219240457284 0.09079691048343091 0.0256484094031027 0.035098779001414754 0.06931689712003608 0.03549656887192588 0.00826275604352319 0.07540711408705254
87 0.10845553553041686 0.07509871890489768 0.06411670073675291 0.057735173737893344 0.014338596652846695 0.05836874053577117 0.05975198432327382 0.02857778508163039 0.01634525301911617 0.0729421304050786 0.07899566006144243 0.02793005394946028 0.07892350329637755 0.06833946212243233 0.038771151356076464 0.005011990211954047 0.05733830431940018 0.03599942678932964 0.011001972841884476 0.0419578561239649
88 0.03532127471163718 0.03208201073180197 0.03378500818389684 0.0633761085419265 0.11979488213536799 0.01022743064023573 0.029292003155386732 0.0261405784497672 0.011087986398889135 0.03407366373187921 0.03094533449653696 0.08725349137843104 0.11159823107072396 0.049579879597440486 0.09481297757329855 0.0397162228349734 0.027062287637838415 0.034193780497881694 0.11134776077483967 0.0183090874572474
89 0.018980194373740204 0.033718500254811865 0.09124872671296337 0.05601407867906055 0.0793236900769623 0.06401319672099705 0.10062637671158363 0.01674560566740847 0.04590287865213046 0.03389218447447897 0.022636308620536283 0.010285219301393898 0.08901671124226397 0.0017299150418281864 0.0158389391244578 0.043252077574735835 0.10593121376035448 0.06160765633247659 0.10353466764660264 0.005701859031213555
90 0.08613532666577439 0.006709917964826037 0.016499315527945882 0.10823563741798391 0.08791467863362615 0.028323437445047655 0.029909101145621907 0.035003075365852857 0.013812620513195819 0.0846758156367773 0.025240409147927485 0.008455841503126721 0.054892321118341476 0.10597893109637631 0.05110825569069477 0.05719692427471735 0.030244097399276516 0.04175556341136926 0.09891950187578556 0.028989228165732808
91 0.004700545699853438 0.04160089642667481 0.031086517581203902 0.07142822034922162 0.06741015264783978 0.03402686367677416 0.058746982392846064 0.05766212688886756 0.02002119868189908 0.05582839883725434 0.017696836392569013 0.0652823869798375 0.060896545451151245 0.06863275875664812 0.08005744497479729 0.06324991511935608 0.012984321813125484 0.07679907541357708 0.030430677492635352 0.08145813442386811
92 0.02326694406697174 0.03919347013282192 0.04901495537790357 0.029888360045602573 0.06860519931695475 0.08518004610376656 0.054831402403858295 0.06683517867347076 0.01102507396562391 0.08678555823966014 0.049652504009236015 0.08005266187011861 0.003412605588668878 0.036823291810445705 0.08865718346022713 0.05600985323272969 0.05938429391617075 0.00976281137130881 0.08005648813404867 0.021562118280411692
93 0.09484520607046475 0.10128204702725936 0.05242044025106869 0.011445990827419218 0.09807902391403289 0.02082295494510915 0.056642309623501856 0.02061947981398942 0.09569834276956338 0.018800929825576376 0.031326131931233486 0.04292092038409256 0.04130789215594115 0.025365010391398508 0.02658510525383076 0.10008969800808602 0.054574242824241156 0.019739608389906103 0.07691274726396212 0.01052191832932322
94 0.04621604097263039 0.06885888403249565 0.10577693588655933 0.03582115574432072 0.06310173065830436 0.04600085008923374 0.05322398224115139 0.048977945992353444 0.025896564743186076 0.037748049907638304 0.0048255589790347185 0.0711586710969594 0.05405181376566559 0.03742556373437418 0.0687224648709866 0.11226896132276858 0.05472648053953051 0.010545886174721103 0.05202859905180047 0.002623860196285251
95 0.05559320338922217 0.04502960674918347 0.05330233949239288 0.007827316462179372 0.04073682725804717 0.049493021860606334 0.043211736670623745 0.0677610015897944 0.06914127410995748 0.05148709148758807 0.05419370391706344 0.04544316350620526 0.03794523590581365 0.06462716112309429 0.06050841392049337 0.06775299120082849 0.07525611803761716 0.04081562761825233 0.03462205805100933 0.035252107650027543
96 0.018957261266619282 0.09371336649189368 0.050985898823751735 0.011187252628487309 0.030176896198158564 0.019019760179429038 0.09688186493319785 0.07951443882294336 0.043733084994242305 0.018367881862448702 0.05854574336434397 0.06482056100695373 0.07413928073790872 0.07113928756886655 0.009773909026358165 0.0029599053311570043 0.013144688332273136 0.05523242344906512 0.10161242375753454 0.08609407122436724
