0 0.0870769078812798 0.0619322670813219 0.027377015734037256 0.03843433335731663 0.049930169678524525 0.0540499307711578 0.0052909132012870196 0.08369720364816917 0.012843531273400561 0.07467908617650154 0.07784686026736731 0.024601978323773446 0.07937521994113629 0.06293739128841826 0.0348357943537818 0.06986053970054815 0.013282967365646086 0.07907863626182053 0.05155490187565347 0.011314351818858578
1 0.032535036595772664 0.0431164330045972 0.05538933874063182 0.07127360220382574 0.05892703906449849 0.07467083937053455 0.013643369603188264 0.08939345839573169 0.06503752703958453 0.03256451530176974 0.0863998662016774 0.016149502435089714 0.017238653561113003 0.04303122345639067 0.002575767627229222 0.06893054305529146 0.0679777661172745 0.03947389152672725 0.04319666915809723 0.078474957540975
2 0.07629563202001441 0.030644102098498747 0.09457439999933263 0.08045964291896252 0.07061319004801699 0.009146296739150689 0.011281622533674145 0.07006217008170246 0.04261669752018081 0.01068967100547285 0.00041503402373248033 0.000939775604390068 0.011208258916387295 0.08762377619596386 0.10404304543034029 0.024573910498103445 0.08644336105614944 0.1006118337730872 0.048162512637401816 0.039595066899437925
3 0.08478089661508724 0.054690428230003314 0.028929545830030705 0.07633309588869258 0.02450288836270952 0.010859586027989605 0.09524119931477294 0.02939395500033882 0.019183697201450786 0.0689969592828794 0.07825071993549065 0.07361845577028346 0.020748492411035106 0.028845556998722665 0.006180120556995988 0.053305981536023006 0.06971179528067266 6.434473001621435e-05 0.09616451573264342 0.08019776529416198
4 0.06248352688647482 0.08747104617749209 0.050011016132900134 0.03164774428573694 0.08871882329714417 0.10561203006437807 0.006287661170111082 0.02789138805675704 0.020751737920779487 0.04248323276833444 0.018907776761928084 0.010976632337762176 0.07191537305577389 0.01339327485710132 0.028692274648903997 0.0805947109684213 0.05508112279543305 0.09361320122908703 0.04187676466360479 0.06159066192187615
5 0.00950073986175505 0.0008620586615423261 0.061396320887421765 0.05734941641407546 0.06522317354826845 0.08605125550366195 0.06476353736040896 0.079588935208034 0.010199723315928113 0.057016100802859807 0.01456486853644415 0.013525653334096568 0.05607374380998652 0.05223265311168938 0.06301463591633545 0.06589143204395208 0.004651496027723155 0.10334259932510172 0.09617073948325046 0.038580916847464786
6 0.025994879297360534 0.045427433549981806 0.019671656707686332 0.021099767738884875 0.09189967873827459 0.08416126024552566 0.09531956801442223 0.0018973141889180316 0.07678791466197757 0.061898235193992554 0.040180280168058954 0.004271956376301696 0.025560473495927494 0.05947636937471467 0.0970982827557261 0.09124055588221214 0.038074334846614856 0.05652552243797913 0.023035156464800078 0.04037935986064061
7 0.01669211993516637 0.011952808828203994 0.08898280676848296 0.054468150458600526 0.08855247364756168 0.04977407518972064 0.06264376990572158 0.08917174130976578 0.0287151357997545 0.007784567307218818 0.06795812026788971 0.05654406719057724 0.038177326587961996 0.044592405546484574 0.056620266817993925 0.04730954847957204 0.08767592975228408 0.021320107126913432 0.035989842043597446 0.04507473703652883
8 0.014557087818648192 0.005147829642889651 0.04731408023316706 0.08877833108055797 0.015611788747459929 0.012653384865427199 0.049220057814649575 0.06259979382120798 0.018745501766770204 0.04826694178232263 0.03282667484397636 0.11024139194813738 0.06862593180975156 0.0296622259052428 0.1009852090904894 0.08682416132853746 0.06658532343071759 0.03010932301432341 0.020485045095601947 0.09075991596012173
9 0.04398768764610157 0.08669851552129668 0.027872911242442473 0.005441961632270401 0.032340148847538254 0.016929423015763674 0.004751601069342712 0.018379376928781804 0.08194175655109079 0.0482130022207299 0.04179212106555176 0.061958491254630946 0.09619171442539184 0.09708949645953319 0.09480034529174129 0.04655486364530826 0.01791749489321703 0.08049726105472679 0.0945453417701874 0.002096485464353385
10 0.10503361883685691 0.04919599570358761 0.047810530053859365 0.03056890998469984 0.08964399843540762 0.014789168072396905 0.027451311646841104 0.004015068316795696 0.003840481968004811 0.07563852194656863 0.06875979889347468 0.09303587805486525 0.027043020125468224 0.05935768271324808 0.04809004405097421 0.01672300970428868 0.04915487587013195 0.04467412290858892 0.06290627383935164 0.08226768887458984
11 0.047541434716978706 0.002044135899380227 0.014052973400376948 0.06414922648169928 0.074027096983252 0.061783329150544075 0.0027106368316538528 0.08312619427815017 0.0056142816811700835 0.09308270612958178 0.10404425026269166 0.001214645057979642 0.007434410147204836 0.018043203812804623 0.07420649114090418 0.0885579306443279 0.05670327766996124 0.08557679412232082 0.03199562551108561 0.08409135607793221
12 0.0146980987850746 0.10192322947572825 0.032658558647044145 0.04005957601162744 0.04120937823007953 0.08408725943587182 0.018483935531353947 0.04124247212414408 0.004415460300951604 0.032906316505025714 0.0193572883107952 0.014185488701211002 0.006964525203457719 0.08351500557363645 0.016558632671654396 0.09985366453894408 0.10865957245717306 0.0856525095021876 0.10815408509131547 0.04541494290272406
13 0.03331730570645099 0.07683981049705797 0.07449137881568413 0.05631073499547395 0.07812756869117303 0.08214951192765506 0.05559512876092667 0.03440265515477265 0.01459190589301758 0.0752235125479613 0.07115316846390687 0.01951489364134157 0.08315598101294602 0.03687497553972675 0.017433171245552492 0.06005140837089777 0.02756417124993774 0.05907973132558595 0.03743172756108935 0.006691258598842089
14 0.07248858956526615 0.019883498270654672 0.04766826836875034 0.06541787129203193 0.04606914748419131 0.015911613218835063 0.03224663212143196 0.08261115045990616 0.016875118492252802 0.08418952136560842 0.046812486179139925 0.01858186739550538 0.08283028422379655 0.00740720258063735 0.07271705958161001 0.02793937140196135 0.08036594313768829 0.0817282742014773 0.01726379734403716 0.080992303315218
15 0.002637137467785356 0.05938787647029603 0.050531161273307895 0.049985368182216834 0.01327427555661264 0.0905305925073789 0.08624964648002068 0.07514352068624176 0.01367524976287318 0.022100723090569024 0.04327449192317888 0.05323133659980855 0.0651295849341534 0.06384920962895325 0.08326353357260823 0.07006272687047857 0.01929902389954044 0.013022480107783025 0.04842051594366758 0.07693154504252568
16 0.05544060636650862 0.04034240425905304 0.08658729131308367 0.08506094744682709 0.05451205015863857 0.05518465270661614 0.08760130546361009 0.010758560477936746 0.08878610122888922 0.055495718255851305 0.02784500870591937 0.0702232418460466 0.049736019833518094 0.0372020777699898 0.016570706064806356 0.03773408888859095 0.030802310482907415 0.01906574359790814 0.044057160339778495 0.04699400479352039
17 0.09398053193682399 0.07989453890824205 0.03973997534576109 0.04084629393960507 0.0010715966514030218 0.026238809632325843 0.042619433310280855 0.06997652575504615 0.026951406153389035 0.04565177854461793 0.029251907910373298 0.04703781818528492 0.05545789789181132 0.027905512751708123 0.04927170439207413 0.07368204598516327 0.07138039689971279 0.0665823743449312 0.0968114235482039 0.01564802791324204
18 0.04966560217019437 0.033658380319689096 0.03944713677818415 0.05903817631416623 0.05322367397806553 0.01986013193945007 0.09759637635292594 0.04500665272200613 0.08871330508630325 0.08331114642954432 0.04292910120443062 0.012262836526490547 0.023446400514568536 0.10510002319427975 0.07448483348540567 0.01165623148349395 0.021375106238313565 0.02656873940968469 0.07521206088347297 0.03744408496933068
19 0.03987967996701844 0.050803984157090386 0.02197390338351546 0.02257964517124779 0.026739133680316378 0.04107259966678712 0.005456000555478611 0.0736822527173945 0.08519903808410766 0.04760945164661146 0.08155113695532636 0.08698680072666419 0.05311358642111841 0.058606983959079866 0.06400838079761223 0.04165653558642481 0.010533416763385055 0.05245762977307045 0.04904617920386258 0.08704366078388849
20 0.09779891977485174 0.03747343878461408 0.08272262661871457 0.11996529152748928 0.019635531397507427 0.04807269930587526 0.02047864276259285 0.002998348000355741 0.12171001455114248 0.005975801760992407 0.018081374424477104 0.011851397572736318 0.04538515206142326 0.10199347744807576 0.0016982744301980571 0.025640854750183382 0.05781536031726204 0.03171317389794062 0.029461587678927415 0.11952803293464037
21 0.007580297843711807 0.01566550221489547 0.08563519408136155 0.013805122981707649 0.05506392939023846 0.08498095401651691 0.09698775758184303 0.09804206583428977 0.0017895313684347805 0.023415382887889708 0.10441147936068566 0.0533923763361237 0.05110308460490579 0.0005745744443337379 0.05395070947028244 0.0029860006545961416 0.09525971869024567 0.0727194830690521 0.04987509298364473 0.03276174218524098
22 0.06008144465101487 0.027119326991121805 0.0028297394721059402 0.0034473423334046905 0.08061331080034129 0.09502463054263428 0.08456381282103442 0.06303813221461597 0.09402854768671852 0.0771910578578903 0.05924871799073004 0.006690731754214341 0.021524457260571162 0.011384597283574464 0.033422371246673445 0.09572708512537163 0.03457911718792948 0.08291445686457745 0.0020061231125457833 0.06456499680293011
23 0.0428965963933218 0.0684628374247117 0.06084585433841934 0.034761508786485755 0.06342324514892511 0.045717774551507155 0.014304240896792546 0.006966124866351981 0.010631055849581633 0.08779564456274663 0.08391846495686037 0.024605401269326057 0.05340733887982556 0.014799326280215297 0.0759518896224932 0.0720882105026332 0.06111242953736321 0.08843570475472635 0.03185133273808176 0.058025018639631415
24 0.08978120496649271 0.06400442970178785 0.06388023898503395 0.026440183751676474 0.014110557612000968 0.09795344834484539 0.09740215464107788 0.01896931460706258 0.004353644471300686 0.09050958776276813 0.032522790414406304 0.0010473468170123456 0.008649743886862751 0.0955817830154365 0.025490321772219736 0.08718229889278006 0.06484410473831838 0.06301048612367771 0.05415344451670933 0.0001129149785302309
25 0.05029823123194605 0.08000703438083587 0.05775147243698451 0.03957990953510081 0.04628213065496458 0.025017404250236047 0.05072792651427024 0.021575808446846242 0.03236502513158321 0.048508262557633644 0.030068942781087467 0.03865261550693574 0.020324220178932834 0.05255873968873968 0.028170868267787495 0.08742293551486612 0.1014122080202469 0.006605749134517734 0.11041807377660087 0.07225244198988408
26 0.021613492471111936 0.06391996086718087 0.04787407145615299 0.027836810769206608 0.014079363750659034 0.05884930496481558 0.06934392268709935 0.01719133130618213 0.0749699317030936 0.057479453237705515 0.049723936526568376 0.06536244459149831 0.01453220916653856 0.0925533234692107 0.029099307074294128 0.02291512129887127 0.07585604320056591 0.08028473984259711 0.0224309361032652 0.09408429551338261
27 0.014204131259336642 0.004630866715743529 0.06932513526777656 0.0794988817110826 0.07954490297946205 0.05734197924868915 0.04936544704171354 0.021706919746922262 0.09459368051120078 0.08044365507781943 0.010637397780838076 0.027803223900014554 0.08970186782084719 0.07569437954509427 0.011300026165317617 0.006191601716656149 0.08199097050757917 0.050451614806884836 0.023627737317015708 0.07194558088000597
28 0.06755581314779349 0.055427989507838706 0.0076266440204495415 0.013241331320123048 0.01516441913644018 0.02517843505402251 0.0932028556764416 0.03788808672003295 0.08795941312261177 0.010718489078054417 0.010712510701703917 0.07821746049097325 0.04223572343386269 0.06779998863825061 0.04662843578383673 0.05675410439359122 0.05220625850966274 0.06120538944605251 0.0851867751776455 0.08508987664061247
29 0.006743818217627671 0.0756721914825571 0.07069529991755714 0.020599697510420352 0.029453469809070952 0.03868435803853746 0.019751467987229647 0.07337445930142893 0.024418577819372258 0.07828604365259463 0.09708299556289883 0.04856504051716058 0.08706581664827653 0.008264271601663431 0.01878903516551241 0.006486628664372406 0.077735798629689 0.04389479013611065 0.08461269205158846 0.08982354728633163
30 0.03435518874179291 0.013950442552491168 0.006954623750909722 0.07182890166058978 0.03701194123051768 0.08330187051070502 0.0356507745898788 0.05030672956432568 0.046516670495873644 0.08850220804290615 0.020230508268663353 0.08447129148156138 0.07458869315335523 0.07323313221707081 0.059819855801745495 0.062048240406789565 0.06475661505510294 0.026432477685353922 0.025892776898923747 0.040147057891442836
31 0.0593940096758371 0.02342543525898937 0.07554590429594944 0.06815237824063027 0.03429731900375261 0.06938887384057271 0.0072449756055294814 0.06716003515182024 0.005206631873189855 0.017947464005641425 0.00537287062653916 0.07914400761467087 0.04397095761215865 0.030397953678219878 0.07224373613173618 0.07062231889081623 0.06633584473907261 0.0668314239666131 0.09028875632847168 0.047029103459789286
32 0.051008937078808846 0.006393902789595697 0.09179781217179586 0.007002512219661853 0.021188518947233052 0.0778588019486927 0.03466020843973914 0.008139662789927884 0.07507664067678751 0.06914345835938183 0.014263029840528005 0.07640384394433634 0.040239707822020326 0.09793884111916654 0.0765747322780663 0.031239007025448896 0.08912769642103331 0.009729922986376158 0.042838160859927726 0.07937460228147221
33 0.009009347129812306 0.014093095666580447 0.05994032288418583 0.07335129208829226 0.0033361380377077763 0.05908518762696723 0.066281152699326 0.0735528674200511 0.08805252103121786 0.04264584946217272 0.06686784796221412 0.020424546103742267 0.054363640830226295 0.08345404896582158 0.04922562918837732 0.02948607142890093 0.04185082776478394 0.0522196088273048 0.08537994900972266 0.027380055872592523
34 0.006637783516643081 0.01585197055062329 0.0823734000207101 0.0760294162617622 0.039977692448445866 0.047700890265355886 0.00531330492131334 0.029369148382580423 0.042423817557981316 0.07339711725818768 0.019486218600837858 0.09393903166563305 0.00736752854085859 0.08975626222387485 0.056225913784728285 0.10213012515461437 0.05319075079656326 0.005576027759472613 0.05395606541816455 0.09929753487164925
35 0.11298535199408977 0.07562395249021307 0.0743744381239889 0.0015740264443495253 0.015050247685545953 0.013632915333866165 0.0767194433974808 0.08826642559990888 0.00625571819784097 0.03718851906412556 0.03653000603078236 0.05704807635123106 0.07165105105287413 0.01052320543743598 0.0002840415533592256 0.07753677310295519 0.021668629472376078 0.11654982226765778 0.07103223053595772 0.0355051258639608
36 0.028044518318824343 0.004512335104159339 0.08813240953570081 0.03177608211949914 0.023680862495633274 0.09367700178376527 0.045698388851890225 0.0914661908741193 0.015495082573534475 0.0766911886904649 0.09634871240225461 0.027072865075428883 0.0180906366799288 0.059705848636402103 0.08111398481775721 0.09316484094413473 0.007416269841068405 0.014915438096464714 0.052767829790498016 0.05022951336847168
37 0.0965743898100845 0.07629374289128033 0.012501954436247988 0.027030731654125346 0.044898926089709246 0.05369433505184021 0.021371631247100672 0.009478924834706966 0.08887505745382741 0.05657478705542159 0.0774706882917102 0.027200383267457565 0.08184772068526854 0.07251056766861483 0.044274016831303546 0.01746640825223984 0.003910131576188337 0.053701551744248385 0.08551901000897104 0.04880504114965327
38 0.09346512997771174 0.06428129343183214 0.060495480675285804 0.001120337271245796 0.09688937322226765 0.013836123886017388 0.09273775776219334 0.011639764839254507 0.07304566782156792 0.013695303861953336 0.08316731247440319 0.02499415838620758 0.11846594431677115 0.019878267616240407 0.025358653764072335 0.028449312941103515 0.017231508401096666 0.13107953119198237 0.014032874538494453 0.016136203620298783
39 0.07622433893962681 0.051244693561222514 0.0446917778333764 0.08908418587167835 0.07608174364968902 0.002188603533717992 0.0413844694762609 0.09203189148464547 0.08699878322518473 0.018634363233999425 0.0321013878948315 0.02467329242089094 0.021313465852109543 0.015876512978688716 0.0010096097574934873 0.08937933452108157 0.043426790889733446 0.09716255144510448 0.07159764503112247 0.024894558399542088
40 0.027575001192549263 0.08840415110881705 0.03420025755303855 0.03354161480522409 0.09567216252280548 0.08652193061805633 0.021804836217660578 0.056716218569488025 0.0656817484213422 0.005303123827339034 0.012447515304206897 0.08874576750391573 0.07249632311486574 0.07549249294910812 0.01888874567383552 0.08612200265009917 0.00021423977822016953 0.040056097610194 0.07846184079348086 0.011653929785753522
41 0.0658593614586758 0.07074874839698422 0.007727641920810744 0.042867241487808745 0.04090850801893444 0.03633903180020091 0.07936542702968533 0.04024696390519932 0.026366226246902817 0.0637052210924601 0.07196560115281171 0.0761414637774513 0.008390901395460764 0.0475919488223202 0.041748525774967495 0.05826923777967475 0.02760044550045154 0.07403383264695289 0.05975606500771689 0.06036760678452999
42 0.08650475063434869 0.07303801577474305 0.06639834132870645 0.07630744468977001 0.025520478049720175 0.05015465811652019 0.036545176206821114 0.022114968394109046 0.07192927118357259 0.04229571981668393 0.06064342926913869 0.054595088746604535 0.04310675920502049 0.07129122940799676 0.07266838396910898 0.05100363756290325 0.01605682994151389 0.04494636305939198 0.006990442571880332 0.027889012071445687
43 0.09013324934947774 0.013648414442828972 0.03005237855404686 0.07658485359272069 0.018345717809401262 0.03582497232140191 0.07390281005912937 0.040905606420514974 0.053388795538640885 0.0617933207489862 0.032609449622599325 0.05769324198259525 0.05014024854840797 0.09407657591636649 0.020445697400772785 0.060915943953824075 0.06982513459230015 0.029258252571307784 0.04852777047541641 0.04192756609926105
44 0.032640408619106165 0.07249001780895571 0.1298145005358836 0.019766157940039802 0.0206792435461375 0.06827676125362239 0.04361829019717708 0.08986262942062763 0.003948252401536628 0.047445743723075126 0.014605855806432285 0.02852108487613355 0.09089053158502908 0.008440187815257426 0.04184566458206937 0.06528572860355615 0.019410780204108264 0.012248961184682338 0.13468439689371148 0.05552480300285857
45 0.010236806848714832 0.08180828614771432 0.017853854242288924 0.03544410258222153 0.007741805841183669 0.03685910762004674 0.09622066776151453 0.06779237394810511 0.05257375574074459 0.0879728768009162 0.05705609890912873 0.09410197933144498 0.013033090970392663 0.022205168603468047 0.08356121951478966 0.016026612170528625 0.05665124344268378 0.0918932240343296 0.029887588132835253 0.04108013735694824
46 0.04800065966211127 0.0389647716337668 0.021917665920523306 0.07557000104224133 0.0425685663042878 0.08568017161636621 0.10291029401928584 0.029144529768329833 0.010308801994680839 0.027820732296867826 0.03650465260222473 0.03729156529481465 0.018091965817715897 0.001439884461966167 0.10380697385829872 0.021001424395189157 0.046787415887402754 0.10051898572457163 0.05989996293111197 0.09177097476824327
47 0.06400351508223534 0.056954368821566514 0.07257888972488885 0.00894096930239324 0.0516107734380452 0.053049137248525495 0.026909259390892004 0.022138667706902183 0.08577323604583541 0.0320653257854885 0.07184597142273227 0.05575817087766574 0.07302117045366163 0.04376518533269076 0.05541119575809566 0.0511227373020905 0.0035950495736936173 0.05287013800767074 0.06291290126034887 0.055673337464577526
48 0.009881894009516185 0.08490564912982461 0.0776677310961512 0.047106760611477685 0.032069868218070174 0.062227960137154856 0.08647956020557632 0.0369321979249914 0.06903204157348647 0.03175007856095824 0.06195566898257085 0.07013230261908278 0.04192248358963022 0.09075786228810567 0.04731904590353718 0.05896403168021607 0.028471868986515096 0.028228949739502383 0.021700608163918646 0.012493436579714166
49 0.034321991510727186 0.08525048108694966 0.05786334824502622 0.04884841445141267 0.05769401561501388 0.018363478566303642 0.10143848044058983 0.09675372367859367 0.032210086670411295 0.032244684232264106 0.0426353180393608 0.015383384288742447 0.019411720289874472 0.02237443132253162 0.0732773096084887 0.005896408821170083 0.05311315189260374 0.09797256506545125 0.09047894065454876 0.014468065519935762
50 0.021165082765249598 0.003304917633386856 0.10210368736026032 0.02454620374660541 0.0707516511128719 0.10194049506907837 0.051735728691869126 0.0782782701253014 0.03394677823688379 0.017113619985765407 0.048460692928592716 0.09481735701186614 0.03472231585950736 0.051297827410997136 0.043961178075924014 0.101543908386213 0.009637819593998523 0.07330254224827001 0.03334692956258947 0.0040229941947693415
51 0.049479910106817064 0.04362974935943371 0.032242750658608293 0.04100593799314669 0.01844534022152035 0.09076295777118658 0.05566566300877458 0.030669777076558748 0.02339901807440922 0.023219210461419698 0.054382022154288875 0.0608789651166732 0.012433022297591401 0.08366330830956628 0.054121095443065134 0.07434522967724684 0.07602171727902898 0.0893452741052768 0.050851200172786236 0.035437850712601304
52 0.10841555096432277 0.009170835902889881 0.06449823581979519 0.0036940160764009173 0.04613983014202042 0.07510627842442008 0.06059036868210181 0.004709331920954003 0.11069272687932448 0.14613360272109488 0.08047697397402698 0.002309038603248194 0.01378744601402553 0.008964843763898219 0.020898831291870996 0.006056230283291959 0.14019998108221096 0.049681640487650634 0.010985763342134981 0.03748847362431686
53 0.047246387014419404 0.054528126308338934 0.030719013994545047 0.06433779747081424 0.0936583317539184 0.009904887146183327 0.07826348583356406 0.08059765798453229 0.029176656752487394 0.03627035601542432 0.009317299213642842 0.04500844295108083 0.0919828140902701 0.07566260327132447 0.014264592694106338 0.032769909269204256 0.0963090158733076 0.054700042002732346 0.006533542077867051 0.0487490382822366
54 0.08443856184568024 0.05193972243635116 0.03892796915244982 0.01679761362333192 0.05558445975081718 0.07730904018451754 0.0033645323348058167 0.08343582006650228 0.05940535341435002 0.04961738535251262 0.08016132482500496 0.032010024792632166 0.08327463582417237 0.031606956782406125 0.08892683388185434 0.014527863693985803 0.03268478977740547 0.053981771309386896 0.042858079664965146 0.019147261286868136
55 0.005545435893860667 0.015594724899083928 0.012637720235904091 0.04634513913299073 0.03094927034664747 0.057354015281211604 0.0037886670717133283 0.018846816055054172 0.04476872335597906 0.0838837375291969 0.046120774242959316 0.09944234670167315 0.06772150647284325 0.057397508139292557 0.08921622754077892 0.010579631657762977 0.07955679625249502 0.0739961135878613 0.09132914269409705 0.06492570290859458
56 0.015334980187554744 0.0027073665102051525 0.029510146047933044 0.04513511109404454 0.09253760409122956 0.02508182791091881 0.08764344441554406 0.02406464682793058 0.04435984105953382 0.0930952130990956 0.041830287400366255 0.0933212105343785 0.013038548646714271 0.047129816535546286 0.07428232891448275 0.0005963849770627135 0.05214531029551918 0.09105742549434015 0.06436206117079929 0.06276644478680103
57 0.021166537032592164 0.07073527293747228 0.07270972603696872 0.001137547190330164 0.01500704360419654 0.06725936237591565 0.05835241068795259 0.02652795698514075 0.025667617965993143 0.021780668424525102 0.11407343147970778 0.020654763319210127 0.07826704511637046 0.1061203177464863 0.06696343749108674 0.005543923023865395 0.0642074989977201 0.10915860394193712 0.010824025971946873 0.04384280967058213
58 0.05241739389194796 0.11376852424242524 0.10988183433874875 0.03238422797771423 0.02561375180362616 0.0003007826994710952 0.05722950570461952 0.1068337577859302 0.035009209956819214 0.052656235978462744 0.024699554616705633 0.005879044671172322 0.012651255569752086 0.06864207834272752 0.051908650697209076 0.007371978706401611 0.12132068469869019 0.00301072828474392 0.114630084596055 0.0037907154367773717
59 0.060037296524242674 0.047649457334717094 0.08110158400091408 0.04118998117147466 0.05305440590679196 0.046481600515756165 0.03706600600670806 0.02054455526706473 0.08836252307394798 0.0010673692411399891 0.0019551018607734997 0.07264507532295378 0.10091933170650741 0.05200891400577159 0.017426393984604598 0.08206903382532285 0.027011852583680235 0.07297458805827742 0.017604360788887163 0.07883056882046408
60 0.01937161861889188 0.06783273027292314 0.004647449582539287 0.07990025819425704 0.048200837442520225 0.07709263016675276 0.04495439128580791 0.09301359819908968 0.020576794408004268 0.024074844867477414 0.049564898165295294 0.06874588195017287 0.05739966201063411 0.06284890078027633 0.02150681877232536 0.054428440928177786 0.014911969861825775 0.013816038041269404 0.10195056060811838 0.07516167584364097
61 0.08472019674820266 0.08652097775944023 0.05992500306623208 0.035750026438945495 0.07646771740282014 0.012523706094798097 0.02075617938635055 0.07762371286029326 0.05077619406249188 0.009556289265961616 0.06608406404349375 0.0561412131888411 0.05683242685139855 0.014498418822765282 0.042149712685294834 0.07329725637553941 0.07309194111096429 0.006505677272249941 0.05112126179416449 0.04565802476975235
62 0.07998653083784092 0.031226820757083853 0.05171991886991212 0.08875801765831841 0.009704295060023165 0.009031097171827509 0.0048913533855978325 0.08018564375350683 0.05830562320349716 0.06806451876768664 0.04132481079703142 0.09108772564985802 0.0377269342102523 0.07746363292731877 0.0538109479420194 0.07932807618932079 0.010825145980898251 0.03808495965531698 0.01867765388566562 0.06979629329702397
63 0.054022564675640414 0.04947176873339494 0.05173040569522467 0.04491100406662673 0.040654285694940354 0.0780264925012791 0.015609889172032418 0.07209505632247873 0.006408054768574714 0.05966547919045342 0.05964983086493183 0.0854279546808949 2.1723050765430256e-05 0.07049392827751488 0.07530150197145151 0.07754153125267786 0.02276280370126895 0.032093464360761256 0.08614041071531571 0.017971850303772272
64 0.030567835259583884 0.049936512660484905 0.013782852697504372 0.09514016780918054 0.023145912385536732 0.039901486478980716 0.012228198208058146 0.07881897221973262 0.09153406567240732 0.09089058935310279 0.09319443663626693 0.03512320477369823 0.008031285185825309 0.013522721384342757 0.04874780769167018 0.02475157474194101 0.08685272775625258 0.09646969942905695 0.03841967242059195 0.028940277235782214
65 0.056724160081338855 0.05428049218780058 0.10845045397676809 0.012176130973572853 0.06201780358905693 0.027385734458312497 0.006460856628634848 0.0457002668691655 0.001591317744129081 0.07123169345053772 0.07547211148820564 0.08254975544447325 0.05554816778524202 0.09334440856161637 0.10938000449987503 0.0360617178516162 0.01773864387584811 0.014492385824023667 0.05548969570462092 0.013904199005161882
66 0.06541188099283882 0.001997227984661098 0.009287451734812012 0.07974968138038081 0.05061687886153911 0.10206671446691187 0.10829941957890733 0.012289708394013906 0.04303828129062832 0.043778278597658996 0.008493780046485891 0.04847609721319246 0.03235978568283974 0.06250450479814118 0.05271700640490664 0.09676140756513753 0.012419768051679013 0.02841605318676693 0.05368315043420777 0.08763292333429078
67 0.036920237808452966 0.030184465250584346 0.03086720468633516 0.006695530778470299 0.03693011392913501 0.03327977008648374 0.11137122331578983 0.09117150663504792 0.04824941502639397 0.037968115308846 0.08100851706915087 0.008225560781941565 0.08293512578140916 0.016442423457979534 0.03658164885117814 0.056204885964535996 0.04471120879741195 0.007053267216743897 0.11755743450860245 0.08564234474550707
68 0.09072555983741737 0.011351515193725485 0.0848330732650154 0.03638341269206473 0.06573088718555196 0.06376092782983127 0.04167826840399791 0.019394447673867873 0.022441389793841967 0.0680664206008449 0.003486631878619128 0.04918893407107354 0.07957231900892868 0.07520262084466786 0.012310271208167026 0.015810340951162637 0.06957127792033524 0.04581348047315635 0.08441779270291143 0.06026042846481919
69 0.11113025650895905 0.0571134889592856 0.0568848752597759 0.10447851824986155 0.026984935021150243 0.0037855701519794397 0.009925029470000492 0.06827718102606349 0.1072524994718004 0.006975959238230594 0.06807264555704046 0.05245120441234661 0.10710883265511091 0.0569406274585129 0.00822003704671411 0.03063192914131726 0.01933719655475327 0.023659781572902838 0.07884089234099838 0.0019285399031965095
70 0.05985930299161167 0.08199731605801598 0.08601300089051195 0.039443365171201734 0.07395567660456324 0.02813850860690043 0.013627344322209106 0.00011044169495198567 0.035206952322180025 0.08328645701844117 0.05836680789303553 0.005796840868327331 0.026116732124398703 0.011752232402717442 0.09771881134771465 0.048015324846611834 0.06956193087434225 0.05618181196840295 0.025447918698264925 0.09940322329559695
71 0.050496860405357245 0.09210700419029372 0.03128632214151815 0.018129278908706595 0.05465764093739879 0.006411596283397548 0.034657105525868426 0.10417929604590903 0.10565913043479801 0.027995616287445683 0.030639431193478353 0.04604671342493771 0.04431075724956253 0.027382107994062994 0.07383770985566078 0.019162301835376736 0.0683587674778121 0.004263877135745321 0.07905357274376831 0.08136490992890195
72 0.023573795649660292 0.06295853912616237 0.037389676851350966 0.07447051586991556 0.017361046566124277 0.0405909937698189 0.05666756343788664 0.04445497235646961 0.014853650720697706 0.03434755233346777 0.10169783531234353 0.09403251347337828 0.013170263852014927 0.016639237890734328 0.009056495889215655 0.08616105755919251 0.09002682927058887 0.05099018348783226 0.026759412887548368 0.10479786369559704
73 0.025965652019455044 0.04181954985659492 0.06459039056242745 0.0323093636218093 0.009984715566838866 0.06677929138296095 0.010639609188949623 0.033971956832077876 0.04209072452423401 0.06987705466982934 0.06349323367392222 0.03893947989217507 0.11251053884312559 0.051310500691125326 0.019804599731565693 0.06157183821033236 0.10493236526645872 0.00029200073424909387 0.08985107319733458 0.0592660615345342
74 0.017594674459869643 0.021864619227974804 0.09795097316582642 0.03638802684844786 0.026468033637740123 0.06177127394206396 0.025561869828668975 0.07177565227286975 0.0598448350989472 0.05565832790906329 0.07146674662363095 0.023455365046398315 0.05328924248945203 0.002511903827147684 0.05122799234317071 0.09077878180042029 0.086066527082696 0.0436167516532433 0.08815149148633593 0.014556911256032826
75 0.07962745856973451 0.005221252575887723 0.05298586191362755 0.07528252498047451 0.10589372011428975 0.05719991485598604 0.0031002227578706236 0.0537862211825189 0.026090521130974743 0.0693097447120678 0.01775488595954771 0.09150353357047158 0.044538473948032134 0.055950021594990296 0.09724619076563044 0.005990891218417929 0.04449726930293136 0.054076714999402975 0.034261457469934586 0.025683118377208807
76 0.07557323016111284 0.0018583506783318646 0.023693067271420596 0.04870369450239464 0.04797147864552927 0.10314842268479038 0.06197270572232943 0.028512742944643597 0.03415226501739621 0.005832713754977006 0.09305349722956711 0.0014654223427657024 0.016399830208135874 0.09830347633263738 0.049733341301878925 0.08910514434079085 0.03690134493557938 0.09642247859039518 0.07846230078460716 0.008734492550716946
77 0.055440894724134875 0.027618489538712133 0.059630251959784414 0.059472856941976515 0.0456717897489758 0.010459188954951714 0.10061467462918798 0.021773119512206247 0.012962099121448052 0.08429572800404349 0.08195254977342116 0.0040140137853317895 0.07797446022069209 0.03898979735516003 0.017562520580230324 0.08577149055753702 0.05920146056758769 0.00573952161260755 0.08746656644761108 0.06338852596440006
78 0.07829914988584843 0.03914508010795205 0.0318957651647078 0.06386892060819448 0.08349246244877244 0.01767092246345235 0.050880202948840915 0.02503839337255233 0.08864337172353101 0.010056929380250367 0.019685563486925857 0.08418909623801135 0.05922634115593221 0.03578336031405606 0.00881399039607958 0.06640203603647359 0.05141306140857873 0.030393717705187066 0.08706119314100258 0.06804044201365081
79 0.05895616600642872 0.009079038615082833 0.01687174501792057 0.011118167791061583 0.09562361423065054 0.056811775280506974 0.07963097633537526 0.062367688609153 0.03650854394355178 0.07058642200141853 0.03958019494638166 0.08687279053560595 0.013359498190435483 0.014541974093611326 0.0471460231356586 0.08281896083868173 0.09920917949835839 0.08268122499868087 0.009524305813319681 0.02671171011811646
80 0.026182294695553655 0.047208078346964055 0.0359145785035924 0.046197858976191254 0.07266438406685001 0.07780203911272535 0.03433884096612009 0.07452073272444418 0.08135860275663653 0.04760254156790806 0.04176120391805067 0.060241650687686735 0.012666769033440701 0.004370347586868157 0.04376278845975092 0.05604367036621795 0.08081441790000213 0.06021077316485366 0.0632724646460261 0.03306596252011738
81 0.0957503692814171 0.0215611266374053 0.03481604836274952 0.003261079884168503 0.0876910719553606 0.0037351316821789106 0.022868392671464288 0.09631237830108846 0.09329137334792764 0.08532806375071038 0.08965896268172925 0.03478883298858286 0.03679736963195682 0.09537727145786203 0.06359721628954097 0.054200155038685104 0.023867941536777952 0.004468684606980621 0.011733381738469098 0.04089514815494435
82 0.06383449286363468 0.036898930977514496 0.09969706799890213 0.08181061610980074 0.030134918783770868 0.017237693838023694 0.009396791394105583 0.008966826974060139 0.09901565725203229 0.0035005244542367087 0.034719100323423534 0.06610758450786329 0.05768654997859185 0.07403387243226295 0.04832725241959144 0.01814477545169618 0.10538095299947417 0.03270871858459037 0.056986333514989045 0.05541133914143583
83 0.04028491149694863 0.07133248353948227 0.024005772125641867 0.02616062055637867 0.023271325502662435 0.0024567688228165994 0.09815667250665104 0.09671508827026115 0.10836884138288229 0.0033655564964540346 0.08117559730706272 0.10628141173352623 0.03979490308599675 0.004522886718563159 0.02143599387284119 0.023750715253143873 0.0629159074036138 0.09570616798977363 0.04438215114274508 0.025916224792554645
84 0.05376768727776196 0.026575406273434545 0.01715398836267732 0.026999694786228413 0.07177282016652582 0.060964973934662894 0.0675285881568574 0.05249710220361 0.0014767678063834697 0.0623625677049065 0.02793105091193533 0.07199696184223194 0.10766010330450093 0.03389561331648815 0.031278156039390236 0.033167615712469255 0.050445164437648224 0.0668031512161706 0.07969268421855102 0.05602990232756604
85 0.013537915568767708 0.08418008267221903 0.0551166998042045 0.08038997845430537 0.09594305961660428 0.026650903724270307 0.04843231483404201 0.006961271920742699 0.0008077839458972463 0.03764814653608683 0.027524940604456233 0.00449869168162512 0.08641969480802361 0.09376889836506842 0.06977091181915851 0.08884119696706862 0.028740975200564872 0.08555373820388806 0.06503846050244462 0.00017433477056199743
86 0.013725159352338917 0.09968493904009001 0.05678876252604768 0.04050327711752322 0.0035732732660791857 0.022623823052939793 0.07820635405295494 0.022536487171206612 0.08030159762612599 0.0885120597437537 0.04283030864629875 0.08511622866715783 0.09160698628165663 0.02519288618199338 0.09153883762400364 0.0010756158884650878 0.018284749930885993 0.0404827077851655 0.05304310512251484 0.04437284092279837
87 0.10261733682509439 0.08240363704420828 0.07706523606245652 0.02365202957500325 0.007701633007597817 0.04387556457584141 0.05469622786307162 0.01809745633646228 0.011660306415263328 0.07246049226466986 0.04410460899091405 0.10064265267239157 0.048360358599231504 0.04479963621380168 0.013850458591266136 0.04510095610768823 0.02265392061313801 0.05974923937055322 0.08101657539098 0.04549167348036664
88 0.026426499245909705 0.056270470286233776 0.07994769146052459 0.017302350515818587 0.017847340902461054 0.07073458384623572 0.0007849558486292685 0.030639363380274256 0.08519006832292834 0.0632853355778662 0.03342994965968561 0.06801367151819439 0.0056330745751944555 0.08104293763177456 0.07072626841050551 0.07966229006784348 0.018622523238156833 0.046376951140551556 0.06913695616223287 0.07892671820897933
89 0.06273587009050038 0.0786668722722945 0.03649824191271175 0.094405502960989 0.03822760861958585 0.026755987296308754 0.08486175539356829 0.08619789955394633 0.03500827984095835 0.05877039243523712 0.015690079012910575 0.07631839252251522 0.01176129697397321 0.01861938417566874 0.09212354286337035 0.03810003111976664 0.0014456277466865515 0.028862849257600753 0.0928438156731009 0.022106570278307026
90 0.06871161928223851 0.01132351325131097 0.06809236593050923 0.03363169378479609 0.052965959107174346 0.0207076558557642 0.07531594433272101 0.0751772462693995 0.05571503250060797 0.04072821008705135 0.04728127623353517 0.016935410313560214 0.05590800825291554 0.04941000389671325 0.0659482671152579 0.007327019356547048 0.07770589504775316 0.07594788321809433 0.03291002594424229 0.06825697021980774
91 0.08759754092048508 0.07946407160066006 0.043789558337151084 0.08940738750395825 0.03292997692605611 0.007269495237054395 0.07416706667422132 0.013280312887274258 0.05837674182494227 0.04364095701661901 0.011071325557480964 0.06851847338429863 0.0660699656674471 0.07302403838532864 0.00036144091847950733 0.05642358924644683 0.07637953584968436 0.02281766227674771 0.06464851250339067 0.030762347282273433
92 0.08373283155060811 0.02955052464910018 0.025688927544402305 0.10144792340484224 0.08969064389443732 0.00874636321235676 0.07617918744095156 0.09322067036202192 0.04174500603690346 0.029251727206107657 0.039839552320417665 0.0605398607275299 0.020004914271969525 0.03785160542586588 0.04895308923106476 0.053026546949436565 0.028428275475046113 0.08124210293905443 0.023457350267822048 0.027402897090061454
93 0.09664057579052021 0.019468936281556964 0.03140287325197616 0.02945048827778359 0.04906993909888408 0.07398424004627238 0.01862484947287555 0.023883967398511473 0.00667258963216105 0.07801906489462548 0.09005257079604626 0.0973087951432927 0.05926960506644957 0.0037633469820717337 0.025134416885563105 0.021171739762189567 0.09970555530337635 0.0047400983881635455 0.0740979201846829 0.09753842734299763
94 0.03950203145490333 0.058015051713157004 0.05329633513305151 0.08587472462756882 0.03551231916459911 0.05802423762675743 0.05789981467571696 0.015387609138050188 0.023109931123852706 0.05808374703310011 0.04070767603871101 0.045731664533878655 0.07464220088107074 0.019018624898457667 0.05881063185845767 0.0704708747802076 0.07779242378927863 0.008775513698512104 0.07646245039787707 0.04288213743279169
95 0.012208041324516705 0.01573163741292524 0.03529415218952329 0.056106317166837394 0.09181425905725821 0.048509378157311434 0.06231144520004695 0.07281383992516381 0.07219933694923965 0.06825951399201866 0.012150565901593772 0.08544402187315461 0.09388521777378131 0.01363036760900905 0.023733996358600053 0.001992605761837633 0.09589791981243155 0.03517747984394227 0.027533010426199413 0.07530689326460915
96 0.07568778581784194 0.06504130734595721 0.0073276554520284925 0.057250075384522044 0.034179956671068754 0.06676816205618058 0.07200822966188042 0.0019493145301354914 0.0534190016539975 0.01117291211559709 0.07136585901682234 0.04747047624538012 0.041279765771367154 0.04600997137627467 0.01820177066221668 0.07276043742295038 0.06064522853467505 0.07558256659251915 0.040768464110879254 0.08111105957770566
