0 0.033295655482290486 0.022632263924681074 0.06392840391409206 0.03111796739909298 0.010878927478270876 0.036034795207381856 0.07007521383874393 0.09411250549880783 0.0012211127368737698 0.08031158799225073 0.0617179670071266 0.09068487584256756 0.07453359649789143 0.0674929071774193 0.02929001766191204 0.06576564398345068 0.039791509843069686 0.013202731401442205 0.040045265746252195 0.07386705136638283
1 0.05130890611336734 0.009600631642567133 0.012301184096188729 0.07159750843930829 0.03975561993227311 0.08608090822523305 0.04809707279589296 0.07579384086197756 0.08888798464609649 0.0062781092600098665 0.0322496526709304 0.09229381374684663 0.04545152206783029 0.014308592143270776 0.039455586248104316 0.08534506145222535 0.05692772120970562 0.01551314903930166 0.08767325010109897 0.041079885307771506
2 0.023230747680820115 0.04775716376485376 0.03398654966338954 0.06812801655836725 0.04638952218892907 0.06850487325217001 0.0401054464553197 0.0706705689655685 0.01976839964744272 0.07610002178204879 0.0680554114311634 0.02312965995967278 0.031233292347833515 0.031157355723890907 0.017948123687668176 0.053324048565433074 0.06320208846986702 0.09064782161797813 0.08594796156265277 0.04071292667493087
3 0.05240479272114154 0.06763074567723626 0.045034432268377576 0.07379911753921957 0.048477125002179045 0.03809843105987584 0.041830493356131905 0.015225101351851868 0.04435738084948013 0.04870072755345129 0.013192155751628997 0.07514032274110732 0.06785454212913099 0.06900527779305904 0.056020147553597015 0.07848312954587115 0.015276147465116342 0.0808705355177349 0.041900667618798126 0.02669872650501121
4 0.08182451813020679 0.04393243224491025 0.03652601401199987 0.03161278238322695 0.07869164418712253 0.038306745077393255 0.07122005752303463 0.033889123240413724 0.0562288792334443 0.07043861875876561 0.008164405220586033 0.0573529595930074 0.04977349884845099 0.00707113990294777 0.02762614507362404 0.04279023801332001 0.08216330463406313 0.07903193345492668 0.025261376024025117 0.07809418444453109
5 0.017065430131501566 0.05388139663347503 0.013827114991637765 0.01429486975386869 0.034846866851831915 0.04945543670843071 0.02269544254641962 0.1026855320933587 0.06320403388410441 0.08347518453816713 0.042050439532221054 0.024159093804413466 0.03195643838180132 0.013175020632018074 0.07331669398320242 0.09175924836947191 0.10535976924539239 0.05808420017471489 0.08441578804809896 0.020291999695869676
6 0.06878061426795291 0.11600715053860401 0.005490843265072907 0.06496120418822715 0.09741691771273744 0.10501201504371073 0.03314726872525462 0.025528251156428376 0.02347043422387832 0.01140966666713435 0.059857436146401787 0.002159008513980677 0.0023621354729317892 0.006233168440178123 0.09677618152545997 0.10363978080681743 0.0333893962638162 0.029397307341260295 0.06584795395339456 0.04911326574675819
7 0.0456737620433775 0.08680551666261727 0.038793372542550046 0.0679785133277866 0.026674097635646838 0.06447850111780465 0.08194774404963436 0.08593194368033151 0.0743034486253718 0.06119221706341801 0.0322015157424516 0.08529163954679815 0.0027369947541776396 0.049534312125341665 0.07739880836910576 0.044559477772059236 0.012321757939860964 0.009674398764234772 0.02001926218496936 0.03248271605246224
8 0.04378819979329813 0.028829765118768093 0.008826907573957184 0.03325380881655951 0.011771208026693071 0.08323393214998265 0.11288364271551683 0.040239772257022015 0.09446498770911482 0.10550535225736876 0.0630107446450489 0.054595056821630995 0.09741817071452187 0.00018890247589366358 0.025774217388262743 0.03155037171831721 0.004520368362291718 0.050900897417307044 0.05024778980366755 0.05899590423477695
9 0.030853729450874424 0.09325328546403522 0.08043672150559045 0.03401379568681554 0.07099607997097418 0.07224223151126496 0.04837749070965767 0.07778728843582335 0.07626263685354082 0.0553323843304856 0.03107273257970102 0.005546177023470791 0.04185369810972408 0.012334004329573663 0.01715032571986183 0.05278248330945567 0.08321573531429856 0.07649031025300894 0.013812763959280019 0.026186125482563133
10 0.0864512278167351 0.04837301189975229 0.09561443047060544 0.03742294243860827 0.09387729794778485 0.024327999248990453 0.014244911221280332 0.010420547428203699 0.052324662320615306 0.06609172050735362 0.04872083480748449 0.05537648613913653 0.016981481412811996 0.01703267785463077 0.06839305352836092 0.0044017785549155435 0.0897005039640997 0.023013425269987058 0.0686996490509595 0.07853135811768422
11 0.10347796329135586 0.006260216238960217 0.07530409819582488 0.03678200283242397 0.09562922218252103 0.07444429161023085 0.06064559414058454 0.04209920064143718 0.012748133481047471 0.05229901988138519 0.0789497277574983 0.024496820129145717 0.04553864322805287 0.03903999654344448 0.03840784064117493 0.0079074944091521 0.08902835255907124 0.07411129451664898 0.015893126050309646 0.026936961669730676
12 0.03072331484284264 0.029130924740051366 0.0435887855238965 0.054878213951971504 0.056811083126918786 0.06590737618190473 0.06662283050952361 0.0673719361365821 0.07584414456334593 0.052288355718021616 0.007555513737144281 0.013645270975129863 0.016986242285358544 0.0880695611924353 0.09158252833936525 0.05357760339209191 0.058308002964771954 0.0014956065365946223 0.06789085762009167 0.05772184766195781
13 0.016131317934309764 0.06017929615668701 0.05716337934669617 0.08859296432989178 0.031239101989687136 0.06002666937159696 0.051204481277136074 0.01979640208839875 0.029128827762715834 0.053118009928102485 0.057530662857976776 0.07617928131663158 0.08009632960668424 0.02958879979501387 0.015035986602940768 0.09083593031243561 0.018644246045964593 0.07088774249041739 0.04903157897672462 0.04558899180998866
14 0.05968621451224388 0.08902197284892595 0.02733502309094851 0.042224858513277216 0.01532637114277989 0.0881071736444349 0.09467607520781697 0.011378014485521186 0.08322889238222005 0.0020893099197602668 0.06363627289523263 0.07733213449191782 0.03559846895804397 0.04322267032471196 0.048247363093876665 0.0023575574899995164 0.09604483069741426 0.004787397222613856 0.017256714903400867 0.09844268417485928
15 0.1163554736075407 0.015235201353295291 0.058531406146303935 0.012849493676507846 0.07578867714110028 0.005022771053956364 0.11779163852546114 0.043155080351808976 0.09222127597195091 0.07302271368266545 0.0025781541403566473 0.03820325669158063 0.06679524259548376 0.0030174519651937413 0.03515684753991078 0.07441182334409563 0.0014456810174552394 0.14226348941655093 0.019160801208625095 0.006993520570156794
16 0.04059045366651181 0.019309459535486746 0.0997950702639745 0.0907176941207047 0.0020330178019901815 0.06010791667712671 0.027274486165001974 0.04657973130340577 0.08499657121660596 0.04921911309596924 0.04756862596907726 0.04673387284049101 0.07689469895228089 0.08368528992677281 0.06474569167390258 0.03332294015312337 0.0009831850331451794 0.059221597458028075 0.010537640108649125 0.055682944037751904
17 0.0006985130570706842 0.07586047022420808 0.08586052976552991 0.058000116008384214 0.07798841229158972 0.0012676495224839223 0.039810225450411525 0.01751610660335121 0.011983733639362719 0.08785306065545202 0.005438765681229185 0.059781661064476986 0.10712706613597639 0.06464055729491272 0.0515409205265641 0.009761629021631139 0.04671351494047647 0.07858725909405252 0.03596319810536107 0.08360661091747541
18 0.02735309917135188 0.09175386261142106 0.056706992458321406 0.07144159694358662 0.07840500426117392 0.03423964485261344 0.08000516332804208 0.07485525448753827 0.015812896590713575 0.038547761112572285 0.0970980040060046 0.06948660042456004 0.08217529195738213 0.03313052033914642 0.015586012342371525 0.06964084547491559 0.003809630850517828 0.024943160504735697 0.009963275647347723 0.025045382635684052
19 0.0504410070971485 0.04110291193842917 0.038126095264953655 0.0426643490872272 0.023775420548244774 0.026778807866650406 0.039031748109521244 0.08936925576818368 0.06955234857138234 0.08422642325234271 0.04370576218608898 0.02230160098627452 0.049606545807787526 0.014585491220338347 0.06263208585497504 0.016525733391391642 0.021986003089030252 0.0944451362949723 0.09394909890321634 0.07519417476184148
20 0.05433599634314598 0.03425411733424043 0.08646830714661008 0.03438021944964293 0.07892497954426543 0.01085599509368134 0.030211103943538244 0.08584209398760077 0.019631903766479407 0.08187882784293583 0.04893101497644216 0.07999650253709292 0.0213827851271273 0.0581558202374032 0.08159963717479773 0.0244582037748695 0.06857940159886336 0.040149461730155385 0.05930334418720524 0.0006602842039026864
21 0.050072917107437914 0.058650567528856896 0.0674815304630601 0.04258204055732014 0.03930193878817536 0.07809573485266115 0.06314368097895415 0.03983794695508021 0.01052255407855304 0.0347655003047239 0.036338273061117525 0.06669692562193744 0.007917291790208735 0.06157270589722114 0.048791352937713306 0.0788395349391379 0.07395260613061695 0.041444293967928925 0.034536323822729316 0.06545628021656584
22 0.11380881251267264 0.013975929651045002 0.019245016882340482 0.02623357163588401 0.020528492505532073 0.020931593166471998 0.013493336683178389 0.03020441835726613 0.08136157073721738 0.05689575684516546 0.010657601130143874 0.06019500520984546 0.012286955573605918 0.05738396601137223 0.06742183502937865 0.09017998608519226 0.09545193407083886 0.07268673642404325 0.06787616849153665 0.0691813129972692
23 0.0751552223468152 0.048087650704232744 0.09295721937317408 0.04210807533625598 0.08586297931624964 0.011552571644396879 0.09349268482411205 0.004346260161508915 0.031596010767590624 0.08324068193949564 0.03624432139124822 0.09383756852173585 0.0020897557695659786 0.04074205699396377 0.03612829271668846 0.04782996359268611 0.08888956580891419 0.034932603261751564 0.021794262251902643 0.029112253277711546
24 0.10826766399580032 0.10170518240740978 0.05556130532296573 0.0053207448382169295 0.10591951601276099 0.020661517021117785 0.012344645471941708 0.015415282101181881 0.05531288442177263 0.019223153560158628 0.09999297975657435 0.05128859152127042 0.04780987457104687 0.025818773150731226 0.0419777141705345 0.08587252410829314 0.035485710303695434 0.06359208238665967 0.010572983727391658 0.03785687115047649
25 0.019298553656828303 0.07325573354711234 0.03329719238341352 0.07504235439023918 0.05494324509195308 0.0053152916785807825 0.05684237646781753 0.05096286868287393 0.047639767571808635 0.02908760268072713 0.04886045318773184 0.07987981004357884 0.00025470267620193856 0.09887202646744533 0.06026120695966548 0.09788692424867965 0.026205185557064126 0.022609085471027548 0.03647388755452261 0.08301173168272835
26 0.055313975377286516 0.08287223060144251 0.05511950781167288 0.06849543805108747 0.010922441555156311 0.005952221230986368 0.026677903637892776 0.024351685370465566 0.08680116193027582 0.03268718550276564 0.05403869647954173 0.044424607336729365 0.08501686047214159 0.05129470216072065 0.013149570594159825 0.058360363801799084 0.08203878554554313 0.05358451543016275 0.07784959492043424 0.031048552189735675
27 0.023982579825353123 0.05043073199987467 0.040878238468403744 0.04973786400799381 0.07661103114596236 0.08203980679706323 0.057611324251768535 0.021623456853209672 0.01160572997790651 0.03423449163629017 0.04541897017702652 0.07589228471586681 0.04934106562457315 0.035942796600271554 0.07836851573454823 0.011775171927524693 0.07476360189003976 0.04732987185453059 0.06501105648553034 0.06740141002626264
28 0.06961357928007722 0.07264542423117223 0.05613154607358607 0.06683673123733723 0.016392277396108525 0.0741564399022138 0.06146044549195376 0.07747000025592438 0.007786178168075189 0.033226155443026255 0.037667116252632374 0.04625133782823873 0.05994847280789326 0.02709490206841436 0.059970337913675 0.046653998024500085 0.02128839266710564 0.05222485164726955 0.05626808281608509 0.056913730494711316
29 0.03975024479103813 0.04750870655008545 0.04089103930931185 0.04600524780897368 0.0789719585133432 0.08116544084156935 0.002021210832687187 0.02617845212369991 0.06964440477430835 0.02239616399002084 0.08167110170736465 0.04834030753271704 0.03809869610847796 0.10007349831338455 0.04325431607087722 0.015390408075745295 0.006846637076294251 0.11565808272020342 0.0765300547582919 0.0196040281016058
30 0.04390892573550761 0.0783339710060631 0.04811261787603337 0.011014039340545494 0.04766869563074197 0.06752833125615103 0.03791218595500376 0.020016200236903873 0.01650754255323606 0.0030273578030219216 0.0329391798885284 0.08463219641170011 0.08840025513836558 0.04894092799761922 0.07892641133724441 0.0900737335557506 0.08448904855800839 0.04416544074537166 0.06742020596398127 0.005982733010222202
31 0.0678486375914099 0.04498368082634067 0.027517893171996877 0.08076937686874303 0.09276993711206373 0.01564252083875863 0.0976648551271553 0.08711456346344003 0.011660285686951193 0.03278417929489347 0.032210262498151364 0.025968366493355474 0.06305221735881102 0.015571129915414272 0.0962430282564532 0.03521353935847551 0.05553363939116966 0.03396484692747183 0.07794422043057127 0.0055428193883737655
32 0.011176260950604103 0.06519067726136396 0.012987323477644487 0.08992230195465493 0.04315014768047626 0.09022901263203463 0.0924803871670223 0.05473027757371003 0.013351558013770772 0.03179693189626229 0.08146808977071156 0.05014279466272174 0.016590183780472886 0.05574742835027057 0.05963174666708117 0.05172783868841954 0.04751860979375309 0.07668370387486387 0.03772470479924825 0.017750021004913713
33 0.03565390717086106 0.04951549761520008 0.09648782501316393 0.041806357923326015 0.09985418123173502 0.018001835109485546 0.09214725536575394 0.004159913094539376 0.06878051919239717 0.01611935396444276 0.03714927757052395 0.10415845307392538 0.04309631648049378 0.014258632227242064 0.08282155468080503 0.07800369120379799 0.02344017619596623 0.030635539603490233 0.02518429159468236 0.038725421688168074
34 0.029418568546429064 0.028504320620997236 0.03858062134638824 0.055286755581856105 0.07241941197993777 0.06530280307233784 0.05277809282529435 0.06823374024065343 0.007780823710402705 0.03753709354160468 0.05375760394487403 0.035241711574578644 0.0808198962110615 0.051963407153053885 0.04731335914191849 0.024396595878313193 0.06705318629411963 0.05075246720885484 0.07770296902719415 0.05515657210013016
35 0.008095579208441998 0.051666034863672654 0.046205912014233304 0.0682249725194737 0.0637964032747103 0.04401411859425993 0.01679967240535251 0.07154574143939271 0.005575655025324321 0.07291443249313605 0.033109143747399275 0.04346678341252985 0.05094833687511698 0.006051519781836092 0.06670496085214304 0.06567223971702987 0.0753232942795888 0.057242943236361164 0.09143519699036226 0.06120705926963496
36 0.007514378311125083 0.05289842011266085 0.07685749614357938 0.0909805987458667 0.09044387459199046 0.009539583736194046 0.05311622595813345 0.058901345047308915 0.07792535630640127 0.008332357484536935 0.01854190771329469 0.016568922859890735 0.058735316448977865 0.01422405464789153 0.07053318661391789 0.0023514290667236964 0.10749749378112966 0.045496198124855426 0.10724242237327263 0.03229943193224862
37 0.0008886889578579738 0.016069909823559356 0.07031795069435694 0.09036281926051681 0.06222624052051894 0.06695562626855162 0.02129018975342924 0.09805810879697786 0.012670103872719028 0.014907157879521177 0.08015476534030432 0.015409136940549276 0.06992548955946473 0.07566225356884917 0.0718513832976235 0.087404816035046 0.03404144536772737 0.022387827477120696 0.020881736717719573 0.06853434986758644
38 0.0907859694837212 0.09364744878396962 0.01493885700198394 0.05740236259264594 0.04322831548407954 0.014796658636050815 0.04723262742856473 0.00714379881509946 0.0024784412382573865 0.08746212571670939 0.03741485814187576 0.0686627374142718 0.0769339424344096 0.0526436814446683 0.019743654200989908 0.09532542785333464 0.10049825136529351 0.06849905343741264 0.020843205396570814 0.00031858313009123325
39 0.03347989529794257 0.014514579597844256 0.05008514051020216 0.012104961381591952 0.01765871238296513 0.07838059111740048 0.057668930965856714 0.0776959295217657 0.0892235878549625 0.05932459560804448 0.04378682823432973 0.0344198628783141 0.031558960478612286 0.027084915015930276 0.05080150032929354 0.07097819829507439 0.08401059902890365 0.04714475146211195 0.08829877449192927 0.0317786855469249
40 0.07358423728704698 0.01800512926100462 0.04361521266693603 0.059489987140909674 0.04880168066266165 0.04282970013774919 0.039209574468735596 0.04863915234778963 0.08361296464906237 0.03936750729019444 0.06676695242482988 0.04568548932144461 0.07750312121468374 0.05734485064308599 0.03498187722283115 0.060412129973579504 0.0576333888443156 0.003583084832078803 0.01905221169575239 0.07988174791530803
41 0.019835086830990386 0.06731661986716572 0.036756823914323514 0.06804070102969534 0.011211803813428229 0.07834204312662793 0.057210492567971276 0.07734942758239606 0.08720643051260536 0.012185740355809098 0.06843168055030818 0.023118349310552868 0.06388171151557578 0.05176048473622423 0.08928486678797845 0.0031875421246935283 0.03547250779915898 0.07990886147593255 0.03277392560785835 0.036724900490704024
42 0.03318563728694148 0.10628752144612194 0.0005441856205489906 0.10552191288470066 0.09125850268268881 0.026129389462314443 0.08724955228661452 0.01665309760218151 0.06647890060694377 0.09926321083655379 0.06997051296400904 0.015009512443555252 0.0010513094405698667 0.005216234787586897 0.048517021002274806 0.02481220388677651 0.07910164214092545 0.02470381077857 0.09244985652171639 0.006595985318405872
43 0.11576975299032682 0.05368699415539671 0.005654960599283624 0.002349367055716619 0.021572758176928566 0.03970066691094842 0.02898818198299598 0.0435669044837348 0.03526440731817329 0.025755980838587763 0.047951517314283536 0.12142494725495469 0.0667360707698975 0.03348218089950049 0.0699581822813383 0.07152839642328727 0.08694006002450304 0.040586215180138586 0.057678194711628085 0.031404260628376014
44 0.05810764909385313 0.07802028932817835 0.04393057425329811 0.047292143082607214 0.0036166525590093602 0.05637956049773979 0.08991422526448922 0.01445019632624819 0.09536697542992262 0.0069640277893144005 0.050360461218428285 0.08825341422584385 0.0986256541677914 0.041555656901236825 0.03366552282925677 0.02722504905813845 0.006098669728194775 0.0888947018455518 0.03567102243485645 0.035607553966041046
45 0.019040846504546793 0.007987982661369939 0.010187040739531231 0.07195147655329569 0.041852324372481826 0.0674913206847472 0.09468736856400725 0.04202211276025003 0.031070188507225236 0.010479679412317824 0.10456378699982388 0.04702234729721076 0.04574460712269131 0.005168393256545263 0.062442890053436666 0.0822937675194896 0.04042316268313068 0.04535069963187365 0.10164332214810287 0.06857668252792232
46 0.0654671001594454 0.03374466996173238 0.06385005461558335 0.04714927411546699 0.07524445815867328 0.041907990754994996 0.01963756547919858 0.055783658243280174 0.01986627645613841 0.07093586442477921 0.07693235018303687 0.021316154980210847 0.061435656024092324 0.051777571764209135 0.07495539202741028 0.025982965274967126 0.08505208710162933 0.03190560032234248 0.030492199749340372 0.046563110203468365
47 0.0038063626817800506 0.0014737821321635326 0.07738328606865985 0.08874730819302877 0.02452544606265266 0.01577157027887078 0.09715444206370898 0.02111476104306598 0.05624419623991573 0.10473636844060873 0.11061452200253614 0.016311920172379774 0.03801355662637324 0.058925404695212576 0.015235277985028843 0.08450685325294471 0.04558788261780652 0.07454393936545586 0.0411430419867949 0.024160078091012307
48 0.053272493062115865 0.057481288517310734 0.08032939689494499 0.004283542840874694 0.02845029469934224 0.00591991634854756 0.017826073908242968 0.09249084816710605 0.035070457541194894 0.021254878943656415 0.026744473772572712 0.013186412266494488 0.07836331491697479 0.05705301384464183 0.09550272340771396 0.04914806548895975 0.09900882586669575 0.0601074782452714 0.03037287183858392 0.09413362942875492
49 0.04296937509723326 0.055496234603436286 0.07607454555052644 0.06285640505075862 0.005024520567776209 0.07047845889057841 0.037374563658153365 0.04172256309596271 0.07804346281299393 0.052812607730505015 0.07950132122648933 0.01699580785949335 0.024643850865252205 0.056590345179754024 0.07218199999342348 0.044900402858663965 0.06421844718111652 0.015147620875095314 0.02926172666649798 0.07370574023628965
50 0.045021048450303885 0.07597346788954831 0.0674254923758599 0.07222846631655126 0.014585673661986572 0.05583785948793035 0.06769453909013329 0.017047637514418082 0.06739826346195787 0.06595190919621303 0.013902089657678668 0.07033744539158839 0.042828551920566754 0.07662180772970274 0.030193907838692677 0.03979264548923975 0.03660334053255318 0.06735031173649862 0.07210367703875006 0.0011018652198266068
51 0.00872423186218892 0.09212878384249451 0.04551356953386771 0.09803228914956676 0.006284508084248195 0.01429095871513313 0.10479470596973892 0.04701646732838902 0.04723657755597935 0.01636224670091536 0.004986795729292305 0.036763340336072245 0.10297646022324591 0.05370791845034144 0.07361598650761299 0.02569794075211144 0.019109880527998255 0.07644859045796562 0.10581077274956709 0.02049797552327091
52 0.029242934896461698 0.05737432872661953 0.08631073672601423 0.07578045179101835 0.02762200136779449 0.015102550917376447 0.07179383807280947 0.09287969962761163 0.08016275010328 0.030665482579786598 0.08243129080712101 0.004292479142305273 0.017948664897000626 0.006988226393578471 0.07527404692569489 0.0341379623102254 0.04447852892415778 0.05060144057257489 0.10572728474292535 0.011185300475643844
53 0.0370140132172174 0.0036185635535269495 0.08315026304227638 0.0863349394701461 0.012451537359490327 0.054991978262791584 0.09207678638061519 0.022295116548650178 0.023099162950257407 0.040654891652304764 0.076383505956378 0.05830296762775934 0.07009146400112011 0.06846769478702958 0.059689354992905605 0.0009582888514483967 0.08011462934961405 0.02873451277743194 0.04332703369868545 0.058243295520351096
54 0.03130050505690276 0.021758307074021595 0.08693817861190886 0.06274922628023945 0.03744569892231074 0.05885448931432452 0.05837095778138974 0.0883858458789967 0.016257610976004082 0.03461426458585354 0.00122028528733237 0.06446216798008832 0.008672751118725142 0.0949351076228004 0.07611693036534346 0.04879063563566842 0.09472086277789413 0.0871952294949152 0.020474928057295765 0.006736017177984832
55 0.023576925859237412 0.09811919400247512 0.06495875593036857 0.07944855532160498 0.07604601745511609 0.04750814695132334 0.056932105186017476 0.035646370785047524 0.0935317612497594 0.011913403367104294 0.04197037483976005 0.056853069162785985 0.027049273118713062 0.05258830897864328 0.08226200907290745 0.041821358307755005 0.031530990309992596 0.03721020558838385 0.006535334833076235 0.034497839679928075
56 0.06783806288652768 0.04175073403332374 0.05261858454298947 0.07818481974940233 0.0435718019037938 0.0846303037971897 0.07652143308142247 0.0757901104369791 0.02617405444410202 0.07224194262996139 0.0024612242486809735 0.00333043104665262 0.005273337471387109 0.057074316327192634 0.07728402633383534 0.04705216882466806 0.05005106960123619 0.05040291924559924 0.019635093266594936 0.06811356612846126
57 0.1019950451396084 0.0346433534381312 0.01798343289892216 0.027362385317041885 0.06330240698704984 0.0968349346790327 0.013853272084862507 0.004868155097166928 0.09004058871465902 0.05482153730365817 0.03906351518879101 0.0852625732084944 0.03740388433452 0.05889293792038502 0.06546533037872243 0.08584245990571733 0.009469110226818718 0.0935808883459333 0.016344553280825586 0.002969635549659513
58 0.04469600994921647 0.04949266845040649 0.029791790586914935 0.04276744994274646 0.03345948395423649 0.047438856927144564 0.09890805854074318 0.018203795407566756 0.007457254514532159 0.043833085151757066 0.0114861651921244 0.08070159830537489 0.026411793454122257 0.08483179653165554 0.10824215618344239 0.0415446332903043 0.02374008283669034 0.00261190379431378 0.09174708644048647 0.1126343305462209
59 0.014715370814381947 0.05707227428684541 0.07970409630426414 0.03989631785515403 0.04869434739669114 0.07203570929305193 0.06803404038875073 0.08653268691472549 0.03178512078547037 0.06616114858857942 0.021650296663743594 0.05047613023810748 0.08578754213218531 0.014355451736721661 0.055483526263680256 0.07435884931642267 0.08888517208234491 0.022449039626327664 0.011537338301229789 0.010385541011321943
60 0.02307690386912052 0.03654520459436613 0.014058972511222489 0.010979474833091708 0.06248963640863326 0.043133503626146374 0.05719612405135867 0.034848315637879934 0.0512473444982637 0.09491863798501429 0.041893212183327234 0.04126229715336627 0.06358414667182166 0.04288420788892719 0.05085626548441403 0.03567104787863231 0.07804769439680176 0.05753290208379498 0.07539596643224192 0.08437814181157544
61 0.1074278330280599 0.014192662534218569 0.022346225778197067 0.05965306731599857 0.06331887006204434 0.023954197976520493 0.06574573099313502 0.003370621605203869 0.07614091774067645 0.061143452067606185 0.03416847180214882 0.09942368498825664 0.06891419003553227 0.003736511648669978 0.09168901632536774 0.018214368052517495 0.006100721921627961 0.028445881299029904 0.09529094414813308 0.05672263067705558
62 0.07220396908057944 0.03525699069545292 0.07705574536039925 0.019085457857711752 0.08451705957783476 0.07401991447107956 0.08079086769874172 0.0065249213683226 0.06814486509386507 0.012841511251472298 0.026808486604656442 0.09036800325069277 0.07282714936403689 0.07368647670000508 0.027499358456823105 0.022079296196272313 0.050829763639206466 0.03330418537135233 0.06985988787155636 0.0022960900899389176
63 0.046151523051031394 0.006551396505628587 0.09570017944433654 0.045236794365452644 0.06151753023813336 0.08872915819430724 0.095043841485854 0.08203933720881659 0.04824174086055217 0.019681364925438743 0.019032335260983177 0.02176378494590874 0.05861128046321544 0.04744179358531496 0.01691520892665782 0.02069272382780858 0.08773665832195142 0.09474135079377032 0.03667490493567679 0.007497092659161493
64 0.01734545925726004 0.04509281425871387 0.07865777656879529 0.060255772222657426 0.0999966083441646 0.09031966602375975 0.037207735523817176 0.05021672484822732 0.030268442509669893 0.04695125852449581 0.0050053828986834905 0.0010202545834855797 0.06241091029020418 0.10289986479344908 0.09471291737901838 0.04326696665587676 0.0023455443329749148 0.020441693808350102 0.07765723511861822 0.03392697205777804
65 0.04300956935471436 0.08334095634587188 0.015811918390998127 0.048829665502307884 0.03784874517884414 0.040269941602140195 0.04415652607896833 0.0791943533865827 0.06339032012847072 0.004080881140678728 0.02379837331441788 0.014013592717899273 0.08996510981924927 0.019655594001374725 0.08824648517493626 0.06447304813089383 0.05215390899622769 0.05853803522702213 0.08407164929354131 0.045151326214860656
66 0.039051761263579426 0.10611809687899522 0.008224141404271103 0.10271398236892823 0.004177861147014584 0.09081376231251952 0.10957811997049452 0.10100518408486149 0.006163838395762417 0.036326164917324044 0.01943102451111464 0.014531437123813789 0.05167113051551646 0.011887958858259773 0.040260933403751385 0.004958380686528507 0.04593718097182182 0.024428227450153158 0.07272010078308913 0.11000071295220103
67 0.013916178316532008 0.13968447953165633 0.07600684761779898 0.003697841662192945 0.09330326329492176 0.09067195796314223 0.045887932792331824 0.030232631393391617 0.07307360783168196 0.14625372375017423 0.025754802349948234 0.02344453304068902 0.014140146464051762 0.005027144050999755 0.009278804474302616 0.11981050208341115 0.006751966025377284 0.05038722606711334 0.0029568371413278742 0.029719574148954903
68 0.046299314395309814 0.0011208775599702684 0.039975852976996074 0.02887460576953173 0.0738323894121985 0.06365812569765619 0.058646494384107024 0.08249845153737655 0.0845714167519687 0.062204167550720675 0.004737485371019628 0.048689553886446565 0.006566291740575199 0.05467848479068142 0.032503379097009226 0.049650559451406805 0.03929669225500196 0.08176930986072804 0.08519732407841238 0.055229223432883084
69 0.05310221373598182 0.003557613498812799 0.10192930071118836 0.011045942716154942 0.10400080939205131 0.02804161613959672 0.04996597492296991 0.044711907038734414 0.035734948483882575 0.01758383209219988 0.007195133555510558 0.014602619179907137 0.0338772541805237 0.004322466228334184 0.02050823284881801 0.12125125038109075 0.06919300772834049 0.10940818419819912 0.056564056943457564 0.11340363602424565
70 0.06786146976343654 0.07281289602457403 0.012272370425337138 0.02855618290032539 0.058358548702071376 0.021333461116146986 0.08471768173162479 0.06115471622179112 0.019307537453896545 0.0786992445067748 0.010771756035046829 0.06992489266263871 0.053879944119742194 0.07000358740213826 0.06258950697953136 0.06534558014008003 0.03751147401052358 0.0009387171636705805 0.03286687349600677 0.09109355914464301
71 0.06413828601794772 0.08976474976250741 0.10455128566312534 0.047276990685482 0.03987347589175691 0.03809798455343946 0.09652114623867715 0.0016625328634349993 0.006366231473731379 0.10387421662549817 0.08504541807466867 0.06028979492789492 0.02707873761244307 0.07929687691740489 0.03211774271952023 0.024975561395281808 0.005775844406923055 0.005414138448261086 0.051625186455563445 0.03625379926643828
72 0.017006896766648093 0.03381220087133984 0.03937093612143697 0.026135853907351087 0.08921224901872161 0.036505063782621916 0.016725892443866356 0.03598771747072021 0.06965942012320041 0.09567088746064276 0.017230087800950086 0.05489732314946083 0.01856220931561241 0.04080097744875452 0.09641986861139933 0.0510943176035514 0.0510717981299894 0.08418845589004778 0.032495684688216585 0.09315215939546856
73 0.0895144889173574 0.030222858571471153 0.03578453839709413 0.03351827954289154 0.03499325273288855 0.08680081599022509 0.041929046411016954 0.09747942436819401 0.0385438059841865 0.02553573341045735 0.015102702107224971 0.028678946646145734 0.06923830227994385 0.01890177366151804 0.04096349790526386 0.053447439136813595 0.07931490678903129 0.09455376943056353 0.02210776859211511 0.06336864912559746
74 0.07449599818148736 0.06983681421193738 0.011753290569650247 0.0403047608699175 0.07378437855889595 0.037252543590100634 0.02716742970892616 0.08377879432832486 0.007192791634924871 0.0751207462885427 0.0632586160806577 0.07274443300611047 0.07452556429189906 0.05752964314254977 0.06441962629131794 0.027035113346250493 0.07172152885091078 0.03788134704637034 0.00829677526840922 0.021899804732816705
75 0.06629816550512797 0.001399695494208739 0.006016215905708048 0.10152284952735509 0.02096446892516405 0.015079368055145674 0.060010042068640045 0.0028154682297707174 0.10856438137872419 0.04707981011273434 0.03745718029735102 0.02647693127363005 0.033094811498821 0.09962919596608064 0.07034732181579627 0.11953735153959062 0.007509238424816162 0.04935324945420273 0.10610396400541088 0.02074029052172193
76 0.06362820178018162 0.09155241375453392 0.04084256835837654 0.03468086589293874 0.024154550817956606 0.09837427251306176 0.035210662142486526 0.10514898200450062 0.00016549433540249842 0.0943772216073077 0.029879395377821766 0.048507809455710406 0.012979275168255013 0.02336656402302471 0.03214713334429965 0.0769097136977507 0.04407375985102268 0.10223814867001826 0.008920966692248528 0.0328420005131016
77 0.08239994425493968 0.06779632454451122 0.059895964208525644 0.06026642939388898 0.07942190244836932 0.0350366922413599 0.06018428989969659 0.02946801723912282 0.030353446719042575 0.05978586827342249 0.04569435271240392 0.06257148322930417 0.06928918344466552 0.08102526934266412 0.041370780944848806 0.050226565262565054 0.03050657608073709 0.039269952055707526 0.008171403225352513 0.007265554478872216
78 0.03808499110925039 0.08270739914493551 0.029385045955122494 0.05472115103530763 0.0025357770086207217 0.03809410370147377 0.09074506863495495 0.059957584743257665 0.0907770867076398 0.03828163389797432 0.0227594116820783 0.020438096980725524 0.06873391804265441 0.08472603825385622 0.0033044010900643845 0.01875493751102208 0.09398849021655281 0.09205461705545975 0.03594372043752364 0.034006526791525334
79 0.03604915786463987 0.025723691895267027 0.05473197499247285 0.020285443679971916 0.093666997049495 0.04514362530159621 0.06270531209985299 0.05847185744450756 0.025499058505997964 0.013629255093062186 0.08422877008450559 0.016875794928077496 0.043980685384943416 0.09822515023244652 0.07226127894796258 0.02705921620582506 0.04217141859001674 0.07919376503881276 0.07100478138994691 0.02909276527059925
80 0.061190319949101554 0.016105436715604635 0.030201609979873232 0.09939859921596284 0.019482205273476896 0.015999949801875777 0.06002639939985225 0.03741554250182191 0.11692795957588202 0.08153889808714358 0.11968486500201125 0.02335348437865018 0.020295084116727685 0.03508503390226047 0.0070511587976911745 0.0061405914628064155 0.04463990287974239 0.12158420588372892 0.007477893481282301 0.07640085959450446
81 0.010427099619434298 0.08574456346715478 0.04453319238911017 0.010090835912671747 0.05953354891141288 0.09098096295278944 0.0812618664870286 0.02114665065208132 0.042608872261138415 0.01983421985675594 0.016937483275069765 0.06217857589047418 0.0513257026067468 0.0413622698114651 0.05407180260405321 0.021204318928544793 0.09014578860632669 0.08713913151359634 0.07543145259351909 0.034041661660626686
82 0.07100525219618485 0.0003839506837443345 0.023569108056913465 0.04506463893295696 0.006563833770137991 0.012105108871111303 0.10679554301228415 0.10104224627730686 0.026987742268666605 0.04827338297248731 0.02486211382322049 0.04714982005659785 0.012419914053019772 0.04109890642165251 0.08658062301011078 0.11970264801094871 0.007503497168089829 0.10495281211200577 0.04078724606297124 0.07315161223958933
83 0.05088057229292262 0.046722931981236136 0.07776471680022591 0.07701864376319298 0.010400851345228316 0.07202306553281194 0.07270594785010205 0.060378675410720596 0.054971960797713694 0.018741097918160164 0.036607521037985695 0.023903384492924236 0.004490374304261549 0.015259881464217369 0.06648594531643795 0.0751238084118866 0.07403005516119834 0.07757266954128904 0.04265939755418534 0.04225849902329921
84 0.013275957804364445 0.07086467476673104 0.08383940633691721 0.069036103162411 0.09201709840560537 0.07987176895621412 0.07532771755284205 0.05433288805031391 0.04597669040797241 0.04317019907533094 0.0455428625506986 0.06593610772691759 0.017164336625833932 0.043337643085397 0.06616908836613063 0.012186724279121184 0.00773641670858732 0.06567251861739168 0.04795763719478052 0.0005841603264389109
85 0.07715488550826638 0.09115921788097686 0.09193514639850707 0.07913760386104636 0.01705829185634949 0.0031587190132253834 0.04993300363395045 0.02866435426157197 0.029331283583108034 0.08279313204295291 0.10422798190507596 0.08936554482195909 0.03267249364714165 0.03471136030385562 0.019589633517333265 0.056031853722138016 0.033110041104740986 0.001049067539268156 0.0009824381448208118 0.0779339472537114
86 0.003259123288115137 0.027595444159625015 0.011681553730493281 0.09119500514601186 0.06250104995551957 0.08981333525063362 0.08140782536570512 0.03365597112541085 0.044976330456707826 0.008418619594321657 0.07052622556972227 0.04403167896274626 0.01995454561769382 0.03998683665677992 0.05023067802478467 0.09009240495742482 0.07281642338345183 0.0907183337974989 0.009512728203838723 0.05762588675351471
87 0.05351289602501433 0.045359737543713245 0.10946266916959944 0.051495219508528776 0.028453706928977123 0.02327444158030483 0.0402258226256695 0.03714188255187339 0.04367646021064234 0.0038012668201005658 0.06919224518088664 0.07719513351224222 0.060079689797676306 0.09711039179049498 0.04994237603119167 0.04133156098993312 0.0023867655859862833 0.055892625554342025 0.08960285195733692 0.02086225663548633
88 0.0727474023039687 0.05880529003958296 0.04225086381441149 0.05050195316267518 0.07978049477689246 0.032125692102404846 0.0789316732646284 0.08110242085589331 0.030695039281137045 0.002779786878996245 0.04440135292981073 0.0246115978514619 0.07633810907688103 0.009129167170813206 0.010958816217419384 0.04594822186437462 0.08612340356040458 0.032675313593876244 0.061485587762172354 0.07860781349219535
89 0.023506604796710386 0.021620979095063615 0.06792552895605161 0.02930182399626808 0.09520753594335851 0.07923284571223119 0.0196432410305789 0.009410278831322278 0.08176078906218727 0.05178099566827082 0.033468225163469055 0.038416583212638716 0.07980777814049798 0.0964939089786033 0.009170236000245902 0.03407265642000749 0.040538584307003384 0.052388071369281496 0.06212790628998543 0.07412542702622453
90 0.08658205381735293 0.03392588185111461 0.06313510470742457 0.09945627057346192 0.006915310707497315 0.03031405262663515 0.10765017846864348 0.03488646864953628 0.007440086412237218 0.024641836492212917 0.015165258916431947 0.05456695084072716 0.08233062698429186 0.022994667064227425 0.1025561640559652 0.04575818432107311 0.052654322187511274 0.0256478255885919 0.048941652137840644 0.054437103597223084
91 0.030427321535198653 0.09093712307832538 0.02993139814117668 0.012705219331354378 0.006964915727163972 0.03546644104508346 0.0810360715702217 0.09579939675207817 0.06164747935322415 0.043873900736516286 0.00609949425341454 0.06218608336713026 0.014670819293096821 0.07462975627360598 0.08162822632962592 0.062485315911105066 0.05506679136314439 0.03361992644164409 0.03280038909278231 0.08802393040410796
92 0.026252814606453772 0.06346297936045364 0.018758904444243104 0.07234192489575958 0.005263022950352046 0.0366998464861258 0.029636963701601977 0.06443245123882944 0.10367025100128173 0.026021267479775092 0.08705173868023634 0.07510784221303611 0.008685153317627876 0.07770874587071755 0.11488247703112958 0.03740289296563568 0.03091052547806493 0.029304980403602052 0.08590457919157776 0.006500638683495803
93 0.026445105116890324 0.08584741828975585 0.019475702409498134 0.07566981864426278 0.020617531334121468 0.07395042388044704 0.08454368909827074 0.08699615425131962 0.0012787033553737007 0.0017963070390684668 0.0052690055145738195 0.07430618489354177 0.09683046175610652 0.10016984234917674 0.00833823444414154 0.03018482392930335 0.01954964701025432 0.0993682936599393 0.06533948530603957 0.02402316771791503
94 0.08026646526668335 0.07155409678745914 0.051335658116728154 0.00035457826982524936 0.028281702007228855 0.04334049557299943 0.075728972759305 0.0870998625497175 0.015369438634704686 0.015460902887478445 0.02057721725524728 0.04477144533731077 0.08636752568269226 0.05053657692245472 0.06819767023342889 0.03810961296393012 0.08087730541706775 0.038165438511412325 0.04271041196661695 0.06089462285770912
95 0.045056299364334404 0.07750590605686226 0.014017938752873434 0.08430063298703344 0.05621444193081188 0.06971398107251234 0.09079592012667774 0.011558720452832499 0.04878914133555818 0.043428171980892355 0.035333085461475365 0.037336890559592356 0.003421220875111687 0.030458862373479945 0.056870985299340114 0.09160952271965676 0.06985181405576824 0.0029344734251363714 0.048641700512812434 0.08216029065723822
96 0.07471629629781103 0.008840101303060935 0.08456384545200737 0.05352008046269632 0.03168423547001511 0.023971158592866335 0.09460199641609805 0.023967898333136787 0.03497187426997818 0.057521731394240966 0.09394736567686598 0.039129236632192574 0.09390096280045285 0.07104936476684391 0.0686520637105045 0.032697304107970344 0.0008771037192415388 0.0001893642257928574 0.04531175382395532 0.0658862625442689
