0 0.009122274960027222 0.003796711862754796 0.08791691026878688 0.051787106683039784 0.014219613200143347 0.05547726143041613 0.09306318311538891 0.0033643140668078494 0.061613881221648216 0.08269575742819923 0.04225607960462169 0.03733977727797937 0.07713128309464552 0.03509469666210861 0.06297608874475141 0.09665499346228597 0.06950134536350074 0.07339695792778404 0.030399902825153917 0.012191860799956423
1 0.012335201188466984 0.06998656034030373 0.030936457246517973 0.03756961343876237 0.011810928745247244 0.09022761551238549 0.03938228010625049 0.08969874791271955 0.06075990055441795 0.013004836414782941 0.001972925455852059 0.046669999302593974 0.09061531753165958 0.09298687227998827 0.055877082284734834 0.0863279468201528 0.056223291220723975 0.0003777421452765546 0.017449284813298646 0.0957873966858646
2 0.07641395700043355 0.016251603994370832 0.0034703280406985972 0.08547790447974933 0.002122167582563101 0.024425239147541182 0.0021210074645980886 0.03741374960542073 0.069669275720055 0.08174045125492771 0.09102184183543355 0.09407138173987449 0.02220596888082052 0.0267041945442377 0.07217319703971785 0.08232745342312482 0.08133205041626065 0.05932475262075351 0.04110528467068762 0.030628190538731174
3 0.03910593715221096 0.07428298035048113 0.08050500785761847 0.08219373211243552 0.01396924386431939 0.0747204836396795 0.08511160292104418 0.0007763381825436412 0.006598590393448903 0.054943861623338856 0.06214568548128589 0.04215729555061635 0.04937654082060835 0.009519950220298647 0.0012759983577576163 0.07709078338275857 0.0731622459910384 0.0015848086655375667 0.08963516047503108 0.08184375295794676
4 0.048816080761417385 0.025634334162023136 0.07374127573270972 0.029647749098074022 0.054255953675946676 0.09115871186988045 0.04472789993601525 0.09233988199637783 0.019219549951401148 0.03165520175288598 0.03293861408846195 0.0818699612996331 0.01490624568655628 0.057801131800436986 0.08448392131148505 0.05112268380688807 0.03095672358316928 0.0464589371698241 0.007554448481854698 0.08071069383495894
5 0.033429550453864226 0.10430442056321569 0.06990832227875735 0.09852069027548466 0.04777076827867607 0.10522087070608713 0.007460648452284528 0.015965519445258994 0.02739776514241605 0.03889704734769049 0.06680350987457691 0.02856969956129245 0.025245157613142954 0.047379569264419046 0.10020792303276256 0.018239984928911535 0.0021143214375106793 0.0643085293714844 0.023281307556339486 0.07497439441582476
6 0.048770444501468974 0.04552657217176537 0.021017139792306294 0.050771704161428684 0.03530436854555147 0.018975268906395802 0.041411008201866585 0.1046772841298475 0.03427905999731559 0.03695074382358799 0.024458840415010532 0.07709780930272313 0.08544826163255659 0.03241130331287946 0.03602790454971728 0.0310293386489632 0.049393124703306104 0.011043043882201842 0.11309070014011556 0.1023160791809922
7 0.0286141479454545 0.07457374906654819 0.07142787054466293 0.08270317821335398 0.015756706732053472 0.037974142114031634 0.036305549102071885 0.06411540928075468 0.05221617419056738 0.07226925607603325 0.07136841628064568 0.046171685122369376 0.045357540092497706 0.0193282533760107 0.07592747797397226 0.06013011978067333 0.08513807510923545 0.029401284119366104 0.01931140433895521 0.011909560540742442
8 0.10460495416875583 0.002021203904349359 0.033145030284189116 0.0012130608497056268 0.06786294901647354 0.07589334422417038 0.05381749137845546 0.028410408791883154 0.09055974860583708 0.022970626548906418 0.10730803186388432 0.037908257531404164 0.10319917203595552 0.09526214068803501 0.009646169665980045 0.004493144006301124 0.0026130722806569887 0.04829240012751188 0.01862011853484507 0.09215867549269985
9 0.0017916826024513659 0.03320285986830449 0.08032269842993646 0.03522664594199476 0.08278015249298912 0.004160511732183055 0.07976459603101124 0.014754947817156538 0.0533078766982003 0.002144557112345196 0.04715810448429952 0.054769956527959275 0.04701119803562697 0.0815742052930096 0.07381318353174404 0.06256905707128135 0.054270622864742254 0.08068353910124591 0.0729511977496602 0.03774240661385823
10 0.04252957725626193 0.0377481455103436 0.07599599980171726 0.04201072532623606 0.015190517451295849 0.054499455280024006 0.07515849668238249 0.06978173838457911 0.074427676568381 0.05096771785381756 0.07406431990732387 0.06971486190903445 0.06765917183655012 0.0007103321982002544 0.028009123489100757 0.03251907711088152 0.0684899211903645 0.07360239938047201 0.023020758244812332 0.023899984618221272
11 0.08638165503056831 0.07354910252690806 0.09787346554109166 0.05049529392898076 0.09998207475060171 0.028139030150423253 0.039655099077947155 0.037432221261278924 0.03374236555164742 0.021003116131029415 0.08713333686452505 0.03801362100071987 0.09052449317925582 0.0005352771658926405 0.003931354830211481 0.009248594398710041 0.062411626084393115 0.05054192271111248 0.05391609424251089 0.035490255572191855
12 0.07949711755390491 0.01330520448912673 0.038438146374858664 0.004473108998391511 0.012625004048347238 0.043730753613690006 0.09596237891322357 0.06262366246551437 0.012614703839764369 0.048896265345072215 0.059332206442993154 0.02272691151444912 0.09010510716702864 0.11333173777582412 0.01847275536280621 0.039732046840553724 0.000981685065410879 0.06425654354607538 0.06843046257338072 0.11046419806958448
13 0.0632068918630598 0.03430908258107349 0.06368892621560038 0.02798577311956063 0.09103785787281035 0.030397536874522915 0.03887388228651749 0.09110667885466582 0.05812666471684495 0.05645281823827754 0.05440243719879797 0.07868077219116448 0.071979477192922 0.010971938089058685 0.024395728414189587 0.039206279225029804 0.011591490937607786 0.0019095237682831628 0.04984626990033182 0.10182997045968124
14 0.08546093483981008 0.03811399932049112 0.0859325227109788 0.03294927987689729 0.051471971182463376 0.041452591391328834 0.011605630560213095 0.0808224000950144 0.01401293512055862 0.007954879816649937 0.09369370857205819 0.04332979435281868 0.08379508944946412 0.06819065125307457 0.037063469918139684 0.04506052142965686 0.04617134324407286 0.008528091234996133 0.07567390607417762 0.0487162795571358
15 0.09324500498674314 0.06947678009848021 0.0398110761775645 0.03756133888077828 0.050170109369100734 0.026707480050254473 0.046030231266016415 0.018862568470253808 0.03181838143879452 0.05852178579347265 0.05441098466349626 0.06560524987195855 0.044117264864990687 0.051573040051678856 0.012775114643425262 0.07362657889946408 0.01963633921420594 0.09259526361986126 0.08150023879004432 0.03195516884941613
16 0.011459816942852362 0.07844060893293774 0.011504934429666203 0.02623950600202279 0.10317667649979793 0.0748640506289229 0.0023644069241315325 0.005930029864924825 0.07366221008775257 0.015724966311162988 0.024985128587283228 0.07116842601802705 0.08172736581086981 0.10499940743315983 0.01802708530230344 0.10424536326235692 0.02207511528156123 0.08878577574820948 0.023806789450882184 0.05681233648117498
17 0.05357159321390883 0.028942583267561144 0.014841309997276559 0.027597030496927268 0.04972279406993831 0.07774266102048347 0.05880123862227109 0.04220524081166146 0.07189926022129046 0.053230057022238694 0.06835077256182298 0.07589730056871766 0.022732875991489928 0.05509970624272744 0.04389895969685266 0.07000151271890866 0.07784182458946623 0.01962180891050093 0.04630640801972216 0.041695061956233834
18 0.017676935398817966 0.057573458795865395 0.06589948312192369 0.019515639074929557 0.07192187219480334 0.007893638063767021 0.08717561824534198 0.027158966374707806 0.07496863554410708 0.057510148938589946 0.0471608717240038 0.0500567693831279 0.0736376578001176 0.07595089930432646 0.06296688304354117 0.05850393268171838 0.07823197927785501 0.047682836330896934 0.01757441707892709 0.0009393576226319873
19 0.03169133450514512 0.010244690025944943 0.032870807840859516 0.07231901510977266 0.07065943846930575 0.05602714803781546 0.04739414825680281 0.06878633777384204 0.04365368768947417 0.07502714679824837 0.03137284140399444 0.08986375774431946 0.01857228328797972 0.016373707831547568 0.08183896604469833 0.022028083896883672 0.06832420663532152 0.05083837902483861 0.05537336963659784 0.056740649986607945
20 0.06980442683429233 0.06945399596580029 0.01895355964956792 0.04210911499589803 0.04690283137862426 0.028465298701880984 0.05777313144482671 0.041742290923662974 0.05241510131738608 0.07474483636205867 0.05986738103572567 0.029426187847333807 0.0614376331056598 0.06501266800616745 0.03827510824918626 0.019435891889498163 0.0627541040654421 0.07997874560734677 0.07548727168995137 0.005960420929690365
21 0.062437533973306945 0.06946163128914734 0.07455467225205085 0.05762077298637756 0.02275962418888424 0.01611377081475509 0.02901848469195416 0.039701019039561435 0.023465570122750665 0.06345380726480201 0.0804331932750143 0.08561957822396303 0.03832794224142414 0.0380709092871406 0.05712061963471771 0.08462804958446013 0.0595935953253544 0.07355522888570613 0.007946327992422092 0.01611766892620719
22 0.005617034870024578 0.06569426988453725 0.032484812410593665 0.00894496445823382 0.08508141367303598 0.016658957457492175 0.06704835349767632 0.07824741857349427 0.08361869020837093 0.03720503552857165 0.009994866443559729 0.00725720391716251 0.019336449517777597 0.07000555381539574 0.09174245993945312 0.06449368195665187 0.07845250964830595 0.06007753833218111 0.033336207119645966 0.08470257874783571
23 0.03147179745738676 0.07678925232870068 0.0041162920952919945 0.03386593656427121 0.0746982073967197 0.017501701314243827 0.09651248284848547 0.027918764870794203 0.034634989115606765 0.08691895213257164 0.04623347022286332 0.01129184197742052 0.01057470531369782 0.07169708618180876 0.0671706903260799 0.039321816376067305 0.10119168559048768 0.09099203579144667 0.061339726476335524 0.015758565619720166
24 0.011195741503264854 0.10629192715102904 0.06644702450753558 0.09606743433103514 0.0041140352811167005 0.0892251179248239 0.08278640200832806 0.011606027296782227 0.02773788667608356 0.06980189863220425 0.05085019332864835 0.026315768607273162 0.010104221015024888 0.020930927393484986 0.08001896191272563 0.014649563751812757 0.0923171032436668 0.08454838162178344 0.012170537254028665 0.04282084655934798
25 0.07498287071200616 0.06535414284572708 0.06321409541999576 0.08756556975039519 0.05069959664218883 0.07108314551275699 0.053565091442141034 0.012861589810337845 0.05490759923596454 0.002569718517106869 0.01057412275451015 0.012498711051566668 0.04413121432964559 0.08134707664005894 0.05081145998369786 0.04938320639601801 0.040876591345247223 0.018650862625725864 0.08060492398063224 0.07431841100427711
26 0.039743761707835154 0.07486325169739526 0.07585383779977735 0.008805297606701554 0.06288950267826433 0.012599227137872773 0.009470310587745312 0.04075001612387036 0.04398576729329503 0.10566355449038077 0.01054676771907105 0.006387874836139155 0.0737214169700146 0.10381176840787994 0.06033137820950157 0.10082303956253987 0.025331242124160335 0.061465440601507264 0.06707243614562916 0.015884108300419225
27 0.04135033365921198 0.03149115134889683 0.0678069716155575 0.07655139182407479 0.07277037642969188 0.06998131780105121 0.009095080963065392 0.00826449147638078 0.06596251886948719 0.06602228177100332 0.0013322516442840335 0.08081057142586887 0.09636266816331596 0.04951420615590928 0.016362722164617552 0.07431891629430891 0.07636482326545647 0.004515780429324046 0.04964815462895322 0.04147399006954075
28 0.016120205796284058 0.03823510972797668 0.0851141510942085 0.04260687378385185 0.06814144916160204 0.07383109561806488 0.02744498671727326 0.03163703552341596 0.08663351445786871 0.02715260836578587 0.08854929919467798 0.043154918206374536 0.015111772443417886 0.04743003765167645 0.09603714362216152 0.08812309479535614 0.010165234467591773 0.015135401212686406 0.08470955307694983 0.014666515082775809
29 0.014986760281127625 0.03871847978474907 0.003207899955800364 0.07062524523098362 0.06141764241715697 0.08140598745178235 0.042129497953995336 0.06673068064018332 0.06403628465477254 0.06989103585609269 0.012015405072529779 0.07015263485924504 0.01732499956650218 0.06982420125179194 0.0676906937656175 0.04203146186555198 0.009123058209940709 0.0806285461978821 0.05010001086445241 0.06795947411984248
30 0.0398548364853191 0.034441566175232904 0.05135453713975746 0.04620088501111163 0.09870195439218928 0.07458810363394369 0.05412255253418307 0.005407334450492499 0.0259772237016775 0.05143181539533353 0.050395285426377424 0.07307010133044353 0.05474765674601891 0.02229458929430037 0.031005122367820593 0.02964153308831973 0.04995329051589078 0.0362316888860046 0.09202714474743218 0.07855277867815132
31 0.040503934118537095 0.03694371947958357 0.03935288076149814 0.07140445572722896 0.08091399489571417 0.09140162467666874 0.010643873884110599 0.023939585694299763 0.051307128397225094 0.07416983255965053 0.06390766975907554 0.0355953533180678 0.067755572938157 0.09230670002494036 0.03652222784661165 0.0474514281181626 0.05087826058136181 0.009188764713354563 0.03797925742439413 0.03783373508135796
32 0.04599298382889515 0.09370059809631225 0.10380350152988836 0.05952352292677082 0.07389434691074971 0.08044635088685546 0.022342301483517443 0.03703375855322786 0.034389921927589585 0.0775644164610782 0.051600251066843246 0.018314647719591334 0.0719169577781815 0.020519769443813562 0.02236251299198266 0.010562073797264045 0.0634205976119109 0.0659628849813772 0.033222626802248904 0.013425975201901892
33 0.09035832413013263 0.0349603019779452 0.08390133687447429 0.03624853279649071 0.05784961583761584 0.0676905093588142 0.04775577573976675 0.035478701533424556 0.023473683757005114 0.07548384129713391 0.040111150384939745 0.010705336075901795 0.025383245237312245 0.009834485992223965 0.026545042408557432 0.08198759662998423 0.044209765833132325 0.074526222678475 0.05407654045817555 0.07941999099849449
34 0.0826800142822372 0.03575590589693879 0.02436017619373697 0.0588776145328338 0.06190940046913582 0.06141035955558895 0.05974490164409448 0.05336967069053844 0.051508811799412746 0.00919065533763762 0.05567773809524905 0.07220328782248356 0.009689713151271347 0.02203694269852019 0.08250264707092485 0.052184027119893575 0.03273911658235469 0.06530638201163441 0.052624314878005125 0.056228320167508415
35 0.06581163973229401 0.08243011053082591 0.07231283430841919 0.0364885220086976 0.07629444752873335 0.003917023808236354 0.010853600355373024 0.06678427058965335 0.054340496299360004 0.007400114654715191 0.04584924408910518 0.06705597735936845 0.08059531374981029 0.017262926518125502 0.08283873856061548 0.02847072919842665 0.07068841068972777 0.046588798368900584 0.07651981444929552 0.007496987200316699
36 0.07066243302319788 0.057391328349790334 0.026807117726186592 0.05846245965451665 0.0694750866510409 0.0671516234321733 0.06616535115143263 0.05978720409645075 0.04555894647277383 0.06170063727602655 0.06729194229358161 0.054889968405710844 0.034564578443752235 0.00474855433900894 0.05223262842563615 0.024090864966967884 0.06415366865287697 0.032484823640303605 0.04494700794504764 0.037433775053524715
37 0.015294805364987158 0.07752681282102683 0.0855997470135199 0.08306050138921564 0.031753621268888865 0.06370537294965406 0.04076185617392191 0.06139324768480923 0.06091635130911564 0.08432031800082518 0.02899579695632809 0.04431745839859162 0.0352054153013581 0.07317937774218661 0.035058192926842265 0.004586349049406713 0.055310580205596295 0.04736860337706627 0.02097281496724541 0.050672777099413986
38 0.023923491352568264 0.09215914818617482 0.017529735331116836 0.014074337351917364 0.06281240658743184 0.016666309263927984 0.10001096190390169 0.07530662771236596 0.011630609281729744 0.037674476076096294 0.029516861769565885 0.09874812827701018 0.09231046681710851 0.004110098229301638 0.050290871458070416 0.07376107048547899 0.09565189956447537 0.02706161423322158 0.017561104432330943 0.05919978168620584
39 0.0599520721382842 0.03038618642485941 0.034498667909463245 0.027028703887291717 0.0965500170276097 0.04443416847037998 0.019000930855096625 0.02572326648449621 0.09275631309374939 0.02920358975093237 0.04117433779202458 0.04700330816974597 0.07926891650874479 0.00580848942029169 0.08347812948147003 0.10064956988332577 0.07461697163916155 0.08260301990897229 0.016678046844350668 0.009185294309749634
40 0.015948688989456037 0.002059432880323137 0.011699824438067151 0.01855045790742608 0.060529190195820176 0.10599629101589593 0.04100925557169298 0.05071597092887922 0.052958433988808604 0.09064051748785633 0.05788686234504624 0.000258530327815954 0.024676172916713944 0.10206128038772595 0.02872186165886821 0.10133704908484956 0.08004450124765816 0.09458929918472742 0.029373699424054916 0.030942680018313864
41 0.08283357970073058 0.06344916947568259 0.0599824429084947 0.0848126152151615 0.08749591244767618 0.0035141522534375786 0.01954607212227032 0.08819574896625205 0.018506538777723867 0.08693870598585239 0.013655043323600971 0.054332714403413494 0.056458554543973534 0.008989319027116962 0.0890892603944551 0.02837950348156826 0.028519308117295396 0.057906763770599536 0.052903637568540676 0.014490957516154047
42 0.06619772580473912 0.022143316745070456 0.08193683817121389 0.0025639407176750394 0.09579049806858818 0.08293037617798676 0.06678197016296727 0.09368985563709635 0.040925016448336765 0.01909000822174614 0.056665805095713236 0.0528256922061534 0.014919304715703038 0.03162876792672902 0.08298651406851669 0.03423772670605766 0.03754935153190011 0.02926274008376086 0.07892089485353303 0.008953656656512926
43 0.10341103079435722 0.03607089386635386 0.08569281829957187 0.08182944805014747 0.04927226186637728 0.027507192442721384 0.05299132710581018 0.0873224041054554 0.043052078570877686 0.0032647894751358596 0.09454041163637325 0.054275920045955064 0.019084348551609072 0.03061499480783908 0.08708934822991711 0.0017674867924569564 0.010748657791999 0.09380245443539632 0.009823661356877574 0.027838471774768316
44 0.0704637611397991 0.05206190102184298 0.04129320446527466 0.055030545173718366 0.13022106299884062 0.10082844495564512 0.004307111853545076 0.02116101293929553 0.013623592078579617 0.09777681876734949 0.10446849156747567 0.07165585083043019 0.06444579559947461 0.014440743613892295 0.05958658192210312 0.002690791460507763 0.005482160888590411 0.03174711319745515 0.029141776444438827 0.029573239081741504
45 0.05191991670948748 0.024548177784044167 0.11341280780229462 0.10144506838029448 0.0010874097261963265 0.07342960899031403 0.017531082220224443 0.0764757027085687 0.038710780514389656 0.051801265612046954 0.024311156768693214 0.02193225940428405 0.05294758549247064 0.016054436107200476 0.039303745891685435 0.028189664021879283 0.10291517775864414 0.08631717124266318 0.0077970743000643095 0.06986990856455455
46 0.017850327321053423 0.010211218521525813 0.09231787817069945 0.03769885340324986 0.0890225715953708 0.05854867076724718 0.05724133269167551 0.018650746293470674 0.06732041847338613 0.06500104558549039 0.043868116878293346 0.10623552255185713 0.045006476521377056 0.005201559427038555 0.06864231538071394 0.01832485810166753 0.0006647648937439332 0.05580171943340505 0.04005766674105621 0.10233393724767814
47 0.08101377911867998 0.06495333974763307 0.0035881995506292486 0.039583630293654914 0.048185621096888474 0.09001460864995488 0.05204472714409354 0.00919202317624522 0.030421093529684237 0.009425274408850867 0.06988152936218854 0.06196776390850591 0.019909447660272868 0.02694264598953541 0.012846567606926542 0.08924717370025044 0.08546493817880481 0.024720092271383616 0.08439543147836726 0.09620211312745043
48 0.02365347496802786 0.03031305228534335 0.10696752616984322 0.000285990449526917 0.01673098007805711 0.020838335310667425 0.05003420555872205 0.021185598680847406 0.10681031590338805 0.0526094025090438 0.08271463798795987 0.07085325862966407 0.09607294466687455 0.008568661010181734 0.04483227301613523 0.10932234306816321 0.03084969976256495 0.014754600047043213 0.08505391460197154 0.027548785295974345
49 0.061771034156124734 0.08685669201533017 0.04337210335989512 0.059095690473469784 0.015074006409026997 0.003494903365772648 0.018079201089056522 0.006800464402027221 0.032538011703057645 0.06786911082555522 0.023356006064483348 0.09323294460423599 0.08469790189168538 0.05927653542203754 0.08863983706827648 0.036115515092190416 0.02144264095103101 0.06345205458984109 0.032602380369506585 0.10223296614739613
50 0.07805742458505682 0.04371013312425335 0.0395401060613734 0.07161990479620996 0.07154873564974094 0.0788282056362765 0.01044180099962493 0.0445120066725586 0.07569784806890324 0.011808831091987852 0.03895662436659976 0.02858051780401333 0.08266829803916638 0.07706126775948326 0.007347761707407406 0.009470030115787915 0.046120453268222124 0.0537356214982488 0.07327458523474108 0.05701984352034452
51 0.06195518995469452 0.08983144893880422 0.03616854498308065 0.08394768863568892 0.016487383998994628 0.08643153227015313 0.015460526334027226 0.030330474431954982 0.036864587692300464 0.05120809400456199 0.04062430372168389 0.01888599798443022 0.10094738264335862 0.09752695951285319 0.005349125178565643 0.030432889378560937 0.0012374840133961916 0.09623297349217665 0.019928061701695816 0.080149351129018
52 0.000524604573531105 0.07537364489258937 0.10152279741274524 0.08136418590186165 0.08018799470491013 0.0896522450663884 0.08615105974674857 0.033534447339069906 0.024704060703803096 0.07379921722572079 0.053086600577650044 0.0007499323287824762 0.030130821767469472 0.00451846338975948 0.10497795569342616 0.002122461735120412 0.023862848964639614 0.03287467617762662 0.08379604752002948 0.01706593427812809
53 0.005002543208661956 0.0429863855975825 0.07371931615019137 0.05420621352951455 0.08531883686597865 0.012444745524593407 0.03672748934363372 0.016478266048748164 0.07645434095616117 0.06373153611946003 0.01576087382964893 0.08077780701972083 0.05812017212965448 0.08798531065311233 0.014010351023084535 0.0894012094258662 0.039910475583765315 0.05327701141156142 0.07850378275608143 0.015183332822979125
54 0.0536468516168074 0.03307634293759619 0.02028502809197746 0.01923136947147922 0.06292007351663033 0.08247164013317435 0.0033040787289991464 0.02435915214210406 0.009832884118167332 0.08113128909645427 0.031412266374833 0.0902827251007013 0.03610123327810878 0.05465431003722797 0.04505259284823085 0.039056662832852744 0.09015348718688818 0.07385223657625974 0.07941831308725987 0.06975746282424787
55 0.029051624807571945 0.06300208989160903 0.07170670961201808 0.0729808400882464 0.06829202777274108 0.06560595190114908 0.05606044967702231 0.03442414421556383 0.03587798898148942 0.01969020594676462 0.07930624730723033 0.07250365039872238 0.007899256501083734 0.05875200074612349 0.03783097749074459 0.011243907128048684 0.016173462187617872 0.08083209061434447 0.036093690210720515 0.08267268452118792
56 0.013574622423790516 0.04702095559531913 0.07116003989839131 0.06152115883788547 0.04602154257437976 0.10517544375097242 0.09564612203778076 0.03842367769176056 0.058302524900072504 0.07374152957170155 0.017941388300123963 0.07644870123488312 0.028534002855974544 0.055902023099325966 0.07738698524717881 0.012569902099661152 0.06480725370402945 0.028070449659094627 0.0031830956020215324 0.024568580915652477
57 0.02625680955403591 0.1008770699091434 0.011947756367058799 0.05913801116605617 0.027092571938626506 0.004943235762619415 0.04641728930938996 0.026430125575959515 0.09154991466890693 0.02089518960514402 0.018236749742314425 0.0673453444721491 0.09707338630426669 0.02678209700841018 0.0847107118194556 0.0994675729019554 0.04640091100322751 0.09088896085473218 0.029539824230698675 0.02400646780584963
58 0.020861542067293144 0.06662095512708875 0.05036380476650361 0.07329057389060026 0.0024362617209883536 0.0746574130051467 0.024199428800057 0.016659655670142232 0.06282962626095516 0.071096149367145 0.0790064014066249 0.011533866450076792 0.03757328080885544 0.09420497268880317 0.07638019750661644 0.037771351065386476 0.06555581890150122 0.05916196038377909 0.06235971034483339 0.013437029767602965
59 0.08244935571594825 0.045363895830871005 0.028698783017563446 0.07286818342427166 0.007247812452720956 0.07901643731347867 0.04975438099151893 0.026049443644934143 0.024925481211852302 0.09926098272047922 0.047557156439681225 0.08509767424790705 0.0704146898327138 0.062052628474853176 0.004713331506168097 0.012670898750997975 0.07952127398131971 0.04435169294197973 0.04759953336486903 0.03038636413587164
60 0.08856780011756844 0.024231360595287063 0.0011522512994741475 0.001185402861433657 0.048637854061516786 0.06804146874526158 0.015384104176839258 0.06952946865831576 0.037593333211269495 0.02079174829080532 0.08454948711497907 0.0280439474314099 0.04812139626290427 0.09173415201200294 0.05182058238909798 0.06351876468585349 0.06319465116133376 0.02699258968201275 0.09241000041823841 0.07449963682439607
61 0.08430965996606761 0.03882468994339286 0.04674742894609797 0.03161362349455611 0.04433164258353275 0.008362435806636424 0.008877476192753546 0.10919301451843193 0.05055128960745601 0.012863173210905405 0.03920385254451263 0.012361081736374374 0.025123564717526328 0.07125975003948738 0.0449351395862216 0.0389854151616309 0.08753952496986463 0.11244564191868271 0.07170052538218803 0.060771069673680844
62 0.023561482192899434 0.05669385790431886 0.025545637808839762 0.09770122961196608 0.02599341983946156 0.025494310037806136 0.09257967186918914 0.017997140833084246 0.01564252266019358 0.0584784929300614 0.07823278610834082 0.07610900235423952 0.052689938287418976 0.04799065685591994 0.0179078071148115 0.061311714974242766 0.01921424584700003 0.08168499039425704 0.09747881053954634 0.02769228183640277
63 0.024072102736091564 0.06838474956143424 0.05863603326865836 0.033295534388642335 0.0821114143732498 0.03079517134326495 0.08400826532384836 0.08427345350626236 0.034454715519377795 0.059721954781205136 0.09148725104800623 0.021096815261638792 0.07370774504423039 0.011022647756038081 0.07003733296965893 0.030094562313200946 0.019863379517567184 0.0572859125517201 0.02889227924526837 0.03675867949063598
64 0.08157260178025212 0.0690209887086903 0.06603855024090108 0.005209918900987035 0.04607842261417689 0.04532950888335598 0.064379937484557 0.08810124990907955 0.0651431007851722 0.06035493321294716 0.08534336075017981 0.01308052815694199 0.03962809286456057 0.06871288552717848 0.013864416585464369 0.04148671044236327 0.03355158376507935 0.02311819957198326 0.05191215831777203 0.03807285149835732
65 0.035886990803403095 0.08227175741307047 0.08179375359484137 0.06573935348413881 0.07504296196865995 0.0015443661033895412 0.04174906749763923 0.07814287040949557 0.040342604648174366 0.03646921023555291 0.008125435231412024 0.08844683827028961 0.07578735330943041 0.07681285419624637 0.03346439521111094 0.059928408128593694 0.049653634355168584 0.021640787934193596 0.0002015607853638724 0.046955796419825606
66 0.08098628585283471 0.00422922142821995 0.10424967870047638 0.07897680717015382 0.021244703062884444 0.08057385282319501 0.0655497905837683 0.054577710076903395 0.049822592535559304 0.023971600352572554 0.06660725803753768 0.012340257641660895 0.06989107563115153 0.040410811464270203 0.04202600744540721 0.01098593824693581 0.02603821716501791 0.07669900615023638 0.02919570147425157 0.06162348415696289
67 0.04259747011809895 0.024087121155328635 0.0348565179825783 0.052260920236599825 0.06404992614913177 0.05671391021208583 0.08746370634796787 0.04723938147267438 0.02320368594203541 0.09842564501980185 0.08133524611265627 0.014587145755516675 0.05071970550892104 0.018115380923237837 0.024302996390833945 0.09398759291642268 0.03482847243666454 0.03736512653118707 0.08058541988346664 0.033274628904790375
68 0.0447390523139994 0.03843708366631644 0.029635642414979742 0.07185491162012235 0.01751178595970069 0.10426151370454649 0.040642080755571776 0.018543121841918343 0.11429127267752563 0.009311615630101239 0.060747485213592016 0.15186366760859613 0.00782119075275725 0.016107562104904355 0.07543885227555884 0.05519783438417878 0.07810770521415082 0.006814341066861681 0.012627684619923875 0.046045596174694114
69 0.005247542898258114 0.06862159826683982 0.057153132226219504 0.021900644003646323 0.024612838100231474 0.02096539446317541 0.06405328290047332 0.06764848704689898 0.045689202419705685 0.05486159054733297 0.0080034497824959 0.04101052682564548 0.09131500559646369 0.09126536521862876 0.05299768618831514 0.0354108739007484 0.02072797928601088 0.04747113403781147 0.09891461475183122 0.0821296515392673
70 0.10525338629402567 0.07030794738359236 0.0037908911318271293 0.015787389342438608 0.015220276055613173 0.03401877437143107 0.03861516422917864 0.08097393670288235 0.042854450630491245 0.04436613948677849 0.0019462951302237788 0.10168379606998643 0.08054957891160446 0.09293597381574034 0.0787668691415636 0.10022218839689818 0.04508988995124842 0.017817007876453066 0.029332067334216425 0.0004679777438066735
71 0.028698681065709167 0.10047782872115538 0.031376265628080977 0.008373575405224676 0.09036550242509905 0.0877768695432584 0.006436367700918482 0.05959137130048451 0.1011713339596612 0.030186302231403353 0.06194572532609554 0.07956422065677267 0.06793397753562198 0.09122660566480387 0.010171421261194708 0.0006528070416187745 0.010653193609380563 0.046009957452145006 0.017987748268491265 0.06940024520288054
72 0.08446196787740087 0.07514290958050444 0.046334832902635036 0.02929079777027059 0.06439563261304847 0.06320811187519833 0.07669731324700237 0.006835419117775674 0.03912073741466699 0.03458302377675421 0.03856478828548274 0.047960832027048504 0.0920607336631288 0.012391460680232745 0.03448181470755483 0.04467683801407603 0.07953482976421031 0.04178008817410536 0.002309559552857516 0.08616830895604635
73 0.061016920731112353 0.028859321527564985 0.08315159417195274 0.05278006605262584 0.09041024389981077 0.08325941270055995 0.04240074667950429 0.0031529601095785184 0.06542623199822419 0.040399951772991716 0.046889797127402565 0.07366555157116805 0.11949453588461298 0.021470669708286177 0.04742949185225659 0.009588127889402871 0.09051826732357203 0.018651980374003344 0.0013002842894356405 0.020133844335934684
74 0.011553918178651682 0.05764755315934569 0.053606423971766695 0.08148258903906136 0.05094101796864809 0.08256822848778014 0.04209697472719536 0.04992634723138585 0.029903933752287674 0.09259961524078808 0.08891989886770878 0.054828276128268155 0.07113504001575947 0.03773720008306047 0.014547242989632603 0.012919962360394489 0.07116133687473157 0.09466592706323138 0.0010389146959237535 0.0007195991643788214
75 0.07283917916008147 0.0007656414919705726 0.01104633792117121 0.06888145603308522 0.04534871400875871 0.005871893357361942 0.0439675423910706 0.030532051486121013 0.021768377557649852 0.07426167200359125 0.09287187619521538 0.09220926848142746 0.014585438370864888 0.05008957638722208 0.05203526978398008 0.061364906443700476 0.07291926244978936 0.03881386741484695 0.09459374553746558 0.05523392352462597
76 0.03646448339866305 0.06814319832986587 0.020522335608575217 0.04202717548643579 0.0047432007470306035 0.03357069804447677 0.09847635820881753 0.00020818499606422864 0.10771494603912354 0.002617522421982321 0.10031200946598301 0.04255232984824396 0.07746750351594174 0.016182754302633686 0.040741222832062614 0.06758748152596568 0.05800261682232872 0.08870294958964912 0.043474944520856054 0.05048808429530045
77 0.0033074576963482392 0.026140245401717117 0.06890290501397232 0.0850457282207308 0.06316237353918125 0.017555426499342736 0.04624699127079739 0.08473529440805792 0.02899541404669482 0.0861336528205154 0.029502804394656426 0.013358268643116752 0.07774452896514267 0.06721368046754883 0.08393650163690332 0.05689258295241757 0.0540492970366074 0.020155810006094163 0.0554553294030833 0.031465707577071664
78 0.0038332811666812574 0.04243435974994286 0.0033106847249256438 0.02050518648792781 0.0007921380802164944 0.005734416166639747 0.0755819244280671 0.1199385184897283 0.09503471420386499 0.11855168248953359 0.06113234597675768 0.007997835616871347 0.06702451637636996 0.02701375064653892 0.05556527479633131 0.12214048418697138 0.00930987749764513 0.004381594384002924 0.08872182815432443 0.0709955863766593
79 0.03400112286516407 0.088562210809474 0.024411734755355168 0.012009998383881048 0.07936346495621009 0.07457517662876659 0.04590297259118086 0.0008200408298053916 0.012939881803296947 0.016196418084692195 0.021473899208137043 0.0388680475939205 0.058144387739474765 0.04739946825625472 0.0271808153163006 0.09994445519137254 0.0965446609438377 0.07700931693469855 0.06904160481952044 0.07561032228865663
80 0.057811373746178896 0.06909968985039422 0.07601891343806039 0.04876341416251411 0.07451436397863608 0.06829170991685915 0.003979311736337789 0.03866605689195834 0.07688358986203223 0.0219257258314861 0.08121492669715624 0.024252550995804083 0.06542093309905718 0.026128320278322844 0.010592277817719679 0.054592256240474875 0.07384590751089343 0.003601884852905484 0.0234992120298137 0.10089758106339523
81 0.01934645632371527 0.01010704396781911 0.04682683953215466 0.06562304596067384 0.08493970378423252 0.10128262448013367 0.01409040135858328 0.10075997823693021 0.034750407526340205 0.08592005076126069 0.0727143211837103 0.07786126298727321 0.08509228279688687 0.024515507553372617 0.0008423702264205383 0.021015644084683902 0.09695466679501828 0.023092334084254217 0.00042274836876402157 0.033842309987772615
82 0.09427170222316843 0.036584987900672106 0.01683052122778174 0.05374286553991324 0.07493852986179571 0.020000980790789477 0.027654484065222397 0.06254233679780433 0.0692996010078888 0.05687577275059903 0.06279544730420801 0.04496786452843696 0.02626574889926389 0.06725493954964572 0.008781403819661084 0.07631973256729983 0.02959245534855685 0.020976042665991002 0.09547846073275931 0.05482612241854222
83 0.03598018855151774 0.03344483448436784 0.055640314353543066 0.07561603523157594 0.00887399009604283 0.018002717951706087 0.001202329807338801 0.06498199682734164 0.04490215710109785 0.034524750085900786 0.03639784367824714 0.0571085405379296 0.07849307056524325 0.07351755384988219 0.02329585947978834 0.06543206514450711 0.08391509471897281 0.07753862182076356 0.08377875848476246 0.04735327722947103
84 0.07694587743411312 0.07699584834115333 0.0796105948499973 0.03477287120262788 0.0057810505680303895 0.07965019173091716 0.06268401468691287 0.0708726971197396 0.07103322810399929 0.014914875746883844 0.05126847161690757 0.046360265423352566 0.011387644305743103 0.08138380568087646 0.008889428948897733 0.053376202063373 0.0682201123104629 0.052832804675842886 0.032352096302006014 0.020667918888163102
85 0.01647874680164249 0.008882065902790955 0.0389578502586254 0.025862711990937263 0.026754940516486896 0.013621525364518943 0.0877906469025804 0.07006954017827328 0.08427767882546403 0.05095268334379726 0.061243086472606324 0.0038027576192910754 0.0751004482142807 0.017137595239997184 0.08804992704332956 0.0379684268870445 0.07684048721210975 0.07982479057502935 0.07182359115453875 0.06456049949665595
86 0.00595766658973738 0.08451813287856821 0.07612881505855632 0.03392857631628222 0.07234888386827497 0.07742403264196665 0.015711327148571434 0.0729962327029155 0.037474628973749875 0.03452041639930452 0.06917045087441191 0.0468900279341058 0.05369007092836977 0.028932153629564136 0.04706914632995825 0.0032643990266128394 0.06882719435507353 0.08194830514445209 0.04008288501842051 0.0491166541811041
87 0.0482698877437777 0.02672958367117534 0.08132201129812061 0.06216125803038716 0.0609891117996025 0.04246567481956194 0.03840457340682627 0.04102918016341207 0.08833544760015884 0.05036925597669501 0.06222116378612143 0.04455917950219113 0.04437444526042912 0.030889935038458514 0.03359245539374564 0.05972422658263266 0.0396354788366975 0.008977476323508878 0.08718875206893073 0.04876090269756694
88 0.07687849775585659 0.05796896282651789 0.03635589381954302 0.044237994439244636 0.0012627279050585498 0.05173097087249358 0.03954941220938409 0.019683911110898504 0.0713706767343476 0.006387267690434998 0.011201757838641743 0.02073586970650755 0.02599636232265999 0.10387666813171817 0.02247290875644135 0.07094820465990888 0.04052368697938458 0.11105331304708511 0.10233771910161676 0.08542719409225652
89 0.03236556455173406 0.004733565281510488 0.017348010219222117 0.09976671643800464 0.08864274419034696 0.030605220241979154 0.0918260484746464 8.634061198130054e-06 0.05235372828962237 0.06270170496319681 0.029978247002271974 0.05551644959027247 0.07744301035144878 0.0744746315809291 0.022002558933434068 0.05550446774337762 0.031033422238536536 0.0625896946296232 0.0835846420366427 0.027520939182002612
90 0.014566150899930082 0.09874485541747853 0.04924312160033451 0.062098970236678784 0.07963462963764949 0.08569352359790418 0.071112033943822 0.011577194171881518 0.06577256437600883 0.06441574009423724 0.013204819224842568 0.03274833333136573 0.04672274789836502 0.08424120444970534 0.017560997142578572 0.03264195987871274 0.06775430799817009 0.06149698119833513 0.027131549193346847 0.013638315708652838
91 0.06558823009827786 0.0800980607707489 0.02128303110637168 0.00555769624591469 0.003017717746357966 0.0923936236307551 0.03538883322602513 0.02736037001147986 0.08157690230789753 0.09728622260159314 0.008472648474539123 0.09056674368601801 0.049073217678473356 0.015608719352640696 0.04161173544496285 0.0525295995087581 0.10716432051375073 0.07799530520192231 0.04200055873181505 0.0054264636616978825
92 0.061754628861449855 0.0735093036208137 0.015385377952974169 0.0058247359245120894 0.06353377642714349 0.016266616490220872 0.03813955806786439 0.06871335222298226 0.07192182885704936 0.05408941270904367 0.040201655285916946 0.07143474976697475 0.05210043851023144 0.021820092548866576 0.045035576530687335 0.05130587439895198 0.06227436363767427 0.06938182867862125 0.08536013341717998 0.03194669609084134
93 0.051040032965479154 0.07291077327646422 0.0469493860513134 0.02557186929201012 0.03543115079812859 0.06485017748896477 0.010855084447822023 0.009364172463735897 0.005649210216419018 0.06630976590704168 0.0354501891295195 0.07401488216106467 0.07767205618584713 0.0444220777107443 0.01348674543050909 0.06480614477402763 0.08461562866475582 0.08547579967490328 0.06356590750206699 0.0675589458591828
94 0.09000329260945515 0.09727432794157313 0.10820312551714241 0.07681474425971332 0.07333786187470577 0.013776385937533532 0.056740745152481245 0.07826037391310312 0.009868037448256454 0.03179920304947815 0.029753570884374275 0.020249888094576188 0.06752756996108675 0.04735839801318973 0.001437201413155043 0.02915799742734555 0.02683615805741795 0.06613523109986272 0.054071575631958205 0.021394311713591286
95 0.01380098790022008 0.0029027928617702307 0.00297390276246725 0.018381538066674256 0.05702533078555504 0.11502597617414725 0.09894624423126135 0.08373359826269969 0.10365470791671591 0.009696968762540887 0.0019987262307170233 0.003101571938776228 0.09252943551285832 0.03483819835608728 0.08081047628318448 0.02842042675169454 0.0390467723313564 0.005687846880278339 0.09760642297859129 0.10981807501240405
96 0.07615194070847503 0.031965501090446026 0.005262977002417384 0.0945304224658971 0.011165206299135571 0.013919811365324525 0.05824626845325593 0.006222538357501349 0.04072324184046792 0.042991553494163635 0.09723707910678889 0.003132082239318414 0.09924294619020392 0.10299960166050315 0.013777499440717638 0.04555355885346069 0.09476885662022132 0.06289062388911927 0.012638913793725446 0.08657937712885679
