0 0.010572464361418005 0.04321624772054105 0.09884069891574095 0.008964518716180198 0.009821711140409925 0.05752505393792642 0.08118966563586887 0.07872338337487651 0.020653129700885058 0.06677288178655107 0.05686355186943919 0.01861016491301675 0.09802760289452145 0.03236240856724835 0.07175025731967148 0.06538189741698609 0.01369589524887356 0.024023909455967263 0.056540636881955375 0.08646392014192265
1 0.03952250227834803 0.09408975628224794 0.08642498378341708 0.03953217513654507 0.055424647900651686 0.09772676702911996 0.09484160443462672 0.040612341436288835 0.003281915525940461 0.04645661048101173 0.018961110502254037 0.014503057248094493 0.07160970482595282 0.025112386609422305 0.04656968941180906 0.10021982672101794 0.048299732462447224 0.01835695268687818 0.002436364766179911 0.056017870477746604
2 0.031037082771549245 0.03776309718331591 0.07270011840174442 0.0796448166660071 0.06334337466961515 0.012784586189289236 0.01900105491777285 0.09861286509162616 0.04443834477246281 0.027047007295415152 0.028917027562654882 0.03776516517065631 0.03745731150353262 0.04925359025372946 0.055162329864895686 0.046604911221603644 0.08513498735340426 0.10115553069334421 0.04376127580698587 0.02841552261039516
3 0.029806219612601798 0.0760198291931394 0.02358712394712991 0.05962036773724732 0.010027011995066365 0.07281254280174151 0.08274727297404891 0.08418117902093285 0.08209308059533993 0.02555485862029638 0.07570985105945688 0.07460333363614226 0.027907445513636553 0.01668934946016315 0.00935956828302756 0.049294501091626926 0.060654802736602585 0.05577651499396199 0.05494581557032346 0.028609331157514236
4 0.05605256593733053 0.028651236200617283 0.01898146307904245 0.02333554683852874 0.0740635928610167 0.022274322577568954 0.06840966666033281 0.03340403590448226 0.027524882836379137 0.03545491342010335 0.07229233254688613 0.07551651402003508 0.023136343750973162 0.05251646088981164 0.056313441466045215 0.06666302767800135 0.058401122502866346 0.06521193444877753 0.0596834461156739 0.08211315026552744
5 0.0648238033691316 0.07800601064698708 0.0017117843074045283 0.03017712108500725 0.04962663565177351 0.10172233209430157 0.0509973159308174 0.05487564986696478 0.02655210589462459 0.042613480142180776 0.04226518522564874 0.04711816323905383 0.09274949123463669 0.013376986207891892 0.08998592181235622 0.015075072139506991 0.057082521846936816 0.033509811115770255 0.010144021699199828 0.09758658648980559
6 0.04884275844739807 0.08237205369902643 0.08751932126912436 0.05548505543379614 0.057733925462238565 0.022806816594893736 0.03535766853910999 0.0022858542353867647 0.0025831875956453987 0.003370876871930002 0.10012618590142845 0.07720537495232127 0.08800723759188825 0.06787832496832832 0.017217608243826066 0.09813653389913093 0.025333347680906497 0.06208673794894989 0.0400787110644791 0.02557241960019162
7 0.013141324658648123 0.08163144611867486 0.0353445600719664 0.08450933829068115 0.01293588608060574 0.0346160230314956 0.03020457965847889 0.09212110919133208 0.08990752126342245 0.05784156218185482 0.08818399680879221 0.05020748192385739 0.013258543029806174 0.062123767375781645 0.08190978317746532 0.0319492892478699 0.025908583963175507 0.044592900772669836 0.033886927467757906 0.03572537568566412
8 0.07787032059975098 0.016550320022319834 0.043157500499653056 0.08244236948405302 0.0935932793905576 0.06079030232430876 0.041844004243976135 0.06794130892026472 0.016898441408718566 0.06937063035309167 0.0896827997352797 0.017387972232915203 0.010845502739192379 0.031774483833563856 0.04125964941273102 0.06553077606755041 0.04525384896074384 0.08630051135167752 0.011236669476191884 0.03026930894345946
9 0.07684471890015905 0.024740681472286436 0.03487515127287894 0.012071170250282709 0.042186487848360536 0.09861601083323718 0.032753226448062056 0.07077652641901368 0.09365673854890598 0.08134846754842325 0.04215781624975378 0.02239527545595046 0.009414686805645653 0.09968649152740042 0.05320498778223718 0.04770327955946575 0.0992463796685033 0.04648853007322083 0.0018484022011247847 0.009984971135088151
10 0.0257788598635998 0.07560013352312923 0.00040087780919148173 0.07459227666740065 0.02340166575487106 0.06585120585328966 0.03408341248704653 0.09558101822811702 0.032057452124843566 0.10860006842371756 0.12647364567601452 0.05910412419642484 0.050644420211308834 0.04686502721927876 0.06408206644976723 0.0032319218349646807 0.016247733155938603 0.0067256982937804605 0.0059733516936476974 0.08470504053366754
11 0.09610465670205993 0.08862451972073526 0.0694672199858568 0.033354407993276325 0.04424935484261039 0.07912320486428545 0.062454402040336233 0.035544705291138984 0.033140931943188 0.054525517209744453 0.019866297869002524 0.039349018259920196 0.05665153498628573 0.055453952823694495 0.028192709539079975 0.037574583683315906 0.06958802489375668 0.029459385512378082 0.024550779006335746 0.042724792832998994
12 0.07516750591662272 0.040500872169567215 0.015048544480936444 0.012081476954885774 0.0013155153716665213 0.07224776235786076 0.04733695627455564 0.07634657642340754 0.019040024484064742 0.08051647370095237 0.07850246211144303 0.08699232937838249 0.08304716052579184 0.09137648717205736 0.05796422204569202 0.04995729850807454 0.016105084173158504 0.0035214974864614165 0.0615222001694806 0.03140955029493859
13 0.009680105789686247 0.004903981064744196 0.03372434377963539 0.07672568541628162 0.08337328347037767 0.04182890457690671 0.07206801916622908 0.06994177511117519 0.0663594182237286 0.03775506139707776 0.054435066581307444 0.060980921514620735 0.09367834060278511 0.029405613363667527 0.012512255214212044 0.0580051998339761 0.07362157126287996 0.036140149845096003 0.012975266832928425 0.0718850369526843
14 0.008382911218549845 0.10233936979398257 0.0049380548056034935 0.07338959924605512 0.06127778106253297 0.01456890006480258 0.012133509154195398 0.04758975498396232 0.07692925450994544 0.10076762480436008 0.03088009513314063 0.10449231291864722 0.011567707240411652 0.05216138892642713 0.02781739945797421 0.10225116624410403 0.05001615839034729 0.012629914553792346 0.0873620763766275 0.018505021114538184
15 0.08095311717579415 0.03703509261164265 0.06297315635198195 0.048191410343402956 0.07373420721962538 0.03492153524886538 0.051812086687358025 0.03793689311380962 0.09466746860681186 0.013247955265480574 0.05962602104355315 0.043278581184822376 0.03790774484102144 0.027893444012302072 0.009790984699312503 0.0716221422880721 0.05661143121884038 0.04328459472452776 0.044170382298722326 0.07034175106405319
16 0.030728043548744775 0.060786088164843745 0.04793349263152903 0.04195093246648631 0.0023579025859941792 0.0016426915053939358 0.02974500492984134 0.1052866660714355 0.08594479361491161 0.07965935819427575 0.061912764303001126 0.0933200420992585 0.02024506232334844 0.06482347012468406 0.03967037747620194 0.05348780420250212 0.028220455450204417 0.04950248424077632 0.07809102691736584 0.024691539149201067
17 0.08282713880259347 0.05172920797454861 0.047830827710112545 0.019649056314941297 0.051408008589785385 0.06458472221916718 0.008635745731742833 0.08183630305579935 0.044064356934349805 0.02522649642862583 0.04538198798568626 0.07438771541844849 0.013393683047593774 0.0020845397877117698 0.015635304650769736 0.07136716902633987 0.07040189851284018 0.07970840941767895 0.08200414887997316 0.06784327951129165
18 0.0453703933060962 0.03365228721469511 0.013780055894611152 0.04049635694754715 0.024192191469649557 0.013572699890576377 0.05471804214463959 0.0359239510673708 0.05995857469019269 0.038820523531287024 0.06920151109619158 0.038641743112797756 0.0030232584679578327 0.09198779682623764 0.10852566899635059 0.06940600096971951 0.031411098428719586 0.09253021074650149 0.0961316222712635 0.0386560129275949
19 0.001001902156860627 0.02002043918532525 0.039458988245394455 0.04170581954154564 0.017562852449902046 0.10337101315459597 0.039206914028247726 0.023717914504920508 0.010625702125998797 0.09855562417051152 0.027464835222986563 0.09380834396872603 0.07327407856656654 0.0062408161666816985 0.06235276757214037 0.09643869638147677 0.07675105657662822 0.04194548036917784 0.06527336812177119 0.06122338749054242
20 0.055412694704965765 0.08366928478581764 0.02319175152358306 0.03462084654553975 0.054093347173397956 0.018533819084724745 0.060882959484363085 0.0028190179776969413 0.03268900730181464 0.08802152847677067 0.04633755130589695 0.07873241802732234 0.050973096165068045 0.07168732897875414 0.03461027666627209 0.0915191594363249 0.03474930112703828 0.08679230627193459 0.0010718630144400008 0.04959244194827463
21 0.01529093167729648 0.027378809228948146 0.0958799173994732 0.03542522979083719 0.06836394428131655 0.02049497484092942 0.0627999798064404 0.038289408018461805 0.03684278206771993 0.02896294273549059 0.006107425681576746 0.09443827487670647 0.011679280771598261 0.0625292726380747 0.004894776277819986 0.08479600982823295 0.009987953549273704 0.11322583200695341 0.1290456210691052 0.05356663345374474
22 0.04534556135806318 0.07874977809933685 0.0778521113585222 0.08032011380788093 0.02076444806945569 0.08391505126975259 0.0378521274050983 0.0007868321354089681 0.08908753579576599 0.036316395343271066 0.058462326474354995 0.03975138383583501 0.017923392283999032 0.08875440685077865 0.024103735016839736 0.00619175731542751 0.04540377278131698 0.030805692533673178 0.08292146560677528 0.054692112658443905
23 0.07597673830065442 0.05765905203282342 0.014367942154191229 0.06583080607514841 0.07049296631042125 0.02986942585471211 0.008706602927249923 0.04398039370860096 0.0774233279612291 0.054707962010569114 0.04100221414873958 0.07675794215664551 0.00213099212573862 0.04121484579711362 0.05971485182906725 0.02819701835817427 0.04841146831013728 0.06534918632096191 0.06008618461281634 0.07812007900500591
24 0.05760868744011173 0.03027467971175894 0.03283686845607237 0.04940259119076463 0.044643750169945255 0.07299284117501907 0.005441563795262245 0.00501614393740679 0.01671386006923062 0.06734196122442199 0.09711508500260527 0.055328356418747025 0.09672104618725362 0.055647233157587114 0.06063010389589895 0.02758661818844362 0.0767659512471845 0.08533729778225178 0.04753306485751065 0.015062296092523852
25 0.07664065303995593 0.058174769386345096 0.07262933802090636 0.0821074352898496 0.004042473701975636 0.039864273254293946 0.027229413622015877 0.003470257794058679 0.022582473785990508 0.07046929003123673 0.05801261508311598 0.002597894274103532 0.09130416155126753 0.05480063668464301 0.07390839496139485 0.10077754269684755 0.0440260924330207 0.023537518575030836 0.08366227916820643 0.010162486645741212
26 0.004123350077495494 0.1123022143280645 0.030334666425697692 0.01402497610453595 0.02148947254399516 0.0909353261117661 0.07391371179268268 0.07629856508590495 0.05765553571258147 0.07718415808920331 0.09987804239689824 0.009204399337789824 0.007215603960239609 0.006200148953412092 0.00538533769680154 0.1055292044685771 0.03391897186708289 0.03735557713025609 0.1089229745778942 0.02812776333912087
27 0.07321812232081668 0.010918866935653115 0.019411956825707333 0.09538218783249712 0.07971066030826889 0.008051144384489893 0.011596832381913011 0.0138296391155644 0.09209802397015678 0.07369149955002682 0.058715238112952324 0.078483196138124 0.05836625508384089 0.08249122025841286 0.005988082756075577 0.05846914732451314 0.00087370129504901 0.0786534425240486 0.06174997615754332 0.03830080672434648
28 0.01944886740780052 0.055119013754750555 0.0064231653939483616 0.0880629495119242 0.0359073344666148 0.05389072000305082 0.01403010512591355 0.04654661155402787 0.07994522062890275 0.02438498931368859 0.08263598916396105 0.056379042988385634 0.03785211316113741 0.05725970657765334 0.031732931106325274 0.06686869648403711 0.01106491683001703 0.07795362892558302 0.06834893908279938 0.08614505851947864
29 0.06565994009197994 0.10190333486021949 0.017610510559927198 0.021761824783376623 0.038729411525678624 0.05885371291351926 0.0676078035296301 0.0002709063469617322 0.047679903327279664 0.0032529653255748106 0.06470896441441784 0.10644223431751582 0.035094773553510844 0.06529549288394722 0.06669034521249742 0.022940228254248227 0.05087977655048691 0.06921963814547127 0.02933789566255378 0.06606033774120312
30 0.05495739845944318 0.07764269420914428 0.012277815293134433 0.07905299286167373 0.019647541664459953 0.07141162494179155 0.05236135692775632 0.049392731338619794 0.04545533625119222 0.051493856564880335 0.07467826436050073 0.0654423309013017 0.004741346377801249 0.023217224633468092 0.06601207418230899 0.058849171210272756 0.04674534525382325 0.035660407360555375 0.08186728045890149 0.029093206748970736
31 0.030080689465195428 0.004233748901078699 0.03781623339674094 0.02156124040036644 0.09489322376713644 0.06103984720565106 0.03581658753782417 0.09417309420620107 0.07567048202900283 0.053265808832081006 0.05477219830040179 0.06250046243487498 0.09389233928922933 0.014981445108208114 0.043797385936062055 0.040679281440443193 0.02438249014105212 0.05708203292837061 0.024035358769592466 0.07532604991048732
32 0.08608731412614692 0.10834289816465885 0.08418531509343002 0.005045968293198287 0.05338094084237469 0.0056433936033878215 0.06247503167709817 0.045532775891416806 0.03893984740239099 0.00411850896070933 0.01868299907157377 0.05034995669328451 0.07050357722068581 0.0012375801410593483 0.019256729528594908 0.028275706283198195 0.10892073265986041 0.07642791048627129 0.11292810665877447 0.01966470720188552
33 0.05940882527070498 0.08786033966789258 0.03561451318365191 0.021982103217305354 0.05383485679765245 0.06635342124740884 0.029458546230364813 0.03555628108793081 0.01343554112390203 0.034938876499505785 0.05935285669442441 0.04557431815208613 0.038475403561988905 0.039300514107982354 0.06762297937996645 0.03935134972179872 0.08226386157021255 0.090236346844848 0.06478518995972177 0.03459387568065114
34 0.06786306520976382 0.07153856528155585 0.08796826856933705 0.07084999504120935 0.029990133961707462 0.07602449494622492 0.018565981208543608 0.05456721341600455 0.04393076599946761 0.010282127772431877 0.0774538032293779 0.037195469398217766 0.024322692585068115 0.007517566095599135 0.030102790010512522 0.06443183277625991 0.06511178488851291 0.09185759870636181 0.019645319146530765 0.050780531757313174
35 0.015102134704075043 0.08911857638610547 0.08950085349151483 0.04738554804769676 0.020726443817518352 0.014886428707824237 0.06034453570975746 0.05196959680053572 0.06376876942726477 0.04501422983899137 0.023014210093062523 0.09601812531816821 0.08184478471052052 0.05305967126435842 0.04531521768643365 0.07284274518073124 0.0026313651278881763 0.024508109771786097 0.014956638030493115 0.08799201588527393
36 0.046338550701072366 0.05525108161255472 0.08799773128896383 0.05543306060316725 0.0008399729881996115 0.06199885309511913 0.05849998195680594 0.0648987812825874 0.03127306836668783 0.08383514495104087 0.0423726373895208 0.057769889070264153 0.014074994654888333 0.08626382577308277 0.013724353995630564 0.08923264964323545 0.026900805925296367 0.05263025400252168 0.06598320948858681 0.00468115321077405
37 0.029253016678408895 0.0019506141894536002 0.02847988333340447 0.07172907317301058 0.034890024293105275 0.009993717557511321 0.06980293941094902 0.05783513068583721 0.011311594898556338 0.0015579369806719718 0.09728158655033732 0.07280251128746669 0.07029989983038865 0.03142526355520516 0.031521392588938255 0.05770184699035964 0.09767664040125633 0.032640762833271046 0.09551484361792997 0.09633132114393804
38 0.022089855675561338 0.05424849572286897 0.03531962556305578 0.06757441780422643 0.007133801701069544 0.013433716239319606 0.07705348680371012 0.08170645838335591 0.051104217311104025 0.05219141959323853 0.08656771898833862 0.051389577790461605 0.08623988446943341 0.06717970902839297 0.009169561464307311 0.0171263066459609 0.012057050226668309 0.039640426522394426 0.07317848955979221 0.0955957805067398
39 0.0036159556849955058 0.07432475737732767 0.08168962120400762 0.03912858813269582 0.0474599537546592 0.08617427100882298 0.08790881007717122 0.03519677811940037 0.08941968073723425 0.048733935178300054 0.0564723350134055 0.0414782788956563 0.03973961439821855 0.06135677827455977 0.09053172664842304 0.06446794363236164 0.006450541842610645 0.0046955325645938375 0.032646345486050665 0.008508551969505243
40 0.028019610990432983 0.01956932204638717 0.04249020955055613 0.006853648128466439 0.026001448349620305 0.015179966333784394 0.03449878513870232 0.03663888465264274 0.08518665875972382 0.011226283169927919 0.015475092156730274 0.08617085539319103 0.0604858469260388 0.09197060010121898 0.09383357860737553 0.09819501846768754 0.06205393054888438 0.06503073332350483 0.057760858190138924 0.06335866916498555
41 0.045370772336681506 0.02890591069433929 0.07230418998129766 0.05049365298358828 0.012700289536885189 0.04615056386232187 0.05109753936315533 0.048570464818641274 0.04796740101902378 0.00857040196839219 0.012932209056148058 0.08061096018935136 0.03536594796953685 0.07843855136055004 0.025128676836834948 0.06741086760115143 0.05541934361908463 0.0758338908679931 0.08115959591821977 0.0755687700168033
42 0.05007963835730822 0.0753833851412335 0.061902872063644775 0.00031514927008035 0.04534014540186282 0.022139326926510758 0.02241744442000487 0.008114034336094304 0.09199904982789346 0.01768877783584908 0.06594056411913445 0.029458212644272886 0.047984653528855094 0.10684013945479304 0.11695765728082204 0.009094493619395405 0.04027622480075572 0.04118960702680029 0.07404115869440492 0.07283746525028413
43 0.08811675570631243 0.07104440690267973 0.07355183007485046 0.013494833748064745 0.018285185428346184 0.08378769348045984 0.028473574262289688 0.08888685183310496 0.0007866688182292018 0.049287314294985396 0.04602378780739375 0.009834383232843847 0.08844471442322102 0.015775961866930012 0.07786400476945471 0.05736466595745814 0.05314998999422991 0.03808353803156241 0.014716351470603106 0.08302748789698063
44 0.10627459760957686 0.09059801178626439 0.10750074848669727 0.01718367472920616 0.09008259239888942 0.1002422627650399 0.021594769359636373 0.017323208474504817 0.008259900962646461 0.03301828589880004 9.214771355984307e-05 0.014080326223287597 0.021383088797864526 0.09199459469992535 0.10884710028356542 0.002880689720913117 0.009218904637434336 0.0073834731736390135 0.02593212729282701 0.12610949498572202
45 0.08320160977922886 0.04512376428976569 0.006477211792536877 0.04920331563218417 0.0798076749656083 0.011106048769947453 0.044688576857676326 0.008479468031958506 0.08635279905103911 0.09859281936107211 0.05939117473125238 0.006882403633434943 0.0020681566552000264 0.08438862280111173 0.014209057745649319 0.09460052047792154 0.002721435414763571 0.054138777773914196 0.0894575227691921 0.0791090394665429
46 0.01544332062651342 0.0497382384782141 0.04061583866189365 0.07263919041240768 0.0008896140309214672 0.06517442278750941 0.01851144918131782 0.015315806904005531 0.09096665156768267 0.07951645945110206 0.08609181398517435 0.008123713871459583 0.008537912491034 0.07238925596375559 0.08526056652107628 0.09404712387213789 0.09172573813325129 0.009560735807659846 0.06782119965409976 0.027630947598783647
47 0.019173878142883214 0.07613391684820729 0.06699373331181459 0.04537629931741944 0.04426811567172023 0.07401935232012354 0.05458809881052659 0.0517491284538212 0.06896444182589503 0.05256400356620563 0.0562902219271289 0.030884926870669384 0.0424126330520856 0.03874072632650295 0.05746856144242605 0.03308343401468329 0.07090003493547879 0.05822142875460816 0.02066368641432126 0.03750337799347877
48 0.0551062100300935 0.029739552661887575 0.033962947428353804 0.10104216950065388 0.02256114160618005 0.010490205256621905 0.010793811950379458 0.0788589327065255 0.051940532616252894 0.07947236023964495 0.029568294524579198 0.028547350492855637 0.05856020520451568 0.016475534951656063 0.06136597068363268 0.0617615800417072 0.0136290007534332 0.08873671592799395 0.09864347361907475 0.06874400980395798
49 0.057574875080140066 0.05123517078186122 0.04068976376446271 0.09266785131781892 0.01519090832479621 0.05231209916159423 0.048616379007835775 0.05299245896574131 0.02070115502183547 0.0011901593164636948 0.08957756667344785 0.020728761805518605 0.08091643547129879 0.07407828615470574 0.00837103943892014 0.0076600534594597714 0.07863524578955204 0.02699663411770519 0.09399930371984587 0.08586585262699636
50 0.05913581281499911 0.03697909874549012 0.05345605379678794 0.09770474603444024 0.03613628532887157 0.011591197905298976 0.07009124628421323 0.02481694678980783 0.06688808910770368 0.0838842130937594 0.06470469147073435 0.051841084701068525 0.0576766877405294 0.021654762699426806 0.07948714952190143 0.0590316002409462 0.02935447279956432 0.08012950948012226 0.01081292979379408 0.004623421650540319
51 0.09763755550004401 0.04272658139590439 0.06513391021942742 0.07610841487028576 0.007820337837473343 0.04278932385458938 0.050585840882344246 0.05807516850499791 0.01588050338030261 0.05461210330754613 0.06754439378568257 0.07712172264253882 0.02070042718588304 0.012063669062492104 0.09537744438001394 0.10594840136987231 0.0034443493440674965 0.01513720094028474 0.07623363970772719 0.01505901182852263
52 0.018511978340199468 0.08175904111670035 0.06159185160163435 0.002537079182100753 0.05489465844083229 0.06777754385463194 0.0060662923866942 0.07418528879138078 0.08864912880757865 0.048100422069805866 0.03816171640105717 0.009749978672864474 0.06272751243892856 0.04823166430528598 0.014884958712595103 0.07233291608245232 0.07941757130969114 0.09298666299582742 0.06970554686247465 0.007728187627264639
53 0.022969096738953018 0.10238020166828632 0.04606797173942211 0.07488357600608878 0.021900718635884664 0.029067787548553495 0.013983873973377471 0.021141349167280547 0.11350430784858234 0.025358844353795484 0.07308745805999042 0.09615819267783475 0.07552441917413442 0.010681550861534954 0.020293689630422506 0.08282960488933085 0.10997009670565866 0.01616043026530527 0.035099636715735696 0.008937193339828101
54 0.011312558846060672 0.004557790510129198 0.08604864411437359 0.04116941805957347 0.05892711594650253 0.0654313645475069 0.0922892532500643 0.03367798237196334 0.09347598238661567 0.05202502443204233 0.09103409255691261 0.006131213276480313 0.04574760316742697 0.056799754316831104 0.011503335124411694 0.08444459638431251 0.03141297728371377 0.021561128714004094 0.07500502611089811 0.03744513860017689
55 0.0071638742627034065 0.04416644543750994 0.05562841066979805 9.181445700922782e-06 0.047452074171745316 0.029569718954978702 0.017365422787186207 0.09345261125311455 0.09188796146988264 0.0907877648498241 0.07176278348546442 0.061980019469536386 0.0414959634175396 0.02429558684452382 0.08123034690022765 0.006905484673132696 0.08204372238540497 0.025052626134836276 0.05316538293466165 0.07458461845222897
56 0.016827784935379543 0.07965277572092919 0.08171561713198351 0.07494814625645806 0.11160887857378399 0.034026596225969534 0.03399320359427806 0.058299383768909294 0.024827316614037864 0.021490595436863765 0.07540839683831219 0.057759331578484355 0.001413072714847486 0.01351747896977859 0.021791298030881538 0.04993034621403906 0.016435864899355876 0.079092398611495 0.06327704415879236 0.08398446972542055
57 0.06759391556767702 0.005522448051740726 0.09286871952681568 0.0787003062421731 0.06467388124604842 0.011443184559189995 0.10654958859398347 0.053677438637306736 0.02248411012210595 0.054564744591439285 0.02203419227506582 0.022540736611443707 0.11384740199681634 0.017292387033657656 0.053362548056258986 0.00783366569364117 0.05276954534017238 0.0602350751491153 0.08746302677787496 0.004543083927473058
58 0.0034217760765158176 0.08984585113384799 0.03585589764196178 0.06121114230390447 0.05842146576456771 0.014548542551342478 0.06768879792757808 0.08134781792588279 0.047502205847369514 0.022402716741419602 0.07899465926678377 0.07567917170254977 0.05618048886017817 0.07685002049208242 0.052890585923817277 0.00890799221066127 0.047373441350872146 0.03426342165981754 0.05456426453343342 0.032049740085414
59 0.06497229778834712 0.06510043446204428 0.016480092774645197 0.07223847880801361 0.08424231282889412 0.009183319546731891 0.023637361868291632 0.08488333519786787 0.06691217423405715 0.06995071197608788 0.036863923896664125 0.030230244964103824 0.07359124228321726 0.045098585108488805 0.052773378313513725 0.009253048889819055 0.07851024257276183 0.03236043257439903 0.06492933809776152 0.018789043814290175
60 0.06419287432022926 0.06344906067392903 0.1112775005327457 0.0862856588661763 0.1099681375557077 0.018100730300722553 0.004935071601973282 0.07795193797171927 0.08238902857255302 0.04422514528514759 0.04299995036392245 0.0648206075301342 0.015057110249829277 0.0728044173331628 0.025985861018112656 0.009096079423283547 0.006713972958403688 0.006048414222412055 0.0870223321686249 0.006676109051211009
61 0.017216885376100024 0.009633727385948558 0.056643064034039466 0.06388349035427049 0.07233844685253328 0.026750017536881533 0.029572437001531057 0.0031105791816426914 0.04717062605639862 0.011843535821708275 0.03874426665619444 0.06570970669329328 0.04598372637465173 0.06792780658509846 0.04715922497031526 0.04540577392629424 0.08743708627831577 0.09136578135958624 0.09377137428164974 0.07833244327354691
62 0.07928111110274597 0.010951254359754728 0.10256819298600403 0.05500616232184162 0.06214423609842498 0.033942042264803754 0.08670353417539427 0.035067229456168095 0.03290637526278053 0.065119839218989 0.06333949916127854 0.028597693320008586 0.0968329781833268 0.05615624460547631 0.020376927793363232 0.0014756289917877154 0.02641085799975895 0.0767558192399773 0.04007151933784056 0.026292854120274878
63 0.0259290300093921 0.0188571855713427 0.03285333284126292 0.09472472953659691 0.057940475482220886 0.054092871867482635 0.08333760079629011 0.09122347381808364 0.024533603237660916 0.042886725199645155 0.04455469666643401 0.0660656381974136 0.10073625014810636 0.023211725501294952 0.022790979801143606 0.02235994072591646 0.054654636548628795 0.03838412709361414 0.08254988569849543 0.018313091258974616
64 0.0010119099582663663 0.0018175797721040807 0.0857559970210947 0.0794217266358989 0.03839713981760603 0.032199969676042835 0.08624651570737539 0.08783628958942896 0.039230420496996335 0.06217336302511983 0.00350019898163013 0.05988094309775736 0.0896482316633992 0.04965007338089188 0.05836092120265487 0.0025051672901346862 0.027432421485667952 0.09049956539368231 0.04632117786348969 0.058110387940758644
65 0.05999198688598801 0.0717616269304979 0.061096794399058366 0.09431294026252288 0.04452682525699199 0.03552701681355874 0.06324410653836664 0.015300513534491807 0.0813226321212896 0.026680841767155957 0.008650377842957722 0.0030730483518238575 0.0804962983173789 0.050335519149372246 0.015802635796650658 0.06297916150791491 0.00704754725036718 0.07413499320621589 0.04093482529814132 0.10278030876925535
66 0.07037860842651025 0.08994054818141406 0.02571671755596849 0.07818740682390682 0.03005077374045182 0.058092204703808076 0.006182527660296076 0.059501200004346486 0.03164505767924162 0.07592800537448263 0.03375701070578257 0.048817605644185476 0.01146426987015472 0.06943641417108483 0.04917994893361786 0.06171753195184433 0.05252947318415781 0.014939686293225675 0.07568495621956338 0.056850052875956715
67 0.00399522402228798 0.08146150144759125 0.01173222739400288 0.10278789626987013 0.012909959755888895 0.08958261482267676 0.010277023646607238 0.030101871220686728 0.08068847970224377 0.04383321004360728 0.03716766538591954 0.07536802231826206 0.04891682224144997 0.0832556783029869 0.024618763783347684 0.038576932791027266 0.10460588965454388 0.0016769545796250385 0.0799479900813395 0.03849527253603511
68 0.05976431631159065 0.05153921689058938 0.03851536031769128 0.044039056025189684 0.0057127878618154415 0.07337552684732282 0.02374498658894629 0.044341554339218235 0.061696712901544694 0.057663324509442115 0.03561624000980825 0.07588492588554187 0.037639574641013036 0.08009474965855279 0.047895480682298874 0.054490630932239145 0.05637331525573854 0.07459787471980668 0.04538955714113586 0.03162480848051449
69 0.06209821180524348 0.0537659030433687 0.0789833976946132 0.08065665417845945 0.045407792028895985 0.07624922485848769 0.0013853052144540004 0.05111284087848485 0.05770050659647268 0.01070828973892862 0.014962663041049607 0.0888168930183919 0.03783606959395935 0.07465822663135281 0.07912345597083785 0.016692887010808295 0.024260005854811684 0.08532991807197461 0.03615182889845089 0.024099925870954168
70 0.05132808243488374 0.030637491841997554 0.04980539419605601 0.052229879203922795 0.05109441724383529 0.04290288015945659 0.07419506130088366 0.01776578048745639 0.07112931279107178 0.05685926637990789 0.07580314244789305 0.034938344887534 0.040223307396662224 0.04162373722613616 0.020229312215032345 0.044722938599344654 0.029430745760976998 0.07161474799582934 0.07983163191669525 0.06363452551442438
71 0.07758195260747852 0.033665846031452396 0.07163403875843347 0.07085141119638758 0.07762642296623071 0.01519512548379425 0.05878113339032377 0.05347863040753243 0.0159611459766272 0.06466714076633948 0.009810405140496959 0.00940124886408476 0.0833179785352208 0.05555228883120656 0.02789015389785502 0.015784953875127856 0.06718136373322467 0.09143941603464723 0.07910408736095852 0.021075256142577777
72 0.015646630454150854 0.024566803407458895 0.04766740205241566 0.07601882897031288 0.05709977014053995 0.015766094925101524 0.043239494867528545 0.07739424612329415 0.06267592236901585 0.08045776639025086 0.04158185083253498 0.061255419636250065 0.0756407314961452 0.04491670519438713 0.07600136716024285 0.04372891177446662 0.0682935923993218 0.020091841404784566 0.03405412176107824 0.033902498640719314
73 0.07329735601510326 0.09837798159442485 0.018836382044817336 0.08974047344791033 0.06565635751757269 0.10585369908720076 0.0788029756520369 0.01960508097750331 0.009944305826857715 0.08474741970505809 0.030491302714664742 0.02577126237778022 0.06475500872899938 0.05471233043932748 0.023505168075233236 0.02379772659597433 0.023326662427856165 0.011546367768920514 0.05355513083054347 0.04367700817221518
74 0.015266421094680266 0.05311341530609803 0.05319903806353389 0.03296299408268112 0.08525325916146796 0.09528059908815496 0.09964488977690081 0.06475886026143257 0.050835719999321814 0.053993306106432035 0.04575320666338087 0.0779793670957307 0.001050856626172629 0.02225728623536303 0.012903832822458381 0.03654485655275245 0.09332287268316833 0.02147767545651118 0.06271715658165904 0.021684386342099758
75 0.04046906059901114 0.024246674150904587 0.02517939002439581 0.06997923533379222 0.023303184059467363 0.08734090213927931 0.06987745165059824 0.08897334417654017 0.05136016909196634 0.07178257177382584 0.012304839074553348 0.023368413666831272 0.05524584294334703 0.015756736777776434 0.03462770549446158 0.01945326215684993 0.08040157991016102 0.07454585933580585 0.0879213828188341 0.04386239482159853
76 0.0685444040835064 0.034339474376665534 0.01711976997748212 0.046915221793783615 0.099333668617367 0.023514427246960137 0.041557105749866145 0.08150163638786581 0.09196171177506755 0.008290079740409993 0.012642533556517257 0.028469320023037342 0.07065175967189669 0.032404660209431675 0.06462811729128501 0.06307933044043669 0.05827852808965594 0.07107184371130507 0.07046633020088197 0.01523007705657797
77 0.04200391880613205 0.08619032054045164 0.02253139119012738 0.08163091832103088 0.020957478743864253 0.04425051693045636 0.03612150561302909 0.0003631101560286715 0.08569358889033105 0.027859835223295302 0.08504705542828582 0.04589469401558249 0.07737430658630719 0.016625827494703756 0.07482690579792205 0.07532586912278164 0.08200095179410748 0.004536918593958162 0.06080923433028501 0.02995565242131974
78 0.00620883733528488 0.030610871136627967 0.05404315706889014 0.05897782576171519 0.04980903227573564 0.03725070489356077 0.05358475307854398 0.06782744181713551 0.019397316359654814 0.02847133651321485 0.04739341853018346 0.04376731539859576 0.05992342342782164 0.0627148847119584 0.07513166512658334 0.07044131077638854 0.05985845027078051 0.07256533907478166 0.0616905729284582 0.04033234351408476
79 0.08208017554978853 0.053371830804707046 0.017658713134463013 0.007257892217156075 0.05782619128761801 0.09989352514349714 0.1022222362510494 0.050247154531331314 0.02633521784179942 0.029308904396922977 0.056618307096482974 0.015764006394886385 0.1032784992707833 0.05022180432340454 0.01891517562277015 0.04561012171600277 0.056361119569588725 0.0015910518030830367 0.050980299854850954 0.07445777318981449
80 0.024643542565216267 0.041781204083806534 0.030725704966007236 0.03992187026010895 0.07041559524395836 0.012069851106457228 0.04379469156448813 0.0845804831055429 0.06776671644135122 0.06819272278673502 0.09093567751266905 0.03209467509514255 0.052010795844752836 0.007942276137013602 0.07185943748353113 0.09590018164214593 0.003334507843591276 0.04228448642011602 0.032066716168779985 0.08767886372858592
81 0.04921747090416194 0.0424479708611767 0.05132644492190207 0.0744242271923243 0.055853678008599104 0.057799371946217266 0.025664211877091895 0.07814312873886951 0.06268126653528819 0.03392261006930617 0.020158747562297998 0.007631566333511482 0.08099008168590868 0.06987925277622214 0.0455461495122343 0.031726870862231624 0.01608678255689257 0.06584802399809392 0.06607987116680827 0.06457227249086175
82 0.007789912517279455 0.06690966149680999 0.027288166846613303 0.0035107654943193375 0.01722707782227442 0.02625926353010498 0.1004823210604297 0.06119477686071513 0.06742219279101899 0.017707652421175234 0.09016390992905472 0.034738682484608 0.04178736613012453 0.0735548721093973 0.09813631000668865 0.034664053006315615 0.02393849690537217 0.020432224412211063 0.09392673916450796 0.09286555501097944
83 0.08338654828823261 0.06793723739606193 0.05944330170957584 0.0033273329137242552 0.053358360629913615 0.028134250097690064 0.044326024276063566 0.06664077439907687 0.08930879433269513 0.0063001306753576285 0.023700480025472127 0.0106683182795309 0.10695640550065015 0.06273408910521516 0.015548222273404895 0.03434549020038657 0.014950971338038958 0.032513293325232374 0.1114717008954063 0.08494827433827115
84 0.050777391705854776 0.033803157137862964 0.0168176179372202 0.03791385240438921 0.03322508880143643 0.05866292464794042 0.017477965849693165 0.03450241639223325 0.08456604352592974 0.02287877751752126 0.03598387570585376 0.060555235125020236 0.05957548943560516 0.0793875011692936 0.09514538145500157 0.04303301355381825 0.07212898418704203 0.08879326769525749 0.0747409819590326 3.103379399384438e-05
85 0.09585287789992547 0.03146633806612363 0.08987532395832253 0.07598121917383609 0.0278568192437767 0.031606444026792885 0.015166275305014977 0.058707295376688104 0.06445844829310421 0.0744539373316581 0.07706524746273515 0.011547991541888122 0.03417956399147977 0.007501269301497134 0.08249604335495522 0.09681080068866557 0.028359236085288703 0.07924310156270314 0.002460527373713347 0.014911239961831099
86 0.05848844182489577 0.08442890109500364 0.0315095031226686 0.06769579937353744 0.0009371036132936245 0.032616349704213295 0.07000219343795795 0.044971973849252396 0.0571343599653307 0.07992082486928208 0.06302639632396756 0.07338457680651383 0.019273314839777577 0.031654674382266886 0.016175548545924415 0.08404963263646847 0.058592658691130124 0.02780044125596955 0.078595769431524 0.0197415362310221
87 0.0728513385744398 0.03501197220290171 0.007333079851255042 0.03343548664443498 0.03887945877134895 0.03685988989308253 0.011116615343318297 0.0870795190086533 0.08696564712837433 0.039874622607508535 0.014962035077676768 0.07584514077630235 0.028347923954683812 0.06930839434541908 0.1063423416662007 0.1034779240486775 0.0271056566537069 0.004285516971537001 0.10036114226523762 0.02055629421524068
88 0.06568267374164424 0.03618717817846991 0.01848880623633966 0.05407138878900609 0.05352490033322765 0.07503211327177337 0.03275658227074435 0.04619413130074253 0.0548049621715877 0.07067785716682497 0.07658815904729163 0.03457041523773327 0.041772043114912324 0.06367536012089466 0.04194462390421875 0.04328540422611792 0.055769197063098824 0.04985578456122328 0.023039124839701563 0.06207929442444729
89 0.005108938698872095 0.08217450657783362 0.07300498355966535 0.0715314262222912 0.021709845545074647 0.025617052054668632 0.015697217353484037 0.05713151318155666 0.06281133353277314 0.06700151070982523 0.07934977040349699 0.0428188575953849 0.00277635486783753 0.02985385890551214 0.056507513346155815 0.04983085593247607 0.015569875730345845 0.07651043703807697 0.07561001225398668 0.08938413649068236
90 0.002377011429252876 0.028713931104479156 0.015181201271943442 0.09617994171402931 0.05144593368598573 0.011784253836907352 0.01788209349842057 0.025572657251805436 0.11028761162863766 0.05278825349014069 0.055504196241400364 0.0810676728879225 0.05296052972997558 0.06879807066983044 0.003279981620094109 0.0603307524389139 0.0737718592056745 0.10024358048041199 0.038198725749478656 0.05363174206469588
91 0.014472356912000005 0.033529155452683465 0.0482835608190611 0.029363897614811174 0.06729933984614085 0.05964391974532136 0.06361462344562877 0.011702348107226326 0.08676182539264822 0.07704956351254365 0.002460302896521733 0.0629312952511386 0.00926428344665099 0.06048150398304338 0.053372398859771006 0.052933170742739295 0.0867611040636437 0.08491332330594768 0.039251332290791495 0.055910694311687464
92 0.020650211107093395 0.05773692233038946 0.0765289282327709 0.05682593994117067 0.05606305727179312 0.05938259783163078 0.005783195552582144 0.0451385803494696 0.09021906161960855 0.05764164022830438 0.06091978230776913 0.08911212864191465 0.01403553154298765 0.03414890594802211 0.09690753711619579 0.06748401160298234 0.055065746141555995 0.013657534133755434 0.020648716181371304 0.022049971918632786
93 0.005904655475599157 0.0563512061073373 0.044009671704448326 0.044126158470534874 0.08711273022924958 0.0781642651721966 0.08531180477476948 0.03152433847911565 0.06999301638046924 0.07748947490364634 0.03818221283381607 0.023346906197147233 0.06237063266586046 0.06540786499464389 0.053273271183196955 0.05683157943297392 0.03520124126976901 0.011888619104668386 0.06644128604801512 0.007069064572542351
94 0.056004222548902055 0.024160847413739035 0.08722547198417151 0.028108198936234445 0.0561086317336656 0.04039343280964609 0.09134030113070582 0.05933566019271047 0.0932039805787989 0.07306291554792274 0.026724189565518374 0.07044231796826465 0.07054327713403766 0.04212758854475746 0.027724353508768163 0.03444691171013023 0.01096134528217539 0.006546378130735935 0.026476620254712473 0.075063355024403
95 0.06146223009683399 0.02979155847732662 0.05119796011113473 7.966763117713952e-05 0.07414483276878667 0.03319909474499781 0.052821532459590294 0.051930445445752975 0.08815549659627457 0.07848985340860228 0.03848214821124475 0.06251877698941735 0.08590092609009832 0.09915280720627559 0.009487787181479699 0.0034520652816504662 0.06785490506332016 0.05144287144389233 0.002037256147536051 0.05839778464460807
96 0.052229090291923894 0.04047325039824668 0.05021164389996312 0.03573178370046706 0.059732224802829866 0.09162455704479666 0.06468048384716375 0.03447460599673531 0.02082664255792947 0.0056734846110232644 0.049920498682286936 0.030288319955479582 0.09303961383116216 0.08766751678228762 0.08947943295324114 0.09356893532839325 0.009592839027888456 0.010086220839505566 0.05026263696286822 0.030436218485808065
