0 0.04115966165625264 0.017988533712402194 0.019438654112207954 0.07927434768678825 0.053199342639146024 0.0859269012737311 0.017093591117926788 0.030999855148994934 0.06135933462574548 0.06953862459358899 0.03808547165323283 0.0973885911019194 0.03601362362346941 0.10714093907421206 0.04240462299102284 0.020884458134423294 0.006523808324891795 0.09904146057828629 0.005942632726899455 0.0705955452248583
1 0.039190037419900764 0.05742222721177427 0.011095417651534243 0.09950804721035486 0.09449005296261738 0.09574096889313176 0.015844058271556126 0.06761822944469749 0.007146681882939925 0.03492966341926096 0.0031339715072017547 0.0361412699055063 0.06216247878855542 0.05527277579468716 0.05724815225676427 0.08678726841854764 0.0224524516562731 0.08197953296226902 0.0058574568748000115 0.06597925746762762
2 0.07633845734624517 0.008061820914664048 0.05560107330057698 0.04381300540356818 0.07656614278102308 0.010044058962597998 0.08315110143549231 0.011501451340522592 0.057700281431367274 0.08389844466804093 0.06399986847213793 0.008016141305206934 0.07375992164096205 0.029563136857389427 0.049061531600838176 0.05218887407484119 0.07597885516830966 0.02518528371076366 0.08269552243160322 0.03287502715384934
3 0.04881706317390159 0.04919782796524214 0.05618822791491334 0.006203896697048703 0.07712401918307422 0.009379240396589699 0.045516699407166 0.02048356468444532 0.09506429019906462 0.08539168177685508 0.07254270220449481 0.007686792649476959 0.08165863025422279 0.08088435341605174 0.03549494343661256 0.01712729667096448 0.04130831015331257 0.06914726974930697 0.09474160205180762 0.0060415880154488025
4 0.07538366277331195 0.05805274367621061 0.09148512137844923 0.006019335249762233 0.014475482204633206 0.060653770165586006 0.08724868945921577 0.06860275549649497 0.008632626271765106 0.01761317152801265 0.08982104990444627 0.013937649936143253 0.07649364688543914 0.03228753924400904 0.059546439031137044 0.08298120497799293 0.02726161044384477 0.028392465155198433 0.03579293483315722 0.06531810138518998
5 0.03193477287161489 0.08127760838551222 0.07196101964059139 0.041651252145556594 0.012126886561359499 0.03206547727651858 0.03852978662614208 0.0024005957699309547 0.07052673012016925 0.041710263470788926 0.03595993411917881 0.08168910985407733 0.0027740911384307974 0.06391604869922107 0.08178977623004256 0.05969471217488732 0.07977688750733003 0.0650310624660949 0.08199098473562358 0.023193000206929246
6 0.04857580997596168 0.06882387434303097 0.01757459755937788 0.058072609126308364 0.042270857091259995 0.08325862020452775 0.045990488691294344 0.03528401757185433 0.0737911490480205 0.0693068956203722 0.08392601977253528 0.020347603219140805 0.022435211855661996 0.0030576021865544403 0.04228390761615137 0.03338191111278634 0.09074898276685342 0.08407084923947275 0.07658191699192694 0.00021707600690877452
7 0.017875889097528387 0.026998095961043807 0.06763955249106031 0.024728575184053626 0.01223214783024121 0.07846218284443877 0.09791954710267436 0.008311682171781656 0.1028219272601247 0.08042173786902011 0.03873875986348067 0.0937606426445951 0.052788163672037834 0.026057014458123386 0.07161346575373646 0.024859403295232875 0.058325957231586796 0.04723938134822296 0.059959040120494474 0.009246833800522292
8 0.05042205376717068 0.001777108934594204 0.02619229474773543 0.0072001571345417115 0.047231641852319185 0.03974875713528163 0.055243240628511596 0.025341415932257548 0.01404251231400718 0.12148295731166815 0.1295534159813206 0.08225055854295345 0.01149051575245292 0.07764209355189168 0.05726309421422859 0.1029820765389756 0.022581540401680523 0.03931308606964438 0.0802008399424315 0.00804063924633329
9 0.0513670693118627 0.059068272785244985 0.06375220980200182 0.031887828900770264 0.06354407830956889 0.02829865822346877 0.0978551138136046 0.0805151874271641 0.06241253510917694 0.006745000411749148 0.011122376965741467 0.015349398793398143 0.003349580906423372 0.03032063316570999 0.02445510182983278 0.061656580082309516 0.042084262840346665 0.09249203729222165 0.09442643899159996 0.07929763503780418
10 0.0829874297157599 0.013701654235457206 0.009929706900991047 0.11261206678968094 0.12209009069910157 0.000522095833056442 0.008207379894757129 0.048424251019103776 0.11966401364894409 0.1153021561108035 0.054038124035906604 0.0006761326469013909 0.08934080365518308 0.09909169323814306 0.007882916991956828 0.05490523368347843 0.026044475453004277 0.006525907608540671 0.016881360423201246 0.01117250741602868
11 0.036470402740206416 0.05497856150304422 0.04639815648211723 0.01659444977185352 0.07708958450809311 0.044548479648085455 0.008149003623363358 0.012601599449472213 0.08156978129764283 0.026631278093562402 0.032553560714419304 0.03825169541892064 0.0668866443952609 0.0999089900062078 0.09011248774140646 0.04241768436728003 0.03695890827777294 0.0031407063016441143 0.08681887399468438 0.09791915166496255
12 0.0450446882912694 0.015120996292838812 0.09531049620374925 0.09745102958595737 0.02425050976751597 0.09793990717841627 0.09637463563278971 0.03180464821782247 0.06385982601661988 0.10298563077649817 0.001769025467366795 0.01018058146239081 0.06285562039994715 0.044047207885578546 0.03861048876324353 0.07058706833931779 0.029617095549240094 0.027991683178071398 0.026850535190867893 0.01734832580049869
13 0.023802890258907587 0.09237862587713165 0.09142502714027424 0.04463572143737228 0.07047815947954574 0.08428339118109636 0.03845915914251566 0.0132641033842912 0.05623675109314325 0.07322445677273393 0.007739271319840455 0.02177171058756463 0.036014942632016426 0.08355999027503289 0.01206083474529931 0.016386697100627654 0.04216345746488712 0.08199631904935625 0.03419718008692998 0.0759213109714334
14 0.02779366155864908 0.08419236592456919 0.03134656150908839 0.07733461485595852 0.0831726901494104 0.06618561150859627 0.01544613722073781 0.0004435261314378408 0.08239701564736739 0.03731881109995932 0.017739809741417503 0.016743499797069936 0.06105419698780191 0.07461510693919003 0.05310275659293138 0.027295392769610762 0.033214111294816225 0.04384186920712913 0.08341743268237896 0.08334482838187991
15 0.027823723391336114 0.09099112316888366 0.08875152218700802 0.06091890468517207 0.0033868123372742575 0.04135953825303573 0.08513370847360038 0.012214444939585189 0.013802961549655277 0.1075569235678463 0.027198716363457276 0.05517107705786693 0.010406050386675287 0.057330967565137905 0.049833693630440504 0.03236085282768169 0.06637419086069729 0.023179649323176964 0.08153106497723428 0.06467407445423488
16 0.001602816839757336 0.09037437166047056 0.04671430500181217 0.060167512148069126 0.04197124801748833 0.04793436886782108 0.09510595932968036 0.077794729978464 0.06378743726481034 0.014566872219415041 3.816550740562137e-05 0.052021484428964114 0.044793616563085434 0.00942322877050792 0.06308890796203974 0.04530713343529966 0.0742722136492017 0.03482190965689283 0.07783368374402543 0.058380034954789266
17 0.05798897981406029 0.0306913550463223 0.08691612316654042 0.0064175348278825576 0.02577057788877393 0.09857725067398614 0.01702544218955329 0.041780685383479316 0.07908247414749342 0.013829102632494275 0.08669827134434356 0.0463104335225519 0.03377584798638245 0.03515290493672516 0.04683866933476492 0.08304150431491347 0.05488140479059925 0.03366258274399331 0.06915103957094085 0.05240781568419919
18 0.053017067260061494 0.055451854383044834 0.04743950394587564 0.08301956945160623 0.02738046992080532 0.039102120629328184 0.030423139858673613 0.05551913185446568 0.03143730814601794 0.10563678042776446 0.0816802878573439 0.010657046209670064 0.05171029699310169 0.11015389349777731 0.0449082171509022 0.027462345488914724 0.04837042342894982 0.07779967871626106 0.010340077320523233 0.008490787458912494
19 0.043372561229669156 0.09769034833073552 0.04220647593894902 0.02118495664295402 0.026070792264277193 0.07483363296389617 0.052388312584603476 0.06989155151784276 0.0643404710929859 0.07287147437104516 0.011372664783184952 0.04479802605703354 0.008940578715753194 0.07856799561101395 0.0764049773829492 0.03468363057521776 0.044318203218337654 0.022246086784071514 0.021335143853550724 0.09248211608192916
20 0.009868347986436958 0.10278194630029334 0.10142429237732307 0.04958145866551172 0.009077027322896945 0.054846384102828834 0.029963216014874415 0.0711428061036878 0.009293603603313664 0.028138492211726304 0.03157141451387319 0.030527264024842488 0.09408976217815246 0.033544058321504956 0.09460010588228865 0.014956884403155594 0.07862807374266605 0.08052033204233597 0.053421874981334036 0.02202265522095354
21 0.0893871284275556 0.04393373198389551 0.07530262832917675 0.09145982965823729 0.013844889895047334 0.07572910246036958 0.015944992122443716 0.06535725792057612 0.031347251202938256 0.08941431333106384 0.06868303248155133 0.016714368379581998 0.049867302189374844 0.01894551543382902 0.0512318728081402 0.008043571977115065 0.04890109650823383 0.061010539240480235 0.056164786502663516 0.028716789147725776
22 0.030828960963510194 0.06004945223448407 0.0644722608074099 0.06273439548815354 0.06943257724782734 0.030905482509436276 0.00383565463995248 0.018364681902918484 0.01677628238680413 0.021251324214492693 0.08905398824131619 0.009973111465239905 0.006077879473631345 0.06857885435942014 0.05938696989710821 0.01920313813653632 0.10859466497211219 0.08504113020953734 0.08304862107623255 0.09239056977387661
23 0.04973685549771733 0.07454365011391435 0.058299985436747935 0.09485823914779368 0.04310160248414331 0.10863225626550618 0.051882070264763956 0.05966130295512861 0.06907790668872112 0.032647068015806587 0.06671485580289843 0.010054242614508139 0.0520934345170412 0.004125247652468865 0.048357844152192506 0.06157466492429675 0.031388311571681794 0.024066931890942986 0.030032058760302367 0.029151471243424012
24 0.07496246420934967 0.029782137384927028 0.050859697788279 0.05162354690232427 0.04172301308636391 0.02796445310920194 0.08188304917091753 0.05835114853281392 0.08882902815089108 0.06814590424284554 0.04719383918955764 0.0603538422983787 0.09540155485389507 0.008481441070874467 0.05068694390282398 0.02644001543640436 0.007406634185276589 0.033336419578130064 0.02199069317769688 0.07458417372904844
25 0.08530206336054644 0.07479903183674097 0.08747474194858298 0.08972528009646277 0.07730567143208636 0.05357628511030879 0.010444618884068217 0.05806398339371275 0.0027782642445768457 0.030717301180272754 0.03951065978002904 0.026094260131350112 0.07808400331330893 0.04490192413716259 0.02586742084056299 0.042802404312175066 0.02190181591785897 0.08163198976410714 0.02266616384034918 0.04635211647573726
26 0.010563167395728169 0.03849036347333448 0.08468508455898587 0.029708323588281602 0.07532229998737401 0.00971872831444043 0.08377443183776194 0.070721829770046 0.039015818561440194 0.06188325498197364 0.08717740840568039 0.05836203702002899 0.0685042193972112 0.0660075063388005 0.013090593348004229 0.00442800352717548 0.009372928411182866 0.08779266526437639 0.01752800982489292 0.08385332599328091
27 0.07823695945073784 0.05900402748718611 0.07181400725303322 0.06260479483924913 0.04381161665964634 0.08372125654477416 0.01106211541872585 0.01943454312848197 0.01814949124823195 0.0012099127266071668 0.022656036968902258 0.0541935768378113 0.07902961640180772 0.09423437244366827 0.06325721367795134 0.026730920838797193 0.03234813332519665 0.0430644494995142 0.09390642021739935 0.04153053503227791
28 0.01767859361120496 0.08997670339522403 0.015317675010336217 0.005105428480100979 0.07100904340239789 0.06710801549861158 0.07263446677593126 0.03700614505669205 0.011207055130612941 0.08924250205460176 0.07595451298813513 0.0874631533413669 0.0830243004244192 0.022143377508193195 0.02945090116027052 0.0462991705038037 0.054445930284604746 0.061280741483324096 0.05054534944286332 0.013106934447305525
29 0.05652381742516628 0.06290743273416731 0.02280402044477424 0.05058223141916588 0.08156108459233588 0.0719045910192394 0.07894830960945692 0.056340520005832166 0.04803196533569836 0.047736409004494954 0.0031372506720835375 0.07663309199473975 0.005504848858139886 0.0736607269213825 0.029165868303674392 0.06454253099668418 0.003169403359350531 0.09842321419299858 0.008527701383220716 0.05989498172739441
30 0.07957421536513276 0.0596162742689196 0.0635995976919288 0.09292477660099532 0.04024733839919545 0.09295903930672855 0.1007773435040805 0.0062013363933623175 0.06446627641154565 0.06811474175863308 0.02718499205894554 0.028932263118794963 0.020526719784899415 0.02144246295025698 0.0651772440228688 0.0330462417473509 0.029640767531711742 0.009080230117056711 0.0112681458091972 0.08521999315839567
31 0.0775268428436002 0.021861170379351216 0.013678611979579699 0.006651619070895746 0.07271843690913828 0.013459301694331141 0.09033708236116553 0.018685433839577464 0.047058404196350836 0.07648546315018555 0.09115137024546985 0.04185182458333366 0.09071102086582945 0.059448034923934474 0.04364247664746388 0.06186072327402651 0.04093005516453716 0.05634736408723937 0.0584511789798269 0.01714358480416308
32 0.018968402675775133 0.0038430533546913183 0.029373706650886018 0.09351472291891791 0.001367282863892018 0.035779337392134576 0.10577937547199949 0.10608554154438721 0.007176726278424576 0.033041136412097896 0.02612655270649145 0.11478647034491526 0.002901459058760234 0.07506791980709118 0.025271943698089622 0.057628597371724884 0.012769228644429751 0.0786051735162772 0.05358298495221343 0.11833038433680085
33 0.010621787920999335 0.07385827767643419 0.019781213965938012 0.07682974752092096 0.05428202013102221 0.09406425281515267 0.003687598520203795 0.03674309486188918 0.010718047244326326 0.07528635645130961 0.07250141633274139 0.04679186945080956 0.055698517160921786 0.03978396238538315 0.040055073085546726 0.09946074826723773 0.04792865020457387 0.04657620612888564 0.043470998627373414 0.051860161248330296
34 0.04869213907660127 0.09690829504022934 0.07797219385185553 0.07220373089898564 0.09337854814254608 0.0756333343749446 0.01934045956294157 0.001100621281702843 0.09735337505226759 0.023602161733729806 0.03993155996093322 0.04025310398967175 0.02449528066560863 0.08038568910378653 0.02474277652488922 0.006567311546235221 0.0986913301950306 0.07075523465851265 0.003266662814595733 0.004726191524932522
35 0.028817063484915105 0.04528153364743856 0.023251666397777166 0.009863413692791718 0.056978476980462316 0.004034393476653227 0.06871507743974874 0.09666111717952179 0.09485296108564009 0.04381521661953056 0.007737252462532955 0.04457180798672529 0.09652778934654255 0.09428423253031426 0.05557089832699214 0.001412720286701033 0.021293045815338956 0.022423904181172585 0.09966706204999279 0.08424036700920806
36 0.0015206855648897183 0.0751311548045282 0.09320708843141856 0.08827457952418455 0.04003314369461902 0.08695490348061366 0.08193724990772869 0.014268998354480525 0.009679225177605185 0.012927972702849587 0.08059532648912349 0.003767478498863635 0.016285330386542802 0.0633572907918394 0.04099583928377436 0.029289038704583038 0.09405422075807182 0.07137571580072122 0.06934753712199107 0.02699722052157158
37 0.08681300174053823 0.021203317793052675 0.026876347571423622 0.08692167064607913 0.0892923007903984 0.05252243603592339 0.0002834305303581767 0.08408691320853912 0.005458286784613301 0.004200307331750898 0.07892523939897497 0.05837610663260825 0.0310804196480204 0.04571511587485821 0.03174574471639972 0.016952540820360726 0.06209629491478693 0.07810024724639292 0.06694826173413618 0.07240201658078482
38 0.08632806528374581 0.015862058874646142 0.07289103413945622 0.06162561935187959 0.0006745928654133544 0.014207383179999828 0.015857116239133665 0.09638841622694673 0.07789687665990769 0.05703647067118827 0.08186634023548056 0.05804547599042574 0.08946858589193131 0.07068026510153191 0.00497371183549786 0.050449581282862185 0.016943197439074596 0.03083992450710601 0.02533181790159773 0.07263346632217485
39 0.059121518597560783 0.0015771985262838443 0.03580372342731527 0.052290480916486456 0.08335259754605356 0.06691269290797429 0.07708402261684953 0.04998540905457642 0.049305427306439546 0.05043638700020427 0.07330364197906251 0.07816844942035087 0.03201151310503502 0.02291389205324991 0.05720845645427398 0.0002901066578253997 0.08657648218530696 0.06047579105579593 0.019135828212232066 0.044046380977123274
40 0.017975932622968715 0.06372185180252105 0.05329292225009475 0.05221998872523068 0.0036689310210813978 0.05172624208739666 0.07234870825367486 0.06717026128522485 0.03147835850495393 0.05007301385147931 0.08448556440260019 0.10072007432672897 0.10279996712314413 0.033036459589866604 0.08982607416645438 0.0001603295179773007 0.007955418610497266 0.04188343688491933 0.05704937246026516 0.01840709251292026
41 0.023680389610921324 0.03376755568284658 0.07948115538760267 0.0483344623793525 0.0009157612391477946 0.03129945815655835 0.044422194884361624 0.08800026021238598 0.052079735773498566 0.013372704703736027 0.07546236677570772 0.08703401262192198 0.08773217627679764 0.0870141084886176 0.03353262647570129 0.00023163907048200205 0.05511135228771325 0.015341447704501491 0.06691006607889094 0.07627652618925447
42 0.07026581040721509 0.04099659536515498 0.08314095060877547 0.016188897086065537 0.011253240651454145 0.07378176625906188 0.06483884159598555 0.04252382178091854 0.038963178388589474 0.07893939571648065 0.04007640403917119 0.06699406185254715 0.02988892862180111 0.05437607746964131 0.07270509413403976 0.019112389571019087 0.08835281918826618 0.04825201118121886 0.055234859954308255 0.0041148561282856435
43 0.01845857004852801 0.031016572977307467 0.07352560539210584 0.06224429225308588 0.1053245939384427 0.05951405924167858 0.05398079022631264 0.10388303429929666 0.017400830238202752 0.04502695213652408 0.057566334239120734 0.03811206193276745 0.04760207256705756 0.02492906668596119 0.00631700232111397 0.05232570407231753 0.0049602435411982716 0.07909498151010227 0.02863695984129194 0.09008027253758445
44 0.0791384063433003 0.020558681314763044 0.08487883193339264 0.08281709839245269 0.002050324498601942 0.01220620203881201 0.06602883560961001 0.07899532187044063 0.037758852110087206 0.10881839845814709 0.03212130858348324 0.01310533406649601 0.053073062385733366 0.0651465711591959 0.023749638312862507 0.11325551726378509 0.005847830789583411 0.008193032200754126 0.010676064469866936 0.10158068819863174
45 0.004292484163608642 0.08866924504811317 0.027374176824053992 0.05632339083523075 0.04504663213445632 0.08316085124696326 0.018305848800858074 0.022055460565916313 0.06425626602813814 0.062114471307235644 0.020512527972745307 0.06566787592958098 0.030400968529652232 0.06688198032050643 0.03696438959646541 0.03896908852728686 0.07688080578783565 0.05326508743332097 0.08336855283188463 0.05548989611614725
46 0.00797716877879616 0.05972083553719943 0.07071813213849466 0.0332560498679394 0.026056601995422327 0.03256929382436658 0.07829028936406271 0.07364572996466029 0.0598423579007629 0.039031209410359105 0.08481235056644566 0.01860080658710542 0.04685105964152157 0.039779141229260406 0.06441048388589661 0.06920433875291328 0.01815325079179023 0.07823074989642034 0.05595681002171065 0.04289333984487236
47 0.006360312247488777 0.05969670436865312 0.06007907655418961 0.05460982228312133 0.03154531302376976 0.04353427221814679 0.031132932586610453 0.02444675116962714 0.04585336416606859 0.04462444558749739 0.049598375625998864 0.023302787498190182 0.07967545214765186 0.08706027065340931 0.03818521844290729 0.05863807968062263 0.08205948101280035 0.06070642333368345 0.09812628076248359 0.02076463663707942
48 0.0054915628091395914 0.10203336164784012 0.05089997479251116 0.056036550105561876 0.07556681194462586 0.0152215681678527 0.014239543470252103 0.002974600558329154 0.06581393065044175 0.10665597709468548 0.008311003122253214 0.07570067800582 0.06656398496834798 0.039889420953166214 0.06985390916493675 0.06737234035935862 0.029238427463880938 0.038016952679900524 0.07424243620301973 0.035876965838076265
49 0.035149020374111425 0.03908384653855397 0.03323545187344016 0.056194558452443956 0.09176109423594637 0.0032039617535709417 0.03771385772021774 0.03769628976711046 0.06151019715109788 0.026662336893543942 0.08225275877980791 0.05547762438732004 0.04267359001160848 0.09136212630220952 0.05155180055483151 0.019040306712542147 0.02093375783180982 0.06632944936500758 0.09061111480010697 0.0575568564947191
50 0.04436792692313644 0.05207383603161753 0.052152943073688486 0.06864331790800351 0.05334148587429229 0.06510368650307002 0.006781279313189794 0.004243865367947162 0.0422582478922885 0.07067544625171059 0.06945403593412325 0.04859451682552684 0.05194523605228001 0.044306738974927797 0.06748998926591968 0.043989885436312735 0.02880067996841326 0.060366114158647045 0.078373025485778 0.047037742759127
51 0.03321197851912791 0.06519742391877514 0.022765373860932563 0.05967881211471818 0.08360869477843676 0.058539776722048444 0.09288458701022934 0.09743815288808995 0.08183021614527881 0.01648911643955048 0.07140646016064375 0.012846540643724553 0.06594285857038332 0.047281917084335524 0.03506151804097324 0.06811060482112626 0.05736099214013026 0.004135074868863388 0.013082058042295171 0.013127843230337133
52 0.013929321094910864 0.03536678936234868 0.019211986402583127 0.013422357095380765 0.00561339413770966 0.07279614710771427 0.0475738117800175 0.0769232729118937 0.08107128924930784 0.08038897194278867 0.07635894556515706 0.06222834042622193 0.06488558853084972 0.06637668586522454 0.02926715630198095 0.014919050286659293 0.026262755312828467 0.07313207922535726 0.05184422636377216 0.08842783103729347
53 0.08153850217560982 0.10993671828026846 0.002344644989694199 0.0912264239905254 0.04347593877779875 0.05018745578030442 0.0020065041946190094 0.014532218108650413 0.09643586756085391 0.044122106361548445 0.11765655796853994 0.03713010648161294 0.02912622692022473 0.025115889158382563 0.06029163037055324 0.059382428173666416 0.08802796556781725 0.030216546633142036 0.001821018368499654 0.015425250137688374
54 0.10705566761809904 0.021281221080475955 0.09500839422949196 0.008191392166581567 0.09597742910958339 0.002773742611963347 0.03723124792042249 0.011414622387111922 0.00019639886352542906 0.03131541826336403 0.029146462309956926 0.06081208672341718 0.047540841259117464 0.018935323944178815 0.04559997126558448 0.07050058508259355 0.09722766845410151 0.07438808924825155 0.0615725918500031 0.08383084561217637
55 0.04479654319213009 0.08463791132956873 0.029212803843131786 0.027932802751675027 0.027732268388298845 0.00876811923847756 0.008921782634180652 0.0519629136940579 0.07697750635709852 0.04229174125716406 0.03245236487337833 0.04104807590832154 0.08910807931613422 0.09003144047456131 0.09008251853263415 0.08802078465212941 0.013211619227851511 0.047053163182023454 0.020333590286549956 0.08542397086063296
56 0.013404026002605894 0.07967435509558131 0.04175047406692954 0.00621227154355541 0.04074334617223116 0.06675517353060514 0.013658751377307312 0.07899217642770821 0.00402186742464672 0.029667246821290277 0.07870695104195888 0.011296950450928222 0.09520077112983105 0.07780200142612334 0.06737154917552161 0.09965839105434761 0.09642971662766382 0.0319047470237504 0.04434428077855361 0.02240495282886044
57 0.035912077972771 0.0055431245232132 0.08872162550279307 0.016306479003579035 0.008231400030805306 0.052104378047261576 0.10712442591608293 0.0752820962989737 0.07789867903019439 0.02067196874966301 0.026606814128656647 0.0169351177855702 0.07626612337411724 0.005090559740773019 0.04387374291377047 0.09594467364216575 0.05568944699169803 0.09084289319991254 0.08725223499338576 0.013702138154613288
58 0.0975893064265471 0.01284031027640412 0.01694989323986946 0.050987533578283596 0.03703489709851545 0.07594683346797902 0.046535705661782945 0.03924330435919983 0.08296005684529485 0.01923798640360101 0.053807622693620175 0.09319484276845003 0.028032285710239913 0.05552641582785791 0.04645409830182153 0.0795692797257797 0.01670361304325226 0.09865648832248888 0.008862784352021862 0.039866741896990326
59 0.055811837327389306 0.08570612179995395 0.04294487090105627 0.05829694341030584 0.08398472303018752 0.05129553629981571 0.07273710150139744 0.06993368138132196 0.03414579660047538 0.03651370066433758 0.0393407453987306 0.019139073718291138 0.051646780138727345 0.019183770312667672 0.02241739275638018 0.04617159068251558 0.06012222347594688 0.06966538743273838 0.024731590148323098 0.05621113301943815
60 0.01977446989164959 0.04994682135209421 0.08472753637424349 0.08336638733903137 0.034725267234021924 0.05293647193836166 0.037147441656779454 0.09151295552483507 0.07602273366939276 0.02344472259911456 0.07273614164175951 0.00689052386540856 0.06472006720269542 0.009687731861549925 0.09641952828135023 0.03620703996623621 0.022546276485560922 0.031693896965429784 0.02016581590330029 0.08532817024718492
61 0.09855032124700366 0.07631859931068782 0.02565595642442109 0.02593472714721819 0.07407081774037015 0.02419649442001573 0.07832401123014163 0.028264910840584183 0.034677338026369145 0.015377791798750177 0.07722577905396028 0.04902152441257462 0.0489045358770592 0.056448895791021456 0.08539041987641367 0.10930659858872864 0.019849175289669056 0.02001295821840171 0.02561690421921866 0.026852240487390926
62 0.049434150072660374 0.0561696337413011 0.03421094689770696 0.054934391415731317 0.06847040329559492 0.01972625950181164 0.017850395980202292 0.06149656970899287 0.019318210797909404 0.03533765062807826 0.08912311748928177 0.0016968471888244411 0.006886947578550337 0.09228843021833266 0.06047965894630207 0.07829963838492339 0.08463366239357183 0.08271380064862335 0.0642600021786383 0.022669282932962432
63 0.020033231428431057 0.01573331473324919 0.012550232144119008 0.0277897260207377 0.07052305778842648 0.08745387181538118 0.014516970559835892 0.028590919561772767 0.10258836052440362 0.07441865663733027 0.08741125622221098 0.0670623906960093 0.06991167966878437 0.09452370994095236 0.017906961414274045 0.017946188166169903 0.027924547237801516 0.05305336334119773 0.08580660782155333 0.02425495427735923
64 0.07569421136933252 0.09014933713679017 0.007613765325523109 0.04336724462661818 0.06347058998180959 0.05885479594228856 0.05073032226307978 0.043177857660386974 0.023362313327804456 0.005291144544594399 0.07111071205846581 0.08092169795303104 0.027401193061372092 0.09271619328515943 0.07286771935546799 0.057875032112150324 0.05503462110706594 0.028772100152075288 0.020073970959561944 0.031515177777422354
65 0.03640647052956956 0.036987119966135504 0.05507760134404604 0.0701745612437149 0.07874159855771838 0.025985325283869057 0.048875170855791794 0.0469250312811116 0.05079164942633766 0.07730862420861516 0.08104291840238229 0.035362582881203454 0.056012163595867685 0.024691135413837974 0.029005264375870254 0.053858156477646156 0.07191047670726974 0.07777557145964678 0.025959314918114644 0.01710926307125136
66 0.058207498037455147 0.011313242294368316 0.05466793013908255 0.02567454145305854 0.038287426838343575 0.058702918849543755 0.03756991132651144 0.06438373045578402 0.08186200916899056 0.09162795094207925 0.07539675288928256 0.022507897077272698 0.0029786070230953888 0.04721121069444761 0.023608563337541088 0.079985340237377 0.07993545210630261 0.03608423724815032 0.03600475277748743 0.07399002710382586
67 0.06582519875233368 0.030433832629549497 0.043107022570259126 0.09194895391012488 0.06141204136991564 0.04609479637806947 0.043032616670918844 0.014982270873486086 0.021286987143902782 0.051847138181088034 0.0492401980037178 0.06354546588125802 0.035548451029740094 0.06721435257221106 0.09589805084574829 0.07890386094129086 0.011386094181229357 0.030451338088414326 0.09370034538275623 0.004140984593986117
68 0.03494207179254179 0.002324681702461747 0.02198991750179252 0.09596179932658834 0.06034825142118409 0.09177248813375384 0.0944190106866265 0.016816909795890633 0.0016561271124723874 0.038989078927593755 0.08749491423123584 0.08657337728231372 0.03059655992155879 0.012838568587433104 0.04790147882956856 0.07565078892936739 0.05616501883717763 0.025283429132333522 0.042974342727980855 0.07530118512012487
69 0.07045503973675096 0.041141179315835476 0.06109693611639095 0.04760224271281689 0.045131330859758706 0.07647287852281771 0.0457234328637283 0.07354478161232784 0.05905204301255417 0.02505145691571677 0.030818095365635338 0.010715518623058947 0.08581495818619124 0.07804961716676895 0.03837188947693296 0.07377583567071942 0.027083235128759025 0.011938390794159157 0.07558127836419065 0.022579859554886544
70 0.036126237009087125 0.001972896208024318 0.050171585438273554 0.10861803415946049 0.10185186269241503 0.0321860485742656 0.011648177241794469 0.0032377018360219786 0.02329181479784912 0.0633659262356828 0.1248207176972368 0.07457146884356687 0.002110879487760851 0.012532343585127021 0.041706375635673906 0.015777488749098085 0.040792463785089376 0.12271274158943976 0.02725136119633894 0.10525387523779411
71 0.02679162367537415 0.0035085424834377073 0.0448707839844552 0.11757414004337205 0.08882251320695012 0.008123155337826085 0.004444336856191231 0.07670427992859356 0.07818426424089504 0.07498919918089839 0.01175411884873361 0.101903652365002 0.022618265794720573 0.0510023937165982 0.10197917969281703 0.008837615014296816 0.0335787379321902 0.03599501733773085 0.026924672339086343 0.08139350802083078
72 0.08076101749400258 0.03884707913262595 0.013313080100461646 0.08004122583517899 0.07720926191616394 0.09238750690456546 0.029759983517088136 0.060072390362576444 0.07424133860533454 0.01219103538263521 0.06813827832179796 0.009410708826422696 0.06801105093763413 0.08034080907479826 0.04164123296251388 0.030605029232135393 0.011447117762966086 0.013143271158713044 0.04625773370667902 0.07218084876570668
73 0.07235436962677873 0.06191276800503782 0.027375384460573058 0.06808925339304013 0.044498389801525116 0.035665605218871625 0.012948982813103261 0.08065935204945214 0.09089369199317811 0.07956991357921527 0.08743386688890288 0.0671262866362044 0.012325669696163213 0.014770905755092397 0.04405593516765943 0.069472099984435 0.017083245853768872 0.013846268515086892 0.03417529216061471 0.06574271840129707
74 0.05234841435196162 0.07026858354513263 0.08792195355965984 0.09042374599861375 0.05639975737276978 0.009999066412067305 0.0281846604653627 0.060674808629368776 0.00862965227798666 0.10444644792007533 0.006718968119249868 0.10157743161787955 0.03650978983244677 0.026142717404020445 0.013007942278883817 0.04525442359689593 0.005968620311149511 0.009417804994664575 0.09723324131585316 0.088871969995958
75 0.007915419928984438 0.04874716280819404 0.021162990607145153 0.04293282314464587 0.061194761285576216 0.003160628527274614 0.05225403205618115 0.0196980061404121 0.03565058210446195 0.06420809775836821 0.026681607109459403 0.043897763260377254 0.0735097680043691 0.07128410717446146 0.04230487007209304 0.08862000745577331 0.06006624119259318 0.08694858254038056 0.0580934284525703 0.09166912037667878
76 0.03336255038072154 0.07374087070624753 0.01092960089772623 0.05222598912122 0.06871528367780276 0.01787810263508924 0.04618425658272996 0.04789604387352621 0.0968129751396998 0.09980705571540402 0.02344668973164649 0.08792951822412894 0.00021629129925976483 0.06681261243213912 0.05257235105098034 0.008187582981857056 0.05667357251472841 0.06245360390555725 0.011613772948205717 0.08254127618132953
77 0.0472761221767264 0.017637391807209354 0.07000121627529837 0.09672625089988057 0.007238626389914144 0.05954978785857618 0.08582284273688141 0.03445392880037582 0.05943786141619169 0.08118221829453529 0.07869394065260148 0.047775803277409684 0.07191991872519837 0.00928665953576455 0.009752888307819483 0.013232428036799304 0.03497312091159268 0.07144690287932932 0.031067645634454733 0.07252444538344129
78 0.04098064302713976 0.0810544529443936 0.03036502980199577 0.03371898020813222 0.07834441132983519 0.07913346425584157 0.006444084613393312 0.07939314878204907 0.018510999312076715 0.08016604589124778 0.01696894602060538 0.05269003517830116 0.04307163000331309 0.07064852190640253 0.05029232260117713 0.06231183840006085 0.08225623370941308 0.028039505164843572 0.018198890453706065 0.04741081639607222
79 0.0948081473276157 0.07310722631651535 0.032572122739790293 0.05365676048647805 0.03928191884761529 0.05830105359606558 0.07369278550800867 0.08000933443540073 0.046942492043213845 0.03611141506500813 0.008316018996186178 0.07220542482502024 0.044124442269615115 0.045744288010792764 0.06653335831917957 0.0021347831335202573 0.06579137077160699 0.04511421881539262 0.0204133647334298 0.04113947375954506
80 0.005545395145823151 0.05752483362630704 0.06856776848397741 0.04515506336119223 0.042769240041493954 0.04289129127708374 0.12481128335225501 0.003078831164771884 0.058650915497049434 0.0007248341250047063 0.06375832330241003 0.11722589605645513 0.016623938848111617 0.002253089362686645 0.12211290679659 0.013151607353206515 0.09253356005701711 0.014481138501952493 0.04488465652082303 0.0632554271257889
81 0.11259913864379419 0.09298810927983008 0.0367554315581773 0.06666699144323335 0.004261471661327688 0.010979120153537912 0.11405553532395404 0.026546414754679323 0.10643881841640017 0.010909973210940442 0.01983283059460939 0.06385521809831465 0.0760452039211182 0.020213249749732227 0.03733324697946285 0.012483584768396942 0.08569411124139668 0.011250783085320772 0.0841749801725162 0.0069157869432575495
82 0.06796901358752773 0.007543631840798071 0.10349848790569169 0.022347364106316922 0.07190918685190804 0.1103280771599968 0.058153127312539014 0.03218386891774355 0.028492158527146316 0.0900278858942406 0.09277804942009119 0.0896913286710234 0.022919940839203703 0.016695238305570247 0.05106964785942894 0.08389513557436531 0.005168969436655165 0.004261496323430865 0.014979518400326535 0.026087873065995863
83 0.08202670819993561 0.034495959424772134 0.006241837494269005 0.048555941821749396 0.059458132036981734 0.0036025661580434036 0.06891119022749984 0.06198506708270418 0.07447376740803238 0.060593063257560226 0.079482680531814 0.027746303205646954 0.07995359947784579 0.03549266252049271 0.07847567200643453 0.029492664140523626 0.07897388319398185 0.024469841485941366 0.0466171832723297 0.018951277053441528
84 0.016952174720859213 0.03463001094552907 0.06092868782291858 0.05926104163846442 0.026442737020549608 0.07106458295582942 0.012993291624510586 0.055375419726945686 0.050835152670728065 0.015123275819105043 0.07987531899371977 0.037177221154353804 0.07373453924449658 0.0705707517365164 0.029894064649931915 0.03219103616820362 0.05784376868490821 0.05043486067601191 0.05589838557372727 0.10877367817269067
85 0.056883605135517955 0.013418569118760175 0.0699115121381247 0.058840262676771705 0.055900270508255696 0.07692492224837992 0.061364581785095566 0.02186490786058616 0.029757330329954947 0.06666443339005151 0.07580084711184476 0.07851004351155016 0.005451025350093932 0.012718354100843007 0.060073102382633935 0.04045378681244039 0.005268791745034896 0.05667634377727243 0.06826066499428951 0.08525664502249845
86 0.010610481510618535 0.045280577181044064 0.09592306675848399 0.08707440698629774 0.00859964934819049 0.09583969196263709 0.02767708216020673 0.04830166563086127 0.06395524163249004 0.08599430241913579 0.02313541126539033 0.007692520552878285 0.030141501119743445 0.014566315755563216 0.06292638295310315 0.05897471751691448 0.08430537980339974 0.03659894917926519 0.06227580139145321 0.05012685487232314
87 0.0820275365560891 0.002893652914441237 0.07550688886082497 0.09622571369338692 0.031031538023616984 0.005611032183091966 0.018361894637077016 0.09574488332499309 0.07640058823339159 0.006954498971520481 0.0793063671414081 0.03578369327449485 0.0965957288629232 0.0053706420700632435 0.02079141926734841 0.031815328372239826 0.06060485751138302 0.09229793094224854 0.016723188211429704 0.06995261694802775
88 0.08832587793029639 0.02856705947224843 0.0584130728310664 0.04556126762861379 0.040526998278236644 0.08591828079916336 0.07522304677584021 0.010449188000647527 0.06189948537523363 0.05583196963624525 0.03870213087686207 0.06032236602393182 0.04642043328096798 0.0017826588063448192 0.03798381595165412 0.017344787887428877 0.08477137219688306 0.044270710305830394 0.044413870222802285 0.07327160771970279
89 0.03806143485204556 0.01785225529764308 0.06980733513080196 0.06445031667575002 0.04926652797773061 0.03396864898145332 0.07945392122700683 0.02893175525560116 0.020407432935103675 0.023996810180551574 0.02993294036335107 0.04187118490327862 0.06006670323957876 0.011388004322668776 0.05626512471118438 0.08638665525241206 0.08606542243047613 0.06675674382647082 0.07548271646613143 0.0595880659707602
90 0.07368749366778807 0.06803645941186715 0.06087754164239512 0.027109646234692964 0.06305421530320074 0.0003997460319853773 0.03562111019995557 0.057077644725336045 0.04772361644091581 0.07431687347331371 0.08021552597427949 0.040971384335881766 0.04794488561778554 0.0729376062023566 0.05726951562221762 0.031043651600749005 0.00811511644195075 0.07298701331004383 0.06975025529210521 0.010860698471179743
91 0.012743364609429505 0.0018149278383900395 0.02951770400822592 0.024910868106471796 0.09218327983691985 0.0895513138728543 0.08886599964018382 0.0649233275366978 0.022228341639782496 0.06466786715925059 0.07451589243539433 0.001108160018243964 0.037738996970039865 0.0742265384686275 0.06718392464983264 0.016456002741185218 0.08606837761490486 0.05585933769478146 0.08919593128754025 0.0062398438712437145
92 0.012575461005774412 0.0117514397434065 0.01091756056784597 0.01131708945527904 0.029189955309940088 0.0926726288728971 0.09520945093720644 0.04572877104284966 0.0831526189122846 0.026582014350642957 0.06359042518397023 0.008895941992546988 0.0059943138369947515 0.04983678982034408 0.06812349985857112 0.1044898343804237 0.06485331298432827 0.09624869361022226 0.014677896611061749 0.10419230152341014
93 0.04724231196616805 0.03942379510120222 0.05812706831377341 0.011972830406836431 0.047332210072648324 0.10897541106477539 0.04548566841847512 0.037945960463888026 0.03475918167774085 0.03971186552695068 0.05245158979860559 0.1006335529406797 0.009053593119602979 0.020103910150687184 0.052678605539660486 0.09846230227555358 0.02153853646953003 0.10180769603383516 0.008105503480456782 0.0641884071789298
94 0.018050782045007877 0.10101842910913372 0.027085466063675713 0.023623884144780595 0.0805300562508548 0.0957138286842963 0.013593777526067243 0.06701615803077302 0.08531445232175323 0.023898882277117617 0.024292750616749 0.0495626278116832 0.04542010729061163 0.06599204297626153 0.030716225767126754 0.023101108700472817 0.05788224838211822 0.08910285966043488 0.015167668333728535 0.0629166440073533
95 0.03795641172220944 0.011907417309369327 0.08227903297174743 0.07729399569667439 0.09192030183364662 0.055126934311576135 0.01886923861427723 0.056475745993695564 0.0364126640826395 0.06420794690954643 0.05633065459772764 0.056529959930978875 0.07051752844893149 0.01964133979486085 0.04064477676019107 0.0863271403476617 0.03191181782039381 0.027806309135842505 0.003545531502120678 0.07429525221590931
96 0.0982673652679084 0.010579031642284456 0.09683933662146396 0.03778923916085659 0.03109536204664123 0.055046671734976675 0.052269054077500446 0.013288785822835967 0.08660380948903515 0.04641024335703163 0.07852049173886626 0.0683815313831029 0.01838699022661963 0.05963599588938971 0.007732367431983951 0.003859920912421761 0.024505241981614374 0.085385504089616 0.0901061227985785 0.03529693432727247
