0 0.07235137725089713 0.09103243039734521 0.0019279787793975982 0.03440695019274808 0.04662488534469842 0.06114906190995937 0.013111466017680989 0.05901515283971446 0.0950618986319433 0.09204897588601099 0.03053112905354295 0.01370154198237991 0.08827779444672833 0.026031433815484558 0.08742548758649374 0.011428578494303676 0.05474589959776304 0.0237233125862281 0.027402744877944907 0.07000190030873511
1 0.11126106943063689 0.09042726866335137 0.026883519659372742 0.05618802105178367 0.017629270465002282 0.02555264482665962 0.009570212060802464 0.028732309353374584 0.10489890034215273 0.05759216578589196 0.11184723549211736 0.04596792369447842 0.012147192267561701 0.004532427936470061 0.009417635312714357 0.0089856745861725 0.06149533682850937 0.03455968111184881 0.07105076132632303 0.11126074980477611
2 0.07141575329094606 0.06293953977505341 0.027117276245361695 0.03950545486232856 0.0016709748134099982 0.08992883322104159 0.01772919063352531 0.01342264060675311 0.07472208277470468 0.011436750442766848 0.09317351509572147 0.008814266951283529 0.095708376357337 0.09699813572473391 0.07411131907073458 0.08053121547027114 0.01940322554971052 0.05308257408511294 0.0149234033155716 0.053365471713632165
3 0.08181614139427025 0.021919153773030338 0.09861487877775657 0.09423461381229528 0.034390932462006044 0.010797230118929935 0.09235810062292377 0.058172286703734755 0.0929455943361356 0.0182468511107339 0.05787197177569009 0.027853395247970352 0.010291691228198223 0.0385943245738746 0.08471803906417592 0.03419853515605824 0.0012666446205984393 0.09746642487341395 0.00427622689221413 0.039966963455989435
4 0.08393839585794761 0.07068130319384328 0.04122698313981349 0.040256201548784024 0.03633789139544377 0.05346623780313951 0.08909835827762767 0.03547962018750865 0.050425722505697046 0.038163663893447664 0.01381294850626542 0.028815879759514298 0.03809279865592518 0.08705969462936611 0.011975809221937703 0.08092472168243553 0.06705014194852638 0.014905246267209895 0.07069627005702303 0.047592111468543766
5 0.02213600244505142 0.07726224469100279 0.06916136897206188 0.03041862988089412 0.02012871208493977 0.002954763226933148 0.0657170931346729 0.0669833513729665 0.07006675955808349 0.017843846635476595 0.0013346486709718073 0.07640818296746026 0.08735501219182785 0.04182129946476227 0.07878222380983617 0.056239803422509935 0.05991669121185338 0.05661494903292057 0.08959009541166146 0.009264321814113715
6 0.019040193970298044 0.045963938508468416 0.0012364529492023498 0.05716117906698248 0.052338705125459184 0.05446434842140648 0.034609005354689866 0.030652883460982217 0.0822243599195305 0.07304988422828036 0.07666247376682613 0.01936169908128649 0.06773610108050719 0.07131229427754986 0.08167831884219143 0.050932029368159194 0.023593302656597474 0.07499894716164682 0.01857223079196436 0.06441165196797109
7 0.013074371554530267 0.028587790897825642 0.08042036632969887 0.05141123635041244 0.025829061897977915 0.04948789864974752 0.02709320791551581 0.04385497220091528 0.052521048861722146 0.015761803752330602 0.06679998697600635 0.07501583360003852 0.036171290296178056 0.0831192051994295 0.06834548270251882 0.045912234667826624 0.06275020128656432 0.08218291895162845 0.07897698496874407 0.012684102940388676
8 0.0224840591285535 0.005396317548694448 0.0844819968536066 0.07875773832769266 0.013720020034325514 0.04165977032211967 0.05874382748399175 0.026735639494746204 0.04958745880671926 0.010051746237081268 0.045268064052652095 0.04328061326065718 0.10049029437608424 0.0446917833745585 0.013790624125104659 0.06566140375721932 0.08903051861802647 0.04320028775733843 0.07273594320086396 0.09023189323996417
9 0.005749974719630284 0.03877397925603834 0.0028049499880833805 0.0992008789718343 0.07435392612353008 0.016397730340829236 0.01859556990122625 0.07349522446672065 0.043391384702808455 0.08879081178741978 0.006154504136906012 0.04859943646089356 0.020045578717275688 0.087390222055799 0.09296360789096204 0.08531717156365068 0.07062877164533635 0.07357895769906693 0.034196986433876315 0.019570333138112714
10 0.0948055926306907 0.0038096014926279854 0.08844608868365672 0.0253827157183152 0.06636719355303132 0.05245056504160307 0.015562645974441134 0.08642134267845619 0.011705963204807093 0.051555177401477234 0.04323251257575427 0.039626168983458866 0.06837711117986713 0.08196251658114961 0.0015599301168607385 0.09678734745950748 0.04275475558337576 0.022376927540074344 0.037493169140300285 0.06932267446054484
11 0.08109844778482708 0.07229652136696939 0.07756181368567207 0.08165660171000569 0.014161449899349442 0.013998201502751544 0.02872048052096274 0.07831937426056257 0.005644374750839329 0.006192676218612315 0.07908150484442726 0.045342417904898284 0.08130611242408464 0.0179894937328382 0.04499280404135525 0.0620772732042944 0.03592182105095374 0.03021001469038035 0.08124766567714597 0.06218095072906973
12 0.0039145916817864895 0.06683636745653299 0.07209882370076841 0.066186863045746 0.06715818386780512 0.011261259714360738 0.06848676700367096 0.07125162589921995 0.07118422888915481 0.010698156411979161 0.0808051020418014 0.001047385141539606 0.07857741779584172 0.009028608114033849 0.07715319631460607 0.032666928757841246 0.08156580916171648 0.015910106109229077 0.05425965425346019 0.059908924638905695
13 0.08962311120435991 0.06820529975926312 0.009454524305993178 0.06803536599304506 0.03911861945390796 0.04478728283805024 0.0784418997297508 0.024796818951368788 0.07465462759149714 0.031110543856844308 0.05048902543773099 0.049923617946635045 0.03631482552903076 0.022650598663879258 0.04303563868146567 0.03934070754695467 0.05518499626907343 0.03935792641697931 0.08518803533829075 0.05028653448587968
14 0.06904227838398991 0.04664782265898071 0.06120109420093239 0.048154099043099 0.07112455877190228 0.0045666433612789655 0.07933108037641072 0.0615067184244694 0.07598891062649347 0.009115594199719246 0.026039269423377757 0.052035129495052124 0.07275418747745055 0.027259340297609878 0.07314317779382346 0.05927269625043413 0.06958437602075065 0.05095045463284114 0.032409787063644994 0.009872781497739035
15 0.06421710775905339 0.0874902684611568 0.06952757311375451 0.0485066414779583 0.061868133430121014 0.018408585121731436 0.08729882110520404 0.06284091064635526 0.04332803153832961 0.021398021312557483 0.017803505301130004 0.06661188408554401 0.08699188584974614 0.031214761450559698 0.03487529590069228 0.019971531736693474 0.07194595682821715 0.05999308311004445 0.03229379616348262 0.013414205607668404
16 0.022631853240678984 0.04368676064865804 0.00779752632365268 0.06782049322468717 0.05756377364858101 0.0780810132669678 0.03399886971358678 0.02361723087299222 0.09067206240612258 0.019371564849573877 0.09693082933963297 0.043249912084274214 0.03759162832593966 0.006091881980229993 0.06224496444607629 0.011256611431107979 0.07490996688596667 0.045582030395218666 0.10047064889581425 0.07643037802023847
17 0.08109618655778972 0.0015703980682775917 0.06146948947251843 0.05252381075491754 0.09426864781470418 0.0501707090533709 0.016048547358066472 0.012191779896169787 0.018897905821781937 0.03908437507065344 0.05834535780323202 0.0766545992404031 0.089730625041016 0.04706986069365718 0.07679004858174351 0.03153500967328798 0.07433164300879697 0.04020688357976926 0.019935209389060717 0.058078913120783046
18 0.031463190419524084 0.03167230479537557 0.01621170030459199 0.003035618843502632 0.06811406736223004 0.04551775360383867 0.03259291648798904 0.12443045152112858 0.02257153237766189 0.015909207720692244 0.10045925614450832 0.11695627957117935 0.07794152045573732 0.015894347380591173 0.010004169384696707 0.05335381268228624 0.005033606681667537 0.062005094747443 0.12364234600705631 0.04319082350829937
19 0.09453571582425456 0.010894844448610245 0.09719106917906542 0.0038703265292064984 0.03803027273963924 0.017079674365348865 0.07865020404256605 0.08053154969115481 0.05617779030945923 0.000325951439927883 0.08303492515134074 0.06243328936555992 0.0717117293416525 0.027876047471663747 0.039007890594086596 0.06635606010662556 0.0077610462410933195 0.0768923568455339 0.08534441810754974 0.0022948382056611227
20 0.09380475794439473 0.021581099299218656 0.019742421361166433 0.10368517484358317 0.0847658373513821 0.06195704945301026 0.031819171919573626 0.05316849090269913 0.026048673326256336 0.01117962859542522 0.014855419163938795 0.0847427004283571 0.0019548852869685504 0.08177786525479709 0.04259267154988667 0.0937812788648814 0.08951141101331196 0.01632308579685853 0.044321249460329705 0.02238712818396049
21 0.02352096953903339 0.10300130046982019 0.019333074390444568 0.10234498533286437 0.022597992442236092 0.06004171894375164 0.06887269111158772 0.03762277827010523 0.05726264486304707 0.010900213225215031 0.014590059585671153 0.1044730407018198 0.09459559167355239 0.04026128307657931 0.017296174307339113 0.011171754166573344 0.06673599446149198 0.05548319218320968 0.06703235884177525 0.022862182413882853
22 0.026233162158500828 0.03757761534805765 0.017521996254466495 0.07391562422705622 0.013477193027210345 0.03009551445926461 0.03488561992275175 0.0906542181891024 0.01115631895433347 0.04307262434108154 0.029243801802774482 0.07308288090300527 0.06492495927339058 0.047705212362024574 0.05601205890921197 0.09830525635482282 0.07326758397086972 0.05449039106085083 0.10346059497435098 0.02091737350687355
23 0.08258576426385206 0.038859453140616146 0.061644701300655316 0.03373116435991997 0.025597059953026996 0.015228111452964188 0.027554080517240977 0.05924200141564877 0.0876376831555447 0.07756449521572314 0.008431808543508773 0.018487473494244802 0.08049725801455426 0.04577966019212614 0.05257637454218411 0.07310079930997926 0.08389916268614765 0.027226190876567802 0.033452474045579494 0.0669042835199155
24 0.026906704702032984 0.005159927343084423 0.08619544208125461 0.018168342606502148 0.02279884189957679 0.06359817878999775 0.07094201895278217 0.07586840198087073 0.06880064353221807 0.006651064605227121 0.07636591133440074 0.026713472804052684 0.04618892165938638 0.030002630311162824 0.0742529467809683 0.06633938894339327 0.03586505622032699 0.09261558060396557 0.09140105875697793 0.015165466091818519
25 0.048898666973888165 0.043188179723711036 0.07887652605054248 0.08855767216745469 0.07203082737858582 0.08130019266735845 0.028370073930273937 0.051195479368987426 0.07171261851942486 0.09201025599871376 0.015181117469405791 0.056151321865528986 0.03495831193116517 0.07362591189516185 0.03836724879745489 0.01001281159263207 0.009261435869714783 0.054965147101134156 0.049358505324875214 0.0019776953739862814
26 0.02146823715780563 0.07733491936885742 0.08162836184648908 0.03638172786080035 0.08423142601529472 0.0719902615302501 0.006541929215831103 0.06276455599326697 0.01775743618604646 0.07915257814559966 0.07833278737292647 0.01583415234277873 0.043834497302270264 0.01745300445828234 0.062081238351392946 0.019120484998560484 0.0853447796341079 0.04369832455709574 0.05305617958244268 0.041993118079900964
27 0.0009730408979213671 0.027472908496897923 0.05641990624577685 0.07224347982176091 0.05914148866847223 0.031485582000927395 0.002661071397982081 0.006285485043713273 0.09702531475012374 0.09438049288137842 0.057043225472148684 0.018601641451696987 0.016708472061076462 0.031621964559125255 0.09832946787938691 0.06743794367378018 0.0968914712665211 0.08863008740105215 0.00786191492027843 0.06878504110997959
28 0.024987506553820354 0.08069032044385682 0.07261030398641906 0.08352076533957503 0.05577492277182299 0.05110810825221045 0.05368724542552162 0.006452054740006482 0.059805473963205916 0.02958897890745311 0.03129394791507093 0.03361146463039558 0.07594003998138868 0.054974875921896774 0.05088420543530968 0.016803180633457877 0.08278521063967965 0.06466685217537523 0.02091157880649504 0.0499029634770387
29 0.038852103883571056 0.043084208444943886 0.051528140448051846 0.044626477108562185 0.038587188311042554 0.06749608990382201 0.05930849056786884 0.05282207243652404 0.046402341810757336 0.0548825706941688 0.015770822090894088 0.05213446398695179 0.06172381625455001 0.0253943154010732 0.0900515766975943 0.04155532210320035 0.08394050669145733 0.02683204644355053 0.08967108784935951 0.015336358872056277
30 0.07028221990315178 0.04445887804713064 0.07868649476624366 0.03613072931894953 0.053822914217937404 0.07858537095280835 0.006829473271767892 0.07904922691327636 0.05951927952452023 0.057835064417615184 0.04701432744625344 0.027205103989144983 0.03056291097959741 0.06035108381973173 0.04762051094646161 0.03832345646789403 0.035844669224616356 0.06263193046505128 0.020583638782246876 0.06466271654560118
31 0.028104071040895347 0.023789609806059694 0.03383132872718715 0.007777944032859143 0.03723331996455609 0.04526344357158144 0.05655303745655355 0.06305762106463007 0.08726327867518457 0.05363484615683625 0.05006970378242646 0.06744971049928128 0.06845301086432089 0.03244338926198348 0.061127826312976266 0.01369397685990745 0.07606513235067533 0.06485272211330266 0.08575192941661477 0.04358409804216806
32 0.051332276862901226 0.062187565827533625 0.06398198700110577 0.0789521060891831 0.009567256620203182 0.06275752066483938 0.048069947906925904 0.024161677155647408 0.05531616523655749 0.02613145183427717 0.02889025070118978 0.08161040264827142 0.062361088611440026 0.06486708373096053 0.008983972945650464 0.001178331700420732 0.05712882569891221 0.07702745684903349 0.07197207982516099 0.06352255208978608
33 0.042945654080851076 0.07875311414123348 0.03825106190134 0.015421881899839176 0.07210695996828492 0.033968905133814085 0.07204915036420098 0.025325639506618543 0.055716009491701836 0.04401990766732739 0.08334545203589236 0.019863766421547798 0.04508159323717311 0.015993506652509863 0.06229376789208479 0.06453436638312975 0.07742491419406929 0.08088954732236157 0.051741257279158494 0.02027354442686143
34 0.019164347067424887 0.04754507404438388 0.004372682543478486 0.09211189811996913 0.08243485130106383 0.09491516725358153 0.03333187898169119 0.028888708242941943 0.035876447904337055 0.08468080004588548 0.0023120123167933147 0.028560096997412854 0.027429889062714978 0.08252967205512413 0.048671109766654654 0.041495146907064726 0.09728042980055705 0.06751081633799792 0.048662401864370014 0.03222656938655309
35 0.02861294049695929 0.0838723133926035 0.04422038640736398 0.06214121865293101 0.020667216534514664 0.06084591591145748 0.027479085969106334 0.05904276773947695 0.06635333877442276 0.06778075257929671 0.04295613808076065 0.057327178752066055 0.06742411161222059 0.03586092518404008 0.017858640947317126 0.06939188125534139 0.05203579655567717 0.021753446087732036 0.037164121716061115 0.07721182335065109
36 0.00323832353500667 0.024774306150781578 0.02103964390175863 0.014056761547096565 0.06684587627582848 0.08312596630405969 0.06086457103961061 0.0770778383537663 0.06711323229845285 0.07001885818497847 0.041346552896516287 0.04018668361351371 0.01951933640705886 0.05895832291107653 0.05437318216534646 0.036955714145326606 0.09526190814056007 0.00921020917545171 0.09739859274053118 0.05863412021327867
37 0.06078746350912106 0.06370551848342483 0.03058596934265576 0.05184293523373694 0.071490938080161 0.07152835780213421 0.01169574524925219 0.024556653696720297 0.09648521807233523 0.07107182372054152 0.026295909323594633 0.03758123514636363 0.09003311976671727 0.03071438876618971 0.0069855431509958 0.0899862471397598 0.03546080032509344 0.09529587702613004 0.020764544904507704 0.013131711260565228
38 0.034204249146405796 0.015627325280653373 0.09334967352108459 0.06128021165584381 0.05917491612612209 0.05543449718647314 0.026489664217734264 0.09449195217548152 0.01942148643424007 0.03768998177292491 0.012229911297541534 0.0009433048751084615 0.08554363462714513 0.054728634254381577 0.04663469870453404 0.07918031168459023 0.09281622433777606 0.06907277684130537 0.0461336045243941 0.015552941336260132
39 0.0501224539714822 0.051813015310125866 0.06125415869372713 0.059047453141116535 0.0489657004896006 0.023146833389254936 0.07609137945896174 0.036776600585883584 0.030800141452977842 0.08303217058214911 0.057848187108830586 0.025649946445871243 0.07459659001346335 0.013580671922203434 0.020791430499979002 0.07458059332545545 0.025386477282870062 0.07201673929209737 0.032627834257753154 0.08187162277619663
40 0.08103211666197346 0.04131897848213633 0.022176119800965816 0.001387465421516476 0.08343863746323636 0.020706923251212907 0.08348662112940003 0.05311095458733901 0.07673270161000417 0.02903810793048332 0.06789155759368247 0.05601543939380851 0.06880963842368865 0.03317770463418827 0.0034191555785498292 0.07350468785076228 0.019321564172803507 0.02203246707895094 0.07784759109842838 0.08555156783686935
41 0.06714902150306681 0.10692496258951491 0.05529728868119173 0.0009065240236055393 0.0001836234628645778 0.07139757273583287 0.023391469081739943 0.059144815530057696 0.04450580815243867 0.05422123165389791 0.07504449562178846 0.00865867357290131 0.10659432642265933 0.09883746293054166 0.03204703479120672 0.04343260586555322 0.006683074363219623 0.06023192643884438 0.012013429860484292 0.07333465271859041
42 0.020396364095100546 0.004376536612493325 0.04965021187880803 0.06138100981033011 0.04159113279255384 0.01079546185181178 0.10768884325351395 0.023710972098982944 0.09320457489200558 0.012237641587559574 0.11048006134976959 0.006161673655528799 0.009702934464193024 0.11137838252045006 0.020658077633123956 0.09302845719843791 0.04665757997415038 0.04359903013437891 0.03181886193219314 0.1014821922646145
43 0.07250440032045619 0.07832330782175058 0.10275469372700059 0.057353369446903835 0.07755761074453865 0.06357416966164625 0.04196515235588587 0.02514526256097443 0.007589808475705743 0.042666566550290455 0.039371369560616834 0.10585432082971599 0.05274139144650166 0.08825884118730062 0.03258974500194589 0.00301755872670966 0.010156867315643922 0.03582251781307584 0.03191512049895764 0.030837925954379262
44 0.04364150259199464 0.045692929992093664 0.02826395671912268 0.07725874462073255 0.030932851245720927 0.0030643809013048105 0.05748280701815608 0.0356250925013676 0.019895636496054307 0.0648742124326276 0.012775612255122764 0.08962170307222629 0.07162779433377081 0.07716778639496012 0.03280417617737437 0.054543589588300266 0.08895267219037616 0.006621120403288869 0.07996582755052044 0.07918760351488513
45 0.0668098842276706 0.04174107680463508 0.0007769203269596131 0.018561416554353137 0.08210380356639854 0.08436917502419333 0.07734860369398404 0.021662228403845664 0.027354067360676866 0.04475638734293311 0.053927854040278986 0.04309509145712242 0.10145866520553432 0.016293036349808436 0.02733015210666357 0.02423653588582747 0.03049556966942702 0.11003174702941691 0.07406468035701871 0.05358310459325222
46 0.07828169275285887 0.014504014043673082 0.044572203036992206 0.05339217242801951 0.020440187793019707 0.02820284820673138 0.028415161494459953 0.060687754504136625 0.08438494473529877 0.02036921541265789 0.05363829031886418 0.012436005203397112 0.08453143019239762 0.06630737973150296 0.015903310952946764 0.056094337936992394 0.08054113546562489 0.021055518723915388 0.0950479190439835 0.08119447802252706
47 0.07989486716721145 0.004042667955354417 0.02506469008915633 0.02690864761365653 0.06713320671364649 0.06350661908789054 0.08400890230931132 0.05698285802331553 0.06877699040719623 0.04642270351206785 0.021121556659645022 0.007636342662305222 0.015091401314271011 0.07113366424095414 0.08280751213420155 0.06680609190779649 0.04733672338990676 0.07235688043303155 0.036317259232932 0.05665041514614957
48 0.02376201581603168 0.016921341053840352 0.03935960538822743 0.058612793841888396 0.01988478200171082 0.03936693883367738 0.004549549079084865 0.032893676623494364 0.046549754111805 0.006516860239437551 0.057850461615056546 0.09232878956472639 0.060052740934755176 0.09181340975113808 0.08314673863470992 0.0897476291058643 0.07726018486944317 0.08493185574145709 0.04952361693933942 0.024927255854312196
49 0.08289023309826826 0.01115366840053536 0.0744147078611144 0.01476885197354316 0.06084796132005922 0.05107012963951413 0.05311234524066091 0.019647783359315236 0.022092428431421014 0.043504559957962215 0.058441648893334336 0.06857118785656459 0.04373785252925729 0.07691047791299502 0.06116038355850946 0.06772246230032189 0.04194677581171701 0.006051203182888794 0.06961053744435668 0.07234480122766097
50 0.016904378204625935 0.020215035756016367 7.066573254251606e-05 0.01383508800047116 0.03604412021193112 0.05823202042659194 0.0813454409073139 0.05208707388707485 0.022636674092017764 0.08016856134272812 0.09709754667311238 0.028634723777523834 0.022940007258316217 0.09668837442200383 0.056218154836003696 0.10362652529657794 0.09418996905383371 0.03356205812687414 0.020174952733788727 0.06532862926065194
51 0.005761224425800915 0.010441119408227837 0.03403970439779166 0.04362195778089301 0.038066925438628614 0.0369826209145389 0.07231424320255737 0.09296898552358661 0.022028616251769877 0.08440994033147119 0.06371657512362935 0.04631335961711739 0.020521831512296286 0.06541263028766056 0.07831339597816542 0.06311874754514835 0.0478154186541052 0.059248890053228344 0.029634382886095663 0.08526943066728744
52 0.01296631996473763 0.03288047975780901 0.042274163749136 0.10320315990754492 0.03351402897294209 0.0440034899741424 0.08382815799612783 0.019588842126409923 0.019210019606216718 0.0070933812356385375 0.0901544318578548 0.03392451832170302 0.10486374818128898 0.04415953364388924 0.023512975090379116 0.059056585114261595 0.07308348600569947 0.046984879515611574 0.04067852655153579 0.08501927242707127
53 0.005980445706917807 0.10059729435255635 0.03807483238893665 0.019297383745772403 0.06603376751417872 0.10006182555974437 0.0728001339407013 0.04042746589251855 0.07734906748219388 0.0928230233149585 0.02583855718911028 0.0259928964553706 0.05251838161425954 0.03760177043953838 0.01149741868582109 0.00132455462646073 0.1178361658560971 0.04340919767178038 0.021760118813415514 0.04877569874966808
54 0.06522258307338902 0.005439261383766012 0.09177850159686704 0.08619290770960013 0.03246343572044867 0.02337733115778112 0.012580037486376585 0.021843383712283417 0.06615996667419052 0.08090931668419515 0.06268300622987377 0.034687940128873086 0.02887547861098038 0.06811446643576118 0.0873479150414606 0.0026050590359740257 0.09384059534563498 0.06670439604071988 0.030936969959876062 0.038237447971948446
55 0.0023745845562746365 0.027658955667039943 0.06486732305812262 0.028661413134535123 0.0851219727025202 0.06140663649591649 0.08592311157948687 0.05716368199424134 0.06934616518548777 0.02344765383271504 0.06902825620706547 0.042268404650187705 0.05211992499651818 0.07149053162409266 0.05371053385103266 0.02075166193368589 0.08465914957553915 0.0533621295348075 0.044483334797027846 0.002154574623702939
56 0.03567922718455872 0.08498006032895217 0.0822651570445272 0.03599237303027468 0.091718153635979 0.019210683939614493 0.06997159149147751 0.017279854767015945 0.04174857996933886 0.05578935734956069 0.05680057361806695 0.05247667613006584 0.06564515603932053 0.014768175919940492 0.05604477441626789 0.04132202984915907 0.0035132202174852673 0.017430922407549006 0.08995543952622544 0.06740799313462024
57 0.10098895633495705 0.011051775561240932 0.03663698514463237 0.056096093041588954 0.03813415331947444 0.016245769109603982 0.0637462029043648 0.05428032095885284 0.07638737564488306 0.005629755808033114 0.0032205140766386605 0.06737838123656342 0.02221718744012254 0.04081563831972238 0.07698430015982076 0.07783362925974016 0.04444440314928732 0.015514284863169116 0.10669860230970045 0.0856956713576037
58 0.006037456097884391 0.0739513352811034 0.07615414674205984 0.07637531280446015 0.0948314586048552 0.03985907556990512 0.06054516664208972 0.039264678458548904 0.09705707836202976 0.02996222877068398 0.010677935756539704 0.09794603135251911 0.07403044602476455 0.00423186140723958 0.01665060701713075 0.09711706120610941 0.001024951783421317 0.041758068259794216 0.013351008847328627 0.049174091011532306
59 0.09334344598914147 0.026648361289055924 0.08608017645594596 0.06458826838150918 0.0321614125904785 0.07018223649221024 0.04162574305264585 0.03472827604654849 0.034528932781052034 0.08866011142329618 0.0504182266671474 0.07205208672203671 0.10256312495839304 0.013791606312745258 0.09539015740583759 0.012584171049779273 0.00025766892951599874 0.016590299014732378 0.005689779093861883 0.05811591534406664
60 0.014917580317688863 0.0378880141077992 0.08178160411363665 0.0757462630102391 0.07566219739092542 0.014756252221317564 0.03605573814924455 0.09021263918070135 0.09374886361672043 0.016857752449532113 0.026221195879033165 0.03745588989568923 0.06069335960439971 0.010125261710843141 0.0033662844794019446 0.07774871470636195 0.08633943711461643 0.07308275372790338 0.07315650273286489 0.014183695591081017
61 0.1026680781299893 0.05589824564640624 0.07380853658341308 0.08082520549104893 0.05869520184852914 0.006221269544146279 0.06490522954208217 0.02661730217168557 0.010466560779173654 0.0899455653042196 0.03786317344485695 0.005869465791714917 0.0018978713700759694 0.07970784633361393 0.052057805427101714 0.07094914826866655 0.066456770983075 0.08164247183466805 0.005183966423675793 0.028320285081857417
62 0.06770967954483448 0.06751554902256096 0.035816994391987135 0.026073729011464895 0.06728008085541073 0.020708708936634523 0.043457194854244804 0.017570216816451593 0.02035158151501965 0.06036145992383529 0.015884667178499026 0.01670758330986626 0.038316028544020234 0.0877826193247307 0.0741138069201384 0.01932490809460645 0.07560947963558556 0.07407729233307225 0.08607381183575137 0.08526460795128564
63 0.07950039111556904 0.04714253122978624 0.013553267044621486 0.05488765528545616 0.09706904681723331 0.014393816365234907 0.05561307619647018 0.008766322748486533 0.013059533797439467 0.09678911956135423 0.08023925527736127 0.03945001724129189 0.031088466690902393 0.025491880467638086 0.024394950188447097 0.050174602829580535 0.06039769562754337 0.02905283848366897 0.08168027404146082 0.09725525899045381
64 0.06760785841076374 0.0736597420101116 0.03482364344865576 0.01646298698720754 0.07554424408929479 0.02007854527870414 0.06353683538620704 0.012434625770999198 0.08731315196321898 0.07475898774085717 0.007033476284021213 0.09212940241994474 0.04513718914902922 0.039204688179231 0.05162512056534053 0.09176203849809973 0.028760780905242627 0.08952074666841231 0.01165985751810161 0.016946078726557005
65 0.06727038079505322 0.03367012805723866 0.007124702957554838 0.027405173086350265 0.02093037674425675 0.0038846717864575737 0.11639751176992792 0.03820155196138549 0.01869951784028442 0.028844164542821814 0.04570649074130952 0.008186180714351819 0.1174554425112416 0.061098149342110684 0.12339042170308917 0.05020394616634864 0.01000618376631503 0.07457656001818014 0.11600650975258506 0.030941935743137416
66 0.05993947094877353 0.041362381049730494 0.10914279434519425 0.0691787178204119 0.037371597475032325 0.08290910613949946 0.08773475962152977 0.013593402618022176 0.01325380653578116 0.04472764191737739 0.06738719767753758 0.013791539428994188 0.0030762073721760886 0.07447340412345989 0.013472657810722358 0.06309082548916652 0.02996431836595385 0.07896484712335808 0.05655342698347351 0.040011897153805466
67 0.06933436175562352 0.03454792787505331 0.027697866996396966 0.005407625202002037 0.006925949059343104 0.0640742022715656 0.01014474236862824 0.08484316302129243 0.0008165462932868064 0.07047400308699615 0.08102977976157273 0.05513833587083078 0.056530152405290454 0.07774726305768545 0.04808712919937863 0.04469559670549536 0.06335645855566957 0.07606091189072318 0.0862882709403521 0.036799713682813366
68 0.0013730993673616036 0.03717558483632944 0.009060247280678375 0.04046384233874471 0.06097937040378204 0.06996934489157512 0.028256953861853597 0.058212549346909566 0.020947459181922104 0.07471357180442188 0.09975197143365289 0.03466853812407052 0.05980488122083989 0.06950216246871598 0.0773824239369984 0.006343302135107526 0.09396705339853613 0.1083865846165602 0.04268871801144431 0.006352341340495609
69 0.03040848538755043 0.02532114957411639 0.09695198541155249 0.054918411259406455 0.0018187831782764642 0.06542796790602518 0.04621273474225644 0.09704523957456597 0.093680698851044 0.019028453808417067 0.10390219675662273 0.022789856422272884 0.08328203516265865 0.024555776516617302 0.05784267653473901 0.03794480086026547 0.02122303077990211 0.07844085038415265 0.013072200121763262 0.026132666767795135
70 0.05170134649421429 0.09425990296527706 0.048270090751501224 0.010518051380034364 0.06281315102492553 0.0895484113262076 0.01479174977303713 0.039773335875966626 0.06592841428418714 0.040452350536461915 0.0064555182875599805 0.037940018876093454 0.07961650213467084 0.02612566601697694 0.04094173925237989 0.07052456159963533 0.029799961455521905 0.0734253785560245 0.10521198761706112 0.0119018617922633
71 0.09105905954369065 0.07874619085820295 0.0933559126010177 0.0032745696845116563 0.03307338879515213 0.05958771973642416 0.0783469461726192 0.07588732524204903 0.00811472901153779 0.03670988393790325 0.01876253876614219 0.029715164094603088 0.04388211530517202 0.05348009541530656 0.0698701311985553 0.027971645770976182 0.05864362317431321 0.032241054338780044 0.0774499552803624 0.02982795107268056
72 0.005894169973367121 0.052073041430950553 0.08253693564409012 0.07783120450967217 0.08811061183161338 0.05344317252696333 0.00038487585817921055 0.0894773278454518 0.007219926149458346 0.011006978670730833 0.08984896992199791 0.06674240381462501 0.06693569413415587 0.06469664195689731 0.02964312485683252 0.013586668005235948 0.020582966239658034 0.0179825722361313 0.08298673405912103 0.07901598033486848
73 0.025346099124472218 0.08468718622221202 0.03250112333688117 0.01266667797596758 0.03784353095181995 0.10463515303121693 0.009874457586109338 0.07954893264197938 0.015104759302592462 0.023175446399338533 0.07019520427138337 0.004573711348170785 0.11697298712149173 0.0326803456462803 0.09534514742200328 0.05905349863684291 0.017704611913162156 0.10155635674950021 0.06379173425546554 0.012743036063110029
74 0.005969837812609877 0.050541446120652825 0.09355611437242738 0.09485082830725375 0.09036806441671993 0.01993507293034913 0.005072919716191754 0.06589694612636679 0.08277219183716782 0.008129158557501265 0.003137509193076149 0.06714898176506119 0.08812252559997384 0.016048787061968103 0.011941763214091933 0.003150534703048667 0.03965887702300804 0.0635597084460919 0.08368266257389342 0.10645607022254615
75 0.04287069427195291 0.03864163021681128 0.030911685489768675 0.08799185794295511 0.06873820072747908 0.0012712917469101023 0.06802807488812634 0.028739329708904658 0.010604815735144383 0.06392466912014517 0.09992579333142454 0.0962954221990436 0.04587524752827572 0.044745957446613964 0.06715331481657434 0.049414777225472176 0.09065290433538559 0.02848062959369389 0.0034488719934988904 0.03228483168181941
76 0.021830564747434604 0.03371283887475909 0.11209401173652454 0.08475680394768652 0.01950085682762065 0.12481009839206786 0.08400954125489052 0.01917371800386191 0.013919132858252994 0.033744204744164154 0.02859457350394383 0.057209473849916335 0.05399993251690411 0.05197969703548438 0.07811309877281027 0.013128792166953703 0.03708115714799764 0.06777749626457956 0.002993306173359431 0.06157070118078795
77 0.029480896835339023 0.05759036948077712 0.006082182995951395 0.06343734731097314 0.08305918784824813 0.02924359583608762 0.02673346135908625 0.07051593143957008 0.0564829232199796 0.05716691613410764 0.004962951759187298 0.0708764244850507 0.028307764024804102 0.06778950932307216 0.08272276366893846 0.08499723425264383 0.05375196038930474 0.08957681531301032 0.004545862666547482 0.03267590165732095
78 0.009786383377013088 0.0534786083449319 0.031240409827930558 0.06975832626061758 0.06005883957188254 0.07401319100174056 0.06117201317396839 0.08207133064334486 0.06047455197472285 0.016206101818657843 0.07891717777567438 0.02696190507290302 0.009717767856873573 0.0027212443383068897 0.08436747090954674 0.08879797330421124 0.013677186631906242 0.04245011653743963 0.06669218008443076 0.06743722149389723
79 0.004936514276967439 0.10276609191342459 0.03486917795421487 0.0337674093980311 0.03546241772792643 0.014542093716286541 0.05869712350024954 0.06657635687192066 0.06543631895770147 0.02538183797622584 0.06628351550329857 0.059737541766743216 0.053138379124161486 0.0210241798958644 0.046837599910200485 0.1033348198192579 0.11606815215002526 0.029002279379222784 0.010268664264445839 0.05186952589383172
80 0.04969009444632368 0.08044341085964542 0.0839667315197103 0.013739172155896888 0.0972319528835674 0.04837840660066371 0.021042091334012584 0.06696455863821983 0.0037948559156474604 0.08400167056761326 0.09121143749313941 0.06767854970303402 0.023693834810306454 0.04702963981465585 0.07988407424473853 0.07331721919339014 0.028227611571933982 0.02466474925394897 0.013667639543981999 0.0013722994495702426
81 0.07333653923526157 0.09049256103996768 0.02801339610505096 0.043531350029246164 0.10010288549743722 0.09096644149813214 0.06015965376318398 0.024225887413235926 0.015965118609114697 0.07950216665283051 0.028278587975801385 0.010629484492769436 0.001891058417182995 0.003312726610136401 0.059484766820055185 0.02646531453729282 0.052283291133473436 0.08902168338792082 0.02980398823374314 0.0925330985481633
82 0.026001795990626526 0.08757868473109831 0.05408285390364961 0.05468949625338106 0.06598603651873348 0.08213656003190503 0.023427201444822188 0.05641517830802865 0.05358646879386826 0.10735571974489999 0.06440029449194358 0.012303392329432502 0.0779374739798922 0.10042318218312331 0.021441455906724555 0.005115323361859442 0.00633877256276623 0.016190317030813438 0.04608492819609222 0.03850486423633919
83 0.0073620330336983154 0.01578486657188439 0.04729533620466467 0.04613652476350455 0.08161544112247497 0.05401444631768227 0.07296015672995991 0.04681278770881598 0.09176908981935149 0.02605296920648218 0.006861279461835944 0.09129951346664913 0.0741067275674308 0.05258325328032328 0.05643992638646626 0.08506254453381655 0.047116678211430084 0.049918187523026666 0.008926414533555596 0.037881823556947185
84 0.05281639389526588 0.025546922685270406 0.10373531543787365 0.05449168594541956 0.05411752763261061 0.07729755319838119 0.10281144617484665 0.011707657390362903 0.03570347282629353 0.07129193885588436 0.030702620950377894 0.0152221798386175 0.005479927982823516 0.05993704307478891 0.0987314853358873 0.03213721398860517 0.0784040478789719 0.04930268039298355 0.034255364786682715 0.006307521728052774
85 0.0352329524680341 0.04856909273081138 0.07044332555861561 0.06763478926150258 0.043235634403024935 0.008661802138247231 0.07374243375434295 0.05782274555419624 0.05311200830737625 0.06665675425129557 0.018979938023431637 0.019782378210035385 0.037815466350828386 0.04027510641391514 0.06734803876006558 0.07242986722951662 0.047832711270401604 0.06435014877731504 0.03610416172158805 0.06997064481545556
86 0.01624119570531829 0.08714698346364616 0.11976571104504519 0.03912273593243731 0.0016731213495084249 0.09167050310518533 0.005963220383994847 0.05355670423807311 0.04366480090484229 0.08204970562636274 0.053401218935667724 0.05718118307571924 0.04491278177233 0.09452796445467528 0.0034221573066878165 0.09200267440652529 0.009205351507328005 0.043397181617033424 0.004196214898437902 0.05689859027118161
87 0.08418165531225474 0.019353268579540082 0.08820726853041345 0.034389283725639895 0.03543817982953428 0.04655719641960948 0.07382395904797433 0.08617764902595051 0.07129504267188135 0.04169555317099984 0.013449136116470344 0.038551030561790475 0.0744886687257105 0.002592486368253803 0.020040996766844687 0.0455257161294783 0.05958813602622829 0.004008953468323495 0.08218528494472647 0.07845053457837572
88 0.031901623627703456 0.0804376449811123 0.016180043348341992 0.08575926190640246 0.07518263841887698 0.05570078537470512 0.009190323488743001 0.07373162392063745 0.06647859580074121 0.0036813721533638633 0.036809018007823206 0.03729113214696706 0.06698124715610135 0.0601540375731714 0.015814450347026564 0.012021195842453206 0.08432755033978413 0.07852224488977326 0.05020357719472312 0.059631633481549096
89 0.03515943215869233 0.02526598109796389 0.09108988740942928 0.061866211058623735 0.06273925861914233 0.07517800528285981 0.051406090878437984 0.0791549857030548 0.0038059826586671563 0.07816902425299756 0.013609445514099991 0.0475838911011636 0.06796450184334293 0.05229612133182941 0.08798762364146918 0.05015327531638424 0.057844022109475736 0.014377917938067303 0.001983722245536091 0.04236461983876248
90 0.035902334199076076 0.02009083725441695 0.007088255390707831 0.07534742590804838 0.016434290291154827 0.047520210624874486 0.04172623256323832 0.09957814621072186 0.009052418819791479 0.009251992984886485 0.01350054287284742 0.1221670291406626 0.02102467655862245 0.11041861531461723 0.07234790573471779 0.04926215410879799 0.01611959028817823 0.11661846448747949 0.014290858393492754 0.10225801885366742
91 0.045479403866821214 0.10851492162090796 0.07489102650460358 0.02838166474693304 0.08072924703589468 0.00688558190260616 0.05388508992671952 0.07893864459521119 0.1061115978744644 0.03332656667082159 0.008276405736320804 0.01156294804741392 0.03508286706210661 0.08544543225801635 0.01420040288846852 0.03784351004467771 0.0049522470972157015 0.05285076597854224 0.05305852300919761 0.07958315313305729
92 0.014036185863316846 0.10912237698428844 0.07211859887051993 0.04745600375990277 0.0743886933177482 0.017090729209660423 0.02173367519170442 0.02886118079357054 0.016624026168456804 0.03820338040570674 0.05014053428629541 0.04148701393493228 0.03357698396103668 0.12044944427814276 0.07613056042667059 0.0017164425657607227 0.1146837508938419 0.06680349000760928 0.01839568813621364 0.03698124094462147
93 0.010396275919700394 0.08325414939447805 0.07736071804662333 0.10781112001045674 0.035018648638202275 0.033955840661666584 0.0027319876470834957 0.007311971496867204 0.024344076447511905 0.1023289608175692 0.08689016957744275 0.02835585353030949 0.06303032307176581 0.022438597615500742 0.001723738132925872 0.012635312086515681 0.06792977395910134 0.03893847490684787 0.09924752121678682 0.0942964868226444
94 0.09809462198493274 0.06841330995738815 0.08488683195579515 0.04098182746997726 0.01640599425395511 0.09407804079951756 0.04047564592468027 0.01967238761528828 0.09318218012344397 0.06738965764992885 0.022515584371341813 0.006446954107174425 0.02662261426537565 0.06434859566699853 0.005233801525168662 0.05605696800831137 0.013749371851485136 0.07890654562746925 0.009713937522434732 0.09282512931933307
95 0.017048234239065107 0.06925914256911136 0.07367184063385658 0.033095521905194304 0.025596538221728252 0.015448201047599579 0.05076393380361785 0.014506503858392094 0.006261721897800585 0.08110428432124074 0.08139356327842635 0.044587537405474054 0.07525727080282976 0.04530558201983454 0.061253444167026265 0.05605788380456866 0.0596049226374276 0.07745828148047845 0.06582330009815013 0.04650229180817762
96 0.07851142618159755 0.019343614612518885 0.04927130874493188 0.05332020820168618 0.032927647688476364 0.03906696022038403 0.0453396028672569 0.02685982863393578 0.01660984405910099 0.09384314672206776 0.07041395316978616 0.049523491065774035 0.008259389319752687 0.013167066961851454 0.0906460573672979 0.05334933542192232 0.06698097232939061 0.08907462114551963 0.028939247298473896 0.07455227798827495
