0 0.061201436515059056 0.03881352764206392 0.05111424687703295 0.07019278694909549 0.08410753767308508 0.012487593489812607 0.03721388467247427 0.030031860445277656 0.06513636352280065 0.045323689188148 0.09713983448316413 0.07035035198800219 0.08386150582844248 0.03403687116033302 0.0643215618585059 0.024414048787965825 0.03311263932700944 0.03241103430578547 0.0435363877125238 0.021192837573417958
1 0.09073780800358956 7.691475150618516e-05 0.038521058246520266 0.006986304388801929 0.014680371395511293 0.04648493660848297 0.04352375541308478 0.007793910603682265 0.09874753134412992 0.03564991372566871 0.07853377228830649 0.02693600439083017 0.02195559545692279 0.08020730446719519 0.048604913970246584 0.036237692297443794 0.09082811491907661 0.09574177321150706 0.048133575513223156 0.08961874900427017
2 0.0659961296008574 0.07793920554367807 0.07501776930196352 0.004885963819611512 0.0215651763449481 0.08425708715832472 0.04820361743430957 0.05437719260486366 0.08021121953103966 0.06309846717524814 0.043516160493494715 0.006877363498873348 0.055449438431993195 0.04831280512389722 0.06900128131911414 0.0058498848528203565 0.05806911767731684 0.05054491502154143 0.01819174389372444 0.06863546117237977
3 0.0008080355180426937 0.07096419960679698 0.02953055664348322 0.10689210092187683 0.02836768697430188 0.0999028606406205 0.09343707477309214 0.04253676809207386 0.023927334913659237 0.008026706516533724 0.10330750754554069 0.03636296976757013 0.10037039942431758 0.010669407283636953 0.06943182103619493 0.01811531758990364 0.04451134757146113 0.00043260678398106186 0.04839266420222201 0.06401263419469087
4 0.04875708024594724 0.028989636554783833 0.05837060783569847 0.05644295973845737 0.002253834589666619 0.025544009387633154 0.04606469955572308 0.0562001957213381 0.06658545697963407 0.0906784821197906 0.05724251891387205 0.07807832891772488 0.08968580463035584 0.062170595509188645 0.015635262941990753 0.0487961248942237 0.06882051442258676 0.04835171010912273 0.041401236582341835 0.009930940349920097
5 0.04901450896751512 0.08663540469815421 0.015677101279883702 0.03998676978619127 0.07177809534403334 0.09410808594654044 0.07319013455091249 0.07947582820786392 0.020406093692711926 0.02808010566153435 0.018012522252070274 0.07907594319697495 0.039937960516217966 0.010188960174428828 0.10151173520174293 0.004614840187597891 0.12077165218540561 0.041549769727196983 0.00517399294710324 0.020810495475920742
6 0.011818089739354967 0.08021369243795046 0.05698706820519351 0.06921083287652227 0.10522468842201864 0.05233862466826093 0.10460772069260431 0.08566936639994545 0.0016102265464036306 0.0041987465945885405 0.05309604575302419 0.03485727345005193 0.027779989153195916 0.06331562346376675 0.013911318817172832 0.03178505388011908 0.06218724697137846 0.026798766902451077 0.025974768689257837 0.0884148563367391
7 0.09837995578511922 0.055690771605592465 0.05110544359567943 0.0033952498532298808 0.09413010476022875 0.07486213310115715 0.0301324980736713 0.024128718731928126 0.023746729539321897 0.0958927343168661 0.056756392968164836 0.05035717101285243 0.07429036449529827 0.001131362407581541 0.02391198866642047 0.030103316354059606 0.08780700435310909 0.08075454255574846 0.0029030007050269693 0.040520517118944166
8 0.08496238426628099 0.07114334976618887 0.020793377092671227 0.03060974095309096 0.0819840209022396 0.04730053825867632 0.06653377785721379 0.04502360409552479 0.00829906317752706 0.052947224487045766 0.010793481626866983 0.04956004861797592 0.07022691399391266 0.07592179814584997 0.0726124870724194 0.06894528030699267 0.005822501570871537 0.06571176546875374 0.010072705370487378 0.06073593696941021
9 0.06565306082947088 0.034952152053102335 0.01625094500940249 0.020338855307535597 0.028981765104222738 0.0454224716258094 0.08156403145529675 0.06736378467701204 0.011183033754308448 0.08982520389577363 0.05699019034105888 0.046568751272593426 0.04871391443883055 0.0417668864535009 0.03538916532376486 0.084325139694383 0.0845331420176839 0.05440932565153628 0.032735747211666326 0.05303243388304754
10 0.05071198893867377 0.10084919415915242 0.07819774720456049 0.057781719430458234 0.09342976227813792 0.053391742299700416 0.024670102418782095 0.03338224475201276 0.09445655195118667 0.005968168696690336 0.001350653156977686 0.07331008166852396 0.014577949608590395 0.06736956031698918 0.0521002327840308 0.052756205260336246 0.016429769269917207 0.05203828247086249 0.021557312996787637 0.05567073033762932
11 0.011150923744532143 0.10571795417378765 0.054286866233101354 0.07774462771813721 0.037350934228350605 0.018592364309197886 0.08051207248461952 0.03733681758104777 0.10981704615839041 0.011665348587028529 0.049566921366223884 0.06023072395855064 0.057861448310209736 0.04312347981122043 0.025521260611693963 0.0624020675784845 0.0581022390072262 0.005654022173924291 0.008149425373136714 0.08521345659113677
12 0.040431980201546903 0.08963522113136609 0.01788514378051421 0.09853802457362049 0.010652235809399824 0.06778830113530715 0.056731809611558416 0.07481900298058362 0.04182699054963752 0.023737540664921036 0.02273298474033345 0.022885060158376398 0.04242602282815159 0.062787610029736 0.07205255859223905 0.058384639586835284 0.03041900537296596 0.09519250645870492 0.02104568614730526 0.05002767564689683
13 0.04363717035149423 0.001820341214218048 0.008212516727822668 0.017515906328256035 0.08372989325888928 0.004905090719606633 0.05180546838799323 0.02073652898584839 0.060570650211451825 0.05541327979316354 0.04588132323935101 0.06741721087579944 0.08734090953673533 0.07099572878959604 0.06444241886397988 0.07330641602051156 0.07190956527552611 0.052678837059726785 0.05375214164497461 0.0639286027150555
14 0.007686099522761305 0.08233235738545536 0.06779422900135007 0.0642940387459259 0.06816678357501227 0.012203371096354144 0.04287239808544524 0.04758463158088401 0.06901626378632258 0.07441437817164151 0.021769679100801093 0.02381218061455563 0.030069441612033135 0.061708786716048056 0.04555908582724456 0.06603767270948055 0.08945209355411958 0.06511568958420308 0.017106195095894314 0.0430046242344678
15 0.010789916122093608 0.0610671948739219 0.027286440386837574 0.07923868436867312 0.0806548852782937 0.0038566660982844625 0.020599489328609406 0.017554437681851484 0.088399945915896 0.08510754591374693 0.05145705245140385 0.02665178703302965 0.03922786772963713 0.016208721055626936 0.057194754684032484 0.03933344630366451 0.08418886843399241 0.07220269634340919 0.08348511789722052 0.055494482099775186
16 0.04063679350859437 0.07105646796641371 0.08000490107412829 0.03479633169329526 0.08090315518973341 0.03712417792763577 0.08176649439077888 0.09101019574930434 0.08521041748070317 0.021952559750847762 0.05650589618309458 0.0857536242565234 0.007041477167825205 0.018148214828742897 0.03785939304415812 0.006200250816166927 0.025908219538298253 0.05108633062492241 0.06799143993322744 0.019043658875606
17 0.005205755748511341 0.04534030610361849 0.07884527100775991 0.08387826522266328 0.00472962284979637 0.06156883756163094 0.09870772270064447 0.014668667570391897 0.09181369382150127 0.015620777292910863 0.016793469569754277 0.061985346188743476 0.027153488808394962 0.03276400693490756 0.06593765513739318 0.06326143026347651 0.0004448051785655318 0.0866137038190693 0.0909591047106928 0.05370806950957348
18 0.026573939555194513 0.06404866845401404 0.0366145904236473 0.042026216888348275 0.060495314269233366 0.08058224640641012 0.07681183276139979 0.015693106110905766 0.06045443475749515 0.03250641124189231 0.04189918641614499 0.08958408050586189 0.0747655216257968 0.06201194343521188 0.00010155838872126583 0.002714385349485491 0.07491429976100898 0.06934698630776463 0.001103337542602614 0.08775193979886067
19 0.03918697577023838 0.09075150005870791 0.0701017196755771 0.04216318771959491 0.08794262157870225 0.0008151366430055258 0.04499274637351156 0.06501822763483943 0.02639594042998812 0.08487602391087959 0.02137140548068981 0.07179881190914428 0.07188640646898456 0.06452021108733878 0.004305607736299947 0.012084922290827235 0.051720522579630605 0.06227626899132758 0.05685990211735265 0.03093186154335966
20 0.06557555095770853 0.02537649034733962 0.02513066200102137 0.08176759987244764 0.004021139136901652 0.028590969480228694 0.055640753647801466 0.061253685089849304 0.07328109950671473 0.038310520379350475 0.09034207225246933 0.0771343352850803 0.0711808341004406 0.004903955476560389 0.07512428605900816 0.03322835588298925 0.05649102505314966 0.0037955633245455984 0.0933870837494293 0.035464018396963906
21 0.061290089775426534 0.00957556373572785 0.01463802112860352 0.0748911361955258 0.07245318917812806 0.05436740388865281 0.020048663927574813 0.03533235591781226 0.07238428767360165 0.02116009011387912 0.08269808186197687 0.0611393783743519 0.008247306897815927 0.05709797752328082 0.06795109762812433 0.06098355857893124 0.05316673852784613 0.06820154257615818 0.06791868129017847 0.03645483520640379
22 0.043969091733208135 0.06447160959950195 0.023164581526820834 0.06551433898285242 0.06497207764605324 0.06351398992106524 0.006378531228825036 0.038107912947817596 0.02369736903005378 0.03570080717624445 0.045239442716898906 0.056438165421509603 0.02193184777401247 0.07470758795513947 0.06052389375066045 0.015048750766880132 0.07224039214030353 0.09006253641136329 0.07488043176708051 0.05943664150370883
23 0.0037615577067350394 0.0948188421363965 0.09183525109295866 0.09316510517522672 0.056905924746573695 0.0010633573399391554 0.010596871691592841 0.0417192714008797 0.00992189219507856 0.03731405911164315 0.0873354994349066 0.06764762202112778 0.045756988316491824 0.11049051172459672 0.011805642383661708 0.08420214051471173 0.0026986121992314976 0.004331452786697054 0.04792304789281154 0.09670635012873972
24 0.02727681250848457 0.09816610531365778 0.013247392564466241 0.09507257676630945 0.044906902708853835 0.08949189419196531 0.020588269784400124 0.06719478382153268 0.05642244771255068 0.005978456411759934 0.06223254047190105 0.07790992693630283 0.05004228451005344 0.013410587699919376 0.0028715806089600233 0.05713727733642228 0.045415360368879436 0.05373095035096259 0.06779999158650342 0.05110385834611506
25 0.09149188093638147 0.0568767595132105 0.03963270278092468 0.07075389940258844 0.020441605809791 0.06025280658282539 0.004375501965083989 0.06451022754409945 0.028640578211612644 0.08423498241968465 0.051980366661989026 0.08209959553754277 0.024336597992628318 0.08507747249117441 0.016393558590808648 0.021530478062796 0.04589259235995983 0.023144698233409155 0.09120890068658032 0.03712479421690926
26 0.051493643786290566 0.0129365901670254 0.09676436260780473 0.007152252602393706 0.0381794635556227 0.000843471888622612 0.02047454907700758 0.022684518671851953 0.05359086594143102 0.030920155996172292 0.027111684135637696 0.06994963520773981 0.10376169254092353 0.10861840852707455 0.09900646549477958 0.061455260494267985 0.06817749800156019 0.07673365927683772 0.026291125607173 0.023854696419783338
27 0.0813587967227737 0.07940306482204584 0.05365432886508722 0.0030988112667680876 0.008483121672629197 0.07906543588968527 0.05791537725420947 0.03408247081994514 0.06491706958323218 0.08952431537186957 0.029123096044228615 0.0831109121148806 0.060672055020372526 0.03227422402461885 0.012989467565835302 0.09655118161719271 0.026778393064189644 0.09372622960094013 0.003948945068911105 0.0093227036105849
28 0.0016819050964929443 0.04985715924999695 0.02806648399872057 0.05868441755225659 0.03853450643106116 0.04559726910245126 0.09396042428424235 0.01402528231787678 0.03232791409546978 0.07745083769730286 0.07669263153689734 0.013217200218206446 0.07938342700076366 0.1053570938327833 0.07117902351146582 0.03556507199341923 0.016356028464143867 0.023568327510710575 0.11177480198417315 0.02672019412156501
29 0.02627488589737847 0.03859264805950334 0.04177927280646928 0.05919563798279201 0.040651171900967877 0.05067582209685763 0.04537550811984637 0.06008206656208112 0.05649739957939484 0.07103734360826891 0.02890749853519074 0.035371795595956566 0.06697499753770425 0.025020051589248325 0.06989334162941616 0.06228765205037606 0.04458567475705662 0.06342265691281923 0.050704901225312855 0.06266967355335937
30 0.054147872950273276 0.07157465334564465 0.02121450039207941 0.006924656268156822 0.005880872312732486 0.030034534854561316 0.07945306095119782 0.07191610123807725 0.08287229884939028 0.06880501916827521 0.04935885676457762 0.0691575098354187 0.048143317507506826 0.040007995365583714 0.01688642163861481 0.0011455746679046722 0.08612715980042396 0.044140257936538876 0.06634174144482556 0.08586759470821663
31 0.07938358132408081 0.051723034890372985 0.018820428123683768 0.08734378472125405 0.012928974095041911 0.04651936182561225 0.08311541054020578 0.04010975070327285 0.03804045656482536 0.037896209932103964 0.010408409699388936 0.07827458453885701 0.06608715041760851 0.049708343916597876 0.06289290443948152 0.037112533534971334 0.0803681518600792 0.04321791711774695 0.02360397972460315 0.05244503203021177
32 0.05668777598002888 0.06649313083673737 0.05666455046188321 0.013069479786769835 0.03777357135851777 0.020219759006175984 0.07007352958431504 0.09612097243682796 0.07302574684101273 0.030840763995539894 0.02347923058932285 0.06863356964540364 0.07591054865034438 0.09604813568795212 0.017285172762707045 0.015655874835214283 0.0032664274252791068 0.05660570749362501 0.09685052959446991 0.02529552302787287
33 0.03723472219752404 0.05012834369436821 0.10464493980827758 0.013627856076550383 0.04398020718754421 0.12269447341750152 0.08729671025412745 0.05977340064665169 0.06398851900738381 0.049185634314458354 0.049278822729563916 0.04523116734424663 0.009177274609586622 0.011885102611155997 0.07540605294330913 0.00396551862659365 0.11190230828726945 0.01753786338648781 0.02835061371643067 0.014710469140968489
34 0.03604133983151367 0.034788670275212485 0.08449699342136685 0.07086219699697077 0.05823177932268571 0.048092498751670626 0.07461114465741239 0.028605214500458317 0.07958812598134048 0.0016155619087762087 0.081791729043955 0.013971795156438604 0.02812934661478783 0.025132488117213633 0.04206532958406619 0.056357803973651484 0.0683982984440089 0.029059886811816926 0.07659370615409741 0.06156609045255645
35 0.07133487108135202 0.06754694595655295 0.01940519104524064 0.04679890006403491 0.00031983688565491176 0.0475232046750257 0.09653389376721866 0.07085303081496815 0.0741260638508682 0.04639492704808251 0.07386812006996188 0.04770291371740336 0.005421292931725964 0.013161969206981922 0.012247023117236595 0.047199448455527426 0.060506288794839914 0.09286536716217854 0.05262633935615895 0.053564371998986796
36 0.10001715297958615 0.04456287396182098 0.003071978264707764 0.024454601018675286 0.053564224519093505 0.02253598329647141 0.015883088868422428 0.04321107962538183 0.07362322957095642 0.05903192464999863 0.03820508164500682 0.002266812746349339 0.044894935666201924 0.10592580992222586 0.07391797684170082 0.011913615179664615 0.0908675865582438 0.0652292411656534 0.0667035968689259 0.060119206650913096
37 0.05600593755870067 0.04058207233402841 0.03489916329295174 0.015212172966553672 0.03536020290868341 0.08949411698808425 0.052587150074565395 0.08381454934255565 0.07699906426887912 0.05247277430493324 0.010158174925806332 0.062081389010327045 0.09894489208854673 0.022777349417710605 0.026323691749308317 0.08200505612707484 0.04804366573968914 0.03577442469668437 0.06156437705955389 0.014899775145363283
38 0.06544363167126739 0.02416924007054338 0.08570511376437695 0.009785927787374233 0.04504011658081276 0.09696613310851115 0.02077617094568431 0.03105400407408453 0.047868791941917344 0.10005194350760335 0.029895924705242667 0.028599652338083585 0.03227619226968408 0.04326401613411998 0.06931330978087037 0.06187120356027096 0.006447961194315719 0.09966767339358504 0.07566144320618498 0.02614154996546702
39 0.04744185085380244 0.022415888062981632 0.005144843001673297 0.0928440550662066 0.012697436087850364 0.04324003686163172 0.04716982456639775 0.007158850262790851 0.0056209960050731325 0.05447543858972282 0.07581553112504513 0.08766824973282696 0.09295705976325691 0.09916208079932562 0.041612368307889565 0.09564246000845023 0.10356742499112219 0.015578452624776811 0.03746155201383083 0.012325601275345209
40 0.03868645778532733 0.03671899276337916 0.03104426606511903 0.07043542165570299 0.054108499986304376 0.01863399259566243 0.0706967964273094 0.06852853456965827 0.05177759034041815 0.06475386053164663 0.08082014622471807 0.05014215595870427 0.02914252442296595 0.016020485655696987 0.0720346157796958 0.07380490928089709 0.06214420572224357 0.014640414735921588 0.08279356133731078 0.013072568161318
41 0.009449805401009948 0.04034462826960954 0.08036461520152399 0.06503112318720133 0.051408427376662055 0.0840159017009462 0.00430747209007795 0.023387505012891673 0.10997578839535205 0.0008506712013317818 0.015707100726663457 0.04922572539743233 0.06822265261160859 0.054283147195254296 0.10763003481806542 0.056103464022540184 0.03464268915656582 0.05904724067865755 0.04957775702650555 0.03642425053010043
42 0.051991454821551764 0.08411669858274036 0.0013758330380706696 0.028826081882626687 0.004142839287532617 0.059806671769991465 0.0859257496775372 0.0048244737519841175 0.0655314004919066 0.052351932929724794 0.055056104018957545 0.06276775913945269 0.020149854352627918 0.027670882874056304 0.07855990139139209 0.05860760827337129 0.06843196047990358 0.06124317695855799 0.05772129887063287 0.07089831740738155
43 0.06348443767371824 0.04892049948011151 0.07367798401003038 0.0981734461284997 0.07282155035555256 0.06045701629120701 0.05662509690374272 0.03511759722371953 0.01685799664641731 0.026773212804381684 0.01375117071260935 0.052647599631662906 0.06935426063526264 0.017707844304887272 0.08289839054064908 0.018325729339065636 0.04287747507360349 0.09707971751830959 0.029497948322021413 0.022951026404547915
44 0.04908826795369406 0.02217553954320011 0.04295260747510645 0.01376572124979584 0.019646195201163227 0.03307064673314505 0.0015636715987162677 0.10764194707652838 0.08480238510944539 0.024870988225328707 0.019456740253318196 0.010111845580359137 0.06897285191381834 0.09746716543562926 0.07459593851350263 0.039117207354685726 0.04742555367768634 0.07085138877250399 0.08045535175258746 0.09196798657978543
45 0.07938325740333611 0.06349875600782644 0.07517649517385877 0.05048636627017063 0.03881033896293502 0.04202399428397063 0.05482550548055009 0.011727927369482537 0.06581922786877867 0.05421520342940215 0.07883699970048445 0.014730264183546615 0.08722453058858709 0.028795748095878544 0.01599983005380638 0.09033237816538403 0.07349537851566834 0.04332729147789114 0.009030089447558669 0.022260417520883542
46 0.02046359028324465 0.08112126846237314 0.06906420065377147 0.049467730729701655 0.03311936893433581 0.02429289555131537 0.015531922252943193 0.08989844707140153 0.03765705630173728 0.07659674722254542 0.0036198163810220187 0.003992615289976491 0.016489671136591784 0.07874355080397281 0.0586554197466568 0.048905473958307556 0.09354315182136645 0.09154783151340377 0.10640684566711023 0.0008823962182225541
47 0.03539693551250098 0.08158411914746608 0.06972018111088743 0.07910603080854633 0.006858969293237374 0.08473169702399637 0.01760362336683013 0.040959980584267364 0.04508272189432964 0.06790178393657208 0.07736476336848765 0.029010482894944973 0.0035508668437895293 0.04971144901890866 0.0022267649905871015 0.039479256301495146 0.06445913924354574 0.08570729326982622 0.06602624364716661 0.05351769774261462
48 0.029940413183722328 0.07051372366609458 0.018682618561398377 0.0006100887428198834 0.0951043017374904 0.0012420516757745245 0.010982753744314462 0.11532446372107473 0.05821126223446765 0.07227519389869723 0.08356547854141808 0.018669410026533568 0.06556552153982256 0.09489952070406445 0.04133921759408528 0.08861992657069742 0.04494944789137338 0.00359389209710661 0.03794917921061337 0.04796153465843103
49 0.056498248684498646 0.006384700379438657 0.047682684925874304 0.08063097305120763 0.03285197026741206 0.0653214086165303 0.06842758032432665 0.07451525614368906 0.03279227013877164 0.0714737939409737 0.04137878739193172 0.05062482846860008 0.07710733350792301 0.07001867646544538 0.05818735439646854 0.029427089936363674 0.010847033081294926 0.05507795797032764 0.03230201095116668 0.038450041357755586
50 0.07437426099295563 0.06137677033972221 0.030395137851192165 0.03867540856922611 0.01929976299163445 0.02981981352813419 0.07946994401293951 0.054853057000722405 0.013109620118792244 0.08112735031606201 0.06831896330199957 0.042128126890882994 0.07002667444646636 0.04246189110519133 0.04970448352806032 0.04358782224312118 0.07509966987780974 0.04914280316626173 0.03687183929400044 0.0401566004248253
51 0.09517069107875435 0.05897984007522792 0.09353265096256594 0.037227294540043344 0.018345228179249207 0.05451326480533029 0.06673381306054943 0.015032092086617177 0.024051328165983776 0.025962336410695036 0.1008261781796982 0.05836901234851638 0.019359278985224555 0.008336977649548135 0.033298781424827326 0.09993468947829653 0.02193712501939702 0.06364006102653805 0.059525688811313766 0.045223667711623734
52 0.03860363690867939 0.027871712629077068 0.018733737558609007 0.04300128886829854 0.05017862512513857 0.06267434106833927 0.0849236942408581 0.03657775856483421 0.08893499680302348 0.028145440649559098 0.0745678778687146 0.08720706509818177 0.06130931302671837 0.022408526652483003 0.0635556519512349 0.028121211893259085 0.0869335060626145 0.019475845124515483 0.02456458317161421 0.052211186734247406
53 0.06258366388223018 0.03613381020126417 0.02493555943210959 0.06187308817831179 0.09467636317024015 0.01879189496090798 0.04138707505958858 0.0026643547197208457 0.024180814175127734 0.008886648819237158 0.07386891866844562 0.094525509430271 0.07705828856714861 0.03394246302113261 0.08693795858580806 0.003101320352391213 0.07508919557838399 0.06117633262774919 0.029876116874276864 0.08831062369565465
54 0.07221353111580259 0.035249975416566756 0.03653471845099946 0.050538191043401307 0.04550023544410063 0.0032383516140662887 0.07834072634920468 0.052151701618992616 0.08677748190162966 0.027911212708664108 0.06668347823829351 0.06627707630958724 0.05657446767697173 0.0371354430376273 0.022486332841604142 0.08475092968533685 0.056939736198263036 0.02507869988778947 0.010247200488261393 0.08537050997283738
55 0.051405912440644366 0.007813234865925148 0.0432555974758694 0.02236636708194896 0.011253846617215738 0.016118181837073812 0.04764553331713023 0.10094995979237353 0.03844394295133318 0.05551293125211578 0.07935210480524253 0.006793490040867804 0.080459036841056 0.033433532579231005 0.07170929122771813 0.09141088836044252 0.08926072209065192 0.07923022958748469 0.006386063733421571 0.06719913310225362
56 0.06421201446917706 0.0068332120888055 0.008139984157121158 0.052692144738010725 0.06073066515700727 0.08140211759671047 0.0548843615177489 0.04642881240578359 0.06702095346884492 0.07860368672446297 0.042542614303503215 0.08528799832751291 0.04704886713311161 0.021301507407997935 0.06253048599333086 0.028243597998698928 0.06545410276533703 0.005221599151025129 0.06143888945408636 0.05998238514172344
57 0.024262401646292422 0.022656199474426097 0.03498380216020302 0.03191087605906102 0.06737334164906718 0.031075480130172178 0.08230663933858784 0.05936472166578656 0.06924390818551708 0.028100382294852656 0.05807291672003081 0.06849903251678145 0.07824984997889273 0.07549634573365498 0.07967835209005825 0.05641351924904603 0.04606588771959381 0.0652405420510038 0.014662514536582311 0.006343286800389726
58 0.05541922766800448 0.0808728337565944 0.0560092311125254 0.03145457779741694 0.033703873000771364 0.06823294220990174 0.07611608527016851 0.0009221455805237557 0.07401195876816492 0.07045657962927182 0.004730592672292664 0.08250335409697813 0.004019562970307054 0.08841569155455953 0.010158020064498795 0.06186926976279767 0.03162384273526092 0.03141940482660314 0.07138760732255715 0.0666731992008017
59 0.04097316181900087 0.05937682017368577 0.07119666523758413 0.006626876795956433 0.03373668865635846 0.030424345884776396 0.036277674324551305 0.04474047594362161 0.04609581625340361 0.0035276717056450762 0.06457105575374202 0.022301946907023563 0.059300251356202094 0.039514554812753275 0.049140567672220636 0.032042482609811046 0.07880795789677084 0.0979513696460679 0.09084460742445642 0.09254900912636847
60 0.0729234450867524 0.007397326072927618 0.08032011111395553 0.017498350955717702 0.07167408974004168 0.04484302407820489 0.07803834006077057 0.007653593303131937 0.09784642868745905 0.0699860751154815 0.014814061608005464 0.044512626313058724 0.03434962802694659 0.02601566837663713 0.0717702990773058 0.08682333205598182 0.013549462011387396 0.005743654798368982 0.09551013344914365 0.058730350068721585
61 0.013511983690274069 0.027174829533088453 0.01656937842864319 0.09976897762299727 0.046082209683473166 0.10729504342276784 0.08844254214586912 0.048082838647855626 0.08439326078829812 0.02283401342159783 0.0386620304706663 0.10147961533197733 0.07961732233468137 0.024138678060111902 0.09639720435256649 0.023330700170740154 0.014959777275844313 0.028070332299296525 0.008796478206718432 0.0303927841125325
62 0.073064758291554 0.040757392904804984 0.02631473494748177 0.09431173941786737 0.08750868426730936 0.08416006173639028 0.009211012961615998 0.06806111532487782 0.04596972092377705 0.03992570298009954 0.05737609086146082 0.02293960297911454 0.051622808898164146 0.0061885769274439475 0.06498936336578623 0.00606355037122037 0.09204016515669897 0.013633632481415529 0.06891213856496162 0.046949146637955685
63 0.04615146335538555 0.044062025538951104 0.05098583175544155 0.037129608678965795 0.00950705983869864 0.051296288466425394 0.035564059479339195 0.09670748651362024 0.004892941883478469 0.08919567968207993 0.0988162147170304 0.1146010461797952 0.06542369358996225 0.006306484051277055 0.0565279150650503 0.03122884097469903 0.008767001620103807 0.07717531160804514 0.006934447491197487 0.06872659951045328
64 0.05969580313108337 0.062370735125896956 0.07956406155286502 0.07274416414324662 0.061033024686160876 0.030249668622480446 0.0767154924184294 0.06887292749735804 0.008812199106200812 0.07235138724013611 0.07780662678239068 0.055725831913093264 0.046363137754863545 0.03602464484796473 0.07700437300210845 0.008622338715715373 0.05211074182917362 0.034061237527366915 0.013489866305626215 0.006381737797839568
65 0.06009731368749079 0.006651282812705774 0.04812413998109516 0.07535182159354438 0.0666627223607022 0.050345954897548666 0.07762219917403525 0.003220726433255494 0.015591438964395918 0.06746025831628366 0.06800053924329705 0.01723924843278686 0.05205162735248163 0.03776660473506649 0.047335303383702995 0.07834441817326919 0.07650782778433236 0.03825688417009719 0.04299293583884835 0.07037675266506024
66 0.02575925898486901 0.027368345136203488 0.09127559190700717 0.03499527497989917 0.09027289326157274 0.05332600761609733 0.09348039638548392 0.08062919311635199 0.06329935684534523 0.002103819690755695 0.049960143233011255 0.0552282118657211 0.02140932755504088 0.08369170733664334 0.049087373945519125 0.052600422579297826 0.02331806948062288 0.043024068806057435 0.0005849309874103486 0.05858560628708999
67 0.0817349400107343 0.07598444511159472 0.033538493883700525 0.0361307488889347 0.08280493983178305 0.002310907198531149 0.0025125167251179845 0.09823335208231412 0.05449803997745369 0.048102999551887134 0.07312355760381684 0.09998695347425919 0.08086916824047738 0.09633250717853824 0.027839376000771895 0.003340788758901845 0.016521215177189196 0.013681001725078612 0.008313215097119266 0.06414083348179621
68 0.003960399327903301 0.05088148043627995 0.05248158188698264 0.06956255122176319 0.07298164309709212 0.07644972444583331 0.05895867616702882 0.002332977996243285 0.06189201917249842 0.04715113336157203 0.06847252173807417 0.08039333375031087 0.04446361291940767 0.07513080230052681 0.004084735484021391 0.08327159625828855 0.026555285353144168 0.024417158029430196 0.014696599347015242 0.0818621677065839
69 0.00010680038840421868 0.005423069489217909 0.016892412272801555 0.03938968059106229 0.025855045325999186 0.08900120740036453 0.050958363633782415 0.08601947355802993 0.020230746390670542 0.08294089467445108 0.06447248558293968 0.10398077966925007 0.0685395808260426 0.046425573042200075 0.029310913918968007 0.07095496317771553 0.019438135415995015 0.04928523944095488 0.08377199428789234 0.047002640913258106
70 0.056899599076044444 0.07589526466779746 0.06778527368369446 0.06200127807080871 0.03312753690642421 0.0043105071559367695 0.10401044107672726 0.041371121465392 0.07246065450124337 0.08819733157395832 0.0015174228195607249 0.061627590080565266 0.0220801624924296 0.0364923373424662 0.010328645030948474 0.1172928050140118 0.01811629655757521 0.028777683775361645 0.0312198130520959 0.06648823565695804
71 0.007614694615704941 0.07823517961256028 0.0826863163661316 0.03598067627315022 0.05052737347750556 0.08383609646046312 0.09330147283151734 0.022086248812589162 0.04967505549076164 0.028170918206344982 0.08425852512693983 0.10494330295347848 0.051089183141100836 0.017109857765186677 0.02855353773000422 0.05164672860670719 0.0076227596511908805 0.07327433249125886 0.020886001481862246 0.028501738905541796
72 0.019550104040218893 0.013189181836934735 0.023868545381204476 0.02619759014189685 0.04141785261854472 0.012960032782804491 0.011916511046369609 0.10804400369654694 0.08595065156778621 0.09416894764159185 0.024674569657283724 0.0896847587553966 0.06359301470055362 0.014146417324187345 0.07905846390126811 0.028026652135575033 0.0035333689662826622 0.09534563485438395 0.06507249372687347 0.09960120522429669
73 0.07914910924057734 0.04837701392732847 0.07353313729359091 0.05218396479546418 0.06291173140653908 0.07352417762388902 0.006998404966753409 0.00788688136905276 0.0995464414403022 0.06785953176484988 0.006730207105746083 0.045855282284206655 0.046652671578010195 0.1194204038641027 0.047557063269203656 0.006850905598620424 0.07176807873933964 0.017620596892828355 0.03770535824853235 0.027869038591062822
74 0.024700345832993673 0.017517699758702078 0.02704011770564252 0.0807620853428287 0.06370108386044833 0.0721299660145425 0.03539561405279606 0.033829177830922735 0.07938172328202536 0.0884554421712268 0.07064112270094351 0.06344256398395859 0.03966009881196095 0.08460125957682964 0.0036474387409998264 0.08251566059269151 0.013235939383678296 0.011994464411796364 0.0937881647036666 0.01356003124134577
75 0.07911166986935764 0.021994326954953288 0.04532323095423961 0.07055277126026935 0.037923409114771954 0.0604805018998785 0.06832193197553274 0.04890142284399026 0.04179498255147891 0.05651219462479506 0.0070917802985319784 0.02741115796543186 0.001938748915208358 0.060296575390598 0.07263731778282982 0.055230847318279014 0.068014041934693 0.0623730699947888 0.05112613469549422 0.06296388365487768
76 0.06565348808336662 0.025473891791215706 0.002873357084785008 0.016336953812378197 0.0796125478612265 0.06719674513071647 0.06175023264970317 0.05322671684165676 0.07015643701866124 0.07629654666729511 0.008805638975646709 0.06935404561254059 0.041649504343352045 0.04327880705083038 0.0804759384012668 0.018040054965813297 0.08693035586045475 0.055978401682679826 0.03002467890731767 0.04688565725909321
77 0.04290776385259317 0.033654544392612076 0.10621907073225337 0.040941700492658065 0.11552470531842939 0.07556392374666401 0.09976210015500592 0.02397077262982243 0.03691854863556896 0.014432183820244318 0.06214429165875789 0.014840375897525631 0.011593930543169595 0.04723511429591542 0.11517981197762121 0.005408022503963459 0.01776585548388673 0.07189991460431495 0.04410700307408107 0.019930366184912267
78 0.049260245348576474 0.019845882199841052 0.033236596165449564 0.0313721937359432 0.06820731765713761 0.04876549134017417 0.030095200039169857 0.06115129859295942 0.09051847837170718 0.047945981828091 0.08154921802702314 0.03640560211181477 0.0666030958134323 0.030449119893385484 0.06956827781912987 0.07663279690596707 0.0345856000810636 0.008520632307200562 0.02719819764653482 0.08808877411539895
79 0.05091639286225872 0.08927131574309963 0.04516789632596806 0.03143639975459818 0.0008249629912312417 0.06773351307311005 0.07486661179792252 0.043928060476810485 0.07543667987938057 0.04830504489517645 0.029013779763544377 0.06553048456181776 0.03436652692571835 0.06985943082457183 0.02787937992250999 0.054235747954257466 0.029102781026031626 0.03265357264529975 0.06331721586973076 0.06615420270696232
80 0.0014118186148712603 0.03888015463642184 0.08290795203191514 0.03946198364168649 0.020442973199284252 0.06947155235988584 0.042351924124880945 0.07931775303744804 0.019915824267349887 0.009838815461253602 0.08506180534791527 0.07973036857896658 0.08773427539568686 0.05261537120202045 0.09629559640132043 0.0580358982837388 0.039670690757068396 0.061709856413391974 0.01474180835043776 0.020403577894456425
81 0.005691344107246659 0.08621562447068959 0.07222671309804926 0.004053165228925752 0.07132161966039294 0.048796181845686064 0.060503552435858254 0.03760932985359759 0.09887014073772683 0.009868662674120189 0.10468998459734424 0.019249251119746562 0.0018849553754593296 0.062166246969420524 0.09372882478738168 0.08513835859681024 0.00648213565885534 0.02167139132149205 0.1043722777278547 0.005460239733342261
82 0.037929049970918026 0.07519981109888266 0.048330333209847184 0.019169721188729106 0.07686475368617422 0.07462527651947343 0.05298170691280728 0.033183893149201754 0.05808110136086833 0.04898439255851303 0.02791098173354746 0.018113371908522722 0.05834828874141997 0.07071485659380242 0.033858296662050265 0.05054127763388977 0.05867353974880656 0.03555940892660739 0.10005269941595028 0.020877238979988305
83 0.000570082435079495 0.035741338896284607 0.046719270433818585 0.06852986160837113 0.09339513595175836 0.0889671575513906 0.0276489865351265 0.031157959133367805 0.07647812992514519 0.07122081674495065 0.05918011588595622 0.002090685878040731 0.011285030740348366 0.01656036432100589 0.008285193502009576 0.08213140622461068 0.08253609862329231 0.05640030104673305 0.0802934105486263 0.06080865401408364
84 0.06750654017760775 0.049365839648086524 0.09008264133962746 0.05666730298231065 0.015471955801072445 0.025709172147047078 0.09298217755604901 0.03834063824042589 0.028938791351374414 0.004751770124986189 0.07198292738367361 0.05134478014714085 0.06567788218048093 0.08411372754448875 0.006215146766025786 0.024978244315545746 0.08677305752664347 0.07812708885241448 0.01884453568929862 0.04212578022570052
85 0.026585278001502545 0.034030146294088376 0.06335341918054148 0.013907511597062175 0.08226977975621207 0.05937414318724877 0.03692845244382709 0.06325002917340002 0.05551771434013676 0.008280287160361903 0.05449818491647025 0.051421690839136815 0.027184403289123048 0.08714025999280497 0.030947511774566366 0.0640369382339178 0.01978960634849651 0.0855153933841925 0.08757821396494196 0.04839103612196837
86 0.03763394240216533 0.04733965888768986 0.02787845794411199 0.034113793824246647 0.08802915555100214 0.06896072040156892 0.05755862385707171 0.07041978848524032 0.01871425452629231 0.05899247740077588 0.07657939366779425 0.051148201795376484 0.04880849109674202 0.0389942126526005 0.05197516167254032 0.035851135543461525 0.04105219011931512 0.07760856703213924 0.02791459495897944 0.040427178180886016
87 0.0036159992500828693 0.0352539860070888 0.08425506214803477 0.0022598291117236586 0.01278313597733786 0.0288408006397911 0.0703101883550764 0.09480539465829207 0.07059277727357745 0.057379449099408786 0.09084961995955892 0.05401545501986429 0.051466438018065705 0.05509591545588841 0.09838379199095872 0.008687091204011309 0.01270353002853106 0.05402676498080121 0.09846960621931868 0.016205164602588105
88 0.04806856845152522 0.10705381719046038 0.09848427224905276 0.02857553923321721 0.047082491918605224 0.006603622234155624 0.040494935448104036 0.019473927437363092 0.022283611638175778 0.05392303527985027 0.08905529642816212 0.0653099189357987 0.0597170692454936 0.03453202618856773 0.12905928319220641 0.03072046992401088 0.003487126986813774 3.615339724071211e-05 0.0469288829341895 0.06910995168700705
89 0.07571104868840926 0.07537048600146141 0.02278878810585215 0.05695211681145735 0.06593020235676604 0.0854357157230854 0.09491031942913816 0.034584810403418265 0.019219628834473607 0.05599100946456754 0.06648057695784627 0.02264756226633164 0.02810309956156272 0.08130355074823273 0.02528483652295451 0.09847820737868129 0.006859664111740389 0.007606358295227262 0.02854562275237843 0.04779639558641553
90 0.060709916738539586 0.07962436272497994 0.062410990925367144 0.008119007261236485 0.09027480405909202 0.020390119648819486 0.06839529488052018 0.02825871403699981 0.08139191552899061 0.05304899049778114 0.01799874931827862 0.0815965577519345 0.05366288990520333 0.07783387715402033 0.051648747338575406 0.025358830322764047 0.06701443124800743 0.01937007090760723 0.02285982946772447 0.03003190028355811
91 0.011015834065944106 0.012901914656180707 0.05508912731643882 0.07819686439109667 0.08557455537956636 0.09803271344335966 0.03206626812278362 0.02295868966633957 0.04228517215276484 0.09403882071952444 0.01023895833708146 0.013421232904307343 0.06813119595389372 0.09305758427807989 0.01316292211182534 0.008597933620809513 0.08182997629001416 0.01789812790843633 0.084392322295164 0.07710978638638953
92 0.0847899698720217 0.04467316365865152 0.046418858342840305 0.08892253769675934 0.07605643425944633 0.03961019121748603 0.0563958273273855 0.04495506939561159 0.029932464124730187 0.06177492320143845 0.022621873391728456 0.0395618379934632 0.0665742006074708 0.03577076227673221 0.07005530998237247 0.04408080077741062 0.04532777907229635 0.024121859976920044 0.06538398947206245 0.01297214735317237
93 0.07977414936848953 0.007940730287062011 0.09016541229054688 0.10861140293995424 0.037238271778018577 0.077796142655589 0.0239392806838726 0.041349892185532845 0.09733600683818691 0.05828200649314881 0.0004237220873565875 0.015565293444499272 0.003213639226585156 0.06654002235382965 0.02992127853298943 0.004935503860040619 0.09737497743686402 0.02621460748033015 0.10661608927437456 0.02676157078272896
94 0.04235153500947436 0.045489404835772636 0.030102225706249524 0.10028001333055525 0.05290285301300769 0.0006904893453695259 0.031627867936584585 0.0038620485476738055 0.004792237074094254 0.021697952179507735 0.06405686327628246 0.015469828445115682 0.08086290291035747 0.06704323047856002 0.06750877953310201 0.08020896015300855 0.09142075646457347 0.03177023404779731 0.09502391924716472 0.0728378984657489
95 0.056060547916391236 0.08184299174127534 0.059273274585864844 0.07104099139114455 0.07460103025406929 0.05412856370364086 0.026011495136747068 0.019424159711263593 0.014772012992051355 0.008730374573594093 0.0800136434098076 0.024432047818393414 0.06669370085584828 0.08029152572981567 0.06884897079306414 0.05467395514596539 0.05943268159146797 0.056386399844062074 0.03029170042775094 0.013049932377782373
96 0.009746641270477882 0.07724546948766904 0.06762951463809369 0.06455116022786489 0.0568061646502941 0.04153167232704714 0.03753650443413774 0.07716163459676913 0.043271069949332844 0.03006938978063006 0.05460694153651955 0.03725239010632162 0.039594263029876946 0.0463937558556091 0.04889111993181811 0.06836399880322323 0.06817796152684466 0.022431904693205426 0.03798360937433451 0.07075483377993043
