0 0.04420069056155332 0.098327040997433 0.0852529008694675 0.03758358129883643 0.10625368555503528 0.07919113542136376 0.04746895408082982 0.008594606841736744 0.06336343773795618 0.001983984927447529 0.020131247414544588 0.023244102636940486 0.09824184616651564 0.06901015247590317 0.10229315884651129 0.023726946529462594 0.014409612605287241 0.0018422388876542645 0.0717446352935725 0.003136040851948582
1 0.08201720900330824 0.036825469758963586 0.0010668016602549935 0.08320162371776288 0.05608680949020819 0.07131368784575472 0.020417500126403993 0.06349414780398603 0.008887680289096986 0.06515946076238477 0.009223469062097736 0.07015744966427175 0.06481553323273194 0.006255528104201961 0.07625586515521245 0.057617002210071405 0.051805674159221334 0.04470680257725115 0.05901122683810283 0.07168105853871298
2 0.061432713396524334 0.055179891799919334 0.06269118804570797 0.009714635683314725 0.08320700823093147 0.03399204883614513 0.08161458180249886 0.006355149926094174 0.08870482167432646 0.08685996190554325 0.05218779348987676 0.045552536305249164 0.07902075058583989 0.02333158944822864 0.0694896351767845 0.009111157790689136 0.018001741527454804 0.05230616343597618 0.024558439229469837 0.05668819170942513
3 0.05362743142022085 0.029411271162467036 0.0009169800645124621 0.05785697263750723 0.015810476648157053 0.09509579044758884 0.08657595451369308 0.06896494456457704 0.047378087642825306 0.051024400569954144 0.0023582531401873776 0.0032208785491333533 0.029540489163262365 0.1128616922671173 0.06529308487186815 0.026322121271687662 0.015814036550589904 0.11012737581100296 0.11937557782554843 0.008424180878099501
4 0.03502949332427492 0.062249768529096264 0.038436713810342825 0.018226894008143153 0.0786111175380977 8.335200853916918e-05 0.06689622629680866 0.07433083402827173 0.018745019606832128 0.09543018453038758 0.029369165225064886 0.048562153603719474 0.07279612001869612 0.05762376553506034 0.04884916664473583 0.04782033527491545 0.041662481662090384 0.031039983360239266 0.037698321537200125 0.09653890345748395
5 0.06158611861982802 0.09206072112078234 0.042791087867189714 0.1001731823405624 0.03693441952940812 0.040851558071757284 0.007619449110603446 0.09299326869863368 0.06419743365437597 0.0006300722088457607 0.09280798945400745 0.06354765833800864 0.027737910992087885 0.01830162259027923 0.013977171248807709 0.03310475361811864 0.048964595684419875 0.01797903446097858 0.10751128154522477 0.03623067084608042
6 0.08739917768321816 0.09998846369536069 0.04884110427803905 0.07776868190526035 0.03870243251865202 0.10716547567875566 0.013618436686447537 0.07611181435907022 0.026501764091914404 0.006516422729714227 0.008602588039691186 0.010574778801138713 0.06782344927622491 0.031740505793220915 0.08667739660178145 0.06082895806860625 0.05576278856539923 0.009511313275954381 0.013358392928158875 0.07250605502339183
7 0.036112223078321265 0.08537807451634981 0.027276097768390527 0.0509231814810833 0.08225690933049827 0.015036498405006678 0.047739020020499595 0.04429640755081734 0.09869878825725613 0.02480201795073493 0.011834460173617991 0.06835123860597095 0.04059507143703423 0.01357426102890751 0.033705011497914716 0.005112164256969047 0.09258317719838081 0.07324225289568763 0.07150923964472103 0.07697390490183846
8 0.07721573497502118 0.07511811609342564 0.07619400906945697 0.042448718767546065 0.02429842541177409 0.08490196231763641 0.010411942165855337 0.020199387764045694 0.06017617932893955 0.07593596253961492 0.08521053418926212 0.04845625236688855 0.060099225002206186 0.06552911029981408 0.038677527200825415 0.007143510810063131 0.06946705036434792 0.037076354644564664 0.03239442801892533 0.00904556866978684
9 0.025580537544069415 0.07038508446884546 0.07628913514016654 0.051966672179836824 0.0104212662714371 0.0705783209582376 0.0802591542010661 0.08312791209422696 0.04579679787687594 0.05527243963219335 0.003544794743633919 0.06927755867982867 0.04603125758805096 0.030019708133786467 0.05581060883524208 0.048993282089859064 0.048809190404489174 0.08049304083595964 0.005921375656439843 0.04142186266575503
10 0.08277022653463278 0.0639933174775319 0.08713129570053041 0.0567685976228567 0.0006341787236490758 0.02834524708458191 0.029111764644662606 0.027282542989967844 0.07846839121246993 0.05964441700408692 0.026162469670554078 0.06955519871929002 0.056684361231712034 0.07236070862762968 0.06847743366200584 0.060898127031555144 0.02434618975985946 0.001675622691990382 0.0852378555255761 0.020452054084857212
11 0.0030579180615372477 0.08108951967998874 0.10985353090003935 0.0397743700126457 0.018700162094798013 0.02861440849407254 0.07428954023461558 0.10173239058453706 0.005423053964039092 0.10773062064366414 0.029525119350653797 0.05004171945157419 0.030429600280117864 0.07923759785019449 0.014856490645381856 0.027584535308768473 0.03252872668679 0.0870679304568428 0.05029296172407224 0.028169803575666733
12 0.06507085125565695 0.06887329263644167 0.08114920489303142 0.014555813617514676 0.08419227035497127 0.056173788256686105 0.011233805465080404 0.04957610024229756 0.02122276430787172 0.03910778447015206 0.08689633264137378 0.042975751261194635 0.07457045374497619 0.0379043579246923 0.07878697671831908 0.006439395773948995 0.021239066749198024 0.022889392837926067 0.10273787941372488 0.034404717434942354
13 0.049502029489459795 0.08126459943694492 0.09661644698556317 0.008954580439806058 0.09128287077504652 0.027874140103112552 0.008722885887224453 0.04019838402475846 0.10097650332563579 0.0782605008313808 0.023750686377092305 0.031143038526841395 0.021006000898093815 0.029537725056714054 0.08866170670877925 0.06796858667738216 0.029058560668019547 0.08580551672819588 0.013299698700228587 0.026115538359720386
14 0.007832098188936293 0.03351457784548347 0.08532547074422948 0.09875998579942089 0.005145962386966737 0.07308168808951145 0.004226700784206819 0.06282073402146358 0.09826185468320352 0.021261622055709018 0.01512899663087955 0.05610028155971533 0.07208659035463047 0.08634123605443864 0.006776020029258653 0.08396174250811762 0.002963139969724955 0.06328867974470402 0.07983803482917158 0.04328458372022819
15 0.0009439135039522855 0.08410797473944108 0.015372010462659402 0.0244438079879742 0.12028348889081063 0.08820686390435234 0.022876575697204898 0.02096470413586098 0.017374145982015577 0.07461084900342121 0.04686549176222821 0.042830297838936215 0.05823955692876999 0.11383734044450458 0.05383491049900571 0.034278762861632193 0.014578913588036525 0.08071175744246124 0.018712793233292727 0.06692584109344005
16 0.026771296626278595 0.0007616829630150203 0.08082414968977947 0.04483617978826404 0.037270031890632244 0.03103000688165721 0.057246893707314304 0.05013853453767166 0.05327747712330093 0.03404772913153482 0.03891560773119496 0.08441132820098746 0.08424872028774136 0.027996512767482676 0.04352871686743661 0.07933052234468665 0.09078738452413838 0.03025974216518923 0.06069240453051889 0.043625078241175515
17 0.02756700851625959 0.011580550263099662 0.07951064856987958 0.019141414924726367 0.006973840683892479 0.07269724831737374 0.05228115426001778 0.03097231458832935 0.05352461121154998 0.06564188251436691 0.037028034717562185 0.07773902315743117 0.022484692233801517 0.0799102333329817 0.050774192187024315 0.06526779462429108 0.06941288755440826 0.08867039130187027 0.011827873428820445 0.07699420361231374
18 0.0028086353973929817 0.0808437558988118 0.04729293405966109 0.07154428608178386 0.01888186254478399 0.05547974180216996 0.09453015569253684 0.029639520039526985 0.06314416527171693 0.03180690845074473 0.0802822910272965 0.0021590944938112565 0.017034352448234705 0.09831911964993133 0.06414915326572226 0.005950801664493929 0.09654069169962817 0.009090866548428065 0.09032805341203422 0.04017361055129051
19 0.0951596063871572 0.06112702069283222 0.02266096083719999 0.05833756423814782 0.006028225226196899 0.05475148647958062 0.059178188946804586 0.09745081219135213 0.052753641059693775 0.023210132507654708 0.02829064238445399 0.05962180978112034 0.06496640094291904 0.04154504768680366 0.028360254462566407 0.05818321723210032 0.0019268468818541423 0.030242393111454352 0.07250653192497039 0.0836992170251374
20 0.02729653280819816 0.07416662824623207 0.04131274474669042 0.09015793940590004 0.0077835226521444974 0.05078432123910895 0.04467124248457522 0.09148001125049182 0.09100637948925591 0.04250250131202371 0.0071460768618368175 0.0900130955841388 0.05001291878736522 0.09295424270820637 0.059028594450783976 0.07571968694985998 0.01877798771601443 0.006404824324352255 0.015875095971684794 0.022905653011136614
21 0.06825843294077875 0.10324807706238226 0.004606894811668077 0.08567655437205976 0.012344581070837784 0.04409054216925468 0.053385419794487875 0.0006173201421630862 0.008712735517126272 0.048653765854998574 0.05948171013318874 0.021888323731083802 0.04632909021294363 0.09344238513896931 0.10030827111029124 0.025400837800290253 0.06910544321581383 0.02521435918086013 0.10492267569910159 0.02431258004170034
22 0.049082655871810245 0.07334442213166566 0.011640769821832717 0.04520047671940517 0.005481530612236354 0.017537464095690968 0.05734747793018775 0.05059320451165732 0.04123101853893684 0.06750278379957876 0.07919484238143394 0.07924116880398219 0.06799944564658439 0.011912885103051213 0.023709772362307507 0.04201171607701051 0.09114974659242883 0.08454062010589182 0.05604749530772935 0.045230503586578465
23 0.054018623565026895 0.09170683375810508 0.02818439666456308 0.08657818585742391 0.027446782213297702 0.07193249636112563 0.027549319063458505 0.0005824332620637064 0.047453764162397855 0.026827740842562942 0.04733187403340146 0.06248029210987613 0.05166737417345274 0.013296242490543696 0.03170122836651858 0.09823412461121293 0.035055593294525664 0.08272334484457486 0.07611912348046918 0.03911022684539946
24 0.023660485183331657 0.09967463764229448 0.10356995010938203 0.09475045849185411 0.02523413048686446 0.02226566028714716 0.006382278572790607 0.01930625806855818 0.09968897892763737 0.04527830345153869 0.0002101850664257767 0.056952070145721574 0.04353662954997486 0.06751259672430514 0.024068814046115074 0.023835898102061534 0.005742933669673697 0.08592290759102655 0.08194811894162367 0.07045870494167317
25 0.017879966438960986 0.0822773070401216 0.07787177129548983 0.07713641799202639 0.06023825575982923 0.019424991390272792 0.09254360606178651 0.03243558592314486 0.01460962331258824 0.05432737320301659 0.036466697089412074 0.06303199832685046 0.0319252184121147 0.06423580680477813 0.05857335810440137 0.07757179971050798 0.07091381205053754 0.05243638402038127 0.0009393706561278605 0.015160656407651902
26 0.026425108294837032 0.08828519310337646 0.004337924782107433 0.010363136486554389 0.053742008429800175 0.04416677902913401 0.005593158220832929 5.4577712595170984e-05 0.07600997266790675 0.09284032800944955 0.08471925670981381 0.0067756103074561565 0.04151612433991346 0.10263601726043863 0.02222299227664445 0.025395274727225567 0.09887889752369261 0.07606462066973296 0.06939829254408582 0.07057472690440264
27 0.02725581460051472 0.060562768176094094 0.06949130289867882 0.062138530038002245 0.07575368177907703 0.0825312804328089 0.06149796058785532 0.029655581445625287 0.07839856515097815 0.0011137702279057156 0.008337370675164175 0.018190234912419945 0.0638218518452108 0.07620549790416842 0.0815585910384802 0.010100353506037147 0.03944366553034035 0.019982899197831194 0.045678250514731886 0.0882820295380756
28 0.06505551507490061 0.10082605623227266 0.019005373096283935 0.05518547777565212 0.04918243340821986 0.07671817544099752 0.08283752508696915 0.000430427474596428 0.03175390332357623 0.012961639991875528 0.038008062199257994 0.06907543618979041 0.0704009939973427 0.04742116286132781 0.0752979387531601 0.08594548670894904 0.03085692271144748 0.04278502573366501 0.0046735473885933685 0.041578896551121965
29 0.023298225041021088 0.07063447731128675 0.09565518764045296 0.07727522340962906 0.010739508941835767 0.09086068703982676 0.04788769350943754 0.0918150067142574 0.042590541306344334 0.01610247999955362 0.0004327917139832519 0.011217013685027066 0.060067255665147486 0.05940520034155717 0.016421615212928495 0.11176651783234218 0.004097676245994721 0.03612153205733986 0.020609627398057825 0.11300173893397672
30 0.09154944040491086 0.05755349844382033 0.06261485758283195 0.01502103385469857 0.10125270293394291 0.05581413433611856 0.0343210823820523 0.036732017122737014 0.0152815105913655 0.10445464797652501 0.08324749414656736 0.07927676192774553 0.014673726268857629 0.009934988338529873 0.0020586909521734965 0.05599249424475333 0.10488530985359014 0.030185204174413116 0.008314523676123528 0.03683588078824281
31 0.014710153338488277 0.02216151878136408 0.08848034506476866 0.027937783723938618 0.005815127832407941 0.08020949641678211 0.061007315218016514 0.07907696635329185 0.045946415675875034 0.056854788616395605 0.08954419767528134 0.011454006101311765 0.0024590245595002154 0.044461843093950716 0.08770107503933311 0.08193750391432425 0.04190394211870005 0.09038784224108729 0.024387182948703998 0.04356347128647838
32 0.05325546370444674 0.008339319323250181 0.014510550345555567 0.087346097477359 0.035708700952285115 0.09189795541892082 0.03253708364877972 0.08811307031227203 0.039011760515815286 0.08347747257923563 0.04024259581772231 0.09075028511986008 0.018574258435316716 0.01444744019378458 0.02746738381766865 0.0022906935113299973 0.06571291227694356 0.09950569366478565 0.07426817577766574 0.03254308710700287
33 0.03504856542313833 0.07188526037254749 0.03501204214929208 0.06520168147397094 0.046297605328303605 0.07050013566547017 0.06502240585329337 0.016610363065373838 0.06396270162590412 0.04522243914738007 0.009774357602516132 0.07269375657208735 0.06948097033746257 0.04511768710014843 0.006792723041776365 0.028695966343212875 0.07045692415794597 0.06867248125638854 0.051505076509274945 0.06204685697451279
34 0.05874145980377737 0.11891984684017395 0.1158836403839778 0.01376510445704782 0.049737067343821315 0.013807966833531174 0.10852462336138198 0.01480740166664129 0.04719278749859921 0.0568775729542224 0.008636077707523154 0.04085253364422503 0.023215786448065122 0.029906430179143247 0.07316434162512724 0.10988274672020114 0.015386845295319411 0.024925888015564966 0.010736475357467232 0.06503540386418914
35 0.05305942612733382 0.06738051941808229 0.039358705700566814 0.025207324246763523 0.011649303633275883 0.06967771791226725 0.0642957168798307 0.09437909431671603 0.09468725511750745 0.01624980943440315 0.0407519964677568 0.01561707531230021 0.0696427133709375 0.06433001410602433 0.024572776538953497 0.034924141149941475 0.08348144378402181 0.05834077261376368 0.01917834116576487 0.05321585270378869
36 0.043980735816006394 0.07892292093325463 0.05354352946517931 0.011873582281868574 0.027179112184856195 0.01837200078508867 0.0075238373238095775 0.08697223866244544 0.09378470832316381 0.05624940109494152 0.10348164770901469 0.07291789899686614 0.029190943440896466 0.06755284790476274 0.026265133251370875 0.06182253605013222 0.005712733169917951 0.019421284150869907 0.048209183350737844 0.08702372510481692
37 0.08015296528785448 0.0920721573218555 0.10207385214331442 0.059681347988188 0.019825756025229596 0.05788258046315095 0.013311005543589684 0.030033057362093 0.10933183403777263 0.00985666114683805 0.030879406257766077 0.014345950697780488 0.002084219533776105 0.014660700108143115 0.09137088915310833 0.07775233126898168 0.09029266332594464 0.02906670172759787 0.052907073173151034 0.022418847433864082
38 0.006999544849265486 0.01065116798156071 0.0964633246994891 0.08603927381312908 0.02036873269282118 0.029948096479405027 0.06496284110739778 0.04295068611531591 0.10196959582424524 0.01127883931838853 0.008993246905316896 0.06499921811966052 0.09744949275377542 0.06556773019721786 0.04143384042859307 0.0353834150571569 0.04600103752091657 0.06211462395139659 0.1039201742138052 0.002505117971142981
39 0.09134365840440628 0.016897176437926615 0.09142023489618649 0.0009922328980073315 0.07414527685345329 0.029209879716535877 0.0857603920964058 0.07281975371714007 0.09097483002065071 0.004418623609449644 0.008547262593441126 0.09446388618450018 0.09662625279336093 0.02665799263617431 0.017852667161835947 0.016867866851402763 0.02845287698995916 0.018266448523536268 0.02286646402648868 0.11141622358913852
40 0.012950890507693198 0.061625889392777695 0.010993375192767814 0.04786917917422628 0.06561803540003824 0.03800651281896807 0.07066317331993936 0.017000018474260126 0.02898209942484833 0.011537680073224798 0.10861963981006753 0.07847098477912794 0.0650244489364887 0.08020888797109448 0.07335356866510738 0.027743000068967665 0.018763756615481908 0.03843925957952485 0.09214919407019755 0.051980405725198055
41 0.04319810942860506 0.08164332326751039 0.11366981519069064 0.024651859232024616 0.006347248529554256 0.04637098206289525 0.003017254877975186 0.007728613752249282 0.011343863711909747 0.07758530808009363 0.08920533539342614 5.6715806744147866e-05 0.05568980320620122 0.06444262911900538 0.0024176194233587597 0.08305443509993166 0.08205853723425313 0.1093613707434196 0.06850680796274872 0.029650367877403067
42 0.016415484633188628 0.004718607784806967 0.08045967993030048 0.010912621990131093 0.06904941216711026 0.005368204533775567 0.04844351310029586 0.0018859734905337312 0.06080366698894764 0.007272704855195413 0.04624567382896055 0.06687943705087118 0.07114141053070724 0.0272919481865816 0.10280038431236947 0.07422958968613906 0.090742347636593 0.08025059974333439 0.08838518532752541 0.04670355422263254
43 0.025891367367284465 0.07195328667956381 0.016341620246955575 0.10659446338944958 0.09242875145402406 0.07598034891350079 0.03337457751483953 0.03245422805181378 0.04387376264863091 0.0460720872985144 0.06161724867150038 0.04145409623387068 0.06808082637381827 0.04948950813498679 0.060105549093599484 0.04945607573982032 0.004863609506660701 0.012871933207363071 0.0930710413160534 0.01402561815775037
44 0.042235095027846295 0.055867040829180405 0.08638084193579765 0.009778902508085566 0.061114136780932436 0.0748180388924911 0.07474366329767118 0.0032049419799159307 0.032975463220090824 0.06822214488147706 0.06654252434585883 0.044989290803928245 0.08437659447040742 0.04933893113956672 0.006824256109079414 0.047525665475928784 0.07473510890658555 0.00858797450223367 0.08157371335156646 0.0261656715413565
45 0.022736637879446166 0.07341770446490153 0.10619669775093148 0.045834375297936 0.09336668518650623 0.03418584076442848 0.0381361961622647 0.042668905874698876 0.08728127736634667 0.05246440196113614 0.006274594764375637 0.012689168059196747 0.06265584265297755 0.09660865862914617 0.0948753431510767 0.050505272566886854 0.008042354368828247 0.034041208541051644 0.007916831430624419 0.030102003127239617
46 0.055212949422059086 0.0012549585598653798 0.08456928662829141 0.08563042041544766 0.06271711988546029 0.047835619292713544 0.09437573926004875 0.05801388669514219 0.012191567328439871 0.07544927515080661 0.06322809791004771 0.03332806431227853 0.0050321947158258945 0.03042466248436524 0.04612323029291981 0.029093206626467128 0.10385417874519416 0.005401387949454463 0.09861309402125226 0.007651060303919876
47 0.01387662252499653 0.03181508389732358 0.10392300256478458 0.028184773972561753 0.004597588152146396 0.10132475857779749 0.03626648612132637 0.013699257010223898 0.015620710705039766 0.0769993097878502 0.10568009917984057 0.03429747059389858 0.08669362184794634 0.019521410405615874 0.02593476364843402 0.08366976544536396 0.08416914690088914 0.028697680025449417 0.006683145835654654 0.09834530280285657
48 0.07182642126572014 0.0134879762256466 0.0858532771540738 0.036960558689881254 0.001625541022133718 0.06743100192976306 0.04150118743642123 0.0790520066646621 0.030306477105241075 0.08890891038987406 0.043243350594620665 0.06869076669261301 0.08232534358991037 0.02574046819198715 0.007306038380909284 0.044264823847610726 0.06043599018479276 0.06929594919643955 0.009540216591500467 0.0722036948461991
49 0.02099812711957031 0.06378399075117398 0.07122421860768045 0.035788358369198296 0.06693559059913728 0.04227690912527396 0.05714324071566933 0.03521948945579594 0.07441955190271693 0.004860821402900184 0.029803607948600683 0.0646256307857984 0.07533993467908096 0.026667929029554824 0.06694659579942101 0.07665627996271356 0.07438119897172935 0.032131772046666514 0.03149863513724965 0.04929811759006828
50 0.07740653954348714 0.09604509240313501 0.030568677851000862 0.002107857574876038 0.07408135399183231 0.07439927217215514 0.006783435286597403 0.055085918857986575 0.003459630529491441 0.013523705079275103 0.0720994532838933 0.09530391018119398 0.04207620462772188 0.06882047766234219 0.0544808490929415 0.05265554749185994 0.030814363255868307 0.050876486279944205 0.09173815273641574 0.007673072097981936
51 0.03243762003591095 0.0018489000927798692 0.05913442846422841 0.023723922177273832 0.07901626865710808 0.11787304653590011 0.0007753405512689477 0.07082552973783125 0.03939214184169711 0.051595406532932334 0.09574234458949232 0.032579861017724976 0.03815605274299372 0.0037705298752715947 0.05998679784389626 0.08209610480680961 0.061983957390324376 0.06367169861743763 0.07251187008897797 0.012878178400140676
52 0.0041998743089451075 0.05607167543297188 0.08995440523642925 0.10200709955792371 0.050441722749642995 0.06389476220435143 0.05326138725558607 0.04434093365672746 0.02837580648228237 0.0048775001583694425 0.04967733318373618 0.08592358623093789 0.044538650250405036 0.06174333145274237 0.053198895878067094 0.01317166860749684 0.04371926414460071 0.06445633810027973 0.030619347516630202 0.055526417591874135
53 0.02626522759355421 0.035102730248401326 0.03620923130821526 0.041709642265501536 0.06962900345571071 0.030357857520689206 0.04742342253425443 0.07603258252379608 0.044476487965286526 0.07295523885183136 0.07167609468680687 0.03820491429933138 0.05829191986779666 0.05844744427050717 0.04951837088144062 0.06314926138679418 0.03810889798197703 0.06620659527989768 0.05144689161569159 0.024788185462516134
54 0.050990960873857974 0.06780096958411198 0.0933651888808373 0.014317047552502446 0.07156155333077156 0.04841047908367253 0.04761606750247492 0.015140070327560711 0.031169177653185783 0.09996831289587163 0.006765170233301287 0.03202815196679017 0.026579634994530355 0.029298354071622935 0.0975912125641284 0.06306895266052168 0.019077092162195275 0.04838896095202096 0.06299858472401797 0.07386405798602427
55 0.08650672634086855 0.07849602886298945 0.013483320389763189 0.0649578507760647 0.07604497605457672 0.027497613202948613 0.06911838814970346 0.02757587289830237 0.029796786691171175 0.02930800972532919 0.02501324872491939 0.04599585121388667 0.015290013918188542 0.07564156836503078 0.041731209063241285 0.04090743590627623 0.08792691844479754 0.05033788093046112 0.04189402586963983 0.07247627447184112
56 0.008648176115384766 0.0598694163031959 0.08079800390706227 0.047860601356172275 0.08384055952701971 0.049728191722702826 0.044956025615114574 0.020535000963323027 0.08756273075915909 0.08953288090341917 0.03473355824649898 0.07787963849325012 0.006752733991750685 0.04491398968809374 0.030006792822774637 0.040646136013332626 0.04203040696813502 0.06618953900461683 0.028261082460189737 0.05525453513880409
57 0.08931319070094053 0.007387356316559676 0.047182691162644806 0.10390919401963498 0.016921885913465887 0.041708021841639756 0.07168006804221094 0.04051550098438806 0.018573919553877504 0.015349576326332777 0.028299091402686896 0.09400913998247559 0.11325034534568237 0.0012035082314126799 0.031112866189599648 0.026204033129978658 0.058423309906164206 0.03292589205176114 0.055890889380796026 0.1061395195177479
58 0.07455342700151642 0.04137322542200988 0.015885368932291418 0.07305755467991626 0.07732020446819657 0.0575391379713439 0.0172416695735099 0.0370893684814391 0.04768924789008959 0.08485530354222223 0.0562228740806301 0.07328452424550226 0.0547720831714198 0.08005061200967076 0.004262125854286089 0.08090187302668997 0.01932324223205803 0.03683193661354161 0.034304990229662734 0.033441230574003465
59 0.06697790142766541 0.08109291041517201 0.045213972122463794 0.08180580708137894 0.0029636753336041394 0.03216402223953464 0.0289513503447333 0.07300117028849515 0.034755292696740096 0.048593195920126564 0.009791444788044546 0.07341648302129537 0.04208111354154594 0.03624114777592897 0.06935909856738597 0.03843680515806706 0.05778197828845252 0.06129592973554245 0.046743390291428544 0.06933331096239469
60 0.06324800528386153 0.08370072773066842 0.007891627248718749 0.06613685718434474 0.044576437026267 0.00876198447870093 0.023512385583900054 0.05907307890316406 0.05692390914443856 0.020810781684272577 0.05507709271886913 0.07860894653450606 0.0471759462297723 0.06720047727979717 0.047569290562402396 0.04308437181017712 0.033544651084588394 0.08836596526664371 0.07383923604422457 0.030898228200682522
61 0.029396507554148157 0.02618252218409822 0.05703284270500719 0.07857236113639351 0.09362670984356096 0.05554514554666013 0.09435434715626406 0.0030051100406631257 0.057256009652000166 0.022318391179296643 0.04308716674777113 0.06342329772199934 0.046355575587798147 0.07185904638831654 0.015635359108723743 0.060605199081070135 0.0284228574269865 0.07887515059585269 0.06170848286074232 0.012737917482647335
62 0.03983994939485325 0.04323281310138197 0.0517649999210893 0.024648811500944442 0.04433728564655546 0.04650665768730469 0.08623792978923714 0.01986530027893391 0.07360310454305513 0.035229427885072204 0.058118257784960776 0.028439742048370967 0.0689656398180092 0.05751994100255236 0.0171486646155758 0.0718105759993359 0.03921635071056945 0.07514363799592444 0.08433438936905838 0.03403652090721537
63 0.03564049332587542 0.018761659493644403 0.07222875359356774 0.07938173251878879 0.019239240046596218 0.0677249851388389 0.04698073477653066 0.06690930565206653 0.05589141096856029 0.06780116659469508 0.00876572022586396 0.07596041425278947 0.03836484807451387 0.008236107601518702 0.08023860110743156 0.07607301434365997 0.06278156003417815 0.006887119891399904 0.045697448947136565 0.06643568341234402
64 0.05474784548887416 0.07798210073759007 0.015101361221424654 0.05338293203999308 0.03494582164699372 0.009672039315528963 0.037467846212387454 0.010851712333684501 0.013017285112136989 0.06310194591093543 0.05150484749754317 0.07511663735062879 0.0735849479755407 0.07043261111382383 0.059506301771379645 0.04985483264400367 0.059818112860644604 0.06912499482237244 0.04580397537559436 0.07498184856891978
65 0.0928735015907493 0.0473156801839296 0.030188973349262804 0.02662063094572791 0.017429750375433355 0.0813288980447155 0.04536850500813621 0.0249943104453346 0.03465606243840323 0.05710774148394816 0.07260509061906703 0.05000820401167756 0.07461849841402025 0.05883235818165417 0.0645708219942225 0.051427274853669276 0.03828187620020936 0.023890155396034164 0.08254599323310265 0.025335673230702363
66 0.05044371012820934 0.018456561848894562 0.06532713935631872 0.036905179444428095 0.04119997100315159 0.07830682379905114 0.047875454971758116 0.08970811833364263 0.06969530001160523 0.02207882860052779 0.07383971959831287 0.0112288984535187 0.04311364686855452 0.04575013694595261 0.08366027540543357 0.057806191383639266 0.07272328598704494 0.03766916353590016 0.0009718591331005374 0.0532397351909555
67 0.040235838467608455 0.056786665403411 0.03572557553047212 0.07879483460082257 0.0935157664139876 0.032846769503461354 0.0016452644541063704 0.08739681309442324 0.07798056855697856 0.07607205022057295 0.0023987174049548703 0.03879500027889698 0.028852365223057425 0.08497332530676255 0.08689379074272253 0.03958231778473617 0.003534662183756375 0.05740441303318087 0.07434645214108392 0.002218809655004241
68 0.08402050048974936 0.05506439631999267 0.09513081030800122 0.04169756686259964 0.013930311560045004 0.08471387735805021 0.02023113596952276 0.08360687547558719 0.017161122412677827 0.05133067402426529 0.006193872855833193 0.020623525298616257 0.07898774665944912 0.0576599878563723 0.09281128194157666 0.09479480578605844 0.0302444926031078 0.023840701330868515 0.018220782865848318 0.029735532021778286
69 0.07772619830412895 0.04242226573968059 0.0249040723128318 0.01249112323359257 0.06687713647191121 0.07179876685641937 0.029077773744155443 0.05838200435657358 0.0630045332291263 0.07793961624164278 0.07216615768114647 0.017003056152124826 0.021801824874232937 0.051788017967000534 0.06587406336499484 0.017131350444972278 0.0800988820740115 0.06655326689366926 0.06194789925805033 0.02101199079973457
70 0.078122807796263 0.06083862123554623 0.0918949866603383 0.017784981969832067 0.06110042366796681 0.002621553846114479 0.03912785760452487 0.05029366292273675 0.06841168778541815 0.08388433963962913 0.06591495606765557 0.10123759880047019 0.007649462926329563 0.013717030968852333 0.0149686922434893 0.06269497426174271 0.08883340675689895 0.006357150610647293 0.006776339538420686 0.07776946469712365
71 0.0467476602742644 0.009211046565930065 0.03512293526564611 0.1288846221310423 0.07654652697622652 0.04866637612424509 0.11447677764133538 0.0166507737835707 0.02545710305505056 0.03927791235972816 0.11441257149512847 0.09341457402368646 0.09289739297747626 0.016804868337107592 0.010962649825250354 0.07081031594671214 0.0027525521281347985 0.001751566068956898 0.04681576268140757 0.008336012339100116
72 0.029029731048389296 0.06905221158561897 0.0027389842401843094 0.059376856735999524 0.05426910661229008 0.05057994753956014 0.06726258549216585 0.022483550750424627 0.0650453357443813 0.010861487583717798 0.08520728603603038 0.06327397357913637 0.006049916890904357 0.05561449088386137 0.06126024036826325 0.046981945393253226 0.0980347627397119 0.0822569034060981 0.026736518930227618 0.04388416443978152
73 0.003594206050286943 0.01718083927346383 0.01958108253826417 0.09691985484229192 0.037093203281723136 0.06826486475726462 0.049332125208237904 0.06990277873072677 0.056872440990030304 0.07826953736048843 0.030649679547042563 0.07766104324023228 0.00039940379111580904 0.015602660537356323 0.08008389564991525 0.005206457994913276 0.05797613878100331 0.10503650956293728 0.0710778511862471 0.059295426676458866
74 0.06040755376330953 0.02523012278307748 0.026802931060158786 0.029989597074293804 0.007359236917845742 0.0013976126711300345 0.055781302672065554 0.09905833495935547 0.06373626719875103 0.10091419698971137 0.0397799244102642 0.03225871855970784 0.04889267369973033 0.07499398674297654 0.07128247056906688 0.0637137474223116 0.0625782225095398 0.037827186530573494 0.01080194600206953 0.0871939674640608
75 0.03224660190298908 0.0003406315103739997 0.0437477667922639 0.06913189621636857 0.10271520561550058 0.004013314205311822 0.0016640306861530777 0.16677035411358465 0.09804881347262034 0.01306209255583318 0.030621099329432664 0.029973834597897604 0.01139130857494906 0.0316453108077058 0.07709706504294483 0.024050643292166808 0.05228559191613564 0.031198250147016666 0.06532616070313885 0.11467002851761315
76 0.01728746765384793 0.04187087095671486 0.06586611798599559 0.02877375286601981 0.05399779002680303 0.038825865511112806 0.053134615565009424 0.10936406885872019 0.02617912750173085 0.06849398295201545 0.045800109822779086 0.029245788510521363 0.08654848742363544 0.0857001840536988 0.060879454378288886 0.011702611891038274 0.061304431499809235 0.03691421117973731 0.043252038724355596 0.03485902263816608
77 0.0745092409576754 0.046367842610176215 0.06888106419263676 0.03166824206093975 0.0778272247164757 0.03636474590491254 0.0925505959639177 0.0037774216012728293 0.0964299385527472 0.03709159123465079 0.034292872619566206 0.04463329497969717 0.010162671688086588 0.06263237776546772 0.013712097659311112 0.03893802555198645 0.05824997169196239 0.03487783295148922 0.08359817653075845 0.05343477076626972
78 0.050991873780535546 0.003216136945443308 0.009249913331144196 0.04169974112298822 0.08509400286075557 0.0849597681715625 0.01677323017667377 0.08709603678258243 0.06648044805193334 0.06385143319660588 0.0924201780668141 0.016963986344738263 0.06501253888666711 0.011160237121734494 0.005377704780734512 0.07129197688683815 0.06509495774050279 0.0964448451643759 0.0325461572374964 0.03427483334987342
79 0.020866104113484874 0.0741327720311133 0.051957268523153265 0.018601069721581272 0.0681768110704474 0.07009117493700112 0.011440818018243763 0.06909022809461611 0.05576846191899032 0.062104191342749034 0.039661690872159344 0.06937954711112221 0.06650572343453562 0.053006603789322496 0.07406182008933494 0.03553044871573648 0.004455327417956941 0.04562044578167264 0.07133313016180604 0.03821636285497286
80 0.0746818873527761 0.06655325449611553 0.01288098938897272 0.0827951693161404 0.06520289620061032 0.09320272422502597 0.011740880395972885 0.08407351267244971 0.05746501399685539 0.02089954770551748 0.07417092500895156 0.06829395819768076 0.0664820940307047 0.0016317780840522024 0.06740301019985126 0.012963436389292763 0.03351047364775241 0.03077760982116336 0.026924707364376736 0.048346131505737695
81 0.060779814749230054 0.05933565929449936 0.0535658054769024 0.07776293001480439 0.05288753537079024 0.07832780113714465 0.056613572087869705 0.03082001815491987 0.0652794703307812 0.0595739340097648 0.024748855866438615 0.06829442457635476 0.031716334257261045 0.0064147702937111225 0.026520577395022414 0.08190054553141998 0.07216853995934445 0.07360492885949001 0.01860196328635926 0.00108251934789143
82 0.0659659332809244 0.10866192061638816 0.11018752760127606 0.0438690551907096 0.05888741880495336 0.04508516488993444 0.012548091916477867 0.004735080695195648 0.046289647722856805 0.01577785544410629 0.10771564955670997 0.09336169406349713 0.08107576437236907 0.010351121516588442 0.0350260141237248 0.03746287926169484 0.014561496292143473 0.007643357843955592 0.08696798509230794 0.013826341714185779
83 0.019918752328675973 0.06305741464131924 0.06171686857970067 0.058279002508675536 0.0253192177911018 0.04670792005294608 0.006202037609912899 0.0676065915284801 0.05386867974310593 0.04919696488073864 0.0749161921544398 0.03036788077031221 0.0760483402161265 0.05200853069694737 0.049424450896893395 0.07847210395571368 0.027301470746547582 0.05849259896066463 0.049650930184358004 0.05144405175333994
84 0.01099418174805114 0.07176890507320081 0.04466510111103075 0.012688867507820709 0.06532472281617942 0.08994162281634153 0.03026738505288812 0.07316130639113747 0.05058565875664346 0.07711303616824734 0.0391699752312655 0.050716912033156494 0.0753289640908177 0.02933962430907004 0.058441203015316676 0.02653159913042249 0.07940056861246239 0.017732504727208984 0.04090968205263707 0.055918179356101785
85 0.09924378670931021 0.025264169853676723 0.02145938897715196 0.07352068836328858 0.04379109293104642 0.023469538287204127 0.015660178395532673 0.04374014113984604 0.08926340882524701 0.0343307115827301 0.09694521724717527 0.040814631213963476 0.056279059443054356 0.028000875301863164 0.045507366791650516 0.05351461865687098 0.056847736708612776 0.030716465126099223 0.07255842599293837 0.04907249845273813
86 0.010470270641441924 0.043586451185078784 0.03302998643384611 0.08741046561059408 0.06312670955723142 0.054681251586107836 0.04468982693664859 0.012900444000464821 0.03487536339596353 0.07799855367189835 0.08155346298261505 0.0012389534039466876 0.06438935690617943 0.05564928529282429 0.07189716916624962 0.08929153415131545 0.027642857314094563 0.050548748170937505 0.010047365199567008 0.08497194439299478
87 0.07150482188688685 0.06307318341601742 0.02529686008039595 0.02625762218566776 0.017318158127321997 0.010364703368159355 0.07186103526274353 0.058042956671298475 0.09940061405439872 0.06118417794178191 0.07813323484041222 0.07840779403056755 0.06074923896863192 0.04498712686981845 0.01748328105120617 0.01788902777790592 0.1152227170212991 0.009178931988372226 0.009570330400851448 0.06407418405626308
88 0.0448763330565618 0.036058049727470835 0.07737007485016653 0.009993377117419608 0.08477981437802744 0.005469712536203419 0.002760658859063463 0.06236562154742464 0.07889881257644578 0.06043059561237899 0.03766911883352113 0.04607464201755134 0.0342881384508327 0.05910158275078701 0.025906208923724226 0.0872332679348641 0.04643579837435161 0.09769833099155587 0.08429825258301346 0.0182916088786362
89 0.06493982252403614 0.05047303128972441 0.07739025861765034 0.0003454147949315671 0.06914164435711101 0.07833335261003063 0.05162410145071442 0.06094058209585058 0.031800890913192666 0.044178537829223645 0.057840570543595815 0.06568483374524635 0.032385758296159244 0.00820172902106846 0.06412331518890707 0.06805077818588119 0.07854382490773872 0.052237082360382665 0.040580386165963656 0.0031840851025913518
90 0.06946325444772902 0.05702422999115804 0.07177334864588744 0.027135634561625422 0.02230038940129983 0.02367513211545795 0.061237264671497225 0.05309012753818438 0.07827473241262611 0.07570717333513716 0.04749788815781205 0.006331026769235382 0.017787167109194455 0.0355528063199163 0.041834301153127515 0.08885732311706203 0.0809063283550835 0.04896024306920636 0.08900017137495671 0.003591457453803017
91 0.022290678460923224 0.047802553427027196 0.00634327775358687 0.09056192978668873 0.00761268244681743 0.05167544348832147 0.060256967909437076 0.04909087206176054 0.08408144450993617 0.10184977839840814 0.08736711315565837 0.03983860923988431 0.09315022974392174 0.038330988030724954 0.005385294259978868 0.01676131797801877 0.04740543087812803 0.006545148111493071 0.09977962365228649 0.043870616706998516
92 0.10332444542133015 0.09232833529325912 0.01649205218661911 0.020096241617172352 0.017350813235996045 0.029651625985646086 0.05356156992832135 0.03959443304893512 0.07854869416900984 0.018532886813846045 0.05597913243639733 0.042591565725216184 0.08014339722903101 0.10195130290635346 0.01148297858773984 0.025125126641216765 0.02776752843701216 0.03575398248604748 0.09408703810110813 0.055636849749742354
93 0.03614839723286812 0.04162400959743714 0.05834118352144947 0.022281389035695227 0.034770551213360555 0.0756025011689937 0.10179317209502584 0.08854745959399575 0.03301209784323015 0.05885719246215394 0.09976770481767333 0.013526029826788494 0.09142637258041757 0.01683109034158142 0.034336414896694444 0.044597959450256686 0.01361687085591292 0.060520416105401216 0.0021883468210328496 0.07221084054003113
94 0.013612111198669188 0.019585446786528564 0.055859739859882455 0.04269379746244213 0.021262098642941783 0.036559531894490925 0.07492131158686743 0.09128389083240382 0.054060576004792193 0.05114395024779257 0.03925790078842121 0.06836667023382913 0.0552425537373756 0.049363403330786475 0.02144366618719847 0.061025460389680895 0.08520182888149956 0.08123118321000111 0.0407780817653172 0.037106796959079445
95 0.058968397525768275 0.08911183299564891 0.0015859966400649187 0.0034966333356369382 0.021752814322978285 0.051866971010127036 0.07575918787510659 0.04529223353780608 0.03841923203712505 0.0965752121420972 0.07038559573972815 0.06266320333923234 0.007917773869441024 0.044252876309325166 0.09888380018754529 0.0647645229386926 0.02010056916077968 0.016151017755652673 0.10811256688044046 0.023939562396803435
96 0.035701370908029315 0.03199118855138833 0.08838434008349247 0.011815185017217853 0.016056347779497153 0.09456128908355754 0.011203552931667667 0.06119236683152894 0.10041093755863073 0.0811452161667905 0.058088938552143116 0.005255905382844179 0.06601524389173007 0.03390803558778655 0.02625419345005938 0.050706697299121695 0.0252605713081971 0.08334333513509293 0.04087194735107908 0.07783333713014555
