0 0.014390462073182786 0.027388439046346646 0.043632341667242405 0.015267605304270467 0.02467253432083871 0.017783351550175512 0.042193312804808585 0.09345315347352262 0.08385872023822333 0.1140996643438079 0.005633267705032242 0.07965860000182265 0.06707631820464224 0.02572832945867743 0.10100160433585624 0.014924029526149395 0.10744971076649935 0.024100601538408567 0.08793785545505096 0.009750098185441983
1 0.009912304103448502 0.037292397213827676 0.09371097031145213 0.09970580438289124 0.0778631785138947 0.055971309726947006 0.04287075293225042 0.0457774127272452 0.05855624210590826 0.05364495833864038 0.0365680320880822 0.03452098943122843 0.019797707475588924 0.0030314752549067364 0.06205800593750351 0.002811641754597081 0.0920550429881047 0.0024407306885510984 0.08141264604734423 0.08999839797758738
2 0.04857628527214823 0.013174390552687697 0.07359564532017442 0.037730341649386934 0.07066832018276341 0.08629576318312768 0.027851459797609477 0.03984515720620696 0.06118285482275587 0.05602218052623943 0.0459929716018037 0.029619351876171332 0.06542215516368119 0.0137738078773351 0.0631089017279615 0.07390224818279004 0.04840277294952013 0.03656014233245176 0.09911454372123568 0.00916070605394951
3 0.07560827001256563 0.06782158692780091 0.07428717443494764 0.05197456276415169 0.028454460195630984 0.08797719618929856 0.040103491646252716 0.06603312385830781 0.08681906734750378 0.036837465275440386 0.062340368959066195 0.02233954352794373 0.07723691088868191 0.027534346128580765 0.05296424029891305 0.028506254378173803 0.01789072764086936 0.04308764978884525 0.046675582831428766 0.0055079769055973084
4 0.06646215015187393 0.07789850859494411 0.04077516214677792 0.0391534777082809 0.06698045436388936 0.03647823143332973 0.03553044390546682 0.05289151125977038 0.07772306572119125 0.03852785999857201 0.06521904362609013 0.02710490871074306 0.03138531930979947 0.06227312759241174 0.03749894971747064 0.02175525471445809 0.08157240864574548 0.008332148850935146 0.08956211836954549 0.0428758551787044
5 0.03945084911741595 0.0589043165470962 0.07986054828176406 0.04134087798521142 0.011640253764357946 0.06822204852606978 0.05927810390589758 0.07341720300979555 0.07088311778780715 0.04836542467139057 0.017055531124181896 0.07908500045267454 0.02817972430958831 0.03942450171588127 0.0608167132727014 0.07749235360413916 0.07341036252904487 0.027668321132775252 0.045185688367856094 0.000319059894350942
6 0.030334728639339174 0.10119121209047047 0.0989035228186345 0.10611312332767696 0.07077734168161559 0.08606865351301798 0.015080676841653238 0.0206436907188379 0.020113207166977277 0.00608193835655588 0.028738300567164674 0.0007737213133056761 0.04648813904592349 0.04760170621834743 0.08725528289860908 0.04246621518939177 0.0013052766498126357 0.057953841972158984 0.09209838071511892 0.04001104027538844
7 0.022495359480673667 0.0011213402194693977 0.04085320246815359 0.0759730434741248 0.08417701880243089 0.03531913089782142 0.07606830878319076 0.06001346230609206 0.054798112568575544 0.07670630763044764 0.00944649155309586 0.07993605307629485 0.037210754321008434 0.08811863767924967 0.08294908825716772 0.04717958533341442 0.019553243968509326 0.06192712345814877 0.0018175422622423365 0.044336193459888804
8 0.07258807274082864 0.07594028416924 0.062204907629073165 0.06471551231493548 0.058034957894202516 0.07406204978332354 0.04905074489984959 0.07203573814916737 0.03666046509074568 0.05288896269651836 0.006007338881213885 0.036387111287539756 0.061248963070577964 0.007048585943323514 0.06086001736245331 0.05967618372060752 0.05746315143709576 0.01033661015882373 0.027257740608983807 0.055532602161496566
9 0.05884419950334416 0.009171576968209996 0.07423539963761107 0.04280493323947953 0.008723100436026131 0.07553120156213601 0.01208941290975374 0.0337406528038017 0.0404093618035007 0.08780932108939177 0.09564790945194786 0.04729111402398605 0.06277364661954635 0.010985941100645649 0.070127783419085 0.03765924506796681 0.04403490237731122 0.08582950698716275 0.008584777299372496 0.09370601369972087
10 0.019229711939892292 0.009683876456572009 0.06869749979142149 0.06687272346857932 0.057049788128096135 0.06416108300632588 0.06726767683511281 0.08196346640013182 0.00861601216064147 0.047009649386530725 0.05296545218320685 0.07229923610189773 0.025613731827527995 0.07823106913093104 0.005923432023114581 0.028103404859675694 0.06539002731693105 0.07854849908909947 0.08324573452648666 0.01912792536782518
11 0.022770537362718335 0.026907818961372086 0.0003481019291103719 0.10656915713306915 0.060235546581344175 0.04007030172084278 0.006591771670016639 0.024646991292509888 0.009709485441479556 0.09539998694020196 0.15362751941430788 0.047243301781137906 0.009420449911099828 0.10169443296268711 0.0544534395395947 0.065503698225766 0.011228452887227918 0.0006010176540937492 0.04617739347153633 0.11680059511988346
12 0.027808990568667605 0.08351451619562822 0.07993072857352479 0.07180059303038978 0.0827792594253433 0.0728172341590099 0.05910227433527708 0.004717320335848957 0.04690166155766387 0.053598071661010355 0.025197479695709738 0.0019850874122714158 0.032326913381477126 0.06397974808632553 0.06858825434327011 0.013188379217106364 0.041531942695039036 0.023265696728316954 0.08683131442106631 0.06013453417705361
13 0.03747111360637063 0.09274578035162517 0.0028629658936519 0.03278540524746567 0.04241450229819281 0.07046059883243679 0.061799614487529145 0.09734494106245241 0.03598307600660785 0.05132488386585341 0.028607295633458187 0.08083502959455519 0.018078503906710865 0.02532140118753196 0.071724093803567 0.0614246330887117 0.06081934940360798 0.03119987928796789 0.08919922305519276 0.007597709386510614
14 0.029373979166340075 0.017956438724969645 0.08776193963098645 0.09510191106056297 0.024601250888965327 0.07582326214311941 0.07975325718430672 0.04584871285184719 0.019107089883617416 0.01936389382541942 0.027171322839832233 0.030321635094692368 0.06531024572187771 0.03376517261636847 0.05658604419505405 0.07440021268886549 0.04734455323197893 0.07367271417936391 0.009645250937178565 0.08709111313465374
15 0.0030513254972213996 0.09225467830520456 0.1068241456076966 0.03328588849803235 0.0483926815582533 0.0027652542424938527 0.07531783284298021 0.0661630289546394 0.023751645500349444 0.0877474216981769 0.014889277461545393 0.00029661869202886467 0.024890244698889036 0.04027205725445896 0.05485259365621885 0.017313527554943517 0.0937116739451428 0.07830572124790124 0.0580575142451083 0.07785686853871517
16 0.09329722705153931 0.05988131458195309 0.009903106730846692 0.08919272403682481 0.006597055669240025 0.020208721821982963 0.012957575335466143 0.09542454338509822 0.047970852423312574 0.06011891804391985 0.07411860577144787 0.016534947675022487 0.07488252388481405 0.07843350228478664 0.01851888757747167 0.008945109385073341 0.029916466169129 0.05716918265355718 0.04475185235972388 0.10117688315879032
17 0.014839042757120311 0.026586903707804584 0.0856981219338123 0.080931491772269 0.051672800434983034 0.008311508882901018 0.06854043789854852 0.07537248608378233 0.08093179266767646 0.044310133212278446 0.039398821023561625 0.037953330534085145 0.03194674241713926 0.09296662387354447 0.06682312478254608 0.04078212023932506 0.01775937615495128 0.04060908128042414 0.06854491562329605 0.026021144719950772
18 0.055760616433439256 0.09007562376716155 0.05149854524419044 0.007638175570890976 0.04893514327862037 0.012871918842849342 0.038835137626983304 0.045224843319221414 0.0169772204408348 0.10529746363482131 0.047897894486600145 0.06735492019082465 0.06138149481694427 0.11193489173014784 0.04222162361373603 0.009319700708306953 0.06989056623494146 0.007792808828122453 0.0027234563809576755 0.1063679548504057
19 0.02002185296055773 0.013641580316030785 0.035218654559408216 0.03715052802308431 0.041349176104222576 0.006709819924507398 0.10230237255729123 0.10622805645406654 0.013699840584743753 0.08071004504808056 0.06499352674940508 0.032042596113133454 0.04063473453782061 0.03282762152165757 0.018244161882101276 0.06318801171411469 0.07957776740381114 0.021538754199574576 0.11286075223375143 0.07706014711263709
20 0.08621475235949945 0.08887505835876035 0.0285358287351851 0.033100134010180145 0.06426326522277329 0.05581151006971482 0.09737095583257903 0.06733376465712973 0.028826247235301698 0.030430253981433637 0.1030888830942184 0.05735603740045232 0.004567345990391809 0.013870874191562774 0.07733162866107623 0.04463505780890368 0.0119365524014853 0.051028297806168445 0.016743660523326532 0.03867989165985729
21 0.03193120169042175 0.0067375570771937 0.05824560083489701 0.08703477629835042 0.051933415303380075 0.052385952606676466 0.01546543294560505 0.06154087771774088 0.010250014563768575 0.045301367443818456 0.01950895495820551 0.07605763531166491 0.013814771666702823 0.10506125213220222 0.003186971260889935 0.04729722094731287 0.0957267179246822 0.011312591823711263 0.11593963130355234 0.09126805618922354
22 0.025176876929765214 0.08488436749700419 0.07204704690689827 0.03241286328641119 0.03391727578835727 0.02376570070330044 0.0018646487821838466 0.048957065477206345 0.051303347014288424 0.03588897794871129 0.04583033293902653 0.07903881229639136 0.035630397556995014 0.011697660442623966 0.07855306745954156 0.04922486691763006 0.06234610164539621 0.085100980714114 0.08574280058526017 0.05661680910889466
23 0.042656321884025905 0.02025635613053225 0.03621550889991096 0.032765632799301524 0.06215557426454362 0.001890886925899237 0.07401185999692426 0.07336972622754966 0.07636388620239387 0.05858938013957359 0.08381154669615197 0.05686016916309232 0.0645837344004544 0.08187687072468794 0.016403745701934275 0.07954883908178442 0.0019397176976953714 0.039420204298982256 0.04433844354473339 0.05294159521982873
24 0.11631571879484928 0.04359624788820268 0.0629916641325053 0.06343985682146243 0.07606409053447867 0.0008769925673857748 0.1206353426594936 0.009583025902934975 0.02698784023942121 0.046701380859934874 0.035928193040796474 0.0610404809318961 0.0034237088522319826 0.008921737977527697 0.05367543376066244 0.08558722182406135 0.029039520791373574 0.07899120258417511 0.02457220526686516 0.05162813456974112
25 0.05230497257428431 0.03087475188919803 0.025643558685274823 0.028474062589488112 0.04061634106064782 0.0287461061346612 0.058394754736862155 0.05235439018254309 0.03746972240140012 0.04941733360136277 0.04907864733259482 0.07685824975073398 0.07420419046054262 0.06952277370893976 0.06935052017496249 0.04327749352651172 0.03178837390583585 0.037884705981950394 0.07639412500021377 0.06734492630199218
26 0.017488274897521933 0.07667073169420534 0.08721974238640877 0.08105565010541264 0.08045606902088304 0.08439157370311415 0.012013435036338697 0.002780217173269826 0.05244473211399282 0.06419049203411861 0.03372544466596172 0.008564458341955777 0.05322044999727855 0.05599484393011973 0.05876765959183638 0.05556296255175381 0.06020658750769607 0.03544119669710177 0.06712359276347135 0.01268188578755892
27 0.01609602711602819 0.08980239919824978 0.083771953628143 0.014344149620871549 0.05122830814289111 0.09450534007184332 0.03417470802931325 0.022605961934082135 0.041968727063921706 0.04373556738520242 0.01973202001322436 0.032056942827774 0.09452651508198177 0.015786398852770583 0.038950183649276576 0.09512203832627797 0.048082156110967195 0.07203994631502747 0.04392578579411834 0.047544870838035234
28 0.04466946978906936 0.01288372150060195 0.001897952921943826 0.010091210384859127 0.08625040707097852 0.039501659958613426 0.07352077946492619 0.029188173736914545 0.036026822658864824 0.014072450181838276 0.013937222641789516 0.0035642998334175623 0.08015601534406365 0.08456624055007518 0.039486159180967366 0.09208600143589799 0.09423658586330343 0.07792022896178545 0.07658622290592669 0.08935837561416311
29 0.04918057943354136 0.03341711726576798 0.06156155163984164 0.04526590521564317 0.025105067242654107 0.05108093746476119 0.046539305132469656 0.10078444206537215 0.001507582954799329 0.08435982170631415 0.0018384699092889257 0.10982071228639657 0.0988907723928006 0.023642692471712298 0.08758883753816257 0.010722205330589738 0.004575531238085311 0.032289109793108096 0.04039191338448269 0.09143744553420878
30 0.06798649332946255 0.0033422321057492784 0.03793053498665817 0.054436193453876985 0.06450423155967652 0.03186533548733989 0.07293882569020455 0.025056651339782493 0.05299272097889727 0.03986249063766879 0.030353825575322024 0.07194258119931249 0.05865231280157511 0.034065997510547445 0.06748351191724918 0.057615227986126824 0.07208555869685732 0.045790618236565814 0.07069388977803559 0.04040076672909182
31 0.0744660927163237 0.013070970334655941 0.0631911197218494 0.12873160169272743 0.06793521677514565 0.01924964749877131 0.06558973553289275 0.029033516120177856 0.006107462808835848 0.0516569755597085 0.10996437949902417 0.024037000233280974 0.020021945929132895 0.03771522035928539 0.042447842447843324 0.02867623230505283 0.03748244006044883 0.04267556183340332 0.11661219328367976 0.02133484528776016
32 0.0554187130357591 0.051215130313850936 0.00923466980267352 0.09741942718266614 0.05526838722036471 0.028443672633678717 0.031263158500599283 0.07263384261389848 0.015353685424302689 0.006392949457304397 0.0038721018643859996 0.09280320794427023 0.09911229681643098 0.1049405082179586 0.10121501212295937 0.05550104759893849 0.08653635516416443 0.009584728820588974 0.018454865289571777 0.005336239975633276
33 0.10175094528587031 0.014172038313738877 0.011907877916397384 0.06600081757513701 0.06883825613428539 0.0848128705225112 0.001062659330949886 0.044780385824257564 0.017733487516138506 0.05137246198418978 0.09506935609842299 0.015451596094070371 0.0347916504866494 0.05502983225024575 0.061723501237235585 0.07985783807144638 0.03781546491368581 0.04588471331033043 0.032265593423454364 0.0796786537109832
34 0.02878329079339998 0.09448110940767795 0.12384027628595552 0.07464896526389596 0.02418116470281218 0.01866506678139713 0.04548114844464426 0.048995329286846995 0.007331929896161528 0.09168235509228799 0.03316296033176725 0.0764498244615763 0.049443796568164125 0.032299435515306264 0.046012267320432045 0.06639533870282249 0.07712869182096065 0.02482999559231285 0.02373091083591839 0.012456142895660062
35 0.0390182733186755 0.06778427158058759 0.03389130393824829 0.01416054119102708 0.06885610367875779 0.053773664921139344 0.04281081222183531 0.06928568045920429 0.07495093978230385 0.07300690142005001 0.020049410014613408 0.06573174647096161 0.05535637499039679 0.07459484394318354 0.006992606174896325 0.03735910376519599 0.05251951993559862 0.0507892638266224 0.04571452520386929 0.05335411316283286
36 0.024550407257701745 0.05922803544565545 0.013673420841421565 0.07002031702877642 0.03732502214550083 0.07581719663717287 0.08274483524263035 0.06726168578754817 0.007898782516270794 0.057469220496900134 0.06003886542740489 0.028039096920254556 0.07306941801962305 0.030978125203313618 0.000136982081668231 0.06425188076322202 0.05327222679725875 0.08201932650654395 0.0832135749058305 0.02899157997530209
37 0.0328880259098513 0.00041112381974966203 0.07789532608546404 0.060645917906879857 0.04060924388543622 0.0207752716813692 0.05945266079282444 0.06102587762163011 0.014577101969700116 0.07005974525320893 0.054118374569512934 0.08096955790028919 0.05643489034058514 0.08161115123085054 0.022273216434353735 0.03350417091606865 0.011565701133563693 0.09810964013572411 0.08352749500843777 0.039545507404500344
38 0.038097362725150526 0.023690770796338325 0.09080099453314568 0.06885270497889327 0.02636175904688856 0.032974733272293465 0.08714901621770245 0.028502568847630385 0.015208452348447319 0.09273260337092754 0.0609757691075679 0.011716440531673561 0.08854975654319851 0.08826224855015297 0.042357880228890456 0.015393427992871165 0.036840836091976505 0.03680771465550586 0.04060694439117475 0.07411801576957094
39 0.04560295527482577 0.06371717153268065 0.016120724722826215 0.0005318585885231052 0.08644187484305318 0.038982697001820554 0.07258268822460197 0.035338935614333725 0.04867628872357135 0.0531212443590839 0.0845519211341801 0.008057343420284361 0.00360453169588297 0.006809982954505134 0.08747115910242317 0.07317917264053525 0.07262574812894412 0.03438379316530822 0.08077609780312943 0.08742381106948677
40 0.022140071933046495 0.07841163490654508 0.0615524806076488 0.05664364064532453 0.013645106567734926 0.003697187366982808 0.028936654840023335 0.010801185764285105 0.005995506080520334 0.08232054699377682 0.010085824991477376 0.1202075021923154 0.06203758699077679 0.07370160882108914 0.10822657467673726 0.02201353081339398 0.07088175801633198 0.039962012726685245 0.0787858128658842 0.04995377219942039
41 0.06912032333587428 0.053463815560886634 0.02694141768762512 0.07633640152129935 0.03319431811977371 0.09087613825876571 0.046791420366210805 0.009996803661481694 0.023363832397214488 0.028075225444145917 0.008138670107287313 0.054773918212005404 0.04297501955436521 0.07721127414365118 0.04591992105158045 0.07830174160658133 0.014844704236999778 0.07022074230553806 0.07680668089489623 0.07264763153381726
42 0.05447245236393016 0.08223553453343066 0.027964842485570806 0.04390036019281508 0.023535732513244343 0.04049974567284352 0.07540473055713251 0.03978470299120581 0.07495511059895024 0.052606211010304695 0.08134136180730278 0.02165979948685291 0.06950083338606228 0.04039162945240198 0.019754076250726237 0.018675379722889542 0.05389082577715306 0.06599454904576327 0.06722917233353948 0.04620294981788059
43 0.035276847169166806 0.06954675107326734 0.04105743721866715 0.055187644838619834 0.08341223872430516 0.09938707590838286 0.05055341556059277 0.026712608033934753 0.0018617713326776945 0.08134934697356462 0.05467444963713277 0.012962392872554913 0.05401759220234899 0.01418894542798644 0.005709116277428796 0.004208082531184954 0.1040082230347723 0.10664022873194103 0.08664032146850346 0.012605510982967362
44 0.01698576159610921 0.08859709097990084 0.050160325258328205 0.0037490308943061556 0.035853363354217356 0.05596310441519277 0.06930579387565408 0.05606980857530921 0.038071543074841924 0.09843343952300437 0.02823905995329372 0.09150899595017689 0.029316054407607147 0.016218352604411092 0.004388332898630425 0.0584517932521763 0.07194472562844155 0.08510250460939202 0.08452564143614023 0.017115277712866445
45 0.030284208101430222 0.09693888397528774 0.08576716521161172 0.0398616101048934 0.008463035309116565 0.026885275323992004 0.05730279593241227 0.061311206647717664 0.009637918768369327 0.10077585891274744 0.07832304842723312 0.03205587310842316 0.035510643188325766 0.04930003994482042 0.05226485832430505 0.047293293952543176 0.07881094256655946 0.03849378429863936 0.06007371268766488 0.010645845213907074
46 0.061643122833553395 0.0629512875271504 0.0012590132323666511 0.0652429893611059 0.02911701214646688 0.032245235796109065 0.07878538200235347 0.027779826586621943 0.0528596294942387 0.07099887872369737 0.021093061391010557 0.08708853559495387 0.004690773274629517 0.01836308054991268 0.05251655744372831 0.07283763617267913 0.07837087675953712 0.04181078015496203 0.08329833463998292 0.05704798631493993
47 0.02359203525402412 0.03241181647803015 0.10127807911926312 0.015392270831327758 0.07323924524244221 0.09488876232467706 0.07417610712847278 0.017259849529339642 0.04996481244994423 0.015650669806549142 0.1167601572754608 0.008882660187787213 0.10788122938996514 0.04779857341704454 0.02460212988202617 0.008294188907766455 0.01729377890295649 0.06219811922615303 0.06790309913955886 0.040532415507211005
48 0.017337462865439916 0.0059743795541112935 0.08294444136827892 0.035574426956275704 0.02137113346882857 0.07808227855631344 0.10017329696013827 0.022528172003228087 0.0447037607811091 0.053833700098683525 0.011021307206621107 0.03043108994566716 0.0898087331846638 0.003041800845064917 0.05697939978028861 0.042778798380548544 0.08486991072990302 0.09457199054159639 0.05302240832043931 0.07095150845280036
49 0.0380138939090536 0.08189228124128123 0.05407904206881396 0.011446786190976298 0.055990690100984966 0.03854952362836373 0.025102926007168357 0.0054921921724365025 0.07565121194576639 0.080896133790157 0.0799545360050779 0.06054312921988872 0.08398139923298087 0.08390363958809506 0.009584904622222546 0.07352330759867463 0.06417260276219293 0.011330463054571648 0.022832296845159392 0.043059040016134184
50 0.01566097759867001 0.07498927087085541 0.08525576022839497 0.021374538974178008 0.051314268020444226 0.08538128769548327 0.08861290836033955 0.006644715557021635 0.07279397236770031 0.009493722545179247 0.03240709552992986 0.09673051519859603 0.041333687511816236 0.07641767529027182 0.05817783176474597 0.0625060495283303 0.08898495583755155 0.0034309459606680233 0.014120683764543345 0.014369137395280314
51 0.004762287726723544 0.06434238722479695 0.04916093075347063 0.04619692773836979 0.02337224629908615 0.022307848795878826 0.10081448245589954 0.1167829259788163 0.040340421772872975 0.05218989585129105 0.04111439508712055 0.08465272082660995 0.05620924304395271 0.048300663652961796 0.027846685804084764 0.026540213951452736 0.09983568005380712 0.02161534827011992 0.07119073655729348 0.002423958155391157
52 0.047400043930305655 0.017472396735021795 0.029865033962364212 0.0028892877479570994 0.02191968093859085 0.012739415624155872 0.0475931631536006 0.11807991298480296 0.10367314730193827 0.08497579788618888 0.010477013361740499 0.06437603819221499 0.0769464463398642 0.050252676157017874 0.024824004099529118 0.06027919738058048 0.01265937512068753 0.054483017767760954 0.08872183913901477 0.07037251217666342
53 0.04351697229209136 0.04311057023120248 0.009752382546930645 0.01984951858358764 0.09019888573258342 0.05489399617767304 0.022737259831195733 0.06898252607696768 0.08384811014548751 0.025544670641951688 0.029820235406563235 0.09451253210261701 0.06747969939428757 0.0062532842058580914 0.01047589817184346 0.057298290432219706 0.04176339442318976 0.0591752810862543 0.08532301000285678 0.08546348251463881
54 0.06226030208910017 0.04938139625333884 0.07342975307827977 0.015579297089813184 0.06726377772509823 0.015247065668038058 0.052006220036134254 0.0737084287716057 0.013519208738202547 0.07165991089151148 0.062190126828754355 0.07300523249182854 0.02715803532120005 0.022394165838692234 0.05634812874619587 0.06930155506027044 0.018014462603658903 0.03019872662955614 0.07253817779393279 0.07479602834478846
55 0.02832941676214285 0.06028218154567892 0.04329504729767969 0.09180874427486437 0.0183402438237973 0.03726407725651443 0.04533344718210704 0.07161669911257129 0.049502783108560135 0.04961323116844507 0.09112177639129827 0.023958815736264835 0.005263620842523708 0.08980345739212425 0.05069505797607935 0.0980150197835 0.060641451048620065 0.06883447772256018 0.0065173046623881285 0.009763146912280208
56 0.05651652652097026 0.07294098691360165 0.0034209643065984895 0.08554458708336536 0.053321704233994516 0.016836205861265663 0.03673124761754105 0.09933170130675452 0.03780225208907066 0.011278759621636061 0.031463564180827394 0.027117219461079783 0.031171749231568735 0.08365497734712166 0.08908296861013192 0.09856121197895029 0.02647643852093844 0.09031709374478171 0.005943180814512879 0.04248666055528899
57 0.011799113340013493 0.0509104875307403 0.06334033534782825 0.025971257387585503 0.04533232791821651 0.05930707943939635 0.012829337886916313 0.004536301777694228 0.005902367539457137 0.0859639081552861 0.08526112967763932 0.0338484030543619 0.0964071234418378 0.05367944100825164 0.01993402793495257 0.08046608472029076 0.11439732773375037 0.011410569688874477 0.018482604020718836 0.12022077239618795
58 0.07367299795042963 0.008824278172841411 0.029964949297808983 0.07902534514866612 0.09685966114745424 0.0737163531197823 0.023573388295204212 0.0261710024347714 0.04043098063507243 0.017682196233580243 0.056859326889018444 0.097016146511154 0.06437887100041982 0.03739770349119963 0.07168257364016728 0.023479913381774138 0.03048170949978355 0.06170362849315232 0.0166641504232067 0.0704148242345133
59 0.03926749754963412 0.09246550087286168 0.059638668064071046 0.05895965730413722 0.058884037493250566 0.010112690815253882 0.002582363344981257 0.06076753221662044 0.04499040754251045 0.09105482038523831 0.02747208029023123 0.09882311548285014 0.011188872268112786 0.0589514501232884 0.060195536468955174 0.05968244721508673 0.06835398746308174 0.011872337453539506 0.06478834956577123 0.01994864808052394
60 0.02061178067680242 0.09971781654184746 0.026300440577381238 0.035369056011112204 0.11248814405655283 0.02096713445076269 0.0334265868492312 0.05900910989655225 0.048526098503698635 0.00229240495963133 0.0797811433533431 0.0007150179772359366 0.05228733337066086 0.01917432504816481 0.0980973634808198 0.02098200659984977 0.10304804523795179 0.1046429002912457 0.032611451297061826 0.029951840820094285
61 0.06765215377434808 0.051131375291007836 0.06062002222605467 0.0630041483356931 0.026774576210972963 0.0058495701963401725 0.015507959756637395 0.06484431257956598 0.05264762239460669 0.0692836558183925 0.03765688856207883 0.05779848426980491 0.08130283892440314 0.056004034704522095 0.05724951845263215 0.05357940784133731 0.032702947059821505 0.04716270070241999 0.07519182903444047 0.02403595386492029
62 0.04898931616675148 0.08913847102846037 0.0800281615375383 0.027009353621817413 0.04108336227048884 0.07797677793395738 0.03439963935064909 0.02965792292863843 0.039807345755698595 0.0673618790959416 0.0992698403549065 0.06245418928147582 0.10021233473030758 0.006915385858183909 0.00701057857367362 0.04468595119248855 0.05681545030868261 0.008977346077945245 0.014958701982001443 0.063247991950393
63 0.06463404178004832 0.05948318798376536 0.08365331994734233 0.0035421848361860474 0.06260466171066735 0.07955410483600987 0.048772389446700495 0.09538537211780196 0.014846998620371447 0.05326939292617563 0.052623990890888886 0.04596378787034445 0.05249697915928429 0.0528169369803784 0.06823431790713785 0.013348919794535256 0.028668800282080655 0.000774728802392589 0.07145771629167787 0.04786816781621086
64 0.041628044360159586 0.04941892097854274 0.037395364771777864 0.07083507081075958 0.07482191404699615 0.09224383815061622 0.021272643891824518 0.1007279031823818 0.016558814856696774 0.059999813811737704 0.004136257830460134 0.05510738361263104 0.04557310559566244 0.04916826251480502 0.09246758506364049 0.032231233774137065 0.07911541509012812 0.011965124768771887 0.0028206054908259536 0.06251269739744492
65 0.06705011704191745 0.07652840251131056 0.08061601345833252 0.046805554974857215 0.04530165243414724 0.003400777529162461 0.062298878183050105 0.0354356560340325 0.019209880085390256 0.06328375470413555 0.0649791079142581 0.03591270291834164 0.06369480348602016 0.050089929272858 0.0820927803766557 0.08396351322275285 0.036666122067978646 0.03525020259426059 0.04532011657032449 0.0021000346202142374
66 0.04883806389519575 0.03281335704468676 0.07006493302986087 0.02590901224282026 0.094052144604338 0.06101827754343294 0.09478955040297435 0.02741151157950218 0.09044086760382519 0.0680847635988719 0.01057478876436939 0.0861733278739961 0.0887959623375249 0.03091727745590932 0.03860314146174836 0.001146219544671641 0.06351754587226167 0.0065004957747781394 0.038789485461941865 0.02155927390729024
67 0.06038689233327917 0.022250831151484865 0.07528269001180403 0.058272645189152976 0.045242864356462346 0.029095904191309075 0.052004904135847144 0.05385982199768643 0.05758217955912359 0.028875070831521087 0.04978290912869438 0.01766547345459195 0.08440923775299496 0.05220509361710554 0.043931915993056896 0.07734183889170375 0.014370657757535188 0.05333429499392331 0.04625086981282693 0.07785390483989629
68 0.04504486937695477 0.03749685299914428 0.07293496325846617 0.07353762890321798 0.011395334316944445 0.07598803941749237 0.07457127571540813 0.09013045409665135 0.004996744288028264 0.07874580366638768 0.01608503243332547 0.07350233118535156 0.059160263327172544 0.04838700832110205 0.022967717961973888 0.012417343669173879 0.03016390091382417 0.0710497776015647 0.05662622792176245 0.044798430626053785
69 0.05695033110755252 0.08682250786046126 0.03291787128338477 0.0015261309233853713 0.09115130417850074 0.09559713787208284 0.06557452440319782 0.06968926361061965 0.008824554736612356 0.041655799227206074 0.06235952968875197 0.0038000428568621116 0.033529801045789585 0.004837459168164985 0.03600768516169038 0.052538276002490676 0.08671975330020404 0.06723573720325154 0.06873046294931576 0.033531827420475606
70 0.02193774443050749 0.023443702251663756 0.04752390440474763 0.04232922454515423 0.01497412695937954 0.050252545170207455 0.025205416298223128 0.03947445108205683 0.06415138773869578 0.08357753920070472 0.0007127069792221034 0.062472237707392915 0.11021626047438259 0.017239959201042366 0.10719319209139051 0.04477593199159445 0.10093545721082857 0.0232682794010562 0.07234541327241491 0.04797051958933492
71 0.0709799499212323 0.04046807037184601 0.04070078261317778 0.04823773163293276 0.06312038409529391 0.054245346352636094 0.029253432858924396 0.005592339700433084 0.0491664889705481 0.0613078789416178 0.07505376690754208 0.05669860761080491 0.06609379432268338 0.005943490680169653 0.05191335759666791 0.03965113604364902 0.06858750191632991 0.05967013730934749 0.06385266274235274 0.049463139411810665
72 0.07072342468066811 0.03973262243683244 0.09818198830328236 0.04752605842171004 0.028151777417109284 0.053019881133466396 0.0039596147301777795 0.007605685019453144 0.006057895396103594 0.09494282165690504 0.022353161457860374 0.04276326718495011 0.06547946343499117 0.07572642481487296 0.03542769757262475 0.009460447451013123 0.09850301569652796 0.1017617082441694 0.08906119228833222 0.009561852658949996
73 0.049204887625987924 0.05113074760945504 0.062205466956957584 0.07394644884495136 0.009716285569121224 0.02202640698879839 0.07511836865786616 0.07665209094776698 0.0669337779872838 0.029261377396075594 0.03499321216031016 0.05304003269139105 0.045165056125679504 0.05320994415768962 0.0688955264007302 0.0431467539097047 0.0035529557392795542 0.06699973486000613 0.04083667586699187 0.0739642495039534
74 0.10999841997412332 0.06694465479525995 0.05162543290016151 0.01565240473420508 0.037550122364517165 0.005213607560897367 0.07047313790597526 0.09025857391291311 0.03341206391475318 0.000583812784591188 0.011743176996507279 0.03846685984872886 0.08855015665280891 0.06148393370039493 0.026739507797805692 0.04281661457292414 0.10283023814262116 0.06635965467973971 0.07227798192083605 0.007019644840236012
75 0.04032179525536138 0.04643015816655067 0.0008056358643384526 0.0839084114146554 0.00048701436208647075 0.08590203529731907 0.03182372394135778 0.08033227628433333 0.03802934318032079 0.024965935614033128 0.056819634851734004 0.04785347572984398 0.0681497928656329 0.08952228202845276 0.06191287150328767 0.03633556459321528 0.025216860739549346 0.08223278541993453 0.039509859761096736 0.059440543126896214
76 0.10117404364885622 0.01214440441328152 0.04919633705033483 0.07091963589453992 0.09935169098387557 0.03333398554348872 0.013899247532852592 0.01044973780903445 0.035941751382031144 0.09195064471364076 0.07037833872754466 0.0630364291769401 0.012090068946375586 0.05165042133326527 0.006031683304164816 0.11511183770951372 0.10700492542076656 0.012777415153444804 0.04068959018041764 0.0028678110756309534
77 0.076786024926891 0.048724058795059304 0.10090110977590683 0.008181540775575242 0.021413742978560208 0.09006109752658806 0.0025362477898338283 0.10040074778541372 0.010048277838342405 0.08793381574526872 0.055505703620485666 0.06097725163956116 0.043985240770723535 0.0412406930299535 0.012823460764566032 0.053179122392170125 0.03393510697081955 0.019650630162844043 0.05325202657034627 0.07846410014109068
78 0.08210561692874134 0.05953102563836804 0.0764428113878411 0.013386148866846453 0.06634005671585064 0.07100779428566796 0.007546536642247153 0.015169998480413355 0.027468965239555165 0.05317298801670094 0.05871609092984113 0.05131907110748 0.01676642974729317 0.06069313013050163 0.04226188509742597 0.07300318662995972 0.07271876358493544 0.018113453324240296 0.0695269004353764 0.06470914681071414
79 0.04005111142358673 0.007545575879761648 0.034902105130656426 0.02356489342503906 0.0010901762557877722 0.08104919668841634 0.05046846578088267 0.09470978714590403 0.10227710766413478 0.01145567261149476 0.08687414369888015 0.06244669445815181 0.06064589593229814 0.021700330497672858 0.04484350095000351 0.0668708096146826 0.018725954784125982 0.035452140593449 0.07372177747625325 0.08160465998881838
80 0.013720649892104397 0.0787391223823219 0.04839112913623997 0.007927434775535867 0.08350320583856108 0.059222514082102815 0.015145408917416663 0.015690262929532423 0.01716208023579048 0.09823718913151623 0.04868770039509788 0.07637259522674436 0.020350496739676295 0.06464128314903199 0.06286100034395743 0.03501760538408881 0.006546493989578834 0.08788638146287141 0.06086897954988738 0.09902846643794379
81 0.038211674418596644 0.044250926447255826 0.06251192384211474 0.0019498526774059594 0.04999581609790337 0.044448834355968796 0.004955524426018084 0.09095479700446137 0.08951370273251569 0.08818261422916134 0.012530380219452394 0.044903562188174186 0.06158699851871192 0.0459632343078626 0.019197467333975017 0.04732257480486427 0.058436533896005415 0.034370500351790706 0.07913614410556051 0.08157693804220126
82 0.08862742443577735 0.008372879360774927 0.0038108236854574734 0.06212835515047024 0.057907573138955844 0.047261708528331205 0.04452672350171361 0.0026163903232238705 0.04591561853148521 0.09116210776680447 0.048949844787840334 0.08596955663175972 0.018201595990922036 0.06466191409918871 0.04677635074742597 0.06965091785756143 0.026535440444362797 0.07528221106509987 0.03333187683039249 0.07831068712245266
83 0.03677593346237626 0.08915919803042452 0.02471570209137809 0.04583055995156473 0.020170988168877396 0.0723584551721251 0.043743054834199366 0.07566874380828258 0.028584700609622316 0.009148384927023424 0.0010334753028958918 0.07722971824737271 0.04431697322529395 0.009224749712825098 0.08326434960038147 0.028566992494117247 0.11007370422579633 0.07574150924393493 0.07907940397494821 0.04531340291656052
84 0.08245516016423722 0.049655685222315206 0.010879114556770847 0.061587571065178766 0.04231461368384075 0.0515572204292588 0.028964584109813053 0.06081522492496006 0.025952955877402126 0.0766352565103937 0.062454272773763905 0.07758257190571512 0.013426462430913378 0.04349854994613211 0.060621541179901324 0.07128547616609512 0.056519827565828795 0.04000442609453702 0.0807924047129489 0.0029970806799938508
85 0.005211946831958725 0.03596216340960952 0.0724710862111085 0.08658568461227868 0.07642397827399237 0.11344550756709615 0.031634955218353265 0.09859930472867351 0.00023971935264992359 0.04521161110095313 0.009877380744720459 0.030637780097526157 0.0920058629647764 0.04943010566146081 0.03324215364793416 0.0307523885676569 0.10682799540174724 0.00017062931332937107 0.041330388338755256 0.03993935795541958
86 0.0999439571895605 0.06717107046517783 0.0501840481387349 0.016520162579201306 0.027611538468691157 0.04609542794557072 0.021653289790749247 0.04180309652869122 0.020248814144698733 0.08798264858948278 0.023218539991656812 0.07671620669536038 0.07711679698279386 0.0452100973586303 0.0764898939707785 0.018781060539463417 0.0039271095217644535 0.10680292762304928 0.015036913519831782 0.07748639995611281
87 0.030039145392946772 0.00709449893550362 0.047823349394104826 0.013067518067461226 0.025229093525158945 0.04989891806495923 0.04859653104973332 0.07613851979475848 0.1130860117762173 0.018665151960516494 0.06566211904515534 0.05707190110387713 0.0576423676072996 0.07094044709672517 0.1147262796070071 0.024946600777634588 0.018418238430391125 0.04728917670961025 0.03709135579300542 0.07657277586793398
88 0.058699626720234294 0.03571611273079198 0.0062541876811336005 0.015640405755399635 0.08907617772792972 0.003399667030925966 0.013988103493790214 0.040638139328225645 0.08614830437030138 0.06619972816292145 0.010920857114058814 0.07437355042465037 0.06616066132529244 0.040210594991575005 0.026757970856515854 0.05977851803201231 0.08078257871985023 0.06581122402930685 0.08541770980125629 0.07402588170382775
89 0.06485738627965842 0.06490968162662403 0.057450766874903574 0.019448945221013272 0.007214118689316301 0.07020941649095912 0.08159746282317328 0.03132706165852611 0.03209072043263265 0.003022282437587042 0.08237741792854048 0.03610437755583427 0.08885543045534029 0.09669796167340046 0.07425445868446655 0.012180499365742517 0.004569883056549323 0.07105195229856195 0.0861529714109902 0.01562720503618007
90 0.040781634216937805 0.007148576260767533 0.03053592726911313 0.03747167453298983 0.07447168909839659 0.07964575502135683 0.05673416293362366 0.029574132465650268 0.010576586632139227 0.06941184987717904 0.04402484028907079 0.042534836814131186 0.10975650529905465 0.003661889087573946 0.05444800749923414 0.08742952031146013 0.10526223637251053 0.0429966550063969 0.016631623874335442 0.05690189713807848
91 0.009195164316549568 0.06814082129121704 0.0593816225373105 0.058391531000185945 0.07881861991670312 0.056929055245489864 0.08324288443868871 0.0426976623004038 0.01937638850668225 0.09791915710375161 0.04771760839720397 0.014361409722083053 0.043708757782779155 0.07188986166773645 0.04606692059661214 0.07441455290105478 0.027857628671071607 0.07490450619082074 0.008837665316687084 0.016148182096968926
92 0.002742481831864257 0.009815442843528609 0.10882120536010682 0.06715834679575443 0.07972987555747779 0.014250311991536172 0.10530384421260558 0.03937231793661071 0.055289345580244544 0.003978235548807905 0.007419754942925767 0.049748591174689126 0.025066093345778653 0.007575019349031634 0.0768937743772905 0.08574396653018247 0.09795490226165826 0.010560945610022621 0.059654145292243436 0.09292139945764054
93 0.05090665293153545 0.056097809078555154 0.0025245242736821457 0.06251017436054275 0.06787881263483811 0.055444563789559885 0.0027594820291094776 0.02305333593404665 0.02257809736130934 0.0831030660872781 0.06956602348529405 0.07750953799588904 0.0038868811179612137 0.05761400969126429 0.07302030818192236 0.09039663264307814 0.00388028237781971 0.07264214408683156 0.055397238549625014 0.06923042338985755
94 0.09328385619934454 0.04245510901311335 0.01067571142533289 0.018101699596995435 0.07494332987072869 0.02868963838726744 0.022190529986571485 0.04067140224884309 0.11395275871693719 0.07111061920346629 0.0844685632585997 0.1010009443817477 0.010241680771512999 0.02729493405668291 0.007861011834191236 0.10835725247129575 0.05396994943628825 0.024397645031390556 0.0016920150920417501 0.06464134901764873
95 0.044342012083217856 0.03196113914829716 0.04793067931359283 0.04995272286973284 0.03844524904619623 0.02735394903708844 0.05818179177289308 0.08179107001868471 0.02945456651405287 0.03311745100241606 0.08707056141092522 0.05538487049892024 0.06826885265084602 0.02471403854718451 0.010758137178920341 0.008072654607927844 0.06741586266509451 0.07076537743944909 0.07858272221819405 0.08643629197636599
96 0.008275350363000696 0.09110128096707434 0.0298866185721011 0.026238732294606118 0.09006989735315053 0.05757933644508649 0.04683278818680062 0.024502375982501337 0.05774229885285162 0.08777176151258675 0.020724647795216374 0.012328639389253594 0.05744846587224656 0.09862751990786475 0.08873260860532463 0.042134817194994935 0.03547300182549323 0.04212657912570784 0.00545701333414612 0.0769462664199926
