0 0.03889703578437294 0.02446286498835718 0.07658257089265581 0.04129518897687326 0.026958140765443117 0.06456591562818188 0.07695339575356211 0.007895203528995101 0.06287167118734836 0.0988741695698866 0.06037096001424734 0.041364900008542 0.020056198702949744 0.0910366198775729 0.014331995721994702 0.07420557437607406 0.016134452426180203 0.06924488596455354 0.012721121632834323 0.08117713419937464
1 0.03961492104444616 0.028142874594161132 0.02807207502047952 0.09015231997986455 0.018038299787123513 0.07249922273954691 0.010983477445803809 0.09322150320487413 0.016463008316949152 0.05426039572183153 0.0074012444369538355 0.06465553777251697 0.07501064935800596 0.05066527681276657 0.05028137681972691 0.049476226972170974 0.039832994109285015 0.0896767310695974 0.09195921549294256 0.029592649300953473
2 0.011064313361032287 0.07911900753470989 0.041283692757313785 0.07607812971028359 0.08160936163076832 0.07391286259233826 0.06633047708865136 0.07043154834871912 0.07954043978840242 0.03579755926673164 0.038607102536610455 0.015702397601489865 0.017255809185646964 0.08659578642598846 0.03227161175795273 0.034864529352456756 0.014333446866956619 0.055824807367508104 0.022806766704788678 0.06657035012165054
3 0.04656993620744829 0.04961014105537655 0.08945438157285603 0.012972829753040097 0.030503638296208713 0.07095531519870331 0.0020329000422312973 0.07187547346791516 0.056692290512294415 0.025197856011645828 0.06667407989805182 0.026617669711908463 0.02611595413863109 0.1091978678501414 0.10536133718218531 0.08823616225709717 0.023733984043971413 0.06185454142157258 0.0024540312422304646 0.033889610136490673
4 0.044653693253615095 0.10236333026478076 0.06067558276025749 0.06756401306684715 0.062438510295001234 0.08237803334182996 0.03171365915081484 0.09019659948506058 0.008164401506202535 0.0145823095447217 0.06683755793893766 0.03399758051332784 0.06304279583050788 0.0955196446938673 0.01143149576117326 0.07331989410278081 0.0023867136800399228 0.04633266121248128 0.018421056395430888 0.023980467202321772
5 0.05590812846455398 0.06762908941369196 0.005540233372942033 0.0274490780186866 0.10162032726219282 0.09635554538089747 0.08555188772230099 0.07159063585917586 0.0669000557932336 0.001477320564529101 0.0006416787341830198 0.005172213796257887 0.019480948791724496 0.08664114978473499 0.029348868788711468 0.060772685674006295 0.034755118261151005 0.05098542082242463 0.08954201385632202 0.042637599638279754
6 0.08643920834275676 0.024917043259219424 0.003989031165849684 0.10045129269250068 0.05078427890710345 0.04174583458144203 0.04063908909319226 0.027245082156795882 0.01682162165716691 0.03145572066351772 0.09601005552897847 0.05086935784112751 0.07301882680940483 0.07194326585729426 0.021528867534168546 0.0999617157520631 0.018296135312682385 0.043535498528380456 0.02498507210089369 0.07536300221546202
7 0.013724387369027731 0.04207967574855495 0.09871127259227669 0.017023950603596544 0.0299994630090398 0.019460493468512863 0.049959830875318786 0.0784560163352128 0.035848510148182286 0.09165882090239476 0.050238773655980035 0.011501420515324046 0.05630666256114659 0.0795037057641674 0.036007047926486305 0.06423599163568255 0.01808333311789035 0.09764964451302144 0.017606539067525143 0.09194446019065887
8 0.04080610224259637 0.05888310495705822 0.07550378289987142 0.027815642498230493 0.011394989303494968 0.018726415553385226 0.08818093304659869 0.025886935295717492 0.05135001298065674 0.06185665408114087 0.032300426572885045 0.0011455347628573345 0.07661306798711023 0.10241763830085068 0.05672373639770593 0.07733399240799946 0.07070275229429705 0.006839092002780263 0.05174162441697489 0.06377756199778853
9 0.09165064516908338 0.04440852820379525 0.08216883021328344 0.015160220406210656 0.10239754365526771 0.017763617655341263 0.07512070112822532 0.054860206912236885 0.006792180856876577 0.055551746151115085 0.07424720872751889 0.011102486594971562 0.0917347072189156 0.057143136676009926 0.01747388385852725 0.09268610886797933 0.015671997928789753 0.01855908441706867 0.04560057122158897 0.029906594137194313
10 0.09121809714122436 0.08689155901157458 0.03927565627782051 0.08148462872118988 0.09562707321470064 0.05733564428840665 0.00481736264984792 0.01030279990201939 0.07529545612459622 0.023125801104484353 0.036474656235957324 0.01738455396655028 0.10001633262994582 0.06172582228608996 0.012797100006939182 0.07970381450490788 0.009469730772658303 0.06593936692398143 0.008478261512658151 0.042636282724447146
11 0.032267879152478474 0.031452039117882254 0.0773547791574708 0.02738736506277932 0.004365240949379298 0.11148104035247301 0.08746471292707998 0.020266722783782363 0.06036094851300824 0.08146211649053639 0.02124261918875189 0.08527314952175385 0.0936638893483536 0.020182508905571144 0.10860016760979357 0.023850396314678123 0.019940496603823788 0.06232990862322975 0.026857697824660097 0.004196321552514268
12 0.055570954023278794 0.05123406335416806 0.07015687642475 0.05564642720802379 0.10323348939237614 0.039167232697951464 0.03535719082767535 0.03668457540430632 0.04351282230664442 0.0815888153571804 0.07588976507320695 0.01076459579979111 0.0492180206744451 0.05341346373699703 0.028527281975923913 0.0053182658903179894 0.02600512322206305 0.09345159142630469 0.0016085234470034687 0.08365092175759192
13 0.04514059904233021 0.09155577065190841 0.023782643005360427 0.07999528740696339 0.023872175613741706 0.05869213700628472 0.04011384088265211 0.07951739755931325 0.12124960495913527 0.08935285500079494 0.014322656085294181 0.002295580858789194 0.020287926120749377 0.08709724858426574 0.015042050747430919 0.024988613915234728 0.11816648215549522 0.022737401052299624 0.02816237785472849 0.01362735149722813
14 0.04153963644740804 0.06601393445914198 0.06415869879462964 0.0781475084244465 0.05992389588208172 0.09211936505969075 0.02668622066126216 0.004777512033623393 0.0030546027341733736 0.08893047743010203 0.08907056559997342 0.041506160338332876 0.06023047800581094 0.05440775788384334 0.025377489214770333 0.028848932134349276 0.03736298160541015 0.07629963871471719 0.004134055720625495 0.05741008885560741
15 0.06906357105356668 0.04759534165265683 0.008758365560894675 0.07121700109734175 0.08443755897384933 0.008326752018956572 0.0705524747342178 0.06132137487498041 0.06665171919838804 0.07621759372126323 0.036213330008420835 0.03366070830236192 0.025960366347257072 0.06178653736861322 0.06697497851832658 0.06634725221880579 0.0008894603171201943 0.06885582547765573 0.010166233067533588 0.06500355548778987
16 0.04999312329131355 0.08060286125400072 0.014903009797092368 0.06957337067440592 0.05655912924202879 0.056557858501033 0.07162252513095944 0.018056584371820915 0.0760639386466156 0.07046420458954669 0.0269917502794683 0.05339374173321344 0.06066915758667996 0.04838917277535122 0.029800218525231386 0.043917286463083155 0.014048663903427674 0.04342702455318206 0.07688991971976882 0.038076458961776916
17 0.07699488337615806 0.02404490414590712 0.07118842369476078 0.06931340423888871 0.033485398064638135 0.07156588428771007 0.056189861365566245 0.03542365220474412 0.04567618106361406 0.048542019353238715 0.03313237982339163 0.07661951114782732 0.048884641687241284 0.042410192503975964 0.05629046993522473 0.02391621326699325 0.03277415050454026 0.028782264562919643 0.05350114449673775 0.07126442027592214
18 0.046281176607629884 0.07871349749619799 0.0025582839668261154 0.01927134124374052 0.031925018000765484 0.05152982853769321 0.017323318124388712 0.03769718972206967 0.008672641959178605 0.06739028354660463 0.04027782445404253 0.07896633823150596 0.056089019186172706 0.08627215942316672 0.027266463752097285 0.08241541491872453 0.05435107093372646 0.05657370196416567 0.08012193582216183 0.07630349210914161
19 0.08085442568942634 0.005454121001452307 0.06851854190780388 0.0920449168202489 0.012678756669175716 0.04795113020196359 0.07266300681334563 0.03338795428825483 0.05994880316537631 0.019918982907399557 0.002622553120757547 0.056391864733855795 0.09559138182568963 0.03863222856031719 0.012112956194079393 0.04090086805818657 0.05909768506003946 0.08813802088229845 0.019746471723906728 0.09334533037642229
20 0.0629410921569726 0.013140312469218197 0.021070926106083486 0.04705430515476123 0.021019815855279865 0.09377543500488719 0.053546663002744084 0.04594530835212274 0.07573370909873728 0.08323042460186526 0.09263096350665224 0.03253628763017673 0.10304951965965839 0.0499002527548868 0.08945831673875647 0.017750909834413072 0.019052964442903227 0.012802107640033488 0.05339225494314034 0.011968431046707268
21 0.028400016758499742 0.07909197945949736 0.01113998063560275 0.012257397786720045 0.06440523115289871 0.009416357155641054 0.015570613900764432 0.07463017193673473 0.049032284785384794 0.07265853153668773 0.04161846938360256 0.07321111547784101 0.05717325461749652 0.02180766713976333 0.1070678248053899 0.07205775115793069 0.050786362286141404 0.019321999845334996 0.08802682929400114 0.05232616088406705
22 0.025895513913826405 0.028374208672450437 0.0632061818250602 0.083319258523261 0.07516642950922371 0.05010096758650964 0.020748796897075837 0.08348140235199643 0.012653423485137759 0.02390595259333185 0.05378568517221324 0.07846984258003661 0.025248093879113562 0.03989937901187568 0.05493579418129656 0.02234414365684553 0.04508164646271999 0.08645786040991403 0.06937418718044915 0.057551232107662255
23 0.03437710194076488 0.0525505212029808 0.04042044939288149 0.04482504298230906 0.08585385182438836 0.003598240149699031 0.006599457367053339 0.07708383800862985 0.08424185252256745 0.08982398828235952 0.02302553275142531 0.030235102805840467 0.056085548532282314 0.07531855168554158 0.04450834743533873 0.07137898466884343 0.04182211266823806 0.09157435346751516 0.020262384639712507 0.026414737671628604
24 0.0498295241916265 0.02471432660474357 0.07234301008872383 0.0887910124772663 0.0031842215581792187 0.09844687771220458 0.01040709051896506 0.1034829432465143 0.02082805453111969 0.01692797484191558 0.09365152340324118 0.040275633960311454 0.021340972073193815 0.07503298456329775 0.030595998970817398 0.10125380483501133 0.018004787094408357 0.019988594988621506 0.09441926672792535 0.016481397611913393
25 0.08012549440775019 0.0503745324736121 0.009325358022267211 0.06679515589064754 0.08529847471932421 0.09188229065458736 0.012300047247338764 0.03426242133492524 0.03426793286838643 0.03943384423546229 0.03218855838134256 0.03253651590089426 0.023036547612946594 0.017908858811519844 0.07537693175557446 0.05435653821331617 0.03735408388510549 0.04996907710311799 0.08489023767262938 0.08831709880925188
26 0.02480423010010701 0.09246961304841005 0.06372027526684607 0.04258050790872147 0.04113045550610312 0.07626261425482582 0.045280978638775976 0.04756089509323788 0.05601279809255542 0.07625245688288682 0.0463432188877345 0.058815752286422794 0.06656238078639795 0.004307693556916154 0.043735974933393186 0.05347490769224526 0.05967524323913183 0.014296305012767647 0.06423674941419763 0.02247694939832352
27 0.015941889821803744 0.09226500334571507 0.03112110610859034 0.07290556495320556 0.06707774889449748 0.06350698314010524 0.02905524985537021 0.08749799013877622 0.014382271351560326 0.0877524663863916 0.005132255517994231 0.03769894779191561 0.024268467391126532 0.05598840564566532 0.022796160721167257 0.024761068957146904 0.06582170648967409 0.04744100662994309 0.08461165354967318 0.06997405330967799
28 0.06368435142077464 0.0706095556034072 0.06087092284213146 0.004112891311212435 0.030338438289164143 0.0062832910085023124 0.0866748056438478 0.031514255599741595 0.08306596648290998 0.06557263687665252 0.06145800410666779 0.02179677581722655 0.10041717315123076 0.010541911240934338 0.004768022632581991 0.045883040121628485 0.04998024079964702 0.06988971185066348 0.055033591474776385 0.07750441372629921
29 0.05130773722884521 0.05440758300409536 0.01157429051441481 0.01195846616056747 0.09633258088173528 0.0009727855870816644 0.06965743100953277 0.0629080513254584 0.06349441728629152 0.09742447707347063 0.015015072362980561 0.001725443663149175 0.08526087371773326 0.05564238904243315 0.09509809291284455 0.04011397840550832 0.052987939895798156 0.0955066912368848 0.03257695687149583 0.006034741819679106
30 0.042938911959818166 0.03469169498788436 0.0630654471750592 0.05754655862294939 0.06362956145765405 0.033292236193225994 0.012920708345816824 0.08942641595682603 0.07770969038501542 0.08164323035086785 0.008965197336541225 0.07547245953339728 0.010006272854653164 0.026041881389287463 0.07872425098449089 0.008207133070764098 0.059349337808921945 0.08842522098909353 0.011003911719011814 0.07693987887872149
31 0.07475998351023684 0.021245908910675806 0.048759561034303706 0.07932298338446654 0.09386981313209776 0.07517911019647237 0.009853519549414097 0.08351229489291781 0.04234178061893482 0.08266410927636472 0.09885196239526366 0.02849651125855474 0.07483881578195499 0.061217672631654126 0.0036966910560543302 0.015732443064147943 0.003348415890950215 0.03624680232677557 0.025064906444842532 0.04099671464391733
32 0.038414572438010254 0.08527281128579749 0.058759384944883176 0.0708194159580739 0.032896539493062635 0.07465379464463553 0.02294318640716542 0.021780060036390908 0.024779481185604246 0.023146850900935146 0.06772059711382673 0.056628805635705846 0.083125979184698 0.05623285385857756 0.08267966687227413 0.04672313484833761 0.008287960617646166 0.09021871855577396 0.0051756783323689565 0.04974050768623223
33 0.07952578858177818 0.05590176864972646 0.03681242138564715 0.004507332231498283 0.08596810212543073 0.06469684758784491 0.012273478499179006 0.05043599740941638 0.048069651672852355 0.046241973856162286 0.035699405133459254 0.05910939622905038 0.092213826384371 0.02745800363529702 0.03511627141498636 0.05237291205576448 0.05946357705996203 0.04431510080165688 0.004082935942863056 0.10573520934305382
34 0.03994383613452569 0.06897503151770053 0.05675082933404101 0.04780700077709848 0.043597177667042034 0.024884924646939505 0.044554125502820036 0.0938423375300299 0.0923761685426266 0.0170527521992473 0.03488159656647314 0.08649724856724249 0.020297951395932108 0.044069804202883534 0.08196602446465898 0.03895372155591625 0.04987876942113258 0.04097188679633847 0.04155405079230936 0.031144762385042015
35 0.04605924163544935 0.009641876771911839 0.07282249721689409 0.03522421089366276 0.07244063326767784 0.035348538307264324 0.09475397825080822 0.017974803520398527 0.0611730525068906 0.009871629290247158 0.07421276253317409 0.001150996911760213 0.08328225328438918 0.03786252971173915 0.03149384905483562 0.06800313799361207 0.016089546033163288 0.0830279456307306 0.05814381902727276 0.0914226981581184
36 0.0797661548577901 0.06126113031330846 0.054975625568189926 0.05940283920628292 0.008473186959941863 0.03552419899959785 0.0377105177296345 0.08461794418324446 0.032032059498253135 0.03589092804980143 0.04416547630559383 0.02109402789959536 0.08016849308938005 0.062242476093954405 0.032686016757247686 0.013088301354416227 0.08995649854195341 0.03926460158382262 0.08533598362351016 0.04234353938448162
37 0.01118011494098175 0.06556928304368696 0.041536453353787466 0.08685866478276962 0.07961286697365366 0.08225500986724184 0.0026576784401935462 0.0469583509971323 0.05912987277491377 0.0682576708039165 0.03154324578445235 0.07796332551195843 0.07696105781684306 0.03258023612282624 0.01618185310688901 0.04145826787650144 0.06912980838921902 0.041298818700209856 0.02699860205872405 0.041868818654099124
38 0.03114564678491108 0.0026239437773653822 0.06152934069113252 0.03613806392349813 0.0505836979029839 0.03366647783278833 0.06455910165267556 0.03517909263726453 0.08016901857298687 0.0578140729895544 0.07839320680004135 0.07085639865268524 0.04800586980654627 0.02280396123267767 0.02112430174067403 0.05029555050540264 0.03149536178195932 0.08152177147462474 0.08425874846370215 0.05783637277652597
39 0.017109143441390983 0.09523794599564034 0.035982490006456036 0.09523662049589614 0.0037014382770861136 0.04132898116174147 0.07644368715160269 0.043079281685486547 0.09554150789535772 0.00910062839040744 0.01254371832798957 0.002647808245054384 0.019266439532008607 0.05814284515630088 0.08457904522831894 0.10856819628717436 0.11030515434047874 0.014073800655326048 0.02643302565806004 0.050678242068222884
40 0.03805303080383499 0.04238762818556967 0.07401909150311818 0.03156851602855034 0.06712771122071653 0.07657226034039641 0.08176829877274462 0.006134939949740158 0.02892447197368294 0.08910583172248975 0.08365138265939337 0.01508331513575485 0.03343159611602791 0.05579113344075775 0.06478364811190782 0.08646661203369334 0.018716001107556342 0.03462395673789177 0.060317917059718486 0.01147265709645482
41 0.07130119009954342 0.02028975484798726 0.020432383222048867 0.009124615264701373 0.06882520280407074 0.08266911304022027 0.056908020177438984 0.02781679392493019 0.0731402567614634 0.0590264778798058 0.038290168782136 0.08020371035087295 0.023585999528738254 0.04431961142499273 0.032838715590249666 0.035497858623018484 0.06329395593576369 0.08775917473346898 0.013650976468671524 0.09102602053987749
42 0.07878426263947615 0.09384058605752413 0.013907543082909058 0.005823979967889951 0.09313429567621748 0.004226785300644595 0.038411607433093305 0.031203172991952997 0.003331575188059996 0.07805251282599059 0.03328590076235785 0.08060247356427877 0.019795587309669866 0.032001044916209656 0.06256241383837136 0.07267901021870468 0.05536735436893029 0.08774600789217267 0.08283220477906478 0.03241168118648188
43 0.042172593780867525 0.012008402198753524 0.08934934530208785 0.04205529082363803 0.046679479803623275 0.030890410498053997 0.08125781074680391 0.005816758826365283 0.06971796304431939 0.04913334547924861 0.03201746349698895 0.03696548637279674 0.07483357270826432 0.042038773933000644 0.09327173001118319 0.0014742217139284493 0.06901660367140179 0.0717448452128781 0.05200391674312119 0.057551985632675225
44 0.05720736755825988 0.06801372584587138 0.010343312263250665 0.008888751748720987 0.04675256834351985 0.11345923775142995 0.04761097665388857 0.08722836046855781 0.06114595990641843 0.05401292743957826 0.041302588246492106 0.07142201107427015 0.05470304388607625 0.04539697410641586 0.004237808529943052 0.026607064734245994 0.025192868147039003 0.07792219587833951 0.027137361838686556 0.07141489557899572
45 0.06308530690200147 0.018545323053962566 0.06616865150563851 0.008253539540216234 0.006974600521065974 0.09432392464860058 0.07025509015092561 0.07515216142389745 0.10298794596418208 0.02509887848463422 0.0659487079271431 0.06508798157079315 0.08819256382447345 0.019094288029308685 0.08128114505574352 0.013231266425055123 0.039631558067194185 0.008369279722551864 0.00641385033161555 0.08190393685099667
46 0.037572442058267916 0.01020891016330333 0.0802693197670295 0.07323820928589875 0.04660256479515575 0.008637295825001088 0.053494093025130696 0.08476008677257339 0.06881448748945956 0.06041409379167936 0.009725165225325148 0.08078230511197061 0.06440732346192914 0.06477781833692237 0.0039885712397299605 0.08558643843592795 0.058259756880293403 0.06239259610503098 0.013476493484141759 0.03259202874522927
47 0.08468698738222324 0.020254033449288677 0.07313569801904826 0.08337382953684862 0.04933190457842807 0.05364436565060844 0.020085461527939066 0.005624128975948027 0.07893412318100464 0.04551323986429973 0.004686422959304 0.027327912849316113 0.0664624527310253 0.003260267913526267 0.003709016458187785 0.09584269383130138 0.014686554495347521 0.09470505755687687 0.09482001509776852 0.0799158339417093
48 0.046572461666106374 0.10424199805201469 0.0015955622695911207 0.07541023089629885 0.07578614980950901 0.06033830737061615 0.07254818228410867 0.01240735907270293 0.10054579374878059 0.0613691928634956 0.05643952130408244 0.04980340866154766 0.029067213849121504 0.05772808013273573 0.049702190446876196 0.042655657093345796 0.03398967620193965 0.018707643271027887 0.05096991601103618 0.00012145499506287291
49 0.08474443092155906 0.0767627760138101 0.0005474493053488827 0.10254592584098465 0.02391547190310817 0.009937439660155827 0.07454527702771607 0.05246538741607484 0.09426034726408707 0.03499605697355313 0.0863930376811001 0.00973237846590252 0.08824972497367456 0.009877932833498401 0.053292641887965536 0.011782338858414745 0.08994949102230826 0.09171819869258027 0.0029299534391417636 0.0013537398190161033
50 0.08454250282317774 0.019543379942868387 0.03298310982998895 0.053370442868712065 0.08023417849884223 0.020810491977743786 0.07019758247604183 0.005337664913114149 0.026943808155369894 0.022827300817774426 0.0883478434833891 0.005700347326593007 0.01247667717420032 0.04759171151371149 0.04114235114713486 0.07244470357651314 0.07726717544122637 0.07726872140725338 0.08576190563753418 0.07520810098881087
51 0.047641763878456214 0.024615996297314764 0.07907621420519359 0.08646219321003244 0.011134095270350938 0.04203503677636549 0.024362930297137247 0.06146159584705687 0.07086083830146177 0.03159696330548009 0.07064415835794588 0.014167276475389281 0.06980651496342791 0.04431830476833034 0.029686268805828912 0.07800621572093208 0.08523180357206976 0.08333765760130163 0.008846454459979778 0.03670771788594505
52 0.04822848920776743 0.0010604798781293674 0.05635572262186304 0.0876782364285187 0.08277548296009067 0.032979659321075334 0.05481157966572198 0.08538964555123511 0.08038761674528208 0.003962075350058834 0.01693324165939935 0.05890988029920443 0.04294437138389624 0.08244517978407283 0.06697412359301709 0.03266009222450945 0.055111515290970824 0.022722567151250518 0.07602989808180584 0.011640142802130857
53 0.08943571814204766 0.07881561548621485 0.02542755927100371 0.060673937645967624 0.024669735018756557 0.04113124144276026 0.05511951995690564 0.0308804966318882 0.06953063391604548 0.09223251849870003 0.07923961236432488 0.029881297209197317 0.03875698010193045 0.01333097182473994 0.027104829315446957 0.06690100475087322 0.06162920359262863 0.01960744738934082 0.07882507805765822 0.01680659938356974
54 0.044006472535340284 0.058803132543558755 0.02578009473475699 0.0160281319213484 0.0011935845832510986 0.07660485376439305 0.00039212283312639324 0.012369981929754147 0.001854459833858578 0.0896311494689654 0.081561821895344 0.06766534151756393 0.08262042792372426 0.08808434140522475 0.09387764124416417 0.021383399140251096 0.08032699037394139 0.06910083306126666 0.017131544809638664 0.07158367448052798
55 0.02565825091980397 0.08560506397347985 0.09098110455107744 0.05350133792778256 0.007470090865382548 0.06573965907132194 0.04434642994023278 0.06854489858660916 0.10018984010138672 0.03373029204117789 0.0814215624163448 0.08887516638199709 0.014708063681828384 0.07883352892115503 0.005015954615036753 0.025599506224490663 0.011842174734620365 0.05184355774367641 0.06334588312303586 0.002747634179559748
56 0.008033535360198284 0.015591809162094357 0.08520966168540468 0.06256569735987937 0.019764383342589602 0.006439293427251503 0.0635497079943177 0.09264508736257003 0.05681855079209939 0.08054098908789634 0.08613784557182615 0.06932408909522915 0.06816891284478988 0.019934102798777976 0.022126045438724602 0.08307670759746867 0.030887396636180862 0.027189833528814693 0.03246567130209626 0.06953067961179059
57 0.031653754023782774 0.03406704567313983 0.05035596912631107 0.004192431628228625 0.07422770771669165 0.04219778506127452 0.06618353754169877 0.008246900305805103 0.09927582984043432 0.07284007106319959 0.09188222410910363 0.027751162331405118 0.07199648060208994 0.048321386027260466 0.015456757469984414 0.029179410355996575 0.06017134866351314 0.07682908268342341 0.09071549873787327 0.004455617038783822
58 0.05291708703840523 0.06924754921453968 0.06912806344537051 0.08700810333560788 0.023168121535570223 0.02948695112499085 0.037545846043087756 0.011151607692311149 0.02170640915219382 0.040915655935211556 0.060470456240813555 0.0016000986117808735 0.11708808401475924 0.06658283116982165 0.08845837245934084 0.014000506522253585 0.06868880752661255 0.034326114248440134 0.040095725244576434 0.06641360944431247
59 0.034784056851956915 0.02904618573281206 0.008552597835574648 0.07148472642971837 0.08408371994733155 0.025811426184510343 0.006393303724138342 0.03522662421401044 0.08786409204024942 0.09666460303050485 0.10039286140105178 0.012059790417778205 0.05865178352844042 0.0055562934281291245 0.027211650629371576 0.10294391756852074 0.08616579002071091 0.008465080730138779 0.018290100019314866 0.10035139626573679
60 0.015687083120846122 0.0673096500592705 0.02466543146231524 0.06905326423175093 0.01784175018558059 0.05038202794383024 0.07175869432560449 0.07719696609360155 0.08404148792136568 0.05506584735437657 0.023398645788674358 0.042212287435983556 0.04059354393509652 0.05706118218196537 0.03772162683462539 0.04037420558055484 0.030502123995942942 0.053189887704429034 0.08490524670395837 0.05703904714022772
61 0.023534270006669456 0.05409099729523168 0.008885501507033922 0.05483848227996621 0.07129493993859663 0.044723950073010256 0.0673455074128605 0.05459948269333708 0.06414274361024679 0.045063163797510984 0.04996635710707396 0.07360119817101347 0.047807488013641375 0.045724623189992784 0.06352702646953587 0.05799385331589467 0.03212176010199489 0.034949858442719924 0.056325821876900974 0.04946297469676856
62 0.0168428779547088 0.020128354007490266 0.028475090680942707 0.0065224142963068695 0.07711144174920685 0.0611869078883077 0.0208514683718575 0.08848188448387001 0.08509942110382394 0.04512647226487064 0.07892222803333003 0.030575552409678793 0.07897439072469054 0.07922505022204898 0.012686075384680699 0.054605376816951164 0.08478121540243505 0.01183135333576279 0.07706606885624047 0.04150635601279613
63 0.05360630939447582 0.007077120374939284 0.08511812497298943 0.050455647681618886 0.005807689332338304 0.0626409481663952 0.08846379261603647 0.09304663606619998 0.0009286021070710954 0.07335254959080556 0.04650742388008303 0.011540101099528553 0.05951617009983881 0.050965384987259305 0.0959487024364703 0.05184702740427642 0.07134091232912408 0.009888445977171093 0.06255176526003857 0.01939664622333964
64 0.06042206246595257 0.04790354755689081 0.06865129817864439 0.06870445856544617 0.01458396360044773 0.009393110040013994 0.008348640963095278 0.016768991180534824 0.05362231274147762 0.07303671388932452 0.08314319588257549 0.08880454668302248 0.06902471055021726 0.09281552724621374 0.0862690978895999 0.04589033699560393 0.05499864443584096 0.014236148021139572 0.013994647304289775 0.02938804580966915
65 0.06989188727027577 0.06604033801393026 0.05661469398769899 0.02382425027592221 0.0762632071901509 0.08041450284260274 0.04978127203708711 0.07001100714474492 0.07845185889495607 0.06063698681742308 0.04652493973646503 0.0321101657043264 0.06796799985883835 0.062328358867301654 0.01133976280838125 0.01119324209111409 0.03670837842676258 0.08002172559916831 0.017404345409878015 0.0024710770229723453
66 0.051187255455937726 0.06448438066657503 0.04694643933287342 0.09004407246364873 0.059226374395063626 0.05144764737183466 0.019148128785507885 0.03985061231186582 0.007518685954740889 0.07752047704203648 0.008864981651540652 0.051372199703450167 0.0861946184919653 0.09072077291932025 0.06884169216669879 0.03221364411780825 0.062897288860305 0.007544938320491792 0.061808078601275164 0.022167711387060255
67 0.04363329290936268 0.005916133942743097 0.034663086381221855 0.06830348379124164 0.08357981022686221 0.07262554693308576 0.019997251498298545 0.036872302489202056 0.07821046765227892 0.03363213330881652 0.039214799483732715 0.05886731084997517 0.07364351230867187 0.009722217888092495 0.042686117152363846 0.09026381895679064 0.10235680928967168 0.0031208782901178517 0.09528520263298058 0.007405824014489952
68 0.019128985435474484 0.07761415906534223 0.042691471964060757 0.013172150854489868 0.055121064490257964 0.07698814956755755 0.04206400430305721 0.06851427814536656 0.08350230878369849 0.04749061746336991 0.01324867831291322 0.06540870117637684 0.052865298600021995 0.08562324697485636 0.004456606788391495 0.07066777985103974 0.04944641501494668 0.0690892793532259 0.009340284713008646 0.053566519142544254
69 0.07516864558328173 0.08223955858173224 0.03855496212540682 0.0707419311780529 0.006864632585735304 0.017501264780501416 0.08297519938281528 0.061839426953058274 0.010765853962226322 0.029522410036630708 0.009019528213173585 0.07256147258092496 0.05814584824276373 0.08659223476512339 0.03992780928076482 0.06422139269786724 0.04608952516771462 0.052431943899010014 0.060965858974326145 0.033870501008890413
70 0.08221675759797968 0.011974063752252555 0.053149648361632086 0.09581553792506985 0.0640586629212523 0.019660085724066363 0.09865398524274628 0.05556305564179002 0.028490103807790407 0.003124533990091383 0.037610497376720085 0.0043773413359939825 0.07411339657127368 0.08240905504705284 0.04551710346903542 0.01101776124956087 0.020724223021669895 0.03640458022233039 0.08884101785162853 0.08627858889006348
71 0.013760917288584607 0.08387958281307206 0.02722903032323211 0.05673968276253573 0.06400437594178578 0.08706536518358939 0.07066968457339737 0.016703191929199678 0.038970816191426325 0.049164201229383954 0.026661133451689707 0.04280579359427429 0.04526325373173714 0.014783200506527453 0.01734910934392947 0.06612291405879803 0.04248865246814058 0.08192271250060398 0.07461198535015831 0.07980439675793413
72 0.06983706925945017 0.041604870876926395 0.025267017278437612 0.08661434066387247 0.035657955337121405 0.019291294151801055 0.08103709219083644 0.06234723149674082 0.0739362327967584 0.08098797025668822 0.03530262176175559 0.07736893974172636 0.08141875697159685 0.0514112825804192 0.08330482110455543 0.013661867988654895 0.050593227855303874 0.004072112087535078 0.02471694531701852 0.0015683502828012068
73 0.05900396526548933 0.053922845035631696 0.04400817268647657 0.0683459455530814 0.0557264286594422 0.046883220946212605 0.019365598399666725 0.023301959889690294 0.07947017552109147 0.1009727736929814 0.027539722121948232 0.0127646321250108 0.05723872593519714 0.07894972723605803 0.03959241363166584 0.0017435946228703848 0.03252316143425359 0.06243839263006011 0.06970165417889902 0.0665068904342732
74 0.10937247365204326 0.03409289924640912 0.05934767084993848 0.026364201691535298 0.015042593937292098 0.00884501322732414 0.047217666928155946 0.0031214303199212515 0.07524952765263683 0.021176796014161923 0.10498343412271308 0.10904225718420703 0.019736023585312266 0.049819302708220055 0.013033563019321764 0.0446965933831154 0.1021201193077283 0.05387408437029582 0.0018232862804180815 0.10104106251924974
75 0.053116903691611324 0.002025658579191127 0.008592185626079047 0.06223877866981012 0.03393095975050407 0.05905233063612912 0.08214970605168863 0.06677100613604349 0.08553186225828538 0.01842217778910338 0.04049492416993074 0.08153253285321574 0.054664375268275604 0.06162250482402225 0.038006772609372984 0.010440918086540539 0.027941718512860498 0.07284191583280523 0.08761160367683346 0.05301116497769739
76 0.054782988927911995 0.07519886225746984 0.02500633365896245 0.055283053515673024 0.02194862081097221 0.03798478809892751 0.048080091831071384 0.08210186017874285 0.020486306541155193 0.02317488211652327 0.0913313173258033 0.02581282550392022 0.07594632291993975 0.04827349323118602 0.011562814958983458 0.03628073584695894 0.07283002503290413 0.06161760369257689 0.05847790382360761 0.07381916972670993
77 0.03929669801916946 0.08649699789990165 0.026870655987858705 0.039979951932311804 0.08004665823202216 0.015096681949020757 0.05249910709449538 0.032385618622562014 0.09071665849963978 0.002808659709549138 0.09592505987780513 0.07573828218665615 0.017548441522267703 0.09152135444068643 0.01650693751139164 0.03910266850202211 0.057240733924562866 0.029271483696662885 0.0786248867001486 0.032322463691265686
78 0.03736568432458032 0.050137676729714274 0.07276499216929312 0.06963571624455311 0.026973331247654816 0.038971035971897744 0.02546268404335488 0.06830877411259617 0.05671948143642686 0.06009502674030032 0.05517551856281105 0.0456505488074502 0.05479076931441247 0.04151796993989738 0.037965497258791774 0.06334552234041851 0.07191156817961479 0.06806229707849916 0.010195812322928247 0.04495009317480495
79 0.040660579968749354 0.08624027971284509 0.027957091557013994 0.011011176179176652 0.07216031328417394 0.035278428378678596 0.054993201514349374 0.0030078910391263917 0.06663880391062064 0.08948883373706823 0.06615859862635666 0.0743155467976712 0.04152671565203571 0.04016085290929116 0.0907009359357903 0.07295553391244915 0.030083259558585537 0.012957411531051543 0.037669006055995664 0.04603553973897093
80 0.07212694074797257 0.08003756706327143 0.058388143524635255 0.004070750986598381 0.06886745511488711 0.04157051180116119 0.006406561718407158 0.05688908070918457 0.03751545908213479 0.04498260371981179 0.06228112349148496 0.058712064064419936 0.06724047286751493 0.07115002877276007 0.03765437765892635 0.04849623708239088 0.08555154102761078 0.005288881777134193 0.03379071799075 0.058979480798943655
81 0.0068109910308801775 0.03691905138352553 0.04516857835926196 0.04899831531176988 0.01737649237107475 0.05281151509704695 0.02712654703633582 0.07317949558668793 0.03523448520659173 0.06941757484894691 0.05855718815420677 0.035123867040751544 0.05794920165429879 0.07436286604558465 0.09208782438835533 0.03820786383651184 0.049434062979900315 0.0008890071960384041 0.08917195527408882 0.09117311719814192
82 0.03993084649859518 0.04802330978742948 0.0014328449544139 0.013044670328646963 0.019722961253344794 0.061316876121630025 0.09011684041263571 0.0014044057704958792 0.08608006018520435 0.03457991110863168 0.09667427870651052 0.009963154412441286 0.08817108414242696 0.07390234935766861 0.09226603317436222 0.038483628733471026 0.0838822669307773 0.03413144210416438 0.025103387087439727 0.06176964892970985
83 0.07484477349279278 0.0746020165953251 0.09692501404464673 0.05525866431197935 0.02046785716360402 0.047946516873567525 0.050685079919044564 0.00272042691814028 0.08010777799383254 0.05334514374473032 0.08571478724065928 0.030420740683414656 0.007430512413823593 0.08899706591375627 0.07029577625041043 0.0034815044895827136 0.03890219760647935 0.017741630816871096 0.032686159694753615 0.06742635383258537
84 0.0007326040517701328 0.052307509693008986 0.02240269973571266 0.021616702265258685 0.06649120660193807 0.0010914777348655933 0.05954287134471688 0.08893235899581294 0.07943279182105872 0.08928635941638752 0.08447500931524236 0.037315383639782054 0.059725480025424195 0.0255191058689115 0.08314263615693769 0.03906275055048182 0.034500514056386586 0.0033421671361897986 0.05238190292637222 0.0986984686637416
85 0.07052280540754353 0.016240396368296175 0.08041927689084905 0.03831849025954968 0.04780068367739256 0.01558625882687687 0.03697277777428633 0.08625599979687837 0.06714290191116191 0.00911619391573321 0.05011796749079771 0.07605101429561442 0.07804218276847705 0.004907784182089961 0.002254403431607185 0.056807910260677254 0.04616907757675555 0.06497760411409069 0.07571170258238479 0.0765845684689379
86 0.008890966854480133 0.047592059122251486 0.03090024028083261 0.026189583447365015 0.021347007801823005 0.03562676306693566 0.0783311446136089 0.060953100382276706 0.024650871134113298 0.007624693838319632 0.10150246247473267 0.1009542228653258 0.09987179336243147 0.06311419250323604 0.09928998204956745 0.010899474172961 0.07020389253074019 0.04170895575735939 0.044626389748702235 0.025722203992937263
87 0.0474196414395646 0.030594519940358122 0.012815171400523502 0.030102260746568774 0.08055168055728076 0.08594415142379391 0.014467197188548794 0.07423697640080085 0.0826345298265966 0.0569129646550843 0.058638176783130096 0.028835115133543133 0.09572809289998752 0.040181496806391714 0.026782077652248618 0.06818800807149379 0.05715003348516516 0.07104638174806246 0.017722579572083532 0.02004894426877349
88 0.06643370166971331 0.08620151285266026 0.08932891668327286 0.026672794287265128 0.04299728345400306 0.026858300121396866 0.03458596478652196 0.04515063501677614 0.07184319108943986 0.06501388597858884 0.016910692845456553 0.07969642694590542 0.02985128024293327 0.03837355225138656 0.01162157405789729 0.03045709010075009 0.07990731008712164 0.03218143978102895 0.09056790561616497 0.03534654213171691
89 0.07316815150998003 0.0672561270527848 0.013519478320812767 0.04490274346425958 0.06617834967576981 0.07389562219997467 0.04872412841695272 0.0782025146454167 0.0062307199553491835 0.030477331181574314 0.06585951798326893 0.02246380612135565 0.06679939850646409 0.03060492250272684 0.0032335274920182173 0.05006301811810606 0.0786575100901299 0.08463713794206269 0.013947935712686713 0.08117805910830642
90 0.05822401636463933 0.02350537516520309 0.04551855958025174 0.07857549267636359 0.0811468297071748 0.06782298912413055 0.038839243038283705 0.01900354727461459 0.019981866265934085 0.06544187492840849 0.050748842105713975 0.06722999271287533 0.08410240809336869 0.00959430785546101 0.03602370135667576 0.05791664383669593 0.06249289374275122 0.06139943060072876 0.037376636876179724 0.035055348694545525
91 0.019144788612513557 0.07158420080097329 0.015504677549239959 0.007536451606395011 0.002022341567463107 0.11696686841642778 0.0808952060237186 0.1255869330804506 0.005541397671535034 0.05487502756928516 0.004616436609490913 0.09188618522962905 0.06917218720449854 0.07993822294935071 0.08396181885248616 0.055800160691600535 0.02275836663941157 0.010394502940454997 0.06552680742551019 0.016287418559565427
92 0.05488966922386661 0.011812720445061837 0.09267927926536129 0.09341335995987046 0.00404116708182774 0.07229971175173448 0.06409248888566045 0.0868698964064547 0.03967452241689684 0.05980145471861653 0.04132556894788595 0.08957368481710747 0.05623497870607474 0.031235467682629747 0.03756783793884407 0.06442026681321743 0.04202382288473522 0.014137996206839702 0.02923024101265903 0.01467586483465574
93 0.0743189176567237 0.04396516596955776 0.004805885889761619 0.008909413220674524 0.06314641870951754 0.012895783136000706 0.04328636744185854 0.054629356208682214 0.0489631055510283 0.06228339437300018 0.06338745630535471 0.07030726586485884 0.033459854612948245 0.05917036575167695 0.04956626780173415 0.07225614775500053 0.06480992893167394 0.03741133104596161 0.04713000345474485 0.08529757031924119
94 0.10828780807248568 0.05303076230115232 0.011553119825419554 0.07249728899089315 0.04137897886068788 0.08862148567447074 0.023571462840532294 0.09339087512509575 0.05991192266807406 0.011379181049219984 0.03503582136704862 0.011937558174064257 0.06421803221000688 0.0518554103624445 0.045016316447441744 0.028927346307740767 0.06166471372402579 0.02568986800556659 0.10799846409929884 0.004033583894330684
95 0.041092663386334 0.06649904486074985 0.047986075945099044 0.059947828582420565 0.04770072217977157 0.0053217842140131704 0.08161321244400722 0.09186726508375208 0.05000209261913562 0.04345914809005213 0.04049806196812618 0.05138953632821726 0.019287255209010826 0.047806569638121785 0.04741263145279001 0.059611650876854105 0.07240585109789631 0.0010896071665269015 0.10225901434591061 0.022749984511210904
96 0.07714190770194192 0.05133283551070608 0.06481418973240281 0.04145921910275947 0.045322331289360605 0.05784197690360498 0.07914370423265399 0.07099853112739388 0.016369298714113415 0.053191233320127054 0.0062874005906914335 0.044962935290278006 0.05825166344361179 0.04153587262901692 0.019854872852529 0.07540282192726845 0.0478461640533153 0.04605638142660946 0.011307374570737888 0.09087928558087759
