0 0.045605956474521266 0.00710431050917071 0.08724168551351111 0.06423369033611882 0.06884421523159412 0.04308737758902603 0.032216435669827334 0.10179126315305412 0.06464138810492802 0.03739524144290374 0.04649324259085641 0.04879731588304393 0.05993112314739213 0.053438816665458785 0.09598033172691306 0.0026132185863459007 0.01588656979425059 0.0030020810795749913 0.07437630910908 0.04731942739242913
1 0.061068820701367967 0.07985013836635602 0.08239238002677536 0.07350052686692429 0.04066584419252335 0.0689825355672236 0.02377061089435196 0.06843736957280318 0.0003904408296065337 0.060320656940758756 0.07728056731809001 0.02392355768461077 0.07777723499023671 0.03551242092898566 0.05500857633284939 0.004354812729841526 0.01581156675514888 0.07181854040385065 0.03234368912276844 0.04678970977492721
2 0.015201756759178625 0.06528872599267478 0.005661059258309889 0.0267637009841838 0.08719523713230345 0.0354544237799769 0.06622618650359775 0.05087376092974554 0.07117809788344534 0.02282122297015246 0.017665426868211105 0.08596380917691479 0.012959766190358935 0.04774967228335285 0.08085826965322233 0.08737341352308658 0.08157080807187739 0.075596386458246 0.02059002799395012 0.04300824758721145
3 0.0476980103538609 0.016792749780683926 0.07485821777215308 0.01282318520800576 0.022712855319520768 0.05317787378344124 0.06843186323431656 0.01806377318390469 0.06573131104986908 0.05171148664084567 0.056890574521519334 0.05628757104309515 0.05402732877904883 0.05748054897482966 0.056701346013283936 0.02692016972257706 0.053061665202781855 0.07504354406936506 0.06493922439363572 0.06664670095326158
4 0.011173528575684995 0.0009922120187316479 0.004561212504561645 0.07843849212360195 0.09704350739509025 0.020497252578788355 0.01993161757281588 0.0881660672329329 0.023837831796952293 0.0026712917520741726 0.02843958446936159 0.09334727506282799 0.08606230700759877 0.07415984415205087 0.006851417107143142 0.04648916308508882 0.08914897315157866 0.07007510855071632 0.07521559942052397 0.08289771444187578
5 0.011243240754920163 0.05794351210351817 0.08793595596061769 0.011393616521135446 0.040385999054785016 0.015786111367491168 0.0840974190236666 0.017809662128564878 0.0736813465475197 0.0710298322892527 0.05628722099527597 0.0734641517357628 0.06892285655882317 0.06368735384229106 0.07352022834946635 0.020662784447844793 0.034860590417611186 0.03458505404337858 0.06941638303465862 0.0332866808234161
6 0.01025040455936068 0.041044276089971535 0.10252793727866873 0.09325564474220745 0.020301028464044968 0.06994461217583886 0.011672446998108274 0.07916220690701414 0.023266727792955428 0.023825265815536435 0.09002129779628805 0.018526450174607443 0.08594818804972902 0.0950517236112826 0.04449576781927859 0.013952655403433096 0.017965407118935475 0.033487719107834914 0.03484636198470428 0.09045387811019989
7 0.03630892860088315 0.052736914438048815 0.0832169898943213 0.09892148550695713 0.09250053690708782 0.04676399788613652 0.08389932857251411 0.027387856230867997 0.013340017874494849 0.0714794738862859 0.06324524420180529 0.056324060062701325 0.09380354575870359 0.012897083252109224 0.007086010925835994 0.013869273208955894 0.0717605880479864 0.02020733449478594 0.02138625670953678 0.032865073539981866
8 0.04411469964055007 0.08124799349079088 0.024816750784954267 0.05232045204708087 0.06200562000890512 0.06426018254048603 0.02625949970551076 0.023809184081626186 0.05795774324454797 0.0054013904572587776 0.06505866063522274 0.05262375492994921 0.046388867495915524 0.07182914193700536 0.0632180845934921 0.020721620272089958 0.09008127843523939 0.028162355727528697 0.07636544823750063 0.04335727173434545
9 0.08132025312003296 0.068584108181128 0.05043600179650449 0.013697720061120423 0.0003413956800532553 0.072555547523361 0.03524999379279211 0.04465286461377947 0.03958350474923947 0.020563331936659733 0.09002657924717805 0.04289722411292805 0.09228055548018646 0.058147661201261594 0.0399180111327547 0.06397178590678258 0.09411316043611123 0.0015858126316610805 0.0002538807223228271 0.08982060767414245
10 0.03668850082334832 0.08014727955095295 0.01819175039719373 0.034379101220264184 0.022861673863928185 0.09066919146960743 0.004303088880591334 0.009318730960133971 0.07577914985879787 0.06334711041020392 0.05859985349543556 0.035387610370747606 0.020375463060599498 0.06382805972352336 0.05561082064327125 0.09408286810091535 0.054459767158646616 0.05258995800181233 0.056817920325790305 0.07256210168423621
11 0.07423780282654531 0.06816791149379292 0.07614760316525815 0.001490950772219184 0.06290449956377067 0.03436797918080918 0.053450966475438254 0.0557483284222136 0.03931713466138257 0.0753227709832682 0.0477384979176436 0.012753835402414686 0.052431667843091 0.05394789840806037 0.0045465736156197365 0.07624645898140665 0.03788672758984216 0.035318503949155346 0.06515840914034722 0.072815479607721
12 0.07043282187238828 0.07511161555298074 0.04630117242575559 0.028290102617233234 0.03466687438194322 0.018764973509421214 0.12196349970792904 0.008268309679777857 0.01789443732533058 0.10254748757804276 0.002989315576065839 0.02644214317625428 0.07911843469596302 0.06417940744789734 0.09733570574780759 0.04081547283062061 0.008364607731442686 0.02025815333595506 0.020234125167663992 0.11602133963952715
13 0.06654447048565615 0.0008333026014975662 0.09058501889141017 0.042859513443401186 0.09297479853064962 0.014516792652712059 0.06596470663133881 0.09162170726783907 0.05175231975554593 0.060553846619129124 0.05290708484424495 0.09415209097694034 0.04709019529195899 0.05404932578519704 0.06676789571644164 0.003717215140513229 0.054616884246402 0.012666093197471353 0.019042179441294254 0.016784558480356607
14 0.08319086290609691 0.028793156483674025 0.061588039401401305 0.04187553366312544 0.08082046705178059 0.07915237220829124 0.0862843211474386 0.005447189594657908 0.05968246299831213 0.058408457626891334 0.08763071561248996 0.020367663083167717 0.01479198327692629 0.0677128125402281 0.03025671914864243 0.0526166449540785 0.018350068738188924 0.05495506283670448 0.05941528579440214 0.008660180933501842
15 0.03458406804362262 0.0022947818632873106 0.08574290472534749 0.04678324548803907 0.036378377438910606 0.057201333490920055 0.08284570467645593 0.08787881941762692 0.04297085649196109 0.06392875066998567 0.027271730967920703 0.04005351761699742 0.06698011640368678 0.053360236189481734 0.05843495829156935 0.002627034138441016 0.05270370940993389 0.04200216765737531 0.06040509533546062 0.05555259168297642
16 0.021769360311693027 0.02525870413428644 0.05868944551629011 0.005049462963048797 0.009803069203869585 0.09201867886056683 0.06520303665421144 0.03234289390187514 0.07053113959839959 0.0915927983927411 0.06982480134860503 0.06546544061792962 0.0904770645367299 0.0008889787564775463 0.06499109139253119 0.057094470627870236 0.08284377770578513 0.019006753271825907 0.006064403652659875 0.07108462855260353
17 0.07508815898963125 0.038962475476101724 0.08036918050715366 0.013754575535370012 0.02820336031232362 0.019581289174798976 0.016621349187466043 0.018933963526774036 0.08249410081138861 0.08214331770640333 0.029175122864637883 0.0789774001939888 0.07415830721754656 0.06549856828983543 0.009817034835557795 0.006652431165410979 0.057482576917013056 0.07528405022633912 0.08183461389617572 0.0649681231660833
18 0.0010989018687759659 0.016634126686584514 0.08359645182383468 0.021732556259453407 0.09271055602260837 0.10573581488926834 0.08282068897990175 0.038774686978291055 0.04871566115625821 0.03147722001611464 0.07260540654791343 0.06210206668977848 0.010082044342103046 0.003547464235732773 0.09177842881682495 0.0934231719638154 0.06882711752463326 0.055232797880724445 0.018088265910167888 0.0010165714072154887
19 0.007038015404139639 0.06984530451411623 0.028081007381887915 0.048494263137900256 0.07474183303521355 0.064325884620671 0.08804571937282482 0.01762297402862825 0.08791057127336614 0.03358661350240751 0.030414913649471683 0.03890365812584299 0.016060375915015135 0.05915620366936371 0.028491317205908112 0.032928408872399874 0.038091538861825314 0.08848870118125733 0.05808583199527678 0.08968686425248384
20 0.022506048596376737 0.009701903106755113 0.07728662144552916 0.0005511273812838453 0.09566684665902334 0.05232538359090494 0.06446389116056968 0.021318969656074452 0.03954688145391694 0.04500384764950784 0.028879093577352348 0.001732279799669294 0.0743442366306799 0.03182982981360604 0.10543661670214081 0.03527785389600953 0.02343129633171468 0.05092323409461452 0.10735997158432753 0.11241406686994321
21 0.07375518792068171 0.01711444297423322 0.07961923313351918 0.06053946851293284 0.09381417672474686 0.061053225779526384 0.033586852336633215 0.08253529277069459 0.009844383773725932 0.00369449075044799 0.0012629555352817352 0.028712455828820604 0.062372779898210544 0.07491041362077829 0.05545356143621975 0.03567091135237092 0.06668051683335972 0.07255341020523325 0.059659197469170436 0.027167043143412874
22 0.0773526564594484 0.022700785411097366 0.04700853678965807 0.10236532260439221 0.0022042825940230487 0.07606038895281632 0.023944556972548568 0.08293927826198974 0.04006832404386051 0.07009341808757429 0.017617275856330352 0.04350126348411125 0.006747182657294377 0.003367333537124393 0.08228708856040746 0.0753512286867114 0.07744794509435558 0.03847714241748488 0.042151325887508445 0.0683146636412633
23 0.027343845500978223 0.06397374382041367 0.027479666619792315 0.04014671664795397 0.022474274477389828 0.01117561884606017 0.05376968975606991 0.08717299800568667 0.06372323142066799 0.024741986917598068 0.006673889227479032 0.10441368627118713 0.06358567308000836 0.07184889552954328 0.06945538805412949 0.08231101961936747 0.09350503811990132 0.05021873741621527 0.005977797906038759 0.030008102763519017
24 0.0018141345394186719 0.053909060059551935 0.07504063243427754 0.04791976093395894 0.003741624391741109 0.07872669799086433 0.07552788769398223 0.03314432506706775 0.09313501606890168 0.018162311436901012 0.10995420725128578 0.09311437280749521 0.049092137086883696 0.01587806366141558 0.025562896161304426 0.029442118867829083 0.05846415483253529 0.0812264425144908 0.004716244554382234 0.051427911645712754
25 0.02624060775992914 0.06932327544365811 0.004928008321654094 0.03641877572414273 0.09134470758156966 0.055998410142219845 0.028127357160581033 0.0732906649119733 0.0760735671388177 0.0027233547569808455 0.014636956243567128 0.0428349221851133 0.05060701421422368 0.015544254977147495 0.06363355085697875 0.08164151812368503 0.0889683325840866 0.008860410134626143 0.08684487545552584 0.08195943628351945
26 0.07158853206676867 0.10258230671675637 0.07487988419315797 0.061488755119594445 0.09350448509103174 0.05434181525758306 0.09762622026240739 0.06850740832582154 0.03671870295745091 0.02893256124705986 0.041704809262788856 0.026335106639749677 0.08128768357925208 0.019550835380630825 0.014069372383636529 0.039510162687632 0.023904145518908584 0.00044613199038132 0.054838317088076294 0.00818276423131175
27 0.10274190019055439 0.10888099463663693 0.05743380034732331 0.035308226223993586 0.07698814445635946 0.02415239671053234 0.008925627673788402 0.021111406615403863 0.01966421231592184 0.03424757222936 0.08526354297951821 0.08909534473819954 0.04096326648336998 0.04190035202038557 0.006586157325946973 0.08302272349296373 0.02654555323795275 0.06230475529187435 0.041640814275029914 0.03322320875488489
28 0.10427739524110052 0.11242742859549311 0.00811121756825892 0.04661619720729401 0.01622933319765965 0.06602924561875458 0.04524434176375226 0.009975918717352173 0.04133090458809439 0.013291646666685928 0.037059645449697164 0.07859884053736113 0.0908998137695468 0.06656926221737941 0.025009906935677336 0.05015335786942534 0.0824265972474181 0.057853979796755474 0.01731155019227241 0.030583416820021282
29 0.08962671261480751 0.08125916060146124 0.07263823977232883 0.0010052781641814513 0.028307753559675145 0.014441520458508285 0.06863589612509077 0.079083727502724 0.07733940959284674 0.05715768222007065 0.06182016106687071 0.056277404424648556 0.04331816775606628 0.03988470160196042 0.018987421247687854 0.011272033344551777 0.08466047673838914 0.08818934529150423 0.007965396697286978 0.018129511219339443
30 0.03669010194486207 0.08940142383919018 0.08079805977116643 0.03534112689846403 0.05657486061574016 0.04756697019556809 0.013958730575328447 0.06436108688990835 0.029296455460826758 0.022816274835543587 0.029954332622959625 0.029482585049628435 0.09400359587486365 0.050883018318405596 0.028137166827909812 0.06900834423799511 0.014167380621967459 0.08551782023531204 0.04556752997231342 0.07647313521204686
31 0.12714221994499222 0.003913859813445961 0.04196596130755149 0.0062006404671643076 0.06205983936536074 0.05440628463343894 0.015949273273818964 0.010410173168480377 0.11545515938872744 0.08784671293972582 0.016190947949958217 0.03489268151030449 0.04591684435435265 0.12494001345293124 0.06643072487454273 0.03886527872797174 0.006950093400681722 0.011254517155862115 0.0017602206768862576 0.12744855359380258
32 0.05911205161532583 0.03204322282235781 0.019386837141811036 0.020670797239411492 0.00989305892407439 0.0447385236522952 0.09384648246372808 0.06351269603583351 0.06601707546411777 0.08257438872620086 0.02444792173954562 0.020683067269694128 0.10674616533765303 0.08010113167881966 0.02820380548501858 0.003008398694580856 0.06665989058089723 0.08403472544474196 0.05087098838039188 0.043448771303500916
33 0.02512344874166953 0.035981479859815535 0.042907787857527684 0.0687969553722183 0.0037263355375916764 0.07176190389488649 0.02833906602529883 0.06676926335058955 0.061100378966144626 0.08259185746280001 0.02293365629586116 0.09826436107556707 0.043263263330337746 0.011980423058516603 0.10169471488507328 0.002221614936837069 0.08920215368510019 0.047547992704020575 0.0741002763754314 0.021693066584712723
34 0.08348682967349215 0.0419790564591215 0.09031522677944742 0.0546517785888972 0.020757842652654117 0.0634163157010037 0.030923613111148045 0.013957536607767518 0.045610650836623065 0.09061145326518227 0.06764964416090442 0.05921338730994517 0.03959551336268381 0.09328442720240178 0.0005477505796453064 0.02771205045641805 0.07915484743786692 0.02624230005292661 0.06449873986602651 0.00639103589584433
35 0.06799857732813562 0.026797464691787724 0.09571264449148405 0.00920866975866357 0.0077052332828068905 0.01541937465602049 0.05216646915378995 0.015828659598026564 0.06406121496008829 0.061537659052460156 0.09332536922523488 0.052792187792335354 0.08427963928420666 0.0149104357734155 0.07834473395377219 0.08886075075517881 0.015262141837394586 0.04003651703614818 0.08552419323456667 0.030228064134483913
36 0.07678768526777632 0.017089836703051343 0.02132207216450913 0.10711864197460319 0.03474088649548714 0.07679699139349558 0.11151798678513106 0.08829983548918544 0.030736019382651684 0.04488502792549224 0.0826928377692561 0.051154629120942374 0.021189759702372756 0.06544457475112767 0.037929451492277465 0.061553403678724423 0.0038618649566692464 0.02379748722955452 0.012747996888330147 0.030333010829362454
37 0.05540374109057425 0.006796069687647906 0.08668131280298638 0.06514594416590318 0.09253538318282543 0.03643631155189431 0.013730743171754238 0.0740610688442793 0.0224503013129099 0.0203195430853893 0.05740987719298507 0.014614488547893325 0.07620295222870978 0.013497466262123685 0.0850941033009925 0.08294962258937519 0.024005617948520696 0.048404352824757975 0.04069535496571395 0.08356574524276371
38 0.09973744772770882 0.050937711236086064 0.026318296959998565 0.08457383172482945 0.05311852828422771 0.003994359471474528 0.04409357038755499 0.06467329131715362 0.027204627483599395 0.09441767095323082 0.08038199113370445 0.04947600072883703 0.061385295818972965 0.10538276235967584 0.009041762582899406 0.008765628841169154 0.05512745622806717 0.006329161478956001 0.02132994459280266 0.05371066068905143
39 0.018368816196366572 0.07810169380866587 0.10274376001129586 0.10861133446244238 0.08215000104692596 0.023973390573591106 0.00286333104467405 0.011337771636779828 0.08030198363850871 0.03252434421107667 0.008162469334810254 0.08221108513904055 0.027934796961233514 0.08515378383760841 0.10585715461547078 0.034010917335528544 0.03292750188807006 0.015215808808089554 0.04085084515445844 0.026699210295362954
40 0.08064570386411692 0.08115443008440723 0.061920991129420816 0.07195970681085125 0.03456728852756956 0.0001503483632496421 0.05444502264843722 0.006033978355022685 0.08996517200689072 0.0425650561766338 0.0568734202265711 0.06436876826468237 0.08019374022040027 0.07213795449945157 0.04428538506553183 0.03303596003252844 0.051473456588574176 0.035365458231569905 0.02360994164473837 0.015248217259352326
41 0.03573901337599149 0.06073205887182573 0.027288651016140062 0.033292231327511135 0.014740613716943267 0.05163513650480484 0.03574304114425765 0.08262675459681337 0.006622284325759401 0.10025127335395562 0.037584515995441804 0.023635036285853457 0.017398954194496365 0.08354060712787008 0.018654641691993268 0.07733644023659748 0.07450185668591239 0.06138279876498393 0.06227151117034768 0.0950225796125011
42 0.07420384619260222 0.08524153035221507 0.015651331178160404 0.08187919522569888 0.01774658660718737 0.0068071194581042 0.08402773909927652 0.00778388859604406 0.03177564365936218 0.09524238377078711 0.03070563624179775 0.02238949085530229 0.09388116002816742 0.03664269465777646 0.05641762991383359 0.0633385419517326 0.07261085316362974 0.03091304830047169 0.07794739535336287 0.014794285394487731
43 0.05468235963559808 0.011787978823277413 0.07795406690362809 0.08532227639923996 0.06376813368822302 0.048861741200913404 0.06459699035641948 0.06300498315569569 0.047023028991420766 0.07222632497175714 0.05782825993702904 0.07862874839794304 0.005509282340732444 0.08666127888057909 0.04604533708821209 0.012758752592967642 0.03484296063853317 0.010572737121435595 0.06627070440935648 0.01165405446703851
44 0.05684213327844982 0.08095499770144104 0.05670691219539305 0.006465430452566867 0.09102814831113276 0.004192213691533201 0.07538786075485142 0.08785243309157377 0.012487212361920083 0.0010245456949077314 0.07804328480235875 0.02350896729914568 0.08467035418134858 0.05387687228973859 0.05487170590393095 0.047436735969996445 0.014157273888007017 0.053691568196659586 0.08983907058024772 0.026962279354796972
45 0.008968011836331504 0.022615554787532487 0.05323265221284571 0.010176717265815401 0.04992543545067832 0.07913139666061837 0.05436451829853801 0.04135525952151183 0.07482508666890085 0.04184939212207116 0.0876004641462 0.08768680542219318 0.06552992203355744 0.09020776527264585 0.0028448518856088964 0.04728022762103606 0.025098573418757642 0.05463607544423286 0.062007828072426496 0.040663461858497764
46 0.003243802531447282 0.0903020401359364 0.03812560355621262 0.04665634699466464 0.06123404472705372 0.07620505685613403 0.07312237451050715 0.039179272013188084 0.10697502053270944 0.0041628414956822535 0.0703715795386904 0.0008101562667067804 0.06359503897046331 0.01042568405700071 0.08425999704533138 0.0010430011188260174 0.08371957650071186 0.06662167186620703 0.007351014156011479 0.07259587712651538
47 0.0031844024427847865 0.057228673435490936 0.09757895683519649 0.06679221199818419 0.09704573586398127 0.029561225028241284 0.09617795994254023 0.0501153419708929 0.030150538104355713 0.023985319952482945 0.029619905555199534 0.0638466133080365 0.05483515791233535 0.013587052565190135 0.01081332044666365 0.09810973394581954 0.01666233069071715 0.013177496871025192 0.084698432206228 0.06282959092463435
48 0.052655036081418596 0.07578577824858043 0.01808505250388705 0.07381693468543299 0.01186756923467739 0.09961459759345262 0.06901891948227055 0.01646476096091551 0.0204203690178808 0.006778494776958592 0.06881605139759168 0.07205117057259684 0.04817240396466287 0.028492495710324167 0.013558410821046023 0.09737110305257485 0.09166420534960754 0.027407367751189585 0.07321997496624146 0.03473930382869053
49 0.001497801930853211 0.00731724084416986 0.09751919596872588 0.016858771680930733 0.027343087908962966 0.08295638508023927 0.03654052287387261 0.11387774447782917 0.012587091426439627 0.001278729349046339 0.09089447528827639 0.07623542534122608 0.011907207278297919 0.03234002072761941 0.0375749476468377 0.02353567546702831 0.11788433973996419 0.00752395717043626 0.11440360954031456 0.08992377025892949
50 0.09152074197172361 0.03312460273432778 0.07580229185119744 0.10276336758337044 0.070626346814745 0.029943312670031048 0.020464865032254396 0.10461707855328654 0.05475908027104753 0.003065533670302219 0.023497564773977415 0.009715882149266082 0.0017445642801083812 0.017036543341165323 0.06912279283551975 0.03360941654643761 0.05032256874599962 0.09703452605712677 0.0985686442050079 0.01266027591310511
51 0.037003973761837027 0.04436993817367022 0.06725725184789833 0.03106297209239914 0.0532234334719863 0.0063666161950009835 0.088566422197614 0.08139220581722731 0.03436608955431174 0.006682698268733985 0.026156138446108514 0.08467740650892938 0.07802981871311848 0.07696886514316016 0.06754594932225388 0.0006578650762819239 0.05232370390426668 0.0504350418438343 0.07950131297806855 0.03341229668329937
52 0.007716690966582617 0.0828811999758347 0.017659154589759328 0.05573581327666736 0.048137318730649345 0.04046016616628718 0.002930012581346573 0.0003170684521930523 0.040053736671831965 0.05661000916528078 0.04232270443920207 0.08094409341374782 0.06866728557148578 0.04139033191792942 0.030607113508179254 0.09612860931160386 0.0875925741004813 0.0879041562811489 0.03237156964149438 0.07957039123829443
53 0.024280043892663958 0.08194943003154084 0.016707772165922213 0.046568668613362174 0.018069964844927996 0.03162777541521448 0.06030310721520388 0.03747651168444348 0.0791263869984697 0.03504582771093679 0.019215281158250355 0.08483051616295882 0.07560284616587018 0.04462728811361508 0.07449216782471912 0.04082860284585263 0.08150670219925235 0.07207790443219234 0.05103640800798221 0.024626794516621427
54 0.07538708203300744 0.050343450117978895 0.11043603181220493 0.03311490462547355 0.0010101601107558888 0.0020984853232062233 0.09685086341033629 0.07162988389323695 0.05423468815477305 0.034289090378608895 0.06757561419496007 0.022287918896229063 0.03474470755401515 0.06763321424786356 0.06846106162763066 0.04034209129632547 0.08400428999363721 0.0018320301004398998 0.0651636427032555 0.018560789526061158
55 0.02153288127621225 0.036224114155617285 0.03843946938113938 0.08149408902639478 0.013820465387585747 0.08831939426226534 0.08313152303082896 0.02617843120589332 0.018872248162890664 0.06699459918623724 0.05922108355877168 0.07201456024977647 0.055482834708170586 0.07309377912335101 0.07557694755184514 0.009301164668387832 0.057921107598899076 0.08432456583233754 0.022945831996589294 0.015110909636806325
56 0.037978595270545416 0.07494893500342129 0.08140675014998527 0.03949945893898185 0.07996568538659644 0.07566896914815278 0.04150401248001956 0.02578345155169407 0.07559774639844058 0.031337041345007255 0.024513220782246256 0.09109875162993956 0.03505459853916101 0.07796331542175476 0.016276092079521506 0.05312341044290578 0.0716990732035154 0.01886864912179735 0.013666795545027905 0.03404544756128598
57 0.0074643268763516304 0.030160494171636368 0.04511767268826035 0.006442103080927929 0.07904982526263715 0.0474512124545305 0.052271446799658894 0.061821244372990615 0.040846014886384854 0.029735649104175556 0.010464152754993437 0.09100531983957928 0.03766466179311251 0.08657447068875482 0.07986625249934766 0.05153035601382029 0.014888354940015705 0.06269578303671514 0.08982929151805198 0.07512136721805536
58 0.013385400340803374 0.05276682419293483 0.01666526438794432 0.09231458510476144 0.0413483792967063 0.0972787978039475 0.0949115596524247 0.03868695520102197 0.04897975651319127 0.04474144137945215 0.041660195842079126 0.050183170360274636 0.08264743786245754 0.017881448387697153 0.09216353979535385 0.07362894677439141 0.029055364851564295 0.010632557373704781 0.03444049388060225 0.026627880998686824
59 0.013617110958415111 0.012615076774878886 0.0380799599520606 0.04137902527896478 0.038402146716690705 0.07397386628486255 0.057519153746846394 0.07225146500707638 0.01522144112090687 0.08219543717313167 0.055921766195964055 0.04155377877377561 0.08411729285362783 0.0627819725497606 0.05616524525510555 0.06566391509069826 0.013607139022656463 0.07097080251902779 0.07394543736950604 0.030017967356043816
60 0.07880419086508648 0.08375829788724568 0.005828116359294715 0.0739769686949619 0.08541939776244688 0.025451927586189884 0.07087612575736116 0.04218720440305159 0.010973680593147017 0.034963444239320046 0.06364611398709072 0.0027611810142353127 0.07378642344535732 0.06457112133403603 0.007311176606249894 0.050641586331114236 0.0849528595164489 0.08297567140850509 0.014026287695796624 0.04308822451306042
61 0.02913770564067646 0.08975616610221637 0.05168083118593068 0.06377441598450763 0.09533303111922652 0.021563894804286526 0.08190558756286304 0.04538861145219368 0.0048060608231567355 0.04398286921385556 0.055229729591516716 0.08967953443126495 0.09677009569816455 0.052609767699242894 0.014186969902015002 0.022219430239689964 0.015999204033011725 0.06584126030144921 0.047232851282416756 0.012901982932314957
62 0.017025924120089634 0.010579810184064524 0.011807855679504245 0.0028958142879184625 0.030380346366417458 0.0952872412003863 0.07945738613459338 0.018861547525910374 0.09343763963712369 0.019770996419927498 0.10118530601426265 0.025799063255410815 0.08850253212109382 0.022756519457329313 0.04212419154083604 0.041040414089548886 0.05737693408603708 0.07493269064107401 0.08336545206544453 0.08341233517302755
63 0.013999037942707964 0.05859402150073903 0.008937096292294028 0.07625265694295727 0.06682788827934846 0.06656136899377942 0.046781462925267685 0.001870063759692036 0.08201890745493576 0.08724356730032207 0.015603125720980326 0.0685689453268175 0.06736221045111164 0.07866805170220222 0.0561067847891352 0.025485683186636417 0.002198914225129086 0.0953589296471665 0.05123594890422701 0.030325334654550482
64 0.060577667075916455 0.06216259606825949 0.055733474588733165 0.02055815116233285 0.07465541536340199 0.049101693521349334 0.05418448730011853 0.015386086867468772 0.06983415241859617 0.051733171490718086 0.032480657885387225 0.009853152849556769 0.07689966983981855 0.057902962860063 0.07329038273023905 0.021860845239203692 0.06794363138466807 0.0671540600312152 0.07585862412775346 0.0028291171952003597
65 0.11344773351558103 0.08175759949298142 0.031871180007960596 0.07582032559543318 0.04645866170451813 0.004331183462905418 0.04712010284035719 0.007457652833189385 0.0600453375049741 0.022991426818623248 0.037404694417371084 0.06656801212059582 0.011612136339723784 0.09857569283984656 0.07220545007135186 0.06747821032282855 0.0459532043792943 0.023475214237027527 0.030372997128499425 0.05505318436693727
66 0.007098549763272578 0.02171678218362432 0.09823654524467525 0.1027760434944091 0.015739976399195842 0.0051287068276909 0.03699483699992561 0.07691064079726266 0.01474124620342946 0.11333630855337401 0.02840359083778716 0.03558330189295517 0.0459918100292713 0.1133331723925477 0.004444219174131221 0.008682325740373555 0.11137276824457266 0.0834115196096274 0.06089262315814936 0.015205032453724612
67 0.023217004786326743 0.07402975443799978 0.06345464438299218 0.031972376504643685 0.12821161252568256 0.011586647613732785 0.001704923905584013 0.049089566601742206 0.003725937165117636 0.03999872373448961 0.012150491758522437 0.10547206902521547 0.03850470275771087 0.0792292195700992 0.10817804898334213 0.013027357868920446 0.03181906211004461 0.027810674932258823 0.12626882858171307 0.03054835275386174
68 0.0455527323567235 0.0034197567559076246 0.013514739275185832 0.10104454292252914 0.0035248837136095464 0.0374988423122119 0.08830682117720998 0.06048615578134585 0.011728412092566913 0.09303550708650302 0.03951261305789452 0.0921495239027201 0.007424783817897336 0.011862056955434562 0.05335992679846865 0.10055978835964843 0.036430652851700863 0.056660441088579684 0.10055622292123409 0.04337159677262829
69 0.054782814128472454 0.024922430567822045 0.005244039739506616 0.025571364536042297 0.05685915026390879 0.02452448253699364 0.02482357519795985 0.050523525637085384 0.05810895250154817 0.05439738394012649 0.09903704285718727 0.06119918074613946 0.04467707233023491 0.10955287563410718 2.2610826941986372e-05 0.02321114255325828 0.10377951480648835 0.053290130794638596 0.029370538790106798 0.09610217161143136
70 0.0824831814551849 0.04254385460385063 0.05205737972951527 0.07119868605861374 0.018978228014996993 0.015075123161649334 0.08348806674929765 0.07416159066881195 0.0063379344177641244 0.09240535079205897 0.07041531256601911 0.06627121357668157 0.05719261869461719 0.09188933292942443 0.01919499228292222 0.002373667689474675 0.053032414799555144 0.04456408416630825 0.02394715605777994 0.03238981158547387
71 0.07443340636312575 0.038816957625345476 0.03563399294313342 0.07785843249561133 0.05493050259629987 0.06806521626515359 0.021537795793623433 0.08256249920094239 0.030140284716842436 0.05033785487331104 0.0662584325781898 0.018711897296731908 0.005319260904437272 0.010589896075521691 0.08287161235101119 0.07686400021339518 0.05585913401851022 0.055624524541114245 0.07768545578750881 0.015898843360190984
72 0.08705027715419356 0.05045188781458678 0.07062020317316633 0.0695313097394559 0.042990969137281274 0.00019043744456877332 0.02024305084409368 0.0856710643886656 0.04546239439207912 0.04921123775677505 0.013731793790358196 0.021705931672071337 0.005841652202833676 0.07667406825334053 0.07871770868768366 0.024936857249219808 0.07934634913850777 0.0877529382137197 0.07645569814277516 0.013414170804624002
73 0.01595249526548464 0.08796493700198176 0.0845795779258329 0.08904653049306259 0.01752903247204063 0.041057772327911884 0.07616149000079368 0.04961594313028367 0.09327132273960449 0.0040597058288533916 0.04560222635550326 0.06887454875312557 0.039769750893893833 0.08526639650094962 0.016848510940860272 0.01955973373453051 0.02235303755218342 0.04389097636013009 0.015580414833278107 0.08301559688969574
74 0.016152594000420913 0.008323111039543333 0.01540616455201845 0.05997694278116031 0.07422596725807046 0.0318120359347895 0.0787360243685261 0.0770187050340259 0.02728102168490395 0.013304468518634876 0.09952289281031153 0.07976595879835194 0.002390321609796321 0.09504343098072926 0.10000210008061398 0.027056925212214592 0.025211629302752513 0.08951703203206263 0.01625170731791706 0.0630009666831563
75 0.05198329850485983 0.04821021940756627 0.01325992492799078 0.04545911163667938 0.03892765959357196 0.0051362028155840095 0.0678589421372722 0.06277174860075935 0.06891881394479829 0.0401184588776446 0.053641221036371776 0.07800698526034314 0.06487392230572132 0.04684362146331137 0.06594109543759105 0.06616370935872211 0.005195104097970442 0.07822162625140107 0.0503369484227837 0.0481313859190573
76 0.07024089252495 0.06282749741385721 0.011406022338018422 0.07882360686269686 0.062144649686134174 0.05577216987844659 0.0634062475557036 0.05237606682867878 0.04865945329123788 0.0018478752295199752 0.09326276406292561 0.09348911487005816 0.04499446889712578 0.025842821074661525 0.07196062300476176 0.04599111064081365 0.052391463483010055 0.018504284186564225 0.01203585216688104 0.03402301600395482
77 0.0285225802444793 0.08131103570647265 0.07874020574307979 0.016820429935383425 0.0671995245590511 0.02939075726206136 0.05446401968143527 0.04564119784166433 0.0633866919731997 0.046875893007432 0.049014852524512056 0.03342906866451502 0.06451698698193999 0.06878145605460145 0.010057733769421207 0.05090274157523268 0.0396997270758945 0.07253350191233028 0.0381283293933001 0.060583266093993865
78 0.032534481444060404 0.060707421135199884 0.05040131668881857 0.0013251681169067905 0.05200956287136216 0.009223931235034634 0.07856235348272665 0.028965140944280494 0.06597101806782883 0.07321905094525082 0.0673735741074931 0.07007812705444 0.07827985405063036 0.0771060008085543 0.051896397620297643 0.012316700924452544 0.06365866660474707 0.014668066387569217 0.07664473539532775 0.03505843211501881
79 0.012978948508032384 0.043912322749866804 0.03529540246660496 0.07602236114682052 0.07272877288550829 0.08504650880550738 0.06039760808729515 0.042375914482619806 0.034629781320211266 0.08878256613982048 0.05308485136813897 0.013801061000598063 0.057412374191586964 0.06792315131316938 0.05090149098734504 0.03131767321932697 0.04990865049215679 0.05225351871742218 0.01837569693385693 0.05285134518411164
80 0.007720188554740646 0.02817042717940122 0.09620631905160815 0.07306043969904268 0.022939607157386754 0.051105377515159256 0.04242046702832138 0.0252507764542134 0.015169478671173384 0.09765443859321114 0.09229722069997676 0.038900781076843825 0.005345019763550474 0.09162259479144341 0.019444755549366293 0.07106830838434615 0.040311693764012835 0.04981597479554878 0.0997728057504766 0.031723325520176954
81 0.03017022303301335 0.01980618878984461 0.06461699267155446 0.025555560822827117 0.05208184555307038 0.059153673487144044 0.0628068870790137 0.06303723996509787 0.05978136947059685 0.07372516021386696 0.045533764431036086 0.07337484593972776 0.035599167691776144 0.004635920456367676 0.06751243014796134 0.07101527082850403 0.03257814524048753 0.07463133856989024 0.010521318135012414 0.0738626574732072
82 0.017468650043755776 0.04105785197673195 0.02979855862674051 0.016381738512785442 0.057690191054646754 0.08544300321179822 0.06726958425682936 0.06416061296803989 0.07203444994030941 0.05567887257774845 0.0670853235087717 0.038246041852373146 0.06872698695112513 0.09517714931249603 0.03188228819095082 0.05949905240559383 0.012882733580208276 0.04360383171951872 0.027041266109319558 0.048871813200257234
83 0.06370020747660751 0.08955991477388758 0.06867589739363604 0.00696172666850171 0.036336639116795785 0.009604451224875618 0.05545578735929674 0.02929458290783301 0.10339033660402917 0.05257717807525267 0.0887337294524649 0.09302791455379213 0.018062790397971762 0.007242529978903756 0.006758521432467828 0.08897051299483415 0.0801522884282675 0.018385210690218996 0.04377509559301668 0.039334684877346496
84 0.008619061984821222 0.024704706215627842 0.06772285320360444 0.08302136795141551 0.01651337113047659 0.05704180745632797 0.047430554067807634 0.08172261864072444 0.04574106611297907 0.09640487316039932 0.11293476949942702 0.0453013555738148 0.07333746038023808 0.007755714584868305 0.06586199502904255 0.08238743672591907 0.011748407472265045 0.045901822129187676 0.005137173835183956 0.020711584845869407
85 0.029839849772958584 0.06457242456230802 0.05587840887814389 0.01592638183647414 0.0016409118816014237 0.07868051300982952 0.07345069246803605 0.0028659526619649223 0.014803986852923981 0.0822476003225437 0.023614700073405433 0.07800538123284176 0.08054935863676628 0.04395804668649269 0.07817662620820172 0.042323017039719066 0.03378385585877268 0.09561325221481741 0.058794189773553364 0.045274850028645675
86 0.05679762927976125 0.027559383316394934 0.03723234480642425 0.07448904383468231 0.07402693965664649 0.03350139683787772 0.021436963027805418 0.06465476157726864 0.08448239392782575 0.04805491022980487 0.06280754812364839 0.06071283442607914 0.06283187224931457 0.07087604968202886 0.021772022505421963 0.03966120767930233 0.07088759441191257 0.01666156207969721 0.018443648342653825 0.05310989400544964
87 0.0031142071894206882 0.020340445596540736 0.02734989589458976 0.03360065182649815 0.010628504570639904 0.0798140493061045 0.033150880348447015 0.022377695980443514 0.10296422970716976 0.09238039336139081 0.05963083569493256 0.10882921287150853 0.10169369507461679 0.10870688979336783 0.004766017836052675 0.03999263637059254 0.09649637026820337 0.02495001628727556 0.014222447780203437 0.014990924242001888
88 0.08838428628556864 0.07497219878342824 0.04712759563914929 0.04923335027515802 0.058808659428944726 0.0714720070524923 0.04656998539947679 0.09319390559138813 0.03907308470174295 0.08395727072084781 0.011552648177766594 0.06810838787734375 0.05597187042126313 0.01374838518828388 0.07204978355597998 0.009622272793543192 0.08185246140868187 0.016010160289647423 0.012195740934006691 0.006095945475286717
89 0.0844903529414012 0.07891164024597441 0.08068551184800782 0.02104636334859856 0.03896412883741691 0.018152837488248003 0.05338310577505657 0.08408541365174184 0.050925665170411846 0.019650159393618635 0.038458029858751325 0.020817202659663324 0.06408669414672187 0.017972638845573437 0.08637805460098744 0.03398602422066049 0.0971186661321895 0.0048843362682245515 0.05682094838791016 0.04918222617884216
90 0.042791357910309136 0.019077305044181446 0.110138868140048 0.01568822594225134 0.0335539213943454 0.06435634946297818 0.10822617363059671 0.10690674737579832 0.1020209549132576 0.013974449822019449 0.07354561814222604 0.0054557152428435325 0.040012047505919704 0.020497654853806634 0.00492751728799005 0.07270269646340144 0.06288510418848132 0.035161211921203354 0.046657203173021036 0.021420877585321248
91 0.05886441283698788 0.020675289738855903 0.07719449389891685 0.019061741303039 0.0475545029774386 0.06386587658665549 0.07483174807570064 0.08627637468540489 0.08773663623186068 0.0145194761967027 0.009496917624500828 0.04913458485335965 0.07024681915719656 0.03973300194836885 0.032419996729583164 0.09356528855372563 0.0203783863017499 0.04580669172131739 0.0066017572902946344 0.08203600328834065
92 0.025168337211271936 0.07402495033504264 0.05638036724914638 0.07168933487340577 0.04595468886546002 0.05842697052279709 0.05708037610881134 0.0024514917980538484 0.07464694368380194 0.022052857022210135 0.016838250771748862 0.015083427090208766 0.04183040116226775 0.015172541965281724 0.07854866975389234 0.069042969980486 0.07504815735110715 0.06609331341816414 0.056149245616608154 0.07831670522023422
93 0.07070974219741487 0.02878087615375091 0.0393661111537435 0.07913428665679915 0.05016756137218952 0.053135265375353916 0.06629525049040474 0.08827106052737844 0.0692351197389775 0.020569769887557262 0.05732166853763542 0.03263881724156863 0.07361074650209104 0.0676292678184407 0.008207132297535122 0.06672878522796062 0.027534404193198515 0.02331193915796821 0.07371476960269556 0.003637425867336275
94 0.02322500430054065 0.008633936365286747 0.09537691801239825 0.07919833577519288 0.02861487666802157 0.007950542718929364 0.04742257650797556 0.013915058053135322 0.05514375823356028 0.02927762704539206 0.01952807882049075 0.04835804817458326 0.05893481672530276 0.05523498721275972 0.025985625197743986 0.05145470631920066 0.08305899345471518 0.08276690672245503 0.09054206418535525 0.0953771395069609
95 0.06898298758687572 0.0859078892574662 0.07760735843527301 0.004245840866662181 0.05567568685520235 0.06803962734496066 0.01142138398729075 0.012188083783776059 0.06969941442861327 0.08120842889622994 0.03242989648627608 0.02202590615069241 0.0001482603000695321 0.06789858948291282 0.05246921563149749 0.05808103457956316 0.06327958151642668 0.07360779926433553 0.08004270390203705 0.015040311243839045
96 0.003963252851937586 0.05423753427736811 0.04423451515309202 0.05775130071550102 0.040502222374188504 0.07247164664499953 0.06593422767604612 0.06739757751203355 0.006404580753286715 0.013777373778294438 0.06450062582901683 0.060845915751928756 0.05002336310274548 0.06913149807953563 0.07165181363089976 0.047417226712041044 0.047648825344328266 0.06958042194887788 0.0070047303486470616 0.08552134751523154
