0 0.05495108875091845 0.0683390210061356 0.08459543768076815 0.04126324897903151 0.00517861642263736 0.015885918364414504 0.012364038985035287 0.043899628775042866 0.07858085521346214 0.06789450922440475 0.0005175462187572629 0.02646117889858144 0.06101702578267405 0.08182491726633022 0.0850215416346902 0.03468386140045267 0.08361218663114237 0.07690464258718559 0.06283962626639518 0.014165109911940397
1 0.06875851454609803 0.005052626387503622 0.08545732953824693 0.049899192033986954 0.03195487402176975 0.043378336751008224 0.0020755552155455903 0.05004505812861298 0.05231721108903272 0.005867810911900583 0.09475028691974563 0.022281989263590887 0.08802389098944946 0.05265659425722418 0.09291592616877262 0.042854805410320634 0.06687094862483176 0.051288506095305504 0.07598674439195958 0.017563799255094388
2 0.0005465577585628708 0.07234172611970345 0.04339805062961846 0.058770067481029475 0.0660083339870524 0.047085370017313076 0.03645616556965418 0.07971252526262146 0.029124962820708495 0.0111023686817574 0.005643447293367429 0.08583610589740952 0.030331363667051928 0.03671437979577762 0.038106215351344216 0.059866764958541444 0.02771228243709355 0.09783377935881434 0.10416966540792455 0.06923986750465408
3 0.11378131773447366 0.058394153472065155 0.02524972025678687 0.00032512949469683174 0.07301899487348124 0.04776407700017417 0.049841393467826955 0.018804677888434956 0.00012611880459345733 0.11326559051181628 0.09788125880247109 0.0037020055407380563 0.0034774810294647637 0.10802833260056131 0.02790846674342031 0.11210945241303216 0.004915617799077337 0.0045811599903645035 0.11470006742131346 0.022124984155207247
4 0.008475698502504472 0.01732596303686957 0.09538120320361872 0.03094470287407799 0.007890803955479342 0.058067827142486574 0.09629924242408147 0.03660273876307839 0.05706552008106198 0.014697882977759131 0.06622787596564936 0.09175312211082934 0.06154042464838298 0.10142979511457041 0.014349067566092888 0.039960905415632623 0.04179332198743997 0.05605490966500001 0.07387137784580566 0.030267616719579005
5 0.018327239094732054 0.008389477318155954 0.013460994109781722 0.08377948342414095 0.08055408168324886 0.07509252095461501 0.057455510781140355 0.03349844039723603 0.0671004393841913 0.009841342227052912 0.08879473181880874 0.008881263274883748 0.08690409142498214 0.026821049020570347 0.04415839347930292 0.010269857943864822 0.07999436927332806 0.050186366810645235 0.0681631106672094 0.08832723691210934
6 0.06129121273253623 0.0543055061812862 0.028941258683508102 0.07635289724842487 0.05378918468497885 0.04638331061689369 0.059721011463056875 0.04675117470731747 0.05827652369817554 0.001947405032403011 0.05830581742039225 0.025375770275000376 0.07329254146291023 0.027297313229738475 0.06490033610841091 0.04542121845486199 0.05171923548433868 0.08251490886577537 0.0033652389600665558 0.08004813468992424
7 0.07295822148709417 0.05428739996873895 0.043665812255727694 0.06538034046466759 0.04338994961741735 0.04389902318295056 0.0001099013770743147 0.07637638367854258 0.018175013199314256 0.07015846720871131 0.07696085834522462 0.0755191071658706 0.05980692424801371 0.05471465233624395 0.030294242576027166 0.034713555790554435 0.06170833209319199 0.037600832219151135 0.042668679186315166 0.037612303599168305
8 0.005142277850580216 0.036864211890834345 0.06714084756236177 0.07072133219313222 0.05525850480923025 0.06002081594244926 0.04848497268466242 0.042877991975670854 0.03860474877695691 0.0743137371100242 0.032626916855553856 0.04886652387937555 0.07482057997291248 0.0658044086488181 0.03874036774894959 0.0020235461996330572 0.05776987702883843 0.05734270166291696 0.06901518366523353 0.05356045354186595
9 0.05142893099932318 0.038017205185356784 0.023969768043028437 0.06609438379835618 0.021046718333483264 0.026254373221499955 0.07191531621717874 0.049836025804642956 0.07296803877740615 0.04132199037458477 0.08712277428205932 0.08381159281054407 0.03187443049758889 0.0705988709751943 0.0488906229784571 0.0034617122800235183 0.060358155699136266 0.023124951697552836 0.043082068571531865 0.08482206945305151
10 0.008524462569559974 0.09282505314612602 0.03346596081112469 0.0857149839492258 0.05200561607140243 0.04815680820009338 0.0383387328098961 0.06534428741516082 0.02348461513381275 0.015499192337629124 0.04569749118883643 0.07972711848270156 0.08418908977374948 0.03679385884274741 0.09489178291667141 0.049241687068965194 0.008134952372214913 0.03642424220700129 0.01932746772184102 0.08221259698124019
11 0.03619351910882743 0.07494993879419583 0.08609154832769544 0.04339702374894048 0.010613061630968684 0.06342358572331487 0.08892048984025012 0.08136274718241453 0.019486160208002788 0.03199465299761893 0.014836259174286097 0.008138416966687188 0.055548529535017495 0.027301110166267465 0.0876258559583311 0.04271365359574543 0.06814824293253373 0.05260212470327901 0.0690576856847923 0.037595393720831156
12 0.10995800869059642 0.04317713321312277 0.031084550461682795 0.10831958360970498 0.0855317591015014 0.037958861575379796 0.029178772632125774 0.014782464117214383 0.007814819477973781 0.0884153094762382 0.010773448401002934 0.05080417928812248 0.032378439742541246 0.008094325577187941 0.09272043593967652 0.036086444243927804 0.08433229055834782 0.0894605827057831 0.023004181829097397 0.0161244093587727
13 0.0054252757103394654 0.0052971692620931215 0.05390679415534031 0.02365785654109475 0.06904822498731183 0.08788179415320951 0.07379327606719843 0.07552395933488226 0.04308511935519955 0.0018975360635880335 0.08469309073153256 0.04615242792413213 0.053711140429153446 0.09260249784262602 0.01990546479863665 0.06214180359418949 0.05228240647297348 0.03936078317417176 0.020052637559311484 0.08958074184301562
14 0.05560219265335178 0.08450045292399051 0.007109095142901273 0.0830369321671887 0.000783474986344366 0.017049387012051966 0.02137101124055779 0.11751244841286441 0.00282706718834022 0.027795815262899787 0.11695237891471999 0.07238792147669235 0.03813631949050713 0.015360446037566205 0.007136964082768744 0.12978883620936715 0.008045300596050662 0.030541314392274997 0.13507010552069432 0.02899253628886754
15 0.05440578884940359 0.0811993222495985 0.06700796284090824 0.00014391994112684752 0.05357561180755534 0.07180030625651702 0.018022800639117403 0.06261616637391787 0.0065879995620001484 0.0677979979731005 0.05637804187564825 0.0481819576034258 0.00421755852047302 0.01665554809193617 0.0415996263405025 0.08285153987153687 0.08195798295338111 0.08055413455193067 0.07520151204875844 0.029244221649161836
16 0.02264362928504038 0.06860077818318125 0.006681004110514891 0.09549806603475597 0.08456302368350298 0.0677487327039333 0.030211062213946226 0.01544408528745832 0.037051162959504697 0.0563559118727001 0.061581121362290665 0.06074057104430412 0.04706138340252932 0.03002234469713904 0.07352693829395404 0.06986386736056723 0.04264832243714146 0.11203047647852106 0.01761149239755757 0.00011602619145712145
17 0.07733243014007356 0.014272812184617439 0.06722981391012034 0.0338267735789552 0.05593214034989749 0.045063291729515315 0.0621669955357708 0.08068876255394716 0.08534063063348096 0.05509625238841238 0.033044996699615366 0.04360503644711218 0.041772483772629265 0.06889915004793275 0.04677811591912581 0.007646173598709921 0.07167234147945271 0.03843527912598266 0.05993810814713198 0.011258411757516856
18 0.04103708472999606 0.04575258273860074 0.05471931229953767 0.07746248347428943 0.08253211230073743 0.017915715981070186 0.06720111574677656 0.016105973516259427 0.04954763321720141 0.06970226529645704 0.01699231810092533 0.08505650965616438 0.03336455786984988 0.07695600185458326 0.0012802083843135182 0.053183042407156746 0.07666839087508352 0.011431781999562714 0.07138752195902003 0.05170338759241458
19 0.009473361717598177 0.021858235519288845 0.04179842145999297 0.06800571659493097 0.10154565874433057 0.06841016015205566 0.04411129536985177 0.011213810186625218 0.0929633979080463 0.03927952500287161 0.05916196183832067 0.024006219120227105 0.09590241933468859 0.03648902046837817 0.03062434654093487 0.010660979665000476 0.01906359431840639 0.1075411065507022 0.10436315829956277 0.01352761120818671
20 0.09360591194157111 0.06919451989607148 0.09570891805227273 0.013873765266413835 0.011785478221576572 0.020650299862672458 0.10155604199296968 0.03961926331678875 0.00825150905913051 0.07605325743553337 0.07272859340092742 0.06720526221918587 0.024684685688734265 0.01678063418025207 0.0613940356386058 0.09369489562023238 0.033652381740738646 0.009531300312733871 0.06968331975423891 0.02034592639935017
21 0.029379732471326588 0.08661528761992587 0.07053431957191839 0.08379446409725427 0.009414602203926321 0.07961821395970425 0.02459104803532531 0.010504252550935154 0.09859470368809434 0.05004423619706268 0.09980299892276669 0.004305616711619998 0.06830948926937297 0.08823220735862881 0.032988018739576117 0.03135171769761244 0.0062131508506268725 0.015483040344704688 0.03813554350168724 0.07208735620793098
22 0.022451228932326484 0.07460387119825973 0.017200768614524246 0.05734130958142424 0.08682501749110087 0.05928785563636136 0.08651269018565312 0.015612899570966692 0.08663820418666193 0.0038679384948323635 0.005238131899258099 0.060545844108320916 0.06182629982008952 0.056777172597254254 0.0827834388708564 0.0429211198488789 0.08926083485441373 0.013639366145148619 0.017378319624354016 0.059287688339314575
23 0.06433596735578814 0.00905338773314407 0.021061458258578882 0.09261300210001659 0.07158473229450515 0.085765767407678 0.037218548330811854 0.07294440822311604 0.07105051556426743 0.008010420233216532 0.05259114632600268 0.05130808846163772 0.03685012363244716 0.028148898645523564 0.08217648844638961 0.09088043404346187 0.025518173294669228 0.04937128214400003 0.047455179009888715 0.0020619784948569717
24 0.00623276739518888 0.09167728969476724 0.02619177506453004 0.0013103304988130488 0.11756376721754763 0.12491494046733957 0.0069336115945127065 0.009804908314203675 0.003304579372656414 0.03128722293382849 0.11670756786287001 0.030595732155871216 0.01710317050802023 0.08060883719559721 0.06307064775063004 0.042088277170553086 0.11921800928784777 0.04739347738008454 0.0338471283118068 0.030145959823331278
25 0.012009300657872871 0.002947066380060853 0.027861004259231315 0.09286735083092204 0.0627274090080873 0.011827775728940271 0.04150010201517122 0.01595593180358103 0.07519846542088578 0.11334974853346146 0.0659653898866445 0.018473883580140283 0.09245948268176013 0.1141361313468914 0.0812564640121051 0.019279862894971377 0.020617894773620023 0.025786619862831036 0.015393872697893156 0.09038624362492922
26 0.046578981700430906 0.038440501265158994 0.07622749115550592 0.039682190811723736 0.04108252644831336 0.07657823357640552 0.04297655061699343 0.09717300814445412 0.008525719152953826 0.002066405046624129 0.09359987047302422 0.06908546354817345 0.021786313931658655 0.03928187741050183 0.09149130012870385 0.09250894326593063 0.005136618940865711 0.03028980744685697 0.03427982744503861 0.05320836949068197
27 0.0686631007887737 0.009470964566845822 0.05796344092185213 0.04467754379800004 0.05292172147669433 0.008734842149726025 0.08104650942371129 0.0774643111439999 0.0937240761939602 0.05439035913077645 0.0013028306310672241 0.011158267642869802 0.08739942282518934 0.07542976360214046 0.03243852336193806 0.0035115434881858435 0.11272268524328855 0.040748130950515646 0.005912648217267628 0.08031931444319737
28 0.0509094046599489 0.07981077915200753 0.02809200173683528 0.08427407354368062 0.01049278239286381 0.011796276212319075 0.058291666027591005 0.018677165995302173 0.09285521324468549 0.05047335803825551 0.10376778684929819 0.018235853350106822 0.019108795671934062 0.0027199475995308316 0.10395518186814436 0.018736984465387255 0.0887281773634062 0.06300275897504236 0.07948546490939118 0.016586327944269397
29 0.0038908848307977373 0.05954113608971841 0.03461639953983843 0.022446379704037317 0.04416303423781204 0.044265052679179955 0.06389158025268289 0.09130040249271394 0.019677297254217175 0.08391008328756518 0.05611060276712676 0.051991968765302245 0.0748685742946405 0.0192963104592796 0.0748058113288971 0.05100557895873073 0.06998787697722743 0.042812645602267795 0.08376388167450795 0.0076544988034571515
30 0.06437996237031753 0.054624865122317304 0.035760997106018856 0.027464800888063978 0.01917172464081019 0.03965960271867687 0.09802782431539367 0.022454737492938557 0.029589225476441085 0.006470163881299294 0.03416135583457625 0.10063375697393609 0.011594577312937615 0.07782205189664411 0.1008020528257902 0.012304615315372986 0.10483643170036204 0.017879422585623635 0.046213633331403964 0.09614819821107569
31 0.005858907784006943 0.0401515222521281 0.0791797400267574 0.030218350884509006 0.08147867766600697 0.01573344070763938 0.03236000669462519 0.07986420526408909 0.00963557381057861 0.022937024138574718 0.05213765248597326 0.051427565409973744 0.02890103400894435 0.11234569023717489 0.03549829171134196 0.07549142535227828 0.04100058575307642 0.013731424107598554 0.09820221434934043 0.0938466673553824
32 0.06598818688340956 0.0535886866111301 0.06099394646030127 0.03263348381276034 0.05096027346612065 0.07472752020976683 0.07552775003722319 0.008849324274043417 0.04035533986228175 0.03179861021189757 0.07206051293066693 0.08053445778467654 0.010188898087764554 0.0009992780378123988 0.060546162891451996 0.08504649896764002 0.04554900694748917 0.07906260061837515 0.05139595238133167 0.01919350952385651
33 0.08618547526261641 0.08765095565022207 0.047991926832903896 0.012029457322808395 0.07978703341210139 0.0031309358362791246 0.05522995033522311 0.014167436642879212 0.06533489578577048 0.057403045013355594 6.144440659491533e-05 0.03562589229711206 0.013245848236913637 0.0654479567717268 0.01464658921507116 0.10412324520141808 0.03334948817298401 0.0863853945194147 0.08598895594038639 0.05221407314421869
34 0.0477475147049704 0.03044887470251754 0.009418036864508981 0.06821003799629632 0.09739031126837466 0.06382805594025343 0.05340209206918487 0.061308871456212985 0.04708042581614145 0.07749349240267223 0.002037681436839026 0.04258703341767533 0.07256938670792179 0.0669865989419786 0.060517426557968754 0.06164797107482861 0.006712822401730672 0.03455391189998076 0.05868054041037808 0.03737891392956546
35 0.05876895499107621 0.06638596419629343 0.031163425266028676 0.05010072231264214 0.03899380332797998 0.045677547347817204 0.03434131930045205 0.06720748226659826 0.01791815721602397 0.047471916006828395 0.0803347666796405 0.057528746494578 0.07003107142304849 0.004323351763350515 0.04357578682279305 0.06082070324035409 0.029587094215994102 0.03634485078896017 0.08058019192627819 0.07884414441326254
36 0.06758371166391892 0.05596492871123535 0.031857723273149424 0.06278081661113433 0.061965067512168806 0.06809610311010127 0.07520282391045287 0.08247751689555388 0.023910100943431503 0.06215753732437398 0.03476621556178813 0.0856495780262782 0.05197047253058474 0.016938173463063658 0.043030717378918955 0.0566398122922288 0.0665001764849635 0.007265764466580302 0.013463093343700737 0.03177966649637236
37 0.01348031265077602 0.0778827646274957 0.0617094490055292 0.09559765544628808 0.012152622588191822 0.031400378088021416 0.0832731205549486 0.04294594830742675 0.013849271768725536 0.10228703156911208 0.07429999556293564 0.11015065936435596 0.04713707371387266 0.04729488365850369 0.011077462320682161 0.0051307167871389985 0.05534432009906934 0.017178075126375477 0.03581181715736052 0.06199644160319027
38 0.0004706356230828817 0.05598274582934446 0.0973340509111139 0.043269968899355665 0.1081614158074224 0.08815991117379686 0.03791150315203616 0.05129783283814578 0.08831826537598969 0.02885543556112427 0.02071448967087864 0.030906845292101165 0.04229954125864104 0.017588571010081926 0.06154220086613924 0.06621176763237104 0.0486770480254589 0.0006333572523615981 0.08054612641926778 0.031118287401286675
39 0.014736622496285599 0.02960657774484274 0.0826679867935617 0.05309536268907181 0.050486259786505866 0.049064685511689084 0.003636106462981701 0.014198077288496824 0.01664791595492027 0.0551000955146277 0.05769560501032627 0.07926961818386113 0.09235750026610329 0.09796200023784625 0.039802501787366405 0.07415194992231695 0.03190057007232392 0.057076508057255344 0.05327552059957305 0.047268535620043975
40 0.014442973364838848 0.07388489613645965 0.012036690799860712 0.04941985222813116 0.08768518438776658 0.0509350755385517 0.038698291126446904 0.0037609964218594783 0.08776050598467508 0.03758935797370982 0.0706524999000312 0.04415356452379831 0.08169131885200037 0.028610447626867357 0.07601065059968339 0.08848733802473008 0.009758855399988641 0.04488404505968731 0.03677110075018458 0.06276635530072909
41 0.061709492070522294 0.06256521416848668 0.006500866804839336 0.07349761647738502 0.06040121454913809 0.056945357014614215 0.05833742450414445 0.0529177143786351 0.06482904907989734 0.03685026507202033 0.06175307377271929 0.0344032854494137 0.08161008646518894 0.07851276637796986 0.029322582998323157 0.02682068435235771 0.004804685070846251 0.04212930885807972 0.04644925639041502 0.059640056145003416
42 0.08653606410773042 0.04104180540240802 0.07042494437314036 0.08394320176888538 0.06933177492910506 0.04203252347852187 0.04756243039313244 0.07106840328584486 0.07439500954695774 0.08629991552024643 0.011543063899865626 0.08257239180153249 0.0516453898543318 0.012324713684863183 0.026209374030444096 0.03992309283785371 0.014016264046354511 0.06443612611613966 0.003330449050013892 0.02136306187262806
43 0.03246188980329865 0.09167961725386359 0.024635713594122855 0.06745374090778204 0.07774625438614856 0.024134742369028135 0.014356377382209176 0.0301940601852714 0.01904569769800426 0.0761476895314406 0.08996585414582264 0.011389188298129132 0.02789704504491334 0.07575760824377178 0.0937280663048638 0.08705951498341519 0.048090036555715705 0.04040542515140103 0.05719231329076761 0.010659164870030512
44 0.027816778484035912 0.05567203066900704 0.029470085685638737 0.10363674634594845 0.018891415573561863 0.040194858986639596 0.06991042639412791 0.041700040451101615 0.01243629712048197 0.014000876695201975 0.08280988624276481 0.011294061325837546 0.09293674379818023 0.04009714004685175 0.10415393295674145 0.035484936717980434 0.06444822907670665 0.09435931176729447 0.059459873368853076 0.0012263282930444807
45 0.06520059658924272 0.07210169355649561 0.03035356136531373 0.04553298962462664 0.024868481393755158 0.027104447875062446 0.0707069636456412 0.052331313280935286 0.04680159486454342 0.008404275457886294 0.07257120514585058 0.06869152896860835 0.06398024410107361 0.013925391982141683 0.04843729639075417 0.05482470522638354 0.06943925747293798 0.014785017620238766 0.07588657616385665 0.07405285927465209
46 0.019077789547038235 0.031050735662887914 0.07681510339983964 0.08456902074968979 0.03058542241995387 0.06953637122419448 0.0610619756670956 0.0615662183408164 0.0017467273888062285 0.005842663473725555 0.056908174350168886 0.07322306789832095 0.042874593363811525 0.07563063920832444 0.016339549051683534 0.07366681810490806 0.05071960047669884 0.04487314302813564 0.08586687883336808 0.038045507810532314
47 0.010060311458353793 0.044381481543117995 0.03560460124909144 0.08734025192606147 0.003031065792439961 0.005285865650625145 0.032403206345354124 0.009996406369269491 0.009571438621071678 0.07748291104456409 0.07333540267106525 0.058409497658990436 0.05817979936840102 0.0936146361271585 0.07944629457302348 0.08203483344891761 0.07711707331095205 0.07137493176113484 0.0123540910293296 0.07897590005107823
48 0.08883569212599315 0.08164935243992927 0.10827348480554805 0.07322759457399959 0.10378777065400496 0.00981881671154945 0.019579379115899312 0.09725361271571935 0.06418579408107881 0.04946265592188932 0.020657716315176305 0.0007332488014908532 0.07016487859828213 0.03586271347731421 0.0033698873462494057 0.021167187233895376 0.008924936862420376 0.034812343924584065 0.015597165010712986 0.09263576928426304
49 0.023707346511973856 0.07434338580529193 0.06185639244890137 0.06872954955110071 0.061774904825497495 0.031028675466967682 0.05894039828293663 0.055621539585383926 0.02667715450357876 0.0784765344352092 0.04369920139274253 0.03182070770867518 0.06966758060498676 0.057565683682416414 0.04541053699950763 0.07381365056623429 0.019445125044065596 0.02243191576824124 0.0710545538170049 0.023935162999284068
50 0.05117867692852287 0.0356014063812656 0.01916104922284589 0.02523590279316393 0.009916127677967736 0.050765874946100575 0.023389273089735655 0.03647657925884613 0.0424462295763154 0.05610034016790917 0.06700179946616017 0.07497779333662824 0.06472679540548514 0.06505123422757601 0.08526613916453384 0.06985496121292423 0.0808697430370399 0.0831036504283131 0.01993613486342344 0.03894028881524289
51 0.002391402002662975 0.08714851205965736 0.024910921469185495 0.07386502058168876 0.04455828238069731 0.011421670075297116 0.06085026563543947 0.007055399871314481 0.02235185815327549 0.022531854957700534 0.10253576507879252 0.09261672428594843 0.042436577676292664 0.12242358626196956 0.007889085898108609 0.11604492009150257 0.009443385523873518 0.09583358696452787 0.043967809179780215 0.009723371852285048
52 0.051830711077116016 0.04267774036871716 0.005565085635361881 0.04589574410451627 0.09111356896928986 0.08841723084961639 0.04836935008013175 0.04594846163268153 0.05090429470668564 0.009443691497558842 0.0696918731269237 0.07865665118195352 0.01570655158712931 0.03799340831077591 0.05122515865505161 0.06330576899521566 0.08609338045889547 0.016060690103485705 0.041749442693590995 0.05935119596530274
53 0.07812545870132545 0.027768831736249153 0.0036584616180335423 0.0595709049698652 0.07473083828369097 0.02827596971813229 0.055355214586967696 0.06039937957293468 0.07909605544766384 0.047054205374452415 0.021928167337073576 0.06567785423867299 0.06988431538490213 0.0902155719932954 0.054352183591888724 0.015612495208116613 0.04107088219836748 0.035130064775797824 0.07402929964043894 0.018063845622131303
54 0.025187378582479023 0.06767523860509109 0.019928844338075073 0.0854599952255624 0.009097439780734452 0.023611128324797916 0.03821849488869761 0.06534303070243921 0.00361688277707337 0.030011570747195564 0.023805978727878475 0.08862473400511563 0.10966517593051107 0.060492972619631116 0.11574069424903316 0.0638320464932573 0.06005456274495573 0.018359143632010053 0.007803452977272973 0.08347123464818866
55 0.05877703714785805 0.020579263905691952 0.014841310385347072 0.07769038681970426 0.08961216740159286 0.08798845810243318 0.0344332987413114 0.0666547240155237 0.054482532465421535 0.044730917532643515 0.010586895968610293 0.09171967946210359 0.01566902457797142 0.06771508334072115 0.04891529599402868 0.020687543897153875 0.00361243690597802 0.02125103659011621 0.0960442543519591 0.07400865239382999
56 0.10221300889541673 0.1288505529460503 0.006362230608150771 0.05391383338927554 0.024816402703422998 0.013161428293279641 0.023247165168798253 0.00703977648697344 0.08307673033730459 0.05281683208839751 0.12021289525439618 0.05752173855990446 0.05579020379788396 0.10234972754589006 0.073873620371932 0.010563001396814344 0.03161290067026904 0.021021548093704268 0.0169950488394507 0.014561354552685282
57 0.06800206524302299 0.07123821621007234 0.08809987615645004 0.05533862426296682 0.008329162869247803 0.02358693394253324 0.0870098261989547 0.06565642828327876 0.02210859324377816 0.0032277295440047574 0.08822991715182084 0.07153378608696875 0.018077319672412176 0.08052117377648718 0.0858246972415852 0.02828894497377035 0.05406107248951139 0.01178621269506415 0.06017484422647121 0.008904575731599008
58 0.06974142193222681 0.08755828443964463 0.05554473620565063 0.05851157951964165 0.02953521555960883 0.025796347719943595 0.0371402297942175 0.02875782005193273 0.06183557665428396 0.08645978010537951 0.0891054724378724 0.041025333762534734 0.08410980689442679 0.01677500895766497 0.028676960792801885 0.04429548293247201 0.0214298703046542 0.028680405936027956 0.034563831760570506 0.07045683423844479
59 0.0005595854499613338 0.028020654143846215 0.029317526602407707 0.08596242818129919 0.03430304961145586 0.06631542374380238 0.05385814864332439 0.056711513762049116 0.0003492158555931442 0.08557763461367239 0.0838582685934711 0.07298259878219399 0.06191043520405453 0.06507579739571524 0.04995345174753926 0.005607016903546048 0.06676458499613287 0.02197178442774269 0.08628930303104537 0.04461157831114715
60 0.008299037192158978 0.05928122404430681 0.06394930095535493 0.01730398560301136 0.07226959203267794 0.06241933007461072 0.07925247203648873 0.030214357664597756 0.059135537382886794 0.07636633663255624 0.005147020241129217 0.06216298386628263 0.07275132022980688 0.04858426238800542 0.0387453549377992 0.07248722621338623 0.026008310120391318 0.06582066947286981 0.023078940742368638 0.05672273816931043
61 0.04847587776313435 0.06925465256855678 0.06831194660721449 0.07779761148143745 0.003295874526568003 0.07648387953300137 0.04639346789938547 0.06310759265014165 0.05461627836413971 0.05911551900806153 0.04598047809757717 0.049941434739426305 0.0828941028980241 0.032451967029750804 0.03272180619137948 0.008085594006781318 0.05330500387749279 0.021075449197125874 0.06226127457383751 0.04443018898696378
62 0.08523059485631486 0.08184063317060285 0.07633708582883345 0.037903486597377245 0.05869553247294796 0.0596282616112316 0.03716155523469923 0.07252139251343603 0.025618746173232818 0.06717186159071079 0.0012525826171743508 0.030282180749251587 0.029034693677594082 0.03438249131894964 0.01744713772581651 0.08454971503041633 0.083056639811772 0.05884592758151278 0.014840851692894832 0.04419862974523107
63 0.061672243166474135 0.07648911034920973 0.07754497364005758 0.012077404171908146 0.03549645713853851 0.031090675927694593 0.07434984545235163 0.06440124181079762 0.07712800369319361 0.03057256500151179 0.04932411215091563 0.07944858450721357 0.04739517270319843 0.06307922345886219 0.06732875677073522 0.015507161023462262 0.0003218787640097384 0.03076734558993906 0.04821537097586194 0.05778987370406459
64 0.014034198144735244 0.010177883010110505 0.032556550871999004 0.03593025127364656 0.03642269672739273 0.03596497784152267 0.019622389837916268 0.08673656219852179 0.03825611533394611 0.03873011341395863 0.0649447332466207 0.09688791953601773 0.03487342230006166 0.08438066288975789 0.03374252458917584 0.06074354177758151 0.10004909977227074 0.06326135157852864 0.06055507059787626 0.052129935058359486
65 0.062433673593601864 0.016187468211706097 0.030457249977162197 0.0888444326345847 0.0684717563506751 0.08283026003826309 0.08039255648293646 0.016307834856462613 0.03773717417762491 0.06454950828547058 0.09119616217597386 0.024600510247489393 0.02204141316314267 0.08269503308459358 0.04263477971925762 0.023605533378786406 0.007361065034777513 0.032907039501917236 0.10484338221208513 0.019903166873488976
66 0.018017322365829355 0.031356272635436756 0.09224453324457367 0.0057434540326209245 0.04530128880311389 0.03634299580558 0.05634713724466231 0.029203984367042225 0.07821197503270474 0.016093392330291088 0.06215279116119303 0.09310743142496598 0.09392112565370606 0.07284593957137274 0.08051741636331933 0.008478965544901849 0.020434129013554295 0.04780758014996455 0.09178707863544613 0.020085186619720814
67 0.016599818180136276 0.013597717955028683 0.07433131071487847 0.08633568286071326 0.02941728041599067 0.030892761341437532 0.07300665968825738 0.129700152258017 0.049603856191293275 0.030492419105209556 0.04548342102476527 0.0842367423409859 0.0730265004372599 0.007266351782267909 0.00017080201203576606 0.022879556869932587 0.09167776286401111 0.053644598785665784 0.019494373642963202 0.06814223152915057
68 0.045794723828744346 0.11382153479359544 0.010878609587704343 0.08400096331737104 0.07650075952394321 0.06479866678410161 0.016838212829287613 0.020617620804517938 0.0033485957660935395 0.06858492688488503 0.048740206176113805 0.00041642959509495677 0.006907726092757585 0.07623122983553855 0.07587331165577503 0.013573794121941915 0.10405923586743872 0.015189480664800395 0.09153089129197955 0.062293080578315355
69 0.0871398012865259 0.07481795273983577 0.0653966936929857 0.08311913575322767 0.07497768082570652 0.041861763631952306 0.0714091986487791 0.041372992424982914 0.0023114120378347155 0.07084055631192764 0.02457627347798461 0.08775418012966858 0.06683400033956549 0.030003087003655796 0.07431621647377416 0.007625393636769803 0.01822874542459339 0.02249857832524083 0.0006080529258519302 0.05430828490913714
70 0.040267796852118655 0.05488050725271273 0.08432206856775261 0.06690849627341211 0.04974101807627366 0.0573404189955499 0.019510865716055637 0.08876000706512327 0.03596273375483234 0.03816976031259607 0.05530029088453182 0.003779368631625352 0.004739909574485959 0.0400667436956003 0.01593779308309797 0.03958758493814526 0.08801122228346103 0.04489469221477671 0.10758518309646017 0.06423353873138848
71 0.034222100193175356 0.027317009652708554 0.011320647622432367 0.0537948913327454 0.04472435988218172 0.0331259296968115 0.07152506613558274 0.02759264143906781 0.0915698669054633 0.06049891073436029 0.08131841834586279 0.027553693233745492 0.08579430756804406 0.059077359992402496 0.09174503758845824 0.048959792676564855 0.04486706758888403 0.04064434223658831 0.05168833607707016 0.012660221097850543
72 0.017589497745290634 0.024984510477650202 0.04186322707669991 0.054934953081771286 0.04369690185422263 0.06755598810244429 0.021568768023757123 0.050747704747579885 0.0059643258430261865 0.09022775402444182 0.06309880907198834 0.0755164645928683 0.09276491101876695 0.001474053444769066 0.0939105662570523 0.07702663486228584 0.09302290533799645 0.018858850326963623 0.03198192089116206 0.033211253219262944
73 0.005148324468067781 0.08242529001485181 0.06945059918821159 0.08151989139369552 0.07609937171810163 0.05840164906739032 0.06725198638230262 0.005368125846963943 0.015014214073581082 0.04600389096313841 0.072347388192253 0.06761585352107383 0.007249959541948417 0.053687120245696884 0.07459308517371903 0.06959072787588827 0.057504975585092766 0.03524671687574844 0.04069359519164971 0.014787234680624659
74 0.06536760805933518 0.06466555863503165 0.02409953737444998 0.06231522357084512 0.03664377505663695 0.07712991376949428 0.033190754544891586 0.07063031189336609 0.01003375692243788 0.07290608481431832 0.01896258192343706 0.006322394640410005 0.08932765971174214 0.09529507842541174 0.017727223269271175 0.0498323465820894 0.07357704162763003 0.038761574107389146 0.053779166435691396 0.03943240863612074
75 0.0853348790241591 0.016683373083346106 0.043643615755370437 0.09144356983388449 0.0693593835252755 0.07445231460215072 0.06267426286949199 0.05729527115537854 0.07250539730657646 0.05935648068774546 0.08272788006373359 0.013193565115900516 0.0018031750048773311 0.02439275664813199 0.04471223980085706 0.058127844737229734 0.001125026845952939 0.03192193911133976 0.027614364069576288 0.08163266075902212
76 0.032652604251957616 0.011654402638028081 0.01925903595328139 0.07991053785572601 0.07829492937792835 0.0220292832627014 0.07615827824318165 0.001403663162973279 0.05068321753512817 0.0025352348952805666 0.0932948453076491 0.07852541888513043 0.07184204523143044 0.04606542690100243 0.08135673962351067 0.06526964868453908 0.004991769715303615 0.05389350331710356 0.03276355398496499 0.09741586117317899
77 0.0742514759372168 0.0012791878347597446 0.08527341746428248 0.021973771041855262 0.0003002130123280077 0.010684881882269721 0.0964959621892239 0.003867806640005518 0.04330860856449634 0.10832774860030119 0.05062025542719915 0.09081574235348377 0.05810241739848851 0.03781894831100163 0.006228866351463031 0.07310894886135816 0.07747491584341082 0.0528842883311202 0.10544020698347856 0.0017423369722571417
78 0.014672943381518944 0.08055109806611628 0.06678178346875821 0.10099797085552516 0.021986893794849152 0.09646410374657124 0.02655167393833497 0.07823243849504391 0.04422066968632818 0.09110085987977773 0.03525342202701346 0.06231583598215666 0.09739789880365154 0.02225837208977441 0.022757079389231598 0.0468709334449618 0.02608525664026215 0.003493109645599155 0.01052180113187727 0.051485855532648304
79 0.0782351810196799 0.0008785444980993493 0.059718357192299516 0.02049040758927198 0.0644620371928279 0.018661730653518307 0.00028194873741324545 0.048637533869706706 0.06533152682894272 0.0698716589231756 0.07060230461436494 0.09236604518338484 0.09513558761236142 0.08694388761963905 0.009668548743298814 0.01625706383966197 0.01667899956674647 0.0672773903690996 0.06343381814296344 0.05506742780354449
80 0.09436704352415 0.075361028471768 0.026734273312863176 0.017730711917658664 0.027803672738034906 0.08134924162209574 0.0932110881338163 0.030273896210691063 0.052079047097155384 0.03369459891419478 0.09092108252985777 0.09517430054059671 0.03626130958603369 0.01275407631875764 0.03098632994781945 0.023349784547039787 0.06174211602223584 0.06680256405891198 0.004968421972615636 0.04443541253370338
81 0.07066747395958235 0.06166128420100258 0.009233318050093748 0.07687835669803185 0.04560087297909241 0.08587461199017632 0.05146828412198879 0.06225022867535918 0.07998388170472925 0.05936938705392063 0.0745411582272458 0.0548870323638073 0.007548060537794165 0.08070907539654448 0.012761023490996183 0.005423210610680591 0.03917909902194308 0.03222948095578939 0.055398162848394404 0.034335997112827636
82 0.05385614158607228 0.028794836950808936 0.06470484275799314 0.04025356251338663 0.037745299740740236 0.10411580455504832 0.04539136072138453 0.07624163000186195 0.06323811481869362 0.06198465612326296 0.07257613375219449 0.04634365775795169 0.03413705763804553 0.03844980930729271 0.08125606077302491 0.01903074881391531 0.004301446230198468 0.027698641266089175 0.007624277965858519 0.0922559167261766
83 0.06733415992087302 0.04668456014594507 0.06626459291693403 0.08526792502330231 0.05076410281194358 0.04834138651858572 0.011623197712983603 0.01407622595455081 0.04308177695750669 0.08828827256547904 0.06124521533759138 0.05546730563038464 0.08432842696688997 0.028942831846177346 0.04246762262249967 0.041209887827517576 0.032628732177529554 0.053482722903880536 0.020460067597588973 0.05804098656183647
84 0.014830588039838605 0.02221613612671191 0.10816323795443339 0.01173666615070254 0.02014678964588845 0.026673446970368518 0.07254090274725442 0.05081611490186229 0.0559250888909024 0.06672585137085102 0.060695944207218556 0.09048898978695565 0.03561094035140261 0.09533115177372987 0.02385618131025444 0.04291904734422367 0.00845376871610632 0.02164990057651456 0.06483357623223847 0.10638567690254233
85 0.0029244042543273806 0.06406598063769532 0.09432594537584035 0.0946903653476218 0.011445969240356775 0.09584643083921247 0.014558553286005775 0.04477689051151018 0.10011858915733039 0.009028111118051631 0.09585575167105369 0.0595249376121962 0.013673278552414306 0.05297018371914232 0.06892231710137503 0.05758882343358147 0.0522129597018945 0.01647951445659869 0.020481991587877217 0.030509002395914316
86 0.03786405275555997 0.038945555541157736 0.01043786568031983 0.009619400922064586 0.04179211644603863 0.06342445064973844 0.008025664802790503 0.017536370981364277 0.024880921423412566 0.08969486559851547 0.06862609702258705 0.07675179992789695 0.047039918319559705 0.07843832274476818 0.048408234024676915 0.09056203754724625 0.002238827658182127 0.07029704064506677 0.09038734235882596 0.08502911495022826
87 0.07328584233230502 0.03741221414467166 0.075780074142803 0.06627388055404874 0.04629478131865201 0.030733452405623363 0.057974012558998866 0.05137075378117895 0.0738126374983617 0.028170433514220897 0.06573623258432706 0.030565380804461136 0.04619063160042078 0.032828210449377775 0.05302073226378773 0.03941266374152728 0.01243996307108145 0.04827966630953174 0.052034193127095375 0.0783842437975255
88 0.029083714485469665 0.08848909136976615 0.022165069785495845 0.015637111130872405 0.08502044919246447 0.04436010159734639 0.0384799091928989 0.11546034193759813 0.014552949846465602 0.07261141830750277 0.025545210342681 0.029213557127801087 0.004657393756102614 0.08672600939638322 0.0796989856793794 0.05949238741548512 0.011493677752020587 0.07348200717840302 0.09063769496202874 0.013192919543834699
89 0.06282269726534627 0.04239071446267325 0.07014701738726631 0.06988403572828987 0.00804053046252928 0.030256361026559125 0.09527065347934677 0.061041574007264565 0.015725119427030844 0.06323301041084142 0.07268064272218819 0.092928171791848 0.034068823792169606 0.01060113790784796 0.03306546073201961 0.008591285883551701 0.009196961302676554 0.07602738933392225 0.05328248388573455 0.09074592899089377
90 0.009885453546042892 0.04495520968757089 0.03285608129711957 0.05033309070858428 0.04774365765309556 0.04760236240959142 0.044221443188763386 0.07432124045760737 0.048517601945012076 0.08324086172062387 0.055590764611083844 0.07630720440332275 0.053405656352226716 0.07004577643499024 0.020539666588219964 0.07003350898815905 0.004172349402163118 0.04943841175216187 0.03653208824990507 0.08025757060375617
91 0.0677257378470501 0.003104388429525528 0.07573770948448894 0.02823893264947283 0.07726913297578207 0.0698436295678444 0.052142378366993064 0.049164472858141794 0.04678079369702975 0.0809539165826666 0.010775158023042032 0.013389816677456347 0.07229591800094168 0.06885362780703846 0.05213374021475448 0.05392090573300819 0.05336152491723316 0.0674923372931358 0.0004801177529605662 0.05633576112143408
92 0.02118661724892562 0.05871612435797989 0.03218217626295641 0.07076853650536492 0.08684650156493803 0.0181856936008714 0.04042939360253426 0.037210551647930086 0.03161766997967463 0.08839141941361386 0.04572704323311665 0.05912121026956747 0.06022359531421403 0.0614595289107592 0.05821937161090732 0.014716244511577267 0.0605104687255703 0.0797043166358931 0.031081515288881645 0.043702021314724136
93 0.07732278558138214 0.06763339515538054 0.08530313357782807 0.06713763380450327 0.012094476925975628 0.06359666099324694 0.08867855984231793 0.07196931619330824 0.017929214863446157 0.04024261119039811 0.006245951763374884 0.035272195512420085 0.09093547813321301 0.0876021027219678 0.018709933974098557 0.01550975002639627 0.012648077676355908 0.06419613181194242 0.007257186477183552 0.06971540377526053
94 0.06404250764822522 0.08071279954422544 0.060024410499485356 0.02971052490296194 0.08320529697163451 0.0013905925807449668 0.0633002125973151 0.015478317937692733 0.03833634198724892 0.06802319090124316 0.01907273077750022 0.07049169102519884 0.059449919120546244 0.032204616283074396 0.08015886292417061 0.00045576798898016067 0.06637263661063977 0.07360551043949669 0.026894247507354144 0.06706982175226156
95 0.06508063790970674 0.0941803491395072 0.10562670930267616 0.011461325949503314 0.08422413403207599 0.10496080090303979 0.028653647129869748 0.004340295705740058 0.047278044206203435 0.09266814265295237 0.08909890532738805 0.04807269333279862 0.02863350269692643 0.022184317292241133 0.10585981952018268 0.005351212850678164 0.0007655924034574825 0.03492433558886819 0.014242609737725185 0.012392924318459102
96 0.011377801275856808 0.027893337937091766 0.06513056785799164 0.00837021945939243 0.05069115247416363 0.08442087376735348 0.08890287166220245 0.030240083288559573 0.010218105127509402 0.08679841393665845 0.052845849196042564 0.02700422354307463 0.07517784397452658 0.0659809495108258 0.0955992272501774 0.03888461951995928 0.0641117858085872 0.05363143666560409 0.03397771975868937 0.028742917985733366
