0 0.06919249059461643 0.07300041381802423 0.003444014341256836 0.08703053093923958 0.039952025988765655 0.034594255564099355 0.08765619560977747 0.033918586062314016 0.03876938545323565 0.026475612410899435 0.03763291027772707 0.05591630015767214 0.00693911252415794 0.02624778422808544 0.052396164621507875 0.026910586057709344 0.0857128294721784 0.08569392995929992 0.08922540296201513 0.03929146895741801
1 0.05770245200953803 0.08913916684129512 0.056633496961144475 0.001206996871060783 0.02691098061303394 0.09031864064522373 0.08697667351287725 0.11493312827712943 0.06432027089909308 0.0098878207419682 0.030562830770481376 0.029905649340193602 0.01629343656963146 0.11545757412630347 0.0836081858991417 0.034068141395389204 0.021189657563487993 0.05024133100785356 0.0007624032140276315 0.019881162741126026
2 0.009348780316954528 0.03938494594761327 0.050746613348991575 0.02973716971079822 0.030537008758334462 0.07655681838401278 0.0421444598900789 0.015521324575930348 0.036590982349824476 0.026414665078250712 0.03857035831798127 0.06899396627652625 0.05108090441870793 0.08604709535953398 0.07066915016209412 0.08072407006865724 0.04985891126759555 0.036105575184765704 0.07827079332893029 0.08269640725441858
3 0.08621082795292122 0.08996894025667505 0.06539181680882238 0.06879147593310744 0.08911216125010783 0.07505279168672886 0.0067036672262171665 0.021637828293579516 0.07439990109062379 0.03330877691952151 0.026922020149712587 0.013659349693287347 0.08545232514428804 0.068404156565998 0.012569977840898895 0.024289005591393662 0.04545441585528742 0.0760868251968025 0.025244788326003204 0.011338948218023542
4 0.05651245847628152 0.034818908047286996 0.09536938747117144 0.04001387063196661 0.07548952899732206 0.04401125702486057 0.02973189141576996 0.05988569274273563 0.0775723234850665 0.07504916937042662 0.005047262204663832 0.03794110215560158 0.009039864493751772 0.0864696757392855 0.030335696145692165 0.08192639365004623 0.02754962205029986 0.03663718682201097 0.07034542673345393 0.02625328234230615
5 0.05805135091469083 0.03824145265068256 0.00941108401689721 0.037032893373631415 0.05649905250246769 0.05815871944730563 0.003308916140112909 0.04633261823012795 0.05605123896272547 0.0635622429352443 0.0624808661550604 0.00568351815571827 0.09177544037213371 0.012532831384501487 0.0680055240766248 0.09446764488576057 0.0934838383849152 0.05236578782483565 0.03900100222668324 0.05355397735988034
6 0.10059433558645191 0.04196981198610532 0.005660442326913813 0.005174130672487603 0.018668063741500217 0.07275467804493813 0.013139654351365118 0.012724875346024747 0.0437581678602027 0.09023074760670877 0.09104174080287135 0.08326037329468543 0.06340023652860205 0.08687738155117339 0.06562146157398706 0.01345035160348659 0.05822881315022051 0.03182646133488339 0.006437210538687829 0.09518106209870421
7 0.015847220177862678 0.008089932584507568 0.046736800454388286 0.016591310991524784 0.0720721090116739 0.011020814333557066 0.053109384839436835 0.05078646444233857 0.03870446945801705 0.07452784299806883 0.06991010908953098 0.031590716555006754 0.03549018241968435 0.029595440114471086 0.10039164692839747 0.09341301198187073 0.06460921157382706 0.08725416312967506 0.021574508847072692 0.07868466006908809
8 0.02512742970938635 0.0452176703885281 0.09005595507354101 0.03578860920080657 0.08415359441869671 0.03895171221653125 0.07642372106442827 0.049338044201031744 0.08866302151255145 0.06535892915080903 0.07049748107978884 0.117558004080695 0.042495079199439914 0.013954649521965441 0.010977547164477028 0.008270990522466486 0.06994652446066502 0.03322669142248111 0.008896774054535895 0.02509757155717475
9 0.08858183207889335 0.06312871775144963 0.04535710373209474 0.011534050696706176 0.06697182954081775 0.046600971344246636 0.05111190628945479 0.09601418519616069 0.07060737354237451 0.04619948407237185 0.019805744624042887 0.04567833977203003 0.04249223187142195 0.06421542480247047 0.012374442545406749 0.07900001429060054 0.0013786198372855117 0.09797685276258603 0.005302189714931656 0.04566868553465404
10 0.015905874813493096 0.017428992769988366 0.09683331628143295 0.05838124068125846 0.10532852998993476 0.06255403348841423 0.020346786334520736 0.029910756563696943 0.025817440924603526 0.09177934806663758 0.024483753903141614 0.03390460576435204 0.09342522412046102 0.012275858440042402 0.08389570309693026 0.042431084670371884 0.06968399451287684 0.05427691885195093 0.02233652879822291 0.03900000792766963
11 0.09244101386165249 0.05392937928898846 0.0021246878730493686 0.07035750719754018 0.07596342174077438 0.02392769349923871 0.03938532773600355 0.06339994477529723 0.0789721035885652 0.05248026007562902 0.06486703471145999 0.08748642902751413 0.015102359839846908 0.06917909713640742 0.022227270864582812 0.03430046789408176 0.0462868909271332 0.03872248325584321 0.05335408686180617 0.015492539844585698
12 0.04163639035567446 0.07637236572395623 0.07747543936274529 0.039021445568993895 0.06119561070750519 0.03712757156729936 0.02483521016155127 0.03757256959179337 0.001857389382130307 0.05119035285425636 0.07196859330606199 0.0878375783794964 0.08372284331514822 0.06747931047826651 0.02861113373241413 0.06173887667265975 0.08526580367742005 0.0192194403877722 0.013703706065974123 0.03216836870888081
13 0.053567554514622306 0.07987954449286847 0.0801296318658674 0.06013928781462359 0.04705456628456278 0.02905124922844206 0.08403660225320808 0.04448975971104242 0.03169858127174231 0.04797234222379355 0.08937178215916411 0.0618917553880205 0.06392074181734292 0.05451088094062665 0.06378063533751224 0.02307377703442127 0.018227736719253484 0.015544300439333485 0.046855583154764825 0.004803687348787472
14 0.04164804786010673 0.06963202872161026 0.06100624550421536 0.05981707983798773 0.03850312250159647 0.0434051312711387 0.029430874019642405 0.07236576395904289 0.036778921755082315 0.08078226899432131 0.056805215326367384 0.0751310695029973 0.008458540254086542 0.07122191662769205 0.07401263968179687 0.0016409933878478234 0.05806260955478879 0.04393559101761446 0.05465192326020596 0.022710016961858388
15 0.06868215496743119 0.05712973240983126 0.08028896971650329 0.034831542598445966 0.05933057215105204 0.05151349488572059 0.016880752701375547 0.04616205369003917 0.01423927355507447 0.05493208879610672 0.07336177066211845 0.055467118623079896 0.06134896260343835 0.04512461465802217 0.048816071776094976 0.07653980365317832 0.039167904845384044 0.037476882774845725 0.04008172699512074 0.03862450793713729
16 0.023036785739115155 0.0638972897100877 0.06572704106487849 0.01636702478009285 0.06708506270811233 0.015168239379240729 0.06278820418506499 0.04955382023546993 0.03942453177545107 0.06786211443849224 0.0691555632553946 0.06285678214895864 0.038927582739771885 0.045359975376783934 0.056198663170647534 0.03656319661864886 0.05414784633556349 0.058659882013754855 0.06754055857064534 0.039679835753825596
17 0.02218527612346606 0.06723911534876846 0.009179956827749025 0.047768902141467944 0.07291309891117785 0.09111577703781096 0.003194436409859402 0.07055652112240111 0.08821567045138252 0.04457852711684217 0.07029259938297278 0.01673698289417043 0.06650322229458362 0.01726015588451461 0.0785200165493847 0.023400197859005344 0.03951666734443144 0.03911390038125508 0.0912137290050897 0.04049524691366678
18 0.04509367438286659 0.022758845058939964 0.02221059160274904 0.040809985257006305 0.06986864898844417 0.061410515828275065 0.05508290739960458 0.03492294695683606 0.05424707311787287 0.07745577538609567 0.06682046954794243 0.07722777420801884 0.07111122454190065 0.04518057925448466 0.049468541154515606 0.02633627644846396 0.041591034020810595 0.02903198811394198 0.042231622853938416 0.06713952587729266
19 0.08519999787813892 0.03260579169647313 0.04238301643641253 0.02943011909867402 0.0096297070513583 0.0012669716920447772 0.08715343464136241 0.08477536527811952 0.06188913033832566 0.02647460653368613 0.06981116514460953 0.028695706801108695 0.019927679490631508 0.08623901992271031 0.0035200170742597345 0.052832565662844375 0.08614092321029158 0.08589415466488352 0.08319953759732604 0.02293108978673954
20 0.07965913167689909 0.03993557195874549 0.08692042642831903 0.013461948732805979 0.0258744435556488 0.01910142008819488 0.046568054787746324 0.01711475476013857 0.00752267233155409 0.0620653803226579 0.06132868560751243 0.06702492062714753 0.04348893499004219 0.06695387335782876 0.0033865977347986315 0.08556659175564137 0.08460914353163271 0.08197107712163916 0.06666568037252091 0.04078069025852636
21 0.0005940695916148366 0.06224698263258201 0.06150718553415511 0.05982353879058693 0.08024991982354647 0.05026153548484112 0.07239528352361342 0.08507819640204443 0.056029876083336996 0.001080649292769431 0.05834907837395965 0.06902774537736021 0.06830936788577857 0.03825771446677533 0.05284413145966131 0.018318554371119775 0.025588379757154372 0.0512046111861273 0.03894428698098282 0.04988889298198985
22 0.07189766764980231 0.07006667124612215 0.06511820447262942 0.089412797909645 0.007619727965906975 0.07061180638480376 0.07574039911090827 0.07141065801631169 0.07344970395371156 0.05321006026791449 0.0012324665544173761 0.0179232321799879 0.008787583482812516 0.08881105545493169 0.005174267034858556 0.004983123098018087 0.0922270971792566 0.029618367868046874 0.08362748568979979 0.019077624480114883
23 0.07155026813743992 0.01380721961591196 0.07309140081357604 0.0793776507887784 0.04465243585857606 0.08150355323977006 0.013893121977869518 0.09078133734108815 0.004858563408302763 0.040838773233388054 0.036930767848420275 0.02637145112084921 0.0799247010048408 0.039332379741203405 0.0851844080376912 0.06509783921752761 0.07592929415480791 0.02159453050751534 0.03651790034177566 0.01876240361066745
24 0.1285760039249221 0.006715403114392224 0.018111246066938955 0.053266899443487184 0.008374767606486208 0.028299669051481607 0.056284996957683915 0.055197923662285736 0.08443363656644835 0.13125790260747314 0.05417222362324729 0.04060245468420921 0.018568775972402755 0.025945815276604153 0.12005889148622306 0.02094456220128064 0.03928391975201825 0.023847466122163558 0.04164845788391667 0.04440898399633504
25 0.010239653966364757 0.0016570705163541425 0.01674703235019576 0.11703217308810915 0.018673419271951004 0.09664917451194242 0.10254070948044892 0.01959255889620942 0.03694505957114611 0.03598329474184366 0.06611234277308722 0.045861488493988994 0.1033623064266081 0.04046353110295991 0.011608311968275284 0.0531106019639841 0.0010663286177979758 0.04320145008675742 0.09294399253796015 0.0862094996340157
26 0.04537082110325886 0.06072982905006118 0.03435049740584467 0.01768976286296386 0.06216425378604967 0.0182731342492177 0.07779288046044859 0.06314555553446861 0.0799036810281409 0.069064050790708 0.006206774705549459 0.07962447717868446 0.0253655442983012 0.0537024050222181 0.07359042113105145 0.009785432841732396 0.07264663024421118 0.06416655364017546 0.022016164421513253 0.06441113024540075
27 0.02226793589852384 0.03730011783488512 0.06398272025516531 0.04701553844233076 0.02851221654283971 0.06130549263438445 0.029045141959192573 0.039195492600717814 0.06537193013590333 0.0700708190215805 0.006799698578422911 0.08385806509966272 0.0709508598194423 0.054920145990263285 0.04903027986635452 0.04314309046238168 0.07819909623095266 0.03763562863983682 0.0789232096286548 0.03247252035850485
28 0.01460901446236953 0.10435155349170039 0.051706769557495896 0.03327383037866914 0.00040480945519416183 0.038437818063558914 0.03406807592634123 0.06071621412119743 0.08334284930237744 0.014986949464366349 0.07905549374031058 0.029791986838077527 0.10266418864198007 0.01632600054241586 0.07332228827251056 0.06608798453588936 0.0222211317754804 0.09887756511543096 0.07112654652478946 0.004628929789844874
29 0.026522845627978957 0.005959277813005233 0.061232599570509215 0.057812602551372896 0.06862533653819733 0.03472382463431529 0.0007732836914893945 0.06680125698719236 0.0680546601832117 0.03475551455196843 0.02882381836001401 0.036247346772894824 0.08625082703907574 0.0826810237804766 0.07406524752585193 0.07659794101395904 0.030688022235666086 0.017935108903904384 0.08416627885525979 0.057283183363657036
30 0.07447253113177459 0.025356520333796026 0.04892295234499697 0.04203053171481888 0.021267822719391666 0.09430267828682097 0.07118725486870355 0.034486053296468644 0.07669227109330388 0.06489788800296084 0.03198336004369442 0.05020843225185054 0.05561019185155088 0.07201968929680228 0.004357376631374547 0.08538331108627667 0.03693630414606487 0.010411513194385045 0.0843288875391946 0.015144430165770216
31 0.030950015645227855 0.0831511024607996 0.04756643345311093 0.02656143530008795 0.01813402631378066 0.09040544993303273 0.01409883788520258 0.02097330723905795 0.00022203042187866537 0.09787472043456362 0.09931792769859131 0.00021644801953270594 0.09015159951744452 0.03852333895758072 0.06322636800714225 0.04628245582971266 0.07985871432200393 0.05039966219853578 0.06523195218621297 0.036854174176500616
32 0.023250087702633194 0.024766686197363125 0.06461128889845334 0.07281693488280833 0.0005639880875121965 0.04224387126416724 0.027539567191514285 0.01769241626426818 0.08988838936068272 0.08140546393373743 0.06300591938504244 0.026004669645506497 0.08618301251877952 0.09229914808316997 0.07611776513910172 0.05150366240416279 0.08538514809794073 0.0019711935147947056 0.03013785100953817 0.04261293641882332
33 0.02436121677609156 0.00987807070115244 0.07901288790491566 0.06410443452498037 0.0727278199806109 0.05476464572582117 0.006836356571078979 0.0802402871777281 0.06973656587112698 0.014806077514497258 0.018931230328377305 0.06489113735570685 0.03665240254443209 0.05668634688575004 0.05497108548483953 0.047439004265679256 0.08532601308979096 0.06957533542222742 0.07492454647484875 0.014134535400344303
34 0.029212099812430503 0.06239449023527907 0.012652105439968328 0.027501856682584452 0.018681397982553995 0.05393461807816126 0.05291356284024484 0.07376093586365125 0.07936234066584805 0.026952661974313084 0.04877057268223243 0.07735014727549645 0.059965360212994666 0.01665610380414359 0.06397798185199961 0.07752974123832612 0.05680868264910479 0.06554191047897695 0.03693422831184979 0.059099201919840895
35 0.07854209036791399 0.05320506856787163 0.09490710053081106 0.039230769550896064 0.03604361231104278 0.023908848620660974 0.07739401420982563 0.0634634851813441 0.062001376159018406 0.03302615382889163 0.02340645523260746 0.058318802542636945 0.006152739820314701 0.02280028199691072 0.01961705208655571 0.0801723852760888 0.08008165453198113 0.03178470772008474 0.07282916883061843 0.04311423263392499
36 0.011297408769364407 0.025696687569902864 0.061834405303038374 0.014300233311712795 0.02948355829420116 0.06281455529855433 0.06524932644003026 0.04810978717475333 0.029693004055467216 0.08029385924034936 0.054457324050677935 0.09180295482809249 0.035437385438684965 0.09195564282858741 0.08212979856599559 0.017885150284373954 0.0793635081941245 0.027164246952214526 0.0635779985274292 0.027453164872445694
37 0.09051153484508971 0.05853140630465353 0.04650511298584432 0.07038227011291674 0.09112770956419391 0.022647608268282264 0.011620952650415425 0.049004290825999997 0.029920339060079067 0.056697165708879615 0.07867849414522825 0.030502909442300177 0.0002598568802079591 0.08161071575721912 0.03429915583316757 0.0626905491461218 0.09218713176344077 0.014052663523966297 0.06662774168374513 0.012142391498248367
38 0.06150027444185663 0.08644044205772948 0.060624009867482925 0.025618932605311277 0.04610353234941704 0.03928483812144153 0.03272329124188951 0.06601645616646962 0.03114412015616204 0.01349640002300353 0.08889805026215403 0.08678328121924164 0.026885254309281688 0.06499464882984968 0.029149088124961878 0.08178181924850882 0.03609753423262463 0.05558964511594506 0.06562197479160448 0.0012464068350643929
39 0.07403444490516009 0.0812494491329712 0.09345632120022326 0.06068682477903437 0.006579240862147215 0.056617678846491916 0.07691786990625682 0.03746822260321824 0.08538525209526468 0.018334796821050024 0.05712985538021638 0.013408972017257954 0.026932626783953785 0.0509657411544687 0.02347069262347267 0.014629147943031521 0.0809371650629451 0.08620135787579228 0.005425992380485763 0.050168347626557905
40 0.0066807129264393975 0.07278706676513236 0.08194360807133981 0.10158546369494477 0.000514523614103095 0.07939213183462018 0.056969272787783166 0.008108933530737333 0.014285726357171343 0.019329010625178666 0.07422144911644989 0.008395411195581286 0.08362586663661706 0.0438112233097869 0.06896720412821981 0.03562250878735978 0.09695676511080502 0.056205404855491775 0.019174717031889322 0.07142299962034906
41 0.030678987249259472 0.0742408451571627 0.0714739173644528 0.07224590027156225 0.020978037174732476 0.06702457818204956 0.08963439984995905 0.0048092839745287755 0.05815710069713995 0.02099479305963811 0.0637587835686627 0.025141177216900307 0.07968151546045901 0.08978325530785647 0.011523076521961162 0.05048727106155179 0.00874796934932917 0.018408023615033332 0.05742029908168458 0.0848107858360763
42 0.012954775440905219 0.021144671384536212 0.07416026871070426 0.02678522626903102 0.057283538853673606 0.05992237903446232 0.045794723814567145 0.06996105506206421 0.03370441703906052 0.04169557289922132 0.045831576569576045 0.09380027900959458 0.044710387964428375 0.0784091113687894 0.06757071743979721 0.03634689029801084 0.018660967998388706 0.033236416907648815 0.0879471727343841 0.050079851201156156
43 0.07369620802882011 0.03674406070805175 0.01231347806714561 0.04095097921670105 0.07356193359028115 0.06644492581828101 0.01622448962288798 0.081242508822634 0.07519894309340057 0.023505442734442803 0.03665000163542562 0.04674432033737048 0.005800403303975721 0.09744116824801599 0.09832669099375352 0.010862785543981996 0.0656218704327402 0.026547617830883767 0.011387723137260136 0.10073444883394654
44 0.02153502253475734 0.002836086724298494 0.047745628580429945 0.08690602625374663 0.04036193203422859 0.0871100685281568 0.03904272176886158 0.08290119855764946 0.07461976913096201 0.08025019921676271 0.055324165931761746 0.03527512047694642 0.029633352436802443 0.005065565478616541 0.0015904554505395878 0.07495454035170698 0.039067887491318405 0.06024317509269438 0.05453654698973535 0.08100053697002475
45 0.09495926384234374 0.025294982997891374 0.1078241408173217 0.0676484095190222 0.006529728824188206 0.017798597504606443 0.07732513064524228 0.041812008698540355 0.011531385538748034 0.037102626705109706 0.006356981168774869 0.051942148581736985 0.03559119993910904 0.10060992754923927 0.10434338882052709 0.08511177440643891 0.053939378643536685 0.013066985131964854 0.038668932753487734 0.022543007912170343
46 0.033850973153891156 0.07707686199652765 0.08597438299179198 0.07699353693649844 0.062400532192288284 0.0010257303622753426 0.06406372706409598 0.045402930955084055 0.04465293826789544 0.0453450196778088 0.027964385048026175 0.06620455888655197 0.023420704571122244 0.07233076492365048 0.06419935196063178 0.050864824974326345 0.014861465166410003 0.05177157647840875 0.0572514713637564 0.03434426302895888
47 0.05959521306906294 0.032487166005793086 0.048788331358856435 0.12975475780138032 0.0558489704579908 0.09143477803676626 0.03374139457550172 0.030982215871866343 0.01761477022078104 0.017885109297810415 0.011098827767542565 0.022772505358450167 0.008472707829116006 0.06038477387389584 0.11044049303628205 0.006017886100136329 0.05191584886078358 0.05840718045741409 0.14267497944891627 0.00968209057165379
48 0.044922907667578484 0.0048356508674028496 0.09756204258130485 0.026770712028665596 0.09486445166238947 0.08268744451468667 0.01289902127828508 0.06280204712145847 0.01225953149018335 0.0880475405079269 0.088990640518725 0.008260190572255318 0.08578061158197584 0.03219886420601484 0.009959405854934702 0.008392984338754137 0.044554159393954025 0.10020042675449328 0.05143212656282805 0.04257924049618296
49 0.1079206312316165 0.043468384668676585 0.09126649828893747 0.031238039946035148 0.07306217117508038 0.05706351447258719 0.027359051588378393 0.030476532476243413 0.0241230224779951 0.036554651490067924 0.004657975941274007 0.12033452325931758 0.05710679567672969 0.06540843536158747 0.06954406800236353 0.012582213694383674 0.0555939077303583 0.0791983550123669 0.005189466201137674 0.007851761304863106
50 0.1054397128278752 0.03723250026779773 0.007511333662915928 0.11129453698152648 0.044389549514386846 0.09992630782844786 0.06147254311396925 0.008760583956327138 0.01225647852970757 0.010123855155635946 0.09206784023028337 0.012837446102166524 0.06502154327314719 0.09949860244477644 0.07252994230141065 0.012105345464804535 0.000656730302481155 0.052223610939283835 0.022484143446253546 0.0721673936568029
51 0.06837574498401067 0.09554365621307777 0.05474119880845641 0.016908474324113548 0.015562082512291284 0.012591691916417017 0.001244919877229595 0.008684214736856445 0.023298044321110944 0.055006354860004256 0.0721357467567279 0.09850698926476935 0.06950315521411483 0.08723654229218034 0.08485242809886138 0.029439093225170562 0.06943546342005745 0.008833283886979515 0.06338618540983477 0.06471472987773591
52 0.07302065711393889 0.05762287467478786 0.00020399475612061787 0.03635298567888553 0.04710965193817 0.059710166868342816 0.054922020312096954 0.0067425705453674975 0.052065064762798575 0.07639601719378046 0.07485848266060478 0.05372373696066572 0.06648651564163292 0.03544466488565599 0.0803340268382295 0.0630845268135804 0.039865705405913436 0.07511006591501013 0.0008512867323477656 0.04609498430207038
53 0.04711334257307038 0.09699983841710065 0.03242179641126845 0.05594383048451001 0.05640747985942284 0.024507251695625724 0.094620370273649 0.0963962336893031 0.019843044868475965 0.11478158571166801 0.006958399392583141 0.055228356384692506 0.023273508584227342 0.095172264563539 0.0022791169877161444 0.025017980543574285 0.02884516768567371 0.05943726953066399 0.013331105700019732 0.05142205664321585
54 0.08587356379974885 0.07479579698121876 0.08140019242220363 0.023660694900193416 0.012937347005003668 0.08191786930896126 0.015843525360104884 0.0007210957114905923 0.08939971097213174 0.007417680594013316 0.08778871263236092 0.028214431746292293 0.08213314440923615 0.04627326215256493 0.0281208888794131 0.0006369455203195599 0.08467296416406617 0.06997224378288545 0.06794352142214795 0.03027640823564348
55 0.005889301655531537 0.025923784411606178 0.016930414265997538 0.09976472297658605 0.06800966742978737 0.09333373272332166 0.01462953479972128 0.04797192004770545 0.006516438429511712 0.020552066652849196 0.06600864951027237 0.07404761623991177 0.11050321072361996 0.047357282682371826 0.11046231279907254 0.04751784190384104 0.034903632235361484 0.002493418889124423 0.015880361494953414 0.09130409012885322
56 0.0818380625859932 0.02509945678933549 0.07925286342755258 0.02788773414402943 0.04781480093278474 0.04950141978776053 0.02893012813560736 0.08188004026518104 0.05514588728882865 0.05838061970690201 0.04795908863612713 0.005625778460761392 0.04296540557896034 0.08548965585598435 0.024404607327481277 0.008137201522272675 0.07775414882131705 0.021661729812827164 0.08237198721977274 0.06789938370052072
57 0.03163313430705661 0.0783081977350094 0.0067256980256392325 0.02596218219746573 0.025210585209299623 0.07379476917640869 0.029908454794245306 0.028251401548874188 0.06966845736866993 0.038645278680768586 0.062094699849262684 0.045645794093393054 0.07765298159810695 0.0056506886951571 0.035992630807097456 0.00199241714269746 0.11883073970539162 0.09399800219774833 0.11177403775468579 0.038259849113022215
58 0.03062240203597712 0.06179258784075693 0.021686547276118052 0.059512064997999936 0.04756764742983467 0.014453363274733396 0.046575147322358665 0.09320493751260292 0.04665498177280153 0.06348354809618634 0.05086089038613432 0.10176650499434965 0.05478220399813955 0.034531044188979065 0.009643160595150097 0.08320285761165958 0.051936378319824984 0.06368051651634211 0.03962850493636516 0.024414710893685597
59 0.09484693790273989 0.04520198860716603 0.043736467138493544 0.01088307226586216 0.08069139651366589 0.013433240311303735 0.023138828563110662 0.09832656039975328 0.052447786804666795 0.07897276653738605 0.0967036600042649 0.002320675075489748 0.09586395479804513 0.025872462176695282 0.0074288664129028344 0.04908954716169666 0.028738350916218007 0.04844146200031033 0.017740785821482103 0.0861211905887468
60 0.0008061157780275254 0.031329143148070546 0.047290506770932626 0.059183633497776375 0.06316683841516547 0.08067176905878577 0.011721662809853924 0.029687447686911457 0.08728737011553993 0.01843084284851956 0.012022367511879885 0.00942075981732001 0.03328057137328328 0.08691701821424531 0.08872098260566554 0.0735978875999253 0.04853101659244024 0.08131931788995146 0.09106593632404555 0.04554881194166021
61 0.04831072227754713 0.037822356879169024 0.04403133565531487 0.055470423631765395 0.060328948520400404 0.07078646846501899 0.06822015663437782 0.005458056454074694 0.04697864117557677 0.014565944837673615 0.041603309138840985 0.030772085525014307 0.07952943281566072 0.07865844013820915 0.06260753713502301 0.03713285400847525 0.0714979578910117 0.05784697509780045 0.03180539623157558 0.05657295748747031
62 0.0488567696612565 0.08817130006321248 0.048725196436569786 0.070346372532061 0.0797060291653856 0.035001215872969844 0.0469817481052746 0.04228648551821702 0.08511414441707751 0.0036324024025432364 0.06978135984581274 0.012297043625714328 0.043793562922892805 0.04315133145830092 0.02628476862688364 0.06871425638974718 0.05887749362061249 0.047030835145319715 0.0711665737692076 0.010081110420940693
63 0.08109130986263066 0.05662426833314006 0.01884960072121764 0.029886670208912336 0.08215611571914541 0.03739711065839031 0.0769310498162526 0.08815749518561512 0.04641567075027452 0.05152978178930827 0.04744900323256755 0.07332244815545148 0.020060628255093575 0.008653018533774377 0.06255334882822493 0.09436031796663984 0.02477947893260279 0.08746683289525688 0.011177621934637815 0.001138228220863921
64 0.006104222108185863 0.04909233794512855 0.029231544565547336 0.07787974581960976 0.09901782447379086 0.048898431962277084 0.045346595863325304 0.0880831014917363 0.05745221233397138 0.05779255016192672 0.05687084840809552 0.07009543294996531 0.02398876532053629 0.01804314094176653 0.07549641191392915 0.037259617598258236 0.03158934581638414 0.02572669542556214 0.04907669402347832 0.05295448087652529
65 0.04815684485603589 0.04849801116477249 0.08181124696354344 0.02777813317198565 0.09095275259940759 0.03896238244438367 0.04405378019821067 0.09604210860493823 0.05903674644718651 0.05986910228956067 0.008831395674707997 0.012436628383640097 0.01122209633153577 0.10591465010043134 0.0008741840407929788 0.06617457470726897 0.024920220973049488 0.016961884935845453 0.10960226419993686 0.0479009919127663
66 0.07133329629700626 0.07642843042788273 0.030756115064847666 0.0040409778125915586 0.06978162933407493 0.027764967861292855 0.05249080861274477 0.048336652688672904 0.06446454570211226 0.06810046749768031 0.04823050748154375 0.06781343735091915 0.07063062696208044 0.06527226388497329 0.011643513081299274 0.011333214271325937 0.04326049010733051 0.0570096616934918 0.04804962605836108 0.06325876780976857
67 0.1226021600843928 0.02952685241641559 0.030500118377691326 0.098236890994878 0.030965183131049123 0.02536140489779102 0.011392485227064738 0.015019762775490178 0.09317750689152006 0.025416771918018326 0.039225641431429224 0.02834435359804469 0.02838050513322533 0.06658253416937836 0.023175381580917278 0.11928327424304808 0.02548943874210662 0.10111843846828293 0.031502926796044724 0.054698369123211514
68 0.08238116508822184 0.07233252391912182 0.020501082941274146 0.07074572667549903 0.034897232748806344 0.031638744798774175 0.04008741958347501 0.06583543288310327 0.07538127153936301 0.022766463967291206 0.034240121292910285 0.0716652799399976 0.04279226976448807 0.024429602707053712 0.060887754125247204 0.08914512936412258 0.03215485064798246 0.034069214234079825 0.03515956097572238 0.05888915280346599
69 0.04698881321822906 0.021221151110597768 0.0815899233377462 0.048066404490237156 0.030842800363891178 0.060444712460131535 0.05974123266998562 0.0267632050960182 0.010198866993397948 0.04701413844383723 0.005907253940239488 0.041506737509015006 0.05438408264517462 0.06389047254347804 0.08443427118814828 0.090031961739611 0.08669553915799078 0.02762785906018621 0.0588469871572878 0.05380358687479679
70 0.07233040553621575 0.0007649150261761836 0.09304085324521973 0.028262276111433688 0.08843534333111722 0.011371865970160988 0.007316813034439036 0.032745555197917754 0.06570488522006501 0.09580815684900466 0.09940335391335035 0.08489592741956659 0.001747091426743452 0.04908931256652907 0.0127056150218565 0.09451916027822582 0.009585058995615665 0.06576181928422474 0.042406273214500426 0.04410531835763763
71 0.02275046774311887 0.01044835313901587 0.044920961147276374 0.01926454173676142 0.08574988263774433 0.024603196583322644 0.01951826922182334 0.08636023085186968 0.05617511934965032 0.12961934630205849 0.06402129361369016 0.003854719987977696 0.10624954666530788 0.01228959952396069 0.02349005570975468 0.06008337664961519 0.06047816049177865 0.0321714306356947 0.1300764205920853 0.007875027417493468
72 0.0496496040902861 0.06405099658219938 0.0949083385153374 0.04061342978007356 0.034545121857877434 0.012845392934886382 0.034789878187116985 0.05464162135269651 0.011675741566333728 0.05427988196963919 0.02379358299803005 0.028393491337368276 0.018395588056792637 0.09112883006803056 0.04172769044550723 0.07406309062330049 0.08550779611698454 0.057812160606709156 0.06904186343668671 0.058135899474143604
73 0.07260916513376828 0.044361946640413694 0.01993916535215045 0.06981365624282312 0.030105832155199134 0.082557282075546 0.06015764926952367 0.06126351281875965 0.0753763086648089 0.035292528240379865 0.03997170307188792 0.06943298843108275 0.055851913608897207 0.03120838968431977 0.039918336335263455 0.0013795226906500684 0.05081768478469725 0.05612899720598758 0.06576091612092784 0.038052501472913294
74 0.03803714352171887 0.04202743770025953 0.05541526327544606 0.0429380336320373 0.058276530848688314 0.06895293321742275 0.07293412580607841 0.03148256306695853 0.0628906484743611 0.07724265138580506 0.03093880582509634 0.04599380962671898 0.05577410356989446 0.06181848241956634 0.07823391074264159 0.05249035413201775 0.005073713847770122 0.07604577870890264 0.021178644856230954 0.022255065342385145
75 0.08337155479943939 0.07392569286246796 0.061069207129495394 0.05369538085607834 0.04354338791169841 0.0530940232519354 0.08661406812422974 0.018582456172238568 0.04553369193562983 0.0565960604867972 0.062311747074806204 0.012145403582397154 0.023308201392950666 0.005317242782744788 0.028999660825037965 0.08369633890501835 0.08293758169621092 0.06410833063377314 0.0460774299542688 0.015072539622781997
76 0.03256602224249736 0.06377189749710493 0.059349822998874 0.07638256262556267 0.022038852833650566 0.0733420729033944 0.09333827408971856 0.0007863008771843285 0.03961920947926589 0.03514398441440624 0.055721608174769226 0.09490931764270295 0.0039088080966739715 0.09138027738430486 0.06419070893139316 0.025799369250872773 0.08288890015560813 0.021567184491091976 0.011735019079119028 0.0515598068318049
77 0.06576240237604519 0.08605288793428176 0.039678248024303135 0.06371078444482033 0.016951886640730978 0.015498672117372226 0.010629057996454956 0.03614893821467702 0.07216745455806259 0.06868089716018633 0.03453171351186465 0.0442560418689733 0.04352897468535 0.05017298766800151 0.012805160256761143 0.09443114145180086 0.10775431434304215 0.04282242671779129 0.08264985915564353 0.011766150873836834
78 0.043709101720588936 0.024056405482073297 0.03076459746335367 0.09546158545798131 0.09223110515013597 0.03303524692691434 0.012963853524109933 0.057131238981666964 0.06288459166084592 0.06664713345589357 0.04689396594700557 0.05338329855530344 0.059144936484402076 0.042375416043597694 0.0923046348355463 0.06147844637822446 0.03364855954330771 0.016199511465236856 0.042828027786372326 0.03285834313743981
79 0.06974296596403427 0.0563041517857102 0.06834500074667257 0.04401829356348498 0.07186533247082051 0.02588769540200915 0.03150451609065843 0.07013650308505809 0.06615370393183423 0.03828353134226832 0.0008886914803727749 0.06113067216177432 0.0713045952341812 0.06649419295655307 0.03255335057047566 0.06479835745143948 0.0020006387765410527 0.04563598384987443 0.04596786141909866 0.06698396171713866
80 0.05986103013870035 0.005557264407426892 0.010183782631044093 0.0737347860251986 0.10393255728871012 0.09391962237848273 0.027432072883077804 0.007662646013424154 0.01615081917056304 0.061257854942884396 0.006987749758313295 0.09095677537726192 0.004418434586738659 0.07821030426891495 0.04350744956892404 0.05854532669608867 0.07621954784279789 0.07980569345607302 0.025703834390994676 0.07595244817438064
81 0.10035111455270851 0.05115150108406256 0.07861071724013606 0.06832570334765492 0.0028175525039624482 0.024648114119909744 0.049222299430789644 0.055098308055411264 0.04501330665863522 0.01497731867762171 0.09537015793477605 0.058155658379889556 0.06531147446240193 0.05365296459949617 0.09923713338920624 0.017158066148468345 0.051590465303715416 0.008829631321630223 0.011429703473260656 0.049048809316263334
82 0.03201581214258404 0.014918144835184399 0.07347362560246178 0.0665566678929233 0.03249029963233092 0.08035582354932438 0.055153488403802034 0.005667586119789337 0.022258228194674854 0.08765653994565971 0.08027430715683347 0.04322242197206858 0.05703936278108307 0.06293025274071125 0.0718419066920285 0.031020027847498455 0.0622037825586645 0.06045212278625571 0.05027468754679592 0.010194911599325854
83 0.061971688124614885 0.04003680980576781 0.009941866838063246 0.031849202401177605 0.05429122532094976 0.09672483663717303 0.03664355902334062 0.0921937937756892 0.029470344103560652 0.024364216332659783 0.10221796582941556 0.011813159272565451 0.007642466279595445 0.06415657410482219 0.025756690061057703 0.10278522376843854 0.0009049555982572699 0.06366733255627896 0.06484983420236694 0.07871825596420519
84 0.06358122529589316 0.025150048362004313 0.0726547245705859 0.05416457576054346 0.011224068772449611 0.023880739058490103 0.08088477874344381 0.019962065314224346 0.0328981038881715 0.06081900384693698 0.0319916999975203 0.035609900969182165 0.07731956874193423 0.08263877886211089 0.050369867231525145 0.05889246200870964 0.029021961217006224 0.06765675416792956 0.07427248583927203 0.04700718735206679
85 0.008551854575865095 0.051235275262646186 0.06392773997151772 0.04971521969668842 0.057130406226683736 0.08790434261562087 0.07778299798203336 0.046555634534965265 0.08784645776285019 0.06190588011131516 0.02667037769335531 0.015651492791316692 0.027186747621258087 0.04167146717030481 0.04041230169776641 0.06357116769341149 0.04224192482845735 0.04710522616380454 0.06587858335595528 0.03705490224418399
86 0.06273180682915573 0.03771459325533485 0.028796109590590823 0.05765770887633232 0.034256335585524135 0.06695211105135235 0.06753538323772186 0.038258271561902146 0.0788017777065226 0.04356536338061683 0.08004806340664077 0.08404350392065256 0.0369057621852128 0.02521610525228946 0.00768907625685558 0.06661336433865765 0.016151639328184822 0.022226384462132882 0.06954590732942456 0.07529073244489523
87 0.07539464029217234 0.07543211385963569 0.005637798934513178 0.03047450902341015 0.025399580573619015 0.0578509744309713 0.04790744072307431 0.01900573970535825 0.052430383935925716 0.07668940461237901 0.010572745878668145 0.00460952736236927 0.054828249150574486 0.07125884475663839 0.055575164064334714 0.01591985349338413 0.080852030868834 0.0789037315631943 0.08059088600848414 0.08066638076245947
88 0.08876593224995728 0.06505197976718728 0.01984874428869812 0.036418536234170976 0.010600955856919479 0.07265734010591696 0.03285924816726919 0.029139347790499696 0.02710762407972694 0.06421895398836394 0.06910945576885354 0.07668346466498603 0.059798176229049586 0.0834914455571185 0.07367554682805859 0.017440767705756307 0.03886317311162735 0.11835115456671862 0.01209247561130653 0.003825677427815318
89 0.001823231398572324 0.03716807070883223 0.09523843631747815 0.11544838571499766 0.029006279623364314 0.038540596713323265 0.04687500485303378 0.07598277413273379 0.03016356810341211 0.0419497316007958 0.05545987629407944 0.05372657712403024 0.10943895148041174 0.020359770654411392 0.09529785978704498 0.0007081689211393373 0.003769759959514919 0.013876233451966868 0.022324641589766398 0.11284208157109119
90 0.03196718483447834 0.006385996733703408 0.044746314924980136 0.06201464294286753 0.015429324039430993 0.031203600515060353 0.04223269458071369 0.019051364456794707 0.0021088977325286443 0.12113315440907327 0.009973985951777104 0.07367754264724667 0.1317191696784263 0.0227972313358476 0.021065724795115818 0.04883324456773995 0.0914546024942075 0.07545382684190169 0.13695407778456545 0.01179741873354081
91 0.0033184585276813134 0.017447904368691314 0.047233847100059796 0.05715416384847013 0.011779193040708534 0.05321481525670599 0.03525628338057476 0.04468653239807626 0.06530999889760263 0.07833223422914608 0.026262994316705944 0.06270127894101457 0.06791774265306914 0.06039417947388482 0.04054846195947499 0.0752974236785749 0.04448737860610543 0.07478042339665462 0.051987906878757636 0.08188877904804122
92 0.073973737461358 0.018965808249945693 0.03701744431907735 0.06589928353040433 0.06483678051547749 0.08455924701509054 0.08461896924410489 0.021522526475095196 0.04103639939338116 0.02462261068822015 0.030393411230369136 0.07461875663783936 0.0334545127931924 0.06404920449832359 0.027563283088935336 0.05863329902480928 0.04720656716681691 0.07641502476943852 0.009720063948316307 0.06089306994980427
93 0.01841596326806283 0.03921614570622958 0.014514056800066814 0.10696412760511624 0.061607428071736844 0.05839774587876168 0.025940941619807898 0.06917120106236727 0.039929053575068645 0.024827569976702 0.09028236152735197 0.0452095189829536 0.0681390294354714 0.08674628899020005 0.07776935111573086 0.030923023232011196 0.047714407100893724 0.02965780598399828 0.03595417243157311 0.028619807635895774
94 0.003000430426369768 0.038240939975755145 0.025401508003837475 0.015255333144245299 0.07347480198960764 0.07628537872946142 0.09184920097371677 0.08220197041543409 0.013827036362945199 0.03531236888180643 0.049693751548215474 0.0690637255189753 0.048324513890227974 0.020952235888900526 0.03785497710710457 0.05001056588629607 0.039006572919249985 0.05574672815025395 0.08521711839403275 0.08928084179356421
95 0.07346999516784215 0.06365666293675049 0.0024806439256003818 0.06518037853812216 0.06729726471596247 0.05852709326950716 0.024904195089257303 0.011080216576529411 0.03810361202661096 0.042448227335237565 0.07433141613521373 0.06510412647897316 0.051508048095369394 0.04691410206629518 0.032597931038164954 0.06945287227186148 0.036358042354570914 0.05297969434508753 0.07160182285635078 0.05200365477669302
96 0.04357362678713356 0.008553661648367041 0.019230557638814684 0.06342011998365056 0.08516159960962866 0.04110353618391789 0.09599972188332326 0.03598377939442409 0.09202467662335478 0.044273181184757336 0.06493704745590155 0.07537642327512158 0.0354232135086082 0.005985416593194516 0.004995932250339066 0.08236103459993978 0.04044897792696156 0.04473939373632458 0.07751729001634121 0.03889080969989592
