0 0.047010618598551095 0.044588784043587334 0.06315871262938864 0.011488235693483312 0.019629136839396794 0.02860854489530684 0.02035680558877256 0.08623721589530062 0.06253369138820755 0.0643906841804557 0.07218158120365135 0.005600202159283493 0.010072234804952547 0.11418424851602911 0.007238073487634092 0.032373821514466376 0.08148099789157914 0.10060149164186889 0.032893791649923176 0.09537112737816131
1 0.03668963084492953 0.07926841010568181 0.012664252915019322 0.09980609159976153 0.030525804913128913 0.009058308052807851 0.0584287705232353 0.03563354622599731 0.04768011359641216 0.06849388899205532 0.09834702293476029 0.06290577713071115 0.04165770044738151 0.014369846809228115 0.006595979279523444 0.07303324172106941 0.09101331764261908 0.0685112818827058 0.02856015372739141 0.036756860655580634
2 0.015326339385635785 0.07558126809268181 0.06868172588531742 0.036121113654157815 0.049027464217284454 0.0771871370000777 0.04331196314359954 0.03799415092408251 0.07412261996416493 0.030624172476724366 0.05819445313260322 0.05675112000426309 0.07288106580427085 0.0116619175535607 0.06334668527898632 0.035478066564457574 0.048749712226781684 0.07603608247430337 0.006780522197216382 0.062142420019830384
3 0.10247411077449982 0.03492465467364669 0.022816694363461357 0.06595065976547121 0.04716996183358198 0.08101181612374275 0.03674634727219058 0.07181207499996349 0.0748139163297093 0.040543265248936936 0.022211900512488125 0.04061390031600767 0.09325466091216994 0.0639979604232154 0.06895622913893487 0.006290467384274351 0.017934090562991247 0.07513716873538202 0.02373897503952468 0.00960114558980749
4 0.09507695151158796 0.07786179921841098 0.00398929560566811 0.08117062924889883 0.0036519404484744076 0.021741050912391317 0.050858892301739914 0.062193638259401336 0.06185452328153905 0.06861600476243418 0.006800116950819552 0.05362868056533543 0.02030070039912213 0.09460068245795863 0.01699767328186086 0.06921251691492714 0.07976935658460617 0.02195414833423214 0.06328746401202817 0.046433934948563904
5 0.0691024582159241 0.051026226016766596 0.043733307531466974 0.0011159013792224372 0.069411374683785 0.07182807798016712 0.05307523768842802 0.05214207141877754 0.02937390788795717 0.054323069279037475 0.07409263392720222 0.06557662882188692 0.006693809479994958 0.049808218211845764 0.06996903187731049 0.061154822887454725 0.025501865412244574 0.003646357523741649 0.05019307029906709 0.09823192947771917
6 0.014730541046781793 0.004035206845501465 0.009322989596368316 0.06103193374902487 0.02380963089492454 0.062257453149101596 0.006088997486415768 0.054105850368587206 0.027439585724987264 0.0787042085410251 0.06688360351229189 0.06182759214702144 0.05354406887016518 0.02557559821081491 0.05512272647851226 0.10191303956109196 0.062058822113325196 0.08728143732847533 0.08013749040310973 0.06412922397247411
7 0.03538617010935753 0.03552664670298559 0.0717372089125197 0.05799222957049036 0.07155293321196193 0.036432871094075885 0.055090893965805784 0.019416000424700288 0.03100022624888071 0.0760948871303604 0.06828570661370861 0.056694765825883384 0.07380915449638749 0.02355256116980278 0.08495366048098053 0.07825887854797996 0.054793150783048805 0.010891418676488416 0.04063861422177977 0.017892021812802243
8 0.055104558313027414 0.07228767400414045 0.004646686077585041 0.06268811577159597 0.0643616393496242 0.020742129309172855 0.03642184003511529 0.06685050801930588 0.03358605792359633 0.060286181100438145 0.06983649261870353 0.05092056310638998 0.05699824574207791 0.013125611927502924 0.087302982329953 0.019196553563301355 0.015418551910883165 0.06427632551524268 0.07251746386104262 0.07343181952130137
9 0.0162817697874329 0.011514910118458946 0.04935726627942098 0.00324391418916579 0.05610473323136471 0.0035171848548423397 0.06489527932687808 0.10140060209224434 0.09224552237717985 0.02754956265741465 0.1012345467806268 0.0989331218633257 0.009266141150111477 0.08225665435282516 0.06691298744718975 0.044554340629026384 0.10041243494539633 0.012983488031415753 0.0441232691826315 0.013212270703048508
10 0.025014150720523615 0.08590274463204955 0.08395889733286085 0.01559381151694332 0.05262762572616221 0.040402377579240895 0.05015991317438652 0.006287924154567321 0.050069958667310246 0.07956243190736524 0.08564670671419677 0.03267034233041436 0.07446744991665752 0.054943163810881324 0.05506440009859449 0.0006241705416616707 0.04825729869505471 0.07478485123453173 0.08187093034310655 0.0020908509034909964
11 0.06314909613705058 0.05884973434333028 0.027980533002369672 0.0374970459740611 0.03528681594664291 0.080155959482754 0.028208105601521094 0.04328699024075194 0.03825336683293174 0.0715387971932449 0.08951860452416208 0.08092904385060878 0.009772005321921995 0.08310941603112122 0.04295991678800549 0.02384851262193531 0.0240709368839132 0.09517012436766846 0.017778898891871647 0.04863609596413366
12 0.07691797278415273 0.021689415074170316 0.04905481054289646 0.007172766453486493 0.0907299222055964 0.07853266525426209 0.06599031443472773 0.01856973374676241 0.07465670683956661 0.06772884435327663 0.049590549644031826 0.07392766493467465 0.019966878899847773 0.02018359545853682 0.08972921643105716 0.025576785310114696 0.012507256337585747 0.07994793379392624 0.07338905231873337 0.004137915182593862
13 0.08987089627196312 0.029590107040274097 0.008025516827637063 0.04512512189949524 0.05913399425695896 0.03016334338942814 0.0764414807646201 0.09078041284007449 0.0019449195627062109 0.022433094950652422 0.069634292774224 0.04289092602091592 0.07254636641824593 0.03936161879508768 0.04613964650412936 0.07469973531570245 0.013325797617585249 0.006430889530803285 0.11000002384108169 0.07146181537841435
14 0.0070268524012860436 0.05599574142837098 0.05349069348251998 0.037344336745123205 0.05613929273983439 0.04712424188445325 0.05911603446614512 0.03537079811896485 0.051195818172266344 0.004412289140077161 0.021455422342745004 0.042661052342028175 0.0044963811879895925 0.09373714364047993 0.07823218452575781 0.07389375574807662 0.0807273983426278 0.029869353028544324 0.09357712397545019 0.07413408628725908
15 0.038435043390438746 0.05215163726036808 0.06662358169727212 0.029005648533054384 0.08139735905682544 0.044441541899803955 0.047256943012213844 0.06743211525224527 0.06596273022960195 0.07770062302300605 0.03477958132971729 0.08114876467386771 0.03466005456774149 0.053709247106017995 0.035970558400778695 0.007424835858047714 0.058095992356820225 0.019144152934854733 0.08771666893206632 0.016942920485258018
16 0.0089230758489227 0.09940489749993725 0.08090490074207655 0.10142959764236661 0.0959236483783029 0.05585212027373638 0.05504079066292147 0.015944780447116672 0.04712462256923565 0.01315285474638562 0.039850067574798975 0.05450995108480547 0.0937078284014734 0.009594766043707417 0.0361877491141553 0.004271200268000286 0.03200520542515158 0.045549017537549516 0.051182369235127916 0.05944055650422831
17 0.05341046614391608 0.009797511767511482 0.016910168832606397 0.05307054105424329 0.07386662460968899 0.022214308645967285 0.04157770275924261 0.025011740719701508 0.06916466702892037 0.023451573852690033 0.07118074856458856 0.07740849113030267 0.08030828155351658 0.03335206386682161 0.07729636759868275 0.0849714555983938 0.056207041528621625 0.04279153754859756 0.00924354178184202 0.07876516541414481
18 0.00993629040253984 0.0628042021258266 0.10640711245102391 0.10218189248132321 0.011216316216540989 0.019663103781661893 0.009299037245389812 0.02208007858434851 0.0603503538353092 0.023891659603446722 0.05189401550978083 0.059976837464609516 0.08799215501358909 0.09837581333030491 0.06166161968858829 0.011667670817833299 0.007356088688223496 0.06250497010326958 0.04236636664311765 0.08837441601327256
19 0.00032938142878246863 0.08777298104645885 0.05105495374646311 0.05722721644289595 0.045595033432851914 0.08067282994948305 0.06981360728981985 0.028577258427631272 0.012256311536859008 0.06915036456992943 0.04312650947034987 0.06168724865271874 0.0710259398052775 0.030356636439044096 0.06836807833914445 0.006300093012558482 0.08749082727582047 0.00914531121660524 0.04258570264244257 0.07746371527486354
20 0.08224356925835374 0.005360770702069905 0.033893042987996516 0.06857755823673387 0.02170008742124544 0.022232021916555177 0.08255070374150479 0.08683217658731948 0.046743792875523583 0.034905604287402955 0.0071686985019587075 0.09241250273805102 0.01078829759832411 0.07456560308246678 0.04045486850389067 0.07037749532596874 0.059116713480751246 0.09085027415138315 0.0216864743429807 0.04753974425951952
21 0.053840392752333203 0.002016774091711032 0.02078901635744244 0.08504364846695206 0.09253810364497475 0.020840412868433612 0.03482884216954299 0.019456918884222903 0.03857799209791427 0.015862515872216626 0.03827155418589258 0.08788272227999422 0.09164265198532298 0.07497921807255893 0.07754886911502985 0.02017569745592566 0.04179807731554441 0.09391290974529798 0.00995357259487508 0.08004011004381437
22 0.07670442658268631 0.06952899487285782 0.024884322740707617 0.09725252143566994 0.0025649259340826225 0.08287446360713581 0.07720177407123538 0.10011102597429876 0.08995361265247863 0.041101219589310525 0.04102999261288254 0.001923089661149334 0.07028027968994018 0.014183655840785816 0.007908128220361452 0.0031903837977727686 0.014362007537293765 0.09103790859729703 0.01407121555785214 0.0798360510242013
23 0.03841461971899381 0.006701156419658596 0.058703057143790406 0.05619785176660704 0.05582064056936294 0.06127348375627878 0.07671778727191086 0.06919969506245091 0.06532467351558734 0.058436966878009124 0.019903983721899318 0.06695661910624877 0.06329058480539128 0.04269109181292912 0.018800310347737187 0.038005439891236614 0.05352057032691457 0.07878126154819727 0.043253755299853 0.028006451036943037
24 0.055674596537002005 0.06419622651833291 0.06530642452509587 0.05496390352757202 0.006894494536366144 0.015029361697519722 0.005126854914227641 0.09395635594767748 0.056646460814648816 0.04610482466767902 0.05603832777064339 0.09355004236923634 0.07694457045421552 0.08093669923313254 0.0477760626933024 0.020263166680213822 0.03356807247281551 0.08333894945685072 0.03097690409755218 0.012707701085915877
25 0.03353135109780606 0.010952241952391913 0.05221235278192723 0.006786905092803681 0.03149874346035262 0.07554623125661793 0.013153715312375958 0.07840853789555018 0.0510791942619633 0.11176386953335922 0.07609882161930469 0.05431408517139681 0.0411993366316777 0.023451983422895065 0.10362342896292268 0.06343140859534131 0.06777963440808532 0.031169247120163862 0.07191526592347211 0.002083645499592353
26 0.07315475818956733 0.07434105296490162 0.09235496460914928 0.07800636147488255 0.01410120002197234 0.09911612587606723 0.0279567947981663 0.02045025343834361 0.04107842667106352 0.005409564056613467 0.026683123564448113 0.04545124572812491 0.09341658531609906 0.06357767500856035 0.040161513501798904 0.014963842468667514 0.04488958384281052 0.10345936529178035 0.035093699485958536 0.006333863691024244
27 0.07055148215067357 0.07403407022713687 0.050564278868535074 0.02227585000778063 0.05966645971630054 0.0589250791275957 0.0468666177570276 0.006135376747870928 0.07495145822779811 0.01646101145598559 0.0312491035200229 0.05181358449403735 0.08036384421010306 0.05704024152353113 0.06245110332656907 0.05346682959240074 0.04557428602081324 0.0715174646951003 0.008332508940158127 0.05775934939055961
28 0.009668145771978807 0.04492966744903842 0.09077384710182375 0.05773324582999624 0.06365338344575368 0.026436733399357967 0.016958414517678884 0.09536417322327369 0.030331403895358416 0.08143608763998593 0.044605300206415566 0.014157982488072214 0.07094671881302521 0.06800783443495964 0.01666357411302593 0.09843987138114613 0.02835817412001564 0.020797962860085357 0.03296746554345743 0.08777001376555107
29 0.12298436028844625 0.08388648242954112 0.0017505252697274025 0.06394409946347653 0.005757614451877408 0.02754872154364612 0.07059082438574159 0.0219991682268317 0.046410667075735816 0.0629138055236346 0.07172764545643698 0.023322214213109857 0.028614243026154437 0.024186622925407412 0.09150499772499912 0.054584461770275955 0.05159656495597547 0.0435182052118634 0.03331654175237861 0.06984223430474022
30 0.024458060432284108 0.06985381811590914 0.04322118321552064 0.0752339158268719 0.07105841080296255 0.05905295056254721 0.06996041224063006 0.052583916546595715 0.019777765521285434 0.007429889718779909 0.05791324958723399 0.04491360866915581 0.03801437330373664 0.04844031246659614 0.0881206393145012 0.057570949351918276 0.07036166201987967 0.04452861996652828 0.0013069565241221038 0.05619930581294117
31 0.06428796796209858 0.006941625918322669 0.08241749791256514 0.0030484953433682106 0.017822818306714422 0.017074390900125237 0.0900469371044603 0.10476789473076512 0.046531209419163375 0.03820599679239171 0.051480924649262204 0.0568904415005749 0.02107184045765405 0.07695337084632935 0.07283587260152502 0.08273656629377867 0.012475209518949412 0.08808646413202267 0.020866162691477334 0.04545831291845164
32 0.08690545363879704 0.09615402523618885 0.10406972281814703 0.05258765543607426 0.09474183411054807 0.03594038171803115 0.0238776806370466 0.004551802550404735 0.04928607784460219 0.060590186393519145 0.07544096321751649 0.019493091111148806 0.004752252574527705 0.041301195431394495 0.0005509963095822071 0.059821453637902734 0.01693080979569178 0.017520497107140633 0.09934692552568813 0.05613699490604793
33 0.037032471766775515 0.05917583922476687 0.015371442070605923 0.009064621016005782 0.012375185468757417 0.039675768380931564 0.05998870147593788 0.06641342993456265 0.0014157130576596586 0.053368088897489785 0.008339911157088905 0.07208844446895342 0.054324591573835186 0.046157722535013296 0.09768898249783506 0.09132179974719527 0.08214031505498544 0.05789464165853811 0.05694454955673018 0.07921778045633213
34 0.07617162683046064 0.06556001552372322 0.04293920093110917 0.0772059639069146 0.03547567893561665 0.011619924378886112 0.030095882931181258 0.06973678388343192 0.0029397601857507486 0.06654413060830125 0.07365769960381757 0.018418580625440883 0.013515521145330264 0.009798210134179712 0.08163599611613523 0.02914206233066985 0.0904480232912115 0.08087384640325111 0.054899209832327156 0.06932188240226136
35 0.04809131655698151 0.01751657881780515 0.05738795561433361 0.012879169121432986 0.02838910894074169 0.027732708575746057 0.08642806651435095 0.08252359819926164 0.02366719454569297 0.09388040994925397 0.10128618933356628 0.045516412775111786 0.0660197142071286 0.006522381848638349 0.020738558001713633 0.10112393271561058 0.023594693569989646 0.027937110998159168 0.1002852023958901 0.028479697318591377
36 0.08269060555053648 0.08960659156164953 0.013906807673570814 0.004957258681024573 0.07452997216507665 0.0745063339663781 0.0897738938837587 0.038726194015445345 0.04065168803876936 0.02517304326851594 0.07962916714618544 0.048174744182277365 0.007151002882715092 0.05082652422911199 0.07752401549270128 0.026334436822491907 0.04217405999605322 0.07984854824902822 0.0409057721404404 0.012909340054269431
37 0.037516706898323995 0.09871419537196748 0.010306001873679374 0.020404294893040714 0.06877725760303542 0.015482356346508757 0.06006751694919594 0.048564205206554224 0.07889516110619892 0.040371794981177545 0.010112777508926219 0.023045448730871287 0.004173648125496337 0.0879941818671662 0.07268128786753203 0.08475613045105934 0.0075243257480950235 0.041527415257049845 0.10262150627488516 0.08646378693923627
38 0.08548712005490948 0.03909789242811772 0.041476295970572126 0.04520831779871634 0.04416209936235166 0.04485418882143993 0.05440769864254653 0.08464429880045486 0.06747702172797028 0.07820416837980673 0.02354924458635606 0.015779526897346425 0.084917665085731 0.0005286963388273734 0.04600192080255923 0.08356221413405651 0.016778454184023312 0.08498544761692546 0.05804616362366887 0.0008315647436200615
39 0.029758802975905517 0.05261214711250965 0.0613921846769222 0.06783956790974342 0.002020955686325472 0.10026897496916647 0.0379466134255507 0.09457100102662062 0.03894097923780869 0.009749158154814173 0.04869414699555974 0.012266022343430036 0.08606226089033812 0.08173513004497805 0.08030611822397277 0.02246023831668717 0.053485353392426514 0.09037690768132725 0.010647199370202464 0.018866237565710906
40 0.059609496699986164 0.03392497606823646 0.02444342142540329 0.014039133918343567 0.007519013723848126 0.015880818580708035 0.06721169552801985 0.08927179627245124 0.03287258982625302 0.062020420158261653 0.016248088725733 0.07776231838635364 0.05378623298749931 0.08245764644375195 0.05613625755943988 0.09220515818834132 0.04853412207808291 0.02548075905199774 0.05761218307282645 0.08298387130446239
41 0.07445657339999001 0.029700776211548447 0.013769163581747625 0.022526454696624964 0.020716080315292432 0.0910432292201749 0.04334008147407212 0.0690800696561472 0.005408756728747566 0.08392940611655668 0.02345231537235344 0.09073518501510275 0.09006242644135086 0.06081484723013638 0.023573140268373913 0.03828472239432657 0.09700158614187765 0.011222713528761977 0.0603872261847428 0.050495246022071706
42 0.02649954534842184 0.05651796134904837 0.08947554503075962 0.014286634965228182 0.014399459698110708 0.042948442575571115 0.09807620613162188 0.07048823649489191 0.08649579119106536 0.04934937126790742 0.019065864408701932 0.0766731135845991 0.02408225947806354 0.05351366207001646 0.07324544380121817 0.06153565929276546 0.04521882859755638 0.0663416352430098 0.025557139162507816 0.006229200308934764
43 0.10827052754379403 0.07514613562652261 0.1004832444661486 0.001350356812468626 0.032466959566485376 0.0781579593127574 0.05369451017938257 0.1107740867331062 0.0010010703476844008 0.02182384408324038 0.046215085402784066 0.0772177799842048 0.025215059872115978 0.021163740752137818 0.0715193625653061 0.022542580230807005 0.05043910741056725 0.043329256032712246 0.03186840707930133 0.027320925998473102
44 0.0742666995118303 0.035406772335213436 0.0470339836078319 0.04936752885094609 0.03174884650111668 0.04109511966484802 0.0060008112924971845 0.07917545390916922 0.020497136147052515 0.05083134886047696 0.07161880998787046 0.05324101168293504 0.04486395938399602 0.06717422438899535 0.0013992807284285863 0.057728403087293614 0.07252740314912384 0.0593968721901453 0.06534255616151405 0.07128377855871522
45 0.09776000624211083 0.09687173004724926 0.05217321029413196 0.019732859342530978 0.05888707258427589 0.01252512191217785 0.021248455485874795 0.07895132523284776 0.04063017871865218 0.016477358908151524 0.010018398678109802 0.10985964494182524 0.014410122297537846 0.026466400897305196 0.01097175657739754 0.06425401748547029 0.04836091910155195 0.023777690427300262 0.09071274617086703 0.10591098465463193
46 0.06763028634602052 0.01563508426049799 0.05061932270932344 0.06071263701730963 0.07595874658527653 0.06788260369777907 0.055725546639074655 0.011886464743630415 0.06311984460704237 0.030053702041138466 0.04312604566489686 0.0774658186313233 0.07822990364117756 0.03397342547596014 0.06874189516766148 0.03173921321725734 0.05240422246028994 0.02187488966912114 0.07261049221924111 0.020609855205978245
47 0.0012608319128319932 0.01807915322756299 0.04450749388572005 0.012242134546578055 0.007012281557465495 0.0012881465800134633 0.08906380416798815 0.06760424245451375 0.0985352397408286 0.07505428496365353 0.039084536618075434 0.05216466125544397 0.0732138503054242 0.0014543875621455956 0.09919132870877055 0.0450962062921787 0.07002603927553624 0.0828964748719409 0.07375711043730655 0.04846779163602188
48 0.08310710971553809 0.0006252536396154375 0.05755690482990603 0.024840612224309385 0.013799324447306284 0.07669067731146381 0.06079350030133669 0.05464799948803366 0.043448811898840124 0.03410479351076631 0.032919067513229636 0.10270267254257166 0.028604797286243804 0.00036645066496487905 0.09575446342542844 0.031485482421159054 0.030202634674396652 0.10027706657686733 0.09016937119140239 0.03790300633662019
49 0.035225591009543616 0.006726795298502893 0.016548054594805395 0.08363960625403083 0.03549823912301239 0.016728451161741677 0.013028011271278426 0.08281661124818489 0.07899656838037908 0.07152371406945697 0.07033976077004843 0.0872054250491352 0.07274710366650844 0.017157592035714184 0.03583911200376331 0.021134071082004283 0.07252121193195799 0.07529696622662561 0.07152696643056523 0.03550014839274116
50 0.046290384672421796 0.060781248074200114 0.06987547660536296 0.036844318592224805 0.0926006747400992 0.04530658111796287 0.05412891759290886 0.0025186256125204406 0.012300154608474383 0.04062681083384563 0.08255572882628096 0.044889853217567194 0.050961929669631596 0.07614505596778984 0.08077217849421 0.0046718959258327634 0.019119535338035197 0.020562827362680922 0.10216868624873236 0.056879116499218
51 0.018378108019606255 0.009146690281800995 0.06264672636866134 0.06283868084449384 0.07558951192669577 0.06814310267853918 0.006759707623264521 0.06158470035892125 0.08979440098506436 0.012624422031068703 0.09445400881926407 0.02199134365466311 0.09532269573086215 0.026036325973972235 0.03400632671176883 0.03022216497866055 0.07838138411328684 0.007834438718748251 0.049346996224469725 0.09489826395618804
52 0.06772449807587223 0.0006263320841348125 0.07865716936783215 0.07497203083372544 0.020750459831375415 0.053100694340519346 0.07502886657427307 0.025456924322721675 0.09585051360334006 0.06739132509237278 0.07561423052411519 0.012785773089346449 0.08126417705961608 0.0627022276010057 0.005527140295557784 0.054447266323843585 0.007033346892626965 0.018263484554941686 0.09589899566680851 0.026904543865970843
53 0.06417102879207615 3.012422352595986e-06 0.04460697561172219 0.07455271893275134 0.003213050740541246 0.08579132164975921 0.0050739401951704274 0.05521479405471014 0.01671145040167898 0.06792288627673931 0.04273424413680354 0.027045998431714333 0.09637877626279066 0.07719112559450698 0.076310235583785 0.033199619110679146 0.0805475006745201 0.020271669322415444 0.030974434234566247 0.09808521757071699
54 0.07396909756873063 0.00627291914739339 0.0033390902057804195 0.06083924014275495 0.07227757244942574 0.03410232748638971 0.008946212882754647 0.043438586766915005 0.08003559425766149 0.07076462525173655 0.04103005296398825 0.034255712679532126 0.08612015742495091 0.056902285229525625 0.032896132087406375 0.031045605128641594 0.052170175549272245 0.08905772769010757 0.04054238191863322 0.08199450316839954
55 0.040321444676129525 0.092678315723947 0.0014490703187806664 0.005059173581158834 0.051508917002240646 0.021125626891822746 0.04096584828846401 0.09029799758127392 0.01607674977688059 0.06232468541810229 0.0884905524898947 0.01164114554799002 0.09078083169130004 0.059072588094421265 0.08346358818734782 0.045127938882214565 0.06819588410990786 0.024472210062999065 0.04957077147589447 0.05737666019922982
56 0.0017345041031828514 0.011563860050612 0.08659287136770943 0.09677773591770271 0.09469101860441348 0.008663695685995622 0.00962640981676237 0.0961637122824032 0.08579088258374755 0.002129657170001845 0.08528816307092274 0.015618048372694166 0.09009324918104962 0.031109849640829725 0.025488136266991944 0.05317783461661185 0.07886333219208604 0.039821589090328076 0.07106763388277842 0.015737816103176212
57 0.03924370842804546 0.00817180589825295 0.02871718374861413 0.06610833206868662 0.033450890095392274 0.00294348337209468 0.024106183249731336 0.09600597255554573 0.010376207485217096 0.08760175686166381 0.07822169745546065 0.036308086877122864 0.10759768946405501 0.10085699303646728 0.06516855030912909 0.04797374171460303 0.07548890546196212 0.014345143685550957 0.06674798735040768 0.010565680881997387
58 0.07339830796102459 0.0020253210697108656 0.08125879216886504 0.06854618338102748 0.02842822337085889 0.0003209765360120607 0.07538578466709828 0.04742418297737756 0.0655891549479286 0.10596516304841827 0.031825051329882434 0.008897531974814308 0.05011308320659139 0.04702573394705612 0.0791451214967358 0.0023818065633468095 0.07082629878022326 0.013517543465015621 0.05612078489061845 0.09180495421739414
59 0.01662698092806867 0.06206882158478323 0.006434684068831349 0.041974207927716424 0.030736014897515405 0.0690337488023442 0.06346815595600487 0.016118939642182372 0.04039851121474456 0.07500442137836938 0.08218042371349779 0.017035916353917525 0.03795186664023074 0.009308043175628701 0.027062944961837223 0.07738350665393237 0.09446843895806165 0.08237643620944377 0.07625142576442856 0.07411651116846138
60 0.1071284387891287 0.11296157614266433 0.02001192414404241 0.04630309861044459 0.06437251598631179 0.054961054238321184 0.019992135500312907 0.0830417876936123 0.041581071221950594 0.01774439669304717 0.07716929967492979 0.03247820448291697 0.028162923501165806 0.03010651363496385 0.02348062999183481 0.019115290973837604 0.07761558163678867 0.030699385895424796 0.08260858728137863 0.030465583906923117
61 0.07174093154891673 0.08204908544900605 0.0802899174799902 0.04305187005791856 0.053192862228290096 0.040109567590031724 0.03185586064428094 0.06712475234472358 0.08365430552601869 0.07297008879829807 0.04633520555389451 0.011532744703663616 0.03072238400498865 0.014875107951242183 0.07160334260070554 0.024207891521811954 0.056833446921164 0.024271639391671707 0.07554741131514242 0.018031584368240816
62 0.005736770698370167 0.07933675386967504 0.06677485222434175 0.008347357071753641 0.0859931667389105 0.018120564435397488 0.07271687915069278 0.037409368041219616 0.08501287435686468 0.005230919388836934 0.04072712588166755 0.08871497435132454 0.09414981251233809 0.07463972648554314 0.0007203236211068702 0.03370134529498521 0.05466673165842081 0.061221940692295376 0.059552350894886356 0.02722616263136968
63 0.022966562434264585 0.012337994186254104 0.01218362721786109 0.0304808681711257 0.053062060022015196 0.04472592508278393 0.09809346728587709 0.051806058323812985 0.041746782797669565 0.1136881114421073 0.061620621817491526 0.016080372815951913 0.04895492684977173 0.05079901029169904 0.06424639201738411 0.07056902117462645 0.0447904876144521 0.03847071715603739 0.020758006786534645 0.10261898651227963
64 0.057008346772621676 0.07263547830294928 0.03266811341232552 0.07981840205524034 0.05575683063854424 0.014672109662512901 0.0012050088941337623 0.07637522694376057 0.08948679826371693 0.034069249267425425 0.09108875327283322 0.05396277457579271 0.0063810034720689695 0.010761715044403701 0.04005137223697001 0.026564215492035918 0.06290899422979025 0.03602150491022111 0.08016173117262909 0.07840237138002433
65 0.06516097509371943 0.016482126241813097 0.060267448450736845 0.09411808414726765 0.04976844043379988 0.010573050691745953 0.01394682065595774 0.04104866599740456 0.08340858318877821 0.0777453693367709 0.04155141580428079 0.009519911252684083 0.01295714412998589 0.07516249598591884 0.08893667173837803 0.057727642538874094 0.07915512635161998 0.00494217171575489 0.022522161152569147 0.09500569509194007
66 0.05538993777508873 0.08134565976380832 0.037990979976393856 0.029439377343578 0.07854426770766283 0.014363086363514093 0.07215064327971495 0.014493018254727904 0.06498722403879854 0.06802190897551245 0.05521454220895929 0.06127232593004065 0.06919360160120135 0.033219955816494666 0.08614473548224344 0.030187819909448865 0.02716751870099202 0.04310817699848525 0.06651062388655256 0.011254595986781992
67 0.06491331465104597 0.07910629055545787 0.08275339487065772 0.08310762873701696 0.06745794066999579 0.04874760050097692 0.01890971749445349 0.06666761332276938 0.021558895693561793 0.04503908045086177 0.06169502786303692 0.08935021865465356 0.0531606554456379 0.0012928453851226045 0.03096159158799579 0.05723527707560709 0.019827893344476762 0.017320530935404293 0.0473620767168746 0.04353240604439269
68 0.029962847488340917 0.08033549698839852 0.07167618278458054 0.023483130435285653 0.07073259961299261 0.05620486059483959 0.06677354722793154 0.032092712276575 0.05458195717592864 0.0753153168656947 0.004772120253728568 0.0516084418933069 0.0362916872209878 0.03697232078232573 0.035489868032524456 0.041633680841704095 0.06109492842877784 0.027412778266012433 0.06416383226680858 0.0794016905632558
69 0.01968548408438389 0.0063112744000022505 0.06331948726936752 0.018476719520716237 0.08529131145174741 0.006921485603210571 0.08692276427884776 0.08764577987898785 0.007569692752693045 0.07038977697449922 0.0986029910650612 0.018763395173532826 0.09867171296422796 0.08083635427496459 0.017700922627172697 0.06377143961164339 0.029236426660327 0.05119466588165425 0.0006016763537805074 0.08808663917317991
70 0.009582090320635997 0.07009607159720822 0.09435751663353918 0.08166413926943805 0.03317818264806251 0.013179571395458922 0.06454227319527155 0.03332798166795647 0.029510559560853373 0.05617789829465839 0.01891303666942777 0.08467551256017082 0.08404400574686562 0.02565864229448551 0.0398219538036334 0.054389167691858864 0.04074953642273716 0.08866352111564701 0.07085236645016353 0.006615972661927738
71 0.017189315562269162 0.08070216119356602 0.03985784516744187 0.07261563763041456 0.09557050608072414 0.05440505426040522 0.02387544783429179 0.01404964922573826 0.00294592332829495 0.059477729391202085 0.0001234302880447152 0.07258195212840429 0.0916337087936289 0.04708737368671479 0.09213401219374999 0.04867615970571425 0.027038416707234437 0.09582916284967712 0.05361527386101427 0.01059124011146942
72 0.05412982397418805 0.02449754142321569 0.08765140978254755 0.0861814668518068 0.012765962249354335 0.042009006417262434 0.03837324782365773 0.0326359940910929 0.08137028790715903 0.080713081705169 0.036045840826514526 0.02146876644243017 0.09410200698053232 0.0203921247051641 0.05573699593536284 0.01582944944626711 0.05342953279936442 0.09191750202188148 0.041678398604273616 0.02907156001275581
73 0.1002144085272932 0.025256098652900193 0.058347022739843546 0.0945626180742857 0.038420915228338445 0.058902351938073166 0.025333673512656397 0.1012890992184985 0.02994674044723469 0.06623158627160619 0.007978537836955188 0.0576465456705742 0.02287881812529693 0.051959160339351974 0.010751454878902163 0.01938547457420892 0.08372780787171584 0.029071827382026696 0.0398063647339374 0.07828949397630061
74 0.008486638012760372 0.11218825919599172 0.00912828432349856 0.1009786371356273 0.029573249189666598 0.000762094613963048 0.0390116724450679 0.00104811926108629 0.029416485240324364 0.1081163292277714 0.11376531574778424 0.10002567441799973 0.10382982425103916 0.02928793992499697 0.09516490704680763 0.016007597509346827 0.030558268092167433 0.013437825279911143 0.014629204724783004 0.04458367435940636
75 0.01739443892348052 0.06078877647269261 0.014091788693617067 0.0579923302363728 0.07789516266629938 0.04987449223689786 0.07538470617042785 0.0929062709869979 0.06750109427766975 0.06635175328878389 0.05255900157783171 0.008029654275226328 0.01861010089978551 0.07052723247766643 0.03466328311306732 0.037309902431930664 0.031213290001767417 0.039255999568330924 0.06942760901029225 0.05822311269086198
76 0.07739635875976789 0.0007250473051559156 0.08234621371816676 0.03870692364945445 0.08340917258116994 0.023529235421455116 0.05723237241587977 0.07259118383065473 0.005197961304735205 0.009805851277038194 0.0457000326431648 0.08586191774772324 0.08515363192188101 0.014840820751024336 0.08753447649304227 0.05354906796868043 0.056249624872280087 0.05004499540341465 0.018881334759464664 0.05124377717584656
77 0.05246113250870906 0.05410127134121274 0.048188699244609765 0.0761439134464225 0.06927605907930671 0.04175608069598884 0.03445237689665734 0.016708583467968923 0.07532652784626018 0.04037185125352825 0.01178851314944767 0.024357811193138325 0.05917547768421346 0.06844862041290055 0.024389603079106894 0.06968867410442324 0.06676635531376898 0.07099566279950541 0.059164239297842265 0.03643854718498881
78 0.07491113144071695 0.07833964440203829 0.04520436511132702 0.05028716401583771 0.06847355717956627 0.06394074749426806 0.039438657803023476 0.07758936177290478 0.02247231512111098 0.010556857058279882 0.07624853486195439 0.047323898060029845 0.08687187052753038 0.09246631727823187 0.02763930836843773 0.025288250753053555 0.021445536207506367 0.037845551047245254 0.03310097781568753 0.020555953681249527
79 0.07694410072705227 0.003201504852461239 0.08083942870489065 0.06936310606863358 0.010405524650501539 0.07985554644450557 0.03878693365914771 0.07774750643143753 0.047313046412288534 0.004161552783160897 0.039294945352534985 0.08404258262967174 0.013928402363076312 0.07190889913611818 0.06494743421373976 0.03315022641852801 0.05347388848221037 0.06922405552768038 0.0317465929432822 0.04966472219907849
80 0.07691556480607128 0.014552869162615055 0.057237007846325655 0.011106950013401388 0.00035535574990433103 0.053813281507844875 0.09142645688240889 0.018196422865546458 0.08077743623739467 0.0022929882831137557 0.09834884624204386 0.08894066365739835 0.02738581303203713 0.04743707996960905 0.03909895596721734 0.02125569934280993 0.09168536483683568 0.04692454262737101 0.037734848064784235 0.09451385290526702
81 0.015274655854215237 0.052348102882278355 0.05098088958547114 0.0737658481693183 0.02903929136498677 0.04866522844192381 0.03760169805795093 0.04013791288773865 0.053003533387785455 0.048043300306755375 0.06937178782487684 0.08203715888231387 0.074165754508081 0.02656442549823108 0.009494472478151435 0.09435612122282148 0.03591011951827943 0.011895109795139603 0.08039108890032541 0.06695350043335577
82 0.04793721384281461 0.058179327064260294 0.0330894868390691 0.012229824967114005 0.007476699829727899 0.08527893162543294 0.08727141237948872 0.06596311940746626 0.05749602860072643 0.02108931755622366 0.07681875437536477 0.05211701981943602 0.07156683828339284 0.09092274453818378 0.07515276712125993 0.00030792738933746406 0.01321796161244628 0.08665348462123838 0.0102370137947973 0.04699412633221928
83 0.0792974962697547 0.050668225014566866 0.033895234695313824 0.002225881160516209 0.09063967251916802 0.07933664301568649 0.05264998250844299 0.0561266311873286 0.013366977325305849 0.06504789644471116 0.1008349704110145 0.0023326167051846945 0.09959646036805263 0.06307463473651656 0.012371798154961198 0.021379478831298926 0.014429461185706368 0.03611297594649558 0.03305404242241868 0.09355892109755629
84 0.04143855796054153 0.06236325085721797 0.007418600129762773 0.07356350843754776 0.0747300384800126 0.05116337576352233 0.050390169275595205 0.014226418498755939 0.01072560343315478 0.03791769964350516 0.025174084081930195 0.0041204689453562 0.04961815132342732 0.08374246465144404 0.07561032421444858 0.04952219420654573 0.08517920031511815 0.07611157468095907 0.057770398073722466 0.06921391702743213
85 0.07148806031962304 0.010234221754474436 0.09805529962021331 0.09234990526208364 0.04120616182633966 0.01162355437331854 0.07466522880215115 0.08295268153641408 0.011155189959169622 0.01648402944866903 0.05272450566258167 0.038981495365065996 0.020887756495690916 0.07107119522396935 0.07672944677421854 0.01754408817004705 0.04293053607848679 0.025970879568191357 0.08593960058417237 0.0570061631751194
86 0.06495420572611563 0.07962393401285685 0.05225342918211867 0.003078621789183859 0.07604313805864739 0.037841608683507805 0.08944748488232226 0.07788414957351894 0.05127712193398102 0.0035237047823732624 0.04076339470170356 0.02351943777086891 0.05336813667215914 0.03555917360498181 0.00737162291166776 0.05422922305954698 0.026468010118679226 0.08204165893831329 0.06330748280372389 0.07744446079372964
87 0.02566055772611815 0.00526298223260599 0.08452964128691613 0.08794747202379319 0.02340885783013557 0.03319271678980657 0.04619660110332659 0.037118430257575274 0.09532991138983866 0.09209549660339744 0.02829115200364059 0.009037508539699268 0.004949086969263855 0.05622766132838029 0.04996754205353661 0.03263737510749462 0.0756739710235243 0.0964411859667441 0.06706588158880473 0.04896596817539817
88 0.09494328126284067 0.1039705471019285 0.0077771804188897144 0.01115050569016176 0.05664835259060629 0.031195902303153725 0.060144065351107265 0.046370499492821356 0.0220487717565655 0.015020228184373085 0.05504806811300702 0.02571338344502108 0.040554864107664575 0.07176758481591997 0.006835910044094197 0.045444679988068136 0.014210089495891788 0.09992266908134555 0.10662402435087295 0.08460939240566683
89 0.001575169056692746 0.02851657391898562 0.1034394847006093 0.10268673465514845 0.08781783967122098 0.05740177995661341 0.02616286632587692 0.08986504923768464 0.06497277041015372 0.05607824546913452 0.03566131036533916 0.02449033700772777 0.07872298692961709 0.040587259851208715 0.01706120789804463 0.0022249977398404504 0.06799669662517334 0.04781339325541873 0.05131208023432575 0.015613216691184173
90 0.08922807876701071 0.04871051125875664 0.04899563528330693 0.0774774590483999 0.03838014827205339 0.05243923872236766 0.018062983715928536 0.08810749117128472 0.07072162677633313 0.026932579027702148 0.01509654269059657 0.008267215417606756 0.015924910411372218 0.07659360556877436 0.0217798668619479 0.06744667522719823 0.06387669817316712 0.007652395820074098 0.07474421513262026 0.08956212265349865
91 0.08187136680362661 0.012977974493976252 0.006392201638165168 0.004407645459746434 0.03416286419853846 0.07249716080350067 0.07448470234604745 0.027590271876799508 0.006886900046838725 0.06819120885774317 0.05592605766649062 0.01018518708060527 0.06333058495572656 0.06912547993906211 0.0422026160527619 0.007231761873741216 0.10196759607182446 0.08488685091770949 0.10485777331624403 0.07082379560085175
92 0.010726395338980689 0.0834273268445717 0.036917445510562065 0.07899524213043058 0.008713214063764067 0.024636498255900634 0.05849725009091046 0.08475461521966932 0.08256495957402367 0.009012930322016582 0.04433485123624144 0.01596131256890409 0.055078421017360386 0.06260491253035196 0.07519994546055603 0.07255457018146154 0.0018957641653395655 0.058288832991346205 0.05626363616421257 0.07957187633339607
93 0.04374627235954244 0.06449982214573909 0.013027947269129434 0.06264532444837086 0.04852020695492962 0.07456574800606057 0.06757262944027183 0.10037574056206357 0.09741159131276333 0.07656389379090675 0.00923022681710575 0.019543341069774945 0.030231205422751622 0.03872655318214285 0.051185423436085314 0.03794811457143622 0.04720908992639238 0.06466760308912028 0.03132348598355173 0.021005780211861516
94 0.09471246694097117 0.04309623377054842 0.011133711572556002 0.07394879572949921 0.04911949394358611 0.02295780959043404 0.0008235432243100413 0.09770169271772369 0.013468415950225913 0.04768559138748227 0.018712694808653188 0.02128210341766402 0.1064574859381097 0.052367989132916175 0.033401080172889966 0.05830841598553239 0.016968772891471844 0.09877540042801625 0.0760819275507137 0.06299637484669594
95 0.06143414563609522 0.017314254096152018 0.0036327620020409094 0.07195689559893252 0.0760324036593633 0.06489145926428208 0.05411945765556551 0.08547112242498216 0.0004364692753386563 0.08405647079276525 0.006837789846921827 0.07006141429687063 0.04674406470406992 0.07644319614469613 0.06373933425327334 0.08315422954031154 0.030535954206631917 0.06903848786934998 0.02437177831470247 0.009728310417654599
96 0.036515949240208186 0.02166301835779473 0.02404233131860385 0.025216558330235485 0.07593397709869645 0.055912387131519005 0.05946964124700265 0.03152858636534978 0.017897520774122357 0.028242876176096995 0.06414979465571011 0.05659890343197749 0.00012295440925475044 0.0927568796067828 0.1031308355816452 0.0026179033305003046 0.09609670063507975 0.0800106291425614 0.04326628830935927 0.08482626485749957
