0 0.03441589103283367 0.03312191029571486 0.04807721258628646 0.07866805278974669 0.04083857308048469 0.050035658763958886 0.05504692304266995 0.05576189252405693 0.058863029875108296 0.0072394225544520005 0.03196463909543467 0.06464274742192237 0.042026604704776434 0.07946004732605634 0.08353421617439408 0.05759526904820432 0.09193492694139947 0.012204102925644573 0.011463673566769318 0.06310520625008613
1 0.09034117521817042 0.07893513421455625 0.08114366817672304 0.04652104674900923 0.04751708472991057 0.07990608784696458 0.03260412754591748 0.07492808217530358 0.003574041133972654 0.03363224151376425 0.059030630933359654 0.04736933207401019 0.036784557285385426 0.07961355304918355 0.03326451716372187 0.006648454357961989 0.04306172186173628 0.05043785629158766 0.014857429521016234 0.05982925815774519
2 0.04188831298864955 0.039857114286544044 0.06704207564590042 0.06031114785319197 0.026469952820863937 0.07676775237210866 0.023328707305840718 0.04901137969013037 0.005239755720710985 0.08959480975066346 0.08696349143282853 0.015096701508994104 0.08304971658549389 0.01034132244410722 0.08916875528255008 0.011727794606839004 0.0651577739204907 0.00973760107954529 0.06172571830287224 0.08752011640167476
3 0.0613653627548981 0.049022829060576305 0.07823264138180648 0.06568965948838977 0.01881686596170923 0.03830822911876249 0.05967041534519397 0.011739583489121658 0.049948406455499014 0.09140353138460229 0.04914476932858112 0.04668417552842897 0.02364791065925779 0.07701611057100768 0.015781633878863333 0.08532800053224658 0.013242898756936726 0.06682993155160036 0.09038759001535078 0.00773945473716741
4 0.004973572805448121 0.08410249277060564 0.05054859890132609 0.04584157284130368 0.04219720371992574 0.09000305319583403 0.08071096679548678 0.03254004096963335 0.09350128298562602 0.010766878702604135 0.01250669136962512 0.05141682042679488 0.04391433599102003 0.03847341891771572 0.06096032955147536 0.016750955559759084 0.07985008497729677 0.005620952882240702 0.08599845571993407 0.06932229091634463
5 0.07613177691651882 0.004514021092564733 0.011901960628282589 0.0948700731694992 0.07278874993417218 0.08145215474090178 0.006098173956424808 0.0828625362762391 0.002594261461874822 0.007725043467992545 0.06354519625235057 0.08509222955055659 0.052884018609023295 0.00895677862334455 0.08762204935717802 0.010786423614335808 0.07944818449268055 0.03617003130743066 0.09073363381021292 0.04382270273841633
6 0.07492415994040662 0.012666930438884177 0.07777592446400099 0.0032513545236813367 0.07104800742638744 0.05884502231516337 0.05368889602860557 0.015324162507825713 0.05027158056989321 0.06602898800543396 0.07783890485747273 0.020874497810803447 0.07219467304264506 0.03022106843100705 0.05844773961778989 0.04268417941668015 0.044410316851458305 0.07389736402940761 0.07507036303023294 0.02053586669222046
7 0.07895972962110957 0.027436790625861292 0.00920769512330985 0.11647528821945173 0.057524234083601085 0.07565882290845852 0.04125125117587794 0.02250535489385797 0.018843238046400458 0.013278493230419077 0.07156273650169803 0.07773402761558665 0.004006987266821907 0.054249258291847874 0.022018028327206264 0.09684924352527072 0.05899801078421474 0.00022764644862427732 0.04106651733596596 0.11214664597441629
8 0.12224582865838368 0.00908421986589454 0.11076251542692478 0.021122698099129623 0.026498832569353356 0.013174534975795509 0.02956659330889377 0.0639832639207542 0.01604718703213029 0.07227658044060203 0.06695951589870104 0.011972770054112477 0.13971172066558535 0.05102489309139262 0.029941875205257932 0.016154863824469016 0.042459092317245775 0.06873029604059282 0.08724850308752682 0.0010342155172541217
9 0.0010126611828129859 0.038851127019854784 0.05436710332722995 0.002058352972224674 0.009706673497559637 0.0047327792423807755 0.08667210131545401 0.0752295904986246 0.06601428230174022 0.06614028650447887 0.07734199002256402 0.0909404438367913 0.06652123576210385 0.027102460028765873 0.08685202511312898 0.07862392955595238 0.054484477244000525 0.0013259095673925556 0.0759732496823947 0.03604932132454551
10 0.04524104157728094 0.08263786180234162 0.0763716010706271 0.016276064050810883 0.06473510026275861 0.07730510958325444 0.0508625853155159 0.04360549953312559 0.04189281254788371 0.06732989283588188 0.05449926967413877 0.06197051320551406 0.011962853976372437 0.03255003351477048 0.08378270326183845 0.01841374601287993 0.03776928898722342 0.05553238043734961 0.00900653183023186 0.06825511052020015
11 0.01933136380573173 0.02321244809106964 0.011257430550568033 0.11675082767194134 0.05279426437961037 0.011386735479209266 0.04054737102301612 0.10897072044225654 0.07554926497255264 0.02125743186516083 0.03177120556356559 0.06528527983894962 0.002175508619906361 0.07241617760922346 0.08079241281105018 0.05929624838652687 0.02837825833219676 0.09939356513518599 0.06173802563637439 0.017695459785904193
12 0.05243703253683088 0.03850333021054151 0.019024570230532056 0.05691564513574455 0.04645539008250691 0.06096113352053463 0.0838621756111766 0.04285950638506677 0.0006781495499713408 0.025547038822321674 0.01825006726890682 0.09143356783909845 0.08087757629525044 0.05612291213151931 0.06862108586191812 0.07169504559497436 0.0446842099322666 0.022366820143910848 0.05023355105804604 0.06847119178888203
13 0.04146221904600602 0.08403900814609108 0.010181697727111522 0.057734084338210645 0.025298642900769892 0.06736883191962333 0.08473145876519063 0.025091452326911234 0.06409251045813573 0.06737612035716894 0.007677558686042243 0.0026898999122897823 0.07602326085293867 0.04789626949763986 0.07190515374693736 0.034522431631294856 0.09664006020761577 0.05809472499991148 0.003678669488329412 0.0734959449917814
14 0.09662579874317435 0.015375851555031267 0.042263346903106944 0.01097495689994808 0.028774116211663595 0.06605727789624134 0.06289662440008004 0.08467020406442817 0.09296182284472532 0.008583504100472362 0.02259436357798994 0.0016333016923046795 0.020800834388273615 0.06428016201074704 0.023006726488267737 0.04513749749364212 0.10161661663368218 0.10723978478730714 0.011809048102321805 0.09269816120659209
15 0.07741246392692352 0.029158696266826614 0.08432573622359864 0.04740500178860406 0.02708145242175449 0.029535655579656598 0.07015316838509464 0.00932206361850968 0.08188339776641401 0.0725008312209341 0.06867727976727533 0.04748073344059004 0.01991804658312434 0.028454032160761186 0.014542075177388777 0.079708116328228 0.05847573149108771 0.024347396973495392 0.06659183339879703 0.06302628748093578
16 0.06123823711555823 0.026598145514207038 0.07115184802331448 0.006929121793187047 0.1180078683661899 0.01342419832286959 0.02116083871290969 0.06924594630364334 0.03607615990516857 0.01718636824293766 0.023699246593010523 0.08527035450244386 0.10836306820115045 0.022417788529775474 0.0895401567338952 0.03675863827507416 0.06839692549524502 0.06308865493394375 0.04653310844081889 0.014913325994657502
17 0.07443730056232556 0.05853436700405696 0.05844131215490712 0.08220463987043307 0.033209969041664414 0.004352493300956383 0.0611613490121314 0.09468758249626973 0.009051455516700209 0.09411778396958655 0.04539726036186255 0.0012176545302047355 0.07500898625256175 0.09963807932871237 0.06806444485088589 0.007338709247794171 0.08261862394316957 0.021070251634844387 0.015063502701353673 0.014384234219579437
18 0.0976907710181237 0.0874129119222775 0.0290518087593517 0.03320853844488424 0.03583694583419918 0.0456660155380683 0.050861188501492176 0.04053068399406218 0.01792057175311991 0.06201936019051616 0.07467835942297682 0.08823991589748957 0.034962250277911354 0.05947295278648244 0.047264980323514706 0.032014624181387286 0.09286269693496081 0.04893784209435928 0.009465741955555187 0.011901840169267798
19 0.047175332948143696 0.04427400316280019 0.06299328599316664 0.021918839023455462 0.05461678275356257 0.041576273377332 0.007303634743581876 0.040362988564610236 0.05248440040062715 0.02736104055910105 0.0793233138550237 0.05154719235933188 0.0894033588439583 0.06891576063164188 0.04065094160533439 0.05942293557608955 0.067902009892633 0.016862499331135986 0.07071316491291788 0.05519224146555251
20 0.1304671799780145 0.009845540211697666 0.10295233589379055 0.0031389503877914523 0.06911299433006231 0.06338567118569675 0.09408338031957654 0.03898998040233226 0.12783158129061406 0.011416456117901486 0.04958776441641154 0.08100097900509146 0.04748195610877447 0.017665763706865806 0.0013776045983761329 0.10214607229935604 0.0027107718286211507 0.0011236323361557457 0.04067372969865825 0.0050076558842119005
21 0.01694984541667387 0.09653483742545264 0.023685288921303765 0.05247162133526903 0.023514272315285734 0.06794056565082386 0.021064977450777653 0.10020113458837045 0.04396717875748311 0.029559970627088795 0.03852011062570155 0.07327604835471781 0.06794290592392344 0.024392991801938053 0.04661419098480732 0.017473222878775455 0.056074806205633224 0.035645252360156 0.06711063958079985 0.0970601387950184
22 0.033449580497915285 0.04143269045929122 0.03019925045270726 0.08534484148189299 0.07722789161892359 0.08668638890062498 0.04168593008726714 0.07590295378957887 0.06124426612273937 0.0201773898092053 0.011188378487677553 0.04938344272656731 0.05810348679703026 0.0863889766336437 0.027157930222649517 0.0039158802813842 0.10341162042571068 0.0132133051261783 0.01107437143286998 0.08281142464614237
23 0.06913413429753675 0.038035675139302665 0.05843511410076417 0.034393067942114545 0.03041685363435781 0.07139860556562272 0.03811852908715606 0.02283059905448594 0.026096242251560847 0.06942552570839794 0.06531569391686429 0.07009513084278936 0.0355933029970515 0.05516093133466192 0.021953250443732118 0.05323113661525983 0.06107092484744924 0.05977827839041913 0.05027455638001256 0.06924244745046063
24 0.08294018295012635 0.002732607120484837 0.07827283892324834 0.027687646025733967 0.0922504443209235 0.05316627174825321 0.030971735739264834 0.03101030021667609 0.08234927472133827 0.027406191708628628 0.02843941037860974 0.005023119619273405 0.059762444529022546 0.07665186538036312 0.08459767659623053 0.0020291230854349055 0.042421628568244385 0.08641410949239396 0.09309304281874603 0.012780086057003344
25 0.11212903981355057 0.07209094149059589 0.0020524709135899054 0.1095023057876448 0.027494088516012007 0.10059436344300965 0.06568704226817972 0.052805149644263034 0.11213835717994541 0.0154633340155976 0.032586285250885874 0.02618392283199799 0.10060981286180827 0.02421453312691051 0.04844285627089638 0.005960852294452385 0.007290025109296238 0.04497815046448248 0.014173212664153433 0.025603256052727695
26 0.004938633732820088 0.010156349344400899 0.021649793222877703 0.07348899073455874 0.08025039454001189 0.0684448853443417 0.03438719721881243 0.09343573963531741 0.05362602245111641 0.041175049026247766 0.026759580277394873 0.04103309519902111 0.08993103570658896 0.05583356011284891 0.09300852869517444 0.04447694221282173 0.01183535529854337 0.09070383200827203 0.05152916818236809 0.013335847056461408
27 0.08248280421413122 0.023310959152966177 0.018480275253022087 0.018683011421520644 0.07702927348207228 0.027512253858620092 0.01712823721701408 0.08605023587088527 0.08376506964342482 0.08606321466592505 0.020344282281630433 0.0649381013608773 0.029253502239033682 0.06048744004709683 0.07935208938086809 0.06330047583879599 0.0005641447998528565 0.016285683070850984 0.09860441322781044 0.046364532973601776
28 0.08365516257720805 0.029834238196889275 0.032321851496262974 0.023878855352064854 0.038160474932609455 0.0828309684570534 0.050373584482718496 0.03459516995463445 0.02593428816728443 0.052968185250019506 0.09907822097770282 0.055822534307094 0.03474968704798038 0.016987528298151842 0.0443576184896434 0.021574421231578562 0.03457392309862349 0.09448856261889936 0.08791579025334952 0.055898934810231685
29 0.056134853943006637 0.05357277540624854 0.09776356656059737 0.008893043336450919 0.08941918506262818 0.016348257467966056 0.04500482127559371 0.02237007568672543 0.047138736724055524 0.07388081613241046 0.07975952745182116 0.01619243006791102 0.015219147804557536 0.02968556667810127 0.06457017386955072 0.08595266276177624 0.04989565281440351 0.03960691710141492 0.08933549856643161 0.019256291288349298
30 0.04228730834922675 0.04459276129227304 0.10015885827889594 0.02016422168480437 0.10627898268978127 0.03822127958935324 0.006741374903901798 0.06234663938963916 0.07552905706429905 0.09774157609273194 0.00022414420905182242 0.04122287161407231 0.0846912251669231 0.0618781125994683 0.02755402913932449 0.020040130007808996 0.02737509709848982 0.04760429376932898 0.021234889921908043 0.07411314713871744
31 0.05863895167444079 0.07259614152641906 0.03947121669294799 0.06813683720737178 0.035344435216801307 0.06408471364775432 0.030242963247565473 0.005157604558949499 0.033821225418639515 0.0032222939089356856 0.055420672780932545 0.050717315772320866 0.08957364176553798 0.05608716848435647 0.020249628012319353 0.04486422914131795 0.04401447478096099 0.06979360813059789 0.08368956984014991 0.07487330819168057
32 0.02872882909926642 0.03170588868732525 0.02371950506582424 0.030138372797972313 0.06585251706060433 0.0786082011173377 0.09903468793831341 0.0900861349220316 0.05820977313501138 0.0728389457572335 0.033938721364607065 0.008508592451734725 0.0361684153233586 0.04780633005371592 0.005450981041210333 0.07373086153519803 0.09608565544680668 0.016259419223296132 0.08614925161212932 0.016978916367023016
33 0.0035899272162836907 0.09080512009183911 0.08372160357727296 0.014174776650065592 0.05870711107973562 0.00495046226008104 0.10111507456973216 0.07547592042807547 0.07712313610771226 0.05972566949525857 0.09176124529725199 0.014223432154671633 0.031478271430388706 0.0579915946401098 0.06524289381129986 0.030834296617586267 0.028694612428936155 0.0437924867051499 0.058225082554354136 0.008367282884195006
34 0.025498980806691572 0.07369372075941667 0.017457212783112627 0.06860783961272002 0.04603239126904514 0.03688897826012115 0.05799532828054653 0.026253680425250656 0.08511514753658833 0.013810664321066538 0.050722799557087375 0.0647573107979372 0.02354325969763864 0.07900215817464623 0.022203475684733454 0.0794485798955641 0.006683473685473215 0.08796932038625517 0.07956061046519375 0.05475506760091165
35 0.04625439560653493 0.047786730867714476 0.013995006947050371 0.06246345606673482 0.0916261924697063 0.004811147743256815 0.08681749172218668 0.04315349678458061 0.04662267421241781 0.04680068814205832 0.08076035465025001 0.03317303280570226 0.04872541685184703 0.019786969164065964 0.05870054161054535 0.015088819294767037 0.034864873359867765 0.09247608042903945 0.09425646464495532 0.03183616662671868
36 0.04497637722383054 0.0484618154067877 0.06347690744371906 0.07964631927793264 0.022952875991491893 0.05377863731391154 0.07100029481052565 0.027708423454869513 0.04163325352011884 0.09815530976716492 0.06789535689318682 0.08327445143807413 0.08158671845322742 0.05149384676283309 0.0005788921416202835 0.01362005901186143 0.0029683686521645002 0.021025946418270814 0.07956291065543517 0.04620323536297411
37 0.043637664421345354 0.06252226112222434 0.032587469480342565 0.01858460593276352 0.006583813012513529 0.05057475718948348 0.08149584473491223 0.047841270245473175 0.07484551842443221 0.08109559401623602 0.05044111739378916 0.007611092047105819 0.08909234509372828 0.07636287694359091 0.08975365180107624 0.006380236183485105 0.0705708702243907 0.046439704310074284 0.0204985758110924 0.043080731611940905
38 0.02614919221572426 0.10417906424924377 0.05264802788381762 0.07324270991644785 0.029716221071140837 0.030028684022908484 0.03273033743095606 0.027028168880064096 0.040693547450010116 0.09151094121788166 0.024119043241690025 0.04464905790702995 0.013177486289205578 0.08835743516435024 0.01640522220042889 0.09134131648299215 0.09817968864387887 0.08828517421355862 0.004296519865334698 0.023262161653336406
39 0.0531322586179899 0.0019542775216485416 0.06873906354762431 0.050770083617894125 0.07708770074371135 0.03881217016056483 0.013733143727540791 0.053348162383980824 0.05941948516460192 0.08653182238860066 0.024342246574740937 0.09451835357511668 0.0667794903414481 0.002072979827072988 0.03498575286982598 0.04863485543904747 0.022619410326015738 0.08402023173311121 0.08862037883074513 0.029878132608718543
40 0.002675771013485725 0.03050569862305247 0.02314845236849544 0.06803328507165628 0.023433446819076775 0.06450682976083452 0.054560258165381854 0.08473017320560067 0.0755248143542892 0.058543049982488674 0.07447399904378212 0.03922973175079876 0.042205866894928695 0.08115511958132626 0.04021828943252174 0.0015056764234986926 0.0573220749122629 0.08382523314788931 0.023148727743919635 0.07125350170471025
41 0.03510802276270955 0.0033798570329685667 0.07506225063780517 0.01814919740687527 0.08489438117826871 0.05365340547434744 0.03153579534738628 0.03051868948844509 0.016474041327873265 0.07378585267695092 0.10404732515705355 0.022222407691314883 0.03641819686352974 0.07151105876020596 0.08881189846112099 0.015717706679061836 0.0719173991848482 0.050245017447894856 0.04373795746029583 0.07280953896104396
42 0.022265236127498447 0.05280802954745094 0.051576311637274344 0.0455860499175162 0.08203660643570299 0.02542443748541874 0.09655882206906706 0.0960982623858716 0.011985881521044125 0.0475774563614996 0.017953422613835965 0.028639782990038165 0.07458395003529075 0.06805243077761612 0.036029847204891934 0.05576634412884647 0.06877436683210168 0.04207937679361148 0.005415974504218767 0.07078741063120478
43 0.000653210948760351 0.04428456170801746 0.06144478271361622 0.0631865508536306 0.07762448902803518 0.035417186379628006 0.0053595973923832975 0.043131285321339974 0.006709158216727144 0.07572305557569943 0.04269935771741962 0.0843689505748905 0.0402367074726038 0.04201586524460731 0.08155726633367606 0.0836919617619398 0.07788981976996219 0.06151501764863365 0.01326438715771388 0.05922678818071568
44 0.003991231011362223 0.08827103531027361 0.07487166158984732 0.058468467464645506 0.007642690696693727 0.08706692882482014 0.04312973386928153 0.03928411176980244 0.030244828557752113 0.09348560993211527 0.011559652557132935 0.0036174640274663768 0.06404710721240597 0.034719248282795295 0.05757011985049491 0.028442715736775127 0.09655255872729847 0.07687027528319203 0.02622333463188321 0.07394122466396172
45 0.004931774759631861 0.05468969420868915 0.012429746722676884 0.0699995006493436 0.07307863595374288 0.06132962663207706 0.008611219324927206 0.08795286928124038 0.016873632527152807 0.11678655326599159 0.005864201402441971 0.05853413048068642 0.06983892001886748 0.0658718665106557 0.02122888046382462 0.058731752266142065 0.0015809268172581855 0.08556029234768342 0.008747701366956392 0.11735807500001018
46 0.006106860111594191 0.08371622684360291 0.05951372014335638 0.05094823941988778 0.07762629893795564 0.0071470911749759725 0.039718415627504534 0.11733270448529017 0.002862959449534893 0.11038098841237776 0.00011124640335720443 0.050592198427956064 0.08297457388219606 0.03485737235368343 0.049071639296127956 0.07952798758133996 0.00904029903276256 0.010645371537476416 0.06113892693832669 0.06668687994069353
47 0.07297519369729788 0.04947531739903144 0.007660889627322486 0.10602488218907356 0.04781749975774186 0.09651082292324875 0.018197119646407873 0.021552681613407194 0.10219103189952795 0.06595700255276954 0.021112751530700826 0.0478046924615168 0.01152184682374094 0.038256675918815125 0.01625417030871015 0.07705832762053558 0.027137014632504657 0.03214953339372256 0.06925976815279451 0.0710827778511301
48 0.03777308214076021 0.01303191890185009 0.03899415985046509 0.09843308890137664 0.023981944872256057 0.06761315381855273 0.11066609021080644 0.017446567860704736 0.005402557175044812 0.04804733817027621 0.0033423181237576633 0.006081582020328381 0.06480149804986103 0.026742076049890078 0.10198486985867736 0.07560360356007063 0.0869700930858608 0.08157271233092461 0.07750452035049939 0.014006824668036925
49 0.03801223359433609 0.06322570507551835 0.0852233584641475 0.03569104609654356 0.018695606729381746 0.08882557815689046 0.04337202474960025 0.030123915736354877 0.0401323173627027 0.07859952171532339 0.023987204330154027 0.07700569421443407 0.016373625524591144 0.014927198179837653 0.0398665374859381 0.0673323077072408 0.07099153801455561 0.05925678067826111 0.07987471166350917 0.028483094520679472
50 0.0829763176765697 0.029505171889343096 0.07053716331252073 0.09644194695212663 0.07837409587160203 0.08269277952636614 0.08623641570905342 0.014579804994826426 0.031809438365413785 0.04137489344256014 0.030375467536550734 0.016812718263631652 0.010951400458902817 0.02396515794133705 0.019777061534555954 0.007153735014862439 0.08940912009618933 0.0772279306512972 0.07675545529714645 0.03304392546514433
51 0.05518384651163553 0.06413257657134526 0.03348056897010371 0.09512593681409127 0.042117730153784345 0.07720305180352116 0.09668594913507188 0.04336696681639567 0.05277157202622166 0.04499343208416527 0.06810948372560707 0.07005442469446523 0.02654755973568726 0.0267449581965964 0.06769653638779066 0.003400869133421185 0.022043699948731964 0.02579443539720338 0.06997406679527879 0.014572335098882316
52 0.0778252882338524 0.07169668244924912 0.06388113524598149 0.08503367230035556 0.02492763060991504 0.07683034001175781 0.006541552992759457 0.096469110486673 0.0361900335888231 0.05413421217450546 0.0382907043394581 0.05379881896967962 0.02549055689060006 0.012492026662280591 0.017589645014345148 0.07233962665124352 0.0211020050487055 0.05280486418289506 0.0864227087436593 0.0261393854032607
53 0.08824399202260247 0.09704316569260944 0.07929284871501019 0.0983155240360013 0.08108787174112693 0.030731925040703205 0.009942542648475508 0.09029136670201657 0.07957025699986796 0.007041400188492568 0.048233365779660343 0.050260935964732426 0.019429948019255138 0.07358629799062964 0.020556208873975808 0.021339903705805602 0.006731199016380619 0.03085879372832822 0.016208795225793025 0.051233657908532945
54 0.04464598190740418 0.029684563935013113 0.061191230494845615 0.02597556624128683 0.05296087612857656 0.0358955182898408 0.11961773919663052 0.03148659949269706 0.013723146940810763 0.09630723748903171 0.0038811671047365485 0.113007136718252 0.11796260181759793 0.042938371113614114 0.03559301625679527 0.027099640362664656 0.014580378336616334 0.07539546205707089 0.019692220349466296 0.03836154576704857
55 0.0072322539309042436 0.014581987373153457 0.054766349589265614 0.03780927582916483 0.05618235440586726 0.044062811439309194 0.041958191727938327 0.003899086361666295 0.011783636664755235 0.01623340717577632 0.08329381533422558 0.013829069526558858 0.07641558745804974 0.08214818276773292 0.0604260840553215 0.0552850920778672 0.09594143057158486 0.10146299216890181 0.053825904935227244 0.08886248660672957
56 0.1298274775123652 0.05322534806359832 0.07091281529689249 8.32576964497906e-05 0.007209808366265242 0.006711671620164575 0.0626639480012419 0.053836224009510505 0.09464206038141429 0.05965386360523766 0.0377944012362625 0.005403416960284678 0.07122221190588456 0.06918159956203476 0.02640310837225365 0.06379866301386973 0.04938182095201959 0.016139747738974863 0.0653523273545735 0.056556228350701926
57 0.00761627242687219 0.033033932678879316 0.10915819840835331 0.055664966715874446 0.04316214959852382 0.013688312203231627 0.04925649231670823 0.09647085206979766 0.058199421540732016 0.05999914579170927 0.03838015168965304 0.04392740133089805 0.006819728470308441 0.12259106347796257 0.022703061409406426 0.003401886410414828 0.10310111466392334 0.05759286288276385 0.002656437135480901 0.07257654877850656
58 0.07906761274107509 0.08013659968401958 0.0068172984688159004 0.07796580622564071 0.07587023026013515 0.08299853612712736 0.06170163115663221 0.009558812827126442 0.01180878928527181 0.03375514465724699 0.03494846210543527 0.0571775831858455 0.03686574648958989 0.06987929265396019 0.007985426931574901 0.06918497646949281 0.08227782214408087 0.05281479769998886 8.958466302976011e-05 0.06909584622391061
59 0.02809945610169131 0.08444776092300234 0.022609090177713165 0.03363108206107295 0.08644681615483578 0.00479239838950201 0.013171653237949459 0.08878785537116149 0.07639757960202793 0.07338708506728377 0.0878858742258126 0.07012790829097595 0.019539621971611097 0.00609443697604486 0.07621723519516575 0.06916274883721367 0.05414727926442325 0.018173619836867265 0.08538963748595602 0.0014908608296894932
60 0.10442409721995603 0.018570582330048456 0.11936350189113981 0.011186093005929099 0.022625451344268067 0.049640712344959995 0.03921797287072696 0.06901761146914638 0.019742140130940958 0.010292820272074376 0.012109409806540001 0.03245669865200629 0.11354363730598584 0.12402510076658041 0.034135497349783384 0.06890622709111677 0.08416736301034514 0.05222145751516338 0.004969341143677634 0.009384284479610995
61 0.08250301265173372 0.07016676432411192 0.07847732314810112 0.042667949072063706 0.054151468842027 0.049743897226878726 0.07868425868938748 0.0720810682124567 0.01734589062515711 0.03310041096767365 0.03584460821505564 0.016320787940747383 0.06233504715071494 0.0641861040185769 0.06439879688701806 0.03623323298192911 0.05496943129461206 0.053538696304647304 0.03092851427809132 0.0023227371690161575
62 0.06563669941571752 0.06955257302480645 0.01617646413723448 0.058864128124487845 0.04044265986788226 0.0661911532775208 0.07015002106329045 0.0034623390071544446 0.022707495261709225 0.07829999630711484 0.07232711098233412 0.06328476601135338 0.05316460727027591 0.06328745187417499 0.004409432272736794 0.06960587757085754 0.03024794384617246 0.061179365167706085 0.012030226729355156 0.07897968878811519
63 0.08846684354146975 0.023699276412155794 0.034792593858785685 0.056746621852408134 0.02647474708072001 0.07495533887991132 0.04775961993408965 0.014563743919240993 0.0523906354253823 0.004736869536450584 0.09239020476024781 0.0014515644594380306 0.05341510372310568 0.01681220303400405 0.08441495207734656 0.023164877798335728 0.030149821783702423 0.10617244129249855 0.07140027753255483 0.0960422630981522
64 0.017929967001292225 0.06708222477325758 0.012226064743407499 0.0905214237774902 0.034368531945551895 0.06114646139662049 0.025359894073595752 0.0899634644157902 0.01822607240679478 0.03880147138187824 0.07151083635261742 0.012953179231525757 0.07635856934974997 0.08269599066250029 0.024031340535921795 0.03437835422572653 0.046634100615220934 0.0643530675541309 0.05245612593215378 0.07900285962477367
65 0.03602491804210295 0.0875594626893739 0.07703750321729264 0.023135043966023987 0.06039840923775826 0.06095906844155381 0.06921872367579372 0.02921117450175108 0.08038585788265852 0.0574061754644473 0.0672095331183817 0.044994365124949455 0.018738790886203102 0.06532404418735002 0.04319583014896734 0.03465835017248466 0.03658999856254633 0.015721507679684495 0.08307623226179439 0.009155010738882455
66 0.08519699785124328 0.004126892894642487 0.0048769852178761714 0.09142900378900935 0.024695178071756033 0.06886704968136258 0.002497596475560262 0.07247069749406213 0.04401250421920356 0.06989563907931007 0.0029926276146729205 0.08088423127990836 0.049827343671062584 0.06273616048311544 0.022014181509492303 0.0023469773278029203 0.08636950578231804 0.09502252426004364 0.0351209784168144 0.09461692488074355
67 0.04087908098370518 0.006482570981841354 0.0630384210164847 0.03445332322602036 0.03564753087510391 0.01871990419173483 0.0576152096835879 0.07053514347415486 0.0359774618533118 0.056115330270106914 0.05935791505621345 0.08749373635093384 0.02710264169005347 0.009467763772941173 0.04793020576695906 0.06941101490185483 0.06222764077564794 0.09150941888437543 0.07672862183238824 0.049307064412580495
68 0.017625851305361016 0.050964248750533035 0.06791962315434406 0.012325688817208802 0.07896421289816463 0.05476014447971025 0.031351447854696346 0.03571262861920753 0.024657600957903286 0.03655090750345442 0.05689303936239035 0.01571606982375128 0.05434944780241104 0.05329699481070334 0.08489156192039063 0.07347318042090958 0.024998128588124533 0.08005622689628064 0.05604942811213564 0.08944356792231957
69 0.05277527757654074 0.08083695294122756 0.06677354936807507 0.053287937943585204 0.06339964881947083 0.06154030633050008 0.0404003857000072 0.0777773934046835 0.06128325015652323 0.010520853329789638 0.001462425929100651 0.09313923491773543 0.03934642651894334 0.03413434882822221 0.01413758886387636 0.05909498918844918 0.0174164434121692 0.05809289036861993 0.050520942321215505 0.06405915408126488
70 0.019578424182739664 0.07650358104092744 0.08940428149074675 0.11887730411266367 0.02512881634391235 0.0029825933591811488 0.0830936254661693 0.04548205599009067 0.004604561863739658 0.05340718330245947 0.040848703018844724 0.041337862540011414 0.07367909392696158 0.011127859929547824 0.06840452469170079 0.03046106508509188 0.025382970113323612 0.11681027862245828 0.03636673625381535 0.036518478665614314
71 0.04509787555533024 0.03122597388125352 0.036541432630998495 0.015968744266398258 0.018968473623852542 0.09854879460800268 0.00823931441594225 0.015432445898833837 0.11092431262239928 0.04070124859506474 0.09774419083023417 0.001289038340466073 0.016201864438652007 0.052328728834198916 0.09483868678991571 0.08386420692032134 0.038845359955676194 0.012271383924361815 0.062149109472002896 0.11881881439609508
72 0.058211603671845934 0.057536026927155516 0.039983554938527816 0.08049169639125672 0.03236214971424846 0.03681224962661199 0.10651705978536488 0.06189484295013963 0.07772431749099977 0.052478959812362974 0.020741631611802574 0.07184271105746522 0.020390520325602658 0.010660208958569761 0.008718274103124693 0.09885910016511724 0.024662201444116266 0.05100155138266932 0.005147186033850575 0.08396415360916797
73 0.09745665620770583 0.057413335478143736 0.07350880911415011 0.024749126395934996 0.007760834217482317 0.03425648246402237 0.0743930682599278 0.0602705945159033 0.003303604803291184 0.029368898578308225 0.010601386478476095 0.06995130372509452 0.057200744874618965 0.01453340480822551 0.018702419709823514 0.03190546468528985 0.10962982083232085 0.08328699734633886 0.08831309646774636 0.05339395103719579
74 0.08050935407612785 0.075941949574893 0.0573641942765692 0.03699193026281013 0.014012021072550916 0.06728468432642942 0.06522102408822947 0.035276189527489066 0.06923455294888026 0.0193534630423784 0.030306973512904987 0.06430365440667422 0.07139152063539214 0.05639327251719116 0.002612728531640496 0.07567632801760554 0.018777934766329135 0.05588905818068533 0.0284417984827198 0.0750173677524995
75 0.09275872973861513 0.08485756079385928 0.03340676171081431 0.01977017901344999 0.019191080848418748 0.0026612439713914124 0.006914217341772026 0.11100217211234158 0.1038208478793637 0.029405016602113927 0.000207636327448211 0.046177379174652186 0.005615249203707391 0.10658201093231456 0.1149220816579108 0.06085438507033109 0.008838782784841074 0.012369801678277453 0.029598361179741867 0.11104650197863525
76 0.05154278641137087 0.04566221427957369 0.04068450188641529 0.04361378537546605 0.04306155247470991 0.044834808762105514 0.014409546698901854 0.06528180308945906 0.06819926229475676 0.08496223764918628 0.08321145060679548 0.08397273119435925 0.08079992418372282 0.023351203504744546 0.04792751023298892 0.018041100113933756 0.03756553790919983 0.03768867227312719 0.0188528750925781 0.06633649596660475
77 0.07947745042500443 0.030271282626596847 0.02629534050647995 0.03711223275680018 0.06183853489710047 0.05045271686203288 0.02692950323483777 0.03750345178812709 0.06045349940944825 0.08586209516123454 0.07364435484911029 0.051443533621628845 0.03984430663360275 0.0031245709789120097 0.09457018252975588 0.01616170382818642 0.07521272499889807 0.041863507011741755 0.06667687315249367 0.04126213472800775
78 0.08021504080329438 0.02480865697606929 0.07096028092882989 0.07059530809816866 0.046742392447485556 0.05575503712637448 0.01981649681652357 0.012276867807884218 0.04005494684297064 0.06512330653789399 0.03436027904899626 0.03958345857389215 0.05533779348204734 0.08148997794686216 0.037039635112393714 0.04307017066154173 0.06888648805326979 0.04465812252330519 0.08076543710432312 0.028460303107873935
79 0.04039477577448937 0.010645007271143713 0.021753756032779313 0.10025370574137382 0.08932534518654783 0.09728054834102627 0.05453687165745182 0.003127065620584915 0.011536682517123947 0.11028322102804068 0.05493769981185994 0.04615115564488132 0.017197528638589733 0.038002030753196886 0.0593023230868913 0.01630032258660444 0.04428744187552096 0.009832456796196588 0.12691199716455606 0.047940064471141304
80 0.01837400818726264 0.07139667630400649 0.04043355178945274 0.03835294700887814 0.07711710319787134 0.11765984789058305 0.020995755546210224 0.01424576554342145 0.02544915994849719 0.08921416355995423 0.006203369945829614 0.07166600778411612 0.007312111082002523 0.060019819654137295 0.06881287447550039 0.09730562555303972 0.03768793081409415 0.12426788731757454 0.0017582814653417695 0.011727112932226426
81 0.047924832836956664 0.01048802322235156 0.08724663213991302 0.046628474938187316 0.02016594027898336 0.04523290845036681 0.032353870160046413 0.06231010102701242 0.056656167842397825 0.013153140724960636 0.0008312852895966478 0.08570175709752367 0.05868281607351429 0.07958980064848778 0.08032418202005122 0.06350584925020458 0.0853161409610719 0.04467811222204928 0.02620748619932312 0.05300247861700179
82 0.016699429499601078 0.03651930885146447 0.01915817169436287 0.004756136192818895 0.04413699282310446 0.03279646142021991 0.0612727189415095 0.06939870785781654 0.009892087848557956 0.08074024912122744 0.10121323572329326 0.1020837839429079 0.0586814679159712 0.007502726313988742 0.0538857276436329 0.026646942671845517 0.016725508045452513 0.10280704384122819 0.06265557574834683 0.09242772390264978
83 0.03480644429443136 0.03448798310207562 0.010489705185664947 0.056124670360624684 0.04386938982406827 0.07399162956350545 0.09724719157365504 0.004272068544559692 0.09295650451465262 0.04319443980176796 0.016534926388273592 0.07951547783115777 0.04286596262863189 0.10278466863607612 0.05807417844354211 0.055811941324918436 0.004625420953056541 0.008824155904940793 0.04072166190197962 0.09880157922241746
84 0.09244299149134431 0.08846769592884274 0.0008665231826049006 0.009716248510295624 0.03579840688416658 0.07222567612520046 0.0672532025762598 0.0018430961166136682 0.045797873678155424 0.029739388907469518 0.10135719859009835 0.0499599375510358 0.0003640665978811785 0.02728654027351375 0.044384517672286475 0.10105044593949053 0.06814043574635935 0.04997557056202246 0.008887480267027854 0.10444270339933125
85 0.046894360513994045 0.09300702631398014 0.016063123162745573 0.017812309811383202 0.060644474813717535 0.037881648180950786 0.05436921321215912 0.07949759473425748 0.05731459413081004 0.03402327878267335 0.06769864175272836 0.03251988196502482 0.004653396937547518 0.021163093492776012 0.08831619848256211 0.08304490846313477 0.06517736770755791 0.041613073544205105 0.07121145819743503 0.027094355800357448
86 0.062018730830321424 0.10121388301122605 0.10997343340113068 0.07876498420659249 0.04876381112696243 0.024883416872353382 0.05758836310527409 0.03038966607500602 0.06309407593781732 0.045018835087224124 0.024418044171619194 0.013372645136227023 0.04981839361731627 0.11488588439160866 0.024567210742946596 0.011068795943018276 0.022978092313231425 0.007089968138881894 0.06830151188780993 0.041790254003432704
87 0.10480210328569228 0.0146235803836275 0.008959798165337773 0.1139171006080885 0.049665722108666356 0.10582416457042607 0.07758466136481747 0.0944871069090099 0.004955486783776907 0.05999142738877344 0.02690261132419744 0.026946264269855618 0.03537908237735566 0.0839957260584129 0.008506942366196302 0.008749598926694255 0.0808980241846663 0.01703127095167399 0.0452385281312592 0.03154079984147238
88 0.07228235184088151 0.04491361618484795 0.07153985013935214 0.08244352061376735 0.06814575089554484 0.03717456726038476 0.058860964413880945 0.04099217497948834 0.00926397080547319 0.025344104860753808 0.07889509810367511 0.026259713535252478 0.040635805169382394 0.010516902121043652 0.015170492500657013 0.01040639772881428 0.09416044769177491 0.05768903539582608 0.0660174825244604 0.08928775323473911
89 0.016098304118251333 0.10035328809265344 0.017989045316588417 0.05969132238509493 0.004384171570847776 0.06952448912318498 0.0072192086235409545 0.04348041219590811 0.04828922183841416 0.07794065199112002 0.09911246633173817 0.06745857993843167 0.0846328047958562 0.01740697558374824 0.037608852445842264 0.056065950953129114 0.05021186833577284 0.044463644567718105 0.029564721054511477 0.06850402073764783
90 0.07936230589407944 0.08952208421854545 0.060299720322596444 0.08556428512201057 0.005114575213759523 0.031054625652495338 0.08914619391706761 0.04136537261098 0.07434273965606368 0.0022970028065281527 0.01441824377627447 0.07488735358383827 0.021712417578830998 0.06976076078441427 0.001523223683801704 0.06868646597785949 0.08440894777834569 0.02751072218377078 0.07569693491391027 0.003326024324827832
91 0.027297155015918458 0.06701015638154648 0.03233082552719398 0.08570372811421395 0.07768133904570451 0.08820815970410341 0.018634161792744616 0.07088750405196748 0.03266681173255013 0.07095774762518556 0.0844696376911629 0.057265464958032086 0.019447353098647962 0.09377841169016878 0.06330200413735584 0.005861883995380771 0.048702173043397474 0.006622700123001909 0.005405037843570255 0.0437677444281534
92 0.005925560148868249 0.01050268798437481 0.1208387190108441 0.10890014712707402 0.06942804389671449 0.025517076162628657 0.01685455901007868 0.026957489363038014 0.07197596630662371 0.024201585867463325 0.06934531410429341 0.11082565476886413 0.0032292869306581504 0.11308942486642456 0.0020513927270590063 0.019479905349696746 0.07101228524717254 0.03877546460188282 0.08667732997215176 0.004412106554088668
93 0.06347737197470249 0.017149287638992948 0.05834828937091998 0.05867694168003066 0.06606180739689159 0.025077057018790004 0.004025459057158593 0.030100652524188948 0.042755833553466155 0.05309931454735136 0.05654734753562235 0.01945696526134898 0.043618186817357754 0.04981616063912267 0.07792085592511964 0.03786039455142162 0.06883532876628966 0.08824974574217173 0.03618890606732802 0.10273409393172474
94 0.057110620496096165 0.08793893866206971 0.10112670278093402 0.020627470017710096 0.05318217964830072 0.030234424090486055 0.005261577546565953 0.03942387624445444 0.08091729750946786 0.07703542772793379 0.05484678248615399 0.014787900705942079 0.008729734297671597 0.042630731220187866 0.0628500113682903 0.03188212369551888 0.09832007158592261 0.09354229618003289 0.012250324974760847 0.0273015087615001
95 0.03236962477281702 0.08147333058968578 0.07570375915814645 0.07697046893802265 0.03716377421691015 0.006285661421850973 0.05319993332119809 0.08328487081367045 0.07215723133568194 0.008138325570947354 0.023994527921701186 0.07012390824585778 0.06538831029416897 0.019804183512075465 0.08374231986784297 0.07809810739170993 0.01472464522972641 0.04670323177545057 0.04606541580389888 0.024608369818637003
96 0.06898029238776016 0.048167056674040476 0.05350701272528581 0.07506937015165428 0.07128499174775822 0.0582644081470745 0.06300635935384989 0.00316639724540382 0.009693167404950027 0.062003307589901954 0.06184940596916588 0.018726009170097476 0.01975459367251941 0.05058926389432839 0.02124499191715127 0.05343176831995211 0.05684142677135428 0.05817624232669161 0.07574901827698828 0.0704949162540724
