0 0.09691346589318675 0.031309887978611464 0.09099694063366744 0.023503598001532587 0.04529151204341134 0.03542627093011319 0.059180467118631924 0.04568529526214889 0.10387500098080177 0.05928834657561493 0.019947101036798528 0.0037077039658369453 0.0011365983943033035 0.08136235646681245 0.03440135436660562 0.04182420327935728 0.0588739539594951 0.08333214334765394 0.061381176486142004 0.022562623279274583
1 0.016089967800326333 0.02345749531494913 0.08053635788154219 0.07587061110623475 0.029385884947947215 0.014876074808992867 0.060471278034875245 0.01207349814180318 0.07593173760034594 0.020883915685957755 0.05659855154892164 0.08179479636891267 0.0019015442414891896 0.02741224107872044 0.09113243578489706 0.03019243277887397 0.0965691255580425 0.04727366064816517 0.0829751980330434 0.07457319263595948
2 0.007426293224437725 0.07441770919829997 0.005273618773071116 0.04504347242509538 0.04259845516869629 0.07755011453458348 0.06658332201649382 0.025236198845262285 0.033841010771082224 0.040734814905760766 0.0002748784994986124 0.03218690993248152 0.08270774563766303 0.06277043249903357 0.017369015265244134 0.08884282180724429 0.020433161757490097 0.09721205410235323 0.09991224352472308 0.07958572711148541
3 0.05846722352150028 0.04839734336000223 0.09530173688835884 0.035632497106675605 0.08231333646214664 0.06842536625598365 0.08450050628661768 0.006541234435571576 0.03711809153463071 0.07336815774390046 0.040867775866182364 0.003972027466740176 0.008232913738751995 0.03403477274955152 0.07293940570796278 0.028094229219245977 0.1072617366855637 0.08279574028021439 0.031079058920325347 0.0006568457700737951
4 0.0448572597958077 0.035121910691059154 0.022787796574659347 0.027684667185732068 0.03329176390204348 0.008361176993066323 0.07293611101438663 0.02502853530278875 0.018555863606734446 0.043335487784383356 0.0027124507300548004 0.06589061917289608 0.062150861400599534 0.09403242652189389 0.04518897302944324 0.08819291043199605 0.0885160210898283 0.04111481146092284 0.08976529730190576 0.09047505600979829
5 0.0648338343835121 0.09297608719793453 0.07613846195992868 0.008237478936814688 0.02486503843727862 0.027011419357495587 0.0861517168653722 0.051196365210298876 0.08712679869497289 0.08922600124845011 0.04887016676226815 0.008774569988324722 0.03586077665169733 0.06903564809491824 0.010644317714011779 0.042213413663639315 0.04977539619585398 0.07401565042670816 0.020265636890134386 0.03278122132038562
6 0.032947622587614356 0.055511971745561654 0.025990786033739516 0.081261056352433 0.0399890953150531 0.06587068314358159 0.0684474579747311 0.007657116826311248 0.006324953821272111 0.015615624766755121 0.11364013281925692 0.06321981482964577 0.11227981500813179 0.07744510513850315 0.00845081796988634 0.008050269430667467 0.1185852089764361 0.061160893363006404 0.025434859227819556 0.012116714669593713
7 0.04304912507992346 0.0685117761361363 0.07905785272434769 0.06642769387866267 0.04116862163639665 0.07363710916648399 0.016132207262847784 0.06248305523892148 0.008591690826269125 0.013046605136068836 0.0083451990345195 0.07950551116141683 0.04012855363633314 0.04327254319191859 0.018208132742492954 0.08439657117811433 0.0777649729318912 0.08487211587406612 0.028724770984780906 0.06267589217840858
8 0.07778561249447274 0.0030693125526210572 0.02439646559585633 0.008959122520827777 0.027199120228329838 0.0004957680098187053 0.07034594342696893 0.09072122884821279 0.05382679799419892 0.014255625226761152 0.09993406841575968 0.026563734995034134 0.06979366990372766 0.09200427260505407 0.02151239109308385 0.026647493189965718 0.09971015510155257 0.06279713637291369 0.08636844703796341 0.04361363438687707
9 0.07904800826828011 0.05571768712211802 0.10950010037043176 0.052682328694391434 0.0182685497205211 0.011763882244880758 0.09253644332149984 0.038748001795976816 0.12570142808132004 0.033848267502250395 0.027415241417685005 0.0369163963559606 0.08982072042707966 0.02166048109023738 0.06247140437157981 0.0521164007733986 0.02523510196047824 0.0014621279923529575 0.006651939412246278 0.05843548907731133
10 0.08392117738850655 0.08214534781836057 0.0408301661071725 0.07507303436552235 0.053265872871640384 0.04876747386555113 0.05126583952857953 0.06283420253694046 0.03324879239071097 0.08932238243618273 0.014172333274043726 0.06994886785396774 0.04163270034137532 0.059983391602085254 0.014529424676840878 0.004827871492188945 0.06138540577543431 0.024873883274617647 0.04388611392573451 0.04408571847454452
11 0.08277481505257313 0.05271453308330708 0.04423189179225683 0.04035861342305745 0.07792276640852022 0.07951208003651739 0.012139588143416072 0.04973275740142137 0.00579428128976225 0.022870795022659252 0.08538040593213568 0.05062931186796832 0.035217040391265296 0.01345408255385552 0.06198992925292124 0.05148829837228525 0.06239830081637667 0.05386389840287525 0.08342352277219052 0.03410308798463512
12 0.07934495408260357 0.10507531119037614 0.03093468606079255 0.07472362586281073 0.01931398813352073 0.05523634496895505 0.08230802689662584 0.02594140592281182 0.004785897573313368 0.05144100845629384 0.06270658700539798 0.02809833593405481 0.09440236545239494 0.06020261451060501 0.0026563199806463812 0.07624887398273252 8.356941504602607e-05 0.041210704380827114 0.09699009920651445 0.008295280983676958
13 0.0005659695790204976 0.06536796866712384 0.08614925651590484 0.02209790177464089 0.029252097773884662 0.10773412994861019 0.04208981127713656 0.06812726507018227 0.06969477462135293 0.006631601206135761 0.009124700475039592 0.11992878351191649 0.03268593736161261 0.1271752892137204 0.039954125572029146 0.019519333281763415 0.0021739511851809334 0.03270324335175669 0.009551309192847838 0.10947255042014022
14 0.0392270835496687 0.03354389118018727 0.023542629375531567 0.0754579582228763 0.06822902617457857 0.05750177277517148 0.0800966192892412 0.021586848629912916 0.08960221987138624 0.08554952028522086 0.05419599048089544 0.010748221613797364 0.08848490235425914 0.03355418006088087 0.07120063160461657 0.06573390136965193 0.0005423961266828566 0.007203685196730314 0.031209844918356197 0.06278867692035434
15 0.007486061545960239 0.011392092519850515 0.03033771927864147 0.044021796087034465 0.07489825581045882 0.048687516443398256 0.0549961351431205 0.07437989603344755 0.012257116818488135 0.051301263339448025 0.03321685852576635 0.08658644489791394 0.07503662627612026 0.04119360865183831 0.06261686491309151 0.06574387459632018 0.05630270443828219 0.08274887184195626 0.02333410660998542 0.06346218622887757
16 0.05097353766037091 0.07475032807965083 0.040522646159854486 0.08188295682239984 0.08802773047182588 0.0575372522428275 0.03613722962869794 0.08305146451966267 0.021051029386864033 0.04716001723823238 0.003960669472829041 0.023030325345480173 0.06626360905306027 0.060234852201327564 0.01947738313022916 0.03822287349235639 0.07028765176816125 0.0831062162158285 0.01228193964432113 0.04204028746601997
17 0.01699757676556884 0.039727117622236144 0.04809405251320388 0.04011003405990851 0.07870352207372748 0.037836869024335314 0.03345010787965929 0.023482031579928318 0.07364338633574338 0.028768160203896415 0.10134285193273462 0.029328517506728043 0.0953673504569773 0.016298502311503923 0.08552405806867137 0.04617127186637802 0.0443735374116064 0.14022729185288685 0.014383206103157322 0.0061705544311488
18 0.05627580087830355 0.07782542947058271 0.06275907224772541 4.493358831328599e-06 0.0730110685238513 0.06084629790661027 0.024039625438459392 0.08291970846160578 0.07106053247053218 0.013288544673672348 0.013095115428074884 0.021516636539220684 0.05721199523903627 0.05613905049883589 0.0240791411533461 0.07228271203190371 0.0673557688177828 0.06780683178300154 0.032286686204276265 0.06619548887434759
19 0.058403551433725845 0.05847094412869403 0.08096414936302736 0.07794437511742637 0.07699026603017989 0.05902436652607445 0.05917375939643328 0.0419672876093472 0.06587494645240699 0.0399897197798512 0.05459656576622953 0.055634081696978685 0.058826508535056235 0.012523065569940775 0.0753201761474142 0.015333503702189184 0.06560604394830163 0.011161979528764632 0.010996453056249463 0.021198256211709073
20 0.10060315115222941 0.052191800441403875 0.04456418133675657 0.02152696905749989 0.07714996890201695 0.027842251061476506 0.06922229906225787 0.01828772551668157 0.049942839812930906 0.04938974138985268 0.009065908920876335 0.05719673948185695 0.05150745089291518 0.0619471806516287 0.026939882892642777 0.04835636272605154 0.044002794121581826 0.08246563745354496 0.07702149779276424 0.03077561733303134
21 0.00882262800319827 0.06437822590664148 0.07687435242881781 0.06578638945408047 0.03627145055613765 0.09815338538711087 0.0283363373669792 0.020366602237300815 0.060001229090200586 0.0720870758386949 0.04131676895907035 0.0351876308065731 0.0806115953602427 0.03655376652153129 0.009830817385981893 0.06961134500426305 0.0744450127735787 0.06686693683631591 0.0005783352497452022 0.05392011483353582
22 0.02785988159285096 0.040205894328058066 0.045142325942404186 0.07552376002799437 0.07220500143184055 0.0018991516422796105 0.0307310801522012 0.03638911211752524 0.04647988822099157 0.05447989423799603 0.06158431260009443 0.08858888138507386 0.02534559617149786 0.09564893286549196 0.0521075226982161 0.08258150901154433 0.01739590059647174 0.006326239698664454 0.09811220005089066 0.0413929152279132
23 0.09632668936946473 0.07587959361930964 0.07875940139079599 0.06142280009195592 0.045175695892482694 0.018350152744822386 0.022393983676253778 0.04700013887568245 0.09293236940542039 0.05596397000558193 0.012968193774527844 0.06102131366461595 0.03055213108913792 0.02899572507650886 0.03538301093412555 0.08891499577530915 0.02109697962554361 0.02369825739173147 0.07749279863096191 0.025671798965767684
24 0.024896113473493877 0.036107545235209364 0.037733759513980794 0.00257903956613678 0.017229554341726714 0.07912825087588035 0.013423330921087514 0.0748260894249498 0.0349588968644054 0.07924168437897361 0.026616022187820474 0.050345148025898116 0.06751583044298515 0.07947982390794475 0.08578388375914438 0.07919703730161018 0.047754564736266686 0.027365035694148682 0.049543744576882785 0.08627464477145452
25 0.03913481144816042 0.004212764651553888 0.06537017551192237 0.034360326446485755 0.051202315959328656 0.07144389660175533 0.0489928514710094 0.08335861187780406 0.026907494053511914 0.02606524178375837 0.05906450461218421 0.026476064839146222 0.060258525417101715 0.048186519339604474 0.022432822531124975 0.08470109780790726 0.04915759932428856 0.03187827887460043 0.08039072134945853 0.08640537609929348
26 0.07915715734677069 0.0392733223291298 0.02748228979106989 0.07322660059225042 0.07079942036742425 0.06006023144362812 0.06678120911010643 0.07150372227393383 0.05920685058549797 0.0013730829688478584 0.08482182959967251 0.03969906266003236 0.05252656980612588 0.03923351468360734 0.06966983078943419 0.034598674610290724 0.0034980073335691693 0.04023752460500645 0.03662926910122729 0.05022183000237477
27 0.03049437818821619 0.049374605499275345 0.06020090018901418 0.05245713153786967 0.07469813298136674 0.048307157274559635 0.04850946898796565 0.07218900576569272 0.05509218258104529 0.002916283522644236 0.06326914395429496 0.029285487018410262 0.07893154064504643 0.05392786647788785 0.014060153799991678 0.07735154101254715 0.07907094977743362 0.009723787321896282 0.04072753925140988 0.05941274421343225
28 0.015962878321531333 0.02729901649315552 0.0080570014298517 0.07032296047616589 0.0009203075481372461 0.06421355114837878 0.11198109447247218 0.11268211931363077 0.006262776161836538 0.025516075569408964 0.014193227052226533 0.017120444810392443 0.0288790203854632 0.09683930185639442 0.08140238137758947 0.060629832706654216 0.08860861745311109 0.026990724816041138 0.03959226445092385 0.10252640415663448
29 0.09778212898236983 0.062140003420817366 0.05907168122059785 0.03294507905428425 0.005032490387359936 0.06761366382657795 0.09419160082177302 0.0031221226986994223 0.0020011066777652323 0.0632849218195687 0.019763776651350606 0.02254211033194693 0.023974323779865674 0.021048866415090035 0.045082639293339645 0.09963238507219487 0.05271652780211228 0.09328801617618149 0.07804812203103204 0.056718433537072684
30 0.061373060353474895 0.03906243307380724 0.08119008041159069 0.054391836974204286 0.06429372185660599 0.0743493542854023 0.0016113495724794523 0.06077747264386893 0.03888436918198903 0.038562045726214085 0.01616586929270192 0.07510081380562747 0.018061650571066786 0.012724140962233696 0.05522205365741569 0.07874491218147492 0.06543225989008276 0.06115482864186344 0.050516231289718244 0.05238151562817815
31 0.09520840967161617 0.08584079230737002 0.07134481138397027 0.06566588561818595 0.049397792210550726 0.07034574699043625 0.05329672815800839 0.004901881518386099 0.06589086753328571 0.020525317415803025 0.05260678336250095 0.05626977957094643 0.024072858429733446 0.05833403136569118 0.08066458653622406 0.028474151106202408 0.07886274620637639 0.007740571874851097 0.003878223252318063 0.026678035487543546
32 0.03376752523089918 0.09304783429336058 0.04775091051086538 0.09839550348393607 0.06428914807665866 0.056197056229314736 0.027847018978288104 0.052611306946745894 0.02932454911704573 0.00491555637798786 0.015494969721198881 0.003378777219596828 0.023718757766628705 0.08094741255888772 0.03508358129348249 0.05766119004855383 0.05367245336531502 0.09750766865684551 0.06543630886752881 0.05895247125685986
33 0.05016559804393572 0.0005535132163281774 0.030857760079396484 0.0725554182341033 0.11533448918382705 0.007962964547449904 0.04487822099853529 0.0798279154890104 0.0600400990348048 0.11345273254992155 0.0017138501529667598 0.0246959190783072 0.005364187482529963 0.03346338835150501 0.02564367833417145 0.0021747099846634393 0.11170424076103574 0.06284387128214179 0.07304771179537978 0.08371973139998615
34 0.06311222337136557 0.03348269024235479 0.027679153212339554 0.01247448478352213 0.033276763566843094 0.034542558511409936 0.028132821157895203 0.09106344940849301 0.01490568125753793 0.1502274126305964 0.01781791327638251 0.09000047571318748 0.04305615591244349 0.08183005632076534 0.031284480061154564 0.048985200487783986 0.010554413595008794 0.005926581363312807 0.14135873222484588 0.040288752902757415
35 0.0009198765319089442 0.08748720726353236 0.026789476742042427 0.025077799141513292 0.019107754641699025 0.08804816561935973 0.05065010736737945 0.050805790892987736 0.0774843346107453 0.08397046097798054 0.09549504633984046 0.020429985827621965 0.03724492641066048 0.055331863604170264 0.03756886653740711 0.09019703795866676 0.048389919492779945 0.021623901978259003 0.018924926924469346 0.06445255113697612
36 0.020069778176079578 0.012421894000086335 0.04855437177571442 0.03905980257554435 0.09355374523098335 0.10361764579050711 0.04967751205962116 0.06642103503782422 0.020688076650914215 0.07816684793010067 0.06190041654812715 0.018736311339888827 0.06379099215131956 0.01784299489807372 0.09822193650707065 0.0751887981916524 0.013699995244910071 0.0363253488114347 0.019070262676559525 0.0629922344035881
37 0.09107013852183998 0.09872581484383837 0.06220192115588386 0.028449071702835137 0.02094006193869568 0.029580949503122737 0.04845818828924389 0.043254604533107845 0.0012492500260151312 0.10375457772277402 0.09802423652819417 0.02590025282138208 0.05437861004581607 0.07073945691062995 0.04965120720575302 0.01471578347635538 0.008246659139182998 0.035004810242970544 0.101260293803021 0.014394111589337935
38 0.041126432239702936 0.041932829681271155 0.018328757325890125 0.07473137475879331 0.07945410791201932 0.0645349338367181 0.026565058006629616 0.061823259738777406 0.017687151906930904 0.06158690779354031 0.08235659069011234 0.00641116237303012 0.055843517959650896 0.06377189080296086 0.0786203991989061 0.018070331518102903 0.08411277410243989 0.056416848814684985 0.03190750378609387 0.034718167553744815
39 0.09691186049598505 0.09542999988158242 0.03141113177378506 0.09480426243632167 0.009446581141938923 0.06259661152942615 0.033654980088083084 0.0071787728671986566 0.021317454544961496 0.0415487628068512 0.03283311705357809 0.08055409714875769 0.030553291359023387 0.057189758175612546 0.002949776950506715 0.09296881997790851 0.0389736154542123 0.06791317728510696 0.023682368786672958 0.07808156024248702
40 0.08765431148642583 0.007922760210673046 0.07675979632242189 0.05222463992265537 0.015696454337036796 0.05646623745327082 0.06119077179236829 0.09701557295387674 0.03290223573423046 0.036362908411803244 0.038376969233521054 0.016586160185239195 0.031027892490203435 0.0682143538561986 0.03564867277301285 0.012356480694870504 0.081059532146103 0.029778089394531883 0.08037108223508592 0.08238507836647113
41 0.05960248130534644 0.06211298793560622 0.03156020126272148 0.030114331627243033 0.05368075624025856 0.033492015562151624 0.06568334634485147 0.04018783024703313 0.07098010148673874 0.023146340303205715 0.06126480469920995 0.056430452891182994 0.029312011107910953 0.049126915614677594 0.04281649939688759 0.0674149685970468 0.07182693576800243 0.00544907871191337 0.054702035274721915 0.09109590562329005
42 0.06655643106179228 0.053809858186033316 0.034738349672403745 0.031547919897500894 0.0023488200268620427 0.08686365862796465 0.008005200826784298 0.08606801080704299 0.09094228273836243 0.07206357370255147 0.08931764050149575 0.056520709109155944 0.02627518320852167 0.0020926971959017043 0.016095800552351196 0.021092843241017886 0.039643855398092794 0.09122882242184642 0.05541765254236456 0.0693706902819537
43 0.05601411512680216 0.005769005400450376 0.06060488312402459 0.056607964438582195 0.09148610304056731 0.019031193964094154 0.06873448579728107 0.014870971684375223 0.0303618045812513 0.014958002619441439 0.01646327241493115 0.06844239924268844 0.08954119355730497 0.022789649362890362 0.04926388631354393 0.09324731420533267 0.043025000727313537 0.08702165098168552 0.09279950521777369 0.018967598199665845
44 0.05973437273097218 0.01943161964433605 0.038953638079537264 0.07083007855553991 0.07155155009281092 0.07729111127486331 0.021040335331640486 0.03043410106963551 0.06688031767856918 0.03367687047681136 0.07812273414802423 0.01654348663254642 0.009026439440217209 0.045110523587760284 0.08306876123555196 0.07605138589380847 0.07027814800007917 0.03937799307724247 0.020251931431156053 0.07234460161889757
45 0.013333157642962402 0.05736604936375668 0.0636206713079883 0.0475708181179744 0.016491986617281556 0.07306367922161364 0.07293489804480915 0.07564903617104163 0.07296659963780659 0.05594219409840525 0.034447341210428216 0.016449036416643144 0.007307136267719471 0.05947803680871216 0.07232924355460343 0.07733321764175213 0.058395306286708734 0.006539398590892058 0.041227532855396765 0.0775546601435045
46 0.06629618813613998 0.03095824283718389 0.009230959670411747 0.025864199013418715 0.04718481049492581 0.08015736108422299 0.05955524575024612 0.06909325334844887 0.08517873822695514 0.07893678196347034 0.015149749126348576 0.02841360919584507 0.006425168692960458 0.07909369488171358 0.05936683733951706 0.02840789944695455 0.07596853885059614 0.07542102450224417 0.028318183494884575 0.05097951394351222
47 0.0671065629284979 0.016672095363898593 0.03561530419827597 0.11232960820472776 0.0038488019579855305 0.04418654772275771 0.041140447464113036 0.02079401064067022 0.08122038266420731 0.027008791477600103 0.025905326300331544 0.06144197826718125 0.04017454209059368 0.10269557385950305 0.08083277463649173 0.02520238889723952 0.026922190059713275 0.0980925588445479 0.015977491259188823 0.07283262316247523
48 0.04021925124923937 0.10829909649310199 0.01919525018533948 0.009677831951177005 0.07329545400876845 0.022336938464954915 0.07083868038471101 0.0044075523599948815 0.08956746156606181 0.06177343999014815 0.01806176394495644 0.06649827592583771 0.007170134340810698 0.05443734862012344 0.09501871982363176 0.035273322599880266 0.013874885841749448 0.10150828835035709 0.011395218306776075 0.09715108559237987
49 0.01375701915475999 0.015411097963552757 0.08733943426389985 0.07836255382730974 0.04637882061715461 0.035541649240426756 0.03847840340406044 0.029453491930699675 0.020492641044877555 0.09313555818861759 0.05086350460873479 0.09265286072174621 0.02377054206746978 0.04122506806444099 0.08506555278061272 0.02277596940512915 0.057119104813204556 0.04203707445734622 0.03758309920951764 0.08855655423643898
50 0.036634059807586314 0.04025807756820222 0.001848439282817734 0.036089015031247 0.08871962724828537 0.08664219774648553 0.057925518167855794 0.07710896844108661 0.0836356257118959 0.0069575982901398615 0.007047019612575197 0.009576200156400693 0.06930951145818512 0.06836606852233276 0.08232386558053055 0.06798425027781854 0.0069523349529391106 0.08047088592006257 0.04792681021545568 0.04422392600809742
51 0.03805344412708126 0.0487859885432793 0.015660445378110496 0.05425422019022835 0.061358280072064314 0.08694403610973223 0.052907510123994646 0.06139699290464312 0.008315136503211841 0.06200152648678976 0.05940342653255194 0.058126627239964056 0.043594398734404766 0.02097642528407852 0.06024648410155545 0.08352313380793293 0.0907524879113521 0.05433716354849929 0.026096654218987457 0.013265618181538126
52 0.013032033167272567 0.08341768083835194 0.07637558659131378 0.03990231714353312 0.048896009655589 0.08518508782409691 0.05955927820729726 0.07547256360569833 0.07908566078066166 0.025669895737315353 0.013483914730476602 0.031095615231244187 0.022999416496583887 0.07692390923892704 0.018272090157240777 0.058931765762602 0.05215567886572777 0.033560221292655415 0.0601101260567206 0.04587114861669151
53 0.006702882326687959 0.03133323612938901 0.0035409512928485255 0.009992659486463551 0.09130126849695384 0.016037269096318123 0.09083425017415138 0.025082106083445067 0.0673864975448067 0.017085734185948383 0.0783142704753602 0.07290176922503622 0.0027656754461702366 0.07702447044850808 0.002212583696151677 0.07689638196780887 0.07608493421153864 0.07551936577370107 0.08824814748901967 0.09073554644969302
54 0.011314046417031265 0.014127919224258085 0.13526125430684754 0.09919330356808051 0.0071085385019364795 0.04592346954853183 0.0028728585091114694 0.10233529967792214 0.06431501574624507 0.0038597887160313478 0.02388702963084352 0.05332095457998269 0.007671991163782376 0.0015907728672923116 0.07227282919414237 0.1104625434953486 0.0034302363236390623 0.09207741250611969 0.11243080808819012 0.03654392793466368
55 0.07192120209084944 0.09152818394681554 0.035493929197695784 0.016317395696237986 0.08707592059729181 0.053254428490965 0.03505600232952577 0.07889332002267173 0.054505751147797696 0.0026706442164254806 0.0345078846109519 0.08164034498462082 0.02540920356708447 0.061076571945956344 0.01638182241040449 0.062432105943443 0.008247471554392668 0.07934005831904066 0.03437999566426888 0.06986776326356045
56 0.04852689095177346 0.07741662361686966 0.02442839036271365 0.05282167185251429 0.05415413581850273 0.05981387340529353 0.07922242609212375 0.06903182194189549 0.08415692903491373 0.006093889450000876 0.06195736806890608 0.07633572869509622 0.0228543627839867 0.0713406886264733 0.035574514295316544 0.022582748733158107 0.08188962175096041 0.0631416429005073 0.005069196363672724 0.0035874752553215414
57 0.08733404783554796 0.030216222712649236 0.061227670804366995 0.0010243843121103807 0.017892004243556255 0.07721631994665427 0.02446803927111463 0.0030996622121147615 0.02243809713441471 0.05275688961850657 0.08103637271054415 0.06827574012357325 0.016212858663566018 0.08452472619914513 0.0729263049639214 0.038733368441621556 0.06942777847642757 0.06581379043502142 0.04204804783684792 0.08332767405829573
58 0.046965285625809386 0.09128749220409701 0.0573318537867133 0.012357497379361718 0.03948261891719689 0.04538268067407647 0.0018738585438895282 0.09051625483563629 0.003066474557510137 0.05120157834317822 0.06339920555262867 0.08180366804118362 0.06439970338728336 0.04715226184675183 0.0817113022756721 0.03234995213388497 0.0006698459479293758 0.07474883838280376 0.021625329113881625 0.09267429845051153
59 0.00876926492360839 0.044125544270056064 0.045564764431779106 0.016082446608826125 0.050981015608099756 0.08559103519240732 0.051156141587901216 0.06413095012504612 0.09177894289750421 0.07374605980580728 0.05702535266724808 0.08754776578788287 0.0637831158539611 0.006382643835440262 0.007546136579034092 0.04642800131608934 0.058293478367243225 0.047974797277905566 0.012138171003239455 0.08095437186092028
60 0.08081530555101878 0.05845071437711128 0.025009440564331673 0.07156905131017333 0.019162267651407723 0.07991807789297337 0.011127218949231677 0.060130686314432365 0.0314090728018174 0.016948954416479842 0.011992395633901825 0.04985591508505604 0.049662053345006146 0.08658532878359602 0.014253912983786777 0.08262509080170634 0.0856161806814917 0.08750783770260653 0.060037117508554325 0.017323377645316936
61 0.08148063603185603 0.03640575885924674 0.012040464427942592 0.02913781778277041 0.08710168167875341 0.03288222613493775 0.047542050180828244 0.04815345121246595 0.01664411064244703 0.051225025895617116 0.07912768310995975 0.07854508021655052 0.06525722781293171 0.056849514766291145 0.031510516558880174 0.07490884391951855 0.04035896803280475 0.022584715406380688 0.06823289019432757 0.04001133713549003
62 0.014328124532777944 0.03929176685085255 0.023179946777626293 0.08076920371426505 0.023428493673489356 0.037420807408505105 0.029676388726798966 0.04341292161796224 0.027448567389741923 0.07150502291292253 0.019422882519918458 0.09078052384076313 0.08509867610989141 0.040781455326012024 0.08626825871632066 0.08292694476490546 0.09559860422201769 0.0474562191196982 0.02985002538249796 0.031355166393033145
63 0.015337276778042353 0.08719580195861783 0.07161000284044947 0.05781509574997818 0.09677331014283481 0.021259454096280182 0.05452974309055825 0.018498108070240542 0.0757212765493169 0.04784849335326397 0.07686409808231146 0.09663590040067167 0.06914734700367539 0.05571149978704643 0.024089970828655324 0.0004498760021096612 0.03173831026574531 0.02039945996113903 0.07792814076771977 0.00044683427134357685
64 0.0002969196170484282 0.08949736296268826 0.07704540823340258 0.017336298300792842 0.10477166463277447 0.03308650142855289 0.009284816469294882 0.08704872656768764 0.02542782175646003 0.08943316828976836 0.10039206726100708 0.016329436774082547 0.05716405482539661 0.04902531085124026 0.09663948119457419 0.016900974207692633 0.06948573502230865 0.02150861823609237 0.016029099828402497 0.023296533540732866
65 0.05764525576461123 0.033290636117800275 0.034708135250274816 0.01367796810235411 0.042314932295457616 0.006150712569777045 0.0529809223228396 0.011840567778615228 0.0023516838236209395 0.0028137608193739235 0.11330767510628652 0.0995950888627145 0.11495073571406218 0.09701181778778 0.04984030713653091 0.03522954503737708 0.03438690439074378 0.09925466607193813 0.09419046777994218 0.004458217267900118
66 0.06453599586343607 0.041529074228454366 0.06441321840096066 0.07428266651198195 0.057617358052888326 0.0404414437358014 0.049812838075932744 0.0721250388970766 0.06014637205000283 0.05924088908857205 0.033853289636847084 0.058243839207579466 0.03880383150069263 0.01594847963078002 0.07270803125728457 0.03122908172971951 0.013295134127486227 0.04977282418440126 0.03524039471383484 0.06676019910626751
67 0.009803575354728472 0.014573730304679549 0.03909065450967861 0.021718551719539396 0.05233021365074364 0.06636603178165312 0.045006579519134386 0.012183512674425337 0.027423129098656008 0.07424182598223028 0.0614605207198534 0.03822118981566574 0.057955054915630674 0.08210323322610684 0.10097370616892533 0.0705544748572112 0.08161067166536388 0.06975529543395802 0.003862173023362343 0.07076587557845364
68 0.07665935598786451 0.07672374436145951 0.0283574966262741 0.06461967474388587 0.07242658857430691 0.09549218498419365 0.022222758979442033 0.03451678517474021 0.017889163253207455 0.02573759607924649 0.03503987962064307 0.05584326273685094 0.0956577252624609 0.07552346401236992 0.013631298719783719 0.056631672199670656 0.05453102329940447 0.004983328596872436 0.0417632249199665 0.051749771867356645
69 0.004866500067311391 0.06670301115638863 0.009172113938263867 0.03951601823705552 0.09663473647938231 0.04314337972032124 0.07982695116838862 0.02278122035971883 0.038832682193078956 0.11440459784776247 0.07814105411142185 0.11215790424230282 0.01321329506665928 0.0594695045390666 0.03230016803587563 0.015243259947161567 0.008523618549223616 0.05966226150341792 0.005187069864367806 0.10022065297283103
70 0.07460710746238366 0.07442352990887664 0.052302538010117354 0.10394196203121162 0.029672089961581473 0.10199067020219427 0.0904512854255496 0.011084534675302432 0.04819030233015655 0.059264872767396684 0.07348396531128898 0.006841828981225497 0.006852596266295315 0.04387152671019085 0.008524527689467333 0.08546604575271033 0.08558276738148413 0.021651233206606165 0.01224569905688784 0.009550916869073242
71 0.006664223996519198 0.025498106123555433 0.033722600972518904 0.007667071418013782 0.09539573251865012 0.0978078431193913 0.07730558856044888 0.0796948336135583 0.049823446623142253 0.028188346571766425 0.06091163176354051 0.008020081209725078 0.11170213240244867 0.025034823208844016 0.06075442189639863 0.021370183037761854 0.037796810982914215 0.07980696641773458 0.07010278391699216 0.022732371646075743
72 0.050327414264511934 0.02952145565521275 0.09907132292578644 0.028382637064773064 0.06693859510882007 0.013096353063482068 0.09039722461113765 0.01658807486613938 0.07806230007445879 0.026847709174660287 0.08573942825446078 0.02661138113123184 0.05449156754297888 0.024577337605460572 0.003477356536402415 0.04682958679675313 0.08780820022051009 0.05538843339521649 0.009165433999763451 0.10667818770823995
73 0.09791563322845256 0.09357248922235345 0.047485623333237206 0.10279452602982159 0.028492138955330353 0.04854428275571578 0.03618312564085201 0.050027466921951064 0.02680264482006295 0.04163880153910096 0.03247894476709034 0.0639511939679434 0.052601096563732776 0.0015087784186865946 0.010899173960019331 0.098174039692879 0.055495675898987 0.01051994683284185 0.054291550798583284 0.0466228666523587
74 0.01907373310538972 0.041231261081223915 0.09825543226816906 0.016030665610728 0.07308127030371149 0.10397933426568362 0.05791113999123044 0.05213252935843669 0.022649471651854314 0.0871696228549604 0.02411662001192366 0.002532408496543003 0.04001893649680001 0.0885523109831939 0.05386757478219603 0.03333428028161718 0.0032657183186958908 0.06551177355936821 0.03316732325691641 0.08411859332135807
75 0.05868094633881582 0.05270322622509566 0.03127086681337324 0.03440178928860036 0.06851559032942992 0.04962658632683938 0.06573836252103676 0.05269499327250167 0.07606848997523195 0.052367787372084106 0.07806103175307454 0.000816959245726115 0.0720955360324365 0.028040826935671625 0.04521213449155457 0.06511923310703192 0.08133842087805106 0.06458945207141975 0.010989634985241066 0.011668132036784068
76 0.06524380007526026 0.06564088046985478 0.08187206575501463 0.042903967740634 0.0708720851090752 0.004486435934073599 0.023853473710796734 0.040803856144642485 0.09351838415800516 0.05761160698757638 0.026109705490509692 0.015965277162243247 0.09063422709330227 0.08281102843560771 0.025911555056192703 0.053448983330920026 0.07767991540282462 0.07643318704107085 0.00407619342779209 0.00012337147460363164
77 0.003858934488426886 0.10679969683837932 0.019808044181634992 0.040945696895971245 0.0682217642609814 0.09102090337766955 0.06230886012965761 0.034714472503596085 0.054608694580561064 0.008474561965504427 0.038614310407101594 0.020030800251144957 0.07183033628291531 0.02328444094249982 0.10599262096888262 0.025669433513944375 0.11420080156482217 0.04459175721250139 0.04465042920870325 0.02037344042510164
78 0.03463220868011908 0.0761282146074066 0.05020056953929802 0.09250456765631869 0.0063314461940262344 0.09927760569104155 0.029488090214276324 0.017951569155733604 0.01654064064372151 0.058500271411368 0.07269016491905873 0.013825688594425572 0.052681555240822575 0.0011971402024981337 0.0879366626398693 0.04846737126312953 0.04822192922652454 0.08641171365325528 0.04474428513997413 0.0622683053271326
79 0.027037706006016123 0.06467351317203733 0.07472379600064273 0.03235546590359324 0.035000846144331944 0.05687662865151536 0.0655244108397384 0.046315564470265885 0.056805511956378764 0.06570043474022856 0.0388068527988858 0.04980623520018043 0.018742919026753027 0.06731046317675221 0.08473437376601632 0.01358269526414438 0.08419132104072054 0.04393578510288924 0.05571818382586136 0.018157292913048507
80 0.025234542109035085 0.12362416190752883 0.0938442027884332 0.006953194921480094 0.055863855818448244 0.0696893791879122 0.026745647564623675 0.026873883318018457 0.09823618562922463 0.02398540623625786 0.017531744345071043 0.023480038525173705 0.00978388539517586 0.120898433837184 0.052889528158083926 0.05208294329386461 0.031870877647550894 0.004034616768462994 0.0417392854627022 0.0946381870857682
81 0.02510127846901047 0.03001906330874801 0.017949611704022622 0.09323013853367443 0.10432970912760108 0.04628350521813454 0.03872720018251256 0.07547822425509557 0.043678570198149934 0.017648331852543664 0.07982765181488681 0.09488467706565076 0.08550240479868876 0.04736519283722919 0.00865300383253619 0.03442709875282144 0.023505499863659098 0.08255041710730031 0.01047361595341817 0.04036480512431634
82 0.06988470673396088 0.04838512480687817 0.04224314142269166 0.06858711799230219 0.021283599269674446 0.038095346113913436 0.06165720410382063 0.07363347986634992 0.03066857667058487 0.036267833010148555 0.07229747074121423 0.07302240078022632 0.06274015257386523 0.0709070285331645 0.07149188548474207 0.01291335736945602 0.0038600074748256414 0.07018287116431231 0.050422265307104315 0.021456430580764574
83 0.07693450191216426 0.07619114686821297 0.0006122237909399464 0.05778600074052392 0.05678497816797243 0.012101868307192001 0.08399548291473938 0.06445934354901998 0.007095915114146968 0.10851759673611716 0.029609673495748706 0.0014492702296324048 0.013135870844587843 0.011668415874831342 0.05009702532697726 0.10010635387618542 0.08751430769511419 0.023398159182444707 0.05569142271051189 0.08285044266293727
84 0.02456052082800011 0.021077590656355765 0.0027927904935989537 0.057788534210773 0.0564288685847722 0.08133330019115667 0.031938875914468895 0.009749705138719037 0.061567757855333444 0.0561902793172473 0.08094532278815929 0.01650248866133516 0.08118431354526587 0.04334455418881127 0.009857587482824066 0.06547263004101919 0.0605463457453435 0.07724793813426616 0.07892840659748646 0.08254218962506378
85 0.011708887839003602 0.03469754601552189 0.0904567844011533 0.07636822497345372 0.04371816801278728 0.01826664192922654 0.03488906880138068 0.008061753104305175 0.008968855323979551 0.05953986931282902 0.04553822166370323 0.04121334949328917 0.03992933891329947 0.06986300637255233 0.07035517800807607 0.08990111064416828 0.09255888318829736 0.06882359167410688 0.029896972603250308 0.06524454772561626
86 0.06347993566752609 0.07027933078332037 0.08992042604379384 0.03766688990504328 0.033973184197445855 0.055869135124330026 0.0714126122218216 0.054336200180735615 0.008277306535928093 0.08513651013807301 0.02074455566725843 0.08919662522105788 0.04838324317151858 0.06432745166027545 0.05669669490438326 0.040819597039678135 0.028854686535450615 0.0604586016165439 0.0031187733012269995 0.017048240084588887
87 0.025425484500675107 0.06503188678412206 0.03969477522160757 0.09668577165725432 0.05835443427708151 0.011393922299816204 0.03520216576648955 0.006350500238923688 0.091495045454367 0.012317055519287716 0.1219291927101042 0.030633665766446973 0.062148748603468786 0.004146384910375363 0.10294074165491301 0.024640203864054397 0.10650616416268639 0.0673755949862785 0.014817990571544957 0.022910271050502796
88 0.007947696943355087 0.07608426917098814 0.06724030098188666 0.006004527007798987 0.08832331174516952 0.08647624383860811 0.011489125508627119 0.0966904882003176 0.042046730300803255 0.005656310236822261 0.05281439185878211 0.023426504766983235 0.0075741929335608 0.04912705205547507 0.10154850935561681 0.031468345202102364 0.04009264250689677 0.07390655685914906 0.02407567211303305 0.10800712841402406
89 0.046061942467436 0.07145634443491165 0.03749430787672043 0.023741801889732787 0.032205232372441966 0.0815009043279045 0.08013482511426659 0.02473757748624475 0.08040248506660153 0.08597763093003846 0.03089882080724441 0.011614042086703504 0.018587080203769663 0.06376351729698411 0.07533369898243311 0.034123141037276206 0.02887910182713513 0.04397445844098457 0.06927428455760244 0.0598388027935683
90 0.03965232065873622 0.03163691572366247 0.04275000064553862 0.06017787767235704 0.07083855850431323 0.08301851179945093 0.08317102655463127 0.05287856557638054 0.008183586518557015 0.09375481483782355 0.07148791513262834 0.0018843647949176431 0.04940624039609402 0.03805350370154797 0.032787840264505534 0.02906586616303809 0.0934660934703626 0.08993117488014697 0.01987084249362487 0.007983980211682928
91 0.025425050451991657 0.05458035014196905 0.09116001444409692 0.032859190094970236 0.05646616368362087 0.02445307281622563 0.0785843351387899 0.01895121463538739 0.04269268910626375 0.08616408869560468 0.06123949109936538 0.01436855517019126 0.025863096207140012 0.03624928281452344 0.08212994831841061 0.041753005846233725 0.04858768732145533 0.08753766058735567 0.08788194002549268 0.003053163400911946
92 0.04635072237921112 0.020928885918155928 0.02289824558212975 0.08471729457746921 0.025050933606740385 0.041934982152510195 0.035829177439520646 0.03852656269938487 0.07656738669914805 0.04797305740398535 0.024231915388508895 0.07368791378379858 0.03529316928822899 0.07777428036328872 0.08643011911451091 0.057045057760329795 0.04511035300518886 0.03227366734665042 0.07297492219523832 0.05440135329600085
93 0.05717726405990538 0.03643809505372129 0.05432693972156387 0.07875323664559367 0.0375734942993814 0.049099226585079814 0.05288459162101152 0.07172098733494657 0.08461452433839854 0.08487581958215125 0.029018605180925146 0.03790374487583581 0.00659105498459503 0.07254865985247375 0.03857506365307142 0.010746641870185114 0.03835898598113142 0.029516572910758446 0.07731222149579774 0.05196426995347299
94 0.07407342830846948 0.03147348008460361 0.10448335914778356 0.05080030934823465 0.012191965639747677 0.08830761089435243 0.049206581643603094 0.022335823821995903 0.026738935701328122 0.06870323104370336 0.08032903013371565 0.0142285564002588 0.0225785205192685 0.05875401883767896 0.10165798029884437 0.04295962053931902 0.0023346653123432802 0.02137455719009917 0.08486584898014882 0.04260247615450161
95 0.03349018584639821 0.0844079370334342 0.048802319507253396 0.03225179250317213 0.06513860559022146 0.06618287301333237 0.04137153591077069 0.04345436914962136 0.07207120807031844 0.012718848887910764 0.052392766526204504 0.019090870262477074 0.07939501395391396 0.07024193521472967 0.0799667602521397 0.038022869856641245 0.03316847956799263 0.022925743397828463 0.06290812143112066 0.041997764024519144
96 0.04759265623697145 0.06991283666228051 0.0051468630520258634 0.03566277540375625 0.0047829720497095125 0.09477158282897062 0.0038915339119562587 0.06126949199322806 0.09953067896261478 0.0915081887916495 0.07630876351159457 0.04842995916116779 0.04945338928455904 0.0023893555397352657 0.007255189947064418 0.08106685088399519 0.01440910189649109 0.09320331822089803 0.08212280420550534 0.03129168745582649
