0 0.08217418131375467 0.06451777723192659 0.0348394037459163 0.061694736575417325 0.030939248385798014 0.05618414802857349 0.08314581893657433 0.010496269801202818 0.02208733122259077 0.0403697650680437 0.015145727459409904 0.09118630006634268 0.0005330277744083617 0.07783820039957759 0.038959697263177426 0.0005311749334205042 0.09183329975953737 0.07792390716677183 0.037486320184321006 0.08211366468323518
1 0.05591661202930862 0.04570593650168316 0.04572251769134921 0.002078784209081508 0.05155837645702827 0.09701746483309288 0.02948080580297709 0.08727705980727346 0.01844436831646741 0.03993845460641797 0.018398096760694357 0.04832528416709508 0.06858535307351332 0.07812492963548781 0.09494328960782937 0.0714429287596482 0.06400672807492186 0.006224395955427765 0.02035394435484489 0.05645466935585793
2 0.04116762121735249 0.05145091377576096 0.09206595545803838 0.06937096795288694 0.02718764025055028 0.0392316016829816 0.008526271043116634 0.10960460111552507 0.0283815333528301 0.01950808700454012 0.058773417955369694 0.00870578736914089 0.09167175008024069 0.09415644647857402 0.04732986172637811 0.016335868938576834 0.09362619323446944 0.003881103146664695 0.03135402401011611 0.06767035420688684
3 0.08168644197732076 0.03255050113907976 0.033878592543385086 0.07241299681696173 0.08725748735180557 0.015039248878092833 0.0008847440996997048 0.055534000696734385 0.07756637385632054 0.010113249156672055 0.014506605636691627 0.12436590172309282 0.02101641516532083 0.04388817509709102 0.0668808641541938 0.09219891761188283 0.003927434472136098 0.09824172183498125 0.05492069631024172 0.013129631478295708
4 0.023205941421611878 0.0659564882506413 0.017299715667341727 0.0296146323852839 0.00633574212305452 0.07849270018638409 0.0835826769218327 0.07704716060599845 0.02770250374539527 0.013742659477305918 0.06590607818541892 0.07801568263968475 0.04576127133964753 0.09080279151309421 0.006333918220807448 0.07864086487194276 0.10509630132007067 0.07408108974474158 0.00986904042795889 0.022512740951783426
5 0.03152377610309462 0.015204276372287183 0.08456968485636049 0.042719102610472036 0.05068291132318651 0.061878205517124335 0.02216926387510994 0.05946393370980652 0.009561622077003541 0.02500796955330022 0.0836641820491796 0.07139129734815691 0.022791921601499194 0.04466210311202352 0.06966785996413097 0.0706035365159446 0.07168469108196399 0.056968113650741524 0.029503711307945477 0.07628183737066872
6 0.0010169326682405414 0.05392069601685687 0.09267285949202986 0.02461192790281768 0.09022115720732843 0.08582007791227357 0.008571251451987378 0.011633993699449561 0.07321610632194615 0.09289441838401254 0.07591407537692588 0.05212396566282811 0.06535030940165455 0.058893417191712344 0.07170586814252962 0.018559978676667182 0.07428963841102308 0.006816179341223458 0.038530796596452234 0.0032363501420408407
7 0.07410711181115631 0.05953405040649217 0.03349015177475542 0.0398608070860798 0.04544711232942765 0.08087225396425361 0.07336218450226746 0.035650666696369626 0.06372045836645464 0.0059950573485835264 0.00818120958918934 0.07154369102430187 0.06545333465737524 0.06479882132406596 0.031418812575260004 0.07873583835679662 0.009679380636496896 0.017767100088711848 0.07239823531023214 0.06798372215172978
8 0.015588768894643775 0.02999170520079074 0.020701668693476224 0.024997838685260114 0.08106975674905982 0.021351715267491245 0.07760430701403294 0.0671686065035945 0.08932397085008534 0.00885286523985668 0.0566692585382836 0.05795594367859844 0.055365106904544485 0.09040269430011942 0.05001125663209239 0.05682852822694704 0.018061434040945883 0.05354366891184767 0.06311862004089724 0.061392285627432285
9 0.05366741063648066 0.04154398451112573 0.06210987610840092 0.036407845329541756 0.027980569543594805 0.09832013342289302 0.08226808056694412 0.01143706127771269 0.038666492713535 0.05414901779497617 0.0065997005676968505 0.06895403305113727 0.016913781987754648 0.05947152073647512 0.007241997433055839 0.08826508276417147 0.08904113311057471 0.013091845239473666 0.10214094222313859 0.04172949098131706
10 0.13386566526286636 0.11446522944242955 0.10254152209458672 0.03277849418157494 0.08048282595419366 0.08058728843381818 0.031771575970125907 0.014617980180973303 0.02362089587870249 0.01882077497828595 0.04649798638306959 0.030017664077865148 0.01758647425493167 0.03463207682567931 0.009213593457668897 0.02368216110764027 0.08366301596929804 0.06717808185903268 0.029455456283895877 0.02452123740336153
11 0.001129409947682689 0.07196232352393835 0.07220686111329368 0.09672010411899237 0.07647847234328978 0.004282658303200271 0.01956364309619971 0.021493297060968055 0.03802353225350418 0.04448058940491158 0.0241771105652991 0.0834857729557917 0.08366509836943381 0.0770688798068052 0.042423227644580744 0.08522778315597805 0.020061110666046215 0.04350290322385186 0.042123236593802856 0.051923985852429834
12 0.10117269945414946 0.08719252220597466 0.07081052284072124 0.004483034322840736 0.0775688359413061 0.05767739613627586 0.005313512486297476 0.040085544836294375 0.020643511335531353 0.0028547593448018005 0.06718264942468377 0.026850965065735775 0.07729371989952717 0.04264752009876749 0.10793335089079252 0.0440655691069135 0.03946442175062528 0.05826901342867143 0.05397814912544992 0.01451230230464001
13 0.05736419089946263 0.08929011397821954 0.03241031079293565 0.017898438423960834 0.051174439832851006 0.047776855236528346 0.055072834655590014 0.0218948540180902 0.04295397572790837 0.06758835243294584 0.05458399156460308 0.03259283032364214 0.08263398274507945 0.0727856588840444 0.007943827094258327 0.0848691692440633 0.0017987141864797462 0.05906413062384063 0.09195776985597001 0.02834555947952662
14 0.03260054397285051 0.06701695030766963 0.027259180325695145 0.020831127173492975 0.04221537943599538 0.015402255231358594 0.07494878061410215 0.06429228204678451 0.05314256795755448 0.07239175938268577 0.03263894838073686 0.013187236608614221 0.046129630523246305 0.06660659224113732 0.03922266794571288 0.07552616387031894 0.040394068631598216 0.06939754555835607 0.08062967712676172 0.06616664266532822
15 0.005845583422224492 0.06684404700029432 0.021845395596082597 0.04883208684853078 0.08687655835180905 0.09909409628367138 0.04872385765916018 0.08304224250756233 0.07210170636819613 0.016969955452474112 0.012714056074485848 0.025292468088362587 0.07764338791704639 0.03637668994126957 0.058863708266334816 0.007515955552756348 0.023257548675948588 0.06891481490367707 0.07154067938744418 0.06770516170266916
16 0.06416869850640124 0.09105134475652668 0.05240735500525266 0.008689824339387125 0.02859934302188267 0.01249327007202658 0.08154421099738282 0.09061382253156622 0.03526483375870326 0.08698405914580433 0.02203267356263728 0.04787643483706924 0.06774974698308665 0.005099852902461429 0.035574050800751655 0.020880713001573993 0.0735224316510153 0.06668891338427076 0.056862557984909495 0.051895862757290676
17 0.05464356197023127 0.033100005157879704 0.03088177422368828 0.009118448160598997 0.019013425031200237 0.028951285801185618 0.08760453563180454 0.017383409609738134 0.06746170830549113 0.051360361925072186 0.0057341198162174905 0.06885572046312045 0.023662123007464734 0.06472754395112716 0.0682725114704655 0.11489863990863936 0.11381966679556417 0.03756331786544639 0.05657061031485828 0.046377230590206195
18 0.034044962656046965 0.008713999485844778 0.03841241375624719 0.08659558938783216 0.04489775892050222 0.0867759653980343 0.04974024744539475 0.06408189491081036 0.07281421872989696 0.04942073062199694 0.0028320817178814853 0.07677561361744406 0.047304054104098776 0.031010204238045406 0.08656188547240899 0.005332653993440705 0.06840307444634182 0.006781462723820528 0.07935695844021701 0.06014422993369485
19 0.11910189463010301 0.08336986703818854 0.09523635275972489 0.04719372888788927 0.030607754686801276 0.030602066895356765 0.005611315869019931 0.05441338274923171 0.019944832877929017 0.11917659589813548 0.018936438945703984 0.11198008039668812 0.053463403494063394 0.029603215459806813 0.04764743079949385 0.013492358417181615 0.018731549903930955 0.06394627899607308 0.031546537867875236 0.005394913426803352
20 0.011314940347495382 0.06923395779495518 0.003680694087658326 0.05926371303764476 0.0884075505154314 0.017783950548295402 0.09515591667625391 0.04653119218752122 0.07461921847656332 0.06972567054075121 0.0858968400246482 0.0594289416961608 0.02036933869472119 0.037975224212186694 0.004646644978777458 0.07146355954784715 0.07579934686128892 0.02996382990957858 0.07414303913409935 0.004596430728121466
21 0.05594157232843382 0.05845700698125578 0.08690860981117073 0.062077868520616634 0.027103685142176596 0.04750609029369828 0.02560214061616691 0.0845075397948726 0.06868819186048807 0.023435400676182792 0.033091571395460324 0.06686956220867808 0.08066832268429962 0.017946843543951083 0.038730981655359945 0.015033756723689421 0.08919381885743219 0.007224012073349692 0.03617374534050916 0.07483927949220837
22 0.00079980633156426 0.00820962296737022 0.057099023003230574 0.058227667818750425 0.04734304815546324 0.04387393423321021 0.07771190406109627 0.07616487417833664 0.030607591545099642 0.08015578723308311 0.08230362977824807 0.022693605447293305 0.07673800165823828 0.02754297313674896 0.0820341507915211 0.044677136585253095 0.06182719591208427 0.030694448215028834 0.034742633386159356 0.056552965562220066
23 0.04295268389170905 0.03660342143505549 0.06119142967040614 0.08625768351456496 0.030127868262016667 0.0008826239192066512 0.03497670348250538 0.037030366445498605 0.024644007781658366 0.018080920699935145 0.0925893878540544 0.07917447517864816 0.09455434533779312 0.059019084594102246 0.029423591841653943 0.07066572931716206 0.04887390325608269 0.07748898392472013 0.0508146568425951 0.02464813275063171
24 0.08195387079226862 0.028063759837942452 0.09655605908961858 0.03810676115193281 0.021479286518273945 0.07913205933890452 0.005934416744630535 0.002634431194227697 0.08116059413021125 0.046155718218440625 0.07076689969820282 0.03997149706003919 0.04749600431858196 0.06208797930982499 0.08666681793154736 0.054833612165821596 0.01714396675686185 0.08047075128610566 0.02642858348141264 0.032956930975151066
25 0.038763400616812986 0.10470592526039109 0.0395808955248374 0.002771367063763389 0.0017463447218370536 0.0034579937577933757 0.06890382993969223 0.06462246342286854 0.09037466303255663 0.08996744021110761 0.07308561198885781 0.07485087095855184 0.011922455231671803 0.0721262320225001 0.07401902152894695 0.009658003944781206 0.037246262180590385 0.06187192171200971 0.030810079757685974 0.04951521712274402
26 0.016646038507421804 0.11430228914275058 0.03862216949678495 0.008603307151944463 0.09361760234610825 0.0552973599586243 0.00676705338629348 0.08160738380048849 0.007554894169446455 0.036024913529995053 0.08092818294249164 0.04218054746848545 0.08390942125487438 0.03900555619646044 0.012726278076055796 0.11362629649156411 0.0875810532784742 0.0014701175933083924 0.05841728754009865 0.02111224766832908
27 0.09332091853223677 0.013785634413289253 0.0077859828082962506 0.010927177647122328 0.0022332245295663957 0.045192978452609014 0.05324541061866819 0.09715111817442751 0.058393773654734596 0.07169230283424578 0.09933865544426426 0.01732828376813137 0.04585846798064582 0.02289245590503734 0.09826978364028786 0.07236516225751474 0.019646020369282334 0.09225151842937067 0.07739721297570973 0.0009239175645599217
28 0.02291884565243276 0.047136991477796354 0.023432860987232355 0.020009663260078695 0.04299346710617884 0.09422526204238836 0.06465556751740882 0.03668499763965514 0.04738265275258124 0.08959733281908426 0.010548749088050252 0.0016677875760594777 0.0965187538821108 0.03202805184196322 0.04886412277861612 0.08114036182303674 0.0648438740379609 0.04798075550869696 0.07403745509690043 0.05333244711176827
29 0.047529149151705405 0.053884761842525865 0.07774921528582539 0.03745208292511864 0.04445012904039922 0.020469587945644484 0.08100607556020478 0.02727302694895008 0.06287197242397141 0.018535748882858836 0.043426631844443016 0.08387612201496536 0.037877457069200635 0.028338144096187366 0.03525983862732524 0.08257287703662439 0.004354424366287169 0.08039284813822188 0.07225733873560991 0.060422568063930836
30 0.05309148335014851 0.056924579752983345 0.026793985372211532 0.09949429856160048 0.011632171676499456 0.10440965235062884 0.043813161172744225 0.08953013865674 0.09101621596503019 0.06223767301022464 0.007426243021763589 0.07449161221017758 0.05826877656229983 0.045320211219229266 0.022703789561672467 0.07377671618835242 0.039067501947203605 0.012599599160845331 0.0148806479041677 0.012521542355477132
31 0.06082919458524293 0.020108201467947114 0.038612531774001285 0.03474103870559831 0.07441587052552681 0.04572719727933035 0.038484801076157926 0.0730270698859243 0.06215261205482536 0.06213206697222345 0.028251341217947822 0.02485417095141718 0.08564524964798517 0.007045106678727838 0.08762001594888778 0.0710433638222537 0.07847646464110049 0.011725678717540813 0.07554426303952867 0.019563761007832754
32 0.035292205741392954 0.050170790486704024 0.09257526564317127 0.054485673010552384 0.08771173309086049 0.020449694687965436 0.007635987590533118 0.017486976381051823 0.07828039622846077 0.08136916217718014 0.08619535451286812 0.06842264561231116 0.006526738382458683 0.05026462263451487 0.0655852159075667 0.06843647014815701 0.01601241998613935 0.0813938705912749 0.02959229835006372 0.0021124788367731114
33 0.06698195650793697 0.045648968650145776 0.05457106928537648 0.05917148587780435 0.07695950395257199 0.059181654125286934 0.07743019544015367 0.060037578988957084 0.03196165035576515 0.04624639035808825 0.024250742346446964 0.06430135937836774 0.045023231342677245 0.01478614550992858 0.04123358105303358 0.050484467510729436 0.03797492988449637 0.0638543504382619 0.04051988885759848 0.03938085013637303
34 0.08197936931620714 0.028554380141781254 0.07239871420119454 0.07199095491260309 0.06543317750459807 0.07893023263084152 0.000633998583532393 0.08311406955837722 0.0143609865635008 0.06386798084355075 0.08657242210066163 0.04967281127898212 0.018143174686928294 0.07957200674621595 0.04691101570077148 0.07562521346047353 0.03698644895939651 0.021369473125347847 0.01337396105987382 0.01050960862516219
35 0.06990519172137222 0.08377036776885655 0.08133386409964358 0.0916096952963201 0.05554401440650366 0.008998295316029472 0.09364036604553343 0.008645475540662816 0.03203402704513619 0.07544400006551918 0.08485970609617587 0.048968821080828305 0.005777075888692966 0.02182858110070288 0.04018571617046325 0.06941116758311863 0.07340344402631328 0.014288807361164594 0.002874901376049913 0.037476482010913276
36 0.015599317331868166 0.07887250889076278 0.05046542565207981 0.08421262595798722 0.05631449684296788 0.040868551595922474 0.00395971349005053 0.04148930677786871 0.04073671357510266 0.04336703502566467 0.050404180060468866 0.002193513860050691 0.014824294196304464 0.038167440489568515 0.03667577852778331 0.09642417029905145 0.0888722098614706 0.05879443751494733 0.07412289683504873 0.08363538321503106
37 0.06583889519616139 0.0859515940630476 0.08572109113804789 0.011783296411138561 0.00446308108992895 0.07751890959831705 0.014337649729763697 0.01801545941577238 0.08779913966231212 0.010307012896981398 0.00021236069512203294 0.040322651055268256 0.06594342707271472 0.046930811941730634 0.07407176311087506 0.04743235529618215 0.036076834887573885 0.08634879147503438 0.06956225234194044 0.07136262292208737
38 0.00022528369885187576 0.1353371220701309 0.008552036099246638 0.12790226972670304 0.0675876612847846 0.02835987366569853 0.029940625252757237 0.1029017229260567 0.053519044511950206 0.053332029244284956 0.06597995904045559 0.02716353189760303 0.09161536977714611 0.036011812123758515 0.10312355784401657 0.055141296043613286 0.006434694988663654 0.00034954269292104573 0.0008157128609879784 0.005706854250369356
39 0.04144734769660064 0.07442409092374433 0.031041385578239548 0.06880504600202199 0.08381787692519059 0.0590998517277444 0.04842898603201119 0.02659979053600132 0.018954811598207156 0.020146731866892774 0.054747937717660476 0.07400153222094304 0.0744849517755188 0.014288932078221508 0.0075619632180051475 0.06283737987145606 0.08442675913755396 0.061135555064614 0.02299406056966103 0.07075500945971204
40 0.06865756244741658 0.04041239461369179 0.04686288600092833 0.05940848693621439 0.023223324169793735 0.06444606802295923 0.05977989145969893 0.05694276393887723 0.05116046356931 0.026934747456642292 0.08512232289125979 0.03045862373375727 0.0407554768681111 0.0586087193019331 0.005816399552095213 0.0899808923157243 0.016410928137044867 0.01430726365098412 0.07170437856657631 0.08900640636698144
41 0.07275718934376287 0.057292723826999875 0.05842360555871336 0.07924422317289324 0.003651196019401642 0.06775229194773712 0.006187634782435215 0.0017346743313971873 0.0032836682783149787 0.05917133071648967 0.024576150883898192 0.05358909030421775 0.050145557859878495 0.07917375208499934 0.10269517340866603 0.00819518185933223 0.10795535942402519 0.039402823021041825 0.032654023981403435 0.09211434919439257
42 0.018570330795660502 0.087248753231757 0.0877572638155052 0.036716291741507326 0.06580210353326517 0.02437828935502392 0.06196166021294444 0.02311956860025968 0.03923885519620903 0.022078255282296885 0.08349986134419488 0.05858402632535723 0.06310044409554678 0.027413402313966443 0.04616669174323208 0.013997111527994306 0.03447521528104051 0.08312502723642981 0.08927781386022299 0.03348903450758577
43 0.051967240600705435 0.03928490669344168 0.034207351310196595 0.07007070825448371 0.06797411928624501 0.06839600127196287 0.06519945095090188 0.03691143609998456 0.012852353749119002 0.10522611209105222 0.07622508945840226 0.027182207171275147 0.04211366790598592 0.035280503509140186 0.06451911589326165 0.02680652648027834 0.003714345450023296 0.012208292915628036 0.09661383391826842 0.06324673698964405
44 0.08749927653227739 0.014267265172756187 0.07507032804871193 0.08112406769374929 0.04103879216044806 0.015228665959689911 0.04036935741838173 0.04602059838223321 0.059364101185160036 0.07790218784943274 0.060309316294365194 0.014649093950346843 0.06631509971017231 0.002429307649919941 0.08204522309905804 0.004868167927599591 0.08770955242589379 0.037552781303615626 0.07014406079755835 0.036092756438630115
45 0.06278864385042467 0.07619174187471711 0.0140918137700297 0.07431509607322488 0.06272217564841938 0.06910246011856168 0.08335353228625444 0.034155223142764375 0.051844306717169095 0.006188708807192487 0.026477310305493468 0.08334589470783484 0.06567420823160007 0.015895107022721514 0.038948459500765246 0.03141912132093187 0.08035683338904863 0.04269615283466652 0.004999101289173872 0.07543410910900614
46 0.020036410184577007 0.014650103951040655 0.07407756112032776 0.06051675799782959 0.04238822380575153 0.04112122745874893 0.060857714206399065 0.07778480595687742 0.049392820675495 0.05144967182911829 0.08172861731652413 0.033299174950041956 0.027679861825633038 0.06242069552426053 0.03932532262683992 0.02762170932903906 0.05635695435432513 0.06527954626202005 0.026624062316122233 0.08738875830902855
47 0.0008753029566332371 0.04882323563950201 0.0849072856337923 0.04269677967729209 0.08753981405854212 0.04248869140723476 0.0704554314642024 0.025024562845472206 0.06591890184958271 0.0308081937628821 0.04812737178768628 0.027671080150506865 0.006498116115156254 0.08400270466402261 0.03172048421655937 0.03290412391931671 0.07221992070870685 0.08498071471012361 0.03230728440539059 0.08003000002739497
48 0.040252651956506194 0.03438150361126326 0.005818296387139884 0.0017219940169063493 0.018541517689555444 0.038816695039081285 0.029869578127749867 0.047195574107148114 0.06698377447904842 0.08408541641670157 0.056050892837825744 0.09224877754306562 0.07490860757490714 0.030463902086956634 0.04002299552832874 0.07943255420213499 0.03234588126652151 0.07950412002640209 0.06491702524798067 0.08243824185477626
49 0.0914208665812948 0.0061353826381421875 0.006316742710718022 0.023307369237465167 0.011170489583823497 0.084089152252529 0.07644489948248355 0.02761648916904128 0.10701280033311938 0.024402384831909252 0.007790701348330501 0.10645087257466704 0.023912437048653222 0.09572327959528036 0.1039990254696611 0.08655430104978129 0.04721387640511068 0.041387469524680094 0.003842899201143891 0.025208560962165838
50 0.043747598197865833 0.006370825228578646 0.04895561796825176 0.023989913046522558 0.09234670802713907 0.09789600621804685 0.036282905452419176 0.08429414991764043 0.021132066911460433 0.05819894884554802 0.008019429893135567 0.07365805229155183 0.014528607419678362 0.088953304627585 0.061486539122686916 0.0599935633710357 0.024375355680947907 0.04040178007130353 0.02079716407121692 0.09457146363738553
51 0.039695810764469666 0.008334464348217909 0.014219190322361411 0.08049584088777971 0.07340356333991896 0.03916677084825454 0.07748379076534632 0.05605040470062639 0.07033340906309717 0.020101116733150813 0.0767660575543705 0.08042840492382414 0.020618821441151795 0.013765754795510819 0.028200411603203013 0.06336321906459105 0.061030776038863435 0.04051812853954919 0.08317096356271807 0.052853100702994954
52 0.02808556290796257 0.026197172422416933 0.03457603398284974 0.0628816145517694 0.08641191301227952 0.03579402891997171 0.024240250891128207 0.08235572814045823 0.04596351640958553 0.08300481037179429 0.09257071480572551 0.01556966589702289 0.04077720702304747 0.09683441988227057 0.03331124167300891 0.08301417330334385 0.0060361298639551135 0.09238209414648287 0.01973160350896129 0.010262118285965474
53 0.07192228813359364 0.006750526084822892 0.0012588112378205095 0.09031885366355613 0.05979217628576387 0.08654400516709154 0.009982190868617088 0.08274933434080722 0.05638450149301534 0.07858261861760236 0.006537709669620922 0.09381369075982329 0.03362824705586862 0.07408398176453636 0.023838904857339804 0.028621365214257878 0.07500963679217909 0.04403920910103837 0.06437987754936854 0.011762071343276604
54 0.09139247289355058 0.06036503995363134 0.07847577133613855 0.07910218562811813 0.058678022810481345 0.07622184412958506 0.01658225334566539 0.059379136017418364 0.001256219001069974 0.07075470153979502 0.04403118637280985 0.0617628845509441 0.08159177590888123 0.015419003610907788 0.07593276909143296 0.05554122352610926 0.004502119314442714 0.027593676005308262 0.03244216124598423 0.008975553717725928
55 0.05624585991633357 0.07023026424105386 0.06000518157168224 0.035123137244612045 0.0286446486359827 0.02635611253562221 0.012782590397239285 0.06628282784321027 0.04261437129003048 0.062343064951723606 0.06911133829713309 0.06979331663716 0.05737419958150113 0.05653933506859645 0.0649029290316389 0.03156642847010905 0.05684704785681919 0.04379563838594495 0.027562357532666518 0.06187935051094037
56 0.03658561145302216 0.046788634902213196 0.0467083414253844 0.07871352711680765 0.021807927070533792 0.008405783610944321 0.07672064336887921 0.04205879918801916 0.02809642085006371 0.032680516913685106 0.08040584841718307 0.0735007554141314 0.07166843994932023 0.032437260545069166 0.07477277606280082 0.07388749252272586 0.057839271771112345 0.04708008370578534 0.059267924088202514 0.010573941624116652
57 0.061885458638963484 0.03190603946593613 0.04812361899461799 0.025149546121564927 0.050457892635448115 0.04650335400209482 0.010044029833428308 0.005158723844776262 0.07758434417568899 0.042136220597764305 0.07765449346228841 0.08783259801996558 0.017548378392783386 0.051309624998870804 0.034998573727941566 0.08490539319106338 0.04819472478402647 0.06688838188466667 0.05265930782325235 0.07905929540485795
58 0.0858397842170654 0.09492695796245598 0.09931580880429226 0.022894329674892435 0.030873815934122074 0.029547859870251228 0.08463744017638687 0.029261668659698713 0.0337506151705766 0.007375117597666165 0.009220805548076765 0.08871162134047658 0.09210675266985628 0.008857300598183683 0.07550425580141139 0.028245020925996473 0.08055023764828607 0.0009642810278447789 0.05006976208524834 0.04734656428721199
59 0.057779601345313535 0.09873826341946412 0.01969718967287528 0.01559348001270623 0.03673909491063366 0.00027648505266087515 0.06130792694868932 0.055113963783120994 0.017303642536498066 0.08805109252020842 0.059291128999644414 0.010505816309385043 0.07061166939911985 0.05189323491264756 0.07778831577925716 0.10038630786513557 0.06056429753573616 0.012195403503844078 0.0777594242427989 0.028403661250260642
60 0.015787338052535342 0.09672376597435463 0.10235074421147584 0.11233857426019224 0.04473815479307759 0.08236683188073231 0.03833685428351421 0.0218056986044541 0.000635401634069909 0.05889524599944103 0.0035214331795355223 0.07883929898651701 0.04141312832756576 0.06928370201813512 0.08536881314822065 0.007502306372491735 0.0444847470423052 0.023354049722686527 0.012525124389751452 0.05972878711894382
61 0.06657441393537947 0.07172737464877428 0.018420867716580316 0.004747485266235388 0.07149756085185978 0.06729327721096105 0.03679861186385169 0.04519437821519295 0.055487981550193195 0.07187434470388616 0.04159621407402887 0.06268620878973158 0.06678495062372068 0.06710297190829444 0.036952830445543615 0.03071808075053684 0.07038139647393474 0.0322202844899348 0.059921701312347364 0.022019065169012943
62 0.019471340362211306 0.013843277176227364 0.02986631162768179 0.020646526037648102 0.07338083201377411 0.05549767508964331 0.03380336408847627 0.033710248439202686 0.08504635950257483 0.06092539869543566 0.041657173775416244 0.03053762878704219 0.08472885014953782 0.05042836589276897 0.03386938569068004 0.1123739569726483 0.03878312742919652 0.0574838730186077 0.03432041802773409 0.08962588722349267
63 0.06373297735556091 0.023569602843874757 0.09002213047595589 0.08334430042386479 0.014593810203236897 0.03850670626937968 0.028822861912010195 0.08569662528301164 0.07058370834016718 0.03754446788739418 0.06630480628249694 0.0361643265386585 0.002656345371415812 0.05043028182083434 0.0016640398787338734 0.09387195164612308 0.01823707868350327 0.03774613522403521 0.08497269160408202 0.07153515195566092
64 0.07401252813744588 0.012826058266382494 0.04627558720780672 0.015411706031403778 0.009724983034794066 0.061285158638528694 0.02436809975187903 0.06825249715432766 0.07421384429565189 0.048744834002863065 0.0263993403342919 0.038981842208496036 0.08187005154573646 0.07848795536009279 0.09351785504269244 0.022231700456926864 0.04332833190050344 0.05216970034953793 0.04818822211898649 0.07970970416165216
65 0.0665129216424242 0.07409525110925252 0.09016355156550769 0.05548052477264905 0.0675965636396509 0.06622753386432517 0.06487962878328207 0.01334738267674029 0.05353433812776161 0.005327423100555526 0.02432133365746172 0.08013840942556615 0.05019515712432258 0.009280402274681711 0.012787495177203331 0.04929443579722048 0.04842899732435729 0.025251182396413708 0.057015676761818505 0.08612179077880562
66 0.10194281394972536 0.09437946380156051 0.0815993521149721 0.05948908403600528 0.06572382371253631 0.0034817097174511067 0.028273613782116475 0.029652405364622852 0.0474971986495498 0.028824262365596043 0.031460646833561146 0.09627099051284474 0.10483557449546234 0.04811756692135457 0.01884715812304441 0.03828644853987566 0.02037767200229249 0.04273783040994735 0.015283721213069144 0.04291866345441241
67 0.07900621583765803 0.04331504386127111 0.006142928724690196 0.03278858919667632 0.08829724662351184 0.06656703782757556 0.02281391974671565 0.07064889859839187 0.0680043671401221 0.05770916471180634 0.026331895671137712 0.07909752624982275 0.03198973391360426 0.07640061934866578 0.045725737363564285 0.05883369482761422 0.0804372957798797 0.061473986053210486 0.002940478202665214 0.001475620321416705
68 0.07368063708451718 0.07250269324786772 0.027798967682330818 0.05567487145339922 0.025089431464150335 0.054059372190081736 0.03278788697593308 0.027341413704780663 0.02314028333090346 0.07566608764040375 0.06359451935162666 0.01926077443083959 0.07070065409175558 0.0420658968609802 0.01964529335423468 0.06527409476068291 0.08555399686242297 0.05295653741154537 0.05351669883525733 0.059689889266286725
69 0.014305842367618546 0.04844472935000769 0.04660806473227241 0.08522397251174758 0.005488752057294503 0.07672514492519347 0.055542802086637776 0.030251580451869688 0.019498265319410422 0.01665879404223641 0.08597411803983762 0.061628512778279354 0.07714026189268326 0.03054209614834736 0.05401880436071897 0.06590760140557266 0.028525438831546433 0.08231491893977982 0.08559535175164816 0.029604948007298036
70 0.0065889394968599415 0.09268251339012064 0.09564730654240762 0.04961233569670842 0.049301080949747375 0.06497356551262874 0.04814899596690097 0.05562365104174192 0.01830395657963025 0.061490176549230696 0.03455198837028153 0.022383316627258194 0.013949736302283721 0.09027595247964172 0.04635195212288373 0.014385796972222108 0.08774665646116771 0.006443397025607395 0.05350125306393454 0.08803742884874267
71 0.0684706729941466 0.0728968662668792 0.04481888821877102 0.10811885368960086 0.08888886639975742 0.04618018701827009 0.0037476822751008536 0.025550567568969614 0.015178962920323674 0.027776896206436023 0.0067705816992659675 0.02485817394832577 0.09638055503514545 0.0003300746491502303 0.04909703288476921 0.046103639257772284 0.023419811142455043 0.08296535499199652 0.08643762873564323 0.082008704097221
72 0.03657940283885647 0.010630580963818895 0.03490582982111232 0.05864515629254387 0.07294651140693502 0.10504082467624876 0.06413499521530769 0.058774781612127715 0.010662788150205695 0.032325624048273736 0.0040456925437052935 0.12057934054888773 0.08497554578622538 0.015821077959479093 0.08081505775926633 0.00527716262780874 0.053564540395575455 0.06017551749998995 0.05697870935277427 0.03312086050085757
73 0.08586943849200863 0.04019207022631809 0.023542473235953338 0.04731115831444872 0.08438039158637192 0.03333025533426589 0.03273533740131554 0.009746859772310431 0.07357268535975996 0.003948143060567345 0.056986926335440995 0.04959317259004765 0.0855687823623766 0.06335904423418304 0.017195743066729576 0.06022480150181354 0.0562521381331615 0.04278883621252302 0.08137619033863093 0.05202555244177328
74 0.06764747549483643 0.06849929570313702 0.010480118943542994 0.06059507646159946 0.04806860681585613 0.026483733360662322 0.006544316689887536 0.050148845023086364 0.02564738156121318 0.07677927068288241 0.007790439516203787 0.017664632113828797 0.0803172852695881 0.08151964979603298 0.05480435921220192 0.03540460199549611 0.07930414967808469 0.08253098432576528 0.04758496820266803 0.07218480915342668
75 0.08399950085513107 0.01998952586720273 0.0020436485714720857 0.06185793457483104 0.04409812374664886 0.08158258988638936 0.03499734680241826 0.062248285663832954 0.07747575654271127 0.010711583981136754 0.038864672492430336 0.056593793034263 0.07859734957273562 0.06621242070893354 0.045171701271693745 0.0021670171678476935 0.05402140693643756 0.07333714511010199 0.06734818291014556 0.038682014303636734
76 0.05743626076352334 0.06370197817007188 0.027397328331700797 0.11105771374809152 0.026446562941403406 0.10268064989693565 0.062108491375535355 0.06301231290888165 0.021436709749551024 0.0320371663568265 0.03493456497326834 0.01077967173335145 0.06427622713879359 0.06732585985292087 0.031680480095325474 0.0736365729886917 0.07305037001382439 0.03590704267057146 0.003284385709343299 0.037809650581388174
77 0.08781074726101133 0.08505495674254392 0.06801256941296817 0.07370880276589481 0.009524314734145589 0.040915672179305945 0.06516066122591174 0.008527010273474425 0.06044533389781039 0.01121807321414256 0.05594016487177933 0.013769214039267013 0.0179569885730366 0.07209504869503124 0.08290097026069906 0.07470901238091711 0.036868885499143786 0.04580461841581467 0.03591052728631778 0.05366642827078459
78 0.08712670698833122 0.09433370814456651 0.0755769330818228 0.02448393712207005 0.04862247879334723 0.018025837445336472 0.0820134798893341 0.07667794668709582 0.03136260853771043 0.04099867712650509 0.07684703420111304 0.0009861024035977177 0.04835413629854679 0.031802083153977166 0.005616961802424482 0.02912173106034888 0.06018769987274885 0.07083628705662988 0.07699097875195622 0.020034671582537328
79 0.00712490438480239 0.027426092434829942 0.05178107048194002 0.03511598840507316 0.018657625097249473 0.06868815261836905 0.08971480732338252 0.08400074517283229 0.023739872862623555 0.07014276393464954 0.025652189889337186 0.006421311935323643 0.05227511716952848 0.08997004914151858 0.08409696789303943 0.040995444408904826 0.08582692352554668 0.027927187579185938 0.06234094398792271 0.04810184175394049
80 0.0025747626507073205 0.02866202305034446 0.07290116802871824 0.06996517837769811 0.04423761741260765 0.09216633800214967 0.019538011762267188 0.04521614269282504 0.013409315365009758 0.027727259248127026 0.09312431757384267 0.050388737874018506 0.08725141032601379 0.01661815331882041 0.05087106607647102 0.07241941466438653 0.09027494201133245 0.0041057577088387184 0.07918963270739111 0.03935875114843036
81 0.03631925771604391 0.04024506824078384 0.07745387264852328 0.07863905492694129 0.025979294914780227 0.10642803867868558 0.0182794636289974 0.11144243304627724 0.12340792351829276 0.027278944189531758 0.026250167368664985 0.0067570645820609785 0.018285555634807615 0.09464076033385184 0.028732708443144933 0.011265193164709886 0.007661309822093704 0.016090723873029417 0.08943612070178644 0.05540704456699287
82 0.0008998486169241811 0.03328105540662931 0.01923946794455006 0.06575264248902817 0.035080287074214206 0.0925020611382456 0.050986399939709576 0.037049098233931606 0.08567991548041669 0.04578633860123668 0.07005329147940942 0.057970841975778314 0.06929840594495694 0.0358043207723759 0.020195457092998158 0.03613222129935022 0.0027611266893995405 0.1009988819121414 0.10655456624569921 0.033973771663004776
83 0.011440438903817797 0.0400346526670214 0.06896414296429561 0.02032830561813629 0.08823550626321425 0.03063398154249353 0.030389503561758735 0.09208433558689823 0.02888802407094427 0.08398725120040514 0.037918735196748356 0.0964387094002384 0.007406013258152276 0.0007612337765025265 0.09366975485842056 0.0340894857620772 0.0018953673177243358 0.09612547894229362 0.059296614718327124 0.07741246439053033
84 0.041713083585212904 0.0011412843026335103 0.008508084632627458 0.024771893620651193 0.03936162929500845 0.07975874749522927 0.0559747114561569 0.06376752894636284 0.06445646317121066 0.01783257982984472 0.09136981466472376 0.09036858176995664 0.10011208776892627 0.07027206581371145 0.013749646979222537 0.10618095130589805 0.07455998376656783 0.04253896898975499 0.00364691069574256 0.00991498191055785
85 0.022642791830457695 0.03370355616392674 0.036783089542931226 0.07729374469927233 0.03064025999520882 0.06802667979716837 0.08073251421931997 0.04466970721313613 0.08256786467169 0.04089875524204135 0.0071296255954947626 0.03765174601819563 0.049777005654061686 0.016975340488133126 0.06665962992001477 0.07036076559880992 0.06431477606092352 0.03917001593992282 0.05311077845709472 0.07689135289219659
86 0.007998594198383394 0.05283048631859027 0.08789354921651418 0.012900289044472176 0.0902231540863354 0.000467076298778343 0.04839286516118091 0.08874575292495658 0.08101718188956737 0.000767736714115083 0.017363044623193727 0.0632691970338781 0.06869901274952757 0.0002579853551443871 0.08036121529506567 0.09223664489854919 0.05017515787592765 0.08897838987363614 0.031107596852035894 0.03631506959014805
87 0.004219280343114226 0.0947354006042453 0.09209045359520251 0.02510891399179644 0.10771489540898732 0.01007872966259037 0.022930038485038037 0.025301695552898483 0.037826518553349016 0.045117555348466426 0.027543579496298057 0.051864951519821005 0.0627964447361998 0.038529428959205435 0.07486461094730404 0.06732879535130812 0.048040272598029614 0.016661341407516336 0.08011858898502841 0.06712850445360131
88 0.004113039671340457 0.016072267643956997 0.0003517587786787274 0.011084623395251963 0.08912976168698036 0.047332876237439016 0.054893610422976934 0.08091441970797118 0.05234584990507048 0.016483891231761475 0.0031123062025807096 0.07974187780357757 0.08656908115322114 0.08866617711443056 0.022122143335937726 0.026364767814741803 0.09067162179417668 0.09172941947817487 0.058158420396259035 0.08014208622547259
89 0.07051140602658842 0.04432090866626909 0.0765997589986981 0.051794546406555786 0.023922857410790678 0.07749708931833588 0.055960097243319476 0.05327812966453753 0.00634069094101705 0.03712392337557622 0.08164248109290019 0.004124836445927434 0.06757218188344792 0.050921159182626734 0.032099298782458645 0.0599323877430782 0.051215701429396424 0.027528980931047678 0.06591997554384478 0.06169358891358357
90 0.059907982380748924 0.08588769404380216 0.041900248184662314 0.07140142270442897 0.042563098686883724 0.07674336875467859 0.003398212343084259 0.02871459054585189 0.005755299084853813 0.06465349657203893 0.07764891360949892 0.08031572728368837 0.0479152514461183 0.05369960316980698 0.05010519991513509 0.023727596064711785 0.02965536077808215 0.005114653399911944 0.07062902136006913 0.08026325967194375
91 0.021256041099580777 0.024109151613503042 0.010936731610672818 0.0917872738520859 0.07820065174525508 0.013633910257478368 0.0729003341329348 0.03880512033948549 0.06399713319462101 0.005876716263853242 0.09199196233947124 0.042417136350969144 0.034935018614826105 0.10457131190241385 0.09023020226391368 0.07326527420961043 0.002070493153192198 0.052396956967354094 0.05125095320468029 0.0353676268840985
92 0.09135322501552483 0.007655935998874231 0.07200708610118874 0.07550697195013889 0.060067862806359444 0.0651954003664346 0.07946258212800511 0.04756593883231903 0.03344049756012522 0.02714623742762601 0.008628010192767252 0.050996091058744156 0.0948044809669294 0.021421771101621537 0.0198511272240822 0.06544372609322296 0.054075409844058946 0.033757177933473693 0.060522005912607126 0.031098461485896636
93 0.023351578389649203 0.012750580043167942 0.053526642966284586 0.06366962614028966 0.042827401238956404 0.05293785955328144 0.10107502348356871 0.010186538460294358 0.04013890663774621 0.03170321532217729 0.008883705744591816 0.04545171133285134 0.11712255619065169 0.011493426134407228 0.0005001401004547133 0.0677160250408606 0.03334683094604219 0.07732825752353623 0.11005920932711714 0.09593076542407133
94 0.072812189762241 0.004513983612342631 0.023284080770113517 0.0750477543605387 0.06514833833302183 0.08486023258768861 0.0230432496011738 0.07027028153137241 0.057326363399574524 0.005260106002183118 0.05453223839491908 0.04339121020761796 0.02514974283951576 0.027437274049090982 0.047233892054416686 0.074943305214514 0.06867266924909547 0.0538350867687168 0.05391297308642514 0.06932502817543806
95 0.06366927396064 0.0869897344856267 0.0035864413048209177 0.026772126447724955 0.06888449768327336 0.08319985014648418 0.05910996348843225 0.08401002514122946 0.0550171207693563 0.0259313787658866 0.05411455642565852 0.04934126861898729 0.03127713079101022 0.05637036506531048 0.00040712528277665435 0.004648808802273357 0.09428630556729409 0.02250550739603095 0.03447333868376266 0.09540518117342091
96 0.03556592597658482 0.08331300664019414 0.03195870705101912 0.0815871960014388 0.04636621292705005 0.025940143045115986 0.03563339262482572 0.004550942462796953 0.01803440483144154 0.10186911299582109 0.01947709290669532 0.05519093906197221 0.10243349130800868 0.09900731262617102 0.08249341378910417 0.04607734497835181 0.058277478152295094 0.05392373124102293 0.005446551202194112 0.012853600177896269
