0 0.10189590506903723 0.08901945701670885 0.06817217402070344 0.03344176909679663 0.016953477938513675 0.04361481232559689 0.051257730202248254 0.025040478306660455 0.007372497031966109 0.025022872232121483 0.07097919746206012 0.03971068921590387 0.10620136298637123 0.0016658259030884386 0.09458218660384901 0.004541445813622468 0.0921800573467074 0.03262539242553519 0.08531088026648694 0.01041178873602249
1 0.08473182611390569 0.08563895442626733 0.0470540218627532 0.049791894933738604 0.022946018018614657 0.05957609594541076 0.033472907138446424 0.0016028065058593705 0.017320702230682297 0.044780009519871516 0.08632698937640716 0.07422681108057268 0.06480324242296166 0.03730668852613444 0.05712042030239263 0.01747766983481502 0.07643209700364834 0.08227391771474371 0.04830892983375423 0.008807997209020566
2 0.11024922890874883 0.01961514714581572 0.008551049586847593 0.019074097072018615 0.03427253824462274 0.10319535506589385 0.017933321089650827 0.05178925704823651 0.11071566688513104 0.06244268338084305 0.045529405126272765 0.03418110395034561 0.1134531891469799 0.11393886564324412 0.03017862335833507 0.03161039605141789 0.04890143528263968 0.019476772414272484 0.021627030246308656 0.003264834352374694
3 0.044683259440150995 0.08237587728799946 0.05929587475463852 0.02031802036879167 0.022246273021318548 0.01020673988269519 0.12227426028250608 0.009444534955343618 0.11367096528399691 0.05521860081821947 0.02690256561839661 0.10725130836949748 0.02326382518059367 0.0014725626025719307 0.03754269468602557 0.03598277440681298 0.11449512939809249 0.05429604052511016 0.036773974108400546 0.022284719008838084
4 0.01013568797706759 0.020592270226841805 0.001028953297479892 0.012089229631657714 0.0035194107220076036 0.04928732049311019 0.030266701681744262 0.11184130931378913 0.10291071351425031 0.05170890323397025 0.03704236556021677 0.06974431690015918 0.0494361472261267 0.052294808792320374 0.06900803964512592 0.06483868669236292 0.03133887393396639 0.03076712439635997 0.08640357460619355 0.11574556215524942
5 0.1202591603035684 0.04828815524178017 0.025969725378995105 0.11209612647054112 0.015145819542829637 0.04037064138814985 0.02099126368279628 0.07089852691882984 0.008355400885186222 0.013528394575449734 0.01659869925851073 0.1255564141250973 0.00627241578243335 0.04228532984599018 0.028001333718917453 0.0994303787854645 0.04090127507832648 0.0031424944600117947 0.1102267038651666 0.051681740691955205
6 0.017104085700808572 0.0848782468281894 0.08216644840515525 0.0874922963623486 0.07095027381433786 0.06447526695160012 0.054713267162042875 0.03885348210324582 0.03390418014503606 0.04739604471165182 0.07822373706729603 0.028211653325776832 0.07703192174587 0.05732134852073697 0.0015251461795291327 0.05199472683694766 0.07339573474601883 0.0011156976399825443 0.027072776345190983 0.022173665408234417
7 0.007571326609483802 0.00823457122445482 0.07600823231894614 0.07521462722886338 0.048142572357264116 0.08833786505314596 0.07686283485469339 0.047848433821253526 0.019103020731949798 0.019417636959572677 0.08541469528042024 0.09761732164263015 0.057131056597295234 0.03026066603166015 0.0769682839069684 0.015539509785032657 0.05927223926592316 0.04433765721599735 0.009545703484344102 0.057171745630100926
8 0.06551799261717602 0.10434651903426269 0.026183334698918106 0.061204278158684594 0.002227687132147344 0.08313434913430041 0.0298221566361112 0.05414963643415154 0.01929669039054214 0.05678061709558692 0.02510444561192366 0.0560024685285568 0.042685109647630115 0.01271102670720943 0.07530988015640293 0.014925718709371405 0.09902443045808455 0.07388874672881869 0.06267063736367744 0.03501427475644425
9 0.00938751787901231 0.048063218595311166 0.0276516874283247 0.01804776733066295 0.0826571749706984 0.011520703391494096 0.010704612865103538 0.011752266844053831 0.10082224658783442 0.07855977124021814 0.0710862981420949 0.09500159713548628 0.0545030458894977 0.08727252380025309 0.02549363904096653 0.09495168902185223 0.0977600601106437 0.009040363611236524 0.04797610729877257 0.01774770881648299
10 0.022650373622804927 0.05447633358379839 0.0859435036557843 0.08447880014781639 0.07956693432061483 0.0894488434278516 0.024932405165948576 0.023004648309696635 0.07093887516933205 0.03423138292713167 0.0623667710866959 0.03764626454921918 0.056237279629860915 0.01570117602687448 0.0010339109449264776 0.06320284375843888 0.08115223463104844 0.041233909412772704 0.058934843569136704 0.01281866606024662
11 0.006489586667357746 0.1026254720564256 0.08711373735122234 0.009160532945832021 0.07360885218077802 0.07546878249552076 0.04963153295814846 0.061645594602746545 0.029366308911439782 0.0067672531574189294 0.07099344182108788 0.012618481882919958 0.10454102350277733 0.00974604811633214 0.005203493423600714 0.08187970374891473 0.011809441118539253 0.0767716686716203 0.018933996793222076 0.10562504759409556
12 0.025627995673756895 0.05378412542123592 0.00981872511085415 0.05739777665362296 0.06571027168506334 0.039542586318852976 0.03803689048358933 0.0717791528479056 0.005251935972139634 0.048243021385935995 0.03873082321305264 0.08787601903228993 0.0025269645555067786 0.0647549550467939 0.0850917942978737 0.06802792438263276 0.06832751655562533 0.05741058112577481 0.04498486283988629 0.06707607739760708
13 0.07772568704103716 0.06614660341146433 0.06771723408978231 0.059288779894803814 0.03947854596133168 0.061227967242903955 0.007704317275402795 0.042447212480042594 0.0010063206587277215 0.037781722568838924 0.020792254575875094 0.0662618847016149 0.08125980101097012 0.05232275925174743 0.10707407739068843 0.05742914146676066 0.0812855008779208 0.010401354629149484 0.030683873932562663 0.03196496153837503
14 0.033035039223717096 0.07151850809902216 0.03894777961329475 0.03530742637636574 0.03950375686816771 0.01617238812363964 0.08153269066694531 0.041645142306305706 0.08260810631048315 0.08906065542389452 0.013297322243820056 0.06657480513560281 0.07000695659723118 0.010709761878679079 0.07901716950407824 0.03088349467797569 0.07399048982375123 0.005926290833686489 0.037813918938890044 0.08244829735444945
15 0.02766468570230097 0.06288545856379946 0.06757571795102736 0.014893496192459497 0.07928670559788195 0.059038727902855706 0.01875445550043799 0.0673275498207814 0.06339547021474683 0.013669577632406076 0.08026802360936018 0.007855146092167207 0.046386135131363186 0.08135406411022057 0.02907815479405261 0.04265337259712994 0.073532720866321 0.029372042823093313 0.0752712610735625 0.059737233824032274
16 0.01757197711238302 0.058651609118417936 0.0356364755528487 0.06376527305706386 0.023433142816254655 0.0550393742756077 0.055788022266637836 0.07460235666851377 0.019939479981690916 0.07967384566273504 0.02765693603093338 0.044649141378596276 0.06680996232109554 0.04205760850267488 0.09165661370369933 0.019229702249193875 0.027057275202168517 0.05679398947463939 0.07197270753142829 0.06801450709341707
17 0.11026213250510615 0.02074285476242 0.026787188064386295 0.06778513962936393 0.01440802987945548 0.10790668804869467 0.0016739458745330881 0.03571293389807037 0.1123607748488144 0.013333967278055081 0.017940072031245705 0.08033988372117835 0.04169893076777932 0.11532586388185255 0.029388351605120124 0.023412242748920835 0.055281960831842954 0.05762003252110221 0.044323866611726166 0.023695140490332084
18 0.00712789861526219 0.00462070191699198 0.0714970078992659 0.0006287515542226797 0.0814318547411816 0.015848876396776304 0.07702624347717643 0.03360855400490509 0.04426633602976922 0.06453931903731917 0.0522465758835356 0.039361565941528946 0.0496361138673207 0.05923079279610128 0.05301547508869972 0.052276190457742955 0.06848946808852421 0.08260881300029024 0.06474840301964585 0.0777910581837401
19 0.08615428853495735 0.0814044660241692 0.05906807701946234 0.0020966767053605517 0.05520964258161507 0.0037287326181330033 0.05105422714186028 0.03655691419209673 0.03874314454980235 0.03364276695762342 0.15765352185971118 0.05644693750758957 0.020493243466760083 0.03820306047387164 0.03367674629737762 0.03322159245077715 0.09273214201985559 0.009777421921780752 0.05590809312419623 0.05422830455299995
20 0.06437786729538578 0.03611945125217548 0.005522634587486006 0.023796487848616238 0.07181710360962505 0.04089174290687689 0.06519098040967462 0.08591409268949368 0.039533171842273854 0.06628113760182655 0.07691205607436341 0.036132238918437164 0.0841448220142403 0.06453513331079673 0.07263462108841348 0.00035515324503098344 0.03265721983581739 0.05513840804888781 0.06779619573629267 0.010249481684285997
21 0.05778786764342673 0.0758699988577077 0.0779087018470437 0.04464006506142462 0.051802085008467 0.06812362119294706 0.08444944125643339 0.0761966213429292 0.018630541299843668 0.0706919311622571 0.07849819009412395 0.01883977261552161 0.042398259439240846 0.0349821470085981 0.01442833428599798 0.07814354244434979 0.05030563457323157 0.030029906370658423 0.017667268411153687 0.008606070084643877
22 0.027933108345820537 0.07618499726666238 0.009279521513034475 0.07661563060280491 0.07889724046111592 0.038004928506740684 0.08948563542738716 0.04038922947707101 0.07615107936679978 0.04553344839839618 0.0811081793440896 0.0036484148478194765 0.011887261367980089 0.017105285470912373 0.011272985396141627 0.07243064236265896 0.062089800137282505 0.06987822391659239 0.09357085881382236 0.01853352897686758
23 0.04120950871142804 0.026783405326007675 0.0056555635965951905 0.04581935939721945 0.0961031223552638 0.044332696601454384 0.03373451292237038 0.013971729869812113 0.06552745603056845 0.07516981809602241 0.05334403538753419 0.019968049876106914 0.06735379877989234 0.09540062437480583 0.012660847556634582 0.07241765233399858 0.09543176874107717 0.013418168309197101 0.024200715008509645 0.09749716672550182
24 0.04499516702218728 0.0636266144223061 0.08867457686493307 0.0656172910553216 0.03603920307994494 0.001849911260428229 0.06839501601971826 0.06434746597928594 0.020579386176276204 0.023400356244927697 0.08524515376394441 0.059867580412543926 0.09526255877913707 0.03086697781528534 0.008947825623727349 0.0998241569618705 0.007397358902974079 0.06969968775614663 0.0023017017237511933 0.0630620101352902
25 0.08173445189469516 0.04312565215434629 0.0014516017355031157 0.042288019180340475 0.08486487342850205 0.030302266287773643 0.051053943029440586 0.04625182219173773 0.04748790072254886 0.0788223280264612 0.033072221858356815 0.05994535665959486 0.023370385766108566 0.035265665312130795 0.04949749763306905 0.06528184200584247 0.08676128813593052 0.004349921772759275 0.07626807937348151 0.05880488283137703
26 0.0687301397485525 0.06259068853641464 0.07060644551356576 0.00197183982975638 0.05193181618466309 0.012552555979705832 0.0008101854441794431 0.030433590990104436 0.07276944838349444 0.08401077198370355 0.057055817162754534 0.060093650021923004 0.09365149919601158 0.07537866625135171 0.028188963514659226 0.08440926774509067 0.010600337984282913 0.05670911363372568 0.01218839542307812 0.06531680647298252
27 0.011182777973528964 0.04875808190783744 0.09272370246978774 0.012813727050802201 0.06063606440975069 0.019340424244403923 0.02324285765603705 0.10445795347567102 0.10093775622945891 1.6876481852551053e-05 0.0071943650453392 0.09776397103902036 0.07075247136667558 0.06140551832458561 0.07727589754563041 0.018013947465937104 0.026330642710770392 0.04218752732191653 0.06950443683364549 0.055461000447349064
28 0.01673724043557111 0.07432173977224077 0.059170781925871274 0.043318810393166735 0.09372868764389183 0.005311878899418441 0.08001434980242822 0.06586992911951255 0.05609588620630413 0.017964555169959442 0.03726248128450365 0.02598277986596318 0.05530687451147464 0.08722184971553427 0.08011264885095218 0.003540114952831644 0.0339589520759236 0.02052769486367474 0.08556970794807105 0.057983036562706515
29 0.013567820726560072 0.026479243949953588 0.10038744980504576 0.045324883870597715 0.10429700618889859 0.07084440542443131 0.02092960845320465 0.04063893719543921 0.006940829216004714 0.037765351856232636 0.09057620703160608 0.0019440155153078091 0.029573955109611968 0.10172864631257163 0.10063613363646647 0.00041839023442340027 0.040342413987378006 0.08275112470159358 0.03390029781530752 0.05095327896936534
30 0.0686777557901851 0.022415181123231154 0.05905897849236098 0.06800872336111498 0.014449383393393786 0.06669664546870568 0.004642983163029982 0.06244020478399798 0.09447555866778334 0.0636704250689993 0.0865196523671982 0.050326964005531605 0.03662210428810712 0.029103939520885216 0.060081545641095205 0.040984910366590244 0.026311793988655623 0.0933493425087176 0.0263559349209369 0.025807973079480077
31 0.06112508487182216 0.04030888031402377 0.0750835107211161 0.007190480944256598 0.057411917020401305 0.014016400507118627 0.05425224981879037 0.00419339564833669 0.017149609326666152 0.015107330384651481 0.04797208825278542 0.028779405909694612 0.08533400819260412 0.08071365139844329 0.08191404992764005 0.0885078258326468 0.03643227192746792 0.06600622719571944 0.0693748420897852 0.06912676971602993
32 0.006900520663032109 0.019683625835741465 0.05757518181480889 0.0033064238913014265 0.03050519004526402 0.03691018487974461 0.05426613975022247 0.031736407791475824 0.06262921286372121 0.06601397274999705 0.08417109585117405 0.07500789238714532 0.0495402683523613 0.019512123051098253 0.07543474523486844 0.045261909629141374 0.059506141187087476 0.084249011361413 0.05066639762281376 0.08712355503758804
33 0.03460421559583782 0.05748897540297087 0.06135103415220823 0.061657322880757426 0.06944684265532039 0.07341468961503234 0.041596116316953875 0.05928990314747331 0.02095411229298797 0.04083673023887998 0.06905779786517097 0.05456677131829721 0.054228568496742506 0.0901020252192673 0.036475773011860585 0.03048282824548659 0.013590021798720311 0.07561032717224957 0.013035713994789803 0.042210230578993
34 0.07094741602493149 0.07856314786912497 0.08398974745718057 0.04944268725027742 0.008662761095315007 0.014019971223466722 0.014623725164880471 0.057470215601834115 0.038373680501014786 0.08598464438254932 0.10891444745811292 0.10475564078193758 0.05254153920221406 0.026182715559833484 0.04405916797441746 0.013138366508088098 0.05263192916125904 0.03629734548094059 0.012819625630437393 0.04658122567218466
35 0.041906179262912555 0.03915907322898376 0.07626459509081963 0.031177926449879746 0.04116090855149177 0.0035775294435785583 0.007154144797326639 0.04997974129697491 0.09516812476788473 0.08649513978978159 0.023637158656304322 0.033297249827799434 0.01394560981724087 0.08020567476284926 0.06136262411112562 0.09716333120218255 0.08370527813980388 0.02257677662639623 0.03852948247749835 0.07353345169916577
36 0.09602545680771209 0.03121574431958667 0.031586626801072784 0.10378741115250012 0.02461828300247625 0.0009032388505268591 0.08343540634504024 0.034887387684124145 0.1072904732855789 0.013332139994269044 0.039059103898384656 0.0020008367759593165 0.062156417510390756 0.05656528929451744 0.017091623926835418 0.07261458693924168 0.10623333332039182 0.019972245101977665 0.09477126613561236 0.002453128853801921
37 0.09937732324522952 0.10060779060081002 0.035347540826122535 0.008953009003404719 0.031032406946792948 0.09986541070556326 0.0011487881186218682 0.06555398108426264 0.06547304835815664 0.05865506133849673 0.022485449357064615 0.028042631826956075 0.005171682182439583 0.04154367031029154 0.024789330326433393 0.0033451158743876266 0.047036597157308804 0.08348858546252853 0.0765634564708991 0.10151912080422991
38 0.012475213170883074 0.047950732823798366 0.07503710322846137 0.0874057477764206 0.08619474138539068 0.007853821722162868 0.06803345775404754 0.00884066766128953 0.021902269357685696 0.07439637961631061 0.04870013939823919 0.00023142694280290423 0.049740512434132134 0.07812961979390069 0.08338072340879638 0.07399751724341036 0.040290425601020044 0.09408356828342837 0.0008101905243598904 0.040545741873459655
39 0.00010971301063477199 0.08236524013337564 0.06363466283346857 0.05296403635606467 0.0713883432403892 0.0505325267805752 0.07739214483967603 0.0736754382710912 0.023526926876699578 0.012048048751328528 0.06337349306606664 0.06905031861164392 0.05512844855581575 0.07396575904985067 0.02013592888869565 0.0446248384407596 0.07550306529011193 0.04485591243112036 0.03287553885676341 0.012849615715868727
40 0.04749920030584473 0.011616918196806613 0.037844892279339994 0.03693603444161735 0.0015792426174994821 0.07123471437394291 0.04736034312334051 0.0778531803859652 0.06065652067614175 0.03433153328511244 0.008573951706817864 0.11671020779747342 0.0911474614031377 0.058616869563442434 0.06988454047032049 0.04548623638435512 0.0807258285462287 0.0011081501106310705 0.03841832753862988 0.06241584679335228
41 0.05225672363216076 0.07469889606848863 0.07623075722174001 0.0013991336344727817 0.06271792620173242 0.05986727281227585 0.054898473904518366 0.0665313180584723 0.1083342992111926 0.04600237236243983 0.04040658767187709 0.02937765670211699 0.07352934988345163 0.012551275276507332 0.07122124772488234 0.041601372912019735 0.0038594054853880832 0.028767314301224638 0.08072093312625342 0.015027683808785023
42 0.025488258659709568 0.048615923879490236 0.06210150354988015 0.09242333661415064 0.06411651188297775 0.014446557938065704 0.06398595723609028 0.06659086931071755 0.10273514745565877 0.06660285675694949 0.0019331385368627125 0.08861925201347719 0.002333202085818776 0.04493808957559737 0.03436563734240124 0.06446971022404753 0.0026576291211814354 0.1027957039759594 0.03178721016263119 0.01899350367833291
43 0.015107726274937283 0.02774432733903008 0.026743450293002218 0.021767387713958017 0.09143633745910533 0.029657609208125383 0.015149110322785904 0.08139666959560547 0.01947913631089673 0.05023685011218764 0.07986758336058884 0.10593454760113359 0.07042228945090563 0.04020776037518422 0.09974015048597942 0.07591556558342684 0.008419361501874457 0.028419503361800918 0.05389288382628218 0.058461749823189725
44 0.08836598062276137 0.05444063668012589 0.09759931667651053 0.01210498498111857 0.025570072416255724 0.09447062262183181 0.08082057559755586 0.00839553004823375 0.0613677061719985 0.01835244258151052 0.10016362892322665 0.034489125597157284 0.015441029847705129 0.08722089941014202 0.047331162354382554 0.004353250015845776 0.01615280993273925 0.050984196225956034 0.036815420792187685 0.06556060850275511
45 0.017758658786505552 0.10078585781205762 0.031687202388136 0.03976519800303733 0.0008225258339894062 0.04397440178433477 0.08429106201204804 0.05582372655711636 0.009476171453214857 0.03739355433652323 0.041998162793994126 0.08230746361452797 0.09213798060029472 0.06631273392959257 0.021266721143829104 0.10145645729428228 0.06927375609957927 0.028084285414466195 0.04531342719923818 0.030070652943232558
46 0.045682771552437315 0.07156905473757129 0.006478291935281078 0.10956569212265406 0.03117644838751056 0.0948647604820254 0.0003018979221637295 0.09084668870377814 0.09263036315406199 0.03858862932971643 0.04945858014822067 0.08494361091697503 0.001555797975406942 0.004272730104691325 0.027572013711031 0.11406087508141563 0.02152008172779465 0.042790179429418804 0.04227225278544247 0.029849279792403285
47 0.07016183460179598 0.011162004632967114 0.0037041641279506503 0.07270835867276694 0.042225787113592594 0.05701757505909306 0.05850868815371438 0.020541568898670936 0.06568909381442409 0.05888640988871405 0.031025881508750887 0.05405599701317044 0.10565293346942195 0.006968105612531263 0.04623110034228883 0.020206646254175526 0.017505812476835997 0.08776346224145985 0.09509198212541771 0.07489259399225784
48 0.07619329300224005 0.010319891478487867 0.01998369841763301 0.07416350469329795 0.03078373576470743 0.062092803447805614 0.08521300806357324 0.06956594504532701 0.013822419996865369 0.015431408102214808 0.08514480199355594 0.0037548216801207763 0.03015614133159766 0.04867620245036975 0.07312489777718728 0.06591389091300448 0.041909982152890206 0.03398106652753853 0.0984135868221164 0.061354900339466646
49 0.03314699452608634 0.08813237054305856 0.06186960136395993 0.042154064967768926 0.0863876450944384 0.05979490808357686 0.010990554790668537 0.01553995445141658 0.05922006539924228 0.09395209802574529 0.046079039964391284 0.12082532352213586 0.0044611469495742274 0.0044400469053928835 0.08250599277236607 0.009527039079884565 0.00784228734479507 0.12131728448158442 0.0178409583620877 0.03397262337182587
50 0.00043265333957039374 0.03777217776132682 0.0765956265090381 0.04422469924571225 0.03732565517563288 0.05314191072386648 0.041970801237479254 0.06298648380476007 0.05907533671473 0.015064698549248568 0.0056302120250013 0.08901971098476587 0.05020362900434429 0.07757707322502906 0.03655047565537581 0.04758036770486613 0.0807187229383474 0.028343062804888308 0.07085849712166724 0.08492820547434976
51 0.09529818098350817 0.11277419942711565 0.014068731742355269 0.05088341554517779 0.018130360347158102 0.03215043437295884 0.0151688371462189 0.01326771136595605 0.05939955100734622 0.04079184446407495 0.023908121418243288 0.00909883529241298 0.004768719431216926 0.11289475923945311 0.05720133229312718 0.04572156792776749 0.051242166345155736 0.06145958257538977 0.07229377721120124 0.10947787186416226
52 0.08612762413630495 0.0019082370102283446 0.07469725410686606 0.08162378039970114 0.030137390712126677 0.01837866417991809 0.019252650484139003 0.002821311194844779 0.036123480019729544 0.09405427427438112 0.06585762651446783 0.08217490436737633 0.06302891231040149 0.019833985050630002 0.034311623147180316 0.031223727874001964 0.05414774043278663 0.08450227037036986 0.03916823569113109 0.08062630772341475
53 0.061282899636903095 0.0713146182250769 0.06199508534208737 0.07894585917100864 0.09115814078043491 0.052830244737788946 0.046431359609929154 0.0031531896499040427 0.047808811660947484 0.05631776324021173 0.07580598913791355 0.01614381277173218 0.029717484661225212 0.04712187061437047 0.05460488952644407 0.0739454128162394 0.0017691495095256387 0.03904446940769912 0.029032560724161206 0.061576388776396734
54 0.0673982328711084 0.07634951295300087 0.001123089545297701 0.07866864179131475 0.06785901097033513 0.01923563781731119 0.07504774038578205 0.01336295679059127 0.07795596583714427 0.025389871055719045 0.05893404233561259 0.019353645598258907 0.07202699781976424 0.053371141606448236 0.05924335560557812 0.05050420732657077 0.060251130278147255 0.01468892228604382 0.07930747638264839 0.029928420743323164
55 0.0705389143839151 0.04792318229037971 0.09133344465133814 0.04051422336118311 0.03788714866870597 0.06799477483759554 0.08407280012002594 0.027421082577081077 0.049621649877602536 0.01926251638764568 0.029565090248392704 0.016000385017794713 0.0172207183726296 0.021613501001256027 0.07005427961943975 0.05386219866250164 0.050262266081717445 0.09467984250544638 0.024991389318370236 0.08518059201697867
56 0.010509953520386512 0.0470041000350321 0.018606654436366544 0.0836889435927508 0.0228520470578943 0.0856402094612252 0.039866246801076706 0.10457932946909651 0.09940859338364551 0.03539944916487947 0.08261295653330138 0.047654577325838596 0.054836023818254295 0.00637076727688144 0.1050265455498769 0.00870350110244411 0.03159400164597041 0.02926268010646532 0.03756475379005193 0.04881866592856202
57 0.007164106135595509 0.04054070526448776 0.0503305687149697 0.0761920489073232 0.07775212239598873 0.024599875744960833 0.04996804481817294 0.06816264157514355 0.083313713663769 0.06129729736990147 0.06303887010439437 0.07294366080524199 0.07141708185940954 0.04732980645045535 0.056338771872959464 0.013656375044540207 0.02197244595317031 0.05886464741932192 0.03645359900829057 0.01866361689190363
58 0.04470619768923134 0.0935385644584636 0.02857118006564231 0.009130778886096551 0.029582959831218877 0.07078123424592271 0.06784045173348793 0.07054197866875875 0.06407822175476313 0.11116232027655397 0.08139555288185456 0.0011542247097472314 0.03658821172452038 0.0133137100383879 0.01661392313214724 0.06019327024085794 0.10832807488196004 0.01400016063898145 0.02142906660350206 0.057049917537901944
59 0.07326599259257323 0.07311509135157772 0.025182521753455794 0.08981350310896892 0.0764715215156648 0.05973586067235332 0.0352130341762096 0.048594887791502436 0.04921633193421163 0.0428496209806672 0.034756342620305 0.039902329931778446 0.019959398544596888 0.02457170139211719 0.03482014304436183 0.05738925558884605 0.002336779860141697 0.09139261820208132 0.03437647585887017 0.08703658907971676
60 0.055232267929122815 0.007664798071603313 0.0741570113269298 0.06696711813772803 0.05215661099803562 0.0875259664267593 0.038711684622009225 0.04542715627500885 0.0437763997596034 0.049790918062209824 0.050463640797027365 0.08899158817245571 0.025852666390250703 0.04766783575980382 0.015236235297859255 0.08438834334640075 0.016459882841818353 0.08180456415705253 0.04631332401219549 0.021411987616125866
61 0.025813475739202278 0.059722639344182524 0.09330442802187792 0.04654119962082956 0.07964085564565357 0.032457642490287396 0.0519962839491104 0.07460898062884133 0.07560771135462213 0.0551587171594987 0.06396978010388105 0.08091209724395404 0.030808112614291568 0.03512180607595756 0.03179449352076207 0.01582579796963676 0.03502040427973202 0.020576167665885114 0.03243933748876611 0.05868006908302771
62 0.0700925837649392 0.03379105148843153 0.07858793961264522 0.016286221873161394 0.054049304920634644 0.017696396383312163 0.07012878564619224 0.02410777924150017 0.09117350443774443 0.032527202833541206 0.0779837137056181 0.006807864715135274 0.09182958772455804 0.07514828905999892 0.03510506763537016 0.004743975733194703 0.025457122238018496 0.07060060639223319 0.0318536671167294 0.09202933547704163
63 0.03412265047646132 0.049043425297902996 0.09709882495988126 0.060301638710076204 0.0706288031360571 0.012725728837490718 0.0032671692271369363 0.054392259099850446 0.04104172740175704 0.03571782784157568 0.006287506553487605 0.061325304929012676 0.06384386858950292 0.02980485312778166 0.07920051323385989 0.08279718584130319 0.09009509058506955 0.0629715075476448 0.01542430924814706 0.0499098053560011
64 0.07168824008061259 0.04207193426762126 0.08437276249831113 0.02469197679011596 0.0048663230202185105 0.04004368237463285 0.05216589610776896 0.0738054330255069 0.06965368044945294 0.06045045785645429 0.0751813453969413 0.0032213506411592524 0.025800955721645976 0.0759398589455688 0.07792493875068225 0.06567853663523088 0.04206641096793828 0.0078056318517178746 0.010499312208226069 0.09207127241019375
65 0.019854437695280613 0.016004319120157113 0.0857675100313808 0.07153528542203137 0.013347170044741329 0.05004109538008498 0.016071184269911967 0.04189904755889911 0.03312836465299217 0.09292624396487809 0.06642000669780927 0.06710517787977818 0.044318300105012746 0.07174050161742883 0.07303262969661971 0.032611923916138985 0.08150318759973513 0.030661373814870975 0.028015730111868014 0.06401651042038045
66 0.0051450088587292496 0.017807008488832914 0.11887223546037254 0.0059875877351980855 0.06382970226241387 0.018845011709642485 0.03003648093400605 0.1101360992217007 0.11677239776709711 0.03062586784544285 0.02174809105042867 0.09748310490839067 0.030097207489219374 0.008383665237617086 0.01232923159497767 0.07936787050336294 0.0014952196520645817 0.07840717805181534 0.0661330512408682 0.08649797998781959
67 0.07011787191348945 0.040843932618181186 0.09625140022135102 0.0023572686557960148 0.0395495926731999 0.09224652806771436 0.01227203032619197 0.05917646427487415 0.023125572365844064 0.010321490338769706 0.08173232271311189 0.029756956128656267 0.04097967451638683 0.0448055473361772 0.08509414924674255 0.08461819625870544 0.04198153648485149 0.015148615218805695 0.07837245667551827 0.05124839396563267
68 0.027061849321934114 0.033706795090613216 0.04488271651476023 0.02398359969972227 0.01209132557967877 0.08025008206038428 0.025028155172730455 0.07404529763169178 0.043914570745813584 0.07965135583214486 0.022076312581893465 0.08874768522966482 0.09159901253077392 0.05802529455543884 0.048184929548420005 0.0723618396329658 0.04297805913607669 0.005239081259796651 0.06619020520560749 0.05998183266988877
69 0.07141431347212368 0.08330149308181478 0.032976913277415906 0.07813824139228949 0.006241458051086713 0.061139168207181106 0.02687941940343639 0.043505517766221094 0.02708111631756863 0.020365077703751 0.07934681777968909 0.021971714030743234 0.07469105573591882 0.054737400469572164 0.04726144226537033 0.05086973400515507 0.018164691114640277 0.05828084106669501 0.05646192940129718 0.08717165545803021
70 0.08837692764388344 0.024503453824208755 0.07409744084534506 0.06494766016442306 0.05751102261007036 0.041029720741075824 0.11413848653103754 0.04451164745937566 0.04616063567218078 0.024625799675747642 0.03662916871480059 0.014663734931546988 0.07586530127927374 0.047463192901264606 0.026682845141152302 0.08861220089867777 0.07895593293383571 0.029251085230657368 0.011698755071263278 0.010274987730179293
71 0.059383768272273166 0.04306987259514898 0.04485392350143343 0.071281256023441 0.04512613489502955 0.005736696505893848 0.04185441715063108 0.08513639044558884 0.00015634416599683107 0.10320892018663302 0.037367149048356245 0.03683970260954976 0.09040310615876701 0.026936094083339957 0.03910895251751969 0.09803410413109509 0.0055856697394296535 0.06369046530479201 0.004303057915940754 0.09792397474913998
72 0.04829824910047809 0.08375842009755914 0.017541826051981742 0.07279722895916832 0.06122383168876491 0.055975892567380656 0.018839149442754444 0.05536465718405781 0.051389570329106585 0.06617249717966901 0.05362369573530725 0.04511364001973261 0.024502398550711596 0.07291942230277895 0.011854677070851988 0.07104955357995682 0.08473597625437072 0.07647973367345863 0.02517378410379163 0.0031857961081190344
73 0.07148696260882076 0.06417590631072913 0.07693939293826091 0.02976608289752016 0.0053875615190264094 0.017351337787700146 0.07858602757211289 0.07177677694857111 0.07440742680950142 0.028161424823187002 0.06541934783281474 0.051547340129250586 0.00155727697153265 0.09594925343338469 0.08130882614235388 0.007714593967429752 0.09546348527841463 0.021429315331660388 0.048472616078491494 0.013099044619237478
74 0.09951727002407633 0.06873183424228453 0.03351047284309545 0.0453280853159514 0.06145221097190418 0.026990914488055528 0.05093596745237758 0.06939543133384508 0.034599658292342884 0.09152542396165803 0.014092567573217689 0.08650989781493458 0.031030945103232805 0.013031647485870223 0.055504366765062804 0.08246870939094328 0.04078512601918455 0.01626054456844238 0.041079489674494665 0.03724943667902603
75 0.035214740489324534 0.07430136382874752 0.035532613159489704 0.07136245318857659 0.005981365933191883 0.0865990166463255 0.022825774754072475 0.079526157081767 0.0891775670143925 0.03995982138286808 0.04760513694233525 0.0444173687961649 0.03184666538216153 0.06655702981712038 0.06825165804173672 0.027666785029151483 0.03023283969449861 0.016574884982571897 0.07330654436306468 0.05306021347243875
76 0.037735774952060326 0.07673129420165098 0.08356090081395984 0.051797074147553794 0.04712909612579945 0.026095160794204316 0.08158361934215216 0.014997621798110547 0.03836350850911169 0.02860835858785289 0.08435388006337953 0.07384053049636342 0.028787231910813196 0.03408168315881341 0.03163188821034555 0.07663953029881296 0.07897325718614259 0.051543542275114096 0.0021972978904290516 0.051348749237330196
77 0.044175805902275975 0.03326145477804524 0.015315899930151911 0.08892284061294913 0.056991006166754184 0.042384050692124496 0.04896582329855646 0.07308617563912305 0.06997990622952938 0.04454204629917503 0.049382255819667056 0.08724228312736333 0.060695912668555944 0.07544882804424134 0.012772659888064954 0.02440348641451572 0.05272276958042121 0.03943877865531655 0.031472833072211596 0.04879518318095728
78 0.02286225798262067 0.016027803103880738 0.02436075498884079 0.020430981528261005 0.060126446035095565 0.05261812141981113 0.09058158471395644 0.09866109319407897 0.0973034611865786 0.04369049983717743 0.09811734174614585 0.0812732407440615 0.05576294808624331 0.03828739197672045 0.006895321625440635 0.06956192043081003 0.025724357020305098 0.03420869972201389 0.0006254294272752568 0.06288034523068264
79 0.04133685714815316 0.08252492979525708 0.06835494246925616 0.0029803247598739497 0.045607711227686795 0.08223366045886304 0.0018229089119497367 0.07167837186640512 0.08280105862382832 0.02160244173173734 0.08482530209227494 0.008137495444330567 0.02849280243797896 0.025884251807377173 0.0811689682719651 0.06932540337720074 0.07067575440138411 0.04397890693511238 0.03195965101594877 0.05460825722341643
80 0.029952676978198638 0.04555253601829617 0.0017764318751618598 0.009640782436856949 0.07998090551765241 0.049756631649957056 0.03648335471035311 0.07100468832300368 0.058265751868751665 0.050970706463892054 0.024647871464712985 0.014205061186001665 0.07869614999200392 0.08654619556830837 0.02008223564050457 0.07596360662681603 0.007724262187084514 0.08895321610347848 0.0768245873553678 0.09297234803359791
81 0.026119837499611123 0.06093876695389086 0.08987583452627944 0.048809825626966084 0.07965748127354644 0.018241196147500402 0.04859618687483529 0.06459833623437228 0.02463531732483635 0.06301773639202823 0.009393876903931333 0.09461792798610978 0.025931546074970602 0.0229308014195558 0.0691818854667011 0.09483871148704306 0.0704951871931847 0.010739697798156691 0.01018105821651505 0.06719878859996549
82 0.062075070470016605 0.07469212831754911 0.03234494566302285 0.027977234243578092 0.0018089121753348863 0.06019267786487269 0.003252874211238884 0.09593856676252668 0.0532354889651944 0.05360824292395178 0.014084234078582744 0.045691757348781004 0.011696177286467031 0.09524998922577023 0.07313472877167573 0.02869982331886832 0.06957802702540594 0.040152446752704324 0.09494609581931086 0.06164057877514814
83 0.06539616191339373 0.06186803500246409 0.02094778526583667 0.08299417749824946 0.01138794430879868 0.07931767190698641 0.03272923746989237 0.06806409751094815 0.0469868408949454 0.01256200875867564 0.0522008490179912 0.08442043109939598 0.056576343386203536 0.04671403602172397 0.058855454009749356 0.004616890335885698 0.07838347181866073 0.03196567842887434 0.0866987758665755 0.01731410948474916
84 0.08766657921189916 0.08346884379978298 0.08600908809838102 0.04356565241002179 0.010352628765875959 0.05024123874067828 0.008995096134248991 0.09171308348313233 0.0845261834208704 0.05621367614842802 0.091242423678296 0.03487637642225507 0.037118979035932004 0.03170349904801209 0.02600881786762351 0.05302538597365521 0.046987588729652884 0.040755427925662065 0.02850655140329337 0.007022879702298889
85 0.11156144445663264 0.0006015248893715328 0.09908767836095353 0.08539658094619994 0.048946876257673806 0.020416933510209772 0.08794008981625434 0.030519430595003626 0.017263685428678923 0.003169233309297267 0.021490939261972947 0.02517491754296616 0.08273954615991254 0.08308141690519472 0.01790145822886842 0.07743529236738687 0.04598213985306807 0.04587788673832044 0.001619367283270602 0.09379355808876395
86 0.07868935381019379 0.04539707730671816 0.08334936292370625 0.029999223341005327 0.03571578555582338 0.03291939181453521 8.903408587812194e-05 0.01760282406393356 0.10469020818180427 0.11136044198690784 0.006970010719174336 0.06544283779330819 0.030169001532088822 0.04381710637314843 0.036788189752809945 0.0052777068883538576 0.05462992900416975 0.09697222919399806 0.0848006753592017 0.03531961031324087
87 0.006436295507465501 0.048181496617435565 0.06672176829704204 0.06664981491603432 0.07102118036166627 0.08139635585174025 0.0034796856220237833 0.06833853459695442 0.014521517903615807 0.05245738477065162 0.046121845980797736 0.03382673409408855 0.05756984309846506 0.06542594766920273 0.07042288911300003 1.3047163298070333e-06 0.04963174562859756 0.08192796942116039 0.06986828442902498 0.04599940140470347
88 0.07944573992992802 0.004339412927197844 0.03133153987057119 0.0018972185825764218 0.08412733548626954 0.1079563175650743 0.08927488854834775 0.0642102112656969 0.004348954503923488 0.05087944359600319 0.018656575417439782 0.022228538372538742 0.04694481442325427 0.018579787327960503 0.09755770845149189 0.03139456983083376 0.09708963110087108 0.020285502169140213 0.06621284466595838 0.06323896596492273
89 0.10597428939023475 0.07095521790833795 0.04786202608141284 0.04173261552825656 0.08885448504685911 0.0010050191108795892 0.12375868069506252 0.057999793313809785 0.07705278881658485 0.024558562217453277 0.10289328417026941 0.011853322435575108 0.05712005289936669 0.016922638003543277 0.026390329994794855 0.0006610077897041225 0.03033726364674653 0.09358200593444611 0.010383339462030837 0.010103277554631843
90 0.10128719861959805 0.07700502193183648 0.09412786700311726 0.012761961805152254 0.08723085021228592 0.02180165084239156 0.0034743995783411506 0.05396914832786636 0.03647445239365587 0.05100610246605974 0.03234988932222571 0.019367117789694844 0.08872163495735752 0.08183719496167996 0.0246053067123938 0.09440344785067577 0.006048727200241197 0.057314507562254834 0.045459081364882546 0.010754439098289242
91 0.06679746893053647 0.057798056148118664 0.04483737062942153 0.0057691662026417056 0.048082790827218724 0.06859470904874584 0.011539413381565047 0.03678209629570989 0.003183353569500606 0.09959225434265327 0.010879327340489678 0.0894107318513627 0.05559765386570668 0.0619109298001621 0.05438962592367542 0.016434802787517296 0.04931026903477227 0.10489296390416308 0.11102417878213633 0.0031728373339025844
92 0.026600110703790775 0.08766207644997659 0.010503952502804033 0.07350616821612303 0.06716203798445214 0.03534886053480427 0.0565494565472621 0.057465054838949814 0.06782160179769686 0.04521248783142929 0.08829932063488512 0.08988867974433784 0.03922081837474618 0.07547539370616863 0.05258897227614747 0.0023666298848229496 0.015678663176401746 0.024404701686111304 0.07311634617592401 0.011128666933165821
93 0.008115158181306906 0.10233559161504586 0.047500935566653454 0.07532889364908865 0.05874515804905978 0.007159327529706518 0.07837995221881704 0.029681577337171784 0.009767795162195395 0.06083306310757804 0.052248959748859757 0.045192139130113246 0.07656836329167234 0.03726414797386483 0.07227375050640834 0.005069068345706356 0.045723809038343534 0.014532058849673407 0.10440899496149933 0.06887125573723539
94 0.08486980663708027 0.10008477938233909 0.050514786988347785 0.07679804253363039 0.07831438123186389 0.06271406437406522 0.0677116593393213 0.012039822293932323 0.03846353397276768 0.06698027480790332 0.0966174124943325 0.006308734838915061 0.008577515450829598 0.050033138087850114 0.03838011621468664 0.08268228373113745 0.01665864733021626 0.030685812983188718 0.0039022512393595333 0.027662936068232953
95 0.10339625323549669 0.017740989320845828 0.00955064881124072 0.0038681517977669872 0.06216582139053289 0.012491893069463725 0.039291822639604256 0.09271138501538703 0.050797685108761044 0.05552571943792185 0.09880509083842844 0.07031967117312565 0.07919011101852018 0.02800023399126618 0.03399743002298418 0.0258199222516447 0.000968927769688736 0.04130208675487699 0.09067505224666161 0.08338110410578232
96 0.04480623827154013 0.0750337031176204 0.08517884058638224 0.01662546119778487 0.07793985117782627 0.0795513022285153 0.0839667901390667 0.0009682645784194076 0.01447837082431697 0.07955882135473293 0.048235190343148736 0.07027862080676565 0.04551295565122287 0.014265485477882747 0.05606571751213091 0.05880735331721426 0.010284390962869861 0.028912987334864224 0.06364292134972786 0.04588673376796755
