0 0.03481180347249966 0.026894864027158356 0.05598427776461387 0.021263393716742525 0.09205267674066799 0.04859427778640967 0.04052840530681932 0.026514608690731387 0.09509969082588358 0.00483148104862284 0.025898540924587914 0.08572037997062851 0.01383266938907633 0.03180037385050248 0.04984648508480399 0.05659385551919711 0.06729410262985652 0.09239903161656518 0.03675626157639239 0.09328282005824026
1 0.07290601291732508 0.07505625270758708 0.06809522565413205 0.02274170754388129 0.02151203748939125 0.057492434524111055 0.052218263628004864 0.007283307662893779 0.06499409329133093 0.0735540873734076 0.005042485964906955 0.0777206209246298 0.04678144430979909 0.030787416235455337 0.0380642047892337 0.0715618503901442 0.07904497839371065 0.043358173454202724 0.07294446559762492 0.018840937148227536
2 0.034701610107029046 0.06897103394682477 0.07133037149930346 0.030197773358705864 0.02457379547079327 0.032085220707710346 0.04146526473215649 0.03825305628633264 0.05476286705624603 0.07249707123244499 0.08570424749066907 0.03309258346762959 0.0751066677996981 0.056070410694681154 0.05877943259435354 0.0557876472052653 0.0797575345167102 0.05279722698949018 0.014186162068521411 0.01988002277543443
3 0.07159470123668418 0.006869202375002096 0.04196938802918796 0.029456776735519104 0.029146473945678063 0.035500779392562666 0.029451294099177003 0.043682028397681816 0.09005172210505287 0.09484749670413634 0.08952418995483417 0.04229147369234503 0.043908964448077854 0.08943768957029347 0.015061522595171956 0.030993594083728558 0.03151701392762868 0.09638793761935542 0.042398396856459714 0.04590935423142316
4 0.049787016453916054 0.002467753819365225 0.01887033279740256 0.07828245441445704 0.05405869110531493 0.029455218061478012 0.029222251796299784 0.014119753025451123 0.058731988184767915 0.045038189884283944 0.044452912817578356 0.04396716906230368 0.03192744025612602 0.09255917584094675 0.0735767396045491 0.07230023196765428 0.09876796151082992 0.06013390832109307 0.06645744722734281 0.03582336384883931
5 0.07786757756058293 0.009536726434141133 0.06960616790587189 0.056628347400424876 0.06436018392929788 0.00508348738780462 0.07400492053362683 0.052653011735441416 0.03242499168045003 0.061709566707810186 0.041010334943401616 0.036710033578554804 0.02829638137763749 0.0675768423130947 0.016746460396110278 0.0716302062974231 0.03623413094627231 0.05081291049697341 0.07415904786789804 0.07294867050718239
6 0.03761274812793488 0.056892191060981194 0.07719535491071015 0.0008811477820510851 0.11509564179616273 0.019401734783420523 0.061685567925121754 0.0224331414845401 0.04061190263527828 0.04308939149253188 0.06992527905750849 0.005145391642719215 0.11328477948774354 0.09211717851265556 0.0462855921508843 0.023215669298329123 0.0666751916196434 0.08251497001192185 0.0014720013486128258 0.024465124871249168
7 0.08484048233946795 0.031222369051246455 0.0029600601640679884 0.06683904965993213 0.035682125751639725 0.04380722940205483 0.08450840696180881 0.025792223489038844 0.017904791484857362 0.06577253634402548 0.08366777406092904 0.07413055597382469 0.06498757472568431 0.04299483314227425 0.044214708903224695 0.07206600789540096 0.038888899522881375 0.002691614462564822 0.056192827640940406 0.06083592902413578
8 0.045003881451543666 0.015453659908451 0.017231562128110087 0.08440963137693448 0.08250807381607916 0.04543940575295718 0.0445573818816362 0.03230163572191315 0.04150829688028736 0.07622867510841036 0.06944949325892369 0.02536565425969985 0.05558315521697119 0.068298214521998 0.08317936355569373 0.012499510434725601 0.08560174135494747 0.0209226568781436 0.05346030777384333 0.040997698718731004
9 0.025287148381664553 0.0893090796198522 0.056319674320690995 0.10175701651820385 0.0317529997260897 0.04883237541516166 0.09334228645538997 0.010541535547908739 0.00560215001590914 0.057027131751762446 0.051248491158782015 0.01312229045503829 0.09628363228152363 0.07477967859390768 0.0645538246634083 0.013198071522383715 0.009569618627519429 0.02721183318424564 0.08331946937819097 0.04694169238236718
10 0.06268224498902264 0.02072453653224202 0.0628532959529304 0.09875351145961342 0.03137149229892475 0.059739003777694 0.006457649898010474 0.02961472955433341 0.006957856538695011 0.06827354232102367 0.06631010790289774 0.06880442833674236 0.08496864112179885 0.06931406939088153 0.036299661122642504 0.08578139466138429 0.01729390994836188 0.004979927315231138 0.09585793633735921 0.022962060540210594
11 0.04794188920659994 0.08010340203660596 0.03191968365204025 0.06355456333549449 0.019857582909850055 0.04824079129949791 0.0322988317242231 0.0662168112771358 0.08173209981417998 0.05059151387843064 0.0634948506509483 0.049693457243104464 0.023704045501817303 0.025826362770909744 0.01344805459472102 0.04999890218951947 0.041437775410497896 0.07327552553895043 0.058809949376614476 0.07785390758885885
12 0.032272425106879166 0.01222395437491838 0.0549752228432213 0.07664609672768777 0.04359708518992445 0.051470373516776295 0.0743142965981616 0.031022770918946303 0.04714655222482881 0.01857331618660519 0.09643122153838575 0.05738516094626677 0.06297711826168452 0.0717369361360155 0.038553776187248694 0.05207982676001932 0.013796796147011452 0.054223306851831035 0.07745730696030746 0.033116456523280186
13 0.035025520220592014 0.08414659763264969 0.07523138236600505 0.030346468849920337 0.0774577891564539 0.06729666624303027 0.014564487712743787 0.0347801752501244 0.07595062007196234 0.02898636439590298 0.006193511943568511 0.08252924025718253 0.08006441433052361 0.042919941034861867 0.007904251567332552 0.07856917367573951 0.038977339890238924 0.0599880965497796 0.007968316495629615 0.07109964235575833
14 0.055475991362166674 0.047925383537467045 0.016142109821255777 0.0552461399252414 0.039201523050486055 0.02256954672092055 0.07578597845180415 0.10107676886907402 0.06157614541930742 0.017445970475154476 0.0336911616752934 0.0765423501405836 0.02974346057488499 0.09720608950838937 0.01100797815162725 0.0019865378988575327 0.10455139262638885 0.02313413994007556 0.038425853962768146 0.09126547788825357
15 0.016263388195791963 0.06626025822521567 0.08967924241095653 0.06618040231495308 0.019125999298908132 0.06856147609977196 0.034438969798281226 0.0793247707362047 0.006373384326156476 0.02782147521874327 0.08668369309604226 0.09429542370639549 0.003894758392560316 0.05772337805576322 0.10302965659639914 0.03670993010861694 0.0602119752262453 0.04240254147106671 0.017459801963107344 0.0235594747588203
16 0.03305830074183414 0.08709750426602415 0.0025180400560233904 0.026164674536420306 0.04479199964508211 0.08323712407134723 0.022839646495785442 0.09502464554712743 0.09778756895602606 0.04401421556999609 0.07938415540021103 0.05788926419005566 0.09994362331730361 0.042642232730591055 0.0336642121829947 0.005316320611665052 0.004851051331774214 0.05067934965102675 0.02098981778043959 0.06810625291827191
17 0.09691630559802626 0.021895587589889926 0.05071453384094694 0.009097590924416492 0.03557918592135322 0.1014416379850765 0.018776395904792288 0.046468137307934254 0.08905537148280789 0.04793730367270169 0.07470646595887065 0.014679354562424281 0.0799239864085212 0.05479608457379401 0.04810746454144515 0.03746026126626462 0.04537428936725846 0.08958874780455496 0.02994299749081704 0.007538297798104227
18 0.00902392718908754 0.075664020852085 0.11167160535768439 0.005657530822591463 0.04954748361837414 0.04624137661084549 0.05507733362264374 0.022520626719324432 0.010639847485122068 0.004601775393405979 0.024903290999262938 0.05039885214894895 0.04435266512429299 0.029998752442820888 0.10881306868324203 0.05102000501402639 0.11294989758642811 0.05342412642178219 0.057453383177758825 0.07604043073027238
19 0.028816933675098164 0.06217503598336885 0.010152720334567256 0.036133130723049446 0.071019453634397 0.008208187304086676 0.10374754723422304 0.060457021758170346 0.07322276609263638 0.09501333171934676 0.10392028190089095 0.019750281059526847 0.015888684516041474 0.03271513071450072 0.08385417520056444 0.052822928853543984 0.008501569848450562 0.0488938351976034 1.408792529190257e-05 0.0846928963246417
20 0.07174420796988741 0.08846451663141758 0.027781344857896056 0.016441583623240698 0.010063723294722215 0.05576931924615856 0.013737369364692244 0.050560889936683596 0.06798226209020115 0.09580729639774353 0.06240874630678701 0.0375082075486181 0.050993278468710816 0.056191967676476225 0.07528793768265306 0.0468787231004132 0.08578635229592398 0.011486249768263358 0.04311782874269322 0.031988194996817855
21 0.050600656699263113 0.08865496661200004 0.03696883493946841 0.08716641750602351 0.08336236469983636 0.014238024860152364 0.05065942492647454 0.04548906985764097 0.059261837858742714 0.010818866752701054 0.03031949967349203 0.07548632143683373 0.04747028579154124 0.08973204135596173 0.007629224866177564 0.07925278896788115 0.042404417092608365 0.010668596494770564 0.03567200480030427 0.05414435480812641
22 0.0929633093708323 0.08701274797407882 0.018657106835586138 0.03351761531880243 0.06158967445292512 0.043889488889878744 0.07913445515426237 0.02600326204221683 0.01722072068135553 0.06691191303217937 0.021809755328132507 0.06288393691125996 0.04446172370715427 0.027669745263886127 0.0657574022080234 0.0909989774368249 0.03859153845189967 0.013097147615954294 0.03508896537045167 0.07274051395429561
23 0.07464461372807506 0.06255052095242845 0.053726567951446515 0.03916763254214835 0.051800503600834304 0.03137652017125274 0.06794272067535295 0.05741949483464933 0.003779537861041802 0.06669620326539362 0.0007371044703162703 0.04280123292770001 0.05383555241238103 0.06592117049496582 0.08020411600287107 0.034650656984818826 0.031666274471764524 0.06724204800492527 0.03878674466820909 0.07505078397942493
24 0.043719620305008 0.07396486519261164 0.024222950759183712 0.0426117756690349 0.06249915839345952 0.07078709175360405 0.07715703741798555 0.0993944721153911 0.041513943155485344 0.02665839726885785 0.0654113821931413 0.023445442452432828 0.029354048569606914 0.06263966395104832 0.01349582453858924 0.04122295744739628 0.054175494015727625 0.097612303081388 0.042770174585603234 0.007343397134444519
25 0.06119238584133852 0.0395501992486409 0.08363687451111249 0.055629238874047596 0.08097798471854223 0.0069675915286920645 0.011110199994424436 0.08996871438656746 0.04538277044326827 0.04976175435331789 0.08335702202763451 0.0388083418344538 0.056876651729963215 0.025433134480217442 0.03406011222509408 0.056033856909546834 0.07559218194913163 0.06589787393314359 0.006498157714901351 0.033264953295961644
26 0.04219913739820578 0.035074529118361154 0.014323559511798473 0.06750101216053615 0.03863169448909111 0.08455267119434853 0.08917002114176374 0.05019236472778524 0.011982487953327774 0.026778653583101615 0.04562230389684198 0.06908519472698112 0.055804580216041164 0.06700102051864444 0.05684804584238304 0.05359310704537531 0.04984106875832762 0.04108074159376166 0.026613904770411506 0.07410390135291267
27 0.02862692084111241 0.04591992519278546 0.056509381129317846 0.053344273350792254 0.012896563374290718 0.03229248661465665 0.0260185769005557 0.03509040987211295 0.03715334376557333 0.028415277159707795 0.08673368102004382 0.09039252549267288 0.08729043865411383 0.02444799878302678 0.07054808830061439 0.06236213018142687 0.04447077108227003 0.09312252438013836 0.051810702263593 0.032553981641195016
28 0.07219931488327207 0.07134982501839812 0.09129915105790055 0.09795147803765679 0.06185159971684362 0.015027642929593387 0.01929693219756935 0.07414835573835947 0.03964239738105768 0.03991612797353507 0.010972060281260222 0.009738353339110236 0.053513853505082885 0.07618956920724877 0.020925086681352213 0.04764899995681086 0.07543948943077475 0.07604718499020516 0.0455875556187867 0.0012550220551823448
29 0.07877094984161784 0.0538489396870814 0.01521646909981945 0.05310781034865563 0.025890972912138016 0.01480451956179676 0.08379493941150903 0.03193344036274768 0.0789845626684197 0.007836082622099085 0.0561659297173469 0.01736169920647176 0.014072665106621876 0.059378949883592866 0.0754837811603017 0.0852048840602075 0.03760501304468067 0.07729524569591775 0.06619678056241257 0.06704636504656174
30 0.034450701424228986 0.10241942467273911 0.00012974349462367254 0.0016332934839252125 0.10473122859728184 0.011103429265188326 0.043109488401281704 0.12001594406778204 0.020872659520921908 0.014852408198235675 0.018765375313154673 0.13571772842856014 0.10754845469977364 0.11108022723374238 0.017661888011477445 0.01201728873947615 0.011664758962952701 0.05189260756371843 0.04541630253262665 0.03491704738830933
31 0.03285104002704913 0.0388327890577647 0.09417094083353207 0.028047183041623566 0.085688690468435 0.055535847426899224 0.08228210516511676 0.05789402575401509 0.08987845084733068 0.051189632993523096 0.06812192426486305 0.04300507162986213 0.036102362223012816 0.041293293471668414 0.03478183811315957 0.032767328958051845 0.04071955917918027 0.01514825289957009 0.04207340868445469 0.029616254960887812
32 0.08397168529120672 0.0637801290569924 0.07224906308145411 0.08059162730732765 0.0568582657783612 0.042717003219698346 0.023164299515010606 0.02556650173318742 0.07800247468977607 0.047460927406913364 0.05828760936314874 0.02577187304603117 0.04745346635395191 0.028370668963557843 0.012091487594672901 0.0580976118109029 0.009483571130254966 0.09465815137206801 0.008162113094400432 0.08326147019108321
33 0.04860083376129375 0.0058640019608477935 0.07635092433365387 0.03898333262909995 0.003843545525131256 0.044077749567840684 0.08274983863278505 0.028403586552092186 0.09309420816139653 0.09497561948495557 0.019867632828121866 0.014978943055942131 0.09265454521829515 0.023231259940740913 0.08898105451320142 0.08781032123876914 0.07067158233280867 0.03105143965838598 0.04356926577001258 0.010240314834625414
34 0.0768374993756912 0.06949297003472146 0.07643683038138033 0.03423654746149479 0.03348361238688085 0.0730009526050613 0.05899272395076219 0.06992398870199039 0.05279479104167883 0.032782996297301824 0.04524208638221661 0.0667696872815057 0.03033633270465909 0.0052342994757002045 0.0019043991191909425 0.053816008983311125 0.0701656157120325 0.06831364488935035 0.05165274952636022 0.028582263688709888
35 0.03377923538609695 0.018834030632418803 0.05336818390008725 0.06097236114923217 0.029390558703635484 0.06061949607028136 0.013832941461123766 0.026370816068597255 0.0765590104491656 0.04639777525874801 0.04643669850803657 0.06740265651902082 0.04672490284195495 0.08137672483447735 0.08596851902622203 0.08479152006685685 0.019067869106912248 0.01403027352050588 0.07922941435142383 0.05484701214520273
36 0.086003689258716 0.025285518643849005 0.02504868089853203 0.013121811236514515 0.06824400053185659 0.08623635340897061 0.0724848787240001 0.0005210914231238444 0.07567478824525055 0.08479506594612544 0.026689845356848846 0.06648926314771679 0.029607624427979096 0.012253769893831788 0.05456651891607994 0.036961969238041806 0.08117226827597872 0.08230407122882458 0.04525415652458976 0.027284634673170174
37 0.06779872345292999 0.06563828616534341 0.030967357331666872 0.09049052794911734 0.09824777989917827 0.08408792016649594 0.04245591998639234 0.005452108007097442 0.06834892078434665 0.08707094600553586 0.023890068768946306 0.00021226358961852335 0.0682401319283753 0.06970274865208297 0.009494508283700045 0.017381743153256506 0.030540262574471257 0.05303268882247559 0.00208149356423911 0.08486560091473043
38 0.023358368029690216 0.0854226116593076 0.08867815510276143 0.07914657839054423 0.023442498074249262 0.046386727913497953 0.07732878276087389 0.0577850759498392 0.015275467244353176 0.05314400800548187 0.053996487081135885 0.057867052389691156 0.027452394427814573 0.06163203716694447 0.031995393832261666 0.08700979083500936 0.02093823593957084 0.02098090920269693 0.08249243546807829 0.005666990526197796
39 0.04021723906407881 0.08848996076987847 0.03803025406991594 0.026796251322990957 0.0013155746727476182 0.0752938000308625 0.051762014915832495 0.027936135861953856 0.03861720316579702 0.06767743067886609 0.040979482906267954 0.10189206247526138 0.04394682193270361 0.07115984376620997 0.006420299330559708 0.050934054627986766 0.016932003521940277 0.04245980117732207 0.06696917989937962 0.10217058580944487
40 0.07552232604350442 0.06764930935667708 0.07880133300916713 0.07158473245688135 0.08114994649773405 0.035910892448710846 0.006422606025959907 0.061713893568804926 8.056165173506846e-05 0.018530755253350177 0.09260541974516504 0.0851834548127873 0.05470904525242354 0.0061785694256920294 0.011762979568346812 0.07958084451125694 0.026079734200097564 0.06154308019950763 0.0011780203920800302 0.08381249558011804
41 0.05435126911660151 0.019057131672391103 0.07724466271189555 0.05979154470024386 0.06914097538069816 0.05549324429315499 0.049521228193055 0.02704629759427203 0.07845686840358655 0.0013509332227620286 0.0031390474771713335 0.054937960455131225 0.024798921217747526 0.010214007166364792 0.09035730842511588 0.08050991338847639 0.004794220514601104 0.09045626181684187 0.06497893309513801 0.08435927115475117
42 0.039692402180084026 0.07160982805477963 0.023098053966555693 0.0736919013829972 0.060934769330043145 0.037361184044575564 0.0336484803141411 0.09289105539945344 0.07212381854844696 0.004255699831705641 0.05264958698986836 0.07125967109273741 0.031145899820779754 0.08070497430139481 0.06551757870580062 0.004528896047108288 0.03575312376795839 0.06585217699922334 0.005424899549387907 0.07785599967295871
43 0.013894067450815008 0.05283886136616163 0.07554402725720606 0.07478129507860261 0.03506335398212573 0.06955497782408172 0.021647918819565702 0.04358090621062834 0.03689966459032434 0.08997520747603589 0.08519016471845935 0.050331545746780434 0.0479571485739534 0.09092322492199534 0.011634062514864082 0.06835549599355106 0.009566625760240042 0.019355463400708588 0.08477069258637832 0.018135295727522465
44 0.04697866957980882 0.04601533537237273 0.0368062227405782 0.08596959768802666 0.09092552388292557 0.08120970462640513 0.08014649590249455 0.0636881304240012 0.04337580043726057 0.02058881489014809 0.010567140954700622 0.04431060515107028 0.09197680111348908 0.004403264549504078 0.007126357203082254 0.03927389945809009 0.07465394462795416 0.018677532661028784 0.042661612822311366 0.07064454591474767
45 0.056820928175487145 0.07334206136736458 0.034195830080155185 0.05548257829208173 0.01447939874436178 0.015489255870837248 0.08177892741554478 0.04164470662947832 0.05907978629185598 0.02413450230853141 0.04501797452327015 0.06681437898408629 0.054411790749364926 0.05064485020723851 0.03844411288189111 0.03019106360595165 0.0343664216049859 0.09159200114558881 0.0880219666828135 0.04404746443911076
46 0.01954710999909668 0.07201461212193919 0.07777906275231368 0.010798716179054478 0.06802483924510856 0.09164493016589394 0.06391546042823414 0.04859983110210474 0.08285348280935467 0.044781720370802205 0.0011364670183014482 0.019943430389501065 0.029606925806622997 0.07501037795248386 0.02476804342553369 0.022653305822703813 0.061316257055907424 0.05883970464593456 0.09063326546113182 0.03613245724797684
47 0.07010653734579024 0.07293271063903202 0.023988759764102478 0.09336342228020186 0.06980995491335082 0.014390237479721022 0.045535623055082346 0.05142345725728756 0.023272852834561798 0.0002468129571844003 0.032596495327841264 0.03782846871286726 0.07128934443744137 0.06004066876024993 0.05232713025331503 0.08877721236985871 0.0292186039369008 0.08047718805327211 0.06892430076957776 0.013450218852361176
48 0.0672135326247578 0.040373419091359226 0.032355125726811304 0.08882589940609069 0.043442494095961445 0.08870376360391956 0.004312894339920159 0.07539004401710085 0.04635559095609662 0.025995267735255848 0.022760675942680806 0.037238545375420574 0.08780270087597111 0.05749115072607759 0.05233473987534691 0.07279130205697823 0.009005981875279106 0.061964029039700094 0.049925123816142204 0.035717718819129725
49 0.03945226903971209 0.10470546784347101 0.09550903760409017 0.059892065829664144 0.00709802076842379 0.046771657627917 0.020519647824970913 0.02749646376176889 0.03514549135024148 0.07743822941483876 0.0036306058434338547 0.06621367056152569 0.0763022876332714 0.1102418896754944 0.008121362340111607 0.05293957297003614 0.040701059740455195 0.0025892582606216025 0.025540203686788693 0.09969173822316335
50 0.09890723412340952 0.051761997927286904 0.08912187830319727 0.011947246814856892 0.030995843267876997 0.049848884823360126 0.08954861618047379 0.0039570463961796955 0.039265225566294096 0.016776452652153592 0.07722282882430313 0.007864739335153945 0.00027135944543904225 0.05688208653597322 0.03714238111366271 0.09479286906043927 0.07470019866065171 0.06373583327495169 0.09713488771297125 0.008122389981365016
51 0.06716636576868124 0.01377745301333466 0.0706259618885479 0.04438126082079977 0.05248699515356926 0.059812656571257776 0.0395563020108716 0.07868348910501063 0.0629395249327596 0.04517371227856523 0.016865058118167856 0.03157903393621148 0.061130223283393625 0.011471603287997682 0.043548307739316915 0.049999054003224644 0.046864907488392636 0.07174598676748511 0.05886220639584142 0.07332989743657083
52 0.039407124563187804 0.018887118185168715 0.08395861242022554 0.013874043112131052 0.057955512768059735 0.04252484238456029 0.03618300308495472 0.01319180364513306 0.07268075215853648 0.07324338500163924 0.007920112581306045 0.08218802183912509 0.02181368788812295 0.0731601738648588 0.04323123647546174 0.07120351174714956 0.05953793875204513 0.08871370728995386 0.02312942506730643 0.07719598717107387
53 0.00465936735395404 0.04682890182653085 0.013165158155792925 0.08768081796279878 0.049026435024015776 0.07227259869873069 0.09307413186538373 0.003505758957015277 0.07241044142904735 0.09100234881264671 0.08686581980168634 0.047337874438275515 0.06849477343408426 0.03480736413143239 0.052365492078853104 0.04308189160756327 0.016867581480859536 0.03863739445230736 0.04484257144072613 0.03307327704829617
54 0.02768817986941669 0.06916614914888278 0.03352697518942463 0.033224923753547686 0.07006637954442534 0.03459041952948806 0.08924829148590277 0.06697220132075801 0.042605538596301576 0.08118589282969911 0.08635826552424183 0.02830018310951552 0.08800830524210994 0.09311673008091102 0.055637043505785674 0.015948726801004197 0.012530018985207109 0.02649365033973848 0.041687429709224184 0.0036446954344152836
55 0.0714516557790505 0.010671011752596766 0.008820670254399044 0.013028013605728975 0.0610977266152396 0.06382191387245008 0.023357470888482945 0.06275288191706802 0.07940318941970027 0.07726789790171613 0.09364966227677825 0.09457171785655868 0.09444617589637261 0.09180304601713535 0.043005282517827065 0.03303558894900406 0.03129935985077915 0.009978810512210962 0.0017029128407137076 0.03483501127618785
56 0.026361389696309225 0.0873200210133482 0.0008370246877262506 0.08845663987477799 0.0518626850909425 0.11647468983322364 0.04808365932862648 0.011611748542850861 0.012278683928547422 0.00344096940119257 0.10930533942907676 0.014157261965708446 0.04339140882807374 0.04801225339009844 0.051533330846093475 0.08843506272366464 0.029257461637218072 0.0232233870901827 0.07625994007127829 0.06969704262106016
57 0.030865751218617874 0.08650529118436838 0.07084766504181554 0.08576477811338452 0.0024754366219021363 0.03617033892662815 0.07304217841271358 0.011106774679572549 0.02535086115458976 0.030965584610203035 0.08150251747754865 0.005860892453225636 0.021976035729693436 0.04160079494773407 0.04346357287479856 0.09451708889799135 0.07256135019074578 0.05807244002861001 0.06259536530028179 0.06475528213557512
58 0.08732451119059957 0.08459910385861986 0.04350061395112417 0.032121150817833295 0.07396881445662151 0.0930978845818735 0.028501993081247366 0.012200135706901491 0.028466309317284506 0.025493793462702294 0.03188621213809979 0.07493534680071247 0.0661052402034651 0.017281528362574402 0.02803899826117242 0.02693181374331481 0.0985499456527525 0.014420520193641578 0.08589704477707416 0.04667903944238511
59 0.09460551311036113 0.1134259210697266 0.07939771782069192 0.024599323509074712 0.0008827957896435301 0.0387161988858076 0.061190110335140505 0.029133947700137202 0.07704072916597143 0.03845702508835302 0.03758441979317475 0.07891523148531301 0.10251652652982662 0.029432267685788726 0.01662042832105715 0.029872827448754656 0.027571820356222087 0.014028694205568456 0.00323178005513368 0.10277672164425306
60 0.05221316293306022 0.023450568029929297 0.07181462570674024 0.03755358193836358 0.06361295032137805 0.05774254477137954 0.06865825213944357 0.025814990908934275 0.023476451291271957 0.0971053393794986 0.004241510493362201 0.05104328236920199 0.04247203366946636 0.035107078038653046 0.09166426999536208 0.030278728771586744 0.08756851106767617 0.07466759118663802 0.011824725399327256 0.04968980158872661
61 0.029769930014004475 0.01924141936800066 0.05072779527869859 0.08216112828980832 0.05292491101590076 0.06573662826470275 0.0463755729406515 0.08437620503155804 0.022768858698997925 0.02099941440448494 0.016711417234481784 0.06636436690179225 0.057010728957305634 0.012065309360437806 0.035259857255928624 0.08104618748118134 0.07982316042001998 0.07070999963323801 0.0890063094058087 0.016920800042998077
62 0.04835284684061197 0.08054733168396352 0.025029798350585445 0.09699019095702621 0.06545164891409852 0.04382216611131407 0.08495095157613482 0.02290012948988631 0.026576483429379103 0.02248933630914403 0.029241173531603847 0.017365475177207938 0.0823271332380848 0.08717937314888588 0.00262209049878573 0.004655779348763638 0.08452900103985125 0.08450636520763878 0.020594498691851735 0.06986822645518216
63 0.022900624144918662 0.06887483133811774 0.0372061163114778 0.08143639407372635 0.0716168134043543 0.06000564069720445 0.026662986547957804 0.09736449408434618 0.07688214506955858 0.08559733440559131 0.016051303334527 0.04234667008034476 0.007164169095485342 0.054034773472873075 0.0026981846171694993 0.05462517767811184 0.015740258901702463 0.08620677702576669 0.03573492417891119 0.056850381537855134
64 0.04904008890926614 0.02865344246200402 0.03137862578867065 0.020489445612352438 0.012036776489196562 0.077777490404985 0.06349997313788804 0.02481490313767066 0.04073750435383401 0.0928452183136215 0.03820654045737823 0.033517173717839494 0.023319592271313142 0.08651807839216391 0.014460452966600527 0.08547097845399523 0.04783345343252802 0.0937579346100516 0.0274922012368913 0.10815012585174962
65 0.06436276327095106 0.031819048876024277 0.020519997650410855 0.009769100505987343 0.0751852584748662 0.07194157919267323 0.06058002098775185 0.05837904243983732 0.06492950193622539 0.05726330776642931 0.03926027721678877 0.017972950153332848 0.055147009102980905 0.020224464559261825 0.06419981022790212 0.07917309488408728 0.06587775001474376 0.01843754342220251 0.04560321579788972 0.07935426351965345
66 0.005499591665564711 0.04800353763916338 0.08386002821191339 0.009110578220371299 0.03921064440497869 0.07430452461412934 0.014076048551110073 0.06393593420225913 0.0300654905028937 0.09364360557309385 0.0925412345596677 0.0007639344813472181 0.06114794992018658 0.07394140914098961 0.07870481377790522 0.09103770984675262 0.00820734464538901 0.049964615303605305 0.011853776283726624 0.0701272284549523
67 0.06811681482308564 0.0037721193961145153 0.047071407468849934 0.004241147750187289 0.0005952209496015597 0.09105968327194651 0.07587440796779235 0.07708167915923579 0.04626387626344624 0.07694880324831013 0.03948163185094736 0.09280048770578306 0.090599385615268 0.013843964687867638 0.018507038180343428 0.05824229674045867 0.010431703797226749 0.06994404393380589 0.03273318845915918 0.08239109873057003
68 0.08193106179212788 0.04603691552087637 0.01402499659327128 0.06356834236537597 0.04700163356016664 0.04179596480378214 0.10281208433639241 0.05716983375597007 0.012817866243721632 0.022093362997667076 0.09037644266485893 0.009837958609126177 0.030375079123289017 0.08586370331085968 0.052482582591163444 0.07200758166693272 0.062333683802336566 0.04730152437213907 0.013228686476580268 0.04694069541336261
69 0.08181887059568997 0.019160412624697473 0.006266259471304659 0.05965225750276488 0.08379624559939709 0.017028637204429792 0.07166608329929831 0.024868319950098024 0.08418517041983077 0.07491824005279352 0.07946497210193351 0.043772846560512606 0.0771122219242953 0.0024478631518985976 0.07738833357188261 0.039467769833814656 0.00040576484613532654 0.030654293072028244 0.03794002703613488 0.08798541118105978
70 0.03842103081004059 0.06160135645841032 0.04285820421956356 0.04754413326079926 0.042210877223035397 0.022082369966268563 0.08014085040086708 0.05936158842717317 0.0037355995528436455 0.0006818352432249307 0.0731990299768696 0.0879909963885762 0.06607701177535208 0.02027570635787722 0.06797809404639993 0.07318264597241522 0.049862373154722674 0.055151700513020034 0.023749425777638233 0.08389517047490236
71 0.025194985411122972 0.04949684731596927 0.08403006706495328 0.07315480070567892 0.011098375569171356 0.035494344181229855 0.06828295734631365 0.042073391711796256 0.050215998224737116 0.08841636785535921 0.0702689968610523 0.019714399857362556 0.04275148088601429 0.00642232231322693 0.043526040386876685 0.050877159903343135 0.040176964608112535 0.025380152391397112 0.08446188724390073 0.08896246016238181
72 0.06015973253107762 0.02810156122733546 0.06064058011474765 0.03794349274264525 0.054133781394816144 0.04998942203639669 0.06390862782774398 0.03848870777655742 0.054939948321126246 0.060823568063499645 0.050228699957640545 0.06578221402247797 0.06001973820458762 0.060282367411812775 0.03783135753928495 0.014773201512936122 0.03625968049392316 0.06761526869883337 0.06640549667482472 0.03167255344773266
73 0.09623137399163659 0.09588819873933045 0.029754321476777455 0.04212182692761782 0.04106147100632059 0.06935606770343064 0.025981417172704545 0.02463014938505743 0.115478922515064 0.007192998590474356 0.020552545824567562 0.045032232525569635 0.054405302820798244 0.044684398586941794 0.045701364400655926 0.09861325126237787 0.01824387692402452 0.07092908834356688 0.036367045747606644 0.017774146055477013
74 0.004817320752396631 0.044403313381548445 0.004449058897721982 0.0625216565969561 0.06439406160259831 0.05372161758436579 0.08145733137625513 0.025648767660536097 0.05920411189587132 0.05739278606784526 0.03563652353148087 0.023270676871090825 0.08838262238204016 0.018540392263603232 0.08863861720280258 0.016032379528635517 0.0955135471823413 0.07579354952822458 0.02197362225359298 0.07820804344009294
75 0.04664231135716694 0.013263785714304996 0.038778017385203256 0.0719296454363519 0.033189911712046015 0.03156352439088119 0.041478573182530606 0.0847093242399756 0.09408291445395112 0.10144744649805537 0.042554175115753275 0.00037983319952576965 0.10968456864505655 0.03744570636397412 0.031108198636678987 0.09456301248853123 0.06311090412897039 0.022398887124992318 0.0029357412736455042 0.038733518652404875
76 0.04705386491201828 0.09589452241995623 0.04903649135676906 0.09478466566677349 0.07720929673957748 0.08555741709306851 0.030051188873874403 0.03685622062318728 0.03124414515587469 0.03692123091777797 0.014454461401360214 0.06378471043050578 0.014899744824809989 0.08358848707148425 0.03424174736791503 0.05103646938564592 0.006101821574362929 0.0796041633662196 0.0516058192527827 0.016073531566035987
77 0.021711489203862885 0.03585589437615413 0.031213164291028904 0.053522611296383506 0.07769036239062874 0.07880680715926178 0.05067598272950074 0.10288378555611846 0.05945892943397832 0.02681905725762529 0.10382639118127644 0.037428794143541035 0.03560516913455599 0.08003587510307347 0.015011646792483546 0.010476839618399044 0.03554795030318359 0.03902289594181619 0.003792190567850462 0.10061416351927728
78 0.06269681465301966 0.006401693888385019 0.0829384255093856 0.0587054967530558 0.07548607940669495 0.04680260342013268 0.01560045225627956 0.08528213874382082 0.06518774921728587 0.008088865050379722 0.029159836477164996 0.07550244476608389 0.05890607660420166 0.060644860205537734 0.04089057246497946 0.04096314742420059 0.01703670011252763 0.07870039892108997 0.023307756429613358 0.06769788769616092
79 0.08358806306850196 0.04874036714139669 0.030671785670183773 0.029369360465137846 0.01832280604877111 0.038988066336033314 0.06362314404771709 0.07399183597146287 0.011944990486278223 0.012809250132855228 0.026172581484334722 0.04309146976086892 0.0810106151479437 0.05716809195509676 0.08411389220688238 0.07209137236561701 0.0862321392100259 0.053435793052682735 0.0795526636019131 0.005081711846296661
80 0.023732183281167538 0.030458482593001768 0.08230008951680542 0.060982779056707244 0.04943611804259482 0.03378727737487908 0.08537149262737863 0.07431567076093552 0.08475329747486858 0.04274053214712659 0.042799494380146956 0.0535376459622677 0.06799359723754911 0.03560117853552328 0.01594388025010111 0.06114226432605535 0.03418675211064956 0.02199219236090273 0.04452301579824237 0.05440205616309663
81 0.04399432264163725 0.033868796429460196 0.021044380085338682 0.0626162235315131 0.03548621231014143 0.04196443365394846 0.02271485175350731 0.08336690747025297 0.0670055965559126 0.028817703256923528 0.08764890302033787 0.0893461533191584 0.05281937197495957 0.020979134170422603 0.06742730107783299 0.005633266172402957 0.08607649131452551 0.08608472141653016 0.009623811752863807 0.05348141809233079
82 0.00899939351138514 0.06612012222718805 0.009714016363414325 0.10241657957977611 0.036920946403446654 0.05154361687645632 0.003192906263632785 0.04230479887065507 0.0992011766457023 0.012038213646805773 0.09857543696985947 0.04597245707439327 0.07126297951686564 0.08458478070301877 0.04885250147002732 0.04522232358037745 0.03769345047069675 0.06453323979500561 0.013412356979287426 0.05743870305200555
83 0.052500685170570514 0.07340466452040233 0.006548913383911667 0.0809696821246942 0.04149843507364454 0.06385030367505061 0.054906673667243666 0.08585101260427724 0.05029034916876572 0.00027420520290716196 0.015249823992091148 0.08147590430279218 0.06677549105438871 0.007978502105567596 0.08887175384916378 0.06749604765247125 0.02380776269590682 0.03452798047787738 0.08658805922090547 0.01713375005736821
84 0.013604686637247771 0.011876792783492632 0.05715602811732473 0.08363380656377774 0.05636619290132289 0.004723411276141045 0.09887151995889365 0.0949735969385734 0.06350130142113754 0.01056180267300178 0.0048369786863383946 0.07822447571808956 0.016612714548078725 0.03007427897778658 0.06012373082263805 0.020592802916512446 0.09790114439353409 0.07392612220937965 0.09515609957267991 0.027282512884049568
85 0.07431055994389216 0.08115045963473695 0.06897629324732366 0.01794311913071134 0.07641751769544035 0.02154533435673115 0.07063489062388982 0.040142685204150014 0.08381738649042397 0.09492316687499118 0.08599709366952132 0.05711752635548903 0.005472902556292963 0.04273703928497975 0.010851494607620082 0.04614678216330379 0.06885631940183315 0.015064994437318133 0.003866098378229751 0.03402833594312148
86 0.04846963947848021 0.01018869154941861 0.0733051553480469 0.056762606456164905 0.07765720203291762 0.040642087255328065 0.03858976153384449 0.00761091790978433 0.04879647512914345 0.08374121882931801 0.031919451821660456 0.02966063501634079 0.04177361504250501 0.02303799462307527 0.09151025053708892 0.07979198128461097 0.08257588869781081 0.08239316703259963 0.03960669240315063 0.011966568018710912
87 0.023996389691185248 0.010951986511372108 0.09495230092933711 0.07786658352510066 0.006603738055348977 0.05313320574649553 0.0688232328151833 0.07686559693950383 0.019254241057108493 0.10802284164685633 0.027304819017331533 0.04411848217606015 0.047202383638685105 0.06320662929683649 0.028303585731839206 0.044837348601578696 0.04907669509767741 0.10333950517945503 0.04005975887989336 0.01208067546315124
88 0.043856432966144526 0.04056073387576248 0.0639036598258602 0.08045400259708545 0.058889344689966115 0.060539811394455294 0.014000424931163344 0.06555044338680592 0.0907461753530068 0.07949345626454073 0.07821063090789408 0.023873957378853138 0.06918215275210478 0.041593782942815634 0.0197594998702512 0.00900231060124168 0.06203333701005275 0.04602984868552223 0.011300466656306804 0.04101952791016692
89 0.054007886733613585 0.0851733641696897 0.05127585529219571 0.06146654936488237 0.05133451853165769 0.07661226260917428 0.004566371650523047 0.04715298548570816 0.03251951838682151 0.05574242942693087 0.04689327978913502 0.03128301612301625 0.03870055117792369 0.026812649057574793 0.0462189474254368 0.0824532982220725 0.09362837579478558 0.020704696127286256 0.0005678333480096822 0.09288561128356267
90 0.06325412290065455 0.017480569398710524 0.07114825777961954 0.004221570583035836 0.06106076449120587 0.08447636019743744 0.006279742725398755 0.04916750558096031 0.034635981821456475 0.04931930771572262 0.012227271497916635 0.08625581064537592 0.07989412222285527 0.05276779551775605 0.07048042951466683 0.034858989467418264 0.08485977959198242 0.048818431591193256 0.01909716523956933 0.06969602151706383
91 0.03291863998831765 0.07763967390224696 0.09716813780191041 0.023228893398476023 0.010660941676777806 0.03298934240387835 0.09836572730509097 0.010113281539840627 0.01915097456148164 0.0480151485382068 0.09990553174931363 0.007339879333298349 0.043434935947032426 0.04160702892395823 0.09783695888537214 0.058237423409199254 0.09052353207311217 0.05969827990997651 0.03105528980532048 0.020110378847189588
92 0.020183502227222355 0.06223851680137011 0.045035175651968046 0.034442589574203895 0.009026269991106707 0.04699385212908832 0.05903432687311195 0.08958059992950229 0.048012462561608106 0.07908954148443428 0.08626595932939674 0.04459613247836614 0.07983170103172857 0.03785182049689528 0.04865920383130447 0.019158100014235124 0.09299386040360358 0.07414542287377361 0.013869448660923272 0.008991513656157185
93 0.07363454479890802 0.09670239463865567 0.05372424218233223 0.08993847022732115 0.022724943805346773 0.014609506105018483 0.02790468028130061 0.03871812940951527 0.08205371975062624 0.0629629586122658 0.028163000615600137 0.06201732476885072 0.06942326668309025 0.04987280960113992 0.016362144720516152 0.07737725214278772 0.03207830940756251 0.07672154113981512 0.022995798124943595 0.002014962984403569
94 0.09314225256966832 0.04745941998001168 0.0414163763662146 0.057125431281015576 0.045659155576321137 0.025514525001514143 0.05452507784922425 0.09596812769974346 0.08930865625601649 0.09726432246623731 0.023823898688600596 0.06698109085002985 0.03411370939088245 0.0471388108640203 0.06046434784274258 0.03277434641354381 0.030764079539504184 0.006904217306457116 0.030671666827428282 0.018980487230823684
95 0.06507049571000946 0.06988348536244228 0.05091219865508011 0.04657076645860463 0.06178077943733985 0.04848447103771876 0.036835619979746485 0.050127206752406665 0.04630563810651193 0.05314018708828931 0.062102043318057916 0.05764717197792292 0.06603668900511352 0.03391467868253345 0.042098082457577825 0.03306462208998786 0.03476122674229282 0.017274693282486597 0.05719825891003792 0.06679168494583958
96 0.08459105943313486 0.0008910218226778015 0.0007949024668556994 0.014686446308054648 0.027562458180485735 0.04594697223165361 0.07777043850633988 0.04388234976395529 0.0949504581615237 0.08164784746620207 0.04971693917949144 0.050917579994843164 0.04165330295783081 0.015617277339387952 0.06595487925463947 0.07845647765245427 0.04365162654908471 0.10548984615804916 0.06866948389892916 0.007148632674406445
