0 0.04924470362192572 0.04489548314849072 0.06757048916782586 0.021619122630808344 0.08942416601471424 0.053631043885325545 0.007713910137104199 0.09545315173335125 0.004371834768912146 0.036366052954228234 0.0873983146016203 0.059230047050810114 0.09411742776402245 0.013723199383183159 0.06159258789146722 0.0707198833666519 0.01837246445311088 0.07214111003282897 0.007472511391520759 0.04494249600209787
1 0.0798465584738188 0.07680725332236668 0.05239170231303303 0.03598515512068172 0.04092561779860079 0.04513668807756735 0.05455936004620558 0.015175712999638023 0.06429066353109424 0.05929430936329431 0.05483622288733152 0.047279360237622144 0.055700512265390675 0.07608302144469457 0.021333822104133794 0.06378446944161906 0.023093215788502194 0.060238619067941465 0.004204652152666552 0.06903308356379739
2 0.005599116421813583 0.03691481151655495 0.06658472355745704 0.09085430458407623 0.02687314032829074 0.039105459564850925 0.09011703594537333 0.09342346676201149 0.07105475807370817 0.0832846239888618 0.07616218153638343 0.06651610002274666 0.06268270419948657 0.040523452540342925 0.0234538529074654 0.03869681162087902 0.03387671240878685 0.0009927238407566187 0.02805919457854537 0.025224825601608852
3 0.01938853595085032 0.07224648588917933 0.043428973308707784 0.03722037029996787 0.029460268814119662 0.04126353056065828 0.05831037689221278 0.016728090200848957 0.052156722346904244 0.042670559064473985 0.10947836143013587 0.012504135555102075 0.09543849532421661 0.016589514817430897 0.08984377671793146 0.013118524852465136 0.04178020205579063 0.07893661458179058 0.022421565183701392 0.10701489615351217
4 0.07841350160291195 0.04855019873844182 0.07646695935912166 0.1013903765132676 0.02130106087212531 0.0013691147024058909 0.04478386150459225 0.06769080737662524 0.023321135385321278 0.033522450784313165 0.0682413398628212 0.06360875484217846 0.019466295955083552 0.1116793222341861 0.04040608842174842 0.11168883042692929 0.03717089638643052 0.009936410678067295 0.015069579705903882 0.025923014647525364
5 0.07617905123592762 0.07767486230307508 0.0032301803088594576 0.0763186085570201 0.001355707560528523 0.04449588197370229 0.048153273396171134 0.058585635831199905 0.08181861762409183 0.05522006892768053 0.009457267811281315 0.04124549382562923 0.027951053748779847 0.0915893521056198 0.01851499246225462 0.06171364769521363 0.08182494082670654 0.006021500904459273 0.07107268417612134 0.06757717872567795
6 0.04113266173716301 0.0854532290114749 0.006956089566917587 0.07188188939824713 0.020017890186979935 0.036474727540264144 0.08402367768940906 0.0681935287006964 0.05056033855304474 0.03374499046800053 0.06949541298376949 0.09044345117780764 0.07669821571725104 0.023123668520870742 0.01029496967855283 0.00959469457451506 0.04253086320417967 0.08680021000804194 0.0230899631645288 0.06948952811828528
7 0.0916834602586378 0.007939961249389104 0.08663468672837792 0.08770186035312015 0.01822383828361965 0.01839998689649267 0.03863243716555286 0.020776034743022975 0.10303583359681548 0.0751726154329279 0.0324603620667215 0.10554050285947203 0.0017024987474778016 0.07358172882308489 0.016221746417094857 0.054783585552332315 0.010729484318130221 0.07707015711668092 0.029581032079552896 0.05012818731149611
8 0.07976523179210046 0.029641882395813765 0.09702214294687504 0.03851127699731897 0.021075704106509628 0.018819548992799022 0.08317210846808228 0.05695784539316646 0.0077687587145017535 0.0701245979803689 5.674603171970853e-07 0.09859996082391445 0.09626229098657944 0.06527121951224527 0.01454897017679144 0.02756283635442607 0.04231538839494877 0.08223674159134733 0.05808269829422226 0.01226022861767147
9 0.03419715710228214 0.029455216481013343 0.0718512984884118 0.02927023098365525 0.019248516723115724 0.06717743566743446 0.06678771575549224 0.057357416658811035 0.0651829083170377 0.06320404273494193 0.039104150826428465 0.028187255499838946 0.07953202823733621 0.02675618562551225 0.009239923861208602 0.014738037543237667 0.06895216806379756 0.08458992792416437 0.08588712540252148 0.059281258103758894
10 0.012947161789514487 0.05663524597715007 0.06235550155978271 0.01471153804496514 0.024084478891918684 0.01762202663436867 0.09330701976966752 0.03127339289886319 0.10591324256755939 0.08503746672869077 0.08472758797029928 0.08695708774962525 0.032470480568638466 0.0028223174567248654 0.0498702089529459 0.04684594288361826 0.015447238687477771 0.042914417017647644 0.02740551691095353 0.10665212693958827
11 0.06137094260628118 0.009842928766542823 0.00901261692780384 0.05221205738644043 0.015024965462636085 0.06872142156682311 0.02992788475059209 0.07393026889087094 0.016843360835724516 0.037747541474307915 0.04699886669482665 0.06640632454149341 0.05702804347234423 0.049685210341374075 0.04608944896141985 0.07442245313535768 0.07857061184124631 0.07036070850401052 0.07177980794265178 0.06402453589725256
12 0.04829768046661174 0.04604798275914322 0.007510728304127889 0.08170758390183053 0.11141052678635974 0.0038645021871170446 0.12552658372103428 0.03071834831269362 0.04400635244300287 0.07454597486200581 0.0056666445440572664 0.02124240746632904 0.00047551423266976596 0.06678064498536519 0.09433077571382599 0.052929761449426765 0.03867042393984489 0.030790646148072014 0.0909838190339175 0.02449309874256488
13 0.04024987040939979 0.0399137715179527 0.06123936491350649 0.019799405413813212 0.046970307326198356 0.07530000154096624 0.021856130738182055 0.10111068613173967 0.014979327843179582 0.05074909216357012 0.0881163754984825 0.09919788281161922 0.00698775238442605 0.08423774055290698 0.05352486879072185 0.04959889316964467 0.04196277838023536 0.056655628748697534 0.03193352919728115 0.015616592467476669
14 0.037507769225716164 0.04688109288948762 0.04029889945082621 0.09435653347395097 0.08793650187590296 0.05918593380302666 0.010625724365756288 0.10661721940564499 0.10377537899189494 0.03698720523494186 0.007228381492705679 0.028863546497274382 4.894300189760755e-05 0.05217703062863896 0.08754967464085613 0.044848102254240775 0.05076111528738578 0.0009998165064476357 0.027109143408473875 0.07624198756493049
15 0.11359705178415101 0.025303571464578574 0.018126561090426214 0.023313516571537483 0.045603016076910106 0.10720493712409773 0.04159996625930709 0.029279613335759583 0.004276188121921947 0.10234308459744569 0.007838042420901473 0.04317473725465231 0.03723636178230138 0.01656505677198179 0.019132677517638644 0.11268744296675917 0.03136570957790456 0.10780217245479978 0.04376373939724245 0.06978655342968272
16 0.024154026574150018 0.10962434382717513 0.014809151164496734 0.04746628685059381 0.013802342895091295 0.07165041218445614 0.04563580844560809 0.09546734380773415 0.039675055921077035 0.058959331740706465 0.08341437765555133 0.03994040343063095 0.10715530002030452 0.04217560698555797 0.06657103806629694 0.012969715836784256 0.014931951102732082 0.024279320072107077 0.07772096850803965 0.009597214910906196
17 0.007049726133469308 0.09011010319974491 0.08832161934355344 0.009873199367418494 0.04158626465526027 0.05343175905807043 0.08871332483741978 0.0724348242814433 0.05443142676066398 0.10137798399358318 0.09930299463211371 0.012824606323529874 0.03321234852254036 0.011118144049015987 0.02638668979221279 0.008687421827760635 0.0005061993386182545 0.07506306291975248 0.07778429127989825 0.047784009683930484
18 0.07126109661676606 0.07859013307172007 0.020960251814525127 0.0510087630766892 0.07090402205564078 0.017872174773869813 0.07566118581887449 0.04647931750750188 0.06552498595580984 0.05011415394464791 0.06549884008115017 0.036943575781322534 0.07711564336810857 0.06416316088877803 0.031675624251786605 0.08639268141455964 0.016400095824306155 0.03865865821016157 0.030926714229528335 0.0038489213142533364
19 0.03524557653847144 0.06712288123521352 0.0009554503841688931 0.08080952414841996 0.06912201276203192 0.04292129452619077 0.034907543567653326 0.027813626443875125 0.06090321653251164 0.052759722739319156 0.031119414883794216 0.058189156148053485 0.05993788475581494 0.012508600109801064 0.025550139359306917 0.07265167065570446 0.0745547637142963 0.04707460072799798 0.07057130329651176 0.07528161747086316
20 0.021026223316612032 0.07468426610334104 0.054358074449629895 0.03744343915396938 0.04410798969783841 0.02027987801230391 0.07537987715713367 0.035447933806362054 0.045201208236917124 0.07654971514894664 0.05619278808399119 0.07145744146134611 0.016925861989345845 0.056525187932749806 0.026717960792054345 0.08021680408394259 0.037370486385106254 0.011159317674023724 0.08326889675104707 0.0756866497633389
21 0.0023057271469397846 0.009798714141767672 0.09955597365574893 0.019088316235125885 0.08194982141549297 0.09717983812328426 0.0031038986749872656 0.10752178239700874 0.01879480854546413 0.04556947020820052 0.033880888578392956 0.10880364700246589 0.09249530967265068 0.02971551152894856 0.03852509423950653 0.008421269083980684 0.03433625301869678 0.08680348508718116 0.020634616956609904 0.06151557428754653
22 0.005393558684469349 0.0747972895464312 0.011476577147505418 0.003198662425693011 0.04474795530776279 0.07023666623382681 0.08916372415315625 0.054828360704254196 0.022195141024522334 0.042236316730354384 0.013052366114319635 0.03931267375203169 0.054924916211853504 0.08043400952755798 0.08071271956722072 0.08692540253502377 0.04618622619313917 0.05993808890801213 0.03984619932123468 0.0803931459116308
23 0.06528155083748678 0.060480966413630544 0.04406238664523891 0.01333885571889687 0.06600618480919893 0.07330074114967486 0.019179576269253356 0.06574474449115614 0.03262016296024274 0.008498774327637243 0.09639038500003413 0.030821935233781975 0.07615950972974875 0.02529267413012534 0.011261452951286716 0.09819392821085245 0.030406083222136126 0.03246837352430418 0.07169118867004914 0.07880052570526451
24 0.04065962614184494 0.044324312004775844 0.0464455973749594 0.03349120804153675 0.07174532288973279 0.04096705665039753 0.047888626680892034 0.07292349616201277 0.04646188350448409 0.015916564721926263 0.04641259169972884 0.05715563981747049 0.025670672193520205 0.06426145606980777 0.09270590828624634 0.09080358658247922 0.03523731788089531 0.07884733855410872 0.041981343192998906 0.006100451550181898
25 0.09573341416414492 0.09951817224066299 0.02333530253888253 0.09623036708538373 0.09787182459234148 0.02575315951038762 0.01853158922587888 0.08070659944383073 0.09064414252243479 0.07224147220573424 0.03476500098012553 0.03054085470434199 0.04458276044836805 0.013298868479849606 0.01197267935738205 0.019993369424907405 0.042215674282988995 0.03466889600657678 0.010154550138318001 0.05724130264745955
26 0.02598021752522506 0.03525499783821318 0.07568708068093306 0.08871539291409651 0.05658451322150709 0.027897314155294266 0.033724622603047906 0.0011977966688551762 0.08248930458961788 0.06203545197331474 0.047065475961273494 0.07701710502118352 0.017011105349640128 0.06616799089437542 0.028697778882182747 0.011690060742982383 0.09834270232818357 0.00838901543378065 0.06423186234072423 0.09182021087556898
27 0.07594979045730184 0.06780863191598327 0.06352061225612066 0.0703424019341919 0.001177661322879973 0.005482821428033769 0.08677285483915359 0.030561016985126088 0.0431905055878586 0.08851311297823372 0.01277423046644284 0.07236102973880777 0.062050657248459776 0.08497235019153597 0.029657797394799325 0.0605790796877172 0.009430520976831001 0.035205173219730115 0.054192702393925034 0.0454570489768679
28 0.08558023023231456 0.08975053167412837 0.045727455599731764 0.07698634361522019 0.01927963900838056 0.0286222303732249 0.016034434138611737 0.09115138527193023 0.08359947944191631 0.013747368199281618 0.031969223553347144 0.03081354740369313 0.005633542016939684 0.08690275054474247 0.08143570945492802 0.007449775460900933 0.07681988357246133 0.03430476848186854 0.04176052235760923 0.05243117959876918
29 0.036628796006807365 0.03154698075332679 0.05537097346768267 0.04057119270851165 0.09430229046068782 0.026261460226470024 0.018515645310701306 0.005768804488527375 0.06886705636590464 0.07768098590180877 0.09637784142628823 0.009820306060999064 0.02324927141888405 0.05987785060211592 0.07476185730226308 0.07242115349803012 0.0479212075452391 0.046623919757381 0.023770469279174224 0.08966193741919713
30 0.05997874012334545 0.06238869658648934 0.05013182774304746 0.019983124668177286 0.020131805150582258 0.0663096989482759 0.0592658872181886 0.08510392381057344 0.07090932118688667 0.001229123780187725 0.030609416650417665 0.026630537892246096 0.05672997225872906 0.028966952399871515 0.0817013006542235 0.06819876235219395 0.06144728688123295 0.08560560193956077 0.04211592006802721 0.022562099687743274
31 0.07708741057490301 0.08036349537821463 0.09666152963789913 0.015568143387409762 0.03467125350531065 0.05062895617107589 0.07063210997253845 0.038159877798262055 0.07819107864649634 0.010100143665007116 0.060618801484977065 0.06898266357468402 0.016444105235152103 0.05882938279443591 0.03953074661583317 0.00677609502246454 0.09426632910654095 0.03928680688775853 0.03815495824103386 0.02504611230000289
32 0.07435374380988789 0.03531271572802135 0.03214777023890861 0.01997282413983476 0.014146477423773883 0.02197514252139772 0.05434558562851523 0.07671622254558368 0.077523347457583 0.09450078582359205 0.09354633341221959 0.008995359119411406 0.06081109864248835 0.08775287592985705 0.05228287446147645 0.09045305708549208 0.014213026934279439 0.004628478239544567 0.0766292712923317 0.009693009565801098
33 0.07660386490619174 0.08414934712549045 0.04020854250291661 0.01637391134818376 0.054373621168997896 0.05369547385873325 0.037761040096746884 0.05092950180283414 0.020861203065060285 0.08029891016218049 0.03348430970620762 0.05590467667790966 0.050249444688095855 0.06871136692886401 0.016040072557797304 0.07137629514774112 0.07225416312299496 0.0068652554188268445 0.05225884820225973 0.05760015151196757
34 0.08504087365086029 0.02128675637567519 0.08784634691438294 0.039749424975129434 0.06029869968147899 0.038146430376623845 0.04877150158467946 0.0915983095700837 0.0005930498883480434 0.054072784556120544 0.006721689269039961 0.03830890202142809 0.011816043954520303 0.08265913147856292 0.04031308717678447 0.011242494668074107 0.08991278926136778 0.08288799637040932 0.04044697224387222 0.06828671598255832
35 0.005190692037961018 0.0808726253185347 0.08469356048510684 0.01813345507963323 0.05403238702387779 0.01176241208697806 0.07866693582615043 0.016688277539248307 0.009772631871915786 0.0932602791738931 0.07498498304378244 0.008787858769918758 0.0727475146446599 0.06957379475992861 0.09713571293963282 0.08602417397029213 0.04417592887825357 0.011579365011882439 0.05068015683562516 0.031237254702724954
36 0.04927095916219358 0.03521525663938181 0.09392012025166901 0.058679662442700266 0.00192235630568968 0.09367552332058914 0.07027522839274716 0.0032873475118741645 0.06353221041318764 0.052538693413222065 0.00733905753075321 0.09357264998857757 0.05557976167700135 0.09208856570151307 0.02121725317394734 0.026472450633562718 0.03556040754303879 0.05596958078146988 0.019411965705784427 0.07047094941109727
37 0.08659544534059053 0.061741399680039485 0.08165974544277708 0.009428885399411821 0.037472681216670134 0.02082301335248784 0.10985549969790734 0.032631499597923525 0.06991911892902315 0.012429125698068253 0.009457257580801378 0.0017294041187035168 0.019847988605110143 0.05395104806177524 0.002432111480338222 0.07789307278301648 0.10254067575033607 0.09488038507833803 0.03876408331189715 0.07594755887478463
38 0.05183136017484682 0.09758477175271474 0.018104085992610996 0.012997352939959314 0.040004267537653085 0.062095877276795546 0.10933173536859277 0.0698822064211462 0.05766529138226602 0.007849389442053512 0.06786079911772425 0.09739980812397635 0.0024586754171949036 0.10021833330358523 0.0038708285648216836 0.019442185025076494 0.04380255368231438 0.0018393189788249225 0.08426056210071002 0.051500597397132926
39 0.0770879086884945 0.008413868339554471 0.034750861037494564 0.05209417396953579 0.026909360427356612 0.10179086382492623 0.04954466934805052 0.10508752722427687 0.03069406774038094 0.005216035133122458 0.006753572089582999 0.07312862380580862 0.0037833235311423804 0.04608867173937058 0.0807874946275476 0.09033823067575436 0.07766804382967285 0.06812571737191442 0.057863719882110504 0.0038732667139028953
40 0.0872387102762428 0.034354787482788085 0.09008349739525397 0.0009409671321059511 0.018100741539534785 0.04560439281848741 0.07788265243940655 0.09120950374342472 0.03881515475979002 0.04368643998339074 0.0023428776113723574 0.04814409524406871 0.07850030914501867 0.00648759869776668 0.0707634238553249 0.05524320706882499 0.014693859580317912 0.009831531853139619 0.09753471659660229 0.08854153277713893
41 0.03411691595937131 0.09290507574592101 0.08725657472456547 0.019202228475057447 0.02203877454896262 0.08869931466908032 0.07202047501255451 0.08085389872125688 0.0625608873315872 0.0040075241654884755 0.009094382473286913 0.006462571686731034 0.046722498165716386 0.09009485210599558 0.03468440953002658 0.014263494810325999 0.05627388222121512 0.03288071910600527 0.06351289032240494 0.08234863022444701
42 0.08467360801177537 0.0756130937413846 0.03846419609352233 0.0694359453418108 0.0566522841325764 0.059823357930552754 0.06813372876392758 0.007706640234646716 0.04923604916489082 0.049431468838236015 0.09155900504340199 0.05004902976405148 0.056993451509892636 0.03657638775186506 0.0030436080464421246 0.05076734303190933 0.06436763783142511 0.050653805394756585 0.013415573968042455 0.023403785404889833
43 0.03023514216244563 0.0270190017351311 0.027595708546674466 0.08790649346680897 0.0011959101604771794 0.03980577795868869 0.03676094390871679 0.04541569177684943 0.05384858086278537 0.0578101810608722 0.09051441233242685 0.08116284332010214 0.05380047699988359 0.01138147619622306 0.021817350293653365 0.09741358223365752 0.012244428808668734 0.0344777241942071 0.09461034980136622 0.09498392418036167
44 0.08281995098520656 0.03825708786344409 0.08404549043735378 0.01772195416016847 0.0474668800646831 0.010926155361006976 0.033824215595241014 0.0006774758453988166 0.02585954727926571 0.08871633417388643 0.0007084297260845584 0.05800397928590906 0.07078764854974025 0.061322376695480116 0.05818541815760793 0.042427798825774514 0.07301545719330323 0.08681306410022833 0.032878420871674155 0.08554231482854292
45 0.1000573828731472 0.08377699255789063 0.06637506857374656 0.017261606889117636 0.020794187437851892 0.012033879823229484 0.026628244874638517 0.004921406247820722 0.09134457582815278 0.0902184391539349 0.0034481434457987415 0.08391875618766727 0.032979003069170475 0.07781988906392603 0.0459962422172566 0.1017901131799327 0.026525313912260557 0.009776094731088134 0.014543777927127015 0.08979088200624216
46 0.08024557303509401 0.0036327741005057154 0.08752362621501304 0.057679248131770805 0.0855623818421571 0.01858172699396206 0.037901524545541805 0.07616297885238542 0.01418101868234534 0.044012601501690035 0.06818548981386374 0.07525877451165484 0.010923790829911668 0.026364614750565566 0.07900776317142423 0.021873620341417214 0.06957050982557032 0.07500736989201613 0.006350310820252094 0.06197430214285886
47 0.0007103402397382132 0.07706050342147168 0.06779916386714294 0.09236824525923291 0.034252836012761176 0.05693562573695894 0.06284769833333011 0.03373047491100418 0.09500857427622078 0.10283330440998685 0.03786409624094303 0.0025504992476354507 0.05082972657843771 0.058986026496700567 0.053125963435648384 0.05883061964996551 0.04930049016654114 0.0015594024821317166 0.025488372924382174 0.03791803630976659
48 0.10341831563365658 0.035804696690438155 0.08423571642211464 0.041502010116450584 0.0401647000994452 0.0013552432897140417 0.07691693529566841 0.002779220123946395 0.018786810797044074 0.07725046346111632 0.0604463491426986 0.0033815969609844207 0.07948719654719442 0.07803831768211218 0.06724448172948487 0.05045015021211083 0.027694080087731453 0.0627224845855775 0.07171290967425148 0.016608321448259713
49 0.09197371318183412 0.07325405652097937 0.059757893202942454 0.05131267838878514 0.0581408370842765 0.07298117902429735 0.0638290552487715 0.04135560593492 0.034651079309752336 0.05941954324969693 0.0013067679210760404 0.005457773194496307 0.08403264643285208 0.06101664098205355 0.018603159064391965 0.0709730022698879 0.05045440690443767 0.029790889325193585 0.06293884297761697 0.008750229781738245
50 0.03686230724669835 0.0016227592352671427 0.001635286801802642 0.08146555208146361 0.02469785166179889 0.04893830421300117 0.039021107051612006 0.02119245429593047 0.07452824142564403 0.059011006691045254 0.09459007900922632 0.07966695547322168 0.029983813751037973 0.07405934176270797 0.05874216131578242 0.07110368423966383 0.015787572537808558 0.03325860359354129 0.11087521256029567 0.042957705052450654
51 0.05941219880847842 0.0077039827773155 0.012751575543721248 0.027698604066353404 0.042310911938099556 0.0944201308837467 0.06327765975570687 0.02775595747442989 0.048564209023897936 0.015994349497899116 0.047719853989772555 0.05338120706159228 0.0498887009915695 0.01944380335047949 0.0864240179355154 0.04820710493470984 0.045427941909263914 0.08003732143414544 0.08435432530952158 0.0852261433137814
52 0.082617030772574 0.006191229579793736 0.0292640131109172 0.0077696623717733145 0.10007288428308236 0.014430073929579505 0.10174187985971497 0.025730664667342192 0.05445740233000628 0.0513978467715167 0.033464872885537726 0.014711951541052391 0.033129492429713484 0.029296773624417443 0.09032911757757822 0.0009310091028593803 0.06773158731768154 0.07160513655641443 0.10000424386136002 0.08512312742708514
53 0.05629211010596425 0.05593503223956554 0.014370660016107283 0.003316307485385636 0.010142624658302837 0.024639871041551794 0.07680439028135105 0.09539634699193186 0.07462464533415931 0.06501760810287972 0.10384174070269438 0.0829281915022873 0.06829408684370616 0.06841009374967029 0.009605573906753737 0.016881080865471697 0.0017711850740143266 0.040168483661924194 0.04032300651745753 0.09123696091882111
54 0.03328340636066206 0.12133187709629363 0.0525166120725312 0.03691491449776023 0.033964348575281515 0.04882295316727374 0.05553962421537491 0.09096609464873483 0.04342523991406023 0.0703743441210113 0.03571373698127971 0.05288047517908025 0.025312523635996394 0.07973418418272299 0.045959245941146115 0.02643533255335888 0.0069997800885241695 0.039303847815439275 0.00014293512866345984 0.10037852382480499
55 0.03996794731691412 0.01768037889848951 0.052443258525569136 0.05104733719647896 0.059426358522548385 0.03087807099292305 0.043143015421893596 0.06653906623850259 0.00927494804238853 0.058647121728399185 0.03582509468883997 0.03888450878291 0.07696474460559098 0.10128933357995214 0.04752125109618903 0.03307604298695542 0.06537274549631063 0.02181300650808407 0.06775917825875544 0.08244659111230514
56 0.01194198835923931 0.09059393195519881 0.03863316214500515 0.07530861805896383 0.01225638993669208 0.06089594312974923 0.05390742977787752 0.09277085756750356 0.04232702351445651 0.008899493215302513 0.08486663979743193 0.005415429801190943 0.08240244590901658 0.06026395566222332 0.033867879786511595 0.07879945426155728 0.029142424448209102 0.06620926411577586 0.013980602231042059 0.057517066327052814
57 0.04671071333874209 0.08018852154146203 0.027067260497800987 0.07687557305036485 0.003763644706793212 0.05507342601105458 0.07425760376029908 0.05835927659216633 0.08291706951379696 0.001226576638390763 0.060655112652658105 0.07305700171588862 0.003524790782509962 0.03801242131788225 0.03080630194394071 0.07662641386984691 0.07144828166803734 0.022096989172887 0.05462864342971303 0.06270437779576528
58 0.05402531842014485 0.006538766685071568 0.04697157889331739 0.03687893589091505 0.012308832738879493 0.07241058345577042 0.02608155315640306 0.043862072019699695 0.06740583740368067 0.07400501471664195 0.08064019933284981 0.06104067328677683 0.02741851939113613 0.001999451423130659 0.06926900650387881 0.08236244210805903 0.03947786820416895 0.03476552662217737 0.09537778747190057 0.06716003227539778
59 0.01943793656460791 0.07905873765695538 0.002519171575107948 0.006783431666371347 0.04002173122793105 0.0008433179510681496 0.01223111529037657 0.09910519775551456 0.08186254782222936 0.033272020736068865 0.07559562155886015 0.044215349476040396 0.051843182796732445 0.08483154610224995 0.07991085771964555 0.005978591965883414 0.07880064817604739 0.03976662352124426 0.09658552266916316 0.06733684776790194
60 0.09667545129657938 0.05302550010783561 0.00011711109396406194 0.09074440879425338 0.04429585283171563 0.04774385413458545 0.10647712899647493 0.013581502816513406 0.00826609866410162 0.006552724573708263 0.07340278035487376 0.02610757323028381 0.08985007103831855 0.07359937778974264 0.041962162879323646 0.015699733983322268 0.08423658473276101 0.00023685283810391972 0.02942801789000769 0.09799721195353102
61 0.005848023969070167 0.07436449237677335 0.07729727833827692 0.01632400431897432 0.006809169519255022 0.033976655163153256 0.05469035726247546 0.049122047256991944 0.07921768517772024 0.0527614973874754 0.08545800726743936 0.05734686311116818 0.08333822415625895 0.08478720536791728 0.033291220707582767 0.06732664764438703 0.0021797891219113943 0.013730875811834537 0.059206578076124707 0.0629233779652096
62 0.036270318865308376 0.05578887559137026 0.09219836401546486 0.07151499864038341 0.031179158471309545 0.08019791368081866 0.08170242673473109 0.05479640829760493 0.014478570683411062 0.0317864930055502 0.07483222624392216 0.03061586854051845 0.021875010830096873 0.018075493341633563 0.06336265517163306 0.08715952729739246 0.048899093800828894 0.010128180600090575 0.06760007955261327 0.027538336635318225
63 0.08199227615905419 0.06839071717503484 0.08964964486910494 0.0915280236536262 0.01052529806840011 0.06236601649637095 0.043244049832119255 0.06280249339053207 0.05255173923099238 0.04058908811627966 0.06662302350078626 0.03158273596030967 0.04259401248457615 0.08299462583059886 0.00848424074146463 0.008912359943628278 0.005134436775405079 0.03424952670158622 0.05195487021898917 0.06383082085114124
64 0.07524904684800866 0.07465091678097063 0.024977867946651758 0.018760146105969055 0.0001504137666086164 0.01678757569910258 0.08827131076780301 0.018470161510234735 0.045649706179679735 0.07501919044950657 0.01782137645777184 0.028078227421905043 0.08437727199974425 0.07799172627627632 0.012786003558308574 0.055835955941172244 0.06934220836339137 0.08712809652497328 0.056612348120244 0.07204044928167784
65 0.09447723298480014 0.07503469530819547 0.03723490702650158 0.09040233121198733 0.025192325070249755 0.02800039717493317 0.014930327727195896 0.06177576529440103 0.019093884321106064 0.09542929000273913 0.007676063457337644 0.043250210375885854 0.015020504811808442 0.04740326696084646 0.0011184444533262367 0.03358855814327713 0.07113878914945124 0.06730243164974999 0.10567835709710542 0.06625221777910192
66 0.04746045767194846 0.047188021390890414 0.02917088978270675 0.08130689722194775 0.02068322613499229 0.05203774605120285 0.0781243017378066 0.046173688266177536 0.037727659995454334 0.027130075327451503 0.06975869815745324 0.028994533138449196 0.06810076694401404 0.1026193223269128 0.01826485232310383 0.03809699788533252 0.03634322924019243 0.028640585625655055 0.05832263841217858 0.08385541236612953
67 0.031004982313449742 0.017710504623778486 0.08173123674998165 0.05408939665744908 0.013826144473666431 0.08187928134128791 0.06028969366429012 0.08060797395463239 0.06270627193172992 0.06473001955199327 0.013637298711699828 0.06266970686122704 0.07167600940990149 0.04553957215355103 0.05061089860360082 0.0007050952282185372 0.07676858111562296 0.06127661118688907 0.019376994254487377 0.0491637272125429
68 0.03781521188983813 0.04324894786369355 0.05478864421045406 0.07466552403846992 0.02879033746163686 0.0883951541164949 0.03718219132359098 0.01126650726815342 0.013015037248694914 0.05814393129864251 0.01368064307760443 0.0030969445685843475 0.08901199555396518 0.08268620037037284 0.030232599897342234 0.09036229260207576 0.07218296311769863 0.041787419277496116 0.04374737140623163 0.08590008340895969
69 0.02286522921203834 0.005793108021384373 0.09207571872519829 0.013046240134927596 0.013587850408170794 0.061594039805046394 0.0037014785496436004 0.024984730126510164 0.0836097299675876 0.01300670265326799 0.09732072241299133 0.02251431519911144 0.02402334864914134 0.0490864635656006 0.09930144763084688 0.06729532278298363 0.05620264789680248 0.08006496075235917 0.06958513252406975 0.10034081098231824
70 0.006098432266072391 0.023405850372353997 0.04425071281363886 0.12280783547378912 0.05301766028741188 0.03664649218106673 0.014879371818183329 0.0919479861943398 0.03910895776618737 0.005102568140513933 0.052768622067026476 0.03249243680843157 0.0920872246709576 0.10107764357293655 0.027632222765940437 0.08787089786001467 0.005776241958981477 0.09797937019027075 0.05234279864113749 0.012706674150745594
71 0.09278615355585876 0.06896998056092171 0.009331584276554311 0.09742241886545454 0.05787770249647646 0.0013552372194474763 0.08912458928853145 0.06317993532099343 0.054771721699519424 0.041379986481751986 0.09194898685072751 0.06048787004706366 0.020691588725478285 0.04831229673721714 0.09329914522988358 0.015462743080525712 0.059880934979338274 0.004845961217159255 0.0213485863541022 0.007522577012994844
72 0.05970432015189633 0.0024179029640697836 0.09539645111421001 0.023681701742769144 0.020469098435664645 0.049483805406060184 0.04444542559455291 0.034606094321053375 0.061425213593090715 0.05229373622106769 0.030263740070039947 0.06950582577760578 0.08685356033617851 0.014452543112850717 0.02247596810474641 0.04810990754846074 0.09046987584955296 0.051047317524437585 0.07853800513185039 0.06435950699984237
73 0.10377625863728944 0.03327816419707578 0.002453766687838164 0.03118958969468932 0.0040584190162442114 0.042339278637057894 0.0475379449563606 0.02274719704990826 0.08010271091818953 0.001520652946321658 0.07754642111611011 0.035204044979488563 0.08349086125255412 0.07615368860630657 0.04807749149223169 0.07600267784153884 0.07008516006175483 0.0596195499474557 0.06742362301213808 0.037392498949446615
74 0.05203644909165321 0.031823893275631995 0.06981456397460999 0.08629372996371483 0.02304931319797976 0.0737992334669763 0.07701309958331044 0.023980500311164093 0.009218444399905263 0.07783633508657892 0.004731061582762877 0.08357421849447058 0.08074866283358434 0.0712456610015265 0.034733232100578985 0.008048127196817053 0.07181941653742593 0.014841809379863133 0.06469584560990234 0.040696402911543646
75 0.08116055477662719 0.03422529272033804 0.04866468494703426 0.029098448275689907 0.04852834178992073 0.03295967817364202 0.06319519694685355 0.09023528993548967 0.06801751061787825 0.02525783609681965 0.05889293184450153 0.11227959274576035 0.06969663794670716 0.02828176952830522 0.006974462871285914 0.10654794910478088 0.04031830052507557 0.04807618608879454 0.006330094063128854 0.0012592410013669778
76 0.08342681709205477 0.04854923354595288 0.02726130260490336 0.05193784595205067 0.06424064252203347 0.07662820446372497 0.05369743973164817 0.051319804649465374 0.07127551201113891 0.017270511160536708 0.03181636343431235 0.047747446092336825 0.06361917020283861 0.06232251091667353 0.08635943540549804 0.022103420093095984 0.0266401043937381 0.020494573333447633 0.014679773178190933 0.07860988921635864
77 0.07266603740549145 0.0038337439227115653 0.0038088196066415328 0.0007476890505204846 0.08960146483473536 0.061843683694429025 0.021266998604660813 0.0925533366361008 0.04911961152548371 0.04518526809089988 0.08284369352452858 0.0834067283176566 0.09204729792956019 0.09463877941793256 0.012986146947379932 0.05423562521767326 0.026176811268118806 0.07608749470732433 0.03250189899860996 0.004448870299541135
78 0.06118158964749667 0.0244609613384653 0.07396247048793637 0.062188163110853525 0.08059008451599194 0.03167495158254244 0.05147238980560782 0.0833308111610314 0.07090103843495897 0.07892920983095432 0.014580635011650538 0.010842528464457542 0.020177505684392295 0.04730924417881747 0.0579717394621171 0.053274993481272466 0.012192889065134853 0.08395514022011553 0.03254018721949457 0.048463467296708876
79 0.07209130937641013 0.05539011099050635 0.05136208922835296 0.06617843968291078 0.05185227145915309 0.05985778410684264 0.07445294757720525 0.03740815305967564 0.06379010235265732 0.013799053531813881 0.030800405995219077 0.07339108391359428 0.04562483758665078 0.018857873255232974 0.0685303117869077 0.02099408969627195 0.05897623898751889 0.06626594439380308 0.0504929853723175 0.01988396764695561
80 0.0255713895976718 0.025207828315774575 0.07850789867685119 0.0024756719200594956 0.08476142930750478 0.01330500148891093 0.057731684046265566 0.043804304027983056 0.06978913990928165 0.08365527259198038 0.06108212640797827 0.07036733698636076 0.05827510535024213 0.01936447866253368 0.08227695577413473 0.08274414317868997 0.03485455830707594 0.021415550368706387 0.007232063053214467 0.07757806202878047
81 0.047412622200165136 0.009989466535803194 0.03985049815745358 0.04084447219826512 0.11551473342532555 0.06475433806762813 0.02450630388742492 0.021181391910096013 0.07717544987998091 0.09126531904260415 0.06861427779258263 0.0229918662278635 0.02339468402142326 0.03368352113083497 0.014033058730145827 0.08916987076078356 0.057338661113223596 0.09500806857930581 0.023194498869680072 0.04007689746941
82 0.010328501335722383 0.035941880613342164 0.10817218344786039 0.05073493204961834 0.08451505825865993 0.001161026769355829 0.09680883059227162 0.06562319058267245 0.0017785558648979976 0.03553667456706372 0.09372754021637722 0.02462234951873466 0.01635148037848707 0.0012584417164146003 0.07890152133550306 0.011410490324723216 0.1054095617546476 0.10502761992434344 0.06539569249574212 0.007294468253562263
83 0.09670086043135814 0.04319122688993732 0.006516727308107005 0.029882169485850475 0.013418206521368768 0.053542832114485614 0.03525853172394263 0.09177416141193354 0.10095267760297198 0.022879940912171576 0.06278958823895485 0.005247538919684827 0.013688478191192198 0.08326313359065624 0.10386536556540492 0.06673291740872798 0.018927045349379924 0.09948402597946587 0.001925399800250803 0.04995917255415525
84 0.08369327891196154 0.078664038394452 0.0893080755698921 0.06412204002282341 0.0008983820090133499 0.06611583239869286 0.08654948751194447 0.07238473459632551 0.008588970808407823 0.0834903869768152 0.013286099224034226 0.06191524044093894 0.07779054889162554 0.008349398842605058 0.07124508636775234 0.006506129135584224 0.00665658342894539 0.046616752082498755 0.0030220957261186416 0.07079683865956872
85 0.07627651285929345 0.06681396809206305 0.02663523329951049 0.08947446720135793 0.00033418251235577833 0.03849859430980418 0.06586327215289897 0.025529702668155515 0.08873948844520552 0.029783088429024877 0.08352209577848761 0.028558248831366397 0.07750818056850892 0.08917926275915634 0.06878582760756632 0.0008385469392290071 0.04906147752773561 0.01792080219309259 0.04480389325020774 0.03187315457497955
86 0.08527503694187906 0.08021224817919112 0.09441859796163095 0.0025386486743384498 0.06407770065085364 0.029257256857257222 0.049376271521838704 0.02498402392442179 0.054689649694928295 0.007845792595091425 0.005410593886241877 0.05499333611655556 0.046620997587626965 0.01709517898147778 0.037625556106452226 0.03709327065048762 0.101258025692616 0.09820389759461778 0.03464024185309525 0.07438367452939845
87 0.024849069915123957 0.07614478724228918 0.0050942457528871995 0.05789409374557108 0.08181710928634672 0.0756261915591351 0.03809679100783524 0.07175208962959133 0.054818727711655316 0.004422140508345268 0.07166352084435224 0.07164670965289975 0.01655765523120098 0.0370157337474141 0.04714611471029281 0.08517653854535717 0.03740859010179203 0.017844677005981212 0.08818458161296067 0.036840632188968624
88 0.02866288311737515 0.0404691429945046 0.07272148732648849 0.061012249723307974 0.060867861626527596 0.05298480887305936 0.01051315846687444 0.023300753419599494 0.05984157534562578 0.04577145819937019 0.05942698206777271 0.061815807910999186 0.07871881149981333 0.01316462683772379 0.06509783789460699 0.014270852122349442 0.060476133405774915 0.07283539579669164 0.06565428289789912 0.05239389047363575
89 0.03827284828484284 0.004795711881751823 0.08871599447619224 0.052545378649168584 0.0791472073635625 0.10857494686011039 0.01638964130349909 0.09533072686070979 0.09306553838646008 0.04631324174134496 0.0395879932271936 0.08981025128409606 0.10328627803341246 0.021265975270654023 0.009049878835492414 0.02875701983084729 0.01401955928507818 0.015065576266771297 0.004649197302905237 0.05135703485590708
90 0.04128410002060991 0.05226031418045851 0.0891199754540669 0.08059466067122792 0.092161738499511 0.015325666222628789 0.05259521801593225 0.016001064130232747 0.08349248474958475 0.07686905056221931 0.06672805347474234 0.0905172657979756 0.040718335904893745 0.06321255248422879 0.031707162867273285 0.025841991864486064 0.011210848012890321 0.023379732495610175 0.03217913687579411 0.014800647715633575
91 0.09786883134015749 0.0199349407627764 0.06930696039803981 0.0002477283187550039 0.08881167114409996 0.019909642057433438 0.07099890106260551 0.041856423579614145 0.03960660807712861 0.04523234590374649 0.06968282137365966 0.02616448076790203 0.057455287306969714 0.08912383949532847 0.09629976425750823 0.013011295226351364 0.042431532217648546 0.013352329224164669 0.05187340388286171 0.04683119360324872
92 0.006233729290164697 0.02947199355067751 0.052733774510057896 0.08479464640488378 0.01528517833824595 0.07611476973307364 0.05446963821492573 0.050746999646790567 0.040523505515821165 0.050277856551832416 0.06759013276416595 0.06836387375674637 0.05728188123166389 0.07070032990692944 0.026038099884556246 0.011111322951801329 0.017048443296755963 0.08029220066177369 0.08608440936643452 0.0548372144226992
93 0.06825537874925457 0.08018182041648139 0.07526824317768946 0.05096176918097397 0.06305012769345603 0.03778120429647011 0.019432610718177486 0.07888705996359537 0.0022739523578362243 0.08348378028984169 0.08181531785461287 0.06294692991068283 0.015735632430414797 0.04077431838586391 0.011004145312310773 0.06709039224479421 0.01603751670431456 0.01677585002627911 0.059934736518208916 0.06830921376874174
94 0.012769591843721855 0.08259929820077393 0.0647408621169725 0.048020035878928655 0.04680007949285069 0.11658712278340416 0.0625107417557583 0.056764279663263785 0.02945772169004788 0.04313790034347962 0.09770562839514517 0.0892706483335068 0.00394878133478931 0.018877979923861844 0.024563954064927535 0.09295671809470332 0.024863087608150473 0.017866339151001633 0.013434130149674582 0.053125099175037965
95 0.019268489008301852 0.01346950095193364 0.06528960701053604 0.08069423662306167 0.03612301337195686 0.06437531964952753 0.08152227524769606 0.05398693848383956 0.043450726065592686 0.06881729951165831 0.049029426335885376 0.08362392868879498 0.017755379300758597 0.0651850606078663 0.03273097322582527 0.06991792142448501 0.07573073185742824 0.05661233831148395 0.006582905886555 0.01583392843681299
96 0.01551401102073202 0.019461462998214555 0.026933150587871883 0.02527822585618657 0.020700518454731604 0.01331805841256811 0.1005825916869838 0.07894176364988156 0.07229480358772017 0.06287593219832997 0.004876620594815742 0.09845555104816776 0.07963389554957173 0.04265057689730113 0.04371413702502317 0.051594454388375226 0.06600887850875903 0.09649627428676272 0.03955711593501994 0.041111977312983314
