0 0.08561803289627962 0.07788920657503798 0.050257537456135794 0.06964065804688675 0.06370414154971361 0.07649946652747289 0.09346110093036357 0.004824923862626957 0.038311275467364035 0.02595998423408559 0.09461746494528268 0.00012744977282101 0.034045595816386484 0.07949355259809378 0.04946251738013992 0.04170701713531208 0.01297047898608061 0.03131979554389322 0.009529462005343563 0.060560338270679845
1 0.0025558512285905233 0.02348464157047377 0.022092272706511276 0.018745977173058315 0.10806539540091696 0.08647394603210319 0.009763080659973791 0.05827410292965412 0.0796524985319537 0.05756353236879718 0.06703600445074313 0.05887473354145661 0.039464364408686656 0.09924218496674005 0.02395872327896933 0.07809955766442919 0.0808096423280971 0.04149578895744573 0.020571189374472443 0.023776512426927167
2 0.022929523530627976 0.0550083906670829 0.009647309183460531 0.0354747893846606 0.08420804280830875 0.06907740259866335 0.06079858000816862 0.04146488153404262 0.043014838030558764 0.008301591854461094 0.08332132590492627 0.01882198995815306 0.09271060247577709 0.041359645695818535 0.06503602205969186 0.04489108039861288 0.04272054876106312 0.0210142919076375 0.06114842277234447 0.09905072046593989
3 0.0038048897904822913 0.0783795529771893 0.061531263113657475 0.05413924428454214 0.048380710537145044 0.050283308551811706 0.08211667045004824 0.06355607179534803 0.06906374674338117 0.0773358038819894 0.06011078667026723 0.010813777169281141 0.009838868815648832 0.034597920341693844 0.06524752196387835 0.06593884010921651 0.03728050292167932 0.061813669500274865 0.020160844809292176 0.04560600557317282
4 0.03495679656001653 0.05007242592425195 0.08292891395358423 0.019564085000076063 0.03975288290302701 0.009342867850826485 0.08256455223154052 0.08415764309208504 0.008385931502433483 0.08192951676487335 0.012800302385885084 0.07558293095957427 0.008445585327490781 0.020051603278900286 0.08065903111434285 0.07427640586065384 0.011220849973829205 0.08815149185972228 0.08387717271643802 0.05127901074044856
5 0.043941235867438797 0.004424765769650672 0.046155830912876165 0.0716699876252431 0.02774321143132963 0.06810113048756969 0.06885596087876435 0.019569723283597153 0.04741181338362124 0.041841999331058755 0.041894258209853485 0.005510692985540773 0.01637199666920095 0.11104310905547334 0.07330265713673988 0.07275317985915819 0.05208064523756262 0.059946376178712825 0.037091674648844004 0.0902897510477647
6 0.06361348888147152 0.09466178943576525 0.023728791073862294 0.044681501178523333 0.011105415994691463 0.05967714206887486 0.009043908648997382 0.10154857211703157 0.09337682319075707 0.09342141785818253 0.05377513145238824 0.021185158471028392 0.04470138575138032 0.040287221540646796 0.018855844710021382 0.04592267254683126 0.026794662348609923 0.03255180108768309 0.07455757737560886 0.046509694267644626
7 0.03872325833591632 0.058347155519515206 0.06349869884919034 0.05060026448614881 0.05849173897191309 0.06081553424409628 0.05674040248008993 0.017357252650505278 0.0014561986044122825 0.06495183281133125 0.05414263338812437 0.077530708021107 0.03780920091397739 0.06343405289298726 0.079108527282472 0.05186381276593374 0.027344589468586988 0.08036246664961202 0.01978983810462198 0.037631833559458365
8 0.08478174867776898 0.02713092852275395 0.07518111584366427 0.038098901543784675 0.04461681181748947 0.04024496718557943 0.06638885843806748 0.04781702826627913 0.018273864491033485 0.0576288867516066 0.011587142194527864 0.03283899922795936 0.02669344819695195 0.05295346592070704 0.08556420046950346 0.04731247154015216 0.08680057047214888 0.0740042653437125 0.05248089431217477 0.029601430784134738
9 0.008522464769369477 0.08648413394023462 0.09120562350345045 0.03681116227156577 0.07878848816483626 0.055333864925338844 0.030959456430001253 0.011035724529576628 0.014820765944435259 0.02984051309400151 0.09488241339889276 0.07110652238232859 0.0140634780461746 0.03957457209121649 0.024487694821279146 0.04536655719062401 0.080911495904105 0.03346467221886337 0.08316870941165307 0.06917168696205285
10 0.01053574718731041 0.06470456078763372 0.00066206492190756 0.03041749811839126 0.02974295679420742 0.06406640307750759 0.06937065945507166 0.014361242646114087 0.052915301356495754 0.09927963983910572 0.08984945621822693 0.0189285289282919 0.05361463822334583 0.056966470716962266 0.06309489657002726 0.012828735468914118 0.06921371816979084 0.09581983537909497 0.06296951204386463 0.0406581340977359
11 0.007877933700745127 0.04806536594904176 0.026985221295364414 0.06371152667041423 0.05720345367819998 0.0494922253490407 0.018679065513003253 0.07052150644127966 0.049058854176264946 0.07636673052771188 0.02408637723997924 0.07303340368834602 0.0026692833741181914 0.06782868972972465 0.05070020092499803 0.05297181444859353 0.055530064283847685 0.06536877819124207 0.04649681108778371 0.093352693730301
12 0.025982139249632764 0.07178390979552794 0.06034695344709233 0.007436048619678491 0.049451779396737644 0.07349080325356436 0.08774780835726627 0.03633082822184178 0.013397135130587969 0.021285690159536314 0.03090950633714832 0.09248592011148583 0.07306609781463844 0.058611807257450244 0.0651985191086465 0.020624073537589452 0.05167246790407791 0.08751199436799058 0.05111533534531807 0.021551182584188623
13 0.07027363507491545 0.01641677876085412 0.08999860808417852 0.02007204772160484 0.04609288660082866 0.006321829291748647 0.05020732337380475 0.018766658065873475 0.020378680223258967 0.01623820891163691 0.09946390970004866 0.015177620943889462 0.05507468901041963 0.052725038412190645 0.08992132800701554 0.05657167765981321 0.06718242735773192 0.03152544757381943 0.07897166583822972 0.09861953938813725
14 0.08699182976433581 0.02072247301983998 0.011726836659954913 0.06533625362437052 0.03299768810109888 0.03818850890324557 0.008636151489133895 0.07387564309558761 0.040620576714487995 0.05687386846417133 0.018082614306917558 0.0424346134496253 0.039810331507938355 0.047216039653381524 0.07357397388953535 0.06082016067094296 0.08029556993335563 0.018826315947721474 0.10323140193753771 0.07973914886681782
15 0.053292510415000556 0.07138420768976608 0.060557450103122384 0.030617692949552678 0.015334080116850569 0.00399732003239619 0.04088668980199952 0.043024637345885526 0.09546386323268007 0.08953892238458386 0.0035702861869309687 0.04437359172799586 0.0665059600504376 0.10701160360753316 0.09813855648728932 0.07295298446810955 0.01970086421626459 0.01854914230932334 0.045444937722732656 0.019654699151545513
16 0.09549241362356574 0.07742998211174713 0.032225545536530495 0.008197172190605452 0.06626745131518091 0.10252227335742901 0.07276901495990215 0.0018598564211064282 0.0507432978045063 0.07675811737049595 0.007519885966353417 0.06950320351072478 0.029166506496617846 0.012740317152982702 0.022991315663480533 0.055493356128619664 0.10174013704801547 0.013964496156051638 0.013451486584500582 0.08916417060158364
17 0.030192730555098326 0.03393438313617213 0.0784962299868263 0.02131567567316814 0.06076328186321437 0.03384014100258386 0.08084838468636198 0.06325308093688777 0.041448868354844084 0.059136283882112374 0.02873891937717838 0.04753289029195118 0.05181493048783694 0.04982366677948844 0.056352664495485504 0.015560520001733703 0.0617424719598159 0.07403066646913395 0.06211473297799136 0.04905947708211539
18 0.0711962156871023 0.08689616832072761 0.04837708028677247 0.06472030418190747 0.018383794737760074 0.05557169367513352 0.08281917803022198 0.0059295812705192985 0.06117357229334919 0.04720981878298928 0.08522429256068319 0.06288208381773946 0.08423076142543302 0.08743826858349317 0.004820878994530179 0.05765197448894522 0.006194438575416208 0.022082969459197032 0.017614815146371296 0.029582109681708085
19 0.020064244869309803 0.025573161039774233 0.07919432010985963 0.07399904356509866 0.014870387773771431 0.036863278076874534 0.08913051360498564 0.03959875181427097 0.026453577349501853 0.07580266645279357 0.031031344880432514 0.08529813853949893 0.059905083560748196 0.009519863208843243 0.026824427248259983 0.06657780240939645 0.09241078955444229 0.059881523899047245 0.007590465570000859 0.07941061647309003
20 0.0755319410788706 0.07702338869392182 0.06889798818605361 0.07452090656557316 0.042564430962986725 0.0657403839726689 0.01725109455586577 0.021159381819647025 0.05264855008657814 0.05968931441086355 0.04479552375331698 0.0717546033215771 0.011357651100869812 0.025824099589456598 0.056947760823782424 0.037086777712717 0.03000986760501041 0.0519084134270702 0.053148661947699544 0.06213926038547045
21 0.01154069102131401 0.01501774554547272 0.11246495788641435 0.09478813059301906 0.008486194219276847 0.006995764415649148 0.03607974135821119 0.01548960657256777 0.05947263360389846 0.06512347763642333 0.08710015226701902 0.023240550928996687 0.03869674012700766 0.04213789949601056 0.015014218444784365 0.12290493185125681 0.03061841634181978 0.0648500953700135 0.09000767950816092 0.059970372812683706
22 0.025539871641855456 0.06797127302810725 0.070568171487249 0.008724552379830781 0.022963721238570288 0.08526204235837076 0.07474790945438184 0.06783410173667236 0.01693723406948476 0.08385936949953159 0.06777778932558173 0.07915069745046426 0.07154023618202901 0.012482847434760316 0.0264842278586477 0.07169356373526664 0.030615037062091253 0.048321430386310975 0.06362502870206223 0.003900894968731711
23 0.06491892667591745 0.05209415259962189 0.08793294087968917 0.007176527267929322 0.06632419019302542 0.07117727526341498 0.0629977114014241 0.060388573956821255 0.018004435525617854 0.0365785115755771 0.0834780027185246 0.005772080761392899 0.054199121597306485 0.04888469628881192 0.07337601729630398 0.01729582036561778 0.042857778735120554 0.0498887313487122 0.010868428568482935 0.08578607698068796
24 0.04724555874958805 0.0479932601432539 0.08867637427515368 0.06241561081634592 0.00350727567306152 0.05306972136453587 0.0003670541419129118 0.04920467821872816 0.041946979836584325 0.09841687512072873 0.06374946015350229 0.04487136899643419 0.01261127427796123 0.016773176179186167 0.030828926546501757 0.06709823756481317 0.09543591845092227 0.09805426368772426 0.0513369800855623 0.026397005717499363
25 0.007132753255025894 0.06545446253436785 0.021783447414921445 0.04967394050357483 0.034413758747784656 0.08012114056113688 0.09258727149539567 0.010725563033573637 0.012292899160863078 0.035702165025608495 0.08506062822718032 0.07846256140368617 0.014325968648009757 0.10080738218135844 0.09262081459789827 0.02238609174513117 0.03640429876814809 0.013851034788893659 0.04340438972700556 0.10278942818043633
26 0.04942761409449488 0.06561407787699174 0.09964174373557189 0.02687145029535753 0.038819021765503385 0.08675026504749868 0.021418806260432414 0.013241392295246934 0.08921823473086427 0.04699050622929065 0.036035432169335746 0.07844055643434583 0.027896110817935985 0.040750683981699815 0.03870592965351663 0.059931328991733306 0.08219181938623613 0.0005962210450643617 0.09469259950763424 0.0027662056812454467
27 0.01563396748696056 0.031182442427793437 0.028791276522038906 0.06654665942536714 0.0817758021983084 0.09395953889824142 0.07859041518673326 0.0907541472036071 0.01475496017649264 0.0048114876639197245 0.04871835124458176 0.09300838287121947 0.07766663078726024 0.06647676210846978 0.060249906558369946 0.018472647608312687 0.03533174532097828 0.04926193023359164 0.015114779739966184 0.028898166337787412
28 0.059283679844029005 0.012561348006838042 0.0010682363714821482 0.02466380754436307 0.0590162732975052 0.05592966902091574 0.003915481861444716 0.013190863582232601 0.08988497714714709 0.06915816786947526 0.0008448767500493389 0.04897530950796796 0.08147444745795275 0.05969924850116673 0.06556771499471781 0.06459638758210805 0.09473606232831491 0.09059551784100334 0.08089197930909718 0.023945951182188886
29 0.052058820904788104 0.025313294138035645 0.07945747820317656 0.03986217712791016 0.002449723012311213 0.02654414049309412 0.0608848271690069 0.06428286281551977 0.0023783048251766435 0.09074999133620806 0.07355145932927054 0.05881403875073513 0.08760143546083761 0.0008050402576948513 0.03514108545653363 0.08125223673857186 0.09685802467373361 0.06677133452593595 0.032237704549316785 0.02298602023214288
30 0.05971628617083088 0.016475857813956673 0.030590370362832346 0.03396688948409735 0.029004266953134582 0.0718653549219937 0.07095868676338254 0.052704782339955784 0.0890089376149905 0.02457973880265705 0.02534178705007238 0.07855512715740523 0.08156472486877532 0.06805011981209957 0.05668375402537819 0.05411188366935037 0.02102235952339599 0.05517720640849066 0.0015543160473116874 0.07906755020988925
31 0.027089689794149975 0.05412559295700073 0.01833274072314156 0.01487473676093406 0.058830410834044854 0.08348289371938061 0.03105839825041018 0.0849139736403936 0.07189401787433874 0.07761646240330913 0.08087333704183826 0.01616583545724724 0.036535061522416874 0.08749071928001391 0.00197075426281741 0.06315884353051755 0.061882279340274036 0.03224910120440772 0.06885391540899893 0.028601235994364607
32 0.09977440633322106 0.02147032380760335 0.08465558726458798 0.022141972745759773 0.07695444895022178 0.037613476082495136 0.09597171241313222 0.06941949348585885 0.012604714151015122 0.06282073319915364 0.06427426477039651 0.09629068368806015 0.03294385658880586 0.005287767427852607 0.01766506006849842 0.07330554430721171 0.03503091078751886 0.0006458597579601029 0.005527654324443041 0.085601529846204
33 0.08977703018328873 0.03760093176326164 0.028003908578179762 0.03928106600541719 0.11897671232474817 0.09834708534921377 0.060290516003687504 0.08758450546784603 0.04042232892060443 0.013389984900637811 0.08937572657106473 6.662273391396464e-05 0.08645570146190372 0.02167688321343174 0.036682862522376326 0.018734777654899816 0.012584514292658836 0.06976742207671602 0.023224984258172557 0.027756435717977295
34 0.021712160160507643 0.06508097275456702 0.02295040285984195 0.0023796146168328083 0.09936187039716787 0.03663731265421421 0.07106010850760813 0.0620422392993013 0.08513742423442638 0.06178390325695174 0.0628081952517709 0.06090245632356038 0.010888684215919443 0.008483907752662303 0.08175612580738861 0.06105558683780936 0.03782775107320787 0.024335648376806563 0.04624144118879288 0.07755419443066248
35 0.0824674438851155 0.06453922495388137 0.0001749817978374472 0.08875846114697253 0.017732453252540647 0.07268969175647085 0.013326323572539708 0.029605113957673228 0.0036838533334234043 0.01979276173133356 0.019812441017332306 0.05172780077130183 0.08632485144661368 0.06492019771050454 0.09547066404345342 0.02284262811867836 0.10460469236941944 0.04319621009434679 0.0162916031507765 0.10203860188978485
36 0.021517504251236604 0.00834819341204337 0.014490841802811922 0.022676776287661942 0.047145408127855365 0.012855396225733748 0.005549665999094926 0.07374715371811524 0.0923479283144076 0.026678284293645025 0.06858886836047143 0.027327939301383067 0.09178003211482863 0.09250293897636093 0.0811633833933303 0.0591973514822949 0.011019420198814276 0.07671224322350094 0.09318454968591972 0.07316612083049023
37 0.01991021143392957 0.033580519756427805 0.029582567500247823 0.03940436953525267 0.049586846485100304 0.06612192301418802 0.04844187220439889 0.03220206393910043 0.04133048983153982 0.07588908585009398 0.08244393210530661 0.06487865527354178 0.026402812875148635 0.03323606493438 0.05317469904887701 0.04980693168851553 0.07026366855202307 0.07786700342497262 0.04461337722487811 0.06126290532207737
38 0.02480985963408055 0.08524113612280527 0.029750988330643005 0.10103356110836394 0.04606873406194918 0.0632687707800105 0.06960388599023441 0.0049282031552637575 0.10506170024609311 0.025026501793415937 0.03108242490356995 0.0978809098931257 0.08511398837889263 0.06778579469897261 0.04768464248782347 0.0009101969695257815 0.07364552895014864 0.01382389867247896 0.01618639822396828 0.011092875598634045
39 0.07863933462119221 0.04490235465712936 0.03617625575329368 0.05953324284505352 0.07918309233201928 0.07378248166573415 0.07827058025661983 0.04919464537951562 0.02339216486322646 0.07983779348804415 0.04898544337434878 0.04492031767587499 0.007652193579974301 0.07275966540848298 0.02975554647180403 0.07287781099952305 0.052643067494675455 0.005697735302958511 0.034307386228791675 0.02748888760173794
40 0.026398708112965078 0.07847223056708844 0.06325563394365123 0.12453015295753049 0.06401935119519818 0.04338419690043054 0.04157232668811334 0.05832264308747334 0.024350763715320235 0.07184509207193611 0.040183455055208775 0.06085959995208273 0.058393079457380835 0.08899070891010057 0.00048648598472724787 0.001731647267935645 0.015808280061401496 0.053882305319836545 0.08092802900565987 0.002585309745959337
41 0.07098135927067639 0.0041521396773731975 0.04606393584710308 0.008613536836719405 0.03228224547176025 0.05517437969840118 0.08496717643769591 0.015525666125175249 0.07189744825244034 0.004477320604690908 0.09926787098206263 0.06912425661182228 0.020136004972090216 0.09537747901991832 0.055413351356911 0.05600847384056088 0.059929039262900774 0.0019862730522349973 0.06960692861200245 0.07901511406746056
42 0.05422174579276896 0.006498345948239051 0.06298619167117353 0.10712126251956922 0.07940727028353997 0.018086650118255797 0.05322899069688302 0.01768143783920388 0.057727894391280704 0.04527341101603154 0.021697598519749502 0.033545500262708194 0.10994533039021598 0.08608789347277672 0.032282809866949556 0.004796723408508218 0.021103817813922208 0.07689335630128984 0.08723497334465828 0.02417879634227592
43 0.06307906518978756 0.04028245792035856 0.020616513424701374 0.04497814319183188 0.0010842533364395911 0.05881639606661324 0.04361822109798656 0.0127711157210365 0.09622010971226885 0.05157412397468538 0.036340539064881716 0.08580891155083833 0.09829201458237022 0.013633145881332876 0.051875312545368445 0.0867138810589719 0.07697658864412993 0.024520632890838924 0.03652506917265547 0.05627350497290246
44 0.06313685646757668 0.00631620160214378 0.1040482735198902 0.09961677117281073 0.036843244756137004 0.034226396953265036 0.00912631498225803 0.051773920959989846 0.003215598041807831 0.06756494857027853 0.08908437646058115 0.004286072587618346 0.055157069047318104 0.09457831583400177 0.08652129189641311 0.046625327288506165 0.025537398707223873 0.014401290306014253 0.08324298220115234 0.024697348645013287
45 0.019842823922515174 0.09003492369829728 0.02313413018106935 0.03171206466379767 0.0038593298707616246 0.08208719415363695 0.07008592706519128 0.08719370081219908 0.03736568328308448 0.031989206469699154 0.046403757711066605 0.043404847336090735 0.09860624447581186 0.09512597630814919 0.03360693593702483 0.027849702818294308 0.05982697422160242 0.08641575623935809 0.025838083696231764 0.005616737136118124
46 0.0857290247142683 0.08385034871287166 0.08001176659250807 0.0028715078470929354 0.02481795816217109 0.08738968452841919 0.08455068036639543 0.011464895544919874 0.021386576386214235 0.04144565187686898 0.0215503509793372 0.007762522493536118 0.04664601428686929 0.08279482901896595 0.0746941818598859 0.05365721488234464 0.020360934707909954 0.057787902638846714 0.024315575614701608 0.08691237878587287
47 0.045234199372334555 0.055391832180009794 0.06676078576384739 0.06927906111923339 0.015129226587986782 0.09779534271362698 0.04125272951893391 0.0641732240452881 0.05652948913730376 0.014819957919047106 0.03591757782082006 0.013566772529141511 0.08871012879163545 0.05746012639685787 0.010314634932914311 0.02518175218098836 0.038816176419847394 0.01151065407935219 0.09636743620689577 0.09578889228393547
48 0.07975518158262641 0.08142401877485261 0.012505780556875321 0.07226796120978952 0.017034031180204093 0.059581865325501686 0.0289059779596626 0.04917095988233766 0.041294974094704485 0.07044088650884824 0.06504651620281725 0.036811964341376575 0.07749304486108007 0.03815192981562335 0.016141393716191242 0.05739787700074107 0.06831603434384594 0.07769919303653466 0.02401366000913505 0.02654674959725213
49 0.08200088294176139 0.04110659080962118 0.05793940972815831 0.05151783611578285 0.08366496178044726 0.06352032676208758 0.0062256340309286605 0.05750808679027911 0.02385425192726012 0.03899863172543358 0.0249668126253972 0.018430594827510104 0.04497481914905182 0.07915847149625985 0.04666072124177274 0.06171238450153298 0.004320386518094381 0.06802591354788126 0.0816496843041545 0.0637635991765854
50 0.051510692673479234 0.010109564268701103 0.0163462654947328 0.019023406692741923 0.012573990829750173 0.024856325424243965 0.055892817409936214 0.04134644676463803 0.04658659226641692 0.045117217910461326 0.06452979020670065 0.01981487815797438 0.05422441388867887 0.09613813147915287 0.09841067197894075 0.012033836053689573 0.0948734281194034 0.09671201520627386 0.0790006881385883 0.060898827035495796
51 0.03127976907695006 0.04015401857389256 0.06997441220609096 0.05694132284051483 0.0568477908484853 0.055588886807704845 0.06686190089950235 0.058889812570971124 0.008516014153361841 0.046760074870368235 0.052330256065922995 0.04221843424692413 0.06450701958985199 0.060014792095923156 0.06760966737658894 0.06083048091428139 0.013521644887728475 0.006577307472588697 0.07024693150983087 0.07032946299251724
52 0.07205021494230421 0.0689803156769329 0.04887143930974602 0.012091366217240749 0.08299969635189824 0.04498509240221763 0.08368864946680507 0.05397100086441064 0.06598001965504911 0.043991781496044116 0.05040292733379972 0.03506855481432056 0.030374494732116827 0.030155320174287126 0.045429487249376094 0.05995470286280395 0.001057982027880952 0.09122014210872695 0.0500813283427671 0.028645483971271958
53 0.10483369796408348 0.024212323316694342 0.0077496541715176585 0.06397353583217726 0.05900564061698294 0.05434650874612109 0.005738716861156294 0.07106740531751089 0.053863094633854226 0.06551166737618049 0.09554174852562275 0.10278431854128835 0.03025556418749608 0.08415467462288247 0.02443021954118094 0.03608500570421048 0.054084014741510075 0.006548119134298949 0.011080344592544703 0.044733745572686556
54 0.0739049264850386 0.04654721912541377 0.03509646055346623 0.08087851407851378 0.03527844526294492 0.04124201084033696 0.07729708139846085 0.06559416211559498 0.06973758566560975 0.0666082451652958 0.0472406850799409 0.016070017455276912 0.0458377734237047 0.020210007291876074 0.009301698557416397 0.048747328747323064 0.04562230080089406 0.06586030207134744 0.04089123548563793 0.06803400039590679
55 0.03781097014643214 0.06595268397600486 0.062341701950920085 0.08979851707594391 0.009675595009461985 0.09619531796567989 0.002281833995439038 0.02429551464894987 0.0023788101357466343 0.024752323563182882 0.0830426326811046 0.0816138115945972 0.08063026536292858 0.06143086014926638 0.011655996786494243 0.048258807883243646 0.09881013949147643 0.038679535211157814 0.03168646030023133 0.048708222071738465
56 0.01275310567136901 0.04415521297664149 0.06570832195668137 0.024375964075645618 0.05602666255733475 0.04234943462344543 0.07105991475132033 0.029050568137002797 0.0054622041343567055 0.048092837856039135 0.09470639519232914 0.045621236479622976 0.0636325396705939 0.07246096700845535 0.06362582079039061 0.04774008103740462 0.04558258795520394 0.09505289496760227 0.036632578303585434 0.0359106718549752
57 0.020625567377768328 0.07690461190987256 0.03444264023700464 0.013381460979866209 0.04382406733348221 0.0857404968477153 0.03586025078559799 0.05545638050618083 0.03880415008493593 0.061615677221103775 0.06931575943835319 0.06944407419014559 0.0819883551064326 0.08004613922113342 0.029997058949249946 0.026204450515327802 0.05652410525953647 0.047942805153959114 0.0422147704396875 0.029667178442646668
58 0.04288315926150303 0.08336773053420236 0.034099082848513734 0.0375030714375537 0.02059123607070203 0.03362146379961409 0.0558637443308913 0.08432646237009236 0.004165127522458987 0.08696171516335265 0.01977230456130863 0.09178367375222289 0.03004881286590547 0.1072968161207973 0.0019656126447489992 0.022816420463447663 0.08632521461978021 0.10128727869629575 0.03147162630138944 0.02384944663521944
59 0.0463054520086796 0.005023434643853606 0.07240692036804877 0.04209370737928122 0.06212583484333358 0.022794673988677246 0.026905801848189703 0.07656397725217375 0.06409271757166841 0.06419996453519253 0.0025255365715676206 0.06951177550728778 0.03413602502314145 0.01298067648841344 0.08282935191981763 0.0766784775017655 0.0763221212160898 0.04608319428986308 0.08739669422373186 0.0290236628192234
60 0.00576859534280431 0.08091169209603802 0.08319412252294772 0.013552334866000954 0.06322440710145422 0.014134658783414465 0.04681038653660624 0.008047660780638679 0.048977842773930864 0.039967781329811436 0.00903137383117132 0.05413003347461814 0.09329658279014988 0.0560747665796158 0.10951032149818565 0.013884806798796346 0.06346049930995526 0.0930686761212348 0.022525735680734092 0.08042772178189166
61 0.0653375594904822 0.04669938045211194 0.012459934730964137 0.059554124266800096 0.08528744167571284 0.08248843909009859 0.05535422089506153 0.0013129388817712203 0.07737273084670448 0.012738026749049034 0.08477947283476822 0.0413754068350223 0.07604827710603355 0.0429949002004982 0.027408611440140975 0.06689332760585125 0.003448870174217588 0.05888914273368747 0.013112981774737298 0.08644421221628697
62 0.10632188544913039 0.010255854176754255 0.002742616333772751 0.0024710012569693456 0.10874336856803438 0.0032020284957313787 0.048069002231670516 0.07762348856726746 0.03545955408899052 0.031217463380226868 0.09919184996006995 0.036186406675004425 0.03688645011504181 0.0805999473408517 0.09954564638414366 0.00247745778828657 0.09614646040010014 0.034981644589528085 0.0376707571173746 0.05020711708105118
63 0.0012631130188027046 0.09138039637344803 0.010197243449283574 0.00504198204419514 0.06971186001321437 0.0883817935018323 0.09939075875934139 0.08857974184051147 0.06649202587464696 0.016615538291918374 0.09802145000719018 0.034743323455322175 0.06993120248521174 0.09864882766730705 0.01493155290754268 0.013585494428382118 0.011115144181902917 0.04422881074898139 0.013618358067410416 0.06412138288355503
64 0.038275046473640835 0.03610975578097391 0.01047035624531892 0.05657702476567754 0.04741204370213799 0.0894915223374469 0.0004479534305573081 0.06843134618718193 0.1152249176673728 0.00987413993108886 0.1008035479938539 0.08621492757365119 0.010818640838854433 0.058881467669435666 0.018780185309121653 0.09674693068471449 0.06418278007077548 0.0038391005101545946 0.0007065015018231269 0.08671181132621848
65 0.07358111685671427 0.013993043083970806 0.07503789906235732 0.05594599672317369 0.042348033865887875 0.01674354722854131 0.06752763263448643 0.035236195759319744 0.06257685426318464 0.07081697137785285 0.05796604694743851 0.06244976536139708 0.05601803090707834 0.04949462353428797 0.012935004718132094 0.06482478418876031 0.049503726559298696 0.018517458259505654 0.059029377930100914 0.05545389073851161
66 0.03256677624176798 0.017436723520900296 0.03198260737819612 0.01462705154181635 0.08477207205364767 0.043526445771973246 0.08277857056114318 0.03103993204917585 0.08971198219009495 0.03720279534328484 0.06504586931635338 0.015786826324063474 0.08218960296588573 0.04831200969250547 0.07506447596835392 0.06957911917984497 0.07920698368356174 0.02824194870412575 0.0028605107083018886 0.0680676968050033
67 0.053238735949841645 0.05319675218686096 0.04175629135836285 0.05461308777908024 0.010759463005546848 0.07604037964046187 0.057779926407108925 0.04194327951024882 0.0582286955049728 0.031084790067125345 0.013306125780126812 0.07623591581832892 0.032631229652154245 0.04129830117742197 0.054279650533869184 0.08664727105996477 0.08308572349047136 0.05752989402134952 0.05935547563156889 0.016989011425134117
68 0.09625406148755417 0.08804892643330772 0.005035937348687963 0.03834715459634849 0.04879038450880803 0.018507007368483732 0.05047347189204588 0.08441761273147012 0.041080483072155914 0.041827148421355535 0.04257501726930857 0.08983090870580147 0.01954233230853899 0.10152132447727516 0.08014182625535002 0.07964379246143029 0.023937119770137617 0.01010301676728778 0.03673911777348643 0.0031833563511662302
69 0.04975831974023279 0.06381863381074548 0.07997487815673347 0.07547875800720542 0.006442434011410794 0.027970856288987336 0.03581514252941245 0.045346465031641664 0.004069616478801873 0.0781518477061374 0.03441465745428644 0.05655989079481156 0.03773283894770578 0.06743662642667736 0.04923676881637295 0.057602434039504935 0.08471644557387487 0.0015868939509462608 0.08858030579755136 0.05530618643695976
70 0.04467945242909708 0.08083465536939052 0.007389946763382969 0.04264604573968203 0.04588301757105959 0.0435392091569622 0.02863863681932045 0.03834112519213169 0.06922472748200485 0.062345028869457926 0.06819712118076292 0.0180015257978168 0.07308687055647173 0.08261083116716961 0.07746177388833336 0.03207924825199004 0.05442634727703231 0.0608107099416469 0.01322816903481614 0.05657555751147072
71 0.032915831431464725 0.08976629156600657 0.07229683421103542 0.0790438816275533 0.016848029152518398 0.003562371109538709 0.005513495064501375 0.009170714781419292 0.0898169756882787 0.07147074440491373 0.053494065838873825 0.029722162798056728 0.037540285564698773 0.0814073387680384 0.07459055591305883 0.09319588937684904 0.09931860585920825 0.031250132102087325 0.013500346735433369 0.01557544800646528
72 0.055762511279534195 0.09253499184865469 0.06998355711834756 0.043763645241076995 0.04615932160794152 0.05735521058869085 0.0929940742155739 0.024419625960452395 0.025931492515613948 0.03872970970099663 0.027308103750047778 0.030963797396884866 0.08833910817489916 0.05153793534897454 0.05874071280483213 0.014841229419317526 0.09207589871342803 0.05759783269072689 0.022312358019381206 0.008648883604625191
73 0.03569667932746599 0.07565966821873858 0.03173549269639017 0.014705160701527557 0.08912700177621179 0.10120316407919085 0.0412124548303447 0.04660936382825979 0.02351014335644045 0.024477667377838727 0.07566160456993345 0.08399232625539592 0.04703195948485529 0.04869296045014109 0.03533122140054035 0.02066003422245509 0.04280519368898113 0.05029744143835315 0.062443552088836576 0.049146910208099255
74 0.04061430667479868 0.05016492217623164 0.11010375921625443 0.029289877933923857 0.004754665849080205 0.03658749151954782 0.060383758973358036 0.09284748717415811 0.05795403578645655 0.06784283016004485 0.057968896629053926 0.05927410045680581 0.06438016075327478 0.04506421439456292 0.03850881137270171 0.0021681615383173465 0.04618378393887066 0.0816986903288829 0.02370314583997646 0.030506899283699533
75 0.06260312209178903 0.04187943904204496 0.05544697251258147 0.056392552956132165 0.07267085306183646 0.03672599446262788 0.062062003495788394 0.01502498993535219 0.054882921303986115 0.0724803677782696 0.05574546918140003 0.08751007578248639 0.022290155602345797 0.008435658824512625 0.051189813640848354 0.05347177271545885 0.05976572285848576 0.07207488865750464 0.05628109537455482 0.0030661307219944436
76 0.08604173172121046 0.023273856568357176 0.08339483749786687 0.056969577396572275 0.010926741589462587 0.05018557496084361 0.05612531555724937 0.02274021945541156 0.04326557525583534 0.05558104960893492 0.061698964446357966 0.02492522636364346 0.08149801578667253 0.023364966499043627 0.05803414370798647 0.015504925156920745 0.061042260724072706 0.0562605170051709 0.03306501251187137 0.09610148818651622
77 0.02220371484516044 0.015932170678422994 0.06604358607408778 0.09851640726753082 0.06186920687598997 0.0987256657856994 0.02678171943499295 0.08277415614021708 0.02845182577131247 0.0759926629434805 0.03678780305475507 0.023633712449857 0.02649126479347193 0.013441111293457073 0.021248723562534575 0.061464386954724504 0.038701288329251404 0.0745081195148066 0.02869335144341228 0.09773912278683519
78 0.05992296525632607 0.05033345129898995 0.06516234687110993 0.05344233978739943 0.021329353880392095 0.027602112227286833 0.04489299369182975 0.07870654468999674 0.033946501777599634 0.059954629205056176 0.06749166731951506 0.014930262271937902 0.07868484377782563 0.019334329901810082 0.0770649076140702 0.06927866761572658 0.012810829586282865 0.07843508241926159 0.054387060329172746 0.032289110478411126
79 0.039315985475135096 0.010860375479668526 0.008049899704839564 0.029876037727699496 0.05067485277556439 0.0605920586057123 0.026553504321812204 0.0027587644772416415 0.06553874903727468 0.022631570491871093 0.09297076341292478 0.051229064944625355 0.010889742920457579 0.07878925429965522 0.056600782196057416 0.07642742230870142 0.10672842938631437 0.02722050382453395 0.07141282120364614 0.1108794174062647
80 0.046369695471303395 0.07099124811353234 0.033497476061502024 0.07654341548268605 0.07432995134998766 0.07595746829991176 0.07969354894262845 0.04217199446612935 0.02326527100623564 0.026088365197539837 0.07444926115409382 0.01818489595909286 0.061957077643030434 0.016958428730909154 0.026421979616692823 0.046046806201432755 0.01652084081720767 0.05517306575897726 0.07205259485913953 0.06332661486796697
81 0.05341852120785632 0.10712416277890854 0.09321375900767566 0.024999422228690383 0.10427166289364023 0.017399649681168673 0.006669146594763225 0.04170411310836064 0.09847424303425711 0.04697485032020322 0.0363043727485399 0.0720012173655376 0.0027840843980908893 0.08486810031640146 0.002932504551416495 0.014201335477152431 0.002668874171273436 0.03470749243543499 0.08297768290730294 0.07230480477332574
82 0.030569118113810186 0.00011400254534583263 0.0604577815556009 0.04867270216488612 0.022809687042777915 0.03857836418888645 0.05471515867547133 0.08944674867363908 0.07655123916949672 0.09087954351757142 0.09193206150980265 0.07199960508052342 0.07127824167517482 0.08213363803132871 0.06939882437331303 0.007956157281021971 0.0065849902726241374 0.022869443248637357 0.020863267812391856 0.042189425067696136
83 0.051137820400447606 0.07761451043773737 0.061420622634107046 0.004806787590736153 0.08073439724746137 0.08911977159511078 0.08557513874673033 0.05687888551204721 0.08345844419037061 0.04468331284320268 0.021951740714225804 0.057874372662760784 0.04773494945188273 0.018585336676083523 0.0009717354250058753 0.03756609635159559 0.021042279339185573 0.02385225239507661 0.06528065758443975 0.06971088820179246
84 0.044018270346647084 0.09034948063609932 0.04760032175294586 0.0546638393564972 0.02488171495688053 0.04370849875527803 0.03653961998836996 0.03549487623846558 0.07182309643110989 0.031628479836686985 0.07053879977757352 0.005681159170448334 0.047659888732998715 0.08310617752807382 0.08507560136233047 0.03996448397167618 0.05993103255861544 0.04287006113034272 0.0739358670276988 0.010528730441261496
85 0.030453971625558202 0.09983574621751591 0.03770329480494283 0.03580895321680244 0.006232761815987244 0.053558175300385764 0.04536743318375747 0.06495489352339379 0.04425778787910499 0.008162373539285717 0.09586029118664274 0.004326843438524936 0.019678817604930347 0.0852276115799796 0.0755034218923172 0.057039131610688944 0.03443768653177651 0.013568366148289417 0.10089135800184351 0.08713108089827239
86 0.015928268912652713 0.09441141159052788 0.046667931782331584 0.09287566634877793 0.007872768158366631 0.09715940367610616 0.05426034468184983 0.0599905020881473 0.05230332948492524 0.05521431052990251 0.0973788899086778 0.05014076501851236 0.03245474458114418 0.07065135403700928 0.01370114255155944 0.024670122148716903 0.0261825524926267 0.0032593378469942392 0.028965065030758654 0.07591208913041293
87 0.025586324914008324 0.06566136564128025 0.05613193632953648 0.07344760696714504 0.07379455511703352 0.06955356333996636 0.05765540834580809 0.07855593417131465 0.027407368081553547 0.03821336352266506 0.01924969184897484 0.05883180024913365 0.03606936079705903 0.06289695785500143 0.08103702731575767 0.046148647945203965 0.00031487736374320307 0.047762326788328334 0.0028905042237930435 0.0787913791826934
88 0.08775500179999297 0.04385442533158048 0.0808067394515571 0.08504470155400039 0.06247952537348347 0.009067253180894689 0.036694313819487755 0.09836980315429915 0.044734301666918566 0.05491116082849584 0.06392097136658469 0.0015923085661687978 0.0594027698902869 0.005569856074259479 0.06621676240722152 0.07063196262567469 0.051157712703206085 0.009227248324384069 0.01259513410521716 0.0559680477762861
89 0.08847724757114492 0.09219695878390845 0.03523316846722481 0.03818188197233223 0.0013460991269765676 0.041924094817725556 0.044007042071571106 0.10456032354446881 0.06949031177501358 0.06152974075092821 0.004309858927856629 0.050815528957040744 0.049871161064204576 0.03609817478858715 0.09181022842587402 0.005138754013775057 0.036373933224621464 0.020784780596698405 0.11917846115983141 0.008672249960216458
90 0.05696827100073084 0.0037181648400630846 0.06804565885715794 0.06673462163423459 0.043921414794832504 0.07551861034619095 0.02558110701785298 0.02984535295902376 0.04097085863165778 0.06166973090761966 0.034026050081863615 0.04739273804283388 0.048039592894607575 0.08262362555269323 0.07259335633845918 0.05824139751952298 0.05133183041036951 0.04853810099761817 0.06035228135070529 0.023887235821962605
91 0.007114345552278313 0.03859455399568811 0.06362489242700736 0.09094223738139211 0.025960678344448092 0.02338121413939585 0.05601858465656733 0.05719525944237271 0.033150717756420346 0.006282342466803712 0.0008018340235298798 0.10189589330755754 0.0862885577823486 0.09286163314557366 0.09777415469112744 0.006270527866061679 0.007545966979468038 0.015032215419617266 0.09161154454891288 0.09765284607342915
92 0.007391152728785946 0.02645713916586679 0.05732339745974298 0.058338176113834385 0.021580153325336495 0.057443409664556674 0.001417208221387584 0.08056283517348188 0.04916678115105479 0.061699143499081496 0.018728412879307488 0.05270124360324541 0.04381915751106811 0.07474746319667692 0.0672027724280901 0.08707630515854975 0.08149949120470858 0.02218828627928147 0.042588061698064394 0.08806940953787869
93 0.004148912863882552 0.0315408174617157 0.08935364470033985 0.03503111678584735 0.07965269139591657 0.046778814240162704 0.059356684390173685 0.03770995978908988 0.06030548771290593 0.0005355941401476552 0.038305173560632594 0.07739687165548464 0.07967087382547378 0.0718957422766152 0.020780930682357292 0.04123938713500635 0.03666850014461926 0.03626593627049635 0.0660536174003777 0.08730924356875476
94 0.04186054792313588 0.04560433048243053 0.08121614803921884 0.0037442300848527063 0.009932363557293366 0.06573439968170677 0.0925055572731972 0.024735578080577143 0.040353271295388966 0.013235490216032854 0.06747440400073527 0.03787742109413051 0.09171686794611765 0.03328275061141445 0.07745739101316969 0.06819040903426897 0.07797881491302623 0.07921473280640037 0.000581644414912135 0.047303647531990525
95 0.07872075702162631 0.06525542919933129 0.008624066956263202 0.013618790414965054 0.07084096501798802 0.025487331044537882 0.04364257099937799 0.008149209674446364 0.017954785356750616 0.11081076638774338 0.04186278278795696 0.06330968673402229 0.09454840080747882 0.01673382406304349 0.06717523552449867 0.05091398595652905 0.019894561478873297 0.03911269054460641 0.08377246506606724 0.07957169496389378
96 0.05448075425223935 0.0806929410955135 0.05602804956010843 0.06852847820776538 0.0050114894852306404 0.0771049920546027 0.06257726471157596 0.007538767853149339 0.0955832153241558 0.002067920879948129 0.02066763543366406 0.01403689031546403 0.04209020499840185 0.06537588763353952 0.09714615463252677 0.026827104923526728 0.015038933264381686 0.09367838774285114 0.08630184580885197 0.029223081822503036
