0 0.05401710841046496 0.07198296268049867 0.04310297401271969 0.05942285067097956 0.008184754287527228 0.026155525821774675 0.06629339789717098 0.014167624544300192 0.0491078271328687 0.030495374323379332 0.08846151008228517 0.0838931355920989 0.06408996380472816 0.02611323102132232 0.07731120816391436 0.06044722226392534 0.08800655910424579 0.03627294054785582 0.010734576724902977 0.04173925291303719
1 0.07347174989337067 0.06336382513921235 0.011604270348408649 0.004803957586965891 0.034214833020683524 0.024628485515552568 0.09076214522428282 0.02783531968765185 0.06313810614826619 0.07552009684601134 0.05894243729141089 0.08245466126097827 0.04643767195083798 0.0674072144793245 0.01579814822245613 0.0492896942401023 0.07574174808335729 0.06460650627185174 0.0636073550516182 0.006371773737656817
2 0.031448236183929175 0.00915683428853583 0.08806037890764082 0.012508347150418075 0.09584238046018483 0.06415766819330995 0.027505595370674502 0.03072440271764462 0.07889650617574752 0.017950062065148015 0.08343192003341106 0.04695724321938789 0.08528531559759184 0.06176690393675087 0.09324427046141212 0.014455578719906381 0.023053751373609595 0.03414348311711499 0.009752140659609524 0.0916589813679723
3 0.06651316148566112 0.07432165516168708 0.0011875726899751155 0.030348429547146928 0.059255785585734515 0.02228910512884297 0.059832335609852336 0.0583448604128174 0.05247867152151881 0.03331412560421773 0.06906307918626688 0.05862982950159918 0.06211980855771325 0.06693751758511828 0.01996061186334857 0.019037131138411822 0.05399276898308564 0.05576629735460717 0.08664726850785748 0.0499599845745377
4 0.08307831713210811 0.07999567412355629 0.0018701766051507855 0.06682552600305564 0.03040769196054874 0.028077246149077133 0.041896673830636624 0.083272240564858 0.0248733166938803 0.05983697192322116 0.08706378943201604 0.05746213665103472 0.012787012394034793 0.02648822764806132 0.052013594101600294 0.030190120530224292 0.0878936484365954 0.05863836145822937 0.06572389331902334 0.021605381043087696
5 0.004502315578712567 0.0435643273769763 0.03869010330143494 0.01857121699131692 0.037440081040843974 0.05849499880915112 0.0361304754903338 0.0038379229836518606 0.03662034919846224 0.049764314663994814 0.08781652316553401 0.029263454872586133 0.06468814935253214 0.051326701990627936 0.09934988034429351 0.0020988386256640497 0.10214494130275648 0.08974441917620665 0.07571132534437101 0.07023966039054952
6 0.0835400656974516 0.020726726298095126 0.04561552567640825 0.05452060281146434 0.03770315063909133 0.04898996633489757 0.06436318793707599 0.07616118044392226 0.048161199845192945 0.05580692860654759 0.028606145470324352 0.07747843320701774 0.045190805905917064 0.0653097968663243 0.07392783994341086 0.022203873220745792 0.043928405393842074 0.03394489793725151 0.04183945666324801 0.03198181110177115
7 0.08643100567194685 0.08621536617639909 0.01990012871173036 0.08436219166021873 0.07145126622031886 0.074874081837025 0.046124446205776916 0.00251337567928659 0.03048308128630217 0.06246663995352037 0.00874656333836331 0.05281176559307611 0.017199226092571594 0.06067292055388061 0.044287887916002765 0.006955232861300977 0.06966808993318192 0.07245898556226109 0.01226712585103213 0.0901106188958047
8 0.044862597226928626 0.08559102853635009 0.005173619808471214 0.08803436247208143 0.038416105259063624 0.0471302119081239 0.0005433914352087574 0.08960080818746513 0.042219833309332225 0.002210012100970185 0.02260744960341589 0.0020573702731085165 0.056850077752394 0.09005574735179692 0.08538281480512999 0.055737043884003905 0.0739672652561144 0.053225144974947874 0.03676821769281794 0.07956689816227529
9 0.12253831818705285 0.017289981909499846 0.12382189424606753 0.044489084135694544 0.10437769586960687 0.018660961050906946 0.00315986044340238 0.017860801477167284 0.00014010651307655602 0.10430523786632584 0.057024440617452245 0.014674899037402185 0.03288218734159003 0.10948253079649083 0.019442676223761703 0.012631413491637695 0.07624485911936053 0.0786158026901743 0.01948288762061714 0.022874361362712717
10 0.06076549437484503 0.03159457119017097 0.0355889100297675 0.021708429619915363 0.04987385510228909 0.08570831528367792 0.08291479720842025 0.07771711285885768 0.08945229840741666 0.009277501121398869 0.028955872296982113 0.08672900583081712 0.0771079536109009 0.06982399188184384 0.023800366416125034 0.026884298720687552 0.0860071314959871 0.014234759285044196 0.025530531527665108 0.016324803737187643
11 0.052105974788157976 0.028088914538031983 0.006820685277293695 0.06479705217491782 0.06356142262153074 0.0068784819393212585 0.07266808742188946 0.044184280990056925 0.003563002215573469 0.026209660502902337 0.058413708560478214 0.02668759022496401 0.04417695081337722 0.08261547101267391 0.0750007868933827 0.07384371027683216 0.08916855543812818 0.0755100487202984 0.05103462321621106 0.05467099237397848
12 0.05943490420762799 0.04695698821860735 0.04304187527378227 0.027494510171955384 0.06106202471160779 0.07008409729686033 0.05327312389065965 0.07251779345303071 0.016896857393760265 0.07302602010499638 0.06734708426119376 0.02554261049881512 0.05174987026452801 0.0736655672269256 0.07939970189966115 0.02605828727629746 0.07520430597099534 0.024998319258288833 0.0018877425561782356 0.050358316064228144
13 0.009008162545610765 0.06433353305178366 0.08991784335175051 0.08721864395021629 0.044300858029216086 0.009005364256561099 0.09200021228682134 0.02961121043146036 0.002444898521072375 0.07686264051649212 0.05555215585266181 0.07635272966084374 0.06854104119121861 0.007467130917395153 0.0007096520042447408 0.054432977198445906 0.04667119953156947 0.026139995503275105 0.08446808647395541 0.07496166472540527
14 0.07969229903364114 0.09168715515224689 0.04147204621420467 0.06070687234899654 0.061462750567207396 0.058407456513511424 0.08892205971483244 0.025019545998482676 0.05729120000991696 0.03740990912186388 0.01835280115619013 0.03213123721546983 0.004107131650373201 0.055474885352958594 0.07805244783132409 0.007532308321306737 0.09153281747343261 0.0339319202134974 0.04362342051732234 0.033189735593221074
15 0.06894864871634 0.01335182045120067 0.042856583042159196 0.026135956904830674 0.027988823507840727 0.07689574303919697 0.1047619013900369 0.02976755417501781 0.047049874661795256 0.0028332372921453233 0.022732863643379918 0.028033976818452322 0.04316505586400879 0.0947826805739192 0.009168336091507929 0.054816614910185704 0.06939165080008432 0.0516989875190547 0.09499425645382989 0.09062543414501367
16 0.05403847394618777 0.08415510166814572 0.03638260996106467 0.08280396864902483 0.003100297832436192 0.012876339050205868 0.09391284505340233 0.02788194064235255 0.03360470163826768 0.0767423596846874 0.06442010897005301 0.030359253529890707 0.04918171823575073 0.05712293692097829 0.07494893521256833 0.05622623453258303 0.07506473283441881 0.018021973390062083 0.016305352799536738 0.05285011544838338
17 0.05860133495206905 0.005573825813311482 0.06660328560772831 0.04115560090882738 0.06723913265338731 0.04833514906278217 0.03721247926150834 0.03327768033756222 0.07437255251943063 0.020766225171267895 0.06796209038544188 0.007036987408888155 0.04814030716425352 0.06938827977725286 0.04873773942693137 0.07457462631295635 0.06886568480836865 0.06670553098582105 0.05900154850205539 0.03644993894015584
18 0.0793329879819307 0.076290136646303 0.025282614748695465 0.031371245935639794 0.08418704080765119 0.07246718482008274 0.04696234922398398 0.00477165970344566 0.00938800748783223 0.01252442778943715 0.041040780154445726 0.08063069533021733 0.034569352595429634 0.047616822095091646 0.001618543491712495 0.08782281755868727 0.06720748454560897 0.06621927349849573 0.04551486255849762 0.08518171302681168
19 0.038790386724152214 0.06667553075320762 0.02706762529038746 0.07508747035860411 0.06631084982512865 0.045149399339542665 0.06479229075671027 0.03796019548767028 0.045655316964837135 0.009773328257005656 0.003645986177390925 0.043738525417473646 0.03974533810980446 0.053516872388773916 0.0745353580840051 0.0703119668937686 0.0662720432639058 0.038816911156022524 0.058304943982046574 0.07384966076956256
20 0.08613591124703691 0.023962244944134622 0.014960607459119236 0.04601445681894582 0.07960697546093731 0.031024041511770278 0.03313428432419862 0.08187526262060398 0.0480299004585355 0.09565306593745874 0.05430655907650166 0.008909714845303097 0.00739412501043981 0.09819368445052028 0.04792021986540999 0.013840275804587573 0.04545398966403488 0.08323625661581467 0.08621077873482785 0.014137645149819203
21 0.027790688554966973 0.06875643413285196 0.06392078670135225 0.030587220416230423 0.02111360498210506 0.04636133331654431 0.0301285304277703 0.08501149248374393 0.07126580458896319 0.03227133616709691 0.08599733275087708 0.05328297391991916 0.018357955944619267 0.06973311918295956 0.06729286440918988 0.04682188891726616 0.0246741784956179 0.012720128509740771 0.06771425289557657 0.07619807320260814
22 0.003786411344879397 0.04716911026126176 0.07702368346513835 0.09712625359096089 0.039573690833161444 0.05460652773449754 0.08976075825413309 0.029235892059448314 0.00192788240101778 0.06337025180847564 0.07574603871437291 0.004318258654301788 0.0255365966719566 0.08314414501672271 0.05821039553558824 0.08917163279619579 0.056047171416368856 0.008209178214842756 0.046997186044212144 0.04903893518246397
23 0.030558521958428883 0.08760807482357783 0.00026791914250588126 0.08430290148066345 0.055668141130880054 0.08119521125806645 0.0018696406996840174 0.039226022031107304 0.023482269762814364 0.0533522476170445 0.0630432911886786 0.05679376684364146 0.08721072735558287 0.059587033084700695 0.03627103794876746 0.058589081221220446 0.03428380884121735 0.05870180962229546 0.026217420769276897 0.061771073219845894
24 0.04810606626392324 0.04950364538090673 0.061216658038439106 0.0368324643458163 0.07262305265182127 0.02365178937105883 0.1005240371185599 0.033616937576439854 0.02800337357206247 0.030433934594404157 0.0255828322047983 0.09866848742073893 0.050029360318820895 0.029394793916070045 0.03184323302319006 0.049167455578895146 0.05410189071900962 0.02625558351089466 0.06003329706736581 0.09041110732678471
25 0.05863242361022403 0.0688215259652821 0.051264548553647024 0.060667421158057906 0.0391768358051317 0.0010157124575440166 0.06109024206359593 0.07899115697916642 0.06675890383265644 0.058776152900848276 0.04938978143843469 0.004949790505578048 0.04484776584853564 0.03155406583863012 0.06480728079168561 0.08076448000900445 0.06517345666223205 0.02604085213950658 0.06111079366776702 0.02616680977247206
26 0.09346717703736086 0.06770197094063943 0.09059245913853568 0.02287222038864849 0.05733489049098107 0.0895285426964923 0.010229488132450117 0.03275209101614411 0.08889934823355587 0.05297123325246515 0.06441982908940207 0.0759455895795664 0.005454707182504519 0.001433494158127317 0.08871895982003725 0.043626941411673496 0.0771536911263112 0.010795691016355493 0.02036905943484116 0.005732615853907991
27 0.053983852174005295 0.051706586031463796 0.0668099349939079 0.07031174936845024 0.055962432149653185 0.038405445586477106 0.009495060225333984 0.04738245684978088 0.08484896352747633 0.06563393521116138 0.033159145222821776 0.08121433207389554 0.0020590227823454087 0.08719870785096354 0.11044896169259334 0.011370966898394334 0.0008449248897512984 0.05041493747196023 0.01880443912975016 0.059944145869814315
28 0.025041774347013917 0.05872860664587435 0.06883297276983893 0.07901297137501706 0.04285592916808765 0.0866080599055605 0.07005460989462908 0.00902045163401874 0.046655368460578786 0.021189498847110043 0.05502253191813746 0.04603843497092652 0.06953404052263856 0.07736549544158508 0.06331576662840122 0.04598982386586317 0.0005842005411980614 0.0578908477971048 0.06040226727373967 0.015856347992676368
29 0.11223231049113651 0.04572644641242875 0.07902184744805779 0.0510820753906219 0.023474036648635593 0.054178232338187124 0.030593840171648536 0.016152613480247924 0.09615621568380564 0.01976233455124199 0.045469359422788715 0.09600941691292511 0.009299070373523554 0.009875304631005681 0.0767659724304049 0.04233734188366538 0.013150556578438291 0.024722946524802863 0.11026069191494181 0.043729386711492096
30 0.04860970905040586 0.045818165864235115 0.047527619134623986 0.0511502029026998 0.0671684801355492 0.04409705701269104 0.018087259576236765 0.05819204888310586 0.030133767271457012 0.04229911159369802 0.05942554077401447 0.04142696814406928 0.08072965307514672 0.042028010897646746 0.07025632294672703 0.04751516533680022 0.06462103347592012 0.03262419248560037 0.04039852377260878 0.0678911676667635
31 0.005422573807207398 0.06009900873440553 0.030857641588730722 0.0021382274344203625 0.043982448931833694 0.011341988104716143 0.07663594572299944 0.11073062399922427 0.10732271614759382 0.08880320435402324 0.06704583241313877 0.11759787565190227 0.07590357384238411 0.054137404652667254 0.008656597361702417 0.013248989406862735 0.0011435729861651717 0.061779095215679765 0.015571285478254442 0.047581394166088475
32 0.059837960548193354 0.01894653843794262 0.06281524235214615 0.0789843695564927 0.07478944537541254 0.003229286329527602 0.09675567633156644 0.008870551926724106 0.0669851208479109 0.039316410329904 0.05511797268393493 0.03862381929821726 0.06887089277788556 0.10347910308056611 0.05959833164891855 0.014638046556763101 0.10563072634293685 0.02508465130438502 0.004680022410826702 0.013745831859745651
33 0.06997511328158776 0.04382355021808297 0.059135542067212415 0.04116147561814554 0.0428209405539829 0.021172179967353856 0.06246807107653924 0.05828023487485203 0.04185730261525167 0.06415078740986904 0.016469958469976134 0.0695696690988465 0.016941622606394494 0.06674284563948832 0.06231904858571552 0.04563023400311177 0.04453135680263567 0.05996384875839789 0.060851033446684334 0.05213518490587173
34 0.04174729349527766 0.024206443900753067 0.02227823262605776 0.09862997803275853 0.040754402627487245 0.08964336628585404 0.043951444494165534 0.030382572128609352 0.045348567722732325 0.008785036774615576 0.04888450585303153 0.06275903098821956 0.0229413699129374 0.07845273315398002 0.003406728300232965 0.08010734660216906 0.04209341016727062 0.045136513273687895 0.07679413481501081 0.09369688884514896
35 0.004621536798698264 0.023264305113320925 0.011991270844154656 0.08885556167034149 0.09647032641510479 0.0019816978770100385 0.016511707443735677 0.06986437469094949 0.08907249253094861 0.06371978706043177 0.05810040980826229 0.050205318280113743 0.08111623149054563 0.02926826916027192 0.038812224743382015 0.09524076047459566 0.07798637165384568 0.026090764236609124 0.011365902073966016 0.06546068763371232
36 0.09245313408873598 0.010603275219705105 0.09370126313361408 0.043280739699127914 0.0725122470312528 0.020949686545025825 0.06780197625410692 0.06446958995087387 9.927067585154066e-05 0.09437683624196784 0.05953950078921659 0.06641093581470768 0.03891457985589008 0.0564715152723842 0.005089890877141991 0.09037041248394112 0.01846355970370073 0.06310299994645992 0.016645502848771088 0.024743083567524776
37 0.012425928535666774 0.04574656014966543 0.050401413108012764 0.11278436921626435 0.09859576801444618 0.0758584203252279 0.0705468663447997 0.03107352088721683 0.09404456157349739 0.030478417388377844 0.08606239860473906 0.12716518909673863 0.006254510808198906 0.020146175343634568 0.0037116454863696494 0.08579848645611625 0.004329848127650119 0.0284006205799828 0.015605590452058995 0.0005697095013358368
38 0.0024040714106139563 0.0818528977992532 0.05370461386378273 0.0396127277768664 0.022831638963902973 0.0170189933217676 0.0992739578891063 0.002409456787750801 0.034096918283722806 0.08403733169596493 0.05027787147860562 0.01777568960292899 0.0910958319792031 0.07295155008373366 0.05693978213807322 0.06173050609614115 0.0917246556939885 0.040976197682259824 0.062027889589421244 0.01725741786291308
39 0.07757455665673196 0.05299384981890368 0.014317074015554617 0.040186403364433465 0.010361918455036942 0.06762680082659575 0.018879700931521196 0.007970936099589009 0.06224464453802385 0.01482256565493385 0.06641822162911365 0.013065784244920347 0.08864337108575582 0.0895692049171173 0.09451886902477083 0.018993286521852462 0.07383443971114471 0.03658132653979483 0.06079897800903609 0.09059806795516973
40 0.06999215039013401 0.003953107591540112 0.053796679924645714 0.0757178056738163 0.06203047599722114 0.0037418802998395433 0.04481652228144124 0.08080741691221452 0.06361603364387866 0.07846293489461435 0.05121435753451241 0.013443241172403473 0.03285671358884677 0.038053223039602256 0.038581391573595344 0.019330868769914498 0.07812884326289658 0.0762501564061564 0.05217141894522678 0.06303477809750005
41 0.03328143840524053 0.0719953158488946 0.07222332510917348 0.01726088980073582 0.11209678943796547 0.08440656866813956 0.015610748109678368 0.0036921123166940278 0.08861580074972401 0.0385397346777331 0.041708313367005534 0.03750316307243435 0.015543031245857217 0.045441268378955235 0.07054775951902748 0.034507140436205126 0.008984978739343364 0.020280958593358243 0.0999033137663462 0.08785734975748824
42 0.08384924590520221 0.032891465344271786 0.01923193886188015 0.017589931172443386 0.04919914679661341 0.0029319207856462015 0.09342679734492985 0.043802650563007146 0.027494630165157394 0.03527842647425266 0.05650623676815346 0.05677553325163623 0.03766241474093301 0.08966328618782955 0.08494808113910605 0.012879304580545505 0.08659692046467238 0.0853843160805729 0.016364204547105937 0.06752354882604071
43 0.07861234841939768 0.05713860387566027 0.04783770947445931 0.0009748947370294232 0.03215960977038399 0.025722400440876498 0.03900243574277511 0.03354880904286022 0.02047549716957167 0.05616150666155133 0.03538569784239533 0.07256919288586525 0.06033345306265023 0.0515675309823746 0.05552116023574121 0.019654536850613857 0.02136456873960273 0.09907747734096597 0.09704520995296326 0.09584735677226212
44 0.06454824415969024 0.022476424420598506 0.07295992114975398 0.012531622893996954 0.05264626675829795 0.08970069616498291 0.07898253135856127 0.013415213451393609 0.03549679667654537 0.01716107326526565 0.05924704529259112 0.10552826281309906 0.09064242499324995 0.002360739717908412 0.04608750893181282 0.07374845383571602 0.016815713849129086 0.05003865023691132 0.012761023410712143 0.08285138661978379
45 0.02439813047509439 0.04619874860012092 0.054256935894141226 0.053973902993455676 0.04049421350581831 0.09781021184026571 0.002836506724739755 0.06059097409199245 0.0866192878542346 0.0059922599557705545 0.06787220380604472 0.061366158288926886 0.04232109110707769 0.09718358259149884 0.026563356242145904 0.09221950197695626 0.011681987023289696 0.024426049391529172 0.005487301199805184 0.09770759643709209
46 0.05021031729003738 0.08804624500387037 0.1025082728349065 0.012399785170071542 0.023343077028578876 0.030837924497363587 0.045399274920156225 0.021570541652081446 0.07554465704832951 0.07560229618448018 0.06209490282609758 0.034436370975192074 0.07273991689278439 0.0386872014152224 0.03491902810400123 0.033626794949262344 0.05679725640225365 0.059280024326318015 0.03864567590354647 0.04331043657544608
47 0.0822863789349041 0.09668883129934334 0.024547347065464773 0.07757289671577981 0.015764299262198227 0.0007969497301460079 0.010619969908768012 0.02591286354711529 0.08361913446227065 0.022263545176883223 0.08407448747967933 0.027810697957955287 0.03673260450551513 0.06564881171017965 0.052508734963828324 0.07163616532329001 0.07995506652901277 0.035580446989657746 0.0819110371234792 0.02406973131452916
48 0.06515886216507558 0.06546984599034299 0.03355914705823345 0.022013149606024705 0.0765283657913688 1.482679789699779e-05 0.05168715356181375 0.07784205388229307 0.029176171480226273 0.03962903707234086 0.01436598452546855 0.05893434550546728 0.06524028204488633 0.08288523009798836 0.08381003779857342 0.05320161228601556 0.07598615315387192 0.03633981027820007 0.027705280197584045 0.040452650706327926
49 0.057286077465288285 0.04460262644112226 0.09355047169977547 0.05059857266300713 0.04794037449396719 0.036162849934860596 0.021374678035391403 0.000970588692554307 0.07998162769595978 0.062024376447636455 0.09239924977554227 0.056066599773572895 0.01754212716983407 0.06854444370629356 0.03630488542688133 0.0412208389399782 0.09274269602906872 0.010862628525931697 0.057511666771101 0.03231262031223318
50 0.02290726120394471 0.07693865011213798 0.02886147690205035 0.07061295523824887 0.059301880957702925 0.02000301323910597 0.06878137276237042 0.00018190343233403928 0.06620542052628063 0.07135921004596742 0.01896899316800431 0.08544760010890086 0.07271890059743517 0.06188396407900571 0.0038839460278047755 0.03969262091673614 0.07866898113681715 0.06735258221517411 0.008717885432040186 0.07751138189793842
51 0.08089104905716855 0.05596806563918388 0.06774784175816179 0.006218973985986873 0.06309800692990036 0.0685983386397263 0.01758795748513949 0.08137795527891029 0.07117950670268099 0.08707872788562945 0.04077522447800399 0.02935617600903028 0.03310891906863994 0.00012743576374939702 0.07961177003524517 0.0019342453858620999 0.06863693335203316 0.07372161827990122 0.0561033975488854 0.01687785671616134
52 0.030089299534059498 0.05552582183895768 0.05561320140321689 0.04194081537999487 0.03650663332079679 0.09170348753202937 0.06737908492449077 0.00982013292721521 0.02146266647931974 0.06411586764418813 0.10274167020100099 0.054581687178497665 0.0615854828014195 0.0943748870661243 0.08890044219147507 0.0063240910375961055 0.0070795089445993995 0.012717579924837722 0.03526097245969786 0.062276667210482604
53 0.03803690569777853 0.04792670924590207 0.027861884584811775 0.016066010247881436 0.08107925999382885 0.06887491528862746 0.033181502512314505 0.0760102205766284 0.054043984472158045 0.02429511636838307 0.07427933104976502 0.07750761104983044 0.03759056917006046 0.05583596718121003 0.05554124651765204 0.043253615161056684 0.07513997331925994 0.03886621289989658 0.012297000029819588 0.062311964633135125
54 0.08497467599465945 0.04997349872652699 0.09063484694467235 0.09107617054201375 0.019997385664987124 0.06494897563002833 0.016999184986787968 0.013667935284271023 0.03453700209425712 0.0809244567629949 0.045132635652980424 0.08043158616799367 0.0075900694148237705 0.001401551014360117 0.01904261028506381 0.004314083820336401 0.09190513587706127 0.0903199437313354 0.08584783805896214 0.026280413345884077
55 0.0059743932052447385 0.0035002952435785302 0.09167935945834498 0.09098564791661506 0.026969085086393483 0.10021690261466583 0.11838624015396589 0.025699029151923392 0.024863391485755143 0.07753410964328881 0.005720329739880318 0.05539259277654181 0.03228240405113311 0.10476513481104607 0.10254473189669874 0.0007039147413207981 0.07989721140242653 0.007465847779289625 0.011447551555419792 0.033971827286467214
56 0.024226888929965405 0.02903359890742285 0.05663300907232554 0.004112327489174807 0.08468708032115917 0.005278251923039829 0.07705683015290343 0.08005433978038479 0.04561024937073799 0.09314880054517903 0.05894589705581912 0.08050080090611599 0.06467341615781079 0.0748094410539418 0.057016209697548725 0.0008544228151807109 0.02570707331080542 0.05868560889917 0.06192731129875038 0.017038442312564163
57 0.025671081241520836 0.02447191021416711 0.055980597327057284 0.036962448475417714 0.09133722972218092 0.03561144240971436 0.00408448332600657 0.09264424962729789 0.06965850016452244 0.07453610084972732 0.01622826968484716 0.09210604095830664 0.08707182557077278 0.07196654690200177 0.08769544978057842 0.04944945158709288 0.016974172544167845 0.031460838892032245 0.01666516900286001 0.019424191719727806
58 0.052663282395229306 0.04620188687085684 0.07427448342000575 0.017211100049730498 0.03395505279154848 0.03681081977006891 0.09992462096996522 0.06289559050781972 0.04423914390024832 0.03336184726074056 0.025443107157596786 0.060617769996928646 0.07465387705473377 0.04019772845416519 0.0336768588679248 0.05758950020693405 0.04558914595344413 0.07396457054183235 0.01610523817651483 0.07062437565371163
59 0.04680564361639121 0.04784811069973417 0.0690660548051446 0.020127544297183945 0.08325359449029661 0.0671268068515499 0.041892309446896994 0.015606869057252485 0.054461536161874886 0.07849447784846522 0.029918003446144 0.05281026600211708 0.05894035989853615 0.02494887428291693 0.052657308310374774 0.05377184643954013 0.001200951653801063 0.06595606734418814 0.07228323095529965 0.06283014439229195
60 0.03979191283064254 0.08821303694981493 0.03307802917736089 0.08768072086871419 0.062152944639652596 0.06376147435778763 0.08019648590094457 0.07159390625455159 0.043213832289610746 0.045660769555757284 0.056808967858722234 0.06829740656118612 0.01566957761578826 0.091844688364742 0.012649754814245733 0.02639101619720546 0.04592659488742876 0.02697621393656257 0.027297813508291142 0.012794853430990823
61 0.002009265876008848 0.021658069678710784 0.04308521464252761 0.04397282211795715 0.05206393560287381 0.08104105296427594 0.024789031401105995 0.07654968670298455 0.012494502487568511 0.10516800740913419 0.0020644218291093514 0.07175268622057977 0.11471999943315289 0.05853084985291304 0.08414797567713027 0.001269900829809653 0.009631211966877573 0.02480650461934877 0.10917195610211233 0.06107290458581901
62 0.03262924464564149 0.07972662393627179 0.08060874609211356 0.08481726723632177 0.027836714799929455 0.003967555018221216 0.06980530642611135 0.034279737855599575 0.08411163254095282 0.06155270934534171 0.029960798032912034 0.0394998941725228 0.03656032525933203 0.02371366049289126 0.05867826543189148 0.09199798187504817 0.016814260795872046 0.04182274198564912 0.014988410328949835 0.08662812372842653
63 0.02308724786429887 0.011333385185967812 0.0627003788303221 0.03870402986697166 0.035106380855980786 0.018990723812738287 0.08636576108074519 0.07914689877290593 0.05798910661611977 0.09035719752353356 0.015936769016348308 0.0367413552471824 0.09157595081858175 0.08070249052345649 0.05953013201765954 0.08827334338993792 0.0038348382055507 0.056828766453325394 0.009219382272574468 0.05357586164579917
64 0.00455367016066128 0.06769547166577121 0.06956102501758497 0.06568601949103471 0.09311901686994095 0.05652809488987043 0.02117670638024099 0.008303283481034977 0.05255979905817234 0.05678397895688059 0.004879465577142997 0.003700807567093099 0.04213076479412331 0.04253236599619611 0.09982412868460823 0.016787040237031963 0.0833331827369038 0.05201826494088699 0.10832066704958791 0.05050624644523301
65 0.08242665184005277 0.052125035756260915 0.061050603085117235 0.05675203107452652 0.050737621525791386 0.052655672521181994 0.06513488397849804 0.07980497767966467 0.029591123419261123 0.06898221693798927 0.05107852519151465 0.025782482241961998 0.05179818300491411 0.06702972761071725 0.03815184670660117 0.06297800699825187 0.024098721226198685 0.05869667414905371 0.011814598057183165 0.009310416995259363
66 0.0368832849449998 0.08390795637048892 0.007472017367866838 0.05444512788505745 0.02099081744157131 0.05613469276686261 0.044433246708450454 0.07531273077043205 0.036378866757399514 0.026940687767030343 0.07011654958570789 0.030376221823961474 0.06352709760377659 0.04735419168093891 0.08185789908721197 0.06665639584362071 0.06552135158862793 0.0628034001642211 0.026212759650564105 0.042674704191210056
67 0.07181423370651954 0.042998664394578806 0.0536889371535774 0.01522216980011843 0.00126679911163028 0.07532555392521871 0.03946901747433048 0.028144521668854658 0.06262564012299464 0.04559929934692489 0.0001164689633795651 0.09851700779590661 0.05242934994484537 0.0064302520847096195 0.09856449254905782 0.09468289792628454 0.052684064276198456 0.07081004718504025 0.0004618822437562048 0.08914870032607382
68 0.08556879602319918 0.07349634578617191 0.020401242483316685 0.007814737414185032 0.005053578005557524 0.0824069192438508 0.061551208910803124 0.0033157225861721413 0.010488645846268796 0.061046920209806003 0.08507683891428204 0.07042292388575123 0.02355095491261877 0.08389936689756396 0.08418711252621423 0.05760054638554819 0.02044830613461908 0.06290839831978841 0.06868332525654566 0.032078110257737026
69 0.04069397240461189 0.052468449311891305 0.0979088176917658 0.05726529163261914 0.09690743964132564 0.034767705136888 0.034351651920315675 0.06592041997669269 0.0469600237043874 0.012784855280685575 0.02735853027395046 0.028092626880874855 0.07820111963302666 0.0522943161091806 0.07154361431211026 0.044248163044177155 0.02971304733325285 0.04339572572637973 0.03040008289521734 0.054724147090646894
70 0.03759025554769743 0.06686229881766467 0.027300504877111217 0.051430345473354275 0.09521268568668688 0.08963339321801654 0.022854807990211654 0.009992496301627312 0.06471738584568239 0.07126068709624561 0.07538202673620627 0.03766651915668639 0.08109294361957516 0.01809354385827052 0.058181760369401446 0.03582387830870679 0.06627757346870045 0.0030133116620045205 0.019099664118828966 0.06851391784732161
71 0.05851616231380071 0.04462811898442399 0.01905932382705253 0.07690271494792338 0.057276539640252394 0.019125848387299138 0.07423234638707912 0.011965614516796098 0.06766018538587414 0.06202536343273078 7.661996548052991e-05 0.07766749991510503 0.08760214003112853 0.010153617240619252 0.04241209073034468 0.0716557428227944 0.050960024524092755 0.01947975999293249 0.08439697090411838 0.06420331605015155
72 0.07081626091851898 0.010901787588108591 0.055204940030456326 0.038547749727842674 0.061043237739559206 0.016068035920759862 0.06638139100533991 0.05620353793041268 0.06895682347363051 0.07722215465322353 0.024187017579384726 0.014485566115160636 0.06703380266615046 0.043991354630973215 0.033525433596972465 0.06841697940447827 0.07420176437866781 0.06654212847224016 0.014419872136294495 0.07185016203182557
73 0.005221725402637973 0.04969670757954515 0.06288669532100949 0.04704133617395038 0.03154977785775205 0.039711504894875266 0.10283950143102172 0.053263542885543254 0.025556366293004732 0.04946797456212989 0.042852044503709504 0.053539584757486616 0.035775705948225836 0.061014144685569656 0.03984150501886529 0.04132117609408996 0.06816585391521308 0.0716349533701652 0.1011734142249401 0.017446485080264803
74 0.06462479683119096 0.0424003889184876 0.020059179728993667 0.017331468568619873 0.06671417322050385 0.07634255428899824 0.042886277026822454 0.04767110567383954 0.07190753865350386 0.06176644095938831 0.03722724106329052 0.033876284555450796 0.07968626807888567 0.023629126232245657 0.0456191471657419 0.03666039750157325 0.08351624226365593 0.06388251263780266 0.055071283252478107 0.02912757337852705
75 0.0543841984456507 0.08217840391855533 0.07339292959393766 0.08716517241725522 0.03867589776242983 0.06861768807465003 0.03411888601863863 0.014072837382034973 0.0009157331653186009 0.020377239052073448 0.08368734867222012 0.02958682881582808 0.05552085182533463 0.09478551335322442 0.040944542320052436 0.019255268014954547 0.026861687113578756 0.09399354649499576 0.00973868918645309 0.07172673837281356
76 0.06600983714695605 0.06437982903392185 0.06794490890766641 0.07577560091062278 0.03313433091789927 0.06517710169232087 0.06578212520063288 0.039233563629612146 0.053597230652746644 0.043878901617946525 0.0802533649017116 0.024671969366851343 0.04449505656286406 0.07905431423275704 0.0013009375293093473 0.018321455928766654 0.024011155311442923 0.04877560899914969 0.05049356622674139 0.05370914123008049
77 0.04598469294349 0.0774890895564182 0.01983278310807644 0.04619963658852681 0.05094189238351504 0.036802824695111064 0.04318863339283811 0.03441206992850921 0.04208773406760462 0.03656234023481315 0.014431290911650428 0.06712760325940682 0.009391211991987523 0.04930778085999189 0.0822924516629304 0.09523729334296174 0.06927185332972434 0.0314172978754091 0.06866270992525773 0.07935880994177755
78 0.04953614658606464 0.06885973224889107 0.03456228794318767 0.08036569039789995 0.08626002696077667 0.023446259603022514 0.06970390481692681 0.0017573926528987548 0.03919727276603337 0.05881380549150582 0.038807626117991725 0.07285985227383457 0.05016094716564504 0.01008953169912231 0.06291628796341796 0.07543705811610113 0.026972459609394 0.002207383518004206 0.0780312457636331 0.07001508830564873
79 0.027601318138320806 0.01835704377411879 0.056671516248082685 0.09538741469929748 0.04440607453759027 0.09123305892412747 0.07573512170390928 0.07970683896461554 0.04118288171149009 0.03822993524123378 0.06504013917284393 0.016668676925024505 0.03919127431464267 0.016079094923843795 0.012504820186066974 0.06861701785043578 0.0035765334562539446 0.029065493051980165 0.09928494662457911 0.08146079955154296
80 0.10764154018456921 0.01861450906594764 0.05376840640838538 0.03548838849045369 0.1055860554192612 0.029891212280333233 0.05095524226663185 0.05055627568477179 0.03361930534191096 0.07960432811105944 0.07321959905575638 0.02047478917955586 0.020623589937364434 0.060550818778115356 0.009874354971485163 0.04047470161160283 0.07562929539469518 0.08250034519600992 0.027163704541433464 0.02376353808065705
81 0.01039698963637127 0.0414614341538147 0.017038677790249413 0.07220255686556187 0.02829763176885353 0.08858302453515828 0.041003833980411644 0.05917906610882657 0.07044869587233345 0.057828242562454425 0.0353519014218244 0.045841807047398424 0.07756586582990631 0.03464550481372625 0.07229454483184108 0.06131808704882051 0.03902464850321125 0.010272381814620358 0.057676735896243496 0.07956836951837282
82 0.006670488205519976 0.0754574172199399 0.047876207734836584 0.09441288806089 0.10199287371991214 0.037719904930521936 0.026520932219607173 0.09863555046082259 0.017630257025087463 0.026302318501863493 0.09581833564170307 0.006705699255771402 0.022493964751942968 0.025711689396585524 0.05264364408309822 0.09721623351091338 0.002442552357476267 0.05438911197661172 0.10576694209510853 0.0035929888517875347
83 0.09699861481216066 0.06219816333554539 0.038722233920716546 0.0036734637783799795 0.007440930846654361 0.10278435330188745 0.05277116868381379 0.03285451092002765 0.09462825968748255 0.007198333515409749 0.008107766216487884 0.030792299115691427 0.028861685037161543 0.07834370210745438 0.06793997396550457 0.0065752676409092745 0.0737635833077944 0.07553213976643139 0.057447415609203176 0.07336613443128394
84 0.06094568905227911 0.038392457180757816 0.004735310203297541 0.022469621375427982 0.03425661398365132 0.09074146832239646 0.06963414034202223 0.05306000070082084 0.06310950709920671 0.05197810670209649 0.00029554869723842213 0.04728168805017125 0.045463999430020566 0.02306047796717427 0.08174688404272669 0.07051530620878056 0.08699003182282862 0.031642302606452795 0.04083903003818728 0.08284181617446283
85 0.09859098873846299 0.032308338979356276 0.0716570901399453 0.010625931869774714 0.02773028643539417 0.001838588853325688 0.12438385720274138 0.04390538994057633 0.04159047464266669 0.11772341246993574 0.09608118909966211 0.08444434029755364 0.013781909483508261 0.025466800547623906 0.0031900021213415912 0.007893475208013437 0.03529011704300312 0.07794359335350502 0.03407397923613229 0.05148023433747742
86 0.033390525518628845 0.07535910955797746 0.03910556040712277 0.03892009669968402 0.05995745993099269 0.09096625686682036 0.03533084069630019 0.0679313311733765 0.020335772751047938 0.06539721550530356 0.07373367443357944 0.0957994943061854 0.028990376619339276 0.0022172743585808785 0.07877469543087898 0.05110848147738054 0.0033218848466230045 0.02992909248298565 0.0676849710036378 0.041745885933554605
87 0.03737998514145286 0.10013605105046218 0.030123639861414003 0.01070684190058729 0.10062459349455795 0.0057707128627178745 0.022803944205516496 0.09760838028563518 0.0541764705713237 0.07124929449604456 0.0822477952135983 0.06701037509550162 0.0982762061093743 0.014661634788435808 0.016885921240607865 0.08036761567066589 0.005743248298373445 0.07245697809831535 0.010049377852402737 0.021720933763012464
88 0.02577403451376291 0.008806369730998541 0.009580109018189292 0.04323342139578571 0.11376086168294997 0.039928079973100626 0.09365960783370127 0.07102736786846843 0.062173413124051544 0.07794681480262113 0.04190693424438829 0.003215282776463556 0.06511907701597373 0.0021955248681382465 0.06835041095705179 0.02365480697723099 0.007021046166553552 0.0747687798493565 0.10993366643495074 0.05794439076626306
89 0.07869429055036477 0.08524635051364644 0.009885127283063089 0.07390252690626033 0.10887360283134598 0.07162407072690473 0.08294895173067408 0.04189145065281782 0.05761256095824118 0.0026313516491987357 0.055424216342031575 0.02195469021980012 0.07057703525796324 0.011765421847919517 0.05733611319566993 0.04310745668327421 0.06424218372745563 0.010183996448342 0.04088451646726669 0.011214086007759977
90 0.002606174583452653 0.02742330545686273 0.001500725654433139 0.08071904905786079 0.00898542480077488 0.023314437099984542 0.11241067720475009 0.019524634944078557 0.08085136809121546 0.08226600473103428 0.08627611395820678 0.0066825298072981 0.07698396466042287 0.03436896439398381 0.10482692741567741 0.0881782109294933 0.06922786164763109 0.026424908193180167 0.04236804939701368 0.02506066797264552
91 0.04689943415950799 0.008555903605489636 0.0039755808437051884 0.02663694052697839 0.026844897757249592 0.07734760157168626 0.03424433031121054 0.07006403918028159 0.08047008978674311 0.05765945445840883 0.038198826813973435 0.08944817753683748 0.09294725252640518 0.07532061102108008 0.05414429780739854 0.013369766965689157 0.02782584020995968 0.05147083833819998 0.08622638103767644 0.03834973554151889
92 0.10395827281724272 0.06573126842493382 0.0022625161842528096 0.025287090044765308 0.003600931301609307 0.015580469848442103 0.046871460905218876 0.031244405736419935 0.03793931608470468 0.02962486298792184 0.05329011521512899 0.048734568744784275 0.02201295901462506 0.1127833624816914 0.10283719584689648 0.026213919195557774 0.013177037112179534 0.10932628541428471 0.0670965873717224 0.08242737526761792
93 0.007995993176427194 0.08588879014015928 0.021000169371931585 0.026974904485883123 0.014055817605868728 0.10302189885660774 0.10752029505049084 0.09418217274771012 0.005359763326437582 0.07105420002775807 0.09680773065771117 0.0012953840650974692 0.01622059091219611 0.025557280373012276 0.030258335475400314 0.09487248586005156 0.038121983346445946 0.022598528881433343 0.026722045018344825 0.11049163062103304
94 0.04364859990884573 0.036728378901178645 0.05137221559988455 0.04886939114132317 0.10022757320600317 0.09708263738379366 0.012189513411242161 0.016465914346671242 0.04908648222686374 0.009401825695594276 0.0280900441194383 0.0421860423918288 0.06967200729406264 0.09099985099347475 0.012852289930387048 0.04429279768363538 0.09365651856210076 0.07317058021307181 0.02266925150480322 0.0573380854857972
95 0.10026564659626978 0.013964463432847398 0.11499822952239251 0.01291587041977696 0.06194657075342368 0.0014065725686264272 0.012156386185133879 0.04389174811614175 0.08672773872850448 0.05496479214089288 0.028586230220079195 0.0632743661184062 0.02154794036900383 0.04849679615111237 0.05766026745790748 0.07023232328492611 0.08793011170989369 0.0399407395779617 0.032836599355178596 0.046256607291521146
96 0.009753847597735272 0.08712413675957931 0.06810397434373099 0.07221993512048479 0.07405990469658627 0.05733111704453211 0.08618486699138643 0.08038281290934558 0.078321786066965 0.022166157405747823 0.01220084233445617 0.04694852377719953 0.04300390562467035 0.057473699447388144 0.016123833607668323 0.06851582200895862 0.005583930456419277 0.046114373161620675 0.016125367927710178 0.05226116271781512
