0 0.013053974618213605 0.02106166437065492 0.05499509803863113 0.08062895465380422 0.09912037467683599 0.04055644605985344 0.07806966453543854 0.02996092180222206 0.03882664038007353 0.08557138454722098 0.015138646233104538 0.07921420977961334 0.04551871586371507 0.006841427242231563 0.004757561721652598 0.02679009090919253 0.09712791337973653 0.06566776186794392 0.06666762347248262 0.050430925847379085
1 0.04922480586178697 0.00035055593819524134 0.017222758046484446 0.07849848789028635 0.07269027693428043 0.003389329143047616 0.04442322005141158 0.09160215207070033 0.043195523322461134 0.09058773014334238 0.08776707976637015 0.005845866014597278 0.07317675360455043 0.011410500656033745 0.042914815352334316 0.09431680934924763 0.031623123049110996 0.02345530040761744 0.060399252884511076 0.07790565951363036
2 0.03124701312279953 0.0838136865142138 0.037189726416549274 0.05886543679423741 0.060504960638551424 0.0025055624569594905 0.07611999992818237 0.04193939226148132 0.036903172452630736 0.04561812796402055 0.08409816834772083 0.09028793877762484 0.03793184742753803 0.005623632781511556 0.08037664632854333 0.03900561289785954 0.03211592110670033 0.07952029013971344 0.045039011636513554 0.03129385200664874
3 0.09773808951649662 0.06186883915789804 0.028640211636095248 0.07061628135179299 0.005396612726023283 0.07809149757186556 0.08666394437946363 0.06575113432316769 0.02044193606714771 0.01298040254093508 0.015164632624549947 0.06903386670827939 0.03438075076181993 0.015471838805964661 0.051063772250977225 0.05475174659062258 0.020819623628337763 0.05414229551026823 0.08428958077192088 0.07269294307637367
4 0.08910627368993358 0.01396264485557267 0.0756863312012338 0.0605493660353011 0.0029639375536644973 0.05077357697104894 0.0386653654264771 0.010389929852157097 0.07093037969106135 0.02273908385316115 0.0034589168861474053 0.04470401171230531 0.06684272793204145 0.0777048122073371 0.026767817904030343 0.0675847194021799 0.0828311463931807 0.06320093004251869 0.043189742548675567 0.08794828584197241
5 0.030230117053995784 0.07284082912434627 0.011850937922539969 0.013943721866939117 0.07733069077330815 0.06826109329918592 0.008994490759468487 0.07947145733234418 0.05642249767494937 0.06236090123609701 0.033660925026697014 0.0681210067888085 0.048208789009534084 0.0774060386587133 0.07479092565226925 0.058706104709903645 0.08053813250737765 0.013284608514360165 0.052684590895063076 0.010892141194099097
6 0.11291926993445563 0.0105592630280449 0.062370379024968794 0.00442844828403349 0.04531058082240038 0.061579188208185705 0.02515070120021343 0.1012995115193062 0.022775172818919415 0.10359319771008375 0.0024801247302278463 0.07500577639523304 0.023937616186310313 0.00731485878800026 0.08488181150600821 0.08525856477991642 0.05813397458758531 0.0032386633663625468 0.10665862112411993 0.003104275985624607
7 0.029863106640753326 0.024280838868327142 0.03998248244629942 0.04937712828377276 0.019103967404802323 0.08121691142293776 0.03647922338383856 0.029449693843946644 0.024612039229342367 0.09295356291618385 0.0641427838124671 0.05417985569857059 0.08379941015444804 0.0021089938454832407 0.024669726817605545 0.08280672838861464 0.08132480508959816 0.05852841927395053 0.056127023889735166 0.06499329858932291
8 0.05719174844119559 0.011374459421926001 0.04944980282607926 0.011920504617547942 0.1036629763370104 0.009028213429134574 0.04563755000940437 0.10505190153282276 0.0765559372245563 0.019498107054295576 0.046792989868931455 0.03690734176825486 0.05332402086635516 0.09374601989798208 0.10683948244740722 0.015512969299649699 0.09671842084509467 0.01420494417870887 0.03451148719643558 0.012071122737207705
9 0.06409363185465136 0.01960790436508249 0.07551821039550348 0.08888399615282758 0.01035007558478585 0.07893408226327041 0.01176771188453294 0.07075210198973422 0.0001645454038686057 0.09105541730065014 0.0041492269130235515 0.0010318110176780518 0.07046405148901659 0.01919763753573749 0.06714321622320475 0.08426593496247593 0.07047791287737748 0.03328763929393255 0.0709744006155102 0.06788049187713614
10 0.10894243142605732 0.00405667606201734 0.007091930077457793 0.009413602831701135 0.08764292369078128 0.09540055689738562 0.016266220684447323 0.023896952730294588 0.10890370212418343 0.056688839597861744 0.005917227720237336 0.02471938381719899 0.03772781650695271 0.015091322285273483 0.0033301360706281752 0.07423389723056815 0.0932036079093235 0.0823419939422355 0.0941501554456106 0.050980622949783755
11 0.04215370845236178 0.10598930843005129 0.02922187434821472 0.045733584178858755 0.023438673656795122 0.03050922344316396 0.09010959448038397 0.05754313979434253 0.06944218369486617 0.017759577676947857 0.08349275890762989 0.025071008047758515 0.0845541548902503 0.012225539419825647 0.02609642799283284 0.02781988871475035 0.0537440529584287 0.0734848565358833 0.06406587945956865 0.03754456491708577
12 0.08148609862500043 0.04161593343747032 0.06272941821528885 0.016887924790886803 0.06446721524698952 0.06453238545576737 0.08602238951000266 0.011457066516090518 0.056269865205883264 0.06781864088586122 0.04007768656193615 0.02147656880846928 0.0527506880049741 0.004443216175034346 0.03684678140026094 0.03601498432475817 0.03177932909829181 0.0887337772943008 0.049288003539249524 0.08530202690348387
13 0.06187758447900946 0.05248839264141039 0.06421796438737412 0.09700689487018746 0.05383451685693961 0.09545659397369056 0.09192079328848167 0.05332670727062713 0.03936950172020748 0.001430564567758571 0.02280672344755997 0.06079920611145761 0.04420030804512483 0.035560362678535275 0.08391202710150017 0.037820238470212444 0.017143183554375527 0.00409363143411981 0.0702629803094158 0.012471824792012011
14 0.022000512880084377 0.04070144557195118 0.016650543753395492 0.0996958747164281 0.10612294172057408 0.01235140254619028 0.012102134386366642 0.08007775732040526 0.11356532824666213 0.0811674879868983 0.07202116410626402 0.09629544362881401 0.031930999203287944 0.0276569058498066 0.0018812283635791186 0.03535864071114761 0.0020280268610107445 0.00316320399012729 0.0802759938485009 0.06495296430850613
15 0.0935169527460983 0.08884244022998952 0.09332420187036403 0.06929514975277684 0.01914986828154989 0.03502382848472206 0.05083752403363433 0.05063045589418347 0.010441642711616048 0.08619809417553279 0.017019247782457714 0.01704513489505767 0.02312392477596178 0.0920718863383856 0.033748611502551595 0.0952587986610452 0.05984954639240799 0.004534063807194098 0.03259270586920945 0.027495921795261537
16 0.03698138562988864 0.049338398360496076 0.07305950661051078 0.033612504338941786 0.0688558097576725 0.033361558642222004 0.04091762846213932 0.04026695246411374 0.07619447221640394 0.06243981532477768 0.07117084617308085 0.068096182440073 0.07029406779289361 0.032215089131280364 0.011348974300499002 0.018589414752499388 0.05171319526695347 0.04842975296774662 0.07155915436435728 0.04155529100344985
17 0.07761037903458352 0.05116049436393241 0.05625883700876281 0.0919853702230999 0.02479294091816766 0.05872550863156922 0.09567151135675744 0.02243988988259685 0.04621341109195174 0.08057409353779707 0.08683333038379151 0.08976314445736928 0.01987859803638417 0.0023554861406444977 0.01450873018216044 0.006330661193467383 0.06601525173038077 0.04929617895731999 0.025283266735731075 0.03430291613353199
18 0.009447137888323949 0.012786260558686905 0.03928760253350151 0.044331805865708736 0.007842182710585078 0.01408000572589985 0.0026514542275949517 0.003203395021182631 0.07328913910356949 0.08332704205883973 0.009852007441378978 0.11259566580539361 0.01645020566021746 0.07242329265477061 0.09709309198761264 0.07400846926983382 0.05624114225824952 0.09010322971545394 0.10091252519783334 0.08007434431536319
19 0.012013768557909156 0.05856953865546916 0.12952259349397063 0.07346954712833588 0.013565192769273513 0.07831212604936132 0.046751916414632166 0.019324195620042596 0.023708912886564668 0.06843112366470872 0.053831904146458213 0.060574382172791305 0.06109812515855732 0.04600268657572612 0.04081690561766368 0.0931458580396584 0.022427895956089752 0.0008789119812411847 0.030966279929173977 0.06658813518237201
20 0.06451176951736382 0.023119601973052423 0.0030613300031279416 0.03843698263995758 0.0560168731171425 0.02709265959714209 0.07165176267740164 0.07839056368253115 0.009189849604795542 0.05119571667345884 0.09543497967284238 0.09205742312746658 0.0752165467838417 0.06974267744333182 0.0098432009104062 0.011072783972745576 0.09092519269027328 0.0045079018451877565 0.027175548208509457 0.10135663585942178
21 0.017110562743583125 0.017740867164685186 0.027930568185255977 0.018921837559041317 0.08345148447622149 0.08101093508133496 0.043229578724960624 0.09591304946504771 0.11431936891687913 0.012911579053384192 0.100666436243919 0.07705401514441115 0.0008916960258279793 0.03146162322617831 0.0808855724813997 0.08102464322365896 0.015770539993679028 0.08828593486524923 0.007307995565325869 0.004111711859956799
22 0.07503652834963978 0.023597213071596918 0.00024923292734930314 0.011186224304156632 0.08145343300729092 0.07035129554137928 0.06135411861154463 0.03089874244082133 0.03465247213471791 0.03128593778510436 0.0713417031987179 0.08160332457703136 0.05708060403760374 0.0654250331289065 0.0037381619105442618 0.05142592699966598 0.07308973819337616 0.07666867520811355 0.08128001695249416 0.018281617619945026
23 0.04563494062914612 0.008404546665762262 0.06748145135330204 0.0766249148353453 0.041874777684783544 0.07921616869474624 0.05010086529217479 0.08276257233537299 0.015670717002944926 0.0510033098326525 0.03515638613949655 0.07498999600468978 0.05739696927629209 0.03885318058560085 0.07990020333440154 0.02635711603330938 0.06780138440656318 0.07900180768857148 0.009748207327686628 0.01202048487715785
24 0.07880967734980913 0.02059335200637304 0.05668306929624311 0.05454732789976514 0.055525877619200324 0.019925685634546896 0.015955301859266177 0.036728791620166505 0.08769634281160349 0.06303719766547772 0.0056530686266841644 0.06621047250610636 0.056663910617013556 0.055051159268743356 0.08774025093057833 0.014984155544159689 0.04597299769031801 0.01868678859460629 0.101369818615964 0.05816475384337467
25 0.08275572591792227 0.020671171209653758 0.0276895906843525 0.08263877221821266 0.08105441249366666 0.05353363165559311 0.06835583943786426 0.06730130494727313 0.09058713725083659 0.03658666011397299 0.010353577633016562 0.005039458999811861 0.042447506130141796 0.05860240755424546 0.031098071029586342 0.017934395489220174 0.06188213198455385 0.01468518872821189 0.05658157552562261 0.0902014409962416
26 0.0892104715208579 0.028837965266525687 0.09471065936758884 0.05535688175971469 0.0820386362199357 0.043459752608444445 0.054756194746289524 0.0013734387236820432 0.04153632953046395 0.06717170087813988 0.01590107884854793 0.014574075406908468 0.09366189585552623 0.02030817899862626 0.04235229759575155 0.09465259643140736 0.022827922135697707 0.04335660843921597 0.039493451144905385 0.05441986452177036
27 0.01088381656523534 0.02098545281715613 0.04223914752791077 0.05836929355831414 0.015221760988757329 0.08100242247287795 0.037272471704265335 0.01999431573048408 0.03410363564515384 0.05541176221639168 0.05281757717680649 0.09508576749870093 0.01860986118761959 0.010072297144260504 0.094564942930861 0.06352500038092125 0.058622075902653545 0.08504368581842932 0.05034407673943869 0.09583063599376243
28 0.05173352376705054 0.03338013394690177 0.04489870416577042 0.08751430969697385 0.0795431854375938 0.04553240360416383 0.0017738291211844717 0.08720269426533721 0.07395344110435521 0.03161731514567758 0.038517126571798975 0.025515947844630227 0.042986877566644995 0.08612044041505616 0.09087184969506458 0.02428122784694327 0.0036853197577955098 0.02296944045686635 0.052815959140127086 0.07508627045006425
29 0.0026430470543537025 0.09084359441327804 0.04593440507557315 0.05723434828986674 0.036214660336756195 0.07682309722760298 0.02514882898345042 0.05913079506158164 0.07090629347056918 0.11546094307031894 0.08512136608918867 0.03288698789950033 0.03992705339862035 0.03334132886504377 0.11200818531095029 0.023031542570126993 0.011318846686616027 0.05058581405113219 0.00970859803334751 0.02173026411212316
30 0.07689977522329869 0.03709212146938444 0.052758088967741305 0.03593216649560972 0.08327130432341967 0.010029604701846457 0.061463876320883876 0.015811682422862273 0.032013372000535154 0.014018881201863252 0.0517648028483302 0.0775756019140026 0.06811891990540074 0.07868723198336369 0.02144350876593853 0.07454910098169727 0.020157886336577894 0.050355422715004164 0.08070123320149919 0.057355418220740896
31 0.08431769368021294 0.0680837002673126 0.007721420079270144 0.08378282026433612 0.001925184326974978 0.04715178955586015 0.06858609250107858 0.08018807015032847 0.04499112197046775 0.020144030732758656 0.06028691022130743 0.027174426918699354 0.03295205907571837 0.07786459246863289 0.0797320242061111 0.0405165606757533 0.03490269791470888 0.036781546279132396 0.04362323837288219 0.059274020338453956
32 0.06389402947691383 0.03981193537771831 0.0758874465981877 0.039998466680686774 0.08390494023565032 0.07763837366802286 0.03308800998223731 0.056365158233647406 0.06035333334521002 0.058929434745968956 0.025714824809729545 0.08131329057518154 0.06397672298609555 0.006278608513358509 0.018224708882611976 0.06694109843453677 0.03409906006557912 0.017278680600394204 0.029034299858187586 0.06726757693008158
33 0.028800827879076164 0.04358135701591642 0.06494851991949495 0.07518842120769346 0.05165401573981348 0.07935091517061142 0.08292457146129956 0.0702202390058284 0.049657981039696875 0.047257977602421286 0.07660888545634209 0.03883353537159108 0.04442774830116501 0.04127397481799824 0.06131559010923621 0.051766161154002344 0.05260450863765421 0.008117491232197864 0.009183993411014255 0.022283285466946683
34 0.03509446239654725 0.0872280280078638 0.049804873053051806 0.0018472458411667185 0.0730153626869816 0.08544161616279115 0.006975488791208389 0.07133846086746791 0.05600944703456148 0.05824802826491595 0.04743050371392457 0.06066048893168276 0.06266370907820394 0.026903323839483066 0.05851459735005631 0.019239188025523477 0.033275984863592956 0.08565877077396412 0.03757634514277715 0.04307407517423577
35 0.051968341333886225 0.02148045014674644 0.025963686444624684 0.060720503822624845 0.048906579528479245 0.002178563839890611 0.02306136768184719 0.08007380966197924 0.07349709204380571 0.05271000208553916 0.05354073867731673 0.08186892499381221 0.0694207482286723 0.06539829310545697 0.012633633322553873 0.04200420339018377 0.09447125206258944 0.08588361471433947 0.02492695209555461 0.029291242820097256
36 0.053499946489938215 0.013154564875331263 0.04908963415391154 0.021806731975881538 0.06357946238146503 0.044203671418966826 0.020543075148348272 0.09229035089771774 0.09033001764671796 0.05895775857413688 0.023259567798237596 0.0876757666637974 0.09099140983622186 0.013011539064860881 0.0524649155862554 0.0313464090686161 0.03595818719415764 0.018921763813319527 0.06524799208516388 0.07366723532695413
37 0.06257083607069244 0.02143937809582839 0.06215315208680373 0.020554121385893052 0.09709309765004309 0.07729307957476363 0.0662784549399155 0.047401347973878835 0.04486043868056999 0.10692388940049778 0.06228321891693679 0.06184427351375111 0.011280751680593105 0.0469122815481298 0.017851224145214582 0.03381676689240413 0.06664898663928577 0.02475296693761629 0.009685855089945296 0.058355878777236934
38 0.08473590522893797 0.018171841690015466 0.02565185973203692 0.012770672223942006 0.045788413487391655 0.08428958423251512 0.06111763741642712 0.052263831971538034 0.04388795948033926 0.07953736439560796 0.06316462534265811 0.04631619486627881 0.040117522123394714 0.0729555298758795 0.020222769296338358 0.05316428007579471 0.022760870438005308 0.02826213442173989 0.06225390325226029 0.08256710044889856
39 0.0261094445520207 0.03578148108757321 0.04837544031088413 0.07559722958389371 0.07368334512336713 0.0653031617022589 0.05761959078418578 0.04189270848852498 0.07576259716780186 0.008557267382825683 0.03748919514479075 0.06788719452600477 0.02944984205975964 0.06496744976906187 0.046490373145424126 0.03788415365314365 0.04049558515605104 0.06362651131359387 0.029333999082539072 0.07369342996629517
40 0.049718617043316655 0.06514463631743761 0.024599763214334172 0.021387761492624925 0.05962281747618992 0.06022579022029159 0.025363224138617853 0.04913371504149116 0.08283841966041683 0.05966557444922953 0.005339480704548403 0.09755144867125244 0.04838675625939295 0.08296498937187237 0.05558015851719767 0.02132848192826347 0.015510520838038838 0.08256825964758624 0.01249149355252559 0.08057809145537186
41 0.05035446505585236 0.09564698396798668 0.07533831180591996 0.09812076705982849 0.08561522186819841 0.05185450705460478 0.06276783138934887 0.07675129670197593 0.01592937483991088 0.08999785234455626 0.006795736867562807 0.03272155513774465 0.10066792881350564 0.003005157511654823 0.0029406076269459912 0.03523784040462089 0.047925197457719705 0.03348413437583429 0.005437914243474866 0.029407315472754048
42 0.008692661461614157 0.05385604246693817 0.048109537281774944 0.025967286194518595 0.11631327276811682 0.04429854952597307 0.10199451375583193 0.04800942520510022 0.07395035889003435 0.09661897689916148 0.023059275545534035 0.03525565368645737 0.04590342825577154 0.10685620760973343 0.03225820950973689 0.03664193367245454 0.0011373705905546394 0.008367060906624361 0.08775695160512871 0.0049532841689409034
43 0.0339110041085597 0.08160588099649876 0.050243883293314626 0.08975855885969934 0.0012140103616561679 0.02202126440947657 0.00970274893778277 0.05184739621639181 0.08689085572107676 0.06138248055327827 0.07573386587940165 0.03116574307200427 0.041068810603096764 0.0706837353915342 0.06293414913017381 0.04234761915164247 0.005609085067747772 0.07344611023511374 0.019842933793047326 0.08858986421850311
44 0.09034900765804159 0.04237437445267583 0.07222316124908384 0.0542535493062001 0.0025873608371449123 0.04074821560886622 0.062011930814800234 0.06710032083215738 0.020512956939157508 0.057542506523770645 0.03714817015740151 0.08234373952929269 0.022332954629784827 0.03848261866529914 0.025711896104903997 0.06577734448856491 0.09118018067077552 0.015335325424645403 0.08675618468253307 0.025228201424900582
45 0.03923569283419943 0.010043122070540736 0.020373664229040606 0.02075244644670406 0.06702850303385566 0.08205115672409061 0.07888990045181747 0.057680258871200804 0.05721185459702226 0.080861415494234 0.054426371098282404 0.054384497705028255 0.024627227981324374 0.06361992469398958 0.019785003826183322 0.04200703865019073 0.06604361006701079 0.02838577166073053 0.07430716319385731 0.05828537637069692
46 0.02364797991909882 0.036492719882295 0.03599818265843073 0.06201372975292353 0.05520855065921093 0.09480729658930145 0.023712032362003525 0.05186344199827513 0.10356521308958302 0.001402038739043591 0.012482615900297894 0.08629096935223655 0.012673176329631433 0.05010368776012705 0.05350101817609674 0.09808716359116626 0.04292519906678107 0.027223689805146434 0.021475119832276804 0.10652617453607403
47 0.06708003781675277 0.1006937936022027 0.08237748095650799 0.05368059690572631 0.06263194836985095 0.0351489060866115 0.03626578489335493 0.009587917262985381 0.016684100455298313 0.05528791837699122 0.032178612489005484 0.004892384671831185 0.031095025531024497 0.07256985238510297 0.046485560523248294 0.01500275098614605 0.09001679617290367 0.1083068270509116 0.07954405743691051 0.0004696480266334793
48 0.04027839549860478 0.06913462315775304 0.04367406834643299 0.05344300895834841 0.07498703894997107 0.059199594762384546 0.003214419109910935 0.08387962361388741 0.01115226853118872 0.0818074912264333 0.07635947429725437 0.06329651679749314 0.08148458277579104 0.00021821447533829056 0.04915114738765383 0.013477363445946897 0.0034151468954475434 0.001944789693769342 0.09736743917685874 0.09251479289953159
49 0.040386746002061935 0.036881146445216395 0.012417072543223969 0.008027097077879315 0.010311564418329987 0.05069524531530434 0.033677877036162214 0.1242063717483078 0.12579437997055976 0.04406149656176923 0.06303790177641558 0.06414869626270535 0.007381913109315475 0.03578882828245164 0.034398094323395884 0.03655783046794836 0.0601959848129936 0.06828833502459256 0.08341927967813162 0.06032413914323467
50 0.03742145305427378 0.016357026088559618 0.06874164065703132 0.07272969487701811 0.03793109277899226 0.037290178368583615 0.05357866480300894 0.013799166628059127 0.08785125264359334 0.033172596464151084 0.05597815643957486 0.05960844640153433 0.03432466976478105 0.036647384903803384 0.06239893239746918 0.10897190568302469 0.009409208766823305 0.05542592159042508 0.09061024539361472 0.027752362295678318
51 0.08385972868850217 0.06662140880421993 0.09517146831881312 0.0545762953500297 0.02858221807065272 0.0765165804418458 0.04688000118095786 0.0503115972008658 0.053665308462517006 0.058454880981204764 0.03147893303663585 0.088056887688022 0.06440201735133297 0.008725310988846631 0.034465136239127 0.011915905812932207 0.045855969697445084 0.028568052899191468 0.06380303249272619 0.008089266294131888
52 0.09316227087174134 0.061862432735262915 0.036129288676311676 0.033781751070696274 0.010371589174161531 0.007748254342948879 0.09255352022312317 0.030813117273008547 0.08336556943259357 0.08062401712824754 0.0033103901915165664 0.0031871006522557733 0.06993815463095773 0.10684114376058484 0.011735746573345831 0.03262386000557043 0.03965443860760355 0.09599271324086407 0.08808251678169428 0.01822212462751143
53 0.051659017038781826 0.02697768601038895 0.06881623468912726 0.0632307041236916 0.0013707172991059553 0.07819312514499357 0.008730135505977519 0.0757072931695484 0.024259767685256516 0.03392425027032153 0.04187420737382615 0.05761755534755382 0.07857045703783502 0.06394893753063492 0.03793272482897401 0.0769675111553419 0.04087976139801039 0.07612525940854692 0.04088650413707838 0.05232815084500529
54 0.035737374665938834 0.07213067342428298 0.016641017125469136 0.10486136534403599 0.09599506071022887 0.022251865373617 0.04696135592203854 0.01643155084603677 0.007386389991115883 0.03590127126572232 0.05955222192765832 0.044265294023283434 0.02315645261708506 0.06196465218153516 0.045651553498782235 0.06036611476864056 0.07426074696089421 0.033234904103330326 0.10631015513101774 0.03693998011928663
55 0.0014397023872342635 0.0765830785705044 0.08510270190465018 0.08377873719758698 0.010069132522943799 0.016690876699799923 0.030440685236915954 0.005520088903924519 0.05512463029935126 0.042069247280257224 0.0848645180267133 0.08103475545995309 0.0347323753440244 0.05420226659051394 0.07747274346652736 0.06654302636454101 0.07528049795811888 0.033501839040676884 0.06248387615363358 0.023065220592129176
56 0.08794916835434649 0.01603121729253259 0.0315727652248565 0.01934480487867288 0.014646577521372208 0.02063408620288383 0.012524471498675532 0.0124366071632649 0.039453308307721965 0.11258237671831846 0.11776713803164911 0.07189867975469594 0.059727419656194325 0.07867904438100302 0.04405095306035957 0.0912305028617386 0.08423713664114053 0.005185012981792919 0.009323032968932974 0.07072569649984761
57 0.07407806728551437 0.03605685403854158 0.060157499153948794 0.05371455632125055 0.05556188036764227 0.04125412836878221 0.06420369692129832 0.03581449460593971 0.023429509630226684 0.023353954662982818 0.022595568331733196 0.050567456726416264 0.032758976494348516 0.006621125037885107 0.04924378088605648 0.06022664553045457 0.07871433753693678 0.06637931132869516 0.0793840915993324 0.08588406517201416
58 0.0912243078944746 0.09459165581770781 0.010711039078677306 0.05437381277131365 0.07289500317901079 0.025191541094586548 0.017395930014786395 0.004406462030358215 0.056059296167316953 0.04107074021071378 0.08957617758495463 0.06436553208944276 0.009655961091043016 0.03531127405293862 0.0730505102381258 0.06591986186851312 0.04633473559272528 0.04051599159656473 0.10225524427912848 0.00509492334761745
59 0.03697291333083201 0.0684655459906673 0.0037666399310729817 0.04558465938589932 0.03802996931218147 0.05768095157791126 0.02018525427054787 0.06100716290441394 0.070593632620464 0.024247744163214208 0.0212608191461951 0.0468543694478144 0.02970559562466102 0.009264131426783102 0.10951033321093233 0.038708673980999836 0.14528272175708892 0.003543322945987782 0.031770834755097094 0.1375647242172362
60 0.030380511583474244 0.02629210729544794 0.06673635067508756 0.059672345339935956 0.022769921098120816 0.05199348605764483 0.0787870553745975 0.029581474849548088 0.0778629150214246 0.012085108522821342 0.07545730377243294 0.03373302963458121 0.04394022747368636 0.06140055656797095 0.0146217165452355 0.04816462598655281 0.04272355941207766 0.08328216758233911 0.06812003377987656 0.07239550342714413
61 0.057659970347381136 0.039439423859662745 0.00926488572264702 0.0844217682820893 0.08086141232772331 0.008221425700596115 0.012270971014019874 0.0633068647672437 0.08352103846218822 0.07126329392788161 0.07012279380573264 0.07405507644353974 0.06620614656584553 0.040675092880893736 0.05197856606993162 0.06125349615428983 0.04035439251332395 0.05542850806237754 0.02250871344814159 0.007186159644490939
62 0.08332195604557471 0.07271450210540818 0.09309238698698673 0.06790159489116322 0.07462566875000697 0.04403777809652467 0.002236565176924507 0.0015684683927609704 0.05358354376851292 0.013142890409266111 0.03532358978278928 0.06692522453867328 0.04796377969919182 0.009435592309100153 0.06570386436669726 0.09402178857368458 0.002531932407808232 0.06562927332569483 0.03544238280084824 0.07079721757238334
63 0.08810048478928861 0.013512715222288233 0.03472054294316368 0.07031748936381936 0.061235287465605706 0.05888797954466199 0.024449735066765767 0.03792172313618699 0.08240170468791634 0.056014554216762796 0.04541435359103334 0.00039968715489933617 0.07854235249939291 0.05832510365387934 0.039679695721884636 0.012879388239926171 0.09518338765707507 0.04093603581064884 0.07781192655701046 0.023265852677790428
64 0.0018357018071574222 0.03259060724862744 0.04107570517181655 0.08981874112384301 0.10832182165784918 0.05703656531032345 0.03572831712322993 0.06026802814252813 0.030787623135191323 0.10749040850129647 0.0344638495710457 0.09909457065794516 0.08647905088194104 0.0117771182304912 0.060285232459537284 0.09714834840952244 0.026099702446779078 0.005017792409401989 0.012253787886504343 0.0024270278249689087
65 0.01843762744589492 0.0782922516929019 0.07214149557823198 0.004776117561069997 0.0099224710999152 0.108638039730419 0.06422762098737654 0.03347903032936248 0.10506969964659534 0.006316578068072473 0.01702074772254195 0.06830055150061902 0.08845450846444673 0.011711422447248102 0.05653984524888574 0.046592263842060715 0.10785063219028859 0.018726787384867268 0.0502376603343599 0.03326464872484213
66 0.018676631056072823 0.027500371631316974 0.09617251137481815 0.04880313087213889 0.015579538249997422 0.014804086346823273 0.07640464772274953 0.010624560497826823 0.07443322451862885 0.04511700210440502 0.019222208575035094 0.036192886513369354 0.07983055322626509 0.08563361921924548 0.08158504971287552 0.0001855943523533968 0.057628490751176153 0.08734336812144355 0.02548065434844115 0.09878187080501755
67 0.04343759658275711 0.0722591500857445 0.029346625204423854 0.08047254979074353 0.04677929774555277 0.09228818266242363 0.050772148539968906 0.014142063034040026 0.009746256219205116 0.05500280861384201 0.010892734143933373 0.05486740740192363 0.060144078063781324 0.055955713509509133 0.047936329482882345 0.09593054028930743 0.00625024197809563 0.08488874094465851 0.017010351237855978 0.07187718446935148
68 0.09016014586838103 0.04743921777094974 0.04235902202740539 0.08617456939741483 0.04617263888534637 0.010349686774898025 0.06683080580644268 0.0665722378524457 0.053657635817700035 0.03802737673924751 0.07461813320536696 0.04500861859133668 0.07035395738542942 0.0546525153715157 0.07675552541971589 0.05184955321475983 0.02033720304118736 0.005053783682185257 0.024010108156403358 0.02961726499186848
69 0.0001224799075497108 0.0440965553497971 0.044478645084311506 0.07494644301944145 0.08430255163572728 0.07258074586176912 0.07898673140126247 0.01788105369538843 0.006812780233751995 0.03718208300655506 0.06412990003510877 0.07249276321093574 0.0907507079058487 0.0013005340257684912 0.038425822171967126 0.06456670432262725 0.03332162366632257 0.05815587328676869 0.08233544685689864 0.03313055532219982
70 0.002942358737365236 0.08262468358928043 0.06228905947405983 0.01852128145167202 0.09299876515018009 0.09121829634364823 0.07575059999428274 0.08074655013597512 0.03662074729778604 0.02591893852003835 0.035517097634042004 0.04626493575704032 0.03827915517862377 0.08757754538360736 0.004180904439229956 0.0016166647845830139 0.07114880303305 0.031145113434524075 0.022880569084945755 0.09175793057606542
71 0.024734767884769113 0.0441559944833367 0.06697827286014678 0.04602321639976337 0.07959605644214225 0.03100916493021254 0.04993377324422635 0.01764901290562468 0.06352288149434582 0.01925749645188785 0.026573188496926546 0.026444035918617333 0.054042165726719285 0.041839924818340604 0.06804186489969684 0.08287156966574054 0.05423753770362636 0.05350244650290819 0.07760217839968976 0.07198445077127914
72 0.08239325744654322 0.008873232052778108 0.04639710740127691 0.08110195323623876 0.09701874339077463 0.08173092434386318 0.09031577794239061 0.020070604419043448 0.0268857843498433 0.04180669151566898 0.03828991387598474 0.01178937730381693 0.10167794216933361 0.030217803519660674 0.03355092904573764 0.05316691432522472 0.022706614045592443 0.04214217385447519 0.021364928186776436 0.06849932757497654
73 0.10100725239804335 0.09682944275846712 0.0017194475023067056 0.012807618669502594 0.002700848868480907 0.11215398522272683 0.004346462931926652 0.021878159109270046 0.05589045147388475 0.015613958105464029 0.11772072017585439 0.07194050375773249 0.021921653713486464 0.10596559533365191 0.05447919114936869 0.005281645187247129 0.02365046468851412 0.04209973339288375 0.11481095933006076 0.017181906231127322
74 0.0473496167742075 0.01275787484815605 0.04310483664033997 0.07900019234690375 0.005644650820126919 0.04367600703136851 0.07121174385817124 0.04281604012540391 0.06467980071903946 0.09765526838038974 0.051951175760984736 0.02884335731465217 0.052755490829049935 0.08179483045111345 0.05103313097600359 0.06526475177578549 0.09782028264010562 0.005712149231161486 0.04351358681730007 0.013415212659736421
75 0.07291769037316048 0.03423679085819081 0.014216204666277342 0.08030165932825428 0.010866886907942361 0.06278484401569535 0.06218824265607496 0.0790672687151308 0.0035664099828638463 0.035786074347489656 0.07162450017096299 0.07495967316492218 0.06053871014257983 0.03319603349100012 0.07927676775554349 0.048734643451236036 0.015464363545158 0.03867826893665061 0.06872180374186236 0.05287316374900457
76 0.022404516553933482 0.025241931227601475 0.0470470968705828 0.10495829185155446 0.0889527593341393 0.015275600005227031 0.010733603792657564 0.007603663459305707 0.09469801655762364 0.12538813708369728 0.06827305593444045 0.054656084822489716 0.08050941401064636 0.010595642591894484 0.051526413908041344 0.01737141079988256 0.00881519265650157 0.008560697439564662 0.03750847082145551 0.11988000027876053
77 0.017087453578327656 0.059352101285645914 0.08189234421968958 0.07723002208655609 0.04289214330980446 0.08112288117525966 0.05934197158736976 0.014208579762514844 0.06450556481028748 0.07728062880074021 0.08214510843618354 0.07196340910760184 0.015340969529315492 0.018406126984046995 0.08202385017899833 0.0033588277676565867 0.03311842835279131 0.06365294263594927 0.036381933102382476 0.018694713288878295
78 0.058676707027576186 0.020479023207843366 0.02220053731634401 0.06933540454262939 0.1097628402109625 0.09417481960927764 0.06423472757495932 0.07110250597089038 0.06551778927743304 0.02629340634811827 0.03860162136287594 0.026176687217895716 0.04649860948608582 0.023062327696042266 0.06532201294061989 0.005089536636510365 0.0659804060685053 0.0313071423196897 0.03407501802272005 0.06210887716302082
79 0.09317282869878502 0.006410654141499835 0.011478831066069424 0.032042525046660164 0.03291224104555642 0.02979634844719083 0.06041297309066645 0.07656923628281273 0.01601416321475976 0.09429416275468236 0.0942408954867818 0.06599257312510515 0.03312155852990897 0.10963904414280438 0.006978032220143586 0.007076976326358968 0.04537918954226378 0.047384255179334166 0.09400882007489644 0.04307469158371971
80 0.04296622863039547 0.08717643588503217 0.08671086366821307 0.01643907871604474 0.034063253418756885 0.013064731753606116 0.03131571101287284 0.01036325069985613 0.0823877153661334 0.07739724524813693 0.0022333987907086597 0.10229325405744304 0.06458207865372238 0.04082730349212031 0.008434932979549451 0.045277123523807264 0.048808742685596006 0.03329471885541112 0.11280228566384337 0.05956164689875083
81 0.046745244298071816 0.022292699644123826 0.08111904675976803 0.07554720427089939 0.04223164753583022 0.031797674507822976 0.14274425919549266 0.001183576313543658 0.10156974510366465 0.0035460667718061963 0.043890055584413945 0.029306958076530634 0.03512558293226225 0.029217084552317425 0.04837724584332621 0.05954415927939469 0.08156520895161447 0.1156258684472575 0.00026875459327748623 0.00830191733858192
82 0.0282749590024745 0.0565274032414002 0.03514010383821121 0.10561934938706528 0.06590820986332928 0.07394481129655166 0.08835700129776825 0.08054026356745111 0.02101312450100903 0.05194185322211744 0.0671643024350232 0.030953159333888047 0.0240550110531606 0.005116525895796891 0.062409927356398984 0.06214674566014927 0.005469773236923778 0.07595782365505775 0.02181741030627334 0.03764224184995023
83 0.041560428610898884 0.00253155658863561 0.051165777159688536 0.07083712341689681 0.07946793567484903 0.10459291464740346 0.014066270464172609 0.027886436903392525 0.029513693793682745 0.09094541866040383 0.05982348974189935 0.02529101170172936 0.020944728561883546 0.046024100527365976 0.0024003746804375646 0.06860611703011316 0.022786795992449073 0.1084785591897047 0.036476940717310315 0.09660032593708269
84 0.009421112296653345 0.09760378804489946 0.06021107321597156 0.04069211017747265 0.017394349313656854 0.061866298326435115 0.0516148169925865 0.0711755375959273 0.0019845914461550872 0.09352098630328413 0.04010032512388846 0.08226302790227137 0.08227685172274604 0.06054140864718614 0.061770948509388135 0.022264275461742505 0.04219174381487294 0.06144390790087824 0.02658577699849162 0.01507707020549262
85 0.048058262660600294 0.06449925749542883 0.007889995895271444 0.08448510783672399 0.08038233791000468 0.00728382055308858 0.057863088274936796 0.03419218309999669 0.032146592631099175 0.029460946342801806 0.03215212125812109 0.04149506888388159 0.030415871525215996 0.03185688630183618 0.0744901182240453 0.06509760624018789 0.062483778459861916 0.06972977560378169 0.07531263517515324 0.07070454562796274
86 0.028084587141059894 0.052034842824073536 0.07871548689633037 0.08268872120432735 0.01603880074483104 0.003989668484421705 0.026022706824502376 0.05524264353787925 0.02265090977064773 0.0537484914013127 0.08603544148007718 0.09019117722695758 0.057070056842226345 0.06513165459917604 0.06828585842244835 0.06049227516355801 0.059658479877591826 0.09045013682684747 0.0018051496929571353 0.0016629110387740103
87 0.08704147955847999 0.034725467405382 0.023482169418614526 0.005950936877074727 0.08498181865397034 0.07099142708969909 0.05455841848304545 0.006705600799229787 0.05352885536810767 0.013972323678253556 0.02050775156056505 0.08745752841040418 0.07272763364683286 0.09384055911516549 0.010896164459222635 0.04690988029642854 0.09275070226718625 0.04506788676924673 0.0035650687349063916 0.09033832740818472
88 0.10994125357645952 0.03696266431900519 0.011085148806385465 0.0071843265054112255 0.022616413361905945 0.07185877594797238 0.012160757567253927 0.10808461919686466 0.05774967137694117 0.11513321740073627 0.060192463772338126 0.020905372201654445 0.0016353255821002451 0.05006267938967957 0.07983742112790279 0.0070571131163164255 0.0596892549371922 0.06801876158627752 0.024783248035102567 0.07504151219250031
89 0.09012693515957057 0.018651608114285036 0.010694465236487361 0.0029628186667689815 0.08089487832295478 0.00213579966606565 0.022398017741279332 0.08905191676935525 0.0888240307613848 0.01559168177260958 0.045894682592457714 0.039643190372608605 0.0975225066898503 0.017717842697909755 0.006058892348456866 0.0851251899771534 0.09016034707423369 0.0320585796441551 0.06769289093981178 0.09679372545260147
90 0.06122491525525746 0.03481508324046016 0.08266577696396435 0.0900077766438855 0.06544301592828698 0.03226436918692093 0.06310670553330135 0.057155249586641366 0.014504925153194514 0.08317233953056057 0.08499248090981362 0.045069528013809125 0.03478318294944727 0.003195642971632088 0.013184639569141553 0.024207093203501843 0.058447076089984146 0.08725219106785473 0.03188564354190625 0.0326223646604362
91 0.08449053192004942 0.047185282305608374 0.016874543189802346 0.022058676373809184 0.05634832896746796 0.06651962861500689 0.06471555508627705 0.011626101475558048 0.04450275717969667 0.020404613287102573 0.08449300714885573 0.06794102669751961 0.03224498316241647 0.08037354613434246 0.07767855797397548 0.05494882646650003 0.08142518282081311 0.030963533138175556 0.05115373150387172 0.004051586553151271
92 0.0705851947519124 0.026101492206674466 0.055952307667549606 0.08514173426035009 0.0074981674763152815 0.06404291108646859 0.06882173299307193 0.07887249938616098 0.05354847703061325 0.08024122325911921 0.07223421362670143 0.017975182628195776 0.006806538413505051 0.022677253607069375 0.08483410126746486 0.033895719017511296 0.06075357728945133 0.010095922752822162 0.0347216365899791 0.06520011468906386
93 0.07575148379049317 0.04715049984992428 0.10006767234040248 0.07420273736437184 0.05471307708582885 0.04082592405414695 0.07656489669996205 0.019935039041986947 0.026678564691051447 0.028103069249326918 0.041009025033078225 0.03622979263998783 0.09391121319003883 0.030974265606703178 0.09262762840416605 0.059171392098574103 0.008543666639243755 0.05810022878127933 0.01118641281753976 0.024253410621893973
94 0.04770777954229334 0.06743642502688671 0.03304731518338515 0.008349853898883755 0.0714015486874923 0.04200943425479306 0.02172189995345359 0.007850300287299269 0.09823018227680841 0.07865814602376096 0.04876552705767241 0.050786656278028995 0.0550339118287042 0.08401141016400569 0.004020294586261028 0.10956324539520464 0.081172455855805 0.007236431490841021 0.04419505320363209 0.0388021290047883
95 0.008972058047089186 0.04855017501914722 0.049966144751849406 0.02381037884279454 0.06470111829742418 0.08077423538327462 0.07246987333798718 0.027449415106742484 0.012889266344328588 0.08694500036480347 0.00027857178842260035 0.07321479530467989 0.06984725085852128 0.08498838583836202 0.044310108273666715 0.006000209736912978 0.04383989895492418 0.08207857885412431 0.048275878297953455 0.07063865659699174
96 0.0008109141124794806 0.034988770473400654 0.02480245407835381 0.0772566820646744 0.01667797203212729 0.07553475405364204 0.036105693437030205 0.07748443217715689 0.037279163480536746 0.01045833306126319 0.0652232361944196 0.10205172328702042 0.03979947411966949 0.05400863054980265 0.0222920917000697 0.10511850064136626 0.03457709474824325 0.07846801420233396 0.04743078093469298 0.059631284651716965
