0 0.0834176343798984 0.0533502480680057 0.04164976701385388 0.019207819446844944 0.05471942571797586 0.07587627246779506 0.10183756800567276 0.03671296107013853 0.1021353387674138 0.0558418565887493 0.03661529723383033 0.008108512111577003 0.05607930275716458 0.07171129613391432 0.057511173104263236 0.008749320853377287 0.001598477384452813 0.0601815045772867 0.02984657386999629 0.044849650447789366
1 0.0690245320119782 0.018794660868502552 0.07086682113104613 0.08794940312383757 0.015324749687525362 0.03425298127709288 0.07253750624476249 0.01629027873421988 0.055293545807894695 0.010119377732262453 0.051981334538332515 0.06253412266363785 0.007375076584725366 0.04793408128318194 0.07592102166358969 0.06757319618784431 0.035954521795683335 0.07090606245548073 0.05308384321376538 0.07628288299463687
2 0.04126899181063728 0.015855919193435004 0.02032960061676701 0.044731729780597904 0.0014526751105114167 0.06408416379938989 0.07891646717801312 0.07612720871149922 0.062495980797145655 0.07640418709189033 0.08324188884619195 0.06900588117091755 0.04977654729256754 0.06079957541127113 0.06009744425834294 0.07853157196755761 0.012661585877770151 0.04539516795529467 0.003166314244535514 0.05565709888566403
3 0.0978733948645615 0.0040279088028011036 0.08870160765742632 0.026673360351475068 0.06681470299565458 0.018590321426524285 0.056015538403001726 0.05567638493775005 0.07259610404776831 0.030188413555115267 0.0933326935244279 0.055683177762724724 0.0167039786733465 0.05820311213460634 0.005620485346733908 0.0023068353509986786 0.07957329580609529 0.07352754589620579 0.06146413167380317 0.03642700678897956
4 0.0666973879632162 0.04470403083956495 0.08346536101171359 0.09655614552967282 0.0060614333094193605 0.03031523963418903 0.02142449175794348 0.0555150235306233 0.05161988886359596 0.03190549913007533 0.0615736600352734 0.07198914817998625 0.03998760281123445 0.03985206594063031 0.012014430293516587 0.04099993743794537 0.08843368771158529 0.017643481463877193 0.04435824717192832 0.09488323738400901
5 0.030500110769531748 0.13055622589927765 0.011525867960530305 0.05233401406023792 0.07512564490921586 0.12920286232303144 0.010690933459514142 0.004281195180220948 0.07960079172236607 0.0472437817366034 0.06109510230609163 0.014339727365313559 0.07147608183503547 0.01851257126256059 0.0024837734474711546 0.106559530975201 0.007253251811553367 0.10104667264031421 0.018387446916942635 0.027784413418986853
6 0.058495682038017915 0.060857723488948925 0.08658393126989261 0.010814631096372264 0.01037093919134502 0.056245962360818975 0.011885357397986317 0.051302956572258376 0.03671246111103388 0.06286807714521878 0.03685435421287266 0.01715144863568348 0.039853064845096174 0.05903981598508837 0.07404194041451323 0.012853793366590162 0.062031197021216594 0.088624255551904 0.08181907237225713 0.08159333592288529
7 0.06488302433471865 0.02485488481239545 0.02363812336735208 0.009271694520221934 0.08495829460894838 0.1133268143897885 0.0347046530790785 0.06327513814625906 0.011629037269801362 0.04012753377332756 0.05557171099555122 0.02503424002521091 0.09374931422870494 0.058945921848088036 0.10909582593078988 0.07076338235442237 0.003449718714957213 0.0408408921534635 0.041941962641162345 0.02993783280575813
8 0.040807558217491456 0.004261253490507888 0.05862739299180503 0.09906275953913453 0.08556195304306724 0.08967355816629216 0.028799412898759896 0.008238919445448974 0.10457373483930031 0.020469055193688496 0.047141461391317134 0.06913241644456763 0.00820501824135222 0.036893485342505083 0.03436507953992837 0.029674016507695623 0.0447627768287145 0.002965367117701751 0.10552576899023729 0.08125901177048406
9 0.05385000021452745 0.03247705658128015 0.03123958605727751 0.04359157710999147 0.001953293300442067 0.10278484261558817 0.03576271111349847 0.0012995806260963174 0.06097264562461276 0.014657954767056629 0.053946714038720145 0.02023673721743161 0.17606226079805215 0.019619903267549237 0.16800208228122124 0.039094379235173435 0.0471764477563043 0.05387313060263457 0.02552081102928532 0.01787828576325708
10 0.0358202343203943 0.09259912459752201 0.0077470769728246085 0.046828957225600175 0.014231045691394398 0.00463496482737206 0.07708694620633406 0.07945920220140236 0.018012123873400343 0.08971876171977682 0.01706697150762637 0.08464663327810627 0.014459052940929827 0.05569289241458073 0.08039923623888336 0.08877206919563195 0.07710532241228801 0.007069914966390411 0.06852089665797371 0.040128572751568344
11 0.07486841913368136 0.015478749391561292 0.0581285897787808 0.041703151391986215 0.0435472839450064 0.07075769584416748 0.04978899604727566 0.07485632163155924 0.0420562569095302 0.04843831324323888 0.031875907541869024 0.08797960290321347 0.05677500115590712 0.036575016207927656 0.0321663219744951 0.05001538683356574 0.08288854252112791 0.022904399344918596 0.07392211107624974 0.00527393312393817
12 0.0859969105960485 0.01401249949272118 0.06427709844309783 0.10450153126391912 0.07285367201613487 0.008118975323329057 0.015096652373160836 0.011250057568541558 0.07674430133005758 0.05570743264785542 0.039950720989456255 0.017737590849248207 0.10246828689733849 0.03724278465850998 0.03731598801805733 0.02573607989271884 0.02004408284046081 0.08033085045505749 0.09174709267634379 0.03886739166794271
13 0.0515988189336424 0.0003912637944796911 0.02318536825675568 0.09179234217060048 0.02220464321703144 0.016599896330651946 0.04721847590911636 0.016003167915628745 0.09956441946215243 0.05168631073570159 0.09653408147849746 0.05185503348871111 0.0067520168369130116 0.04815714720490352 0.048408017410445474 0.06397230880662264 0.0666181688992323 0.0353053728748292 0.09890179295220211 0.06325135332188245
14 0.09783033991993607 0.08438092805992183 0.023653089812385664 0.06909195618660056 0.005197628435728751 0.0032490794813257277 0.09406725931308774 0.0064290843751998285 0.03326033983130675 0.001598442576032433 0.042949126695724586 0.05809253155405526 0.08890917990574819 0.11572164669241652 0.02989056238833066 0.011347851149111006 0.1061003513077933 0.03960830502537757 0.06060994848611275 0.028012348803804748
15 0.05972367033422315 0.0421271863590042 0.013818547058750259 0.01940548192022986 0.059559648620614074 0.03932537630741749 0.032466563295934885 0.04113787232176124 0.08514184817752048 0.08929046201794134 0.0340205056582808 0.05941012219342844 0.0607209349965095 0.0016657886110036844 0.04168461555292306 0.06445765973004226 0.050821289619259594 0.04136644640037539 0.08199454957032763 0.08186143125445257
16 0.030093777432073622 0.08179512077037909 0.03459585097097173 0.016397392235719906 0.08436305217383762 0.02285901653356867 0.06375936308674067 0.017241308662650036 0.06729876121052007 0.0741989012933326 0.05457924260860846 0.012743201687672085 0.08239701326433568 0.06611624149505531 0.06142053583336577 0.06322372235131937 0.08433711993240761 0.013791690728226353 0.022586880642311225 0.04620180708690414
17 0.02759952028650323 0.008554717187616223 0.03268768932309988 0.03101341589585315 0.06093560860813423 0.009357088589829253 0.10210057334806752 0.019254807810771463 0.08421477837012759 0.054148926937247675 0.04265389103164075 0.047586624557872416 0.07941732331998154 0.006672670792415796 0.03701078924256843 0.10553109253173555 0.015160613899288083 0.06461508691187748 0.06864757828628268 0.10283720306908717
18 0.0344841154095186 0.0045401196587990305 0.08611125987248269 0.0840692165821668 0.04229136501216743 0.023224499958119274 0.017630903829845068 0.04045937192936052 0.07207506607815427 0.07938843292637367 0.08003567490094832 0.032979437143623044 0.03273245062194283 0.08042806683561395 0.08644551495224671 0.031215160312370368 0.08129879184879348 0.018140942256320333 0.02567353346491993 0.04677607640623354
19 0.0929947857929717 0.09081545782350536 0.03047867316457339 0.007328294934487215 0.024637367628955777 0.04553876308521414 0.06794006947695047 0.029520220807412116 0.041028496587779024 0.012699598873860476 0.059509106880544047 0.04564464016699793 0.0734013209825191 0.07466552052730192 0.053906864595250716 0.07475627114170655 0.0501664987995444 0.01348322343884961 0.01956317933644322 0.09192164595513298
20 0.03385888566186112 0.07608926058744221 0.004904172897558571 0.02096497625522909 0.0023401176256051975 0.09641581476391894 0.023224154854098407 0.03375858771049998 0.02643396128804415 0.040257708492136175 0.08458458130139222 0.0977483637798104 0.02477944954715387 0.03548697517420753 0.06848506852587968 0.06978444154734229 0.0679328553367741 0.009108630021259959 0.08650280458164608 0.09733919004813986
21 0.05057103072216523 0.03128384863969078 0.061599853042972705 0.02060763424022878 0.0812534162461259 0.04422256583100192 0.06797631437861677 0.014192222470461409 0.08118207426205766 0.03210419741466311 0.005501570909969223 0.04617768607569595 0.05457431002898073 0.0903574694899017 0.08494565317018626 0.058548662299500454 0.025104666617260796 0.09383401903183604 0.010361307527884943 0.045601497600799644
22 0.017604363917927853 0.09737242108380861 0.050068396336604815 0.07809952248789888 0.044029418195504766 0.0065868310650844366 0.04049525771875417 0.04333994574706684 0.0019379291246692074 0.07571944930955556 0.059782578086797086 0.07754126394785522 0.04085345172197605 0.0759454208453805 0.04363292864856989 0.09995009142633246 0.0040365418298011265 0.027766064996572856 0.04338283695997401 0.07185528654986575
23 0.03551836008617229 0.0719994650833068 0.0942556784173112 0.037159315013048026 0.05382018413218214 0.018964656317988892 0.038835425794475936 0.0715517293593555 0.1009403755638034 0.007282453364918406 0.03155044972428408 0.08322360811327012 0.09693605880156077 0.01535594469997323 0.03254169842293446 0.07034870814943911 0.006534728505531608 0.041803031787726486 0.04005557188012238 0.051322556782595355
24 0.08135651911370176 0.05480942460316292 0.06421270712412601 0.07501583205981535 0.026696983926368087 0.01788954237571951 0.05737211083862065 0.002938774200677596 0.0847303456634499 0.07010344344261386 0.04725693396560355 0.04111309082785618 0.08393868808857594 0.058060519102948197 0.05872987099948692 0.0033595741300640886 0.04249429998856665 0.022499458971113814 0.04000845743423331 0.06741342314329572
25 0.1315768289884772 0.02847066969086752 0.03455437898748755 0.022442257843993323 0.0508337014331388 0.04230396348118996 0.03914751816361874 0.024516555940373587 0.011540298737579073 0.08596065253300662 0.1320931035862981 0.10720531824436667 0.008773456093078188 0.0647274097117513 0.0017580836382685512 0.001973919303365018 0.07266961805861422 0.00854797407107232 0.04090577611049093 0.08999851538296219
26 0.022521320388236368 0.06402873230128511 0.07501116648811028 0.01967448364157996 0.04057262160625306 0.017853309211860267 0.04720726190634197 0.06757872404299858 0.08758481403078848 0.025573952611241995 0.04189528844633547 0.058162154953909986 0.006259084300618737 0.019002323909851165 0.016873835452799215 0.10677885785629888 0.04043784342972079 0.1114488554550222 0.024418620483743356 0.10711674948300426
27 0.08247584306134996 0.04119571579205505 0.09798519343532695 0.03272959835497311 0.05819083565566245 0.06700948253439998 0.04675007428269124 0.01569630740600654 0.09704006773424789 0.0009316576080567237 0.03519085005959194 0.0017171047127679006 0.07648419101112071 0.06660777409578172 0.07746211120379448 0.0020896933282249937 0.01375864395634278 0.008043541052278586 0.09446511045834663 0.0841762042569802
28 0.04020118151748036 0.04191179994658322 0.0499798307192878 0.015258376510177939 0.09526309940706605 0.08901064644743124 0.08249934078769726 0.014069153781779286 0.04617470294779303 0.08999253923452907 0.057012443019582505 0.07088290183492992 0.0053648756816250575 0.03336784172078766 0.05344295181260935 0.007887326157019285 0.007179240433937963 0.08380757585536698 0.09589420126722642 0.02079997091708953
29 0.07012677189078086 0.004629956511012017 0.08128992436054548 0.05204276776449657 0.06761659166496803 0.033083410724961085 0.07771480526940754 0.028338043267653094 0.07893235886516689 0.0523403384725591 0.009099837106233254 0.05859741710696805 0.08003929761794129 0.00866085727088259 0.07147804205520168 0.06540813385663571 0.0418550160459498 0.04550778179611888 0.01577940730285118 0.057459241049667154
30 0.0275817655149286 0.02407672844351581 0.08266696319160897 0.07790911864385945 0.08853940505705848 0.02176402047638665 0.06654426408952484 0.012900152072147055 0.07821058060992582 0.07431808114297571 0.04698918875509373 0.05508172243835718 0.03408894229629282 0.057112548732506645 0.06697781824262633 0.033941532913484763 0.03989346520248635 0.029856803115844505 0.07392965437653132 0.007617244684844924
31 0.08748344197172919 0.008670229934742897 0.08420224859270029 0.02806205051815699 0.06259036366530994 0.0647151877933612 0.07683408273978728 0.03882047922951822 0.10123727978579485 0.10138841578325773 0.06307232993556701 0.001935622186061885 0.06697689464704355 0.050568493655021335 0.02217673321823623 0.01184901930046597 0.0676822625952691 0.021529742323656977 0.000281578708434311 0.039923543415885006
32 0.065783631668188 0.06437526218479449 0.07270879278690182 0.06415930013044577 0.03338370546820347 0.066409899684211 0.06400349427779028 0.07041659702773151 0.07254635920997997 0.07734287358228768 0.015922403232203106 0.058451998490033436 0.05814691305225548 0.014661473858336695 0.021510415836201908 0.013383588304600277 0.012922493761235679 0.006876741477841269 0.07083135153685054 0.07616270442990744
33 0.05268116040036212 0.03733344610572846 0.05831875015280325 0.0798481116188288 0.09571524447428797 0.06699624147583047 0.07329969962065011 0.04971017581441492 0.07256118149976931 0.018948950897624394 0.040799082219178794 0.09539057862083272 0.06589318033552491 0.0014877095839863322 0.010952536219947089 0.037794842416706276 0.021424909901314536 0.06268832088983588 0.01568968543060686 0.04246619232176658
34 0.028273283730649676 0.0379603321903407 0.03519281288847698 0.06377776673765956 0.003906121674374385 0.059690462526408236 0.012692850689676047 0.06282373705618485 0.08451264796472334 0.07974192000755358 0.08188074017186033 0.08521945528813532 0.05029759075777315 0.0924537529989074 0.014774816503919602 0.042037552959076845 0.06924263774495523 0.07892055614420142 0.0077613390387040165 0.00883962292641934
35 0.06602644269375138 0.06116157811496991 0.002643380888108559 0.09750757999940834 0.003549369855281772 0.023063068567814562 0.08983533129890253 0.047693413362034 0.07535023525144757 0.006752686301065582 0.02711659539759494 0.10360152737746572 0.058442992595400964 0.05023467175122678 0.007888175923850067 0.08641939563858048 0.024564849843597417 0.06966973173539315 0.02752894609867567 0.07095002730543042
36 0.04607863200764596 0.02261775240094355 0.05262567870177053 0.029170955434977552 0.08053399491111116 0.05486582933208008 0.0748992907845115 0.055430758028105494 0.004671553818773793 0.030803998661865985 0.08489774707935424 0.03354923921445953 0.061054134475914734 0.04454613970677218 0.08279458016200524 0.02778779896697928 0.07824515937123622 0.02991200855384741 0.03821500603448292 0.06729974235316263
37 0.0727159032244462 0.03889974262875445 0.0011760379129023303 0.057182130019611255 0.07719457698948334 0.057409396185944615 0.08817357017213424 0.07022330118462808 0.04448463136098897 0.03420362072498849 0.04108712316390886 0.04174414185184735 0.047775236130378075 0.03190007798515322 0.01049940167685412 0.05708794270609754 0.051903968893907915 0.07332897284895039 0.017925275437953116 0.08508494890106744
38 0.004643244701436278 0.07343591911004502 0.0038633390765267597 0.01705769589677343 0.04301782872682393 0.041905207676191526 0.09207285313086694 0.030539362715368414 0.04631848806617975 0.042583685477015645 0.08411718119865093 0.04421273445043775 0.06193248841911014 0.059727836829910785 0.057596678945858314 0.05006076874816211 0.04747863801140221 0.0374966388220341 0.06404394700575664 0.09789546299144922
39 0.08485271207006151 0.006794652167369258 0.012263876235130247 0.02396659610602723 0.06697458940824805 0.09407256448523828 0.06578571116151954 0.07853847839530181 0.07114967641618883 0.0317444997231455 0.011847592420719285 0.04671006704207884 0.07909654321701375 0.06616647351913318 0.021374479947373858 0.07811460733537193 0.01647370200611899 0.005929766325273776 0.05862049469577577 0.07952291732291028
40 0.016031104712943518 0.014152764832469049 0.041625440745053754 0.09430304741344732 0.0595646287345865 0.03480260517853982 0.083934697296768 0.05751252570066867 0.046273439523397165 0.09766408819346213 0.08846820627178391 0.005728824636588799 0.027975143267964537 0.05865769021614801 0.07902638255935052 0.0812579513946685 0.011836822596638014 0.036047696290864496 0.0220836180965145 0.043053322338142644
41 0.07604539902471975 0.002091025995639476 0.03652879628279106 0.08313592919842039 0.04329579785491333 0.0756550065041957 0.04564214333417413 0.08271345722496967 0.07208005340326157 0.08321691667221497 0.00568773178799998 0.02885321725061056 0.05540655677063752 0.016925250048130624 0.02820788706291712 0.08233016034725846 0.05867245122901994 0.007608165400471207 0.06496660473251663 0.05093744987513783
42 0.056645220650165515 0.051518293050572095 0.07097730548328833 0.06092219956856731 0.08576103304020027 0.00032814340407064503 0.03444447882948582 0.04141840265020989 0.08816477547480578 0.019150654952207607 0.08229235294694866 0.01770013065204036 0.021154779905209434 0.06948031044008293 0.03174997700493633 0.045388831390606246 0.0174130969967154 0.07271928012798179 0.08039663557676224 0.05237409785514339
43 0.0544835796093816 0.08727603501127595 0.06368894695375912 0.025482024674577206 0.0058089453067961035 0.025310331917654496 0.0815119813685918 0.027486164632143942 0.05365482995844592 0.03466373492849316 0.0090626763746573 0.017344403192044493 0.11502882048217383 0.010806100282855974 0.1008974807190462 0.0914491773954726 0.10331673036223972 0.03970570815619641 0.02438501579623622 0.028637312877958232
44 0.08498932980492356 0.026169775587507268 0.040504908803303014 0.007068836806853439 0.04980004845539466 0.07648699073532307 0.05142074852570669 0.00475901372119725 0.019286327849082737 0.09519289150714337 0.03359825955703222 0.050469496167481726 0.05437018850638232 0.0022830570245683857 0.05819841367767899 0.01642627677795604 0.08037403543721942 0.07827105196860407 0.08931974388754373 0.08101060519909814
45 0.028678213895256283 0.06565882643858476 0.07777452371181141 0.03934017185881383 0.0790828032082785 0.05840240817225235 0.0891709359476725 0.02852558652356206 0.034235044886344115 0.022873652237640516 0.029077250026108944 0.0068334853845357915 0.07132575983255272 0.08322750997744027 0.08734409982418533 0.03756864694760351 0.06082400972752047 0.00924576258586138 0.03912010173489771 0.05169120707907733
46 0.05271134047789284 0.02356755355167491 0.02442686272810966 0.003501110564938213 0.0372629387098294 0.06375628195438315 0.046717068583182954 0.04927916322447911 0.10580006414862438 0.02101243125034858 0.07413844321754037 0.031048081484002465 0.08195906979522015 0.011524637674075125 0.12470383599124348 0.07625205075361659 0.002602302161684279 0.07326302987924353 0.08399455940769393 0.012479174442217019
47 0.02027784741410631 0.08345862532910088 0.027977647665340794 0.0171778725788692 0.04121320957710404 0.018276090937215238 0.08034847416158145 0.01183914194179015 0.042329249508978484 0.058072953726509516 0.07312699822653905 0.09384845998022023 0.047403171385184295 0.038083422523614074 0.10209746482684888 0.10408078367719861 0.018821746030416763 0.037813591880503115 0.030008475130717416 0.05374477349816145
48 0.07541374547533695 0.09798190952915155 0.03547382091279325 0.05875476710060858 0.0381686046973196 0.02877305229839264 0.0751683378749116 0.058742238046001094 0.013622148097941019 0.08185761942761113 0.03850229540055665 0.04066275350754406 0.05555997356004954 0.08412734066380269 0.006233718618590814 0.07621398325908565 0.05454809250720746 0.005579700808723133 0.07163830163922795 0.00297759657514444
49 0.07311498396136158 0.006314356987279063 0.0424750412588696 0.014213404176627892 0.05108806892881512 0.08223188967247998 0.06492111564992795 0.08700421296832792 0.034305100210865684 0.005995056051903136 0.001601753656742454 0.06257301198714942 0.08967221668319506 0.07823967679628618 0.006184551657418493 0.030515480423542535 0.06764803916724269 0.0580447287935765 0.0669732017101364 0.07688410925825213
50 0.023788359150113604 0.003726221693676668 0.013304114657776403 0.043332671002691836 0.07672569460458481 0.08319405749154547 0.08219493386653094 0.06747250187008937 0.06546636482146821 0.022375639037434208 0.007611970821956135 0.012978949270482258 0.08437226559512731 0.029779095020849675 0.011675172958213057 0.07032183282821439 0.06468600688934549 0.07616106988904148 0.08382403146786 0.07700904706299873
51 0.07019571174879517 0.037599012163425 0.018731574846042143 0.033920198033514856 0.09002828899819726 0.0741944153749779 0.052739025490405864 0.006150772338390445 0.07091598713255905 0.013135805516321014 0.01609637790796529 0.019473257527787145 0.008990353470262473 0.08021610241504616 0.0900152209228299 0.06924030520261616 0.00895554391201584 0.0893098558410369 0.09243201882459536 0.05766017233321602
52 0.03603387836893694 0.002685470956044184 0.0744068545508516 0.08986322087943487 0.08975400839409671 0.021438071337380377 0.02765884069799813 0.00356628111781866 0.019076387979374016 0.07336933751265969 0.03238492308784102 0.021447958120558195 0.02025355530708466 0.033209289845096086 0.0013405808562020618 0.08882099743475194 0.10619349483578046 0.069994237646836 0.10741684957955237 0.08108576149170213
53 0.001292178510359007 0.018847759582000318 0.09092479246036178 0.015185411729274673 0.0900447298461124 0.028093104725957867 0.0002405101423328375 0.05428218519376164 0.11108933339134719 0.10252564108799991 0.07067039473656435 0.06768383330766292 0.05039580678024597 0.060302383043896346 0.007341073630127709 0.05014167385780064 0.07036207827499234 0.04904272509346443 0.04626468517185043 0.015269699433887264
54 0.04778625596192908 0.03435477736131152 0.06015855736359549 0.013715441116233136 0.06499024099075923 0.028237141463785267 0.055174127064533 0.0796435081043366 0.07448820487714485 0.0733657655589392 0.07354806217579206 0.08757122104699044 0.022593188751237076 0.01623164923475845 0.008529542744338972 0.0738449560800892 0.03848695903096272 0.05359990383724893 0.0663713286465886 0.0273091685894262
55 0.013920151822312345 0.05796859823363828 0.07925299176104497 0.0298007527666433 0.01533582471198074 0.08627232555655745 0.038747473088299816 0.05071829794749446 0.07098663583215009 0.04344038054628487 0.07207102817487816 0.009329808415510083 0.07678511847906333 0.03270637229106706 0.01533372023612435 0.06782688168751044 0.08191703619255523 0.08240658819751914 0.028453059655356702 0.046726954404009154
56 0.0876572289777635 0.010578176960654077 0.04770723101003091 0.06681392238374428 0.07720778809883175 0.02001886683962893 0.002022681306166515 0.07525715794558364 0.061013873383433934 0.08364387668802815 0.05648289743025471 0.05811825966628789 0.08888943579243226 0.009494150239370417 0.05725742589578383 0.06913930413599119 0.05583252151848187 0.021769363742790253 0.03839994095838169 0.012695897026360195
57 0.02141962228846503 0.07108180806554652 0.09143721700066385 0.08631939140324678 0.059634359582322424 0.01079807243819882 0.06474731658269389 0.07183540780810249 0.055946527901536126 0.02077508371636059 0.037766424787069576 0.09044165282740325 0.023391909889232072 0.03666388018142354 0.021042448352910324 0.09831759112086963 0.02719717673201473 0.03667024351143361 0.0705844102135794 0.003929455596927179
58 0.021636551827982447 0.03614415740017134 0.08794580887756472 0.0688920933077702 0.07816027782066169 0.05335425453670721 0.05770705378448377 0.011932186811516338 0.05692492807977922 0.010068763829548685 0.07060675324564536 0.07067306723326636 0.0007140416052575826 0.08678976010809743 0.05103662328483513 0.07844897489070002 0.031161240601916846 0.05331089852275574 0.0633506268676513 0.011141937363688728
59 0.05598383858945734 0.011159130749236862 0.0647861997600871 0.0152815774360249 0.06163303603779309 0.027720511323427108 0.03175914296728346 0.05485525021095139 0.05262135620158336 0.07810728005063529 0.06706495469277582 0.07850403449232539 0.024210342753187314 0.05491387373872009 0.07975272973508497 0.03831480436188543 0.0017273558028407 0.09112764729015312 0.024591546016418674 0.08588538779012847
60 0.01389176805651364 0.009854809387848643 0.029934422171770662 0.0871394219660395 0.09141135859085207 0.03403129095517286 0.08326313504917263 0.05520497816642835 0.04326084294451434 0.016288056117252956 0.06810902737282835 0.04130646325613907 0.06970312806456337 0.007542650081382927 0.06879442570871624 0.08183142667466571 0.05033003327467406 0.03332042732619376 0.0480266111103402 0.06675572372493065
61 0.0636972719832186 0.039145140915023934 0.07783202300944377 0.0791533290891039 0.02229892662551316 0.08752888479084263 0.08586556320944069 0.08221630626878758 0.046420095309590736 0.04785114121217669 0.039856427621041114 0.06208627611840336 0.015478569971608975 0.018869892068892224 0.028491029055997694 0.016231175667006246 0.06631533355099604 0.02031717327646705 0.07701471154764104 0.023330728708804312
62 0.030496054324883417 0.0003912415282808744 0.06443677230713594 0.05818795065201108 0.014094751148639947 0.06620459588776922 0.05280148803445074 0.00694480091512613 0.05000493560034411 0.06256328122865758 0.007822501480555995 0.07421089284514429 0.07801273572804485 0.0037095470173550394 0.07856501282530355 0.07412057248247486 0.09463891298456635 0.057173268213386086 0.05948382356099819 0.06613686123487199
63 0.0182186468844451 0.08642204206483552 0.014884410888514759 0.06601950535801215 0.008843336113836486 0.021688812954959624 0.04550511155075063 0.050948046016336374 0.03259974201687468 0.03938716402765327 0.10812280953494238 0.1054499692857552 0.05475208022118947 0.06090577088390641 0.01908944536704884 0.03911716794956545 0.04564551997177784 0.06321245932870365 0.09987769792048977 0.019310261660402384
64 0.04164989585204389 0.022397750995799645 0.11926305610890439 0.015051283024194858 0.02439961331478474 0.05232292867399357 0.041236819152097884 0.0447455540320547 0.014042109726492093 0.055190297599414274 0.021050661005034384 0.06539316786981487 0.05227343093993649 0.08906648519746022 0.03765123088690618 0.020887513320755502 0.00010024768241070716 0.07514414491118149 0.09815499733616705 0.1099788123705532
65 0.02764555303816307 0.06588001718067724 0.10054189555710527 0.02527453914819773 0.05824113814398813 0.08830159867452704 0.04134515357654871 0.09557745114251853 0.061992436050726976 0.021621973632949768 0.0868600261528178 0.013746706137959176 0.08774724776036269 0.004503589307163577 0.007217577788106472 0.0285809026697416 0.04162047380723439 0.029067805750059753 0.08281313498959463 0.03142077949155725
66 0.07532844138572502 0.013940893274429508 0.07138268330192739 0.011873325006492469 0.008998884169371925 0.014758860453671923 0.055858247412828285 0.08352943658469057 0.003239341757980941 0.09655875570334689 0.09461319092496923 0.015061260337374892 0.03412457370432911 0.0681448307644998 0.05526828725583364 0.01688994351773331 0.0895418577814063 0.020579857060108484 0.0721992643055244 0.09810806529775587
67 0.03466238387393219 0.037471017030517674 0.012061945724270742 0.051241512336588566 0.010940381871433506 0.06508521125415116 0.061233049688336504 0.07015949659310329 0.06450022508204299 0.06077980514301968 0.08902036270973786 0.05116694300744816 0.08832303120142916 0.05935229843014128 0.0337983132547281 0.05334151937894879 0.04365588271722232 0.07629231186707362 0.008966140150982646 0.02794816868489197
68 0.02585893538579716 0.021284098580676824 0.03326140402020053 0.048210605387393336 0.08241943410939008 0.08068246618320281 0.046008089059947584 0.029771857745300424 0.01985388552367626 0.023586059954047046 0.09854235930861016 0.05276454786766986 0.03259923670203819 0.05239185008021153 0.0874600597659058 0.04560747174843374 0.015788943887370954 0.02333271900078569 0.0861628216315061 0.09441315405783592
69 0.02115397745389484 0.01532945233828889 0.07082485827189311 0.09942767969808541 0.07573072193573525 0.02637466869246616 0.016206062990509605 0.022646501370411496 0.07095815207435105 0.03142130032654143 0.019402030417583545 0.08779751021631503 0.10415229680016484 0.05551544379297948 0.09786958593567298 0.0003141575586750229 0.01564329967547388 0.08067647977798766 0.08518853756439757 0.0033672831085728707
70 0.033318708096897354 0.07444388696271743 0.07737912825802884 0.06500017578808645 0.008915761157621162 0.07402047559693507 0.04414750478374381 0.044241197816195364 0.06056998434940058 0.007786144565082331 0.03935243973523077 0.059036211764727016 0.018140164817278995 0.07123273189244816 0.05419409828280233 0.06856988559911563 0.05906983254018381 0.01169938577993845 0.07622030234773482 0.05266197986583143
71 0.029244915473177386 0.04039729717274784 0.03907670975606315 0.004438176174219235 0.034224493149167916 0.047222743632505726 0.07868888163453121 0.012742985001757929 0.03857239241463203 0.03722104412853303 0.06935782752697874 0.08588790249683131 0.02464756286958584 0.03336568998873177 0.07149765582784828 0.06814227803350732 0.07711991875792641 0.05982418647683774 0.06556971947122847 0.08275762001318862
72 0.010254911968773898 0.012173192566831869 0.019964942103851673 0.025099162827974305 0.060838365110910314 0.09455782728766507 0.08446794295552132 0.017142741103033418 0.04523759655749475 0.04425985993700667 0.015556022993459253 0.08224456673211342 0.062409218449977474 0.05876227497033303 0.07699875224280424 0.01866847595131512 0.0710670420348744 0.028932561887912395 0.08994976866383335 0.08141477365431392
73 0.03412635234280427 0.06493148692308594 0.07065228319662083 0.07363778153655959 0.005645696490321676 0.07747888403296237 0.0637273169410741 0.025685175868099954 0.019844164968852874 0.014277876818741321 0.021435618297198266 0.06948260410542995 0.07436985092541036 0.049651752437560606 0.06580488099330842 0.0674682152783029 0.07291929138208984 0.056838366011819165 0.027416871490668123 0.044605529959089445
74 0.02375505223872057 0.0071376817607134895 0.06388794336762597 0.03584019417449458 0.008599637697334803 0.029236607132203177 0.060110136195005805 0.09020762231518059 0.09169625054953229 0.031023593696677072 0.07527900603987785 0.06793623784647956 0.034830831998819 0.07582707245214265 0.034671673977070154 0.0662275147982302 0.028798002973943287 0.08232436608572839 0.09236413858741922 0.00024643611280137864
75 0.0035118837885926963 0.0827416433709881 0.06929725584879604 0.09119964435217705 0.06760325266280426 0.0580733062176139 0.05315755714463552 0.018855247763456266 0.05164276944916221 0.026336916015182177 0.007101696201091589 0.05639847333327462 0.047811942877675144 0.04897778687722626 0.06943640678001299 0.020346962666675433 0.09450222775874757 0.022792088540314556 0.028188344064065212 0.08202459428750851
76 0.07209873311604734 0.05431596119080388 0.06937571878934251 0.04339882034178124 0.006536897789250951 0.06462093426400012 0.05455771102543853 0.03304353387525991 0.038067549620651724 0.002379542613361263 0.04119914186765018 0.079134292551594 0.03352185223859345 0.049106216917567315 0.019829409017789967 0.09178529868158239 0.07478846112856177 0.06767892509403245 0.02283126058035311 0.08172973929633802
77 0.08184469243600057 0.014795744199700474 0.07058604379424853 0.05275652330024321 0.022941122586826214 0.004723178511353356 0.06941899088006215 0.00946547180280479 0.07607453234872429 0.007680219158016859 0.058917858330858795 0.08467840272453563 0.038879991032140085 0.0008425075192974151 0.037397570986587275 0.0399218969390356 0.11796394432834804 0.05717993068533158 0.08836369776160315 0.06556768067428202
78 0.055022550721395516 0.01605983372471718 0.036983279914058455 0.0884018638359443 0.08977516491866341 0.007204814099054551 0.012706322485690159 0.09049916351179807 0.06316299633588936 0.0006622919641484614 0.04006863861453142 0.012404640166752488 0.04233262982857826 0.05025487417621161 0.03748106955255065 0.021879168366680128 0.09629996294139521 0.07639151252908717 0.06476324437491657 0.097645977937937
79 0.04113020111702933 0.016480767683515137 0.020428598527898346 0.03444267309813976 0.07524665388927487 0.08167827835519892 0.0802109618075921 0.06620907515980173 0.05421275242285336 0.0066437298104540885 0.07518761842197588 0.06270291394676819 0.08337841806051154 0.043724838982930475 0.04163364259763606 0.030009416341897608 0.03811530455571083 0.05683769364719432 0.02334754375085961 0.0683789178227576
80 0.0577088541254715 0.040734276901328755 0.09363240694587818 0.0021119850447693343 0.044566820602922934 0.04173128031286025 0.006316724325978209 0.023722121256247588 0.08800912855074335 0.09133302853685703 0.06778607962051607 0.036921897268146875 0.06908595746262905 0.09540040039690846 0.013454315798408022 0.004450782629450419 0.07218761462382742 0.10001676016560045 0.022641575743209623 0.028187989688246446
81 0.05203534189938427 0.0340643355267991 0.08067207493448199 0.08672534360986532 0.06764168855865312 0.050685793829875994 0.06891099126806391 0.02840236719764485 0.07171480409874742 0.015332192488335535 0.023658596199705357 0.08455041668175561 0.03180812199647876 0.060734497885749535 0.017957853293376427 0.025279939704054552 0.05621157687575852 0.02830918402578042 0.060825087463818796 0.05447979246167033
82 0.009182527525152685 0.09018083383453654 0.03731084338064801 0.09609096297230328 0.029308384729775972 0.04133390575276321 0.08298035785600383 0.09047035095998698 0.08606797703572706 0.02289183788462357 0.016739013689898104 0.04099030942367502 0.03820467098959297 0.024487203172281976 0.015477753047880106 0.07712904449962703 0.08034751701413184 0.029415035488232676 0.08607191617982565 0.005319554563333212
83 0.0753918199229953 0.03160895875575792 0.01956687510849715 0.029431876446450733 0.06774627791110883 0.06950125484079989 0.04134781034241625 0.033377873031920434 0.025136038354880926 0.06119781750634194 0.07317466707326947 0.05149233048179365 0.021977039550428495 0.03273225020194322 0.07449957194781945 0.0687550839482456 0.06909402854467493 0.01260029376684881 0.06214487465641792 0.0792232576073889
84 0.01756358153686998 0.012947092665096168 0.038130039567066794 0.00041089152968608225 0.04396901619596518 0.10568813458104884 0.08000106520162838 0.061916903817469546 0.02084886213601608 0.07833449305785561 0.05674580579577639 0.09593957474564332 0.026738168338643124 0.03755262886470711 0.09929881915832293 0.08070057828989552 0.021745668185285876 0.06987117120999745 0.0009409467352070885 0.05065655838781866
85 0.005814292889800105 0.08160289853528313 0.009527981838167615 0.06617325494990003 0.059502263708498065 0.059374288448680826 0.015939804285210333 0.07757499714905826 0.038501700277825304 0.05842485776780454 0.05322136559439981 0.08133956984902593 0.07054277286097818 0.02774120017594207 0.04170284387593526 0.07590299671209694 0.052654238202123047 0.05461303064720245 0.06448946553934583 0.005356176692722104
86 0.04339908110001081 0.009195980998745142 0.04596114315694392 0.08572406941201328 0.06497862649564176 0.06182296942188427 0.001928754944015564 0.08441048262384859 0.05610307372480985 0.02450831504396674 0.02380008783669618 0.06863181543913154 0.08322405827040129 0.07985025633373602 0.06345909003269211 0.023011185951682323 0.0407229844155275 0.05749618662718761 0.02735088116781139 0.054420957003254035
87 0.07778567612256716 0.0063174024651835815 0.04393219474711745 0.08768135052656033 0.028478141899901617 0.05613463025506541 0.036411849485111045 0.07122807607119233 0.02757558517498269 0.0018080021539917189 0.07037432481804033 0.018277774721703492 0.08935264523473309 0.015945653496724957 0.07583341416302061 0.08528735124335061 0.08700211552036871 0.059991364252385077 0.04868977739008944 0.011892670257910451
88 0.10388585494968719 0.05009104835533302 0.010330578008405698 0.04143737333029391 0.08608587044891425 0.08814188618003939 0.010947808759062644 0.032581668666578696 0.09462325745225911 0.09083114593994969 0.03793180587500273 0.05914266806210114 0.0061802491572214065 0.03418452710843304 0.04083757675719264 0.03090898534787912 0.038482376996086747 0.01683799778109559 0.08203368047177542 0.04450364035268884
89 0.0564545036962237 0.027585335378995865 0.07997612719736111 0.04579430107985447 0.055276068872738296 0.01778242761099285 0.09788387243951029 0.08333093855797233 0.08153390960634811 0.03439978618842082 0.08147467782293168 0.049002146079072134 0.024148057047436576 0.03186022780818451 0.08721223400271061 0.021123128929495062 0.008678119325861655 0.05416524102766723 0.03955250894619802 0.022766388382024706
90 0.08562461047628081 0.06156530935872649 3.0494218069359848e-05 0.07151291079939541 0.01164442868993862 0.03198665189905027 0.08662312996336584 0.014463030433859415 0.07679631980862706 0.04999560815373928 0.06951372202464318 0.020987911440293997 0.0646906696009529 0.03724803692301175 0.07428253078007878 0.08749723425894987 0.009227309277714587 0.027334731259218852 0.041102852547943325 0.07787250808614013
91 0.06816828420000692 0.004041249253149572 0.06107575892769137 0.10427170279836914 0.014151636131519195 0.06773425657669989 0.03200468099348766 0.10199208325374044 0.058303744112179236 0.015016100619556511 0.004814590489157926 0.07880445638619572 0.07537670749060872 0.07763355486591102 0.08235025238507591 0.0008309135081686062 0.03529416816075294 0.03302077053884128 0.07635816518364859 0.008756924125239223
92 0.001382758229066663 0.04942505661341789 0.06555221930134368 0.0551753852944612 0.014632915162876903 0.08485631805812771 0.06733408199734985 0.03212328080513253 0.08744677607525413 0.0867724467759689 0.08224928762580248 0.07202851908507023 0.04886079216922481 0.027840704907874162 0.023585450803719554 0.05778448561351667 0.05651653524092799 0.0030392703262963937 0.0699096982590654 0.013484017655502936
93 0.07304006923472739 0.007712748333496972 0.09942440903542188 0.05439196752061619 0.047117539954579825 0.0042232953179157685 0.08080809971021728 0.038177998341295885 0.03914120196266513 0.06841775282751654 0.0613428309159322 0.025834824621926985 0.006607951413297802 0.06865029365370033 0.06157752810152734 0.08198191217818135 0.06370784719469488 0.06780980892140928 0.03454174702702947 0.015490173733847265
94 0.05973251549437922 0.0689989179954948 0.06690120125533255 0.10204379535926111 0.03381921392587171 0.06438683497116282 0.03460915627240551 0.01856174519625748 0.01688670811376493 0.10732090179757454 0.015075357380748692 0.025932144613149112 0.009774126175042532 0.08382846218053182 0.02542270419869294 0.09131544462223665 0.046279275550533225 0.07454169027057601 0.04065189725485651 0.01391790737212774
95 0.03862341600550575 0.028955184495961035 0.031471511648093066 0.06322129851348772 0.028925031064947766 0.04840549831087449 0.07494512524527076 0.06527127217482274 0.042250469732420436 0.061976442310540274 0.06875964011355783 0.07266330918829518 0.07021526799485575 0.024401115790208996 0.04305569595788792 0.05674889253863939 0.07023263342340422 0.0027415491002220935 0.05466201610148026 0.05247463028952418
96 0.0518171503066392 0.08924477061512534 0.03937837320323782 0.04050524542324817 0.016696707437134275 0.0032448724966105237 0.05444962194425654 0.07680554942881387 0.07362995435783477 0.026420698520886753 0.06595135908133047 0.012454214423743129 0.006859901944093101 0.043478485245947364 0.07133066081520777 0.07238135086348858 0.07054822346024468 0.03557376431120855 0.07093058139676095 0.07829851472418832
97 0.03399981199111053 0.029900390020176228 0.007280626211823063 0.04815373667129344 0.08124426670504806 0.05791650072874486 0.08506793603963778 0.08029626949319729 0.013059262770088157 0.04362784236736109 0.05153142483191102 0.04578627693407184 0.07678319725059514 0.06465898565805266 0.04836416233079782 0.04132644458361583 0.0660271480071617 0.030339963739897276 0.04539038142816095 0.049245372237255204
