0 0.025435785464490067 0.09025920017857009 0.07044900615466514 0.06864543554646041 0.08721382800909776 0.0987767908937349 0.0012423546204815001 0.07218093662506549 0.019780560574437903 0.09639877856273758 0.0237081830703571 0.003247132601548224 0.00989145788689187 0.04442230304137722 0.06605079895475807 0.06410808522286254 0.021818144556919408 0.043977400304291626 0.06148707337245881 0.03090674435879452
1 0.06889713712868752 0.0012995032299724352 0.011117818423998577 0.031178810731808483 0.03392351713332468 0.0677940170677547 0.04153750933339107 0.06055753739033293 0.01555902003468496 0.05939927064242609 0.0734225765784929 0.07582380732347915 0.07089381847903839 0.058197580534626515 0.048162748068247274 0.009583858907306373 0.07309482345320738 0.07393621623972807 0.06817298250085413 0.057447446798638425
2 0.047482918420011844 0.03496104572366543 0.01632506130258038 0.061085761014540656 0.019690842342871058 0.023556360058501542 0.017348701790382268 0.030913923388781364 0.07523852182955028 0.03374843129113945 0.05172100492963864 0.05983669069302824 0.06975179794720077 0.05125294826588851 0.10392669554923568 0.02833601641662401 0.05406905847247423 0.12066318177166095 0.031010588217738878 0.06908045057448574
3 0.026692295453671754 0.059048892623880835 0.06382302724215859 0.013915725210585322 0.07809305154724935 0.08799851290507842 0.08668336991291821 0.055855619184155714 0.07233842096779365 0.019661494170993183 0.04757888924466538 0.04158021331085679 0.033024536457113327 0.041291429317508004 0.056146210858910174 0.02397997235252061 0.05748505386920097 0.06494403853900602 0.01791867257976966 0.051940574251964126
4 0.01831921107167089 0.04828705409127436 0.04831110335074896 0.07533802582651584 0.0855176272269735 0.08155668190815815 0.04640647294829422 0.09006774699451411 0.07502289656957108 0.06888672323281043 0.03608492784411819 0.04681814690755364 0.026030968113846076 0.01385077078481351 0.060870166565748327 0.024622528540209302 0.053622619153146554 0.07586554590832212 0.009983479587257019 0.014537303374453591
5 0.006001806747293962 0.009233978149404598 0.08341930135071178 0.011262986620011869 0.053337169754708445 0.09905049477449923 0.0009709587551502657 0.056349086058174486 0.07137230443614738 0.013308725201201351 0.005322862120176902 0.08795476962671986 0.08451273108564566 0.08618176814652416 0.04963781341475771 0.07813631102952273 0.026921334886193086 0.08628841924625062 0.05308271113410623 0.03765446746279953
6 0.017795703135688005 0.002774385787233033 0.020160005136939826 0.03871635575246232 0.008403412272976151 0.02254297544917758 0.09187785684733293 0.10466019052885753 0.043824180235958354 0.0667271259673042 0.06738236655960135 0.09065355674328543 0.017518539444149772 0.09836432476975428 0.0010997322599365586 0.022612552030900183 0.09263265289082738 0.09133505170305371 0.07402277152687081 0.026896260957690554
7 0.04241613392746022 0.014575800383501904 0.07608049788607159 0.06810398996369733 0.11750158519390619 0.08654257909649282 0.0553616862444503 0.058299641189051246 0.06543961783078187 0.0030742433723640024 0.02747557580594675 0.004710773020011618 0.07592692073660906 0.024027626918631074 0.045299402233974106 0.12230630898433031 0.018260760119763086 0.045457950921903904 0.03155341331757991 0.017585492853472714
8 0.0802763857438563 0.0026181722341984525 0.020670331688931086 0.0781224707869395 0.05540874192282038 0.07976842232244553 0.0823452861854326 0.07814233875976681 0.020444430264686845 0.08351770584387272 0.03770357323923926 0.052698516993023165 0.053147592519851294 0.0057888541969530185 0.03816405487282084 0.03742104921227369 0.013099535958517532 0.009740984819963022 0.08473817599836082 0.08618337643604693
9 0.004380202076995262 0.0889452096088657 0.009533297303577958 0.018893879722445047 0.0517866207550542 0.015886130620111644 0.0893409751735011 1.983849319737459e-05 0.08393360172987005 0.027701315131779407 0.039502400339606863 0.08301267729190545 0.0601508783559435 0.03191581839039115 0.11928636437512646 0.05960353536185711 0.08337247511241376 0.0076819229118857205 0.0184630873574547 0.10658976988801762
10 0.0829209373972555 0.005066085093717527 0.05280654156474339 0.0630992006971808 0.020868860458373818 0.019199395170666985 0.040110326915653916 0.08581734966799756 0.05364688158666388 0.043778751768383764 0.02840483672821729 0.047664401273547166 0.08458477100338717 0.002923687212195259 0.08412885444038205 0.06532772706319184 0.05785746470234225 0.07399572708565087 0.05557964564023138 0.03221855453021738
11 0.030236127528432945 0.02663505907778551 0.0708593868145938 0.06586317704549713 0.03754153654879172 0.09073755270381603 0.06462248020348692 0.02121636483423476 0.04599600155208044 0.02601799906524598 0.04370978542013405 0.006197547229437444 0.09485207428008839 0.0041922797778930565 0.0698518273293271 0.08250549256396117 0.04491572078114139 0.06452719370738459 0.007518147093274348 0.10200424644339307
12 0.04716456479468274 0.05559227798078592 0.021758740932850573 0.0423918984062157 0.03039409558147459 0.03221153307926528 0.0009263345995886215 0.07720148038793746 0.057002454808628346 0.07256630225517632 0.11688479815084672 0.008656694103212546 0.10761073863958266 0.043750867477631676 0.01423943906747733 0.022830417073920136 0.0072828180607911195 0.09953014649015342 0.11496457403701875 0.027039824072760142
13 0.04661787555031918 0.08111378100975208 0.08865768784486407 0.07612410634702656 0.026494210183539094 0.01975544143598974 0.012208308933396913 0.08353708876612403 0.04696711504213439 0.04451346396228452 0.05802660617950496 0.08888342065914667 0.05871804947064132 0.09061884967316741 0.04329870214793054 0.023637388886842994 0.003565098493987806 0.045804678198804225 0.04037541673795459 0.02108271047658895
14 0.06785486243286463 0.054740579868657636 0.051754918213797754 0.03474078969409383 0.06424907012880346 0.06387527744807561 0.05469104418139172 0.028180643323847315 0.08485684363790079 0.09420698570459572 0.08390292141243758 0.019546769277434126 0.08018960514653022 0.013196567235107502 0.055958067484630496 0.019078382429998344 0.043680724599680865 0.05481190084189965 0.008083115639760089 0.022400931298492653
15 0.08158190687573882 0.07311264933267846 0.05388752915711834 0.03221997677845928 0.07183427920729628 0.0436109447885412 0.07635093056739806 0.018630214090540196 0.05908625030104271 0.0613100814455455 0.018446936622707227 0.041736475738959784 0.05656307946252841 0.006116444770943497 0.0642004655229502 0.07462345942692941 0.017340227394203173 0.04316178764805691 0.03805437252631011 0.06813198834205236
16 0.039638330983040405 0.04078751843562024 0.030609474151898734 0.018663756986023915 0.07616709374277475 0.07095650358779737 0.011574432133948933 0.08674389412212125 0.032085175612774054 0.05356199030646975 0.01922673886224446 0.05566775107857909 0.006191130750112126 0.04457637413918738 0.08839582521862886 0.09831380043668288 0.07964125165718793 0.0025932627127943373 0.0408230099952168 0.10378268508689674
17 0.04874338689954339 0.038170725905889095 0.08160030629003938 0.09593599501411897 0.011391647000607442 0.019003178200967707 0.02679205126510552 0.068996334085546 0.02336317723249854 0.09093666529892117 0.04847693855793589 0.03574525879324659 0.08376128328472843 0.07129234480725788 0.03819380106771163 0.009599771807539277 0.05056521129166727 0.01591428168017284 0.08731634734628174 0.05420129417022132
18 0.07878550026021953 0.07683975725803831 0.06095906420403997 0.040878592720078974 0.08227563716070409 0.005874581225149599 0.06334564806370799 0.05126107169862724 0.09359536303539846 0.02073256951466976 0.005566764540030476 0.004366137304687249 0.025572534617857214 0.05567760895127058 0.05049067883650194 0.0657415453890293 0.018948271304363908 0.08401302291985678 0.0348213688591795 0.08025428213658926
19 0.07331910308363325 0.05476232883138397 0.03418047339636266 0.09463032008574458 0.02231237625223283 0.06500726231209861 0.05399622610746419 0.033010590047075655 0.002490451141980501 0.00031903639046126735 0.09808781300853306 0.06743801899228533 0.023959424489102085 0.03662417013851358 0.11148516052772883 0.019654870420462333 0.0582946246363206 0.021327479503718823 0.09033741276146963 0.03876285787342807
20 0.025217493303247393 0.01257476847193313 0.010216489734935294 0.036272046558873706 0.09236907390889697 0.00841665279271946 0.04523451430321861 0.06229388018866422 0.08963549095617394 0.003615756813489084 0.08643310595689026 0.02745658832610123 0.07429498116980653 0.09681480843009194 0.09309856986101192 0.03301554189566623 0.04302701822201259 0.06720711605457715 0.04195710962405313 0.05084899342763711
21 0.008128692974838978 0.09031812611981169 0.09852430127337293 0.023590097938981824 0.06693178948640809 0.09171917940082812 0.03666172116933127 0.0896897372890606 0.005916831700191638 0.022934242033027255 0.07448826409964489 0.02285777105887555 0.017809321292814755 0.09057398077988571 0.024099803184188716 0.03661432308720823 0.09837665076520795 0.029372648618449678 0.021221805235865226 0.050170712492006865
22 0.07770630640870642 0.12378610233599732 0.07829807133298386 0.00542670601350608 0.05992222208045624 0.011296738202658627 0.0005808018948212818 0.034494869662978905 0.06594659116846292 0.10869987890235677 0.06128988088148937 0.04177590167354691 0.03532196921055781 0.016041442780041673 0.08515632608086264 0.07543944954687966 0.048679101224479444 0.033155999325289745 0.0032704636335079453 0.03371117764041647
23 0.06308464030366633 0.08428856853692301 0.02874934650401959 0.01955362085087321 0.07940252666217135 0.046001900654664085 0.07532612430493267 0.0752884421364341 0.061149646001095875 0.012010744958082062 0.021818054343533375 0.042772953644260786 0.06855869246711062 0.0647068931794529 0.05720952486561572 0.04801110022159268 0.07014542259767337 0.0034291278419171364 0.05048911947694771 0.0280035504490332
24 0.09109883314091932 0.027244128463792615 0.08331796008784188 0.0010187339998666207 0.09005830825150693 0.05515425001399977 0.08672600814940458 0.033041135175857834 0.03172984649086116 0.04028827393132687 0.07054837870915504 0.054660145888939825 0.08180758633700981 0.060290216879139144 0.017309993015064962 0.021036359400220226 0.011917181664898297 0.022686019046744117 0.08571460210910914 0.03435203924434166
25 0.08130083097357071 0.04071443906165282 0.02311966491612259 0.03876301207571219 0.09896058773790349 0.04164061953794526 0.00895765080541067 0.019967580277397708 0.046896472849295226 0.0540829093920008 0.10515528930494136 0.10332558464712693 0.0033383736044098177 0.06240479040611026 0.09207769376947783 0.01650798103653897 0.10924016434731032 0.005941819700379804 0.0074244756880660805 0.04018005986862712
26 0.018017088785646753 0.07219843243946894 0.04612833688151479 0.03554653770498227 0.045273673543241216 0.046965848404685547 0.07413356732810014 0.0699574626736291 0.07795975280508281 0.07902965552471096 0.07172696205788055 0.05309719798360698 0.04691628156886927 0.0660592462057265 0.02932221495887672 0.04132195270500235 0.0343375979942082 0.007372021865681298 0.02761262988727234 0.057023538681813035
27 0.07422741704963123 0.07382897312450318 0.0296346864682647 0.03472903694439756 0.03325511995565694 0.007690489824778273 0.10354324169990879 0.01933506532218317 0.07048004688628627 0.02770131814130827 0.01920858559397448 0.027620065990004133 0.02653148784305058 0.030425699405270137 0.049074819496421535 0.09855640604145954 0.019714704467602276 0.09355059746568259 0.09522471121406804 0.06566752706554838
28 0.06957189467590721 0.04110014578332682 0.09076673633768328 0.04253072849009042 0.028426718076646956 0.04070828128853925 0.025967633202617406 0.08991109100404177 0.030393233341898848 0.09028962760551448 0.08287144243509464 0.04873001534834684 0.03623177539606334 0.0016513834880041635 0.05121743531975694 0.04057677184296776 0.013042652887871329 0.020337362259382888 0.0741377627040617 0.08153730851218391
29 0.06769273027181508 0.048767485747161214 0.005078662284525293 0.048550498636193075 0.00182571746156507 0.018993973939230253 0.08493168600073131 0.06967929116800171 0.034257328011972746 0.0541788871631251 0.08405759209009002 0.015755059072808473 0.06567211284959383 0.04922143353823935 0.04208705165698896 0.09521358295136885 0.06877721900787945 0.003390213137365461 0.07021995613293722 0.07164951887840754
30 0.0013191326654353722 0.05124286765053883 0.02428526902791955 0.009441884088796162 0.029313519754107627 0.08746059654069377 0.07590506569644108 0.007045406024626596 0.027343393161172586 0.062974125090043 0.06510019630782289 0.06833708904735013 0.09202551053870868 0.08941916213617605 0.025147840463582222 0.08787114875526933 0.023775147814517627 0.07691902184224665 0.013298271138997887 0.08177535225555402
31 0.002975728496075836 0.11542289180484999 0.03527326094502107 0.02466177578928628 0.06971931326006958 0.005703450971293378 0.027761107520867048 0.1041322427592359 0.007374059529233715 0.03887455971063595 0.01696039292228096 0.020322061745357726 0.0626979088230122 0.03535279150137452 0.0773301249881573 0.06345559757517512 0.10733485306593135 0.10205537207723311 0.04105083419496902 0.04154167231993987
32 0.007621387245929078 0.013899672602175395 0.05804438799938357 0.12302294581826227 0.0017943253813233995 0.0038794761236562534 0.09648176238425334 0.09598784609616269 0.05906531514097181 0.11654001361908876 0.004916119758059996 0.027183827969867912 0.011466089476304788 0.00981661476102457 0.06432178444888552 0.00153593812432185 0.07932431646149467 0.1089681801733618 0.0973205350233577 0.018809461392114663
33 0.07851898776038671 0.060910371178292226 0.06463529538531716 0.06437005621462683 0.02946246342391712 0.028489874281452925 0.022390077288278847 0.048907031740479126 0.023981104783235525 0.006981963098652317 0.08765730728297885 0.07528807791041829 0.03445042678497184 0.05285531198993392 0.08300976645847657 0.08676345047283433 0.036515037688287656 0.012313415689595339 0.06095840714595407 0.041541573421910616
34 0.007399954931839999 0.04899717616593141 0.03709151245845911 0.022453286930194293 0.0017496851800668956 0.10999200691655163 0.0801736514703768 0.035703006438123956 0.1123475833852514 0.005868067842713218 0.0366419058611247 0.11313589845250112 0.0593866374609683 0.020433817559449917 0.020924804557002942 0.08847163828470618 0.009768304327847576 0.07009074525132739 0.037868351559280526 0.08150196496628244
35 0.09158101613852264 0.10120022468998674 0.03376336404129438 0.07795683980856268 0.0381515549299077 0.0262843763393287 0.07972365003580492 0.017471825057586703 0.06866233918613553 0.020703873795025758 0.0391971224898281 0.08772366805949679 0.02248020178604334 0.002313879312834484 0.07426172677690479 0.041374804505464595 0.09238285758995345 0.04026128884806869 0.007666780260525578 0.036838606348724386
36 0.03724626540609857 0.011262214785970748 0.025724746374714863 0.07429388638220659 0.08564512863793677 0.08034436520417022 0.02578587311811265 0.05658504381141826 0.01988207283617592 0.022177026362936357 0.08164752716301873 0.08544453846901895 0.02265182417879915 0.023235419172730986 0.007873894697875541 0.039857613336788104 0.06288294589184518 0.07815567428172657 0.0718306980007625 0.08747324188769347
37 0.03185814504548954 0.02715713723914899 0.10519989112806319 0.07266594471880128 0.03504310846144886 0.01733352802470443 0.052051834751469434 0.031921945306843294 0.014430092271134535 0.0884407996228537 0.06993963575488606 0.07770468528619559 0.04642289302965701 0.03968801976699884 0.012100161226525992 0.00292908964404868 0.07790266132411175 0.051768316168241 0.0870422521225367 0.05839985910684117
38 0.00023311395233699024 0.03679430647454648 0.010938229274672907 0.06148232978629577 0.06997426481874436 0.07996799247762244 0.06701773033085674 0.02820807676824598 0.07521480066659622 0.07700512205834553 0.051204889752569045 0.0643313643747168 0.012717831911974505 0.012423287133498558 0.07186487435835744 0.051868056791794986 0.07677651694702445 0.05873467387426908 0.06386272283823516 0.029379815409296406
39 0.07431555745648792 0.028765160163577688 0.09270087475373662 0.036476193019056885 0.1011872533191758 0.004217888392481454 0.006314697475858399 0.06855048498295489 0.08763037811397494 0.03796566816632928 0.035268241677934194 0.036063452242805466 0.008359516744535913 0.05597640607007028 0.03151958376087625 0.03579574042806349 0.04997778034909083 0.06452770381324266 0.08885237625116396 0.055535042818582916
40 0.05701035765691678 0.050027274128060496 0.03477928638023234 0.09313541942558333 0.0682733652795242 0.021332147823187857 0.0643736479355635 0.006752557378468397 0.05867390619273221 0.03076932917209296 0.06334454072347005 0.03300964493063888 0.04095440791794709 0.06001447977609884 0.011591112962528646 0.09889431629046308 0.09099062041930174 0.014038657002435074 0.02755579709053008 0.07447913151422457
41 0.048421648484691535 0.011657154391684386 0.02212750460441095 0.05211714676696644 0.020715455514287207 0.047991339594614914 0.08579105503048026 0.0036565861133410244 0.03601505282381789 0.06626054260287648 0.006634977262353516 0.040932821072426906 0.050171880775526395 0.07983337129472926 0.07241715803813492 0.09404103170754315 0.025674273589864988 0.09075362618932012 0.05669738548427426 0.08808998865865532
42 0.10275284874141423 0.08933750643927127 0.015850457900211792 0.011450051568584063 0.10534355220887112 0.023011167352286678 0.020522436064038103 0.10597538304408866 0.0023906705136551333 0.030257085580260863 0.016672289260451775 0.02954731896334505 0.01734332177877068 0.038149688285591496 0.06877356932555774 0.08477925137989153 0.10420671628094928 0.02728820568797457 0.05049899391915699 0.05584948570562926
43 0.05393407075009 0.025178448328876873 0.08128124526426661 0.04059152679751883 0.04111753569971254 0.04887331743400664 0.0013729076453200377 0.06472598144962693 0.04803316308135962 0.02343693545434175 0.06238288390660198 0.0540499988118637 0.02453457649944299 0.0767819108328368 0.026752280155481 0.07561790696915852 0.08123561314775656 0.07660101403288341 0.045340306583909425 0.04815837715494559
44 0.014354717266413585 0.025493004670827966 0.04524294288820819 0.07852073335157843 0.08086129980469799 0.08479028134427243 0.08418959228025315 0.062054388093734904 0.03528399851233281 0.06835490834707955 0.04574266933662932 0.07681150261740786 0.03823920056841306 0.005136541084321318 0.013339389695490936 0.005670939297720882 0.057914049884970946 0.07507292882885029 0.07451418972377047 0.02841272240302601
45 0.08616986248658347 0.06266387728994992 0.06144520880512287 0.10064772489709013 0.007369047148619896 0.07134901085673612 0.0006943168046280069 0.014432806801663216 0.0070208677156181586 0.05434486668369989 0.09820305374235075 0.06475668174791047 0.09343098872322594 0.046146041185615126 0.078194282185163 0.014975129926938741 0.03910097077634653 0.003446753141629889 0.02821160456592963 0.06739690451517832
46 0.056300940524232526 0.02072493418203199 0.009401219903765348 0.06075366913105478 0.02716319063331812 0.006185131111327534 0.06294338262818654 0.022955549267618867 0.08416411189942705 0.050410435871831 0.0767784446125966 0.059993216993497404 0.07934755337961377 0.030630670258673186 0.057980677672174435 0.081658710077699 0.08310746039127892 0.046757941338505374 0.04422441055943403 0.038518349563733636
47 0.004554619837253938 0.07425868546487996 0.07760912661408431 0.03309853832613542 0.057065168764585346 0.035967358883710464 0.012193171984719 0.07609417385669898 0.03532776667329487 0.02648660145586133 0.07624225669289374 0.061268237686739016 0.07288455562689944 0.011055950609787745 0.08195179964658603 0.07791367276258229 0.02652705110144541 0.0309351650825793 0.077767198710224 0.05079890021903939
48 0.014405474998329178 0.1149674787748505 0.029825327553137458 0.05246988916758432 0.08282768247284023 0.08952101464393195 0.07797886939366336 0.03955545990124644 0.03540178773926418 0.06020109254327082 0.004696748003239559 0.002529414028055213 0.005845100003506837 0.007710181709703428 0.09824776562624467 0.01629571938809668 0.051088313235178956 0.04229507865865613 0.10773848484474345 0.0663991173144566
49 0.044726426875826036 0.017202854765516754 0.06875898975902689 0.02761427653876097 0.06277800051792248 0.08317673189870832 0.05902090603675943 0.053682476726971046 0.031300567909885696 0.07609373888957663 0.03342968390001367 0.04015460672909174 0.04127984074192411 0.007983187148493146 0.08335626120718811 0.09110734893967666 0.04604631169433407 0.03586831984740786 0.014410870703782986 0.08200859916913321
50 0.001395648563987006 0.044044426768152914 0.04568438102207856 0.04511297902644813 0.03231378318385407 0.042351175159787945 0.028769061322455335 0.06894130809163809 0.08655953627148674 0.014156897542154576 0.06231395270246214 0.0410940660803156 0.04717383699475087 0.10446873194157383 0.030482866727352707 0.036950990670080494 0.0814249804463297 0.020877357490702398 0.06794644062155035 0.09793757937283867
51 0.05928135931020675 0.06605228975958512 0.08293706812082963 0.02785912063521075 0.025099060419067242 0.044329171087177245 0.031317761572298077 0.01014281572462174 0.012450333871728753 0.06480747204128104 0.04352105482147369 0.09156018834909152 0.07411820775401594 0.01561094270515754 0.07203325826459962 0.09012347435190664 0.028348511600706387 0.08999012012748452 0.07032738005097576 9.040943258203642e-05
52 0.061253232224572386 0.011323704889018913 0.07343442979111521 0.06934080237806035 0.04873026916033275 0.02720297157844675 0.06074135666760822 0.022912233679033955 0.02774614260738163 0.07560018014891282 0.010597127265896318 0.08566723862950522 0.04837309331162163 0.07213206352608349 0.05188856573499999 0.04008797556549105 0.04516250779260262 0.048198441814461424 0.08640912512626939 0.03319853810858603
53 0.09731322883365859 0.039110533916579204 0.02448487029397935 0.09062873390693937 0.0244479202984007 0.06144772755124296 0.011658979243560108 0.011144585119822486 0.09463474859392017 0.0391138966546781 0.09760245310661718 0.04074788856701592 0.07825252504464844 0.027107922651992633 0.03265200964174783 0.02908083942935682 0.02994734038497038 0.09071658211226735 0.017447495316658564 0.062459719331943754
54 0.023283999893189508 0.04790059126187799 0.006486797490844942 0.0806807406237831 0.004812030005759155 0.06512863658833798 0.003958592999557749 0.03993208680792484 0.06984505857567264 0.021359365560451767 0.08852887585930659 0.043404259678347205 0.07541508807809429 0.06326443147423672 0.08278976949555819 0.028204020959933313 0.06180034377707904 0.07420047961568144 0.06289238424331957 0.05611244701104383
55 0.012491006453100917 0.07190499460343808 0.04688411642814644 0.0396508272566606 0.0327114280726476 0.029491157596473437 0.03213298775492733 0.06407058567993913 0.03657977640022139 0.040948598528018916 0.07779262571744545 0.07494879498350517 0.07950209446962486 0.06322482244292339 0.019503271109710577 0.06650754360286108 0.06809705732963033 0.04049171127572849 0.07999572080471097 0.023070879490285585
56 0.06977294010464505 0.08627161020039045 0.014092241023634522 0.006567669592832272 0.059287426381512305 0.03151677087316592 0.00028697807117440666 0.03892028741047707 0.05184613946933915 0.08698396178415138 0.09367401550720025 0.004879992621522504 0.0845341365779967 0.09732438812244117 0.049731265116896385 0.06282623964230276 0.05387182281718284 0.015884031552698706 0.07715088420731182 0.014577198923124398
57 0.024423468191334872 0.0004227752935496746 0.009901049048717891 0.0839886514672777 0.10244472822374592 0.08478319140586309 0.0415321547989314 0.03470450401025096 0.04403422059934476 0.05614026544025258 0.0968269803225753 0.015860021051072495 0.02923559786771581 0.06536628062050899 0.05066317506448499 0.014084415046944606 0.08135481563898424 0.020968978234714886 0.04799916999515641 0.09526555767857359
58 0.08220440554254889 0.05181630034814568 0.08320279394908486 0.09459625942829349 0.05406477015820517 0.006788965158782207 0.10245881453012445 0.08231799730705039 0.029124873059441624 0.1007678694718197 0.0017878100126746703 0.10639083571711813 0.007080494317969051 0.0007909788622859974 0.012143218599703656 0.09536319930722593 0.02244352469329333 0.024447827431716185 0.00382030546030252 0.03838875664421419
59 0.011444482553851021 0.026050956517475996 0.02450638243089579 0.08535057897954058 0.0826285640320815 0.02300585641406062 0.07715254611033498 0.03349101094936151 0.0697525326780382 0.04519161695587852 0.03972913970492529 0.0024992347684316277 0.07485531576130677 0.08195959330514317 0.09395720104040158 0.06560843639735242 0.06657486457229954 0.0541375757972875 0.009533825162295166 0.03257028586903825
60 0.002771728162232654 0.05634902417418775 0.005619335481016226 0.05689843524692846 0.02528096206072089 0.021531620775149772 0.0700154663093682 0.08322304130796558 0.08018155726924465 0.0729576776382902 0.032532681554036394 0.010571966267336516 0.046866349943908474 0.04755741705330386 0.08147093846272914 0.07745554859599246 0.0675520040792225 0.05244794709463437 0.08966253955050453 0.01905375897322757
61 0.03647701893392418 0.03820657926493123 0.08105707539034449 0.034664247354115024 0.005175309643316417 0.03432259783283016 0.11297241717457057 0.031988719541330334 0.04338969068576566 0.0943982621693669 0.04729710610160092 0.004177121396586995 0.0021828993232036937 0.05774062546341675 0.08530337435730292 0.08488587841036696 0.05178149911083198 0.0003756524382915646 0.04683988795509703 0.10676403745280595
62 0.08203225768898323 0.0395872739812916 0.03431862046270259 0.0903105898360427 0.0030877684362252827 0.1090498990661244 0.05302359848882333 0.007008331318549686 0.09462411068152052 0.10451479186354597 0.0011857997771684782 0.00998887759226504 0.025009108468267396 0.006408876580965452 0.07676827630015813 0.09432948991149193 0.05758902472400157 0.009090503964290834 0.06612716540972845 0.03594563544785337
63 0.04951346608610144 0.06416596769364281 0.08014624033511104 0.05983711762440031 0.05887364784118169 0.03467149251094101 0.01519993645990263 0.041128299466800446 0.062018889518900104 0.0385577049439881 0.06556927132788688 0.06552870396776493 0.010627418011773752 0.06964683690992877 0.06171289971668692 0.08160675457004203 0.04772838865146692 0.07221156253031401 0.019521447497357264 0.0017339543358090997
64 0.08034126900956563 0.08055678293651615 0.07637000503332625 0.006081891370587825 0.0667139560866707 0.0319769404919805 0.05386738370054417 0.06079141942133354 0.06974213125930899 0.03882003382966108 0.05037222003954047 0.06250824123217819 0.07161268448987677 0.01010343634960144 0.047278233839312456 0.06441565808036843 0.0040406871659620916 0.05625806315415509 0.061856717328970634 0.006292245180539494
65 0.08073119745149358 0.04409937582106292 0.08852744892553528 0.05520741481618928 0.03414231962233532 0.015531222651878455 0.08226929736816196 0.0499298246752026 0.043773349217707765 0.014963311340109527 0.02141236923426505 0.07067417954928727 0.06284401064988432 0.05156194686356978 0.08792864924744839 0.007600776126582184 0.016376963326204554 0.06642568866871655 0.03474175035697459 0.07125890408739062
66 0.08859357060857136 0.055315691514460016 0.05945103580187322 0.06205490857015866 0.04392227585980176 0.011819010616393446 0.02471191576456826 0.08880451811380688 0.08000812410672338 0.05786280358430647 0.03759366292423136 0.020614748888596605 0.07748068656403549 0.00910427585406375 0.03613213280213276 0.0563820443176236 0.012340286273220686 0.0782930893436635 0.04498148933138917 0.0545337291603795
67 0.09183253039318504 0.08600447075498424 0.0782549604669457 0.10416137451591412 0.02741300202538581 0.07905571601531365 0.09858330267153087 0.0029620879228521133 0.013576740175468916 0.001319947730416454 0.0839084557382323 0.00947159563252175 0.05504589898620534 0.0241325178506763 0.07905856364934054 0.06382419992100193 0.0019771013133947565 0.005244910637418759 0.066655901250254 0.027516722348957433
68 0.07331968339305973 0.058526003739001964 0.012347833671468094 0.00664045082081878 0.0630976477182053 0.06837253657271408 0.07820021359912636 0.0192716583455088 0.0067726127629878985 0.00729191757524733 0.049268764425253145 0.037690067808782604 0.08568867465444281 0.04995442800623027 0.08581878765447201 0.02248662980493297 0.08892124450096306 0.0734876235141541 0.05543810891550314 0.057405112517127724
69 0.11588233220584507 0.02844018861177985 0.027968061877524323 0.095349109518507 0.018148068204728644 0.014988360031956178 0.04772123078209093 0.02941748061837095 0.042832582298586094 0.09755505583930053 0.09557042015419638 0.0607150834864283 0.09795146333474886 0.011782257425656362 0.06141698702021785 0.019945115969123413 0.05169549047554218 0.006339907848184622 0.06218948677396651 0.014091317523246188
70 0.05012013812888814 0.0790282575395313 0.009083752734522279 0.08771696074586159 0.008198572017062452 0.048305464976453494 0.014486259255373113 0.05869803886607028 0.09280347037854708 0.07705014845230598 0.027655233481431854 0.04178926218023445 0.06936689347853896 0.08175448195541538 0.07253750906862151 0.05894024935552752 0.006705806236360831 0.06862505225616733 0.01418136666643464 0.03295308222665202
71 0.040135904732694766 0.10413411613132179 0.028806795170591946 0.01621771587555449 0.010176595634101941 0.06107548654325634 0.08730938970081195 0.04732480080084315 0.028086853574310927 0.03561564687491939 0.015879238089685298 0.07464336345294739 0.05218989357853025 0.06977375379843409 0.07221827453310868 0.010308726377210963 0.08665658190706398 0.048840498511412395 0.013390668394429216 0.09721569631877117
72 0.03678583347357702 0.08928219181606292 0.057792199127820486 0.02718942191966004 0.019381113902735253 0.11594574773935977 0.011394391554084534 0.030509525149839706 0.041557205715364615 0.022727341419354036 0.10562431569153687 0.11840323298798304 0.041730940679853355 0.0024841673662188723 0.047833297098821906 0.05551830267552168 0.01689899953948627 0.06951674043778593 0.0395616711252682 0.04986336057966548
73 0.023964839979297756 0.03339222712688846 0.0036921066373574564 0.06101513015049465 0.05418415110740083 0.06109931889508312 0.05995085760211838 0.04700772568782888 0.07568392380520199 0.04587439605745714 0.0846062980803136 0.02144554255329962 0.08425398397954642 0.055795079464133215 0.08311052510971093 0.04455649693143443 0.043342694152152916 0.03360026214618068 0.026583420840879647 0.05684101969321973
74 0.07123296379223555 0.09059340040530367 0.08452982036526899 0.015334524161506246 0.06423875274905944 0.0764869003354682 0.04145612558395554 0.03884305486541711 0.07538411994198271 0.06816568444919184 0.08420856789968836 0.04281323283049315 4.2128635559784e-05 0.005202796332754335 0.009109558351563898 0.08241118780750054 0.02242404357457903 0.05238660943287037 0.021732160696276228 0.053404367789324995
75 0.039174521277633795 0.05420480193044306 0.06444208993735823 0.034399202607157855 0.00046603583861404567 0.0652544818692839 0.04109322477036579 0.056580765146607856 0.025836532857785283 0.014875716376039204 0.08644304751486963 0.0660740192250293 0.09200122661975099 0.013596912886613384 0.060138357482301265 0.0791076388978846 0.0756643636669766 0.03637610744565007 0.018934935315288372 0.07533601833434697
76 0.10484317855421323 0.11489363061125697 0.014221597681082925 0.050525239598878925 0.09134193480503938 0.04551188834335829 0.014421997552993258 0.030760683175609854 0.01503754950820807 0.00622387588418996 0.11695367957265568 0.037439664868395485 0.030153672953283476 0.08158380733552864 0.027382736459248738 0.04246444781949021 0.03732933533400257 0.014725165860037727 0.10350693204693157 0.020678982035595095
77 0.05461551540176614 0.04572298085660489 0.05892673540039135 0.0866586772456952 0.025523972435302515 0.00020618957948395164 0.049082645728194006 0.015463507647681111 0.08293802938900258 0.05831718262707421 0.003021300713327262 0.03863956897834687 0.07140877322359268 0.02645388327814727 0.08481006751364702 0.07082650162847273 0.07242141879059491 0.045957310375625005 0.02084027133590166 0.08816546785114843
78 0.05122493888207191 0.062365240379879235 0.02872150552863043 0.042281587399325686 0.08987813502754455 0.033481834720512985 0.05245109196268788 0.04302569150352747 0.08282995885867607 0.07339307157013272 0.03888660790853948 0.03940118504360204 0.0014889516732452808 0.08031893560149175 0.003909266192940693 0.08931155161808826 0.03821126047086844 0.023369280976335213 0.02599643606217682 0.09945346861972301
79 0.01311340543553803 0.03507918096519635 0.05168976715466349 0.06371468747798455 0.07954989173781758 0.050480574291356384 0.011827275074166898 0.00521680992527989 0.05869369408597752 0.038302348266480574 0.06151297946510294 0.05921007834858941 0.001279206912090354 0.06654418512248611 0.04027146413794123 0.07740075015511323 0.08858482850466477 0.04630959017241393 0.07084571204442557 0.08037357072271119
80 0.06956950506940454 0.0674628243045892 0.021502412944518497 0.08720610608940697 0.017447528029224325 0.04372512986258573 0.07869753774157645 0.06808693249834784 0.0050661717818964135 0.05573332160119461 0.0779783150583386 0.04708417988108894 0.04982305465677396 0.0037622092281279383 0.09171381752578942 0.031083673379188978 0.09215245233097316 0.03715567142876411 0.014670008053117706 0.04007914853509241
81 0.028034915938286494 0.07389919678074024 0.0881994621163561 0.08298371512160038 0.020343400437888053 0.04055943572612609 0.014582208643666475 0.09664532570767614 0.08717313892155468 0.013354788920640773 0.09949380387011861 0.019898660123141326 0.04485987164065057 0.007246101140022716 0.034212439688285454 0.09712224252369488 0.0701767013996988 0.008393170767408456 0.01230694085314419 0.06051447967929958
82 0.08746744332069743 0.09064183726049777 0.08818007771642732 0.041528018177501284 0.09058013728050368 0.024549322407221408 0.018150651020571545 0.07262005950639891 0.0054050923897394415 0.004925733218780651 0.0365018972583808 0.026339777520055657 0.038569838911317635 0.06493066697783152 0.020362498080661918 0.04185600960382954 0.05363099184697977 0.07357315912675505 0.058938489188643264 0.06124829918720536
83 0.0243640399084665 0.008153425567218773 0.09767514586893439 0.01106968957531442 0.011050629903399195 0.07423659499389985 0.09197248566743528 0.0730686213991056 0.060907410106061724 0.06984990285437875 0.07807397158634531 0.02012072642731114 0.034181826193205804 0.09695463353357874 0.005249889166847192 0.03493507206776341 0.08411651990962159 0.09388190499788102 0.023109086340567887 0.007028423932663529
84 0.004943745407609311 0.09399819722395468 0.022592596394533763 0.0154082256756268 0.06106819499724062 0.06133892620592535 0.023306884232402958 0.06512633621790798 0.07367779790995814 0.005770646723933472 0.04011465522386667 0.047257961137155496 0.014104707357290117 0.06819416302511538 0.11178445223355662 0.10211134489473775 0.06938924772195737 0.014563739073874388 0.07529851413778506 0.02994966420556803
85 0.017079724813803297 0.08271788400574089 0.08514252405711593 0.050038173564111096 0.05667652083682652 0.06458054832361947 0.0637457514991196 0.06305281375961586 0.020507181738276516 0.02318991239574445 0.028434693710592835 0.011533886909396794 0.05203597088862603 0.043766835702449804 0.025333232447603445 0.08515922199785513 0.0580018433895736 0.034268371273063335 0.043913783795890504 0.09082112489097473
86 0.10654094886982432 0.11543960554722274 0.018082595174900185 0.023298551112827654 0.08535497680295608 0.0134887074167422 0.04549997730062415 0.06214201733737123 0.007791256934159861 0.03096072243553103 0.046115467557889055 0.06827446235004422 0.0805768729986084 0.010889423398447855 0.025606941964212312 0.07185755608762039 0.01729577221176393 0.09180714806092583 0.015422102601683665 0.06355489383664502
87 0.0015381789802757706 0.0932889729869614 0.04967619757468386 0.006804275123519771 0.06951975902256331 0.07508531719494645 0.04491209008828791 0.009041748711573224 0.08304285300583249 0.013431586089438428 0.04630799761058966 0.025157802722746554 0.04015644540327625 0.08940584504560642 0.08775274670424488 0.047629292893038036 0.01173044825033025 0.09495486045340715 0.09338825506823904 0.01717532707043932
88 0.06383871940692092 0.10465203232244029 0.016674125275233372 0.042569917737004234 0.06377948196033509 0.03717827223139089 0.08925417640878239 0.03800725479871858 0.08195497011609457 0.020980058153273043 0.050046389286533 0.048885120447392065 0.015405877010274394 0.006028561947601737 0.08585996426504651 0.09914905966695697 0.0738779591535999 0.0010484611838746957 0.03946727608540186 0.02134232254312534
89 0.0840119847455551 0.09360840098597602 0.07393105563398646 0.05870162806332812 0.039899436597510565 0.07038618623761578 0.009077100204121101 0.02573839629917798 0.008995195627443742 0.0034016754601677887 0.08856519718188252 0.0718984671864912 0.024431582895789877 0.03787270032946167 0.04234591603254511 0.0634831336050263 0.03284072836709124 0.013655935738553407 0.08748360473702006 0.069671674071256
90 0.033672048892733696 0.06460986608800123 0.07041018001410518 0.06806987472515516 0.0618906258141711 0.034917614819490794 0.040321448394272506 0.05466054875127448 0.04814715296017529 0.06327776189734469 0.0552849240299821 0.03552578362607522 0.0512657966195977 0.025593192652739995 0.061345855396361185 0.01741088976878374 0.09196477018782347 0.06174953565195443 0.05426599278460383 0.0056161369253543685
91 0.075069951484912 0.011897186503462512 0.012646688658857153 0.041551254967772545 0.02787165984709267 0.06050274262541566 0.08331498769804782 0.08180022903294885 0.07100121878566235 0.07926450255709085 0.051147276350093314 0.04978462323679568 0.007360917262546846 0.03110475431395689 0.08126247732004867 0.042047445830382044 0.026872349239343462 0.027151126009530496 0.07019407853051038 0.06815452974552974
92 0.11325317380691699 0.016861729065934625 0.08153189223882593 0.047195567022750316 0.06436401656904665 0.07091768112332156 0.04222254882887674 0.02423348863296731 0.00045649391693355473 0.006494152716951621 0.10858928269094771 0.009509959255835823 0.0027806479113760144 0.07903811296482788 0.05928509645865549 0.014543811834401982 0.08082680708276169 0.028938061024659137 0.04896837971062395 0.09998909714338508
93 0.09129542429179947 0.09111438653309661 0.04124292792701535 0.06422627105037229 0.10067084339632058 0.05049544743862972 0.03937338333335288 0.08518620192012208 0.009879144586014731 0.02433278197588419 0.0252181455389714 0.01936583942963256 0.03867139110913372 0.006580237133056286 0.06770891500965397 0.05720833817408824 0.0915836542740955 0.0055900720956786705 0.03599656964728044 0.054260025135801394
94 0.09066533812379646 0.08627632442728402 0.05341671516255482 0.0926636366859322 0.09638861827845191 0.016758340574362627 0.05211427540664 0.003796548894822147 0.0496725072208272 0.06290806124495303 0.07447389451007676 0.07429922990200695 0.02734422833039516 0.013058682698983049 0.021273037956993503 0.01659563756398465 0.0021526740679244445 0.08801844497734798 0.025339241347709526 0.052784562624953575
95 0.01669585085459627 0.09428488068004519 0.020766439329750575 0.07175034756761893 0.0776693168851357 0.07192682530412395 0.0881063223286123 0.01656684359584543 0.06110825702019154 0.03531787105668833 0.07074789562455398 0.016669285842118686 0.09272778110501008 0.02883915301478863 0.04297788737748559 0.06665822339430669 0.04224854517294298 0.030910752035093792 0.01718856982759913 0.036838951983492185
96 0.11942289310237034 0.10153605269987605 0.05865858686665785 0.1422097465795118 0.04538554535820914 0.004011306552292326 0.08006056205366426 0.003371861935674239 0.06147469059533303 0.03399421976762623 0.07273814766498139 0.0006104896361482652 0.05476455421764966 0.006443827955443822 0.017516333027994872 0.12595435700260055 0.03498103016753906 0.00375263947821277 0.022815939145914146 0.01029721619230036
