0 0.03372922747753346 0.07989590476641802 0.042091966932296006 0.053640440580142335 0.01970022867525705 0.08212323362634319 0.030234535345412115 0.09543235385672864 0.05412707766373065 0.08774121144340417 0.04944118554226053 0.032611767828047145 0.002847357776570519 0.02312171689433906 0.008095374629417116 0.09522337082575558 0.08772259236008184 0.04192876096474431 0.030101286263935337 0.05019040654758286
1 0.008059806712989417 0.031002613259092232 0.05494033736956818 0.09659201897655388 0.05286385709144758 0.08560839716143279 0.04277427699376633 0.07727762668635355 0.03247655933369521 0.006867399977188314 0.07317522045622087 0.05787057425213479 0.05373547875092999 0.08748450024389622 0.09454961366728036 0.05343096130876777 0.01762824605672601 0.0008760653914278722 0.021554788906763905 0.051231657403764674
2 0.015789887650933497 0.04865414229526543 0.03283830051643648 0.015540797964928845 0.09727288873392391 0.00012463331311883316 0.03948611129202622 0.024561594142823766 0.03990618776939403 0.10517463796235939 0.06480682222964994 0.028364512520237153 0.06824159048118668 0.10128631405662877 0.059149602584808475 0.018283807154210397 0.05974652494799572 0.09619971397244013 0.0031616788113182715 0.08141025160031408
3 0.02067129440917827 0.06904935019885214 0.06739002566279191 0.03284704193085505 0.04248414966802913 0.05590217086154321 0.015216652543858523 0.092540175083806 0.0649279944535979 0.011591153415509172 0.006653752032738056 0.052377824831356536 0.09841504051391574 0.08071278160722792 0.016701650451859076 0.08683109199606606 0.07588172701095175 0.05821699009798187 0.035246885787187904 0.016342247442693626
4 0.02365635022770235 0.009941962249048388 0.023813325265312785 0.08541888163889011 0.04503042165983338 0.10362322739634929 0.06582397046996208 0.08636586600569822 0.012838797930823494 0.002387870218316969 0.06089661663504621 0.02039612813441225 0.06409882612909108 0.05321743756194617 0.09976951622623748 0.05716680555755448 0.07240974280402528 0.07596376080738115 0.03658063226913532 0.0005998608132337476
5 0.06534755169026363 0.017861469164061436 0.05549148958263067 0.04352561890633948 0.06981241915772937 0.07585649777661793 0.06363944070166505 0.04088239236769854 0.06066145324554559 0.08123500548260125 0.0298666757263536 0.07887937444792917 0.00018656155023596854 0.0643668806842789 0.010905199395581046 0.012733371023510869 0.05755125185665976 0.016209482994673848 0.07462452489477692 0.080363339350847
6 0.008571855706136689 0.08228615685740757 0.08934096335232461 0.06663018628786552 0.020807082733078797 0.03843088099494812 0.08514892534903652 0.04323072209222328 0.07279859598565902 0.07323369766697577 0.0007505441750210605 0.08224597015611888 0.06321168550854697 0.006307182354485704 0.04853574841598673 0.07174130782945624 0.06368087083969305 0.06605277286656401 0.011866310799546696 0.005128540028924859
7 0.0036281505716531195 0.025925246718992698 0.003834156224018142 0.07111701105175838 0.01807749863062695 0.05808786654322068 0.027898221868341334 0.08910183293351247 0.09598478922708366 0.08663561300447983 0.09472489463516606 0.05162485875435353 0.043375869779096125 0.048510240434347304 0.05979506465280109 0.04194261301490949 0.04669556519850097 0.07224484346349164 0.030186709620314476 0.030608953673332204
8 0.10309598941712779 0.02935704860857328 0.10285780218725557 0.036451255995665614 0.018385526282150955 0.09693323234845103 0.056145622600452305 0.008596335568676044 0.007878635635918636 0.06688260011896592 0.04577987300591588 0.043914193738517245 0.05334808339345236 0.006320548637680566 0.09058232774331013 0.03463491882643613 0.05362021097940476 0.08237213540476339 0.04430173444875572 0.01854192505852684
9 0.021768904478736632 0.07403446724825591 0.009467413302858461 0.03279272185369333 0.06142551887806698 0.060646637084960535 0.0024573209501799038 0.050316462983974256 0.08490874190311265 0.03643005449436971 0.050857805501424824 0.08210279339145463 0.06342264087866509 0.011182114312392731 0.0863871055152545 0.08592547537146633 0.028212652302965182 0.06555137961998782 0.08146508687274447 0.010644703055436008
10 0.04771530822974434 0.06158669627077544 0.10305190146092194 0.0831021455900613 0.03034301161153809 0.008281561097897369 0.031968214336650855 0.03147402424666249 0.10895729292245108 0.025712608095955786 0.11255971794071967 0.01877299691806916 0.031688032257958 0.028451640349798336 0.04212178804363398 0.022878764785636687 0.034973362099749716 0.05239204693547868 0.06545918892030193 0.05850969788599518
11 0.08261044160419066 0.07360751446983275 0.04063966707992638 0.013543780350849133 0.09511427950058177 0.02220155053699419 0.015927872529997434 0.01660592709681064 0.01758919390416045 0.0490104893601144 0.09103252168453461 0.07845064974070612 0.08461809007984036 0.08702114551012397 0.07139137382741222 0.01586390489302331 0.04629812785267838 0.043352872301914314 0.05468890049944266 0.0004316971768661918
12 0.06854012748987821 0.05757523290307566 0.02898335973486307 0.050651640316271625 0.06546274997344897 0.04637370429001006 0.05326352981904748 0.03595495383669457 0.049970082588301754 0.07616411768556451 0.05855492411069971 0.06188566788495466 0.0036398305691624114 0.05803082809794325 0.0516866236188739 0.07617562430203423 0.0016696157776002354 0.07317208169095692 0.07253969956939126 0.009705605741227346
13 0.038920782805746124 0.08845901046673797 0.02324073179273053 0.030358595185773708 0.05954554969869545 0.030938505745563057 0.04000172608839944 0.01338912342594566 0.048128209101137236 0.06750484924074654 0.09823653832460745 0.10385532627817412 0.014964809903417994 0.06641727817999904 0.0698411722439547 0.08009004964921759 0.0560305699004694 0.001970430641268071 0.03433912726316529 0.03376761406425049
14 0.003925963789512336 0.0010577704761939712 0.1025558017478981 0.08732708185539428 0.11025704922852654 0.013267315200309092 0.04794251926524265 0.01929090132003327 0.014497966312430501 0.0644362677581084 0.04521994413599889 0.12556692926317764 0.056369896019752244 0.024456969433164614 0.08461911398508218 0.06482279957107603 0.017838208768914378 0.057158186607312075 0.026314418804675065 0.033074896457197814
15 0.022185512095171143 0.05872604205572605 0.043290007153220296 0.0588169567500877 0.002321636617836692 0.08179277459351243 0.07687296866116858 0.030200787359575643 0.08657649924316481 0.0023816739458180788 0.028502170558275326 0.0916828758009885 0.06632872720387047 0.06359325019849695 0.05861165228512239 0.06256220554008189 0.06590366031889454 0.02132659074297518 0.04062580205716208 0.03769820681885117
16 0.009229546216963177 0.021426274214895433 0.026199219251152053 0.014008943152835842 0.04253305220833399 0.06938194328623509 0.08712424087671618 0.05829572947331807 0.09157953322641993 0.02412668634390918 0.033119206958043865 0.07813698683838914 0.04019163891684786 0.09383167453398636 0.04116956878511762 0.09280409286102806 0.06380974671966458 0.04658960896427112 0.016767054410574803 0.049675252761297646
17 0.09253077629677228 0.09216765707176897 0.01725150670760436 0.01649734304024477 0.1043416784685376 0.06823400332453104 0.017500857959034173 0.10787714668505675 0.057895976865008775 0.10741803386682862 0.0024301207328162933 0.0009762116990489195 0.053947606310735745 0.057754301908662514 0.047575561901201914 0.0060231403414691955 0.01607607110323739 0.03026635690331025 0.04545142970956637 0.057784219104564
18 0.014413128002963902 0.026097155179386104 0.05717748543407065 0.030192294384876115 0.023507709298187223 0.055463807513060626 0.05505704559026872 0.020323233988252566 0.08393545280521283 0.024741783343188422 0.02938169828960553 0.08360670698288675 0.08214798646426441 0.04213834423573973 0.07631633509168433 0.04038007905572681 0.0653609680244738 0.05561304592495852 0.051931327889885734 0.08221441250130726
19 0.05259974458923939 0.03576947269398671 0.08260158687537325 0.08739681482602868 0.0623053163866607 0.06328919692200331 0.09573463954824123 0.07151078443741003 0.0427497874213071 0.012507712086195742 0.05581930945783408 0.040056006168910974 0.015304233105241745 0.02079435833991978 0.028479603808177135 0.022816370954514185 0.0691560250614585 0.04911474305625648 0.07866780817544732 0.013326486085793407
20 0.04733917217144668 0.0768469810547791 0.07141897098304066 0.06693799609001591 0.011794437595681065 0.03836569787912264 0.020975699782270003 0.07465691574918379 0.07794749226333547 0.03476392704984584 0.06693010681887188 0.0330644959108455 0.04366251604077955 0.033887209078550674 0.04029613529534525 0.06736764907687919 0.02936811723378654 0.0141850190116199 0.06999763080664272 0.08019383010795765
21 0.01865235171849394 0.09570651566171894 0.029722069839700015 0.022352354270048266 0.035702153095266226 0.04224883640611925 0.07588440517318758 0.01934420657655537 0.05804797238586265 0.00083461639593659 0.03299747076250851 0.04438747690047736 0.025955232336436065 0.06100159823522656 0.04176948840009974 0.06593404639277882 0.05997780443406431 0.05807687111359442 0.10607508487385668 0.10532944502806885
22 0.002705716121808696 0.047772601807668735 0.024960508499908753 0.046300514325291885 0.003340925019763995 0.09611519344993467 0.06030396460016798 0.07333622957728102 0.0036101300845364924 0.06721906008151464 0.03483927206317524 0.08730895092687299 0.03161368311226308 0.03529998295381213 0.09853029618864603 0.046585274247607514 0.07477551889970173 0.10517149868943729 0.025546808391525577 0.03466387095908148
23 0.07848460503661102 0.033131193872891214 0.08114759575413415 0.02731650403194965 0.05379706572682219 0.021381405822435237 0.06319204794505372 0.012673587504521175 0.053238359251638806 0.020901465410855052 0.061562515806709905 0.048247695827020216 0.05593611468343907 0.053260487545366976 0.04933757605900875 0.050201906917908656 0.0243663527477383 0.11061630366088741 0.06619179697149415 0.035015419423514174
24 0.09961639738000079 0.07382066777073248 0.06796064848492508 0.014371389701845207 0.10096730005768713 0.02009450906656969 0.04796027398167978 0.06925952887837283 0.003947083694288919 0.06812663393058317 0.0722793433504388 0.02893271695296514 0.08571652137436778 0.07313907509340559 0.04970763386077383 0.015771292947868165 0.004906597840600306 0.011490607569464998 0.016314692718557927 0.07561708534487273
25 0.06823965004921438 0.04228303287411268 0.06536082087311108 0.0962189548447878 0.0876800492298654 0.006709691812567 0.049108989958553194 0.03830420166810255 0.013880274865314202 0.007379296287861638 0.02401535370199931 0.019397711829836756 0.04315689041167826 0.09122253617166091 0.0022551822889672196 0.05221244742378943 0.06342868524204699 0.08266433713468803 0.053616772100578435 0.09286512123126467
26 0.017008042787547854 0.01738933586944002 0.07899634151758245 0.06308942644904848 0.06615305877017813 0.08911946374805345 0.023871462735332073 0.028270756741506368 0.08790700384106849 0.018253708003009576 0.08546464104805283 0.011479273649233061 0.028863019174659353 0.030085564664410994 0.06622424201187802 0.06979690164191196 0.05340841284144506 0.05306187904468282 0.03732743060231764 0.07423003485864114
27 0.04422691295692682 0.04350832018130481 0.01821263260731154 0.06633111027509402 0.054972344265424376 0.08588757159667486 0.028830771494883518 0.05125524578177351 0.06716854619218522 0.05345791431744407 0.01794016302853491 0.09909237769280485 0.09344127781775739 0.09027393584564787 0.05879623139241933 0.03524205353145197 0.0032733008552004745 0.005908190955909652 0.03585595955438504 0.04632513965686571
28 0.036343973036367536 0.006205200090901987 0.09251087837613224 0.08003762397047619 0.0800367697375358 0.013311563104299142 0.02214052462561269 0.0884286589665831 0.04515297261082552 0.05688585939160808 0.07151500644956042 0.024116095293850316 0.10451877873318371 0.07504650653481713 0.0007979420936353156 0.04777833817780705 0.020226816326050272 0.036253001006019685 0.048436438152503286 0.05025705332223035
29 0.0673718364540541 0.051792508001911985 0.030524297799477566 0.04632204754345747 0.08651153500589523 0.061965437856839924 0.015534390576491251 0.08344174253715367 0.0857861416552857 0.04779493808116499 0.01122319278844203 0.024229866102231414 0.05690651747063708 0.029340430098374604 0.06546652203698447 0.0018846978497717 0.06115760699988288 0.04083178439891162 0.059395413903622976 0.07251909283940929
30 0.08928588582942852 0.09286278092563173 0.01968191807016524 0.09242739246380972 0.022931403993282543 0.031772542093320165 0.022491864049509157 0.0304332790010002 0.08302555037337943 0.0369086195379897 0.0685194067785947 0.09003667688098664 0.006111886340638794 0.05295083558489498 0.006928722117289163 0.0563672410825248 0.06728737206107964 0.0017415169053179899 0.05989232674166775 0.06834277916948917
31 0.07522820830575698 0.08601794362298053 0.0863814171938467 0.003839560030139967 0.08320720140451571 0.04373114844943731 0.004087750238888618 0.07326556990506118 0.00806634290512774 0.013537520303219627 0.020730373969881758 0.08570909676622808 0.008531725614205583 0.030721295970857647 0.07134860429728138 0.08262551787839632 0.05362545941449311 0.03908746867210972 0.06301186410605765 0.06724593095151417
32 0.049807119373703294 0.056711589590302786 0.07864595275554176 0.002881089322147845 0.1004747933517268 0.04830352841105321 0.02205816573048916 0.0910450889683348 0.049735510607184216 0.00355768358166573 0.032947206354455805 0.04429781789807754 0.04447140584243304 0.010860181446687248 0.03043566306158437 0.005176957945892123 0.08193209960338473 0.06939721214473256 0.0998893075967593 0.0773716264138437
33 0.04996048079873308 0.03267975982024156 0.04127380514151157 0.0604736576727303 0.049139796490978764 0.034687546890160736 0.07194410330494554 0.05312752898019181 0.09801415756210322 0.05203721194272287 0.0171650968583069 0.02348771607744245 0.032306305142602576 0.07663242673863854 0.08582202895433934 0.03852804809605226 0.08083714505519408 0.00150254003072936 0.007963774690415603 0.09241686975195948
34 0.009946842097179533 0.0673386582374397 0.02688490834965828 0.12393648429944235 0.06238290038165621 0.0031592323722397712 0.0843738227166092 0.001767005147430413 0.05136355801341809 0.09362847331006097 0.072680917204575 0.05981775275689612 0.012961655506592824 0.014789756407802281 0.07301881967893524 0.01025649344382274 0.09712776041281748 0.012812279079666781 0.05313841174840368 0.06861426883535351
35 0.013444527208946136 0.08591185287455742 0.028545715292953754 0.0187497536868552 0.07725458910017481 0.03532273610907332 0.05165976723192259 0.07823702696487508 0.07162468079090793 0.0012097365849852322 0.07156832617612764 0.03409370154853128 0.089967499334053 0.03871807774639811 0.021687832167515717 0.037115816488933896 0.07964992697861178 0.007669059000272588 0.061477020774810286 0.09609235393949399
36 0.021641558662934376 0.0699045118144795 0.062029915242433856 0.020499221013601937 0.04392060882892038 0.0383905677253993 0.007159546672453011 0.0931569635318767 0.026600139292611152 0.027053108666268016 0.026696186330061447 0.07700967352151875 0.08236259079498169 0.07090228718639854 0.08656251853166333 0.05917013373184926 0.08277041049143892 0.06815075716660544 0.009431004739632909 0.02658829605487155
37 0.06253717207511138 0.002360547070390476 0.030996249846343308 0.03989177977712896 0.08938599152492714 0.08881142316298364 0.08995021614661791 0.03203360472657793 0.05955389611506232 0.039358604480086254 0.007683171358948219 0.026142021449253025 0.04924323757925662 0.028568047384067992 0.07116043365422024 0.06536744728322694 0.06498375462929491 0.018468527951918185 0.08774234855344999 0.04576152523113465
38 0.02819200499471631 0.034399558934216395 0.0062997115293652916 0.0765374875803449 0.08593199211903331 0.03148745319359754 0.016590407328692183 0.03982919052591223 0.05576058028667687 0.08636048797328434 0.07183563510203257 0.06039443069152857 0.06541740559312485 0.08128310737244493 0.07341181839237892 0.028970036488355964 0.024493157171679516 0.030374009944475013 0.04043240817836106 0.06199911659977907
39 0.02818527687967033 0.06008893806812108 0.04944062974009821 0.08873817253335838 0.10094896110518059 0.02713569561314492 0.0006392698374394664 0.026974387090956318 0.05096588076124641 0.1034276223652062 0.025961795744605807 0.033958251570702744 0.07481477287295794 0.011614393339417897 0.10399118373324691 0.03372568697454732 0.015949139556773902 0.03964941157384502 0.05652752838478262 0.06726300225469807
40 0.03541477431877165 0.06895303912746756 0.06607264589778201 0.06964069926198377 0.09087729091798435 0.021748428787120078 0.09137956858069433 0.019102615268459147 0.03231514887830995 0.021003439006250475 0.03533925545262764 0.07873976514091759 0.057240951792444754 0.05837447204590522 0.031649931028403355 0.0738019512639473 0.0025942963810352123 0.0668518207512092 0.04271427642194048 0.03618562967674605
41 0.01795503443391858 0.03967077777644728 0.07232990798657928 0.02085349991089609 0.029492436792858717 0.03692259666575468 0.08691413269650985 0.07586848523912423 0.08629473663554044 0.0739648754517734 0.051951393698994555 0.02292401418191576 0.05769909938146348 0.07317372267390353 0.036866343721866576 0.04467075050207296 0.04904916534160955 0.004318494258211815 0.04979754312116673 0.06928298952939267
42 0.0499232112071503 0.032400444992721884 0.09088645971969378 0.08696305997263482 0.041837367082402564 0.07716525689945825 0.021650181963173653 0.1164154560078012 0.037838999739275805 0.012973513988022333 0.034269883871622484 0.10194958335974198 0.03276363499564012 0.04745035846036192 0.006067940949351966 0.011640596886178656 0.017031893632264285 0.07334825151621113 0.07141420759640216 0.036009697159890885
43 0.02777711555725917 0.08345511892198032 0.08446683843564129 0.033155448844539366 0.017623456591463436 0.04520707372421001 0.029637729867434223 0.01295311079735328 0.008686818126690874 0.08568253932214945 0.07328762192856605 0.08101595436283465 0.062028109533303705 0.013712852586411608 0.025372323102368966 0.0846278232430312 0.090652519267888 0.028727239978263118 0.03853429652893979 0.07339600927967134
44 0.0009848254063256465 0.0747177267309419 0.036063560835969496 0.07574516590385949 0.0006027564726914838 0.10356544431766403 0.09295899817073469 0.04778191009906514 0.08070534717707385 0.018885963933252026 0.01613611809155754 0.02961799849109861 0.006397056122839521 0.0931415791899699 0.007255040946336761 0.07514095335729165 0.04647380601509042 0.11184881862707709 0.03853891007283144 0.043438020038329375
45 0.0831645420004358 0.0775072662043788 0.04611112900211662 0.0009221972179746968 0.012682890559562317 0.09657237452182187 0.01708493186409326 0.0031017539735651643 0.0780466958778553 0.024460136982551197 0.0690182150234592 0.05626822803188129 0.07758271794920091 0.019271568029243017 0.00240282603799036 0.08787762320226412 0.099477502562815 0.07557261524376603 0.033313546856165374 0.03956123885885983
46 0.10598440011572269 0.06438355309292157 0.011891416778711864 0.0806194677410987 0.10610769090703194 0.009294971801786686 0.06753690352796803 0.042757778617520545 0.025197574241357705 0.014329135843027307 0.033204342117449354 0.07140689570550121 0.04561760336440888 0.0030749274534673976 0.044118414131931225 0.03485552104527263 0.09394895894075397 0.10205800222409443 0.02328696283154299 0.020325479518430816
47 0.09003400383907806 0.07028548065967112 0.003452889187458329 0.058142823191588776 0.0052839004487382196 0.05770607778902528 0.05413660107770633 0.06052641639074938 0.08739876354222775 0.032419018202632474 0.004424250429489795 0.07180957160949474 0.020784834676003134 0.05965043375796045 0.012544220695497417 0.0323409228142956 0.08192173182443328 0.03029397968488031 0.08201902084956256 0.08482505932950705
48 0.06536055542680996 0.06669956732886934 0.042616208324990426 0.04395000887991295 0.01896099887017005 0.025376881842988346 0.0545441507332196 0.08782453181494625 0.06843899723448288 0.07962103686159455 0.0018413921954627541 0.05691395677384843 0.07976329012944793 0.04056152976556433 0.04542320436481719 0.040548643154547946 0.08739283056817737 0.08153742640183911 0.004964191576803887 0.007660597751506682
49 0.046502729684966077 0.06401546230256154 0.07600978975068409 0.025990150274299465 0.03763040787980365 0.09412586321358714 0.03288517639843168 0.029355537373927425 0.010188562492688246 0.03167640695428167 0.006072755961186027 0.03664922438003831 0.07214455243519581 0.07187273309519834 0.023248524192846617 0.09726110281688626 0.005008193897919909 0.08524656389737865 0.08598550609994927 0.06813075689816973
50 0.026234970857781627 0.08962278241425124 0.07128276790790687 0.056140137902846735 0.007705901284513546 0.09119141272395376 0.01382452591431292 0.08422703801969966 0.015833958602803823 0.05205829778359496 0.06353296901733134 0.004233666451656225 0.08700134918693356 0.03900578835604389 0.004759271200022351 0.06403054970031488 0.017094148153289093 0.08963006628734792 0.07493883624987963 0.047651561985515914
51 0.05660190739112733 0.05500134334519588 0.021773119002032798 0.02869460412048142 0.026143188080810783 0.06790806842779835 0.10440254604854131 0.10790007571546616 0.02121149446804428 0.011186458649901195 0.06669390464724129 0.047907532464282296 0.0037566194950705554 0.025461634821685133 0.036625215518818026 0.08449239177568502 0.059222941934807254 0.07531240456374992 0.01948887019780647 0.0802156793314546
52 0.08217865143091604 0.009151595867149063 0.08440232444426991 0.015630572869401445 0.058067802531764336 0.08160654666353412 0.03577096178444492 0.06692175453452101 0.0008445893142864982 0.05990131097271532 0.088240059874877 0.0357871785012039 0.06488101302675185 0.0668010062321146 0.0469861190793015 0.08411099671727401 0.004845657446370305 0.051062085959368175 0.02390407453655228 0.038905698213183605
53 0.056478995841155136 0.06397046465193862 0.03459664502814332 0.034215700505832614 0.008923448616540057 0.018512899098082562 0.07396001107269053 0.06073443778338611 0.042523695955643974 0.04417398666540382 0.026062336727187708 0.04778764204668057 0.08146629774094186 0.07715706335248829 0.009997331205676708 0.07551504433423178 0.0345440497485354 0.07957442675809612 0.07582448400695738 0.053981038860387444
54 0.022037076211965018 0.01717867735703627 0.03848495537916087 0.04757197672744649 0.08195113958385518 0.0035654482614298284 0.08678305834723954 0.03925994814820619 0.09498493872550805 0.005759156968789947 0.04249991905802151 0.062599413661799 0.06553536246037348 0.01235405226167863 0.09470122202287011 0.05539522364163392 0.006333640306966378 0.09049864447666589 0.06729983410596455 0.06520631229338922
55 0.08960018457709557 0.0225057507329243 0.0773843030943573 0.017689681168846262 0.07988891119737251 0.016964134204218755 0.07288877181244531 0.09548580547089075 0.04066673611473824 0.07505939955437801 0.05004821308467922 0.0569675269175988 0.053405434760981065 0.010328944218334154 0.06298514569271772 0.0892980132362015 0.0011004129784001262 0.052398408194442005 0.021242935128157663 0.014091287861220875
56 0.03600964766965149 0.06468422720270212 0.06818603973954919 0.008383244555568574 0.05850213905294962 0.09428972921202632 0.03416176462456414 0.06383457193522454 0.08904495216279901 0.0009829756312606827 0.0831227386640667 0.04421043432904582 0.08406863990943127 0.061215486675375456 0.050356697830832936 0.01078521439837026 0.08822596421774676 0.0061177470181037665 0.018614159493242678 0.035203625677488665
57 0.021896836112249414 0.06662627762449488 0.003533260805994136 0.09803756495720418 0.008706579947695614 0.037415272160545174 0.0851755724657099 0.036684665379799176 0.10633811105494037 0.06585991400759522 0.02961575743391148 0.0138945528205524 0.007056426918871625 0.0014038894844514563 0.012772831064904728 0.10441889780551004 0.0973907703013592 0.02842263367907939 0.1062657839949625 0.06848440198016907
58 0.09248953025548208 0.08998736504824179 0.052954311816807605 0.05877933490139829 0.030147725476684976 0.0340013303416706 0.0028241368346725937 0.08566319821580823 0.016522285482771668 0.041408295478372825 0.04247188280060659 0.024552515469353824 0.012139474785417126 0.0823163903405431 0.04287990983057596 0.007167486554613516 0.0745018372163307 0.09593336439024255 0.03781170692467156 0.07544791783573454
59 0.06445483898946523 0.07748494680563472 0.04763724894616305 0.06034116351640256 0.06970580947795302 0.06827708680597376 0.026689908853435702 0.032125190760615575 0.0016387303777957304 0.04770091248859784 0.035427585963531766 0.05487525353847086 0.059824034324312075 0.014563616834065683 0.05752056493681564 0.05433290018801908 0.04337618572660244 0.06429017953582869 0.0658958170591553 0.053838024871161246
60 0.002755334200005438 0.06553657776528674 0.06462512145711849 0.05065063428393116 0.08125263946095643 0.031986204233064496 0.06603215368928186 0.015583060559291874 0.0840557101020234 0.08581798734295161 0.007670151685768735 0.050560311233088344 0.051131341305773 0.07299858100018611 0.0034598529401555717 0.04885204911225974 0.059066163942101735 0.07739125800125786 0.038691117315574404 0.0418837503699231
61 0.05786267407798104 0.0029440678686439717 0.03951785006157462 0.08504234560365509 0.09207368491842943 0.08419737072985646 0.07609800967307859 0.043149986273658306 0.030415940286606567 0.013876313381179924 0.07103574667421589 0.04129717014508518 0.05576025760090386 0.026130095147037142 0.0670758568565134 0.0791339191424576 0.03254413741222003 0.00921859498913213 0.029574768381155584 0.06305121077661498
62 0.10203947130365815 0.05720475428399951 0.07019792666542667 0.02936415595386172 0.08734946594995142 0.0032530689435537902 0.08592685531367035 0.07875722899223316 0.03349833365677234 0.04199223380442492 0.03643504315767357 0.06818099884622487 0.030386357410173495 0.03100210931866572 0.06740654505172765 0.0037348640079155056 0.03182378814283614 0.0036546445325334343 0.047226536176171376 0.09056561848852608
63 0.06352443940905948 0.10147269039652468 0.07173051115618202 0.06971217570444026 0.08130145346113772 0.04410749517200185 0.04275587557673766 0.058712001088271404 0.022356149758749642 0.011646180010892647 0.019939146277479003 0.07742119069879047 0.019528424531652697 0.007134747735323938 0.043707505890062136 0.03895046949043668 0.07049063129306571 0.10023980976548232 0.00268266986194615 0.05258643272176335
64 0.026221296639683287 0.04220473741278811 0.0781817796867572 0.043575186475407486 0.04566364652481167 0.04428503405965077 0.02015676841322637 0.009925370652428366 0.10495547109746477 0.046225653634906994 0.0720273373225639 0.049710071313382585 0.008769404000480874 0.03204695966451263 0.10903153327504557 0.09648916106155439 0.06225539504825539 0.062085550088189875 0.028407592995934466 0.017782050632955047
65 0.0156426932042033 0.0581792334046766 0.07371298321554208 0.041428202547189215 0.057808334504261615 0.05682008211788908 0.08077454002400425 0.0917316989330458 0.05503304109492459 0.013236424058731764 0.07806195421874744 0.05297733271264909 0.09230340907842437 0.000572981760331344 0.027918463547771034 0.02502164714386328 0.036357344106247025 0.0016804637769361037 0.05271710651314291 0.08802206403741919
66 0.009427722573724472 0.0431958341032507 0.05865795299960308 0.04028911096144657 0.07303315759356489 0.016375713386042125 0.07963608718581384 0.05571442892945358 0.07694267769151167 0.029683493333334303 0.08926144986619908 0.012373131813996586 0.06934047055996334 0.06616775703837728 0.04575485090755935 0.09648504563847006 0.01976824773985058 0.0543240070439603 0.003647490686329391 0.05992136994754838
67 0.07736791059038188 0.07627105427644085 0.031456668766072005 0.048680628779553266 0.004571188999458857 0.05319938900496826 0.04943790466535355 0.11261654787739368 0.09835840118705669 0.03911502951006606 0.011549818516095534 0.041016766146824334 0.05421731641890439 0.06267633262530445 0.0849931628914068 0.030757636660046807 0.022981695672208126 0.01647654060293122 0.027958144755971016 0.056297862053562076
68 0.09772398039022194 0.00595649530387557 0.04047032759765795 0.07889548253563931 0.0124044935093048 0.005494950769188074 0.05960875790165516 0.07916532192850124 0.046630073303707754 0.08536880884421028 0.024840040844099062 0.0005519207661537396 0.07219702611007202 0.02819835668457785 0.09798871545305668 0.05760962070098071 0.07818406493805244 0.031096005790897375 0.048383695812169183 0.049231860815978946
69 0.05483528084328593 0.026175204584600806 0.0036202506551171474 0.0045100690155422925 0.02623407381903983 0.10155928360321423 0.0616979036563501 0.09301702186721097 0.079127480152498 0.07076042265903774 0.11773038899657574 0.06599634469469283 0.03886833238985474 0.05427838767410643 0.02090899963929099 0.08748401132543104 0.030329580573890808 0.0239953360349087 0.023552880143964193 0.01531874767138751
70 0.04973995636442589 0.0010576725800030733 0.10643231921467637 0.0599595523407571 0.04898257893548104 0.0529369615279371 0.041114768206700014 0.0631625294829009 0.0760631637507162 0.03166787380109563 0.009707662326467545 0.07346446335317323 0.09151666540223051 0.039307698649153594 0.07420922823817205 0.050994532472282604 0.10007585314513694 0.010099489651868658 0.005660323752608481 0.013846706804213073
71 0.07958736851339847 0.044649635605417834 0.0714814783472212 0.08195089615685999 0.018696257047266865 0.06587174875335465 0.036849993876957594 0.08593079121132194 0.013823160543715672 0.02052138837489043 0.023410535538809216 0.03907513173069883 0.09370979682514335 0.08155552323073047 0.015182074273786358 0.043506577733401705 0.007660445638084072 0.057671037476146166 0.09208823054995129 0.02677792857284401
72 0.08193181592385522 0.02497624939402719 0.09444630172913919 0.004410852339972231 0.04167981202913146 0.07757893871452642 0.10546154809454823 0.04365668596645153 0.040691050697058875 0.005373700365519736 0.10287260831453349 0.07419138915287421 0.0027780150708067407 0.10911485536192225 0.024809776571661515 0.04611586383211158 0.0033567266672337908 0.05373417365885468 0.03960805061807275 0.023211585497698705
73 0.029838673210728323 0.0045839840412431375 0.07700719840914835 0.06646353265298247 0.03823857356168938 0.0868097794166738 0.08403234632061893 0.037110012343570226 0.050508321018952994 0.02199791155281383 0.01682264520033951 0.056558322165934594 0.07869920788855375 0.05976986545424042 0.09111715900156475 0.08996866349662745 0.0776831157698841 0.0031387392902143805 0.014033141916215429 0.015618807288004164
74 0.0784186329592983 0.07745743508986759 0.03820540074573608 0.08609269980623988 0.07037470106576606 0.08406991632166204 0.0034650567811631847 0.05861279764581549 0.036116611182978646 0.028629692580994567 0.08027964245455514 0.029423494217476732 0.05745951413547249 0.021669486745571998 0.023444162141080773 0.06167730516853028 0.03975238021831335 0.014847057194731509 0.06345537969711919 0.04654863384762662
75 0.0858228281271888 0.026284593768229395 0.001557925924076326 0.09783579622361913 0.039744185881408496 0.07522145393029529 0.08467585452714416 0.04885575575107922 0.022953755489024865 0.09406960619642225 0.02240072074891738 0.06558504131037125 0.009365672132984827 0.02736011963102898 0.07392019234461546 0.07681273746805399 0.0851971945048437 0.03823399615872559 0.0001277787178781853 0.02397479116409305
76 0.04740410246434525 0.08333661418658903 0.03738591230944669 0.06804687476875211 0.015194172964074427 0.09957951453491627 0.05598635352398688 0.021285287009747262 0.020677890752867197 0.10189552816027336 0.00397205056063339 0.07590389277658241 0.059875735770921576 0.037373901392958306 0.02646655594740526 0.09650926630786397 0.0867232522433946 0.039335034557204086 0.0007848281304801869 0.022263231637557678
77 0.04123723247311502 0.10190278934486378 0.01335298851230338 0.10058162081853725 0.021767106495712167 0.020243039744765427 0.0293254675475654 0.04158819084348752 0.10672613644481083 0.04193241157916046 0.06753252614470519 0.034875241503009316 0.06464717592648607 0.010323905322549589 0.1010365598068626 0.02199054966862908 0.018117069429845898 0.07719304640062996 0.0639491749811397 0.021677767011821246
78 0.08040976461871721 0.04639719632039661 0.08657965458418158 0.033594773769157 0.06141962119394954 0.048061215926616344 0.018888568949031074 0.031367855549836884 0.005962576718045281 0.06476461193301078 0.08433867508025614 0.02211161851522211 0.0195588159938328 0.05774116864174947 0.05624739018875797 0.05345159049323464 0.07988978141188086 0.06033619229766838 0.004151584638460773 0.08472734317599473
79 0.0540802892069582 0.06631272180687267 0.07959670460556542 0.05080082461116577 0.0004732748729951629 0.028605460453154284 0.07963180002033567 0.07325881873781283 0.06446255856622173 0.04213302307716024 0.01774367859192579 0.052085117582016525 0.0465757319465126 0.06903407650186776 0.02522898564524712 0.08280576815622794 0.042866303778864065 0.06591388406959857 0.013552344289245621 0.044838633480251834
80 0.08257766497210227 0.010586253290201275 0.05515816282319033 0.033749430058179264 0.05486266341942248 0.02642765233701312 0.10310503161075474 0.030521516905529754 0.04712935073531711 0.014961332928821215 0.03407924213179164 0.055185693337848146 0.0018448934418289805 0.09237683920406618 0.01931627575067853 0.0028043253037020517 0.07740179677021412 0.07914537496785719 0.07491267691268592 0.10385382309879578
81 0.01990361982480678 0.07582462960444315 0.015735925632067545 0.02568219363450764 0.09796127456660755 0.06315019194715231 0.031689485920373316 0.05725763256214875 0.08098662518576616 0.03345990217221635 0.0628709056223713 0.03294920183991213 0.01210332450966789 0.09967488390307735 0.048389975113752204 0.05543530271713383 0.0035205078501957428 0.05768669157420641 0.014486558870799748 0.11123116694879374
82 0.1037819592270646 0.060598563863367226 0.03413235083545519 0.05650926762050735 0.0035323017439995515 0.022546216474334385 0.04737142367544702 0.10412290654673775 0.07044033386957983 0.0771961000666626 0.0615367460627866 0.019165722813003563 0.06149309731781228 0.03493018185981867 0.005827737560832913 0.03989498022429094 0.00591063419755124 0.10832421429728423 0.0642734818254194 0.018411779918044817
83 0.08478658334800461 0.03790574838265851 0.07324569929822945 0.0013032537002753836 0.05776221262444578 0.055405082791586985 0.0064499655238844465 0.03197757469577015 0.07783411091291871 0.024958036281786323 0.06898547735199216 0.031716577631265744 0.006576650280312903 0.08661664085679671 0.056147736359736806 0.054816042150915185 0.040075962457925746 0.08451834757140159 0.07812612850678272 0.040792169273310044
84 0.05177723143121411 0.042045160570864513 0.01427753891407643 0.009454346355855807 0.047668809155065724 0.02310080772489445 0.08404014282224614 0.10167726410720619 0.010934103034999995 0.05126973212968361 0.10907073094632033 0.061414423539592256 0.07132977939424161 0.04749800266100792 0.0012619030913427476 0.022366067072086465 0.05508400340848421 0.06497825133538876 0.05384270761514592 0.07690899469028259
85 0.04215484054551645 0.06763181991866993 0.02693015384555013 0.011104355074447639 0.05713675509161361 0.07389574133289456 0.021319573477478974 0.010388211608351936 0.022486101356054684 0.054555135295994525 0.05043279022691685 0.07230913690332452 0.03184103211168786 0.05458922781508027 0.052387329756055895 0.07118842935355611 0.08173978660222646 0.07213112360247555 0.054557178570942735 0.0712212775111612
86 0.0013929921985124047 0.04410213881316972 0.04097492129064827 0.03685232991690429 0.08550506269108353 0.050398135305970544 0.08224194511632221 0.032935994544544926 0.07126513853366573 0.031772333642179504 0.08190695170281115 0.06512311064409518 0.08432770149206417 0.010982724610937867 0.03208195294851678 0.017841225285034512 0.05593469593222666 0.07112202268861122 0.03189882672761253 0.07133979591508896
87 0.008643851163445276 0.05666597083410532 0.060789003596369816 0.03823388690432554 0.058601429397493375 0.039472415401259425 0.06354259036889608 0.04536712785777607 0.08308847667417027 0.05822435401516796 0.012121773810495323 0.0167080650951035 0.00839696591620271 0.08202947411732717 0.09035074881060047 0.04628105054018037 0.029590505049030002 0.05033534782645653 0.0732554454193688 0.07830151720222596
88 0.03200092688330344 0.04178287173175693 0.055948089914567775 0.08134748087658293 0.037990121834056235 0.025925668034618196 0.06294130567986952 0.017743062471934617 0.06881328605507568 0.04393511785247665 0.01099191442387631 0.010152431922159425 0.08946119786764975 0.11883104236340039 0.04566677170761007 0.05932943242288835 0.12094041667622499 0.0021010969710492317 0.03485295757916983 0.039244806731729615
89 0.018707502675186345 0.023370934988248653 0.08065810132333835 0.007453123282256041 0.017829177602805186 0.05898027766940612 0.0009143612506726398 0.004986414213215243 0.04680016732964139 0.03361287893728794 0.09225545277393608 0.07799612488951715 0.08218727161036771 0.08408253293846477 0.04165336914288095 0.08033056227236439 0.06173309953897045 0.08079455392451922 0.01918195626754549 0.0864721373693759
90 0.007869731300990576 0.05718380808283188 0.0825124423303957 0.08318722692317992 0.08809666919690096 0.04302055173671306 0.03566038391322285 0.06357237258302359 0.002531496464549112 0.0687405872071802 0.03591858672405856 0.030119625280026277 0.0024747217614926836 0.0034363838820363527 0.030250331383481724 0.09213087758699767 0.03778538936263846 0.09654980528904672 0.07647340161867726 0.062485607372556186
91 0.022285005464511697 0.04121896948945234 0.09859304784262132 0.08452997663979706 0.08125332985848392 0.007549631190551269 0.04786892270794126 0.0855359125692384 0.08340085039173473 0.07578024428991365 0.027301757120106178 0.05611610980278359 0.0020475766522757713 0.025717530204051486 0.04412761406149065 0.051929613910505656 0.02833217042414632 0.08803832208543788 0.0034218838926475393 0.04495153140230933
92 0.04036400511089999 0.07823792074286083 0.056052197564672286 0.014260880388292353 0.04104233342909748 0.08714510004633519 0.07020735997230386 0.09824299519527996 0.06570663083010952 0.019767240574764113 0.02587235118150919 0.007484270343666919 0.021385302917199867 0.049860882121413014 0.02765074356450114 0.0866968511026411 0.05309989208181114 0.01486050001348724 0.08642587689484447 0.055636665924310304
93 0.057172128155232385 0.048820438979439454 0.08149492063939316 0.0004364747675741053 0.03545814246908944 0.08779835106383559 0.002116714040742192 0.08824445032506471 0.05448534523187826 0.03162127821587044 0.057057882636593275 0.016761791883411876 0.05611741024194921 0.01611771363902565 0.05066545961463313 0.04068585526993221 0.05111160389197576 0.07395517099369242 0.06953637059766342 0.08034249734300322
94 0.046214131145246 0.02377547303374392 0.060574884633507985 0.09269786068754754 0.033509641313724685 0.05980832095048736 0.03215497897067887 0.053162704346718694 0.0648247592920623 0.00427049618984488 0.08909227176153263 0.05761203512250096 0.05750284628484044 0.03289157760275271 0.0015229611442532393 0.07904543727755292 0.03084740151132829 0.06282834369681728 0.05994123032551819 0.05772264470934131
95 0.03523926259205039 0.004486511681462882 0.03834390661767367 0.08819315266641517 0.048899987376005524 0.015170462782475398 0.08644706339925183 0.03309517220329885 0.023691234344444593 0.010584062667355355 0.027816097737750935 0.06156207063175501 0.07353861126835814 0.06340753757454075 0.07148190466248495 0.018955299526551596 0.04487977011086042 0.09171670613570648 0.08293028262440202 0.0795609033971558
96 0.09107619733647654 0.019736904244733126 0.043688675921622795 0.03063281713423947 0.10677731539450183 0.036530438446880295 0.0004644398725494845 0.013462477894900833 0.04714102637736107 0.09882775813514048 0.09324539819619776 0.07008417241874426 0.003345806557254779 0.021286960280307493 0.09401184808498012 0.005394493615964918 0.04855637755183859 0.016487189574596908 0.052144176056922106 0.10710552690478732
