0 0.03417583766195619 0.024273961749173734 0.08822944736404148 0.04286525084063815 0.0920852568182643 0.04318650844424291 0.09470649384419788 0.06491822434686037 0.07487665767916223 0.029997901804077288 0.05135780882982381 0.11025674896220573 0.007153461572345495 0.09825511962122557 0.017417392529251507 0.03964648749659883 0.008637585169901743 8.515911022390595e-05 0.029481253025856437 0.048393443129952356
1 0.027713746978532516 0.026645063906935995 0.08891042682789783 0.03304736751817214 0.09893242225505615 0.06955518098129541 0.0423303793769465 0.009697291441059967 0.03995405128395929 0.005950428074273864 0.04377821411847707 0.08918162670965883 0.0781031865113489 0.08914743177460709 0.04187323516948778 0.02532123826311316 0.00801072083323749 0.06771972984822981 0.06474573036283651 0.049382527764873486
2 0.005888777728114973 0.003948883642208122 0.06764282267937123 0.07736734851339802 0.023561391696050527 0.0637850969429305 0.07303599214544283 0.0756297523709855 0.0318959539789956 0.05725626810329834 0.0643759490806471 0.066419610337948 0.046790518228225414 0.045808872921660304 0.030075183918391344 0.04330887959515237 0.055274896717143356 0.0403577754482575 0.057765237173548124 0.06981078877823094
3 0.014821116890814433 0.026423566514392635 0.0968912368389871 0.08789708180820699 0.01630968920060707 0.05154185488151165 0.027818580779769314 0.07474906541340616 0.003009496398335262 0.08830398452380092 0.059432865134998875 0.008152626763707167 0.033040807483418394 0.09535613804308583 0.0727397227136255 0.07723287570835824 0.017244543513563047 0.0163503944934144 0.05994812404832931 0.07273622884766777
4 0.031107015128828724 0.07045260919926384 0.07446964768680044 0.018789926438410497 0.05676098490947561 0.023593683408316014 0.033491208506488 0.08138773183154405 0.09418347404425739 0.008042620505679925 0.022050162435085955 0.0843953029044944 0.038263561878545925 0.05397766469358887 0.06873868667322702 0.07314644430473062 0.022309171612201036 0.04962840877094505 0.050272124781313765 0.04493957028680285
5 0.014035460849564654 0.039520812632300395 0.08482410133876318 0.06111782453425977 0.018565841494234882 0.04917830564728495 0.05287475893279378 7.355471599730751e-05 0.08186464838789362 0.07081758401242358 0.06987016039348584 0.07565056305615693 0.04990165374340747 0.08741957573030314 0.058276703929373536 0.036635749818830436 0.0016164680518788745 0.0959756690579938 0.01810055567217063 0.033680008000883374
6 0.019890149029110314 0.08981478116677591 0.12556792390284827 0.0053240180709524555 0.11318814821105488 0.005033967387835589 0.06508922037876073 0.02164318632746339 0.007374382684436354 0.07896524804063272 0.13264788717738885 0.00494713862554402 0.029585194662014577 0.017495588659336186 0.06484459435285939 0.0207321755110279 0.0516734763045696 0.0012306105622373364 0.02451705729645419 0.12043525164869735
7 0.0653497542471491 0.043812883670855486 0.021074854696604164 0.04208321613379431 0.03838434210060662 0.015830289602975722 0.03706340735642587 0.05568545696979914 0.10426106103606897 0.09371049113042143 0.0009704356544157359 0.059307780444210756 0.05386241677373091 0.010897951847702696 0.10238613904217421 0.03453832019838888 0.0670960347450146 0.09305543835901439 0.030252665897102148 0.03037706009354476
8 0.003700197671431887 0.08655241797847965 0.03305868625285964 0.04156510591006007 6.923813912826375e-05 0.08462611646251741 0.05749832549243402 0.02140818348418296 0.01425959040185861 0.07830644654716518 0.005291971359757136 0.0198375826137825 0.03271580959270248 0.13407682077477595 0.01492867960212041 0.12111308783436718 0.03674594573560489 0.060190851262962565 0.020167630990668556 0.13388731189314057
9 0.09258047252466196 0.006663769949719257 0.014761815326367684 0.0861348903612802 0.09294974161016374 0.030609036253074765 0.08496685644784382 0.05091096807285027 0.09992770675959999 0.02530575204752023 0.014776038241580525 0.012830526656177982 0.06428889685673504 0.022193433679800523 0.0904498018106262 0.009045360598573596 0.041086938577592075 0.04060407692110608 0.0766139364657499 0.04329998083897629
10 0.002301605344805523 0.030431617541309762 0.10190563933874668 0.033823791651759486 0.01616394309346559 0.08498260868419873 0.10545041756107539 0.017473762184965245 0.005080161756148971 0.04064178294281967 0.0044323938242385235 0.09143541725687933 0.05717730954636943 0.07311854815080361 0.09768787831961329 0.04403269591536466 0.03769441093007786 0.018945381137366994 0.1201066303861014 0.017114004433889902
11 0.07030754391128102 0.0958002721629746 0.08465986630128483 0.07903927011554844 0.0830569320400566 0.05495619489963736 0.026492221559021416 0.07528225827348727 0.005539571681911436 0.07686096433808107 0.04398385324870492 0.0070558059923494535 0.10077873397182557 0.0002855006096980081 0.09927883541296485 0.046799081726486925 0.027316713751740947 0.005727410537930741 0.00022598019460795567 0.016552989270406868
12 0.09376172947544795 0.013000402209000806 0.09252076479773651 0.02101050419829558 0.04167356947676928 0.007966495496494419 0.09643547284104224 0.07371580541878743 0.010158901279521647 0.10332458398171018 0.03936897520310634 0.06375095770096517 0.00494866688600359 0.08184270271923993 0.10346709971685855 0.04214776051968577 0.014239934739076697 0.07062217080906724 0.0001270076940485703 0.02591649483714204
13 0.057704152705405395 0.08481016696499648 0.09396269452635367 0.03099097892582751 0.023396475795951548 0.06103179452335703 0.002265290539697153 0.033353249192526836 0.09728812258716409 0.03100353119736071 0.014906661993840048 0.08286994475928164 0.10424228509823862 0.03400740791960299 0.023500591492759248 0.022126665557105206 0.04439762037518501 0.021414712092334965 0.04358145786784397 0.09314619588516788
14 0.10897770079755409 0.0983452256612815 0.02074821342020208 0.08453203417180397 0.017115752156591016 0.022914021452561915 0.07242296722872034 0.091656499071734 0.003202803187905383 0.02180206145091777 0.010910097224975714 0.061151278528544434 0.059901787775463476 0.012567251271954172 0.0064285931143364325 0.07972374467533395 0.09708525384831959 0.0380560874814762 0.005432875675239916 0.08702575180508408
15 0.027865430159774853 0.09152414685738904 0.0040536032725550656 0.07086760378473879 0.08955489892460022 0.01496779847013805 0.005708263639110043 0.014335765374030114 0.03856966943640482 0.03256068243866949 0.06710644726879905 0.09116134323047106 0.0076658679595332695 0.0760950837923486 0.04644672365270458 0.09117532212879734 0.09078444570648182 0.06157263517157685 0.007961214671481837 0.07002305406039508
16 0.010735997764869424 0.08556424742085704 0.09153014903599992 0.054905854511162734 0.012905249727794653 0.09655890371607993 0.05218921408942203 0.07366234690588228 0.09454098844345321 0.07165522168243811 0.04663598819896154 0.05965179284728897 0.011822371518348978 0.08273310060182182 0.032479350723386195 0.025684135215926735 0.06239586388175567 0.016612385836125548 0.0013983599582535159 0.01633847792017159
17 0.055880978172366896 0.07440782184505525 0.09664546454966474 0.10649748754658933 0.011654319733023848 0.004878705436788586 0.02829646993233625 0.06609623884949098 0.010009284778821502 0.07886386281375571 0.019414295455461396 0.0368660078523913 0.06851745489399191 0.02888329390462648 0.0333683948802869 0.027552166658007346 0.09520996079855 0.06742357790219913 0.00049731224795435 0.08903690174863814
18 0.06161499311161389 0.12097236476156326 0.07081053902700792 0.10521234985171925 0.0619610680256183 0.028305557225374076 0.033672632012508585 0.011392416335575684 0.1176459368443741 0.018096605367946002 0.1149921806372834 0.0092664441873925 0.020550683968485587 0.03742205888216911 0.02039693361704015 0.049114794340539954 0.015453383098943663 0.001670361791746893 0.05989482807847169 0.0415538688346259
19 0.056552610268465295 0.05039998512846306 0.07882792831270989 0.02934432255914358 0.02155404257789008 0.0822869768121643 0.057016747302440794 0.0014571598341541825 0.056228814803495404 0.06398809891131754 0.014585119425672602 0.03800715403062512 0.03378061341902427 0.08369509981277941 0.015403807558488586 0.08243060289282322 0.06808203041106889 0.0311132465181029 0.052017318276198043 0.0832283211449731
20 0.0163009027250575 0.04103516600508578 0.0690362213271813 0.06749171855049554 0.06236638949685746 0.06229983540846337 0.048643850457013645 0.056582085868304564 0.045742734723903986 0.07558232363704516 0.04137250146636022 0.04957633653065449 0.04788565088208866 0.07117018375688189 0.018915322211069667 0.05172626967723104 0.09197743454571088 0.0033286503191915146 0.007093681944914255 0.07187274046648903
21 0.09379601998450458 0.002007841434027657 0.05645310748787377 0.018652856240684315 0.0883015753142492 0.0829794100102673 0.06931052446201591 0.046563569260198896 0.015469036836505358 0.054903040520545336 0.08383957214581667 0.021318580483900156 0.03850509766922957 0.03532578405023675 0.0940888710209794 0.028609971028460877 0.09891898744970909 0.04068249590421276 0.0192119777062354 0.011061680990346984
22 0.06330484224921325 0.08519748918414453 0.07679852399550269 0.01846161866695723 0.04834220392950054 0.0516968167735925 0.04722296612521544 0.027111059294384857 0.01739796278117255 0.031157522740915686 0.05134596413668013 0.05405978347497172 0.04341583122985226 0.07550153208917863 0.04276183757560835 0.08402733569584708 0.05692641506860848 0.09365567085525539 0.009070842517296918 0.02254378161610181
23 0.08176991061520429 0.05521457168842802 0.08039582998012011 0.10094760624793812 0.014630724940523337 0.007335968000234714 0.05633961675345984 0.04188980090367344 0.03010445156686815 0.03322688394253926 0.10255520089506055 0.04936053825620473 0.029548383495275048 0.021036427387495452 0.05177721280638805 0.009167678717815757 0.05509036084622608 0.09884325413202968 0.0634297477318023 0.017335831092712972
24 0.017985675232056034 0.07271108762626752 0.07540719264274008 0.012400884565256178 0.05517218842281331 0.05668049855592102 0.06646418150082611 0.06375792766345262 0.031124529771406152 0.03310488261873864 0.05947952158417364 0.011888324351447389 0.0750000023066782 0.07212581496369747 0.07253757067590405 0.06738130710972468 0.04726384224715308 0.0704861517468955 0.03404001824789327 0.0049883981669551014
25 0.012196065134781173 0.020573319583854596 0.05029505897365652 0.035973140280478086 0.10013402428830966 0.014892418184683735 0.014304241794306408 0.0757244393288598 0.0466166718734525 0.08377700173873555 0.03226078684324539 0.05704721947211828 0.10756916165693806 0.11785805938750263 0.08375898579950845 0.032481672537133396 0.023064742764569938 0.008167237362904449 0.014927936045444356 0.06837781694951696
26 0.07206573284498295 0.029440891817857525 0.011906220584684303 0.022252433773654132 0.09390192205691476 0.061526426838283264 0.02007405597978225 0.08541063583720213 0.014741290715713371 0.07806940830256257 0.0877910618935259 0.058862026938028306 0.005407715297889959 0.05728086120896348 0.04349255509405852 0.06705518104367691 0.0716897562453128 0.0808903114695944 0.03134598922156922 0.006795522835743318
27 0.0706380333574482 0.07034929202520421 0.06259033243347172 0.03294897396229791 0.08641779067746129 0.05002867448202859 0.03054073601441348 0.07364871600349178 0.0755316676048504 0.022852445800444387 0.021487793529443473 0.05080872993421473 0.07386603160988411 0.023791822918640793 0.06177801507704548 0.0003500092958577667 0.05750575623169082 0.04699960394524119 0.08705239534670985 0.0008131797501598799
28 0.09827814079375709 0.050038003784109504 0.03475713341273419 0.07606292157699841 0.04170510664931625 0.042374754872789105 0.0472366709968353 0.06514641569642868 0.06302167435174169 0.09241024654665597 0.04448854963594089 0.05788894587160841 0.06749629249855672 0.020625864606330105 0.04973329978997098 0.009699241520199282 0.026142023531602675 0.04612165971192586 0.04515884635593095 0.02161420779656792
29 0.04832754907028583 0.030347611473540027 0.07923044162553583 0.0364932255840141 0.029856297435364373 0.06081846947861213 0.006100917976918571 0.05497867406777753 0.040698608476113556 0.04733280060790704 0.06141162770384163 0.03786885411621962 0.0524671719003957 0.06600045321336029 0.012262692826826974 0.04623207084145635 0.07482070219087501 0.07300408897715437 0.07370834228463603 0.06803940014916508
30 0.09457335914872025 0.0414706921949744 0.01612012856544518 0.08270138257387583 0.04953960790203396 0.03661842434475193 0.019492763159597203 0.045803957025242155 0.06675010612119546 0.07332694575365094 0.10026896880021087 0.004296257212474029 0.06024931163487313 0.0012914686174462246 0.07802786908905854 0.012398848436629877 0.04713503570374166 0.09605507756732552 0.06710669798178345 0.006773098166969496
31 0.021676797057083787 0.039445882281924485 0.038509813533555676 0.00900209089555755 0.09155465550252 0.005006987707387704 0.025958230374228522 0.10868356747849896 0.022688914602812697 0.045984177845750006 0.03389998223597676 0.06266803964803627 0.04116357505948147 0.10728165149592783 0.00706581179501736 0.035381141861146076 0.056907859824199526 0.0639941768954932 0.07646065792946076 0.1066659859759415
32 0.01845403483370959 0.05258017967036953 0.08277527984895748 0.0722143113593091 0.05688925402453647 0.06145161334879611 0.044255897200136146 0.06712575200443319 0.011008747600152077 0.06513911322433918 0.07501926190700511 0.08171801327245386 0.064794171103211 0.0627601596029516 0.06820838802732433 0.022792585652276872 0.03320941037046331 0.055723475563556765 0.002983352708579013 0.0008969986774393525
33 0.01590139733438572 0.06571154747269993 0.017537350167583888 0.06066838847748413 0.004681352400515075 0.07098601035578603 0.07164187271945008 0.004537759318210526 0.07350674823017941 0.04631359392958924 0.013261988700771943 0.05314639209436642 0.06287439762332568 0.07259036991200764 0.00799787692619806 0.086900562376618 0.09035060864022672 0.03451992991771068 0.06694713145668481 0.07992472194620628
34 0.04530876644631848 0.003665763955315277 0.030584793287960373 0.03951719126976856 0.09662344130179185 0.07743401840430178 0.014535741840250702 0.020874102701770883 0.04669348486670139 0.09270512376860353 0.002208769012100855 0.0325221733570789 0.044419212803238683 0.05598512687998649 0.06040987365953822 0.07256555072209038 0.09476943782146015 0.06392126101377767 0.0547129461149633 0.05054322077298247
35 0.03687340896843871 0.08010892391108483 0.004405447146720292 0.0500180393629734 0.044437546592600956 0.04203507875576028 0.07179689378618506 0.04633605709504707 0.02503043486576054 0.08339899621015885 0.026063035009277348 0.03784920653635654 0.01729955005112441 0.050913310127586965 0.09541757168104321 0.09119288204416151 0.08242468829606743 0.026506955037660943 0.03276300254279207 0.055128971979199914
36 0.02424640666325602 0.08673708556635046 0.03693958406477515 0.0037184266345697747 0.046536578985955326 0.03965993633246617 0.08667964101984144 0.017867724633562225 0.05448132865567181 0.05185386401749319 0.06325601685408494 0.04229542273879001 0.06853511229933718 0.0593198062052129 0.04753847000413499 0.08236714559273252 0.029543860471019097 0.020997910448546243 0.06695574302808836 0.07046993578411227
37 0.0540859816931812 0.04075785798167054 0.006893850262978398 0.027064877909359842 0.01027945554817847 0.047752257360464144 0.06449882042544507 0.09375027001062279 0.10581552038067651 0.006170998694423538 0.09122085385702541 0.09815917226280914 0.045878997875543934 0.06715758675662356 0.0011732838329059352 0.04238683058758991 0.02699323418121942 0.006590905060118394 0.08001767978575204 0.08335156553341178
38 0.04150194140924838 0.08770169452955869 0.033105864465122516 0.06114851159903928 0.03371697749899594 0.0628286007388247 0.08736191382489161 0.0778226390737208 0.022597859080750144 0.035755938101455595 0.0525437568182142 0.006493525228541553 0.0750496852745511 0.014428296333123458 0.019991353114442525 0.08832738921728714 0.05965649316097757 0.04826454979093537 0.07776392256456587 0.01393908817575377
39 0.0638352589891052 0.021001065737389708 0.06819787394570387 0.025669989919626452 0.07468855014882017 0.08714393953661098 0.0741780371436747 0.08888689325423542 0.04327548785186309 0.053043308071011604 0.0596237203261789 0.020144920653099623 0.020163790933348733 0.05288378247208011 0.020256651344592768 0.06383722421235331 0.05564600617802003 0.043657621143825265 0.006679062143276816 0.05718681599518318
40 0.057373953455426945 0.09848161950158897 0.07061058176576744 0.014114524509132496 0.08065185096050236 0.04714846467128804 0.031171597706625923 0.0648908463253124 0.022229072791202627 0.02320308869374114 0.009776262871391604 0.020310539833621997 0.08590727570116492 0.06013523994595066 0.027094964819586117 0.08645346473962934 0.031901557024263894 0.05647651479938623 0.07098327132407156 0.04108530856034549
41 0.06808136850119176 0.034560841027813295 0.06811965637814996 0.033495810929233163 0.07023735399394547 0.03128178077214996 0.04519823136310773 0.006111376209103351 0.019446763764556303 0.059501180831038114 0.06737989726425928 0.06064660076290626 0.06296591208372739 0.05577656344426652 0.07233898306237328 0.045611313813089256 0.0680561534611185 0.0739531782057489 0.05340161716226598 0.0038354169699553104
42 0.040374205067554736 0.02795954852806603 0.03434613251104814 0.08722344226771032 0.06966967594906037 0.08238328939519707 0.014742278710560412 0.030176097791265375 0.021550069440340384 0.03800296223348333 0.07232424300385816 0.0796635450783917 0.030294454485260375 0.0881115894757511 0.014305841290703317 0.04570294596847549 0.07122277013591717 0.06296704638669451 0.06823470628211106 0.020745155998550802
43 0.0016713672921618977 0.06290518741983232 0.033904967773799116 0.07578587062756659 0.018666673372057872 0.008969995023624286 0.07984423438729955 0.046429919046337684 0.03637610686252095 0.10350860234543 0.008892326316997266 0.064368223854474 0.09204849571695374 0.017141304494356465 0.07958159398022302 0.03370527467124135 0.0741788012647044 0.013790939323436889 0.054632037904457635 0.09359807832252486
44 0.02384689997330956 0.05853978039963634 0.054580700707364406 0.001894313119664942 0.008432015974802573 0.09646553675711901 0.07812068416928303 0.06267917652139665 0.03943883809276383 0.04327613226773676 0.05103995215660105 0.05736663147082452 0.09436867376632527 0.08453015763280579 0.08597605630632849 0.07453514269589796 0.0003398114465258941 0.004495122005379851 0.05238840761772678 0.027685966918507086
45 0.08131641200507413 0.053689546630783215 0.03981521870416262 0.008335803864353494 0.042635461218227824 0.09676715854044574 0.08954105569896711 0.0016591393372232361 0.018473647781888865 0.08498241565162519 0.020044330571476688 0.08258775896793046 0.025881482310707905 0.04003648367931363 0.05604756296603256 0.0966794565088275 0.015320762119111897 0.06027312712492959 0.03608742508818332 0.04982575123073515
46 0.09279125441741162 0.004895783127367378 0.08106061131949616 0.06700155880766075 0.00825838567843745 0.05589503346768636 0.028950715827899917 0.09259839226646298 0.05129272347143772 0.08030658970909994 0.007839355892256763 0.022204294731123977 0.05202309060699897 0.006615612799440164 0.08564588482241678 0.029855610019143303 0.005311517012033361 0.02649300484841205 0.09976240047486445 0.10119818070034986
47 0.05353771190599916 0.03878470647369957 0.050455366961603916 0.07878774931519987 0.053322225759891026 0.017277436159991784 0.03826451601456784 0.07087170816469797 0.020975096945672362 0.06979281744836084 0.05423570457697592 0.08249248117034125 0.043708533086684154 0.08611955749285619 0.03359011669429225 0.006767996192315038 0.05223161080524435 0.04746744124011537 0.051288135906829006 0.05002908768466221
48 0.03269991563581912 0.039872525438067616 0.015444330683398639 0.026631410254885298 0.03942948660073905 0.03170489831755989 0.01759090374662616 0.10526331943888859 0.08034111467605189 0.01570281182677893 0.08048071557872917 0.11576653642507773 0.0918523355906635 0.02567344701544444 0.031988852539548744 0.09666540377741667 0.04749939772473241 0.043975492163261756 0.009488511191743317 0.05192859137456686
49 0.022455590432687845 0.044915499593345 0.03834104944810274 0.11438664240834188 0.027533921068615335 0.030217829676300833 0.061691705585772666 0.0171778184655072 0.04445763735193379 0.030070079547263127 0.05545507648909077 0.011716077716273256 0.013024458395932413 0.09604558533404914 0.04001551513580576 0.08813326683706212 0.10080395365055572 0.015636934855241817 0.0712341276614096 0.0766872303467089
50 0.023244455100086672 0.06389608864010583 0.10089007459591563 0.00931841969300223 0.04463381961282724 0.039991311850758424 0.06698292705004594 0.01756867293330346 0.09711375920093329 0.021022720704210785 0.10211797627746023 0.021085285698735638 0.014544346760705778 0.08173670447013148 0.06942428171870298 0.010752642264322303 0.08591097005854685 0.026283620886212264 0.09764321466686413 0.005838707817128901
51 0.07272361192165916 0.02789121281743966 0.06335625352652152 0.031421450268073865 0.08573221834524242 0.006654136497706536 0.028021000286053248 0.05048390103588068 0.05963979551399837 0.08242736404387296 0.06630162516739836 0.009798225945235554 0.07482132342460818 0.06265827479006539 0.02312048986214627 0.04104411695533598 0.07304248188764566 0.07525690584752193 0.00490619305123645 0.06069941881235776
52 0.02129194240637638 0.04302030873816685 0.09341087526112513 0.0933271232500787 0.02121160180150814 0.034182386463389655 0.012248870890467431 0.06538919278487894 0.00187252397284685 0.028569487193850267 0.05644429824383929 0.0003616529187216549 0.07823918363240115 0.043945900213348245 0.08234988091702232 0.07881861553409389 0.0807692372714301 0.05473094361842296 0.04981563621683917 0.06000033867119272
53 0.08092774146465488 0.06932736998555503 0.0038641363325134055 0.0355311646994708 0.05583696184429448 0.08777109119134072 0.07155558438019502 0.06929766467696596 0.06152582521485112 0.04314031611532967 0.07369455498657262 0.026186274499440304 0.04228091194968235 0.05523327916071818 0.04537254644137884 0.02793375420294376 0.04105302663430587 0.04198227912545118 0.051902412238962456 0.015583104855373496
54 0.000617563573558391 0.03428235878919168 0.08128392081238306 0.06852696731160296 0.014768141334704329 0.04613259935362119 0.02778698171573262 0.06731090093659657 0.0744267088157541 0.06187617681316162 0.02655257737320005 0.04521031087787927 0.08675384625928499 0.06730084946073658 0.06719311721295063 0.09045034534495641 0.05776585593397084 0.05334687528568837 0.019892384096901257 0.008521518698125003
55 0.08256088870290766 0.08120121693075748 0.04298542292706203 0.0679312725465122 0.004057443273869946 0.026829306270993773 0.08472322164213379 0.05793093932679882 0.01155491017690848 0.08978276777560391 0.01510474251169691 0.014192520987147312 0.06497684720744193 0.033477752283445926 0.05834575096495473 0.03586552833540585 0.045995241638356624 0.06793873752979986 0.06822181844034896 0.046323670527853765
56 0.0066915122008965435 0.010915121606019646 0.08581841584960719 0.08555445988119902 0.036934324630105056 0.06050959127680033 0.05121902930251549 0.008671778327587224 0.05113596409069018 0.04628491713530935 0.06660378026614007 0.0905989694285173 0.041078994022044665 0.032506596242392834 0.07900429894489652 0.07238806251331238 0.08680734008648543 0.009056520332699934 0.05431985796870177 0.02390046589407913
57 0.019686217537102632 0.0038556576374169952 0.03819358497314514 0.0692369188759721 0.07466756834288263 0.028449506854104196 0.037663122384387085 0.0859647555520528 0.08795641292143334 0.03375093966630221 0.0945960781737851 0.052991799538033464 0.06770126714820167 0.07897169130277877 0.07006524473100913 0.026946027347279158 0.03714496177439254 0.023859379647703446 0.03142123607770276 0.036877629514315
58 0.03458580635220132 0.029508733936546357 0.06410162947674525 0.06850769186338244 0.063866471443092 0.07782068894043326 0.010685523606222479 0.057629401169751154 0.03296298396323141 0.07879358972891241 0.022268976938766043 0.07758606214344821 0.07000988659404074 0.04967717321342715 0.0542293282220554 0.020579898735701086 0.07372484993955272 0.006865949168301691 0.036712165890867836 0.069883188673321
59 0.06500131683801857 0.03405644251673064 0.04679491840366213 0.03696501967847268 0.006202515942403423 0.05574671624622603 0.013434834998892236 0.05013403989655156 0.03780832763903269 0.007334613650396634 0.11160206312455122 0.023023503384524906 0.039930696677698566 0.04887993368255137 0.07758858583092926 0.0947649783902326 0.0468534878076044 0.03943668225787493 0.10073577340549264 0.06370554962815352
60 0.01708592723509747 0.09535256410800047 0.010679688851136248 0.06992908574413358 0.06934671257132531 0.005847279473536581 0.07478117581766919 0.06879070712039993 0.022129646557081866 0.09217578738984185 0.01191123320279966 0.0319338638964759 0.01236669281709324 0.09401106951400245 0.07237581360202855 0.04172257926300707 0.06708502709685363 0.001159662561106672 0.042520485546403926 0.09879499763200612
61 0.0995741290815044 0.03929653329239823 0.013018030381673287 0.052812240221478804 0.06599661798340295 0.07647610557951948 0.0737567074726616 0.04211862915173022 0.05089146143938908 0.07609619827662188 0.009625590718677435 0.0005381655644834064 0.0005333242758508092 0.07410717628679526 0.05878531603962213 0.08466379165987392 0.07674025217944688 0.017223584538818823 0.04120950262657352 0.04653664322947786
62 0.007156986359143131 0.06048128294079834 0.04422854169970637 0.018645487400155182 0.0033849873319670193 0.03331367303926212 0.040853029316698285 0.048788350859835315 0.07367163722327767 0.09053578177058283 0.08806929514569958 0.09085776259125226 0.0007219166887872677 0.055090251054945145 0.009898925152414804 0.01548967919703963 0.056180655898627446 0.09026572697473892 0.06407607821959363 0.1082899511354749
63 0.00868675126072827 0.09061105945105698 0.04442661738412459 0.0378716743622661 0.07763920293507023 0.0467937924218619 0.004765290857702036 0.05980649692547607 0.09044655665580648 0.09978542358720875 0.09144358994464899 0.05153379432045182 0.07534880512626589 0.028851459140294237 0.029258409762010676 0.014740565253995891 0.011467331889026518 0.05673845481954974 0.07093715496906634 0.008847568933388434
64 0.056060940023196386 0.039619418419423076 0.053017270731531924 0.04400823757507426 0.0928692747424795 0.054774927490583755 0.02541102348423289 0.01641539453188361 0.04148164042856227 0.0699069075245875 0.04764250916399629 0.04792363037776772 0.06716890257397574 0.018343795872288765 0.09842950436920864 0.0362551115158027 0.0821491132850558 0.0010459214927777578 0.06508381890861549 0.04239265748895596
65 0.003293156138191465 0.05563923595286145 0.027497995503072376 0.07255426580396739 0.09731648669873288 0.10527690618766802 0.06066391315628092 0.06086319122239267 0.08027215743569 0.059929463106284935 0.01836582995755853 0.01537608751497838 0.0030408509988344265 0.001651967572180803 0.06698425468586369 0.043629029212173924 0.043049759292269535 0.07383323083482161 0.10378503737409002 0.006977181352086858
66 0.07358704853001911 0.05047938108665404 0.05386849681230064 0.07670192054160514 0.05172144260258802 0.010468088540795806 0.07367339931140268 0.04285871924048525 0.07548594782645278 0.06406065240158709 0.05707387934783082 0.001509432405261201 0.01411748482258681 0.07045622177230441 0.034627127599235794 0.050789448898822115 0.05852243595988761 0.046066876479538665 0.025399054100078224 0.06853294172056361
67 0.05856939625266979 0.01174490284458801 0.04952212989667939 0.027337888442106918 0.004116793206887884 0.00012754285353124966 0.08378140661873515 0.1086139894940694 0.06588192469580872 0.05838193344079123 0.09840118590613749 0.03139262056071576 0.06552210213480142 0.02718936976458244 0.04216395124250031 0.04624858590490178 0.07811080755290463 0.02381790379254264 0.05830128563890045 0.060774279756145196
68 0.05798356885745756 0.04339482912191118 0.05025284905259295 0.07944782029797007 0.006874628301367615 0.04268434638232321 0.006429857197143166 0.04897001512106931 0.0771369900272047 0.036202418053544135 0.02727084615415283 0.020600020113701923 0.0803815799911221 0.06762673514926508 0.041177019855607504 0.07765210857017212 0.07065992610503095 0.04446916433559376 0.05155268139117778 0.06923259592159206
69 0.05427223734573111 0.05853684375698733 0.0440991869195227 0.0005792726278892233 0.11475141803137867 0.054759276674035885 0.11214284003313586 0.0762240162839802 0.10637944322296461 0.07366951479939073 0.024007445288110833 0.0190844369241103 0.09434905119613247 0.009436122411250119 0.043223038857326875 0.0002719800654874806 0.026246525033597114 0.002004331961325574 0.049783975624995855 0.03617904294264708
70 0.05698873689415513 0.04677859627576009 0.024945096463272056 0.05426152418907642 0.07701789007279676 0.032393564851585246 0.020304881726003466 0.0647296928200853 0.05763283580301272 0.0731216656312772 0.033776916642467396 0.024055062283068966 0.08501095530531144 0.004229682607563536 0.08434353561288323 0.05830448194512027 0.06835376461887865 0.004947485088862876 0.06126554735516506 0.06753808381365428
71 0.021963944432516848 0.003306892379638769 0.07835270324543876 0.02299718375336083 0.0986045933604013 0.04523917439606132 0.053110430828355114 0.03865955282314092 0.01394318445712946 0.06475496437288715 0.02275721683291239 0.08839670807979683 0.06916449294530712 0.0678670694299279 0.036318850744286355 0.10277049803010897 0.03716756288644449 0.009688891054337751 0.03136064424528134 0.0935754417026663
72 0.0545019323494046 0.05807154654498062 0.051900178735122655 0.03293668668732849 0.019208924044890236 0.06334172732116959 0.0612353730052769 0.05662072482737196 0.013261313596277396 0.06810416874670441 0.046776017524347895 0.058342436277619016 0.06283015208695512 0.02187665618408309 0.024071527858276126 0.06981734025896186 0.013832899612279488 0.07707676221853053 0.07457850798892653 0.07161512413149354
73 0.028836779588242864 0.010236141460239974 0.030458284272716424 0.0726742769176498 0.03407756546187419 0.07136946105113032 0.04331481708314909 0.08206766707881219 0.027023315914714536 0.07067334584110474 0.045807379492369085 0.07529763914307284 0.08506796079373012 0.052465349213688804 0.009272190630701449 0.013294812707152007 0.04450647841098217 0.029993353341563774 0.08810290820463704 0.08546027339246867
74 0.009119092259396453 0.10032996204975336 0.03593271334385488 0.071969965329447 0.050886623967028845 0.012884626947571884 0.030466661689864838 0.03260667657768383 0.08160589886499459 0.07432304398648831 0.06288945583558 0.08467340803489899 0.07824616087815228 0.078368996466503 0.01892102133874997 0.032869526193407696 0.06356650267606223 0.0056298126002089065 0.06396013028312961 0.010749720677223204
75 0.0620160172778295 0.043840274913154904 0.035115010911334156 0.07163736868037475 0.08401368712317796 0.003986400786481441 0.07308651009255483 0.05344851846639792 0.03226622920862949 0.05066072677643526 0.01558593464852017 0.03616394900291704 0.07703425550266008 0.0493565312212696 0.03334495459563206 0.04767880975414791 0.08742911626048014 0.03353440013645051 0.06390430067679798 0.045897003964754504
76 0.08003876082024647 0.09855710736385573 0.052537917446998525 0.029253856234352425 0.06104901118064876 0.0035764274662153407 0.04379353929822359 0.0003736155098208545 0.08241376656868192 0.03750396100098382 0.01698457497786301 0.05954081159232138 0.06927292243922371 0.03578902553731345 0.08168851829696144 0.05187831963058987 0.019507852932230604 0.05860087312330116 0.07671179568496182 0.040927342895206054
77 0.07613578553867957 0.038905903217311084 0.05772017989785138 0.0825712229905458 0.04318612730289172 0.07057427940477491 0.08062403517798425 0.02306671569587885 0.07954518281922794 0.04177275962460363 0.042069427492148787 0.03270952398611998 0.036147221999192576 0.007407994058729389 0.06805910886750606 0.06523849707020983 0.001422990589541748 0.05483129556319971 0.04784236916477318 0.05016937953882956
78 0.03286244006124541 0.03563047145115596 0.03299613605747427 0.06934713903102828 0.040899547925555786 0.060926468775077736 0.005193435611998551 0.0041642156041944295 0.09074874398552776 0.03908588217624537 0.04987883549444764 0.08863757409143473 0.01437817406825634 0.08112297345782009 0.028850774366017722 0.061481284376399006 0.05968755908298885 0.0781713924725491 0.09937946618274345 0.026557485727839503
79 0.03568390140883649 0.08303555417030987 0.0857892625606725 0.045595375279915126 0.04593519221821607 0.016918802993822292 0.060222806339291564 0.05438046876656895 0.024873512015586498 0.02784906589489222 0.07406498068828339 0.021194945198565556 0.013663584804265204 0.06089927855881163 0.038399325445985184 0.09182213416894931 0.06336741831959022 0.01439228418109365 0.051293146119719565 0.09061896086662487
80 0.008381523188957416 0.008857978707626469 0.05209744845544635 0.08675141034461137 0.00039515762165239545 0.0806596990226263 0.0451273892951123 0.07572760157439937 0.0931287099758719 0.06261387073379525 0.01652595671565131 0.036237482684414866 0.09615447244917852 0.043073309737513735 0.03707544958245621 0.10623924618225708 0.05866046746709317 0.007141910191498288 0.07250320431322184 0.012647711756615986
81 0.08717795535165146 0.09697213046286168 0.06525823498966575 0.0023949237455327867 0.08333975423672382 0.03893809071408972 0.07835179198832905 0.0035869317622422054 0.0026586164444189556 0.04827874750584022 0.10206968022034536 0.04189192767052416 0.08172474418023742 0.02219441896350833 0.057369587759311634 8.989102841964038e-05 0.04911487275453189 0.042543329798358516 0.07663673428986788 0.0194076361335394
82 0.05926854299047138 0.05663811146659066 0.07589645403303574 0.07377355425170212 0.06048191727705267 0.05333249586673365 0.09938557527113263 0.07829977647954257 0.08718653766653471 0.024123151905823974 0.04901710321556318 0.007673684762137673 0.02334500132880606 0.058441809119768734 0.032915807845257716 0.00232785517452677 0.023284090522967857 0.039861626484694344 0.05048509648630256 0.04426180785135498
83 0.03335611085637298 0.03954105597198626 0.021334884344387246 0.04810663183801453 0.03005775933267029 0.037103221602824706 0.06034316419819961 0.030332529453907082 0.091433074985778 0.041719765781368386 0.08319111647827371 0.022623887574338055 0.05821096281176119 0.02739685430434126 0.09172414941765974 0.04545134809434861 0.09196978942805188 0.033453979745903986 0.031704785742478626 0.08094492803733352
84 0.03385556213831441 0.017062501193400244 0.09650680197178664 0.09790554863082436 0.04999827940704152 0.03782003368065393 0.005779507534172728 0.05763576884310717 0.0907897380580814 0.0605617777859004 0.03727291043475665 0.07301565585001388 0.0379880651938123 0.09858857083947577 0.006374716879051403 0.026157880831804925 0.046053843097333284 0.07788218010032856 0.022402881767993106 0.02634777576214718
85 0.09521313089136677 0.0906472203850362 0.05312379024915977 0.005486469252387115 0.01461064339289678 0.08060109725009584 0.011141506841644942 0.09191149516520145 0.0445129866129123 0.024847225578222665 0.08466720349286941 0.1043800058191114 0.05725982012789125 0.02257847909862791 0.012818916475691073 0.06881480007557883 0.08625824773464245 0.03111728808181267 0.01619492202150429 0.0038147514533469575
86 0.020537277061585472 0.07384609652217392 0.03120757995053159 0.014127867447653552 0.06968762904234775 0.08372939030693333 0.018651694034012265 0.0978780905365979 0.08308592576837982 0.07268648738937958 0.05109891120910634 0.01691375312426599 0.025197715094646436 0.07193801371861752 0.039478080452547325 0.015295174879161296 0.07030413707918677 0.055090879105881514 0.06814465330437532 0.021100643972616472
87 0.02423427404978843 0.013685345572952133 0.05827284662821155 0.05268551527818772 0.08177357505992129 0.10371846022696676 0.0007413241314882027 0.06813973259582075 0.09090056119573472 0.03251477494975047 0.03750202669477463 0.03273865239824309 0.04657065039308804 0.06464104377963469 0.05506429795425482 0.10025297863150878 0.026213625413653914 0.03330555940143902 0.048651281380855525 0.02839347426372563
88 0.05939275307354715 0.08206826063985594 0.02508788068552768 0.07271965176591015 0.05169891904842515 0.08857744931655917 0.039039974676983044 0.07643566639434293 0.07514059923506154 0.020226515877452528 0.08595460452221097 0.022525297719207735 0.052228895270125794 0.0158518364800453 0.01825784534320245 0.08389711911943892 0.06478609848793948 0.010611306242413849 0.055389540858421314 0.0001097852433288031
89 0.07886781334276029 0.07169005841095197 0.04171151777821245 0.05499882554288903 0.04980012893224024 0.04769670342615879 0.05676020055512264 0.04379562694026712 0.019617618880789917 0.047947619303454696 0.0411729264822708 0.07549876569220672 0.022084550002505313 0.08926516391092947 0.07022272647638726 0.04161105061136725 0.004131779148057264 0.05361926703177338 0.01207968803796286 0.07742796949369261
90 0.0059260860394810015 0.01676380167130041 0.08146449918013474 0.07774171207422334 0.0007805811052383839 0.06489616571530896 0.062162322009581904 0.08176381022417174 0.08604388221946487 0.03621673745741278 0.04543343404822679 0.05511963215897538 0.056822587799438565 0.039586759178751485 0.0676606450216086 0.02586190183626862 0.06837237138619943 0.026611390827425575 0.09178350659616745 0.008988173450619995
91 0.03086225047660475 0.023813889749222005 0.06652544113384704 0.050594627207487086 0.08828341160360449 0.04025056531357793 0.047376064498302416 0.05073085652448334 0.05126541783507849 0.04559381612369421 0.09487424928687228 0.04676591718906895 0.004972566274010427 0.070671631902699 0.02070806472645572 0.04327266120482616 0.07569573180337773 0.06970410691881375 0.014810557583445808 0.0632281726445281
92 0.034971903220401473 0.00811783981540839 0.029566101083248305 0.04454396825069323 0.05621649423219156 0.09011812655681964 0.07010105697996734 0.051406674774843834 0.04458550853952617 0.051082293293773534 0.08042057072050063 0.05866154376144925 0.02608384636408977 0.078898323642921 0.02392886547622089 0.07489137693812747 0.05750564625084435 0.03986176352017348 0.03852646465098741 0.04051163192781227
93 0.07568115494810512 0.03270007543204699 0.07447498570405506 0.018400499455740477 0.10083429477179393 0.016823793444282524 0.03007129727819436 0.0775537558194635 0.058476883790157176 0.05775904865816556 0.09415734406636547 0.039882480086945685 0.08968854287053651 0.03204440136263141 0.022244026164537575 0.015181264982589876 0.07198730019182582 0.028059470360481155 0.009395432184596335 0.054583948427485415
94 0.009333558147624228 0.08556476406277957 0.019728407673298025 0.10262866038935983 0.052328860891309475 0.01880550070631105 0.031715728600372584 0.05684842281813307 0.09407677106992478 0.002840276407185738 0.07008416027339787 0.05131171137317027 0.05807612069227789 0.05115422618462493 0.07928150763101904 0.0875024420528134 0.06771155110780189 0.01366204564097366 0.03381033995013482 0.013534944327487908
95 0.04844197085156662 0.06841307829307101 0.05063487256565335 0.08069024652270423 0.03138373901857403 0.04295046858575417 0.0367194671894597 0.0023791932660112403 0.06415468881986722 0.05214176273677727 0.002453738259385305 0.09550672045781272 0.07270428522098432 0.04840641146787697 0.009696194222109975 0.061609913344758474 0.07853532730578759 0.017107805218777326 0.037753137077990766 0.09831697957507776
96 0.06170486334941759 0.007401459935777019 0.07725666356251817 0.0768290410665148 0.04329738191459484 0.08159136228546975 0.015423778742020531 0.0576086820564512 0.006922341490278469 0.025414792825975766 0.0677724551242679 0.0443173372157208 0.031295952386895365 0.09186968616097932 0.09249053868361551 0.04871515625626714 0.05120226795135087 0.06155456149174647 0.009708388074577277 0.04762328942556113
97 0.023082471398306516 0.011520694172877665 0.06185303938169026 0.08038890648424821 0.10741170161191696 0.0005899354320812571 0.020891859354156037 0.09859046996585033 0.07871486278608437 0.059270456386955335 0.00166327246688643 0.00856192188000706 0.04061637717472175 0.09377955620967643 0.04179910229336969 0.0961949931298058 0.029761101678999095 0.043891042329443825 0.06670070876128986 0.03471752710163323
