0 0.06340564578067626 0.016003271294486594 0.0049550703019003075 0.10256397461737614 0.10516410853608495 0.06611322502048043 0.07026259055918993 0.01778487395402255 0.02403062702800474 0.11065746334968204 0.032819179067809755 0.06576864630496042 0.008878982694507914 0.09093352489099998 0.0843414068686637 0.05480102236754815 0.002761330303159967 0.06501549108152248 0.003369907882163252 0.010369658096760489
1 0.0948559505963282 0.033914759717215956 0.021442901992443947 0.055838498037923325 0.07292226804447771 0.06855808537597892 0.04685055578338471 0.004588657815384204 0.018462397409154382 0.03218912751953561 0.023832730750113197 0.05116984191256139 0.03103137496497569 0.09415627148323137 0.004239830150474682 0.04903311114217612 0.02654630732916809 0.09380658522281364 0.08492022478836596 0.09164051996429287
2 0.0298460191039563 0.008182735113339095 0.11740269932102633 0.007793427459996095 0.07840075933469023 0.07884805006181793 0.02648839058606667 0.06801325369576448 0.08715422356135867 0.08750398310369306 0.03630582912649319 0.05008415268149593 0.0142497158128334 0.09317035668661781 0.011700077086176602 0.026046091512361744 0.0024850904154085167 0.017614614854953897 0.0690546345185299 0.08965589596342022
3 0.04951959909452346 0.05859133718603199 0.018815288418494593 0.09104255701164099 0.002266630755373523 0.08037957154594119 0.08631403034332356 0.0789741873246266 0.017970625964819846 0.07014913280365274 0.08717216794685237 0.04875015631112696 0.03419810863168792 0.008248033355354541 0.061980497550009964 0.014819647373075126 0.07620394167780528 0.06601427596415282 0.03986979945343766 0.008720411288068759
4 0.06199684139916507 0.07202964872465922 0.04691942503456541 0.0334862636586702 0.057305284951364645 0.04288001902853516 0.059575587517279295 0.03077367833749892 0.04926512052093474 0.055755190430296656 0.015408769672611981 0.06354595160093277 0.022008957934132423 0.06445376827851419 0.06472351010425734 0.08048464103023828 0.05809403509516328 0.08409742546727826 0.024210363502338256 0.012985517711563796
5 0.047637997386512976 0.004402752589370583 0.02530859142634478 0.037284540461053145 0.08214484766388266 0.09213088995941471 0.05270416351331913 0.0568852258287314 0.09434333592049575 0.07503621566773097 0.039845327600875016 0.012296025662282842 0.0610845367592972 0.01815082364921043 0.07722416780758919 0.09974764371935184 0.02052342326585549 0.05618219881479342 0.006033513665501158 0.04103377863838751
6 0.050206694150482366 0.054605566391790365 0.05634375517191514 0.04084817530742387 0.05834238291087518 0.007067578362090428 0.07145761467839826 0.08557119588699957 0.059476767933133425 0.07277205284327057 0.06693426619110317 0.061796261107057396 0.003869215500135683 0.07163078371577254 0.07938808309054966 0.08227781128654436 0.012302860134051852 0.0009417210116905779 0.02867201938151474 0.035495194945200814
7 0.07505611761044226 0.012043182712542512 0.06349936072214397 0.029656321246169483 0.03972701458176925 0.08119708797670637 0.0583101482685031 0.03201932144339097 0.004783040598726052 0.007007748099087643 0.044358889597158155 0.083497484269856 0.07337722738654312 0.043408296197064516 0.07967384343702022 0.07766620941975481 0.010729604810926333 0.07025204093126665 0.04127188918530531 0.07246517150562347
8 0.008107474320439022 0.06281577325210073 0.07271658439653515 0.061063039099973404 0.005971744381682142 0.05708534096466185 0.03787733475157515 0.001719154165654135 0.06320055754107838 0.06050843979272531 0.05482106760695735 0.04535537967767937 0.03850732304050306 0.06434219284939707 0.07909221358874569 0.04715633278112856 0.07905319622404842 0.0867069907399448 0.04812626496385481 0.02577359586131549
9 0.05301538262140191 0.09070942474864999 0.00405080152306504 0.03819316595440753 0.0058517173390427914 0.03755264874110627 0.07849836460461819 0.010215636441788049 0.004898518832248873 0.05171553667149152 0.037805985588806455 0.08800307204809515 0.027667450806296116 0.08780519509773797 0.06011808528235191 0.0343487246284371 0.08887261187366269 0.07495883204224119 0.11596935159001376 0.009749493564537448
10 0.0024457724736705096 0.1239150675299163 0.05094064784488341 0.020042971736189272 0.01098302774207794 0.02207364540018889 0.11178925344472883 0.0917955258312011 0.018737497265172133 0.017327255863760674 0.09942916239866832 0.06124420649889683 0.01267084885398185 0.10001313073532542 0.04144830010911643 0.057160214506504374 0.010506233790564005 0.03970996895714945 0.09146182712928679 0.01630544188871739
11 0.0417967629673812 0.06219686083873988 0.06937922817116146 0.029293609713097038 0.04372358900381423 0.06483858775493571 0.0390358964587816 0.05535010514659119 0.02273892289737639 0.06694866396314253 0.06900586214350743 0.017859629244390114 0.026515755782548524 0.0592751355995377 0.01964696046611749 0.07199091863152955 0.05195852858258694 0.0753863365095058 0.0633519364904779 0.04970670963477747
12 0.04800230015800458 0.009417207067654466 0.04869860382008461 0.01954334081516134 0.04309199739740303 0.05119112638698484 0.08025604688313237 0.038862123017861766 0.0825440136499654 0.04946002587090247 0.08436900964640481 0.004248250440338409 0.046313619070271664 0.005786437757540736 0.06828405183101123 0.08662716102531409 0.06904596401150925 0.06475486709682592 0.02460297186578222 0.0749008821878469
13 0.0649580327716561 0.024823005670626952 0.06939127394025289 0.01060131006747032 0.06594572947096143 0.009187709545993815 0.041960470599847685 0.035987785159697035 0.08930319951719273 0.02843598099945399 0.062227827622357755 0.00011892970591576059 0.0828680445105355 0.05409758982973716 0.05003051760025002 0.02997127494883949 0.06563733627059197 0.08103380799952964 0.0871677235647171 0.046252450204372623
14 0.04900178476059407 0.02890213957460719 0.040935013241139295 0.04071407903322255 0.04244972578244496 0.08566353247627384 0.03748404706514198 0.041984288532987586 0.08110990954636026 0.08263551400141361 0.08815053992241155 0.07671522106808418 0.03500422429410889 0.06269478318811904 0.03903178257746407 0.0195785629360733 0.0652888318670176 0.053869660672491715 0.01275881800830595 0.016027541451738226
15 0.09433624643594972 0.014425293067560335 0.016710087688452724 0.07092386808580621 0.02481147654816682 0.04256787809218993 0.05766500948736869 0.043861660707176925 0.02532036031728621 0.036072094573669035 0.0630457767420513 0.08770388355840196 0.06500464010793598 0.032123190563386035 0.05712361093982329 0.05548524173110292 0.07634200909470973 0.1112983021568874 0.00846936561577751 0.016710004486297395
16 0.02043844671859687 0.09058056699408316 0.07583812824931939 0.008526630330774655 0.045717228556143664 0.06438971926883201 0.003574839169315411 0.03547284942151399 0.06350540631299846 0.020323302753739256 0.0918530564220394 0.05381997201895166 0.02119601002678318 0.03695048083165458 0.10293246322115046 0.10548736779970246 0.04529845767953029 0.003863261891318679 0.04489240634335153 0.06533940599020081
17 0.07567434290740067 0.03060376365176429 0.07934830273836294 0.02956657849964963 0.05391616888524235 0.05719340048962081 0.06932044246572018 0.016473550446186834 0.0022631409306351413 0.07019157628981477 0.053798087424734645 0.050343367556791856 0.07754864309130188 0.01453437378223844 0.049037906948908964 0.06186078145733294 0.06143317912940782 0.04293717958685976 0.034110644724536454 0.06984456899348948
18 0.07276151143360492 0.005575822950264572 0.07882540964417448 0.04382250171178517 0.08297934196872023 0.04476961517155672 0.010356701778206445 0.014551062574854313 0.013197637094779112 0.07927447366732536 0.06345380266593968 0.028026638126829245 0.04253795217445131 0.03954797042068525 0.06598954921873858 0.07302029147983254 0.06291280410821377 0.06725315087910917 0.043403341412070355 0.0677404215188587
19 0.028784632987099774 0.011998431364162988 0.02632269690089827 0.09015513360466505 0.0066461555157806594 0.026214795142195362 0.04398531300126361 0.06527345794435187 0.10026887660894675 0.0848832098436098 0.07401595310403146 0.09106688319454681 0.06991647577896366 0.07397739317573365 0.06253071235932894 0.01263284813040747 0.05010014702680122 0.03518280723400098 0.03789989852298591 0.008144178560225774
20 0.021824219789803197 0.09767233781402858 0.030507975836813164 0.037456625435804865 0.05020332253033938 0.034667307614689315 0.08848765421203178 0.09507313967681376 0.04039176169385693 0.02016688761311658 0.07069322376134538 0.018305969383629987 0.008299967656882104 0.031895487408658454 0.05056258355539643 0.07109518849254264 0.0541179600105948 0.05669223007640311 0.0744944955392074 0.047391661898042094
21 0.1053537294370249 0.07157605104701498 0.013126833840615741 0.09770320661642369 0.04869638324325965 0.03178055884083446 0.01368780092765551 0.10094311642211881 0.005548409507737039 0.02057003821772489 0.045623598664886626 0.11082219385306803 0.022827753286948065 0.08108094094453426 0.060134522731070957 0.00862144118652288 0.01853605590334209 0.05029757485683707 0.025593730359063465 0.0674760601133169
22 0.0545520799948463 0.09172279780409473 0.0012168629301876517 0.08964687695590423 0.03314203590683054 0.044531464964907536 0.023068321954470315 0.059602134771498776 0.03855682962806185 0.030492805146749246 0.07131124399742261 0.010301437059131245 0.07815753084913227 0.03748565691953814 0.06590619811009468 0.07348556514116268 0.01780365285840354 0.08273767680919081 0.014042786473287936 0.08223604172508472
23 0.029069848531295687 0.052427611196316615 0.062427247194431996 0.06675720392432975 0.0312057465709656 0.07006063584343115 0.061329134301158356 0.02925984352405965 0.05542638054777258 0.07075632299304371 0.01654798027250845 0.011687463972494115 0.06854143656476235 0.044794788968507145 0.053735238024846775 0.0653394750700084 0.05132825676326024 0.0643785053863988 0.044226302522033564 0.050700577828375004
24 0.03835905945717656 0.030176332559039107 0.02413999889111105 0.059726404281135785 0.10568868153683811 0.020609351824754565 0.04733830357279485 0.08940999822284387 0.07906552738826668 0.043491347022247315 0.036821296962895086 0.1086375997303996 0.0017047528119832273 0.01974116645119492 0.08320844412749377 0.08263172633428617 0.08167855628091687 0.015439505494355013 0.018961871882953507 0.013170075167313862
25 0.07908945168501608 0.07784439547204752 0.006284880688209047 0.04636709723917182 0.058698658569163134 0.06078917983918853 0.05761359466172266 0.037633786261971475 0.0006849810381261359 0.008412497679750178 0.0779986143145073 0.07620888738259968 0.048782848888298556 0.056171984880167836 0.00917000829132274 0.08654361143977128 0.06588635708408513 0.05717277775486758 0.07256804263889097 0.016078344191122286
26 0.074367013886795 0.0009756817012109877 0.044105720336746985 0.05485456181743544 0.062290911156737676 0.056775007133339175 0.032985112197450484 0.021266705527207677 0.029163270636538688 0.045448462174687475 0.07072257243328199 0.03182327658331346 0.01689800029396379 0.06451955392931238 0.07371397453805169 0.0826661619964249 0.07460632588700607 0.04951555541927432 0.06723366497153896 0.04606846737968288
27 0.06964494613690225 0.04123687930661587 0.0436792275108751 0.07111024310412437 0.08250443864957208 0.06535282736270331 0.04865589217645957 0.05049508025392553 0.04910114631362799 0.007680527232358355 0.07769958465847406 0.059327777643570785 0.0373256588047892 0.04748870854286481 0.03593918315635916 0.06592682977348834 0.038612724843854 0.010330792188683172 0.06396506498324171 0.03392246735751048
28 0.08947955895192214 0.0727067081643183 0.03651678621395295 0.0548547049758692 0.08766656795599499 0.022252197616233007 0.045205989118740006 0.009291736296625526 0.04688569886065949 0.01801727584244716 0.07417828757376055 0.08507624238351238 0.007195753021882029 0.04722773477468621 0.07516389371233113 0.08629456162730341 0.01568688974525385 0.09394174709229518 0.0061509857692412665 0.026206680302971148
29 0.01080916132405742 0.00650661863479075 0.09624584431612523 0.00996873245297273 0.03661813976728585 0.022749203907714545 0.08462142464755992 0.04623214143364653 0.1042650256790079 0.08237618934540522 0.04072237456314159 0.07607234451363795 0.0038350602536884647 0.04294088021027845 0.008462006598830308 0.030522684260859228 0.1136354478249529 0.013996297522407712 0.08710935259570081 0.08231107014793644
30 0.04465043244845079 0.07027070496610582 0.088080857475855 0.12187313064613178 0.02698676069742656 0.0036903329281947964 0.05260292244586192 0.052871537852687 0.09103425484664064 0.10098993761434447 0.041276412074939366 0.009494675421609942 0.013968179409203045 0.11721979175853153 0.01082331480121138 0.0040058108962336214 0.01460499938249987 0.06266164750511775 0.04751984262525234 0.02537445420370245
31 0.01676405469104014 0.06877452615387718 0.024876998332287435 0.0741861269824696 0.06571615660540907 0.034226694907165726 0.04287331075570472 0.0752803558587294 0.023409924524521473 0.0665520184374814 0.05319336413780719 0.06799882699008603 0.048610494528794304 0.07188092525927314 0.011372066061618951 0.10064962018027004 0.02174103828705637 0.009321922119937927 0.07466224795153442 0.04790932723493533
32 0.03995292805625679 0.04337111182661021 0.02765569837650973 0.012814817046209782 0.11068656591108338 0.0852491122602326 0.04884506803658213 0.0907192357859155 0.0701368474047997 0.041993046300927914 0.03223101903389645 0.06389847857281643 0.0036101978679078063 0.011020741781603513 0.05765787311058723 0.020941762944085777 0.047929437931209844 0.10624371811903283 0.03254867142517742 0.05249366820855483
33 0.0075208659512532175 0.09574389060336853 0.09636907996612139 0.022777736198241562 0.023705224687408027 0.03201138503698963 0.07254623510548153 0.08959534596335483 0.0387569662612884 0.10042650587257702 0.008447595599608795 0.04081170125008724 0.07653891478794352 0.02533945653092839 0.0705198131388814 0.04886598943691979 0.005968689083744179 0.06930282985555249 0.0023664813163315865 0.07238529335391845
34 0.0697638013955572 0.07855447717464177 0.03850418348645207 0.019054423488863836 0.05444932437305918 0.08184079702322906 0.0792536038831367 0.07541824622972441 0.025721373822217952 0.017638614080175346 0.02154185675444169 0.05016683117894671 0.03590973863121194 0.07798351192773467 0.018938643358253994 9.327345076826709e-05 0.07732231015200122 0.06106566585319843 0.06249780242668548 0.05428152130969985
35 0.05121334087621102 0.06950030321578472 0.003401470495223777 0.012330552090256883 0.050661076778022125 0.05394051072956257 0.09374186631787501 0.08140435009165209 0.04034571497816543 0.0240640965677925 0.08827016244432266 0.04961921185216066 0.05261193417317704 0.04266012186768015 0.019993341358567087 0.06353425178495777 0.07338079104837852 0.09576890963171317 0.008182296568032443 0.0253756971304645
36 0.07344095458343311 0.0397785009473521 0.04736959866522533 0.08854970845986167 0.0651580608405443 0.01284134114549871 0.006656654655576077 0.019344106677475534 0.07412934595591722 0.016923939681593815 0.09002152701412572 0.0035523897380212734 0.051930922592155676 0.009110940320629495 0.07831858229309258 0.08004399572540126 0.06680492447737607 0.08075360637009062 0.05332703682289203 0.04194386303373744
37 0.02576105113798183 0.07725355982908352 0.014052832389236073 0.13486521109433738 0.11268180111802084 0.05924792739530045 0.08009637891141737 0.03971307257521877 0.05686057923855809 0.03379425691323562 0.007241533746569329 0.0855694248394684 0.0849415287199138 0.034576565367411875 0.030177500473856762 0.0020813638724942415 0.02175494518420497 0.06178489411934712 0.0008739959252060161 0.03667157714913747
38 0.091013492417048 0.02141004045425367 0.04364475522183252 0.05537366337435869 0.020290805382646597 0.039042151499351946 0.04399494257115388 0.027028297386584365 0.07026915688913103 0.016472161618014243 0.09404296720980834 0.06896503746976448 0.03347989500451219 0.029019108875509705 0.0470473468827622 0.06268920548253831 0.05605924656227089 0.08672518652963514 0.008878160158993599 0.08455437900983039
39 0.059027253674090605 0.043930390465147136 0.05103190370942914 0.0337590402863845 0.09057356341260807 0.08748106065501227 0.04637730072127813 0.046362016815450574 0.0077389914960938845 0.0836490190929795 0.022302900978836727 0.07678649306418249 0.08333007026022858 0.016644343906608912 0.003290634976575499 0.07837557744239046 0.008944865537242093 0.031201955192731206 0.08748686936101632 0.041705748951714035
40 0.028017867758787077 0.023388782870373964 0.042748001394870824 0.014872975311503186 0.03496768732559414 0.08880906916820448 0.02090856742111262 0.06843999633679457 0.05872635248165201 0.013981506359297517 0.06573293635652554 0.07552919957745104 0.05053475607910194 0.05106034552793413 0.06950060537326855 0.012275721740389349 0.08784248478263408 0.08758780631149694 0.0593138006403097 0.04576153718269816
41 0.07247930681596734 0.02891638769077919 0.057514750241907886 0.04749452543388213 0.06385569375211093 0.06167350800273065 0.02174009347361979 0.0004457880212963044 0.07368691111305736 0.01273896884767627 0.01877441303284951 0.08334510171869582 0.06523147935364929 0.059405498069745356 0.06721470221993839 0.07306174680632513 0.08351707792514543 0.006382938324927725 0.08725194240012175 0.015269166755573861
42 0.035647454214410755 0.039084938373767156 0.0305170920674243 0.04456776195896854 0.04257139030705874 0.0033214834486491444 0.06285752542045654 0.09343024384417474 0.0597098064292832 0.056983532452750826 0.10467003715431741 0.03856889050636677 0.04196790820620151 0.10828726323113692 0.0033226776017946445 0.07583598939624786 0.08224129099508043 0.01734482013176898 0.054588548083533875 0.004481346176607559
43 0.0801413939461723 0.05128916439993421 0.03411853621498498 0.0183696461066367 0.026502397599768947 0.02199685468396092 0.07036809370626819 0.06762530513796182 0.09708567688815373 0.013446085370692988 0.03926638211471111 0.03256907657364488 0.0026374725100885973 0.050896210878428993 0.05514954919434083 0.03246605515275018 0.07301208765710487 0.07827732661443908 0.06031845323127299 0.09446423201868372
44 0.0861225980533248 0.10480530968362778 0.0004180637197214215 0.005778126083010956 0.07019395193902543 0.012944709118443492 0.0743859982225993 0.08549720655964273 0.05213624672331034 0.05620431716664038 0.04619935636267481 0.02727665990163042 0.03717871914210811 0.023915761680424783 0.013824074572778023 0.10575904210730905 0.01337394998910466 0.058375488125474814 0.021245770140489506 0.10436465070865934
45 0.0363469845245238 0.07070328399045515 0.05992818373303388 0.09815813089884606 0.04407956658457437 0.09218978804055075 0.055758263104007624 0.09293138792613136 0.004871204874465361 0.005050920570644997 0.01094630141657544 0.0502067428241185 0.05110652094647809 0.01640368042041969 0.08122510668210195 0.0768986323462959 0.04463058572349271 0.046054931087426705 0.05485010569991832 0.007659678605939456
46 0.00825866325498281 0.0977783555526373 0.008841910185104784 0.08164033508254627 0.08176502665038349 0.033239706639821426 0.008849141167280026 0.042286015335376445 0.05213707302816288 0.044657201849409286 0.0514622019880962 0.05963481363137879 0.04825461529175066 0.03713624915118121 0.03517798755094179 0.10018262219854639 0.08091387649932705 0.0009918593944187454 0.0540508871028125 0.07274145844584211
47 0.009177017455398553 0.07349408351098427 0.09139367076566567 0.016407207063151432 0.03535361175822158 0.04730343295871069 0.025457653082003335 0.06815340006094212 0.05324084412596052 0.05963572086679958 0.09260302179637629 0.07047708456872427 0.037493868963003586 0.006266573522414152 0.0380286544634037 0.08573619246913844 0.08202007262631136 0.023207809874227804 0.05850932781717077 0.026040752251391724
48 0.05071571499605357 0.03440769513195464 0.06579574466441285 0.06678836982644305 0.08567609656355518 0.09292256697989709 0.006696093595975063 0.023138370598220086 0.027394448271482796 0.049220498204302084 0.035241938465714176 0.06414036531227936 0.01332199034742995 0.04636400962349651 0.020730041988393406 0.04090048202584225 0.08858926054110125 0.06567969260685268 0.07709700447752618 0.045179615779067914
49 0.059827795688645595 0.0449053195720156 0.023608905890637084 0.011787082514247989 0.012061506671199873 0.0821962826686747 0.07871461493118735 0.04217762158191751 0.08482500594186353 0.09040416805924197 0.05021602375026341 0.00682906139633357 0.068962266489863 0.03594660245751055 0.016675844087413204 0.07760835774712434 0.00932974041872058 0.09461228844824532 0.05939345622196679 0.04991805546292793
50 0.04531197317209849 0.07814247322958257 0.056595400547831604 0.06340735318140557 0.0827780141716327 0.07065510716222344 0.005170102613838288 0.0904022322694155 0.08301389448112916 0.0017851175361462762 0.006010634817723597 0.04781394799304064 0.06120043951763877 0.013907665403196693 0.05829471993280919 0.0005715973203328282 0.006785740757244411 0.09293282265715531 0.04165684655797701 0.09356391667757785
51 0.0027151428623703442 0.034439952433095423 0.003541975800426796 0.06761403977792278 0.0844702589836659 0.0696564862586141 0.08633125798150651 0.027912972429511764 0.01870729165920789 0.03170687011849741 0.03926773715837978 0.08530972017247297 0.06644641872305723 0.01290790052925598 0.04786931327322766 0.03127950956467984 0.08479835447443719 0.0821879210982095 0.039821881307796674 0.08301499539366416
52 0.052085009919170144 0.026331590536695447 0.011814899873810817 0.0427464104994474 0.008670468546446632 0.05117451786886601 0.014463839081301442 0.08962823548833716 0.07967890265375704 0.024223766839627688 0.019538308866521577 0.021135070044022746 0.059163419063391044 0.05911947394506715 0.08252372177942549 0.07016156683454086 0.07766040741326999 0.06899768900882611 0.04970994222441785 0.09117275951305738
53 0.03578161746054714 0.06254068762918158 0.08749539329259348 0.013845083800325677 0.06819605644720628 0.037899040384694535 0.03746651423079869 0.04020103460897409 0.00971938453078229 0.12170861500678065 0.088414077708519 0.0412067788578203 0.06331247920444831 0.01163762694673145 0.042390485379616226 0.08316867575983486 0.007121068737319246 0.11706029809851541 0.014836650684446522 0.015998431230864547
54 0.055767461005331184 0.04660030788807964 0.051399259432278015 0.022503613518451156 0.060972512670082836 0.043714085790337844 0.031124860118483873 0.05700391336490964 0.011557057285049304 0.05950393018241043 0.06535780311266418 0.030053692429171035 0.08337603081506542 0.04889608836511816 0.06044320707331771 0.045495316299876194 0.05979861570669332 0.03421797864648957 0.06204595016892595 0.07016831612726451
55 0.10586962128277533 0.08252537057947272 0.01839446096110797 0.033762412218007784 0.01332342726428866 0.010806613825453028 0.10731812688449482 0.05114600442275961 0.039185617816698715 0.009768169728640728 0.0528860578167427 0.07252190032585233 0.03826625851364092 0.0762583513209246 0.07217295389218335 0.04435012866628689 0.04295397244597551 0.056922562347026036 0.052001846809008136 0.01956614287866029
56 0.07831213835107245 0.08118692494133516 0.07643698164234862 0.0020303123564309826 0.028929315009634405 0.026888469058199953 0.050448650384271744 0.046742579593363344 0.05622884581231048 0.03618444762865466 0.11055648007016888 0.09841009199549297 0.06255754872169268 0.04504162792429813 0.08565848906722438 0.004162281154868282 0.023593291332824232 0.02965898484504238 0.051634935679037756 0.005337604431728422
57 0.0636378744996797 0.05853270243389195 0.014487835897523907 0.039414932343640574 0.10258728269100414 0.024471434568635847 0.0346762073613017 0.06473504930912839 0.05501762645318539 0.0390912928509696 0.00041868299962551157 0.01980206716462632 0.0783558883003912 0.08894044545830972 0.002455325419142637 0.06941254817258888 0.09589488475558575 0.0493192480678488 0.07650812092757807 0.022240550325342043
58 7.554929286948823e-05 0.056466696789772966 0.07370527733834879 0.07176895275266626 0.028554357787606847 0.06492508752313646 0.047941514597797615 0.07829058240031243 0.04541734094463709 0.026754406844458338 0.0399125115380573 0.017554571021539747 0.03771558438812892 0.06652520578935575 0.0683599596823063 0.08234977874167532 0.0874930449280457 0.004574180477637697 0.005604971847721764 0.0960104253139249
59 0.015017261046194537 0.0575526628846594 0.04170340841336198 0.05410929623438067 0.04505968615597214 0.01704876893334112 0.07319798954290344 6.696715441649056e-05 0.056907024691597474 0.01978187114974166 0.09139986528013863 0.07733321131421211 0.08304602182950957 0.028297594214227253 0.037322961744394825 0.09531623505887506 0.05311399369702232 0.0858839737350406 0.040077261111622214 0.027763945808388597
60 0.012822167490081911 0.010558744820964642 0.04097273610896124 0.03955710593562133 0.0026388967033215173 0.06416534784656094 0.10341956630687063 0.08468546139603446 0.057498144283630974 0.0960094340492414 0.036259094256968834 0.0888072149460195 0.00795340798423542 0.09080827543297698 0.06384138575345394 0.07516343284173542 0.05121436287923834 0.008957621226144019 0.046832941391293924 0.01783465834664451
61 0.06867836464734399 0.08470111426334405 0.09180016731603373 0.029108039782411006 0.09967905292788012 0.004778392021635993 0.04628125027293254 0.04516055403632243 0.0809032666821824 0.011653128120830653 0.05711144083854445 0.07480179580023086 0.02188363349346127 0.02828797537241761 0.01652772666201765 0.06856147107043188 0.04536392639117673 0.05256145318311228 0.007061198571141582 0.06509604854654845
62 0.061530182977948836 0.09165553737548089 0.07177869044642847 0.059180168669396994 0.0706769166207059 0.08480796303593069 0.018012258778638646 0.05995494582057173 0.07283888012723973 0.03139204868662016 0.00010250810317556117 0.011243935612372333 0.00516224990017808 0.0341954379668353 0.09307070724856087 0.058874992581895526 0.008251264186260425 0.03737088116226985 0.09150390253372061 0.038396528165769425
63 0.0648239496845241 0.06036132787932621 0.06602566226331189 0.013904959432785313 0.013348153484052667 0.022451768188336867 0.05427641423295745 0.06715741577847814 0.05412017850383199 0.0411848017959636 0.0431899145289897 0.05980524834922527 0.07401693289130414 0.0279704448970995 0.07167170826058185 0.07010904802128191 0.030001370851826584 0.011342063245133883 0.07230860084610827 0.08193003686488065
64 0.008879743379045053 0.013225641488704771 0.06200447201134221 0.040453923685324564 0.06157591175548081 0.011258640772956631 0.08867261155349626 0.050237134475715726 0.08147177532728624 0.035149659289394064 0.04929234644199292 0.02482524461553623 0.0786994982297074 0.01830647603972438 0.08485581410394806 0.06084869777815627 0.04676983054294477 0.08881896317858971 0.005079914385498378 0.08957370094515545
65 0.001944320127798264 0.07488864008576768 0.07939531836774542 0.06925401854459888 0.03748768475746806 0.007407446312542671 0.07848077133526869 0.019787545337441353 0.057260242802942535 0.04499086956970188 0.03161283496365354 0.06318782574644724 0.06151647714415934 0.04762402018120918 0.02705075002355774 0.0759578742210747 0.08455383508042483 0.027914782923626397 0.03182131902451843 0.07786342345005326
66 0.05204149527232061 0.025970359674887148 0.06395408299688282 0.021693673259829648 0.0663666051485142 0.04345706050357357 0.031048074382821086 0.07477426488169327 0.08686336900396306 0.06051678107133177 0.02590603854837845 0.031462710537076916 0.031160189341978378 0.07005781158181143 0.069897640750477 0.032114333656287256 0.08407462871664033 0.07031229190058565 0.008098359335535198 0.05023022943541221
67 0.05398633629390035 0.06268384573494729 0.06618699606483697 0.07768990041176285 0.05490432711549847 0.07588693273466407 0.00557086021520485 0.03501434171041068 0.03626918580565695 0.058809002914494854 0.006524283255298245 0.030264608634596814 0.0810922818752169 0.06437067169565237 0.026874129451654422 0.027185974076346785 0.08036942603525347 0.08494051035401064 0.0489599116274965 0.022416473993096576
68 0.03783116595468381 0.035501842570791746 0.036249564289227924 0.060522512681926086 0.006096480458713187 0.03048299847489756 0.0861382184470824 0.06651492109206757 0.05526793773543871 0.06568184436186937 0.07801946900197533 0.07520141022524666 0.06255824145503036 0.04956382183979545 0.029569464599847366 0.04157168168040954 0.07868449226885339 0.0674135640970476 0.010133004394646478 0.02699736437044951
69 0.02951653932188234 0.04321830453998687 0.06365939355021007 0.03305639278944486 0.061652843533551646 0.05952014896179009 0.033806059824265156 0.0760526970585029 0.09645139951253712 0.03080367276510216 0.02373332771507726 0.0011670319851808865 0.061622535227919814 0.0232392018468406 0.01401644576668692 0.001053217230080223 0.10122012418268853 0.0612118085274237 0.06944165611607343 0.11555719954475545
70 0.1267796127986895 0.11650782009297973 0.011400811543155665 0.042351682714275904 0.009803807372579106 0.07852353956727305 0.06292571277449348 0.0004637114847630823 0.0115410153517403 0.04901917584067415 0.06033847499926214 0.015252496926650193 0.016783601380955086 0.03224259633002258 0.02968772119926968 0.13244712327021754 0.03092607899959021 0.08893077063736687 0.0020924689526231055 0.08198177776341858
71 0.04645741408684404 0.06627745827189183 0.1090826210078761 0.060640749018570125 0.07334393200755021 0.04966409630315645 0.028125699471071353 0.004587051394998474 0.052434403045971675 0.07255963489926819 0.11150129633232693 0.060743847750056666 0.019255186611241846 0.06888283116534526 0.058189229102178684 0.00577413455876511 0.012027708696998011 0.08857452012041939 0.0026276972260753802 0.009250488929394242
72 0.06467503993908702 0.010485552047634888 0.07417215880221581 0.06578893458130201 0.076214564292538 0.057633753451855056 0.02627000344734129 0.05466510359419736 0.007401640204297748 0.07850327104260985 0.07496659972965582 0.0557063633798728 0.0628702218298556 0.037648095194954004 0.07863026058258989 0.01535194655437135 0.08023933530834618 0.0012403982519151632 0.007012527516803559 0.07052423024855659
73 0.06216337573163964 0.010211808539903134 0.04619374763212248 0.06557652138304129 0.04907435580764084 0.06821452707305004 0.06960667790539447 0.06243229727147827 0.056826263530995284 0.022768028775736388 0.05558842207629807 0.07324174297782542 0.06316404454287966 0.039167819333644695 0.06609028079146911 0.06270396668453194 0.009945180908335892 0.032827193239961236 0.05517202433822074 0.029031721455831393
74 0.034767305958369236 0.047131392466135305 0.09243276760714046 0.05630026514657045 0.07365046963518364 0.05786229263528739 0.08423244591978656 0.034213374353790335 0.01689923007955085 0.09001635538230547 0.026301607996911523 0.04088327757282915 0.033360530314241965 0.031814900728231746 0.025934450964772468 0.0310267502361494 0.026412185383065827 0.07731661273529768 0.051242223007986046 0.06820156187639458
75 0.0481897068024173 0.02080341042876811 0.07015136097599596 0.08443918150696422 0.02129443372460788 0.028849501861457762 0.08367638475238083 0.026053404871200062 0.04112225723304632 0.06675323194483267 0.020481944841081994 0.07206133759859983 0.017284259491685355 0.0943553762962037 0.09825439230573685 0.03360650081021826 0.12188443421757222 0.012056414980711168 0.003337322946447196 0.035345142410072264
76 0.06974038586224797 0.038182218923867216 0.04567556522327238 0.06768825303526789 0.03664467196119904 0.04872406345090999 0.02521530490104297 0.11557042856098214 0.013971025415925327 0.10378732691180534 0.0690935549544401 0.021415566893839152 0.08038225536137675 0.04581882080655163 0.030192176582957874 0.012255481666904076 0.0061198045308453455 0.05615131842325522 0.09735288357967942 0.0160188929536301
77 0.03820752801217697 0.06527485442735025 0.002960683467854328 0.011518731632444271 0.06938543368554045 0.029273361735861994 0.04538240230269318 0.021186751097479004 0.05889546761612346 0.05353605482994218 0.012308248547087538 0.035707877963061775 0.020671954296680006 0.08901648122490342 0.0698977733386626 0.0864018595518192 0.09071857052281566 0.07113754563358489 0.0983530978794821 0.03016532223443668
78 0.024530682110172623 0.026855130711148215 0.09566041557790608 0.016643022696671443 0.06730899079092043 0.07069301570217601 0.004416132089770043 0.04482882597810423 0.08672779752054403 0.08881341988559008 0.004168062240770245 0.003445638341522521 0.017202520444783972 0.08792967788513711 0.0939792621062108 0.08690889473776386 0.033579967103198716 0.08012526939116565 0.0035191092748263343 0.06266416541161757
79 0.04272995336076918 0.018905554561911956 0.002087868854806406 0.003443695995715275 0.08110523310792561 0.07237282085778032 0.08670516550286203 0.08860652769510746 0.00039646858834960403 0.06580935112480145 0.07069350401745286 0.025963515933397133 0.030359644180385455 0.0807994389211565 0.03201205233425138 0.02405980860913828 0.0737347319032432 0.056554902702011633 0.05688298419682642 0.08677677755210786
80 0.04685706845670955 0.06375833425232819 0.0007985591538548754 0.08541638978362129 0.06706683106859128 0.08021418783136393 0.051988346238354424 0.010603883768657474 0.08439032163222976 0.05423229610704244 0.07790351664139895 0.030348565880916046 0.07200466607385721 0.0034751424501233328 0.08413439475162722 0.030922055410590794 0.0354996206494028 0.07725075340298428 0.001322389867548082 0.04181267657879831
81 0.04788321797575534 0.10302467645686586 0.0866866027432991 0.009409330789381465 0.09163161916745124 0.0654323728302123 0.0010703445796306605 0.02872710829204041 0.023416075295472696 0.0060820030787277915 0.051366598772375024 0.017117473621807478 0.027935788251554544 0.0386327552097905 0.04019123290073148 0.05755404344087305 0.09884503494230253 0.1058778068655736 0.029200554160427123 0.06991536062572776
82 0.053236814559605064 0.024875046944093017 0.09383694343899668 0.04072821373081514 0.05176109600780304 0.041854666384493505 0.03470246899765217 0.0174038061705136 0.04829716962168992 0.040588998397330316 0.05411964009454566 0.05315727608038806 0.03445739441498466 0.0007508562614161115 0.009423065953919526 0.09723626070855285 0.10063354591881393 0.03324101540110774 0.07279381317639294 0.09690190773688603
83 0.09009022359772978 0.0046940339182409445 0.011445581883750269 0.03205556530573454 0.011420993382443227 0.0680459802208944 0.06648208871644345 0.0381415890859289 0.07904965008861298 0.09225386372120062 0.03210578314647627 0.03220618665241476 0.013722386926283718 0.035178303761600485 0.07962317848579915 0.0725367180889076 0.09392959489426358 0.06312057243994103 0.06967151762728276 0.014226188056051461
84 0.08526366914175325 0.005702863856079654 0.03279139904825776 0.05258371063413779 0.08962222161589734 0.05574788944581131 0.10122741548042617 0.043663516076258055 0.0804219599342646 0.05202818013007075 0.021066359801060253 0.01786583512204182 0.009788172866609202 0.059432113637096294 0.03167494279840935 0.038804909690745244 0.0036001136990303937 0.0699839605702948 0.08150864611916628 0.06722212033258966
85 0.09860934107485025 0.017232916551707753 0.08247833649645937 0.008091939501673343 0.07119240323923061 0.0033295101118385813 0.0987673114759663 0.044180248458381095 0.06985327888386321 0.022385630766834926 0.03470923232787151 0.04773611929152332 0.025538102170431207 0.10704122035316026 0.08355569097904972 0.02124498652737736 0.013019447653664777 0.10312310908554692 0.0031219937347916863 0.044789181315777526
86 0.10311470191912371 0.08822255466808579 0.014101792656831957 0.09191640141390221 0.005692701609892889 0.07113653870633521 0.09551002162311407 0.046933711694059445 0.02276157331191795 0.024757967333123968 0.10278694166699452 0.021965684298954447 0.0803151834847907 0.04406196055368681 0.03485597662920603 0.022276747655472835 0.009952426556502898 0.0026515867638848777 0.07245328318303076 0.04453224427108894
87 0.043816566976742695 0.041738493503519075 0.08611945408669362 0.08718332497764529 0.06891750954156702 0.0034612207075312377 0.06302601165000112 0.0061586210757141 0.02505541983857807 0.03257470165782511 0.08426736974823718 0.07977115734038108 0.0177243892377406 0.07301510147544288 0.009931365588494214 0.0070310078937302085 0.058918035478421865 0.09493092985704588 0.04406285906034626 0.07229646030434252
88 0.02914686247661809 0.02037170299170864 0.09437036872761168 0.0012370691921278478 0.04780008733012808 0.05340405354952732 0.06827888919263064 0.010899360385563954 0.04774452731950152 0.06561991726788811 0.01750043511347261 0.06515125286096234 0.07377312271798371 0.08626655122043708 0.07791727674461398 0.08735774526147809 0.07572589161067152 0.06737021551679791 0.0071120797526538935 0.002952590767623071
89 0.07552515673924991 0.0734418028992208 0.09732062510256966 0.05638539977069238 0.06931461602662237 0.03095757896746712 0.06305256333472221 0.026308573047060472 0.10001245460192666 0.08428107030828019 0.0004931736295488339 0.058037279673405266 0.043140162464795496 0.00098343887698512 0.06417887273249173 0.05716688901647922 0.0029287045242200166 0.05668390651978852 0.028935147216963195 0.010852584547511049
90 0.03760260819708654 0.029529663995862838 0.08124445298940043 0.04774381498153729 0.05980122670402251 0.054814140122034186 0.05040054807401936 0.08639984769912541 0.074819731847766 0.07430835500283722 0.02919191084042419 0.05616779093139826 0.057239815763862306 0.0770101019269553 0.010191755380902518 0.016058730115901705 0.037430535766877604 0.016761539990004914 0.06366832898693169 0.03961510068304979
91 0.044420071955019944 0.026838124479524928 0.07896604400354575 0.06964203324483494 0.07158942314140279 0.00865277884860302 0.0527564254225458 0.046447034090234825 0.08634251528763677 0.09460896439629521 0.0020391960929379256 0.043147269224528766 0.007879838650997801 0.053411934001394726 0.00861883476625812 0.05936481912659354 0.06720889223377052 0.0637392915174491 0.05801770938027879 0.05630880013614658
92 0.0553590907433649 0.05359148629588026 0.03548283467216977 0.03265582939609953 0.0456372397516515 0.024227810219352674 0.005413877024937956 0.04916272326186869 0.0008013739552261531 0.07381825336954466 0.059806209334165576 0.061845340424782264 0.04907104375106497 0.020787927932014855 0.07921504012344434 0.035367951679829826 0.10984472694794956 0.03328253123526507 0.08295130948096675 0.09167740040042073
93 0.022782735504176057 0.03986775264507503 0.06355540469998495 0.023574762977516397 0.021552860936697307 0.07699981630030485 0.09486577589909265 0.017061910038365425 0.00034204024863645187 0.03905768994009492 0.10746972785917304 0.011744043675832743 0.0007733589144413639 0.05632840196322499 0.08350508480821044 0.052883369922452954 0.08916560667534362 0.09584325336582772 0.09117148404163583 0.011454919583913276
94 0.05784737930565757 0.08676489761546906 0.00894193053485477 0.02708268462408052 0.044955312932962524 0.04876254667954236 0.06374931414607549 0.035315357795993985 0.09133465806800438 0.005946742881619337 0.0698714479577539 0.02439487489216935 0.029378318253527443 0.08936978598041663 0.07193527533039062 0.07519979778016463 0.04831240997848669 0.028038966652102204 0.001852807423744307 0.09094549116698404
95 0.011392447494598725 0.07850160314377878 0.08625691076857142 0.04133479710217989 0.021742988389459542 0.0245048076879098 0.06816789638250438 0.08710750012570509 0.038145870768097744 0.02899332929317286 0.07004895309894348 0.021612615583490768 0.04235371841445407 0.08781006624494941 0.03147234681370976 0.08146918679315676 0.07491067587817374 0.08205372091010689 0.0076405127888767264 0.014480052318160215
96 0.08778024695429285 0.07757725622675728 0.0028969796992900526 0.06665244590953294 0.0017990002509123432 0.010779883857708814 0.06994476484854066 0.03157741356436614 0.050736338178183134 0.06059696842597753 0.06945081025951926 0.03503724891638586 0.08595230572363972 0.0574277918337748 0.05439469774435796 0.02854673712929222 0.025038259438168627 0.03586349512271224 0.06523373739850448 0.08271361851808295
