0 0.0035624554932979034 0.009149821504211366 0.04466698183911292 0.04236629554642035 0.10538077016581457 0.034292036478275896 0.05211376801660432 0.059142467902128855 0.028380609518327448 0.08004525814827712 0.12059015179349118 0.0004651727936821121 0.08321457926824426 0.008596843442969621 0.017335918821084585 0.08863245948450454 0.043138983671664605 0.08111249055358576 0.009348637669664742 0.08846429788863784
1 0.021740331447871138 0.09993041935124262 0.09641528225799954 0.004739917614368601 0.03468663110476379 0.05449054333106851 0.08070991971972748 0.0015371484028205227 0.015254285182559363 0.08965678711411046 0.010024625543492437 0.09245877940373436 0.06561308111570788 0.019822346272135888 0.020646168402730446 0.054638890541090904 0.10975410348334755 0.03848099585615361 0.07516010407397863 0.014239639781096023
2 0.0018166390416304978 0.09312037118329386 0.0506367151727829 0.01609538125539161 0.02312385094621895 0.011051746448762938 0.07888536447634631 0.031431480239162715 0.08418028382791111 0.04756244214993741 0.07416756336849041 0.038359124141654766 0.012941636357806267 0.05786416478489423 0.057342059413664055 0.09903935352054798 0.037447460233549675 0.04812644169944995 0.026611070085331503 0.11019685165317296
3 0.020466392326908108 0.059493466415069265 0.0390785679776199 0.05109464323686387 0.0015580902622398189 0.029377715368186858 0.06868421568683203 0.060064019575429006 0.08169748619490176 0.0836172451903188 0.002074979962500369 0.06888249587400605 0.05340323610100985 0.07414701989804406 0.08348696229937722 0.04569898578870509 0.031189906496428645 0.044259802164557105 0.06913527717117442 0.03258949200982771
4 0.0625653411443985 0.002855191398054464 0.07234341880081827 0.0009077704744067813 0.07741773456052832 0.05853606077930979 0.11190569720330831 0.0012190404736065448 0.11857048247483608 0.03409704120941648 0.009267183174243925 0.003147567142268641 0.004969975286198083 0.08430020155026806 0.029628345251989065 0.04340052624280958 0.04349242384674168 0.0833793197552346 0.06941736299828036 0.08857931623328262
5 0.029799199883347886 0.04810724042492012 0.08136586707078951 0.032831886446106656 0.012069081264398145 0.09036161714465181 0.03637483082763589 0.09235603983726971 0.027643856862115717 0.029347989476050388 0.028252591876757018 0.04103258663471487 0.046891934078026956 0.017101341836081446 0.12322059463701343 0.06445501318367418 0.03699508314892542 0.040045461067362384 0.07768903379206527 0.04405875050809318
6 0.011413315351297143 0.05953385342117909 0.06481586102110176 0.043265216180785555 0.014508003008972049 0.0796553880011493 0.05894710231315008 0.01539814003880187 0.025875303606025253 0.005461084971677252 0.06573110326809346 0.05569563719377527 0.050793092504001915 0.08071883831705773 0.030626967002914285 0.07253425617172318 0.08164486251030424 0.08246620542747428 0.03830152248423348 0.06261424720628285
7 0.05452912707428446 0.09931992470315118 0.09286366518079216 0.04857898694283613 0.007887232262440877 0.002170193135149355 0.09897083963381649 0.04901098119959525 0.01543754702699471 0.10647895510189131 0.009058241969845254 0.07654819876488023 0.05952926583217791 0.01625616963885791 0.10773011905711354 0.013074666796209687 0.025625344069308113 0.01842589973401357 0.08069588274336133 0.01780875913328051
8 0.022232386041818715 0.030593256393619324 0.032820166221471006 0.0811353568125547 0.07974393474082474 0.06471578017952728 0.024180389440375222 0.0041956256510976625 0.08680034904608322 0.024024736016762565 0.09153446178340442 0.05388063771993017 0.07353089530288753 0.0396058682065138 0.03451155954622502 0.04444583445633064 0.03897883232621733 0.029645479832987376 0.05502251739998023 0.08840193288138921
9 0.057811397377943045 0.061768487624481415 0.08541474716246714 0.024855968927028755 0.06776996108359164 0.03270073107653059 0.08785990649887618 0.08215724539661849 0.07486567115762867 0.06910472293760582 0.046119239769330925 0.042619328364109144 0.04539725555770383 0.042444633093199055 0.022455638042763938 0.012140526535680147 0.01168323389590962 0.004903215099728377 0.05686965338556409 0.071058437013239
10 0.04198521261108829 0.06842085047835789 0.05480709483788171 0.10065255768259052 0.07979479346566704 0.05126134370204151 0.058535860564323854 0.10194706340816163 0.030456052754155662 0.011438736267560918 0.019902744134402954 0.02807138151117605 0.02758703715961007 0.0009745663077010476 0.05240951841917721 0.09350229104602402 0.025121712365956103 0.017658562594414468 0.09847610257541925 0.03699651811428996
11 0.003988605852693863 0.0820308705749154 0.05116567903871987 0.03911868931560713 0.044049213636844026 0.04605615145102918 0.019584361450849894 0.0630991984783452 0.05993704093866072 0.05934590936630931 0.056004826705821735 0.03311457515989101 0.039060415925101226 0.06345454152960811 0.07602731162509556 0.047547691787382315 0.05448453099980787 0.02547636204841904 0.07717876179004635 0.05927526232485212
12 0.07347850411205463 0.021920447799596853 0.0732895745350722 0.019863037517119302 0.027355366305554754 0.0015403596434222378 0.08284358783181751 0.03893076312251815 0.08362149244315538 0.03719370052928417 0.03951080329944299 0.02852883718689624 0.038035131539908486 0.061953953766980895 0.08646924071125552 0.050870802083748154 0.059706337309976175 0.048317788586578515 0.07958338332124477 0.046986888354372924
13 0.07628336425650906 0.06411767854713332 0.06593511314127438 0.08274916741761858 0.005516825457264374 0.08473842486985048 0.08563830494949108 0.03197429794660796 0.06554146450661777 0.05106472527006653 0.09213618415351636 0.055921371064943236 0.00236705551496951 0.04079269064712315 0.032591113977577205 0.09288902746915377 0.036408084728544926 0.0015840794959287691 0.005059388305383251 0.026691638280426297
14 0.002918816777551931 0.09180111031625038 0.031684424108939506 0.11791007043110256 0.11419317276079183 0.0508113283432574 0.0505025303763689 0.01416283353490379 0.01126056942209867 0.006851740614400386 0.05505990597219413 0.045455336565304455 0.05918503571527141 0.013677613348982208 0.045431876482195044 0.00013052383663698193 0.001983067175354425 0.044826335042939154 0.10853900188173421 0.1336147072937226
15 0.015897332866558502 0.02192464560652933 0.018946615099828333 0.017609744953369137 0.04874444269232166 0.011870047336096057 0.08961345288208375 0.028214382297031885 0.09119758048845378 0.08538288340315023 0.08265429996002506 0.06576919922931286 0.030541762841500526 0.06865317288643376 0.07793394172862451 0.009638159807930344 0.03745689045733383 0.06737436147281384 0.08458327775864867 0.04599380623195393
16 0.07483331798112841 0.04055301835476011 0.0882386235702311 0.05012894626576481 0.011337266404376049 0.08743176363031499 0.008762185387259034 0.05254759063654827 0.0031562810113643512 0.017649120123407268 0.05542663658139382 0.07177434968560392 0.02458647113143951 0.0863434309696806 0.03536257609603645 0.02369083049962152 0.08249415058449401 0.07087789283892595 0.04145923216273853 0.07334631608491138
17 0.016596761121100763 0.07027819335100265 0.04453464093954256 0.037469603919916654 0.0768976974441754 0.07244279448990296 0.03562156498629999 0.037179685098781376 0.05458181905250066 0.050216508535474845 0.07379096335268873 0.056397895971214036 0.03692776519861574 0.06432453883173675 0.0882581871757723 0.006478377545809076 0.020110519234160386 0.08392405479458796 0.026470090010535362 0.04749833894618191
18 0.08512570085504469 0.03758516573944276 0.07579012193756052 0.10729580941419274 0.06651411830423562 0.06079959380010381 0.018702754158270846 0.013657853016113173 0.055368960499698965 0.042458562333158346 0.031552109454136855 0.07910984603834079 0.06267460221081338 0.02916279803546068 0.01908303041072183 0.05083256339366594 0.000860585297126859 0.021665191931331103 0.053731561999234644 0.08802907117134663
19 0.10345967797413433 0.034068496758312895 0.08678234874236385 0.06869829922253719 0.08286912030382937 0.03166835074186905 0.006391723558637854 0.046694555992521265 0.027240291542639614 0.016933150704896958 0.04466534246263255 0.02047256567969394 0.00211721067822671 0.03042462079747259 0.08822530975853954 0.030710939758580923 0.04654893512024771 0.06975473848006938 0.06836863762285597 0.09390568409993844
20 0.1035602406153383 0.0040919115258836155 0.03999935230304292 0.03984411301522258 0.030794669774778457 0.008783803714565337 0.03970412435988719 0.034425824138476696 0.0667295958313587 0.1067810622578069 0.09131643932025565 0.049258541782547564 0.008738387351274508 0.0011110685475597612 0.026707207823231074 0.08218190937802897 0.062351479323757134 0.033027215452362764 0.11034630350651597 0.06024674997810595
21 0.002768142607551802 0.007902665029426008 0.056315339982457774 0.07068915143423835 0.05766662898897915 0.08251627293182408 0.03501784978293867 0.031078418324778628 0.029143993092259398 0.055722277884693874 0.008305929954261484 0.04899062722827409 0.0762908413592502 0.026271365655055848 0.08904914628960398 0.08826932249966332 0.0808019517348758 0.05261950565231176 0.0022092741303080077 0.09837129543724775
22 0.057144401059756 0.004558024618577995 0.016393127558640516 0.026464300020320096 0.0441289679682038 0.10255828091917653 0.011958487754611342 0.06729555773539414 0.10582222216757096 0.1106788889679315 0.00924763895015816 0.01634620823425283 0.06519533231601789 0.027267575947061376 0.12826381420052843 0.0018894279471057597 0.010622920278769942 0.09538501324437443 0.056652599268988274 0.04212721084256
23 0.022629795082728943 0.013832398618664404 0.056231220345874605 0.08439537248832794 0.09043683093680462 0.0951003521464864 0.06436344563045936 0.010388815922293413 0.025592194539894832 0.09334332773301962 0.012741880514579166 0.04613049957446917 0.08940000998427398 0.05101978812309066 0.04888378217387899 0.0076325981308137504 0.033560759823492395 0.0023703944356278936 0.06196770570012027 0.08997882809509948
24 0.0578798957818164 0.05781986915803515 0.0567475676757214 0.0677709747496088 0.0347844883333383 0.08036516540587929 0.0013042926805786718 0.06386576956090119 0.00978374264326759 0.04234225991983137 0.052410260464936916 0.05315506515157602 0.030529630982508892 0.06576128560024422 0.06977923110063933 0.07392366373581424 0.08331671172481299 0.05895063651591753 0.03168962861978268 0.00781986019478888
25 0.07686688094016889 0.07795647105855573 0.011598350663866157 0.07654368191397788 0.010414791823665875 0.08285171998194113 0.0778233165915021 0.08585290003646633 0.006581646072746518 0.07652730520101766 0.057804704658188905 0.05339086732502172 0.09737886674605922 0.02873282039127547 0.0051292710878290924 0.04060495461681985 0.0930517352502435 0.019611418288567974 0.014472017778898895 0.00680627957318694
26 0.08453669292090882 0.020096302483693772 0.05295290122325877 0.044127811433002734 0.04497184023270285 0.08463339637085907 0.054535335296816444 0.02846141687612235 0.05589297799282973 0.010967718067993973 0.06276880476038513 0.012320813577376235 0.09466666285221909 0.08319973510923956 0.06533848316946343 0.034667803163570904 0.002048976648821555 0.029166042260138574 0.0745067501699137 0.06013953539068334
27 0.03892529908584725 0.02012958102441664 0.03946853626772456 0.021177341339974853 0.09340275848413203 0.012027211924416192 0.0773717902643644 0.06908006549941886 0.039733247643511056 0.06017285217698412 0.06349451815756448 0.022189418709612014 0.013498928918392475 0.0686786020028747 0.09933995792150549 0.0696249320611101 0.07244880401015975 0.040966162872486264 0.06937899981462421 0.008890991820880528
28 0.06669154507146831 0.08094196480451124 0.08012356196349595 0.07234777435758562 0.02170554384436583 0.05969496919711124 0.0007834898159771643 0.046873506844968875 0.04359858082442689 0.07390052483499639 0.06871289407125493 0.03236008131236057 0.07125491245239125 0.0315837495565572 0.03899439248188326 0.0198763859576087 0.07847910501111549 0.04398002665348642 0.013142681225165641 0.054954309719269054
29 0.029344429131126757 0.03477330284364634 0.07952256770816851 0.05643460096794523 0.09917848963661037 0.006951245156629675 0.0679969648075736 0.014039500638915889 0.007250658314157727 0.026591550035017036 0.032048587057609546 0.032895652710279395 0.07264048382714326 0.0643972315350845 0.06737569628219026 0.10386810523557068 0.004544564478156218 0.06801487727943448 0.03399667007333649 0.09813482228140404
30 0.014411141227356202 0.11696573131501913 0.08727756749785312 0.03250129755926242 0.07540156284655616 0.020915225596413234 0.10556150030676188 0.04720468705969709 0.024896649996079285 0.05398309467239707 0.043158765007949344 0.07276463083297624 0.013281823288055983 0.03168523485394945 0.025957494000206714 0.10943258057023089 0.011602298897435035 0.019710484689543128 0.07990881976645234 0.013379410015805303
31 0.11836121203444107 0.02782410511012023 0.11691811059224642 0.053940528913390254 0.10863557125223489 0.05265023869420691 0.027726808851863297 0.0689234906384316 0.015772667898116825 0.10261761503087105 0.041589672787084 0.06366319280146372 0.004803310377684194 0.035549108638779074 0.005203747913478936 0.008295521571563392 0.07614693024653356 0.04872002647387642 0.019308097925239485 0.0033500422483744496
32 0.07242010357180352 0.05951646336822358 0.036333101902801354 0.06804236373345694 0.03950834061108094 0.04652360067911754 0.004636133613991688 0.07898639271724109 0.0775547759696162 0.07505123528244155 0.016089955117979473 0.07756322662457596 0.09599716812627995 0.07886931380842176 0.01047147231312145 0.013022263167774875 0.05865283806857546 0.021593097417362775 0.01131067620804572 0.057857477698088
33 0.055080756899021234 0.03947346373364941 0.06594580707114656 0.0833771741060829 0.06252313454975146 0.07781796293486803 0.02898080833681717 0.0406195133657485 0.008566198564025441 0.04294690498614273 0.018299870006729276 0.05763171422055493 0.013997970512376454 0.004859082218195951 0.08731707218510218 0.06639855691175829 0.08199358231085187 0.05085328143538057 0.09347061990079984 0.01984652575099728
34 0.04412147850488469 0.08229055384469447 0.07834089427701764 0.07045788607148937 0.05587797879676869 0.05269327634384729 0.06049926803284217 0.08704739747707153 0.03332120497130048 0.05756631510896471 0.03194274733159017 0.0788932786267862 0.013002294551096681 0.007474333996784556 0.009029371686377402 0.06868886279270554 0.046777691058400225 0.007159820949921469 0.05573382326848743 0.05908152230896915
35 0.034984543892383875 0.052282951377367284 0.07427346867723923 0.07659318792192171 0.06236579146469318 0.018567467820308957 0.06149176251723452 0.041356043263625165 0.01933472814634454 0.06999375171727197 0.06069162299369732 0.03657874246409525 0.001995052604732424 0.08352075178950831 0.05560853797457442 0.08063028739598106 0.06180679198895432 0.02546954048618864 0.0022716346399054804 0.08018334086397236
36 0.08484010134962731 0.02048691320802672 0.05945446307504759 0.050082028230773526 0.04539001213872821 0.022763980809789246 0.03330292355540824 0.041538280385737564 0.0072983446181761735 0.09071477536535413 0.05912479400309735 0.04181956904406401 0.00499433654002244 0.05144390590116866 0.08334300482868498 0.0894771173419755 0.006154693115671896 0.09201667371431282 0.08126370286672849 0.034490379907605284
37 0.0828446431484415 0.04306637203126701 0.07837667153314705 0.03702550128878725 0.06038006739309326 0.0014925020678892803 0.0739576342021697 0.06573769785631581 0.0398403183682601 0.0020714811182188948 0.02836273628646517 0.06779883394372681 0.00027626506406651537 0.06922413484636836 0.06542561043259428 0.07901223143336389 0.06643029289245445 0.05508685325885036 0.06693444778504505 0.016655705049475295
38 0.06398164275356875 0.074428506749253 0.003754098119563079 0.08122115576302763 0.04863282831075261 0.05328442914083628 0.006390084357352396 0.026713384004418608 0.05407005779324105 0.05220507868784019 0.005962378997801754 0.05387237054739851 0.07398889248535542 0.07331111327442112 0.08065827719617041 0.0445626264606668 0.06104432114239707 0.0708549888318349 0.023801736464528423 0.047262028919572076
39 0.0074328451090794005 0.10791136245514808 0.06188937653012719 0.06082211203304036 0.02959862448502767 0.0416766180842704 0.06474224886630955 0.02830880608564179 0.06443624328621989 0.03113850773515243 0.030741019886949685 0.024623348596217953 0.07047072068273276 0.027884295936549248 0.012860024450785162 0.08008981227060506 0.0008429292482724609 0.08971464375546075 0.08231455361070718 0.08250190689170293
40 0.042765480549848335 0.019750171464527125 0.006442633703048734 0.01585675677691651 0.0573715790079317 0.047328114215291595 0.10415945523614258 0.09172146190826032 0.01640366214805854 0.008109140427183546 0.04225979657093452 0.01779782380519833 0.08798344617647648 0.10030669947536353 0.10402625268001348 0.04572172834976122 0.09197398369221078 0.023475463004962473 0.03792167073265348 0.03862468007521666
41 0.007015769828040781 0.04610626386362399 0.05468620636987861 0.008391512589376503 0.040982836075694154 0.016473753731748506 0.1075197302847071 0.015718725192669206 0.10715827342939055 0.03391287849970025 0.09197777904598692 0.04842566560550823 0.050749025727266264 0.03972249443254437 0.08797972123217362 0.013688828051699707 0.03007827527264631 0.04356735560765087 0.10186042868082512 0.053984476478869
42 0.015009377295939486 0.044993775293257765 0.014503205375167794 0.055308097947119564 0.05698641410479633 0.06534031802622442 0.01493170170276266 0.028037973416707048 0.019529061120695447 0.0422508402428082 0.11485092330692923 0.03178671751277345 0.08877047895022375 0.015394101636150253 0.13827614088602438 0.061499988178817015 0.02255419255382602 0.07379721975556422 0.043326816279665274 0.05285265641454753
43 0.03775083731937103 0.01118745932410689 0.09833618338263143 0.0266996971210581 0.03183638763248817 0.036713271834536876 0.03662903064154948 0.029017470338969238 0.020183346810724513 0.10292420800485198 0.06302853220342185 0.033064858307093 0.09121608802415128 0.04379944908323438 0.04062980638626516 0.08433511674118757 0.0130862225609027 0.09693648577010144 0.009126112913014921 0.09349943560033995
44 0.019248886862130627 0.054078429958335617 0.081598847850062 0.021633157374412685 0.043322552006772874 0.07803190710295725 0.07945256667213245 0.04603228304144858 0.02664548914169254 0.07958941628910596 0.07363680891219115 0.0012079613728322738 0.04803330863126901 0.07962317838291726 0.050775597697344355 0.08517260685918364 0.011808917083559042 0.06658868551285128 0.00658463904924786 0.046934760199553456
45 0.058470961250980454 0.06551035453755054 0.00647313226907168 0.006744679921184631 0.02700883975319275 0.03409143633429198 0.06826526916034201 0.010479174966775535 0.04777333283556554 0.0707569848201402 0.06204027787926236 0.07675132702712005 0.07658654407057244 0.07042461398479034 0.03057943414034093 0.059381823865907145 0.06242557988339956 0.060056476909352195 0.03455791308645403 0.07162184330370557
46 0.021672473322842594 0.003978715938033758 0.05473028220741696 0.06424565583669462 0.07068098715941015 0.08695587878991484 0.04185481833936242 0.10743731940440557 0.09745889871104826 0.05142963627821708 0.045076168065550856 0.10692317962224573 0.015951069571553584 0.023442916683378265 0.030095979465418962 0.03194351885531179 0.009395489945352194 0.0402714965887108 0.013450370601299635 0.08300514461383195
47 0.05552999828276827 0.024981774174583485 0.00401684485881261 0.02060994069095468 0.06433180859102003 0.03348861915831662 0.026627188232041243 0.07556163864429312 0.025900114736525016 0.07555905992558139 0.04794444200241982 0.020917315484209168 0.0647947626188501 0.0888295178350231 0.07074175843744697 0.07903089334623835 0.01915113405481485 0.07849497304628675 0.050484533691772554 0.07300368218804168
48 0.02169372410954906 0.023605354468570913 0.06370725084631698 0.08969057979955207 0.05403852865721856 0.04600220395469813 0.07390996364191768 0.05694760209402818 0.014139729869089714 0.08277295661031042 0.049217430154006675 0.09041800600182005 0.007958326190437091 0.01569125609307302 0.06575481611757067 0.04952503988060808 0.05942313136691465 0.04265347669907407 0.011195179016003146 0.08165544442924066
49 0.024352354609043697 0.07352721110475806 0.05789970642754894 0.11870908323554034 0.029279511481341253 0.029055959613227288 0.001992597208509811 0.0847406232292241 0.058333097994122715 0.06878754099139359 0.03996456289939891 0.0086157076868318 0.004594032804654892 0.09801515319465195 0.022199154374614276 0.031191731581445777 0.03798877415576199 0.10900101622805708 0.07913189090495644 0.02262029027491711
50 0.02122097202178602 0.024625971016779453 0.011931015391443634 0.013669498364386743 0.08584952259163506 0.08702243509901897 0.03615873260591478 0.057276310297062503 0.09679144820850248 0.05470260546307118 0.028823686433459325 0.09357609684509882 0.06731086949594897 0.014899992460340924 0.018802809062755072 0.06278811774412969 0.08298849573382186 0.04754347377692907 0.012476439790739827 0.08154150759717574
51 0.05140989269281701 0.05553303987374257 0.02756799592221393 0.059326370881145875 0.02114858295435326 0.03414405345956691 0.009505668444892059 0.05768208309577241 0.0508103219546668 0.09293968377443454 0.09312196031175209 0.06538694841941722 0.07486661233658823 0.011858240617505017 0.012150317822412179 0.008869420072274087 0.04131941830927194 0.0921417264629523 0.05948714743202554 0.08073051516219627
52 0.05588485686594207 0.058548756822567445 0.09310455695511065 0.04047593825337243 0.05787466591101783 0.004921339711313497 0.07221985878891211 0.07581419366407131 0.011854061137962984 0.017142009404291263 0.06466447033355688 0.05845241420540243 0.09240232046336877 0.06412373719472861 0.015394702307011197 0.04405902400201597 0.03062250454935594 0.040886351849331835 0.03194665900130458 0.06960757857936221
53 0.0867032231927774 0.0993098695795222 0.04089666979012529 0.09796209147246569 0.053810152095688464 0.011905975665363696 0.08553235367408844 0.00581198203668864 0.0015612191733954555 0.0006583082448438451 0.045348048937312056 0.014610883825278441 0.06549420961958366 0.09543598689387031 0.09716950525716013 0.012018474166394212 0.0009767269883792574 0.03656367048921041 0.055059894723677984 0.09317075417417424
54 0.05281990339081227 0.08009628847781375 0.02472393483468652 0.032130413968491665 0.005340830840806579 0.04425442071760557 0.017262568478429188 0.01805072495162938 0.04388670399303467 0.05189918529167755 0.07772124056325792 0.09080767467610001 0.05386896658512217 0.029175901628297075 0.0848387730979426 0.03589903008809951 0.016123210188446542 0.07926259045793985 0.07012778234690507 0.09170985542290196
55 0.015128753855068513 0.07255483220389879 0.10166737174901114 0.05006104482402565 0.05617165896271372 0.07626781257211351 0.07847049733804164 0.04012404622501753 0.03517751199987182 0.07555254255511536 0.010805617182459887 0.04136408218030144 0.021385038682527124 0.028367192075263423 0.09185015498936827 0.04380856188259549 0.09552644108369945 0.0006625695285341517 0.008810050616649237 0.05624421949372401
56 0.026852028515928286 0.0468848037514344 0.009958991458569202 0.06405778915432658 0.07293303362980504 0.05548786685450834 0.02261340376702768 0.01613122996470481 0.08021832807410592 0.04002746064364473 0.07535399222235134 0.07581472979225182 0.06989925304849198 0.009941390123896799 0.049407448052306284 0.07336157302596309 0.00784679187856839 0.06241834976331118 0.0570536675459858 0.08373786873281844
57 0.02841231054658575 0.03256173518839431 0.009663408661366096 0.10329558051642616 0.026193591157487824 0.09959154833699815 0.026766884034449833 0.045731362231000904 0.013309013997658135 0.006686232555471341 0.02788157980736015 0.09312575205796375 0.08258115267938344 0.030904290647355212 0.07922940945233725 0.09886504809336519 0.04744333643738607 0.016469907049077602 0.03799917633998537 0.09328868020994749
58 0.0879527629155895 0.08895964097777184 0.0328209299938705 0.07217707194044477 0.04754427181947838 0.04787439369125937 0.027271904002447934 0.08993190472491328 0.03194633956356213 0.023244302881615497 0.018460230959916078 0.06916423373894906 0.02134380098966093 0.02985515875078062 0.07557339724986369 0.07881291066439268 0.046040057117498985 0.07357883631423305 0.021023004975569765 0.016424846728182226
59 0.027970570406396337 0.04645312423903942 0.11104279515702485 0.05572156931556361 0.09523013232712026 0.10350190045775531 0.02417439362271974 0.04780502596804269 0.08785153928428853 0.04460948588541203 0.0006524394945617908 0.01718630622869024 0.021137201589902836 0.0724751679079844 0.05588436410745571 0.10608174813341516 0.027381528475144877 0.007927959720957193 0.03748371330914057 0.009429034369384394
60 0.04775045764464628 0.01206462581802054 0.07235182699829018 0.06188239684231763 0.06928245938964865 0.04724849007082152 0.07557448064752885 0.07258462634027842 0.02606932758243881 0.06181365577845069 0.07611172078930972 0.04019558204979009 0.013118746380539682 0.04603697534075781 0.03411142523136758 0.029997392046514002 0.05326222725606606 0.04890935612738369 0.07043326867315909 0.04120095899267059
61 0.07861010000959406 0.056191149426722486 0.053090725339936945 0.010450170396976191 0.004289338922557912 0.0631628421767045 0.037630897594638994 0.10657621200786217 0.015657722674039504 0.030535197681778987 0.05853347557422421 0.02745444676596935 0.051053836784257595 0.10150364158852625 0.03558959414011703 0.012835471099666172 0.10216250663999552 0.09390795731918383 0.05718384922277618 0.0035808646344720335
62 0.05789866999208176 0.00876947895198546 0.06571476362404863 0.009410157452919335 0.060962838266987895 0.018065943254911964 0.0640303204760015 0.05406993761926742 0.08802742972870164 0.06082103212028999 0.0698845441812985 0.06134683948381165 0.03561672627441374 0.07623628987667387 0.031106429310695717 0.09441061998011488 0.010227486108194211 0.03910467923710803 0.00013036073867755878 0.09416545332181601
63 0.09567796913595279 0.06074932808840971 0.08154190763001183 0.07122628733406518 0.036228638845795566 0.049317607420559254 0.009083501369476298 0.05810181600771491 0.0024007628892679395 0.031159808272624698 0.0608043729506494 0.07086833213840629 0.02975526182439184 0.0697500500663471 0.05983453950668268 0.02223402050962174 0.08282769965464377 0.024510343354935862 0.015715878050216795 0.06821187495022635
64 0.08510716819322071 0.0710936287235085 0.1111245424932236 0.005452292173813512 0.040816091403657856 0.0971058452136516 0.09996275926671519 0.004636840902247891 0.006794093455847644 0.04247293795516857 0.03846196692393824 0.03287165232236847 0.012687842619735473 0.04088888131609579 0.06761382866818198 0.004732374839603044 0.06299908691689501 0.03768875233109024 0.11108407140997234 0.02640534287106441
65 0.06299251786725456 0.027875633004877495 0.05752105365309509 0.043059843340676016 0.012374020011970945 0.03979277273416827 0.04046374470012032 0.05509947846668374 0.037946549935027406 0.036251626865584294 0.10538434884989906 0.02922553222399822 0.05802688478006007 0.1075725130459205 0.0820149899368374 0.08782544637752701 0.05239951064994403 0.021210278012520324 0.03837944873830454 0.004583806805530706
66 0.02742414139916036 0.09610614178748896 0.09394187578413125 0.08492402837462883 0.0727083751494119 0.03695380365275969 0.030199665027529164 0.058664620653815835 0.08740496678518185 0.05315305206410321 0.0428800650351842 0.03797017515334521 0.03644495320319676 0.030187326248555905 0.012504502009522106 0.03906535256155777 0.031642101039018426 0.0077575801548012595 0.09930361136707343 0.020763662549533886
67 0.029522706696014735 0.066740021201235 0.05828540985799242 0.005887286717558737 0.033519552061791205 0.02812362584300851 0.0840651700172771 0.07657536440660224 0.07401759188027282 0.06815715881828771 0.04749895429465187 0.01562561191941424 0.07410337198657635 0.08970992079519574 0.0005877080279744032 0.050636787260788255 0.007150738947487483 0.0685843139034802 0.09252774111705886 0.028680964247332463
68 0.056623038848831374 0.0474897459234818 0.012164274636079032 0.01685655054851444 0.044817478790184995 0.03184250630088557 0.012256447978286174 0.025915371319715927 0.07993840650507986 0.07730836987573203 0.04935064236958231 0.094440572244184 0.06178530654358909 0.11826843546308699 0.03213748731968503 0.03183245925219017 0.0721228551868751 0.01057526265040295 0.03393678493713709 0.09033800330647603
69 0.073821159082011 0.009974030297791167 0.04363518603861959 0.04530666886502282 0.08212292176591822 0.015940743107161745 0.06846773771436752 0.022201413825396615 0.08839028188700475 0.08317780492015185 0.013754571281059015 0.06599484064520433 0.013245824107794558 0.08332239141185036 0.010843625164948589 0.03513135443173146 0.09701643654537503 0.08326408058887808 0.030565657768709675 0.03382327055100333
70 0.07790738660581205 0.06837101932295704 0.0365458090944719 0.06172375391569207 0.014375828383918559 0.037992292796491 0.08276168971716015 0.03501222171868965 0.04631926726241748 0.014792338465037668 0.06176573942895244 0.03144295975601367 0.052391435140052345 0.09168712460596676 0.0765746099324182 0.028220229859081295 0.05477427239126134 0.039363619824531765 0.05442970023443812 0.03354870154463635
71 0.08162291187310015 0.020171722877081168 0.08565407725604296 0.022105883138636196 0.056955085462377535 0.060195718019196306 0.06662642521018096 0.02546195510480249 0.03244273686165892 0.05276452903810976 0.015571723984475892 0.071496780770058 0.054908496741517876 0.07071153929945886 0.05113955405487424 0.050415395343848965 0.016615200459185873 0.07884745626197118 0.005448232727102515 0.08084457551632027
72 0.032869240288226666 0.06294152172536281 0.006794299653700855 0.031774999140736226 0.09214835253164957 0.008579053641554682 0.05975987679414096 0.04945260691965699 0.08802286879189006 0.03526088124448754 0.0852227621509214 0.04752290945514962 0.07709942025750344 0.07672372011924036 0.07092521623103663 0.010227089915402747 0.018937250528816806 0.03174164075656393 0.028133837031160788 0.08586245282279785
73 0.08682008500463795 0.03173504706825723 0.06444552881990147 0.06906559170680823 0.028648635954785954 0.004013466900278672 0.011028043099073155 0.07852897458876898 0.02583799903320814 0.04968727411521954 0.02987935606621686 0.04168201129638419 0.03228551958968239 0.0810339610771451 0.07280061591762792 0.0629353863029663 0.09147054067122559 0.03561260695880572 0.08389927888666425 0.01859007694234224
74 0.09120935026430967 0.04918876582012283 0.00390924213849665 0.08240458463529583 0.05411853454808133 0.0810651000822722 0.013657807151320103 0.056360936360908796 0.03289670375780009 0.08557100970110891 0.009529796718931633 0.05360533886292265 0.0476879667816252 0.07035656805144257 0.01126035660251423 0.0153722856462834 0.032437589650252105 0.07714161655799458 0.0431963764692015 0.08903007019911584
75 0.09735020242759214 0.018879087299902 0.029274509340668397 0.08816680646622935 0.06031032762995816 0.025607195835804817 0.02328643718626524 0.10169100128925045 0.10255516033709927 0.013888830087357674 0.09272606914888044 0.007811606970779655 0.03667183606322604 0.0969459073833033 0.039609822120329055 0.07331211717511166 0.041465327364302675 0.03134297783051614 0.010552837467294978 0.008551940576128592
76 0.03526058891876789 0.024619777033346533 0.11063868383882086 0.09501803361292413 0.06814555889014164 0.032829474318424756 0.030183768220898594 0.03685323374157903 0.06510081511382704 0.0380612059767842 0.051720058711035764 0.12024461733485096 0.027007907738707107 0.02669052640349835 0.02714136619031402 0.017064144996664175 0.043771905612287276 0.10110370901107277 0.04479888085906921 0.0037457434769857076
77 0.021751864053767164 0.08798337329052112 0.04820587565728968 0.08521454385629627 0.020565679122010495 0.08917738084191296 0.00923411582342677 0.023715628548005473 0.056431783521001505 0.0760685208277797 0.07116496348215402 0.03356159669397457 0.08467699064202909 0.02872007993044875 0.009824940555860119 0.07356955522620792 0.02629373035695076 0.0214569342816076 0.06269314870056589 0.0696892945881902
78 0.04954362091823162 0.019474445708528427 0.08037049534946986 0.052742176887193584 0.022711582204617095 0.03188045097895393 0.009232156157713887 0.0531621247733454 0.08258604333852149 0.08703056667059005 0.09229106809367602 0.07620104633971206 0.023594272869278017 0.034086936983718445 0.07013407078514564 0.05542161272102637 0.010058692463983323 0.018273470587387226 0.07346907200764112 0.057736094161266446
79 0.08299687520588866 0.07692266744132467 0.08738172664473591 0.036240165173710065 0.07214147011327515 0.013500659276397932 0.051238094768552636 0.03572409909756895 0.03201493175733541 0.038920495337884504 0.109009791520108 0.033577118589019274 0.011440046070753586 0.0665592486737742 0.014654157374702699 0.041113615284912926 0.0873369012519304 0.06327069298035717 0.042313594531238306 0.003643648906529212
80 0.07228990161859204 0.0742839574050195 0.042352933037613824 0.03266540318042067 0.06559312795778348 0.031207091880916412 0.06696734858962498 0.014238125706938222 0.0817485155298811 0.08141818552512389 0.019003715103444785 0.016250592067233324 0.07759815459445608 0.014608257222849669 0.015284317633734912 0.006779377266754511 0.0647838342704202 0.07577554002437678 0.05644349558488277 0.09070812579993273
81 0.06694815221298624 0.025214278925478235 0.0010930299894139836 0.07926005652893255 0.0024124938898278025 0.057969591299474474 0.043522226341311435 0.08809832303948963 0.010577552147777902 0.08622580254461329 0.09359184906571778 0.052178710322405654 0.03634394589538491 0.07630731552101272 0.043307858959863506 0.025633755344284286 0.0394914872046397 0.060248539647858375 0.07451386047026373 0.037061170649263994
82 0.02022161622288655 0.05248366784899219 0.022274812913625836 0.06378961055384966 0.0014092277004740294 0.06529316482931753 0.07279114270795302 0.04904411208418032 0.06639496886099513 0.06076129597078639 0.04775865840878601 0.04265540856718562 0.027187829360132997 0.07330043519831547 0.020495003490419935 0.07114950658504263 0.06566951127624222 0.0730640197337293 0.031823931896065284 0.07243207579101978
83 0.041559186043011696 0.04896279537738078 0.08884680509966693 0.03462072201100112 0.0026438813649789037 0.0824095075285192 0.03285309029238934 0.08665966639930735 0.04392959734383735 0.06892441295815156 0.007447404144195577 0.049563626411219364 0.046681428332860674 0.08927024499935177 0.017696962189481233 0.03594061324277632 0.09489160230196068 0.04729091458165367 0.044802649210046 0.03500489016821039
84 0.06216922484540244 0.050177653164238396 0.06177483547478834 0.0015992419963318752 0.07360294734935062 0.025143360293997462 0.07504512831856479 0.04142536806808515 0.019945083645284398 0.033563905826962316 0.004210590707566114 0.07865014846952782 0.029829915110652062 0.06927786806436918 0.03315467318501323 0.07655608326859793 0.0786140299189725 0.035414633289282196 0.07312075158221791 0.07672455742079518
85 0.05910951535782742 0.07039526331237343 0.09806887906110295 0.08737222050024461 0.0017479769875889933 0.07323109523163784 0.031145855656797852 0.03657844221264447 0.04753330458338572 0.09500390925769131 0.01938000945919459 0.06830529510061575 0.04228519988243906 0.003209930680402165 0.028075456136014507 0.01556526367599178 0.06335187749130929 0.0935421948500904 0.06159403827626631 0.004504272286381546
86 0.022544890952815935 0.06994489726685618 0.08965725550108718 0.07254198332804608 0.07031904127089542 0.0032522672388697 0.05751827891420875 0.08104037107875288 0.0034325933408829953 0.06387863200220985 0.03274535862611372 0.02695734259580938 0.06873879800397155 0.030818589161497958 0.07654883969948373 0.03254685746875862 0.0870308865477249 0.040633004103722364 0.06087680704575857 0.00897330585253425
87 0.03081213439138988 0.02220196477041909 0.04409140703910491 0.017328467494073338 0.05714038870889649 0.0825649751690265 0.03470026113175022 0.08475765475352118 0.001533003045155332 0.04138646989210408 0.035411134442571844 0.08983509527677837 0.09078866783251247 0.05128218227079948 0.09243536572180928 0.0727753497985971 0.011167730894768515 0.06472275467055642 0.008839751165793235 0.06622524153037225
88 0.08035258283806226 0.07503654118871249 0.0719336501325546 0.0323665476468276 0.05843955795010537 0.03619955748624482 0.016726501215344587 0.026741470148519225 0.04517174980214988 0.02437797813825898 0.06176838659268515 0.07072699806220722 0.07468476408924699 0.04286385179496511 0.06661429091951612 0.0015876893828601834 0.06239800106435457 0.08040027513471028 0.03659005080622537 0.035019555606449176
89 0.06914000927616352 0.060581435800770855 0.08606596648478054 0.06256872797245068 0.0632042632502955 0.07763840117002146 0.048821524138329166 0.0820691047119933 0.06823503420331467 0.0260637475123224 0.07624906665457064 0.07601451759501134 0.004182343126941401 0.0815872016805553 0.021252625540970255 0.011146326055267154 0.011581020419028743 0.0269448017421753 0.015087772630986082 0.03156611003405165
90 0.054572541121993536 0.050627662787751264 0.019221333445831906 0.09323065211169924 0.06809203320883549 0.0009094169673729489 0.008119977742086068 0.1009911657196362 0.09982729127731363 0.006427391848993884 0.005655264318251302 0.12830967265470916 0.03938709468153059 0.05366478584777098 0.002917396825982978 0.007816094086339933 0.027329449799046217 0.09989149485109555 0.03388122969748858 0.09912805100627034
91 0.044412006862815864 0.0061075771528854 0.060461225070310175 0.062400153935109795 0.04684512677013014 0.06821098049737445 0.004845508599585381 0.0517433485716564 0.05604566973489282 0.036298138364866166 0.08741420640870415 0.07835023227595515 0.08094885715342645 0.01705063078275472 0.060843412929612914 0.012908296447313963 0.09074322734804655 0.04355747532952749 0.04886235904507949 0.04195156671995261
92 0.06362863032732081 0.061633133685872435 0.033687681061545086 0.03945252691728175 0.08304896992971976 0.06238237879272116 0.01986277173537928 0.025155578057261044 0.07482928187045398 0.019826547568145485 0.07203836109799093 0.01400883646916616 0.08133683552947621 0.007092022673212089 0.08265060919789219 0.06287844899449348 0.010867594267481615 0.04226994638836304 0.0653768576428097 0.07797298779341369
93 0.034636077364166275 0.06677419957803156 0.09833941791282033 0.04763504916712118 0.08836634055894714 0.012588897059691167 0.012608603622307375 0.07488981544528886 0.050458135477438076 0.026905809597103845 0.048151169277262346 0.0878150693057293 0.04506201320312572 0.04972381466104376 0.023497772297157382 0.03600424071725464 0.07500536016896678 0.10055412857503405 0.01601668517761362 0.004967400833896528
94 0.008534792545942306 0.08009198477609011 0.07118408380719267 0.03705338656022558 0.037688220167118265 0.036075970606837635 0.0068536686189488265 0.06646486698877319 0.041575773812101514 0.0752329914830343 0.0692056412375257 0.010476063358790177 0.09024094634601357 0.05378829774166625 0.0790603447612301 0.02472301111788807 0.02802984773307229 0.004450177694217622 0.09388229124653663 0.08538763939679535
95 0.06188878121416434 0.016803630075114994 0.05334410335185391 0.070563144074388 0.062116773503111074 0.06550449156176098 0.04235254885513283 0.007944898617991083 0.09510515914200725 0.08988898692213433 0.05721885861837011 0.06499241282997294 0.036367316766459316 0.01848505180433501 0.08075314297996443 0.03753281527105151 0.024023165564750336 0.08543095823922003 0.027065329277365623 0.002618431330851989
96 0.058408275631688704 0.08536060806907045 0.028906917888892533 0.04576580751743216 0.05561991812218807 0.00837582628073519 0.08449249117825572 0.09901737318533713 0.04864060736842195 0.08590680770159442 0.028487754474744692 0.03418797105493875 0.050515363484133435 0.03454644379448823 0.02862478574478655 0.07653060897719989 0.05735923538877414 0.037006495680059856 0.03275495201296594 0.019491756444292473
