0 0.008206392984534693 0.08515803184173106 0.02761269952316737 0.07318749914295687 0.03718437854167662 0.035553642571799715 0.06337795140068656 0.06552575578895659 0.04315443297496179 0.08256984565798171 0.0702466854775924 0.0684404863803628 0.025204342234364983 0.007327077826253909 0.06833140482015984 0.04651680340644061 0.03685718295606745 0.044163371530512724 0.03863432095508721 0.07274769398470504
1 0.01200001372053821 0.0346993858491538 0.10425449683451946 0.11312956766549263 0.08441770203323938 0.10552845260105033 0.01666498837340316 0.07016199281284366 0.1119392797667604 0.042370224021198916 0.017599203016167003 0.004561652146234492 0.012563031430159936 0.00048795640473860125 0.05054221822501771 0.10004236637606607 0.017035839847865164 0.09519995582931447 0.003981325841397631 0.0028203472048392163
2 0.027244248066001578 0.07044767416109811 0.0628086199220064 0.025178565723312587 0.07853137806576067 0.04532093159627426 0.06436982770156233 0.05189168119888135 0.05856584959810536 0.030938252180184787 0.06404026206944131 0.031574758369703394 0.04302121402985605 0.016218699886593052 0.07152213175356094 0.07284922607369386 0.06543597984150468 0.02565570548963435 0.04661978425354126 0.047765210019283605
3 0.012559876050075644 0.0362627511936178 0.07445414991894429 0.0755537675996835 0.03140371466901766 0.03806335176272329 0.08622378736391609 0.08860237835454184 0.046418520963845473 0.0576608250538819 0.10382187702480768 0.02227596398598329 0.00473538891597649 0.0823170445275366 0.0174693271920349 0.04643446800445419 0.06440302653257554 0.04086660934490337 0.019204054461230503 0.05126911708024997
4 0.09485657286495101 0.020137228524391492 0.1175825821890903 0.05964858202924429 0.06846019051061736 0.0014688857951054742 0.015609415017438212 0.09748348519478472 0.03565269850052281 0.013959795563190781 0.0513332279738748 0.061963133324687544 0.09116902536644958 0.06498495386402146 0.051592630885510096 0.028561167222393994 0.03754088731012279 0.03178229378785148 0.049503363753210364 0.0067098803225414515
5 0.06623263168704684 0.05802785193762067 0.07757485531309188 0.07220418114147954 0.07812890504436043 0.03203977097783013 0.031812428112046626 0.03730934290050384 0.029833868931572437 0.07404471549769671 0.0730014562959313 0.03468487538904619 0.07087013435243096 0.024480408200279025 0.0480646471023654 0.028331650286446866 0.0055562931525895915 0.07710140594367272 0.07879219231781423 0.0019083854161744142
6 0.0225813647406781 0.06787969121422026 0.08177292841301378 0.07600720032123734 0.009558393791220025 0.01266736243834597 0.05085021305722926 0.049833420750990925 0.058568072660769424 0.08235835608603405 0.014216811382887601 0.05479132903700008 0.06850218811156769 0.05998140826236944 0.02675893385720196 0.05602339786516991 0.021766508070743477 0.04804783743702715 0.06717508129997043 0.0706595012023232
7 0.05584582234818142 0.07747952473209305 0.04935222626569891 0.0719340937325344 0.049814581857735525 0.010272380366906319 0.056736543736298176 0.013101126853363631 0.00010536096748652725 0.041136352628865516 0.017059987775849775 0.0819682050488914 0.07326169164146862 0.07744496667017246 0.08171204862007389 0.005070399102495917 0.047898669616126634 0.0487441866090078 0.07419411894326566 0.06686771248348455
8 0.04197274407583693 0.08406821163689372 0.038721822970234736 0.03440148740097836 0.06932140760694168 0.09018810347493537 0.0003783792649690127 0.02359167621668862 0.10073805372382276 0.09199371819324094 0.05252688241185924 0.07245269749830958 0.03519777715305855 0.00386408649395459 0.036066832202228116 0.09897102624844961 0.031023412888765894 0.0016646235910275171 0.017026358724931523 0.07583069822287308
9 0.07666816916275786 0.09856018640024312 0.11162915149954239 0.04295959992655931 0.030291855165498836 0.0003827160958232115 0.10037613012143021 0.06638393610762708 0.03942447566137286 0.03266130682567094 0.03685776010816023 0.020054388378666622 0.04896386958945717 0.037113382756012586 0.003023841059641453 0.11006148223649938 0.037985596307853815 0.05709635255882336 0.04337587953218911 0.006129920506170343
10 0.006928976400315646 0.033317112632341474 0.1153631021825885 0.06029091359507838 0.029682572686280582 0.07452329987924268 0.0074516460273638735 0.029711623720139316 0.021962263825849978 0.0386591241470304 0.08411724429868242 0.08812646466468275 0.05701189429763076 0.11560336249082817 0.04528794964315238 0.01007468131103941 0.060639470869952736 0.05596376838008037 0.037873424743786674 0.02741110420393354
11 0.08291019317976196 0.08869278294755462 0.037121938078097154 0.07838726897380417 0.05962632990979626 0.026006587767382308 0.014700992109963907 0.0404967221121919 0.08494855821316338 0.06101014261081339 0.022339795596521293 0.03177767685941241 0.07995776057742379 0.007963616529791391 0.05795974285224621 0.047413822325422635 0.023723176084475054 0.07296949839206601 0.027024843273492357 0.05496855160661986
12 0.015548739766163354 0.0176576319466695 0.049280898467982746 0.028391888488015632 0.06067631857941651 0.009904673275092712 0.0073652920991483075 0.07095690113334088 0.08135892089946792 0.04430699554718114 0.06675429335743749 0.08141789120385937 0.03548436637796566 0.07525053251075793 0.04840000722884286 0.04825655874577127 0.05649591655382044 0.06653550090904527 0.07193697174888482 0.06401970116113642
13 0.049852614318074806 0.03680117017816028 0.06695255226341817 0.017144309734425555 0.07398066741771386 0.07340297946699686 0.06019605688822488 0.043385471006838816 0.07165939728608547 0.06901229413573678 0.06420166151195447 0.048113478241463885 0.06752326517689125 0.06630252574769133 0.0334843152158521 0.017614502619753267 0.054309291322640674 0.015709103092550632 0.028093542754318506 0.0422608016212085
14 0.05834310258217141 0.03258364609764785 0.08506639620778654 0.003786709022831574 0.06995681899161488 0.015772499918487823 0.031757419136626774 0.06398724916373832 0.03286459501711371 0.0061944475711101015 0.09416549451362455 0.05994704572752256 0.06425054951394123 0.004672776719183591 0.06218431054243534 0.07146955948899257 0.03283197466078518 0.07928913273910076 0.030514797881515482 0.10036147450376966
15 0.012882702918033938 0.023758489728924387 0.012365901461871089 0.07019022737914604 0.030259589531368886 0.05819864569019085 0.06735397194730386 0.074389928445847 0.08030057192582109 0.06740127716321896 0.021181749749949418 0.0287935068367534 0.025246696116736644 0.08085850079951566 0.06975895073954266 0.046717584191688186 0.08577325603999025 0.004761945443721173 0.06962920713515547 0.07017729675522101
16 0.07585540192857539 0.0357433757578543 0.03929008531209563 0.06949051631241072 0.03199557668459589 0.021178544333830936 0.01103335916069379 0.03724731711155911 0.08227084561666635 0.10095131556597797 0.09865609269419627 0.0006547107283984748 0.04485175275522911 0.011370446955217174 0.08825116516070766 0.05447074214694714 0.030970951392364384 0.043990319114402904 0.035877473506867846 0.08585000776140901
17 0.036786777319853976 0.11385319397857016 0.03780955481290081 0.027117147977876125 0.09666227766760534 0.007244111668441593 0.1041894086354439 0.08591492438632001 0.03485309867315281 0.07977430466179135 0.04625051692636275 0.02291135396379317 0.06303728189405343 0.02452930775144222 0.09506287522716009 0.003563131448220268 0.028894059838932434 0.010717170517997216 0.05453167082650797 0.026297831823574057
18 0.047438272055371135 0.0009066206573947468 0.05844406369851343 0.08904487195950928 0.023177617843585897 0.029397283684109262 0.0810840908239997 0.022192529102600358 0.051921707443848567 0.041781824157530546 0.030178881401597715 0.08049517410520693 0.058926614882212944 0.04409787768333399 0.04893619375288994 0.03772902269719219 0.007676643398562914 0.055931420979172496 0.09265186663782876 0.0979874230355392
19 0.021083135710081448 0.07740256787883758 0.00980437336859549 0.03968433982903505 0.0879224446846212 0.031048306032005913 0.1055649336527539 0.07463933998052673 0.07330618137046344 0.006521348958012484 0.07429177236192198 0.07559730883437979 0.0057849750305933294 0.06606287120815714 0.01145945652556102 0.02514678619100011 0.05555011803448923 0.09394117563547516 0.06263499273806684 0.002553571975422296
20 0.06525227273698335 0.03673356466263971 0.09113170337225465 0.08366880260300884 0.018829383256169164 0.0722920330615103 0.02723093756374843 0.05152755495412461 0.027247306189879365 0.08749476888410476 0.002911167247565607 0.0172311788226767 0.019686132955724314 0.0701815967249126 0.08826776935243057 0.014064240729442947 0.055434550473537465 0.02080763382110667 0.0671733515114495 0.08283405107673036
21 0.09782451316138877 0.028817994716664925 0.016740502476444433 0.09222401186231435 0.07020486480170454 0.06383261904893524 0.056716974759315204 0.03787484974016845 0.09260254906901275 0.05076017868261566 0.002960712225834695 0.031413537089800235 0.011034540036746676 0.008297925306390017 0.0717199786835412 0.09881618686468147 0.01817311161568604 0.06999867880312684 0.03282557901874985 0.04716069203687862
22 0.056039949023177965 0.02636515861037168 0.040878892403476204 0.03901069183129694 0.00879531301613663 0.026474665086891808 0.061105994937283345 0.027747476598532706 0.06054756498469999 0.05037489710735802 0.03215198154771921 0.06984222137398705 0.028392543998609934 0.09337531838251506 0.02517731883868815 0.090804728891863 0.0956139866557007 0.05351963022789056 0.03271306416679309 0.081068602317008
23 0.11687369602667413 0.014124714962678898 0.04385277965021281 0.10566347709529543 0.011853734520507715 0.1414332289239153 0.025377984099526536 0.08476888425175366 0.023409715228249424 0.05878704011768561 0.07491210804055963 0.07820661052557734 0.02472188277501758 0.0108285545220286 0.10164898951548046 0.013263000339087347 0.0035454228925882693 0.03833227666810821 0.012106952433165183 0.016288947411887904
24 0.07663357738351494 0.09240097298953882 0.017297477576307764 0.05199286948610534 0.0009945501297552103 0.04185529859106121 0.025796070528928426 0.09513792241097217 0.09659570138532984 0.06034470717820543 0.03834055476706578 0.052815578432125275 0.03736374632513112 0.03415804596072192 0.001994391124014283 0.03198336563726843 0.0668851224895263 0.022921230930160543 0.0877743787989171 0.06671443787535043
25 0.08880203932476471 0.0395830050092917 0.008305356785677615 0.04494467137640268 0.09296377237401601 0.006810812523016019 0.08204644595044192 0.04840820494868721 0.07883682965333239 0.002867516701600665 0.06909329575797599 0.04100831051580691 0.08349814897156849 0.06278398235997089 0.018728873535165228 0.08177723774335353 0.03125500973001092 0.03388487532023597 0.05876783414015859 0.0256337772785225
26 0.09385553674576913 0.056561415264511083 0.008541915088064386 0.022724915817709582 0.005218915467708261 0.07842696748949916 0.08181580287882241 0.09519207503638998 0.03355521541732485 0.0009389880800791392 0.059852232890909074 0.08175230615558275 0.014852892544325477 0.08639955055212047 0.04127821053197065 0.052329396110449615 0.06449470140952178 0.047995855951744264 0.01853985357569126 0.05567325299180648
27 0.008269230356423426 0.023890135046528597 0.04265954433692931 0.08857831209695377 0.02086315775966929 0.07791526119248524 0.015462262451226998 0.08744508822452228 0.06936011405355348 0.04988286132895111 0.0609099968360189 0.0656593937642096 0.06114231872815429 0.0857712816882811 0.08057983211684062 0.01733913649998749 0.030945980683125728 0.08473650526560408 0.008320463721629997 0.020269123848904644
28 0.026571371340243774 0.05172215578106849 0.033688764665741076 0.04581114590463575 0.04836892542556853 0.03317085781449889 0.024100314982384727 0.09448362071095645 0.030795959630278643 0.05873655248899522 0.045704031525741776 0.06251798386465264 0.07404934600868342 0.05390944131418076 0.0404667688959161 0.0076899062742612385 0.0875647090821847 0.040019301799613834 0.044591166008528194 0.09603767648186573
29 0.09914663691454963 0.09535812156696645 0.059481050268568945 0.0008042068727583993 0.02510337509978435 0.04472753438270785 0.05731147881232473 0.048827938391385245 0.009435738496231824 0.09458238305846317 0.017840170645431894 0.012115139148565575 0.0315261402157244 0.05819246960681433 0.08255842510556334 0.018839186427696133 0.09265076309744641 0.09459270474989062 0.015943840570383467 0.040962696568743115
30 0.07844003700917679 0.07729526421171654 0.017503799005397277 0.10043914644038546 0.06277688557192762 0.06053436790063648 0.05358510858639547 0.0799052195304771 0.023775613122549565 0.03203420162033133 0.0002699698617685073 0.048255181937317856 0.016782164979131996 0.03975032215952183 0.05769301348587799 0.06233973003141448 0.030798533005152146 0.04854614460555075 0.07411381071330139 0.03516148622196939
31 0.011987454973313586 0.0848841089870538 0.10720305510977211 0.10540340429392656 0.04628442492741545 0.10667215100984731 0.0302007164223569 0.06407257125570817 0.05326454622321983 0.061279568269171476 0.06221521127397298 0.004364802726926329 0.0024407969558722362 0.020624258441843332 0.006139690024278786 0.03401689510408925 0.07904582493037403 9.466972920023433e-05 0.09927092982334249 0.020534919518315382
32 0.04068949334106115 0.01983397564462937 0.040872094917853756 0.03622301011448046 0.039882585650439194 0.05865320814875593 0.07750445965133766 0.0700183776996929 0.06502923970112894 0.060743885501272396 0.0760814467280526 0.08134292339330161 0.04364236423549527 0.0498216056600058 0.05835918086817341 0.012008747334950703 0.010552206589833876 0.07278336119901135 0.05737359830097933 0.02858423531954423
33 0.05815652700782903 0.06408167051851228 0.015539775375922577 0.07645832172857873 0.030859266365212887 0.025814962811554563 0.08544744165834817 0.04533555440991692 0.03904478784146638 0.08179054158514464 0.06910990448809415 0.055358926609098094 0.024017235944157445 0.060633692595316854 0.0037222376337876346 0.0062411367273346825 0.04074993602824266 0.08114751428447024 0.07742094496968709 0.05906962141732495
34 0.0753920903541116 0.0692209030473165 0.007197452284159194 0.09393307760824512 0.0905790128456323 0.025053965803061115 0.08605684571290345 0.005078588720074716 0.018533615820864963 0.03997488230458249 0.08899438467619616 0.0068749548711331925 0.07453023152891662 0.015490947129330537 0.06155307486403509 0.05730107697454205 0.02893263321796376 0.018352785685366656 0.02816119720497601 0.10878827934658816
35 0.033067334574883964 0.0172852145845234 0.018097050242509568 0.07584964761285305 0.004129866251284428 0.0695893669159111 0.07268770600755727 0.0779850726977939 0.06402243044613731 0.05398450734994189 0.08713482975055374 0.04996336673379257 0.07281670986760438 0.05955480433253261 0.04265767297435327 0.03726334218976411 0.03635411394159085 0.03966997173968206 0.07376130260183648 0.014125689184894083
36 0.04468282779013328 0.042222036283872125 0.07794652543745133 0.039820601643441436 0.027283456420226938 0.011313966135245258 0.017448723739050643 0.10037498001328388 0.08864320824964891 0.09439367529773578 0.04238939252451743 0.07184769879274155 0.10142722346193749 0.006277138624877355 0.02995116955141815 0.01787835930315093 0.059220784535806405 0.051477519837952644 0.027158808145764032 0.048241904211744256
37 0.09431778558833222 0.061781512327182826 0.08024555986892354 0.04623735930807604 0.06922754627433304 0.003173584449986068 0.06316049286876571 0.01639901936011913 0.0020990348231458567 0.066004044700241 0.03156255646450023 0.06394925430560065 0.04366365475843364 0.09120920626997965 0.04187166211843603 0.03826175563304989 0.06852255755355037 0.03529025742450861 0.0045656616465130405 0.0784574942563223
38 0.11716037524524227 0.043967736454991344 0.02229724610543571 0.03478128918676717 0.019077971677061333 0.03730233360823103 0.08468336146578799 0.016367360776712046 0.04788985062246694 0.013308483612838411 0.12902117871843638 0.016501199781422546 0.037302353084450034 0.0039569018843142 0.08689006112244581 0.07012447089733612 0.01800608957577166 0.09193820341488072 0.0020770309451660102 0.10734650182024236
39 0.056254705169679606 0.05634228936408082 0.09533005497127961 0.06012421024640055 0.08684191460294817 0.0160965555501568 0.020830119625464903 0.05489810342829988 0.013399306679654329 0.11031487136855085 0.09595309478722001 0.09441274452735693 0.02661482480048215 0.031074864579623492 0.026271923329769062 0.10874641293776954 0.0005799866890701435 0.0217706356452752 0.008985305029593495 0.015158076667324334
40 0.03276676771042283 0.004487548054793376 0.07605622864235635 0.07862061936155555 0.004865484536685968 0.0907985149249655 0.08309705015337959 0.08344065885099705 0.024155068815716288 0.004166108267798057 0.0185400359400853 0.10746507635976645 0.018278281461372982 0.0425468991300762 0.04513200090400061 0.08925992912025281 0.06497960219571511 0.05567107681961358 0.02786138775818776 0.04781166099225872
41 0.03519971414662395 0.003771346882004898 0.10480308912403659 0.012575839095388026 0.01504974686546078 0.02746716684027465 0.07433856891854837 0.015094926530393796 0.1165399253121864 0.00027641545701631066 0.09768010495532173 0.033913973146998504 0.10074897940939889 0.01588309109942449 0.015655752875790928 0.01211939304832018 0.11538425168210992 0.010989549427858293 0.09238167632279742 0.10012648886004591
42 0.05320651333821665 0.02109474360546708 0.02868501654825763 0.03010799800879318 0.01113890263405988 0.05585400307675729 0.0965358534387407 0.07779402910033602 0.07887869504631764 0.014331500017638053 0.008793025599804105 0.05772173387829201 0.03854244882330765 0.020492468787912308 0.08555407045030447 0.05465556709543217 0.06846859422789527 0.06994350444925666 0.053675693278278466 0.07452563859493268
43 0.07083342127388487 0.036332489806878455 0.09119963182553402 0.05292728835882708 0.019774154557202557 0.04101853597546104 0.06425512775856097 0.08020436375654308 0.02600031652991895 0.028890822157091215 0.05917102293510014 0.0023810327717444578 0.06641950465028622 0.02767005897444611 0.0838484154684292 0.05476728258444784 0.014664125209729297 0.07228417758632506 0.08304971407166974 0.024308513747919633
44 0.08026483881598195 0.03291340985926857 0.0603627175301553 0.05867766421248199 0.025665561748193243 0.07504595837893631 0.0111925654310827 0.045859373841545314 0.025407527993813423 0.07445205676571205 0.056562663126065026 0.07086879730413187 0.08450776540159438 0.04106962440482558 0.03941656664111366 0.07097575289232938 0.06640201090634432 0.005909811698286575 0.014332884844078667 0.06011244820405967
45 0.08327094664774384 0.007860704161143716 0.0011427432854900835 0.0033924845726733114 0.047502943855772264 0.04356684777167279 0.032018925003109065 0.07085618700379132 0.08594410737825318 0.05191403910871413 0.09603779342517163 0.026683608862031517 0.062468799362130706 0.005799199245518912 0.09668719478527214 0.092842599185433 0.04183154491952545 0.045749745070573236 0.07367073945038223 0.03075884690559729
46 0.01710933762419495 0.0777672324130776 0.049128527026355 0.06976497217445526 0.015669275650347526 0.10899629118092692 0.0016645231323308347 0.017612564340521688 0.01708578689072298 0.10096743431655993 0.060276194743565936 0.07176311532015449 0.04606542964909911 0.012193529164433751 0.08365143595264628 0.050269002083475574 0.030692604576104555 0.11209968873863575 0.038205017969172986 0.019018037053218747
47 0.06191546624883952 0.06799569418991529 0.06480418296439522 0.06190026175445574 0.07787677396508368 0.08316346096154632 0.00959782957351364 0.018989730025603918 0.044579275833479814 0.04669896058081806 0.018682529813802147 0.07960027951215332 0.07755436300531827 0.045695115536036 0.006851952521154632 0.044943682018207705 0.06667513634533052 0.08636569122161897 0.008129010183352587 0.027980603745374744
48 0.058013186409668696 0.10061850425038718 0.012549463251295911 0.035038415095508944 0.0093824417330799 0.00028132881626496097 0.015012639033186814 0.057693036173073094 0.03677521069954908 0.001884989363575476 0.09605733982913986 0.09850867581317446 0.013599226259440288 0.0830078866582774 0.0292907357548432 0.05920108594188886 0.025053970314138613 0.08394034721911807 0.09656885275569341 0.08752266462869546
49 0.08960107103649657 0.03811087443446134 0.052596305018235597 0.05614206414522838 0.07389485197776412 0.027466022905080805 0.01775342773195489 0.08772650428055026 0.031320527443085465 0.08510508376174584 0.048134498673956104 0.006347996316117011 0.037245790594985694 0.021340616543743664 0.09038276456784401 0.08608902054762842 0.04299427201635197 0.048197616201610186 0.04497115186149828 0.014579539941661354
50 0.06934994886619918 0.005462407833741304 0.04804025764076647 0.04536918802090451 0.020952472611955538 0.03596365239122472 0.048610158059914 0.0886632776431378 0.036079642642410883 0.07954540781229182 0.06026237882657587 0.08071352618024502 0.09374378460427199 0.07422469027767228 0.03926275315054619 0.018787442368051063 0.03356018489311875 0.013576446334502947 0.012836986806222618 0.09499539303624693
51 0.03723639193670219 0.09703800280203854 0.13223433065579446 0.014583379338810883 0.045847097510131433 0.06521819038222575 0.014400224000536548 0.062453834796894696 0.09283153232351922 0.018046648455763228 0.03903431120992464 0.074947658564072 0.0015665021628113512 0.08862630686158826 0.009205321467944136 0.01674649580375942 0.025277859391018603 0.13112578752200876 0.025532258160342082 0.008047866654113603
52 0.07538552476607889 0.0464921557224685 0.11193614437748942 0.09421039408625523 0.019323181616580892 0.03739323113746482 0.043411100062195514 0.03916254075365895 0.015213449554498437 0.009214337818251447 0.02583462708286404 0.08130884715253837 0.012269314790550975 0.08246236056674741 0.020585909201933286 0.06936182713150621 0.06503527214421614 0.05815920106940828 0.02257953268115214 0.07066104828414099
53 0.07361649780022837 0.030898247872567876 0.03812074510291453 0.04971821165258182 0.06326494125736537 0.049636377125903755 0.08397531803013608 0.07343079426511893 0.06907811202330828 0.041616067867706476 0.006278542822272882 0.05511877649974588 0.07702549091373223 0.022982792025225383 0.0488740407635874 0.05338874886380799 0.07188262271570807 0.021591941537056254 0.0029164521827448587 0.0665852786782875
54 0.05143917345365667 0.11740061150970607 0.033081762629049244 0.025065087725101534 0.08817478447284391 0.029758156459033035 0.05652237406088315 0.01622692889418545 0.0022760018909897786 0.014237462446659244 0.053979712700496174 0.0230849612044109 0.11676513932677558 0.0057253933046330484 0.0376605775461575 0.09748032028940024 0.08455769082542855 0.06939878759494612 0.004556698697557935 0.07260837496808589
55 0.0486539929043419 0.06679909272764317 0.07258263706939103 0.07983933951904801 0.03721447298588154 0.05133611182981411 0.027624563549540914 0.02846402971791842 0.03570311607146335 0.0314994618291231 0.027274806234589777 0.06814920890668619 0.03354303685591304 0.08697508118204897 0.06723468329582459 0.030740359225431026 0.06000045279347482 0.02297412043049876 0.07152001513938444 0.051871417731982845
56 0.07780012092912808 0.013569138790176334 0.000607383393111726 0.06717458011451431 0.026587902715659036 0.06667793557588592 0.08245275679196934 0.06352719395185272 0.032256821614143685 0.09095552630328235 0.03986827012935906 0.07564568813450769 0.013459073901045988 0.0771767064766828 0.06307823418512237 0.031499416964072026 0.06282417310114773 0.033939628029643926 0.07747164898504698 0.00342779991364806
57 0.08433614760308797 0.026539462682179663 0.020381820195754897 0.08874996211386951 0.005865775582138102 0.09712450463004912 0.06696477233819473 0.017750019629564878 0.04357005541860846 0.04796243682892675 0.08966217282436047 0.06554357605750563 0.07615921089214894 0.058280177688421315 0.05667019814340002 0.047468840258023344 0.022320803064451458 0.030736018800200746 0.033151421494457295 0.020762623754656796
58 0.07865947794501264 0.037381859244626614 0.05399925207321034 0.04449518154775509 0.051223614660498074 0.056803098573448466 0.05333342332344555 0.06182316300958287 0.0842281081203637 0.08545517037354416 0.06491587038354961 0.010720915603194154 0.0715465994236263 0.024258160328621128 0.011956442861199106 0.058331051197413684 0.028901798596842262 0.02528836508283291 0.009171147942823848 0.08750729970840966
59 0.09273318100353198 0.05908439485631314 0.033295132894012376 0.007935555343785051 0.017049704198580352 0.049499301786824546 0.0196857088223573 0.08552969648649619 0.08986750848275692 0.04168850468179581 0.0004478992955573358 0.038767732666604875 0.07880157711865797 0.05352187812439701 0.07690904935446571 0.03583944149493451 0.0029387145161939273 0.07221553637200709 0.07157956866759017 0.07260991383313768
60 0.040732683025228145 0.047216378872102255 0.10656247015242264 0.06641082966542453 0.0035330589205180086 0.05337695370046508 0.0227838363497553 0.09379446124879881 0.10776693529421108 0.03927116400930837 0.047095906088636216 0.09206033355565375 0.02260007706664752 0.03925958354400639 0.02465864099726247 0.024746101756951733 0.03500917198648518 0.05537251431674326 0.0016993525751997382 0.0760495468741795
61 0.04532387376008846 0.0720836885226066 0.021139812745670183 0.07655349756262009 0.08594165854924136 0.05144256229989595 0.06816367548004489 0.01816686051915973 0.05225720387558069 0.018189867562597325 0.060280245238094804 0.10442568343264934 0.03414672695590348 0.07534760764135812 0.029750149327040898 0.06000641377193069 0.004070303156159893 0.017785851760234155 0.0026780334656744354 0.10224628437344888
62 0.07917704798808274 0.0072283201211263215 0.08111908650084713 0.07740263723172497 0.025546266970650638 0.0604378552702612 0.04242366564624214 0.07752918232254571 0.04673401044589382 0.033119465645543404 0.04443306849916096 0.05061333955435171 0.01416695243879815 0.0786558743304812 0.012853851206775728 0.044490031369501026 0.05114615416221814 0.0661139737741726 0.07836812543143008 0.028441091090192383
63 0.04255604123258318 0.03321224589989066 0.029591015963459432 0.07386138125749755 0.08535792660072969 0.04303934360759431 0.000807346520695595 0.06460057213238203 0.007392135568112792 0.09261135700092829 0.03244995971597863 0.07960926466455913 0.10044909506623828 0.03256788298805887 0.06325898157871045 0.06086790548666215 0.07408982134861301 0.051787859521647384 0.018866900744434537 0.013022963101224024
64 0.025931646165496924 0.016034648595812242 0.053955450121389845 0.027437720964362592 0.011565921181971925 0.004675037048252529 0.05376853558939825 0.07359163010480856 0.0007373258826455777 0.07353058917152065 0.07585512270379245 0.07808957508579521 0.026734201978452794 0.08095374486045546 0.08838888967534071 0.06080052638502802 0.04297748796942465 0.08704305759855326 0.07402474318147062 0.043904145736027606
65 0.06382229377285052 0.09289306162803072 0.05832315604187726 0.07372017111501017 0.02073573467060609 0.036631830017924215 0.07614081721534723 0.01970828492372346 0.09554645071373828 0.06438319092505355 0.010821244714152231 0.005660244495872846 0.08992998413949783 0.018367107296967448 0.017709827730944767 0.06565018656540447 0.028310720512515777 0.08479791691559602 0.004238204646028997 0.07260957195885813
66 0.024737616404030896 0.05405711312881305 0.06492219670676783 0.06953170055955941 0.029401093695093663 0.03521595262546171 0.005406189305343652 0.00568458382109924 0.039622254017331986 0.09478695874845205 0.06672708226790419 0.08402547238159098 0.0161766720982286 0.07858688174846094 0.05818110180225284 0.08995047956896066 0.05971586140726957 0.013413215274723164 0.06041029513370541 0.04944727930495019
67 0.025442351819520093 0.05086309444679143 0.09220474630000165 0.04614566158695812 0.06183725800958658 0.05017775317668247 0.015523226791281547 0.05239022399246778 0.08053785061583849 0.01783360618125438 0.03005923942845425 0.08070637629485047 0.06218075006866862 0.06672790448918593 0.028820260764632535 0.03733708883969282 0.042668362938316884 0.05319030419456775 0.01316362659946972 0.09219031346177853
68 0.03325810830452145 0.04832772319071539 0.04465862234268333 0.04525687533761926 0.08377365482888141 0.005899554264654707 0.054338751101969805 0.052906987241951295 0.0843941002366662 0.03721473571764184 0.08680631837872817 0.057876954864643754 0.06279969669566042 0.015191631159606946 5.302689692382605e-05 0.04333729046672001 0.01502378591311177 0.0617033543265867 0.08556056410830455 0.08161826462240888
69 0.05636657109169669 0.05887433387680546 0.03443496789469943 0.0557016384837527 0.06422672722220873 0.07113668559597332 0.02553173799182704 0.006785487657082287 0.06240857560896057 0.08504479370563363 0.09865816817651098 0.013894371485182615 0.06719779664786246 0.04849144932184896 0.053358767769539024 0.06081658449363394 0.014124085415392652 0.04054928593117957 0.0814332208563911 0.00096475077381873
70 0.0710997935995505 0.06231845142338533 0.03998394176250854 0.031457646561794596 0.010557592200346272 0.08761005429343073 0.0315487827282817 0.0920782350078729 0.042743664401520345 0.09286959393903264 0.031178351365207652 0.08776881510133377 0.037279583189990376 0.028916161210045345 0.0846024419809227 0.008826695992319103 0.056332319102494144 0.06939138744249468 0.02659495442106609 0.00684153427640275
71 0.08499270353286367 0.06915505738669994 0.04541828733280448 0.008320810611723338 0.0753412862242773 0.10067996989458187 0.01770417891478956 0.09241428962559933 0.06713872327242064 0.020403834035031716 0.02470830655068713 0.020919090471671876 0.10903049600373596 0.05710665169621456 0.09761887938270393 0.0010293957515538665 0.06006153587850348 0.01421202851815707 0.030552281501674848 0.003192193414305324
72 0.0761410708955854 0.07050859905780232 0.05164209274426986 0.10291647044955687 0.011806143271109699 0.09012863171724926 0.020222117112727925 0.07794654173078121 0.01625582932341143 0.025943574723142432 0.022342010574472458 0.09005732201922113 0.025141589100832317 0.12254540693089806 0.028415284302730385 0.015161319881203303 0.028232317268115308 0.014964766593381987 0.07082271360510863 0.038806198698400095
73 0.021306648676574835 0.0810953978401365 0.05087737659941503 0.01775060415628667 0.05501922429872779 0.001705661011546766 0.07139792083313569 0.031144007390152585 0.08658356288738833 0.036597147197559333 0.08157345778209836 0.05517210792769239 0.058264258011175823 0.07478613513885515 0.08435529595149198 0.02004934170624541 0.08457018379825883 0.008218900528516704 0.013416842474729325 0.06611592579001238
74 0.050121629303657045 0.07989915629890024 0.049071121926210826 0.04999813591710115 0.052752997809218535 0.02487752592674969 0.059896345469191994 0.07814561174653646 0.0882465096742623 0.016778535338423453 0.05835816170618419 0.02607253395897556 0.06452858279103776 0.05068662672371677 0.03921542044929876 0.013552546349704073 0.03134099839337471 0.09285090052467312 0.035153566206454205 0.038453093486329096
75 0.06126231534589958 0.08265610944188279 0.07314076712427324 0.045432109469955094 0.03906622537354339 0.10033907028613416 0.034451356480062756 0.037437049349330294 0.08661077175690328 0.05301672091585815 0.033118020859632946 0.07398032335250962 0.04167298350869625 0.05669839715953994 0.0031955509362144798 0.023648853307151958 0.0065825295612025525 0.058164405307041166 0.03392888579807189 0.0555975546660963
76 0.021022884301324186 0.05184438193411348 0.010869050599794313 0.0330279577291326 0.06857407234763002 0.041617936865798774 0.014268843942988562 0.05424362784753573 0.0267653456375294 0.0733886292298503 0.055751927124081384 0.0680207042790467 0.043279371259081205 0.0217941004949094 0.04018574040868287 0.06641452721811741 0.09134570745818581 0.10020886653077125 0.014617440459592346 0.10275888433183435
77 0.044667064043118154 0.05260274033889041 0.059863981469612 0.07077123292637227 0.030804380774181794 0.07946341332496319 0.03529683077205877 0.08285572122236663 0.03531811256324811 0.05258789100989059 0.010373482083661956 0.02295104783548879 0.06590677195325914 0.018343415301888905 0.07797869594871157 0.03784326137158252 0.0497691858530701 0.06750260183015129 0.08950816269723419 0.015592006680249633
78 0.024057682314730797 0.029939217756422932 0.010977046330430697 0.0912067946233054 0.019604275141231156 0.05590849601680411 0.013423520741974088 0.08075459006397542 0.03758088367002925 0.08476969238062192 0.0632661812658235 0.07194985428968105 0.08201851256313288 0.0862702053054106 0.052125700844572166 0.0681448992557963 0.009283354505984165 0.05765620900606186 0.03154921382613147 0.029513670097880484
79 0.07786754859757909 0.03544487725077924 0.07506931815430377 0.059128743752822746 0.06972441412746692 0.09646750630150944 0.05063492930255692 0.026289099727137274 0.020379184441271195 0.009131520086043659 0.055270507261100124 0.06999937880559191 0.06503387817284205 0.08640211151476232 0.02488764567809647 0.03491955696470346 0.005648247665858739 0.0826621300297552 0.04782336739502971 0.007216034770790009
80 0.003410689047099442 0.09271484775359913 0.04961730569697025 0.03410357227602619 0.10752825233171097 0.046670298420645136 0.06984646832487583 0.006710651902807414 0.04556057994690156 0.06464126027623468 0.09234801492842236 0.023555360672697572 0.07827832268443487 0.0701466640373294 0.006053846285473307 0.026711856412153633 0.05721807242021958 0.0864097099357333 0.007323600233502958 0.03115062641316263
81 0.037988789858931 0.05774275418250201 0.06736814172515034 0.062102784018644906 0.06232144883578052 0.07812995999818936 0.0016874939004954581 0.016834003907135825 0.07156713506758912 0.052113888816501065 0.034752203493361625 0.05443096244455446 0.050513469858508804 0.05406082182875733 0.054823175061038454 0.07379967544689965 0.07295881556055756 0.059005958305855775 0.01644098880855929 0.02135752888098723
82 0.028999839984385132 0.036701102601398826 0.02285018714675327 0.05422417457534981 0.0047554800261762524 0.02340193445711551 0.06906094995946543 0.013498859823934919 0.08063570363152582 0.08719781830697378 0.04605884407905568 0.03353690478395514 0.05470424565069874 0.014734468770978377 0.10972680834187577 0.10194515291199502 0.10602251968893701 0.02440554518156146 0.046712811498701046 0.040826648579162864
83 0.06781798442757486 0.05877488174920379 0.08388395516419563 0.08127332510959653 0.00041838931521918156 0.057991824377424485 0.03477752948532393 0.04482150363217002 0.02208244175984518 0.0054995918025506196 0.07758749206171639 0.04478089151586114 0.035728067974688575 0.02889229005271559 0.06881524973267653 0.049199876292857284 0.07104253435025269 0.06792646166993084 0.06350844032671062 0.035177269199485946
84 0.023363520269758766 0.04234899147161899 0.004031946447879298 0.041115574705954436 0.04081973663142382 0.04178618522976484 0.035616815879971876 0.09895258497232096 0.07689572274622539 0.0037878828434050726 0.05409518243533725 0.07639741231549452 0.024409927967888392 0.054469893219665416 0.12197382764865473 0.0713060728280086 0.03386069791639391 0.018835818798235142 0.09422707827942231 0.04170512739257619
85 0.06365609521829452 0.04819018975617833 0.07308215469170258 0.08857297492608503 0.03803365571954207 0.08196022560695113 0.07866992663219065 0.03735996018071338 0.024217433091009356 0.041883491399930924 0.026756224245449337 0.024453042319210996 0.07592675572590935 0.08018161154743386 0.0050211605331662405 0.041563184059214914 0.020347856527416663 0.060304944400502394 0.05369658926232744 0.036122524156770794
86 0.05869414215704558 0.04021183254406495 0.008359099964530593 0.08753407457448785 0.07426275354965244 0.0352421318504814 0.040791245688017314 0.0852191907750048 0.07575377612724464 0.08452812691427482 0.10081047795016063 0.03354488361503075 0.04222373782183589 0.049243849860310454 0.004450501442262468 0.023893805798565516 0.0029130239734032107 0.05837289818858847 0.06325346560083304 0.03069698160420538
87 0.07200505734903223 0.06246469071014998 0.06629912779076341 0.033493991805747754 0.07199361345756734 0.0568887976189408 0.009563575814592674 0.06417755742089686 0.012966897168357002 0.039593745410602815 0.02694613906877309 0.07359261436832505 0.05648380163324972 0.07933113438118378 0.039557127912432696 0.04175168944608141 0.008492396676694432 0.06114354796358828 0.06059934391051704 0.06265515009250361
88 0.07721983079472321 0.06663548721496726 0.07778709432081773 0.032837549936825035 0.049615715009842035 0.05585441358652612 0.03569603727912067 0.034970678193982994 0.08303578017812377 0.04645162215594608 0.004307558561432343 0.03301987556029715 0.019851496754553357 0.0750870212192504 0.08504434618274462 0.08774350369196267 0.0858760246079008 0.0036955175756167294 0.031812768288803174 0.01345767888656382
89 0.07244364441677675 0.03879563396035217 0.04467235004645018 0.08122837749452012 0.008609434418458564 0.08124085458489742 0.019106925740250337 0.021471265469132406 0.08330985745543332 0.055104396038887046 0.007600568051268025 0.04803670429613507 0.004592233836773478 0.04435288525631136 0.08820295710324284 0.054674755261941904 0.012204688257947365 0.08302177392063137 0.0802374769411961 0.07109321744939431
90 0.08489230911738976 0.010900813075548832 0.08273510254280439 0.014783132029449418 0.06059831966415816 0.02047452234461021 0.07543787749368479 0.0600522281126642 0.05872140579144896 0.007629776673735961 0.003893874840530252 0.05527897786072487 0.07882836581823899 0.04476829804078876 0.04268929218766611 0.053110043092147244 0.038701790261358365 0.0705498923008941 0.0851878398095295 0.05076613894262704
91 0.0832178019901397 0.0031611998778520002 0.05663683642303507 0.07734610913090294 0.013296971229567248 0.011389560831859706 0.0014351792853336293 0.05758354266038147 0.007952080351910548 0.08795130749727766 0.03002651641976119 0.08614699749063448 0.04169222099251704 0.07452037055536102 0.04887125547361988 0.03455571974150267 0.08426934327414513 0.046355159726431124 0.09715240404947174 0.05643942299829563
92 0.05490952932266529 0.0055314787839259565 0.08979492004328185 0.03295326805204884 0.005216162017530638 0.02576315569730306 0.03589910578780988 0.08313792867636212 0.00442099578235853 0.09954092353198607 0.0915060970889497 0.07209111513686847 0.0345706695426316 0.020654795968872923 0.009623063094285332 0.09282703284765083 0.10921998390772703 0.0260395777819497 0.027033981252326835 0.0792662156834653
93 0.03072859645169317 0.053629017781998974 0.020416867867237627 0.0637821045368962 0.04205010771310677 0.058663616435159924 7.783739309938314e-05 0.04795117481164653 0.06421511629287954 0.02253827141906517 0.05121667441291739 0.06513001025348113 0.06811624662880403 0.054616529896926294 0.0820281675931416 0.048205228585705515 0.0637421793742583 0.049291118484513535 0.0783444001201347 0.035256733947334085
94 0.06813971141650722 0.07637764954062155 0.003992053997777484 0.047947801694670805 0.08672855918828058 0.03168529543957857 0.009076082592756779 0.02083390676275171 0.09185954414907989 0.030636899457203864 0.04758270144845715 0.016990878477989902 0.05266567431989417 0.006087777282386566 0.10033493088491552 0.09025636561527446 0.09159395707829324 0.058483000525614066 0.04221903322692865 0.026508176901017953
95 0.04167993829037763 0.061210298640949734 0.09119209824603322 0.004291428209791866 0.07526818950576501 0.021368068295284808 0.03230426950585027 0.06366241218502354 0.0037898531826701066 0.05801190886523578 0.06666523231327458 0.08089710207879271 0.0659012000572437 0.03449807005466257 0.07905320783250769 0.020654319805117585 0.04004180008648797 0.007662958769130585 0.09274369645560131 0.05910394762019926
96 0.08838840434584355 0.07845154379797269 0.059858782420074766 0.07652059293017936 0.027356290407196667 0.06666421270398686 0.08279928067164508 0.02469966010874499 0.0012413350978406803 0.004191968803429655 0.004793743114614533 0.06677133790297898 0.047232825168646166 0.01711863648554871 0.05146240957232869 0.028886218639488044 0.07003954626203145 0.0714033751696574 0.06542281395712407 0.06669702244066782
