0 0.08090277781125037 0.009201261013116854 0.06733863803890883 0.03692513219144153 0.029192799983369575 0.013988339472867256 0.08603624318624864 0.07484263532773769 0.05821204038818223 0.012937478891764796 0.045471647813732224 0.08874106787405338 0.04414467023088432 0.057675233052095834 0.057087628192095605 0.07180547150748141 0.009229698414783227 0.07712241416796817 0.032670514544290576 0.04647430789772761
1 0.01878958661625426 0.09860496112097392 0.08709330325871013 0.035297834928295746 0.026679741458164503 0.013641516634743193 0.04484911776106403 0.049033453965499005 0.05813256538667992 0.0611033390041135 0.043003933526024975 0.08236803466461931 0.005916048460057891 0.0848380137579341 0.007836409302433555 0.0369089714847931 0.0033335308243820075 0.11007377078764485 0.1154008137925312 0.017095053265080786
2 0.05101121250712417 0.0031204169428597777 0.04075204250566936 0.022615438083203567 0.0035592666888040947 0.027059382167303477 0.08711098029604095 0.004198686349823084 0.03621483961984072 0.02786342381990947 0.08613638287974211 0.08192488861554785 0.08021455320792109 0.07302801677072156 0.04908977168961238 0.07430084946629659 0.06479035136450585 0.03873612330958817 0.06333970151508884 0.08493367220039698
3 0.0174850580991509 0.1261667937880822 0.010495715875705861 0.016090566716552072 0.012856458320766621 0.04889126605139812 0.06709233318561528 0.05354030026425451 0.08598648426984683 0.010692882304808587 0.12271974984670031 0.09341511084746514 0.11673801240423441 0.002193149159302216 0.05949865732919619 0.017501393221131995 0.021915858952825433 0.04570810421814332 0.006593537188424996 0.06441856795639497
4 0.053451480275811904 0.06381931809669646 0.07975114534104971 0.07046023575908612 0.05367793729617313 0.06380701417104039 0.016455669584907275 0.0024824576183953887 0.0703667802095969 0.07234812071813261 0.03918630227976187 0.021547327738243808 0.020552056100036152 0.04327217115964514 0.04339645072242606 0.06123517173938785 0.05659903722869466 0.021528574397230188 0.0789828622274484 0.06707988733623613
5 0.08776092031858106 0.09633049701027853 0.062480926077133014 0.08615838143838843 0.053444413208129135 0.0737041671939346 0.04957832125460517 0.040670434570596464 0.0360343479101376 0.09023949784101024 0.050212608224238085 0.08434362925078025 0.039793903899483306 0.022443714597255946 0.014993210668976057 0.0016883450335211686 0.01966614834987712 0.0284285174902762 0.05023272707699255 0.011795288585805124
6 0.08180568266369279 0.06751910854652587 0.06158401780927908 0.03255821049488617 0.0081164017733056 0.0877080341974437 0.03666586001142149 0.039021165192821526 0.029584571184514862 0.07870598872585857 0.004603587646971068 0.0761818472747176 0.08243863535326894 0.07937793277076807 0.024408119615463464 0.0237460969547033 0.05904641514321862 0.03198523265689714 0.09325455473083152 0.001688537253410689
7 0.01913584358645255 0.05525501651698476 0.06530453377971832 0.08710929170286948 0.016014252851386628 0.07980653993156964 0.08369076114826507 0.06255632936332142 0.017143530913372475 0.011913669249661704 0.08686105835052126 0.007204859467288818 0.06402484299708988 0.000762047618233723 0.059989352606798343 0.006922969547704377 0.07368699547412305 0.05497235237190366 0.08335896202369046 0.06428679049904432
8 0.0881946218890764 0.0472221630433147 0.055225633724483546 0.028977092898967705 0.08016161646817369 0.04057196247046357 0.08922412113431903 0.07412336812638745 0.03395072580313204 0.012347503781967271 0.0039385972009983675 0.0704413268517649 0.021508806586593036 0.038782298303794774 0.104716823343371 0.028632926133473333 0.02841955891366203 0.030497937913284562 0.08343673849179008 0.0396261769209827
9 0.01885031238678344 0.02227647337807392 0.029925177508741234 0.058095390031374546 0.02451977436921058 0.025910996991298684 0.08764935014964277 0.06953658997572087 0.031172740950465003 0.031021282271893744 0.044789647209908905 0.08168919146144685 0.08638783711337407 0.06228172613885943 0.021461178153196037 0.021480326069041322 0.10464406481812598 0.1027808111350386 0.008362547629152714 0.06716458225865121
10 0.017884855851778618 0.01704469977436563 0.011333685749612776 0.012694273943130425 0.03684685458268006 0.06029129241471837 0.12254442408777519 0.045247827208508846 0.03499923012493401 0.056425498656254625 0.10110067497982109 0.11842412735556433 0.05860576145233367 0.012582137024255462 0.1022293156772742 0.020020970964444215 0.09522131294635104 0.06173149730244425 0.007295545275788036 0.007476014627965304
11 0.0903229387009169 0.011626669507775852 0.06908322016577394 0.0856392602862487 0.012310495480300077 0.09444514102975268 0.08900898938653058 0.010923074862073097 0.03441877475881565 0.0767487761558275 0.028648898582650444 0.0010489396640705672 0.0686216662998289 0.040818041807743066 0.035489873598793895 0.04751912512513752 0.058076263664097176 0.041558748410216825 0.08556419039718384 0.01812691211626268
12 0.09057864868188778 0.08523615705658752 0.06812721499651013 0.005850287695858375 0.014667455101899967 0.040785095748459996 0.015876795167014165 0.02566348810116141 0.054505243355767855 0.021495505330543657 0.0945293269830182 0.06308550669379559 0.015516954450785667 0.09640031128039854 0.06760540818771903 0.0440236749081689 0.05960670578925725 0.0016748768479290512 0.09410542199384406 0.04066592162939278
13 0.07164188800022582 0.04228298851049469 0.04625196156246878 0.04860799589815076 0.06266660286325595 0.05405209200172882 0.07948761212177868 0.07422843731436256 0.014756193381698047 0.08570392414495719 0.07949695245588358 0.030081306255093015 0.009999273477576818 0.07398215922413713 0.006326964720288686 0.07864150624207106 0.08282664418864343 0.036562062194161575 0.014333054887841841 0.00807038055518147
14 0.04516925546949166 0.0878777898130804 0.03707707764763118 0.07392731292177263 0.006334577543388237 0.028738923722134956 0.07398949330115494 0.055338614168746116 0.0598946571078851 0.06118923551681863 0.0798209045022912 0.04517089955252674 0.07752893930800013 0.07331491269534235 0.03931057573825658 0.009157255288620466 0.08488591459644375 0.018469791372235502 0.01592140842326204 0.026882461310917444
15 0.03919072975034061 0.03339198638288478 0.07885678846242557 0.06765519483189168 0.07117210947975676 0.012644748895704222 0.07288100699469532 0.08563211772428449 0.03571413241514205 0.07357160380130609 0.01931906342212787 0.08495870179306163 0.009457271700849612 0.054478629309525926 0.026288206912629963 0.020728016715883132 0.02174228278024819 0.06066441558361732 0.08246828046813494 0.049184712575489876
16 0.04422518349211194 0.09471531855629771 0.05171881718738721 0.013516195922683336 0.025136558484525277 0.07733354774608302 0.0335378450285598 0.03762875651121806 0.055845286441492246 0.008756818090022139 0.0731812936010709 0.014142594290943701 0.06376784049483317 0.06177457885101719 0.07481148920389365 0.08660996116951991 0.031693960204963616 0.06982980642911783 0.0771936107537943 0.00458053754046491
17 0.031017262518298856 0.08037118992726457 0.019488740472314612 0.0141727884264738 0.07888382731058016 0.058048632505735234 0.07976049841264811 0.06308893014613627 0.018807488365005252 0.00879806911166069 0.07631812766144327 0.015672921532369016 0.02557572351594724 0.05995476515005965 0.09096317304498107 0.012340741243428696 0.07239515585374474 0.08640731714855535 0.03318167157698784 0.07475297607636562
18 0.03636258089563321 0.0411863484601928 0.030214191818831903 0.09273396628597791 0.006421429757913383 0.09179366718581942 0.03410860335945056 0.052811712387438495 0.03257511766889213 0.0798986648086958 0.08353986690846156 0.10344164696162846 0.02932992617590789 0.007525019981838916 0.06779023375165219 0.023019203886001906 0.10245039155214043 0.06265609727341588 0.013488551547334127 0.008652779332773005
19 0.11638508916202617 0.033852623085695956 0.03859323575873054 0.05145922512379247 0.004916066596988984 0.057822688886039454 0.13214657047644626 0.03037161146257592 0.05669089204771725 0.06273831969540707 0.03682609525074028 0.04849749736853991 0.008821082867748194 0.05615049044064332 0.06582114788453648 0.007593611539199985 0.0075001562281992685 0.05721218754717928 0.02014122724139378 0.10646018133639967
20 0.034339694864184554 0.011254577642954131 0.07807431532532035 0.04200972502178983 0.06668659928779228 0.005372044557895968 0.05119702734329706 0.06765430173702432 0.020910268863464893 0.04835842046244723 0.08727873023829752 0.018032345081114565 0.06476324561689883 0.04928245817111335 0.04693545332116632 0.02921207511296873 0.0887466571015349 0.06768252409696622 0.05254251243178135 0.06966702372198767
21 0.004862794845331181 0.03627877867697559 0.09732699556007851 0.08416951905614171 0.08419703745052565 0.031190881461908307 0.02327724218921565 0.07171091452069595 0.03454679521759498 0.08436917941152815 0.024883729730723732 0.01122089142477318 0.09845965495700544 0.006771401699977204 0.09770622201246895 0.049009787277711624 0.03459059917071585 0.024851732266437835 0.06529663688990024 0.035279206180290464
22 0.08355228123570176 0.012964785715031466 0.01783183905582222 0.04955007826773418 0.03595366854987534 0.08111951697284792 0.022209967792753228 0.01965557769397538 0.044634037619298926 0.0790596967917293 0.0574258187398372 0.06390264140783673 0.08159308032772412 0.06665249026266223 0.03997194147059296 0.03723709920417031 0.08031901747153387 0.05453735687729668 0.05178100689249734 0.020048097651078973
23 0.06496475815730812 0.052321242987597646 0.06531526217620309 0.035740572252285226 0.01744449146625929 0.0801681385703918 0.006893955765088734 0.0039242608227651405 0.0229067960117747 0.034439760589374514 0.022933074961775112 0.016423948502483583 0.09460721250529808 0.0820368191721311 0.069932209980963 0.07973485265020008 0.049454816222719376 0.08764684592750725 0.06451034150242098 0.048600639775452995
24 0.07334912703309425 0.04672815095628974 0.03289109357129795 0.032071405714744 0.02167257904127182 0.04868664810223861 0.052364466640348994 0.015933735988028185 0.03360687203694137 0.08877754061857515 0.00588196919289251 0.0923176828500775 0.0025768778055462664 0.04781397715042187 0.11605022225373524 0.02839935731421879 0.036557059163089135 0.03778825000612517 0.10341133776284481 0.08312164679821876
25 0.006827245769688147 0.0900922828710938 0.030937052677354877 0.07663055910211695 0.06868026002087355 0.0032216426880844217 0.0493865308531063 0.0903403197519716 0.0007495082568960684 0.06602740866236406 0.08766727203206857 0.030153185414343427 0.07187880689991087 0.08283942558338757 0.07676452939666245 0.016739866032855346 0.003305565383090803 0.049422915779592465 0.0864793977172179 0.011856225107320803
26 0.10118411341974796 0.0007328472197513401 0.031329987883917644 0.042432688185002315 0.044294413927314404 0.03913000428376389 0.002060054230902861 0.06214405533924136 0.055106599954183905 0.07871186058250113 0.0053776831064757105 0.07604783494808609 0.041024107540044014 0.01837649973940574 0.06324825690294836 0.07706228956701043 0.07374670714705187 0.05359207674025645 0.08291891787041507 0.05147900141197953
27 0.012835414392172102 0.0861458922881785 0.0015031809977973278 0.07747501686877589 0.030034037787952838 0.06040004745868659 0.011796814486099023 0.015237580428281708 0.07926812973716933 0.06607485960529463 0.020370779808960827 0.08326578236595013 0.0040849488559371 0.07264890878836472 0.09654596905838052 0.059913684598115 0.07920361821147896 0.06682503042316468 0.013713412463151588 0.06265689137608838
28 0.019191328423921135 0.06524686425718319 0.018666938564968018 0.06752571762369845 0.10366515558649689 0.10561689800025417 0.09293119405686485 0.016168576749412335 0.04873543398660553 0.03338910561618748 0.027944270976151514 0.03672591787834586 0.04025764373717954 0.03393935502437149 0.011697898263145393 0.03943900314436526 0.09828643432639303 0.008954372524311907 0.11051585775844727 0.02110203350169644
29 0.00632883401628056 0.07351312712482011 0.04716589480833401 0.05183174274651116 0.04125287185796912 0.033644195435706944 0.062130419010566214 0.07029210133899802 0.04452129946015629 0.06119394429981204 0.011790148184205209 0.04345689206050089 0.07970113366992115 0.06510597030146263 0.011900101739181398 0.07730640639885253 0.07071620662766787 0.06255825709067034 0.04050318428030145 0.04508726954808205
30 0.02644727491758815 0.010022411253297218 0.07505667202671691 0.024324982830451754 0.06212478826505393 0.032969472051254334 0.06626515648661328 0.07443746365379622 0.08153304942300174 0.09858316485139923 0.052557637208788414 0.05886002464929336 0.02455866922568481 0.03864385845809064 0.07231744430308502 0.015490064200265085 0.06102477687278954 0.04671024158634321 0.06064392289842024 0.017428924838067083
31 0.04563045480145483 0.030796444238614388 0.006400550688177557 0.0067013608696641115 0.0557094813819758 0.0007216277434476016 0.0888510722765601 0.07920899695677786 0.042650900465994096 0.07101917536536712 0.08703872106804962 0.09940208401787452 0.05565065628927009 0.0083519734633256 0.060421574225338524 0.024571068802416052 0.06961347635321848 0.055583927317313486 0.0187448181861019 0.0929316354890584
32 0.048083586996896424 0.07543192923461947 0.0024784668690413375 0.018982876166968178 0.06306805093262723 0.06727006629441498 0.06206994580586477 0.0252429284416437 0.0354330485710055 0.031177654359165318 0.0004662387895613914 0.08574071063284239 0.06870761691024384 0.0976699122368176 0.074187651796837 0.015186315237260092 0.08807955820701895 0.055333981356822264 0.02070229672651211 0.06468716443383749
33 0.07993656460161967 0.018850148411794495 0.0030110066188616994 0.005866202301399416 0.03197050388353002 0.011101395824297124 0.02035463764316493 0.054066743624180284 0.04467775644254193 0.08196155006899453 0.08550649215997466 0.07853714011159701 0.022882771551400345 0.07605686379612078 0.06946835656167132 0.08979953517207892 0.09422825178526135 0.018809066499568344 0.054630756096872304 0.05828425684507073
34 8.949192573692154e-05 0.09875237971714815 0.07185621941082507 0.01703455702312251 0.09735711882231711 0.008603429111046522 0.09720000136595244 0.08341621883718578 0.09786759707794934 0.041914252140512025 0.027782437618515236 0.012513285791780732 0.024606567075440632 0.07285840882859974 0.05621729739564095 0.09777401837916759 0.00165660751829817 0.010671377085298861 0.0669186399685076 0.014910094906954791
35 0.03248406972089342 0.04237133929937763 0.06370090012925546 0.002426909745498049 0.04419810163162131 0.07508072433388671 0.03966678879862405 0.06593638052086198 0.02305604104878745 0.08712404192213154 0.003077659569446499 0.05307614537959749 0.02362543179809895 0.020775002205690927 0.07741452626958874 0.08563908290542134 0.06864880381093678 0.07234559846384468 0.04195923858263766 0.07739321386379941
36 0.061455425058463305 0.06411182831917893 0.0768301993251072 0.04291516337596043 0.030110423928546827 0.027190950742360442 0.029626073784907902 0.036920592886282196 0.015390021770480997 0.07658135601303817 0.06958784971117553 0.05117357983248538 0.058156209311751604 0.05248142110011624 0.08715113847249312 0.08150140643603201 0.005462674467028176 0.06531048203800961 0.03714991366582471 0.03089328976075739
37 0.06242668302250118 0.03636445492229901 0.04642048317729799 0.03809367258690902 0.0620385078234522 0.08713798205881666 0.0015542066079636306 0.028511021503819598 0.087313995766008 0.01947612295945829 0.11909453515454795 0.015477031663372135 0.06723571990207045 0.06848409047280901 0.05935991214754936 0.014188620969422024 0.09671939329817193 0.040705165687531616 0.02004809420430216 0.029350306071697432
38 0.10912045692693385 0.06411897210863442 0.03468531415415491 0.026696166376607537 0.009186382909101417 0.0540547508051887 0.004424161698564051 0.05854129418202542 0.03727834265225817 0.09397733878861032 0.037960541913594305 0.03660206782111409 0.040950949647608766 0.03405715455525721 0.05813749579940718 0.08185088463604662 0.07011137825849666 0.11412372982190457 0.00048312693576928455 0.033639490008722434
39 0.04805748639393801 0.06766357014643902 0.038247001739726796 0.09443573540191467 0.08070064669249365 0.08337909798301611 0.019031998951294957 0.006285761650791088 0.016062107489231012 0.0015907880959574463 0.07871006881275544 0.06286256189808537 0.07703500344668501 0.02927916922009814 0.010920706910989647 0.04967716839146014 0.06562378439129772 0.011330568924637324 0.07546754753838691 0.08363922592080145
40 0.052440910707352954 0.06311752886817701 0.04160038525163686 0.09118029490912334 0.010038707057351175 0.08496614623569157 0.0003983952069640576 0.03939026258335194 0.002491456328985617 0.0043622280547000476 0.07962280278401954 0.07047606338209889 0.04949949549925126 0.014447539115764796 0.07911680632500347 0.03729545635540663 0.04921902168549417 0.08815500089763206 0.07971464482589319 0.0624668539261012
41 0.011761586921295615 0.01536786710945182 0.08671491578938466 0.08550655862869669 0.025736387152474442 0.04271449741928097 0.051834971993822816 0.05654669367980686 0.08865667601044463 0.07885465447133942 0.022367699892973738 0.0018812790864179468 0.000689397181857743 0.057481124542057845 0.07469345870522419 0.0596736857857983 0.046472580023090626 0.09810503618787428 0.04320952862193572 0.05173140079677172
42 0.034429260904960186 0.06950927287183777 0.009976232629502927 0.04561110549013935 0.026992510850941544 0.03345490147721026 0.0475340624240058 0.005393363180445746 0.09659079236943265 0.0953732466029349 0.08345224661887994 0.03246097861604519 0.06135871907089277 0.02257145810502649 0.07420669921401156 0.07777931585878378 0.00046731892316142777 0.10081374741632938 0.039137599646193975 0.042887167729264375
43 0.050576565511569894 0.10241241036763492 0.01259210751982951 0.09587676342369297 0.0016129399487873715 0.04695963075322232 0.10459184959516611 0.05264472074106993 0.0047981222362627664 0.0258634085744533 0.12579467202560324 0.03740904057114981 0.022891602606205014 0.00525851302479524 0.006245524947382986 0.07893615362690597 0.1035902874211002 0.03601224635920943 0.05427303310889957 0.031660407637059476
44 0.06913329167607857 0.03662164874040882 0.07897947372896505 0.05926946152096244 0.07225122864297612 0.07657077139312837 0.01610834723290347 0.05329739910680763 0.02510423896160087 0.07827591316248296 0.06968516966275266 0.056375883886752326 0.048606070634510466 0.048011147564438604 0.0625729730244254 0.028233947248985706 0.023448083623026486 0.02903186409437577 0.018360390844152936 0.05006269525026534
45 0.02759115656441361 0.05689777698435908 0.057988428774327985 0.058049165737178665 0.059287295461430044 0.07075678227855664 0.08288745908341427 0.017116059237674744 0.08308174235865917 0.08194958740133483 0.0521760739419006 0.08222801110111363 0.013640344524653894 0.02722170887871478 0.04119836630861328 0.000996228557818829 0.07654561072838044 0.04140609231984101 0.06287350267316148 0.0061086070844532415
46 0.017322834528214277 0.04981202482337203 0.038290022977188205 0.012732347142429564 0.0846465362325268 0.0021296694341210506 0.06608821347844021 0.08146220900542323 0.07470132160795152 0.0026164640157935975 0.09881055488180475 0.045537937565132074 0.051703205002578446 0.05433836357153762 7.992125013421946e-05 0.0728434421809666 0.07955541057294901 0.027146887376838034 0.09646133677522037 0.04372129757737843
47 0.010763012257948703 0.05024832035528407 0.06089208215398865 0.09014377205827812 0.0685206345569044 0.07952756416240368 0.04495450615129301 0.08581146468876885 0.07269906855680863 0.01338654859833762 0.05251207141422305 0.012894656448785827 0.04367746376777327 0.1087025023569508 0.012874907479048583 0.008711911977916046 0.015770261614336853 0.03957464356522372 0.08415464732340891 0.04417996051231722
48 0.015643503164713437 0.036317886835789244 0.05246385154478525 0.02807961773191939 0.047236872284063376 0.014339075872826542 0.06975004764828797 0.05997649983705786 0.06917473919511062 0.0818981812626113 0.030347166505673474 0.04459373307596028 0.08284813719088455 0.015549182835544895 0.050115948318133464 0.04216355968338328 0.08417984524579215 0.08200421320799352 0.06887218302323181 0.024445755536237557
49 0.08698695942996036 0.01414283023011144 0.05262583136388141 0.0030567607233268016 0.077533066841381 0.08510588877460447 0.06729311583130038 0.013507394711972513 0.04474063773863653 0.08901101747936728 0.013740811892641671 0.026523692317941317 0.06935764390329023 0.06842036769659507 0.04997428128596944 0.0637026165991205 0.0048241735355619205 0.051331769573519044 0.07932921575057407 0.03879192432024453
50 0.019950748681557863 0.014979223134246622 0.04441440358581385 0.03205520414293821 0.037381203818559805 0.03763271980186896 0.060614675886372635 0.05846459258959831 0.08871832053194505 0.06690178252926904 0.023771944876574625 0.010895506815983343 0.09522532641029609 0.06393415813648573 0.06466239274364081 0.10608563136131183 0.04071930955970867 0.028781355871068712 0.038250981999315564 0.06656051752344432
51 0.04993662497225069 0.03895774973456968 0.06311594347627156 0.07122192108859375 0.058532011674123495 0.06606165260095986 0.07709285114096275 0.001121870293856465 0.052233519313956325 0.06421362190642951 0.050472604407881615 0.07603391461913826 0.06075590082604265 0.004314270917607005 0.037697211223337246 0.08016763412102405 0.03220236431489101 0.08048022686878123 0.025260232482983428 0.010127874016339484
52 0.07523393765700737 0.08096947038151325 0.02692157230468646 0.08021339833430047 0.08034893888908273 0.01478858192567269 0.04486906451664284 0.054715071027394535 0.02363587317017678 0.0756051061520588 0.025885812241824683 0.06645509999582036 0.03204993437906893 0.03413157828965912 0.004825852153656893 0.011500605969722107 0.018837002244315726 0.11982172828234094 0.016523288773023496 0.11266808331203221
53 0.003020765303536003 0.0038174823618115097 0.069619444958499 0.012769522486343266 0.04693494212803582 0.0013387502820438127 0.1050668609885609 0.0314242380612438 0.0632854615311674 0.07581920149118239 0.07351212377082424 0.00963068020420446 0.007675315643118101 0.060674009644098706 0.06271158476920877 0.039474099799435655 0.10428274350339754 0.04234756971546047 0.08380436013077723 0.10279084322705076
54 0.02477112713764622 0.06850805440618266 0.05084844779294974 0.034441178314927365 0.014686519291992186 0.042518717048364754 0.09259323191921913 0.08353477902177976 0.028547899413498005 0.06712215751878917 0.010589184589318124 0.04098310729106208 0.017785754883190584 0.05615732402692414 0.054047325236620036 0.0263086504083756 0.07112820043436469 0.07710426081259651 0.08973416492795572 0.04858991552424336
55 0.055372626154594276 0.08451025831821399 0.05707325232482296 0.02905852998770739 0.007917646125271379 0.07671654318384719 0.04332616331837929 0.017752224999334505 0.0007765552346497348 0.06426369697215915 0.0006780333369383465 0.0874116564919579 0.034081550399683316 0.034120604866963215 0.08597628844693594 0.08196150967923219 0.08302923454564745 0.0322238956434341 0.04709095580814807 0.07665877416207961
56 0.0025912637592986126 0.001863284518140852 0.09880536418750663 0.03185094915755505 0.04340603631670646 0.05350077340235935 0.043952636178362606 0.004922066216279446 0.01985211805537483 0.10959236059232394 0.060475197250418604 0.07386754837567816 0.04246838322986932 0.07354622494582945 0.08966497415578742 0.08405835563640544 0.07090266785114276 0.0024916982052235457 0.020822442615366213 0.07136565535037112
57 0.07705667714076739 0.11440646477320482 0.010506406332906075 0.1043470642066058 0.10187072977090592 0.03992221927116525 0.006217290402505702 0.015295265021465115 0.01933816386740542 0.0137125247229874 0.05561512445955721 0.04404774048775848 0.002921249013163856 0.023899276405008437 0.10004263495375884 0.1275678120318702 0.060912911118034374 0.043501428987774135 0.013605382843284327 0.025213634189871215
58 0.08024448955706866 0.06927776170914315 0.040548774630694964 0.03356331334943754 0.0854350907278146 0.003845009888578893 0.03287849701167184 0.08893011868217761 0.02553638265686771 0.027112539723838466 0.0003693596707147675 0.0818780002934835 0.058167987874143436 0.07639891376113535 0.08189264103447925 0.02128769094435064 0.019885403667577125 0.08503781649736702 0.021043518090062992 0.06666669022939266
59 0.06779672045900156 0.06806270614212769 0.020647280859040756 0.09134148639973866 0.009328119011303725 0.022843789702055778 0.02651078328323553 0.11698647394610624 0.017189882120102525 0.0015868939991533254 0.06279851523319757 0.06151162065317315 0.026335933581173282 0.005122691817511513 0.06338320814869706 0.03580417267311997 0.048594855993679735 0.10329540759953863 0.03618306649310892 0.11467639188493453
60 0.031210157392118507 0.060436060850641286 0.05288849222005624 0.024699256512973337 0.08187273851060042 0.08910845899522997 0.09471014273820845 0.03889765514680022 0.028084355897760697 0.0647318740294311 0.03646084253260286 0.02215389518991544 0.08214691640389142 0.08998037903015987 0.03310654476466279 0.06396428353035193 0.05903714817245304 0.002296122595870216 0.03770071097282209 0.0065139645134502195
61 0.05122074013872654 0.00675050985353403 0.09035130137024992 0.00013623658180126908 0.06403017228407833 0.02814821900050722 0.09946312430871408 0.08067418341269326 0.0028638778504219142 0.047532272126129434 0.057256084287732364 0.03958190042944504 0.0909455824983347 0.04808483109206615 0.08337954645834698 0.04339658494478738 0.023379383570733128 0.007343970128974126 0.09102256308341292 0.04443891657931093
62 0.06702528130807896 0.08626740157980603 0.0844302173008045 0.0579152337103566 0.04990795682622177 0.07832327787108516 0.04431310877140291 0.062351008759039664 0.0013598990414146988 0.08546149876482045 0.06962329276142783 0.04596752197478746 0.06153261008479557 0.032032943236406694 0.009261283130296474 0.0015357005961939667 0.061814202096382186 0.002352282958865233 0.08195845844690172 0.016566820780912178
63 0.06795739162105512 0.007505774197875426 0.07584116306716708 0.06700727717534521 0.06259050909368492 0.07863336820147179 0.0712435736717547 0.01701738030891036 0.06563751428964466 0.06905805205512623 0.07776769842528193 0.03109297243728757 0.02182469732105803 0.056426957154203504 0.04909519862423228 0.0718821544674391 0.014411965736882993 0.07179430617553169 0.003957855566371199 0.01925419040967612
64 0.012476944515994246 0.05932926984262001 0.02521570606341076 0.02160568016816092 0.07958526436884214 0.06660113071118381 0.018439282194482275 0.08655526001850772 0.02105167248704662 0.07984883483426711 0.01983879016424756 0.1019241289557628 0.01002340645829299 0.019718984153700048 0.10050801802334487 0.0539146287257489 0.09804896994268561 0.008420013292124245 0.1001900124057738 0.016704002673803515
65 0.007740257749608826 0.06243438111970648 0.06605212568485437 0.07054572514048514 0.06184006671375032 0.01469499808209964 0.03977197155577756 0.06784471479623494 0.05490832877457302 0.05661754614382466 0.03709712679180574 0.0058354955676531844 0.0670852195525005 0.06647447201074849 0.058414049945861225 0.02774763120834604 0.06897446210153664 0.06390729862892916 0.06647955844336582 0.03553456998833809
66 0.005569968512656775 0.047925029206316985 0.010282713264806405 0.08310812915331259 0.0928113035006201 0.01905601057592246 0.010878468377280693 0.01579081880163151 0.07284108513387912 0.07700904767304101 0.07302955258439954 0.015967254502788318 0.09841146023152435 0.032045759543041265 0.009323423242924608 0.040245275469145365 0.08157772669926852 0.0732304984142876 0.06329874763394544 0.07759772747920746
67 0.03132353820153201 0.03509168459064483 0.07294933909913107 0.07685528437948946 0.04128354317187704 0.06851646014296132 0.0831899266383796 0.009647886065562753 0.09016682886265232 0.03700809494778066 0.07491645794570016 0.06584876666496746 0.015312910671064035 0.02403452784384014 0.009063420801408146 0.08538036340424375 0.07811602751643301 0.030607664729891817 0.03536982697330746 0.035317447349133176
68 0.044562501185059444 0.04007111788604235 0.07573459213146153 0.04713368570132482 0.08815898693504856 0.026350486706936658 0.017528343233659264 0.08737264560974092 0.043827474740556656 0.05102200758280197 0.02483504660228371 0.06618808245840478 0.04958989797156186 0.08025995391081463 0.036644216962964965 0.028763066602770393 0.07807275772155055 0.017914081535871443 0.014340015429671856 0.08163103909147375
69 0.00349818284272655 0.09165482384442064 0.01474529869813986 0.07295805317284673 0.008952104195926675 0.07324646608247337 0.05068068276005049 0.04941534653095399 0.03890561851035773 0.007788745024204398 0.07023443914059847 0.020550153477974877 0.057923522377875576 0.055732772451321785 0.10576549958216608 0.0994083749059782 0.08965664196293577 0.0461639033923556 0.01966944119172947 0.023049929854964242
70 0.026274061644393547 0.06842570270420109 0.10205188309574982 0.03225973912776283 0.0030649570398995464 0.05627425321724248 0.0423639910399039 0.0905519014392281 0.07884168456940395 0.046954876949533764 0.01192072973903442 0.007482999681599989 0.06754110200405114 0.09058046236383921 0.02041872702317727 0.04224386414401691 0.08238328733678323 0.06678043155430125 0.018481665602507934 0.0451036797233697
71 0.017013793271546677 0.08768883045449712 0.04883740406153967 0.07281032322373218 0.0827262615442285 0.02054233843472599 0.02127147704149329 0.09689564229580273 0.06890845781691783 0.01168080148695888 0.002555593342102736 0.09738925054814589 0.05245252637177285 0.016366502246132963 0.019791258020592752 0.042920170509643675 0.002262421193815509 0.07256050892487151 0.09426811190870227 0.07105832730277697
72 0.06837964168982143 0.027756500223110273 0.055952042652732 0.10293053684131964 0.044449306434323974 0.07644331735124633 0.06573752106906465 0.06997827811353446 0.02198200106129231 0.02121997296110674 0.006929824167964174 0.028855883695081696 0.04890111525148376 0.05201493873513186 0.07014710461026537 0.062149479676740685 0.015540946854149277 0.002367527158123095 0.055243907682423356 0.10302015377108488
73 0.13410083205959417 0.011419973731084256 0.02430357538115566 0.012606144047131798 0.034271429937217 0.016756878431368045 0.09887498808574884 0.07361535954549296 0.014299729588964576 0.10624506841778945 0.042888512009668936 0.019964040055925548 0.02125318702623138 0.014730699620638018 0.1266223357139209 0.0575147218224972 0.07793572337650831 0.005906748989844147 0.05200989249688318 0.05468015966233563
74 0.06218313341376959 0.025660344254876767 0.03346351301854623 0.056407031488050124 0.06791865301982764 0.018364646344791704 0.005927914089785899 0.053669420299446324 0.0880055855034987 0.05572414805554777 0.07884666396111689 0.08985329714092356 0.05721328392489491 0.0440211517983086 0.08947462313451507 0.013542318634139168 0.06716700967475547 0.009318009791249821 0.03084413803734035 0.0523951144146153
75 0.012373449555535277 0.05627895695993022 0.0021015696796393983 0.016776040233434916 0.009011736866594153 0.020201484516156602 0.06089688695830277 0.01117821059495522 0.02306723972757958 0.07441345135113832 0.07778939071465038 0.12297483570089096 0.06565529548334957 0.1197661265612654 0.037103858691363144 0.007764417216041034 0.019328616130949723 0.07647472039346612 0.10212448192121483 0.08471923074354241
76 0.05796711151276603 0.0025597025627223866 0.037013906076268234 0.059914918718219856 0.0018631951392295931 0.06914279970612153 0.04256830053757992 0.0550482646537561 0.04829063141023984 0.0743361287854611 0.028370940055529745 0.041187889796250786 0.018052928257254332 0.08070632967960663 0.038437929248470455 0.08554698395475283 0.0766421568831672 0.052288305690135525 0.06458193267003376 0.06547964466243415
77 0.00623089129684982 0.07730095725997617 0.0772506465648805 0.09506917167840302 0.048233071714651896 0.07780939870317131 0.05998060571124472 0.013608676773432696 0.09365108267543322 0.002436596096803124 0.049408015333941686 0.07844747468511899 0.07649387631740671 0.01901776643137871 0.034084545839915895 0.08031476210797762 0.02107689927294858 0.04101103505838327 0.008857325756878228 0.039717200721203993
78 0.08163875843212555 0.024745108318220767 0.0049407252859452735 0.07342977885109958 0.08036429508229288 0.04508821232149439 0.010481084065104167 0.005884794890939617 0.09933150847634548 0.02405792558080214 0.07829997902751153 0.0729041380740786 0.01327470052727074 0.03207760038590487 0.00923632521576689 0.021830124322359253 0.09435292621696652 0.0860723950256437 0.05234642441623916 0.08964319548388909
79 0.0133902170661939 0.09086590576385925 0.023059776797240545 0.010628065269029286 0.09688653899233604 0.0001560029505715277 0.07966822066712786 0.09063985409838324 0.07910081591716302 0.03135348476026374 0.0636329577894846 0.027383098299870283 0.10966317916265489 0.04605303142099537 0.024811403217220696 0.09564395821668654 0.03904943119660792 0.04282545768621086 0.027652789139296488 0.007535811588804012
80 0.08168061822713503 0.08097110395789378 0.023488647622203186 0.06015706367884342 0.0951615699013405 0.02732347842997668 0.018376769576711662 0.0645135317606319 0.042062586550754226 0.037304541459281464 0.02528967354830292 0.05781283033509147 0.055699229099730345 0.024604650276144772 0.06934643499416814 0.01995260284241846 0.09377813655867206 0.09743815544959174 0.010114043382301869 0.014924332348806359
81 0.05418958503622658 0.03698813971906042 0.06421811252787932 0.08669216784310822 0.010449698948147125 0.023982351935304926 0.01840273507017207 0.012726572793627265 0.049565755608614565 0.025688461741007702 0.0765094397856396 0.062256310087987654 0.029996492980055686 0.006848187823085321 0.08925512661887296 0.08298723466051408 0.07771171612466025 0.062494048743099384 0.037117383027174954 0.0919204789257619
82 0.062450456467330835 0.0663954757335738 0.06905108573211759 0.001854866977871517 0.04251471713213919 0.016152396975470898 0.04159464947099311 0.05027926447979318 0.10893106880682334 0.05144382097735346 0.019255022265283275 0.0009932419319823786 0.07157594579786092 0.0245782265080672 0.09869997377260516 0.05956067122051327 0.0751798263939 0.01916132149548335 0.1049853146339589 0.015342653226878883
83 0.013239609321589083 0.046979720594540385 0.03130051295088899 0.0739675837806621 0.060073131868732255 0.09803734271965246 0.04765785264433897 0.102151545432947 0.05152915470433432 0.011285357608976688 0.04972251959975196 0.07402137296888928 0.040445062502504264 0.04632118175239139 0.047307667755199366 0.008504732994892725 0.07299221488664022 0.06325048513686567 0.03787250218031108 0.023340448595891915
84 0.040256255791406424 0.05066402549945135 0.019855930300571353 0.06329453061552792 0.04156798567905058 0.02944475261806791 0.08393751900129409 0.04997400755968036 0.06617337371557701 0.041962678451653336 0.03138237218538814 0.06706309789888476 0.0009304225552012552 0.04628101278528945 0.0552522790172774 0.045066984605928735 0.04624187844922642 0.07888717736817007 0.060988562724218744 0.0807751531781347
85 0.0283129113148324 0.0752143547720568 0.008264356505218048 0.02778790037033802 0.015097084039780507 0.00947327463252217 0.027552575425876833 0.05591933884048149 0.0778542430331142 0.09829461997567969 0.11265000804589353 0.0593198351857305 0.05718064941271234 0.0985116808627114 0.032478775399264435 0.02342019822203872 0.04584503717972426 0.07636409859334015 0.003131748037278773 0.06732731015140593
86 0.06251843745673245 0.06705793993294924 0.025440498184048806 0.0861026315134323 0.012765382761458548 0.06904500057398895 0.04928805437977544 0.02703078896772869 0.05634252667693482 0.020385257994709603 0.07623183916973068 0.05603408960357664 0.08325060864262503 0.07954900593799924 0.017105209708593385 0.001601421075377612 0.037984525120472755 0.04998632886252418 0.030571538619432122 0.09170891481790931
87 0.023356146731857083 0.0030454576944312184 0.03280448312554829 0.014851194194661663 0.005495898528310037 0.032452640973803105 0.0651463201952615 0.07717013758439616 0.07988098222430863 0.06842328545624196 0.07797623351612122 0.07601428261592061 0.055252463106229874 0.00738393495646753 0.033219514017725875 0.08395149205805444 0.09132280719647949 0.052495521413326245 0.06004031174430452 0.05971689266655044
88 0.06228392325252317 0.10700074948090608 0.04116805529053907 0.06397740613809808 0.012496570482555475 0.0026577971210377405 0.024086871865620675 0.09007038135677901 0.018680724600987714 0.05039575482895278 0.03915596692355331 0.010214361447013126 0.06358603409630924 0.049570273138832284 0.060544801575762516 0.008974348153070189 0.08060081182322122 0.07510110922006814 0.10827864738647269 0.0311554118176975
89 0.06805860959204449 0.017119653934230365 0.027083802643443032 0.048992653557300585 0.046290151678867554 0.063936885443621 0.014607599131666593 0.04574498193679808 0.060745593333427314 0.0846043016045115 0.06636820438414194 0.05591683951499532 0.04987277046969035 0.013723354704998116 0.06668361666616034 0.004697349942052879 0.1107825320467902 0.10733435678322556 0.04362810772201337 0.003808634910021261
90 0.034432783175214456 0.01784571387387953 0.0674375379586077 0.10007377466560215 0.019392806721692146 0.09773398546050947 0.05654087749419853 0.005221113012980488 0.10272185818614793 0.053530420448707525 0.044782612998022504 0.009182957542519923 0.05680031252414836 0.03997665291907772 0.023761190114939417 0.013998608127846337 0.05163944324363755 0.07139087034497599 0.04143693798828759 0.09209954319900482
91 0.08341223740997292 0.04479921233736605 0.028953993712131445 0.017266253195854737 0.028607682659424753 0.045234731192046386 0.08586879230005347 0.07782340292320616 0.09920471378576966 0.06332023834362484 0.01762059054949778 0.005236914648264969 0.03138302984723615 0.08567233929821806 0.039141258398829634 0.09122583631007215 0.0655922960186272 0.06257561925808028 0.024874317032668663 0.0021865407790546067
92 0.043664566218300706 0.017090090289112462 0.06775687028522995 0.022462066773624306 0.04504824637751572 0.07018553911273864 0.061850138688320566 0.06967312082283245 0.04140527296743437 0.04379156833880986 0.07980059544433117 0.0358856105400314 0.04839456876287127 0.03572755298578918 0.03164057126064715 0.058749623984755354 0.03223298996132677 0.04517297550283993 0.07331945145715375 0.07614858022633506
93 0.06473907093730988 0.07448034472843781 0.05503005531486689 0.07933033868435452 0.00816868863697595 0.003000154065768499 0.077544606945997 0.06505753070473244 0.03717506704717445 0.06728574860308248 0.06459654422835573 0.02975103202537643 0.07525907510832373 0.052341053785078175 0.03916468500105137 0.03620172635217924 0.06879939158127645 0.022104606621513864 0.07336445234634144 0.006605827281803636
94 0.0583044020181042 0.057987150254902045 0.03644086882985104 0.052079135303080754 0.05080206330880346 0.06613712550173184 0.08600493614703505 0.07420263920343817 0.009457834736755134 0.09032225377666972 0.018519220036090616 0.014994939831176399 0.03534766936525646 0.02053014063457473 0.07572072987636068 0.04970182569140008 0.03698778533887249 0.03022563349367964 0.06875486113712345 0.06747878551509386
95 0.0323903922974302 0.046238256396455575 0.05223814187429038 0.04602319640346445 0.05786556076148528 0.040806513370988284 0.08162471274276781 0.025312100189414623 0.08910112717096909 0.0287929733339696 0.0056408333980860394 0.09089014951238458 0.0278597542231677 0.09311570285401323 0.06594170683838478 0.05034071833727112 0.011828711006866192 0.0601475977722155 0.02930227102850978 0.06453958048786558
96 0.05971668476513089 0.04501142631466711 0.03554422659466394 0.01185727517763451 0.05212020473743433 0.01770115727664357 0.04609027968098886 0.05443369654221617 0.07711108626342844 0.002521172216485775 0.10557144055506909 0.08768971542063661 0.015430947673072352 0.07488557835977716 0.10118656618368276 0.015471033689925764 0.08551136234941127 0.06039680810187406 0.010841892645647317 0.040907445451610076
