0 0.001587060826899206 0.05856119654779128 0.02754808739569422 0.09860741204427137 0.05269524959641687 0.023903923414719627 0.09778248145898819 0.04119124405610786 0.01000609658878685 0.024458135423156797 0.047478240026584025 0.03648703315129052 0.0895006759500401 0.05276249390094654 0.08008777835869695 0.017001177222683062 0.023781016759420084 0.04152979870637821 0.08859382229488029 0.08643707627624816
1 0.016478557482499726 0.07860126194095679 0.010923845313662316 0.07320511158124302 0.06522623256458727 0.011118595573987398 0.0692671091383759 0.07060520107706131 0.08132064549516889 0.04519763825042397 0.06650908177517653 0.059726478824454414 0.0752389465723271 0.01713161883154471 0.031197898075500014 0.00523775104856253 0.08637097021282798 0.03528116447596694 0.0089178474273813 0.09244404433829172
2 0.08487574920861365 0.020910450432080608 0.05522597238065646 0.024732517856762816 0.04329719147185684 0.0862342746102449 0.07021073783649096 0.019119917974457005 0.015556165335833093 0.012849117538442879 0.05150207756216902 0.08633497224122107 0.04621219246596519 0.08942745902718567 0.017849997098188474 0.030731366266439658 0.04435399415650459 0.07817622912562609 0.03865979594953265 0.08373982146172827
3 0.07240940813357272 0.10251903752060035 0.03723126387204208 0.048080185096701124 0.0011989983624233012 0.10252798753822706 0.06092596204267468 0.10500582844235488 0.04064571048078422 0.04444742620465425 0.03600037007345499 0.08188262260085218 0.043350211249653395 0.023420752242612572 0.0014106254250545376 0.027485445106120554 0.0498838040139482 0.009267214282602852 0.03331810641145537 0.07898904090021074
4 0.08423623584986946 0.06092461841196064 0.07150663821004234 0.08542044103869197 0.01770977531987568 0.07131287604163326 0.05430358943214199 0.06738919146481753 0.08501687747467404 0.02346372772689829 0.02459835949488701 0.028022780987785226 0.03589422307573547 0.07349867039983823 0.07095901021412163 0.03461525975354716 0.004130423803630108 0.07768386358435042 0.00013956191555442238 0.029173875799944862
5 0.03272412025645244 0.05865267077301265 0.0628470157725067 0.08304574126983574 0.06942080717326363 0.09454757465620096 0.05722129313494261 0.011673407876660574 0.03534078740157387 0.038640397840603365 0.006020971469617885 0.057396614161860295 0.053715411709700615 0.06919853090881392 0.05464086607781809 0.05353367491901719 0.09514079888528777 0.05112426636774197 0.012944035521747542 0.002171013823342221
6 0.026919794234191028 0.05024831886652702 0.0092999874521665 0.020768490065059046 0.03760803100447803 0.007439878953020778 0.08417499866119404 0.060566630462476706 0.040219187553718186 0.005743496375349298 0.09640935698574002 0.03879311435557299 0.10082094430846453 0.018092660518864268 0.014568775131621166 0.09492917530814762 0.06439433423682643 0.09570046730373634 0.06537016834915102 0.06793218987369488
7 0.0011228260834702773 0.05605773287584217 0.010235852240681862 0.052875771989983965 0.045691627660943944 0.035831323503173675 0.09711950817386841 0.03174203571155684 0.06464479572576962 0.05865730057861925 0.04190769935541216 0.0319053660124045 0.10927820769798796 0.0939084678181988 0.012987920142987759 0.07666725850660912 0.029629806985142285 0.0871266556778787 0.003252886352657165 0.05935695690681163
8 0.0815294339133899 0.047856406322120286 0.016872254999656184 0.051680841181208526 0.0668491984524027 0.07839279887967354 0.04437485014419882 0.018944737484093598 0.04981420759824301 0.048893889956993924 0.06695901380476121 0.04857622830178436 0.04113129892506572 0.042146870799987864 0.012084517542086814 0.06995690703998524 0.06085867856563071 0.03317876642446904 0.04286007203961825 0.07703902762463023
9 0.06671617613009477 0.05589419362078981 0.006777619812982575 0.07764967857824114 0.04958427467903696 0.031990601946742935 0.049004467490463006 0.06430626926100784 0.08386709758851192 0.0710783541792024 0.08250003157009608 0.004252039318076268 0.0867536061002932 0.041919020710277304 0.06651229110075738 0.009908789373405825 0.02148832558016773 0.06543105768217358 0.03008852056353323 0.034277584714146284
10 0.08094699358822124 0.011341146963432018 0.009586153883025602 0.0898694288001196 0.08962085143690815 0.03685761009600326 0.020805831225422133 0.004206828242194476 0.05134805620564115 0.08043927200457493 0.08074371354128947 0.0011080807888008786 0.025483307572112802 0.07782982368229159 0.05407151688834253 0.027978086683081195 0.02504340463279087 0.06448351278487852 0.09751489496638402 0.07072148601448561
11 0.039689450217891574 0.0062668199439964946 0.04757074534240442 0.07524212577239936 0.0883814122592236 0.08133401401941945 0.05065911760085351 0.010171968652253777 0.08581135185325002 0.06669365041806491 0.04142018265428064 0.0802746933773758 0.021604821183745262 0.06318994770772855 0.017485078000363325 0.06915636894804739 0.04724681783404442 0.03004083325805157 0.04144470896529285 0.03631589199131313
12 0.07159519875789072 0.053843218056707304 0.07762786487600062 0.021870991365233076 0.059256630588362134 0.08204444619673806 0.07532648780713844 0.026934882117390965 0.07565241593726411 0.08254986885016266 0.05897645114336875 0.030080808415715456 0.03928298767460337 0.0065709737757064035 0.040086744537959566 0.033942889193228534 0.08304563558040956 0.018544988679249728 0.003110958394919047 0.05965555805195163
13 0.017469139287602835 0.047510242971208656 0.07524273860552608 0.03492895595798192 0.04364815503401883 0.06427620722621419 0.07013365664929481 0.05730007571987472 0.0733211261513149 0.07546469931351414 0.026621650744983166 0.04264833510304927 0.054674781729276783 0.018292150329383812 0.017670666144494432 0.06456641462267743 0.06662086370406743 0.07840676138738431 0.031975663753895614 0.03922771556423667
14 0.045365256587264764 0.043927501564244936 0.010738420093518563 0.051579257296844795 0.022623533775036654 0.023449911950084536 0.037162300344063044 0.09964218152769828 0.02398158680998687 0.05337673423759208 0.07572749072813052 0.07645790462593419 0.05505883233509981 0.08049548906026166 0.02263009607600301 0.009678393242285031 0.033855255713008896 0.08997730462686039 0.10583294215517924 0.0384396072509026
15 0.03874561237641974 0.09206190791270173 0.05201525349777041 0.016154006753180558 0.0047883156101674994 0.01788765983998109 0.025496680916673228 0.014778204330106058 0.14069794795014615 0.04796830656016259 0.014661428098682308 0.008441534931399897 0.13476887671374257 0.0459214695340636 0.06296479821859843 0.06519656561666416 0.020840837632426952 0.055084532612146304 0.04492889265832144 0.0965971682366453
16 0.10153914811439434 0.04396295969662003 0.0012299894559478902 0.0654605635225881 0.028193288353502974 0.022780443381929832 0.0412185358184719 0.10101646576162002 0.018655730541075183 0.05855432488432841 0.068097708224023 0.013429206149794003 0.05169437423478346 0.04881269661385434 0.09694018116679594 0.012444736855997606 0.07245241463048419 0.023305524145399777 0.06136475798665183 0.06884695046173737
17 0.05519788044080832 0.04421815014382375 0.04378687459012115 0.08025755935616635 0.06657593472045288 0.06316889970525548 0.0550894415067892 0.022163156028685058 0.04406945091769818 0.04539830912081986 0.05943394237540843 0.046033434481430734 0.06538412756351365 0.07971668319146466 0.07171698478481875 0.02326649582330358 0.009421432364983447 0.04583918188468286 0.04166283767173699 0.03759922332803675
18 0.05190542386314236 0.0018984574734877658 0.024391002629293255 0.054553257487154276 0.0803392872633045 0.09787916898491546 0.027622012833161586 0.07299962051852335 0.07174937231012375 0.023112909795158988 0.057858782068134246 0.004679232521545632 0.08143524339578842 0.0389259502483526 0.10019106881359796 0.07212613978214222 0.014108104023606304 0.08057920792540207 0.033849108393311685 0.009796649669853509
19 0.07326663391650197 0.08469244854351526 0.07616082965478585 0.06390883614946578 0.004007794112151695 0.018097847503346656 0.04540484076655876 0.08817282144856546 0.08046871682351245 0.0005391949021460637 0.0033877232508815708 0.08660232109165268 0.07211974697652256 0.07351063704623875 0.04250601040959311 0.019574510371954318 0.03386123384905163 0.04106679727746664 0.010391119043188941 0.08225993686289988
20 0.03344606940061153 0.03312593829367785 0.06316787147246448 0.062002864747683496 0.07309234439605801 0.10090306417968128 0.0478357197538871 0.11051832069050758 0.060721482135581525 0.008695695100828982 0.011509375260464699 0.055223154514733946 0.07196681809432157 0.05517746874964349 0.03286218146829345 0.060360247187908396 0.019461682950852193 0.0003627832187412538 0.02982313212859009 0.06974378625546906
21 0.0805952301716431 0.0576884438576719 0.060080483515824304 0.03460096564628159 0.06655150365282464 0.027442459186787286 0.04036096790778504 0.06092148663811048 0.04109531113884633 0.020209935147889362 0.06374612861886984 0.022100521075517042 0.046865298742559076 0.03658601489098533 0.014736224007672957 0.0738647545254809 0.07890262930349115 0.039334241813609436 0.04288171972502816 0.09143568043312215
22 0.051679536820143854 0.07850152806454891 0.03518506044012738 0.03370912708687598 0.0009741151434609686 0.06371755863478476 0.05620061225470627 0.08823269271334398 0.0675528754357804 0.04773510795154414 0.030134406174674742 0.0328678244705177 0.017022170431759624 0.0703231891715775 0.03422171900221107 0.01426824830141087 0.07171234651150536 0.021480732383155333 0.09320731646341966 0.09127383254445154
23 0.08951952049561002 0.04768824661768074 0.07418827635319938 0.02796872621326276 0.00873493383456575 0.029960562746294866 0.0006375886942116241 0.02502576593638809 0.04958338930350468 0.006482895213914288 0.08387498193617428 0.06892747134661667 0.08751821277712353 0.08472240540874827 0.06448837159440052 0.053687144539324924 0.05330792265210841 0.08761338117474388 0.01551246895988917 0.04055773420223823
24 0.006349620773760492 0.019737561418288953 0.018977183286491138 0.07346993444458105 0.012549066602940593 0.06461694981192356 0.03837799074436214 0.02153127134266458 0.017925888372038786 0.07063049338515841 0.0705645069253071 0.07283260795906993 0.005335828545781506 0.09027366303666505 0.06446710334797233 0.07713152122064779 0.07553970166597578 0.05718384279072306 0.07919291291117424 0.06331235141447349
25 0.10612411481204166 0.003974185308399053 0.04284159007479596 0.04755713944835737 0.05508376397736175 0.08749137040564504 0.04215176558744966 0.011458751350855985 0.040681805208124304 0.055728355925831495 0.06440262749432626 0.06520880207509838 0.011634821754541861 0.02688567739868454 0.01752424159537485 0.07349836673989667 0.08631455463157767 0.02264434898617932 0.0327219807005278 0.10607173652493038
26 0.03972289813154565 0.07146654118232913 0.05315192498654588 0.015508384841215767 0.07190489453967519 0.08435649839190727 0.01882331207789925 0.051292253238666916 0.08794156554752854 0.09406634834482847 0.023290069169605545 0.06703878342053414 0.01628918172561142 0.05202396769588169 0.023701483460534852 0.006262196964579141 0.06471269580859425 0.05463847957995831 0.05612588941708416 0.047682631475474406
27 0.10092287571843844 0.03816404792378729 0.08159839750496374 0.10246371689406314 0.001073494710230075 0.08405306483283227 0.04603470293520716 0.076766417648737 0.07807686252174008 0.05493414263159485 0.0008324639289870475 0.02889907511694216 0.04369257992346876 0.014546554000638975 0.05873975124472061 0.025829973250295714 0.02456634016234516 0.07646306979959021 0.05093207202452352 0.011410397226893965
28 0.09632621821841819 0.017721972921040663 0.042573534564046465 0.009685864095205445 0.05807879763532106 0.034012308960131465 0.09795862333203809 0.07362928026937768 0.09288246380312414 0.09008960196713935 0.052825636675389115 0.05052109214388681 0.051284072472673775 0.01044846012234195 0.06755803663472437 0.05533193447288597 0.047740510985834914 0.02768728463205326 0.021501757639107295 0.0021425484552600447
29 0.05813421433618959 0.07128849770481065 0.04989465270869094 0.06535022531394158 0.07438416479661725 0.07784435549418965 0.06217585016962409 0.07435821424571361 0.03690296478118473 0.04957103594848122 0.03161509807562059 0.02727455718913334 0.009415374124863625 0.06782389329867501 0.029772057650068132 0.02134571325266738 0.03405591630804684 0.048196097377682615 0.08283790923492373 0.02775920798887529
30 0.051882168121385165 0.09346086305024931 0.051230208371082914 0.06889896671164858 0.060768413888093335 0.029685128530250748 0.01684201190545803 0.04098279118515794 0.03993408904174768 0.0724367264440043 0.001623221339939311 0.055363180576130655 0.013601939691329742 0.07811872049015665 0.08031044103161558 0.02406524655902139 0.09060562429828267 0.09724316473349379 0.017772813887151528 0.015174280143800515
31 0.1077170488489522 0.020854646012141223 0.02961798880605357 0.0372572066304949 0.07519156824317096 0.019130581960571463 0.09155279603737873 0.002279834346558021 0.008992749267565995 0.023557329757841437 0.063889983016488 0.045902047655528716 0.01782311870364989 0.023571438607314976 0.09656729164810654 0.054675158789298996 0.08919046773790343 0.05972669954323179 0.03204774089330092 0.10045430349444834
32 0.0884079498948746 0.086599068708425 0.004330008127232669 0.05357139380648551 0.06627341657623509 0.06588576547781465 0.026453428438524315 0.07050294514222945 0.050854228423721476 0.07412607685543207 0.03931865466924938 0.06047765964828118 0.0011500552313611467 0.05586493052317055 0.05109193235828412 0.02073793601519565 0.014830797995963967 0.07911272040258165 0.022554707567874865 0.06785632413706269
33 0.014461566268782805 0.045978818288859385 0.07687066765639905 0.06337126980352532 0.10432198810395489 0.07516472835790271 0.10465938146885406 0.056533767612843434 0.0072292904564521905 0.06556148968450434 0.08989877110998445 0.006082211917425494 0.06595584492675528 0.028778308564107208 0.0054767799767681405 0.08149379053378837 0.02688421001046768 0.011671219104255077 0.015054708505861698 0.0545511876485084
34 0.07256215197963924 0.006731563686875147 0.05195451795351751 0.08981558583314551 0.0876712092788841 0.03219155713564755 0.022266847858773354 0.0886741322545621 0.005458319062053232 0.05581502981045567 0.05514945899289979 0.04427429745744985 0.014491422720513866 0.059935659082127876 0.08178535399817696 0.022332128423832996 0.035929854783167084 0.0754579374474779 0.07429574504406268 0.023207227196737637
35 0.03566757158647313 0.07635868965380312 0.03534163903801799 0.016833503849756546 0.040764860456464456 0.02822799588658187 0.050826383576615085 0.08739696523231963 0.03142248473547559 0.06737855900684085 0.09652404298353875 0.08820705617691764 0.024877506504489073 0.02341047447811907 0.0557051380267362 0.05074262217342488 0.05733372861127389 0.027518624070189127 0.05112504679776275 0.054337107155200445
36 0.07963919067019877 0.05498209045910922 0.07434375426380511 0.06224938776019324 0.0541087614295093 0.08136676992289159 0.06892733868257601 0.07663930831141078 0.03273308515704477 0.0355152046563894 0.027658403357716636 0.06684319827412107 0.004475000628226283 0.03891742395044325 0.028043211299942118 0.0786812198038388 0.06303178944830604 0.0018140010056763214 0.005085053612892519 0.06494580730570877
37 0.07471132928043876 0.08790177422166949 0.04640927735119783 0.07186134798769465 0.09228562682257567 0.025447567128782555 0.08236097621545592 0.0320440249541883 0.061892655189589814 0.029162359727565135 0.000979547695927731 0.07237480829187093 0.06946747941281718 0.026274854789562995 0.00041083869829642493 0.02699399282859363 0.04300234354709606 0.015047853981725073 0.08463180444160487 0.05673953743334703
38 0.02908524971672899 0.044173791123298944 0.0425596981881423 0.008244111054091927 0.015541181766450482 0.07338169633489991 0.06747530259437749 0.09513870966986644 0.007100078264046426 0.04860096533728588 0.031660219690120145 0.009447390839710308 0.04213186966638512 0.0615633504817319 0.08800477446287855 0.09094966031442121 0.04834802022557067 0.006606367194809315 0.0844204408100332 0.1055671222651508
39 0.0520189137482391 0.038732906323028414 0.07757879860335565 0.03142078744946585 0.07497326411288657 0.07114561015707566 0.016231183962335353 0.060459027687572935 0.058702283350831226 0.06080301499934442 0.04029353874628299 0.07706135747362435 0.048375932547544874 0.03191629272473715 0.048721735040926965 0.024094333194985336 0.06327702014301978 0.045384469004532156 0.05819920038450072 0.020610330345710713
40 0.030260186818906912 0.06526839767402139 0.026128284352575474 0.023267509958125182 0.04526348015411917 0.036541978737018636 0.07616193081945695 0.0665640725124269 0.07925497066423566 0.016318699240318264 0.04412219926264302 0.003963386823635416 0.07859200466995368 0.005832035069714919 0.09146641518952482 0.032682923042879834 0.07486717396544927 0.05088314194190933 0.08766649019430821 0.06489471890877706
41 0.09807328675810728 0.05539914690477032 0.02768404007098649 0.026023506778098535 0.05395004070030503 0.05555036866708145 0.05642367114032457 0.015947450781856762 0.04644677227860908 0.06254948617613425 0.06489186629662196 0.010785697779311657 0.09679158816887921 0.08135973091642079 0.0034224065302281043 0.07663941087994013 0.0049464712138273335 0.06004544630738039 0.08900727511228215 0.014062336538834486
42 0.05599490181130595 0.07569235775657693 0.034213804707770044 0.013606825962034566 0.06295074261963486 0.03140310160419534 0.022306079988241908 0.06692933342133582 0.030054533263653486 0.07470336210618399 0.021220186153390247 0.03190303128411274 0.05588639344940703 0.08151069502697132 0.04930190303849939 0.08247401643865647 0.06793538492047359 0.04581891933647058 0.008131851156158559 0.0879625759549272
43 0.046046792964165854 0.0650738787991948 0.09040933526162973 0.07956030693981314 0.019279329884286482 0.04521462744388192 0.045104525668810715 0.007597878814815202 0.09315840350693394 0.009274265134588584 0.09027949687314182 0.05973561888218141 0.03220885223969062 0.09667075072424651 0.06156145163728168 0.02786258244435826 0.03386089912347868 0.03851299540563443 0.001361824161415811 0.05722618409045057
44 0.0629514256376446 0.058431308186720494 0.0754376952508562 0.013364048533948973 0.012924086016286087 0.07454436271085375 0.08804073935800057 0.04157106932957907 0.026832091811087352 0.07349256667413032 0.0644802931009238 0.002567286941641399 0.04065551933125798 0.04991574281276184 0.10020813323362102 0.0393209341515533 0.06264155334370902 0.039205855470399016 0.044049011316167085 0.029366276788858003
45 0.02621510269778254 0.0654912533841269 0.10072364271807673 0.09336708391467727 0.03312988496043564 0.084824541485827 0.017781075774868812 0.07270018287323332 0.051351608224580646 0.021605570417154003 0.058427554361967726 0.0664608248005746 0.049866192811196815 0.04267923346089863 0.05647811022816024 0.05369685007588524 0.04455908403616091 0.03143862550251318 0.010851886638849874 0.018351691633029778
46 0.06935461066119426 0.06320596080931837 0.07405646050931548 0.019861199054068076 0.06430604768297814 0.02316037722769475 0.012011587925752179 0.0542402050967537 0.04178105952411521 0.06767753303616582 0.07981619749515245 0.013368188055897862 0.06227345220103848 0.07386927523901951 0.0621227152137249 0.042912221634686186 0.07425178581148541 0.02216019155919331 0.07581190296166637 0.003759028300779629
47 0.0530231414898971 0.05142953676521301 0.0020785697158038716 0.054491596118661174 0.04953021819725123 0.06719920016933736 0.06666705693968915 0.06383749212392414 0.00040230685147667113 0.04849540398393939 0.07660174708430853 0.04421615202097631 0.052208035611267 0.015557833783331932 0.07137417823609309 0.043883084006120496 0.08141711641268501 0.0405619251316253 0.048651319398150934 0.06837408596024856
48 0.07972356156938958 0.02975549860405962 0.020555964308011817 0.032242741299279 0.10431632767307088 0.004434670262367985 0.057506444352588997 0.07814553567406252 0.0751191187389688 0.026705087078815724 0.04522827980847715 0.017031696306330696 0.10194117980317952 0.06519644684859015 0.00904594716444167 0.08360748811147593 0.04250812464815016 0.10581322401006459 0.015561482270313265 0.0055611814683618425
49 0.08782810728188016 0.09320944844860317 0.04630434474872199 0.09142282177552156 0.06707969774052691 0.022161838573152542 0.08624503792719908 0.03623985144097103 0.006901408648370526 0.055852921176427844 0.0010777884690087163 0.0476039148258388 0.09097306493193912 0.027031727412831476 0.025192363589709568 0.01799389555557777 0.0753654741751055 0.029691399961514122 0.01623609668111554 0.07558879663598451
50 0.010759687342892016 0.07210508040417941 0.08567385918674182 0.0007807379467166298 0.03606092329034812 0.050932805156045466 0.027871133502879043 0.07205611721201796 0.020203859436303137 0.03847661445005033 0.05187395887362327 0.07926596679303412 0.022169070742667635 0.07324856727175437 0.05143600140681673 0.0580407298486181 0.06714308532916378 0.08370450263323619 0.07739361656532925 0.020803682607582665
51 0.04369241300418998 0.11609609282594466 0.007919850930137947 0.003841102289706427 0.02078199095374954 0.11234267474326769 0.006860096034164244 0.08293446146802948 0.06642180664766147 0.07873145130824188 0.12249314373508216 0.00912766824621984 0.04449284114341046 0.05992342690328112 0.10093328704751808 0.053250126586938264 0.011112602578537818 0.019364400730594603 0.0059040366928259005 0.03377652613049864
52 0.06769930528270855 0.029355254256175786 0.05216877402689389 0.035799038641817556 0.06924758619038188 0.07325252792236855 0.08092408748367476 0.040049226318360956 0.08031766125019967 0.0029839507475841924 0.022365450132559264 0.07755710007265652 0.06034207050929824 0.036676899220096315 0.06778914688754106 0.014867896006456476 0.07708861909243171 0.014268315841845163 0.0616161082886324 0.035630981828317074
53 0.02237574893043522 0.07874905783414274 0.04660906180587006 0.04810652592647935 0.045252377242980125 0.06327617190047999 0.05736523546891512 0.026632020968140255 0.026412933828575347 0.06329866057416643 0.018163704646542628 0.041777384176697296 0.0564173606280981 0.0686368319064539 0.016603538064507095 0.04087872842422994 0.05360010595274567 0.08318351058148929 0.07048139152098379 0.07217964961806755
54 0.07779484526537365 0.04562395025575818 0.06429705312826405 0.013943979703950575 0.10428232722806333 0.10725376451984354 0.06243645142479137 0.006971390346160806 0.015413138028610017 0.0508735126104167 0.030768970725343174 0.09661871251230296 0.006896232641492239 0.013351026013346406 0.06626147985085357 0.06208264202204737 0.03874185277120889 0.002130439347409559 0.040093760737511586 0.094164470867252
55 0.06708644808153194 0.07619646781944837 0.0807959673723526 0.09732349622619212 0.01096352422007914 0.07619150575797046 0.03075139647312105 0.060525965428056876 0.052471445906429666 0.05565348572839795 0.022535677214748032 0.008541222853134326 0.020271368831135235 0.045174284627373246 0.09235225859223326 0.022254742866603113 0.06299109195823872 0.05298262268696589 0.026258631300961146 0.03867839605502691
56 0.02125962360775596 0.06673881504027898 0.06576922982807602 0.08492859207510152 0.04486569952919152 0.01232254011205771 0.05149266339678295 0.09814918649030398 0.04704474602022723 0.04783741025136723 0.02876854307461073 0.03907149497641273 0.05516306376906196 0.03809858526246428 0.013379616983173345 0.06655800087806159 0.00040733021770524724 0.08814221278359792 0.09388348743439522 0.036119158269374035
57 0.055555534849740414 0.05984639202099379 0.07020653710356124 0.01852267375152442 0.007821845619278933 0.07025486837987455 0.07981329479580435 0.012768912213639244 0.001560365707335727 0.049050527072827955 0.012898293073815187 0.007260389616701812 0.03431695604286264 0.09465509913937906 0.09293016426431987 0.09117667007885477 0.029280837521290112 0.03507168746352167 0.08662084213268384 0.09038810915199032
58 0.014711031477856672 0.09655217028676125 0.03954490526762726 0.016303923833627856 0.08501338131486767 0.0720920721502301 0.09988849464681757 0.06261484188888011 0.02840464476878074 0.056732348736646974 0.011473838534508705 0.03854943925582331 0.030848784276438824 0.0099843553176572 0.011409899124085531 0.08690133749475537 0.07038058651243188 0.02045551082777029 0.07653953790726348 0.07159889637716911
59 0.06344748658331 0.09557091899227567 0.046861283748386225 0.0675301438704675 0.03239152173348248 0.018684728701348588 0.005970509657308225 0.09261609446168413 0.09692516001174982 0.0002856537614808444 0.052272643999154024 0.06785383549214877 0.08292666688146189 0.09075261646583425 0.09145439130596857 0.034097644419642414 0.032427765685890404 0.012203324513462753 0.013797039223307828 0.0019305704916354129
60 0.004467161406057991 0.11385846368909326 0.11937232199622178 0.038894697399083855 0.061365354161296244 0.03802622468592727 0.04533830672432496 0.07645704215785266 0.049971712914813234 0.04653394351455431 0.04590840809270685 0.019731336831629465 0.03104346386618004 0.01390760315996615 0.006311066580362577 0.11655213707014146 0.0555514643028382 0.08147281872242167 0.02463498704932693 0.010601485675200927
61 0.08359699642456352 0.051222272047816805 0.041730567068024124 0.03480957527260869 0.08111020728084538 0.052144625432112665 0.026804709428685958 0.03460472231439607 0.0531329618038416 0.0059175689415049875 0.06877418336271565 0.01525547427139522 0.016840708587409745 0.08171811790546898 0.024366888649395332 0.057951721307817707 0.06256521163999891 0.06696809650270416 0.07714163540469461 0.06334375635399993
62 0.007563530143292597 0.08720832978534397 0.03427416414316223 0.09807635760389397 0.043362653489458974 0.03854493197286932 0.00487410096160984 0.05134556332878803 0.005982061492160704 0.09278451962412039 0.09025646495274248 0.04597811631660798 0.04544066385574166 0.04170359438199524 0.06672571479436143 0.002527951877197476 0.06561410994003093 0.0021558948209761154 0.09794491506246256 0.07763636145318391
63 0.04878795282452835 0.02043952756541159 0.04341375383610087 0.0621805114177975 0.05947342376135185 0.004684199505966509 0.07838930402160912 0.09827169921425788 0.10785631663109964 0.013073135234926573 0.024492953568492973 0.0204725463712733 0.0937893633836164 0.05632011731514454 0.07385392897279537 0.008583920104858396 0.022322933712952638 0.023852469353037527 0.10446587770217408 0.03527606550260506
64 0.005490304011465483 0.026529700454016463 0.043218858940090525 0.015962560486286977 0.01983793270457745 0.07963318201527476 0.08457551974144686 0.055807369789487464 0.09219937983892355 0.04607926302407461 0.016697625603678417 0.08586379078500446 0.08620107726938463 0.04685898153306232 0.03342968317666124 0.06125883695167704 0.069041559436015 0.0029761379238051615 0.08724660066519715 0.0410916356498704
65 0.03400743770852667 0.04504390912548836 0.07564790527679888 0.12572815239138285 0.018242943081532775 0.05497342034037379 0.12493202503163572 0.01617017419550469 0.04473340417591129 0.06499213877714512 0.00346785271715098 0.021773137521693263 0.081156560100859 0.0796665389155403 0.004921922479356452 0.047672058348870776 0.01599934051846706 0.007189430988016481 0.034985994693738205 0.09869565361200731
66 0.08299749992206101 0.04220838614495989 0.05131228476016889 0.07942716348205475 0.07308667080541359 0.033880127650712105 0.016008081267121877 0.03544170378637389 0.02903169357328797 0.06504380780495102 0.0389204491192264 0.07313917730780507 0.01942224545128523 0.045015405645475494 0.03733523634959987 0.0722680785952638 0.044703448559255676 0.07311519727192897 0.04093260713627634 0.04671073536677842
67 0.0938140483142886 0.03620310090967946 0.0668975439749432 0.06536368077571962 0.015573698957700007 0.02998396045493358 0.028585397847521784 0.024608594420277963 0.03312311254146133 0.013915568587314357 0.043837599708961734 0.07397938984716032 0.06846024605001673 0.04917002382906512 0.09182231424963704 0.047816525584685375 0.05188467931191651 0.016898952104569896 0.07351319052082962 0.07454837200931767
68 0.012541588404489474 0.05275532994861273 0.06192067376618063 0.07614903648515736 0.00907956697147512 0.05159245536027211 0.04738997060390624 0.05809751353040989 0.028386998864478274 0.021899382385735622 0.0769809052380561 0.0506643508183575 0.05639590965023568 0.06196321153062789 0.032522961776730974 0.08258549393983891 0.06270049226862744 0.06678714467454012 0.006077094708626921 0.08350991907364108
69 0.06764779070199373 0.01721059432254492 0.024722509647318917 0.062053177163930266 0.03604911818437442 0.07610719393102956 0.055474284479810954 0.046004713922113145 0.07452024570232342 0.0005719152507681285 0.07976043947222412 0.06731989202016884 0.08273421711393898 0.03688126326387201 0.08146819194454027 0.039419293913948106 0.033322580117155706 0.060486588656222015 0.016673750767272844 0.04157223942444935
70 0.08546932343054578 0.05844844299128965 0.10039439957702029 0.11156301216580349 0.012470524682905087 0.06146629620927628 0.024476699046193016 0.016962293338315313 0.1095186518805278 0.027023507003467586 0.10344668106164571 0.03996170632502216 0.019569077784802432 0.014973894510179922 0.08307147621627199 0.019742545431624455 0.007656105838465437 0.06595455338250344 0.030245317006968142 0.0075854921171717715
71 0.10691829684549303 0.04235579644710507 0.015141859661819098 0.09685164484943717 0.07750548553905712 0.04528731319306939 0.020871452544702757 0.1146632080805468 0.007284810286228802 0.02419355120993052 0.025409399204000614 0.013855895870518987 0.03544120460142171 0.026276461245026025 0.03772570300312601 0.07029273910210995 0.0940883862482802 0.012023881810834788 0.036022313866335524 0.09779059639095641
72 0.06134678050068232 0.02849242653869267 0.06982332753792168 0.007817286476157446 0.09807457701822782 0.015134457071370446 0.06149578433792804 0.08959943387522233 0.026360668802140687 0.10164330774481757 0.07002317179176058 0.008105711132859787 0.018143123742351334 0.02235928133843064 0.08921815024809104 0.10330070747377454 0.00515143966125291 0.002880703240137497 0.05129403077380832 0.06973563069437226
73 0.08044482798157684 0.06385331621781769 0.06547780121133635 0.02233085094248951 0.06750400768147423 0.020712724231932825 0.0029813164341564655 0.009480818900131796 0.0829675476846252 0.015489223868103577 0.05074459497788569 0.07613594835355876 0.029774567888022054 0.0562249768573794 0.06719130722412607 0.04394957638074167 0.06648927061618398 0.0407841743735197 0.060774956997756535 0.07668819117718156
74 0.021857577714276145 0.05292548534173637 0.036252540665005155 0.03043366117756772 0.010464457326232043 0.0744607007023112 0.005364811208537938 0.012779867266981118 0.08305153647879783 0.12347371460880222 0.005234510580338702 0.0765508551470346 0.12708531331969644 0.07276555777386827 0.005545607321167962 0.026623742516910836 0.034918487788922294 0.09113992637828287 0.005659308973122136 0.10341233771040823
75 0.07983319330391674 0.015499631804108618 0.049443669859224895 0.0685332267924453 0.07490725208084753 0.018351200064313667 0.06403901076336463 0.06988590471056641 0.03852593742423166 0.056685226899760244 0.09726836146451047 0.015003550612679509 0.020703001586134268 0.005963530802044472 0.08664409626564734 0.04627378805739534 0.09058328299362509 0.03404340812852238 0.0390631301308383 0.02874959625582328
76 0.06415030762166087 0.008285771059845003 0.03714747408543194 0.08539551713714169 0.003768318362781351 0.10310349263938222 0.02454962002451344 0.033068435373770064 0.005119877068773384 0.027802895411064055 0.012618998769455068 0.08539520494216517 0.07979215257356724 0.007057969506422096 0.0777000857856451 0.1033651661681625 0.11729499271177186 0.02905713570929568 0.042460833016613624 0.05286575203253756
77 0.03145084236960216 0.011972713512160478 0.04918416537337704 0.05679489875380794 0.09308430168493613 0.09471072452039657 0.07436058900298648 0.010027741016865934 0.03667620618581785 0.07635299573298623 0.01456666922297001 0.0766532318538136 0.06922647369278123 0.07249779607054925 0.0731810044646341 0.053296219788490216 0.01449032458169107 0.012868540907157635 0.07449341369331176 0.004111147571664269
78 0.04956637735918958 0.0003926555779036399 0.006659257258050364 0.03645467438635037 0.03461192595242891 0.08429796705359506 0.05616967441583202 0.07208004859189432 0.09071168080160161 0.04054883925845224 0.09656692872142152 0.03293605646453696 0.000700996427351721 0.007567110133014828 0.10038842929752279 0.04124953147415325 0.002301799970666998 0.1034354678676384 0.10003606421706882 0.04332451477132654
79 0.022545292613441723 0.05287061432347486 0.1042983715142211 0.09544706248344213 0.04730207502048395 0.09457200661049447 0.05671885062988566 0.045749311345700046 0.026753767994737436 0.0714282642213943 0.001869959046906933 0.06690469532865688 0.006859423161077927 0.06650015246246062 0.03934533627968483 0.013877019666602418 0.025133425440585107 0.06383484743977054 0.08095285394903463 0.017036670467944298
80 0.048072594192338676 0.026925534513964067 0.01979833776289217 0.09011825529952948 0.07241576491541607 0.00191342631529735 0.07347096146350705 0.014706824278620344 0.04310860917562746 0.010449532706947354 0.06022817894566419 0.08936944986286126 0.05742960703857842 0.03954315315324139 0.06489284936392337 0.0781596230627407 0.06776340352714262 0.07085115945189599 0.05755857440288045 0.013224160566931601
81 0.04564910597519341 0.006110490315212698 0.029702975883476264 0.06427340199582686 0.016090027682584288 0.05066731090954306 0.0019908049940294006 0.03114015807926548 0.04395467300754794 0.08484102861209672 0.0984684333546984 0.08662776708523805 0.0073224345887194986 0.1161727362155205 0.08844261078016233 0.015870206492073043 0.012532739906634605 0.03344327002808696 0.103847135627955 0.0628526884661353
82 0.06027401292916859 0.04149004484125655 0.031500893509866915 0.09801721523669336 0.02812723881128295 0.07964801531477937 0.04622781167499844 0.10268951531596393 0.011817509763081935 0.05251118770246448 0.0979942978867756 0.03274455793810769 0.002180245998823368 0.00703363479919927 0.043637462917166 0.09216358877639685 0.09822538606236568 0.035032309301940366 0.011738003553603838 0.02694706766606442
83 0.04378133879259259 0.005063683573068283 0.0631711614908085 0.08473073317937116 0.02256617696641798 0.025490517458335825 0.08490794037213166 0.0923258972254263 0.023303851083461304 0.09474490231072293 0.03663530715271082 0.0766837459245726 0.046442630750256154 0.08580400861207063 0.07552825687746399 0.010576433920094145 0.01638166127604641 0.024164746659491757 0.028013065375624605 0.059683940999332386
84 0.04965570376094362 0.05321562581419692 0.03384072149838048 0.07804273854455558 0.033269120498909725 0.10319844565392819 0.04086698437851153 0.06146365885073708 0.051673770835026556 0.007802180241469148 0.015261085391533539 0.027305552420942795 0.08261976968692396 0.0421499430708294 0.06804205670824828 0.1007110182623658 0.09926919871514811 0.02007581217397442 0.016982411843878834 0.014554201649495965
85 0.04104709894865355 0.009468946348904973 0.0827381756534284 0.029964606499744282 0.004438220499032065 0.09053141788831813 0.06369324629241087 0.028312561041133333 0.09634391555941578 0.09391053782273268 0.08833878947179064 0.009159500946567612 0.06772642527405255 0.037182532877900944 0.0823585891561668 0.0177543889025998 0.05280542225236521 0.03543614929282453 0.004374630743146654 0.06441484452881106
86 0.07716787737651602 0.1005928673892754 0.05383496688494688 0.036429219360549846 0.023470017273383905 0.0634087633162429 0.08015986288794713 0.002465207062438172 0.03796570023159983 0.04091568207686158 0.05566830295693245 0.05225764963042396 0.03203543824362996 0.005069486859221542 0.06850135018196547 0.08475876748603171 0.10152691642602978 0.045436488198707985 0.03427772145215516 0.004057714705140236
87 0.08515625376518599 0.02683523046225983 0.03543108258665903 0.05177968345096712 0.03866212737157008 0.05017166488450405 0.07338172809912412 0.03182023820792968 0.09097077854779913 0.025524153187180848 0.07173893915131581 0.027352466923437437 0.004050510697578495 0.08986245565128101 0.03662538182667811 0.021001994645071423 0.021868854381023355 0.05012732532588374 0.08600320193034748 0.08163592890420332
88 0.03128203995907929 0.07204386952248011 0.09478707102826191 0.09757893809421668 0.025093820997921734 0.009655296258180502 0.004374616119985661 0.0052804786016297 0.05973138975452867 0.07142670454284619 0.031904504041110136 0.09574737843667362 0.0496415531176366 0.0983316074423472 0.044463383864387154 9.088052178560212e-05 0.07989942447786821 0.014628574710625048 0.01727888771612351 0.09675958079231235
89 0.08172320000605544 0.008113825017090404 0.07256895119823462 0.055409176527581865 0.07763592920193821 0.017764385745431457 0.08360129711470289 0.005048883480560039 0.07364554787287812 0.052867040905435043 0.06472433063756344 0.05591118070341413 0.055106764706914835 0.01744164643230231 0.08181669528131322 0.045009225828079896 0.022197551048963777 0.0403639519639888 0.05808357831906979 0.030966838008481632
90 0.05147375132250186 0.030976607772540243 0.06087836152165236 0.0771593049871657 0.08035566454820044 0.0047296311940742235 0.011224242369637058 0.025160097807400143 0.07028972951726777 0.07643970727143663 0.07121040889536305 0.0020610507253159874 0.05532402254894593 0.04412561251457171 0.08310700558191923 0.060022831389402974 0.0199912652024768 0.06379199212410934 0.08540453853775502 0.026274174168263394
91 0.06987417581429113 0.029393472535444335 0.040791745429075335 0.023145715202356133 0.07196116215815242 0.062428907914142386 0.061871303231632986 0.03620410981880843 0.03532023821133111 0.08089937534475462 0.05977287282008637 0.06001729471033407 0.019780658568430406 0.053776043363322645 0.046693301305434566 0.027282229565496762 0.08395041148632269 0.05480269432104595 0.039247868087773016 0.042786420111764596
92 0.008359809099701142 0.04712237471441131 0.05101582412650674 0.015509875353138046 0.12066136509246293 0.0001980323763011134 0.06854754015679967 0.1015442215794754 0.02037814570906397 0.08196762815316294 0.08144957067182887 0.07235512699778197 0.02757041167031083 0.011536596288689036 0.09565354967711025 0.009012255656016942 0.08414696724404866 0.024300371017175523 0.05110268785059065 0.027567646565424084
93 0.00460992094281153 0.03183624616440656 0.07905022610860798 0.07290428196044585 0.07978143853785852 0.018681357337940477 0.05122133318294022 0.029804552842719656 0.0595240486395574 0.015123833906061389 0.05130231949565904 0.07823915762798248 0.021308705568815638 0.035506861793520854 0.08062108562081868 0.05941951516572141 0.07984930309318967 0.06807335361430678 0.05129594015785845 0.031846518238777474
94 0.09387552515402163 0.006349031887469391 0.011343330820489623 0.06874888366715197 0.04160167719461988 0.05127267505499664 0.0060735900301568295 0.0437894205013776 0.0702697811520963 0.02964144937424105 0.04459920782057052 0.09474518469234601 0.04886314637054997 0.06428931745824261 0.057098158073861 0.09023245721587858 0.06393735908622825 0.009999352222983066 0.009094847251997202 0.09417560497072194
95 0.007881846182800363 0.02444143960259763 0.06892784512807626 0.09835550874744897 0.07151855630172835 0.08279401619242624 0.04577565028208586 0.031385549426211724 0.0032167863844763593 0.04180880589932185 0.09946455950507692 0.07053741918194284 0.005095875552950864 0.05873482428119233 0.02999577768361743 0.09682013230276118 0.023919821455301377 0.03486814572248428 0.04638392498210558 0.05807351518539343
96 0.013736652914806313 0.006216321425494826 0.08587537946237091 0.03866869170905819 0.06772889670269533 0.06828191435374771 0.08199105883406264 0.054783288065517084 0.013098982043244195 0.08461953361259066 0.025841766219017334 0.04681425917224875 0.04884576531386986 0.027544392506497484 0.07019966354249559 0.04834872192659373 0.009860322983822738 0.038474433626153104 0.08212665456674915 0.08694330101896451
