0 0.021679647911682993 0.004830283927004522 0.030240193976010233 0.07065989583285173 0.07660385871698228 0.0796442427627373 0.06479044546432318 0.08203629962720524 0.012953047359072984 0.08499066680883166 0.06378166491213753 0.0820346252273121 0.04345168733030563 0.01998738257209521 0.04729234592644846 0.022943066058219882 0.05853668342861906 0.02922946362363921 0.07047197494353882 0.03384252359098213
1 0.04858806163143458 0.06695477828211635 0.020483498931389277 0.0012493692787306832 0.010060302295120498 0.04600213731268446 0.025067465725317768 0.06177322748240506 0.0064519551424207875 0.029071827410062825 0.026398894867005907 0.09339717179547198 0.10128719412924563 0.030282120717957838 0.10949668967438912 0.09707451145692982 0.01993206285995946 0.0572220112681136 0.07251643932678836 0.07669028041245618
2 0.06580772803466399 0.028345822762218337 0.040281276638080725 0.03453548864934305 0.05844956083797723 0.0812479806284933 0.04587415930554656 0.07257923949100449 0.07834583063087451 0.04838653518814707 0.048521262715780146 0.04066714297896415 0.023907834681953177 0.03811452365873753 0.07197733811158644 0.0006881095657094618 0.09422662102373851 0.003094357887045668 0.05754788856183441 0.06740129864830123
3 0.07095137527996584 0.0062422234571461975 0.025020130672187713 0.0434285514487853 0.0007418203534612813 0.09737691581425684 0.04701235005412352 0.031474078383779205 0.09618912910179973 0.09628636398429084 0.09218217559257491 0.07596844731854205 0.09172457790160066 0.05974227037441239 0.0025688063590616817 0.056539335454443354 0.026066229798755797 0.034931016779465994 0.0442469718647885 0.0013072300065580607
4 0.08105517924030206 0.07918123906416347 0.013245540508051207 0.060148300491041515 0.042333655915419204 0.06663810657143007 0.05933219316127812 0.07546564958417866 0.012523136030034823 0.00886360829865706 0.03423057414560752 0.061033502562105615 0.02986336639117188 0.07312232110572658 0.072261140062558 0.03592868765170377 0.02729220997719116 0.029491066261401012 0.06688729239889732 0.07110323057908084
5 0.08982207075861232 0.045826886693093205 0.07660067800445258 0.057411495984018936 0.005662521926066096 0.009819910405359872 0.012861795278789117 0.051760183933895976 0.08558161870362906 0.051457031338571116 0.03564333422590608 0.01798080278237073 0.050232822240504536 0.07193675393555439 0.011479474088337781 0.09179665973399564 0.03698402373688554 0.04493485749091946 0.08005644138456902 0.07215063735446867
6 0.05570402758849901 0.0510846823430313 0.013543290141366007 0.0015995485922323358 0.02935632992617776 0.04077470896750828 0.07400869182457588 0.0046869514412384815 0.07851857721361066 0.044757811249252676 0.0818443784942598 0.06793691951087368 0.034861625398327 0.02454171564217724 0.033657526238831274 0.054778487550789116 0.08676399000752075 0.08188540721436927 0.08040712860111174 0.05928820205424769
7 0.05088553674012162 0.01015682523339295 0.027700178938333195 0.036648426995555025 0.08627897067562187 0.09672822495208139 0.051129472763131574 0.030761894625882632 0.05552609183294944 0.07204280923424465 0.02004477837658029 0.010277893384346431 0.06615704678018115 0.08091374274996463 0.06603376187590723 0.04363996621845977 0.09010825411507506 0.00458729716100133 0.06387753426811102 0.03650129307905873
8 0.07820656372496945 0.07789198287445785 0.05745736564767389 0.10807908254207506 0.11200687673294736 0.007744931986271668 0.028955801907688164 0.09487125324469642 0.055260407577449475 0.02555745598071756 0.016727672122129982 0.005301265948704984 0.042397134112500304 0.0641090910567046 0.09612354228347152 0.0015479709123011568 0.07061828246586932 0.01179536160918273 0.004631264705089423 0.04071669256509935
9 0.04330050059238377 0.03574488355482012 0.11654820410923075 0.011967096401891779 0.041476035418456424 0.03167133306548107 0.0072476697480598285 0.07226890007708889 0.006614154821381693 0.09729816996162105 0.0019326018447190336 0.04198588185360134 0.04522404222089948 0.09982231758232345 0.10277664274076617 0.07124396201507674 0.06851679519010108 0.04259155452788959 0.05098069060126866 0.010788563672939202
10 0.0688177177477878 0.04922186601456528 0.06600341607222243 0.08422310857301726 0.061257054025868105 0.017056631368085197 0.08186217128331333 0.03168977360286346 0.08288968388087631 0.02613252180073033 0.02793187012540447 0.052581340929238655 0.025798085112703945 0.040821733055267435 0.011237465675187144 0.048316102422486955 0.08560902664770419 0.03721624409071378 0.06258639513035615 0.03874779244160769
11 0.05487607809331562 0.08223471077116969 0.053969391017018045 0.021500367591973525 0.03425574716400487 0.01147759298520094 0.037908856445568274 0.06329496374345414 0.02612739131667266 0.03652458398215838 0.09287260664833318 0.08278273907553427 0.0807854028080599 0.050565152429559855 0.035642204745820874 0.05297493936605483 0.02730186313750898 0.045052270572079486 0.010997134145038326 0.09885600396147388
12 0.025918424846820633 0.06735930407888437 0.06082581287894979 0.0025318681803557738 0.02577245883718358 0.07553004706982512 0.03686783318577555 0.06952199533999764 0.019130094288992202 0.09129211074636322 0.009827250237710597 0.08030934422495503 0.06514835551992137 0.08854370495867049 0.037407127874249484 0.07652829184517441 0.06489909330128778 0.013823697941447069 0.016695174644146018 0.07206800999928983
13 0.09469069494340814 0.035848505485735434 0.029476532753355406 0.02737217663970267 0.09055000515334226 0.022677985581364492 0.012479584853529282 0.024781419326276585 0.0770540151553377 0.08174979845019721 0.04425879218318521 0.07336336616611339 0.06325547448508842 0.06491401770070665 0.07865679687238342 0.0004268794666857417 0.024621989452620622 0.04362890495208248 0.02610109701708945 0.08409196336179535
14 0.027181443602807963 0.0704968114084472 0.023476681568099407 0.052843913720372795 0.008830267646409762 0.0901170407327496 0.06324226689679956 0.04371245438934952 0.0962446955272344 0.048656509959562354 0.08061375197230466 0.01350984546025316 0.01104293496316394 0.07112179767519318 0.045745193298673006 0.0349651317577321 0.030673652827636472 0.06551373692431457 0.06020294082163215 0.06180892884726427
15 0.03185029908553756 0.03077321598345163 0.0653889541896334 0.0764123637258233 0.04401448790070332 0.08089547899313729 0.06713024693960608 0.0776707265202265 0.08792558662556517 0.07998567437059732 0.018888643921652196 0.0062623194196548505 0.011134689269256245 0.058796249035268394 0.02609048599939191 0.044602055518090024 0.05876385643506373 0.06942741710943233 0.007973842200988589 0.05601340675692019
16 0.07121437026809858 0.01495541995267456 0.07686886686632145 0.056991572140801305 0.06646780139590872 0.11003913266817279 0.01829844426712888 0.005756411876456935 0.026491860699764176 0.10089729108729842 0.03559037158004577 0.0022780732165278155 0.10455412834137152 0.032169318938346354 0.03322698970489221 0.024062832793853264 0.04606235268872584 0.11605742536504796 0.008026173981738646 0.04999116216682499
17 0.03968276680489938 0.09845808333825219 0.05085254092092957 0.061983169652603344 0.05629705127762641 0.06343776405565586 0.0680527112671703 0.10282036919416904 0.10991930998182789 0.0810430959415701 0.002940036798376942 0.03337526449544546 0.0447511087715605 0.0026895007541452723 0.01589837867077083 0.05766290508240134 0.034024070629641724 0.04042317019422211 0.033819977203527016 0.0018687249652048475
18 0.002297933039211451 0.02520232458803769 0.06888065866415759 0.054032085292547515 0.06611935969832579 0.07233978279550524 0.07357475548113943 0.014444417471980256 0.022174333347867937 0.018720445579165978 0.04147698551945833 0.07304451940025583 0.06481330803200629 0.09462560311349125 0.03527853750597856 0.0720532152839726 0.02400754296156154 0.07751772899386747 0.08114344068035356 0.01825302255111569
19 0.07773430080297178 0.08821183873868331 0.024889841563319998 0.0022110429022435324 0.06981167415348241 0.008005037382555103 0.05682548409810158 0.0012581516024414436 0.032083031650387395 0.0792021709755719 0.050588737977556725 0.08502620096391773 0.06722470395943825 0.06985939316027852 0.06666350987175594 0.021789813393177267 0.07459319384462695 0.07529789970577233 0.004259077851531034 0.04446489540218694
20 0.03627610336331533 0.0181888323087195 0.06977377220968428 0.05955746736742751 0.09101326820655488 0.015937880761002762 0.046720643023094956 0.05280915574548026 0.03587660729965129 0.0033263781727836447 0.026193606622789894 0.020296661558567762 0.08595377187143292 0.08369602614059743 0.09007402883503568 0.004605458510105337 0.042637559845364874 0.045983045613855675 0.07981106933803701 0.09126866320649907
21 0.06362191992504473 0.034709288947839 0.06794372368766763 0.014703996633158307 0.038509128293812284 0.007252417007527812 0.06624516224134655 0.07221567737837294 0.07096327126447602 0.04811580154962719 0.022003046018572867 0.06828199142760362 0.005475158746645919 0.05371353843514087 0.06355773410732082 0.043488081637282856 0.0728884586860752 0.07967824376817616 0.027830350353769375 0.07880300989054004
22 0.07477074048466144 0.05227632370373049 0.07478235074033704 0.011496456458934925 0.0770811857363643 0.08131624535919295 0.08053730608117296 0.0765450501528668 0.029074802498024986 0.03301431436128813 0.04182637187764373 0.04028644625804495 0.0072846678503674205 0.013226611408454077 0.0660269473468213 0.07821819269870886 0.09009001030773645 0.05015735001870712 0.0018230217922160783 0.02016560486472585
23 0.07913269910035939 0.016855456036110772 0.0826155481316006 0.042722281611559686 0.0765460174073277 0.0363209975478654 0.06940027916804517 0.011894361092687747 0.061807421048845006 0.0287871491066169 0.07713828768703605 0.0056543966997246635 0.042941298012018465 0.07765169365590778 0.0902037644558466 0.03566544335984732 0.05305250712908452 0.024865720618257606 0.004279763489926277 0.0824649146413326
24 0.03927720567151938 0.07483074764525337 0.07558388683750823 0.03919073907446038 0.04891007121638589 0.045870184371539405 0.02498120845260672 0.033462861736752524 0.07176878247473069 0.03911395263942411 0.05626155383255884 0.007592254760444519 0.07372876344902982 0.07146360522373509 0.04476149838476059 0.01911359183303122 0.05625791005064333 0.03741681087811522 0.06959762283798487 0.07081674862951585
25 0.022742168167764497 0.048011554066548216 0.0696119436493319 0.02373506630863775 0.08071739074504278 0.03793512988590287 0.01736663436363599 0.030044887659999783 0.018790671969741414 0.07434972395510683 0.04082843640424366 0.09189493428344502 0.07982588177355665 0.02261921597631058 0.028623450330749072 0.05750281571553286 0.04739778897313856 0.07969829361942005 0.07211976822878235 0.05618424392310888
26 0.09880179075280805 0.011008232948888166 0.08613732097449438 0.00712509571874255 0.05511152065918733 0.037604348851822365 0.09530564196905367 0.013930086633419518 0.043800713117565115 0.05455616259331004 0.004264376022901087 0.07373012088493269 0.09250677917943007 0.05329179881585676 0.05395361030135066 0.04533518399754932 0.027361737875109718 0.016600735794065437 0.05428281910296073 0.0752919238065523
27 0.0939898805902813 0.06429500914854042 0.02682634437663456 0.02518665023993287 0.020551000500180643 0.036235425241133316 0.08636401989808347 0.06772764785815777 0.045259665940859645 0.017019133261400456 0.08055189424118031 0.08939576186625282 0.012013641346144648 0.031308763284244694 0.09688333609527418 0.08480547411630598 0.007675959977204862 0.0350263605512655 0.034617648099843766 0.044266383367078714
28 0.10303530251586748 0.04375059872077773 0.07754519658851067 0.06573738530345989 0.07144760266251515 0.09649540567893404 0.013628398883902958 0.09206905489319837 0.029975391150880878 0.07968724491832747 0.019102333484614716 0.0391067085830699 0.09522986790443888 0.027776609226565854 0.01307472958223124 0.002023447256952329 0.0034155398424285215 0.07600623502849675 0.019882095907442617 0.031010851867384625
29 0.06952096821321546 0.0630571809628929 0.07601914874507171 0.04227213653637889 0.0294123894088763 0.05943697056809163 0.06943497144541107 0.017325840223595925 0.07410006107948053 0.026320468845003747 0.035880988640969246 0.0640873616031589 0.07063090163278489 0.0022009526906296016 0.060237923738166166 0.025989662446993203 0.05429374993980781 0.02551845297679788 0.06056570227755479 0.07369416802511952
30 0.07509319941857831 0.08009189363947568 0.08421639042194527 0.07783750678671288 0.08790405925698516 0.07742132699475088 0.044545324333561266 0.022133415464302343 0.03903359425958087 0.004376236043648227 0.025144684635825972 0.021211770843569077 0.04744587446633423 0.01567128925812146 0.0037527124095357825 0.06492543237129564 0.03358333205729723 0.06533414893018961 0.06610991878622889 0.06416788962206121
31 0.04799655692446636 0.07566291598037013 0.08365179739375363 0.04997091636403604 0.04561196310949193 0.05853167307349452 0.09853613042963386 0.01967911536384882 0.07258788140649744 0.03469788395945336 0.028623973160506487 0.007864579647125775 0.008273696039104892 0.06521743812134648 0.012448557086110574 0.002372093688559777 0.09132940730992833 0.07755169645306063 0.015563048194318488 0.10382867629489258
32 0.08726572221513754 0.042067462537208784 0.058867166940268965 0.08230292885754759 0.08678500674615434 0.029014007676206873 0.05944941874865082 0.03238955077317448 0.05966531404505728 0.059285914850789635 0.06723827392202411 0.03448867256680689 0.009252255728078711 0.03823706369166493 0.06914209981845873 0.020759351262635867 0.08275366279078948 0.02550581051929339 0.010535579100275975 0.04499473720977573
33 0.10406283586881197 0.01927059992614358 0.07143161452144808 0.09539573973068097 0.00435975405704639 0.04009031724709705 0.02145617166802932 0.004136728267838273 0.02135455809341243 0.08894454577557764 0.05805280898101388 0.017648949167065085 0.055609319924712665 0.06708580944142109 0.07104230944630643 0.06217962126266826 0.03104220540477243 0.09199120049402347 0.05059549441267307 0.02424941630925771
34 0.012558212747683761 0.004937596868483339 0.051033575148698315 0.08721242498259309 0.06460538889432778 0.005520099263430512 0.047885469895484416 0.08799634961817918 0.09453614558663223 0.010524181195485807 0.041005900795117435 0.08095808403835972 0.04977385888278364 0.09006446068797697 0.06112457107321405 0.03466025688115 0.011821170079129957 0.05124903720756951 0.09501008072854522 0.017523135425155212
35 0.0183901839292951 0.11245713587161735 0.0920315880218226 0.036317364030140104 0.09401465054488968 0.0660805422012899 0.039587606299214324 0.005543294380742838 0.08352544096710424 0.013052416802765612 0.018371026771875736 0.1151575900865415 0.003607950842036972 0.12319726184115941 0.03961776766998722 0.09961862837567316 0.017907825407448643 0.00866651704736555 0.0001454099577914773 0.01270979895123858
36 0.0006900037878029879 0.09950730386644285 0.007536591512782711 0.04632708315312697 0.0025595394315036037 0.11093874838783402 0.0965337421734546 0.047312357552606155 0.049289330704312934 0.004883627829463939 0.004133081141538573 0.00028648441554269817 0.09795480267156578 0.0013555836349487668 0.05357887386447075 0.09492440372645156 0.06683713800273569 0.09182962521723309 0.10274776278273691 0.02077391614344538
37 0.0738858881882866 0.0654763685027245 0.01107073962433626 0.0866049403444243 0.08180702620245107 0.08771384104407995 0.04216902232652568 0.07110761898960662 0.05743062868805081 0.02576340013366885 0.08432192431901081 0.03257810629822381 0.0003502632558108058 0.06693422204723827 0.013359058486071707 0.03387130161077918 0.022780635730255787 0.026022822234571273 0.04232667704515141 0.07442551492873216
38 0.09209244854689602 0.09265228505677618 0.030660877040425336 0.06076043141436613 0.014554886232763114 0.043936984136389495 0.0411734526338759 0.056737709998084515 0.04383524667052676 0.10520338380904973 0.06985353488152894 0.06775477564253453 0.07965459012183103 0.033102042436573616 0.04250417287961915 0.0016106464551697765 0.10662928708176639 0.0052920563441506445 0.000817548522775871 0.011173640094896693
39 0.059294178596666455 0.030108975202496585 0.03474073887473632 0.05793514709498044 0.06040341652491731 0.07982028181802363 0.08764630585646464 0.029339835574072392 0.06329880347685808 0.06557772544826389 0.0766564462357158 0.06759609904615758 0.018938567327852755 0.021273706557655297 0.02853608944116871 0.05036362094914716 0.025956450630491353 0.015190535824491471 0.074671837775351 0.05265123774448906
40 0.08394298925363128 0.09133440817100491 0.006270501928259741 0.06697696472614423 0.017337401549395923 0.04157787475629139 0.07046456588173458 0.06920268627098772 0.09824399567559242 0.005911033250180698 0.03677681462173314 0.022050227261193878 0.07080508428105046 0.06302123544303403 0.030820029322668894 0.01690629355403618 0.07104617433171741 0.0839948151443977 0.019914408817364865 0.033402495759580715
41 0.0009486000692494572 0.026410531094315622 0.07959308461334573 0.07969553806290373 0.013355006611620205 0.03861153887525306 0.01592824825883653 0.03498759818016977 0.07295060923260181 0.07057564176549141 0.016175815006168305 0.08579467446389126 0.06444225338690328 0.06906681760010776 0.06589878103231439 0.06806691949012829 0.03763935459838025 0.03412969466012112 0.0783105045550982 0.047418788443099616
42 0.10832427109964471 0.07380609210016564 0.034889010815216455 0.013611001961565871 0.0006360909993218328 0.020651275233920217 0.08892451798035861 0.10513539218539582 0.0029806541861503756 0.11060472192362604 0.0002034011270207397 0.06360666836287858 0.008493979490664138 0.00570992697699171 0.02071808193773203 0.0017991329491230787 0.04995579957640668 0.0742043071636165 0.10623621835773149 0.10950945557246942
43 0.008424436448950622 0.02365473667017563 0.03846257040689121 0.02317759336439337 0.0017180952771802143 0.005169237886990448 0.110953464355558 0.060801182463545655 0.07256878152311554 0.10802648260227722 0.04891045034438813 0.044992131702848326 0.07411290439136028 0.10776557290085159 0.09009544801415227 0.06245697345821842 0.025108071308856034 0.011897287984688932 0.0006228836805793182 0.08108169521497885
44 0.05714663259671915 0.018145673482095784 0.05739743615442626 0.09232087896946828 0.0753311069295707 0.09291067400374665 0.03758006270114504 0.054104316468843484 0.017261208281760563 0.07360534174518121 0.007743513231415058 0.0037775033431484513 0.10546880702707855 0.058659829823942716 0.009763926186513979 0.07242001628157452 0.010064271451847231 0.07152110294356187 0.03655197696947103 0.04822572140848951
45 0.010036109470781674 0.07859207703338543 0.005219946758719998 0.008858941307342782 0.0241901922445376 0.08221466136945325 0.007521439255839126 0.08988054012366317 0.0032439070251744193 0.03701475165555695 0.041934587499057756 0.10312864385046637 0.10135171855094484 0.08018252789034351 0.10143785365730675 0.07941148866010846 0.07488841642448654 0.025103140388458702 0.03746167412315823 0.00832738271121444
46 0.086988144309703 0.06502441003792352 0.00659802230489857 0.02333433683977111 0.003868087031602478 0.06453832709576356 0.05691602921924079 0.06611999620019673 0.06191253689175504 0.03229105867913276 0.05875345628719205 0.06482038754953806 0.0317887911953142 0.05777939365724989 0.08969538056329593 0.059800866470519444 0.0015051777891736597 0.046295769247454294 0.038215323952648636 0.08375450467762612
47 0.07768715416957081 0.008733785377199304 0.065345591491327 0.035618314093265 0.03718956550441596 0.038171874694535264 0.08360509213722714 0.08357838473486298 0.0031514063720767906 0.011146269941732371 0.045363098847911815 0.058183594096388035 0.04949991113221373 0.06478283408199575 0.03532338837612572 0.07668493359511624 0.07242489139863485 0.08231694832341006 0.061039853931440353 0.010153107700550756
48 0.0824983209695311 0.012891103851358393 0.03982594408369565 0.008582415658424212 0.07005583433860312 0.1055637044673491 0.01808089114126697 0.013612925509532175 0.09102045260461457 0.004826257103375134 0.08803900989338916 0.09661227889362117 0.03737697836579798 0.07657858293189403 0.10245845391142196 0.020751663321900638 0.03459801096201363 0.022925146933079753 0.06921536696396363 0.0044866580951677965
49 0.03695817409319911 0.06942055814784016 0.008392822120643384 0.023492507464433147 0.06873124725419531 0.06409436434341527 0.0042592889003907584 0.08691840556185504 0.06563784714900195 0.01150219977299269 0.058527466931507136 0.06875318117163047 0.08715703252369837 0.03447963142742985 0.07440140487730872 0.002860441138537367 0.06326490653517043 0.034416004543264406 0.09051692539567785 0.0462155906478087
50 0.05203607479730309 0.034599338811040437 0.10006745083051519 0.06224439216737664 0.019937877335533205 0.053265257187716956 0.05548783526657746 0.0021309764309670903 0.049011904110131475 0.07704842979808567 0.022255397755695867 0.05332527755790246 0.07877135646380996 0.025615391153629895 0.05159481503604931 0.012903567625312334 0.016810680382594867 0.07343384322525698 0.08163323073305125 0.0778269033314501
51 0.10090913321130072 0.04857756956132418 0.09799454755136094 0.013269549865031156 0.07449455238360807 0.08137854658859786 0.04515792539833342 0.08154295496458623 0.021364313547532605 0.031709500375374816 0.0015477474463801478 0.08901535984330622 0.07141807833233144 0.05780274683836058 0.03129395964485651 0.001196751901844024 0.04257363396666595 0.01187903701641733 0.0904444296736382 0.006429661889149798
52 0.052423619703282326 0.019394784832251315 0.06412892256713919 0.07204487646854202 0.052280168547784084 0.06223932172277021 0.015118767775723036 0.06289884286222752 0.04604879974600639 0.06338241744430043 0.047262979748956456 0.10373513927150269 0.0543361667479696 0.1072386261768917 0.015267179477798324 0.010088569558677724 0.05484138056999204 0.0069322333253269315 0.016038347185272785 0.07429885626758527
53 0.029148418831800662 0.062297693426774256 0.034602381862177546 0.03787236539481621 0.0755290567689451 0.051120320324759785 0.04992777493502966 0.06941412084529659 0.046107657568178896 0.07837702262362148 0.06824821376617589 0.07228109654568043 0.0079870908992085 0.061306087368456566 0.022148943307822196 0.0640830305075229 0.04568973786196076 0.01280748315619819 0.04426922802880838 0.06678227597676588
54 0.07555061708239959 0.0793832426400007 0.02909938433374351 0.08411666827095038 0.003927851727707548 0.04663693987429058 0.007904718106403552 0.019031945568140363 0.009155496696466705 0.011734776923156002 0.06139037865934365 0.02517307083314067 0.08835892293720522 0.06831353184302803 0.06661260467886715 0.09751629722532362 0.018961410939633893 0.10650720290183767 0.041692287297016205 0.05893265146134465
55 0.01645922964253612 0.08901611380274545 0.05190874507306012 0.0532153901318296 0.06519199298076929 0.047298617761294307 0.03809855563021246 0.007048590927048435 0.037750855126764335 0.021079932454264493 0.041241327623797217 0.08113640742611157 0.07705240574837956 0.007331380198246087 0.06546932771469673 0.05857947375730889 0.04136135744206245 0.07096488492182859 0.09431456767669773 0.03548084396034647
56 0.046613484546735015 0.057886178846510546 0.04919906094199863 0.08059103123602991 0.030412363942171804 0.043128019008731866 0.053143278267261326 0.05116906481276403 0.07294586778208911 0.071433506867481 0.02644356101298987 0.07248525131419946 0.07779400240837649 0.03613020347291791 0.01440741331697938 0.045866131689192104 0.07895583217327348 0.04702395218712027 0.03917264420653209 0.005199151966645687
57 0.09046758678718461 0.04624931875742482 0.03622380942737263 0.00656281724951314 0.09257057671276965 0.031114316039424817 0.03690305889144934 0.020067190328868556 0.04520311442575065 0.03563922259107877 0.020258335606017756 0.07724647124436723 0.047375329474263095 0.06968865222830044 0.07960706689609148 0.01784968463449674 0.07040365290785745 0.04543288907734444 0.04352766602969069 0.08760924069073382
58 0.10835065156193462 0.025053035172161498 0.09382279015653368 0.012679878397377414 0.09010715910428604 0.03607300723722487 0.00031497849681755004 0.07416615258425521 0.0810693223161204 0.06581285754905834 0.03612059828765012 0.01706753766785822 0.01915951711528188 0.01069326359854556 0.0994557046257656 0.08805373208863439 0.00845385486793001 0.055439152589202415 0.030161654365275466 0.04794515221808686
59 0.0722363421737254 0.0559539216579547 0.09625265857445156 0.07951124184807129 0.08860313758225527 0.06432966192729321 0.03429359232114406 0.04572156184951064 0.04137169948405303 0.02266330839476394 0.04248238632488699 0.015877026284545685 0.029873798991201617 0.035510611419154556 0.09529272389399476 0.010631295994274231 0.04682158263703279 0.07064756873143452 0.022094578412290476 0.0298313014979612
60 0.0540670826280184 0.08825781277548435 0.01989511746385366 0.0159647317143769 0.03471261842133913 0.07275480502512124 0.024320999331445995 0.06208576300810106 0.07896400362713082 0.05830721143917848 0.07103798624456867 0.030764012483952143 0.06316411954455638 0.053563351905889234 0.02211008967076966 0.03545852668149114 0.01404325358343366 0.02398538662816811 0.11359465159364819 0.06294847622947256
61 0.021470072223305804 0.05682165887797811 0.008753049879600513 0.07972426568110873 0.08572452227055978 0.03111159576485917 0.0569510010212332 0.020800159409996383 0.07817281165579912 0.060169491602439236 0.029623303122998955 0.060048452835963634 0.07507377598130097 0.0620250093719777 0.03947441083603288 0.08586529546991108 0.0738697695998125 0.009578504629840825 0.0573543782803549 0.00738847148492658
62 0.001962997876919178 0.031766989431675205 0.048323146595973164 0.08750545848237974 0.05431494730353666 0.07259424357716687 0.08325137297895499 0.043810024976783345 0.06059077412880231 0.07517861123155069 0.03395383123873889 0.0881725927634938 0.0023729466278467736 0.03304842383276194 0.04618708057459156 0.04374566404976834 0.0161557732859253 0.07324334470763921 0.041819792954745826 0.062001983380746147
63 0.04493078567738828 0.02450801225321521 0.053546906125959325 0.06945213687957308 0.05249444286596548 0.03237174629307157 0.03312029974428884 0.04670796862418314 0.07926946218012096 0.03645642356746117 0.016714748474052233 0.040195236442590654 0.07301717011937393 0.08271779716641027 0.07420559819154994 0.028854363686479416 0.022579639283038265 0.026843779242870763 0.07943806986169026 0.08257541332071722
64 0.011103577890395391 0.0023095344681593848 0.031962913120828766 0.013230936542009053 0.09612000061468425 0.00953246723910816 0.014092721686339037 0.1153279720893409 0.013501593996540669 0.07505081399109195 0.08372635689390084 0.07681150981697298 7.946234763405283e-05 0.11093124430419073 0.01042758117067127 0.01771821696779601 0.04868054532161466 0.11389291477946607 0.02791531967393499 0.12758431708532086
65 0.07066769809913061 0.08269770563820766 0.061102194128819884 0.0846626170495774 0.007767343340299202 0.01723525048941697 0.08930082503414297 0.03486827206999477 0.047766875761742475 0.03326445403653209 0.07926232039041951 0.010746083430946997 0.07295550670684758 0.00811541189336077 0.044709147467037365 0.050189556326613455 0.0729959787529502 0.0768584587778613 0.02326414171546025 0.0315701588906383
66 0.11346051026239819 0.025371144865487263 0.017191287069004076 0.017319183123350523 0.026188529840456654 0.12055668528931655 0.011722971435534045 0.07503419942233903 0.03465070191327209 0.04359638888680725 0.01790480339246878 0.026296878635973065 0.08076773125180137 0.03494994814332509 0.07933518178478649 0.09619324996866403 0.030812564143688506 0.03629038531740265 0.023757073730889287 0.08860058152303521
67 0.035843628227799185 0.06393569125307609 0.07304129888090119 0.05310707416010195 0.04077569165361576 0.06411377410087993 0.079930137803309 0.034664574725860535 0.02908361424631137 0.03813699973566005 0.040882726170257504 0.05193701213628809 0.08521456888097617 0.02482910221398943 0.027537407323592708 0.0004569711711432215 0.07267762777364345 0.03947943325810249 0.06934778711436637 0.07500487917012558
68 0.008737125083289271 0.029113803612790586 0.07779648569708514 0.06698798545680983 0.07731088719229089 0.05606355867303894 0.055325397206444735 0.03885568398919202 0.04113083633899244 0.001669257862775424 0.047219099116286835 0.05094990730888518 0.07454343038701747 0.06283887209664368 0.07220274818239161 0.06181740199903496 0.06054243572148638 0.04573540761339093 0.024217548674364844 0.04694212778778903
69 0.04285423303690137 0.0002519585992247503 0.05964197871268592 0.007287157662743834 0.01227070927173941 0.04342594536960952 0.088229814561653 0.05786369257135734 0.06671480321314913 0.08261411935083554 0.00973143340572307 0.08350953497686997 0.0031484844497606476 0.05168874037124512 0.04760055191090786 0.08103387977846552 0.04828632021823264 0.08507214675481109 0.07108295150941961 0.05769154427466479
70 0.0245705631917742 0.06709446739236237 0.08770897961483815 0.006592193865688926 0.02005741488711933 0.09036951944654747 0.05587300138737924 0.04169951625912369 0.07147420531955756 0.03776926069195379 0.04260659869055748 7.304383734829744e-05 0.05967517223927235 0.07476474916376794 0.08413104351074172 0.06862576140090657 0.04174900066639346 0.029641817725124368 0.054751198894379884 0.04077249181516297
71 0.026104487152643303 0.07374507994764874 0.10594065827589333 0.059049668201913354 0.02457805461601885 0.06122401598412787 0.049473502932836665 0.053642050151513264 0.010693059795737548 0.0025095771993072914 0.07367658520173453 0.0021113972115233653 0.053099104392812 0.0246376477265736 0.013527881839494214 0.10117515622196549 0.08400989814110962 0.08083679572323892 0.0067235900718184 0.09324178921208962
72 0.017532087958315894 0.06830034318135386 0.056083567945288 0.023855338507454492 0.02909323936055003 0.08104590840014833 0.04297208522181957 0.06757540004050575 0.08041558717749903 0.07865690107088874 0.050450565019768634 0.010540048499099805 0.007221891560149413 0.07538876910736673 0.007405013423187945 0.06369888161370647 0.06711142399917067 0.047430472112510544 0.056531703332919264 0.06869077246829679
73 0.06619667520311501 0.08068718257238824 0.027730681034148837 0.08257893824442883 0.02546566642084109 0.07233391287627752 0.07589171426465467 0.06284622415355472 0.017712293436867074 0.06785588008268753 0.04433597048206323 0.08164994283989228 0.0027257494396920995 0.04285179995489802 0.04291615115619914 0.052861367298027144 0.06984822485724596 0.013702096018852564 0.051653234363755726 0.018156295300410134
74 0.011536912891410732 0.0796792775449428 0.07566499491668566 0.04572839704077621 0.08021591588823253 0.08186662879162962 0.042625253256570704 0.025114992779030544 0.01238345840502534 0.060216513395572595 0.07657552995422129 0.034336310851659994 0.07833322104405319 0.054092932738168835 0.029916372217409018 0.014067094769789533 0.04344130846782046 0.0697572798572401 0.0805826142416668 0.003864990948094166
75 0.016346233061032816 0.002657755977377804 0.06071664606779984 0.07311443800407522 0.08212411448106571 0.08462919248400264 0.03172322109155802 0.0826996108790881 0.07632715487244203 0.0015094495398324996 0.049877673358241996 0.00835466465518953 0.06919583667914819 0.07967268696061161 0.011937513580832948 0.08000296508404195 0.04203081815259829 0.06519969192707901 0.06108787291700326 0.020792460226978497
76 0.06319937851620962 0.07836961337830838 0.004535367129934322 0.017020127174118584 0.05409471593767969 0.0021661063994578397 0.06505015161727441 0.07787713507812134 0.011441678135835427 0.07364705619760836 0.026554624667366133 0.02783541080041906 0.0753559946902722 0.07764536354927902 0.04920330205898073 0.07552630214799151 0.04982826887611709 0.04427123909958494 0.0433987748408149 0.08297938970462634
77 0.07629320267583445 0.07984051000726648 0.0834216265948409 0.043413260819529856 0.034879944701517944 0.06943492808168128 0.017956918203369716 0.10300261224618504 0.04374099032490117 0.0784623892597288 0.016193692842513922 0.05634324982855932 0.0005340938967908544 0.024795388891225262 0.04661106684907015 0.06894492902852377 0.0033625596775173463 0.033043491188886435 0.019225842925883856 0.10049930195617388
78 0.11066762052332398 0.044023655795476145 0.011989436760957211 0.022885580355737414 0.1092083453581534 0.008383125546033125 0.021457341093618937 0.07276788407433536 0.05237774170502472 0.04602164483162033 0.04398984614762349 0.0052802984963973105 0.03295834506556001 0.06253413473583987 0.08229985540463686 0.028183222913619625 0.04593901197237049 0.006990220653431489 0.09223632297720653 0.09980636558903366
79 0.05396073956523599 0.05494279616958431 0.04841892569088282 0.08232175751384727 0.0735474200488989 0.008194050276257553 0.07636526936968899 0.11503815068876495 0.03366563514105998 0.030337420269994385 0.05207464891496415 0.006794095435940064 0.11310636180629219 0.03770017173484275 0.011834894163875426 0.10581417783894732 0.0010600523025342831 0.024222239475089676 0.04472149496325895 0.025879698630040058
80 0.07496051612439956 0.056244094563473866 0.06246887144487984 0.017562974770051133 0.062163173437792284 0.06661907144351549 0.024713372559461887 0.062202595968249015 0.0487205827253665 0.06362181342188983 0.03277923801716931 0.01590925411433448 0.06719896265313414 0.04599199039986698 0.060654986892278814 0.07602510531039398 0.03441611382061167 0.03826158827180702 0.021885948091300945 0.06759974597002333
81 0.026275438567632245 0.10779240510299598 0.06192933766127252 0.10949885201746055 0.03662144061546549 0.04524427207485583 0.06907888836495828 0.0488216282177597 0.006878157918419175 0.025747096950541074 0.01819386287475254 0.10937267013505389 0.007341273312099758 0.06621863735203237 0.09839015332795466 0.03901194610820384 0.05044229926661221 0.023448222298241197 0.004837278665374315 0.04485613916831432
82 0.06062305137563764 0.022269793238997235 0.08830380156176207 0.08065300597646141 0.03243625108159142 0.03277703140909149 0.07997725056961423 0.00033817885459964475 0.09444875309434937 0.04618258545393617 0.01330960977345329 0.050104447869853685 0.03915811352302572 0.0349942657328042 0.09992975092174416 0.047047589205940966 0.06364126141796492 0.007931157223666625 0.09342557000575409 0.012448531709751815
83 0.07752035407929146 0.10875758523905907 0.02501934122811978 0.04070025124476248 0.03205399054659606 0.07716307715614329 0.05978016031539076 0.026066190225143497 0.009156616795646591 0.10009317524958385 0.008941173392802539 0.09029459731860451 0.020149138626472416 0.03120858775702378 0.0246070111101076 0.0022176772087832285 0.055849188430200106 0.07848121410754236 0.039002240318132264 0.0929384296505944
84 0.06171960933619556 0.021051644301836 0.05677228231605721 0.06694810880207812 0.05109161981390669 0.06963738716332751 0.06576159878280907 0.05283904186218979 0.022789997222817993 0.05583580397131064 0.021454445553732 0.0326896423523197 0.06139038578289783 0.03909327001899461 0.024804139009145895 0.06863555104826342 0.06515221065378166 0.058271077564989913 0.02409268472439993 0.0799694997189465
85 0.009256913289919743 0.08707484238192663 0.06531227384847532 0.027449640094407375 0.003307407943855657 0.06531301586858525 0.08826474924693467 0.021861678449956963 0.0548016160312303 0.008285672869060377 0.0676891472564649 0.06306470658830501 0.09118226342792381 0.060174744368700996 0.06994794638425897 0.06476178846343933 0.046705978106149446 0.044984508235337714 0.018717282409318758 0.041843824735748936
86 0.02860956596826209 0.06797067452182692 0.008953161816892574 0.034271090233623215 0.10170362222867184 0.04971131597339219 0.06631084463464496 0.10076742966949048 0.017784014808333196 0.030280893972415294 0.04382782620813355 0.015020505046416307 0.027431236662944853 0.0973441061271367 0.06042514966222933 0.06564264264712417 0.009943638143657587 0.049315017133145414 0.07563777237901669 0.04904949216264253
87 0.06330719274063332 0.09082400253883173 0.002446341097739347 0.018637950813848926 0.053897944036235546 0.08473430981043711 0.030039835470239293 0.07643440610724644 0.09038021526950604 0.055964544701796994 0.03298512352927673 0.06428599410785223 0.03577632806465705 0.026360044984016735 0.015071503144347945 0.01041656137694916 0.0791468336662621 0.07499652465428225 0.01203090640413783 0.08226343748170327
88 0.10614970102620803 0.08421168570967591 0.08205566059760684 0.030283106595634955 0.04322096925173702 0.02146015673920568 0.08499893559873388 0.040594690356128754 0.027047511646479453 0.08067465892743168 0.039042368524359085 0.024500431601388567 0.06733111589272475 0.009829982739248773 0.04240290753456131 0.021630663764010846 0.026969439289290374 0.07344735181697805 0.05957055659236278 0.03457810579623322
89 0.0494746946742512 0.0946716010035867 0.03662353158312604 0.0758652627231635 0.003568808159802024 0.010456227361132012 0.00018121986484687048 0.02666354967376862 0.01979153592457894 0.11385638842731731 0.07259990282492657 0.02042800155065232 0.10179199418020304 0.08114912075649117 0.040242648181405334 0.026215649552960726 0.026154446796610737 0.11537669051298374 0.0073507885563104764 0.07753793769188269
90 0.05777911740040085 0.038066098099625516 0.059766231845448436 0.07328663682551949 0.04205042522700807 0.0838062708359458 0.009632985358496531 0.026915046831133285 0.06501930916857268 0.020819368627952046 0.05255450061359412 0.054396727791963057 0.04986966838846497 0.04109774622954581 0.0028809184303454144 0.0834321954707559 0.037360675393279134 0.06278728533047771 0.0849975937695106 0.05348119836196084
91 0.05784303585297457 0.03451855111590913 0.025256683180632657 0.05773430787533964 0.06677151002312644 0.015926681222448946 0.06795229644483693 0.08534300557791731 0.0683919047960187 0.0781378577230758 0.0370837760380329 0.02890542078293832 0.0074450274181961035 0.056318946917994245 0.027151475648051135 0.018700189266588275 0.08772602660810909 0.06868130031234682 0.034159266352539894 0.07595273684292322
92 0.08006804026564013 0.05102227689218811 0.0772286778466213 0.0055921396977695196 0.09603853999990256 0.024843699506706823 0.0129540267834147 0.017823087386359623 0.04257816927491968 0.07464397769141402 0.09311002133250205 0.08159701695203844 0.03990890046170091 0.07441498582723456 0.0018750694298940308 0.04572596573591099 0.0018377477836218562 0.09868615424201346 0.03296044558137665 0.04709105730877041
93 0.04975811012589921 0.03218679414843626 0.05694194310293454 0.03131326601210987 0.029316855109298934 0.0692484314215156 0.05169149875715712 0.07678043998826875 0.06831205920651287 0.024863022317642314 0.04919078034679943 0.07096707475129632 0.03918788203342666 0.049966157644789545 0.06137664358718713 0.011731403583875819 0.05187313504427865 0.030289775219032155 0.0752345816929804 0.06977014590655856
94 0.03137656146503819 0.012920890691170974 0.030060306020658564 0.09220229580727787 0.04412229561320137 0.0840323850699157 0.07307136258252556 0.04595213882557605 0.0753647201268985 0.07731265838876422 0.047674522548408614 0.008624441406419282 0.08940635701857147 0.007720417233772763 0.08774069108277278 0.07366972399496469 0.0035219774556858293 0.018040435046565283 0.09496228304511233 0.0022235365767002383
95 0.031026700961065763 0.07236300673010253 0.08215708583118303 0.08155721330874599 0.00011140990762140229 0.04224857168176413 0.08574676411454094 0.05553171838446463 0.0655927809790791 0.0869256051188579 0.008822100573119844 0.0889348077499926 0.08677913877514908 0.07599357812302789 0.05005872977665425 0.00434831296257941 0.03472861613338989 0.014816846595674303 0.005707497346375448 0.026549514946612
96 0.0811352644140375 0.040737178036558304 0.004969844818800876 0.09916955195201893 0.004816065153215678 0.07495288961219415 0.02036594936006548 0.05316996526116681 0.038914432680259785 0.001631101499920593 0.011761014606712515 0.003884996832495023 0.09501813741343884 0.04420527026894795 0.04670792057219668 0.06450210763734725 0.05074387690261738 0.09180776490888357 0.08230402665850778 0.08920264141061504
