0 0.07169028650930413 0.008001929964404157 0.051264223246938 0.08106269635046734 0.07239570423056049 0.05327382905495622 0.014255587861980893 0.07520890222726545 0.01197112192228737 0.07999745067296167 0.0774310211624183 0.05703561534467917 0.04203860470033849 0.05318782701990143 0.06783756114127443 0.04804703806945714 0.047758154144223665 0.01758078643425558 0.02405918445145128 0.045902475490874804
1 0.03846359610338524 0.10425421358523965 0.11969415282499928 0.031998157458615936 0.00021112599344822003 0.002216107577365498 0.10314704601934069 0.07820553967454952 0.03405810840421863 0.02708878383953921 0.0940903081702045 0.02115779831268882 0.004874005872105339 0.02970059230055627 0.08622607585232615 0.034691691446432714 0.05144465733561337 0.07251246500711139 0.0094602849363162 0.05650528928594321
2 0.06048942784060223 0.1050196611787966 0.012500859663482864 0.00692622753828924 0.04587378826209007 0.02963242186181061 0.007497718007282584 0.038340089599456215 0.04578336766939362 0.0422644373431621 0.08500806444563558 0.0959776856063401 0.04524223399109896 0.04660735741169789 0.09487765722686885 0.04409868601957437 0.05281060632226063 0.07941190880774171 0.009541707111321102 0.05209609409309473
3 0.07814526833820855 0.0633170337229805 0.06821633798520453 0.049286145687708414 0.04552058936403671 0.024323599581413367 0.0009664946579679265 0.09974888191001181 0.03467414370136787 0.04532046092726568 0.10797042555174552 0.0942642467115052 0.04016491504295496 0.043506305211728824 0.0026713836580819577 0.0855466291146542 0.006627619698519097 0.029531724760560076 0.011429498101465563 0.06876829627261911
4 0.05415775936655097 0.029805087043978395 0.014086866922247667 0.07867051214847244 0.04595784634673083 0.0009972395229160558 0.08806636689520966 0.0074993385436318985 0.07593701271002821 0.05248436805692011 0.05767066882883167 0.023575749270326202 0.054993162235674166 0.059274184633460285 0.084258276912208 0.06071456990494527 0.07833459293079088 0.02941510217912068 0.021869639243171552 0.08223165630478488
5 0.06642176728753382 0.08100719059484092 0.04517527904985912 0.060482718751684594 0.07492155590854402 0.0860278848035266 0.0005706157887641293 0.003772229123780525 0.0582776438971983 0.08338381468464118 0.0020825032588325 0.062402655976303956 0.03330247215939405 0.06284805949723285 0.0602878656127855 0.0801229034575783 0.019015346554170087 0.027219141419448797 0.052486165945442025 0.0401921862284387
6 0.08554055554126386 0.04981848387805502 0.08328722705728733 0.05369408250778189 0.02670121561974111 0.06214295128204548 0.023494728011435328 0.07304306698407201 0.06988001903105266 0.044843407325721917 0.08766428609047983 0.0077346889265337455 0.03980190354321436 0.021127225908289693 0.0025691411053321333 0.08096724135287484 0.04568143987148836 0.02866611927949016 0.061211004243546675 0.0521312124402935
7 0.05156547011315207 0.021886448107780555 0.06229151145884241 0.0566714071591859 0.0482785285070424 0.0782007280821448 0.03760523355969646 0.0731271555236641 0.08545758166072118 0.047659106282386426 0.028549925783745485 0.05942932468652511 0.028157456362555528 0.058986660545315914 0.07434109011446874 0.02703461462306638 0.053190222316490274 0.021598501120589617 0.04634998720680167 0.03961904678582528
8 0.051014103818545806 0.0383213294565663 0.03815418154857109 0.0356962279361586 0.02948642417263433 0.08256922351109128 0.05889318331269586 0.08053993770848626 0.005862910836679706 0.02566652533551331 0.09933991838112713 0.01143322097656549 0.08433569379862263 0.02850750237602917 0.03646215739739088 0.051682365677843206 0.07820474900515229 0.09575460589840011 0.03452336151203401 0.03355237733989252
9 0.0705672295221279 0.05772576823890384 0.03795638299031383 0.04838422914935252 0.04491998330364717 0.08826117536272378 0.011781638275684049 0.07273017685817428 0.09349593746621886 0.07245270405797272 0.026307353717479373 0.04223950460898377 0.01564367321411281 0.033732035859589005 0.03412203487887697 0.06291849590450077 0.025377956882001524 0.03714491536920086 0.041306753728697056 0.08293205061143881
10 0.031656368170465674 0.07224783076094256 0.010978816287786564 0.062196028843727914 0.03969554242435979 0.03072642451581842 0.03499132384120554 0.06155543235530519 0.054675112761138345 0.05125514207093223 0.036450512300282296 0.014537175803153257 0.04405507085534626 0.07136936545272939 0.09953429117666185 0.06277323051374452 0.09460995996387137 0.040358333340364816 0.05608090471003039 0.03025313385213344
11 0.0740277828160287 0.10828203455345113 0.04273256573756215 0.017580451610380646 0.0565309948796113 0.08078159338265481 0.06186781966132688 0.021180381036630964 0.05058054839768466 0.00806621404003451 0.0629521362228042 0.07276191421685038 0.0427806174679405 0.051783775397870074 0.0014127113385890135 0.10497248115933593 0.027367183179163618 0.09141603618027619 0.0013524793169245096 0.021570279404880106
12 0.05372617071131298 0.009662868610407363 0.07717618853417299 0.06461670371405837 0.0826564593252662 0.019710936610640935 0.03293713370775707 0.08677944092542929 0.07555333809763538 0.027094558933942067 0.04214925164993991 0.07140386321107448 0.0665330953171907 0.03973763051284293 0.06397037998859444 0.08627029991059931 0.04135174195437357 0.01626577222074309 0.018293724888060057 0.024110441175958883
13 0.09578718765163917 0.0066565625342453515 0.04197271369339024 0.007022541283389924 0.07211878286438314 0.04789247405766887 0.0005927130463893316 0.07815412389224936 0.06057692053235729 0.09923910539084237 0.08986376835592538 0.08507001385086474 0.02022289111181417 0.029168661644202044 0.006424582970235517 0.006430513470691478 0.03000553757569773 0.08887441317467494 0.06099516066353207 0.07293133223580676
14 0.0031256193030315925 0.07665669834262472 0.07117094888580537 0.022077483673798876 0.06467554522210184 0.07737458868022655 0.020657110767581414 0.07808308814195024 0.04739980444550606 0.07167157609741943 0.041746649738671725 0.01402456732429444 0.07048414451179459 0.03607892818994597 0.03151775372316263 0.03781121315744824 0.05184998587965284 0.062406755115501616 0.04442932001818712 0.07675821878129468
15 0.09033790192852806 0.008646570413686617 0.0902646769346159 0.04281364650283482 0.0887905522884145 0.09404710945449046 0.10461724581998436 0.005893261843185043 0.03574278657320642 0.010756996882548777 0.11159239244083156 0.04726850747812124 0.03517115765558059 0.003412432338425657 0.0731929713594966 0.0009461912553890485 0.09090149292020314 0.017528254519623237 0.01188205979227053 0.03619379159856346
16 0.03255408663085173 0.07702924578976347 0.06447183362378191 0.05123715013706145 0.03462837636593653 0.09675091699867384 0.06901208684389619 0.01546590979360757 0.05229696929571226 0.07240374687358578 0.04079538368292276 0.07137304951966052 0.02953134803624329 0.026411982946044542 0.05369552225897526 0.005944357001471972 0.021519342824166593 0.07691264199895997 0.03875217685489082 0.06921387252379359
17 0.056711668246600004 0.01349674351204788 0.07041885874930472 0.01807910282485897 0.06611256315401817 0.017948224168698484 0.07439560912008832 0.07252466240541915 0.019854439136324294 0.03189414125599292 0.055451156802903016 0.07614315462914074 0.05288489324185525 0.05484695773001779 0.057778250432850085 0.07381675731663397 0.04031633087715183 0.03310286176003318 0.06384111482963518 0.050382509806426244
18 0.07399049427231515 0.06492968116825326 0.08380275675629638 0.07736135463021564 0.03781140268948825 0.05849656931911905 0.03754221208005522 0.00414370693720056 0.02371357011918088 0.05435592611658445 0.04598926811977774 0.07819614166032361 0.04261186351286113 0.037375257504123106 0.0344826061162098 0.06636499605758558 0.06055657251117427 0.05553282391756488 0.05983419802384725 0.0029085984878237
19 0.10551330581032689 0.0063462146977561135 0.02398073539035031 0.03350963929926673 0.08286396701865412 0.018153437831771976 0.0037772058957500887 0.006991700644366456 0.08359178176465008 0.08005001945055376 0.015572219870658753 0.09275589033438646 0.07493295342376563 0.012055968424449788 0.018029305141733624 0.08588110981031222 0.07766316607546588 0.05246671900352316 0.07705602545904244 0.04880863465321544
20 0.08633846112879615 0.0867717501145058 0.06323640147255116 0.03853847719959705 0.07034038049638641 0.016064634854385692 0.0722236889728574 0.08304581748314428 0.018620042139048113 0.08349051491880397 0.07163721641367242 0.07084013904833976 0.005946547503709454 0.03204385610643363 0.00185903695220719 0.0030635334619426506 0.014431623172499625 0.03969955529434915 0.05683643170765891 0.08497189155911108
21 0.07346417349108234 0.07344155699470925 0.06932381743100577 0.06661279028133932 0.006666277911190783 0.025259218866735784 0.021073273764233836 0.01835453749127858 0.011221467694339425 0.08686584643856803 0.07219402046212231 0.08169471139238801 0.05625052002620781 0.0061953709825222445 0.07083866462032277 0.04450075506601119 0.04764540482843668 0.055457662067854525 0.03265631225395186 0.08028361793569952
22 0.013199422133535426 0.08816506684056037 0.035573060263915025 0.04861146242962486 0.06578964886823689 0.026214373857097188 0.016260259067380982 0.07893354643297809 0.0599365689733926 0.036631873052399073 0.005558800023806351 0.010497677513060822 0.06487630544383573 0.06567561405404629 0.0748651863259674 0.08258517730779563 0.07439039753518113 0.07027420093020782 0.04729269316632718 0.03466866578065119
23 0.0316098958890651 0.08545521618983742 0.027883145056876054 0.06910098369323368 0.06776120066460342 0.07567448758723681 0.06590436534544689 0.047383985611745 0.04806102761559081 0.0017114489698371233 0.08823306313703799 0.056341912355946294 0.09157779882806558 0.018575334967744942 0.0724431508439139 0.04858644546155392 0.033305381395835366 0.004748565835010237 0.03284604503654064 0.03279654551487902
24 0.00544166891839208 0.004934787348009685 0.012158924693118956 0.07222179094552517 0.07903625197765607 0.08517216628251022 0.09501883837514594 0.03678429351698198 0.06833379084379915 0.08739380601372686 0.0864923613467434 0.0401675199261078 0.04240892858850469 0.050142269838099364 0.019009681275978622 0.00945922899893208 0.019765649065536052 0.05151047280283126 0.06943940978523779 0.06510815945716306
25 0.07858704106707394 0.06123118128411457 0.04928524593125095 0.059285250383509035 0.07081530479894009 0.062122375468961544 0.048614927784785794 0.0640605431935334 0.06530914220560609 0.05038678554461724 0.007616060534040386 0.03717609621814169 0.07110482776943275 0.01406770422225579 0.01729057270014637 0.06342819826355027 0.07362553145187498 0.04148386757964056 0.04563731323717611 0.018872030361348466
26 0.0027679741762926557 0.06444669101180873 0.0915899172318572 0.007653904095302151 0.05966019368777838 0.07523686852149364 0.051327799368607825 0.09666668859290098 0.020725237739020224 0.019833582757355445 0.020908293723739334 0.03834470780614845 0.05611670679441633 0.08909105207237003 0.01885063045304456 0.006672816022423587 0.07663992973479174 0.03350623729208865 0.0897248976784937 0.08023587124006652
27 0.002562089779327354 0.042675868204722245 0.10280174961319373 0.029653217832808762 0.0939109328788286 0.01709050344423253 0.025626457720059597 0.07305620624231618 0.026711646529822074 0.007134348839133892 0.013071947925752362 0.08033032846702079 0.08010435585023334 0.002124871388136226 0.026732173659551592 0.047587381989688864 0.10004436207414463 0.08815975206896119 0.09785300502263355 0.04276880046943273
28 0.06297995367792975 0.06627808738777431 0.039499865798878195 0.048570852564807684 0.07231017495433174 0.06645966203799453 0.04595581785470777 0.014175384143657382 0.013964780218649508 0.057460784800030286 0.06440072341025303 0.05693375406180042 0.08067460858316891 0.030244333057476088 0.016525289412376666 0.07075916537571607 0.072042395967583 0.0001812394582156036 0.0702949013985436 0.050288225836105475
29 0.07085076466652461 0.08130539470458338 0.06456139057795247 0.06108755774953522 0.04977912802441358 0.005000962235051316 0.07398618124068478 0.026002301742011475 0.08309709944516709 0.06743978842487083 0.08364040877098325 0.05916684190642441 0.02351549221334121 0.02045296622374832 0.04929582438712118 0.02050056188922777 0.0428789927914277 0.023741151976737977 0.05873341531261052 0.03496377571758296
30 0.041879662101661365 0.00638455443561616 0.04685527938033225 0.06199325921543239 0.06762743956804294 0.016102092694200903 0.06884257056124306 0.06610394199731111 0.046949304177580795 0.07290299683625329 0.0628673888326881 0.055165691912006806 0.03573049171465466 0.0699654634521423 0.07162083462531547 0.03171326253697581 0.02846351078455922 0.0385398242445781 0.04845585511789631 0.0618365758115092
31 0.017979144265429375 0.09824127160043501 0.09142609425317547 0.0025137571415364463 0.05707775734966209 0.029382365737742087 0.041107304794400716 0.02409659595832459 0.050470079109644836 0.005590969949479572 0.01305145139282899 0.10010751199763968 0.07801826813811777 0.10179951498841172 0.0036734758010392955 0.023903282383677886 0.049928282340228385 0.0860055320551346 0.09720887348269032 0.028418467260401314
32 0.010030815456006873 0.06359568955810076 0.0531923504163717 0.058911212588495326 0.010913545046720648 0.08710376406708202 0.03358307663761706 0.04073989673957214 0.07658362875276792 0.020898589891624398 0.031091676068366485 0.022907878893135742 0.08249419050697182 0.030663203308926582 0.07438752322087726 0.05912701149319384 0.06815495255465999 0.02389275717535482 0.07121043291007893 0.08051780471407557
33 0.04231637572203593 0.08253173267393614 0.028919200973172004 0.04588809207485447 0.015263904635151362 0.05651376513509452 0.05711256393925431 0.006003990316474236 0.08182016684407228 0.013905028507887038 0.07667117188250178 0.08360571640410754 0.02821044672304664 0.08010558595813878 0.03500405399583515 0.03347671687548598 0.06933854058560125 0.04179143215512141 0.07954389177576553 0.041977622822463825
34 0.07672231534228807 0.014278732470132902 0.05870252637538833 0.06703546969790863 0.01595124885676032 0.004543423595628451 0.06858322889199635 0.04936136523595366 0.022718355929801027 0.08421711602331172 0.04615291169364133 0.013924891500428197 0.115532015883512 0.05336269858225932 0.04145789435819179 0.03686326296627173 0.028233770777918898 0.06624942024942573 0.03480763247593416 0.1013017190932473
35 0.053164560898661166 0.008287636494966886 0.05504028440918793 0.09067283761125221 0.06036147962907302 0.05635893037850989 0.0408380271845102 0.011325155851954559 0.09886587202492712 0.08798999787927059 0.05829227983206294 0.054369021723878246 0.01288339392597423 0.04540917055273301 0.022587092886851647 0.09676673718916606 0.06571297534555136 0.01234732266544847 0.039583762117600715 0.02914346139841985
36 0.051072251276956686 0.013195772910215628 0.00398535119504047 0.01631913308267143 0.10286813764904106 0.09418603736683613 0.008299145036844454 0.012284306208311979 0.06503259930708863 0.01539769631301637 0.006714932734752328 0.10238462561220685 0.023994854442294846 0.07663576088603366 0.10730835484358105 0.03424550149334634 0.09887198510557837 0.06277839341645132 0.05250871578999805 0.05191644532973439
37 0.0006928876987484572 0.014495914783896597 0.008791548901503587 0.0992163110120995 0.07142501481444137 0.04933719424681008 0.03600245100542187 0.10457080186394004 0.04111561618831072 0.01624747099384408 0.09353047322985675 0.028081918366875853 0.013426388674851972 0.04794734788969084 0.10032539133277771 0.08173735222056605 0.014225977586906052 0.06793956866492155 0.059788797498250695 0.051101573026286144
38 0.03696375522000859 0.0750015781646904 0.022201386611464077 0.027221537155232428 0.014015849955932762 0.09340356392844483 0.018025174318126867 0.03574437997339087 0.01629450022071682 0.012394311299672882 0.09077267644328721 0.024951215520006658 0.07847931395751939 0.03915620411026691 0.07221134639079872 0.08277721536236946 0.09008194297805988 0.07552690522234742 0.08111515132334317 0.013661991844320797
39 0.03387884413121653 0.06663851720663648 0.006717626838762994 0.06373188802794746 0.0777311367138575 0.035210978177430005 0.0344573892507743 0.03691886324024435 0.07769028968892275 0.054379670228344085 0.06434165736151876 0.07970027750196375 0.011268702450090706 0.016746274712207205 0.06965947856359242 0.08636235963960605 0.05215019851862024 0.0769743049115514 0.016471275284008043 0.0389702675527049
40 0.03919531309836496 0.08334484744774753 0.024271788924125515 0.056186928318901014 0.016859886828690832 0.047039126478908476 0.07682450987628976 0.050152334002334154 0.08591108608868546 0.019758729926934587 0.04718137316386408 0.08335113946367437 0.07149803785468618 0.0286516116126108 0.09155098951290663 0.009170191640998665 0.07824453239277804 0.039360409605754036 0.01578242264081135 0.03566474112093352
41 0.07808535864217692 0.0034465628304463833 0.07985001700210546 0.02233370094746053 0.0586697073882266 0.048609395669261854 0.04237823492533196 0.057480533634064725 0.00847813116489424 0.0894124499860429 0.04201325602908218 0.033309546236419504 0.06211997118728964 0.07716296276913233 0.03516539123666805 0.07482989663225344 0.028510320655459106 0.036765830807500254 0.032464398961654636 0.08891433329452944
42 0.09525352704399627 0.06182552729874339 0.03677540961460347 0.08196414838437731 0.059276762978407685 0.03914761382378697 0.011835250638746646 0.0014900627026358082 0.03168610688428439 0.04158793809692397 0.0998613828908759 0.09304914588289061 0.044099991372262844 0.02903301498592588 0.013256071494954568 0.019758964079956615 0.04556075258135472 0.08182281833536319 0.025200992942532877 0.087514517967377
43 0.006565052335336678 0.07149196009912125 0.04822525822091597 0.028137623418533386 0.018961600108363758 0.023944782441147363 0.0034174367016323575 0.07671730541100275 0.02503766985487993 0.06491836179714992 0.007774868911748262 0.10493878367320837 0.10130167541302136 0.06616020837715014 0.06087738244840777 0.013584840545089766 0.021235552372106378 0.11075041899428832 0.10061831113264263 0.045340907744253464
44 0.0707379103644207 0.08609610171964883 0.057612991599437564 0.08026330007471026 0.03058622018387594 0.060660946510432856 0.08134941873825516 0.01237703699111466 0.04743993620234983 0.046829178083282096 0.04434776325252258 0.002254442344285876 0.08715494493106306 0.0932620320709982 0.0012545309034844077 0.043840685327893376 0.02546221644790918 0.03450489394450982 0.031121466638205857 0.06284398367159987
45 0.08852373036387191 1.0625980867907318e-06 0.06492852377068531 0.11288318837015483 0.045973709489655415 0.10046024699828648 0.048103580509617355 0.10833385137136885 0.01803526013771844 0.029949694304626896 0.02462814595746239 0.00682101975027932 0.01973875406209032 0.011522634468604935 0.09764222840470026 0.01738218098761983 0.06842349019300911 0.06276220808004726 0.04523417880291357 0.028652311379200573
46 0.08496434425074015 0.03376676628809568 0.07981440322971045 0.046664229578916014 0.057338211954326916 0.03066194111550761 0.041247588871998565 0.07436542163262343 0.050068343691787275 0.003190335005028226 0.09215142785687869 0.08773583269429759 0.04775930008167813 0.0038534165691205477 0.005219025333339081 0.05918076391735832 0.0409101390885129 0.052197706556186496 0.07821776513897319 0.030693037144920644
47 0.009079416578186065 0.0691142638521073 0.02514769268817194 0.053761844583955956 0.07483581151793654 0.05493784462524535 0.02710307215392104 0.06834971975806937 0.07803094948987184 0.08322842751724625 0.08658947143119035 0.06510185703653656 0.05186022886700446 0.03629539102188273 0.04830639349926106 0.021158290532367847 0.017132239167513368 0.10231059776736637 0.020981258044205142 0.006675229867960408
48 0.042812151144901625 0.053623198680088476 0.07039285633678752 0.09022433890937061 0.05065024316018762 0.02598840671831959 0.007162987067798388 0.08566634020148609 0.025857255683934627 0.014042767819680972 0.017624709638355277 0.03231416666887573 0.0777234974421377 0.05215020579382307 0.07192606650788458 0.06493121746532504 0.04970530750858576 0.05851311298256492 0.08340391575839765 0.025287254511494696
49 0.04451243355346512 0.006867463260057284 0.08794960467232579 0.05753932358322115 0.040066499855289706 0.07529554779821203 0.07324170903809113 0.03329419357043697 0.007888805934266845 0.06079876223760379 0.0005440361586532076 0.0924229937652458 0.1046002698590567 0.014204880399841954 0.06255086473463373 0.039860969722461684 0.07093052159183955 0.052577704217741134 0.007147342349106267 0.06770607369845003
50 0.018945374287611047 0.03558313293307323 0.06134401259836311 0.06339286720201756 0.07841505964039769 0.017498312560531644 0.05943397303680936 0.06364897058779792 0.015036351814763739 0.08050502850572971 0.05739520221620964 0.020297558922176835 0.07630718476015774 0.03308683610741424 0.06164858817575986 0.013998630013121665 0.07244971751650474 0.060312485293397944 0.03337965094234111 0.07732106288582126
51 0.018175813357415634 0.08966753141066283 0.026965272318077486 0.04064199503667288 0.06793134116549898 0.08339949018657013 0.04070315777942277 0.045735840646592224 0.08752571627179795 0.028731124548808946 0.07096688381840247 0.009446694367072886 0.03891929637794063 0.08270493348151324 0.08326814770271555 0.05619496511728652 0.03873970518642349 0.057435737018095886 0.0273047690612908 0.0055415851477386546
52 0.004503094209927241 0.047532739467446544 0.04683969139477676 0.013375715471887237 0.005895284631528735 0.04823371499397698 0.04840223278304781 0.07511695899748967 0.008368866676539624 0.09202123217832632 0.03316871371461021 0.09923038611812776 0.10005381700178315 0.02295218310113262 0.07685186449582668 0.005954414467300179 0.06750781659283897 0.07858096610147934 0.03782839656670439 0.08758191103524977
53 0.09278267550430255 0.06937251646187159 0.003822202910113752 0.09420049699969868 0.035431450227399824 0.016371933303005275 0.02556761585354882 0.06507423383869287 0.05312006330944487 0.00018781747036619983 0.053689863761913564 0.02515613734402391 0.08385417786815304 0.001989275823470373 0.027652726927912232 0.05368532140318134 0.09203461653375061 0.08298903489612341 0.0538580654394765 0.06915977412355057
54 0.027568266061737276 0.10394877529483486 0.007157750170268539 0.1113158325375509 0.07293197770948509 0.002038554896532464 0.005507854953562119 0.005376411138926178 0.05652017904965882 0.0315058810041779 0.011138533889266127 0.06966098422313348 0.011108065579788697 0.07517991445330095 0.07240879413922083 0.09187067998238643 0.06297427652494196 0.07613366121737902 0.03186742607971059 0.07378618109413777
55 0.007434959646159767 0.06187601776539431 0.05010372123726828 0.08179845232161236 0.04636045753257343 0.0195510953845421 0.03722084225411734 0.06873936046470967 0.040503546487122594 0.0022583187535043523 0.0660581605010707 0.07027031160741617 0.0916509245625214 0.020149400479829268 0.046979016775061624 0.0833880247179333 0.020890304350111653 0.07773575204435632 0.059176779736556384 0.04785455337813894
56 0.0414139072991111 0.007013305014555103 0.07088843361814208 0.01912889734933401 0.024512406303221334 0.056878666067537595 0.05507635432007397 0.079428437372365 0.045209624112124876 0.0651609219741554 0.034816772238710915 0.0796232810162686 0.0879600509814532 0.08124756162957916 0.03528669490873754 0.028346826910641672 0.028759937763664527 0.09542705257715844 0.03831493796420681 0.025505930578958783
57 0.03568311160125749 0.07939155323947907 0.019177229072591184 0.02574888578651031 0.003652055888322757 0.0010054471571091126 0.08108718050935514 0.08138628996141303 0.07139240317260534 0.07577892614978622 0.05293084681642029 0.0680142596703695 0.048641095148977444 0.06315138045604668 0.04509400104697273 0.04508526858352635 0.012913494601722189 0.059454554041032746 0.06230993913029893 0.06810207796620348
58 0.048572194493552275 0.046648600284449435 0.07491270654840831 0.08459497706200132 0.026589344463626603 0.03598828667129521 0.04799200442395976 0.006754876311873377 0.06503502529711055 0.03454947502815862 0.06324664273315472 0.01327188838079213 0.03570364687277579 0.07437119188958849 0.047351836216028904 0.052605174976752093 0.06057686832966166 0.06385589578308407 0.05780226820837794 0.059577096025348816
59 0.0702887919596471 0.06833923449594735 0.03046798336286386 0.05164605589783635 0.0749880545895366 0.014277216232801976 0.03842237602449679 0.08045472889139552 0.060052092042659766 0.06127853580813201 0.03228471217710724 0.08613811978280417 0.04654594929451586 0.10019144900002136 0.004314013160050307 0.034438681118764455 0.0003521380405090465 0.03517385499888127 0.07233306104098018 0.03801295208104894
60 0.07151343757166216 0.026292609073279426 0.040153205573632875 0.07788343514528484 0.07012086087420286 0.07588460552793638 0.07401625214724154 0.040099486414387674 0.06493140893707854 0.014703445188353195 0.07830290106301734 0.027548086756464585 0.00796004885291611 0.009416144951817284 0.027319316652186256 0.07505600517707531 0.06481093820090592 0.016880472251104263 0.07170682102053695 0.06540051862091652
61 0.045025024970321396 0.08878887642102024 0.06173474749362398 0.025860281410797176 0.08310996304505995 0.0011068256592249937 0.06879096755748161 0.006131598160162682 0.09843299899678115 0.07024040420780273 0.025914541629820403 0.00898795903134836 0.09054270159752675 0.022792990847260722 0.05696621483951311 0.08587994946805179 0.02090191252430665 0.004764219266001305 0.05051103070461719 0.08351679216927788
62 0.024687258114683794 0.05634913136427817 0.08203696104066001 0.07245177605535182 0.004108970943958353 0.07022487958795622 0.05836805198499708 0.014332729552221703 0.0315408923542446 0.08646875103082806 0.06107622255804348 0.038574856674897184 0.03581741576199085 0.03536976580003576 0.04696927804503526 0.0465873679682751 0.009389186327313873 0.09526259714687445 0.05038314589460314 0.08000076179375111
63 0.09662950615429923 0.061627449969017395 0.009560512233201101 0.015734752883667383 0.08275880588802675 0.04933750700683897 0.05496355567146215 0.012718610696404346 0.05241038252845696 0.04355076295076038 0.04629133035324277 0.07088190440507795 0.0833298095313758 0.09510984755922736 0.04977562622969057 0.0106920617288592 0.03507749132244676 0.09499533322797721 0.025158564319701326 0.009396185340266114
64 0.004364878047490465 0.059927514200420494 0.023090475035293455 0.006646525805655259 0.09475009602260556 0.060664325405537664 0.004351904899701379 0.01550743728817876 0.06598860309224372 0.004239009456112984 0.06947806078275708 0.10260338529934727 0.09582419477962674 0.09334008103584768 0.0639853512853884 0.036405918630083696 0.06298824490440866 0.016979926882095937 0.046204564217832124 0.0726595029293729
65 0.0067286589655565976 0.05582194064132459 0.04432700975054375 0.05615701622782616 0.04044436750516038 0.057365461554640375 0.044381356358487806 0.042021628504685035 0.09074777971067528 0.0014576566482835153 0.08429499181273667 0.07417943785693369 0.06974996344739035 0.03370551459694831 0.02722269750217319 0.02521220572510187 0.03203311361454117 0.07252271325959553 0.0730394764917086 0.0685870098256873
66 0.07466627618946983 0.08689580934363356 0.0533243302534402 0.013480434161659529 0.034104110018416525 0.0858795421199104 0.07054795404036762 0.07243640145309375 0.09144390047575549 0.02539131277603164 0.09587545387677485 1.6328250072786775e-05 0.02785140451632017 0.04896746899247644 0.01978835292797029 0.06312173160159493 0.006890088047582998 0.05005187988199392 0.04237313323432263 0.03689408783911232
67 0.008138545230708852 0.025209718014554527 0.020916692469630044 0.0728892434635188 0.07714209025331024 0.08166962542178845 0.04186701504723035 0.045124240888513724 0.052476187352969814 0.037165381430924536 0.05738344533243632 0.031141654579267788 0.06916024708202725 0.09630427907553903 0.0048800000875885334 0.07654894327890437 0.06488011327680712 0.049317581544684234 0.03210636861916392 0.055678627550432055
68 0.07017377286992035 0.08685930644775308 0.03452145941986138 0.03803386872231836 0.07988149525635241 0.09496914824198244 0.017601408854299744 0.006180142250726395 0.08060168829147782 0.08022634760208348 0.017084124057101673 0.04151318525458698 0.05293377380881405 0.07442496123329204 0.0004279071032734543 0.0469190619599701 0.023664529423592057 0.04053238436893528 0.020809890223420575 0.09264154461023831
69 0.06214640595434392 0.05357904442324588 0.001986613807876239 0.07063040000260443 0.0640851379969132 0.08066786050294633 0.012346197696284655 0.04990669017098455 0.05887248442923418 0.04424766823847546 0.06302333036354828 0.06595869442131436 0.07759600166673469 0.08127684126756576 0.026465631635328262 0.05649512644369999 0.008921122200932566 0.027213844465531475 0.07103228731005928 0.023548617002376607
70 0.09896277234679453 0.07509674572213328 0.016443081005565543 0.08935551116404418 0.0875197532136886 0.043009567684330424 0.04702753336973851 0.01025749693306976 0.0224855397592781 0.013419818133644013 0.022084314756097578 0.008676170044590073 0.026356792896841636 0.048133050567533905 0.08208737295849582 0.06484650223384983 0.08547362524335254 0.05449711373955028 0.06189406489324837 0.04237317333415312
71 0.003293829195680317 0.05504711540504743 0.0478361955620912 0.03617992005798154 0.08334422568695157 0.03550044073605984 0.012869878594945617 0.08581131678251937 0.08428536470975571 0.011301902256252556 0.054554720064456795 0.015834379260902576 0.03707942681985296 0.06376516415288021 0.06267057161382872 0.0841383628149292 0.05605070876299508 0.03704189216686526 0.08337055887798434 0.05002402647801965
72 0.07643654832217611 0.0755603672808004 0.0352201183923329 0.05599471190922273 0.006328990194479231 0.022589039144392312 0.07745771066760049 0.010620475567962638 0.045480924295098556 0.07124796641075375 0.018424711242539707 0.04803879455310692 0.07584414670847446 0.07154182830839705 0.014591042337489538 0.0686923653149046 0.023540361447733252 0.06224079115337959 0.07361346750103102 0.06653563924812474
73 0.038827419735327634 0.02026233407700439 0.06187609106105787 0.030129249832452555 0.07505028702655293 0.07372116379310711 0.02973031720527334 0.023037919246993648 0.06551355459494101 0.03573781603359277 0.021996137284256565 0.024641746935580747 0.012329324740984197 0.09339756114455613 0.055310065509456025 0.05350643556734286 0.08429849332040015 0.013789918712024073 0.09024692868331424 0.09659723549578188
74 0.06527863506338942 0.09176650923243174 0.026305326105418584 0.03681229413245518 0.056689178821115106 0.07466831765908448 0.04676571286445921 0.0655648814198751 0.08474063041458357 0.01526360381369153 0.041986458605115365 0.016690566849056444 0.014758392121771291 0.09870276248218664 0.010810574751458751 0.05139164494312663 0.04933358251435623 0.004692451706151402 0.08420760200990836 0.06357087449036493
75 0.05199007421421923 0.07111520721606562 0.06997660973398045 0.04292525448026633 0.07928488713320361 0.009712548620852022 0.08353656991536061 0.04791936644975294 0.05708882115992333 0.027045455911844075 0.05602178623039818 0.06028172027000699 0.0038609033970674307 0.004960082655494951 0.04470370607546585 0.06784861438075902 0.07485160456658702 0.06594698199388135 0.06614139885022531 0.014788406744645627
76 0.0281642273710942 0.02262576832760432 0.03194610366683486 0.0956137540641548 0.003191509943227376 0.0688733142296531 0.08918015960222217 0.04954281817019087 0.08465966960331188 0.06897793598249732 0.08061374884629045 0.021805486672267064 0.06830545074368825 0.014360601549462965 0.02995380310238459 0.0011837694396412215 0.06567479842516682 0.04537066157477108 0.07273410148081122 0.057222317204725495
77 0.057301985174885564 0.030942700342761194 0.050159712834436126 0.041820213221146194 0.0006782495510878397 0.06710025208413788 0.07459184111921693 0.07448845844029718 0.014768898681328859 0.09018624167517891 0.06946326391248507 0.0559802135682835 0.08319098505696602 0.018707970848265965 0.0067506449180813185 0.07006612354827817 0.010539258517133538 0.06138973386708986 0.06863107845633087 0.05324217418260885
78 0.008021087011884042 0.07482379409530582 0.08210865370592765 0.05864416176850771 0.0033801425542434975 0.042115872962330214 0.06043124939029871 0.047689071422433005 0.054458488138382354 0.028776496973720395 0.08908872068979296 0.03300522757592067 0.07514190731624085 0.05729854876010574 0.03586594296103976 0.0909781986950357 0.014900250035208472 0.08956931439556322 0.0432633960835715 0.010439475464487544
79 0.05260369452660815 0.02021330559480342 0.004090793305228571 0.03889006524169197 0.05295380275831842 0.07461865245913492 0.07247857028525084 0.03689084047941647 0.03749507269428384 0.03356201365788039 0.0013362686250805082 0.07752679704660567 0.0717075794466565 0.06772504656226604 0.07856601679032266 0.05106266593631389 0.07284991501713846 0.022299325521953434 0.06424527852566744 0.06888429552537843
80 0.009370040424786966 0.023704334122748943 0.003980339995773202 0.11945444246312467 0.11519415765721992 0.022665641092191595 0.07811215530018292 0.009367292707082872 0.1097409387253193 0.07171817427946299 0.013295729964474926 0.0008872792510998443 0.03405690737547288 0.0017484541728574842 0.06004434589910414 0.036395425677685236 0.055255049983755765 0.063465437720061 0.09485404869471921 0.07668980449287623
81 0.056409259681737094 0.06761623330288431 0.08414905120864659 0.02864442173875026 0.026004944694322855 0.023054555262722223 0.00583568299388458 0.04523250929182528 0.018144331727408848 0.032268797271250885 0.05932402296360344 0.04170134103223415 0.06176691952006148 0.061687756946227044 0.059059114906157624 0.09045898717198667 0.0029536927716690845 0.10828656590684482 0.023990639893107644 0.10341117171467507
82 0.0429512202848722 0.045632927001646395 0.03851681233314447 0.07897512273685824 0.0027954763086548468 0.041149779287738705 0.09282158046898495 0.06780561242752685 0.022411491205924013 0.10118875735779756 0.04227008555383676 0.07959887840126835 0.019384220505717024 0.017488588684709407 0.05607796386840588 0.09722129916247846 0.031717523608482644 0.010338571092053028 0.04088106584809219 0.07077302386180795
83 0.03591756951513174 0.07200048357507179 0.08090840493152684 0.016881979561680457 0.0741906390131673 0.013273106090108847 0.04456859673939337 0.06441589254269027 0.05694368051504 0.011954283072899126 0.03932151244070822 0.0847945855075403 0.05086828952233576 0.043629639907658196 0.06541684495998445 0.0046961250333976655 0.07895370318936118 0.061902464108249934 0.03724780822389342 0.062114391550161005
84 0.05560281255149512 0.09759166362238751 0.05717093569887621 0.0029482659129777557 0.049302851307980934 0.023107342492030926 0.07119703057799588 0.09992258265193676 0.006152784875943762 0.0843208539363075 0.041930657845850136 0.09008830408273694 0.047367378880996895 0.004938456937155635 0.04753824092983751 0.058358661822264624 0.017981837968245415 0.029849785004847786 0.02635528730405783 0.08827426559607494
85 0.08793643680144833 0.08847295623494872 0.0039667281894095185 0.029912355752834022 0.06503388031051816 0.015046798861668024 0.08185369802054 0.08448119789992635 0.007480123280280524 0.08858741352429537 0.0801068765510988 0.04053499396371208 0.016437984958425564 0.05288822603080054 0.061773371081054705 0.05021012021480371 0.03402250252655691 0.07559128781860422 0.031586172307071995 0.004076875672002663
86 0.08516369256636441 0.05432320199817932 0.0397980140949657 0.039232124453357 0.08076720075067088 0.06928050115431089 0.02023073371913259 0.10696756877303633 0.07852644584567084 0.023407776020866192 0.0432689997909953 0.012310132573543596 0.0894435932545822 0.02806084873452712 0.09237592787549011 0.013247940242292264 0.04888501846669192 0.03763475519444464 0.019577258044280246 0.017498266446598753
87 0.09192851458641582 0.09302432611687458 0.049250819741679316 0.03262687371739063 0.014901810584015525 0.09910257492064789 0.005838445132010496 0.016701127043954135 0.056259657030528966 0.03489296788897877 0.00922442413527643 0.0884621627637255 0.025683863637671597 0.013461361239260903 0.0073832360487166996 0.08820286468477181 0.03474290698096504 0.06700541918913068 0.08604601748664878 0.08526062707133654
88 0.07739688637748363 0.08877292213299032 0.026692203515774306 0.009178250211108891 0.031953035729467345 0.049037677394635826 0.04588322179387081 0.08935889564826797 0.07344079728962856 0.06189953887350497 0.07986854863082282 0.04195017559017976 0.030015226521380518 0.029905138747204397 0.040228874931315314 0.08912120232426805 0.0751876243948422 0.009539924457271783 0.042972510684460855 0.007597344751521573
89 0.043729224150644216 0.03867598690626918 0.0023621995044606557 0.07733429810917429 0.03042748644176678 0.03466697567288612 0.06841629602692241 0.06499202465025075 0.017452868478584075 0.0374422421207124 0.0212996129770619 0.08836490273471544 0.08584617885022516 0.05468402729170838 0.05317211697653999 0.04431340883902891 0.01865437798328177 0.055435883623531045 0.08941277426600894 0.0733171143962276
90 0.041639219227708045 0.04652622463983993 0.06634659735495042 0.03555391717885668 0.058926027610588835 0.041169988250532426 0.059558808636544294 0.08858342541844359 0.023153402246609448 0.060745957499172394 0.05825248604873418 0.00201886184273464 0.04547023409586615 0.09020009308957234 0.03701124753996746 0.010057357530254237 0.08016046012619661 0.08633361903943651 0.044601935692114424 0.023690136931877503
91 0.018180671695515987 0.06993864866112928 0.07352912339199985 0.022532965894377782 0.08182901977662056 0.0824822482599779 0.007236290081320773 0.05533140329051382 0.04518940900213889 0.05649039769545233 0.07592729408828737 0.06960634169790225 0.0521278038036107 0.0029700049816504957 0.05692508413824572 0.05491600112594404 0.01943289241679625 0.04798971312385513 0.023703168411451602 0.08366151846320927
92 0.052799987194668406 0.05647802488493491 0.0002886241225691803 0.03217865243442417 0.09013387342033577 0.04341458435753422 0.019301663434128893 0.020289038543028735 0.0317618647106667 0.08296814025616743 0.03934702060716783 0.08041771475223285 0.07470405880162509 0.061259123893882154 0.08860972416997005 0.0792626195304098 0.056121463773292635 0.030666190785274227 0.008862464112814572 0.05113516621487221
93 0.07115206204151776 0.05901557628926011 0.07085486159882019 0.04212325550717515 0.04172097784945897 0.07598255546374474 0.026890042980521583 0.044408112888994156 0.05455952857526105 0.04383311746774101 0.02090907951558145 0.03099506768085632 0.06780564021753639 0.019447628413296475 0.059591586547693594 0.017886466378712246 0.04148042414322804 0.06052257402302304 0.08717528198773014 0.06364616042984747
94 0.025138128234243433 0.07103883843856537 0.07047012645412216 0.029923850834534565 0.06591247237134058 0.07552399191531285 0.044225773094339504 0.05352871635722205 0.028174655954767265 0.07400008168705069 0.06779560738242926 0.02226676072737764 0.07796571738280889 0.027167867079798496 0.07222601101682725 0.048879719219448836 0.010477514020630178 0.0011634580557308468 0.07571497017267843 0.058405739600771854
95 0.11040141664047658 0.004745541640595592 0.11004138013428022 0.10529467073185242 0.03130311287289116 0.06975714922210663 0.10246035795065721 0.029308926670646482 0.013057229879347184 0.019455843044326484 0.008075508840783412 0.04450502531758489 0.01565876868506653 0.016030146030568897 0.03093602002434599 0.07337807947114335 0.06584383452752215 0.004707405389582515 0.0419584942000427 0.10308108872617937
96 0.03591497154936321 0.08849936014373079 0.04986173573575295 0.06959374833534883 0.03344785977482153 0.03276367398450465 0.0808974659251898 0.03416676085240549 0.07553481429950148 0.02531244526679921 0.05080999283006393 0.062065875135655625 0.04793325420090063 0.0007677909898649235 0.08899367164276206 0.027857755538764125 0.037713314723256626 0.07096840237269572 0.04950182335362515 0.03739528334499321
