0 0.04850277931333692 0.032780535436779064 0.013408597026983191 0.0843280981913184 0.08977803929766094 0.10104003382858878 0.05703791635659552 0.060904853145344266 0.06025791318723221 0.08227401709240238 0.00036671912803497037 0.06270414042473794 0.01939842200969961 0.03146215988140967 0.0007125443335262274 0.039683143669187265 0.08893407446747868 0.012274628815486717 0.06128525418554158 0.05286613020865571
1 0.00020972214259585927 0.053138145266021855 0.06251025844388408 0.06421135101531489 0.045266433764005826 0.08218943391492768 0.06767886572834457 0.022683317816617296 0.05317544298310168 0.01984659213814196 0.02707922645583372 0.0587897281566947 0.03687348435950276 0.10114978077355374 0.10012757143928486 0.0029949696009845175 0.0007052924156258727 0.059134036178674146 0.048618548985776056 0.09361779842111402
2 0.07540277243819486 0.058143943096031374 0.07897149259752335 0.05460271207512208 0.07479795558188332 0.07995272040720851 0.005711335223296122 0.0848712713983635 0.07432069291105026 0.03588768826611389 0.0014325760100211418 0.06356162062750537 0.004460042033322404 0.048790118789769556 0.0861460383185518 0.02569637674926102 0.01458823173932391 0.07658426817514073 0.04541911073827308 0.010659032824043489
3 0.056697781503989304 0.08901918066541432 0.033667744988754106 0.09373546617577364 0.02126096777751692 0.12067961279689524 0.08906138175988354 0.04984445236099005 0.010929614166320318 0.0962409409728181 0.05942472520889181 0.003845058589212982 0.004947762667288763 0.009482816019335516 0.031102097870460373 0.07016653041266897 0.12049833474817181 0.022553346054105628 0.0006335333380805437 0.016208651923428116
4 0.004549866063875745 0.014663037208597993 0.06705583134703255 0.07529923632894622 0.05060616854408341 0.05365156827841064 0.0790390427465888 0.0823788588203576 0.014576674600983355 0.05816301054159705 0.06267688081186648 0.04895358635186895 0.048289134367042665 0.09147217296187667 0.005899124065494411 0.019446112356770302 0.030018097019283388 0.06292709410026504 0.0707711171720084 0.05956338631305025
5 0.05866157004969481 0.04802981341717464 0.08257410435431145 0.0023458028411031434 0.06759180561529264 0.06794823078460367 0.06654452808302158 0.08108555884877532 0.06539276948618863 0.042679696882846375 0.0016419701506063683 0.05190354049287638 0.05934590246775892 0.01641756630116939 0.08349621293801807 0.06543615447103633 0.026290635234554736 0.021123610925212883 0.07184109913793332 0.019649427517821217
6 0.06458592535950113 0.033893558022810535 0.07700683448120094 0.06238789187580112 0.02322954079728982 0.07854348826223621 0.03247940761391746 0.02384003981287068 0.07362370470580507 0.08304602299511968 0.022650059226634784 0.0001473153163752065 0.04810296741169082 0.042077666136415774 0.10987055428326457 0.02768286041675739 0.0068168410485788915 0.08959216324448625 0.09954290939770256 0.0008802495915412534
7 0.04890833906166474 0.05652674754687896 0.0291719427997934 0.10896683997058253 0.09865230350515512 0.10344199813424818 0.10039551866169824 0.00679461253336472 0.0015225346821251585 0.05999061972487807 0.0698570969173578 0.0021115160413922667 0.03915012770261122 0.010032048379144384 0.08604480740983536 0.00584997454622357 0.02531841112835677 0.0018899355984028966 0.05997791265067378 0.08539671300561266
8 0.05107235608011235 0.04909396582183749 0.061005021981237445 0.07540825891865824 0.018453904128743495 0.0714727812666496 0.04884176420106426 0.070218921197104 0.07137630523891232 0.05914250308608802 0.042938345303086975 0.03676001868753895 0.08082041479930925 0.05299369707987301 0.05079844729593265 0.04833047961246764 0.03243400926152541 0.020566182418559616 0.05333304662522043 0.004939576996079009
9 0.03736441442618828 0.02241463217332447 0.07825329068025273 0.013851170242319216 0.04504942664280107 0.06056990654696313 0.025243373833681852 0.05642857613630283 0.06371560300215359 0.040837364021861514 0.07415051190297027 0.022053886895917692 0.06156641573050726 0.05881555561330714 0.03765148281283968 0.0949641175470187 0.0034301121901466614 0.09209989693568431 0.03087693166940697 0.08066333099635281
10 0.09326717092451552 0.019696499561257394 0.06067495802839482 0.04316045369538775 0.10069171590639124 0.09582188059184375 0.05711182620869879 0.004479490386926015 0.03459773200148531 0.05450061094912259 0.051549035222930896 0.013387430041530616 0.05144743428376919 0.004093557890971884 0.014448271147494354 0.101030939485019 0.051391715210418 0.0035518198569650843 0.03328740079854169 0.11181005780833601
11 0.06865692228283155 0.08787234905970069 0.014663155540217226 0.0314950817175998 0.11586269520363514 0.07964456445315797 0.053150584479366624 0.1190117928126236 0.011151769656082756 0.014172193387395707 0.048319792327621625 0.010042027183146307 0.09741616465458311 0.038262408551295424 0.005836670303903194 0.05214533755090144 0.00936565990140423 0.07156182081306794 0.001395388866306488 0.06997362125515914
12 0.055817109278843216 0.02133106374256314 0.03180390665368969 0.011311670167769476 0.010784534099937388 0.06811459665108838 0.08298084826624252 0.013066218123946897 0.024298096182634493 0.06661883229606738 0.07167524068821982 0.04214465287219234 0.030685095810460156 0.02107867166149496 0.08305987633580089 0.073427822884791 0.08157529966267578 0.07798623950961904 0.05230348390830933 0.0799367412036542
13 0.08382280535840869 0.002752385996838696 0.09640909859817261 0.032953803316798085 0.05650427309070578 0.04055028265747442 0.01274862486801169 0.09980202743704973 0.011939080701803197 0.08428017890596498 0.00441562413482114 0.06538937769483347 0.061985171633215874 0.007923652122880114 0.08254627526850256 0.06282422303093982 0.03824170007704505 0.028768000478275827 0.06705157670715442 0.059091837921103715
14 0.0216656005633882 0.0027942351266406415 0.027045279837807027 0.03379491722804437 0.12105749596744862 0.010884179658787315 0.08343253113263534 0.010476981862189205 0.03223748905059696 0.043199261106765925 0.013667195124989 0.04269232073637196 0.0656456427545607 0.09484226548106849 0.09022007841291163 0.03977995708114913 0.05282706004139185 0.08470300626946531 0.08375186398448271 0.04528263857930553
15 0.041122935024647686 0.051520480754386956 0.013639909005698902 0.07319602845344626 0.07276605363028692 0.08217663130250794 0.002289155789131254 0.020327435039248613 0.035004661785932395 0.08370867048505957 0.08017694317901262 0.040726005043455596 0.0740339504515577 0.013057177359007065 0.016046322721666017 0.07110852316869039 0.06959192478538694 0.045190804138510274 0.06964005123089638 0.04467633665147049
16 0.012467198062877485 0.05937502711787854 0.08661295244374337 0.04613670970411086 0.029641231833848345 0.031520088308274956 0.03524983319137033 0.06728645079333373 0.04343000551852982 0.047337087615274644 0.07422370419027827 0.08667343284038038 0.07130087752607527 0.02301883042528907 0.0676232239900035 0.040355964748301464 0.09149628404213063 0.02483072217260479 0.04470364852976322 0.01671672694593113
17 0.007675791533592281 0.0138495198332756 0.06551972533883288 0.016763396703829783 0.06082778771669 0.08511933487652522 0.06766734527083648 0.07769904657825334 0.04969549354004658 0.0938640489995111 0.03010061374689148 0.03147664235481745 0.08376366601496205 0.04199527029697287 0.0528094134852826 0.08080592099542343 0.012762204602230348 0.024305953780550484 0.046088570921584276 0.05721025340989162
18 0.012863402492209783 0.056300339499120944 0.0698466337996593 0.04398327253958611 0.015542718563799266 0.07210261943801961 0.08913288753482758 0.07083345889762854 0.09118035221389076 0.0812777075050471 0.06778112618937583 0.046266094959811994 0.051477258010918625 0.050472598345916796 0.06339894380014954 0.04756561937788664 0.002652815159981611 0.019744920792393567 0.021399644179401472 0.026177586700374986
19 0.08241295682081919 0.026806111010570555 0.044254380756990716 0.01666530474089872 0.08834110743852462 0.07143045085716314 0.028861168341856428 0.09597411727523936 0.06037180842542724 0.020178041279754914 0.04512729837070693 0.019294768445119 0.08503133819529334 0.029667963092620066 0.08389490364573697 0.06387011003142518 0.026032511193850666 0.008948710227219457 0.036477797184773654 0.06635915266600974
20 0.06118199795779598 0.031154598461447185 0.0031491532811382217 0.00660484445490862 0.05735503476964654 0.09863731369664228 0.08177066498535104 0.09556034187191578 0.03933788134198493 0.0655418610551332 0.07814579012942427 0.08237666772388495 0.02743556865059797 0.04310738499517242 0.04407117132562005 0.051305251235690734 0.01901106342811605 0.06036203271017281 0.03193942190385392 0.021951956021502957
21 0.04971688486688842 0.05838987279963263 0.07206715945261409 0.05592993741895102 0.04393675180681769 0.03874937226670265 0.0502698578487263 0.013967385405401324 0.0374274783829278 0.08944392360372398 0.04648005017748496 0.013972403514020869 0.02970942400003291 0.05970020643167564 0.049769646361108366 0.0736092232357578 0.09880713515354768 0.02514210588822489 0.07122245373147829 0.02168872765428246
22 0.07973767196408747 0.1056551706630427 0.08342275176060295 0.018411680213877565 0.014365149914485668 0.05713767686828561 0.048048792953513136 0.04506489925981363 0.045679103970421055 0.048267627006895596 0.03195969891773098 0.015660532501799107 0.05602277611970218 0.001752209623614881 0.04507032235709938 0.1035341854938922 0.09598253516359061 0.03113285293523829 0.06920702213023187 0.0038873401820751587
23 0.02912518375701443 0.07085389520221513 0.030701090866688877 0.07535616965136951 0.08243638427345534 0.0681825931347373 0.0545552744337843 0.02596445572700895 0.020508953374241433 0.015524677147537221 0.05948216493621521 0.07780716733021689 0.08322113145919764 0.04325025881035999 0.010832489728550604 0.036113811887999545 0.04712925852472795 0.08438044544101905 0.024069713166490203 0.060504881147170474
24 0.07162751707676009 0.07642681637632613 0.06023504271565693 0.053658751357630215 0.07180836227589413 0.025760407218155104 0.04677484072661177 0.07692072664152297 0.01383725775276105 0.010719134747997083 0.021215068016885684 0.07270754755191947 0.06994209187323899 0.03518396064149739 0.07612435004561727 0.038001288368361155 0.030336691181926865 0.06479702609599983 0.01519216836820029 0.0687309509670378
25 0.025902594766391274 0.04496187912196637 0.07401718907904858 0.04373164011078927 0.03937410664485788 0.07755770930826276 0.08709118915008555 0.07466103682398799 0.06841628701938704 0.02053542303193569 0.07875058045105947 0.07460624070138785 0.085452543557533 0.0561682408555323 0.021280167042758473 0.005442745093321533 0.04517055914066219 0.010875297606212872 0.007487076885470839 0.058517493609349186
26 0.04056706009535518 0.09221803340124915 0.07417697492129866 0.013693218172575771 0.030753123284031944 0.09340803159953827 0.08492420933999774 0.058609015215358294 0.017239856965527687 0.0968158217052128 0.01902606389584816 0.03337547122703826 0.07938281348510477 0.04666039970857285 0.06572254732555126 0.049551152308090415 0.0053441915252007005 0.049608157536517615 0.03921627157693646 0.009707586710993876
27 0.05894960803167053 0.00458233397848222 0.02205474520640375 0.10021580456810418 0.09860938619996655 0.04959032156789606 0.06035457993266713 0.04310620924410648 0.005337338818370429 0.03762161155179433 0.05848980771489284 0.07971720368201075 0.04472608289647514 0.03132565134322893 0.03712392943163161 0.07141400146629788 0.06956062798215301 0.03261438059158891 0.08861027103055562 0.005996104761703439
28 0.05301463347328323 0.06715791094036902 0.043358240993522056 0.02289177271994081 0.09919731755734953 0.044533602852815116 0.03952955019827258 0.03641777489365834 0.10086066830559814 0.06952875440716846 0.0551864498380826 0.01213406341553995 0.041424554390418984 0.016293203193713378 0.03908973582300434 0.0009888791460729122 0.07468626596858613 0.07414136597455677 0.04320571788575014 0.06635953802229737
29 0.06397076061657103 0.019884527618986663 0.03356275414737989 0.05056631755860009 0.1007430645871626 0.03973398106925387 0.026547539542050077 0.08841653535494894 0.02738334374554707 0.06561242532711176 0.023243272764938656 0.05799871237881712 0.0797527585533198 0.006408782371097197 0.023856520588470178 0.060721103826606004 0.09901663450135521 0.003246748488834675 0.1163967411511948 0.012937475807754416
30 0.0104321677729098 0.05528951937190257 0.10275965774686424 0.05430734218327664 0.08236029393686391 0.08308436027076371 0.022253477005927304 0.024765778146284476 0.04520646032704013 0.028377490773376975 0.05066513731186096 0.11077225370451844 0.00034384093607744433 0.02327733816019867 0.05303932372351586 0.06910700967855589 0.07935791301619381 0.00017451693484921976 0.029480064494983776 0.07494605450403619
31 0.07109382463961321 0.0516291880014414 0.009516816752718715 0.015092570111919798 0.0591499796196546 0.0420121618406623 0.06395542664150897 0.07577100079125006 0.02342048285069099 0.06770111260185901 0.02960225600979444 0.0699358465904435 0.050882904138704436 0.05625736100537115 0.06053353367693001 0.020443972735244235 0.04559555246825911 0.07673350896839991 0.06887562087364152 0.04179687968189261
32 0.07299097402992293 0.033616998858634076 0.04425935669411292 0.010331115639451013 0.05659362947618014 0.019909499024972556 0.018172625766956777 0.05153872951178936 0.08857330624352806 0.05129382502375124 0.07773337455189162 0.041349975484455855 0.03709040138966773 0.08556268166248818 0.09199610568778034 0.09549578298126707 0.026618249331899296 0.001961697535233435 0.05863478220846038 0.03627688889755688
33 0.08086128383012846 0.06363411331804913 0.05833320419465263 0.06959475527676898 0.08156540598901428 0.0058773340676697245 0.0009136758300278282 0.08824767732843342 0.01477950210635458 0.05244534583361899 0.00715487844524653 0.04751522754210401 0.008486604419822798 0.08770381936982408 0.06562360148490338 0.09170753507035169 0.019719712594849014 0.07157202567613945 0.07867283358848956 0.005591464033551557
34 0.072769486765837 0.003544040646439856 0.04977944190368032 0.057498038259669614 0.06135611196417852 0.06507105774413907 0.06723080513044441 0.0747839271344571 0.04118012990977515 0.005851870755768382 0.07420881715328019 0.0524028013865401 0.03462489322528142 0.06066718088835817 0.05796708758251008 0.0643938300358644 0.019722060503435078 0.03174939043281179 0.07330102770352293 0.03189800087400639
35 0.06391215653374262 0.09070166514879135 0.08527232558997039 0.04407210527553828 0.05114176000020784 0.07933122909015304 0.08185052021643227 0.024517202665573324 0.06718820054349596 0.022412329405909443 0.007194457710752245 0.08330170301693259 0.09935709414102833 0.01615554336774966 0.00923378657671359 0.018339044677007053 0.04360913381686194 0.025315053100968026 0.03236664275229819 0.05472804636987376
36 0.030371978690823018 0.043983783773843675 0.041610332134319014 0.04229071543327959 0.048143817917175466 0.08192161836843659 0.06804129557739945 0.044384861218515245 0.006354663604982012 0.0024286222890506468 0.017556733988851374 0.049350411527610945 0.06053147233362386 0.1000600170555178 0.08441518074972969 0.06368231063258943 0.019265200918857323 0.07673717787045296 0.09984153462080309 0.01902827129413892
37 0.026309417213887378 0.009142921978588315 0.03587138992602517 0.003130620930979875 0.006457765867521632 0.00926105727039494 0.030697776072044394 0.04734382974954092 0.08228987282836515 0.06776132303860183 0.11491617403700523 0.07064679199959562 0.06055127581157061 0.08098756430327013 0.11380070038096451 0.06514994952663272 0.06126464488275149 0.10133055780588861 0.0020449877741825833 0.011041378602188779
38 0.03666578739168993 0.06149125667877762 0.0616794817703439 0.010958136387124106 0.06763389654075888 0.06084421581997659 0.03567601603830468 0.021323345142467413 0.07316001040791072 0.06216626522892913 0.03968165551813649 0.019098304463196276 0.0867792359141436 0.07950292730458333 0.08157077964374937 0.03543537731446864 0.04933252395177855 0.007962889303662483 0.05058716243501966 0.05845073274497869
39 0.027695685833522117 0.07995860042076901 0.07386408804752685 0.04044727004286901 0.055011125918752846 0.028758250324965214 0.07895709263468902 0.055846588328314406 0.053517064125279276 0.08589739831589427 0.0716877399279463 0.05620368088359286 0.06433426517339234 0.010508175855225324 0.05149963389469649 0.0065901963439857075 0.07351555100433747 0.07063464425376047 0.013137905468862225 0.0019350432016187128
40 0.0005405502098484458 0.06716425686294861 0.0631028152041588 0.01308839434227054 0.05074525111683919 0.07622753171970344 0.06677720997716285 0.0641132106958144 0.04359058898481784 0.04012710998535224 0.06719142711533667 0.062862007353562 0.02249152778353134 0.023576348067774252 0.06695777090200941 0.0863279148379483 0.030802022118602838 0.040783635901230395 0.07680681115160483 0.036723615669483504
41 0.005478462809726744 0.05065169508885251 0.07562030768646179 0.023916635663808816 0.08154731921705759 0.03391259080357962 0.05987548986558527 0.09245486068575492 0.06579382267050413 0.017392736650335475 0.03541293064006543 0.0319944740118324 0.06581326079654867 0.07133428248737622 0.016136672877703307 0.005359818173062319 0.06477856897278156 0.08860886917885612 0.08236229084959439 0.03155491087051276
42 0.01913436605634369 0.008192441222206234 0.10323878560310859 0.08825078783649005 0.10739629516993475 0.061235723624382926 0.08566023428688496 0.02392822035014421 0.002689570652477069 0.09913554155902589 0.014504186952155962 0.10514631953939893 0.043083307929359 0.08034014372378503 0.020494315028238605 0.029406087522001804 0.004431965327374344 0.031789531489667684 0.0416441547927519 0.03029802133426833
43 0.08540099827802351 0.07602044298565698 0.01776558385533503 0.1009505049045413 0.013524205446839315 0.0359849383052293 0.031930107319117544 0.07985099565215588 0.09379699091158779 0.03813690358634933 0.06698206985589587 0.045908197625658204 0.006186129219175578 0.011432846494817234 0.01764921344888991 0.015495103457769699 0.04765437261288968 0.08028530646651402 0.03152744377587351 0.10351764579768029
44 0.02893831135267403 0.04634699930355708 0.08253524068924109 0.0848332158204273 0.062194384424917266 0.043243835125660164 0.07361668256109376 0.08331439166619509 0.015157408128342063 0.06456213361974722 0.011396498519936422 0.04532781395511139 0.06380985849009825 0.02394878185679273 0.05473825247819771 0.009969101928470845 0.07493676782591795 0.03669260489754839 0.05571506241932087 0.03872265493675051
45 0.019065986578010077 0.042081736643413636 0.007314339050476893 0.0022673060064249133 0.04531627864594812 0.06749444599421253 0.036984950810683606 0.09006762468123639 0.08208692356460062 0.0603600160288945 0.06168826312271352 0.007666539144059405 0.06940803100803185 0.07691431641632332 0.07016677793869339 0.018560704124823607 0.06730609396055834 0.09065750405008847 0.03515412180111688 0.04943804042968994
46 0.014124986401361665 0.013970063867086362 0.08238587749330671 0.05625766221812261 0.05694201235077758 0.02803332122548426 0.046519889597084606 0.04434275983148388 0.021838408805734507 0.07779744614182263 0.07919989501015044 0.05128744326076982 0.0705198904494392 0.041209951147977465 0.05773391973320314 0.07460896882180255 0.07903962113347396 0.00322801572868197 0.04608944998437929 0.054870416797857334
47 0.0962978891002566 0.09634965552660175 0.07706009886533205 0.0300207713927392 0.04097820970476755 0.09751831235043056 0.02678246717918675 0.07543759130154916 0.017081978474582347 0.011036381730794126 0.034286209892946236 0.024922718022094715 0.0028698232248141227 0.03944129274087027 0.00020013870699254506 0.08149844577300545 0.03385153968857883 0.05306144872022513 0.09500667834306711 0.0662983492611654
48 0.026083575131425094 0.06342184052909006 0.08992968273873973 0.035946974913878306 0.04076744577584024 0.09747778102062997 0.07744850516423456 0.055007429110132566 0.02188030491840738 0.009522179018306237 0.06305434156702393 0.002764618120250499 0.08458188360664391 0.0015413980182864525 0.10480238963334612 0.012836385878538593 0.09310412101468903 0.048929026580194136 0.03796200363967435 0.032938113620668896
49 0.053136087273324965 0.00024527050697126045 0.025946865284426784 0.09407657202571282 0.01811276093178101 0.07425907073186991 0.06313357613504338 0.04321152824765898 0.04315644481218639 0.03677877379083131 0.10214762653223436 0.03435036745956637 0.052775441313370766 0.075201507193386 0.07192288137778012 0.021994247133510756 0.029681590155425572 0.10210828888297699 0.048817484094628424 0.008943616117313815
50 0.04687776256386558 0.0721200873616677 0.06346408053018804 0.01154583386615647 0.08428153486174628 0.04415856923451248 0.0006178918901010007 0.040795755246564536 0.10926984268827979 0.04505797377101408 0.07080676803690325 0.06592025266879284 0.009972209024111289 0.0047001058489301575 0.02502617776707501 0.05160873887352986 0.00033722879704411367 0.09581658400601692 0.04876377945116103 0.1088588235123394
51 0.03680264431475415 0.07037476480734435 0.04085929193476019 0.08029399123974763 0.07314255373224661 0.03795794540928121 0.05083218461104597 0.02120876659946345 0.08478687667090991 0.01818933830143869 0.07406454891120848 0.05240098764902507 0.0361568146385369 0.05792758812224042 0.046080852873409954 0.027319150591375838 0.062010372248682735 0.02834969644522879 0.02444779660827341 0.07679383429102628
52 0.01895685552648531 0.029415836902099854 0.06978176633051639 0.072557510920409 0.06308800779427662 0.04870399692258631 0.031011031027120085 0.007726564637173436 0.07704612299711384 0.020571361399301248 0.07625967555764272 0.05369259056111398 0.081719044265265 0.03565138827451117 0.07106415666569295 0.054868458453604746 0.031241261422116435 0.07187344635653874 0.018080096974737784 0.06669082701169464
53 0.02999494513481932 0.09624117260151703 0.0907956380859083 0.051232788127121 0.05652097755929245 0.015861880466479798 0.05767726660749905 0.03156764058689153 0.04330840333705256 0.013407715898627636 0.0639810000250452 0.012253882194753539 0.09484288173667461 0.023486839047180234 0.04522791615011538 0.07121247312624882 0.005594341341370425 0.08705029308556218 0.028811698217720175 0.08093024667012057
54 0.09991675711261826 0.004488642022584177 0.005084942537259665 0.021995323591538208 0.06813506353942268 0.1017963223368271 0.01823230424924939 0.1030617870930032 0.017144700834327183 0.09127772817877469 0.05206673022961537 0.047716461428235574 0.08730018845041924 0.0737156924610171 0.06890066542980385 0.015905060037558705 0.003961652603736226 0.04445171927033726 0.003362446625138826 0.0714858119685332
55 0.09135500984263768 0.10621356526847046 0.04300129522190137 0.009018545721724114 0.030596337711749605 0.036461573934735196 0.0013593059309002862 0.11061548711184929 0.06764102902200501 0.011489996884842575 0.035204131259099165 0.04127520184327113 0.08405693035158647 0.019225029539020614 0.024884914073104454 0.016728561431491703 0.040942330259095876 0.0892751698929921 0.07037128324224971 0.07028430145727331
56 0.09578459631170677 0.016309247032554 0.04714727491009862 0.08854941706932269 0.022894919556725957 0.04956647634291865 0.06673555410386615 0.0022170854650484136 0.06457588758747139 0.03523820760887461 0.0745902652925931 0.00852999060825629 0.10158005319339303 0.03979103761768874 0.05418795686516206 0.05896389094596226 0.0395926397559821 0.0005331213049803139 0.09426774137090398 0.03894463705649089
57 0.06355627594082572 0.11385895134941063 0.10528255472794891 0.013031990510266286 0.09269419617473214 0.029764134947959528 0.042167722520396404 0.06733882551325575 0.026367716406729236 0.052187952730597086 0.0130424516212675 2.031355957491245e-05 0.12546092159854172 0.03651015621478196 0.014688422410073381 0.06572860680520863 0.06974670674564885 0.03735640932655926 0.01874010191639947 0.012455588979822727
58 0.07779036052635108 0.09669073946021214 0.04159029128321688 0.015301202829980229 0.025532934657131013 0.007197655635442348 0.09566866973418726 0.06845090810329166 0.011708896095588017 0.0271673996492067 0.08840476381800627 0.09620365341666123 0.019108745688925555 0.016842891008237187 0.038454425974100315 0.08291672175998072 0.008276879170086708 0.043489842036643536 0.06413195223549265 0.0750710669172584
59 0.0633850913361265 0.03318702392632231 0.06913996290227215 0.08923822300734577 0.049054397030257074 0.07544069820703908 0.032256526688380444 0.015042964502173323 0.07934414954889582 0.005780403170533974 0.04549403025469705 0.08721601560861465 0.032395688209759806 0.01967785378340359 0.049872184047914374 0.047628830650622296 0.06528894909129891 0.03932110180803567 0.08923892071743372 0.011996985508873511
60 0.028178303097829923 0.05818419593209376 0.05683181190729021 0.060954334653022114 0.02073401147751802 0.038724089954984484 0.06888057016405152 0.051068790462520205 0.06577271564428451 0.046122147481821425 0.0018896416282354694 0.007268128549194749 0.077406579527483 0.011091219808261768 0.07226397146469504 0.05852143625304589 0.06938359482447896 0.07326574527132122 0.07664474683388131 0.05681396506398641
61 0.07544680758063811 0.0025949461407163096 0.042390280724291816 0.010818180246577332 0.05783271361110987 0.03611785133520677 0.03224404827525622 0.07147716590045297 0.062125485637430436 0.033588162547553015 0.06391308276125234 0.014022179497569624 0.02644612880071212 0.07439066363620546 0.05407422732775398 0.08332170033890017 0.05464518241422221 0.047145687352318257 0.08618047183549789 0.07122503403633518
62 0.0483939478001483 0.009755144355698754 0.043352572035993665 0.009341643201436392 0.09498313392440214 0.13279884496506938 0.03258345790072275 0.057244893667750846 0.06014526345021131 0.054613685207819805 0.04054130777328155 0.03995408543881257 0.030335245536046114 0.05244710596088093 0.02473300802770259 0.029557413362900214 0.06608955682273668 0.04828721462731793 0.0960553560866895 0.028787119854378387
63 0.02960833893328345 0.0314331925194029 0.02577981102490798 0.029558913206295414 0.10501433194963451 0.06671282190551868 0.054809931943553165 0.0497675372812756 0.05876295826170155 0.005152249654784086 0.056734831236123134 0.03001911114067185 0.01254816724728611 0.12420187081957777 0.056585522048365595 0.056989855736854826 0.08806954471591383 0.07678895090638906 0.0052356860205345045 0.0362263734479261
64 0.06525336452570983 0.05062779039615022 0.03456987242934849 0.01796540768011094 0.06563581457155332 0.08974722618631881 0.029446396128497237 0.10328286390158062 0.10935199854470726 0.0036316493153013296 0.024876240711474523 0.09094031754578566 0.00364480661903979 0.01091284291983146 0.0032158644096252683 0.047784095856867444 0.10298436853850385 0.07967526137164353 0.05217709668910857 0.01427672165884175
65 0.06326743903022825 0.05928660078231297 0.04190644145240126 0.017263405358356597 0.02839478027092198 0.06157670839219626 0.03655662318516122 0.036160899716172895 0.0817910687905816 0.021296046812911078 0.027888368269176008 0.08505475169907492 0.08283641748856543 0.06416469966378308 0.016226860647553135 0.08581335857081061 0.047458676610360566 0.034081387273645326 0.08426753808643397 0.024707927899352954
66 0.05609206077601159 0.08297279869218108 0.024655406501166936 0.04447961917716123 0.03510839252078325 0.04798856609843344 0.039037831144502586 0.06479466001227879 0.08255299233098552 0.05654071557118622 0.03713169253000032 0.0752378352227819 0.04214550268287293 0.0269135206763934 0.09954373333753913 0.054331195500007465 0.02335318440811105 0.05273333302313445 0.016873436157025242 0.03751352363744334
67 0.008948596688346374 0.06375280157209548 0.1327810897325983 0.0823851137017362 0.05412670318230122 0.03761948658521966 0.02011563536334896 0.006256325794107876 0.024506471857803823 0.0063070302729785616 0.004032365693140875 0.05505320891837835 0.005929389296582985 0.012954539772397656 0.109978174233817 0.12846386620325634 0.023713611881935725 0.028047970090663208 0.134401144834488 0.06062647432480346
68 0.05952516082528978 0.005946433262667362 0.06501819795868849 0.06617544340125837 0.024154512114061596 0.05856972545437391 0.07529861672307657 0.05854901944486123 0.08409348745098523 0.05497301751962009 0.09131933377603581 0.07808195119804845 0.07334704892693462 0.001658545108518164 0.003536959465033015 0.014056023693086343 0.05116793830493562 0.04361677199008141 0.012161430760373645 0.07875038262207029
69 0.05073892441460126 0.015383923041865753 0.0743134055528413 0.05159547989205265 0.07261527064025439 0.04049510938471168 0.04626344780599743 0.061180267239903226 0.08196494054245 0.0747400188564474 0.05734277892968001 0.06225958031915337 0.07796197190554217 0.07683965332636006 0.007920604489845266 0.05289539956472472 0.006938306513129825 0.05293145143143883 0.035144047307718994 0.0004754188412818164
70 0.09761534247635371 0.005744427279761096 0.02573318323047691 0.02556040018291701 0.08489699000190312 0.0339752976531604 0.05334458734942927 0.03293748270021683 0.08438890955525423 0.04199617302973182 0.035045458535132974 0.06988849509616864 0.010418963054752685 0.07160862888866566 0.07843317886686142 0.04324954043138827 0.05705964386001108 0.07077581224843395 0.07465618558845097 0.0026712999709297956
71 0.09930392730573377 0.07502944473696532 0.06017677957200147 0.02436434394698966 0.0007731435557830342 0.02036891845341048 0.02386727374984739 0.06418697886066575 0.027996190492543645 0.0139868988577213 0.08063275339036831 0.04159908455661994 0.09134067502919341 0.0691415816765429 0.01960553965474679 0.022034737709826578 0.03769664764521528 0.061765533760597215 0.10174510277076952 0.06438444427445839
72 0.08160192387375752 0.06302635684770733 0.09022037651199896 0.07079331216557054 0.03094912826491521 0.036923833785526404 0.00442610314007315 0.0885460126808826 0.014890086354469876 0.03930228816317353 0.018682073920734763 0.02073976936386119 0.053995498668987923 0.07678344134711526 0.055334926442040216 0.00017548890982733477 0.07218143712643123 0.05582780708756422 0.038366024210684774 0.08723411113467788
73 0.05486253326107114 0.0615074549144769 0.026140932406696595 0.01637110778318258 0.07483213432154125 0.0059097322226826406 0.06025331571454513 0.07540002577788887 0.07878140183005203 0.07764252549378142 0.03250263131383513 0.00755987377129719 0.04250978511470535 0.07219990587680436 0.07445551214294525 0.015657247761839847 0.053537799120881364 0.038431477777143154 0.07852732763660077 0.05291727575802909
74 0.0022945839751368235 0.0045726046311029694 0.04987618138946457 0.03544773578108433 0.04364731178988381 0.0369206917267181 0.03857146562784862 0.04191654042937863 0.07865849180337633 0.06731925775585175 0.004752977799336379 0.07391511605541357 0.05790359408151639 0.06769894981347183 0.06079774090093515 0.057897222221714964 0.033235538542973966 0.08895529386713652 0.08118438882372406 0.07443431298393115
75 0.014593203289312498 0.07428520445746552 0.07435349460642028 0.0042018319626062235 0.06081125729191521 0.07850304850404519 0.046127082133545445 0.017912543710393684 0.03385738348241524 0.020726061610742193 0.06940483194959851 0.05906174075516787 0.05291045978401139 0.0553597527234693 0.04561420156926381 0.0638382520970804 0.07257070482769036 0.03550521964490873 0.10598249826542336 0.014381227334524804
76 0.06092522963858684 0.0167243029774563 0.037910143243423594 0.09019547742130363 0.022331153145817587 0.08834090806970886 0.05308644077467262 0.00534320652658628 0.0352064654241014 0.09135822384396858 0.07729756853743595 0.07845242620560948 0.05268952164033031 0.08539691570367341 0.03301402348635545 0.011608040104094086 0.0034328682726195666 0.036545412334472685 0.06951922540775174 0.05062244724203174
77 0.0329590454339219 0.031021782866542506 0.042263126560411986 0.11101727228067851 0.09651184468094111 0.0946974368081841 0.042646861360991016 0.10425198585083867 0.028667021559711972 0.024938864746505175 0.05871741137290365 0.024944751970155173 0.005966616091089276 0.07566072352431656 0.0027450753709971944 0.037901720472418236 0.0013117447831895936 0.06297473891070031 0.11488747054778711 0.0059145048077160756
78 0.0852357671875338 0.08235101547602289 0.0875628386016949 0.03815764599372696 0.02247452244594395 0.05025811991941542 0.06643395133574352 0.026735350120694515 0.04935077952418682 0.022288559600128034 0.07601756384609397 0.014094593535599274 0.06578989956807701 0.006202707531154602 0.0077608214454317455 0.0701425472179367 0.09416457874448345 0.023231322641515617 0.06940596621321818 0.04234144905139869
79 0.09362142269199339 0.08397541480547797 0.04292677295847302 0.009306038376877226 0.03396823073485733 0.04857579629502614 0.06591323669417234 0.06623327861803686 0.08670368226991114 0.08932710451875853 0.051142150014740706 0.01606200184460438 0.046519583414066354 0.04414484579306836 0.0550109320730339 0.06551796953655649 0.014651776058137207 0.0731067471695032 0.008332148095319755 0.004960868037385672
80 0.0333068443517356 0.06094409595879756 0.07772673116011053 0.07983017209536729 0.020584331346148933 0.067996496203986 0.018884290325433907 0.031183123306350535 0.05569459258432876 0.045061575370385805 0.035632662768890606 0.07050837869986698 0.04839801497262308 0.05821024493800065 0.07096715659338099 0.024141268502550568 0.037920863563534246 0.06801540130927088 0.0627876099662645 0.032206145982972764
81 0.04264685147017526 0.053855884261254455 0.06161458949066 0.02240236210338608 0.08043043782127358 0.028890927147694215 0.06683301238833567 0.055154464648754946 0.0009653843513208675 0.06624302098394749 0.05070135707059638 0.07979704215402234 0.07422370487435652 0.038327937554019725 0.08127031854034915 0.0494366965109731 0.05276583852738112 0.056042677269092366 0.026813561405982393 0.011583931426424589
82 0.011345337788499473 0.0419537533230826 0.017574046155771544 0.03542001148012066 0.035318614125924554 0.041125812971362925 0.062386812668365585 0.06407835495303182 0.05826055948071525 0.08027489874040797 0.00987051651523449 0.07716442596343653 0.07876372493763142 0.08055723752038754 0.004552941527409459 0.081849543851129 0.07173054843936491 0.06423355877325532 0.0496438135694609 0.03389548721540808
83 0.02704247945958947 0.06744342033332844 0.0832914354920491 0.01169931358400186 0.0207658425947209 0.042517480435030654 0.07922573185096914 0.04115775887494776 0.037655008374281644 0.07358837767215282 0.08230912787399082 0.0001589104572713937 0.012650625983124773 0.0525799541539752 0.06303424550596853 0.040098351648130276 0.0801927131458764 0.08373316740729665 0.03374728823129474 0.06710876692199941
84 0.05545510521906552 0.05898317425462581 0.008263505411208266 0.05875536469215739 0.007242118176244901 0.013209879813134526 0.09284122470758212 0.02702787727574217 0.03964497937917365 0.04320208536941656 0.01597208436129124 0.0801187231982242 0.09245519601500954 0.05348490879694755 0.07441172438696513 0.03914231479172983 0.051235385883260674 0.034119605269044645 0.06799728645843797 0.08643745654073837
85 0.07787114522465013 0.0333717338849863 0.055436028020074565 0.0628051521143022 0.07273936404477392 0.0753372785606429 0.02095106978413365 0.0025044189170729853 0.028126101460563543 0.061579262909678155 0.015141191396727696 0.057788186100570925 0.06375309499136231 0.06917456128584966 0.07527617732901667 0.060423266089363784 0.060949630112082945 0.02162151012521711 0.007187983846361135 0.07796284380256946
86 0.08284349800253296 0.0558634699308209 0.023184005709170095 0.04869007581585999 0.08137542286706177 0.0495059747225335 0.01834098579872689 0.09949017046315178 0.020111253337269 0.05522946671378778 0.012310704085117353 0.04026325037791511 0.021720558264454137 0.06964207716829787 0.009977632587360806 0.05930246775544365 0.09248644447818911 0.06122675989912075 0.018415965411811286 0.08001981661137544
87 0.07247869997413534 0.0055351837912402885 0.0028975014889485555 0.03664549093151627 0.11150688087575852 0.004622332592988674 0.015607419137560495 0.09531055949590239 0.04019099205314098 0.019900757210063316 0.023649579200557342 0.11180546180971333 0.05690050097398816 0.0224899740865575 0.1045791312170558 0.07737240785400427 0.09944694463673126 0.05131256880544849 0.018047480468723915 0.029700133395965046
88 0.0425771059786049 0.08083384115716385 0.08027276572518723 0.05969763027993584 0.017091792211871855 0.08077753800032396 0.0426747290476564 0.014234655204447716 0.03911844418058918 0.06623518050237397 0.026064050928226064 0.010904620676249891 0.01862870879408683 0.07569738268681157 0.028813070685671127 0.043724806786525024 0.07121690642056797 0.07415173896757808 0.055325368473911694 0.07195966329221683
89 0.08604156846987186 0.030884457670002745 0.06750753535160577 0.0198988317495283 0.05884713346074911 0.080047785951617 0.0008211913367937764 0.06270016806216527 0.09164719476829479 0.05079633027343267 0.056586548509991806 0.037597389722201356 0.08978388887357668 0.07644416354659721 0.06573284491282219 0.030466854243954834 0.03828215118982863 0.0013114314918718005 0.009206688158379973 0.045395842256714176
90 0.02326657040172372 0.029427824945664142 0.02158912073073753 0.08055386300436973 0.0711553564267172 0.06595028277026035 0.04612667160463178 0.06942709984806848 0.04207554903038219 0.03972568988712657 0.0035870494329258385 0.08378997559686334 0.07885178190816305 0.05710281825837673 0.09718006310261447 0.04316125633553702 0.021411871838656508 0.06718835150299932 0.04257785244445968 0.01585095092972233
91 0.046213968582600136 0.08353413784566031 0.037909514402205156 0.07418156737319588 0.03080656330520641 0.05333518573647908 0.03387306161264187 0.0011185286730012592 0.06769484308990766 0.06793063033908751 0.039004572936152934 0.05896903129206071 0.036798828195349916 0.04676749293591982 0.03463990283360832 0.08226432608418317 0.05323912717627733 0.0039012104917234966 0.05580459338238655 0.09201291371235247
92 0.08431355879603009 0.027017327999598335 0.0832459003544826 0.0868417692571263 0.014474613503679004 0.009820026264647206 0.0038254266391704213 0.05136136908023264 0.10513233206418075 0.004270141898310259 0.06531403134546074 0.12697241133632417 0.004236684291698976 0.06646733590846583 0.07747567641195671 0.008956943485014567 0.007360656356514665 0.05051553391225413 0.07340245058629474 0.04899581050855783
93 0.055313219015137395 0.08618944098500289 0.018036384016049255 0.06957556127383546 0.09088126418148855 0.01567878271905551 0.05241060698961972 0.0181742513411883 0.08248137764690826 0.006835517277837084 0.09367792136670855 0.06638262008734419 0.050501647343920104 0.054373842979337436 0.0734679874862385 0.017146264506204958 0.04070214701439294 0.08719873594903163 0.019022180286559585 0.001950247534139658
94 0.0785214286472715 0.06868966833374082 0.033291044001057986 0.0913475879502204 0.04219900130008768 0.04603582717491462 0.06995068026553472 0.08539471755226995 0.041410169269851735 0.07895766896461742 0.025115323712486523 0.024253927861810173 0.07856692328760821 0.04689693215917717 0.011797669997807791 0.011231385097108894 0.04883824999980235 0.030775271019556794 0.014160410450040267 0.07256611295503486
95 0.04468174441491699 0.08418049523583919 0.049564241465839334 0.002135279213057716 0.02883203528624778 0.017273882730653816 0.03841683733145025 0.029854987557979287 0.02533108752295424 0.07935112406601878 0.032976455380382824 0.08680830896317977 0.07667272321478652 0.007907599992441639 0.03166130169524702 0.1024025718187072 0.06681344471251491 0.052604377171753994 0.04733934966735253 0.09519215255867641
96 0.036544566840918634 0.08729061561834461 0.05125689757030276 0.024166202970412973 0.08074444957168546 0.05552138179981509 0.08409939125846828 0.06632028804992082 0.09261916043501929 0.017463347394456787 0.03651260525614301 0.0916927550236706 0.014213053067150204 0.00530879154661073 0.07714635101990318 0.04338573652016481 0.0031485347032835535 0.028781884689475803 0.010488212450626174 0.09329577421362724
