0 0.050833286180965206 0.03278994974394355 0.007725477967568716 0.06099315416053619 0.0036003800301014064 0.06567648471990067 0.022284696274160985 0.08500011439073497 0.04780247537863372 0.028839840852904954 0.07073904076282346 0.08006358123648198 0.08045931610248824 0.051906477547071096 0.044081836470571394 0.08425765893803623 0.04696898149988546 0.014820197410373444 0.0430912918094873 0.07806575852333103
1 0.09291324691244016 0.08271322511747552 0.0031277866491117527 0.05683785010537407 0.09746410060464328 0.0009603146716069018 0.09179820597881826 0.009375249657515404 0.05512244210408432 0.06308456491125126 0.03872253747926323 0.029989905825579394 0.0650462547615517 0.004991301563394338 0.041564811960340634 0.01979593848476479 0.08548798654870936 0.01461693389370704 0.09601873078587027 0.0503686119844985
2 0.07838653797025982 0.0031400609944952544 0.08511270974356426 0.0628399792148935 0.016303318385122705 0.04495100237625847 0.08074227654587926 0.10417781995125423 0.05123746980652822 0.04709110514826942 0.016681128734995866 0.005241773090511293 0.06259319063568035 0.06095985805798917 0.017610686018772113 0.04773396331546344 0.08962061241563113 0.07744610098053571 0.0462273395084341 0.0019030671054617889
3 0.05314142545542147 0.015498029558955805 0.09677556318126106 0.023450142224944442 0.04331382132379786 0.0657064914820322 0.00380746499926027 0.03268401704072021 0.05214849485358582 0.026447563272804328 0.10120548080339888 0.05890093158905605 0.005495728585611655 0.0837702288275788 0.09694502636994308 0.0817620992900234 0.017732973893985145 0.08112608783642619 0.02864654276800113 0.03144188664319227
4 0.08329723574893866 0.06886144958659561 0.002614750764736232 0.012644649188626508 0.07340395695080336 0.003048034588810179 0.005836605380878602 0.06956342912138007 0.032028107164235625 0.07039377412481863 0.06411020759975405 0.05879030381678297 0.12475039520838634 0.06120768764959888 0.028550755630097135 0.07119526108099845 0.047892603938808724 0.04847088427915984 0.04098510780141638 0.032354800375173534
5 0.019534754605473322 0.03046922536012997 0.07498488403662099 0.06385431430363857 0.06063336894246345 0.029798019370000765 0.041369049999836864 0.05388631669155404 0.08429808826792917 0.04824181177336482 0.01664488643182853 0.006233671542714319 0.06940395305277046 0.033323545879810915 0.07598155666880746 0.08694111225825099 0.08404496313113705 0.06441945754656345 0.03841798356572064 0.017519036571384223
6 0.006730826336953663 0.029430435575373014 0.0061515740958365895 0.08776282333678319 0.08747535452862203 0.03461129143534437 0.09450786271873864 0.09284381746645241 0.07902078346410296 0.031023204517493044 0.029165605618803374 0.05159039209595767 0.06328349684071224 0.07736975184864579 0.06016616378748617 0.039208253687868865 0.03497078240117841 0.046914016831168 0.004006850246614581 0.04376671316586508
7 0.06834457555459289 0.042828803921239576 0.041513168357935205 0.016871564230503643 0.09581723256954068 0.08660107342842847 0.01642642278514275 0.0589513776348864 0.015382564306538903 0.08665808874459834 0.04774774880708253 0.025537772507720477 0.018233238969219686 0.09233170512382438 0.039199507094750535 0.08061793173107117 0.0022775422254098835 0.08693267507531438 0.04874630306480356 0.028980703867396786
8 0.07326122899075026 0.031137057361333223 0.0844771303502908 0.058617200617147494 0.01984346017249688 0.09186521230606494 0.0007789432356150423 0.04028320520390657 0.052022551966317804 0.08561082692977776 0.019857269942279834 0.08478657600343997 0.040572110354185606 0.05839506533431678 0.0005454559858350212 0.03029561084623357 0.08962176277856068 0.09504682811594824 0.03204634977718899 0.010936153728310829
9 0.00989892534765694 0.01692337998963821 0.0940200030151819 0.025954731512427644 0.07579181273065018 0.06305944774799299 0.0356909287144075 0.09578352412493428 0.03771383379067507 0.05748725184290378 0.04843414762671665 0.04784935351940128 0.07365134630772124 0.03595275023509863 0.08182763105805224 0.002714229388370396 0.029478606948280486 0.04223233154960683 0.08220827959862786 0.043327484951655885
10 0.06722828842903726 0.030853848879959553 0.07843252262569805 0.06431643105527993 0.04702156000682554 0.07214463818872249 0.021883470138437656 0.01232410898476054 0.056128464044778587 0.07880789277508467 0.048803055845149344 0.06991132513807784 0.04403762679866805 0.016460288578862954 0.06303519834926719 0.07675675220433929 0.05096271172280652 0.03980324128667319 0.03825478205427053 0.022833792893300675
11 0.04533226673291853 0.03900992335191556 0.07319144987370599 0.03398958777688462 0.07534517769128905 0.06850967308179068 0.023282531020232092 0.0782652397056931 0.07577985840652983 0.07360425369215028 0.01940810657844475 0.05356434745734815 0.023149488199444016 0.0536432454274143 0.008625219272367042 0.08051784147340685 0.023350228052220996 0.016055918217615418 0.04694394838028808 0.08843169560834072
12 0.06746926282285823 0.028547843869734715 0.06093066052610139 0.004778314994786646 0.04500374903801159 0.04351485851744639 0.09722388066866608 0.06608428322867484 0.04766358961900074 0.031843611209714906 0.0249609367059009 0.017681078904603947 0.04062544547319249 0.022417744225126705 0.09332375464299 0.08138986643857113 0.05677366950271869 0.09848784843288402 0.06318469622576905 0.008094904953247627
13 0.10682805280689334 0.016057561037362104 0.012055668875417973 0.010631997516517312 0.07588908558591263 0.024357878603916326 0.06976912135837238 0.02960181603814591 0.09042381633565737 0.07403291403798556 0.08493412467186745 0.11122282416831854 0.04476835594775901 0.03566502222450276 0.004851380205845523 0.02852966692665574 0.01737461048795239 0.03826424902104588 0.11152837562839005 0.013213478521481855
14 0.08773867558618045 0.06079622996944258 0.09666539359561359 0.007351303766506421 0.10526458040216138 0.056037805998596785 0.06592033079587502 0.012248708976376414 0.0131520229022715 0.06516585375568792 0.006204803488941974 0.005853455536337441 0.057751076999478776 0.10363157265040125 0.02823739787530643 0.02507526840809454 0.0057332168310607985 0.06767402600986312 0.027170619242243968 0.10232765720955946
15 0.050021756490255295 0.09525590920123468 0.05600820625362329 0.031938661149424126 0.05967946734778928 0.057189011425105386 0.08571765503584346 0.006267891281689437 0.043758118275576956 0.026972156839415996 0.04341210971345908 0.05493146941871036 0.008846928462756585 0.0746811761624326 0.07471664885470398 0.036859085004899636 0.012945233682566011 0.08132621851705397 0.018628924237065 0.08084337264639492
16 0.01607485665690846 0.03198760297882346 0.0761482753422134 0.0713661586100311 0.08894591932721897 0.021125334834131582 0.04809365094991259 0.02030692408160421 0.007674574787946964 0.006083867385865086 0.017071043511045 0.012473211304996549 0.08214744259511109 0.0840074579871045 0.0362055705625622 0.024643272070837392 0.08077848636633793 0.10133979380686689 0.08451370614378992 0.08901285069669289
17 0.09341333414893126 0.056582731629838616 0.07383889377168978 0.0852361058204026 0.02913250052050633 0.04864928142222647 0.0753486003727524 0.08271740180997102 0.014646050444870305 0.09546391211984372 0.029265239648030496 0.060513704808270445 0.04024401188347391 0.001841668110868904 0.02746494384097164 0.008179484062767934 0.09504724749266258 0.010118470755592383 0.051680223367917624 0.020616193968411523
18 0.07472887364814436 0.005500671469233524 0.05186857996548129 0.06433777953769071 0.08216298144813632 0.048716847632739084 0.07261047583249093 0.02372664389088758 0.03276024730934148 0.04901753512142522 0.04307767239638382 0.037848786109815805 0.0746528798204697 0.05290376546699475 0.03074909501901261 0.08217574489272436 0.003965236202142615 0.08489450023844308 0.03640086505394264 0.047900818944500094
19 0.08694814021615639 0.0566725059672166 0.005452190835773755 0.02431587455256489 0.04904974177440025 0.011855429601014386 0.08785826375265901 0.05990836910288613 0.07438763488741947 0.023272502617595274 0.04474632480348237 0.042611150251193594 0.06662803063161077 0.03743734529784935 0.015697741215453125 0.07476794189275271 0.05807534271016314 0.08539771363601482 0.06793062945056351 0.02698712680323039
20 0.011387799764903204 0.04085191057966034 0.06365958450308458 0.038926298750246974 0.045527839698087484 0.07421751367805204 0.04245795704482649 0.04732842289958975 0.03621051138692054 0.03927541433520447 0.07419831798836823 0.0665829123631519 0.05883978893462727 0.06722938402741085 0.06797913591295152 0.03158499102056434 0.037732387759286196 0.05181347838308725 0.025327249626097444 0.07886910134387921
21 0.010525757108770618 0.06846768109550913 0.0518880097590295 0.009867473553050529 0.08948241460304238 0.008967310031593003 0.04962177672227554 0.0022785711076307373 0.05873754209000321 0.09862551957599873 0.05967652741321448 0.028524908070773985 0.07030519426040358 0.0660896956720131 0.066075972324543 0.04139184484234183 0.055810322414401724 0.034732043573426186 0.028943484332334166 0.09998795144964469
22 0.007130165272563259 0.016751981571641227 0.08041091537305346 0.062122016114658535 0.0893487153342859 0.02040818683893215 0.04720002732746201 0.020663277310876426 0.05584060927872637 0.05034655393136935 0.02982426241827469 0.08540869881197595 0.004364368787019521 0.10940387098856058 0.06570335397060571 0.03526063733965128 0.06068845862308506 0.07385751072976923 0.013097448823281062 0.07216894115420829
23 0.05819284906310121 0.01808132364090158 0.040357044418401926 0.0353279311475173 0.09663984835094376 0.004884466830126462 0.06937531566012962 0.030034752966884865 0.0769133625819131 0.09258958075068313 0.040111829901800185 0.008395402899917564 0.06099181998634742 0.07280184250656775 0.04049593424138604 0.10060668100926978 0.07064270604672371 0.05581742672928048 0.022730488050066135 0.005009393218038133
24 0.011725642019705464 0.1103906480772649 0.01651974365943982 0.0754873879885804 0.04351272017660967 0.07063768738261914 0.031365539941873924 0.07228689636643335 0.0917783421402923 0.02616862295661337 0.022516958371599286 0.037312764686104505 0.0767426628853831 0.029830635593872036 0.054683059198020974 0.06995868299541733 0.06409133114806916 0.007392267733271653 0.0693917028002346 0.018206703878594816
25 0.05028444698688666 0.07125972850464003 0.06646746081670486 0.00171365244625374 0.0591388821356304 0.08688231499016293 0.05382777169647808 0.09195416074805261 0.05266845465346428 0.004667353422516536 0.006673795210749301 0.009552062945904197 0.08282847898986943 0.06900914466867744 0.058090904513012014 0.01663759245496086 0.07048947777002652 0.05595870016186136 0.012131973629021388 0.0797636432551272
26 0.05242063401100547 0.074196476435904 0.07411301829387375 0.06621731372582153 0.010041356502961285 0.03532331238120703 0.08392664411824488 0.0691380434636561 0.04022337121497271 0.02758555521746151 0.03639767539768578 0.010916712525564809 0.05068874222160045 0.07065404223674301 0.007229289320642152 0.015492422943883897 0.04188930067504314 0.08598895795413135 0.08011107525553934 0.06744605610405781
27 0.06374844238596677 0.06471071922011405 0.006761630827362312 0.022400792070136222 0.018231951189766313 0.00564301989849293 0.07010778622502153 0.0290900522878715 0.017577587607478767 0.06117630148815426 0.08503174425123766 0.0006423196712135905 0.0413930527142419 0.07098263252235545 0.040300040844078636 0.0864973515182801 0.08552701183463299 0.059299304724451656 0.09409801682246544 0.07678024189667793
28 0.027623919215336783 0.06428218485665685 0.09745901108993958 0.012210990794130724 0.014573733588500691 0.0076137076484114295 0.09086153455122364 0.025620256570786055 0.01469541448729868 0.05591495148888821 0.05003869546406892 0.0685861846482034 0.10846108801251067 0.0934124475836229 0.01359620157509258 0.06164247037503978 0.045221359478395104 0.003342263791294155 0.10744197662797249 0.03740160815262728
29 0.08680655396276754 0.051940066980965406 0.030957581094186375 0.006717706261790898 0.05379642979813293 0.00817478474730853 0.013295597476314513 0.019087984506831676 0.09962435846336004 0.029106212721907054 0.04880124277325712 0.10967756962667818 0.008446432376181505 0.04937155251174388 0.10309757479457146 0.03433831122890773 0.03115498001247937 0.04705370932512056 0.10101076339109728 0.06754058794639799
30 0.07826234176183716 0.005489080121483133 0.015649889110947366 0.11413222420374465 0.10457280602427434 0.00046547725627085637 0.10320916002319801 0.006148981162825612 0.062003992561681265 0.10138785639317835 0.04376594705557572 0.048128414916426006 0.017319691232622954 0.07203645168043436 0.05777482495601886 0.05347889352239077 0.05101944708784026 0.003015507746312585 0.055368125569812195 0.006770887613125312
31 0.11080637923533451 0.023861425831106783 0.08172866862265776 0.029551493617928432 0.006313555801436855 0.0303432181711312 0.07823998921235933 0.07627122339052873 0.004070093257192406 0.037324933205953176 0.04059309304678528 0.02275807395202894 0.01572237764613415 0.012159558187919452 0.10152390422082073 0.017082507430457822 0.022020480207549105 0.11227949836818807 0.07839417184878897 0.09895535474569814
32 0.0010725549843358098 0.028388028284860835 0.059493808773894416 7.30879837570601e-05 0.0017954441690954392 0.07578666425224757 0.04772841940220147 0.09144704429621843 0.006921307995134297 0.006285786058695887 0.09812242314108129 0.06160056198257946 0.06953682442885878 0.061567550335259555 0.09884094140428165 0.03776117950347069 0.07129446826829196 0.07205473908733262 0.033838014012358586 0.07639115163604426
33 0.0569641208034332 0.03234904097868996 0.05754699607556067 0.049531345781961986 0.0344361633891223 0.091785465811185 0.02004057618872473 0.007648067317808765 0.043836437966660806 0.08218580469663542 0.057417554575937176 0.08015382887426442 0.03701821394514495 0.09541992619047826 0.04355549895680049 0.012690026069557851 0.03536711497104123 0.042248973141311465 0.09415648976819771 0.025648354497483834
34 0.07937449540144419 0.027751399485227486 0.0156607632290719 0.061052902480340954 0.07352815190541838 0.05349579344829916 0.002946699576762826 0.10073598299349666 0.018147973138928304 0.05137634048812473 0.06811406408536519 0.08557668729736252 0.08605378252587059 0.05655491315142281 0.031503082161041626 0.04420787079887333 0.06854809509180684 0.02544129240407184 0.035489794432471106 0.014439915904599499
35 0.06661147613833374 0.0645318594337138 0.0005805067664236857 0.08366970420421616 0.03420072202138835 0.012096266441221633 0.02134301635512585 0.049874573937295434 0.1021306573534265 0.04321487309607419 0.061269788688267296 0.018499303885527996 0.022183245101519835 0.00972647202233287 0.0024286570058868703 0.10821321917100928 0.09853931782565187 0.060403745153613256 0.10055084036558593 0.03993175503338555
36 0.028251112979802057 0.08487414452191405 0.065707750334924 0.0029154025998483586 0.04579713694484311 0.03678071912621543 0.07656241446143108 0.08602090879335465 0.07091932069137973 0.010057936642764588 0.08493726896512403 0.05951838987714936 0.05964742662929584 0.04079178111637473 0.010035273979565495 0.015529740766475673 0.0704458460889436 0.07625568796467558 0.05352719578647457 0.021424541729444108
37 0.045914887035741536 0.017427425165523695 0.06071609356601959 0.014927300035352755 0.015159020305064348 0.10343607492252618 0.10481536983819519 0.008701804197010235 0.1036155412417863 0.10446581450765731 0.01718548338241902 0.026010561218459127 0.07655189636567394 0.0261461672288643 0.053781088948371 0.08719873732171338 0.0388492516120373 0.011981851173742817 0.07813957106942095 0.004976060864420905
38 0.010082029426428957 0.07980220984969409 0.02532216091600823 0.0036504290236457964 0.08396448582258392 0.0871975572669667 0.02910333408268981 0.04051123942785149 0.027333970958698547 0.08001806686872413 0.02202826271310622 0.10100507851306761 0.04709847289747736 0.032122156899264294 0.01752678460283475 0.043661314780662784 0.0008310164636483022 0.09586753413977633 0.07973305386496432 0.09314084148190628
39 0.031967869372339884 0.09549453779824378 0.04530020301587357 0.06636524767204938 0.12368563747072929 0.04524293638734405 0.02326478665882082 0.03479246136540647 0.053889233403686544 0.02258246902966215 0.0023370771602209566 0.026169506963941377 0.12684809572007705 0.028006662045589905 0.04420948761423609 0.010010934789069595 0.09949404395186508 0.08300953978627994 0.008487330347897448 0.028841939446666798
40 0.003066531731081544 0.08130771748805886 0.08219748736053879 0.006793287340999953 0.051942933301336904 0.016831373871839868 0.00524353870955068 0.06812459098551234 0.04970896029651468 0.04476605979239999 0.047065434837513444 0.09620531140931912 0.0646311149011505 0.08140642718824874 0.0848265125301618 0.00995175809152182 0.00888267382530097 0.08380036630467029 0.0626594949050688 0.05058842512921095
41 0.027991081427009852 0.0524765699020626 0.04236692723463217 0.048150373886914115 0.07084629609287375 0.03407039157241753 0.06669874224997978 0.060223282117880785 0.07695139370285044 0.05658576842689563 0.07505068430254876 0.057115729122359966 0.012469514632531773 0.026083880766453474 0.03357641236448943 0.05231746250415749 0.05884223552288219 0.07680846108029907 0.03016476028903605 0.04121003280172524
42 0.09954330281068718 0.04540359991064175 0.033402069702964804 0.016421388246020203 0.07554658838001915 0.04447487883692648 0.01669642003229428 0.08334473469998728 0.0263997201739867 0.06237830227989481 0.054105443019808366 0.009851817176888253 0.07535371988392323 0.040135104174225764 0.0803242329484589 0.00043945611748141746 0.06356120781622633 0.00276980576834226 0.07577181329318816 0.09407639472803479
43 0.05133296808646503 0.07431948639153939 0.0029918046482769653 0.017784473594258318 0.062444889845871 0.06677184814408677 0.07926088724806334 0.06921330699373796 0.08227708094408631 0.022192477320466693 0.05497751096655781 0.08338094325440416 0.05614176484154851 0.05128547019939051 0.02973929347412612 0.02644347337907533 0.052859487933372674 0.06861331922762794 0.010641166829741127 0.03732834667730404
44 0.08651865496965516 0.08209844964672613 0.07608033506605534 0.05603296514960237 0.04930343790728785 0.0889261724735745 0.03667623379523857 0.05001456742977923 0.007907618352084093 0.07366545406367414 0.0930597513659799 0.05098349906000745 0.007538554505964336 0.027277060257221514 0.04466618554783926 0.02470839282425996 0.028380455294156372 0.08960174196343659 0.01864371672969258 0.007916753597764647
45 0.030323095553651227 0.06826923127884248 0.07785770355915254 0.07396951180908937 0.028919209749740344 0.053331858713903404 0.09900087001346351 0.06612649055007558 0.015522986968112752 0.011248774973232912 0.05040623137587752 0.07646275631120457 0.01588030513502463 0.041806707447769355 0.06545102623535869 0.0705523741646395 0.07848278577467595 0.002128133640175837 0.06651842836768056 0.007741518378329241
46 0.08690986918068092 0.07430487874567211 0.01675879540773541 0.06397264445866263 0.04076754261812152 0.08039984136061762 0.00014637491198380887 0.03875579443949224 0.055124397778600974 0.015486730864235826 0.03118065527220465 0.043095156796500826 0.08704150148697001 0.01684036571202102 0.07524626392045095 0.020117404307619272 0.08302355107404703 0.03381796349836995 0.0491367517744232 0.08787351639159009
47 0.09520010314625779 0.010217486184429149 0.012478357373746701 0.03526144539046569 0.09846796751961832 0.013068586427613828 0.04496195588953017 0.04948833232076684 0.09331543388210804 0.07450156132623736 0.07872152661029576 0.09279488614886658 0.04097704573807088 0.0005269244176414082 0.08001313514603266 0.07198164820899894 0.020010638561474125 0.07452346260097115 0.0057769973534458514 0.007712505753429049
48 0.0574406409767873 0.08489772673405144 0.03530128681066599 0.06467124495737445 0.007290752769461602 0.052858791397515835 0.013318251347756311 0.043162055551585116 0.07845645175815767 0.06427316481618266 0.03515904836429318 0.06182046126959785 0.08334241447111425 0.07045830921845288 0.045819569643223416 0.033698357453288856 0.0845929143507743 0.014542834151600386 0.04251040476218974 0.026385319195926623
49 0.0459101969244553 0.07548618511038148 0.04785018779251726 0.07887503546655204 0.03880232938756922 0.00792225026700101 0.07403552237067282 0.07030824685345695 0.05890331850403758 0.05833091513984807 0.03823769488645628 0.04213886667726941 0.04146522956860207 0.017333082283369463 0.004385015609809482 0.06205150663266207 0.009470359052814683 0.09376041631240772 0.04683594349241494 0.08789769766770204
50 0.08219075706221884 0.09311588797991936 0.015143404183793799 0.050893172152696405 0.06203814088334386 0.06035103209075537 0.005642072289167593 0.08830353530834728 0.046372413118401526 0.05752835773675787 0.01994865808700378 0.08200972649780326 0.0031498888167766645 0.07717341023532853 0.06224099242058249 0.06589987867986963 0.0037086614200291636 0.029763781010045308 0.06328084711087 0.031245382916289224
51 0.037937683085118974 0.10436049025477567 0.01669601809802034 0.03669107070194272 0.07855523035876703 0.08034411180461935 0.03385590129825832 0.07392602268920323 0.04992570016436951 0.04506259650406898 0.014195856894778817 0.012188424964275016 0.042016462924227435 0.08161867807826521 0.0954031179248837 0.014602543700891228 0.057758756403121135 0.04506135442245116 0.050590466328267164 0.029209513399695068
52 0.006501342684821462 0.0373763270535485 0.07093238165423311 0.0542159661308688 0.023960275869891325 0.02585537602691279 0.04118305957307293 0.10651657038460079 0.08522630787795432 0.04562342631061859 0.10739476910897715 0.061769373416948076 0.05331371779105986 0.08526524384305671 0.05615374123568947 0.005932745439541593 0.01254599621923373 0.0569611240011043 0.03919474319042905 0.02407751218743722
53 0.044903002853190224 0.08131733519696327 0.058102005177504766 0.03977027081679023 0.03902684851125145 0.09736217892466083 0.0035443547963344025 0.08103286175271206 0.01826570663133357 0.09382850569386883 0.0026326181682147336 0.015198913054753455 0.03395760041980779 0.007217302217980597 0.09491065301844456 0.03169392395435066 0.02264684317001082 0.07078069440208547 0.07459047825974609 0.08921790297999634
54 0.08125472768257241 0.007813490941138096 0.01297297355306053 0.069566745214563 0.05689723293264874 0.0006949158699299141 0.10569642084731712 0.012184808310496653 0.06910487601073134 0.028005094187984962 0.03014453640984847 0.10052961236881869 0.06304878088391876 0.03438134871430828 0.07160298046170163 0.033650997574366355 0.006408127565800858 0.11563534730940217 0.0013844312703188083 0.0990225518910733
55 0.05876198911355154 0.06630265375608929 0.07787367996602072 0.05637594449141381 0.0360922528503226 0.0540513457227165 0.0327450136396221 0.056100093311176415 0.00897459521594168 0.09035670618195098 0.08614406073322296 0.003818350454255621 0.037184820263534646 0.04499453398999783 0.01597958322875073 0.02233055673285424 0.0741172925390713 0.07202517018180654 0.032908944837315095 0.07286241279038537
56 0.09090101422004562 0.04309753489588522 0.05460156994220059 0.09160842658545326 0.05398224631242676 0.024724347946470854 0.017900630401434255 0.0006255952186899668 0.008140071723624227 0.06494391443202847 0.02535149010346507 0.10203350632386511 0.058656601781022395 0.08064077110373012 0.03269862365793161 0.09684054159670238 0.01874836135943539 0.10387394407320237 0.0168270373509341 0.01380377097145201
57 0.00927693574820709 0.05712257174986294 0.04310403167821182 0.05180685835923147 0.015315041477190525 0.011648238978680487 0.08427810023736154 0.004353934059758744 0.08785321412106704 0.07252470971470927 0.01948555332164693 0.08210579900625249 0.009474368765658544 0.08483530277790845 0.06096075988115171 0.08658130863812684 0.00030835482978865705 0.06226001192277911 0.07777937113724134 0.07892553359516506
58 0.06782852980020772 0.03135459942604174 0.07380263060219824 0.041400097191621396 0.04628175017636671 0.048463229635286625 0.04005433488289741 0.04588526902372712 0.07107069390122309 0.044500771683155096 0.05410204866386009 0.07734658987083758 0.02278224477371091 0.09094257938705247 0.07797355162487765 0.03548651127799954 0.009979595637717522 0.08877944945343297 0.010494652122778456 0.021470870865007666
59 0.05691078890849963 0.020361016144131577 0.05740040759423739 0.08498050887042201 0.0077830705208421684 0.08752868647929801 0.07338678031577646 0.07287413746093804 0.030594789386052007 0.01782102423510309 0.055787727174141946 0.004956902963915532 0.07341882847839665 0.05778124444732557 0.04964973922134196 0.08660645541422043 0.06604457321025195 0.050026615457855236 0.0019179641939246668 0.04416873952332579
60 0.05955249236697024 0.1030832720030932 0.005172928541362469 0.017502211227507343 0.003741063933316814 0.056258371218863776 0.03965656174499413 0.049205428983147156 0.021382523400960588 0.06545554510839668 0.08591425459214726 0.1245495756690985 0.06984292196336456 0.006855044423115073 0.08853901797647594 0.023359941814267045 0.0959591191230022 0.0146364470351262 0.011906812276997268 0.05742646659779367
61 0.0927395627388615 0.0313270140110192 0.09118298600677982 0.010922099832915243 0.011511026984146699 0.005740163902058171 0.030803331028367766 0.06817859347398386 0.08068449929765183 0.06939128376385631 0.10694454442271173 0.020375413597538822 0.05005891784021044 0.06102256189968362 0.027255593789821553 0.014016167428362498 0.07826420043284402 0.09459311260520052 0.019711590672600064 0.035277336271386295
62 0.047250206481685576 0.06360490164913891 0.03687989130280761 0.020572973461201825 0.0727547396902724 0.010523086961748274 0.07177451418344646 0.05463194568696348 0.039769209808846774 0.08471663513055487 0.07023599535312808 0.07641417306778575 0.014479539829857682 0.0508757471902945 0.06721207650301791 0.06147395340342891 0.08824775226359312 0.018443455396178175 0.036895911713259254 0.01324329092279046
63 0.02242740873038022 0.08459240185245244 0.014449482575400458 0.06600473187373075 0.0991548515700876 0.02515603613482786 0.006225114827978488 0.08993103022243605 0.034960277277891 0.07379105835325847 0.04344010145061124 0.030940520369029025 0.04322943534820352 0.09610397711732613 0.09684200929383471 0.01444236969491224 0.08634955969931825 0.015478780367954522 0.009731729440156963 0.04674912380020992
64 0.08971730506530486 0.03940444090941361 0.07956645074703658 0.017028406735972033 0.03364155148639936 0.07459011623823177 0.02988613926255416 0.08747985777025423 0.01270586654063314 0.08000471998138012 0.024685631272869563 0.03318955293878841 0.032266756430927294 0.04561347790140411 0.06196216763293444 0.056872830046469335 0.025400463262665807 0.046279384213971986 0.05741412003632916 0.07229076152646016
65 0.04923654352763616 0.009481391412796383 0.009314175047257641 0.07794671004122486 0.07977077191086278 0.022773331581477825 0.07064098858420312 0.0185441163830319 0.017945339871260863 0.05031461722592203 0.03438002336754051 0.0259726207016418 0.05140330657374433 0.001567227815113056 0.09561877664165205 0.08288635604662925 0.0636645097145011 0.07520200414371044 0.10152459471694195 0.0618125946928518
66 0.054814159511175985 0.004313791226497466 0.061995375343817535 0.005171095138303923 0.0025492944556589573 0.02624478767175665 0.10403239051867019 0.06198096494907724 0.0061935704618169395 0.09918730543364664 0.05402066178250809 0.009444484738574604 0.05232332526157314 0.1129168731388003 0.06566407959360183 0.02529393124593317 0.00628339780394504 0.07899276065916426 0.103783875837903 0.06479387522757517
67 0.01844445042555746 0.07038294298485978 0.0276813538641094 0.030168742776354538 0.058001904716379754 0.04752963518489212 0.10934374195254284 0.07517732893342358 0.0010049942444590096 0.10124636332730284 0.10429075925953006 0.021616904593386273 0.04955507455710818 0.07371401624461228 0.00043738559695286544 0.07340665117354492 0.04338887745231466 0.06591494943199788 0.026504430328371166 0.0021894929523004927
68 0.007687094507296753 0.053692536059383095 0.021767245745956336 0.06254208204442169 0.07195015643275074 0.03350398380914769 0.0445872769350815 0.05103332402309465 0.07131889951354255 0.0391199083432273 0.015885754583742712 0.060448636452066586 0.06580787541310759 0.030423286165601846 0.07169340701894306 0.0485642703817962 0.04170617436432239 0.060062584613030406 0.07168985653904777 0.07651564705443913
69 0.05421343559466473 0.08722026078519456 0.022000648003350224 0.08910251709694243 0.08763462871388074 0.02455758030697632 0.007107061446398262 0.0034733700740103416 0.0441905182285208 0.04954573690141008 0.004716672089693243 0.06495882246446445 0.03744637048374856 0.08767656042971449 0.056315836855900116 0.06243739067836379 0.07948985191570167 0.03942169652913612 0.0866659612794097 0.011825080122519378
70 0.008949067521331018 0.0231709209897638 0.09173018235567436 0.014503937908947113 0.06293851139554961 0.05113060276821014 0.05642723431428831 0.012220354739755442 0.07620799454159731 0.0473234137853603 0.0751060664485957 0.05336291382645803 0.03342933563487282 0.0031768892552394277 0.0276627576332668 0.08309362138477154 0.05295553558943712 0.0748146622786902 0.08912703533633741 0.06266896229185358
71 0.024341423715638553 0.056414052459841865 0.022281754842281565 0.034867179611907245 0.06419787632359455 0.06385128064108198 0.04428320288557332 0.06847079300040197 0.06697256534543385 0.028481763920270964 0.07133050375429083 0.07227168447177376 0.040678592791335316 0.07162643304425172 0.04277585634074727 0.042432314590870455 0.049424513756044806 0.0537092998270041 0.07568590624048287 0.005903002437172787
72 0.10173408058198488 0.02602262348155459 0.025559183680591548 0.023871729717302753 0.01945106997752613 0.029871224829664277 0.054214436697397575 0.05736000208848848 0.09040641934272824 0.06349431563653156 0.05466369927935489 0.03548937853120357 0.05079657422639907 0.07521390795213921 0.019873925779843895 0.01947687985910638 0.07282076417696852 0.013994477917604827 0.0638975163437014 0.10178778989990828
73 0.07334590044629626 0.031968168946758205 0.09163437354843602 0.0082105738821144 0.0681152228834619 0.08045289941786819 0.0644701605812372 0.0886156240234918 0.042525323555122674 0.06139878223969703 0.011130069081285339 0.05399794100535373 0.08913321937506882 0.05962747318378024 0.003456612267123316 0.031837635338412405 0.04935519798989512 0.007315414505867834 0.033483419890541474 0.049925987838188086
74 0.05998457454888 0.022571245312050875 0.07648843464180406 0.002757715900357422 0.0010917666357164086 0.02805672993245615 0.07499693714565349 0.07329731913471402 0.06506475889181616 0.0494795330552596 0.07112370658490319 0.03648663099988199 0.07560493805829295 0.0667129475748447 0.07003871874811812 0.022071108828394918 0.026941592061989473 0.07343773366211988 0.07513537058363755 0.028658237699109277
75 0.04540681528209529 0.07826120150210612 0.03356167690171697 0.014656817618139271 0.07912672380144438 0.04528255157299329 0.052143121180880714 0.03443532736516041 0.041280070190377466 0.08559698561642368 0.07928666979360581 0.0574944263245383 0.05551961082620424 0.03186924441246116 0.04561444115135368 0.030708316137829636 0.02928723130717329 0.031768493525636404 0.08411009465987847 0.04459018082998132
76 0.05179587510493911 0.07225419504673583 0.0824390120591812 0.08151623922833443 0.034973699041662816 0.07016131060134487 0.07101239538355414 0.07317763174468184 0.0686450125660184 0.08216011463184755 0.02106093700067943 0.006500856469341751 0.0018612172167645638 0.01881349108730456 0.06097648637767055 0.01592792410750417 0.06630142495005673 0.003166069559789866 0.05766072633037475 0.05959538149221334
77 0.0860940145550567 0.06090353873061275 0.0883531240582407 0.05907698745488009 0.02162043632658316 0.04569161180166116 0.04377114718348636 0.04827538404261033 0.017069471679447522 0.08231134031025973 0.022946172330256948 0.02758938304698556 0.0023060331082886557 0.0696524768148448 0.004017262351445884 0.08004691733363428 0.057594705630328535 0.0761286860896228 0.07200733957141725 0.034543967580336676
78 0.00840066803880746 0.0851545857485717 0.058252629334935954 0.0731328686253761 0.07517238504883962 0.07342268667256698 0.048850887975452284 0.011935327687721698 0.034555586963425304 0.06317780598123718 0.007469538900228702 0.06917062590636604 0.01138679349516243 0.014998856351788917 0.08339370917930322 0.08588907461554038 0.0011443673068062732 0.07032783938308561 0.06518197557086494 0.0589817872139192
79 0.09318575588106533 0.037298129825883305 0.08545715536770342 0.08621709989932354 0.0005561407585067584 0.050664054270727725 0.07564417925144318 0.08965639000809857 0.02497038045900681 0.006208473326271868 0.019651302265242202 0.002781536297256125 0.07222419747788551 0.052812708107711034 0.07174423169867626 0.0503979663858994 0.0162443833057994 0.05703381250999277 0.09084609515601515 0.01640600774749165
80 0.05004081636142129 0.01164202170914751 0.07622692058444938 0.07387466680700545 0.03739305531010337 0.0886699679411785 0.033945775442700804 0.07893775710675746 0.015430062385633278 0.08401304748754598 0.018842125924859017 0.04141628731833258 0.013107699133225128 0.019797719325203116 0.09138805701809022 0.08632295222711697 0.045010027969906635 0.04866169333694134 0.06502248960858244 0.020256857001799425
81 0.08179104321451357 0.09994682885718409 0.04143628628407295 0.026800928947677036 0.07812735440775077 0.025315418011977727 0.02223403318242742 0.09559165251941829 0.08134213267966564 0.03345424355493468 0.02642789612612927 0.036466656676604835 0.02333492820511361 0.05353420471130055 0.01753424418853716 0.01355247069181376 0.005924880393048899 0.07743364994499595 0.07882564510824287 0.080925502294591
82 0.03763625856772034 0.07607898245481386 0.012071261413697257 0.06715948114547785 0.009421725996691757 0.0025884031014200308 0.07818763387404633 0.03007032744666331 0.07750925953566731 0.08023191702584892 0.06481239781089629 0.07676494246406727 0.02425509378350519 0.01846409802608584 0.06996656982011225 0.08035589368904628 0.03642554388061218 0.06044343584507669 0.02192152802483709 0.07563524609371396
83 0.005800902150859006 0.05128963147225015 0.1050496674966885 0.07042244289123227 0.0803490208943905 0.03261426079179721 0.03844722634189612 0.018964417598347886 0.07146781830517207 0.01852059654992409 0.04745311529844225 0.05103130126839763 0.03250772220254871 0.07288108362121068 0.017655563018162516 0.09286995183461376 0.08056001104417708 0.0174932918904271 0.01853783882412139 0.07608413650534099
84 0.015421160592722565 0.030123802715597305 0.006980160469694642 0.030540477032706962 0.09918964477454358 0.07209422101795623 0.031179718725094698 0.058272533923364477 0.024377809277767726 0.07160126502456705 0.023627168520955213 0.09512252832220207 0.08328686914089777 0.08262220896442425 0.0031551826568848055 0.019089067710145836 0.023718256958314077 0.06441689829750465 0.09698884903387478 0.06819217684078138
85 0.04312898263430117 0.08067796496512282 0.024944518464519408 0.07006175730892163 0.002583192510812344 0.06541648521281669 0.07674892532369673 0.008104322022057096 0.08242971002795549 0.10224027841752197 0.019133614359297738 0.010927297178133913 0.09611280675555611 0.04535954406016203 0.02390095691475915 0.02905954133089536 0.08261746542519677 0.0249880627679363 0.009594380723982124 0.10197019359635513
86 0.023670162874672118 0.08456159366598037 0.02338489943544447 0.0947832818613925 0.011377573219021343 0.09406314582432133 0.03367315802620862 0.07008174268958112 0.012523717263852487 0.014226861828519052 0.06403660975206742 0.01983137943794876 0.014850955612648854 0.082184468957798 0.07180002072943611 0.08225874214250233 0.0954789088958891 0.07167350470528729 0.01808714501738171 0.017452128060047006
87 0.06416040569471632 0.055018194112396404 0.06072039652911259 0.07324044699572266 0.04079022847814383 0.06718173488351285 0.048841071930654595 0.020705589211204037 0.03036438139525383 0.015028726917484577 0.03393038990242119 0.05263020939846435 0.06463750683500388 0.055367943824068275 0.06702487943577139 0.07034784804387356 0.04301408483230066 0.012053022329736688 0.07167255346263665 0.053270385787521767
88 0.018682484663643115 0.07599826857284628 0.11158430634740286 0.0690354316265773 0.021359381655163375 0.05193406705077388 0.00028391794904557917 0.03370601591753061 0.07143667412677886 0.026623388986353497 0.03326505067672846 0.07144490384684409 0.07752216382234857 0.04047902215980667 0.030591922763425445 0.08530953810355965 0.058672308812563266 0.025860249226466035 0.024045543082782218 0.07216536060936037
89 0.07486631017402533 0.0064680021614761515 0.07943035799304296 0.0464681361139506 0.0027870955401154566 0.05775560158221274 0.04709443604186033 0.08689672922189362 0.03525955024556227 0.05704524233775741 0.053995945616246 0.09881098937976149 0.07926383825990271 0.023903381523948164 0.07560167414494826 0.053422996555252435 0.03799786793338236 0.024537996891024875 0.014168027706087022 0.044225820577549535
90 0.027215109008714926 0.00861024297206461 0.034773571232742884 0.047243577225247545 0.07175646221759593 0.08636707873852972 0.04290856609293685 0.03546588384651538 0.023519457923795856 0.0953346623028612 0.09438712394369397 0.018696115488572553 0.07268906750847774 0.08052598599021983 0.04193354619103788 0.09034739587032949 0.0806412397528579 0.009560010878216351 0.027816444409775577 0.010208458405813695
91 0.032398406888940356 0.039552219151959334 0.0564966939601493 0.06439761968733136 0.07077806402004785 0.05037751783471225 0.06830402401688286 0.02711633422295024 0.0497452039423678 0.07721549184665343 0.0771382623898873 0.0008716213524300166 0.0777771117254477 0.015356420973406325 0.07495345639688188 0.008999573307443404 0.0664273746657129 0.012895517886125384 0.0684440772826472 0.06075500844802319
92 0.08190766660101259 0.08588829765826723 0.05134614856846936 0.027346332298932338 0.08778247264048143 0.09678570681096904 0.009997248679190145 0.06351205832657139 0.021823330895487512 0.06291953217770047 0.0062946187964477585 0.0800569119675525 0.005531580689032804 0.05944895436153407 0.03584670652788831 0.06986548535750879 0.07874071050555174 0.029325281784229024 0.011777403952353592 0.033803551400819955
93 0.026274383765177326 0.01374217668832527 0.1082151590472612 0.02748446634961297 0.05393825628820994 0.07848535921068162 0.040715629068282626 0.07235466992967458 0.07856528222954365 0.0050144469607482315 0.009338802968052574 0.013218272958699573 0.08068762750181896 0.0009238178244589457 0.08641501694465031 0.007090954805515648 0.11040113722345615 0.03431368910089631 0.07265332163781289 0.08016752949712116
94 0.05792665898032639 0.0006537968213598381 0.043822203280242916 0.027726891685834695 0.061186634608279125 0.04959420093960176 0.03269090633641439 0.06721265354050919 0.049857924082860085 0.017543414212814145 0.08353710323016314 0.02065271580485981 0.07487841563710386 0.06692512618956785 0.07937888829419681 0.0777292926284702 0.0074322515397309006 0.06889284966236332 0.07703717657904684 0.03532089594625479
95 0.08973312153071378 0.033928485959247384 0.020616459258645203 0.08049146919894809 0.07667177196671816 0.028804155948085806 0.062490120975817263 0.0035932675956520306 0.0801450454240589 0.023892729606780568 0.08883582592522188 0.004774185246834611 0.09073798405513692 0.016862569987009312 0.06186224356340015 0.0040506268668714825 0.07524230830643104 0.06577233527490281 0.08734325485899083 0.0041520384505336445
96 0.03280324231028223 0.06283703361456444 0.014669790192088807 0.023179918066536215 0.06601244461523242 0.05465481341055692 0.03184320368812274 0.05425730629930241 0.08003918709802686 0.010555857591802288 0.06542979859317179 0.0021581092819588695 0.04519356103635269 0.09031447427092437 0.028623961029903056 0.09324097811253892 0.011410827762652129 0.0566453870685481 0.09731607466283675 0.07881403129459796
