0 0.046046335458402005 0.011669550909136572 0.08659275264923419 0.027617210438241925 0.04831398594526692 0.04610118524484214 0.05981104019000231 0.04734649215319825 0.0670453326557547 0.08245859361069663 0.05366620519228274 0.02086405407290808 0.0906878541853213 0.08418470906187064 0.03154175827960952 0.004409642590230807 0.0737455921268757 0.07980723510346106 0.01997912008097192 0.018111350051692725
1 0.07752077556455622 0.00023022015315310776 0.06902755635014732 0.07329177673176941 0.048289352704191026 0.06424306655083713 0.005353245377915617 0.05320929229883892 0.08867612850620436 0.09071375969806779 0.05135680845875405 0.03352728470236612 0.050395995377372924 0.011273911818807596 0.04459341745900144 0.02039496084102589 0.08695888050341273 0.061171243199164047 0.028061499994055324 0.041710823710359037
2 0.002022918590066929 0.004718901887837323 0.07033660697995675 0.07099123158761687 0.0656083616507505 0.06641601097259206 0.09414165951028759 0.05022910304632091 0.08380594511858137 0.0748426153824481 0.05502258573607458 0.04021388670801194 0.0011938676994177285 0.005762547510565265 0.05411565739093228 0.048248508384114416 0.09013725184856425 0.06789093671415554 0.008075532517686992 0.04622587076401877
3 0.03494090848446742 0.10235047625388884 0.00048710907663584215 0.1079232862845963 0.013563168345372566 0.006128824066693895 0.05124233817799867 0.0033066426176336992 0.027587633975669025 0.06629076741994075 0.0765117496707391 0.06987459317293553 0.07431779310746893 0.0015442130988590284 0.11335332235527329 0.04100603206492956 0.0009184261195238295 0.09526881229490365 0.0822408790127549 0.031143024399715256
4 0.0937576880636091 0.09275176793054453 0.05545740952483212 0.015211763842667172 0.06584442943078661 0.09247291129080007 0.024761833310390516 0.062138724290656214 0.007929727474730254 0.07304492088004377 0.04233640144771891 0.003544006090605674 0.06423000096644185 0.04535190036476285 0.0894053494477372 0.07270912636864926 0.019650984785629478 0.028612878980736486 0.033195662211364864 0.017592513297292934
5 0.08862377511295902 0.08713188399016113 0.04805783415899001 0.08636622670980501 0.044413920614242375 0.023222320472919496 0.09160166847032924 0.04955489223570042 0.03946008769837566 0.04858594719049259 0.04295262643634582 0.06630479343765938 0.06671557650933284 0.05920323875170359 0.013612703235131701 0.01507213350685318 0.004858821956442777 0.006555705200855833 0.06404917434223635 0.05365666996946355
6 0.0827415048838917 0.06630528973688969 0.014902475801907634 0.051326712490780614 0.029387530039885347 0.05623657327815825 0.03127722776856123 0.06307439692402221 0.06957966637806157 0.06570073205577434 0.07505985457316502 0.062154787857084386 0.06386952928878893 0.03719707681406826 0.009773009599413325 0.07331439017302951 0.04788893998512899 0.052500806364295716 0.04286233117484505 0.00484716481224779
7 0.07927925683632621 0.08528934057675447 0.04858943482909085 0.010515123846989416 0.01698070456527649 0.07663661801459558 0.0503832359452173 0.08988500839055515 0.02226799065247864 0.06996019483622483 0.09489818839739471 0.00090033385855886 0.04006212098469183 0.01736789252951788 0.04139291309766454 0.09202741499199979 0.09909085197638949 0.048877314363794964 0.005606053296434226 0.009990008010044743
8 0.040115762921353076 0.0010572962522251818 0.07004723366022444 0.07980956933088558 0.08128524142291665 0.010103824828537429 0.02454771080995838 0.07921127553211335 0.02220005208271258 0.04647331394168555 0.08742620519348338 0.000519310486547277 0.06949337080087545 0.06105789262668415 0.06962824708501661 0.03759564395601207 0.060198703615997835 0.08260809214349567 0.05699694868775884 0.019624304621516587
9 0.0350363238891657 0.021775359233917022 0.01834780332296061 0.07609026972915033 0.09440271936368967 0.03252222075702394 0.04802041561270102 0.04933530447021456 0.04754355089449881 0.005197464606187419 0.08145235007062991 0.06693747499339597 0.07525927603401901 0.004035005814369635 0.09081544894484803 0.07278837103195093 0.006738668480936809 0.014351193592724505 0.09579668043012349 0.06355409872749278
10 0.08185719078459862 0.04151500505828405 0.026915859238222147 0.0020948092591828085 0.05192601893984398 0.09045157610998796 0.05960081786860425 0.08418054369220183 0.09387208166910165 0.06172435077867885 0.05158993383443605 0.06255978149299812 0.032102755739208955 0.05928637680750307 0.027410412319458486 0.03445609112155668 0.06841631395301258 0.008694632806985859 0.013307101241323803 0.04803834728481026
11 0.05367287101247447 0.015942933546340757 0.06955851232191157 0.03615345556923785 0.0929470142894047 0.0045016376112643405 0.03755761282760573 0.09250862920505473 0.04602254642927746 0.003988161797468421 0.07936097434598506 0.030686836017255525 0.040081965831578324 0.02490879314774299 0.08167598154458772 0.043283659805128896 0.034173493394954645 0.05879246994478703 0.07936230980034349 0.07482014155759645
12 0.043873414107724495 0.0871984795999869 0.008397382329690535 0.015662590610038368 0.08317648484605492 0.04912420936580574 0.07119505835176938 0.03614343077981323 0.029408955618256644 0.09276587730406417 0.043551590381847104 0.0560756450016758 0.08432154078934972 0.04340325076814782 0.015284385577783215 0.0395332225728657 0.07525662133901982 0.06938102987991204 0.035239060628354184 0.021007770147840093
13 0.06043646561086859 0.07830278515530147 0.05490939514434364 0.03188557804688345 0.0011909146693761478 0.08849354875280369 0.09289690880798324 0.006197219407669223 0.03447285403867512 0.06285341023055263 0.05195031422779045 0.02642169011731517 0.07235019684491271 0.06985517857353576 0.05040693193578237 0.05033641007486141 0.03956352410367754 0.06094155936033254 0.045735053781561626 0.020800061115773347
14 0.01782593500427524 0.09074369625824041 0.06874962140427372 0.001869529755492614 0.03271793843975241 0.036068902999130376 0.06024945889245083 0.03800601424708792 0.07134793213572017 0.12026132617633863 0.014581874595540284 0.02149035134839483 0.028511074432700758 0.10801384603375981 0.003791505220806343 0.07485433277263041 0.0759112063656198 0.009055154479042376 0.09327548390535542 0.03267481553338777
15 0.08408178759215965 0.043691309666771684 0.0812365975074467 0.0551326266344072 0.0003466374433723995 0.08854101487859592 0.08734485680780901 0.038821079037582515 0.062132040836339934 0.004084649958493604 0.04085315380596674 0.026720114963234638 0.08282199744875543 0.005065858176277677 0.015593424258161343 0.044040601350560656 0.05519851064910787 0.0755859327373681 0.032792899854045335 0.0759149063935438
16 0.03821094381152251 0.07314408283676496 0.07953825828132188 0.019794300286186832 0.038527410248062874 0.011233604340767398 0.07150230756981775 0.020378839784176726 0.08505521104890938 0.0036683611984674215 0.08196905673403998 0.0537547779391511 0.03646882997431903 0.09300842675357987 0.06159028613672978 0.01964468201834921 0.07059111736163452 0.03829125762876039 0.07364332310658822 0.029984922940850114
17 0.06955529504760458 0.07719015702595705 0.07105880030464232 0.07896770789330976 0.020299127732566744 0.027160951961518742 0.06334376760488566 0.02058576285603675 0.07503723838538248 0.043592682409045076 0.011860093075263868 0.04799374886784628 0.07747617863325269 0.013177878640246459 0.04057072115955186 0.06647448252465041 0.07320229090674582 0.05860738177355346 0.0044063484388838035 0.05943938475905602
18 0.07442839982963309 0.09701074486308976 0.022865003313838894 0.01929656608718979 0.010190915048183114 0.0813025388207037 0.089123207243825 0.08027020837360878 0.025059974244840463 0.07078151409733542 0.0013190573603174278 0.04301300374470678 0.0665579858291911 0.041660151825704574 0.026422497024537587 0.08992933129744161 0.003786578584138117 0.011184850211377731 0.07777308489653505 0.06802438730380199
19 0.048618846517248605 0.0027930320596322804 0.0033820546331506103 0.07211975718660033 0.05861541526095706 0.04991397396607992 0.08742649583594084 0.015531893309091653 0.06466892982788695 0.03574463652863808 0.04727493893933611 0.07684604377931017 0.09594027951395437 0.06493458315600739 0.01117212810984179 0.10091073886859292 0.008525660979461936 0.07125263792410234 0.060383278589845726 0.023944675014321074
20 0.06931883610309036 0.08902715643643465 0.039499259755728405 0.03683922418895053 0.019126054811041338 0.02286440643252364 0.07264682091902187 0.07760113701754114 0.08666708514598838 0.026295732602715553 0.08723065524157618 0.04673375096599309 0.0036990312445338127 0.059206097733856 0.050653640423748876 0.031499271355038334 0.042421477129657756 0.06941738930210618 0.01016264918934987 0.05909032400110414
21 0.05877159179532914 0.0748009599224924 0.05045689565639528 0.0517494801421399 0.022392693733981832 0.009889168560462165 0.06720689607833465 0.05284884959223123 0.0613564519835812 0.0264401427230216 0.011687635788357466 0.06450848393583603 0.07440540559322639 0.06716635553772839 0.010638379976807619 0.07245350326073956 0.023364562474056084 0.06328171798966382 0.051084525480315404 0.08549629977529993
22 0.08877924967952061 0.0682169972706916 0.02012420123144538 0.07928758132702221 0.02653174873838712 0.035008890678578604 0.043508746577160126 0.07676514948736814 0.08353192380911602 0.03724044093178275 0.0332997136798892 0.04973050280020739 0.059700001264319194 0.029501763497773965 0.04041545495155911 0.03399160416231211 0.04191987619122329 0.02556134774374181 0.07398724601166644 0.05289755996623481
23 0.047741076024061684 0.06011037931107074 0.06809760009081389 0.08431268889067962 0.07500879507246655 0.07164572220716585 0.05584408183228925 0.05021368189679727 0.02197274014224229 0.009382637798321877 0.008518937328502993 0.01508221968490385 0.011933008382509897 0.006423694309925861 0.04424988558241598 0.06982238331925482 0.05153825959874434 0.08242096410249829 0.08278223462431089 0.08289900980102426
24 0.09177096540867281 0.061720233519621304 0.013167015354492289 0.012858105009248381 0.028531502348387805 0.01589548856152612 0.09881689889265402 0.06092056876165627 0.05541307659674539 0.014796644442350378 0.07841706200441394 0.039574703366428335 0.038274098212537626 0.04632074610286173 0.0788201647561822 0.09140893784075327 0.011114935985731166 0.02660707883140587 0.036748799407931514 0.09882297459639958
25 0.04203361248539327 0.02602047653158726 0.036004937752750904 0.10147547336994707 0.053673348054182966 0.11086624449660278 0.09688319953056752 0.009429417607607425 0.056705580594215425 0.08364161696244277 0.02577231278829939 0.012192157702729996 0.00310764032055197 0.05928635428908988 0.11324904589465425 0.011259273645850125 0.02752258726095994 0.02199007790488466 0.02489240126215577 0.08399424154552661
26 0.015998616177727805 0.11162161238209568 0.06865992882396689 0.021060605901912752 0.08396321506056866 0.02269639058553276 0.03944317439614686 0.052510122437315884 0.0822408218009681 0.025191466404540567 0.05026698900338649 0.001995744967823085 0.027207088718567217 0.02457371080642122 0.01731326095623008 0.07500306998918017 0.11123657381414097 0.02532818767581421 0.06460540056894123 0.07908401952871917
27 0.056768487458494395 0.080204718112357 0.0456784924737171 0.11285026521440715 0.009563029337154277 0.06729353112169209 0.03024946399436526 0.008587623333509332 0.05639479915805789 0.046897660733202465 0.0798461335574866 0.0014321628647100413 0.09446148355756175 0.04531659412539399 0.09937417821310895 0.06190090009428074 0.046826647166238834 0.026528713346761188 0.0028837066979162836 0.026941409439584826
28 0.05380258250560215 0.0606566358965147 0.022929935608869436 0.07522771282717165 0.06633996608517607 0.052979399530209595 0.07624834224701615 0.05564065768669738 0.053401330538891977 0.06967149531066187 0.03826485224479398 0.059018204145126034 0.044716278560156614 0.02936309220046594 0.034233738391535935 0.04167061657843126 0.06060363271937414 0.04849066767799246 0.048192494667661866 0.008548364577651126
29 0.09202946344932533 0.0743317919948215 0.03054587749702747 0.09506359707819863 0.05060964065530899 0.018610446322310556 0.05048894048638635 0.06529146008902928 0.04277195871994749 0.07726932280694639 0.038466776547000196 0.016124967272092387 0.024017363949582732 0.047854315433341676 0.06094442819830313 0.049451184468480174 0.02631843674887563 0.08835831420266269 0.0010819102416529953 0.05036980383870669
30 0.07610998836043074 0.06955460043968413 0.0432434976249462 0.04120840288903228 0.00044465104366105487 0.07743529758514557 0.045964196553440646 0.05086359717641725 0.05064297042456278 0.0453669135436076 0.04949504009303364 0.0927805534898768 0.058336138689796486 0.07891358201860521 0.03087821326910271 0.003915008874760057 0.05446751618875099 0.038265926308777856 0.0769453142304217 0.015168591195946218
31 0.0749267752819751 0.0903964875321236 0.007630537565485707 0.05419181642460277 0.017481409933809994 0.04669100002739356 0.07748206572980985 0.003686503680966828 0.03134738858316031 0.042849001107446126 0.051751523613061824 0.039046311173146914 0.08321234561475016 0.07674882576825746 0.01523338573555305 0.06840592970458863 0.08212579844680452 0.08832396886108178 0.01939905580565955 0.029069869410322125
32 0.05445562979299218 0.07667827232773708 0.037952832317138606 0.05368269347216527 0.011114479252251286 0.06667857158442672 0.05955965394624347 0.01725066905060533 0.0837545109869395 0.04194517415829745 0.06124139848437447 0.06920575630859453 0.03448365675887797 0.0016559772333166404 0.09167143972019828 0.034493868901063936 0.0394463354741925 0.05348173480697049 0.007024573654241262 0.104222771769373
33 0.051740521570285886 0.017444133070985822 0.016544129914068274 0.02400041876302971 0.05104537660738568 0.05920458949207008 0.09711866139868194 0.020712063102010278 0.07317287527651954 0.03514321671470467 0.07009324928924678 0.014311338614653158 0.04154523838246373 0.045752110151784924 0.03649997545691729 0.0878035172387164 0.06154484565057528 0.09619435331863549 0.0009322320074775089 0.09919715397978773
34 0.02332428837386603 0.02367398580421118 0.07841639014148812 0.07909663329635683 0.050716184322513964 0.10262454890184501 0.06008768872451377 0.028654468323094623 0.03108150148380898 0.06856559763704291 0.0824844308158473 0.02542918370451069 0.08210584342121977 0.003764226835246284 0.04842072771283209 0.0812529813543005 0.08277664270312034 0.013548222073376883 0.017490714895731792 0.016485739475073174
35 0.07119991839209691 0.065394100976557 0.015601523705492937 0.0016995912950604243 0.061872875153387324 0.06192274644338315 0.0036992363536015945 0.04751690975023049 0.015813413212517606 0.0886341266626613 0.07506822518588271 0.01033474569900536 0.02317904227116067 0.09934305115998869 0.09564558072504994 0.07724089051888916 0.057119953385204696 0.02249830905141133 0.013047788819142633 0.09316797123927613
36 0.029394102501348253 0.10204941465786578 0.054649307928461684 0.05471164543790592 0.07341746191479527 0.012048214034970701 0.013616284068652847 0.09659439728573017 0.10043368572182299 0.04823986631249491 0.08087764846507388 0.06589165441687246 0.04041501630469776 0.008661332609665723 0.10800134674518086 0.00925788126252989 0.022403929770903545 0.004586410453108979 0.0523887094540794 0.02236169065383888
37 0.053318357715942906 0.0013838763099071096 0.013478170194972624 0.009604577201808785 0.010603118237890176 0.07638036146181355 0.09859706212834704 0.09730088373235342 0.04827559428830167 0.04935958748832707 0.022573370569807467 0.06303495270753016 0.004693600746044304 0.05591332711523769 0.03024926566503051 0.08732958796082303 0.06409338669909329 0.05219692654626168 0.09860054178170131 0.06301345144880634
38 0.03031740517105527 0.023098710765560748 0.078765625604035 0.05232214507284971 0.072138931974091 0.07376299306003657 0.06793239813230088 0.018184126040812546 0.033820083100284296 0.03283102600071148 0.0926243072737022 0.06296589945722199 0.07550075095519858 0.02651648840197882 0.07420400858078406 0.0102575458793354 0.04721579808347941 0.028815457891541822 0.06324917092023982 0.03547712763478029
39 0.04771411449732293 0.0679769829590408 0.07759177455126838 0.04512671708517367 0.06838537705087729 0.0730851159966582 0.06220714894972058 0.056040590006273296 0.03349677190401187 0.028091682006169766 0.057172608565990844 0.038182633090155155 0.02891993079076574 0.002590583047320705 0.04536765890920336 0.05798346537639494 0.005085127115451157 0.08385245839510407 0.06050248501599327 0.060626774687103785
40 0.04568880017214767 0.07670069656505782 0.039337462044257386 0.07545887996669819 0.007965337401343574 0.031044581378379933 0.038958548921813684 0.07118301700311594 0.08680754803873147 0.04275737407068965 0.013710191881026637 0.031425839194961905 0.06300482951558639 0.0685845746988927 0.08243193007780768 0.03863898271314623 0.06828833317614623 0.05054542749051378 0.0458337015458869 0.0216339441437961
41 0.07469317809833871 0.052646150908039285 0.09383713908492268 0.08224323535708092 0.06893480210126252 0.008682783607311523 0.058954269098839544 0.012481617309660515 0.0251959282031125 0.02207922425626618 0.06976179116326896 0.04180628090190598 0.08644349506164037 0.09273758485603961 0.025409362680261793 0.039056967265801414 0.009885919952758967 0.006843880041071919 0.031238936452496806 0.09706745359991982
42 0.013056186473682134 0.03843776788509906 0.06590087293020035 0.07661303931464743 0.05904547422516004 0.010928057337762823 0.04805504737843764 0.059627253746096676 0.0547287895964012 0.05304783060692615 0.04028457548619555 0.07032937424152515 0.05914575444421338 0.07553333340575812 0.06735983277574126 0.07553856041923117 0.0423937429135816 0.07056352551508856 0.002341260482481828 0.017069720821769902
43 0.07254942749047953 0.08973542391366253 0.08183090976477221 0.09754559816877738 0.019361825470845292 0.03354923239939475 0.07933852893266999 0.0020338633135739033 0.022856018618031586 0.016457681832384538 0.017177779696669327 0.029317590927266757 0.0989487762991096 0.02968073988552389 0.04004416129378341 0.08931331097864813 0.008933005508959197 0.09697035479574802 0.04121161986483515 0.03314415084486491
44 0.0896029043051187 0.03842684690589728 0.01821425702662571 0.05647341997191233 0.024219834781787426 0.07902658528368477 0.05375959914498853 0.007643840763172871 0.08124805351120536 0.08453105594160476 0.009994117505850358 0.06200490763211299 0.0397869961746951 0.07841995528113278 0.06345449709346623 0.05201700193097565 0.02207727721854207 0.016659845140230747 0.0457734483535251 0.07666555603347103
45 0.0375419856321079 0.07376182561601463 0.06127849340566883 0.06809083730445747 0.04767903310655712 0.032758144001734255 0.048547053964814936 0.05489246610027288 0.04347894088385237 0.07148547983035203 0.033937634051961964 0.0623302841490708 0.045332542244368695 0.024747950657110853 0.04558698939973323 0.05984009127530097 0.03795438679771264 0.021010701904496824 0.048684924394634725 0.08106023527977675
46 0.08815958881973769 0.02976874852363715 0.03471598737123045 0.027016552986823338 0.04151816001090872 0.053935876472710344 0.040578981700093227 0.055645127689269824 0.029075104483248314 0.07123677724351012 0.051482694980716136 0.06763511815245851 0.031476485466641425 0.06920045509967605 0.07951092472911056 0.08027530966935588 0.007714045361853919 0.0736646705998413 0.011692893211433023 0.05569649742774385
47 0.04124499512085476 0.014538591313733088 0.07957138294798649 0.08119314984808355 0.1051851242736264 0.09125742754047882 0.020512553888004954 0.0013459101672756977 0.10099747108943329 0.0035172839659738902 0.0005487776294495762 0.05688376936184389 0.017731169041565614 0.09333944329980516 0.03218600004628431 0.009153767749593748 0.06642775547642087 0.053747482989465765 0.10347075801347495 0.027147186236645214
48 0.03022543419543759 0.015615393177475128 0.05643167085657346 0.07760354009398873 0.07632234873849274 0.06768517946275451 0.03605843648747709 0.07088948657207758 0.04416203847700582 0.07569382826273374 0.048044666340935974 0.05976778142438445 0.009753281759845866 0.004897861491231624 0.06150818581201531 0.07821349767271173 0.03567097164145838 0.0605549919398149 0.03187188829793323 0.05902951729565205
49 0.09977588187337601 0.05312892910259713 0.08477385597941857 0.023439807789076103 0.007904082239954893 0.02704781753335446 0.022252978169363544 0.0473376059253358 0.05867027501236658 0.011027490062911587 0.10652846481450041 0.09022339860597282 0.0342133602951185 0.028830367190268547 0.10753973123119116 0.0710445821203755 0.0508178354361529 0.013938648134672792 0.03359072249122619 0.02791416599276672
50 0.009588825498365325 0.018937984458511397 0.09965786139138276 0.015155111248601211 0.03885431249074383 0.0787123131840484 0.09922014548209182 0.014344194021397126 0.09740579941621978 0.02007342827795071 0.08842478755749866 0.07699764396372352 0.07256685212139062 0.009053791082465703 0.03364922303346388 0.03846349816426522 0.02384552180508219 0.037128148634681425 0.09439337529855478 0.03352718286956168
51 0.02663933135143123 0.05385425552340674 0.032766827899557316 0.11142860484015896 0.09329280203576208 0.05476841433560286 0.05563753494919821 0.08461299291550775 0.005922862168606171 0.0248631552169742 0.05577852052461549 0.10385485654726337 0.018639909183551392 0.06861988547496965 0.021494688593600864 0.044326081319222645 0.05158263225970058 0.07506123231982169 0.013873361657489381 0.0029820508835595354
52 0.08438757367587994 0.0652603258932995 0.05090650788888066 0.005463184274565918 0.0006575730196547845 0.025021369848649996 0.046551659537979774 0.0592559582793395 0.041665309425794037 0.005942853093930033 0.06206860290674955 0.04452541986200492 0.025324726143954368 0.021659576851805393 0.09151784539243778 0.0956612887193553 0.0941048518040511 0.04920794165861376 0.060214124772899946 0.07060330695015371
53 0.04725591893002944 0.0981561672237449 0.06545491078936896 0.07501499120581669 0.04100798334880786 0.04563639744338928 0.00831625419132933 0.02368561004903945 0.09607032117856848 0.009978278775879368 0.07214776263716999 0.047430494162727044 0.07488070189126372 0.092376946252257 0.006116092929836144 0.03321981028132895 0.07986715385677204 0.0228092391597514 0.04259086083547493 0.017984104857445313
54 0.09719433473579206 0.004711813549603543 0.006005910686780098 0.062350491972288445 0.061860208733559706 0.0005411008690715682 0.06704774303174879 0.07094222649235205 0.08735840210345375 0.09676842061025821 0.01908437076949351 0.010133293498679165 0.06916840190636751 0.04727422355995338 0.034530031275850095 0.07397954615566633 0.03106507372091048 0.04502989148607986 0.0697553733218659 0.04519914152022548
55 0.04377206210425992 0.020378104086093266 0.039695098354076336 0.08396946177524031 0.004173647105242791 0.016829267090061353 0.014752850846458682 0.06068973099486514 0.09883339376181756 0.1244329664773984 0.027971128729913086 0.08400734346905799 0.008857198681018997 0.06778195477892472 0.021752389936991055 0.07632525050093943 0.02306208532234127 0.1024136185598449 0.045678234655453724 0.034624212770001155
56 0.028070572261176513 0.02793084889586564 0.07289827393460652 0.006106743815151017 0.007201013550589253 0.038057244132664265 0.05067482654290131 0.004469961962757139 0.0174767391801545 0.08700903626302607 0.09606602504834495 0.10723546842141475 0.06870845963297986 0.021577055580128922 0.05469832909007734 0.06587746132701551 0.04791251035542291 0.05550617334345043 0.03386677896875217 0.10865647769352106
57 0.08845304338441032 0.01035913570285049 0.012025008028928157 0.038491670031207764 0.03611349861295363 0.06343393171943774 0.0113408685846152 0.09816883324701367 0.06275441324473939 0.039911542767384206 0.03266404564593026 0.05109891898021427 0.06083974538751251 0.02717906027196218 0.04793147274672916 0.02336748533029871 0.0710777990819303 0.09400306580958626 0.04908925862708909 0.08169720279520667
58 0.048753491612694565 0.08511106604348506 0.03978162935332379 0.05456000133585234 0.03950938630524492 0.07186538264437792 0.06417740833098882 0.08652793372385682 0.09965132144452024 0.024714702193298337 0.06648320369468133 0.04327288882442821 0.06047685236282708 0.0028355943704890777 0.050004269373014165 0.00909418355318242 0.009273536815091228 0.06727056646252197 0.023361811173269964 0.05327477038285158
59 0.03274004887106421 0.08207135635198964 0.059349453532539904 0.008027214356829878 0.06976995724895331 0.043482750823505896 0.026100451410961734 0.13025479786236657 0.00014963488467487434 0.040406582313054024 0.08571717956787872 0.05291373895796209 0.01456087561539767 0.0824016464396822 0.06856195093278881 0.08371826682493194 0.01847230189213321 0.032465428885472526 0.03645214574245431 0.03238421748535836
60 0.05146881829350053 0.08413659965735246 0.09162878085423476 0.03180866594470301 0.016700266015481312 0.05489096680741979 0.020419439976368955 0.07866227030534319 0.011709313359915478 0.08124443802644123 0.02422343418820172 0.07356998831853943 0.08945965334603928 0.08713671855478786 0.0070622499975465025 0.06251265306933765 0.059054592661339465 0.045115676118830876 0.027419397164566178 0.0017760773400502011
61 0.08983882862866166 0.023324140571862707 0.092995288259947 0.015218881037470145 0.02597190686338497 0.03036967733618068 0.05169317088137403 0.006889836594637923 0.07124649257555982 0.007548103304440986 0.07991854023382111 0.03136979331771495 0.018361985498263806 0.08511610402405013 0.047659697758413895 0.09246999973880828 0.05094082257626032 0.07343578544457087 0.0871868501512978 0.018444095203278995
62 0.0014312054628076738 0.050872339052508195 0.030250709489228877 0.06579068255788743 0.031574555755895004 0.05566437237131519 0.06980444038031026 0.0013265035442776884 0.05322921429039365 0.07357781270461212 0.07812763463894708 0.07823667903887743 0.05880716730723402 0.06934976875591171 0.07080572475892404 0.07867486262325542 0.030916490015201553 0.007706055677451081 0.06395402087860799 0.029899760696353465
63 0.026225977668017195 0.09521090016379978 0.08849587090847956 0.004989113932159135 0.06576337208548134 0.020910323468720616 0.047412650509861855 0.024119916933672627 0.0831215114851991 0.07062271450366435 0.07151244605213189 0.0010154611120732873 0.1046747922669811 0.002887113671682186 0.09009541268639382 0.06970201846447513 0.011815846119868651 0.03144115756927276 0.043088852262126644 0.04689454813593893
64 0.05809341826117412 0.06573579911599024 0.017407141603477633 0.068176072501139 0.01633310408694108 0.07881945289810723 0.09675738592710212 0.0014810067044436891 0.010249367598409767 0.06215878309368162 0.042345582044925494 0.061241132395970975 0.024307842202842815 0.0719417100219526 0.08961634294179294 0.05084167658874801 0.096860103903057 0.048495364388910354 0.03845234894261967 0.0006863647787134649
65 0.10927955732448255 0.008568965708244582 0.04842608851216461 0.03989757625786208 0.008921106814015211 0.014107629948325326 0.07083234904527526 0.09493648530742466 0.019216914184596225 0.05606530845855797 0.04862776184285653 0.0002479893900539395 0.031017959066629623 0.045809602799393404 0.05179996678563207 0.058653734520622176 0.09447659592883091 0.10544116483300704 0.05001242288717722 0.043660820384848587
66 0.10210263447008104 0.024002146459520392 0.08140002134889814 0.07806513108113919 0.07594268527801652 0.027347317648171006 0.014589049396585294 0.003453399828214001 0.003019677064120353 0.05416398202612231 0.08474740704013262 0.06781765425986407 0.062241494996763395 0.045249383861645974 0.054063196684755316 0.015036735367361208 0.009214329779759679 0.05198119507133029 0.08129935630887387 0.06426320202864533
67 0.06332075716613521 0.09402398647477242 0.049269239090730166 0.055530799567840905 0.03860224869858931 0.03905885763352178 0.011364008635019329 0.0037664276069358507 0.09730939835368725 0.027350601497665515 0.053449161126367155 0.005894700650898619 0.0819603396212902 0.014510536048019574 0.04781492323897324 0.09236952121775927 0.02654646940685086 0.09548543641610831 0.0038236821489291686 0.098548905399906
68 0.10523614218559525 0.049663782299906714 0.06934991988123927 0.03128002740378015 0.005366029336299419 0.05469749090345339 0.10527542846808349 0.11042772566394538 0.06540519597129214 0.012210729582699704 0.005338305287258772 0.0062865749095656655 0.009311425907185948 0.016462349432250094 0.07317251501017934 0.04659016817188201 0.07778399657062307 0.015604246049598383 0.06309465403298399 0.07744329293217753
69 0.04121377593620618 0.027155539652443793 0.049734102608142726 0.09524576889636076 0.013708212141692794 0.0022432867563885314 0.05807301498528994 0.0757887493327899 0.01987983297974234 0.08104457102816709 0.022213371254121744 0.09550765769707813 0.0394307030849167 0.06195113041335884 0.07593262271233449 0.09225507829744346 0.0155577676282106 0.031788060113506544 0.08244629433028484 0.018830460151520463
70 0.04991247969508507 0.04056969862859929 0.059284403078672714 0.0042393555368232 0.036395138340364466 0.0853768573090108 0.012227119181810357 0.06418291774675616 0.06391084539963238 0.05408176302270183 0.07346348637393643 0.08899730608636698 0.0693979777636122 0.056473633076864996 0.07509056592139848 0.0024149356276562486 0.0011977712145562363 0.04198215211318926 0.08603265206726653 0.034768941815696466
71 0.01751396808889876 0.04609540826155188 0.08540296422718882 0.05864719699915961 0.028962523348686767 0.08449789427347196 0.042214526951466116 0.02987485903268438 0.0005136280154108702 0.004977764688336865 0.05768900032100273 0.08737233500435374 0.07186004409229642 0.07926457456089697 0.023035917201226982 0.08754379601685484 0.06868485059772213 0.034705876109316365 0.041994395725915325 0.049148476483558495
72 0.08185367068866968 0.037346398386050694 0.034911850223651134 0.05468903579187074 0.007947569736633686 0.08622927824011634 0.019235724625006438 0.011053518205326848 0.09533641292993221 0.03979277397732962 0.0007393429632979756 0.0719159290993158 0.10861108705549044 0.0055782252935694596 0.06555166753332996 0.01863252707072847 0.08534076172997011 0.09679788396625782 0.023885667390204687 0.054550675093248006
73 0.01864110657500681 0.0186476304092315 0.011536275972808159 0.02965376283760384 0.06138632947836139 0.015842834066516476 0.03594657778486416 0.10275946975006452 0.00888574563067855 0.03591793151672967 0.04632053605953522 0.04878797630432338 0.10164957729942309 0.0406153968036399 0.10695519480592652 0.1110091608549038 0.06688844482672167 0.02023521627577049 0.08735920647965248 0.030961626268238104
74 0.03932678524933936 0.015414103410491573 0.07183162540460789 0.07102705920601958 0.007624252371391239 0.042549464366933964 0.09062701157232804 0.08078394971566527 0.005196287113159761 0.09263178200925068 0.038358875841547235 0.10314887211462238 0.028370325621421614 0.008310871767239077 0.012346579334499215 0.07975543400303677 0.07071633573464818 0.04863872073910564 0.03932445130444616 0.05401721312024639
75 0.04093390665487095 0.0023113317530627786 0.048891117362684255 0.0900164566217812 0.047644533492463344 0.07338471534871856 0.07726480558557115 0.005929883187610976 0.03094587726173758 0.04175162151250946 0.07124180757084675 0.034727368324301254 0.03153653234362215 0.035287987579313534 0.048874219465565104 0.07351617546006772 0.05262305061044648 0.09675234688543075 0.05180614045733383 0.04456012252206238
76 0.02927993305911502 0.09796528431972491 0.10099817235617208 0.09355115507632283 0.06886171325479926 0.007760210204027908 0.005037650734250352 0.09536876939751207 0.019811512189251777 0.020658296560871852 0.09751156858725651 0.003102167871392941 0.0890346162298074 0.013792019290130868 0.008042157359809758 0.07236116141495846 0.0062137597548811135 0.06955351448196706 0.07255122653138532 0.028545111326362546
77 0.04653070950423815 0.027762581381015703 0.09801739331927928 0.04381083218273139 0.04030828990247852 0.01466298955305719 0.04934485968455981 0.05891099180360507 0.05821815869690487 0.047263056786332115 0.014624101955259455 0.04616395365597621 0.023909292688754205 0.07610401709143129 0.03701180114343865 0.08540613401869973 0.06786842816712843 0.015384271664650092 0.0761131183717999 0.07258501842865998
78 0.03817746323888937 0.09412332366308794 0.07866331184978227 0.008057640521945797 0.011071927098375019 0.05973432865801472 0.022579215746620057 0.09019508772850818 0.06452134634005649 0.0861538723687763 0.057031270774318875 0.021093640772550964 0.03246690752918477 0.009433249225978413 0.015583394575113154 0.09416244455929358 0.07411495206495157 0.041351230517813885 0.08338156998645255 0.018103822780285838
79 0.07080578702686723 0.058462976694856165 0.02820952913688342 0.03388227158952126 0.05667774428937249 0.06802833239165794 0.048112096149820045 0.042566416564829256 0.06969064954278502 0.03557848242752826 0.023817235071010783 0.03357207166004513 0.03704044656189729 0.06611088657584267 0.05712820156521308 0.0199808915333411 0.06588175323597635 0.05108725800431593 0.07318558832502635 0.06018138165321033
80 0.010529925111005943 0.07121805083228681 0.05549088777426227 0.022445894315828902 0.05631255927819699 0.017193835312055313 0.039422695644727425 0.008421356672348668 0.028618837424845632 0.07326450532233862 0.07474725818840397 0.0722632246122408 0.04860116363250171 0.06379289296474461 0.0678921996417389 0.05558291678470115 0.0835420844445439 0.045919931546029386 0.05580819291777191 0.04893158757942686
81 0.04825130526457789 0.03426052466611401 0.048265865759991367 0.04939801020996635 0.020386589291038374 0.05090181473894528 0.0847575200196562 0.05258447176743736 0.002082366644341474 0.09814917081259196 0.003420288884629281 0.05128978826707165 0.09417123933148362 0.06597283288543203 0.09460920322110168 0.03976597343078946 0.010877743526439533 0.04088917090226396 0.05590543417549022 0.05406068620063855
82 0.07495505133078825 0.025336202009999625 0.07576385223336107 0.0017801265165569627 0.009390780717339583 0.05491579122523875 0.04116049486648079 0.06573840900094341 0.07053070387333188 0.07972987111196497 0.064758192416431 0.07862682932027518 0.06202670380693709 0.06933209288605713 0.012738598878731492 0.08997522442163577 0.02492616324812892 0.0768087608978459 0.02054425304756364 0.0009618981903885688
83 0.05182563444243046 0.09759291842225958 0.05545463131771039 0.0355686601323118 0.08713653432716498 0.033247583574114545 0.01236960889015878 0.06416397964128624 0.07060767378754469 0.02954578813770308 0.007210711788760331 0.08840332402085374 0.06014824112354746 0.04813212454544446 0.0009992137457807573 0.019748747607977013 0.055222644289768044 0.06780977353137584 0.07003255014421657 0.04477965652959119
84 0.020493307274141004 0.06177085126255985 0.00674004824547816 0.030013651171215672 0.07293780550433786 0.053030270411065374 0.021162227893719104 0.05802136415185935 0.07011729022807466 0.08321780539351702 0.027174439018370907 0.04624610258781996 0.05267361648578429 0.05063681928784138 0.08045151459753366 0.022526633212645926 0.08159331975597302 0.021644486976915622 0.0865426770747571 0.053005769466390164
85 0.03113114870185614 0.0461630917455309 0.01769105371127556 0.023101337996301208 0.019325283486872243 0.07566174266508492 0.03663481985239894 0.0017035867855391296 0.08787392142501833 0.05148258436473144 0.0656958695967761 0.08289292163745013 0.06006926740110206 0.09256023386721349 0.0047448369799755 0.07537627785369962 0.06644917785363971 0.08712192775336088 0.02028544397221952 0.05403547234995417
86 0.030521410259460497 0.054617020468224774 0.04914404996559932 0.06776359426303093 0.041245467600860355 0.04110515256065685 0.0710886410341696 0.06090757426118758 0.08313115551278412 0.07321059118183375 0.05231314312124058 0.06054469202471808 0.07124099178652969 0.07006594299291545 0.04198116170890241 0.02377667266806266 0.008327369036114658 0.0002677365008033338 0.06803109329968553 0.030716539753219793
87 0.03681877213378539 0.08388222088164736 0.013348976764806291 0.04214269957820665 0.08526860139293746 0.08946285652424595 0.060674917695908444 0.03864191987545021 0.08956857124549922 0.051466254579865235 0.004851947530046367 0.050309852068315807 0.06249206993897901 0.04447927281100747 0.0452580963755157 0.011785802376738838 0.0777820883186514 0.0508472374388279 0.048820596349039194 0.012097246120526239
88 0.013462761382649457 0.03197850126727837 0.00251214223471423 0.08839665057562023 0.054539530987363034 0.07233029554643605 0.0694894121486066 0.024185047342580895 0.06820914477116234 0.08781269137569389 0.08197690915766928 0.03914253535452214 0.014038553288657114 0.014557487624777233 0.0923147330991364 0.02436397986821395 0.06613025579434534 0.025222887393820333 0.04205150485287415 0.087284975933879
89 0.02032460075241274 0.03387502939260481 0.05427331112978755 0.027252530206927306 0.07571151920862412 0.07585422588182567 0.006666507293910557 0.06371569913231082 0.055577201845578204 0.06862457333364612 0.004436011836226531 0.07223025041716984 0.07162647463167297 0.071920155649219 0.07308444839629184 0.06909230435054359 0.04579473050680441 0.05735556250137104 0.039758247372740495 0.012826616160332238
90 0.05613935260395518 0.0752252323194307 0.034923775085575474 0.0052607530812418144 0.0181978914621722 0.035854090997561844 0.08100501990198228 0.09549714301979695 0.008983428270053688 0.08771944416762231 0.027416575738404295 0.08189368656209606 0.02307934502433364 0.08567812281415274 0.03241011932788887 0.09374850001424408 0.055258753154893446 0.07307026220497509 0.01930557252884297 0.00933293172077627
91 0.03668288962165007 0.029473523933465914 0.06608495694157636 0.03195388894957936 0.0486112639104884 0.06088436729234163 0.09118964543172389 0.017718587266600288 0.0019985689311050655 0.006354114753017404 0.08583454878194063 0.05539857363834771 0.012324761830590034 0.04614347231809524 0.05675004456463368 0.07595322705710288 0.050989279618414894 0.07274528976766016 0.07770181541885861 0.07520717997280782
92 0.05289471226324759 0.0038484172779556366 0.0030861434687256203 0.04230151725548828 0.0033692728236529804 0.057217356821892947 0.0774453145104828 0.06386961030390995 0.04672224205344036 0.05784624668837184 0.06834792211378612 0.05577243843108342 0.06707621951631917 0.07406586579607616 0.07397302258625249 0.07145096392703308 0.008641801649530345 0.0536723908993782 0.06997675556119892 0.04842178605217413
93 0.08047211164697021 0.08972802783071147 0.018873251245321535 0.01861687935192532 0.09238924871929642 0.05206176653973543 0.03204663546142978 0.0912994560560764 0.014971888091956008 0.024293906610562476 0.04822214024710074 0.07616509250684947 0.021105822015959515 0.09093323530769738 0.06884469329137842 0.06849332013542221 0.0031970205516867224 0.017836926684537038 0.05885297346487904 0.031595604240504435
94 0.07136922186482529 0.01808622509224617 0.03496397190303435 0.03682915500396541 0.07148600310659363 0.017471940462569738 0.07033721562554121 0.060128605043295306 0.0826777010206616 0.05554953612155031 0.022642193247773282 0.05106311534921943 0.01293606175639741 0.047447846906657175 0.054031474256595054 0.07044518389304998 0.035711152629228624 0.06535390949896844 0.09762734041981572 0.023842146798011908
95 0.04040057647789265 0.02809716819169098 0.049469463325984085 0.07853779026830862 0.02590565189804472 0.022331656327975954 0.04581265470596852 0.02466834357323723 0.05312064915905916 0.023512403433662593 0.03300282187452014 0.058185621246761694 0.06871568476926576 0.08569584997426613 0.07755611289796784 0.08272183252076411 0.02369301984213209 0.09562291227545129 0.01974859441670639 0.06320119282034006
96 0.059249495949287335 0.05101968268269773 0.08570781797866359 0.004208925535336676 0.03951905247724727 0.0456939161334816 0.09257711170454307 0.029532057980742144 0.04927814764794691 0.05261976483271592 0.08017241524093265 0.042848502594784864 0.03833906779897404 0.0701703694991606 0.059542400268167185 0.022132259649691153 0.06148345170577762 0.01616868492635878 0.035838782165952286 0.06389809322753857
