0 0.07874197123270356 0.01686631145868053 0.03638775625037908 0.04633478467902182 0.06892865863707995 0.012181569653497464 0.06908725056858483 0.07099519422719565 0.03880705362799291 0.06367573618712692 0.04267562700074835 0.07720106401441777 0.06062552048484742 0.04696433378441919 0.06743912715588168 0.04315881788999441 0.0004794435205123667 0.018263760326132212 0.06998536609824475 0.07120065320253893
1 0.05562898611168568 0.06826463164203064 0.08402719131865385 0.041522993610145956 0.053170616490113606 0.0632275147024688 0.05325871613774767 0.09694373556496438 0.09494387006953539 0.016513866209863007 0.022381382869735 0.06872067270552518 0.0692265489280557 0.002850411983987045 0.01935525003727159 0.008473099945222353 0.07927298118888747 0.08982919415580107 0.007039509182469195 0.005348827145836293
2 0.04073858614468562 0.02590992569670803 0.03619699675358485 0.0019336716658574355 0.06452302918619662 0.09146037045858095 0.016826736196319986 0.03876975681565798 0.012100395473052722 0.0968578286164176 0.03530521876157488 0.0966321205603514 0.045929066275281615 0.0723010195234357 0.05043921182778465 0.060586958926885585 0.05467039816625381 0.06688124524012876 0.006286758786997862 0.08565070492424402
3 0.030899063554853858 0.014622058477111755 0.03191745620978497 0.01376798943058479 0.0768746012417576 0.05754432956241999 0.026197745779119343 0.042696804961582645 0.07949521303539954 0.07879631586736809 0.018559598385232037 0.08440494700815723 0.04948391267276441 0.06331991435470465 0.00940117330920547 0.05993283874580836 0.07692956131132862 0.08288617266657779 0.019604733757808884 0.08266556966843004
4 0.04356120895869195 0.07308389475382514 0.025378420461266458 0.01457849627719137 0.06520564107621764 0.06912129825493674 0.020506352002852217 0.08661607059416195 0.04337136676566524 0.03576859572304005 0.07850619753102232 0.05632106090054272 0.04561939633334213 0.022958309731591832 0.001969768929576678 0.06814211807838168 0.0496146468716023 0.08673963111623188 0.06488757902347755 0.048049946616382094
5 0.10021749725997896 0.001563949035309386 0.12592278997030176 0.013128350131154947 0.061500591378441556 0.09095404656849602 0.07322809898251237 0.04654481703599745 0.06868896453888988 0.005233673304317496 0.04905907607347666 0.016005611631263104 0.06581361995880537 0.04614085390165271 0.04835710495933891 0.021247992598524328 0.09351215633434357 0.017325159784870932 0.022738928146344702 0.03281671840598
6 0.06295149297881271 0.029899829275322507 0.0392814137177496 0.009211892115307855 0.10250025908051139 0.06039655948217277 0.02035906934752038 0.05934104621721156 0.06314189890842102 0.018444592155886085 0.05530755820823261 0.0722542848899913 0.092438372126329 0.002820779388885102 0.05600034055365925 0.08162436163742123 0.05329459661518448 0.03606185259723499 0.0766853249523871 0.007984475751759246
7 0.06147899812196776 0.047480496784839656 0.05963194916334245 0.061849209669158245 0.06112045067415768 0.025218660386708017 0.016220566921667935 0.06938135865781049 0.07751808201437523 0.06004551714038051 0.04295403962624589 0.023585015494740354 0.07189552197139112 0.07726141231050172 0.009999571513224042 0.07145661206521295 0.018857186473037208 0.031128753247361206 0.04150194120795077 0.07141465655592676
8 0.011149361066322723 0.001931559186283716 0.05033006231409714 0.037478557689891015 0.024594389765036175 0.09871988997250522 0.1066017827485431 0.06167669174753939 0.07784976542323069 0.0473345384277663 0.02101184378762698 0.06690315300518755 0.06860848155287759 0.006865779730340997 0.04498804319905792 0.05240177024153094 0.09430410269106032 0.022860819110389265 0.02802625409089642 0.07636315424981648
9 0.08997652010139941 0.025874442555100522 0.012328773878309498 0.04612027753416075 0.0815979331377231 0.0860442028293924 0.015811418418600363 0.07280082450355839 0.06449104420934955 0.03266583722267311 0.057616458364136224 0.006161761852994751 0.007208648388247523 0.0922765042166408 0.04662649218178878 0.017293415400205212 0.0822097791475356 0.08858565776447788 0.045944848027462994 0.02836516026624321
10 0.013829073743119093 0.04346896977790848 0.04443519661754556 0.02400013737405872 0.05070319174483146 0.04518744753041867 0.030998707108665514 0.09677900289561231 0.030164523620794192 0.040086159783676266 0.0759133815306702 0.02548429615587893 0.06813396374567297 0.040361470520222126 0.042613272954240965 0.0972403328151559 0.09337588327289904 0.021169698542373955 0.09014672771999303 0.025908562546262323
11 0.08492096189232373 0.019992047642315037 0.03181067879497648 0.05894168221675398 0.07998829433263209 0.06106134978549939 0.07343238612838704 0.09600642101730848 0.07917763012302186 0.040241961612328805 0.03210376807692247 0.06541652842202811 0.0430764142378675 0.03170874107644047 0.002671842187127618 0.015232836571417186 0.0368453767082588 0.048993888514305375 0.03833685883922685 0.060040331820858835
12 0.07701410093141962 0.0002646241397464377 0.006055086187706808 0.07191505010176652 0.044969885149421636 0.07765423674171112 0.08872533152616119 0.04301067718992526 0.048775444064939756 0.07413766317476089 0.041995701194424515 0.0688291467928296 0.019635324086037298 0.01626165013960218 0.06638301393222008 0.06484592040931347 0.0771621758202944 0.07986882398495566 0.004888645768179713 0.027607498664583688
13 0.011179785136618263 0.0747514897636114 0.023297210871858504 0.040694289091128086 0.08277599156223436 0.08321219950498938 0.06660240159681417 0.014779397637189981 0.0011145187460707522 0.05639665525609371 0.01797180691899793 0.049709032096540096 0.06287404849848344 0.07666739321391688 0.03175795976452846 0.024345644139886633 0.06797433604136555 0.07971665998759901 0.06351549469799303 0.07066368547408022
14 0.07843363573060415 0.08496837613672213 0.05786173130135727 0.00345738055168762 0.01418517022775631 0.026005631715156727 0.07606276828914406 0.07231093595812102 0.0442278531305997 0.08979245564581331 0.013562556531988198 0.08287591255696707 0.05623969219937283 0.044445740151589 0.02248966062256094 0.009282737922524927 0.09140858102350875 0.07233418617945016 0.003523103987391382 0.05653189013768446
15 0.019485557274318745 0.0027923385381437276 0.045265026325113804 0.009118025610363475 0.09302957404213477 0.04368738985483115 0.059967557910740224 0.08115848219525038 0.06835180131559183 0.017577745391620943 0.09625938173279265 0.0453901701863413 0.08821539371683375 0.0011185969960503645 0.049926779184597335 0.09315431027008281 0.0845104091149385 0.08731506017449217 0.002789963406815224 0.010886436758946828
16 0.09381783166727702 0.0493168566654395 0.028063749432849228 0.08970728497481847 0.07613153038084314 0.02837783001764678 0.04712915165631636 0.07004540280788085 0.053650365039888084 0.024979439084990417 0.03194122567787952 0.06926656014556448 0.04611414985104911 0.04767499162657019 0.04329867181703026 0.027001310323198285 0.08032843601053713 0.028262132977864087 0.012190727122603398 0.05270235271975369
17 0.04538859925575141 0.010984486448271585 0.011339068942980177 0.09516677418639805 0.023921199170324956 0.05861857642278794 0.013728911911923044 0.03310352897632573 0.05009244552135428 0.0993699340859952 0.029086843782368484 0.09876821253373032 0.10203907355869785 0.02926808403519124 0.05960904550773663 0.003646473641771811 0.030597573217111224 0.05309146377939594 0.09232181846360708 0.05985788655827713
18 0.05391450088801782 0.07609957808928407 0.07035554743499213 0.006467254332943443 0.017702696740764835 0.06792753486143262 0.08350480367153505 0.054763510026116326 0.042960949106242145 0.04247675937317692 0.060431973950548584 0.015957062206066738 0.08395987947164169 0.03137624554580913 0.06666278624290715 0.016897799286252912 0.08357516097566099 0.06226829113924845 0.03514927566051833 0.027548390996840595
19 0.08417139242738986 0.0636638456753682 0.0847215522039897 0.03152297915139397 0.05105153676914586 0.019724128841867136 0.04798195819706952 0.027840982309201477 0.04036531757602054 0.04033135020643521 0.03296764322173748 0.05509459626433083 0.10443283846692492 0.064761861572738 0.0242132958611733 0.024915343208871357 0.04992484958321589 0.008113260741476988 0.09169735390092638 0.05250391382072352
20 0.029369234664969157 0.10159757611983215 0.019275797204989637 0.11008477590830984 0.06379202311399898 0.025967603195450686 0.03574227717567382 0.06039724585634179 0.037461765087986265 0.05284333240422349 0.04933714871353982 0.0756375044074622 0.10823635492422848 0.061407739002097755 0.018922435444878496 0.011804642111760346 0.007277724844662435 0.0022836596100616877 0.09622570547839475 0.03233545473113819
21 0.09383715252098636 0.05480791951906322 0.05999263606489426 0.04882540263612247 0.09428373880604052 0.07393464845142446 0.03936416590918672 0.013520814960738101 0.08639430661712424 0.021684570440430984 0.09232300300578707 0.08013422553016933 0.011473207915058974 0.03414019693930077 0.001485907263995678 0.060607693962887135 0.08796447247969784 0.0213907376860871 0.02026781191889974 0.0035673873721049727
22 0.08544831925748715 0.005457097425281618 0.08980614019034941 0.014130438688018174 0.043119271160481296 0.013706909564743958 0.012744351063862689 0.09413750186488262 0.01712072764187003 0.09249732879164582 0.06518601049438447 0.07870893791494755 0.06763436221146611 0.03164462235317203 0.015380331295014319 0.01117976227610468 0.10316229084137311 0.021522297920657057 0.06388740517677761 0.07352589386748047
23 0.0759598617694813 0.03687504051172578 0.07096624546338881 0.04003449354360409 0.005146389547415663 0.052296752372135324 0.022195592156324103 0.036412547035898274 0.07987022300788814 0.06910322833890652 0.01798808936207566 0.04296688084724443 0.07881996803928708 0.019350413766830298 0.07324347662376035 0.021243182576781372 0.07133704432440685 0.046710245555707755 0.07733684932890494 0.06214347582823337
24 0.07117597875780392 0.008370451283035303 0.055963123339607825 0.007744430167301527 0.022415937875166055 0.06229205674689488 0.07307038525580159 0.06505340501272625 0.028463569658689094 0.058539972320408 0.07086335147816393 0.07143160450401827 0.0585683192020729 0.05783309942916164 0.05926089700433581 0.009442078062313274 0.06609672894773748 0.07015341947411244 0.05372120307279003 0.02953998840785978
25 0.05897043066062091 0.05656711497316757 0.08141037993274358 0.012344251447434616 0.05484493734412329 0.07987376255396561 0.008688358889228122 0.05611885681289038 0.07400495890931334 0.061033424071633334 0.05301381090429045 0.010876898846018185 0.05098841920986855 0.05498349211598291 0.01338121688028744 0.010757244370325372 0.020314634774870985 0.0906485726644418 0.06379322348067668 0.08738601115811699
26 0.09796730581548561 0.004532519527911845 0.06899637423065999 0.016900184524366615 0.06220149846126615 0.010964124302369052 0.06477203550313669 0.02950238588064168 0.00848273124570215 0.026773181261123363 0.07342930696651735 0.09532124674894156 0.08517045899012457 0.04848364539924491 0.09825176494261714 0.009272509029489607 0.02952138748278849 0.058494595839143466 0.05076492576289728 0.06019781808557274
27 0.07743841263599273 0.014905900233226289 0.00445380770394746 0.018961304548324537 0.09819323934829956 0.023621655870704476 0.050587614003784545 0.05667593220396116 0.0554961974782626 0.048672618439483166 0.0037855904273200176 0.08583214782105908 0.05614567591521455 0.0398924706162331 0.08012609490972682 0.07686744957878834 0.024566476319822093 0.05648921376363885 0.05509529612597045 0.0721929020562404
28 0.008758337360440138 0.05131445457818743 0.01508552188500595 0.024249269090776578 0.06346272260311628 0.08726710806049123 0.004655047779453925 0.08751257212869218 0.0923375598555189 0.09879724869015999 0.05909121572414056 0.007427856131138013 0.047487978163125014 0.0717326222810515 0.014734079154623646 0.06637276079039817 0.035070375015706756 0.09472235798983657 0.032898518067524946 0.03702239465061222
29 0.008569915580504465 0.055237322513970996 0.0652671443510922 0.07786424888175174 0.06567931372480465 0.03076621563678262 0.05527256214507288 0.05478100151793658 0.0598014596673682 0.03641506191038378 0.05505185780151661 0.04623770631633728 0.028499153700253174 0.013049674742830619 0.002298754797370795 0.08433915180340787 0.06507535182710203 0.06315659680606504 0.07869406936101084 0.05394343691443751
30 0.00879391731439198 0.07956092627677773 0.014275279900788898 0.03627973623678524 0.08702345439303533 0.012012523242990443 0.058329792074992955 0.045214299286065615 0.038025215062805935 0.02467835992948562 0.05285025656614889 0.09707095260667424 0.012592191481805676 0.04291051822209173 0.021122327952116 0.004548594846591511 0.08731585475724281 0.08112092714705668 0.10388419727618332 0.09239067542596958
31 0.05209162652396952 0.07793894890629155 0.03469804463634041 0.0498318304523802 0.0003427392365831974 0.04281361335354245 0.04247457586917834 0.039423486391224366 0.08714961712416346 0.09925991582831868 0.09622250415328594 0.060851788595226566 0.07460156355676455 0.04987533601149813 0.06220958259067265 0.04099919256765076 0.00434365334444808 0.005311679605695568 0.05081745807131113 0.028742843181454644
32 0.06775150487009646 0.1016596502064444 0.043999322351404135 0.02826562910181847 0.024788853986781618 0.02426929142914575 0.08272168739311492 0.011594445149628353 0.051105521853599754 0.002464781363730286 0.024015713754428816 0.04400318733483568 0.03870999137893284 0.028017808997516647 0.05928281974939647 0.07459787064737809 0.07543576794041175 0.05429443060272213 0.1021041975870727 0.06091752430154064
33 0.007727532098901945 0.004574421025160613 0.11200421524927044 0.0583067593975418 0.000814120363594115 0.09063415723209316 0.015215063404624432 0.049403156546834685 0.09311424685531403 0.011438392249610784 0.06436441571466812 0.0631605770277989 0.03629733759797052 0.022799384946568624 0.06367825717663013 0.0898595781027373 0.10880663222531456 0.06344174368686047 0.008469595256916011 0.0358904138415893
34 0.06965903019586088 0.02437120028733972 0.07428272486935637 0.05805970545114373 0.020305263830566737 0.016558846463300032 0.09087518112690776 0.07502190625718463 0.015195992829275131 0.079212254346942 0.05668196267535819 0.09524095323611759 0.07175642889215905 0.055495570647610355 0.020856898849018774 0.014908418149127372 0.003419608759280675 0.05682267746462466 0.09433180349607247 0.006943572172753777
35 0.04237738386382685 0.12171819051442365 0.07887946800558349 0.007620975489934282 0.03318887580241059 0.008714243786792135 0.05723961797182246 0.021567765529448443 0.11281928479869006 0.07071755259636393 0.028661137015757204 0.007276503134021758 0.008445692679058717 0.10350128082897002 0.1210310841655113 0.032998218187509046 0.03438359539392754 0.03587050569720238 0.017583021317011727 0.05540560322173443
36 0.08588145017604829 0.03147429034576695 0.035403121296970215 0.06530393153731842 0.07635406317410842 0.06987091008474487 0.08130446103683908 0.06137565511638758 0.049587117336823104 0.07289296243962187 0.06198616079188035 0.01498774847914864 0.011812434145490677 0.09110857054418353 0.053988878688646776 0.06664936342869598 0.010779246526103866 0.01160901354326474 0.045196095829137035 0.002434525478819765
37 0.0449601201696478 0.07525892179573433 0.03726710059354841 0.07170994179580077 0.04700939493129623 0.029387201361762618 0.04731616194142192 0.008601995887750303 0.007275840587630283 0.08209944699292503 0.04669345531527453 0.06784304669625722 0.09188281400098779 0.09040027914255179 0.037921605834958946 0.012819862870565251 0.0625883956614633 0.03364303391235786 0.035403073191519016 0.0699183073165467
38 0.06539664180379401 0.004579686179033594 0.062214809659635315 0.04657556172650003 0.04751644240067344 0.0751469712222082 0.06567544626907432 0.05716491787166393 0.07473717519462697 0.05481902021947981 0.007884874029698423 0.017615409265305824 0.08423135790842869 0.0294011119379573 0.04568415582063005 0.05565401223282406 0.005582608024345598 0.06923114053860692 0.05376181257271622 0.07712684512279717
39 0.0505148006777732 0.03909807676832093 0.038085380684587083 0.060440270512529294 0.015432174107895335 0.08106912084210599 0.07394960593754198 0.02860198551874816 0.026594440913731778 0.032621334552340085 0.08897980112584356 0.06023292496246908 0.019797356977843353 0.05807755052670748 0.08325111914652873 0.026828024579820663 0.07947538120726524 0.015884885554459473 0.05128991505555922 0.06977585034792952
40 0.048390442886260064 0.06859697589428086 0.08404992736877706 0.08149975366509686 0.0011265054210077153 0.0759131185988839 0.0699061207343193 0.0817529089927738 0.027605662413718878 0.05595792587623493 0.051959572537458684 0.02990026052730828 0.05428136246391472 0.0856892653117144 0.028854560469932823 0.02864501182142323 0.02531754643165638 0.02522124162722625 0.036085787167570174 0.039246049790441655
41 0.03402271246292389 0.007267942715659191 0.07728283379092307 0.0062311317195022945 0.11696275060586567 0.09674049205479215 0.058978414826062454 0.030043179259026734 0.11273785543588327 0.03850673515961223 0.0575810921511547 0.004310844014582324 0.038973284204120315 0.04096373161720418 0.04379583776738105 0.027884480788099977 0.033088505252674816 0.01764375567623921 0.07084089377865885 0.08614352671963366
42 0.07657859771667692 0.021257428405829195 0.018960596421935472 0.047903605239274547 0.10191991624513243 0.09955227425154155 0.08064721245245007 0.03884771849875698 0.041365223518147 0.008948491872339592 0.07618505987452354 0.06859100547995334 0.054732310522569945 0.06313048450389473 0.021058059960418863 0.016894748309239968 0.040107023682668205 0.027702427913428748 0.05406065650138416 0.041557158629834744
43 0.08055816302341201 0.04365264444385778 0.07255606465357586 0.06257392817424309 0.07683041105701292 0.04852875930597182 0.015131963983832191 0.049325393415066913 0.0008612656934775238 0.03184237185062771 0.011759823863854367 0.07972264173339473 0.05890348554891333 0.04173431707580467 0.02373087111710743 0.04093169448292394 0.07183559013253135 0.03168495548048614 0.08417738614812602 0.07365826881577982
44 0.05715453766616487 0.06308334811002766 0.06346523481030814 0.039067251640910815 0.0819119254448022 0.017494122598595223 0.033999273370238156 0.04558941819040122 0.01198275018951846 0.06739717483469562 0.059963622578397435 0.06001668652709125 0.07914193559773347 0.044545619549264316 0.053321652096533265 0.04288190824253226 0.0010929684631127128 0.05994658990287142 0.05637291428326155 0.061571065903539945
45 0.08092918981209364 0.04632210722942761 0.08582444761658548 0.005715337159499494 0.06657542347840122 0.07664890434102781 0.10384294925310132 0.03391271421677398 0.03172209000927776 0.034862174445122504 0.029453738625819636 0.029914699580966743 0.06720125725178283 0.019314511121606034 0.02261775820909339 0.03244829851443384 0.01571875872533627 0.10882282518812679 0.08488893450176142 0.023263880719762348
46 0.07062944627069623 0.04257560898610322 0.07289278338559255 0.0020516780669429927 0.08553763014290686 0.04299447843957619 0.08477596638590519 0.03810451271089744 0.0490644167501776 0.0003207356090153529 0.012868958532640279 0.09099760552882227 0.08430920158360786 0.020456640641696337 0.1003992370965333 0.01752483014935555 0.061402409404971 0.053733795767114866 0.030742641172710767 0.03861742337473425
47 0.013370677128597387 0.0070622952744012705 0.041559515905716514 0.017872491611746515 0.11264372896611875 0.0009322192995970149 0.011412938945102204 0.02661845025653858 0.006972850254696942 0.0423601520287058 0.11982494385868886 0.0057942001428958724 0.10446106547875379 0.04453059230855878 0.06934371644724695 0.12036724753441388 0.14136562596497418 0.04809557809622788 0.036985511558859985 0.02842619893815901
48 0.05481573039396055 0.08241339553810655 0.002335103203688561 0.08987443210727504 0.02339856444714264 0.04298535713103854 0.04891537906267754 0.08019884772722201 0.008870232229616236 0.08254276374447206 0.04939683495554876 0.03309678031841233 0.047551059777410684 0.0529279271774036 0.04186537099632154 0.04213518621697762 0.06240854942972164 0.05148858207855933 0.03882410314837228 0.06395580031607252
49 0.027263675046071075 0.0758540164280917 0.08720016016036945 0.002746627447518335 0.07829068291492647 0.01750682065756791 0.0800854048066209 0.03338848855181851 0.07690062484471334 0.039824016424851595 0.03205860039527748 0.011106899310933177 0.024873573202771247 0.027721170514910267 0.03414917334806235 0.0721726728867455 0.0865892793016273 0.08177530930749616 0.07174265978103479 0.03875014466859258
50 0.06402390584117491 0.02616011192978167 0.04043004726095894 0.016902951453856428 0.00018616265708406595 0.07403758218547975 0.08946260926647828 0.0727387412099118 0.09348134421694002 0.03202964311335701 0.08869192980241775 0.0031716277806966937 0.06364660218376152 0.045678933697949786 0.06992183218956226 0.05604458323297862 0.0928553438150149 0.029841172034547944 0.03301636720230432 0.007678508925743289
51 0.030801281546634113 0.04123753277896782 0.006892976177435893 0.045474514178524654 0.016187025898078394 0.0681565383974405 0.07637953243785471 0.007754220715412943 0.05821861433116554 0.08414868645655828 0.016357148352502307 0.06581557719403426 0.0776015110342511 0.04655922763495614 0.024918503398506132 0.035970084961888006 0.06549276768773218 0.07744787051999497 0.07535271251374363 0.07923367378431849
52 0.07129959196736552 0.03138185711492658 0.011261017114620374 0.030958120716235084 0.02640550565933335 0.05584542004120873 0.0539487009122819 0.09550029102202945 0.08908996902368621 0.00021366492974714306 0.07251241756305114 0.08657071774668591 0.030211023008929767 0.04104009705261565 0.07450724489086322 0.04347388304370391 0.012973176477043949 0.08752916520349195 0.049568999665082214 0.03570913684709793
53 0.07261590266232987 0.06501802282997077 0.03474590144766085 0.008387224638377573 0.009849278409475776 0.04196433686967851 0.04370745063994478 0.06559307969813173 0.05234423352726859 0.04228715804843324 0.10249001416827697 0.07063386703528922 4.461494037233361e-05 0.08009522639857265 0.002648902571611157 0.06558955128954921 0.06831381438851296 0.04385636367773018 0.07309615633069222 0.05671890042812135
54 0.016273032516494854 0.06939435688780875 0.07395968423961644 0.03608773441000778 0.07359108257422103 0.02817467619760135 0.07941174224622884 0.046120912737152575 0.07180039442878801 0.06496322179950145 0.03515768226342119 0.05766598114054559 0.014755398115062225 0.08281378321035697 0.02271574134645533 0.028611837587760234 0.04016421609447088 0.05803191857923648 0.054339185397011484 0.04596741822825847
55 0.04958005736872308 0.056227226060595464 0.03129049958648352 0.10287097067590421 0.028896476274889435 0.08630510860834838 0.0045379744750818655 0.050641821293898125 0.030112730132742682 0.030077977956457204 0.03084069852127869 0.09568224704880932 0.06082000151100035 0.0721618765055485 0.01627248012658571 0.03349815154150638 0.045588803238940684 0.06096380380978383 0.01994276551958091 0.09368832974384173
56 0.08150507961174924 0.055771633150199035 0.06336633875148708 0.002645957848249086 0.01720728182854143 0.07375922154744922 0.003943974416636181 0.037588524205444195 0.06544934969484226 0.022591536319943768 0.0753360501064637 0.09221645680186799 1.6702867498236976e-05 0.056909433890077264 0.03151564904260964 0.07376185205407543 0.066514582019487 0.04308511002980639 0.04705911870939312 0.08975614710417987
57 0.05939879583511872 0.06086541513336212 0.032218823780503274 0.005809484543286083 0.08442698685031497 0.08743055681328403 0.06818368449143779 0.07613131090227401 0.0034338495117587024 0.07232396523939866 0.056377880903763666 0.05381976904312737 0.019021468064198938 0.057476284322999144 0.04783945657050387 0.07034831665286112 0.029020330909225525 0.012669995513199635 0.05470114523876837 0.04850247968061412
58 0.08883173367991147 0.09512607832839327 0.05847096905455489 0.010091495779571096 0.03218946922484456 0.019380430276697145 0.04484502873890884 0.015049283225162084 0.008788237668018778 0.0010802405527151925 0.10957407409019478 0.004031994814713626 0.12424099234259289 0.02585604327314136 0.002292291210843487 0.00925057560850179 0.08328002084120921 0.05403773412377228 0.09203444773117904 0.12154885943507425
59 0.02054727606506089 0.04833567060126967 0.024881475099524517 0.041962739666217566 0.0807707566854644 0.052249488507982944 0.10926336090209564 0.03553353636487598 0.004615955520499539 0.02143462374670502 0.10705611706034131 0.027736641125772024 0.047668434127766154 0.020360741866773394 0.04730426565234295 0.09307614427788853 0.10331569106886075 0.0669234810161563 0.007813574771934777 0.03915002587246764
60 0.01420112258944608 0.04639536764550164 0.05798755039809033 0.06677909681267803 0.03883153379791219 0.06871523591720706 0.08001162611875298 0.0700731828403645 0.014821498784698281 0.08557941492991379 0.036793449124345144 0.04606880845029459 0.03145779679917866 0.04305716632457159 0.03735312445431533 0.05939712216014872 0.03366223363724523 0.014828289433673533 0.08228955602880038 0.07169682375286186
61 0.0711926689254003 0.03557870942198191 0.10547992670942717 0.01720749439985108 0.04042717957120917 0.06762448354918586 0.06069354207403862 0.01846292514983694 0.07125597449516677 0.02790913423615737 0.02232145716769817 0.012858049432083107 0.011385884528992345 0.11155046061974104 0.008168195457582385 0.06930981820341384 0.043008150799471165 0.08150657449646029 0.05871644083978159 0.06534292992252104
62 0.10142809023572698 0.036521460107299626 0.03398017866330805 0.03515261840269034 0.09769437487014629 0.06455986090519397 0.0995664820578302 0.07091805800563654 0.009173481055385391 0.022910022462030225 0.00367950635476402 0.013277951067033873 0.06623090338845541 0.04202033867891102 0.031162200084449136 0.08585641553604252 0.019409644047889245 0.022531428220694306 0.09308980507790779 0.05083718077860514
63 0.057952507105436396 0.04820851101905922 0.04758947797195087 0.07564652351109234 0.029961925752978177 0.07320135599148873 0.06623509849281631 0.02850048484093311 0.005635930053141422 0.06928148065543505 0.04301115762281294 0.037778999735148026 0.04166146249140929 0.029732488029211246 0.056860138672334304 0.061635447922317954 0.08757045110403051 0.022939740815076767 0.059065473176498934 0.057531345036828496
64 0.07070473215356714 0.033692295661363975 0.04995336116024206 0.0682564907979011 0.0568596732012751 0.05787859496826375 0.055971861129895696 0.07134119798813884 0.01192758508167554 0.015349650937590225 0.06713418243615922 0.0493768040839483 0.0726643278013334 0.011750124905638436 0.04390324827621851 0.05588023990135086 0.03922694616114286 0.055450300904722145 0.047434393299420584 0.06524398915015213
65 0.04953353155307128 0.024016019996204806 0.015985245057969003 0.09990192552078282 0.03744820865471973 0.03822819648020635 0.048135185084669935 0.002960125761884422 0.06046676310591118 0.00834680278304914 0.05201322886848463 0.04536259293006968 0.08759871042845611 0.09833169176774967 0.013404139765384154 0.026423664474963603 0.06511002121670349 0.06506093852936841 0.07898596603857083 0.08268704198178063
66 0.017618371945158414 0.09170703926127274 0.011118594953975111 0.10558980219275715 0.011495084493212404 0.029574198320749076 0.07088366107867086 0.013891916155758416 0.005089839646394599 0.04326985295474107 0.07529946918903128 0.04914396716997375 0.09406172736043951 0.05827439585764776 0.0045808698998982145 0.017809391567985253 0.07776113162545524 0.06649978579346923 0.0861938997435213 0.07013700078988849
67 0.07571675154965325 0.05593662676706778 0.08886026781600473 0.07594724507980904 0.019825317313465565 0.08622866924583893 0.0485495413856699 0.008213857279759894 0.002724346002080926 0.04131268524145245 0.015181173149543972 0.016577438153235573 0.08518189318989525 0.08445373831238623 0.013454531322777522 0.04471418572425621 0.07546438111707292 0.048797112345770347 0.0694996059370423 0.04336063306721697
68 0.07050801806503912 0.06635360380950023 0.06638599796468168 0.005156717104429696 0.043966619085610295 0.023725266449256495 0.016024622358994822 0.046293317977874046 0.018475781808035892 0.08187608865319872 0.09018472844175619 0.008234491090640996 0.09529302131301988 0.09380175096108419 0.014165332180797961 0.09241692691304018 0.03236859477499901 0.04527295693270939 0.046089700995821055 0.04340646311951007
69 0.03273603901816197 0.012021314525991462 0.09418411167351948 0.042520018737114494 0.09942639121206844 0.0009082842610344859 0.03550664611885198 0.06782908371659163 0.06357779506507405 0.0006012570698837265 0.07655285285792766 0.10596259528772109 0.03895443399786426 0.07415881925523257 0.00016014512529843495 0.09373397908304328 0.0049970869170610785 0.0654866901199659 0.00956476305353088 0.08111769290406302
70 0.08696998585698852 0.04121527064266072 0.06881586758972588 0.03125504109418941 0.03452335827707292 0.07424194124746447 0.017462522908116382 0.01193635502869647 0.033784872464767676 0.08645098557514921 0.04803231718360623 0.004023437523681854 0.030069388508311964 0.06393740793210968 0.08342812497997477 0.07212079364284224 0.049042003612479415 0.018075733150070775 0.0659578321900657 0.07865676059202562
71 0.006238533634341294 0.0595619361931559 0.026400586242468452 0.07188433047341727 0.011444701573126529 0.08085436065216663 0.06996101470967792 0.007487363740333139 0.0618605394955531 0.028838628775725794 0.08307516995329177 0.02844698233899493 0.0790299455018279 0.07583031769305608 0.05345953513574933 0.027705162667062147 0.07017688942118938 0.026668312718255333 0.0666971236762864 0.06437856540432063
72 0.06378738147276247 0.08834495695765814 0.02375243783820484 0.08657233383640994 0.07722789418213305 0.0011952876004982585 0.06960569794983579 0.031011167178723667 0.04415130081132 0.07448495104689914 0.05874121423494332 0.004020952016102337 0.0204305402742163 0.015337799429699843 0.07746331994497647 0.024858077656046005 0.033677559822876894 0.082997049563219 0.09072955484904945 0.0316105233344252
73 0.07677449568708644 0.0181144169373202 0.05276331040230862 5.3928868428479975e-05 0.06551222312628881 0.024082831182695063 0.04325411514416683 0.07535142062552709 0.0708032937195551 0.06472815513753132 0.04980852957435589 0.01595728911600491 0.054154503572515854 0.03210893133014607 0.0741793183355154 0.06525448830947819 0.05115597981683343 0.07545809583900238 0.06125342070941775 0.029231252565822083
74 0.05041420756412381 0.04652870874460674 0.038537637682192 0.013218957536529125 0.04997200660790653 0.020055196564941792 0.043970743040641753 0.09917687124035961 0.05761531419260787 0.08614635152622682 0.06233215368055507 0.048255831257681674 0.0782090967343142 0.013338357700231908 0.008205144719550025 0.08855469259983194 0.08008852735000126 0.07620172327474307 0.0162207313948339 0.022957746588120963
75 0.08362016137539342 0.01658542881648899 0.052833856026829114 0.0417224616315388 0.06553559151399808 0.07865498462142831 0.04372507249474621 0.07359098203341559 0.003720927944476101 0.06007428430726355 0.0683339113073993 0.00016780882009267297 0.08861759394503545 0.08057128162162065 0.05097110803669756 0.02757552292826201 0.07222060088660094 0.027219739778180645 0.02677712838451109 0.03748155352602137
76 0.017185012489242212 0.04865252757961788 0.04954279226184405 0.07982954915936506 0.08441639053258809 0.08638765809775094 0.08527581069126913 0.06264776933385931 0.005034298744422412 0.03046152154622976 0.04824960701896804 0.019425167679327462 0.028843468993598638 0.039987815861114655 0.040729490214131775 0.007794634940081575 0.06054305111854303 0.06848027666985854 0.06756673846860042 0.06894641859958699
77 0.1081515510474889 0.005511722711585111 0.07755677750342103 0.01038398706078624 0.027135552646666887 0.02952441263309946 0.06045483900875993 0.012661745703477037 0.11052234071980054 0.043196415800965886 0.002882440787650312 0.07566537153946343 0.03830533962451447 0.052398917079802154 0.025025903011516314 0.013012871900726822 0.11316448684357826 0.09183101166568047 0.062474570303632286 0.04013974240738432
78 0.04527158468008779 0.05714717926534979 0.0439780719139455 0.07030044199922846 0.006241874681216729 0.0693005474259806 0.07129238029884265 0.013104381216760021 0.0023669018659968513 0.11307042206386496 0.07821733973207814 0.09422400012681717 0.028686284853606497 0.014507174346863836 0.03865661788333021 0.010908709639520208 0.0504175680822096 0.1047305728948589 0.06382714791383512 0.023750799115606784
79 0.07071586453547259 0.028263317215508527 0.05223738000541796 0.026358429374280793 0.05841226982120919 0.0697167706630166 0.07348138251279826 0.011872786140159823 0.008230220660942136 0.05951598794459466 0.06909291877349133 0.03511913717836112 0.07887080184467586 0.08128670746779543 0.04484476125357643 0.01325191954072222 0.07994693399625201 0.006445434590942053 0.06068384672006228 0.07165312976072093
80 0.03371509926397961 0.012508472330123109 0.07802830775609369 0.07239841372076573 0.07636328202806833 0.034942495544554794 0.047093294073144346 0.04214341407893661 0.08517128831985177 0.04592690368960674 0.032366834501130703 0.04544472896452512 0.008771461799257026 0.06926411653312647 0.019085670955274338 0.04949769853944005 0.05432903473043131 0.05495903781890652 0.053682177701904275 0.08430826765087951
81 0.07936293864759598 0.08122408703216794 0.050929585221092276 0.0915132303640912 0.014211047975937963 0.015248206453216137 0.008346898917881228 0.050677893296885504 0.03524884242716994 0.06575651677701551 0.05479700891167353 0.022961684847948232 0.07690105908229215 0.09019719191231401 0.022855681427358037 0.01769710401177582 0.08217763799767415 0.07208477908983982 0.03312188825637056 0.034686717349700205
82 0.05094714086067683 0.06335894133703036 0.07408967931762439 0.0797366133820925 0.052513977563913176 0.05017326401696686 0.08146693938973391 0.02911391272656288 0.004977698508933531 0.020603114977891496 0.050086772566388 0.05608497859455218 0.035860643805978386 0.08328871408840353 0.02061892201741808 0.007238892737686863 0.015147917913074151 0.0769223084034629 0.08764086561150908 0.060128702180100954
83 0.07441038805768052 0.03406775037950932 0.07909291110289682 0.07068091273880005 0.02992975555708217 0.044680330847379324 0.08442175852840357 0.08537244678938423 0.0709485571976256 0.010810877886491684 0.009376470321507865 0.04418155783397119 0.021345522782193118 0.04824911695720784 0.055317890651469914 0.024600150772188675 0.09387814538696031 0.03283775918810778 0.05038744954542495 0.03541024747571503
84 0.034414342243869925 0.1162545174031151 0.07234758857467054 0.07497352279885959 0.05849986705274632 0.10343805130247741 0.034944706442024895 0.0065943369491012595 0.11438220417826395 0.02305678197692096 0.05364097619313513 0.010066210677608172 0.04887387022470086 0.029845883097148057 0.007891919776877254 0.0439856268180691 0.06937846171864542 0.03472253869905411 0.017921895029417587 0.044766698843294296
85 0.04181799941138486 0.09548901277592817 0.0841807060683562 0.09942756989310787 0.06041167233710358 0.04654021459020955 0.03981436989917323 0.0299494346725049 0.008356773260701209 0.04947083202904783 0.07507112863249077 0.006641610802467363 0.048334151762821444 0.02511338525490864 0.024567778271997298 0.06001967345397399 0.05501903180514451 0.038290972954294206 0.018023434922354642 0.0934602472020299
86 0.05874447114310128 0.05439795357162984 0.0586134355129832 0.06260792386035098 0.07484663026306207 0.013028889243164452 0.07841803734969979 0.09496677639850659 0.07781653709065788 0.008899894066463788 0.029813226623874627 0.042740009687853055 0.019613014242053736 0.005128979603028679 0.07789521901665081 0.0826835560132673 0.009888819773330856 0.0011865195559230884 0.07066368347672668 0.07804642350767131
87 0.019184908783010282 0.03774024724798664 0.09202273313816935 0.04344304871120611 0.05729190401099818 0.07622814338271923 0.0337272867123588 0.02363142926519355 0.022749307484987314 0.02691584861825309 0.07686220862181604 0.015663867980715618 0.04093170781970674 0.05685637750240991 0.001130768772069813 0.08733928736635621 0.06977402453673677 0.06512622106642268 0.0742459017224713 0.07913477725641227
88 0.00035458590394773896 0.08731100430641475 0.021992305834974198 0.07855331606196785 0.1039530225466598 0.007309472738791271 0.08698354272035287 0.08187800599470062 0.026098799020087587 0.08355388865262696 0.058887532567270064 0.03869857349038516 0.006315009734823787 0.09919814921294115 0.02762670479624244 0.06871627226787673 0.041414126086048775 0.009685328181279722 0.03840662689470465 0.03306373298790377
89 0.03470558412526885 0.0675683800505615 0.08031372189427007 0.06671164543021686 0.0024091995118988973 0.012204346335023058 0.08041277476225542 0.03960501665918159 0.06514609798039446 0.0849602061033993 0.03820802970255103 0.08043892454714845 0.08436051895485 0.007571579279275693 0.032602933017705914 0.06343159814294669 0.0017958708818002842 0.07985467395683633 0.0485012950532493 0.02919760361116624
90 0.06854814826210567 0.017103392043923752 0.0006162290235438658 0.02584833023987521 0.004165298238232696 0.010958807012533212 0.043513939420950956 0.09012242280802615 0.04971430445992213 0.060190983564228175 0.03624073304589044 0.0835554993230056 0.0766005296599174 0.056891924740409064 0.0972494999315584 0.07125582021683155 0.06928998409297962 0.008378474262692222 0.07511922832186466 0.054636451331508996
91 0.09189167519330461 0.049634570343434076 0.10855173046744684 0.05469740435551718 0.00890848990458975 0.07595371436642717 0.10988136562163325 0.11073593877016456 0.014504405031386532 0.028585664732862223 0.016004452529092248 0.047983406140648305 0.0332824130253856 0.013971152442687608 0.039231257440449065 0.007596967078978408 0.06326344909994075 0.06399574256239188 0.014010497298657954 0.04731570359500202
92 0.03358756138703975 0.029051104060550333 0.060736375758287296 0.0637811668778389 0.011882586133874096 0.029724240640579377 0.0826611438390933 0.03243075568112992 0.07752749348042977 0.04411008401652488 0.0026255448361756518 0.023893603875565213 0.05736770813901533 0.05132521981654796 0.049952915705755066 0.0463480458972881 0.08196631369666206 0.057406873740714084 0.083920818937869 0.07970044347905984
93 0.11088902375023509 0.02791501402953317 0.044157046541200846 0.021105812537705975 0.08099400894722697 0.11196370856334997 0.0012628283437824846 0.0652483792664379 0.041766090167415164 0.029900043217101976 0.06450196090893992 0.003571029280484362 0.013273236724368517 0.08715794782306137 0.07309783267865169 0.00029788051571221283 0.03510268282928633 0.0041658917461199286 0.08737635332211469 0.09625322880727133
94 0.019695103205394814 0.018241724902143455 0.02510472259281313 0.09000519608903254 0.08965060412709304 0.01897442144340516 0.058622233644716026 0.11338384841575531 0.09570651850317147 0.07668106054061972 0.005549247708551476 0.028224211078099054 0.022968521404204776 0.021763792669966447 0.06429448053863121 0.04809735467186089 0.11709256406007237 0.009508022936935239 0.04938887429479972 0.027047497172733862
95 0.061234001808029744 0.061230575298652064 0.02459357104445337 0.06968432311366875 0.05545924173134032 0.08242579975385636 0.02420588727895125 0.004900748678799289 0.09275036834071107 0.027338334872399592 0.060499328481984846 0.024648868661011288 0.0703326149156128 0.013584031466106148 0.03611937091835333 0.08895377757696796 0.0818651348152218 0.03390045059403359 0.07540776242939023 0.01086580822045611
96 0.006434791097723402 0.06696936850084977 0.042085339122886666 0.03937549908003707 0.049572171347908076 0.09151085365814542 0.07298474322523592 0.0068395084279831665 0.055130363143513515 0.014859047170668457 0.05771128543800806 0.05106587454369938 0.03094858359319134 0.11396764434698842 0.011309867753750395 0.010362120455907441 0.050905510140569946 0.03631361889127745 0.09865635125369047 0.0929974588079656
