0 0.07604061760559892 0.07128081094266878 0.007922520454325281 0.008010818969919507 0.014690006548066774 0.021312920553187894 0.03663595543760065 0.07847336629651062 0.028312322263007252 0.033716966172459936 0.005453468933311792 0.0545607497178829 0.05438709467352782 0.1156732235569702 0.06550941968620373 0.09271042968020851 0.018920411047281076 0.03622920558392331 0.11804072817697868 0.06211896370036641
1 0.0567149936049744 0.061486284795406417 0.07932730202231866 0.04449372486211352 0.046674136215412276 0.05790117138545351 0.03123613990480454 0.02122557978905838 0.015517804282549374 0.06076189485946449 0.08274744888377922 0.000361315495762861 0.06375005926156219 0.015538014453124796 0.0924347192508995 0.036261950866279175 0.07748610232139144 0.05214964611072657 0.026493296653659064 0.07743841498125979
2 0.014687748128733216 0.06400909037405504 0.03910798424451955 0.01977244281863028 0.08010507779578778 0.0006236345773388159 0.0657759479648259 0.059737021075202706 0.03223473519361902 0.02559219757950677 0.1153472320937692 0.04189114245713311 0.02268090367636185 0.06939386954736418 0.04087353777639917 0.0798728783891139 0.041827041119438704 0.06257342901093163 0.098069412029371 0.02582467414789813
3 0.010524577983655253 0.007428933486129286 0.07434738866813564 0.02796870341799482 0.08603736099412851 0.06614721242934962 0.015953646170874084 0.05369194332155422 0.04043544762012387 0.0750012277706906 0.1015234934592409 0.09653799795171998 0.03906104377633664 0.06750400404674456 0.028863490398567226 0.07830115231662245 0.00969488322092212 0.06211221110575648 0.031130900277590887 0.02773438158386295
4 0.07329862676397043 0.038141883867688596 0.11528047192217142 0.06209335247367085 0.014982424610273527 0.09928982509841867 0.012005292454291595 0.1122447232732221 0.053400995044325925 0.019057162248286793 0.005682414047997888 0.05818546730915378 0.034159956470135394 0.07553458325275404 0.02093166178534978 0.018097427244718342 0.022805322271516767 0.04808682848518429 0.06008398917447537 0.05663759220239454
5 0.0738314278261186 0.00889370259677841 0.0034327867326456223 0.020152994411881762 0.03574752941300186 0.07853354245764567 0.09933107751537425 0.07642204082114205 0.08179911779198806 0.06378124302175651 0.0027589230864912334 0.059940934456817196 0.027403272856423272 0.07446307565395895 0.03884539806676997 0.0412808147780291 0.02930340199997162 0.022921253274517682 0.06175393853507117 0.09940352470361709
6 0.06356670604729922 0.06731391809539528 0.07488904491741122 0.023133877150445247 0.04781138752980247 0.07881901904694431 0.051578658204974724 0.020241706059566263 0.009824641103864681 0.062372949101847035 0.026728696708026002 0.0377547567558233 0.0698533797929706 0.014061924766279519 0.07488369505721884 0.07369403879558863 0.020134623209481926 0.04538650798411311 0.07476964455742034 0.06318082511552735
7 0.03652337062440157 0.10104997651583686 0.0653903799004097 0.03686814630137853 0.02693356994262088 0.046964585450432604 0.03384074533218215 0.023986930904876313 0.060946971340252135 0.04344082636699913 0.02729258750391923 0.04593609217550226 0.042617041523776766 0.08286879842647749 0.06377313291493586 0.0966108459341153 0.006713936681899819 0.03247633661877605 0.08717984742167749 0.03858587811953
8 0.06721845561063211 0.025081465203811174 0.09685601704915299 0.014000283438559214 0.06041776152171742 0.05126653003513579 0.06600726476202193 0.0235959570739582 0.03351715204610528 0.04831042856129392 0.04371926370175042 0.019933043358696032 0.08736923614676367 0.0437043237519881 0.0189592436445328 0.05174442234022489 0.0007271266013988226 0.08892361243848022 0.06906443891187057 0.08958397380190665
9 0.04165944614336152 0.003843555501585408 0.03031447332426615 0.08816812738833545 0.01696033856987355 0.011383892116269003 0.04557944020191404 0.05489288626205698 0.08053388991011462 0.06751598135598592 0.037363203183021054 0.04679895440026341 0.040416143847800436 0.07701304582238154 0.012046801685128557 0.08711421129068052 0.05022982792469849 0.04942666528511426 0.0825306681290966 0.0762084476580526
10 0.05380081393131176 0.049828258683185724 0.06656047608541353 0.03251927774355271 0.08295202252732485 0.012887378776718762 0.07040755885199389 0.07061211671149738 0.0762412074433693 0.020198222502109456 0.06677698158888268 0.0660304918711913 0.032884271079612434 0.019474277918614148 0.0439804014728759 0.04513681048014572 0.0425669326367397 0.03860634807394577 0.0392454583344248 0.06929069328709031
11 0.01965864374174836 0.05416618981588627 0.0563791589094915 0.03577911971398114 0.103855292580308 0.007215985977368233 0.09802512346885496 0.047384755604716514 0.052766040902911655 0.02456250614154555 0.005889296804794165 0.00556268795960118 0.09589183340633611 0.022734317775169984 0.04073228741132317 0.08705675622987566 0.024222604901718094 0.06450564821706918 0.07372399157853393 0.07988775885876614
12 0.05652652212058399 0.012547301337491483 0.08223406371376722 0.004016503970067212 0.07643936135831494 0.04461353496429717 0.047009965801479994 0.07145337670835052 0.05913053906391343 0.08104478940198731 0.02499427000899642 0.0023712620786653827 0.061246569802191814 0.00940183499080491 0.0520669079704748 0.07566047304950155 0.052075110968138126 0.07156983409646359 0.035300490350297024 0.08029728824421316
13 0.005764919409504988 0.02530911607428362 0.028260970381489683 0.047067060840659966 0.006813929193101339 0.05081464870940369 0.053581137801025934 0.0278467980781854 0.07438361461600906 0.0811982689957935 0.08652954797600752 0.07771447978403173 0.06216441147450226 0.009056395134884473 0.08295070762697852 0.003939231503881989 0.07549034892977455 0.04608285575150413 0.0639066963445618 0.09112486137441587
14 0.026468523776961593 0.04230246691334647 0.0892945890267571 0.10535303785247915 0.017060279030224272 0.09869565292804656 0.03192833959268912 0.06004953747989995 0.03308199250546133 0.04521766994767831 0.08038111211002055 0.011081045665654607 0.03190363679884666 0.06620843731505903 0.020714106576997217 0.06993099908216338 0.0032697286009285304 0.07121298416561914 0.029019305342494216 0.06682655528867287
15 0.05312518962916355 0.04782297824960376 0.0020690239927194333 0.02988446179916943 0.06375093083006451 0.03786688471284099 0.023906133420877197 0.10921367044393396 0.022917047481626245 0.036011271799806614 0.08531183721244927 0.009570487135969898 0.10750059047695625 0.02207000970442408 0.05277322439024138 0.03206282714178988 0.1170038356191695 0.021573719519766412 0.0826069790300282 0.04295889740939967
16 0.07783716193145232 0.06286133146764981 0.08366559910576249 0.03263331059176031 0.059875997904074066 0.08263135659191509 0.026063066328891722 0.06876572876792057 0.08002005063526171 0.03399626762427411 0.0824646516695635 0.03197209343185534 0.07645658087138338 0.03560156372760268 0.06680523700057034 0.02206412351254058 0.04505848568880276 0.019498902315969024 0.007703121641902068 0.004025369190847865
17 0.030538496026362803 0.05006364955541792 0.0340389583073335 0.04824243832994599 0.04756441374380807 0.04405017013700988 0.039040809638930044 0.05766692640424308 0.04137342805980668 0.060080405404641435 0.07421744490040262 0.002935951275451058 0.07805438213524188 0.02180155423437146 0.09406972067360149 0.07569350642386173 0.08245069289521637 0.029920077033941523 0.01071252818395072 0.07748444663646185
18 0.08570052240536878 0.008581713684278933 0.0038181326139252944 0.05502643032364581 0.07294803523548007 0.03823894973604064 0.0765819421288996 0.0937673078014464 0.005380132776292779 0.005879822692691613 0.07681061150924111 0.06704706808488083 0.032257991551053286 0.06285400966807718 0.07981425269662643 0.08265022220594813 0.03362157092093198 0.017262664953093615 0.028154250287863062 0.07360436872421451
19 0.015832431835188406 0.11925780320278419 0.035637152493274454 0.08338545517838249 0.06518290672243249 0.03233179934369494 0.042919299563928585 0.03833935794144378 0.07807185465438243 0.014746482503803462 0.11954727937797001 0.03643724986430994 0.03002975082497429 0.00107737764556854 0.018716132223136346 0.004684047343535323 0.0727602480430987 0.06534098746432739 0.08035303325353442 0.045349350520229904
20 0.05305200549929505 0.04406796087217582 0.0967379870401796 0.04440674916048167 0.003253001203676158 0.027509645306604606 0.022297218300546172 0.08306195964362888 0.09651674936141379 0.0312574783016065 0.090467400905231 0.03917908745338697 0.06120872496712413 0.06517533282785756 0.08227087807423887 0.01986778112389226 0.003980654022666723 0.020218457265502945 0.06742180011863953 0.0480491285518517
21 0.04159920815341772 0.0949109794603634 0.0542932722759786 0.08037315945720948 0.024348317490987825 0.044113512547330154 0.04746461074936102 0.013048693935243237 0.05574623204066175 0.012377659558850071 0.06195748329789948 0.019793635215073015 0.01875207838977498 0.0595080468874983 0.00036218144455072413 0.0596953194093621 0.07572922749380862 0.062207337780583294 0.08989826914347744 0.0838207752685688
22 0.08323840380193588 0.08036756514993683 0.08997035621614272 0.04589793206252072 0.08752336566622429 0.01643868522301592 0.09105219309988183 0.06377932256552793 0.036987441122971504 0.04527815453391945 0.02921077503782708 0.031449601878182354 0.040234502883854904 0.011970436226642242 0.048686417206439826 0.024488617277073216 0.07673145003321852 0.012562415774754246 0.026840939561115593 0.05729142467881502
23 0.051325987355270795 0.07181574102799257 0.07047278821326722 0.007499359998072902 0.03689444892224765 0.11430570765098857 0.026933322683943092 0.03465317125421766 0.004431643959536144 0.03644713614206243 0.06791843651063682 0.10486365358666369 0.04987373051124877 0.03085747993237148 0.07946896273949121 0.05218543238099262 0.10025448029853203 0.026564617378943944 0.015288545582843989 0.01794535387067664
24 0.07725046970872394 0.07390929266394876 0.06831137851122279 0.016369387773844994 0.019872355009390223 0.0338334462083051 0.028686844815666183 0.04041234354731539 0.01596734894344419 0.022701177723113735 0.08775114487924746 0.08290148324244073 0.06855293632545874 0.03345081707021439 0.08592625552575694 0.04488214332298197 0.06429359782277844 0.046908606317758894 0.04120585284874185 0.046813117739645256
25 0.06894928617790062 0.06764772441169145 0.07625130861461774 0.07300766083115784 0.04725868503855205 0.03369573634736535 0.033373969619545585 0.07410552242124938 0.015581156286446617 0.07847419204017278 0.05842769998620836 0.05900762679739421 0.047206421947222 0.05606575549298808 0.07831911027207818 0.01933370109240256 0.023740248923675697 0.0064641584088848915 0.03577368450685958 0.04731635078358707
26 0.0858095689825653 0.044776606786994966 0.02643919138752462 0.0533040447459987 0.03410786250651905 0.08684762501631839 0.07312304357091806 0.011717425507333958 0.09010425765953486 0.0794632673863655 0.028392490245517012 0.01622850043608458 0.08593376050056993 0.08279767496515207 0.059920676732256595 0.0015577762570536653 0.023676709969807135 0.01188712064592337 0.07201407629325077 0.03189832040431134
27 0.07068751885448107 0.014936326320984095 0.11026672457049044 0.006336923681345601 0.02111219667483302 0.023748345648781786 0.09497836029899497 0.08587690431926144 0.0013862768374781722 0.03159261462894472 0.02412836495500197 0.016674986727494446 0.045417372348022345 0.03849442012613336 0.09104946992645957 0.04529105815106914 0.11070571712755757 0.09463248046265836 0.04998814095485068 0.02269579738515727
28 0.07140174816090329 0.009878665300094855 0.07181119930360326 0.057570646422590084 0.020483825286527597 0.07274395040021592 0.02466443546666595 0.03934930942597504 0.07474862084340102 0.04629596952851948 0.047288927626639395 0.07231690039938278 0.005833688536420504 0.0480670579348473 0.06429303141928121 0.04519079125383974 0.06684368624643616 0.052771828853328914 0.07406507473374895 0.03438064285757846
29 0.08232553014423089 0.0011711234054252203 0.06763412291184222 0.018771684547441894 0.06035063480945707 0.008223701625534314 0.04657352241601551 0.06034879959744025 0.062006027876814286 0.06058847562603546 0.07359986919267764 0.04814179904882362 0.06242192973746286 0.05590319603228349 0.0030421042423547286 0.058846808083762574 0.04316211851350331 0.0584734964086855 0.08697231363007087 0.04144274215013834
30 0.047227614235390104 0.08059452113041143 0.03766702058311283 0.09426171354490917 0.05216830119133989 0.05048783974304357 0.025318562307573855 0.0510085289775168 0.020915197167299712 0.05150245435672823 0.03228559084841682 0.08381281332264374 0.0631618075487175 0.004144411887448647 0.013113481209033061 0.07933642050545128 0.009532397647669413 0.08329061613995403 0.06314465356478578 0.057026054088554136
31 0.031530726478070606 0.0806233809828459 0.05411456548248191 0.04107094977601345 0.08157402046402704 0.05269969575466598 0.012507021521276954 0.09274855241306765 0.03387880460425168 0.05185405928399784 0.08326114094521324 0.09752639733370412 0.052871937696280825 0.0218276710979875 0.06946458504230534 0.008385067518618474 0.04495530811697226 0.028769801810866455 0.024333260300433146 0.03600305337691938
32 0.05256200164753933 0.07173041169046857 0.051898858245665265 0.049174635775952186 0.056788016005917756 0.026306294958213 0.08747232317858868 0.03612893914241421 0.005307099714151244 0.07883946601311435 0.010449757249237674 0.06925985146133562 0.04594418566126624 0.09243884695310005 0.05588438060632821 0.03129867929188023 0.01926982431429596 0.08772307691425957 0.026934358951574085 0.0445889922246979
33 0.0906795809413381 0.08932097941911653 0.004569598531493542 0.05840878483610546 0.08239836098749581 0.002931519981683481 0.058834261013392314 0.06612386356636016 0.06392957200075153 0.02477844888434818 0.03920519131179793 0.09046989659578439 0.024324394022079043 0.01804365427934933 0.06603749357858657 0.040534708050550365 0.040612807647661724 0.06675876075856803 0.013739123120528727 0.05829900047300876
34 0.02053472884748109 0.06693386432243982 0.026296300995601127 0.0774006681102961 0.05503439589164035 0.040892414988325826 0.02097584885508443 0.008177852006697656 0.02540785164426377 0.07117301662794971 0.027622861352395025 0.08663519471215733 0.005835832379230498 0.08199331068681127 0.05918317612541946 0.02240931049762776 0.08838619541277251 0.06000826682030213 0.08648266578867106 0.06861624393483295
35 0.07124288937822486 0.02424887752724476 0.04910255180816476 0.006280274802445049 0.061744726641546455 0.08546984146568566 0.054779992781575276 0.022246013328682496 0.08416906265952788 0.035820253199801214 0.015435878702357776 0.04448142919851931 0.08915239991938925 0.015077686521652964 0.0904765790999339 0.007176865186649002 0.06472507671632015 0.07964611767549364 0.03213380633937634 0.0665896770474092
36 0.08926428651472874 0.09710629987391749 0.07208276460139088 0.011159100614940465 0.0696480575263017 0.034379703279046325 0.057446103368682826 0.024489501160325066 0.011049918610727745 0.07473738091087147 0.03994321588612793 0.0032661839091024975 0.028141347616692663 0.04637029197748687 0.06826449265328395 0.08571769835100362 0.054993781807589355 0.01970380912925523 0.08458201946888558 0.02765404273963959
37 0.03813599558007037 0.08576649165103727 0.0034421609633109884 0.08734057586686517 0.001347270685287212 0.07269980518693957 0.08439272513385113 0.004959341960063619 0.08504501889848076 0.04805051460731923 0.026271922665459337 0.06439322672021147 4.604934343572884e-05 0.07161488503054422 0.028585569765198823 0.05795310642087339 0.041817285309670896 0.05487489297696355 0.0703638497019935 0.0728993115324237
38 0.06894564288897492 0.004921281356274814 0.06173894487018334 0.06348782116613745 0.021330596982395502 0.05509647483267199 0.019848483203278477 0.03598426836226703 0.060613040970613985 0.05871622503580841 0.003530038431394844 0.013539362039737539 0.07280572593348016 0.049906933142161145 0.071915845700113 0.06543183905862152 0.06036874703934149 0.07093346185359554 0.08316357320867074 0.057721693924277964
39 0.08781491686307802 0.09705856473060574 0.017729162270855227 0.03131844423185285 0.04704834958129402 0.07207433686515638 0.07303744267248771 0.07561926932647144 0.006842948229513717 0.0556290329461281 0.05321852248871889 0.030900339644894217 0.023855575370679227 0.10454523903857056 0.07846240554030172 0.05040387386878576 0.04041384718699093 0.03049723876144808 0.022963773780792108 0.0005667166013754202
40 0.011075937167580782 0.07443681727432014 0.027294542680071893 0.052432618164681116 0.015221129750833243 0.0518369416122543 0.043123466594470396 0.08314899150974187 0.06257800088129119 0.06001773608849748 0.03748628648368 0.04620475254484356 0.06688683130837436 0.06791471949336014 0.016470083784826714 0.058012390312409456 0.06122931570056048 0.028424304020836528 0.058819615961276384 0.07738551866608993
41 0.05915880576474189 0.06581450205731129 0.017243002884794106 0.03668726245133944 0.08663729187203358 0.000225167806755046 0.0807749491447412 0.003517062940236946 0.08636376694717726 0.030342776353198736 0.054930658903733214 0.06275024273794423 0.07675322274156178 0.07466824898113787 0.02211484308402599 0.004146782373035089 0.07629292490318837 0.07395210171352669 0.028569331869992227 0.05905705446952513
42 0.10670411988226056 0.0014896181141772432 0.021714176606865587 0.07367531394361264 0.07455054043907657 0.06296925880990481 0.0510279713485231 0.013749350994893097 0.004782201503067993 0.0956798708653546 0.0020214657756063366 0.07130486903504434 0.0746094313463786 0.04521869679022203 0.006850063528776721 0.08179453653780999 0.03781435377752944 0.07994659110672102 0.020285747816271807 0.07381182177790357
43 0.024661231740252927 0.0022569707238469373 0.014788411299284036 0.11883071840759374 0.07810952309047536 0.014125291487519568 0.031839416959927924 0.06465659717819616 0.11458703439372998 0.025254337481287352 0.045496055781204886 0.042231188729571545 0.04099525522777837 0.015224856532762152 0.007675117226209063 0.1309122715270656 0.06624395305804794 0.13380355263530322 0.0029211995559563263 0.025387016963986913
44 0.05197360814600189 0.07004241369350969 0.03694890864250592 0.03555857531659114 0.03140518729135161 0.07064042696774946 0.021522015628763963 0.0018262294049603317 0.022551281050094137 0.09926116620018713 0.09398454546175378 0.09365568794459864 0.036783758913459544 0.04190262309543378 0.039601478491410214 0.03904942063710481 0.08115491061774674 0.031824372481055636 0.06585321924950072 0.03446017076622072
45 0.04311163002832328 0.06120073968143287 0.025624884204978667 0.07534907135575603 0.07125605589763036 0.018653594304212432 0.03443378239349226 0.013108614409370377 0.0733242728934718 0.09028311654646884 0.01564605478280603 0.0771254628342483 0.006008504148146894 0.06850444489151408 0.11614441786189124 0.0385790006396524 0.0231135893829469 0.10031138717372616 0.016959282080035262 0.031262094489895934
46 0.06291163415019616 0.0901680041779051 0.03213735167764613 0.06874217974302252 0.025472209930391506 0.08123413946087739 0.07248270161142105 0.02888328741374697 0.08663046982930848 0.047600913634649585 0.005769354352448502 0.08032084506244748 0.058988099930476115 0.04015779790986776 0.03454168912604845 0.004308303499912251 0.015293511615253302 0.08152991350478793 0.02050886505219027 0.06231872831740303
47 0.06465414662037881 0.036910455921903264 0.018303999986433027 0.060578503764415405 0.016400201355153826 0.08223550736652935 0.08106376896121337 0.072235428443478 0.07165908557814084 0.06860048111971834 0.07986177983559381 0.030134910542442016 0.0032782064021948942 0.06326242565234608 0.08858260715325504 0.07242018405787815 0.06211381449420558 0.013185141266234237 0.010402055313676334 0.004117296164809486
48 0.003145890867200502 0.010760612715753267 0.02352709535905924 0.07834590992906772 0.04503964547855292 0.0037185074614998533 0.07393109374048039 0.0895413782885834 0.05782781709970504 0.04366673606301594 0.01633721382844163 0.0044830322726137845 0.021917633536095004 0.10001855842548459 0.09761742251972735 0.0901550925000482 0.053402707273085596 0.07015630995287211 0.02303596816772218 0.09337137452099127
49 0.0491989780031606 0.06566262660302102 0.048286289006070376 0.06152126232247811 0.010884753111716548 0.06879261118128906 0.06992619247106047 0.04907270925104579 0.08756648078279336 0.04999948595937927 0.03730914722432069 0.05018453496961026 0.01099374439901247 0.024890076558704604 0.08667261783460312 0.07288656042434523 0.006417700184120379 0.054981409631496 0.07727342823260759 0.017479391849165093
50 0.026776954767762505 0.03389458054221105 0.0752271630370048 0.040219011309711325 0.023887754717779014 0.03572345678535964 0.057838593105099236 0.00496101399916789 0.010425793710100162 0.07043516748177765 0.09258437330608102 0.061103838270512474 0.01682238141602412 0.07674907211218271 0.07066586261473873 0.052512649205074154 0.09427787591782581 0.0683000577418773 0.02512105123991667 0.06247334871979365
51 0.08253841167890515 0.06721733920930836 0.0366339223204953 0.06424232373772898 0.08104696340055251 0.03998921337819837 0.05233758957056893 0.03846939343355479 0.032520721856743214 0.027570273898665874 0.08437204832471314 0.07280832213934998 0.029481441800941924 0.052192999923531845 0.04527362076573535 0.046585119195924604 0.06473216087919276 0.009029203160967711 0.03975159540202107 0.03320733592290006
52 0.09331665227429685 0.09272719830432286 0.017110876175905263 0.04453674753969191 0.021575269802730043 0.11396848604087204 0.0778540991064891 0.04647068019974165 0.04809950272065181 0.00430341344571644 0.05008013387899281 0.0003368078165040654 0.11623944090282193 0.004281184335094491 0.00775890736678673 0.0014762305623337748 0.037977122904717386 0.09586752077548698 0.10017384083146418 0.02584588501537974
53 0.01911283009712728 0.0032870365503679597 0.02495822939139651 0.04335244861853999 0.03398438797555226 0.08091927722245959 0.05971173051494994 0.07487705817243813 0.000752666462568358 0.05878897939148906 0.08250021366509336 0.01695362430500126 0.083356453068377 0.08377707991671775 0.08158717406179135 0.08642200730189332 0.03981682304789357 0.08213848001887207 0.0013271410578319944 0.04237635915963916
54 0.060478342655999474 0.012137407410719633 0.08876635553411641 0.004780869758171357 0.07918846816525964 0.06795410383756782 0.09162197587559807 0.07076222504652888 0.1004960255742847 0.02637906277380568 0.10271468785538725 0.0191101358306904 0.0384606098460775 0.08118137965091984 0.04529268369684663 0.003910583340776194 0.03246488837783989 0.018845539586975716 0.006859274721127567 0.04859538046130743
55 0.06931623070498065 0.08986415713036285 0.0712722837325142 0.08998315263538927 0.019114349812289128 0.0015094317902347217 0.03912721629826849 0.011662263431586198 0.08458990121785065 0.013957646342381952 0.041577226911032286 0.08893650996769764 0.05567481283512695 0.04451800086304271 0.049465258388923065 0.07783085439641653 0.05640976277017201 0.02563243144981297 0.048974231159539694 0.02058427816237818
56 0.08357063112763226 0.050471863486545906 0.017553494251980432 0.03329770746170854 0.03505626213310409 0.08514324697865698 0.05233202645934248 0.06784218621454664 0.03562575784074497 0.014570687773399267 0.056435727069066625 0.04298563621525621 0.07336492181050577 0.012871411273808293 0.07155920416029192 0.056242403121207936 0.07889068403107201 0.03119018974747389 0.08679561930127086 0.014200339542384883
57 0.004111377372469024 0.0718647371116363 0.043636154352634 0.030024497875649602 0.002779113669082528 0.09368706524137659 0.01679278022256341 0.08473980047371754 0.09521708368094309 0.07986226912933093 0.0060572179564117945 0.06172303164810298 0.02298668716933729 0.07043391272017367 0.04590429274275684 0.01994014511439638 0.05566980750930732 0.05396900035148163 0.04820663557947077 0.09239439007915838
58 0.022724279396878842 0.042937569217778804 0.04802122145647705 0.03180478634745482 0.027343136092253487 0.047748623149271585 0.0493889439187061 0.03567152651764346 0.07817137629774563 0.10446092991055508 0.10292662291131037 0.058183464092230214 0.10625897653161417 0.016483148843378943 0.07175234310281627 0.035528975720411624 0.09258213002024597 0.020475048809395505 0.004546071984027249 0.0029908256798048295
59 0.07965680186157781 0.0817446165765479 0.008166546870682731 0.05879052767689795 0.06034409946737435 0.04173439179901539 0.08817315312052044 0.03782304270609758 0.023695222315959642 0.012740146470679515 0.03856334457950806 0.028022020468855463 0.046696035472486755 0.06488022295344566 0.08700597441869685 0.026673437935301924 0.00021958723235917979 0.065064589913436 0.08728586728327802 0.06272037087727883
60 0.10362223873954056 0.01807447908131118 0.06301488351563432 0.052933333532088414 0.07576581420319062 0.05802230255923089 0.05151331189141381 0.07258961301841078 0.10899318567441268 0.0703820569251352 0.0566169255151224 0.032919131936005305 0.03573040655791386 0.07673104553990233 0.005900304105654059 0.03062556970590884 0.0009861399165944718 0.04408236817848161 0.013985380247833547 0.027511509156214906
61 0.055304407966544386 0.05136256818677477 0.026122330796090786 0.06881322904695786 0.08691792855614472 0.07488965987669224 0.06944016054047682 0.026851734964023502 0.03812090506462377 0.004625025867407581 0.021153531539977448 0.07928452253487626 0.010258328319456824 0.0486766921404655 0.0701231099339387 0.03901400759372057 0.08187199771284398 0.07323476642266827 0.009139880129795937 0.06479521280652002
62 0.033267481434652975 0.04367265313451918 0.04680264542984047 0.04824417386250727 0.06511872432652449 0.02813555207990524 0.0125444950887908 0.045482370194007325 0.09224730598232277 0.1032472681986515 0.025748245263138257 0.04220524222236609 0.0851114604056377 0.004828639607664404 0.05610755705321353 0.009740381465704126 0.1021043745855295 0.10054402980813472 0.017525293023621127 0.03732210683326843
63 0.025706257442045806 0.0426502241911606 0.07352443097980883 0.053175836170982205 0.06653456858511564 0.07089298926092759 0.0517705435863414 0.08083839471942873 0.02580292330335002 0.020852631022733367 0.046524846994541215 0.018028442947895153 0.024351501295742754 0.08137482011492922 0.06628531512005795 0.016121674762863664 0.08747059625376351 0.006574400176714134 0.08197354280019853 0.05954606027139968
64 0.13175096436468428 0.014501421718705372 0.07207571820581073 0.06454350334692259 0.08997280840785882 0.005488607764610512 0.01720317836448399 0.03775739873260874 0.06065681209582617 0.0925208250628887 0.02943085111151039 0.009874017588659387 0.029439905093191224 0.12437315732970193 0.0799334597850686 0.029921674011163215 0.006018406554513552 0.06548958876605963 0.007161191097046043 0.031886510598686336
65 0.0067589419966560295 0.055717418684604794 0.040091570542866384 0.06844533795289309 0.05714934710369461 0.0815392023130756 0.08186674401584108 0.04682323959358473 0.04446521958717839 0.001945923806931367 0.0018488119867791399 0.06679638476263777 0.09193156301619482 0.07022349743384285 0.008099648217094016 0.06154194929827318 0.04393382234668257 0.045337959620477694 0.07613486207443836 0.049348555646253234
66 0.09993890535337943 0.11404290612364297 0.024342035655589372 0.044737197101544585 0.09883353295361458 0.003773834308107166 0.0063566548660637994 0.06236125874735135 0.035138211350459955 0.04170336502675459 0.012976889270540625 0.09486510910190069 0.011602934412704371 0.08758047777553891 0.02322337920939382 0.062157786455872874 0.07715110340768282 0.06949673667716262 0.016128068220860752 0.013589613981834668
67 0.04116151718865116 0.07602100577224616 0.03562373005526245 0.050303766353488724 0.07479297936274391 0.0457374938877668 0.03448533858420011 0.04512982467800251 0.06654093136510338 0.004933082354781749 0.035086780922029714 0.05777904921077355 0.009779976460119053 0.08918952765678484 0.08820950638409623 0.08399279175476104 0.01860529094013317 0.04734160539239791 0.0803173325902582 0.014968469086399412
68 0.046913653589430525 0.09413636897653863 0.09656820920992917 0.03561146572680633 0.07962135458981516 0.06223508119026796 0.07814807356423371 0.022660806289439058 0.021520573585251914 0.031184631433085298 0.03168203196086271 0.01592117050830571 0.07064518295315418 0.03519193473445849 0.009693785826449303 0.04938656206019952 0.027279499522032496 0.06586454827600963 0.030429906265086064 0.09530515973864387
69 0.05862731699361876 0.11076391042258049 0.10033307641169124 0.017440713167153264 0.010145559777097449 0.046884007724604396 0.06728209837086349 0.08877835720752515 0.009894999209882871 0.004991935587755954 0.035012272771057236 0.024564078748383632 0.10684727939492517 0.01014476798537214 0.08503204178169475 0.014723678100342965 0.08269487018635963 0.05587871643315032 0.04296964336308148 0.026990676362859456
70 0.06297035698907044 0.03137574102498544 0.07328971538133032 0.012959336785450545 0.07278593593896869 0.06908077589645038 0.07273893572980836 0.10490567418485117 0.04349351638356485 0.0005690041161265391 0.022899079073688825 0.003182343091199013 0.07122769007994406 0.05747698162147192 0.041051842324881946 0.0871559284217643 0.0469897500322625 0.07041932782579191 0.042207141801672364 0.013220923296716192
71 0.010817080471521454 0.0689927811064692 0.00940306012923246 0.03689370647409172 0.0981381427790858 0.0454780785518672 0.07693930067476142 0.06562929470399936 0.09906884849781658 0.030448676962630337 0.0011336633930002647 0.1096766955596122 0.004656695391092857 0.03240062251531185 0.02068985682289026 0.018502165578510876 0.03140381137207207 0.06982931749641598 0.061715943256610756 0.10818225826300729
72 0.0780467994616438 0.07475206252993061 0.027083598226971154 0.05344348302051483 0.05719419732855208 0.09240487298274985 0.055334003160190534 0.05079276938260901 0.00812041661102178 0.027432622620258237 0.05650742229346542 0.08007181777806714 0.05147169789252959 0.03298596352704922 0.0683981813561142 0.03832394300974945 0.01196936558787158 0.07745599918290956 0.03761754358010156 0.020593240467700287
73 0.04026117597505069 0.027450476057025587 0.03376017548926504 0.09413169431401075 0.07715540079436511 0.0520124110501147 0.09150475901049052 0.0019025192762017207 0.05219070078843363 0.001501482486155163 0.09468852561838897 0.028603503126731676 0.00804343670067547 0.07983241601965889 0.011872944254319721 0.057073936624363254 0.05736581640036955 0.04259868524352535 0.0705194361437054 0.07753050462714886
74 0.042217788543766364 0.10866933593612407 0.0869204047307479 0.04620955040920144 0.02251596257267097 0.005400801563444101 0.011422391794928122 0.00730204672050908 0.0962591661333063 0.018882401497500922 0.07100130696941806 0.04351467791946985 0.10585035468491025 0.012860331712826575 0.09848483117724478 0.038068734943173546 0.062256625329791974 0.04955955653435808 0.032739554333923226 0.03986417649268448
75 0.08073574504722898 0.0722204750505482 0.038872947633009025 0.01546651505858344 0.021911857721543106 0.01671118257674534 0.07936163097038387 0.07999322863588834 0.03586320357308275 0.03463192845872824 0.08165183391494345 0.04976668363486736 0.07303127703036255 0.04145219577486432 0.06267655212231048 0.0017550445330469413 0.07599688704444112 0.045125578075756255 0.05100948790451403 0.041765745239152184
76 0.05355950406299289 0.07285037960695097 0.04066176134757022 0.10032636638013165 0.010670854991270807 0.0028912416265139945 0.021210095595816224 0.10043878289300515 0.052656037083313366 0.04486196756642271 0.023614963147541797 0.07959682214498223 0.007294221087841907 0.06937951298101239 0.03956614353378004 0.035926636421713086 0.014154491226967752 0.01892902323515297 0.10675279862136004 0.10465839644565991
77 0.017546621766477914 0.05958586612000298 0.08049382649969708 0.014188435449936001 0.03309484729574233 0.01785501717561056 0.059707857683126815 0.08195270348462691 0.01684167701903464 0.047604467343728404 0.009449956370007461 0.029883482864914008 0.09325104006191068 0.08277069597739961 0.06860121426642915 0.06584584887046668 0.06686351405457612 0.03752138425788386 0.02478756286307579 0.09215398057535283
78 0.014068682170214975 0.08568595438240248 0.0869715562776018 0.09620250039692278 0.010219076442670446 0.08704869356318824 0.06567285283903106 0.024719155501798422 0.005413335060965795 0.009478187502289329 0.06192043322816783 0.0012154730191779898 0.009898242118245375 0.0554904699754871 0.019203454960221602 0.03963009752107131 0.04875219978510486 0.10146754804591916 0.07290823243111172 0.10403385477840807
79 0.05826847108740444 0.09262313747826674 0.03414322994002521 0.052541312133372764 0.0433444881608963 0.01810935108730804 0.11026467930753768 0.10284371847660606 0.010150091853720442 0.07141537170411406 0.1081727850514637 0.049031968779488753 0.004437166762031836 0.015207204727126429 0.010040024437837282 0.09636355769331607 0.050336068040119746 0.02464628361095337 0.03147392252791199 0.01658716714049927
80 0.0790953046873795 0.0023372616155363456 0.016359934942732628 0.027402199179350273 0.043308094057347465 0.014973389027429286 0.09554813519893815 0.08332440471499589 0.015074293737164493 0.05135192271069284 0.10911706639123693 0.07774397359056505 0.08069702928529443 0.06522224737791091 0.05689548767502562 0.016357288534169 0.06577354629778666 0.0593345823555889 0.02734842874325038 0.012735409877605283
81 0.07896667143599069 0.023647062091760058 0.04026866859147328 0.05840836143085391 0.02900517584551315 0.08739205791140116 0.06438462854997071 0.08378560198712082 0.08315459356966586 0.012702038528936824 0.0029787804689971695 0.051157747314350695 0.045102685441839124 0.060050782924303624 0.06152807154808663 0.08451637632146407 0.028392849634021493 0.016516943695523874 0.023091784673792446 0.06494911803493435
82 0.08866928265836868 0.03437659312624372 0.043416561032349255 0.00024984372734728453 0.078833215178797 0.09170991434055384 0.056264890249850485 0.027094178529366353 0.03823550223364399 0.019257262320386034 0.013161925633980496 0.06067048393225324 0.018641699695753945 0.09569044224805995 0.0763774164053291 0.09150954441760696 0.056206256426357785 0.08827552574487688 0.018826851360668098 0.0025326107382069606
83 0.08144709613549539 0.06730341828885356 0.08562421042690085 0.07138612350781096 0.0931982553160455 0.009981446724332436 0.08016614614571732 0.015474957923607957 0.051675667736804605 0.012693634526566834 0.033374420852626936 0.010650018732271737 0.017275902778497762 0.08066378217436576 0.06242085257242795 0.004960982027903167 0.06843525240342818 0.07181482123575633 0.048466483664218414 0.032986526826368115
84 0.031793476625998386 0.0006626594395710738 0.010723967907834378 0.025205290858900203 0.005811941758556492 0.06341836271187445 0.013687980079671421 0.05453559509760007 0.11578507068899986 0.018085690280080367 0.040148875368343384 0.11526847511649621 0.0865220928309648 0.07486433184179962 0.052231968016974745 0.000843924353434384 0.04439621672143322 0.11785357601025176 0.07517404864670879 0.052986455644506374
85 0.04224323219124363 0.0911771115971332 0.05946664215835466 0.053286841684209496 0.018118386742346684 0.01954542564338429 0.09532828759276364 0.06134794701919121 0.07637651501651159 0.050394551953535406 0.03082843374200025 0.029505757546168916 0.013756260995150519 0.03628846461708829 0.04184995568579219 0.062060002763145945 0.07342173225539406 0.07237911746208185 0.009934800195191124 0.062690533139313
86 0.013411646743486607 0.07514572289156653 0.0744727806699171 0.05422497716839606 0.0448081948567921 0.06238238843657038 0.0031731724557155297 0.032901791052375305 0.03791638681756756 0.04120280530669245 0.07413715235294162 0.02928132375582607 0.05933664885593538 0.02118765495410246 0.08638008154634418 0.0728932468743346 0.03383156084105545 0.05759262943490606 0.04967330871472788 0.07604652627074662
87 0.08740317690973101 0.04855088096318232 0.09511015971708506 0.09768066116321909 0.05534531825311167 0.02030929988000256 0.046762552580594856 0.08304861631207774 0.08793806252329327 0.04853380525505509 0.00936429359014966 0.09698186279683724 0.015024825719444296 0.006455661840025711 0.02005025337936494 0.062859275028263 0.022983875579404504 0.024227233729518013 0.0177537854637258 0.053616399315914234
88 0.09502945491916508 0.06884497611298807 0.010350074339359838 0.0633401365802525 0.027295726444007108 0.09854357504592783 0.1070480537631894 0.010870244838011604 0.01614197247968088 0.018471852050427482 0.09492397835099274 0.04034544168767441 0.08033396250400562 0.03134953968134624 0.024288106166760123 0.07773501976811788 0.05203367156039681 0.0014011751511676146 0.0196044399931581 0.062048598563371055
89 0.005581529992574076 0.03387135237712619 0.04718580987677432 0.059330578957474435 0.07793038350043248 0.07457182888124526 0.037665503474391376 0.04171096677628473 0.06173285398104763 0.061091168810771174 0.04336623451280199 0.009079244362203927 0.05348414328938439 0.08022473659042408 0.04640073528556461 0.050471926670521805 0.059602308123103444 0.06972097624900112 0.057899013087221105 0.029078705201651917
90 0.06996926929445968 0.00013108873404976275 0.06099383286336976 0.01291886036402822 0.02423922897275491 0.09347802236095006 0.02357831763587725 0.08231658709994132 0.006458665272754118 0.0067295982977680375 0.04790277221794192 0.13160191818527725 0.023132332166752353 0.05980223824758862 0.08482160057173586 0.025035573140767396 0.08585140435731045 0.06066747268846399 0.0011375456694761954 0.09923367185873272
91 0.08316226292030789 0.01714918868149032 0.048169809969636865 0.09163173191942608 0.04594211774778864 0.0002398452321216753 0.03388521014588472 0.010526700391422523 0.08374928457677269 0.04406345793571758 0.04149791262368162 0.020470613892028124 0.07897749798892482 0.025773344183936835 0.028595269231052135 0.12895938291136197 0.05847351409203362 0.04851965284748727 0.05767719392804222 0.05253600878088224
92 0.015340367400508469 0.08539996751968094 0.014895528985123523 0.08648892098999127 0.05677966751970715 0.007980682861062297 0.03886782729088518 0.07151499698925075 0.06604898817007403 0.00456183095842221 0.07289649906629041 0.0972375496099533 0.0038513127776712585 0.09029906825987775 0.04771880962962665 0.07511342507420163 0.020479479445224078 0.08890285115399764 0.036899123296094245 0.018723103002357192
93 0.058889567022560936 0.05165822352411791 0.041089092709716626 0.02016699040786027 0.008730325080503327 0.020022694089777998 0.05084445457246547 0.0546758528757655 0.04044267316543699 0.09504310926950026 0.04015018593210004 0.044649880803079654 0.10034092822742348 3.3419881588001236e-05 0.08047889218736545 0.07358090866249038 0.09441095056343966 0.05345625086318855 0.004881946746705227 0.0664536534149144
94 0.06915876557628071 0.042371476095336716 0.08019331023838148 0.03862570359615292 0.06020384638112091 0.07323371096739206 0.05242107251598128 0.06499060087353138 0.056716716665776754 0.015642275419293073 0.04166902570225673 0.053599004058389015 0.07717593527552724 0.0692050609032499 0.01850969596912864 0.011217453611609005 0.04458501929835032 0.03962400814243476 0.025544307756591215 0.06531301095321579
95 0.07599606368976725 0.012622839387309785 0.06280957101196256 0.04607092938946854 0.04012684594705384 0.0389826893128902 0.05485737678423068 0.03986291164639924 0.07648232701494899 0.043278881358931126 0.06441323327198323 0.05676550430184294 0.06688349731538135 0.06158071552105429 0.01496429973159817 0.03971306507263078 0.05876156755822352 0.046545167506307085 0.07718832865505851 0.022094185522957943
96 0.064955004891941 0.10178926839877525 0.09762778451555186 0.0012918885668023942 0.053741229596418735 0.0531720958427861 0.021488296369339414 0.07829773886390311 0.004700068833264605 0.05113858327498891 0.10271358074998549 0.059023606562913895 0.005071365768237064 0.07706037539059735 0.015778564325700895 0.0038231674884574 0.015186317107148448 0.09807918576067734 0.022225128219926258 0.07283674947258462
