0 0.016170931894792087 0.07282955901292375 0.006663773416950245 0.029832171344440706 0.04926572685897783 0.10546274251063273 0.09412829652479773 0.099021067864293 0.06357145302244807 0.0482028571434861 0.06204084793704943 0.0194441714846387 0.03476092000362853 0.002941044500785304 0.010344132017333632 0.045371990934963566 0.051602070176189105 0.06421034287723319 0.08461615772831836 0.03951974274611811
1 0.017134926329609192 0.061057847448538566 0.03334133621858076 0.06348103232420792 0.04113347835931068 0.07529009627892548 0.09561954078801045 0.006511805345951733 0.040303164324461266 0.06282725588989721 0.09683315352732721 0.08326897723051886 0.06943128562627196 0.021201853270507103 0.05856347275129035 0.01314548948299093 0.022320732012314912 0.008076279382957158 0.09505110653713023 0.035407166871197965
2 0.025858451708284585 0.05508730830642112 0.074266577326893 0.08893665955233 0.037514256980747174 0.04913077065466101 0.02926788472290487 0.005687471619709235 0.046073234528273825 0.07906162450477612 0.009713597879152911 0.04871728672074912 0.09572768837597836 0.06909964529757634 0.04771435916219324 0.08486956630499957 0.03312978869082272 0.010626521335145722 0.022386238955883854 0.08713106737249715
3 0.06251888177945285 0.10250122781981653 0.093716883041503 0.008129728710984505 0.071555907935775 0.039951408630369376 0.0492331614712537 0.07043025569198066 0.004791704156636397 0.03295738516662765 0.03618951639654632 0.007561118058085337 0.045288516858368044 0.07333651454310641 0.03833572859163321 0.009858387502442067 0.09903698206722267 0.08349322382009408 0.03524649303963954 0.03586697471846287
4 0.02652739111497751 0.050801672992393666 0.09348569712037887 0.09944544734404148 0.0412415122571822 0.012351640478912573 0.03936262310525321 0.03762269673653612 0.05010647377408937 0.00822617582142338 0.09524418187562066 0.07257727422770385 0.0017285149778954998 0.10484782824967447 0.038950718314634244 0.03827907462884896 0.04298151680263578 0.00379478524860923 0.09299491704835817 0.04942985788083086
5 0.021283714115493242 0.04583132213012911 0.047668270275394505 0.07417579019307591 0.0174826872509789 0.09291074528412424 0.09150076182857124 0.003144501283751901 0.046049203534086286 0.02691906932386996 0.02609689720911569 0.09321421224346729 0.05551314615588655 0.08104269987759259 0.048016273403613426 0.03979345994746282 0.005223725554255924 0.08332327392000871 0.0825897697192501 0.018220476749871675
6 0.08779507083345112 0.0034688214795214217 0.03839244532255455 0.027468933381854625 0.04519013290065125 0.0735285957405286 0.08777355582150936 0.04984933041497495 0.06819720620271098 0.062239674337540345 0.020465590444337593 0.07372197082125913 0.0020436500044907074 0.06412876712878916 0.0440951466650081 0.0912771946992264 0.07420331741306527 0.017127599178750282 0.0016458905398786569 0.06738710666989756
7 0.03982124350948694 0.02509499327551571 0.024271038360837674 0.08708018639110933 0.09385242430763897 0.0064775486511553316 0.08072475755235242 0.034626024267344555 0.00711783129263778 0.05272774267907455 0.09908112953120661 0.06673061888389221 0.039750445519838855 0.058171559683945585 0.10031647132938998 0.03653533985482756 0.006930729489375993 0.02953366209253054 0.010434755259294947 0.10072149806854443
8 0.08033348428103089 0.03340169466788562 0.05807648085255198 0.09125302067809497 0.005401450523674928 0.035173968648690046 0.07380218444191046 0.03321156333574592 0.07120079159847681 0.054555712681855446 0.020169203955085365 0.08654083513412793 0.013181627432491967 0.05891028724869236 0.0028805467911598576 0.05513034712640914 0.07610087643654391 0.014655333843861848 0.07686456231143501 0.05915602801027536
9 0.04912014773778021 0.027785611570469954 0.05532266961146531 0.07754124873898592 0.07063483419071301 0.04989743099085906 0.032809712861426706 0.008617875813560692 0.05012985853281475 0.01153547152034213 0.07882228437249858 0.06509097648069734 0.07151312083665073 0.07121427191082459 0.04680051325298471 0.06164011947866817 0.039569677806674 0.061319285749675184 0.0049881311509572535 0.06564675739195164
10 0.014028627112231738 0.04402608142566573 0.09256803482702776 0.0730663340421276 0.07893658009650914 0.021033607865112856 0.025164149560962894 0.0940744996163036 0.08442766081174867 0.08694429123019329 0.058878100048599294 0.005607696159658457 0.024774168223373878 0.09179374029503129 0.02750677231565692 0.03273077278021103 0.01723840613865041 0.040919521183389714 0.0171800070701083 0.06910094919743744
11 0.006564880163211454 0.06315038023912002 0.06548399985736475 0.05025477308065256 0.06726434124969076 0.05150294790227607 0.00013358622046491766 0.09541057819482929 0.09614748362981877 0.015004077809860744 0.027924420486089528 0.05407746541089851 0.09423459656883455 0.0736794378651755 0.06626940822057367 0.011185168186730135 0.017057978972719646 0.03705164020360071 0.09232809766503147 0.015274738073056881
12 0.07449657900430666 0.01990431665248107 0.04443237975653024 0.08477603393442111 0.034579310024215874 0.019564218412592083 0.07320602743109714 0.07786219953439337 0.029589336927186613 0.008731648789720282 0.018735612412913445 0.028317048711044953 0.025883931077732746 0.08711535972136727 0.08018664956223405 0.06934703432035448 0.04896706045933442 0.06749068871994392 0.02684317634017419 0.07997138820795606
13 0.019869026079299062 0.017878281184900473 0.07843643316090967 0.04456810583177844 0.02956375787748666 0.07155518136326208 0.040007982757729536 0.054719652784925084 0.034360254463310674 0.07912199376123513 0.034136045243568384 0.08440252231156203 0.06875775506315268 0.052561710688936676 0.07767777033333219 0.012391285123647976 0.053641165353352886 0.025794827953975384 0.031155907172217535 0.0894003414914175
14 0.047742159418634196 0.027570226241302953 0.04844193403193974 0.0009105433403807355 0.04721307621460852 0.05673861269369811 0.09353015197374169 0.010529117759978928 0.08205889139122666 0.04461366726315711 0.08942769968040037 0.05353908169241319 0.06132564260487822 0.08154543779499407 0.02574147347934013 0.023801227611519087 0.010860907849335504 0.0662404627131432 0.0939602750209673 0.03420941122434046
15 0.0016671221560637277 0.024291809727303368 0.00044160295069113164 0.04998996364672577 0.09758153976040715 0.0960875771846229 0.00023057412081555994 0.07181757626149238 0.09411278775498721 0.004911990906109354 0.04115618178744071 0.06526427785479136 0.07727020172306763 0.04558880867047641 0.06964553459014967 0.06667435842646842 0.021956455850296756 0.06826027340676794 0.05818689811112487 0.044864465110197524
16 0.04375651667078832 0.0831758284100086 0.02243315748326313 0.06688290225417029 0.08425734323316285 0.028319691563905233 0.07657337430283552 0.07327756743280203 0.07844663833863269 0.07253207266380489 0.040953414182276174 0.04095279849129384 0.04377071569283892 0.08926825401967953 0.004843068412039734 0.0008132187049680184 0.08571733521599353 0.021064370177364334 0.015107670940634397 0.027854061809537825
17 0.014458624176306738 0.03872855631079312 0.07148707934719296 0.09866855697680604 0.06681036718274377 0.006943439596370868 0.011719660330417424 0.091022730211225 0.04303000359983995 0.03605759742036271 0.07771448760424203 0.047603687038341204 0.005893962824854679 0.08451167868425248 0.01536636504069166 0.09097963398876455 0.0022308268299441104 0.08878210551797157 0.07218956677726598 0.03580107054161293
18 0.04124466884163972 0.030769968489935743 0.10233482044339792 0.1221615683929606 0.03220947682691372 0.053992504149256576 0.027353042699820546 0.002130214539460264 0.025981300613310176 0.0408587329794568 0.025739447819719784 0.07362889317915686 0.04843988096956755 0.044252093946159934 0.05356822590368842 0.05180526866332152 0.01699298282612192 0.1143697346144172 0.0857423448116261 0.0064248292900687285
19 0.044244172371429774 0.057496278297900646 0.07175883660140665 0.04093246604813971 0.05880209208389667 0.029048450884890203 0.022184361831042682 0.036647510800480586 0.07247177646648047 0.04964105529680496 0.013681078772249979 0.008670163921817423 0.06370933353840598 0.0907465016694827 0.08925897586706417 0.029256374574941305 0.026442385081737883 0.03989237392152564 0.08577116850394893 0.0693446434663536
20 0.037366235337764585 0.036146636209772855 0.03493153683923448 0.013966482259916615 0.06795822268459789 0.07980760355655354 0.06949938871927311 0.06776843598523535 0.07697024028186822 0.02994400629749851 0.07303496393421463 0.045185683223148004 0.0014307034748496123 0.07147047375366275 0.07484744701205269 0.016564938533704655 0.0606547087827571 0.05653439544881625 0.06226610091669973 0.023651796748379347
21 0.026842545423991664 0.04287031195957782 0.040621918068552997 0.08847806623459327 0.055867683774343035 0.01629775546088611 0.09860018018522411 0.0335052160628786 0.014148453853939404 0.07021311330185553 0.04544827810572544 0.029428847825721114 0.03455593297430778 0.01554548328105804 0.0658297901208597 0.07505560682679567 0.07408799755100547 0.09431493316251197 0.03751042629354796 0.0407774595326243
22 0.011018015304597702 0.028873596802150073 0.05769902128675365 0.0833647603379526 0.056873447234112834 0.017555339061448336 0.05000761583424924 0.049617343435138385 0.07968694777487156 0.05764147334294522 0.021878092593177894 0.0811431550513242 0.05102450309480791 0.008527295516183146 0.08258706299458014 0.060970614329437955 0.03302337316623767 0.07702964417438546 0.033494685129485356 0.057984013536160506
23 0.08568059686313009 0.07964012982819657 0.05229935675996641 0.08562952960075691 0.0666421032262011 0.0215574803835018 0.008086381267857167 0.035536004099250104 0.04267463632013593 0.03111628008894414 0.030196376265056408 0.044774976064389224 0.04675636039774098 0.0664841968536285 0.000702357783950497 0.07600271544737532 0.047920093692390364 0.05400692528532682 0.08586882372963534 0.038424676042566434
24 0.0183140867460712 0.036607900468517376 0.06007372915758292 0.02185465892987774 0.046542523114267785 0.08509881458988887 0.011261372127039251 0.02964562386390744 0.07656287791869533 0.012298134161189526 0.08025941168966993 0.04680054955737905 0.07619452082240517 0.0913340738450559 0.05854752531287534 0.04895873097599122 0.016892955087134703 0.025430531422020654 0.06792492648466673 0.08939705372576408
25 0.047224374754487417 0.009415521036850085 0.010275590693521186 0.020554759310920653 0.047034089426122395 0.08243071688733425 0.042134342283003785 0.09827678801221595 0.07821269091391728 0.005163081601618778 0.036446800040469025 0.06357876417198284 0.06848761388531727 0.05584687445574439 0.0812335483410571 0.05763112309163451 0.05353291869199011 0.08984883859975566 0.028969862479489725 0.023701701322567596
26 0.04913761259158131 0.02359860756039453 0.12235853032738431 0.05546135018723417 0.00781966096802219 0.09704909953669225 0.011083553432090493 0.010501594985258175 0.031658371280134955 0.0852074295547791 0.11757577107009823 0.0045278356340872315 0.033001821893948236 0.10566603347429664 0.05780847279573449 0.04137495783836245 0.02378544732730058 0.006380197840650124 0.021754136365921203 0.09424951533602935
27 0.06282716240819901 0.04023209214935971 0.049260436321496626 0.056977738667557926 0.0831866850194865 0.016154076609940105 0.054345108835603444 0.06928576684594931 0.044709748882545974 0.07402665186975792 0.05253805105866878 0.08058749213102753 0.08490924216405163 0.05005912864857535 0.0017473702290360681 0.03098245718432936 0.017724597185313273 0.06377012824261125 0.02850843507592211 0.03816763047056823
28 0.033700662814039814 0.04236702837276666 0.04413140652241983 0.06473085102235121 0.04574000267552726 0.07849672816562929 0.09489574863040445 0.07071153030059682 0.016177687089614763 0.008751752273237542 0.09216620528577535 0.07229707656225222 0.09512419172597977 0.006954366529237887 0.08402170849971498 0.0010475649780922257 0.09113595840914494 0.02166134583832629 0.019813655010293956 0.01607452929459454
29 0.006282198414813153 0.07347848123009405 0.030256807849992445 0.057792102725752824 0.07000440129265802 0.05285402279147929 0.02808782690440827 0.06638086745695226 0.03632818528845183 0.0235066228484696 0.08172580386839677 0.0687871263933681 0.03797360132441687 0.0014765956110936356 0.05711985208556257 0.06087476429982433 0.08671843693348129 0.07818939740105568 0.0024458982510780916 0.07971700702865091
30 0.0025103784210059243 0.030165702718535237 0.03765609783111852 0.07988995101589308 0.008960484114151483 0.08054329844435103 0.03923769622792727 0.0737830998992265 0.06922472307899835 0.04010017918534167 0.04497594091366046 0.0744171251538445 0.014996974214153157 0.06471456238373965 0.00903416300694045 0.08169192966759788 0.08073024999047868 0.05401111223455006 0.030052642877734834 0.08330368862075144
31 0.1031629384277407 0.019394950669524392 0.05476351348679033 0.002212722508423046 0.011977038254961448 0.05027295627271011 0.12760148308401184 0.08830560890972694 0.010952579343974098 0.0011113652688435908 0.060128786624574264 0.00237168656782085 0.11298218612227791 0.07103294897144743 0.11092632183897716 0.09162117132587046 0.015603100782307894 0.0586297352841345 0.004220683096358099 0.0027282231595249944
32 0.07707275701063371 0.04684903187113408 0.06316506770940376 0.032545549585637594 0.047724243955158736 0.03529442686383597 0.0736323421651857 0.055506669843773684 0.04659787903742987 0.04908016554173032 0.045339281152565 0.010104253338283836 0.0373096295206988 0.01410038584743703 0.05672154960167043 0.07524932940350375 0.07780574687410023 0.036078877965252186 0.06596444461850584 0.0538583680940592
33 0.009454756849295377 0.006041502361943348 0.011306952134599521 0.025741495407224688 0.033908323879808945 0.09966233234313038 0.06491662609495817 0.0019021313669941673 0.030618127814677914 0.009664613518657288 0.08430691343610075 0.09629739830280887 0.1002686486267032 0.08907151872699884 0.03026259611935439 0.08363672408425306 0.09834386177253902 0.04166013443344072 0.055889948620348656 0.027045394106162753
34 0.0748659575450621 0.07038935530717051 0.06067499364336811 0.05783290788267146 0.046926051004546256 0.025008299845375847 0.0714403554919672 0.0016956666360243757 0.051356945951611645 0.03212691598163395 0.009474972200656594 0.06411223931352633 0.06073652276104042 0.05015782589827074 0.015086177750629119 0.08357807909944945 0.07200072649958839 0.055627322312900705 0.03658157356507576 0.060327111309431004
35 0.040869024962173435 0.03829298868108943 0.0989616880828689 0.0976320802949566 0.03022817707297502 0.07075340028738981 0.07601368719592645 0.05877736138516697 0.03608896511409986 0.025468935155775307 0.025751342270988225 0.03974896103039698 0.014174919987228786 0.048202422212022394 0.06436271116555917 0.04341177549177856 0.032619643972814305 0.07356607713332605 0.06065475701867123 0.02442108148479245
36 0.019846168512912935 0.04745281081234815 0.04609524989728434 0.07294397061323117 0.0884043232997411 0.041928328123961536 0.07740685501433803 0.04260700851023892 0.021875435233052912 0.06698422566854188 0.09504642114969572 0.03727887829117506 0.025841812550847502 0.0018973874231390136 0.05334499846814986 0.059883846453697785 0.05855317537855185 0.07335891818833977 0.06043345181188292 0.008816734598869549
37 0.03230962112393167 0.050281364554672546 0.05870679646130924 0.0319786411603849 0.10635447289743158 0.10603281363333748 0.047482886454201685 0.09659658950474616 0.05947857971756948 0.009616650666707562 0.012842103682346917 0.07352326238504843 0.02259115497929034 0.01074815597127696 0.03457190362182556 0.041866279501930365 0.02268842628329321 0.09457659784910324 0.05869120996546111 0.02906248958613171
38 0.06944431504091389 0.05545486871564754 0.0897807183242955 0.0026619711371066077 0.08619136612759447 0.012565691449810665 0.06021305668574114 0.018011971269288204 0.0040654726238282465 0.012569605699111605 0.07632460233611857 0.05111626217378913 0.08682236876941009 0.041963085438905735 0.04551135029128712 0.0552468458495903 0.008929185907653422 0.09355437283552907 0.07163541302821275 0.057937476296165774
39 0.013582893190586288 0.06278141582726827 0.059483279023681224 0.08564119855426185 0.0633115500280167 0.06838768086550703 0.050758235407297785 0.006134155186782174 0.08133034131004262 0.053147622902776796 0.08914832287539429 0.0013463348371240806 0.01473076444076372 0.07466307043036098 0.0053641153216099705 0.04658349191582184 0.02231485861831097 0.05057306571255468 0.08031162584477343 0.07040597770706528
40 0.010133200414849053 0.061581242961713516 0.11461804123899005 0.027087608676501663 0.0017879746984329262 0.05005133357067432 0.020524968780883286 0.0004573301385094959 0.04858459897882294 0.08706649285546911 0.03716864527388919 0.07976850149048782 0.005137398156167987 0.018140724815492875 0.07077439624827306 0.0926609654625545 0.03239425016332555 0.10814246592779085 0.09722969413200823 0.036690166015163554
41 0.036618971945195256 0.0737806122610812 0.004080811995737137 0.09258947036627976 0.05642284227268482 0.066434818115326 0.023187862928505106 0.044332651016250134 0.01126476426317868 0.05687928451577701 0.05534985377438678 0.0441277577845254 0.026577543505531726 0.05218879425918608 0.054013389508284285 0.08358672222361789 0.058018448252901485 0.03279634352126484 0.06607315015832944 0.06167590733195688
42 0.06368285221408872 0.04335498477836383 0.0809436987283445 0.007099360843444931 0.025632773317382763 0.030887631415338058 0.08306294349527074 0.01466554591489644 0.02714578650144667 0.06650778272333224 0.013971948839270299 0.06549574168580197 0.07372280744926682 0.08096715662104452 0.03735916895157468 0.07809941849834802 0.0643980136989684 0.07466382325229524 0.04075799836843207 0.027580562703088972
43 0.07758458665519367 0.066558393834882 0.03151135138472077 0.056131469633619084 0.026303353350820555 0.07549055337373331 0.09404393979158127 0.02432318555158202 0.07543254484386797 0.041025012508866726 0.07035948607594311 0.08773135973035738 0.03959524514576404 0.009691922457677745 0.0008194631455721977 0.03503415694834148 0.018406452481098012 0.04689814516159725 0.06605011581380885 0.05700926211097264
44 0.023937748298256324 0.027559082284022356 0.054562693342042924 0.08760120701616933 0.04585636775217764 0.059779206195736116 0.05186693825230416 0.06811721799801233 0.07488464909624268 0.03484624478311454 0.06471982074878907 0.0276002130535145 0.010408639537546952 0.07417555805008104 0.03843290058990231 0.047153492968194474 0.03572672182119065 0.015837806894962593 0.07889326499944865 0.0780402263182913
45 0.07159544556106058 0.06792353946665278 0.00789176782294389 0.0019602564804594735 0.038274914051244543 0.010775374183023089 0.04770539957303661 0.040859106105768137 0.06432085718937877 0.0841628910410611 0.07769724461073124 0.0759754738933432 0.059519778878628006 0.07509991491538864 0.03532879307568762 0.029506789404313744 0.08379314126844432 0.0500544910207667 0.016459986131287282 0.06109483532678017
46 0.003756023851757188 0.008714989423058461 0.10317341302652928 0.06442908628119211 0.021717389325503426 0.07242042031951293 0.04707338325071507 0.14118089287550775 0.01251534375465799 0.030791629699557743 0.05760213870371353 0.05683317406903312 0.10180496366937486 0.023404999369305894 0.07704891204140973 0.028270724433365396 0.10995508801897529 0.032896202452708016 0.002259925407559276 0.004151300026563063
47 0.039180538052586256 0.04331343840243642 0.030096719056133668 0.05600849846887382 0.045287520802541406 0.05765356083283803 0.041789518556066066 0.023160028892900274 0.01565611144000673 0.08113435377272095 0.09556461712358341 0.03730669064390702 0.06427882199700943 0.05168219805108569 0.04519418007514904 0.0712266497473896 0.06763951524199704 0.05662273620743791 0.04534345831046797 0.03186084432486928
48 0.11160106160888304 0.021048327669441095 0.04219647452130092 0.03048763428459118 0.07223523542463373 0.03881474457374671 0.05677314287306592 0.03427081714184733 0.10241063855902804 0.030448578052437083 0.07868431326385233 0.02652797184074048 0.05394837680272857 0.09442712381088636 0.04590264651689226 0.04931242053195411 0.05511715686380899 0.025956418452832877 0.01895817974742706 0.010878737459901769
49 0.011067135494778809 0.003144070573719319 0.056695430838741824 0.04409818326927944 0.09344965314363454 0.05417813965303828 0.07350807213017063 0.07550791155782016 0.008277200758994432 0.051773338616712856 0.07490910957693629 0.0911533848730981 0.02717417648666823 0.06491277554050924 0.05017810252574688 0.0880147849339499 0.002459174365422459 0.031536215165439335 0.004728480934242431 0.0932346595610965
50 0.02041776150473103 0.09345511010833973 0.06420382303672824 0.07521592090363632 0.061362396993872075 0.07686636940325962 0.09145647080775664 0.05745975191332283 0.0454445700275206 0.018388520674519033 0.11130989124365184 0.02722146442074825 0.003888914391732704 0.05882179111911808 0.01567453367469265 0.06362881072511897 0.061462198702096155 0.0014940901150392255 0.004745115619585334 0.04748249461453053
51 0.011633969322823684 0.007348931444031451 0.011166319603477045 0.024583619309111848 0.09416735176743644 0.07765277894147722 0.028140875874109572 0.018019613039780637 0.1117781007046717 0.0819837995848578 0.057110510865196924 0.07548838807647085 0.01334818064687963 0.022608049162377436 0.07938271143926005 0.013137599737830049 0.040363149294237205 0.07204672372636468 0.0605839703947548 0.09945535706485104
52 0.07264181359767678 0.009118481969584712 0.020197394012850582 0.01935562376765149 0.047308315995005935 0.06323545550528073 0.050492997211066405 0.06310582219371637 0.05399042585506352 0.027581263423504775 0.04030290614300639 0.06699189540572656 0.006155495995640755 0.039820759681301686 0.06617555625497809 0.08283231372080943 0.061804620196211316 0.06805905490605793 0.05924440031767059 0.08158540384719605
53 0.05334728972274019 0.03583633722263535 0.07172548847066985 0.06199393198698119 0.057168157908215576 0.0013744181756672957 0.06919598975540918 0.013044439940592113 0.010530795264093893 0.09658757314943024 0.013690962775283711 0.06131787123816715 0.05855806700746252 0.09153294133403535 0.08919955164135325 0.02710632932105389 0.0534647391267754 0.01495742784941239 0.05244351283376874 0.0669241752762528
54 0.02775496787638674 0.022621474532370383 0.008202798002289338 0.11322369599962613 0.10347738118498374 0.10619341855031737 0.06405700953235477 0.10886245139274789 0.08847515693395946 0.01884805074536024 0.02793783064551172 0.07096670267407817 0.036426130763508494 0.02908336053381083 0.0018075410073658386 0.01685228794536931 0.0028695053680126725 0.03708050890495555 0.07934222166272391 0.035917505744267435
55 0.06453917344816025 0.013952458076754963 0.011816499669058532 0.07151447341134728 0.11363385224548185 0.01621727743183512 0.10666007784747313 0.078454790393779 0.02492095180193666 0.031549567787320376 0.003658827624079363 0.0797291641333822 0.006749050564673685 0.039004179602672315 0.07252131448695502 0.11245202952992693 0.06432517710673519 0.021003341749236158 0.006043898984858609 0.06125389410433341
56 0.01849355290025094 0.035319687781864464 0.041468340258105925 0.06905534661462032 0.08538221800103866 0.0020895283571945914 0.005687430899640973 0.010150832163862715 0.0641516254812158 0.10258662796192185 0.04607173085698599 0.06769517984112744 0.0070649510123069305 0.07292113467490301 0.03289712258295615 0.03418813995149794 0.08713276099600638 0.11225383142422081 0.08732080786375293 0.018069150376526073
57 0.0397992253502177 0.03456905506197038 0.09392993938324679 0.0697980957274559 0.021719460517798918 0.02894986781930162 0.032840957021265604 0.04459606401511159 0.07040195782774353 0.09871402536837713 0.048549406535627594 0.06526989443002702 0.011390608173775565 0.07693382719974727 0.07007177891313492 0.06314103503092348 0.02262544161513259 0.01892655272942047 0.07722382243374266 0.010548984845979329
58 0.094445718164987 0.06745991023236289 0.011786616362121851 0.05408375511781642 0.10257603351467653 0.04121220364771739 0.06986875660589771 0.09767584332905975 0.03922715744267193 0.0048803188864232246 0.07871430440316977 0.051251608725951275 0.0026637098163682263 0.09118592553108354 0.06618859224986344 0.011510230518574227 0.0069051516345977814 0.007853843470777224 0.038118635670348906 0.06239168467553098
59 0.027764105312497324 0.034287325095603595 0.017118280838301247 0.009365437345525338 0.05139467779905521 0.03583113941166733 0.061500965818308065 0.03936871534411008 0.06987360362830163 0.027605528064689727 0.022519055036447654 0.048461898583176774 0.0030374539380811946 0.030885315925957883 0.09857268577320462 0.1090736701543971 0.09964252120525657 0.05385719349115135 0.07818596894476915 0.08165445828949831
60 0.05118963078584984 0.05021150324500592 0.08352942476543618 0.07835125525670027 0.09253606026150606 0.04546267251628395 0.01766381794232281 0.06434671945391697 0.0489133014356713 0.05524965126179155 0.051927499612420845 0.026146728598057133 0.05735911492124429 0.028009328885526093 0.0337354633196161 0.03277644245640802 0.0907330399064054 0.0019391905734079395 0.0053545214096695996 0.08456463339275967
61 0.05979289616728529 0.061406197499742465 0.03638436298953581 0.03761583391666273 0.01794536897948356 0.08803343937139542 0.09057259470962496 0.07598569327596351 0.03057016880333218 0.025052421737810988 0.01147580197605892 0.06340851544832157 0.03987395409481117 0.031694016560075505 0.08460690489195379 0.048067159564905086 0.00927424384068967 0.08562477426476446 0.041474192972362996 0.06114145893521969
62 0.0934286842945771 0.008474681269075768 0.07872640803790126 0.017896104418864408 0.03373932081021299 0.0865325926024691 0.08339048718121236 0.005839307319943817 0.03718915248010186 0.08549531893706754 0.03133800733423445 0.072717392219164 0.025458430985484316 0.0460834088147106 0.07365805181778574 0.049941649653415465 0.0097389099663178 0.07853075267950616 0.005146210995065455 0.07667512818288982
63 0.04243712918941328 0.0620142531602652 0.04035796441743923 0.0651680153288905 0.05066091318169097 0.0373789109490169 0.015418004914931524 0.03493223743506604 0.0842996397396638 0.030117172643095935 0.02102268469289037 0.021843570054797253 0.10157782850007553 0.05138576072976557 0.07763195833698917 0.053940356066768315 0.028168858083283635 0.010108920091089728 0.07360727809846392 0.09792854438640308
64 0.058449995351017574 0.027536383941608848 0.055504445600466065 0.00997313550891658 0.05729164381666584 0.07309694428918419 0.07585465524046651 0.06554296552808982 0.07003815589204213 0.055102462942863605 0.05429357585112864 0.0415689172148544 0.03986618705993841 0.0691739835848991 0.001840548654517817 0.05103797020759205 0.05166392530396429 0.05599380640815273 0.08233171099550608 0.003838586608125429
65 0.017995323375711563 0.06813680276112398 0.027154636395372408 0.0004977027754589643 0.057519480476824376 0.057624608332963526 0.005132093138723741 0.10249955628030306 0.03348873943960601 0.04187585802124475 0.06539328450969291 0.07293946644779221 0.011401821594005653 0.10060429572655694 0.07693896856639404 0.07362526011094118 0.07080918792979056 0.045771507695566246 0.018694295447123716 0.05189711097480401
66 0.052382714219116576 0.014513523482374955 0.007578463947199488 0.09841625448098104 0.11223271664018827 0.05732625696616569 0.11377358139097354 0.04729588327570559 0.04118651722262424 0.044361711862696294 0.030022784991744128 0.012090274201058512 0.008566372625855663 0.04542778991998385 0.00728476753709517 0.10624574089609794 0.003849410434623638 0.015450293484655755 0.07422086875229747 0.107774073668562
67 0.040505697924751664 0.03724431176593252 0.018360641692975705 0.056347489916262 0.06081371995582813 0.09863246444798535 0.0489698193087925 0.018195345329977995 0.01174237171252103 0.04744959054829141 0.03161586118555375 0.04621912738121635 0.04503947047293331 0.07787881413341213 0.07170764083116751 0.07425356858503662 0.04541806785190662 0.02445991564703118 0.09520547566921603 0.04994060563920829
68 0.028147872946698724 0.01495172040794081 0.02753007511136087 0.047797400703818105 0.06329467314942572 0.06317839541342357 0.03779643586184417 0.039566962232983414 0.05908658624739915 0.07131190144769473 0.013878959889557963 0.07402472073147355 0.06739298198120298 0.04839933903454665 0.03079861930354405 0.07172216279597116 0.08683748904905551 0.07514766651250879 0.0279031936023959 0.05123284357715427
69 0.05274617383749065 0.04754959572056098 0.05035158081342911 0.0741558410046756 0.023655207904648125 0.07727648763810326 0.08244479798047924 0.0650113878984156 0.01057554533511291 0.023224031907594478 0.06412134925086413 0.03670898296484504 0.042057479401334995 0.022472903172974127 0.08548706952873106 0.05364759028695443 0.10119573794405128 0.025083750883259846 0.06063858400766109 0.0015959025188142088
70 0.10852594436212759 0.0633686958758548 0.04540008432996917 0.06823483879274836 0.009590032711419826 0.10585905344376872 0.04104114552900489 0.05982556306153236 0.03287666520824083 0.02967626533064275 0.017509737185191422 0.028296301147589985 0.06756535508879238 0.07147019822789115 0.003439849645708191 0.08319555797429287 0.022512526990543805 0.022448902080792633 0.06563499693110829 0.05352828608278005
71 0.027722364472595632 0.07996114248792734 0.026925213795544606 0.07528707401420673 0.09677038120437077 0.08215342480577734 0.018852616715690308 0.041568462636828146 0.05473187271519524 0.09151895222619794 0.02864337621670884 0.0004137780192915896 0.009018479215333173 0.02571804394286461 0.05331024201565369 0.10329842982797283 0.058688724065470106 0.014187692723761747 0.09115675247184235 0.020072976426767055
72 0.03641034163914137 0.09939020235319593 0.010223547149321723 0.09752872153120715 0.003625166061478123 0.006988727349595127 0.08158245084065302 0.08048713171209883 0.023502247304569276 0.10457476379653628 0.054761920173493614 0.010388523932919032 0.07052171308854353 0.016169816585202862 0.057170019541141114 0.07792043550025972 0.05113633194683149 2.467926451406841e-05 0.0683517396064483 0.049241520622849554
73 0.09193069739002795 0.009295420627387915 0.035781614635068924 0.046479341330464094 0.027870701065749418 0.04621529392542153 0.03417148726815023 0.09278783692956598 0.011182621951041428 0.06730873674340859 0.03209818635789742 0.017630264925484335 0.04242261052751649 0.08674373865794197 0.05436324246270108 0.07285390556115667 0.08287118912169826 0.09626706175611714 0.014089562291382966 0.03763648647181751
74 0.014443384413283791 0.049056715931627505 0.03753068626364643 0.09119760335470556 0.06998947091049477 0.00391933282039476 0.038716490279015595 0.04880257112068357 0.006248039918253706 0.08413150649547545 0.10623295335248777 0.08872859962567997 0.05252163522385729 0.04394100223309746 0.02710836003188306 0.0467449190502052 0.04750298826867013 0.021226450065297876 0.060431757108330354 0.06152553353290955
75 0.05994792979187734 0.06355156639329516 0.08129807723534091 0.040333750732632505 0.07094512918206572 0.03309949820264322 0.027421722152585575 0.08642874271258065 0.046614877821667434 0.005829015931497497 0.011728977536587797 0.04716985051023115 0.0601586156826971 0.07013111496527143 0.05721214821423695 0.03775372697564459 0.05305436273574127 0.03738028951300279 0.03469672049086826 0.07524388321953268
76 0.040463215657472594 0.06969526155339589 0.035047888012672807 0.004332727751069791 0.07874883473291627 0.04968254632788546 0.08985962285348745 0.030298021769048104 0.03535404507507461 0.015414276275393378 0.03431772004296149 0.02428920455369481 0.06510584751999324 0.041179116794634416 0.06321150559941228 0.05833166820124558 0.049177178548033315 0.08291856072974725 0.08689085300934615 0.045681904992515066
77 0.04702635412696269 0.06613232888896273 0.037367238655230235 0.02167116054321927 0.0778199302445905 0.06437089600870438 0.0678913524178132 0.015113640483212579 0.07336654306176592 0.04917821379690711 0.07698557665112124 0.054600417274398814 0.07620496279640587 0.07343439305378005 0.027570612021532857 0.014548189966176217 0.0452724180163335 0.01396712513102656 0.06860620090392279 0.028872445957933462
78 0.04019965219283322 0.06598306654041475 0.08409726971566041 0.020706818798151408 0.023580958591746387 0.020640775315329315 0.024715940675134555 0.046098198325425284 0.05961082019032145 0.09550318823319116 0.030515168153069462 0.04965644069853154 0.02566900274171706 0.05470903259794731 0.0572168714237807 0.08558393097622286 0.06295966805384964 0.024968457146895627 0.03488947517838057 0.09269526445139732
79 0.04168459853329395 0.07058547607210355 0.040877412308432365 0.08307905431992448 0.019425445113594987 0.01010905033744579 0.0242723166045307 0.03698574485972377 0.06646457389941408 0.07177196605196852 0.05360092231163072 0.056969511513474506 0.055562842531641086 0.01990490469843505 0.05585492837672541 0.05983297305259996 0.030655591714186275 0.06233265716269447 0.06338864696975301 0.07664138356842723
80 0.06570865364897657 0.030501057672172528 0.017968074263220776 0.0743680706647329 0.019877627414779424 0.07985259070707669 0.033956254129229924 0.019328357860997715 0.025337948565516376 0.0025787241659705707 0.058853924274591796 0.050329774936919126 0.0894327797083576 0.062472672323167486 0.028938098974339493 0.08578312091116569 0.04989574056798545 0.11096998824756629 0.014712746370371354 0.07913379459286218
81 0.03683942944878958 0.09943969141531896 0.09177966518481626 0.09311822912397835 0.013892955889432429 0.03467478018943206 0.058250162164888465 0.04008964160641917 0.01620233600044682 0.09801765520663049 0.057625465234426784 0.052153441994562406 0.0317899172101287 0.06008384093261207 0.08018233766539842 0.03145449127856645 0.012898547575343563 0.00769241144142358 0.05899440692538915 0.024820593511996322
82 0.05438456328212305 0.016679087965448598 0.0026655976036917156 0.08799882081370175 0.06905043579061328 0.09888155702308436 0.10253747301022399 0.10212569725324876 0.016872966176552442 0.0767592006715897 0.03355312942817373 0.037461778265522064 0.010736984076753355 0.020144256846110393 0.030357781240841965 0.037231051112658585 0.06178489697111816 0.003972493191765698 0.08540551104026997 0.0513967182365083
83 0.062267326851081696 0.051978915026502426 0.08136958953696244 0.06824335026071962 0.06245227079995528 0.06939056617891075 0.0020298102403801433 0.02907319104667302 0.06939619843933142 0.0908913112381676 0.0029418585042033127 0.023734252863705854 0.03499184359536788 0.011303128581991641 0.07828306104094498 0.09310543063853552 0.09784341425653312 0.02191973631985001 0.0004681673553853888 0.04831657722479787
84 0.05239112882628396 0.08011626953968753 0.007281274701322149 0.02537103577545248 0.0677958625364597 0.07559591691275644 0.017109846767908304 0.051541454062417696 0.06038499439472641 0.019876952376033367 0.011614561796301957 0.024324251848256564 0.09687730835805237 0.08461555436436888 0.1035123116320266 0.011656996872467584 0.093298359081989 0.052749012796026666 0.05955198998105356 0.004334917376408691
85 0.037316343473646096 0.04701656425848961 0.0163939159036981 0.04975914381352422 0.05762306312631883 0.02059469770211319 0.03063686115595511 0.0440935964126891 0.05681006836066029 0.045508379143511336 0.0014637156091702231 0.036982001558890275 0.05903345217914729 0.04127055944173025 0.08283327873716166 0.08317902218552696 0.051410338533292875 0.08178387273986405 0.07514796417177722 0.08114316149283335
86 0.09133130270881491 0.0869567708634459 0.03249725722749794 0.005507312037459981 0.018582476081920856 0.0634434774439836 0.06970162767587663 0.010470174488190384 0.013876598176361816 0.07839074957898308 0.025603472373700083 0.006703425395890618 0.05877318844454136 0.07863538622105018 0.07002296100656867 0.07696627626414163 0.008771822752607397 0.08074127553791663 0.049217525226056213 0.0738069204949921
87 0.044837092865872744 0.0348434363322966 0.019425251605953264 0.05085736918215963 0.06534902220643633 0.0847201244093873 0.08428186778537908 0.07795064306362114 0.08269588297920495 0.006761990897378032 0.08230067826629783 0.013388869964532422 0.08797310928457465 0.013700956386425607 0.00455751607713177 0.008299706313523227 0.10961709344576219 0.09004474277732188 0.014216749326221351 0.02417789683051981
88 0.03785112770794773 0.06507096539761643 0.0536455603144679 0.07402583325859717 0.05173714064399728 0.01601079156271478 0.04146504055161211 0.08132949335188108 0.004448507724138937 0.05541011667114553 0.04282577146011526 0.05814489574224205 0.056044778089423694 0.06097415261190127 0.02532072040896799 0.06599588607164847 0.07892472735401665 0.030122603404862256 0.01691939205162774 0.08373249562107563
89 0.052344193497945994 0.06692072696422918 0.07009891979833495 0.06979167827712797 0.02693585836556409 0.06430096955710939 0.06953168320882062 0.06738866038616553 0.010292839336320971 0.05405415234812563 0.06125693511570918 0.07059063545696041 0.05725735909442633 0.04296434123458086 0.01848866565437264 0.031354707199928895 0.027792087372713225 0.06717199980915592 0.06722549398013858 0.0042380933422696415
90 0.076788944083101 0.010204003179214018 0.07159866963323386 0.04424264746779352 0.10211636925254576 0.07922336360681538 0.06764251807506155 0.03413688558485663 0.029643029603110875 0.023317406339065753 0.026665477291996573 0.03469080330553791 0.06352784490329975 0.082360963503206 0.008115841039633972 0.06252556432365632 0.04539511270850759 0.10627308984915809 0.01611828230366758 0.015413183946537871
91 0.04888226250798383 0.08622257308280593 0.02288621203556497 0.0774588922934597 0.028282590453113043 0.06222967623947298 0.004985681662437969 0.05467292747725437 0.07793033918604782 0.055138801481793065 0.037758974864459324 0.03949543220658307 0.005884852653887624 0.03248546387364012 0.0853228196512253 0.08528960509634907 0.07402151414536058 0.02073210741461673 0.036512066576093155 0.06380720709785147
92 0.07084258177106487 0.07354635006484138 0.08623569119536115 0.05766734008714359 0.051002685423737454 0.018235588407567862 0.08763689320057441 0.037374586914321814 0.07954129852541128 0.08940600473910229 0.05153999047642832 0.06668602517941846 0.03361310248598026 0.03918176843049717 0.008276214194002962 0.033110313398586035 0.06443046854260753 0.03024357495886897 0.017534683980917804 0.0038948380235664945
93 0.006908206374311014 0.08795160256579457 0.07509165832538536 0.011913960467166022 0.08384299239434924 0.018058741679797267 0.058262801783572904 0.040018870505585155 0.02307216875599111 0.08251586707014186 0.08556941580223164 0.09099291341118858 0.0753380210886229 0.08849623027857283 3.706111620650534e-05 0.0052878772489994355 0.04711054702991469 0.0278037664223475 0.06749159112225281 0.024235706557568557
94 0.0887307012567232 0.020705676292772437 0.07968959081780426 0.045775845023933094 0.0033234776828999146 0.0031107763773919514 0.04621254613506739 0.0868868311638613 0.0889432177010429 0.04078714104447116 0.08604784822003607 0.06009688798295048 0.032506047548779074 0.08373263113893521 0.06596402548936055 0.010170087421008259 0.08850391952669628 0.048052402493925436 0.014352798026719482 0.006407548655621584
95 0.07882783861085896 0.06327282795973956 0.041501157176420195 0.0933403790588535 0.024469120082703605 0.010788512532239072 0.07173422036881869 0.029525212611147968 0.044753145774847944 0.09386510811788669 0.015542140277033949 0.06808202465827831 0.07171704508657362 0.09130553041948228 0.09417492826560622 0.0042976665929261625 0.05192517829920435 0.02432529938566425 0.013743117112905382 0.01280954760880926
96 0.04745917861618826 0.05133283331226141 0.03808204341274139 0.05956248868161507 0.0555017337694172 3.597311020747709e-05 0.07116550016434227 0.04493177322146035 0.03194133763459546 0.055452968781789465 0.02464364328815645 0.027045791017460123 0.07128804194924118 0.07256465910681352 0.0815288471725757 0.08771345067476366 0.041829565151189206 0.09088610386773698 0.02888689106494966 0.018147176002495265
