0 0.0901137903052633 0.0011861220413652274 0.07320591519386942 0.05880769537324787 0.031722329798032876 0.029614817432134913 0.058089441549291555 0.02869265711193666 0.1072533783427773 0.053815383253910644 0.03025901864382935 0.03624974134911266 0.0017747344314965575 0.0748200713336513 0.0789805201315069 0.08290140301332616 0.05954387756225479 0.06601068422562045 0.0226493089938483 0.014309109913523917
1 0.036822380328182316 0.05480244908692528 0.040257793229923095 0.035197501169209416 0.09437875135800013 0.07676977325188493 0.08904450436972823 0.0643071371775899 0.027263705209148555 0.02338652996720002 0.04886967759863878 0.02493297453319581 0.06391931256804843 0.043427210883777254 0.07308619768290825 0.08259776340901283 0.03011459956658545 0.04790231590859749 0.03608192350356092 0.0068374991978830185
2 0.05810439122884809 0.029016073792297946 0.029019289651967047 0.0165542383472804 0.0005500083475549125 0.09180064248042724 0.08261171968862083 0.0735234535138148 0.005013934684068779 0.08459436110371771 0.007339879981794194 0.032399029306031314 0.01612416690408501 0.056942486920630406 0.09894680297915535 0.09227820204045134 0.03504657560601716 0.034436554630829716 0.09573525497686747 0.05996293381554017
3 0.05627674278148869 0.05782658025554323 0.06408220200791083 0.03763141219338133 0.06637950894637218 0.02529373452687209 0.0639968493280169 0.07720767386387999 0.04666138693571944 0.04481105000759644 0.04529940847060621 0.028921072281922276 0.04290781742396619 0.07189577529233523 0.06284406915914421 0.07686214291806426 0.060358516010771655 0.010532998284238827 0.05620767980704193 0.0040033795051279885
4 0.09057608405585856 0.05719713834963059 0.09601845087645763 0.003676540564098439 0.05354019269626226 0.09355558185156115 0.00540836017424785 0.040913527554027995 0.09111442267447895 0.0662914255295286 0.010693569869669206 0.061376315427465696 0.05804752244699834 0.025885282255888906 0.0697459619783185 0.032762438096035594 0.057905953015250526 0.0020993765862354196 0.02089711405125896 0.06229474194672703
5 0.07213478744903525 0.09958204838779935 0.02686874047929246 0.048823225725901274 0.07460097558038613 0.019569580599264856 0.0759397061570028 0.03466299628620962 0.06749825906479245 0.01873997405857059 0.07813293859876977 0.0759030953589856 0.06483198647959186 0.01914107762090612 0.048504202406534636 0.019084100625300256 0.03655083406084373 0.035460548223028125 0.06883661077620971 0.015134312061575367
6 0.026760373552455762 0.006093977270753174 0.06275981293593311 0.07331619334782427 0.08928642635903225 0.0024679685787012255 0.09910412484730956 0.008953018218532617 0.006279933225643502 0.060624244323832135 0.06734493321996929 0.09279511258497825 0.034653193519567006 0.021913921214494883 0.009309718737589574 0.04933912265881934 0.0951207497259873 0.03833505543675805 0.09114566024771759 0.06439645999410114
7 0.03752241599947716 0.0855641114872803 0.0603947684945858 0.04482214083814759 0.08527927705243955 0.04688388446892152 0.08525048669855578 0.06555961365567659 0.01603360011124733 0.06178197840827966 0.06702792863907885 0.0014875197527069064 0.04893688332664856 0.04070213824721006 0.058540738696982016 0.042356192865998545 0.011430062266554585 0.07512352965590771 0.05056880439350919 0.014733924940792191
8 0.03056161555963821 0.04508877774386925 0.05831472908470872 0.03761397573359971 0.07405061106956043 0.0716858261831116 0.054536086677468676 0.02811691701996505 0.023579130727741992 0.04299337160612149 0.08377742588814724 0.016323501620915996 0.0654518694829261 0.056664657251685444 0.07451427928150846 0.022316793609979745 0.04857033863886643 0.03643479805030417 0.05102243614283708 0.07838285862704417
9 0.0450675458702442 0.053329179039607516 0.10432863057238179 0.02765334277771387 0.08361068794097243 0.04129271130996336 0.040550702705994826 0.08023244084669665 0.01472659301012548 0.03641631066385528 0.025322379190992377 0.10098224875490036 0.04878718517680679 0.05007538156658841 0.051964173271842044 0.00963747493828063 0.0491043887257911 0.026964859137197976 0.06938961514177454 0.04056414935827029
10 0.07820439422423221 0.06612857820066911 0.03665797235843863 0.1025551906245519 0.05165882471230994 0.0195940803294569 0.10016364349441297 0.048110674628586654 0.02186766051086828 0.10361970112231737 0.06106728072670645 0.017422396336850506 0.0064345112848436265 0.0340103065687558 0.08684149054542846 0.004142138695075268 0.023309923177842907 0.007775879858178081 0.08644998161713771 0.04398537098333742
11 0.03512769250541841 0.03615358478714193 0.05977290645485477 0.05526097035061847 0.0546484378861901 0.023377367921823242 0.03726821022966486 0.08694992221145323 0.07632148353320777 0.06292639708511855 0.050438454007838696 0.018484256745362998 0.035855457599572205 0.06239438690081581 0.0037678223116122426 0.09410092768428767 0.06152783424073479 0.041329577650598526 0.06951406786807814 0.034780242025607616
12 0.016378455898032114 0.06651829078105712 0.058049966393827326 0.0396282659202678 0.03955940044627368 0.04967251569157138 0.0719035474675384 0.0727996682089776 0.06614441822911825 0.0700245180963466 0.03791246557769683 0.05852055653123664 0.011814895663037096 0.060463046101610955 0.05405604503965353 0.06419374959066407 0.0408335120817114 0.04514955377215262 0.06131368101957898 0.015063447489647568
13 0.0964600280744771 0.049020582373992316 0.07615843655018069 0.004417777714773407 0.10372863026295331 0.07206566597693383 0.06223074613248323 0.024285570987700802 0.0738222264067044 0.009998944102017333 0.007083888151822112 0.0687404631812997 0.0517912892440791 0.037796179388670165 0.012585560979372752 0.0015537647390835995 0.05244488260155169 0.09336145607501646 0.05883793179549969 0.043615975261388384
14 0.09378253853587987 0.008707671686585776 0.03328235049187115 0.03420911054183123 0.010278321338228888 0.08175767285971347 0.08478812365846058 0.07195587429905693 0.056843714263077244 0.030681917498752192 0.07623449351030982 0.059358961711518714 0.06581202974875042 0.006814911492785693 0.011801494604493434 0.09006745452528357 0.0035199685176455883 0.08203600802202056 0.08105846660044506 0.017008916093289812
15 0.03679605912719913 0.06836732190541334 0.045751543309337 0.046197981931391574 0.06390306817399952 0.05986863847566367 0.07305729016008046 0.003515362763518266 0.03749653621496667 0.05087674617883589 0.0708736393080781 0.06844904907477647 0.07136639078054474 0.014099817618070795 0.06527816714542842 0.04213568615230421 0.07377717162821486 0.06500631043125557 0.028121150657616265 0.015062068963305371
16 0.005557792660304998 0.027134665263917817 0.10450251297465797 0.03394585314876067 0.010534984488420107 0.07538808072358885 0.042131492700561476 0.09212591814025713 0.040414985748355885 0.07677169496742023 0.027741336707478633 0.09196913108389794 0.0012783053562203744 0.08287940812805993 0.019891615516897197 0.0010704226605811784 0.08086740011089488 0.028126908561834654 0.10037670714888632 0.057290783909003835
17 0.05610031930186438 0.044253432723101414 0.06510258667931589 0.05810793819219279 0.06129413365304159 0.03003604473968641 0.07529760436464857 0.04595462868756332 0.067439747829837 0.047535321426490036 0.06642354235554263 0.07370231440825918 0.014024406278736735 0.0656469423546648 0.0646087889400934 0.06107050339265677 0.014710113752067318 0.05167395239197846 0.006934245197145473 0.030083433331113758
18 0.029901795446285385 0.09473331451684858 0.029063557014360586 0.046806275608196876 0.07424174849713316 0.015189655099300087 0.020294717727562306 0.014326820219161757 0.09211603807003145 0.018149530107399902 0.0858555372721249 0.013006450843116924 0.032351787598894725 0.06299967465221065 0.03225649674722596 0.08489241573291956 0.06359923414729482 0.09904499109166238 0.0059105339087537215 0.0852594256995163
19 0.04131915641502217 0.02796910489995558 0.08281535803477477 0.009318199218887333 0.045413880673489136 0.02671514495479747 0.025464450710992494 0.06153425916337554 0.019453141446201375 0.07082625398060202 0.08773969170895726 0.06969881399726732 0.014052721046941979 0.08123010486715408 0.10265106185034073 0.03682659206226769 0.09602224621795442 0.0317696067024235 0.008271111314878643 0.06090910073371647
20 0.0822374123068121 0.017014069454355574 0.08148592688632258 0.039648083806788324 0.0681875173218376 0.04647847039125704 0.07202169681915178 0.01949904510361234 0.08357660474735669 0.05961389830537361 0.004221010414642943 0.05564563456655376 0.02198377743964491 0.016664515406897784 0.060696238349385465 0.05669588990159465 0.040223705526375164 0.04070079135481416 0.05932441205031823 0.07408129984690554
21 0.07438152563940507 0.02187983177541968 0.022751807298402683 0.0290811571823464 0.09062440451897748 0.08048743554627442 0.004409453808158521 0.051907578700392296 0.0329335203584181 0.002200521592192498 0.022256078615802116 0.10255755353660057 0.043526115585994674 0.08183875270682218 0.06372928245577544 0.004217083270285964 0.08996869064865208 0.1094210563099702 0.055761930190077365 0.016066220260032335
22 0.08077704222961159 0.05565859387636074 0.04183675177929903 0.05359233569218762 0.08449219654579473 0.08820484044514312 0.05266374391671185 0.08840332070388092 0.056694942400839755 0.014571273802299797 0.06826682481015388 0.011255863136212463 0.00040528886694875103 0.07542848021368051 0.05595544682402454 0.0009721127258540223 0.035463546063266085 0.024673482301485288 0.03039434396525293 0.0802895697009926
23 0.04147719679080559 0.058302070661997586 0.039871294002098316 0.05615231542187375 0.06644796035197882 0.047502307963117635 0.05633836114191542 0.0022874059129766085 0.03609701882815117 0.06976451778158735 0.019564889617265893 0.06527550141555306 0.07603134452997126 0.07141277274725534 0.027104023903473023 0.014350146859604743 0.08566954989771933 0.08051800301177589 0.0469736914573815 0.03885962770349792
24 0.04128136402890432 0.07273720853045518 0.07206368404707254 0.07251678290640551 0.0804808923950929 0.047715954086339496 0.06649050420862125 0.044890686580676784 0.0342245630191135 0.07477085012166433 0.035852469556424245 0.0006940597370982664 0.045702172010088984 0.022506548655350962 0.07667365749705046 0.0364874777260073 0.038701538232606615 0.04428672761476341 0.04512341120698449 0.04679944783927918
25 0.09082809650230052 0.05461618257280152 0.016677474383787926 0.08988621438042321 0.03573543063185279 0.08776513556471138 0.009927383276726124 0.04631511604073561 0.003084904071433914 0.08905710334554298 0.022013602278013765 0.0009435911256156248 0.08015415175999815 0.06123705793933817 0.07459874447965577 0.018671798616737473 0.08149594452617945 0.013178331674686872 0.07557707749567376 0.04823665933378506
26 0.07565084858023083 0.018372686987876186 0.07820899354880548 0.07764664977773504 0.02280350987397821 0.043131506889628954 0.05215494403270725 0.008706316580370594 0.06287590555104472 0.046441704258441165 0.01517850938922276 0.07700801098170264 0.08715157367804714 0.011332157391271488 0.01396251929458253 0.0352426523232782 0.05674546617303449 0.10360840415429075 0.014361268968435882 0.09941637156531567
27 0.014466826104135059 0.015157575545985038 0.07033388470439242 0.0588443736981104 0.04138606494960707 0.007272345899966116 0.02381255910779809 0.030896202029341444 0.022179682131152484 0.007930775091184108 0.09474484916546484 0.04421298280283665 0.04476002623560612 0.0388905384627645 0.09253688047895813 0.0751654237403741 0.0802677816359593 0.054856439328270376 0.0828012497551942 0.09948353913289967
28 0.05296024339151898 0.08516617601944815 0.08028531891939224 0.004629637594189416 0.055819845209450124 0.03133677034626239 0.08301055865355125 0.04278964028519914 0.06103263314495348 0.027424624651353403 0.030420869849093108 0.013721524348278353 0.08254417899210191 0.07138016141952504 0.043854064992745884 0.04231811717778584 0.05460471484848669 0.052405295938800084 0.05263338308420347 0.03166224113366098
29 0.0070505696387668584 0.034786189889659244 0.0842661458801647 0.02855667939896771 0.03848224753824495 0.06331899139688807 0.10613063974391429 0.052490333203325586 0.1075124227365301 0.029148918451594726 0.025419571200675947 0.039719461892558004 0.029307965297371497 0.004845402376251204 0.09754635616926442 0.039785530456459585 0.051915858064876426 0.0030724646292648577 0.0944411771840128 0.06220307485120892
30 0.021375135251567548 0.07358768967203654 0.005323313174196855 0.06872066353171771 0.08438691605046146 0.01731177134011393 0.047397921185839166 0.08078250594252782 0.014534125322865467 0.004009995411830353 0.02063425934498529 0.04239297125996481 0.05785821665535216 0.06795356744466438 0.0408164139960334 0.10058456913441069 0.06456299715897257 0.05334078781723389 0.09988340719252417 0.034542773112701944
31 0.07293447163071745 0.030830540000320105 0.024280784071196312 0.02977649077635304 0.013828465050620953 0.04243537839406481 0.01849584327165729 0.04467845962438617 0.08044720771967702 0.05165203197645505 0.051826569565908455 0.07212418941326004 0.10209558616983666 0.07204261454746469 0.05713477790288951 0.05763148948855433 0.05456788282007806 0.10335551522278782 0.01748442662146749 0.0023772757323049965
32 0.04284999551275964 0.006875867775717317 0.011048065768906976 0.04531800219346975 0.008965369674731388 0.09483829754184828 0.11355954825554417 0.1114875943056331 0.029080335315215172 0.05771846201838043 0.04410671545031652 0.045621208491673775 0.041858005129582 0.10226602091367593 0.08567108701737511 0.0016175231780596842 0.023373268994250594 0.03785870700138554 0.07269572255174729 0.02319020290972756
33 0.05128900731282245 0.04251056379144192 0.0798227230431972 0.01926202316459392 0.033775886591087205 0.07067120901219928 0.0682947437007211 0.042661004515896744 0.012481046595313 0.07715924831941715 0.03380067774063303 0.05337852913226138 0.07030581787997024 0.010744272810000437 0.046677292662105616 0.07645330017846258 0.03687183469752144 0.06719762551842301 0.03547128339481583 0.0711719099391166
34 0.04241095247074619 0.0489438701450021 0.041502228717608856 0.08554892715676611 0.08509310222350247 0.016108699726128946 0.09279113127364866 0.05303661259873518 0.05664699443411535 0.04011702369393601 0.0020405210563579903 0.014867111105214369 0.022488061672535895 0.04124067608855791 0.08617886769125181 0.010942320396645343 0.06030776191612165 0.08191061184792058 0.07035840745377756 0.04746611833142703
35 0.04390887784554117 0.10908434314968823 0.011610021029130745 0.08906424097449311 0.006194106971304923 0.027843605645060675 0.07489422935109435 0.023743960966084658 0.09416565417312324 0.053046797364210786 0.01640799591997403 0.014971829904102608 0.060741928084671944 0.07482399418190458 0.043915225134894244 0.037247056782920854 0.03255952986339855 0.0934806499720762 0.08458467885458314 0.007711273831742153
36 0.025571312756518864 0.0853587754737305 0.08293944710044822 0.1199342703617051 0.005097692112261927 0.02345041931873371 0.012050504282162321 0.05718170658588414 0.022694520924613514 0.06528028231993857 0.04395942552729746 0.12120475004541506 0.06355309901218993 0.08141420561294715 0.004878294505036094 0.0077046019980336914 0.038476291804177366 0.04818472540931105 0.04429632510814551 0.04676934974144991
37 0.01821660265271966 0.08834668602099165 0.0960401817962479 0.03279517911774899 0.008081056973334734 0.02451982771825856 0.08291588611784008 0.07249982433373796 0.014918940420669649 0.0385820961171771 0.07647039856529986 0.060136379924791816 0.04335794332688255 0.025287810206784087 0.07514791640269844 0.03393033583347858 0.04439281693928359 0.09449609417535486 0.06892464853114096 0.0009393748255591599
38 0.05504225942746333 0.08627834438474717 0.0024170835742025098 0.0329514927740043 0.040981182435576434 0.05663859527709985 0.007226558979275946 0.09667339679318805 0.019618947958266342 0.012028597266778874 0.0936509092323455 0.011740672693765318 0.05086231931046095 0.006616244013315598 0.07572357629475701 0.10144621776804855 0.07717986393043318 0.03335410109603319 0.08546784551968155 0.05410179127055624
39 0.013347329975488178 0.029370304809325253 0.0574788043573505 0.010456657734835858 0.08470124827730155 0.05437432842729606 0.06534521767628161 0.04932579505008515 0.012736750813611437 0.09204480784861661 0.07612607854235447 0.027403227339085328 0.08675589041886485 0.04041448211938226 0.049801794062563076 0.03796462521727631 0.05402519238289743 0.005738065330400319 0.08057953491768231 0.07200986469930137
40 0.058593464750841026 0.03266363145323135 0.02535058758328365 0.07730280242912939 0.02836951783959337 0.08123531202972792 0.03926202529142251 0.05191659430606125 0.06304337492420994 0.04526342264175604 0.08381897858461254 0.0005621324834338272 0.08180835026990364 0.044378226174323514 0.06841909220616799 0.08073989552712546 0.04454676789250838 0.033762045596532314 0.04062435088604408 0.018339427130091686
41 0.028543196070136913 0.09201895144790578 0.04164020680168827 0.014776679147796956 0.09599297974265601 0.033537842774477904 0.01564071814613059 0.1071372405459372 0.08968407128461979 0.002657941817175135 0.03522034685285785 0.039844379318737765 0.024538597931907838 0.08531290334861855 0.025651188841845526 0.08345096940928629 0.04191316822167219 0.08843672893344802 0.0244633196921853 0.029538569670915872
42 0.07583431220974991 0.0877298376938028 0.042444679474550134 0.07597758812405228 0.06294075217923269 0.020714428341942936 0.05401238173590578 0.0692336355190129 0.0012437851170401522 0.0676644645327581 0.0016033394324038576 0.05086592095691689 0.033735922295330026 0.08509166445493822 0.0013561829118436744 0.011347380632838652 0.035040176409120626 0.08495310823174221 0.08469908052892426 0.05351135921789389
43 0.10384238165614144 0.04050883062356314 0.02288795594384153 0.000697709618912805 0.0429177087634435 0.025040091379396726 0.017663971247829886 0.0760325499394358 0.0828122904618907 0.10015402886502732 0.06727328076258389 0.07102962049206286 0.043370201309598434 0.06989189142484298 0.06641552482475929 0.005658727611634356 0.03217983592163923 0.06348934490913699 0.028332604666704203 0.0398014495775549
44 0.06513539385101395 0.004742769986623143 0.05590443429958579 0.04601697714018398 0.011405401304100445 0.10027046774900711 0.06617925378070819 0.06877486033759893 0.037202939745690895 0.07393390870996891 0.01442143064639145 0.0016691635753547835 0.10078616640353899 0.06036379459988747 0.03471225588994851 0.02481455947259203 0.023519105128451425 0.0905233444951827 0.024507204267284713 0.09511656861688673
45 0.031111341605059007 0.040057676117913325 0.03283960040707798 0.07785943956629103 0.08552654351978706 0.05281738936941763 0.06180830225359367 0.07923685913319291 0.08404486166308488 0.0788052226414168 0.0008910176138672855 0.047574558795350066 0.04144838686798178 0.016462285195112836 0.05086400538123198 0.04529338767438955 0.07624389388248771 0.04076825416943457 0.015497605031648893 0.04084936911166105
46 0.03900836983974435 0.09978128124944285 0.10589741793000444 0.05688704802140277 0.026411043127306567 0.018581906175797813 0.09824333847140267 0.005042471986808213 0.066182540315924 0.06592224489686611 0.03374369746056647 0.024886377397862033 0.004548696967038109 0.042262099155305925 0.058504707118846574 0.0045468431667461335 0.09202310125000214 0.04817924507194418 0.014665316698593394 0.09468225369839521
47 0.07058686867494858 0.07213588693447362 0.008081540994215142 0.050643545277977674 0.08072693632631203 0.00970612710040207 0.047947910010802654 0.05907163337343068 0.027648094145470453 0.03517212347949889 0.056142242669846576 0.04781159125301161 0.010758075569238341 0.0673275778713126 0.013285058923214197 0.08355527854368415 0.05510728803113198 0.062320457773872295 0.06593156904762999 0.07604019399952652
48 0.0137692893612222 0.07327711897730303 0.031131649129807683 0.017552933159720223 0.08230084535521798 0.026658489085022597 0.08713402046511344 0.0863875927027444 0.04745552061288206 0.018534479467769458 0.04170708010471504 0.1014050257790284 0.020210725985867116 0.02077330686677398 0.11628660731514542 0.010988104574973973 0.017178817269290117 0.12044722354100451 0.052412807618656444 0.014388362627742127
49 0.04698586342379374 0.07433964184322792 0.047918506234720756 0.09441058625324887 0.054230041222771704 0.05611258470341284 0.049550238180651004 0.0670366662667041 0.09016543070193167 0.0802739469773949 0.015413260683082616 0.05628623100349973 0.0397697747853772 0.09545511113365318 0.03853795591938197 0.013944100204092447 0.004811644170169432 0.011285165190967018 0.05843398318045451 0.0050392679214644786
50 0.07643498753033239 0.07286788579173444 0.004820858769020032 0.08623842313804167 0.005362885739225918 0.06651891753987735 0.03880095643028022 0.021139138969436273 0.07203525936874601 0.012265306547290149 0.03315301466629634 0.024977724124381182 0.08246135545682831 0.03408564839087207 0.06016683928533068 0.077013149230182 0.06035841134400238 0.08839336326658696 0.01612080624012274 0.06678506817141291
51 0.0637524963745754 0.02661487915293828 0.05163879576024697 0.01965900202037894 0.04662451851026103 0.05699778565756804 0.07922407464581849 0.0064324385457212975 0.02335996524400348 0.06828768270466685 0.09585605840997771 0.09179591229801763 0.05474599980534466 0.069675357339513 0.01589591208969717 0.10111248395180424 0.041221512927461394 0.07535898534193751 0.00041640934268679075 0.011329729877381367
52 0.07743591747347545 0.06257055320929376 0.07461746094148437 0.03705290009153651 0.05571576639452905 0.01810896979123298 0.07884440519814122 0.0758534490084731 0.05821563033757452 0.0443222703512885 0.01818169953171628 0.07480341365523482 0.06785665037845548 0.05646239954712705 0.031206617543424527 0.010361981109825948 0.07150544016256502 0.006968487915709585 0.050073343521164486 0.02984264383774729
53 0.08610360503582336 0.07369480061809607 0.030210153470812743 0.01712851827131529 0.023341476352109695 0.09272456705689482 0.0840266186428276 0.03397708857589766 0.06951194479340496 0.014733290475289217 0.0407475169992634 0.0734833084527715 0.060074357267501585 0.010212475792631976 0.05034474005325761 0.004857609144170279 0.03578907546975962 0.08594840496846817 0.028354843203631 0.08473560535607334
54 0.0666520330113338 0.0009684922318861536 0.08018630881444705 0.013952232993341205 0.07125909693321318 0.03303557624359202 0.0029379294138729803 0.011487604190574457 0.057766434122815596 0.062480257918508815 0.06120024853785808 0.04916693147257036 0.028205946161529785 0.07837848490991732 0.053638659116521055 0.06884660776889524 0.07264599424243225 0.06256315704644569 0.04619879046388215 0.0784292144063628
55 0.051902173014178606 0.025136940196570944 0.05724134579835174 0.08063409823382166 0.0632204306542456 0.06820522876067561 0.050663964865925996 0.06512815338326905 0.06867125765771341 0.0016886227068839289 0.04664573979757788 0.05904172410105857 0.0752773790206048 0.020327300517931177 0.05243154904883997 0.004449963327124704 0.07663367149724251 0.023537374312617914 0.05212669331500299 0.057036389790362754
56 0.00881344424973339 0.02012490379619921 0.0030619871883062004 0.07866591540787857 0.09322832897865582 0.10707814759083947 0.05892053398304409 0.05770385293754682 0.000649572373181087 0.05197642921058249 0.06904481868247962 0.03140332943385176 0.03473462844288875 0.05232711776222734 0.04386345556744968 0.010922749652493388 0.017803169089196224 0.039950262902159715 0.10885461353291165 0.11087273921837491
57 0.059848856584198966 0.07109263762665645 0.07602317373422271 0.005735875654998481 0.01716864521715694 0.07925050486088554 0.06793742382375487 0.08331975953848238 0.06038697132702023 0.08506988299766108 0.029319491936060343 0.05527365596549137 0.07346688786248953 0.027302787446310362 0.03833842548348209 0.039766366965583506 0.011235120718775731 0.05130891827552902 0.036308442569840595 0.03184617141139982
58 0.07769462806960603 0.0059630793294521735 0.07517481213332998 0.07131216723710815 0.09518666734336942 0.0800403788498817 0.01206548933617517 0.060125014715172335 0.03275038973750367 0.09445863512788136 0.0014761706851445426 0.0575636568213989 0.0007297484253791832 0.041768257268899205 0.00824921442165977 0.06302932587175476 0.06584408253980853 0.029434389520816902 0.03702627557930994 0.09010761698634802
59 0.062483868071810805 0.07236468486450254 0.05978409724756971 0.004616807730461151 0.030932327488896575 0.03641683041242688 0.08068304256407291 0.05447004837205269 0.03582880268335611 0.07382014914848735 0.09204937303310924 0.058316432161424264 0.03370268269723322 0.06981663859884232 0.011371144532921137 0.0837735968561226 0.019752200804446656 0.054168557184771156 0.02027495893661201 0.04537375661088092
60 0.025769346082033774 0.08154761829521706 0.05287333408914848 0.004163957299205979 0.0814831002238422 0.010074948165344594 0.0323069420330468 0.030567120014919354 0.06819509487402553 0.04224780673809784 0.07663683232400682 0.022900836158802097 0.004527256024811388 0.09406944298681966 0.07974417374528767 0.007596416237165648 0.06853155664133474 0.06762370121089145 0.08090426832847823 0.06823624852752057
61 0.06506374316853279 0.08247250464151634 0.004510679554724224 0.025031932398109646 0.040731018469202664 0.06194089663274702 0.11124954524077862 0.006529425807124875 0.042462332352673465 0.08975660330704532 0.00775766012898516 0.08730912702582797 0.09527815395006221 0.03569704937716171 0.026503941093025035 0.051731751548032265 0.026150614348154688 0.003984618077347991 0.03057632441603816 0.10526207846290976
62 0.08775725582808666 0.0024897439884103627 0.08053564716959462 0.07331938176792599 0.01760601013612337 0.04035951399082126 0.08383108001356236 0.057851637676871265 0.07025215569209706 0.06895952773462247 0.046586006198528755 0.02266897966931868 0.08501205169238638 0.02334722112602152 0.033760946697799415 0.01798606661907568 0.026228554954875246 0.05730382111169194 0.011366465383587272 0.09277793254859996
63 0.03165457720547796 0.020782774042608254 0.08351695771781568 0.05642598025979029 0.019611528424255995 0.021798139920532346 0.07948362674885508 0.019466904095015808 0.06838470368770866 0.017258189397613297 0.07602333908896336 0.07001460674497254 0.03941154459718899 0.08727884904095928 0.014365221053652025 0.028010232969238436 0.06282153710350391 0.09888127005093517 0.005842803031953997 0.09896721481895891
64 0.08007370345364188 0.06796991144586416 0.07328212804956519 0.010050821402680609 0.03976607780096365 0.08834845908513494 0.04061199324609236 0.05644531901235965 0.01676242525619883 0.006859683317949939 0.023945278790220285 0.07924249253128501 0.04927758546395086 0.05655251953774678 0.01970134073918358 0.08709930956249663 0.0004989216707540497 0.07793906369908633 0.05861956481726163 0.06695340111756372
65 0.043718023759592425 0.03545186227154478 0.040136800804221065 0.09170869720799794 0.012480711833149362 0.09347628954507599 0.023741165888981994 0.05823647553928434 0.004109806627367445 0.054813775594575107 0.02698187205411586 0.026293035221644567 0.02510074020773846 0.0645943685146284 0.0814823596595927 0.07013395789031687 0.05500891586596746 0.08915024720706002 0.009211162990018357 0.0941697313171267
66 0.0698453177025697 0.0684010372338771 0.023023667054410432 0.04115084335094655 0.058858955671187416 0.05218974236952052 0.07408208781625221 0.06627910042814494 0.03556217860274541 0.0578953439650864 0.08232292084344092 0.0359453605846794 0.0127099446330546 0.01578919307458309 0.021033101582492435 0.06736685957983281 0.0539421154502947 0.05215198504374487 0.03059526822117973 0.08085497679195676
67 0.011253212400989912 0.06180081032584829 0.031144556162506793 0.07385870533196434 0.003727596297471489 0.02503976507999556 0.06367224569907695 0.040492987283844026 0.01447881583071157 0.06555860608104375 0.03979207902299733 0.015620783633654366 0.09186638142619696 0.08466258336233834 0.08562522679932288 0.08396627552006589 0.059697228250073536 0.046828726740040905 0.014104683722903006 0.08680873102895417
68 0.07932462550302365 0.08014337926615694 0.04568456475814749 0.07436700492089773 0.017338717104880424 0.04525399596608328 0.0606980546165611 0.06664952205317107 0.028634506152764225 0.051414723905365944 0.07518757589338004 0.04511560077761683 0.07776498453966059 0.034839679192226004 0.02414385223614868 0.018688445017753904 0.059341244039616756 0.0527698630695604 0.026097687399611873 0.03654197358737306
69 0.03248537323337923 0.05656856910509761 0.07497640078196344 0.08496466752402335 0.03467351624183175 0.08571172320293702 0.07991556950918395 0.023929317035145024 0.004351362401654232 0.05857654068455204 0.026814244086447517 0.02787219049581505 0.07899126076470814 0.027949518086218112 0.034224249342313225 0.07179115552158585 0.07263093989751156 0.06204685493321164 0.036042136440951625 0.02548441071146965
70 0.00511627781839589 0.08587307444989734 0.05789333141447123 0.0301897133418492 0.008448802218622629 0.07418204265169703 0.03507392195704381 0.025283581659390576 0.08320489563527274 0.08590531482664433 0.04261135932263655 0.07633968378232163 0.03590016125414241 0.04336304568181134 0.03594270299393821 0.0891629025746798 0.05517341964580118 0.037273394834088466 0.056686184881983834 0.03637618905531205
71 0.10217308377338344 0.0012475637750771755 0.08719358682465785 0.024959944799523178 0.016437380790097083 0.026900859436717554 0.05018770372228577 0.10157286821479886 0.0030278743581875914 0.02776813991301638 0.016616998306868712 0.05514863605471806 0.044611129609188165 0.08251493327378223 0.05628845915452763 0.023896745814731758 0.06827467554417083 0.016925315289139584 0.0949385977753732 0.099315503569755
72 0.047486749472755795 0.044816636150122297 0.04989315669976416 0.06808626400782856 0.03519385899206921 0.05666602292828925 0.04206690288686869 0.012172662880644107 0.049693775059452605 0.06103518368449184 0.029759975196556727 0.07009253621453969 0.08099043938095475 0.018881395434248834 0.06935192813790528 0.07136927328191998 0.0035227869828636433 0.05866749167246797 0.019486594332497616 0.11076636660375905
73 0.006781776197647596 0.010679093260082652 0.010628942518483446 0.08983335806473333 0.07365626988116826 0.06954273658715598 0.09086125879545147 0.092799902958654 0.02135942421453109 0.02807289744710376 0.047404414886257455 0.03562064201343661 0.061198516715163145 0.0012901753888544868 0.002417287899694806 0.08031014212281047 0.0688493752890101 0.09418939392617283 0.0687655001763699 0.045738891657218644
74 0.05669527584742063 0.050854080412111834 0.06307533373515041 0.0036768301941479 0.012237847394659671 0.06814566470299822 0.06651095139078153 0.010118972917589746 0.025216193384439856 0.0036038429134947927 0.06283991512289216 0.07558295283672051 0.07877076375568108 0.05321691484228037 0.11907536164329495 0.013463886304460975 0.05696444888189215 0.019074859834831946 0.11679638615402349 0.044079517731127504
75 0.07967937198089393 0.057535727035643684 0.040558738105845184 0.06986021034819817 0.028472268095767944 0.04229090261528591 0.008643355145054193 0.015963502836391082 0.08113801375881334 0.07799923127346658 0.0795157283905668 0.02043484859318481 0.08117495898567018 0.06172769601638276 0.012611456222226109 0.07154746754897304 0.10038603105082797 0.0014206793439905383 0.03837243560016623 0.030667377052651608
76 0.02797141139617762 0.05932166516847182 0.00041998144187797067 0.06051506257291654 0.018187106303291904 0.03541218160958796 0.07532365377963855 0.07637815219102444 0.03955103855419359 0.03979201635905082 0.07998007372285737 0.04098853987973226 0.08281257699876413 0.007296535922217469 0.052653369491458414 0.044129110613617274 0.039476226167799326 0.06101153539079513 0.08084834193483054 0.0779314205016967
77 0.03426294598329855 0.05612667797323627 0.0805585714481629 0.007330380453943515 0.08566058890542613 0.019179011619893268 0.007035520433945629 0.03935959942289343 0.0748202308740778 0.06489902030663748 0.07349506375938224 0.031376422743667524 0.07519061678452742 0.01616673623837635 0.08165702042981184 0.05957342611952489 0.08701432758437823 0.006672437001961588 0.06249267154857859 0.037128730368276214
78 0.00047520536060546587 0.0605338649384964 0.06047155401163558 0.09139571688990301 0.036481129566676145 0.09128008859988125 0.0641803020294326 0.06471226936057958 0.013958150009181958 0.006880878646178666 0.028412774779813615 0.03529069480015911 0.07144627557788351 0.09175143248856066 0.06884349574780925 0.019848924271359605 0.0717230507436129 0.0416258035371812 0.026661512096046 0.05402687654500334
79 0.08617238269138111 0.020837520413301523 0.001413957591599295 0.0366710605052017 0.08149711131550162 0.044858820308581654 0.03117330429002928 0.0830239771879261 0.006960869874782565 0.07136061267794243 0.06096674437642345 0.09403061135239542 0.057277576108169255 0.07009056495784723 0.04301016931117436 0.025074351269846775 0.03835216707629041 0.0083201810810429 0.08415454491289615 0.05475347269766678
80 0.0916641157187374 0.047838431696198974 0.03800481520016126 0.0354322237415811 0.08309552988098318 0.034046944596690394 0.05809999961255806 0.006052936273803064 0.0887827893274759 0.07325528685436579 0.10734388415817231 0.04503959267322452 0.07185958995086278 0.03232910615343083 0.07569804341346485 0.010221398516443598 0.012081273782658828 0.028633600573631804 0.024146211281217363 0.036374226594337644
81 0.08814094000809906 0.024877606007695296 0.028159665251060607 0.07090312288784506 0.004697425082458287 0.023110354662440005 0.0723336626194763 0.059195934677577534 0.06454266634825989 0.09907026476472994 0.04917759465408637 0.007876387320961376 0.05046401260036746 0.000922531137999667 0.023296707376798006 0.031855711425613005 0.08894450790782812 0.05009821159575821 0.07580230141645951 0.08653039225448643
82 0.05427182984322546 0.03162865646073844 0.08188833166420552 0.07983223726083472 0.0451398385725344 0.08149289936843544 0.04725486020414258 0.07761923662369849 0.06452304280581714 0.04793372522678432 0.06832068235440338 0.007195936892397654 0.05215046279446563 0.026450726040283215 0.0194318930823994 0.04429846688086632 0.0013010659038894085 0.07504754967678517 0.06410497394128635 0.030113584402806932
83 0.07917282558165334 0.040839462953273835 0.009112145428660711 0.0774968701119492 0.04384233902078407 0.04032332006627786 0.09796301412008639 0.05734973623146902 0.0011529806869021832 0.008883148967315811 0.0598881097050231 0.058764112540359646 0.08094916650047203 0.0634214768259538 0.10252831573692417 0.08748158245419617 0.01374809829212924 0.0042415870281064 0.0007166525918747061 0.07212505515658822
84 0.08614812063579427 0.027500146889832867 0.0910890720445619 0.03312000639835202 0.028106902615364665 0.013101210404189432 0.03504263890340465 0.006352728791585326 0.07276965053652112 0.047766921893736575 0.016411792370775204 0.08820560957671682 0.04978750465409748 0.048018794750137914 0.08256413977873371 0.0406365835885936 0.06338898496721251 0.06205575458360051 0.0796121465580758 0.02832129005871368
85 0.08253630526782538 0.07056871885120325 0.08934811345586761 0.09509718704374831 0.024146514250346345 0.03986088091352917 0.015544651173005275 0.07649818441463961 0.09883662355393262 0.057769557801022164 0.009769748545351006 0.04568894402027002 0.051486195131803886 0.01902883754573741 0.02640163333538957 0.018689749773436726 0.08485749031535393 0.019593870587865082 0.06990686525126492 0.004369928768407706
86 0.02202014289637233 0.06607844605194742 0.08082603016886802 0.03864307566536415 0.025421280584540983 0.0021781088369231365 0.09078185011742033 0.08529742878251768 0.09348150496635674 0.05422583273341385 0.05782267101799457 0.06854814935711658 0.030401343102452762 0.02595420031571386 0.03284898430565501 0.006972607042474341 0.050419699116055636 0.019954893374527712 0.06235947222966187 0.085764279334623
87 0.02012192543353734 0.05310687844151609 0.04884671502975697 0.09039556177614469 0.03625258890349216 0.03803535352672112 0.014131279665743847 0.07558226640520246 0.026313901672570004 0.025952796515102267 0.030480416724933648 0.05621066442537576 0.04601206291198463 0.0761982401896789 0.06803032213788145 0.050756299129680355 0.0062508109237871985 0.08529603744279071 0.07599594381018993 0.07602993493391033
88 0.05870511412587512 0.04584953794236826 0.06444154919694976 0.049385343905999954 0.0713712112202139 0.07098437445127481 0.01810807032905494 0.06521094350790979 0.06884594178122004 0.062086366347712835 0.04509404857482119 0.042019606473177366 0.03320867563975339 0.0254971773128796 0.046674700570428426 0.05010010918308222 0.06077364860746924 0.0655333506385917 0.01639372106931705 0.03971650912190043
89 0.030853270978962486 0.0300830831797648 0.0549620910198813 0.060799979883075776 0.02127457623024313 0.06842395560270097 0.0036797069089128617 0.04421531265071646 0.028997640356077926 0.0865028164488599 0.04598056527382868 0.05762430723836491 0.007344660520494164 0.055277371363143965 0.07161629595920051 0.09332897396932872 0.06796610668024633 0.022834921300970597 0.06811356441759664 0.08012080001762989
90 0.08379412905792341 0.05387473695368629 0.03517735809223128 0.0326938469314235 0.07782900599893199 0.0012130927498001116 0.06097980044887799 0.035153741483575356 0.08473446792592966 0.04693423836406207 0.07500866797835183 0.057553530934337266 0.025628959126787053 0.08053714201209347 0.07119837445336252 0.05842117214062759 0.009041613383692852 0.024679751117232796 0.06391331595702551 0.0216330548900475
91 0.039023023679092564 0.016549238926434465 0.08314457526159816 0.08830140940850287 0.07420053727828346 0.01330399177541192 0.057298489327221966 0.010671022344963348 0.07178301661168211 0.03078249789802134 0.021685851704437056 0.02519843157005636 0.05308355549760174 0.08240476836861409 0.08191689909132317 0.0900784763719694 0.008832608011712808 0.08539800755760574 0.04108621264697493 0.025257386668492286
92 0.06587928929938724 0.028753348923114805 0.034969057888899265 0.05000913760718263 0.06636777635557017 0.0179095406565718 0.07566945797400385 0.07166401664844334 0.07361879991636641 0.012206639790325042 0.03706905466157482 0.0657974163800945 0.054518121490860064 0.03757060037584601 0.08229470366138412 0.053661447472482256 0.07709576967790904 0.0038218758534115955 0.020284599857126665 0.07083934550944626
93 0.08276337486603218 0.06750185281906967 0.07891078452741619 0.07121585110679426 0.053179938094058944 0.06012421614388071 0.007969595226030671 0.07053825608255139 0.06714579625392976 0.009797948443145688 0.08764482237502773 0.0579059346895491 0.039178580609498304 0.012389588343707616 0.0775056120844238 0.004472938923196932 0.03363513523985443 0.00382301161285704 0.062233202743473603 0.05206355981550195
94 0.03841901297102146 0.07816050439247756 0.07598189638860336 0.02826219430843709 0.09392682441563306 0.00668680770023791 0.04468025733482652 0.07505807984452727 0.02926093674530204 0.05734329855762836 0.009240176112348706 0.035688134793945676 0.060549670880637285 0.05191845458560113 0.053135586107231195 0.09404241434780464 0.012204391821074433 0.02746684115606419 0.06549815000035977 0.062476367536238274
95 0.03463063582987846 0.061081026748810746 0.04480922117928097 0.03089718771935477 0.08625494940405415 0.01704894468074777 0.07065635979600134 0.001369902174523801 0.08278837745980941 0.0193781054801581 0.09030530071597898 0.09805355076840534 0.05545094652176458 0.00903732140892909 0.05769036440554643 0.09092147520036882 0.03154790567807545 0.03064064906188865 0.03139668161878461 0.056041094147638845
96 0.11522523514670757 0.0390967163841309 0.034963709093722095 0.01870225139651058 0.03904435360488522 0.022926760009993184 0.0006643111001974048 0.06641860436621727 0.05619217992510022 0.015309074183736875 0.05047711426336173 0.03809816597647829 0.11692574909446037 0.03788164338348731 0.042935068734987036 0.0887257383648371 0.06086220800097116 0.07803350088797921 0.06688853431322764 0.010629081769008713
