0 0.06407667055992324 0.0613012387451044 0.07592553276104569 0.08842559358878052 0.005796738813359633 0.02675810914464275 0.05702202273619276 0.08634560715614627 0.0843420048271742 0.026516526006104074 0.00046654908213313907 0.013216953451850288 0.04712408211005695 0.04770771343378365 0.06420083312418524 0.08362339490657904 0.02358680637839258 0.006516671340946634 0.07431688993992945 0.0627300618936696
1 0.028419404158568348 0.04258198039633425 0.05166247769306654 0.091112346253991 0.06987849236130986 0.07655502909087168 0.0411512692224011 0.014098328142918577 0.07987428470796593 0.05827774865715086 0.07720395882793035 0.00406695014065749 0.042166943064339074 0.08486683225737487 0.025731677722665165 0.026619495028969462 0.027848473436789936 0.060361395996206116 0.05578206457399042 0.04174084826649902
2 0.08316313281260007 0.011560298911391138 0.02693507843454622 0.08035335195570864 0.010235413387607 0.06745132890160406 0.0820600624196798 0.0615017355989197 0.06622189966228814 0.009175890164162363 0.06448006867599228 0.030506817688318 0.08212387385721787 0.028934977795541585 0.030184208262360464 0.028966166372284344 0.042945320320521806 0.09333152928934951 0.07076855985116032 0.029100285638746913
3 0.08143320007415275 0.08429181345213031 0.037647491101996756 0.047561374205645685 0.014158823051285453 0.04822843917550251 0.0597925692713304 0.062030268348605096 0.031005399573606308 0.0311421349808226 0.007639561070545372 0.029741961480703627 0.06789112158698568 0.0775988975449694 0.05767689962661207 0.07650545869179945 0.08809590649944221 0.04684489795730085 0.039012823026357855 0.011700959280205517
4 0.00255412465199016 0.04343864367603722 0.12814655334348132 0.06830363924797832 0.02249989188036407 0.03436340183027508 0.042705766644820446 0.02169458502581519 0.06781866985449207 0.009431296119273683 0.06875982056720636 0.037817322125979526 0.06952246565451363 0.030660142031203937 0.011323878652407745 0.11676203506624486 0.07420370172721621 0.008482366890486204 0.024806784289516326 0.11670491072069765
5 0.04052595372009742 0.05901179367127587 0.09576337334763263 0.05028499658640727 0.07020948202342311 0.0422633799714047 0.08998661054942078 0.07078065624923922 0.05091911118550731 0.0254452656182713 0.0266613621465323 0.05506221180454277 0.023780127953319064 0.10902148042718919 0.0011784006554620486 0.02684923486946347 0.019777520828175497 0.0495639838216062 0.06659479681235077 0.026320257758679296
6 0.021931889462863383 0.0368562996002394 0.04420389236166835 0.06339535501800803 0.09077498429145159 0.038196756648142725 0.055656018506010874 0.009566246681930866 0.0052727599208466265 0.06784122468586432 0.0896879177003214 0.058391050218744044 0.04159763962496148 0.044940649543782726 0.019331637483901345 0.07051774475247358 0.04934417774923326 0.08865136418040413 0.0385022187939042 0.06534017277524776
7 0.09620132592552283 0.026979986937173163 0.013805591797511996 0.09497085457195771 0.02372450325056556 0.018727884010571676 0.046213861517139285 0.047950135860702695 0.05508090713324099 0.10717338248538553 0.0536527357407539 0.06244048221861279 0.06335773016701284 0.04664387176232121 0.007236652721332368 0.034985147013970555 0.04157953143996088 0.05492780168082637 0.053795905198694684 0.05055170856674286
8 0.08012831314871985 0.08215150136585701 0.05609705311536679 0.0777882023102945 0.017174570165454824 0.04361537010072416 0.07744302140430255 0.053302468508813546 0.00584417986682842 0.08496763411476482 0.029215580196840608 0.050147162814918496 0.01055109078344582 0.06319759324678831 0.06437498639891204 0.0350294270732763 0.05607870207557215 0.012733503833697412 0.01336574400659207 0.08679389546883033
9 0.06337602006427415 0.03643580382375591 0.031454723448578664 0.0656951137426208 0.08446990205703814 0.041431458371442534 0.02148372827780007 0.07436493826826995 0.0030202802602903355 0.08493595321529948 0.008470313082887556 0.07914141391955598 0.05390129290468625 0.0319991002814291 0.05357736029805144 0.022796782970197497 0.008924676955361976 0.08482725177432986 0.07548983724594845 0.07420404903818176
10 0.058943516348085104 0.06475357153098298 0.0261708826031458 0.06235627833317085 0.09419028787128692 0.01962481530034815 0.08905291564975511 0.00856217627942124 0.01814211495610184 0.07295765540124828 6.563000069455153e-05 0.10430139830085179 0.011861976911606826 0.01317406736026999 0.060077017502763015 0.03264703664065892 0.07330851741628293 0.07359136878410924 0.0134310273482988 0.10278774546091762
11 0.024802597331193606 0.041517575350811874 0.004600778482023047 0.06170357784321149 0.0178851793322709 0.09968523343165671 0.012150241490144929 0.00397205110945229 0.08041513346404526 0.0847316764662031 0.039223832512904296 0.0018176368186719704 0.09711245903439529 0.01799734846974801 0.06203956534916295 0.06951592934644434 0.05663001838436699 0.08499298982546882 0.09519909706312152 0.044007078894702796
12 0.03939074269521725 0.05832829657879138 0.08665504301218963 0.05677353871015311 0.08484330077228014 0.05296208536455455 0.07032521381061682 0.04027063703399026 0.0014131621332710094 0.08420783028928311 0.02647197094469614 0.059875096297043386 0.05874538487513168 0.03664671985695313 0.08352913127144858 0.01989958747309282 0.05105537506292481 0.008966777733751782 0.017401379075273945 0.062238727009336914
13 0.06923551877237069 0.009233210207380011 0.06091700503298757 0.06890591606035379 0.0039746143157353515 0.10136437367745213 0.02815346808779391 0.015304778128970768 0.06217367552980542 0.031221511027176477 0.039783243590584244 0.06521591461068724 0.05625165374580145 0.08682552765978614 0.037568493634098594 0.039140206645825376 0.04775604034258211 0.10328824741745826 0.05813552366226678 0.01555107785088381
14 0.0048014290015550454 0.06043253668478688 0.06013557674829865 0.02734286803368205 0.06764719366228793 0.0570057733312948 0.1044306019523754 0.013289306777632851 0.024025911492340894 0.03885345631300805 0.08445843983003523 0.05482191601258094 0.007064180609988545 0.037972077417305745 0.04801307092649652 0.04537484168508148 0.10387881982053582 0.025992498668897315 0.07233741926942829 0.0621220817623876
15 0.0814190769327658 0.09347308427942462 0.04377072880669363 0.013721637221127486 0.07282576735718972 0.030753755575291322 0.01925563546792675 0.006316391820734847 0.07786099200806385 0.039798331723174055 0.00811674533108677 0.06694506291875008 0.05385713764611354 0.026504747824537798 0.08917369663972362 0.07582380748089666 0.07839044128236611 0.09112139180034431 0.025610622173795793 0.0052609457099933145
16 0.10279881608340707 0.0023223098914240477 0.10372024706220583 0.031112427344279096 0.015188916166240797 0.07101598584012755 0.024782064945310336 0.06753179989864622 0.04157837152078442 0.015317394744773172 0.08095176476982428 0.10330405216742718 0.01097340121805794 0.08761623471508413 0.05871084557388292 0.08472035670079223 0.008476075277100528 0.029326915584394635 0.036396685595599096 0.02415533490063852
17 0.08859751905681142 0.03536902214191336 0.022883316945299322 0.0403486512673541 0.06704430588165218 0.02368291610606808 0.06551369749480311 0.041956174047538444 0.06160330617393773 0.05585078702974168 0.07681652890826134 0.08081093988894619 0.03674887843445586 0.04318982504640469 0.07810286882239058 0.001396049235308754 0.06676212649426609 0.001290291768647891 0.030531330343811 0.08150146491238815
18 0.014874447928499299 0.0275110898411491 0.044903059712722154 0.05576446799386187 0.08545436483568322 0.029680782687007346 0.02285231560023037 0.004015878644244391 0.015852323184674482 0.03677956394455148 0.05001892082238803 0.08405066833252903 0.05034814048576482 0.05263425217453113 0.11414181818337575 0.025954751799142174 0.09288120084926037 0.08782140125285604 0.044506401982349675 0.05995414974517915
19 0.08172528404161845 0.014608023415453194 0.05402648751755449 0.02612077677369462 0.06265673267716695 0.06810588829520076 0.08376394550728403 0.017327675150690145 0.051087636188876344 0.018758233052617413 0.07837068001041796 0.04914135018019455 0.08769489237279973 0.09107227470632291 0.017208882957045202 0.058482426945518334 0.06459857478383241 0.026812915591603047 0.01811169528708368 0.030325624545025645
20 0.029482120200324192 0.035582991918982364 0.07960607065708783 0.07485865029123465 0.04180315002542877 0.03458413190577202 0.07309848000359984 0.06919122127740722 0.024694089966598092 0.057823536911158845 0.03401069153772709 0.07092943355705636 0.0021289639667589886 0.07775516978528443 0.05811437336502985 0.08767056442460804 0.036314372814905904 0.01792056528029776 0.04512108561944374 0.04931033649129397
21 0.016450163141483152 0.03433133930898233 0.08883419069736588 0.010855949617949737 0.026623953073076377 0.006231039656433669 0.007890333899312874 0.054313360055282735 0.058378675255796625 0.0002736554938132827 0.09794481956384725 0.06552031549503314 0.09694098685437451 0.07299706946827896 0.06683780288507017 0.07619785551624463 0.04491361934071373 0.07810037536825848 0.0815467888065013 0.014817706502181045
22 0.01026011797199471 0.0775111321453931 0.04966767625082879 0.07140731039027112 0.02400880967832229 0.10259901217337143 0.057291816500319455 0.033505153147587084 0.062326008100261114 0.06397084606352632 0.07934796821813905 0.044401140252691707 0.01097804893679262 0.08839367775244072 0.005809934302132753 0.028326645654564966 0.016560754893214208 0.07957224059247968 0.016495836352917445 0.07756587062275133
23 0.02289416812828485 0.009326347883250506 0.014041905361022075 0.04245751818972069 0.08621869133196214 0.0167027323133865 0.06982750823206636 0.09079631595020317 0.01645267473627719 0.04145819037324868 0.07330217763433758 0.0707015085285414 0.0729363728700912 0.09464929428515208 0.07241270619354538 0.07349007121479423 0.027828135583086246 0.009372863583304362 0.013427698003091395 0.081703119604634
24 0.01761840726894371 0.06814123298576942 0.04706906965761818 0.06375130813798757 0.05492217794905287 0.07220027319854161 0.07265204131100651 0.06867105494367043 0.05677797904726828 0.00948144895992926 0.010239964796170519 0.027987895814163385 0.04862244861243942 0.10043640688675476 0.08142976736928985 0.07985047022350716 0.005562597012764056 0.0671049052908958 0.015136858305497661 0.03234369222872966
25 0.05561684367972445 0.04643301797447064 0.04940769274175774 0.08252697597732758 0.034819780736609636 0.06240160776109663 0.06886763539856221 0.08240370524080153 0.051038158574361454 0.024821059206629054 0.08228038635666024 0.07921389139859587 0.007112410785183551 0.028119314868867082 0.014487301115520327 0.08231255163973773 0.038599551564847186 0.011429023213606743 0.011866200606028499 0.08624289115961194
26 0.02388426700622091 0.022669957703304218 0.08014694714480698 0.09033334639429946 0.060715800434897604 0.015243963427262334 0.048038350639249584 0.027671211039433544 0.048669886720769474 0.03160362821211992 0.018482979896073243 0.07732886098217609 0.03868106330487178 0.060303801136166096 0.04175233877317646 0.08056112336362091 0.0223770904503719 0.0716873183976066 0.09288899960882177 0.04695906536475084
27 0.01356351339760196 0.07915867020974705 0.06982576060465 0.029484374958105693 0.049374500796633046 0.07372701202152449 0.02259613555099047 0.05677810591098137 0.03736736526072434 0.001669467662207319 0.007252822463152969 0.11281226318413529 0.09832921891016173 0.06560150964867578 0.01408260424242257 0.0981873429378676 0.040521848681734446 0.051253243869928675 0.017472962394187424 0.06094127729456758
28 0.06622592711763234 0.03463445604010757 0.0630300183294351 0.03765779216214867 0.057305945605115566 0.011691575516317342 0.0005884533991991148 0.08414173257927564 0.025193584180739675 0.03259927745665385 0.0080257487850199 0.05887097630713719 0.022873832725190325 0.08268698246408446 0.0636175388508668 0.052932554066466284 0.08675413305950522 0.08262048502857114 0.08328587315808388 0.045263113168450025
29 0.07596255103730191 0.008276039735010433 0.02891437592077626 0.05275030181153278 0.0675417402818008 0.005744491869034389 0.08357127497860783 0.06879012340205258 0.018109185667333005 0.08068138643887371 0.0015476359493231178 0.06524875053936173 0.06838634053309382 0.07432630701986082 0.02093048437873199 0.08243485139432363 0.08260365814226593 0.06004315127311406 0.03891403991457366 0.01522330971302743
30 0.07613031792214955 0.022979762400419112 0.09699297558380679 0.08081166471317022 0.005628291970474562 0.09301544716562944 0.08198267125806732 0.00022780521309781853 0.08244398977554313 0.04275392131581053 0.08294948757514777 0.022916877420093348 0.0033710205401006436 0.0552351684805593 0.02240933100195573 0.0060929145447304826 0.05524318326580841 0.09855328363240189 0.007994841793649066 0.06226704442738486
31 0.09830941441343542 0.03222033110499943 0.06775490168760605 0.04060438456265341 0.0899012375196425 0.03950344866881821 0.01570687935359004 0.013700219288480888 0.03725928040683865 0.08856528136834838 0.04630249425038084 0.03188176429696107 0.008700785197382438 0.08150828863212808 0.0682045520773974 0.0738449628775843 0.0982285224858241 0.034585965117809564 0.009570168922386497 0.02364711776773258
32 0.06473377021841034 0.005441073601657417 0.08827432052639167 0.07985994236226894 0.021046746341530483 0.043464425526443605 0.0381684850712358 0.05442304222813823 0.08740111857091769 0.013219970286245736 0.0726486455014737 0.05806517562870133 0.029765210299966094 0.06253629585336597 0.03746063161559316 0.07809280016840008 0.012326454249974911 0.018616238968730162 0.050922016500359574 0.083533636480195
33 0.032973318162046295 0.011747373854816804 0.02258579541758202 0.0616812079594499 0.0005984712486861552 0.038784155739972626 0.08036913234786128 0.09394844619253136 0.03177603860664709 0.04468517203755986 0.023079177316375956 0.05698193278058273 0.05166615965142186 0.0804879602809773 0.04992260628360134 0.07642445493650342 0.07657886749357619 0.05297752322932931 0.03479377240101008 0.07793843405946842
34 0.03317968695554091 0.01190931791324458 0.04435005706125636 0.08779732760278353 0.029322031178171348 0.09209578732997233 0.07272884214319464 0.025645590399709792 0.041603172678121136 0.0017079207830585673 0.043593089346817174 0.03835174972566497 0.08495423273834135 0.036944825063401056 0.05153982750808752 0.01389053742577787 0.09912494765842698 0.033243909082402025 0.08000212315997049 0.07801502424605726
35 0.009915707469304964 0.061299292255254496 0.09119957688054844 0.021737850639707564 0.014706556695664594 0.048641605570875254 0.06235202812550094 0.053529768110160116 0.08611391304845739 0.0381366714299185 0.09291812798559107 0.004827907953368426 0.04267937771506649 0.05508108784996596 0.07352989131631761 0.0028954282883926893 0.024343492689799615 0.08674834875684587 0.08906370579916184 0.040279661420098305
36 0.06013144693651141 0.003257489365230926 0.0946993035780909 0.016035783450034077 0.07311734390791252 0.020119367820488964 0.04541670497174033 0.06459988023395938 0.08372537888160518 0.09221301155588832 0.04116162215384139 0.03220487216271829 0.028894787755644174 0.04821390080191368 0.05065575906681441 0.055896313552883194 0.035255444279800256 0.027719733302644083 0.09461448804334704 0.032067368178931896
37 0.06067313485609904 0.026969982096893916 0.05351715360557578 0.06841371567092762 0.055762426725266316 0.053047451263328826 0.022459475691341806 0.06203550156790796 0.04688134004235205 0.07864046320947951 0.07930145315855519 0.060446260356883025 0.08040105731799001 0.025099927357966217 0.0804525380770905 0.013891638590049103 0.0016299125692167036 0.044469414384349516 0.07041001255934322 0.015497140899383652
38 0.052097920880513036 0.060862686329480595 0.014765040249045845 0.0563927850882631 0.0587427154140934 0.051103776892802884 0.06368003740887204 0.05251017600737111 0.07176809449864166 0.06037020875316047 0.007656369416810113 0.06252585801456204 0.06367214087302303 0.06115492446459391 0.03684014801063581 0.04719823524276762 0.05397030310292235 0.0023366598234623656 0.05773062882426644 0.06462129070471227
39 0.054238993410241215 0.06464549969250705 0.06125444252856707 0.06058021873778284 0.08384814890005961 0.04268171939717249 0.02108310767964259 0.03454770664187686 0.0850187140805669 0.012099468375958893 0.015784899095806347 0.07678415382623771 0.03275187001919336 0.0041760006745883834 0.05240257984594706 0.06944890769168766 0.05207232721151725 0.07744155628670014 0.06139504513676458 0.03774464076718186
40 0.04716677492242562 0.03420166903456307 0.010594032969568665 0.07329510336511794 0.016765328054045493 0.09280035423652455 0.04166959703782679 0.08826771954758435 0.010655659634704544 0.01865857703199525 0.08191878746352431 0.05287765999585855 0.07657380553050591 0.041727161006303 0.05896395827680574 0.07123447228382257 0.03169780020229448 0.0020860260909627954 0.09404200728100633 0.05480350603456015
41 0.054023762097642 0.08441241841193411 0.034544044869863726 0.015566639693380051 0.07878266569894109 0.09287482709791214 0.03056906190776472 0.060000372443538195 0.028262671155527923 0.012424578311804711 0.005503031945795895 0.11098469735603687 0.04313638472958391 0.03518040758531808 0.04717426447297023 0.01863791230240599 0.11106891660438047 0.027933077802390988 0.029971385004913125 0.07894888050789588
42 0.021088440892787524 0.08456181012261099 0.08917498480844933 0.08584644341955451 0.03330786120718209 0.04176827983787771 0.05463863292308487 0.011584809977155365 0.06886441769639959 0.021053373834952555 0.005944491231493245 0.06201573369849223 0.02948665187898601 0.06727067407386222 0.02662807115288807 0.07421319547796117 0.02299410124141107 0.061652580729133294 0.07369594636753443 0.06420949942818344
43 0.009209775997004245 0.06671481223033894 0.0458178636466893 0.04334191114160938 0.08282834785319428 0.025881808000819656 0.0698026377349224 0.01389080291445418 0.07276256006835957 0.08253812206349335 0.08371099971975178 0.05514511350382193 0.07174044024269902 0.014769975921593568 0.02251220855486504 0.07585904609317641 0.08326389951377135 0.013352085246840966 0.038945799558161166 0.027911789994433712
44 0.051317265442419185 0.01821665481246087 0.08845104817167751 0.00732668933804928 0.07196459568773741 0.10877141876188447 0.008218341010239683 0.019981470203651572 0.027559516424061313 0.09819554527542347 0.06471956930034509 0.11293154687477044 0.05099620887859979 0.10573436442756182 0.007077712588287504 0.031977824536592946 0.03255006956769679 0.004167451687783658 0.012774673007715882 0.0770680340030417
45 0.08223641412838897 0.06050867383696689 0.07080418249128213 0.015869867333440008 0.10031063542595957 0.07941888399285646 0.0211793368397346 0.06028232763617111 0.030465604446919467 0.08429942317404289 0.004437605289224758 0.0141678413464167 0.06204515380864276 0.04670214368004662 0.011982078909328543 0.0861442013004074 0.055462690291034976 0.07142119930797408 0.023477399265217858 0.01878433749594438
46 0.020894317632354425 0.07585501111326266 0.08710182589919721 0.06355851915537224 0.08045731072818497 0.09557012940333083 0.03171853357532521 0.032230099687523356 0.004936895225747232 0.00781825394233838 0.02569467800385235 0.023063085889467573 0.07739974064471096 0.03244721819329072 0.07382366425697845 0.014279722655680619 0.10608839647209357 0.033002263831970975 0.06243912105988804 0.0516212126294299
47 0.05685494358496124 0.05705737354449365 0.03474047841081628 0.04715158013176954 0.05849663226469896 0.044231242084143405 0.031648674841813045 0.014727078810644556 0.09467189898786964 0.053200361527968816 0.022497259875604515 0.042197602872439455 0.07095559776556858 0.027479616533934992 0.07815661418396752 0.10614710678786729 0.06828992521512361 0.0022295974009157323 0.050692958758809255 0.03857345641658999
48 0.059949142330233726 0.06035766241025029 0.0909760222824749 0.01643060753821652 0.06441605401872483 0.019766690152178492 0.05588695672932831 0.06291033650095433 0.09032943756221053 0.03586590100239662 0.01710202801923154 0.05729694271052784 0.05739824947343439 0.04440843683832981 0.06919849367157074 0.07978290274513322 0.02241343007219902 0.017361468675835774 0.04113927332758091 0.03700996393918806
49 0.044932446892788365 0.017261363714883217 0.003970973844856305 0.12420787139949657 0.008913748381292982 0.027588638785279892 0.026555165392433334 0.06201939877763782 0.1009032573027346 0.011764662159745073 0.04041293411800374 0.05299691761499372 0.0944879145373725 0.04091310892389078 0.08540873732984798 0.035163427142028435 0.06706238337365068 0.039594820177904236 0.015914807213292737 0.09992742291786702
50 0.03913936074236106 0.0481478841403996 0.053646506456398 0.06767361510505962 0.01356924857947175 0.08314771179875599 0.02433551743637566 0.08662833365824071 0.014999728708778906 0.05317794434031973 0.07342386913467679 0.0095052657462947 0.029643467147398402 0.026492107221263925 0.06225189735083941 0.07559215870346422 0.06893977473961443 0.022177082852597403 0.08794378047103843 0.05956474566665138
51 0.06302948008197715 0.009316622039043692 0.016557565103443292 0.048093031167511846 0.08416547641275922 0.05843186686661875 0.07960925292780358 0.07354599312863551 0.04393758840967831 0.10128241733083936 0.04485545035504374 0.029641922775531373 0.013427007794802898 0.00149159573785257 0.06389922771612612 0.04539060098502588 0.07118827538542581 0.08027742463088391 0.02247983364813064 0.04937936750286629
52 0.029824054388333347 0.028405190551533066 0.0014136342881049414 0.023203842303155232 0.07324170206632105 0.0019629569741055363 0.006425506187367774 0.08445937338980399 0.034315298113822466 0.07115684940094405 0.057357504248044026 0.09156372185349974 0.04802935592171534 0.07452586028909394 0.08122133930088651 0.08262086355868711 0.013490657990976328 0.07756326584558046 0.07475496531778984 0.0444640580102353
53 0.07261996728621001 0.06132648966269048 0.03659851213748679 0.05421801835922242 0.035022263461341546 0.08194757354057496 0.027671657110790525 0.010207161062734855 0.05395061888418409 0.034130106048070236 0.043781314888662354 0.0731991780753094 0.07771108850520958 0.0885251346074019 0.05244909547857542 0.04222889642480622 0.016384613300271376 0.08641637733206926 0.0020737266231136073 0.04953820721127497
54 0.09593509331450577 0.0652624234484393 0.05907420165291534 0.08859476956841279 0.05136072119369701 0.0034246540418611617 0.003113308508430924 0.097927197898793 0.013648099732323492 0.020993369741348678 0.09452785882074602 0.007241782736424403 0.06956913179457799 0.06299483736869284 0.004252877277488015 0.04779998039584866 0.059671749520570604 0.029771484252940107 0.08739837428743802 0.037438084444545855
55 0.08357257240449009 0.03426031792848156 0.029975582601879498 0.05333806218692275 0.026290109189487678 0.08141734011165977 0.002489984416586494 0.09858273355251568 0.015442761266539267 0.055314734141143754 0.023518127051381645 0.07762438566129043 0.03727468253915556 0.004101726384477845 0.07213042896049078 0.10079122149361744 0.014461626756638691 0.09112288588567487 0.036523961671374436 0.06176675579619186
56 0.03961430288869434 0.10458515891175828 0.05411633871326321 0.06101180267786836 0.037011761281752556 0.006211225498200603 0.1031906211062237 0.021986942628523996 0.08080595127903556 0.05111532408520893 0.05708043515948482 0.09579720348401423 0.04373278011521627 0.00012204135586909808 0.03444910782313162 0.06825753150906899 0.03136713777648431 0.06758006805057777 0.035633046312645564 0.006331219342977697
57 0.05545430748323572 0.07108034714637451 0.06875461522595724 0.037096381354013955 0.08609593015123722 0.07314368399602489 0.0026588856053717438 0.08432325947345867 0.012411203345628594 0.017810670873880483 0.038750181238579845 0.0505075673520404 0.07314549930128646 0.08604113883203521 0.07176697583593702 0.035660624696482617 0.039640130270899486 0.023885061007652513 0.027156788772357887 0.04461674803754565
58 0.030066906161642058 0.048165773995668314 0.06682835311450225 0.05408129648341431 0.039206046209012094 0.026310727413101236 0.0684795238858859 0.06673346203635683 0.015340711038216479 0.08841915923290203 0.0825762531105113 0.08917876233932834 0.030719923223965252 0.028479145871563378 0.0041328720510933874 0.040842261986215364 0.012014738216340238 0.09038668705517718 0.057626363589094974 0.06041103298600914
59 0.08206448865612546 0.0744159420193966 0.027640363479859136 0.016975806612396328 0.10292869878687397 0.04138145978817401 0.023126988366369606 0.027949867224168003 0.06486020188051239 0.10340568291166757 0.01229604206149665 0.08624007896173372 0.04213515780862709 0.040825289996440466 0.0693640621712932 0.06147749614654028 0.021652161925201426 0.07241170407652794 0.00704238373109036 0.021806123395505632
60 0.03200931757978995 0.011120493539455104 0.04405706611019499 0.08382432560931234 0.061828714830455135 0.04830750426949567 0.01191919330586907 0.04459269434668758 0.047650748540865547 0.052937313051594305 0.07582257126449986 0.07237412467359519 0.04768099675631194 0.05208507862859419 0.020125949838891082 0.07926966333673445 0.03655913976716183 0.027502121076122647 0.07346844176786821 0.07686454170650069
61 0.07470743739722216 0.04801382815963517 0.0010632958875108778 0.03904922068912018 0.08362819806936732 0.018897459359594138 0.028192045329726433 0.08827722737556899 0.08555077706322373 0.08314400846386533 0.06006239909077395 0.03505131514015073 0.0304269529864807 0.018706659383808378 0.041162332429671884 0.03589278605792152 0.0614418544248128 0.08430420742150732 0.0074812490182153985 0.07494674625182311
62 0.008043947685726454 0.03696569034181256 0.015660385979080663 0.08109321840719336 0.04396299910997657 0.05442937537695387 0.09530767172050998 0.07033132515210488 0.034036070207734886 0.0032661808263261295 0.018113586790451466 0.0959067475524256 0.10019327328387408 0.0292976156103449 0.05550263854277249 0.018141944650248654 0.07820691294779103 0.07869998896042575 0.004284162326783349 0.07855626452746335
63 0.020156070216158745 0.06759052665742608 0.08751475015323265 0.027537744516085098 0.09264310372870785 0.045208143717708114 0.0757940881431615 0.08939962545843676 0.024016661856623822 0.07976623676214142 0.033325785424351884 0.03886561050129444 0.08197662660645569 0.06405212650961353 0.009170978955946027 0.022121990158517183 0.02550292819037674 0.014054147490867447 0.04189020034808311 0.05941265460481191
64 0.010051907509767739 0.0830477497902038 0.014320156473424472 0.03324243987336974 0.00375057422767088 0.08724942245111228 0.08004625277379843 0.08267199624636491 0.03928018441429557 0.09304273736306656 0.05874600608653864 0.10144006182624023 0.03593532367573588 0.083085554986461 0.01776665863794385 0.05399955126238469 0.014147036700946412 0.01849239413231086 0.02719034086627569 0.062493650702088316
65 0.0993898581400266 0.06821580053864629 0.07292090674190513 0.06203019239816602 0.0166480280333475 0.04891893225239581 0.09750326205955735 0.020088643942035935 0.027367363016671562 0.026975646529428174 0.08187303663606663 0.037175101555646024 0.009588777777615902 0.049885853003969034 0.09672427743701628 0.0404935373679453 0.08966542235504248 0.006464409154685942 0.04438547575194273 0.0036854753078891093
66 0.03160070969475834 0.016088733377811117 0.07925548260237718 0.0472154423126243 0.043594169386523204 0.08978416851354087 0.09818010743781154 0.06534671596877166 0.1327397704423309 0.025434534739771062 0.009183244284078641 0.11285315832489425 0.008786357704742714 0.02363579889241185 0.07382039386554924 0.026223636290032635 0.0041324713892180835 0.0013074160266218634 0.07618131222455156 0.034636376521579
67 0.09502021683662552 0.09261006780067074 0.05410042721753114 0.004989990085101049 0.07399540373593971 0.05091184335994647 0.07594129556502495 0.027253353473004092 0.0738673532236522 0.03763550860743957 0.020146708478438573 0.060568322319054804 0.039454613945346086 0.06391510861288321 0.01309668512106625 0.01895208475818812 0.04150661396256571 0.047985114989084095 0.0726098293419421 0.03543945856649556
68 0.06723371141848883 0.02044075568845642 0.021571752669288076 0.04139223194255142 0.03946579927777269 0.08370057957671793 0.028501989376624452 0.04321165606191093 0.022187302857924265 0.04922382079308079 0.07505581302138496 0.003111432019038102 0.06557795977737985 0.05945954303823722 0.08401794455329596 0.06832652995240733 0.050519037989645695 0.08022834674228493 0.02942359470661443 0.06735019853689586
69 0.0518658786279499 0.09709703767148477 0.06003498118302449 0.0417259556029574 0.053356680338503014 0.01096345831622888 0.05776990463574902 0.10252534918018019 0.06855297228752733 0.006673290052793877 0.0058121510105593925 0.05590156651944554 0.10197734342740712 0.09468813295598615 0.023936173679869777 0.03633725662335973 0.0324417984447661 0.03773320196797534 0.03054776976452147 0.0300590977097105
70 0.08598189299538771 0.08438366915670574 0.013228028244221878 0.0859424550332374 0.052862612230089354 0.09494461450336221 0.008490309013471939 0.019031717543493372 0.00879574804200228 0.05446258865471359 0.11103815010405324 0.024652860310072022 0.025410921361726724 0.025337088105518712 0.050776185541424705 0.08250089784074513 0.044945044162198425 0.012541281573422694 0.04081992565469921 0.0738540099294538
71 0.034651614042705864 0.029469403378138435 0.0612182332241004 0.036215718471874464 0.018177830031630395 0.017575423676587335 0.08138344602750272 0.07455884113000463 0.08996324566211178 0.03813690690149301 0.018583039191937042 0.04276145403065338 0.1007142254575508 0.10383775952441175 0.08941301365127656 0.004168872489225759 0.03346587488119563 0.011581264619072024 0.03488439638605556 0.07923943722247237
72 0.03745815913979888 0.014730675377347319 0.036893037384847824 0.048968758732366696 0.08180208972800511 0.05833972760317046 0.058086086080709906 0.020310244109816376 0.05812121750995717 0.0753422745162603 0.028900091254066774 0.038173785583872 0.06292873303604815 0.08853059905410386 0.01991107516897711 0.06364158536340146 0.0357544856711287 0.030061980580248174 0.09620539932366494 0.04583999478220884
73 0.046012498439862735 0.008668793446209988 0.024747431250308982 0.054699725846129116 0.06129180859804233 0.10097036911383049 0.11141535937393722 0.01936756208986558 0.081075323588482 0.03310180558950124 0.009437445870412224 0.008234939976839552 0.07916517326507039 0.039471227428392916 0.0980011623366983 0.06471864480603833 0.04419775715852533 0.052839513516035164 0.030130505286430714 0.03245295301938748
74 0.10425436415521977 0.11502281772656742 0.08719045808794541 0.07264866757427665 0.014759058050927922 0.048480661237300306 0.029442289411462128 0.028528264912426465 0.07347426298900936 0.029837161531297725 0.02121157743122301 0.0044934357607417244 0.028347198455999742 0.036503714127204004 0.09314861431705589 0.02721262544536834 0.006959739302615434 0.10917902458734671 0.06607074447934753 0.003235320416664437
75 0.00772998594374032 0.044209430263297975 0.06593416574769238 0.0026607749977578497 0.005961145063684824 0.05026150495613767 0.013426993286349243 0.09847433224850158 0.0869230698113617 0.02582989751913522 0.05032260329097952 0.08350962794717921 0.06753685654761162 0.04658524953590734 0.04843722997429076 0.023264018304107712 0.04102351576513863 0.06577035763715866 0.08652766731384277 0.08561157384612492
76 0.07459766761565206 0.0801804486484256 0.011806614561418566 0.023128218892260875 0.0803300242713447 0.009331605823895289 0.018772589284307153 0.04581639912682251 0.10104026657150593 0.09150017173612411 0.10783638633378347 0.03867672218882698 0.03565850359531549 0.021552417454471905 0.04890889449909233 0.003765152279045391 0.04515100095050954 0.06281881704433333 0.03717463996466536 0.06195345915819925
77 0.05335868365694187 0.06324831434610236 0.06549404739281765 0.06750288162151678 0.06820050254780542 0.054895297316618595 0.06619155201366898 0.030418501977185583 0.018452160556216474 0.00920045710116906 0.043793333474072195 0.06840485247435968 0.031472792040481125 0.058955615636641326 0.04419145855850517 0.08082883748169055 0.08019753477306296 0.02972723032425686 0.038897426125447936 0.026568520581439468
78 0.05848164667413287 0.02639427860980119 0.014923820222078688 0.06531288556315316 0.0869470829993051 0.06885528164249348 0.04282099355594646 0.03367726419452456 0.09076942093089352 0.014171751526645732 0.026925878138988547 0.0076506156205062075 0.07732405942673935 0.02501887404971698 0.05276180615296369 0.029663248968393768 0.05539490261726566 0.07720287499400252 0.09058039250938744 0.055122921603061086
79 0.07370464763000953 0.0752288095141176 0.06573731182031113 0.043156279664312715 0.01611257011783569 0.012265855653934699 0.05598274818860538 0.004978846442232327 0.05974954420993409 0.04011889968361767 0.04947390862426104 0.02333714694188413 0.0671624678080675 0.061943078907405344 0.07314021974417557 0.06460920226616117 0.02240722734512962 0.05132498311161439 0.0684228218273398 0.07114343049905052
80 0.02096752065473794 0.03976822750068527 0.1044115801496023 0.1141652401747523 0.03354236667023691 0.09507163622560388 0.07204070874570127 0.020352295697262022 0.01444557675931969 0.060519918986653085 0.040617860227024474 0.07732014154925874 0.023526336432362058 0.04448513216398406 0.051501524260087694 0.0024901375481728326 0.07068794228015998 0.04519407494164733 0.045035890322004855 0.02385588871074313
81 0.06532772246485834 0.03153932304936771 0.06964353467267277 0.00550975686947934 0.0008693660028335178 0.043370372137304165 0.021260195820531465 0.01289240861501763 0.0442589191010535 0.03806234762544955 0.027167284953995896 0.03935061133062563 0.08469959184848062 0.08504442659853607 0.09996832722930873 0.08395572593129927 0.056303816157788046 0.09087594696040241 0.013553148009425458 0.08634717462156995
82 0.06546323795180073 0.04926698922772515 0.05691641441651463 0.03653325189530883 0.004332730655957094 0.02395539901680872 0.08303975537646528 0.052330526763690814 0.03964526671831789 0.019721273428370416 0.06439747706995234 0.0776675312476545 0.07833650465452428 0.03893069093586357 0.07774392499695719 0.0310335812484023 0.08471124318337078 0.010596730244937251 0.0446410724585712 0.06073639850880703
83 0.08269380763618284 0.07555731937109054 0.0695914632449082 0.017883698367055362 0.0672093230761339 0.06977593676764585 0.06608560172992296 0.04067134666350974 0.0801121715039895 0.014262428982019607 0.049735501819443854 0.07095172822464683 0.07944289318204288 0.04253133327346106 0.012382306442546237 0.02692558498504564 0.02938262637036991 0.027801269808765995 0.028460778241898337 0.04854288030932073
84 0.04620014248738203 0.02237154063804064 0.08899626764027736 0.04959980335404375 0.013003094381073324 0.0650180717980287 0.041633456655633144 0.0065081065152772545 0.019120147979580684 0.06146393797020435 0.05291367281318696 0.05151651523197424 0.08343872040392798 0.05412896275503123 0.08780959179079281 0.06656883797893424 0.024338188038865425 0.03169082811952525 0.07864460686766583 0.055035506580554894
85 0.06094264678705099 0.025316989181990927 0.05548207310489814 0.08260683197554833 0.07516738822094003 0.05352106292032827 0.005423061632419337 0.08193475698644564 0.021990460821606213 0.06326631576599975 0.046826865187115686 0.09222576242140651 0.05289135850388125 0.02400975059941805 0.06911018020635193 0.05218920507403641 0.09235148699555111 0.026290098108196436 0.006103032290414301 0.012350673216400623
86 0.003330623117209226 0.03597346092651303 0.013849024040840999 0.06510019583146856 0.034732015480331946 0.03188750198383959 0.028244323436303842 0.08841169482328502 0.025448357374366216 0.06311435062237347 0.10329716147740792 0.0849018020174961 0.021236576411784964 0.10116226448323949 0.0009103097266007496 0.06710906129614605 0.014232182679641943 0.08929275313224436 0.08390325459337111 0.04386308654553551
87 0.08263698050640196 0.017472691374126412 0.0025526124278338652 0.03471215757287971 0.07065622461542906 0.06064418086918342 0.0029225049862808246 0.034961160383761423 2.4007028236525682e-05 0.08586437221674395 0.07111054112441138 0.0661606498078806 0.07838000050792686 0.04013512474524911 0.08840771043865288 0.0025241061515025236 0.030590890147801923 0.06463683141569058 0.08772402351766444 0.07788323016234264
88 0.06657345815940663 0.029844364183625502 0.04866958200217905 0.02860372144998255 0.0463165190222773 0.06928007212523772 0.06366152393515138 0.01030300844706551 0.0724033273989713 0.057532816583085435 0.07557511106555732 0.06366255856274386 0.03941262254148113 0.02009470992994404 0.026568910917616706 0.07087496908912405 0.07436527346081755 0.02963339474038102 0.05005718040795238 0.056566875977399865
89 0.032748161369987525 0.06964265218051362 0.019432890886052732 0.08057888819307747 0.06562762461953665 0.009141632463563526 0.045921116293795104 0.03642421998650741 0.08361358185154336 0.0753371466692722 0.011139856685020329 0.01690684073648448 0.08125769780822802 0.034635545490498715 0.07475236313512305 0.01341975027024068 0.04659717316919301 0.05891271103052645 0.08038978511017451 0.06352036205066122
90 0.06878572030513615 0.07969338184458646 0.10104624881446733 0.0614432171833445 0.0011269303765527657 0.043469570701352406 0.06748809756833377 0.026025661943661325 0.10793041654050599 0.035213170444387105 0.021446295428890254 0.06711384251231897 0.11479559423247902 0.026606266747916368 0.009316513442859387 0.03408918762802027 0.014281151184797784 0.001963085215035654 0.02015855140134626 0.0980070964840081
91 0.08336720524305495 0.044887939331243534 0.03685010602424251 0.030352151390696597 0.026769225349223547 0.04965817532933267 0.07411566460541408 0.08022257848403884 0.03797853767747736 0.08492593377324723 0.01851205312416448 0.056454136890051534 0.049663304105888685 0.006975267481248852 0.07511685731108009 0.0599503482843452 0.07816462186144087 0.02286370560926047 0.07329491766441756 0.00987727046013084
92 0.07252007949349967 0.052971125614430216 0.04631840227930182 0.05484487108313044 0.07088759025149659 0.07283847082082913 0.006931394171143082 0.024893333215887246 0.04184180232538427 0.037822363441033346 0.09784735345637394 0.0922341624453414 0.010832891535023486 0.1001205804904313 0.018800394306706224 0.0792679593827426 0.054181692009564845 0.009304383809581753 0.001105360053628341 0.05443578981447039
93 0.031146175255963693 0.04970498629417752 0.1133042875660482 0.10736590939325812 0.023017209047040355 0.10360665882584165 0.10341252741697911 0.05970026346395298 0.07733723147815572 0.10649852888031015 0.02471886224879212 0.006996867402268218 0.013656180048204998 0.126093037655983 0.011921782115830223 0.01388691572479558 0.016844832850987965 0.0019502837500703439 0.007226411073219032 0.0016110495081210741
94 0.0842335210897086 0.06841602828265625 0.0856505506563735 0.0482340671444926 0.0822951952945578 0.015337118986233326 0.0029232941387336456 0.01601992701727812 0.08673610112532809 0.05558759473896619 0.016072486470069033 0.027944690442428068 0.06936081957325364 0.017007701243378127 0.026191620543017605 0.07461354161573423 0.0535760534467378 0.03925092224078383 0.05124633731765988 0.07930242863260972
95 0.023958639829156428 0.0486576153621263 0.04260697726226813 0.07532277373427776 0.010961836267794876 0.05415723306810138 0.056743638438104 0.021410818313570217 0.09526928700948625 0.005188189361631324 0.10187747890210329 0.059659892062571364 0.07374935517339276 0.01675897840037814 0.015454291558993515 0.053077020287704134 0.04935339584383441 0.038611249222502246 0.06573006792721645 0.0914512619747871
96 0.043946149013696395 0.06246989358783296 0.06761100933402403 0.037610333064633905 0.04577641508679589 0.06946221908049587 0.014441682233034199 0.023355015894544598 0.08087369424651868 0.04468552089552401 0.05466358527020241 0.07820083035030725 0.056094409460175076 0.05958456504068063 0.03955339895825992 0.00039593456444834415 0.048837932800376786 0.08699041853798195 0.05712875156250064 0.028318241017966452
