0 0.013986063384673212 0.0753041755045179 0.08661677340373952 0.02913082247867997 0.061980334734347574 0.047315640450827964 0.06974177963617638 0.007806903480400419 0.07695360066640271 0.03985229379544938 0.043320051692925195 0.04097039973382581 0.017410184690184318 0.05336659972399533 0.0355521109190922 0.0664948588176968 0.06546732562172258 0.05747532185198899 0.0638115424801109 0.047443216933242854
1 0.035198280767974786 0.05324211615982435 0.011542702843185452 0.02184830796795871 0.06185764480076416 0.028157731586597023 0.043686650157213014 0.04538903958934365 0.07617121883176456 0.0657864922853201 0.05162680379124911 0.07333940605575802 0.049543436653118514 0.06155323496772465 0.002383509688435606 0.08037104436756676 0.05558219958206663 0.06145852150163173 0.04870472078568537 0.07255693761681778
2 0.016606250123392924 0.017471840117525905 0.08179073964468309 0.08845353277585993 0.015155435437289816 0.006549809215831385 0.02448641313156906 0.06548664054683902 0.024988602191198615 0.07789378751474806 0.06560018557270944 0.06814574960196372 0.07889609920751872 0.07105702501111681 0.059377126184063274 0.08529036713812159 0.006106739219153136 0.06069623282755645 0.0464232433518836 0.03952418118697553
3 0.008683940228733127 0.02473645902826238 0.008892440742480835 0.04338155096807313 0.09830312354081004 0.09638840906372628 0.005510135014496063 0.04080917529838661 0.04813681413627537 0.10269600640030215 0.11591214427591132 0.0115209795352077 0.012050583806898902 0.04783141936735283 0.030449714859172233 0.08464917360505625 0.06918460667220665 0.03715494575827936 0.07984491043424115 0.033863467264127554
4 0.08947134394388614 0.0014016063245090617 0.061507135151411194 0.09366362861001631 0.053487291651412444 0.05822189286760832 0.01481732481903759 0.026204928256677935 0.10286508274087232 0.10186997352658209 0.06744194486049519 0.06874293100861248 0.018337435457055126 0.013275027842629565 0.00916661732262127 0.024712464746784773 0.01543586247458933 0.07231109454348669 0.05405968503503463 0.05300672881667764
5 0.002238164950903317 0.0732688184466358 0.08300485856487028 0.06385455757069804 0.05755962539888498 0.06522810313738985 0.06323667789128266 0.06148572786352175 0.09064079923219112 0.06381059368743122 0.06523308566962426 0.024324890695342233 0.024687305257069962 0.049096398000980604 0.018136718710324906 0.04461346251813729 0.06439232624742039 0.03597618234904282 0.036254531907906375 0.012957171900342278
6 0.06817972189237566 0.028005658194288473 0.08378200022694471 0.029319878899810255 0.05427736666795916 0.04911720898565058 0.05970469316266845 0.07971685569959666 0.00034451807129008254 0.041328113730721934 0.04931477290411265 0.0697536590574293 0.03894023933445127 0.04989567348368663 0.00621414111223756 0.07543230807423945 0.05609461249545006 0.06909713477344998 0.04148964525803037 0.049991797975606676
7 0.0016194413258963016 0.09060485713019202 0.06799379827187757 0.01814046755528574 0.04724437629701239 0.04801919613299763 0.0790260482214254 0.024910034870021382 0.0921828272093314 0.09064091174425794 0.0002748981715384414 0.02863213808033058 0.040989497548663545 0.07568579409006346 0.02533878925847983 0.02223069935548524 0.07595706831092511 0.03539529666231892 0.08870633826315574 0.0464075215007415
8 0.10070461740853615 0.010028042517866523 0.049786039266265625 0.03880895177985513 0.00045749449949919344 0.08816771238968266 0.07039515552648201 0.06119428118340195 0.07995177995049634 0.02957586145634667 0.01517293943475351 0.10436976918781568 0.0597049175510046 0.047486619254026655 0.013179560431331085 0.050012053893853624 0.0599557759162915 0.08119066673905821 0.0027656396683879716 0.03709212194504494
9 0.04392137298983728 0.06528247300167839 0.06320963612503262 0.06330543259459347 0.06417371369027182 0.08316800457052666 0.04647635992771283 0.026335980160207433 0.049045767570211854 0.0645631491104354 0.08884313699969168 0.06550225435991201 0.06007990740248119 0.07731653871508123 0.0452791831576333 0.00951339973939678 0.05226719086476517 0.001625823099944256 0.020170370983606 0.009920304936980564
10 0.08340408099629598 0.02319465440813145 0.07348381937656832 0.06496689194398847 0.047720335517106506 0.08519153555285272 0.030052799897262908 0.017826948444396307 0.054739308434456645 0.020929457229945197 0.03740723548340076 0.04833272981544418 0.09047384591849912 0.014799336878456274 0.05114381991246975 0.014409688389572984 0.08656767538168736 0.02130688390277546 0.09886632946117037 0.035182623055519294
11 0.007603846359044593 0.0764569952653472 0.051024212284347524 0.05660514230980029 0.054294348092789935 0.008258376820427902 0.043935516198558434 0.03851876586915326 0.06579132503805389 0.06885354245418901 0.06544934182501391 0.05475093313976494 0.07210831503753161 0.07642293961206972 0.07834275037076882 0.041606865049330616 0.043584633420506266 0.001746383779339466 0.06796491812948734 0.02668084894447533
12 0.07439515437382105 0.00965612466983618 0.02353148411139815 0.07215407249677322 0.03176207141866539 0.02695744476671123 0.06064830322721853 0.06817772986928433 0.10209325395481522 0.005996811130762563 0.07357831115797259 0.10223169733508367 0.015615291345460657 0.018571939430274076 0.07885043591897511 0.06474531862635928 0.06813078559202797 0.05480516239244108 0.01928962049471857 0.0288089876874012
13 0.060369858359113585 0.001348699631812544 0.046366089953514045 0.033449972707905985 0.08892426753525394 0.05433164079093356 0.04564840647352108 0.061240124802467155 0.07145232115421088 0.06744322479684567 0.09226805765727786 0.0726809721467798 0.06098680854886825 0.014133252145578024 0.007587818610179919 0.02775181718157886 0.008079876955368985 0.07077042430545732 0.03614088506290149 0.07902548118043118
14 0.057188262521070045 0.041854421731370606 0.0655947564962388 0.0032134241306809768 0.014608452851242284 0.013415515673652194 0.053698207106257535 0.08099084673959508 0.02344476979639252 0.00190336804678996 0.08001911794610657 0.10067831029281157 0.011363315586621646 0.03278593183826911 0.07948713265133792 0.10296687781637875 0.059836720425264736 0.02642977453960215 0.062215376884981244 0.0883054169253364
15 0.026308437822566217 0.05994811494073468 0.00021069512435500253 0.04016806779052299 0.05252029669507173 0.09370327979365843 0.09500979398110562 0.06604274041000023 0.030660582556412092 0.05705792982953672 0.08435983557693086 0.08702847481141517 0.0005496290596176584 0.03999028902527973 0.11513903934360968 0.0019349243854656743 0.03527420344882777 0.003668798275053691 0.06739307414215658 0.04303179298767937
16 0.0166086364849952 0.058241752211732875 0.00415889603813948 0.07446934586310389 0.11382597245619584 0.0379445196036633 0.05283390942992647 0.054093384019474694 0.05151785678867049 0.05168205628992837 0.012346972993862929 0.08012103385501755 0.04631093968606791 0.04850363729901205 0.03486172632829642 0.04750908098587554 0.07968159524079133 0.009295015672086045 0.08981587780942511 0.03617779094373474
17 0.07255274254360287 0.05530852147729348 0.027583984536669662 0.045261957705899296 0.029539017661667992 0.055886767396144156 0.051581668374683295 0.0741727562539519 0.03476409576033024 0.030073656425194644 0.040037202098129214 0.0816570418099452 0.09210237287889994 0.008790058544700592 0.04469886441419803 0.037912629934044845 0.07745606122610274 0.01986181348991032 0.07013938328140253 0.05061940418722909
18 0.022333453259301864 0.07910561692067446 0.010627442118854412 0.03357859388850027 0.0924382319632199 0.0819842517462195 0.06514973678002346 0.06775592182414862 0.027861220215544578 0.08713718580336834 0.06646488436413678 0.05718810390417577 0.04541114349165623 0.031636293954001894 0.07284158920770208 0.007445125969478488 0.0023869688958461244 0.09577435801756518 0.019240487290627304 0.033639390384954664
19 0.04987217348145289 0.04880910769894297 0.004902102339924626 0.08474415874757497 0.012303243601489324 0.04860590630224824 0.01285274813620476 0.0520349329341301 0.05410235252839218 0.07401706845511612 0.04760748426850503 0.0758230983443376 0.013449237197338846 0.04880409019188968 0.06586095689702058 0.0435211661732295 0.047892524775253444 0.021625927673404877 0.09270737513191422 0.10046434512162998
20 0.02932506945248571 0.06651011326303331 0.029336808527596663 0.0639913044051695 0.038392258835593204 0.030877646042044547 0.04120852534546623 0.07567490243855593 0.008817684077995621 0.09515174968047113 0.08801076903476511 0.0837882042299602 0.05291551043562672 0.0729945135094683 0.01123149610807097 0.09344956169867097 0.06106205331559531 0.018606633355320732 0.00474357557407721 0.03391162067003249
21 0.038673995029390694 0.054893444897288424 0.041024023484774574 0.08758312439740837 0.00985876107127183 0.0022757081335278858 0.0745892519205772 0.041091948281358676 0.07655135554150033 0.09740317631696836 0.02680112422289461 0.07550077154980647 0.05212517853306229 0.08120109265295289 0.0769402555871191 0.05953334093754498 0.03947295373331565 0.004834337457376408 0.002410371280854681 0.05723578497100653
22 0.019018143023289 0.038143383421730404 0.05013576237119979 0.10076565479624815 0.06139640940577217 0.032695951760936245 0.056704660017883234 0.10628361923605151 0.006448842482917457 0.023809022714756573 0.0931382850802025 0.007886449495153842 0.004981146365072317 0.10018192272164285 0.025357804582969327 0.05386181266788433 0.04985708947794937 0.03588151521295675 0.08879082734027573 0.04466169782510857
23 0.04794277957958995 0.04887426821862173 0.09379892605405342 0.03206554781921646 0.015635409310113032 0.011407982768022478 0.027605993519557767 0.001931757778713749 0.057910713875012565 0.06233650617299232 0.005795567631352613 0.06921438992478311 0.10701041986077149 0.02329705287245282 0.0571761025437681 0.11264384098351052 0.04731721336849534 0.036214787755336784 0.044845704055309465 0.0969750359083265
24 0.04164467334744793 0.07163133967178911 0.01340356770127331 0.03694081010860653 0.062039792271643864 0.06396946189519978 0.006859840656554034 0.07303235483774573 0.03858771724144525 0.08313576464995767 0.016386053116345122 0.07796058235619167 0.04964448545359419 0.06757156732283547 0.06950315101303388 0.0742793930414797 0.02694005709246963 0.03886042975490201 0.07826270237004483 0.009346256097439994
25 0.05295653901717249 0.07978053211380536 0.07618555129806497 0.021379708339026568 0.037863610347022646 0.07249372272383287 0.0698252264686253 0.07624560003446684 0.07876346311683662 0.06281585754348118 0.039992585380033106 0.0679070277291782 0.010831612839316034 0.06339243089366277 0.0037364212630961267 0.011480087785869213 0.034889152607434235 0.06244798458973074 0.06223918570610879 0.014773700203235915
26 0.01594607484025666 0.004478681718175631 0.0822964485505108 0.08638982433303391 0.10008008782086086 0.06742718611230822 0.10468514167821161 0.09599604069307166 0.020275851122502773 0.047378717231674645 0.03027959326157137 0.032838796412049544 0.02649597941174244 0.04072808974207882 0.016751358913351704 0.056728227902408966 0.017399584585840237 0.023419341505347545 0.052554795230994426 0.0778501789340083
27 0.06248276201788678 0.04002288790144647 0.014495379544988201 0.025707718276145486 0.057197292949607875 0.012557848795352019 0.10558147748329517 0.06818407703791649 0.046321084889096385 0.006227037261634669 0.1123007979498861 0.08838977603301715 0.022722773970096248 0.07424194129911542 0.04990636132616632 0.0020465697719344055 0.07520492380624891 0.040147918798582365 0.05887302814501221 0.03738834274257108
28 0.02565360924506659 0.009954673145697904 0.10077205764208194 0.005867026175792139 0.03177860174577814 0.003324589486897768 0.020418782903543937 0.09996012458154396 0.0075818236791052665 0.039920902481024055 0.08815577690261456 0.08639694857447301 0.08265692342630857 0.006457025759116278 0.055913563143069944 0.1033097311046318 0.015218768943225297 0.061554963571660654 0.09349334882722087 0.06161075866114732
29 0.05149684933161537 0.005052589845284641 0.023095612945710123 0.09947807315387307 0.06697082139124295 0.03971304584077128 0.07710912225485646 0.042162827383539145 0.02698462381753854 0.04986962642915082 0.003258567151684056 0.07558486988422242 0.051843973428135036 0.036510961471393634 0.07049939524044257 0.06730796614500596 0.03384003335226138 0.03350157822627561 0.08004835138412728 0.06567111132286961
30 0.02859318268062766 0.07870783274197872 0.055789981357251335 0.08474834441915494 0.0449116556022163 0.06191422772146657 0.07494976203742001 0.024165979677822285 0.06481044452268583 0.08168110703413266 0.07446739720650618 0.04318047808596149 0.03292642371314858 0.042320971795657185 0.08307153628656441 0.022096013243657082 0.02753090494877572 0.01637030778939399 0.022388195121165 0.03537525401441396
31 0.039694441555777414 0.05096884052394367 0.05349659439567802 0.005379120266545918 0.0051638355735354425 0.040454942328609404 0.09192256678810387 0.05725519660420979 0.06503977970174561 0.09655342202505418 0.07172568816442422 0.056892101954068096 0.04291767799082546 0.09148963822795818 0.056574264357390165 0.03136701231312944 0.022413384252937308 0.01808941077696912 0.09425575619795792 0.008346326001136965
32 0.09208846465856077 0.003873804423026197 0.08639421133354688 0.004723809118765545 0.05477853935748782 0.017789883963398728 0.015138242719612753 0.03891132491768565 0.023900388458845373 0.0923942214796592 0.007953401152686484 0.1047435249539767 0.02418482982992338 0.1121776391228907 0.05865812163860348 0.07475456969592813 0.03177456211753225 0.09204299896657399 0.031653238878995626 0.03206422321230029
33 0.05178364051295073 0.033838502258701185 0.06570015938522429 0.03837082534069377 0.029470496496933462 0.013675088420675071 0.07461561760639238 0.07174887261985344 0.023430455477135927 0.06814775788978586 0.06275257795479182 0.032094315474725806 0.11488713590946593 0.07161076438687482 0.09957080188570867 0.033503902054517136 0.08770917477207525 0.006682261677427672 0.0002339953739200335 0.020173654502146813
34 0.05628484529981407 0.01390338550075955 0.0533904345999067 0.05024065490410756 0.02635426157097299 0.059553290554767074 0.02436884385758532 0.04381259361809514 0.023276676623791636 0.07245413424220516 0.03154041638204161 0.06017566466618691 0.014632994202799544 0.04941810333363124 0.08970915995152763 0.0851869912600514 0.08652340436916194 0.058388008096803085 0.07109525776519031 0.029690879200601168
35 0.004991007869087223 0.09738282164361133 0.024886410871655818 0.08011576551186654 0.05563532871286239 0.0774866131979917 0.06412173660772484 0.06995355957982007 0.03476456028171339 0.0018269016292467382 0.029867648051318727 0.025381683165032056 0.02393060977271588 0.06133568221971313 0.04846105993758423 0.10023450866298546 0.014841356093769839 0.013075851694302256 0.09599420700868404 0.07571268748831433
36 0.014197811620881516 0.028301002829883293 0.06253183187123043 0.015917326395786857 0.020142700489136495 0.0041426118218312324 0.02453360098928854 0.09933464153794738 0.0021392344963752506 0.07350327725995184 0.07468532148475533 0.07378844592312458 0.07037525428849442 0.05156033323858859 0.011741550590693784 0.07738525218905051 0.07959331107425441 0.0615867193863152 0.10067004336758124 0.05386972914482906
37 0.08960231757220834 0.039550954983269486 0.05088388494063343 0.1056116773593347 0.07469820473686999 0.00911498086399731 0.128267278182571 0.013226219168780808 0.028689153255566258 0.08131608899680126 0.07346499313408987 0.005818326644329084 0.031621246668352004 0.040270883945451086 0.04213778280082632 0.08997790139449396 0.02442928837924557 0.009130046873142238 0.009808940629217933 0.0523798294708196
38 0.12838852856290797 0.061254934430394606 0.02765323678808858 0.0924777581746315 0.12199234246307392 0.04718547481443208 0.002124970492259369 0.015133983854151432 0.11201888290546733 0.013028682017660295 0.01208892499389242 0.03465560739250289 0.029607565775238064 0.019206436162242616 0.003912975078582149 0.07287674923619829 0.007576710952597091 0.06969925694506274 0.10949341723066158 0.01962356172995504
39 0.006901719365556389 0.09461150912654125 0.09810940813296512 0.07695042220113993 0.07087515074817312 0.027197779183630456 0.0006858350857347234 0.04627172036816975 0.03997078163159427 0.025809023404837997 0.03469273190470078 0.013779800638628367 0.0914735570872542 0.06149728020402196 0.08195459018380878 0.055136376002472454 0.056724170783646194 0.0005168767443221228 0.03621256633502736 0.08062870086777488
40 0.03701715941362072 0.060851172101837596 0.0259609655142206 0.05353161661630089 0.003328491348521147 0.05425537189739233 0.057141120916056186 0.057816596348499505 0.05600757087195153 0.013523326068177247 0.0937926361350662 0.05371690108404281 0.04370087234899363 0.030392728574316207 0.01124305832263226 0.09271775915267016 0.03271568922583092 0.05684424674556923 0.07891347991136492 0.08652923740293565
41 0.022314054407183925 0.06149793624966351 0.08504815451383417 0.023225028667762142 0.035245862899541736 0.011953664181851014 0.010537194503822931 0.05826101295615809 0.03504678379550715 0.08467568030747746 0.049236981055237314 0.0870486895547139 0.03361876771817892 0.08761061328220861 0.06933497454496126 0.020547007383628885 0.0670081303277273 0.027304801980689554 0.05369168247781287 0.07679297919203906
42 0.0026761771687340377 0.08729570654240151 0.06686837833981311 0.0771520672602313 0.048636141968309086 0.07139871520616886 0.06635496117906357 0.054866543395443376 0.02831400336551751 0.00042481591624241776 0.00905910405012029 0.06628203280430987 0.029810439653894866 0.07892291970599477 0.06632513306643076 0.08264459449141923 0.0017093028114313561 0.042319254192987966 0.08699446472600172 0.03194524415548446
43 0.04210147612030132 0.08324641167289115 0.033721457097300504 0.016873750905472062 0.07933162272949487 0.03390481721869636 0.061134675262430015 0.08330148668752206 0.029890597332157917 0.016591588597880316 0.07863269034475169 0.0016726578531264056 0.03693735119291931 0.08586580869124766 0.07385785529777418 0.02703525736652689 0.05968052611962135 0.030866330950290063 0.07917726594747915 0.04617637261211666
44 0.04753782658844658 0.01663969638414217 0.1018186032197966 0.0822702952004402 0.07358889153738588 0.04427233089629248 0.08596164154584165 0.07608468854320274 0.00935627093308597 0.055887714719358154 0.04668779737031853 0.04473151096405908 0.037344117385844665 0.0007461609014294296 0.004408033661428632 0.06563154706097708 0.01324440671702622 0.08352690050715711 0.09429032402897937 0.015971241834787434
45 0.06221692150056045 0.045639520292425906 0.05801312676808426 0.00241623258952222 0.05293257014017654 0.060568959475174856 0.09299676206237652 0.00619443558629566 0.03714538439079329 0.10758701575516284 0.06548687060411593 0.06837342190329476 0.05161981866585883 0.10685483935819019 0.054812874833897705 0.01575970619123302 0.03328061663916321 0.02177681852551842 0.022184379831891515 0.03413972488626387
46 0.09323999189825152 0.0050454046429253665 0.08283249584529793 0.06468884007642496 0.020905719398561073 0.02921917053747251 0.10739552366599885 0.10600306364586098 0.000294689765690641 0.023738432750429927 0.009179094902548306 0.048073454661403434 0.0760747148882102 0.05040803083509064 0.08446413474543418 0.05079373486232083 0.022687929986296658 0.07847483523921923 0.008460702626712143 0.03802003502585072
47 0.05264243658517908 0.01284275664667293 0.049850813141182594 0.0031087304832230515 0.02915880206868921 0.07246752887290521 0.06952648096094673 0.0056440834988878506 0.033622341684264284 0.006328760300735339 0.04910062628886802 0.08391050532426984 0.09217647683118088 0.05962229175223093 0.08105445630403252 0.08914774613279909 0.030999037367388675 0.009107960794413256 0.06857749933105453 0.10111066563107607
48 0.054000204666523895 0.0727098082447073 0.01663637818008913 0.08738941627420463 0.051856227301905575 0.02297731784184693 0.06904388645518993 0.09530230609792231 0.04565130110156405 0.02455211733883243 0.02213199250539836 0.029957858151882996 0.055688308996190546 0.08943232911717058 0.04858526214353884 0.07608959727429739 0.028016747597191777 0.06212195682808752 0.04202823697303024 0.005828746910425939
49 0.03838993479256896 0.07111029110547121 0.06802177541863665 0.020006122783671594 0.05057416403042505 0.005703697551686037 0.03570824911946746 0.034619598615163276 0.034506473632173865 0.06201945031117217 0.05230951365580715 0.07315391650933427 0.07103676697976696 0.09773955690783444 0.07515559311628353 0.06212604852265385 0.01759805001738739 0.012017229374008797 0.034473938527402034 0.08372962902908541
50 0.06686908534185797 0.055293486192374605 0.07809006006651416 0.026935309905568968 0.042796058650252246 0.03994220959366329 0.08875715820118045 0.05456941968872542 0.03199093531644012 0.03701332051448952 0.027690587722861273 0.05181716058404257 0.06274587949020394 0.05138634914817166 0.026254229906871842 0.06763103310604454 0.01823347953075255 0.0771314200978338 0.06609761813215317 0.02875519880999766
51 0.08936778150795162 0.00559895949159915 0.012123106423313991 0.0012280128695986224 0.0920933620658377 0.041012769980662556 0.07933325591815192 0.050224716413920824 0.003860067458839016 0.04485965457956017 0.09925707285071961 0.022412639769048132 0.03057034099228507 0.0628979773145961 0.058581649289314926 0.05609164497990163 0.07829124110923164 0.0739026720621993 0.08838886217493057 0.009904212748337431
52 0.03337820880383697 0.0051773397333408295 0.04660391365895507 0.06481386076340233 0.004351760389934137 0.05012922347659791 0.05963558346357071 0.08104394136578623 0.021084303156434912 0.09731628309817292 0.012785787975201373 0.03672882039904286 0.04352887746593843 0.015302881046296327 0.04038865870402518 0.04941055941536562 0.0727918814577979 0.08786697659228503 0.07283095874193207 0.10483018029208337
53 0.02804012607731795 0.04629896218475294 0.06606644914371321 0.0020737063638004943 0.09864649318353748 0.04847980819955999 0.006848078257615267 0.03874219458226622 0.005960303645826358 0.005270909762344714 0.05839494562040739 0.11015045122145578 0.09718469130783026 0.08081210841990089 0.076893444801754 0.018948417715736597 0.0861908856582543 0.005609562386738339 0.10952480947818873 0.00986365198899909
54 0.03965969926452544 0.02367958411772543 0.015864238656150307 0.0845797800996631 0.07510761724665353 0.043466151548505354 0.005430174241681067 0.016861559351889988 0.09263918446978056 0.09203403494085077 0.07126074819867566 0.058533817868688325 0.07722054875908609 0.015449313540142715 0.06768755571455645 0.07372839138203824 0.026266275030899837 0.08132384122022296 0.011774921862833722 0.02743256248543056
55 0.022140224226049814 0.05991748323777969 0.06632173023952057 0.04795199077148716 0.03487064030139413 0.017470060518071855 0.03212578159949376 0.07617704550931449 0.08395224071041944 0.0016010522912777057 0.06173282214318167 0.07955124209295288 0.0691043557374452 0.04185324730519728 0.049852083422411375 0.045359653815207464 0.02231293234889561 0.050303484581216994 0.055595976620350186 0.08180595252833274
56 0.027467639284257116 0.0201103842491645 0.060587790173545444 0.03384433183194508 0.05474013793745856 0.06660578597318437 0.008160933345922439 0.019115041226524625 0.07155622428671586 0.09788387870389417 0.021517816309202856 0.018698079120321964 0.0773072641839825 0.09688546003332678 0.020363202264145373 0.06380353625369706 0.08753602398388989 0.0607780093148688 0.07218417567230531 0.020854285851647385
57 0.059767780134909125 0.029630696346806415 0.12694527098631264 0.1022237015797943 0.011648614978036483 0.08311663013677538 0.05610122818221989 0.013180632393940638 0.07381276946210678 0.028737382837851575 0.06701720338075377 0.07118710521442008 0.015261873306533691 0.05294667091120513 0.01307878662644883 0.014875266305145119 0.04954193072115126 0.02205532881447899 0.0029291991761304474 0.10594192850497973
58 0.09364534360690237 0.04834594100199745 0.0021363960093069858 0.00813218432209625 0.023238668341229198 0.006474127661975162 0.09516087518774988 0.06265797286585721 0.02497146566723853 0.09782971973817418 0.017631794464314246 0.07370084374070167 0.002102701639311525 0.08201636914275531 0.07836916009729845 0.04272763307667477 0.054695478996717055 0.005986376436483216 0.08805717283141207 0.09211977517180442
59 0.05497982327553947 0.07456424569559052 0.038023843100344915 0.07157658361311853 0.015917772327625115 0.00866199728346409 0.06462481854566617 0.061779614950709626 0.04129557198688043 0.027891205225696686 0.01354234924723278 0.055373179526397406 0.0865042141695578 0.03933649844623378 0.06928949588397249 0.07621137997896969 0.011913627288823019 0.08756379339020741 0.0752456538066415 0.025704332257328575
60 0.04433843670857404 0.06654731547587252 0.06516725005937068 0.019831769769050968 0.052023305712521645 0.0003777331984512137 0.01735610892521563 0.004224900833421316 0.014070838608601264 0.08069914240753172 0.1172015508981732 0.09472770501921636 0.07791201078607297 0.014513809881123258 0.0026768585901955676 0.04960584919375378 0.05753961845256368 0.05495181978353613 0.09995914256105166 0.06627483313570258
61 0.008799377182387684 0.03135737415190533 0.0011472828333347 0.0755454291663007 0.056035279982468184 0.05464591904823749 0.0751391767541857 0.06879931087883465 0.08301582353967615 0.03522661574209989 0.029497812258725515 0.004726074005067524 0.05106547731188756 0.09081631316754972 0.03123031924998502 0.08424998786412331 0.01966164575129265 0.060922858590695 0.050760151083631674 0.0873577714376114
62 0.0818063140965058 0.00414405777432187 0.02336722197964211 0.08600342689079886 0.01801478762365164 0.05248729508338171 0.08739744883364793 0.027281699974427406 0.049701460323675485 0.0792844671523101 0.028749079940647067 0.07339824132906665 0.001547110931847953 0.08616580549943537 0.08291863087680228 0.003038354760852125 0.07718041726417431 0.0888469902297695 0.042998666541717155 0.005668522893324762
63 0.05053152869611677 0.07108807873356446 0.008146715174460473 0.03098663729408432 0.014730215302999925 0.07886154147709833 0.048865835231245554 0.05426401100231284 0.08926758410453248 0.049899603436114166 0.047901133088087224 0.07729379809404566 0.012828670412595706 0.025923974096656574 0.09040195025499048 0.0722593252787304 0.04774558916262369 0.03705916713814983 0.02624943677384135 0.06569520524774998
64 0.07754596572965453 0.03192178963707785 0.06541302120094851 0.04815230833230092 0.08043107941324792 0.043925608320050734 0.031255808308589615 0.06156493602356325 0.022794810952488836 0.06552577208951314 0.08587487900404826 0.054554130353275665 0.008741495069881719 0.02648947008066208 0.09430965230084112 0.03017045084529948 0.00939388735278663 0.038773566224060925 0.09447818036963347 0.028683188392075093
65 0.006650420748164288 0.06522083123834443 0.03711850795239495 0.06834690164959363 0.017649551195692923 0.06792225092737245 0.028762272161808586 0.013846197292209005 0.07273114996088907 0.08689357141290471 0.05734987625345588 0.05965730970891689 0.07576361456224852 0.026254114842810195 0.08449453355961141 0.0066481938891210296 0.06363517478640192 0.08573328166387759 0.005310119991688831 0.07001212620249359
66 0.001906872770386442 0.037372251636751154 0.09203734047966042 0.009653088087036635 0.00549005058061541 0.039804110960277576 0.04913807663024113 0.08940471494908489 0.09867697056742955 0.08528888287231447 0.061177167112253954 0.09261136325553875 0.0033497103638531287 0.034419252191457056 0.0001524364775027999 0.06461391479569739 0.10106015236426968 0.019807687505598234 0.09562075582186566 0.01841520057816574
67 0.07641369546830522 0.052874902944743334 0.03328865621692607 0.03588862245997663 0.021913603253018176 0.026813832333389076 0.11098786045583281 0.0291027758758467 0.033701153221521125 0.09239475682965677 0.007418870245197704 0.10408225905464484 0.04001644015516128 0.05180891622645674 0.07276822733649463 0.009095223591274163 0.047481896753014 0.02784075337276512 0.06904067423301853 0.05706687997275713
68 0.00220260589447915 0.04760911022419747 0.07059657968617945 0.008181556275182796 0.008552973904316878 0.08143287803885096 0.10965888201051097 0.026222747720959155 0.09577310733480816 0.06042419262486044 0.044143029603943874 0.020702283127237698 0.07476092924040542 0.001786454582331388 0.037137728870670704 0.0654311912390993 0.09221238625170343 0.07226096977162078 0.042627535572461996 0.03828285802617993
69 0.06907965041091667 0.005740091341092595 0.06214009306740958 0.02133224549761082 0.10185366679019374 0.054496340305575146 0.0023386959395600123 0.06530913958345742 0.10342809098774992 0.02643312542934689 0.10081035597979608 0.01451275168385701 0.012325251504599127 0.048895747893543756 0.08818994262915034 0.07404376646864883 0.001530780793603832 0.08123751695303601 0.03872069382450543 0.027582052916346737
70 0.04628753633144158 0.08045251958293369 0.06118384766121484 0.09329581712861322 0.04678655254476307 0.10096295034385602 0.008046609794152167 0.07418547726834401 0.013231395976946341 0.05206270761422143 0.0020549199529875358 0.10083296602862345 0.03530679788569256 0.04661447288455139 0.02101652692426373 0.0509937695060508 0.00454000652632902 0.058915305091022496 0.037399156741663775 0.06583066421232907
71 0.001681776949180013 0.03244439638036797 0.027215995047363096 0.007072071673129905 0.03144043345841774 0.01613395743826042 0.1140709284350808 0.10716083454724615 0.06795411451434823 0.01704164528291259 0.005943503255644599 0.013225878865062888 0.1178493222945518 0.03850095713246907 0.0997877492542767 0.08850465409417985 0.07172692976771555 0.037000622340400115 0.01993009209609934 0.08531413717329309
72 0.051223940412451804 0.061655533704923736 0.05331798228590525 0.07679654061849317 0.0055364618472777865 0.01842635613509689 0.06582775123559909 0.06499298155510423 0.07282663089386632 0.05754996183255873 0.007961588819662191 0.013080147698577706 0.05606958354801296 0.02347593293162437 0.07476623614848285 0.07811228363814314 0.01495062678235598 0.06410353202289132 0.07620056304298381 0.06312536484598892
73 0.02393310146796566 0.09136594207977851 0.008771358737464041 0.039711919176706224 0.04715964553512596 0.06993190561374334 0.057839499590092366 0.034055298377067195 0.03536530254068654 0.07020886155071708 0.053220751056839224 0.04693018280854925 0.08079501796691459 0.04352965288444882 0.04402152717102175 0.09276512595319521 0.048166927408474204 0.00266205038381394 0.09418326800461019 0.015382661692786046
74 0.055571920938371246 0.018147176342898176 0.03618666234844164 0.04060176706837787 0.007162653189691883 0.09768354886012787 0.035609592162336924 0.048253657363314426 0.025931192608319865 0.0026483905074862995 0.07068077390428705 0.08646734185081768 0.03796250313856286 0.04112927353770684 0.08706200627537392 0.05852423248712507 0.09668049414416632 0.0245542745471449 0.03755847787451397 0.09158406085093496
75 0.08505348624617186 0.002346703323941829 0.03517691096693095 0.0896982493574754 0.0871106473842309 0.011341989198418974 0.04787624116342746 0.06366069385601505 0.0040231950352029935 0.0901387708155195 0.07618946597717657 0.07086264994342702 0.04735415192857501 0.10033341028808834 0.02600776878235136 0.02317393104363244 0.03270587390957589 0.05992467102573305 0.03721075023671561 0.009810439517389519
76 0.08168552804487304 0.010174296000355892 0.06554893319130888 0.04597950220071318 0.011878602974212314 0.04543621445886014 0.055133596313382396 0.033080756344437044 0.014538117916632733 0.07737195401157773 0.06486956462525492 0.05894283192923635 0.044488269373426516 0.001232585708981142 0.06496564128398763 0.03737457667194683 0.08905943667933282 0.0906623267976446 0.03802534156838176 0.06955192390545412
77 0.0807440194215119 0.028633050400841867 0.10740795076967484 0.011645148184315897 0.018233789545515716 0.10310046598590356 0.033579943941621386 0.007953073793357475 0.040852260140133566 0.0433692083413572 0.02147955182405969 0.06600740351785492 0.08525555114408213 0.030661341929269868 0.012131566557262616 0.04141308462293249 0.06242817806116346 0.10818048542255106 0.041861290185879425 0.055062636210710815
78 0.02690587640760546 0.08124286231837827 0.07849431184788108 0.057448618547851396 0.05103164252065269 0.04531894962086473 0.01882063826827244 0.02267053379760681 0.060304649419697876 0.04049287256373315 0.08421282051705588 0.04576225185896627 0.03245648909656583 0.05478849820131548 0.07887651603950062 0.04805504875333741 0.08327951705619259 0.056608530561780876 0.01639798419752666 0.016831388405214375
79 0.06373828328664005 0.031476001727829765 0.004614960032354649 0.0865967665298453 0.09257046999579528 0.024828364351375937 0.0352245876249007 0.0601413554032193 0.018842005161776174 0.09584048226608334 0.04635281245387935 0.03210075580783842 0.07937270868424522 0.011077395320532464 0.04431620680936565 0.09419924966926511 0.05324313550376822 0.01827940787965465 0.09021997176241865 0.016965079729211578
80 0.012724931467970848 0.024449742862936164 0.09828852293414313 0.04656078261697371 0.0495011550598751 0.013631595808558303 0.049124606215149975 0.11292043093273588 0.06844699769614324 0.07153064698329512 0.013134657823433963 0.031054978800160338 0.0049975651496719274 0.09471216520058154 0.006428791911769258 0.09115984124982868 0.048701775786485824 0.11870172220009681 0.03273492863049662 0.011194160669693393
81 0.042105669038483805 0.04487080641975357 0.040666416924160446 0.07476335090659757 0.03670982542963862 0.07406404949144439 0.07135412485022467 0.06712356653701144 0.014135917884471381 0.07812236709233743 0.07251514504250647 0.006862660204366252 0.05789522636666097 0.04342329900212637 0.0405074774699452 0.022703089920846443 0.08079088413849222 0.0659983719592539 0.050220012669368354 0.015167738652310438
82 0.011294781568341503 0.030210421587315503 0.014571415091775603 0.046407615527863044 0.055855175497494046 0.05678067138793357 0.1027237156729539 0.08793987958198039 0.06540417394567885 0.027251607947140016 0.007450442498786678 0.01475119806418374 0.06733109824216495 0.042416592815715616 0.08311577361864433 0.06690804443993895 0.035965549330158726 0.06907642280169858 0.029611321266485538 0.08493409911374647
83 0.07202626735473855 0.09400314955979408 0.09782434784636419 0.016565740175001332 0.018810088600942833 0.09965725546646391 0.03391787760093986 0.06808007411850964 0.024959495499657276 0.020987664665179522 0.019684771525734345 0.03906347270839046 0.01366574295012607 0.04434748425766767 0.03546192025627905 0.09252846097747758 0.028968407331610154 0.059973316011354326 0.03542257012708747 0.08405189296668138
84 0.06331663239667408 0.01738141376212807 0.010743235394770564 0.04109943456016409 0.021999446481618747 0.08726712409418848 0.060890176571768824 0.060448220473062274 0.08723569861835814 0.03827588413353182 0.07222760855251137 0.04565593470860949 0.0052049563104526525 0.03308576528003009 0.08676675348152163 0.030059000319704102 0.07565936653270479 0.06921783139898799 0.06600854533720267 0.027456971592010077
85 0.08970888148098828 0.054765483429056454 0.010763726213145414 0.005194456305710916 0.0832969300705069 0.03523547817191406 0.07855205678971115 0.029344740687982054 0.027630252942869336 0.035008868177882825 0.0847934936606868 0.06817587007836881 0.07304075154906081 0.07933885707047283 0.041600592330308744 0.022293483424693925 0.0015007801938366548 0.046356514612817104 0.08534178033412598 0.04805700247586078
86 0.026521072103834573 0.09396661410779195 0.058932507442996517 0.08658416417140963 0.03811765552544766 0.011873629794966391 0.05706519987095009 0.005399978067991709 0.0989645961904006 0.1175011871919919 0.01642764017173648 0.047062715937214436 0.04559670420712847 0.06020896823405077 0.015369034754130142 0.07779039301889631 0.009088461632233745 0.024139706335362353 0.012530351903961595 0.09685941933750467
87 0.028928323158668175 0.05870859596073609 0.07820522523141273 0.06222580007439675 0.07064697412148967 0.06696283725319636 0.048115279242105534 0.002426426402024571 0.03370057250543309 0.07680381412072093 0.03082941864749162 0.05404353290975504 0.06238970139385164 0.08194174512424329 0.03268829855707747 0.04913592964217592 0.04896449377275821 0.07441627969590879 0.02332266238859701 0.01554408979795714
88 0.0043234399949350875 0.010375590706328494 0.09358369068303027 0.05439595672931802 0.06252960528998884 0.027406797056700346 0.034343970194715925 0.05402126869784418 0.037478418686632764 0.02374956308471233 0.07514850446623582 0.02899884642839701 0.12092008260897172 0.037776932994972784 0.11421051240764589 0.006822452544427064 0.06567862867954413 0.03755208563428809 0.07398355375517122 0.03670009935613984
89 0.08509894614165364 0.08495742025776096 0.06627265697770442 0.008295706510183097 0.05161921600175294 0.034838169107971426 0.018068186410513724 0.08354592238160723 0.0392195071958155 0.0731450997959539 0.029097006758227476 0.08258193001914475 0.054571194466077375 0.03428217928730999 0.060257693827164734 0.03215679921126906 0.0006935710015436432 0.07683585665036492 0.046036921922695935 0.038426016075285375
90 0.0038885990688175788 0.10588776377374559 0.01745050038681413 0.0321268690809607 0.07353221877604424 0.05267342250966728 0.032091063884396635 0.0338070295224324 0.0459911659615961 0.018816325834223727 0.020850768481709872 0.08379317642432009 0.00815306896312764 0.04738078826573356 0.09994460750872537 0.012326680557402693 0.06509544441531215 0.05368811806950999 0.09937833581837688 0.09312405269708324
91 0.028508977612111082 0.005486265673098707 0.03403667484787727 0.03520382355996382 0.08392352752288071 0.08332616280309828 0.10223540040305751 0.01990340892571664 0.04333725985464084 0.0018257513372448866 0.034035922620976794 0.0842708723605425 0.10194138310793743 0.03092691830658782 0.0663131526203305 0.021048281234025436 0.06791478173808789 0.016841224776886224 0.06876533113686312 0.07015487955807231
92 0.007977801400459027 0.03434543983243497 0.0490753282082117 0.04259718582022914 0.021774821985422414 0.031782115542235916 0.08930235456294978 0.06267980103041387 0.006805294254174041 0.025942131594334557 0.04085892834085885 0.054123470776583964 0.10101272451921867 0.03749287679582628 0.03565330913177149 0.08759106251704121 0.08724688521812958 0.07840657122788665 0.021843305479798316 0.08348859176201986
93 0.035486741542341 0.002561819946790862 0.07690741772594438 0.07617361770921309 0.046929500712466876 0.10009073674023111 0.023515229705127334 0.10813534387184069 0.010268212686178732 0.1055980922557039 0.023643292592178056 0.040505699076843774 0.014414035144194612 0.02987325622310163 0.0950701435727302 0.03696233687140215 0.08504559074806874 0.01448127785303617 0.025452061016363357 0.048885594006243205
94 0.011296374243345706 0.016738268938175278 0.05091450961265097 0.020948064648893344 0.05418540065679471 0.028860871512987187 0.04372838310421511 0.06953571076539442 0.01818903372718869 0.07067892249956623 0.08433327789690309 0.035003530361866514 0.06379247259394957 0.09247733716884152 0.012395821698446139 0.06496135022626194 0.05874988631550916 0.04652468045564657 0.0688892304074124 0.08779687316595136
95 0.03501785402109452 0.00455661403368641 0.008080484117701061 0.010231140139687293 0.022948048342688702 0.03395922658401057 0.045871436888769074 0.05194887911204597 0.10717213834752164 0.015774356214246058 0.0743915543732553 0.07827681309681188 0.08292078961402422 0.023472114900506064 0.07348401287564708 0.026218725405737102 0.08868553468323548 0.07051105732219531 0.04886722510860912 0.09761199481852696
96 0.01820348579974499 0.09456366825218022 0.008187575457511472 0.07166526401139454 0.017706700909195357 0.023383424865563034 0.07296247017899851 0.06884984168746683 0.06142884582362546 0.005491437337860972 0.0010112614396334519 0.027084928633919095 0.022884495082858856 0.03702823958067414 0.09585173398162776 0.07633500912944037 0.07488740766112459 0.07892061807187996 0.06077232542370028 0.08278126667160009
