0 0.004667122591959796 0.07245514175193864 0.04417058782059401 0.026821515326417807 0.03993972319935044 0.027086335563172758 0.06271299347634589 0.07742045822618784 0.08434237458940902 0.04393894830605231 0.07075688354996452 0.051084791192462856 0.08420394379279188 0.048047132814339345 0.014881955350858412 0.07693020451436997 0.07026214497837253 0.015820190313252092 0.0663212793231653 0.018136273318994513
1 0.13903717706459556 0.0006466230377170486 0.07994919836152636 0.027192774703688385 0.07734445420105868 0.1280315794291339 0.05896866267330999 0.03439448030034883 0.013384272151442916 0.07180865764925475 0.0013508020260997392 0.05548887166964442 0.021686863510663644 0.033684461274899526 0.0410684589086378 0.04810027304981201 0.019079524627527163 0.07432776112906904 0.03705251989184832 0.037402584339722066
2 0.07601569920138833 0.06304510885255796 0.000643780654491766 0.017022699451533663 0.09039477735800211 0.07739556495344978 0.03587700897805312 0.048124811993055024 0.05921640980486085 0.019261294478446815 0.03180853074338129 0.08616804469795268 0.06301520897086381 0.023480400937819744 0.04330070266429566 0.0850155240623668 0.03280328805250856 0.03664204545296628 0.04941895184247084 0.06135014684953494
3 0.07876831613280967 0.08142020362751408 0.052785646634559445 0.09906896658984066 0.0887358500388989 0.06625154127382749 0.029415324453607835 0.016073519927105304 0.04191245665595426 0.09449979277601854 0.03503427798944697 0.08410317066926937 0.014237947390577606 0.00010027547891913852 0.006336831512387789 0.08203053883454839 0.013642716388937486 0.011801794652285579 0.005633752444607157 0.0981470765288843
4 0.05282517197877234 0.0902982302461303 0.09997809444862218 0.10532651272536069 0.07274766814137767 0.002994511751798142 0.08417868018354298 0.0532743686682878 0.08650219965818241 0.03167908403360293 0.07812149751938885 0.0659638846234797 0.001000052934379536 0.025290589148766557 0.0021466048781562607 0.010796683236035238 0.012707721381252883 0.002148177410567922 0.041776794914919306 0.08024347211737637
5 0.060052882377141646 0.027941668512442702 0.05740340329628386 0.05944541206876316 0.05852014130687173 0.021625499267753603 0.1069028858469355 0.0030188646274682393 0.02180392936953934 0.1075877419506582 0.014696980010070287 0.08121285222399437 0.057990033119385505 0.07020746583009403 0.032277932586033 0.0003591705087975014 0.03548424178983823 0.06097041080538829 0.029668995268018594 0.09282948923452207
6 0.023985406918440588 0.05235803157917554 0.050651468676310714 0.05821118783818187 0.09619844004045072 0.09368865570054515 0.030537824178574 0.042507563413226174 0.06707021856343282 0.0020584094190079596 0.012505278778631976 0.07507503134257403 0.05252098627889801 0.03779696643668944 0.014021409902541538 0.05699567431832711 0.09584674335348169 0.09452397696326909 0.012252012690352216 0.031194713607889255
7 0.0053192078804066905 0.08806283323794137 0.09027125698522863 0.002886730302231261 0.05960390531540762 0.000450564768505216 0.06673957565912841 0.01944938174658751 0.027301565466343238 0.09168502535114026 0.04561521380826706 0.08068508424440973 0.08619180645794508 0.00422499646282957 0.013440923214688127 0.09515756079404653 0.08295723566377992 0.044672486770672586 0.006651814095315352 0.08863283177512578
8 0.03804517025141995 0.04346878268750081 0.05151803538695986 0.06732499564256993 0.043954315413277954 0.07148746446137733 0.04247123953804585 0.06384214088575789 0.04342082347135087 0.045288331803480214 0.039917017016156846 0.07611204977439186 0.03839522007845172 0.07866632474066504 0.024945335869122426 0.01850352012591537 0.02792342856611362 0.059323277388590494 0.04370996331046956 0.08168256358838237
9 0.009617451976791078 0.04019530594813464 0.023768867403484023 0.07101286004249874 0.06133503604441385 0.06749576350651926 0.052695983504676386 0.06878426135686207 0.0649062957605264 0.015892566401982097 0.04683585966428483 0.05239799340609134 0.05042159019843408 0.04392568812814717 0.01580055115255952 0.03508046835950859 0.07720772919013986 0.07922916945727572 0.05379610427664186 0.0696004542210286
10 0.029772261562267918 0.020352808018809364 0.0815733987035289 0.04330376101529851 0.07102313653185309 0.054458979667846096 0.0576825906417963 0.018017406169094165 0.040965514294232175 0.05701914497880004 0.07972501386729673 0.05546830197245241 0.01684281380921958 0.0005722770502392586 0.07793663152845816 0.054570500637889874 0.09699534262158317 0.07343556911007952 0.04852046046545457 0.021764087353800168
11 0.04475686527966752 0.09284370809164293 0.05804728720780093 0.05207087425074051 0.017240765258441326 0.021895160986206183 0.051850769550550214 0.03424909256056456 0.06601239077525074 0.012028731663398908 0.06176612487884553 0.05196555588933975 0.058764309134829315 0.036762295049532524 0.02060285945998312 0.08946549395171437 0.054326129968117434 0.0330608472977668 0.07508570726891761 0.06720503147668967
12 0.00032898148314909354 0.04381643245524594 0.0624256201659668 0.03376848876977098 0.01034232042975688 0.043480216308067074 0.05351599017434375 0.09067705972579561 0.008370852492200485 0.07266611702524738 0.04722199609109671 0.09133065935009706 0.07725892416827247 0.05447398956201885 0.04695722313478663 0.09306981967694261 0.05889151331889466 0.0930874689993972 0.005775084693112441 0.012541241975837537
13 0.06545357371237714 0.039920034632295105 0.03650436704931603 0.05425671339505587 0.05594788878617951 0.08366047529759427 0.011575093618314006 0.0415970615517266 0.04085533877470933 0.07118794702737756 0.0418408276072243 0.012971853638172694 0.07064442567407264 0.06995655147619752 0.0798321351062599 0.04171315750489486 0.08527660906619257 0.059172950704565005 0.02624118547241656 0.011391809905058288
14 0.07028447963352706 0.05290852133360537 0.014775215861320667 0.00614632457955948 0.09245909646929212 0.039890772379313315 0.010080802033799399 0.04772870230021957 0.029029222935494807 0.09569670750288777 0.0670582672914004 0.098590759340038 0.023219735803310503 0.10291342846767398 0.016022247357667208 0.023738741422790602 0.0710132711687453 0.032327907852621726 0.09380371350802176 0.012312082758710824
15 0.003690343268413662 0.07120126635381532 0.026362923257496087 0.06408044555405205 0.07938500158985622 0.04806358245623914 0.04542171713267368 0.04844683144505369 0.06900791488683385 0.034558577595619894 0.08229928869618709 0.008850663491693262 0.0606942591141618 0.029395378535018668 0.015914622046887757 0.06309944321539424 0.0854220827178535 0.015708236937984156 0.06564143481689691 0.08275598688786903
16 0.04506842971361332 0.06825881484704135 0.07931985332394506 0.04016900065182282 0.02559385108377991 0.044363373686203605 0.06905086228511453 0.021580288242088047 0.007002023579561873 0.07714277691796645 0.08182241903499468 0.06974578030800122 0.07901127348485197 0.03295245209060718 0.06035102152078969 0.05157114788837323 0.02195147725657189 0.03845437337421659 0.05268696758793476 0.03390381312252169
17 0.010264200828182772 0.08910808376039989 0.027574820754951365 0.01740906412859942 0.02331120314473797 0.1259485064245838 0.02336708110433138 0.011961910816209231 0.022389153972718873 0.024060813086897656 0.04048164244511298 0.005485081394621676 0.09517065557714086 0.05864090649212483 0.03980082260934653 0.09734623324346596 0.09867199871607314 0.021127654566891467 0.06657124846397595 0.10130891846963416
18 0.04692089531712271 0.016520228388645752 0.0770506822975483 0.004729220612947656 0.05799577121399459 0.014884005845414905 0.07819500710087743 0.06890960088569717 0.08023131830975169 0.06622360627740631 0.032384001059997496 0.08174817910843286 0.018175396823049545 0.07685885882788604 0.08498312107350021 0.003938019364302887 0.05289846034728734 0.053009088418766004 0.04004069028554408 0.044303848441826915
19 0.03031608464022601 0.038260878717466744 0.006679553995998021 0.03565710115556921 0.06063305692382285 0.028142359417765224 0.08107243019290017 0.09035321447576167 0.08165512925034957 0.032550485792838084 0.04437521376206355 0.07745027783341758 0.047662955263042 0.07783193652572977 0.0428322634426322 0.010402972182604383 0.019744959231181313 0.09333008849671556 0.04329939591443631 0.057749642785479983
20 0.009330956868961003 0.032368987206208635 0.04484555381127787 0.0368326914147245 0.03644294826054279 0.04385958936111356 0.05009564909052165 0.014513655866716721 0.03112479463833322 0.08904666097366354 0.06741715606717061 0.061858951933767344 0.07347777724211331 0.07923890359091801 0.018451590556155185 0.0823576979856583 0.05754411983578343 0.05616387976020019 0.05576353786360533 0.05926489767256486
21 0.09408665038573595 0.08070415868070764 0.07062003114607826 0.013948413844419558 0.015900160013196583 0.09464874609098606 0.04070510567971566 0.08736068109919352 0.035660807411633806 0.01884012123149382 0.03713161095765139 0.005529515744722049 0.018941520692862764 0.08978990797180522 0.017989426278728123 0.020089563136219016 0.07957147427235346 0.0725623506646213 0.09787438793281379 0.008045366765062024
22 0.011637025080207518 0.05427601966594996 0.03440539683896364 0.052565735396361515 0.044935456377192734 0.05444897093485643 0.04176740282945148 0.07072997734667577 0.0744172579889827 0.05082559086108014 0.02595304386185448 0.04335874111023828 0.05886540209647234 0.07382132154298127 0.07672200352387368 0.03447110153518281 0.005940064956970178 0.07690316664891553 0.025086234085767125 0.08887008731802243
23 0.04789671187938181 0.07657746967994382 0.004722617571289513 0.10736327609122816 0.12318690015964529 0.005601708579480341 0.021835090970253455 0.12200815549140188 0.030125804263298254 0.04608983047327409 0.02134227908995571 0.015823943580746628 0.08461364064982346 0.081667016419644 0.0662252140288652 0.024215435252293777 0.03002706591119846 0.008869021406974946 0.01319327054142064 0.06861554795988063
24 0.09240867120958514 0.02830458970134795 0.08025700572513533 0.120643910596786 0.04024441768242748 0.10284920896575742 0.022156952995666997 0.003898182193676462 0.0755268295728142 0.014197196903787424 0.04063176482270706 0.0040404240541125425 0.07316643226722774 0.0663284102450821 0.07035143893791335 0.10613154540707864 0.004105962256658199 0.0075433808257003515 0.023782508898036344 0.023431166738499386
25 0.07359767598744553 0.08901925169296432 0.018673485292891923 0.08807878308768882 0.02952195962148488 0.03566928603220675 0.04400654701115944 0.008695967233845817 0.05058492958956156 0.05309813767528453 0.028839330236713506 0.013350634937466428 0.07703734382796318 0.046374116890047945 0.07647919662698673 0.053719278509675464 0.09034406072057591 0.025834554950292965 0.020683844558593355 0.07639161551715097
26 0.09209702776073958 0.06917619773285737 0.031850239256389135 0.06110667372421996 0.007567404079543037 0.02391802013941924 0.026845699427637086 0.08421179955341354 0.06396235715359408 0.03607163230564174 0.06428363492125234 0.07266342935311543 0.009346467208143583 0.02910591767177208 0.04562736188284029 0.0846665680701426 0.06472589233269428 0.019082348341702908 0.024521076531276914 0.0891702525536049
27 0.05755364156267559 0.03626055925163336 0.08116678542278788 0.08387669409103803 0.05363026725984047 0.04170279535509398 0.022276191799486183 0.02547617720974116 0.0271253558107407 0.05413787502477928 0.06801274265650169 0.0692420581214265 0.012779761420457409 0.02405667205036165 0.01326823997928813 0.05651161057343643 0.10335034820111298 0.0889734027483025 0.05840668159930321 0.022192139861992834
28 0.030488111990865166 0.0347234606854957 0.06311398911095784 0.07762978249536803 0.07052130605935301 0.05485325230487302 0.019766230156542164 0.08692218158741452 0.08147276917885998 0.035124924915696555 0.006218673510325776 0.05746103658203087 0.05960492284487548 0.0037040918065546157 0.023133577444706423 0.05693400494615679 0.06178409502114605 0.0518837217274115 0.08937204709438272 0.03528782053698379
29 0.06499573906283349 0.04592936335925045 0.061337183588574755 0.031595820681546725 0.09247011703135477 0.05370422632369355 0.019606051258711094 0.06544610606202948 0.059078576085947423 0.05176226317191842 0.04904028368041173 0.04418480491808581 0.003486038190092765 0.055062676112747275 0.09106037222265706 0.046447643497430004 0.051502284723343936 0.08052892551973916 0.003586012657851576 0.02917551185178059
30 0.05369731988264721 0.06499190872081037 0.02619239452452117 0.057528227618834714 0.06932690814843166 0.013154950790278131 0.04734475765704494 0.03987722305458318 0.09534678254914661 0.04625649418212261 0.02989789038309838 0.007906810546562086 0.020476394025338362 0.06844046406055271 0.006489066412368919 0.0807909021902655 0.04784776799432863 0.025959013769973557 0.09864063097230345 0.09983409251678792
31 0.027952230080943885 0.009289986225310673 0.05067078914513425 0.04550521438840142 0.05880893038424387 0.03194745806400474 0.05769006530794196 0.09686166061295834 0.06737826028918228 0.041243414404157935 0.014059949929928359 0.03588739443271229 0.07984071094864408 0.10246766786100195 0.08609836489167876 0.01946948858770832 0.06595937632184232 0.0023118234828251676 0.018525232546422223 0.0880319820949571
32 0.02937249078841328 0.015419715998449598 0.04583342249474669 0.09133237578622606 0.027452037518247163 0.011031902664904872 0.028904593359937992 0.028335484935087425 0.11220371554614661 0.02945663429597878 0.049331541868067236 0.0857110961232837 0.011632789543817216 0.08526142715019495 0.07637474996087992 0.06856262204604296 0.011915272815686728 0.07890786246349255 0.05406619295404486 0.058894071686351274
33 0.009974277235833686 0.08960339388329414 0.032865863091938806 0.06631852347313873 0.038485383698281896 0.0405944297589234 0.04391740512002354 0.011450993662269348 0.09145565363774436 0.017015401980595674 0.04919915432059856 0.06205461153187345 0.09840167881651446 0.023797379499262923 0.09123713147283129 0.09097554506385457 0.04886842557450834 0.017184541241666414 0.038951960301224095 0.03764824663562259
34 0.03297563075693291 0.06211509362356659 0.03551998347182957 0.045446258283667405 0.052869853194859075 0.014165816627720935 0.0763527444910867 0.05039854469392847 0.06527282998876308 0.04208110868829904 0.0595487288478328 0.08118985028635246 0.04031908773907968 0.050516783569719115 0.07796683953353568 0.009318453575205558 0.06230195557986142 0.04144626556900335 0.02213373407495844 0.07806043740379766
35 0.042019417987173444 0.014671381923687141 0.02568724418639758 0.06837451548712302 0.09730565770814568 0.020009594570505315 0.018472016385458322 0.03126887078499037 0.043399426381174874 0.035686653615546744 0.09894734759356856 0.09612782919056767 0.08125499993909821 0.011642727706695576 0.018754513016786538 0.09466640118760489 0.030171421995533826 0.07733285631024407 0.04742804788874225 0.046779076140956166
36 0.08148075618646577 0.07332289489098569 0.00812515529832648 0.09439422955439034 0.02488939330919795 0.026761085297408872 0.03609342473475521 0.0626395297835546 0.06792199869582763 0.06258016366399996 0.006625410867230535 0.03503690431969597 0.0790098243895107 0.0011891108283555712 0.020082076726117375 0.0984369334300866 0.030484235224288357 0.04582852918614757 0.08104351545238789 0.06405482816126702
37 0.07676890650410718 0.03900616184885454 0.08385651242937289 0.021214587967488884 0.09554331158710307 0.07421229476463297 0.0011659418503807545 0.0657163630494774 0.08287093396040542 0.020790660830756376 0.01277775484033829 0.10192284430188824 0.004817617829623054 0.02197585201820514 0.04666067301152226 0.06393480672017976 0.10196169532854109 0.062196494959767236 0.01288238039733289 0.009724205800022506
38 0.08930661602174467 0.050653925970383276 0.06989220906933542 0.016857193951680522 0.04113229581929661 0.09016774532482935 0.08938449134289006 0.04898710312426537 0.002403415848263567 0.08034683180111606 0.010216423312504608 0.021569027909067163 0.04915730086764044 0.06625197289562793 0.029981065596432 0.07528159821135248 0.09067895201796415 0.0329911098278844 0.025088295177378574 0.01965242591034337
39 0.06403952942485387 0.02605855496844035 0.008677914777843453 0.05356578055199024 0.02186785509813884 0.000718835365430614 0.02188212119170206 0.07359499810997612 0.06495436564595528 0.054535183796374544 0.08734180050216933 0.08810277147757141 0.091508273078434 0.061930505009988764 0.014423081780100494 0.09293018522194677 0.012463388210224557 0.05979462088130517 0.05882221407249685 0.04278802083505725
40 0.042024193252239765 0.07491216588168273 0.08325681504797112 0.033172652775588576 0.04456441438000544 0.06237544916403344 0.025775494700183105 0.02189312311609695 0.0015286637691992741 0.107977903046638 0.030415373220134396 0.11614617900868188 0.010449156936038968 0.06128787844655507 0.06760153614307894 0.11212195389123061 0.05039322445784935 0.02581417279866842 0.0008063015611664471 0.027483348402957304
41 0.10924868117763882 0.09853194715741065 0.05563389050250636 0.0016645651948052087 0.05376917169391658 0.014224126580860546 0.009281389057966064 0.09066459455921434 0.0728551581242049 0.07194438293454936 0.049037308549486375 0.06120771997485586 0.0037280631010349007 0.05522596356125066 0.03980021567935872 0.018397211111548788 0.09966208853419244 0.04098175022093799 0.024345375577091054 0.029796396707170325
42 0.08725405135691383 0.039495352331285614 0.0026361672385360425 0.009773065126634213 0.08882123320358327 0.025087119736717796 0.08016442346315497 0.07525683469325628 0.042131463752750314 0.06896985358648668 0.05316047539404845 0.087321522249929 0.036950810397587686 0.024041180870366368 0.08237412184022627 0.06914977957998035 0.030303302256654487 0.006386294484057327 0.007439080353542414 0.08328386808428864
43 0.05935680914791096 0.032184033660781264 0.06952839219784585 0.00017178355818082904 0.08984892921102709 0.06680371459787594 0.033279184670385015 0.019630072625603918 0.04715569099810885 0.09962581682833291 0.03272129647895706 0.032060456025479925 0.10901839040348818 0.01041465840928786 0.023180352204985967 0.05635810978829869 0.02264859168286159 0.10598134389406577 0.003744663002116607 0.08628771061440561
44 0.09235729563604025 0.02170906825262325 0.013777985828095559 0.10775709570638993 0.07801787129046599 0.06151008941891786 0.03651267941500457 0.10459999173563815 0.03628830236995133 0.02426466622882853 0.03586215679690496 0.027660658431332624 0.023185281689964744 0.04958561785623636 0.01518465603985211 0.04529361052543926 0.08254508238003057 0.04468022237166104 0.0835966253339208 0.01561104269270219
45 0.03848269239187908 0.01046642287814812 0.1052399269639523 0.11359253971220264 0.001380418197729001 0.03711315018400441 0.045694741403875264 0.00030927985317188 0.09874552186408136 0.104301804002993 0.102981772140638 0.07869714434531029 0.03628881930521447 0.012926688604706964 0.09368365258041131 0.047748961310339906 0.013214295719105887 0.04763213146293089 0.010050503596023762 0.0014495334832812185
46 0.020731499449445284 0.010918695643075734 0.0007989428262645166 0.017266346327505108 0.077270614854804 0.05518220990641028 0.11484126816319434 0.01806261782985154 0.04296441594056292 0.020749034228275443 0.010901649999540583 0.07523917788529168 0.07216342065544044 0.10394742243212779 0.030048281586902027 0.07222763276095556 0.08473211718814078 0.028049751324375753 0.09706492810699904 0.04683997289083737
47 0.056318002936191096 0.0010686311950305007 0.09334620402780353 0.059313752868249414 0.008183318285811307 0.029464628682406954 0.08949857069963293 0.048785465871290776 0.0017257531684692505 0.04426221298747946 0.05886116859209793 0.04536027451682031 0.07202900899407348 0.058013679277410475 0.08734696736059774 0.00927974288624544 0.021021237946510424 0.09325003784310933 0.09259053019932682 0.030280811661442798
48 0.006813182798762598 0.02244561236026356 0.0018742544568927197 0.09475586054348664 0.017495463568142005 0.0626503662001219 0.07170145862215661 0.10213626055238409 0.10040200961560176 0.08460057008408448 0.03260795327118162 0.06048146908792744 0.022935251882003592 0.031069312911443155 0.05231589350129519 0.10910496571733695 0.05319333571582608 0.000684709659017665 0.06993291351778984 0.0027991559342820525
49 0.08906446811131286 0.009523219729385328 0.07636693923662878 0.08012410112981762 0.00898858491188037 0.03341043325558633 0.08911614737471112 0.031229068969677202 0.07376560313846188 0.02903799745836446 0.01595793311172535 0.05775664660426564 0.0756811409055105 0.009797651603491499 0.04517203219886892 0.07326033157187112 0.05807055390418654 0.07922338145750676 0.04528071124368589 0.019173054083061827
50 0.05263665083789447 0.019996770562496626 0.07745514905090271 0.0674515588767785 0.030027280523143678 0.06539609825500249 0.018698069462911446 0.06560931145773012 0.06358549220962893 0.03431951569054074 0.01351651936899785 0.08443505537286067 0.05566548013059337 0.0439564684095369 0.022058924967256217 0.03635892433838091 0.09905339583898294 0.08064227868080945 0.058381481024022824 0.010755574941529141
51 0.08809857741720534 0.007039778793080937 0.05004376694581867 0.019130862813114848 0.04150170730136918 0.07079966274994337 0.0060929702578026495 0.00898197831876695 0.07104214633819991 0.04678054595130143 0.0484764878763255 0.013382660834799715 0.056667425047875114 0.084186789015158 0.11590293680162139 0.11933624845406333 0.07097886304992637 0.06407229881576286 0.008091969784179932 0.009392323433684728
52 0.07773111024915692 0.0027739893061978597 0.07453203064769849 0.06699132799438696 0.10142809981306465 0.08609317027291943 0.050380289376277865 0.033678714766941946 0.0879841555783988 0.0213829273151104 0.014681717726186776 0.019095693946547115 0.016221362596700314 0.057142259634596876 0.02950611047812008 0.03497136426540597 0.07830772610532143 0.10019175897438454 0.010661600674344315 0.03624459027823913
53 0.09588050480314342 0.009586670403014062 0.09388431023915415 0.02564730419831267 0.047191623390432806 0.0776224635883394 0.052366232290254715 0.021684499010284172 0.08182006948798064 0.09303750344186022 0.0704094247524185 0.001769871499443485 0.001025563290948759 0.011880242172493853 0.020624160674976917 0.09714734482141162 0.031021510305916246 0.03973113520601052 0.09291585215230318 0.03475371427130081
54 0.013771561180276384 0.08522167515829841 0.05443587064744714 0.06681168828661012 0.04108923065831589 0.02273520411977134 0.08667814034356054 0.08801060313432565 0.02814346415296708 0.03181607866488454 0.047874796745248915 0.07766000048635788 0.08598006486000319 0.002644381973527479 0.03247581426853777 0.08276024415894068 0.017818959478502643 0.019870452016858473 0.047438009919608025 0.06676375974595788
55 0.03359603687863346 0.07892814006412753 0.03619842669448232 0.09528683407378324 0.06619676292936959 0.10019948245480399 0.006461764052308893 0.10001184450418707 0.023063706206926462 0.00883642693635347 0.040430865701193766 0.055030897954862754 0.029824574285423965 0.10242232739391322 0.04245782831474762 0.0014663265672269213 0.01436056912467461 0.089184115786647 0.06856185477497535 0.007481215301358787
56 0.015500022216887056 0.001906807298085459 0.03609749914913502 0.0297159261754135 0.042310742993756235 0.10060889343321361 0.07062890253114593 0.03442567864118933 0.0032490723816485075 0.008123674513823072 0.0977719091198719 0.06217255062504746 0.07264549143242705 0.07598425758540168 0.11759397636228888 0.005096274140366846 0.0847825275684828 0.08527262253684581 0.014244804217797086 0.041868367077172654
57 0.08318815006867711 0.10330327015460945 0.021799137090210224 0.006124890696990029 0.06285671197223991 0.08906694641283952 0.05202970250033285 0.018900090132865345 0.07021783514247813 0.011937051842891589 0.021698769049267992 0.048612558836322234 0.005222582149502232 0.02764483989867122 0.017169071337381388 0.11103350644867864 0.04090588078466579 0.05259467301936602 0.0712867060843865 0.08440762637762377
58 0.05273489093042931 0.013073517741607867 0.05732157085019583 0.10873233912030729 0.03643642517152042 0.05653411928294498 0.009404067724749814 0.08478709029727498 0.03712043247996013 0.052549915743962186 0.025797387582485114 0.09513520565477561 0.05666504815319496 0.03696766388433165 0.022018401258345418 0.0854851864638638 0.02678991454606412 0.05325121413216333 0.05409551592787242 0.03510009305395059
59 0.0916201607091669 0.09196488822312111 0.010608639446951106 0.08785128031870502 0.014395592732679291 0.08037014542959334 0.057123002055213305 0.043007637635011635 0.05350645995456276 0.0016489170199185286 0.006597362630470309 0.002490599708722568 0.054977989918226666 0.09169295596259355 0.02263491015675463 0.03239652255836908 0.08119450213409626 0.07144821301787913 0.057701539471017055 0.04676868091694777
60 0.008733434513304097 0.03305137332829407 0.05774470074800568 0.043003716168109836 0.022905322545353074 0.05620917352098437 0.012570472258291823 0.044739977887758395 0.004182116019014194 0.06439770690042365 0.07007897082952043 0.030511193335133583 0.10332019594740531 0.008346085176908285 0.10807630419983623 0.0073433923726960535 0.0749692850939321 0.02457251851530222 0.09894973802458969 0.1262943226151371
61 0.08280588094961334 0.01700814028247479 0.02935844894257151 0.029080178051824786 0.050292810062822296 0.09309328832936749 0.07274007143140258 0.00144532103028089 0.06664811620625037 0.0021883523522917454 0.04333126436487039 0.08452579344162256 0.028458123916167984 0.04630540493122679 0.08439737164888317 0.018872979692750484 0.09142956727734146 0.07484141601836046 0.05724451741958098 0.025932953650296003
62 0.07184393149167402 0.046973717847956606 0.07777782348584346 0.06919444282090975 0.08468140004281344 0.08153426834808479 0.036733974080089986 0.07298040373591448 0.05953851832448159 0.03559068376020394 0.013789368079831511 0.04986447413608917 0.06470702219993728 0.02358761513243146 0.022539622228534135 0.032179880238989905 0.06799980378388816 0.01194068773250845 0.06606443245463861 0.010477930075179167
63 0.06786022204250076 0.02572993504559421 0.04309182609946056 0.008175625350464356 0.09465779620513377 0.044904998548756306 0.08962508785383165 0.03114636872786924 0.06558089170519528 0.0909629652769938 0.0836236805968057 0.0406010805924158 0.008615299921017049 0.05990472510446234 0.00017869531651898654 0.04804372191236865 0.0907209261811099 0.06361789510566801 0.016559575542693116 0.026398682871140847
64 0.07316962290263739 0.007927690064113832 0.0689350281094557 0.09089620095455886 0.02698659190404085 0.01055527574228149 0.014579716418609237 0.019566436971275997 0.10170937221391767 0.05922398453167175 0.013357362568605728 0.07733857278900454 0.0850862782386572 0.006692046700326014 0.09312708755633732 0.059085180169175876 0.03832761791796583 0.05226800832926551 0.00597238248110546 0.09519554343699381
65 0.09144777720122926 0.029122499964475534 0.018079371600666142 0.043972216408362526 0.10399861946097086 0.00616918461199045 0.0825629959242914 0.016886886817481905 0.027836546125465024 0.021759486676494025 0.028619440812475475 0.043126229573243656 0.05238624270080408 0.11152971242160742 0.0174661882472616 0.04759424317106494 0.0834481487869714 0.032162966839186874 0.036858565283724255 0.10497267737223334
66 0.055172902348713436 0.06030508254636289 0.025053244484150753 0.021617436281381578 0.07410795556215435 0.029284736901681478 0.0077090590265748654 0.0030543750338590686 0.09071367354545226 0.04659648166105012 0.024285389272510984 0.08034144819851922 0.06309548833861582 0.07947568106932876 0.01750005302054528 0.03525531469659561 0.04648715543174074 0.05520177759308509 0.09509759611013884 0.08964514887753892
67 0.08906787180420392 0.0872150285336364 0.036295013626139815 0.06106281045666056 0.013662979487547623 0.0776629653831466 0.039912803189615056 0.03747667614379829 0.026660967052422362 0.06961452612629054 0.00048741493421088625 0.08675282813893442 0.020077039092272552 0.02491966982242126 0.03243114199613848 0.07094120698990282 0.025822352917364233 0.07751638209758804 0.03569418538892071 0.0867261368187854
68 0.024302863568297618 0.05777736590937648 0.0750910273196052 0.0014839735289181046 0.02809580232855848 0.047987903507792015 0.036556433670728326 0.07349230763350405 0.03723273818955134 0.020726645137506217 0.041072643955529814 0.030756583411006594 0.04299006718307312 0.07354673450605327 0.06985008627954103 0.08305516376987616 0.07403246538886053 0.038117958644051354 0.08298844784592185 0.060842788222248326
69 0.004630650476949131 0.051616669015478095 0.101470559994194 0.010531917314864586 0.017812772771738532 0.04862117560685851 0.027568220902174624 0.0954335545528631 0.0085109487249247 0.09075947029238547 0.014946215392083476 0.012719822011370055 0.09917149251197832 0.096115840186454 0.05921684579739968 0.03941476681458512 0.046064835158265226 0.0858326275891967 0.07015429389477225 0.019407320991464378
70 0.091067442460338 0.02710519072910961 0.06182041992222933 0.0650005501160057 0.04055381633906808 0.009352186820073279 0.09057231094845367 0.03562801513371997 0.006263779849468368 0.01901000759586546 0.019849455041653495 0.025913087093637564 0.08537898973255766 0.04099241350754597 0.046063237120552096 0.07044268973931724 0.05950714399307408 0.04720087258854719 0.0777908409420654 0.08048755032671782
71 0.06273500396470062 0.01824818047212445 0.008858089101964551 0.05513182179662241 0.06545401529123036 0.005399530269185408 0.06369473883578144 0.07886583757868822 0.015758363651661198 0.07458732578382231 0.07634872840454542 0.04583433445093401 0.05048251866256938 0.022303350932489863 0.0803422324696128 0.034830233511547994 0.03936206651334819 0.07821822921916131 0.06683199483139635 0.056713404258613695
72 0.07903937193779118 0.01586066828967889 0.05136975763146712 0.016733519977478586 0.06970446700612475 0.03457821432448598 0.033602667675789184 0.06546501986033555 0.01501783937813741 0.09757312358767872 0.0891456750245336 0.042397984773050436 0.03503948040264623 0.09597624904996636 0.06318117145216727 0.05462883491151595 0.021167853536563034 0.027146412293103016 0.0818633744364189 0.010508314451067867
73 0.024341067866771614 0.03143419746940488 0.07229765226982443 0.03984934316866479 0.0717453608128456 0.06954081842973732 0.044079306216169095 0.02697309589864091 0.033146423093891195 0.05386779926093303 0.036338549773079494 0.040213244784607284 0.06878993580267688 0.04798612559340383 0.05433118930308378 0.004951916197450535 0.07259185042412776 0.07545588698786092 0.0707015558011675 0.06136468084565914
74 0.031685845020612655 0.09590733614199967 0.010059161184659991 0.09562442532581931 0.011035566410173149 0.05600575015414185 0.06267518273890864 0.07420326995103296 0.009925399249629646 0.07038048976870628 0.08202097906509749 0.034803695710856834 0.049689394104828505 0.040952084655631486 0.0873105997262079 0.07224277343449322 0.035899645966547794 0.010908705309170546 0.002494303728428783 0.06617539235305328
75 0.005152449739105358 0.040211243153450024 0.02396497993527211 0.03748503816547327 0.06868941895698029 0.06901001247722707 0.06399714376818448 0.025504901259676135 0.05982204203037925 0.08878240707728367 0.036344245862231235 0.06126256474291415 0.04083728532104035 0.07377688912259635 0.08280031072811518 0.008786197665098756 0.04385061718105202 0.013449165040820893 0.06907561801629751 0.08719746975680165
76 0.0008711826511687643 0.05711202559908047 0.09382390671506009 0.06883024129006317 0.021331375606042393 0.019759663800858626 0.08052890962639525 0.08840864021694254 0.08799369774616517 0.0035384674620335104 0.09341258839750992 0.03338570777852449 0.047217807527818324 0.019948934264992148 0.047192457400623444 0.041363875298336523 0.025225391971153983 0.07091705805791777 0.013390772437211531 0.08574729615210193
77 0.09272879179235083 0.031549062442630386 0.018176776779995567 0.08496372957962087 0.07651483005303884 0.0544681957635618 0.010986955915081165 0.05252131235944298 0.017343177968904 0.07398247605134915 0.06384487489089181 0.02860262798061487 0.05285525463894496 0.07055013852722035 0.03021022601656539 0.041100350974735876 0.07150892629331396 0.0016637248936948541 0.09068651421498446 0.03574205286305788
78 0.03435074915773458 0.09164823586809023 0.010568174245894147 0.031871519496229676 0.0574739300875851 0.019909158620133198 0.04908152238724414 0.047797394917077886 0.05493341347902744 0.0878870202209786 0.04765709477914453 0.07813659243006765 0.08134894616969397 0.07201406075042667 0.027062224238468165 0.02245530817961478 0.09089557632175423 0.0037203676276918087 0.07626011791926454 0.014928593103878519
79 0.06029980525733806 0.010574810687238985 0.06331883336985629 0.07227554696219021 0.02843548035035734 0.0030933267786033567 0.06997632029078259 0.04857819303717404 0.043047697909825315 0.05307305428734715 0.0447922786998826 0.09300634228455823 0.03870944025813216 0.09340823257753973 0.046186782122541674 0.08435207006958562 0.034660698887222806 0.06211216265755276 0.030607348695576936 0.019491574816694168
80 0.011627559165661671 0.006098633687959976 0.0932417636552284 0.09905768942771728 0.0713450440807585 0.04375328890488838 0.07536897846263622 0.06777968145697875 0.03858429036113497 0.10823092148534522 0.010810703849369338 0.038318287078318934 0.03554182574471031 0.007809074242336341 0.06455840100406952 0.05049788986748136 0.08294441879592414 0.024904224966944805 0.02501242772042534 0.04451489604211063
81 0.049866182912948025 0.048805810213955025 0.010751965964566708 0.04085440435611699 0.08923552943429779 0.07520936435151065 0.1034403618734222 0.005048847617033579 0.08127771105748159 0.0619153273634798 0.013877992976995327 0.0030729248442477783 0.08137868184464482 0.028748719668602103 0.09102086925313493 0.011270632995411221 0.02322241583213946 0.10730194610748692 0.06134078846317119 0.012359522869353746
82 0.03507474044057079 0.03708275922809637 0.06912298938676344 0.004912968010597992 0.03085072928622467 0.08696560819269201 0.04664663046647848 0.03240439201469033 0.015136475337895182 0.017908352000629842 0.09132193015289161 0.09457680327517108 0.02262670183063238 0.09267555991829532 0.07586319046765101 0.07683464873115395 0.028397903306867745 0.07822321283338415 0.04304812065580013 0.020326284463513315
83 0.0738859096919882 0.014442436463831296 0.06816147387054851 0.05193875731662931 0.06962128615288923 0.03196891165425792 0.06692974945532651 0.062207296293108574 0.04214233721673957 0.010511210968803983 0.027609646932182402 0.08208079665351428 0.07216530491151647 0.004133621993349129 0.01805078244523023 0.07447898986602786 0.07373562718370863 0.0226047610776999 0.05454733621251557 0.07878376364013231
84 0.06643590053169612 0.010315640821399056 0.09274129487113626 0.07071298930962369 0.011387384186254878 0.026916955175636387 0.03111561086891095 0.06024923056596953 0.0029242982286572412 0.02519268023516701 0.07486432817586226 0.07003924827819717 0.06925349029758948 0.05842075380532005 0.0801842898119218 0.04396652104379749 0.03644606745947087 0.055130307876269685 0.04335774525903395 0.07034526319808619
85 0.08659947908940983 0.08690803680843423 0.059535078888528645 0.04228681537598593 0.049290923417708465 0.0704679117917089 0.08958697871956045 0.032634684051539624 0.09019247111903293 0.04624202027779031 0.027953063049130287 0.002784945051358304 0.05814839217712983 0.008574676261015227 0.04332370148643514 0.038581124651082446 0.06323441971913801 0.0009694261714297786 0.0535177576621829 0.049168094231398916
86 0.011616928322623498 0.01312739445280732 0.0035896359466600905 0.052178053319412464 0.041822029477925196 0.07845348190497219 0.011783958047748158 0.11323565094449228 0.08968128965462031 0.00994894598344762 0.022248477907178515 0.11162901092315025 0.08794352836171232 0.020810911673561572 0.022111796304043578 0.07090412416692012 0.01974452487877549 0.06546862248926354 0.07839870375811643 0.07530293148256884
87 0.07914303710360998 0.07665770136674135 0.05895153727189039 0.049266552736007274 0.08785839342375919 0.07600670841852965 0.0952084925692991 0.04617993430983549 0.025983028248018136 0.004796591617475755 0.00385449408004365 0.0829074824195494 0.024218633106064726 0.0015252504112059145 0.02256298739262952 0.04085362012201518 0.0495642692879825 0.04512530505997076 0.03344188006540044 0.09589410098997159
88 0.05371691041720928 0.06903249803457297 0.07395436309126327 0.04430976373608319 0.033435080642286175 0.07966984544445466 0.05972544712104943 0.07589723086821014 0.06304360715102264 0.039215938049972754 0.00476809027178608 0.07641997647657102 0.08648376378887075 0.002510691141217226 0.0040546038294498035 0.05148839633883702 0.05278683235907934 0.06497570535259295 0.013942471594197585 0.0505687842912736
89 0.09608249256424903 0.06051938004445682 0.054984310793761655 0.0774561313556092 0.0021752677025702904 0.053429367235709284 0.0459727043365975 0.029363919504558585 0.06303892448671962 0.04094882458171114 0.037270555548099105 0.03687193755786725 0.08479155078164805 0.013771463052838523 0.03222668529914324 0.02936448724590841 0.06401251719620164 0.031496693721434516 0.0766333059249584 0.06958948106595765
90 0.020008676144152276 0.01961841048346363 0.009950039775388641 0.03186991634787805 0.006826200542220047 0.0407903065919505 0.10340168057517886 0.10278615739051705 0.09208863803332087 0.06221520753112831 0.013697709163265015 0.07905473369085111 0.0010924129422000136 0.06329879766823437 0.058010085800924927 0.05030945313439809 0.019177030809636612 0.09324813777553531 0.08010788375528281 0.052448521844473565
91 0.03852140167559709 0.0534417410513641 0.041552951257562545 0.048618193231718926 0.06726989277292497 0.032820882809801805 0.006844954465201529 0.04623269342645036 0.07859963923055557 0.04930132829511821 0.055914461627990554 0.0337669030711197 0.08681736639021884 0.07081877868815692 0.012806099143378206 0.0881845201847194 0.00086901283865031 0.08682082205241876 0.0214691339753323 0.0793292238117199
92 0.009500716414631797 0.058717668015350596 0.043311905170907 0.0013746618971366387 0.05628166857594727 0.09296016178873429 0.05096205037204404 0.07760658363056895 0.09256295668926812 0.07754853242692086 0.07423992802017998 0.017003098536534134 0.05232515114344117 0.008867552682562714 0.0027740175566250426 0.10242784048525509 0.0046731889738991185 0.06615039698947246 0.017839783447609184 0.09287213718291155
93 0.04282184984868436 0.050941246980417805 0.006965283675206851 0.022016085284096088 0.04860199453087097 0.05931952447976671 0.09273598114689004 0.04453903380014319 0.09406663945946826 0.00867714406319757 0.00852211048040518 0.0006388396634031843 0.06541962384323431 0.08748859437967506 0.03984300418641075 0.09158922892714234 0.09333349474323084 0.014321941725810706 0.04487657658757137 0.08328180219437446
94 0.06758821316154909 0.030228473958870784 0.05249401704537804 0.06998997050304627 0.003101908418151068 0.057438797476879806 0.04101336738247422 0.07959659734071657 0.006195770815376576 0.07006536265558123 0.015199334318471786 0.06615641259278188 0.049439913326557075 0.05123651628223898 0.03373787980316808 0.011842827836948896 0.08076255841529131 0.0705095292890944 0.0563728237324479 0.08702972564497595
95 0.06287875974575712 0.0823696882435855 0.051815777122841106 0.03328977572431036 0.0232026903060652 0.02894140497348881 0.08956262244780963 0.06893904901254927 0.04609293313629394 0.08417170374811948 0.08861052961233491 0.042665702623100814 0.02409495266403193 0.08859268499567446 0.06891382321656617 0.022679948894679593 0.06587181911030593 0.005048512291932559 0.007390707194210959 0.014866914936342204
96 0.06927935939390006 0.024604904908115306 0.024401292822067985 0.01573097618621972 0.06827060741649034 0.040266324518208926 0.0963504519076999 0.06847377215694965 0.05704129152269241 0.10507915502498202 0.0043268774186497475 0.0009372083877505497 0.0922084871956852 0.05461992308578863 0.028607347704555395 0.03386537217980651 0.034783785595555415 0.026907707745671156 0.08111363079327513 0.07313152403593588
