0 0.05999568811898817 0.03387629701571605 0.08824490422780752 0.010935884288300978 0.07387534342013245 0.02286937858081909 0.04357895898725665 0.07862893130907338 0.028431985201653864 0.07575248809909245 0.02445193206668407 0.03618475027046974 0.0760545433394597 0.02192969733983637 0.07883250948848959 0.0882969279993284 0.024696399028966122 0.06815250719267334 0.01868530938580008 0.04652556463945187
1 0.09017374222815414 0.06734606523478491 0.018598741679662335 0.0011574807417537066 0.013629934666117808 0.03226158723061936 0.045598854599420396 0.04495145573586236 0.08187250588052578 0.03255754909324332 0.08043597905090216 0.04397145778121666 0.003633313095139948 0.0865205939425874 0.05415307039014367 0.05039406420077007 0.07890737827386203 0.08291361119711327 0.08654701728746586 0.004375597690654792
2 0.058893114804120794 0.016741032431417873 0.07964293037078564 0.07321516745072404 0.046592315292702066 0.034914965629837855 0.08090768222679932 0.013441780907039277 0.039658598276254654 0.005920404680685004 0.07658769880499285 0.07125745648934736 0.03883791498660957 0.0551912842607827 0.018487100499594896 0.053244188931344305 0.05482304717110255 0.0739726649206262 0.03961593057014937 0.06805472129508368
3 0.04630226092553107 0.06174879181596619 0.08819319486997056 0.0015661055201444472 0.10106789181927338 0.09235027029803959 0.020316852089349056 0.021460988559854042 0.015874695220847394 0.0498192232502221 0.07695059136200026 0.05404982575956441 0.07216767888325215 0.024091419150701295 0.0184065178355557 0.07130976660505106 0.04124954853681723 0.04946160699398393 0.01401433043467635 0.07959844006919997
4 0.020250150862676567 0.005489741261341222 0.04205956033516963 0.09736927833143454 0.07794477919290949 0.01613628854615124 0.09617879938178056 0.07799195851724838 0.10371661298197939 0.04272450941264651 0.07296414861546481 0.030297602583463795 0.046754547979162675 0.045233129957918713 0.03167111268817141 0.01832128523218018 0.07403164934753931 0.004746782089454789 0.04159736204822579 0.05452070063508127
5 0.07851014588291781 0.04623150981334297 0.0668521044319991 0.051832976829398365 0.0033598297339994276 0.09118898379058712 0.004512016096608989 0.06119404593514701 0.011442111326922548 0.09125836693800722 0.08277557362875214 0.019634733870271256 0.030547131905194994 0.0173726780351557 0.07989195128885297 0.0890710556757943 0.06583577304040461 0.025719279173780075 0.0431603774456396 0.03960935515722383
6 0.07859745729739985 0.06150146369135883 0.06686679636900389 0.020096340592193167 0.00039673673636108595 0.03437495566352397 0.08533717358402146 0.03528776279919909 0.07878003297664014 0.015862645665687885 0.03483713134211075 0.06564562303370997 0.08202562632873807 0.023310523991799583 0.07804653541540962 0.026949630658171714 0.08194834588284083 0.06267032043768107 0.06464909599738039 0.002815801536768411
7 0.030032756791187176 0.042761506573068424 0.06469271594033578 0.06292614784151435 0.01716272004833139 0.018168601823907102 0.018388798631453856 0.07212934486582286 0.04399665141541804 0.07409110213424698 0.09525578573513818 0.08543843915454218 0.07578248064970004 0.05443329327497249 0.043606711945843445 0.022240902099056038 0.007873158948771141 0.07561945713662897 0.08673224660544249 0.008667178384619072
8 0.03503708052770107 0.06193968303533328 0.06329613536005463 0.04738236365454601 0.00397514590746566 0.07891785561730502 0.023906938565397055 0.00984924852658713 0.06611561948251776 0.06035916091999175 0.0325353682746961 0.04302338258346325 0.024493888192709257 0.07442096696689447 0.01066302071531784 0.10820392608011686 0.06442235238578488 0.018948991069747144 0.10675688476003163 0.06575198737433922
9 0.010722944938129577 0.031685125476391574 0.09786602090177463 0.04275554153460509 0.05178837219886953 0.010058844559289336 0.01629699263962634 0.016838684972648614 0.04598836222952121 0.08301564803588525 0.0715921953573462 0.02334353820604005 0.03913997860021061 0.09460226088348342 0.0723521971826472 0.027387591523479946 0.026170185858561523 0.058275915501364725 0.09088357141950919 0.08923602798061588
10 0.00764781769375075 0.09974798513930695 0.08345784596263699 0.04442579328218057 0.09046951057906952 0.0635850799978031 0.014014344470813596 0.09561094758313962 0.011998394309907684 0.08988375620977156 0.010327204960625273 0.10294926452054837 0.046517962913527916 0.0110206004855233 0.10301416743001177 0.018581192409288315 0.010721523213009135 0.0018510935005633345 0.030163382573009104 0.06401213276551339
11 0.08478982398417315 0.02711712237608284 0.06771380592064538 0.07404103906534155 0.04368460912522272 0.029875130608557888 0.03907162866813242 0.0372540263690728 0.014718653972828174 0.08165842191211863 0.07012727341428336 0.08451464743067806 0.06820883616951046 0.057726229933870735 0.007252032893332012 0.02984986314947528 0.0665307740097315 0.0644682941638311 0.051217939334272496 0.00017984749883957058
12 0.02986651231040943 0.035470630274538166 0.08489032009491554 0.06544507214478028 0.08482196235131256 0.06820784141422528 0.07330832083607217 0.06901816428155294 0.04730609335723446 0.0008616395347935519 0.1023135816474242 0.02913822827825891 0.0020872402542480182 0.06953726027627272 0.023012987614784375 0.03605932567789563 0.02697279036455428 0.011159188399541746 0.09059049406388443 0.0499323468233011
13 0.0027662020179020507 0.053103762380535456 0.08281274917191817 0.0651117412710035 0.0717103339655302 0.01559008400580988 0.08274615524361774 0.07146659233441569 0.05796436057350122 0.0192004376844521 0.06675419067552565 0.04962816068758358 0.04830859781865573 0.03942393079923133 0.011053829359007748 0.08806172865551476 0.08448704885646371 0.017582556542250067 0.012811795006660015 0.05941574295042143
14 0.0036402500496017305 0.0405346845151932 0.05656500511272872 0.06567425614236791 0.033439898928468756 0.08421727572432634 0.048453218387513916 0.016887112718107982 0.06305091316612131 0.042548136335034924 0.04703396216537113 0.06344272523927573 0.0800155454796577 0.06242740079080848 0.06379546666476475 0.02883934442328715 0.07540818050568067 0.03977423159467379 0.04872562394113161 0.03552676811588445
15 0.08358028572939241 0.00042136110652571466 0.009663020797506777 0.02304680606768857 0.10650267301245968 0.005652095794261933 0.029885589881199614 0.026748502881449365 0.03083278084336186 0.031432058823699746 0.09173548648657749 0.05038214236486119 0.04821197243475756 0.02558261366363593 0.0846856476718818 0.055019625478734194 0.0939695972551664 0.04422810848828898 0.09298663968331435 0.06543299153523668
16 0.07558343646048145 0.03708630512220432 0.07207057866417922 0.06379103881424404 0.07464832631721989 0.06358323503984012 0.008274576265079362 0.06190332060102327 0.038017483411224594 0.059381381122438986 0.005602285735031487 0.033568675745090114 0.05458386074094581 0.042800681743280736 0.055181047405814025 0.06899652361954113 0.07967963608267277 0.005849470169171322 0.07957281534117368 0.019825321599343648
17 0.06692174199263397 0.06037695989012742 0.03645645448746427 0.052120696377989086 0.03656932664043823 0.07439765158299633 0.017651452178635993 0.016795757702338827 0.07651094817160625 0.04791275912271035 0.05096620770960426 0.08202414980186543 0.04039489763623741 0.08753040399815841 0.007521978430872666 0.08816491008270393 0.03504593341119836 0.005751507236644397 0.037155539763219114 0.0797307237825554
18 0.0926111688913277 0.041556103041740726 0.0837166883368256 0.010458349394537473 0.09679021241312723 0.05313885501740935 0.00017211832628277697 0.007720047070736708 0.06181335367252588 0.016943830184026603 0.060865041759280106 0.01390840405466996 0.0009495410021333 0.08583208759445879 0.08320725271277689 0.09524141953387477 0.10131298422550333 0.007231604935313764 0.03488996973502296 0.051640968098425916
19 0.10639060290603732 0.07893656569367288 0.021694619956298865 0.05250648759905387 0.09280341980282364 0.07218400466867916 0.019155103951511227 0.015245047111723767 0.04589397604566538 0.04261804965095288 0.03827373217176308 0.0018956080342400177 0.04832305046766089 0.05131337571867581 0.06768435715121514 0.0456920345175518 0.015802735401714563 0.055511173583074155 0.10645669536156552 0.021619360206120056
20 0.0764335128089961 0.0013654692210173743 0.003194147738007326 0.11855730627838913 0.010191957988344507 0.07683713577258894 0.012302259686402427 0.07941714920281531 0.03965583344792833 0.0029039573160750745 0.04820580038259832 0.0366325121870019 0.10929765139976193 0.10882188239788415 0.011884956774000536 0.06655315070374965 0.07054955543670796 0.024098326650600133 0.059963650672837696 0.04313378393429307
21 0.06948594996363679 0.059640517236523485 0.10033316206481538 0.08058591652231172 0.084243291765306 0.07830977780817588 0.046392411321041424 0.09603303514104312 0.02761428706045613 0.035319602398744356 0.001866881589190703 0.011275469219179744 0.04599434484993196 0.009582788285605704 0.014837253620805072 0.03594238042494418 0.0426233330029431 0.05201085704789998 0.0949874690162023 0.012921271661242973
22 0.07621871578639561 0.018179363488929 0.06049889309206493 0.024853728394132097 0.070572110710023 0.07654107861063772 0.025158667877724333 0.07182142466871111 0.061914971052392145 0.029844646200266813 0.07632325599248624 0.016807508098594073 0.03285268545698449 0.06023397286938893 0.02659468319091547 0.07580777458292522 0.04922130827289655 0.043558816196886195 0.05909554738424741 0.043900848073398606
23 0.08526531948547543 0.02481929135489343 0.032288982527931415 0.09348172462826197 0.08183746701755251 0.06354850143500931 0.014168856308521991 0.023589267222903602 0.00583999994533942 0.05673554798468426 0.0667412329764245 0.09158194961127501 0.04583715634933462 0.007993931432225638 0.04180368514520162 0.012051729539295442 0.05072282967769891 0.09444641310919755 0.03337092090492764 0.07387519334384547
24 0.012132020740083288 0.04613554932835629 0.08753474609499537 0.004193368367367003 0.0393652298844466 0.005553617405138651 0.06789195896316216 0.07121092203473901 0.010131532066598163 0.04922210844146622 0.10032798461823639 0.08054378604057506 0.06283110341825708 0.05019910327356426 0.02094021189999231 0.032038154278764094 0.01297101799023727 0.08061728022299405 0.07196310770327043 0.09419719722775628
25 0.0669189521500394 0.09590008897021107 0.10069157039014298 0.03493413079295819 0.039215088358005384 0.06266226789889487 0.005658798164740896 0.005971110249477024 0.0014831811667409024 0.07091023074083093 0.006970747630537466 0.030358501717732113 0.06995912186427364 0.05155912045515263 0.0053678543937311154 0.012425110187055777 0.09031473136380802 0.08132168512424166 0.05480271234595014 0.11257499603547581
26 0.053791860415078295 0.048542152187256916 0.006436152327914069 0.061624878799485694 0.03456441681437532 0.0428507857820454 0.06534350913086685 0.008990054789615799 0.07638538941136604 0.048872473169235035 0.008675309607669617 0.07984855340780606 0.04243829953072532 0.062308106937016154 0.08681210310698065 0.021840758145955926 0.014150472247615217 0.08898455711161404 0.0805091885403209 0.06703097853705671
27 0.003414958075682276 0.0407639618366456 0.07294582287845362 0.0764400479699501 0.07534016068166954 0.03714826096719587 0.06552982415768567 0.03093765979918365 0.0013209262536411424 0.004701788685313554 0.04800485959949357 0.04737217866907448 0.0735761673893572 0.08197074282475418 0.08550015933014991 0.08652637957182972 0.049666216060866436 0.07819960264109359 0.024073952466603665 0.016566330141356212
28 0.08835718215537648 0.06907368339910626 0.07352448008027936 0.034593842903877056 0.1299793444294097 0.0520836572661353 0.0021867964599079463 0.03879623559992014 0.03525082038287865 0.009395471302493423 0.10065518646189857 0.009632470160328336 0.0009021710723744656 0.0652537705441423 0.06536937574031426 0.07395261168373495 0.07807256023853046 0.0064682110486903996 0.04181784653229268 0.02463428253830916
29 0.06421208434590076 0.050225944995673 0.03837584238839138 0.07038726936783898 0.09227337090463276 0.08782508955544314 0.01574910074415774 0.00502993237059758 0.011786617743304289 0.034075954745305885 0.04892961126890246 0.05479367254480706 0.018550597041315665 0.06100178173188996 0.01339588855139479 0.08429039348766441 0.08429249623559426 0.0865653868872341 0.02173056398786682 0.05650840110208468
30 0.08060030865525368 0.07013443117310983 0.014311268490036635 0.05901634384808764 0.0777880583580623 0.04736798058041952 0.016146531673061043 0.03840442063481117 0.014856546576083205 0.07832626115883921 0.08435353684686396 0.053654224791249844 0.051019731433004256 0.062479754645874394 0.04414561320366643 0.024012440091927288 0.060522567440723554 0.03896291463894295 0.06734953428543647 0.016547531474546472
31 0.06150764311835048 0.039985516011263676 0.040979860808107074 0.05070362164304796 0.06524966084439748 0.0003538637120004019 0.003404953444163374 0.05586654194728323 0.031886082213540876 0.03744669073359739 0.027605601783659173 0.0912540504769712 0.05263262800265672 0.0739317665830034 0.019251231966670047 0.06163887522919688 0.07254249164709092 0.0810245802665566 0.10813575990379251 0.024598579664650636
32 0.026492128585604298 0.05473551398688645 0.05723061148237184 0.037672717354564636 0.07156919067008725 0.05507992809780624 0.07603254625916273 0.04764093572515483 0.08805075693158505 0.06087675331002144 3.3718180204942485e-05 0.033048728222204796 0.0026778599075176776 0.0453651147642344 0.05929500703827351 0.032017646043364434 0.05507068745406747 0.03666340047969361 0.07886201743046252 0.08158473807673199
33 0.0008716829821180324 0.07641199229460398 0.08054717821899393 0.029300067783711067 0.02142205627626085 0.06323161448626487 0.024964887056594904 0.021789304219557437 0.07338445222734111 0.08271758290404425 0.07064550421972658 0.07231091038967748 0.024568432842691574 0.05804166800183946 0.049757998909788374 0.04178509831932933 0.019896617916092037 0.07967640911520348 0.046573737433067454 0.06210280440309385
34 0.0018956038366148393 0.11975740899307936 0.0040958990068995765 0.01566263130043352 0.005869375772277318 0.03348702953440194 0.0843939631946068 0.11683976350492421 0.004186601937974077 0.019758305826720595 0.06256261278535911 0.061573127588936086 0.06791558459662363 0.03921679383918486 0.02510818049710747 0.11377343754272537 0.0678027718473715 0.08522061578029053 0.019862438909582652 0.051017853704886526
35 0.07776599014438286 0.07543155663523818 0.06782073424618555 0.051388812357902824 0.07167421472153135 0.05880629455588234 0.03536424237539833 0.10373975602914956 0.00970204020143466 0.06579442357394406 0.01917895487837074 0.0004468376591687775 0.024480851530944682 0.09014553560355015 0.02834686232471848 0.0019834038055348 0.0478987299720031 0.02779203624946354 0.08762856256398664 0.05461016057120934
36 0.025119191150213643 0.06965915741956556 0.08674108037140223 0.05038309953643647 0.015155592057200622 0.11724562893461148 0.0068610818701992215 0.019602909502804983 0.14490912425055863 0.05807131388140924 0.1248369946838744 0.011780106037509088 0.009971415859261416 0.004399577967928081 0.033173288594648125 0.019689209248356307 0.06415743248837966 0.0018991843974426811 0.0883972072707444 0.04794740447745384
37 0.023332443456709043 0.05987681901364575 0.10953998331101263 0.03077923697678302 0.09326656872265131 0.07840442925442448 0.005038671733506509 0.0037146029364917765 0.0012666820332737816 0.08741983420658239 0.11102031491244825 0.010462347217893023 0.07600996604314776 0.0688709578354949 0.02839816254033855 0.044685227171319744 0.020519597259935223 0.03735689860432161 0.08874882897701489 0.02128842779300536
38 0.05495865585149872 0.00481124815205473 0.09596978906410829 0.09746925317817554 0.05150782907142778 0.019759961708810572 0.04494103988880632 0.04811711466249171 0.014461337935920226 0.08494791716570682 0.047392649131474535 0.016872571029822918 0.0507338593135627 0.09052234523352724 0.06747036098887169 0.01871453156151687 0.09659108586076115 0.02798634365599626 0.006167765518037596 0.06060434102742808
39 0.08369610371523271 0.028284168432385695 0.006135621358013051 0.056872197123291585 0.03185953900998327 0.059072745019004703 0.09906374380638741 0.0494114222688878 0.08314349179588906 0.017535722333924794 0.06510262853554652 0.07113782679965744 0.012900690454887917 0.10141740834980088 0.019470253838389018 0.0005981664564496895 0.016797585068619288 0.09378536932116749 0.04583875035437364 0.05787656595810823
40 0.034459673076956965 0.05750443427592348 0.02281086776890441 0.03955737264109147 0.08558132849892224 0.05948990404133326 0.043542766994421105 0.07744482525987416 0.028325396331167377 0.09073060191378801 0.012162609498336367 0.0918370512316153 0.007982057077257694 0.09918041062162362 0.020694994901314517 0.032572570683444296 0.09961072692485703 0.02133386424896895 0.06510140684793667 0.010077137162263074
41 0.07861932314959541 0.032479346597900235 0.03948977619979475 0.006324863818227591 0.0961466275876539 0.072219115527651 0.050028423144009786 0.051025160175018375 0.056446902648329036 0.08169625859009848 0.08512536776208093 0.016787915852498156 0.02608883442274095 0.02688463375182725 0.040202341087053464 0.09035158028197238 0.0037136943152976175 0.07554769698254461 0.047282417647995935 0.023539720457710002
42 0.04509856245803187 0.08986210288015785 0.05089448865399693 0.08317743772770317 0.018774627496286334 0.09582888276445015 0.016959447899142836 0.02220849875637081 0.06812074952538809 0.000368186814526237 0.02700843053633487 0.08076517255773362 0.09434408948937159 0.04835201036908144 0.0562490846374363 0.02943592598931981 0.010555172079908031 0.005713545851872558 0.09283936468493828 0.06344421882794933
43 0.04824760850134955 0.06796458405002914 0.039839727291970155 0.026726465972296644 0.04131156939093543 0.06269875254111151 0.032566144906566265 0.061867310823422304 0.0722588040895403 0.032196721452121935 0.06287547739893774 0.004952189737130337 0.07137903505145082 0.021151536418105975 0.022452335565626598 0.07873943460708371 0.07744675885232982 0.05208128208617575 0.0765264066658278 0.04671785459798811
44 0.07908968391837877 0.007464859670835979 0.06675805479110485 0.02729394063868975 0.011881479131558972 0.08218494599126604 0.04083492676500509 0.04083339971413438 0.017558940263437333 0.03781780264319921 0.10138345265548573 0.07275808100178412 0.0007251286674111005 0.06256373963150028 0.04481220659278798 0.052813094436411016 0.0841150007997148 0.07733667248602386 0.0006286019527763323 0.09114598824849424
45 0.09480607762877608 0.01216770303058474 0.06015834842250987 0.0028629359343045257 0.011615949752022906 0.06614237842541387 0.09245974123307071 0.0847015349790114 0.07174590729138551 0.006897600171894239 0.018037693051468705 0.09450637412648581 0.0032503207357850008 0.0721069118755138 0.011926880069482872 0.01677618867523113 0.062348430821617604 0.08094004792129918 0.04121596587151384 0.09533300998262809
46 0.06080151203072381 0.03282986615006775 0.0769152113079142 0.08136711005695543 0.001531941803466942 0.08329027742921159 0.007278218022983963 0.03723745894869962 0.041783711554360094 0.020981592503688463 0.04141841312586772 0.01492846611155958 0.11865141971213697 0.12393448301622621 0.010593669982626373 0.03454456007969904 0.006027706330560212 0.11455792433323746 0.04327799941246153 0.048048458087553134
47 0.03422444410507052 0.058466488498073205 0.007005670083417613 0.03390201304381148 0.07865283144701748 0.08060505781885696 0.034753687745465486 0.08497433169713411 0.07059101039518091 0.06352774685226517 0.023902623680942616 0.07880860906232454 0.06560758932299189 0.08166148991956854 0.06016343566635754 0.014335807682969917 0.07399638448880191 0.0036157494552394097 0.03085988466712542 0.020345144367385503
48 0.0650065795824447 0.04104347592988563 0.026304388548062402 0.032640007414815736 0.07174190860292415 0.06954495825456244 0.0663124456610214 0.03667369338815526 0.07271532790496131 0.07154452619268711 0.07257401304596016 0.06897325765855981 0.07515764952026367 0.020897556906165935 0.020244204514070566 0.07434487309273642 0.026353467549300433 0.030501108184607363 0.030709754025053222 0.026716804023762017
49 0.03813141573166902 0.08707323594152758 0.010798705517084407 0.010977185899895662 0.04618832983980885 0.01985601871547228 0.03761613906527059 0.06704154171544024 0.07228621856193235 0.07935326763775624 0.09043873670616796 0.035632127105493426 0.08355140297952227 0.06121798563768088 0.05813448704457043 0.08325910151369216 0.048290017085855036 0.004844005632917948 0.04763938306738174 0.017670694600860806
50 0.06759004339364727 0.07685113575083145 0.03605417131002014 0.021261520029519844 0.040104386062388545 0.08142443885742218 0.008490219983671032 0.02072952303651928 0.07534885508090619 0.07539080212823292 0.029078292447345014 0.013235589375242203 0.01770708464813549 0.06823907994623682 0.04494686690142304 0.06819558052167628 0.08492307558384284 0.012300388588164369 0.0975224249812351 0.060606521373540126
51 0.06371649899974825 0.036785379774203375 0.07653685729883097 0.010991010891534944 0.08339169742020598 0.03962905617062161 0.05394467885491085 0.08661939621731825 0.0547448915159965 0.08081690923424535 0.03020333333842117 0.11387563961196102 0.02194762278658055 0.023784770868562788 0.03992004129328842 0.061479751778515924 0.013140643047781675 0.016988623806142883 0.04413249029420468 0.04735070679692474
52 0.021834830798194187 0.01705978562323464 0.09984583794552991 0.04190168658208549 0.048765310368537644 0.02077555724284012 0.10821949102370283 0.0213875146834517 0.07803648022524566 0.019642811224088688 0.01684774586808354 0.022018619824070766 0.007295952694268465 0.019713608245537258 0.02864289227919054 0.082305757702577 0.11229714331730914 0.10101062532520184 0.025095155159846626 0.10730319386700386
53 0.031505523678238695 0.09994145729509556 0.0167762079887203 0.02080057450930739 0.029626395067463864 0.06998586210086366 0.025714829636936106 9.96356088548206e-05 0.0428761953603241 0.0644601763270918 0.08233443491292292 0.011740789932070738 0.0545791333566923 0.055313510447524396 0.059576948239133794 0.007372212246629666 0.09328663961881861 0.09567418241750839 0.08521517536242637 0.05312011589337663
54 0.0759969223440881 0.02442530799557425 0.024146586050702804 0.005614181578600377 0.0381402041473875 0.08440705726754542 0.07131533487929433 0.08340000147135863 0.00266759405094961 0.06176573319826577 0.07912870617950443 0.020814175803217223 0.009732883589975953 0.05285673855457017 0.07812622175163937 0.044553108811161785 0.06967738703460692 0.0719233362496392 0.0304040728996675 0.07090444614225082
55 0.0121670890533107 0.06574600725262716 0.04126574719359165 0.06902137633403811 0.028759348583135298 0.018128885558184687 0.06383521914872589 0.010895830176409094 0.014543978585604715 0.05683391968554288 0.0709138738118893 0.09213925583427057 0.0670142690033696 0.04761674171394305 0.08145152743681211 0.03691505283825358 0.08977325373200588 0.08721805900847147 0.035660028827583866 0.010100536222230266
56 0.06911786957347642 0.004218773953899414 0.017354916089704558 0.03887393238738944 0.07385155021776943 0.055543349604875794 0.07786047675441414 0.016513851673978855 0.0440432001564538 0.0188883634046864 0.03135033130751069 0.09442784383073519 0.07374703869495226 0.07591479484399537 0.0061872249721945 0.055456385600678365 0.019108869377717597 0.07008179743040935 0.06975952943710902 0.0876999006880494
57 0.00830654196203242 0.02861794176830248 0.00945886071157586 0.0658356121988766 0.037735024338505195 0.077712807489867 0.09230363997079764 0.00014066506821520562 0.09149564839486753 0.056771030393871866 0.0067767936360068675 0.0675307220714768 0.07594307592321285 0.07589545755295772 0.07729475106367913 0.011064937713719357 0.07084514315357136 0.0035613827675786956 0.08217409626511869 0.060535867555766884
58 0.04808974572250438 0.01654019622434251 0.05547396390660936 0.053810272794887794 0.06706693190408125 0.08739393294025304 0.010735344654606634 0.023154361163927856 0.027886755575620512 0.07798570848227519 0.03822494719018848 0.08084148470807859 0.048959366629184244 0.06134990971507597 0.06162476825649427 0.07969130002701863 0.011435392483455806 0.05697516546718693 0.0877606574126511 0.004999794741557437
59 0.05422794339462398 0.07387105391984097 0.04043754048959047 0.06566231538010159 0.006074660813752997 0.036143576156253084 0.05725076425763504 0.0850513536641034 0.030350590731695142 0.07531507551725448 0.01883421356805427 0.01717430033468907 0.0575152541427378 0.013449159899257322 0.0838494532304041 0.07908893529352398 0.083021651853839 0.04062334254260861 0.062295423734045466 0.01976339107598914
60 0.06084444310488968 0.07732802892303159 0.001963562815147504 0.03639390286121473 0.10299893203642216 0.06904523069798338 0.04809474807949201 0.05231916921312648 0.03983299228914619 0.020318676394059775 0.0691272608643074 0.07103995094631663 0.01960902325166178 0.022763738883315194 0.030305477433724238 0.06793777116924891 0.04152785273985081 0.10026850137322264 0.0644557443881426 0.003824992535696248
61 0.02520628743442674 0.060092841039523386 0.019010854949295202 0.03521438234753743 0.08520520555527991 0.04981430584661944 0.05032019388556197 0.06423159023884532 0.02985733588674692 0.04131009922185344 0.08599415993548588 0.06042884130047652 0.0724264814645935 0.02674120666226834 0.05474620769755707 0.005095606179751014 0.012086950941445188 0.04122026802236601 0.08270752010039897 0.09828966128996788
62 0.08507436006443903 0.009195499942441376 0.02420176294235667 0.03700185932723712 0.018435497449793375 0.04433916272445782 0.10083274766617847 0.054467051507577295 0.10165163970968254 0.036599794271140046 0.001952066953684704 0.0398436154177387 0.027853106424200087 0.03665477195881249 0.03435225543658845 0.09195035488812882 0.08922340239178325 0.04235060420070847 0.08043211426224328 0.043588332460808114
63 0.07967312977093592 0.08596466342517767 0.033293858727278594 0.05186691356770937 0.05600381927156301 0.015552080339886313 0.007657281412495771 0.026804765282896725 0.03918058601522858 0.016020212939147623 0.021277591391762725 0.06034205259720052 0.05785119083714389 0.08636783390328188 0.06516718162179136 0.0806351394660523 0.07613501176855689 0.0019622004320554646 0.09025401520322962 0.0479904720266059
64 0.04637386897363134 0.050642291141682456 0.09018380620245683 0.08805147943308637 0.049159765553202214 0.05400074555098159 0.02693702862963785 0.08345251011672965 0.023047553098495585 0.014717651756384807 0.07539620817715435 0.020574831968619197 0.05813316269894826 0.010893439339423064 0.08906085562192663 0.04404581096407702 0.026057446069245618 0.06375367447426233 0.06988001475670856 0.01563785547334615
65 0.026359383471262175 0.07634669796097829 0.08537684154643908 0.011932118513386693 0.03563523462052887 0.04548109026250383 0.0811598046563904 0.08681048548563218 0.041903643665331836 0.00818685041617543 0.04240788013303886 0.05334618687288623 0.013874394147030225 0.00854945861889305 0.02337003029485384 0.09104305940877823 0.06645342624863392 0.08115793981226757 0.0344794885292424 0.08612598533574711
66 0.043637068500958706 0.028390310323406772 0.032805951191073386 0.050209514189430475 0.05242480358382536 0.07991581947489507 0.06960590058395351 0.06064669421825469 0.07926824845764552 0.04006807784788605 0.06082316952962906 0.028294945813308804 0.01856502779008635 0.05445773153178698 0.034497665149223755 0.07377362692712787 0.010600054686114642 0.07846804500381134 0.028285494850930598 0.07526185034665106
67 0.03130074679282287 0.10013374050909415 0.00972343086943322 0.05525657640797238 0.06381373776607367 0.018264224884215863 0.039411391827613045 0.00506823467681084 0.0248511174107957 0.023339746092967517 0.08336476586729814 0.07965968133036984 0.06850891394328186 0.09921446272768525 0.0825657823011288 0.029498484434334876 0.027406509970930092 0.0565966666956271 0.08356123521039306 0.018460550281151608
68 0.03124064858005148 0.04933446789875286 0.06082935750385926 0.09026470188299937 0.043806022736751875 0.05986841180301291 0.029849388048920178 0.026549999246273014 0.020684980263848435 0.09109027953577913 0.0042273405967312265 0.008567420606796787 0.06259909762539397 0.08846569453937475 0.08930841343281361 0.07457119968642437 0.02163020673954963 0.025110294132915146 0.06962484522803829 0.05237722991171371
69 0.05411650186075613 0.09922567168316782 0.05754149673228327 0.04417385721227677 0.0007834713794283015 0.043297554918447514 0.05314561991189566 0.08810086030891556 0.0609509297176785 0.04168597247739446 0.03480554908014132 0.011115186947979408 0.016350644161891508 0.06565441051240735 0.09784156773913237 0.006686483195583618 0.050633105041824285 0.032917915680360135 0.06114394788783037 0.07982925355060548
70 0.07682779236550612 0.07166392768561887 0.06544307722237246 0.07787551728499809 0.03814416023531631 0.06420666185633223 0.024916427160662582 0.007261308377481272 0.03947610949581634 0.09042324373220789 0.02049532018247681 0.019318475086739603 0.08342520021453047 0.051581589500443864 0.05810301133885345 0.03673871484446682 0.030171862299940937 0.06870609737231904 0.014223145842814493 0.06099835790110247
71 0.0070357538442851085 0.04350314936255063 0.022096795499646847 0.0813046067721856 0.028167792509627795 0.06496497567825314 0.01826218733006708 0.07188499583883343 0.06546777940046473 0.04307408171301286 0.003203893759199321 0.04083922728861638 0.06677282153625298 0.08526686362073739 0.09012149979531116 0.02379282157766935 0.08372395611773067 0.0744309018931502 0.025357993265860912 0.060727903196544315
72 0.056544972382129736 0.01029269294151563 0.03616529057542682 0.1031236575276249 0.02491359830390241 0.022698017956911516 0.037124638414320676 0.01333981660987189 0.031238172347186417 0.012580455174617167 0.01736197917209794 0.007271542148659743 0.15003535771944052 0.09124925107872449 0.03770420237472332 0.020950695572659085 0.058303593114513115 0.09562891569397663 0.022416215194271703 0.1510569356974261
73 0.06738071763980812 0.0053910212267651615 0.06242151275649393 0.03117727965650083 0.03731849272651027 0.09165128409154093 0.01990843296778684 0.0795100205827198 0.0901066871402604 0.07101650510421018 0.05480046315208817 0.05001742598129485 0.017912084410573334 0.05521696653993203 0.04244824007398167 0.06152454522659022 0.0508656856955066 0.004825534366365786 0.083184615017746 0.02332248564332476
74 0.0767505924880661 0.07661695183568602 0.012066112507594132 0.053397097040989036 0.06128019702889618 0.04515078898288087 0.0690047136615359 0.008778038631499396 0.06316056667422598 0.021835437055487704 0.020050427637954768 0.09005904211398033 0.09413819300769262 0.006400751588634149 0.02770382910973549 0.07369123056662522 0.06160398723723372 0.013330406884550103 0.08309120336860404 0.04189043257812832
75 0.02096776874980609 0.06380413263253756 0.05232226241270467 0.008009083365807221 0.09126814689773446 0.04948757545958046 0.11774533867256216 0.0003078931785123494 0.0815284932886927 0.010041116120898676 0.012858905266859958 0.0530521597251721 0.03177912484085029 0.043347633402700335 0.10960322948981889 0.009225319640670934 0.007823656812734801 0.04762178222209636 0.12500030420927377 0.06420607361098622
76 0.002021930012200508 0.028393867740175566 0.020104129100241067 0.10731708132435948 0.0826133387459027 0.062237244428285494 0.11433160059655478 0.0799474975101373 0.01044881066179346 0.08397582261069769 0.0024317768266279706 0.10195266513205954 0.043023128612234104 0.11218286474124776 0.014643977003321358 0.011979531246170069 0.009815648988859806 0.07909778387758595 0.0102397591795611 0.023241541661984364
77 0.032067698330280725 0.02768210862125011 0.02140915134295877 0.005126225752761974 0.01046279866653772 0.09738177361350403 0.0918869897629721 0.004285737758210785 0.03029817704987476 0.08545527905474876 0.07855911326377171 0.010504881082629662 0.07431429464442872 0.08603232850159837 0.034178977972123534 0.07253222323484848 0.08516341020360058 0.03342426795119718 0.04751273764076967 0.07172182555193239
78 0.054399342222909056 0.025651206551266077 0.09352423522287948 0.10752333720353789 0.08901775220929298 0.01645967037192533 0.004945482015342182 0.013995341592576586 0.0368956540027346 0.0019930514111945142 0.013365015042211568 0.07042064119973973 0.10385888186752579 0.016935070557872755 0.03856905572936147 0.09666417585695464 0.09925611921465362 0.048662207575832346 9.174339458876396e-05 0.0677720167576006
79 0.06560483665394891 0.050141901215303555 0.05281317001413428 0.019795152866924775 0.07764113464233667 0.04922514806629707 0.026567357153666326 0.07788870134240806 0.05144436918963724 0.06516246682218597 0.06334139284246805 0.04358461697981414 0.005750987560269498 0.056714127571850376 0.03731327128028877 0.07388073843879776 0.012407883300833077 0.058795200655094096 0.03764684330286838 0.07428070010087291
80 0.05921301295303684 0.06373781837491596 0.014164932380074388 0.0860558350771107 0.06286647490634886 0.0197001600317387 0.07733475339453218 0.006191114614693373 0.06787082410279432 0.04879507168477982 0.013677592867091611 0.10270019992282979 0.004479245704601231 0.08986075806282573 0.019357763045255494 0.04035459465582693 0.01891209001431529 0.11196204857065796 0.08791423874479334 0.004851470891777303
81 0.07352546467226789 0.09646103417804554 0.015223765904622735 0.03810821919532501 0.018845197658986776 0.03071553135862218 0.06706121788207281 0.07942864181121885 0.01652140741332904 0.046822826715183785 0.06064579132879079 0.0861729978806013 0.0442498052465884 0.02696600874236796 0.009287840694927345 0.04298543468279907 0.03973016707201229 0.09228610917881534 0.022791163398251213 0.09217137498517175
82 0.020342243507705485 0.05758158580575792 0.06064864151265328 0.08338398981784606 0.07021521542860384 0.017112863980257857 0.08084390491732611 0.05699363595442768 0.06650486032977702 0.06505806463677422 0.012796217978532483 0.022720169548085607 0.02520066568041233 0.009323397738623783 0.07993674041076358 0.04588718876112508 0.07098436246241571 0.01669406680252391 0.07746219748476013 0.06030998724162776
83 0.09030688579232549 0.017931200689926246 0.09074295249151565 0.06477504348547702 0.04714627459985536 0.06357088444620995 0.034006661010588614 0.018512310564335378 0.03260607167212745 0.041140427857874626 0.009653585320305406 0.020466180196114476 0.03949097654274485 0.07625284470914764 0.06883807848480707 0.02463206304047635 0.08881693622999177 0.05557838274665056 0.03997026706779351 0.07556197305173237
84 0.0929446475762384 0.07853038832716051 0.05726530336370892 0.0855891123500079 0.016346626265195858 0.010794465854519505 0.029843192135289152 0.09732045724230064 0.05989514797144952 0.07796859039854176 0.025684424178299418 0.06388858284644916 0.055345263060431533 0.007349038125104428 0.002814216811684336 0.07505460104977596 0.009208428893897214 0.033734320740161645 0.03331108844599826 0.08711210436378575
85 0.11922195174439738 0.09811446263136447 0.0013283613543814265 0.03103419743626525 0.008014927170720925 0.00835783544490759 0.0030225693482991704 0.05692193971805967 0.024730122108679104 0.04767296672976146 0.10187817482041821 0.10919253614803424 0.07474144449595482 0.016989489160613543 0.0037910947413656525 0.09245149947430907 0.007174178213994336 0.06395520742913598 0.0776354141313199 0.053771627698017764
86 0.020389577296511828 0.0702676353138058 0.06931348661007986 0.05271239064589493 0.06056685186597808 0.06707931648209504 0.04202069253931198 0.017294703062240353 0.03907434844824946 0.03430467563284175 0.06367217863689514 0.02519477846827355 0.017863142775821753 0.016061292482816063 0.07780569105880462 0.07344001211135023 0.054111347442690916 0.07538655692898624 0.05592472236784547 0.0675165998295068
87 0.020600148291093124 0.026601735551816177 0.0742372191644506 0.07882047935200509 0.08314203972804034 0.04252076717656432 0.019956066796722495 0.06522585110182748 0.020155522151799037 0.050441141314545565 0.0063506984898820855 0.02708058779312713 0.08414588564699313 0.05766938517852826 0.03463125696407738 0.06182836452438364 0.003524668660437887 0.07945576161152211 0.07742531473466716 0.08618710576751686
88 0.05171694846506883 0.07081365389808503 0.07080614007321184 0.09031801793744865 0.06949266439630189 0.05291422717199742 0.008568310877691098 0.04546187829747851 0.022519422565202552 0.03718134469141786 0.02714660302972083 0.07466302425851133 0.06839190406322654 0.05279387696767328 0.06529438278103614 0.07168656992123218 0.025949716158861356 0.04213743896625047 0.052085483006135865 5.839247344834891e-05
89 0.029794821886309136 0.05579135619664979 0.009423595291761606 0.063313332901978 0.03143803894500812 0.056718378188545804 0.036940751095389045 0.06295453756867775 0.05455988003838832 0.10201191777483089 0.028393571756453906 0.030959290198739456 0.04608712399530523 0.03043404072074646 0.06834436967276226 0.06367958785548987 0.0014707536129060076 0.10589110147395128 0.04760785115115853 0.0741856996749485
90 0.03266476429611233 0.05482882008610705 0.0821480810663198 0.06783049350402807 0.061871682521050325 0.04693253060942497 0.026437170189125458 0.04351246761085524 0.05297501694341766 0.02957648008032715 0.0589173985224804 0.02273143535393859 0.073726128507191 0.017901252988574316 0.0709677266065164 0.07404612148250196 0.03474535702744753 0.0662147819438451 0.06976577239706223 0.012206518263674422
91 0.08058056749401152 0.008410876486551299 0.01988789975762794 0.03576404127865652 0.03633463225433954 0.05724826192948021 0.02572923274095814 0.015095370968805259 0.04312477644601066 0.06421514966992424 0.09236345249594545 0.07237742192338581 0.009488426528251095 0.0224702282095966 0.02174647982002163 0.0676198025725218 0.09111008897640868 0.06491613309036458 0.08120877236221373 0.09030838499492529
92 0.039433657598791985 0.01906571723416538 0.10446793854573838 0.09454574392887452 0.10340591813644612 0.04753954177254401 0.07190337038876439 0.00127222497288761 0.009362242886702342 0.012526014908285154 0.05068953666205893 0.061722477416047694 0.05476984138300922 0.03350563759847564 0.08889998591251506 0.05738268490376316 0.09158884175634163 0.04052395152509016 0.00370655751111996 0.01368811495837852
93 0.0605154010153438 0.04257156129325734 0.083789419823797 0.07907772552053352 0.007107065779741862 0.025645274716015198 0.07833336094610749 0.058415649731297786 0.054831319756434516 0.05851698058785969 0.005415423797126321 0.07608281188333761 0.08231864618843522 0.00023672783674113414 0.041389835671419996 0.0018271042304908028 0.058960297706802355 0.09426678052775841 0.05918999511343829 0.031508617874061666
94 0.07644250291052802 0.0706996039787167 0.06207256219837314 0.027652662742059853 0.029276370574509963 0.016692012168953666 0.09719310000023572 0.023228590995855666 0.09037420699966033 0.07427362393716688 0.009632256760305435 0.10175082313264308 0.01190905611540383 0.1068063833738837 0.03496512783298112 0.028399861363700356 0.09708973369872645 0.020119993796193083 0.011384635149075046 0.010036892271028192
95 0.08355319677401975 0.047881162097658095 0.038375784204166985 0.023562810443687684 0.052789841824018 0.07757425946316879 0.08107516871143942 0.06341355989268883 0.06880523130319871 0.02513527944841163 0.04264524537722598 0.05560936458008283 0.028320409269810342 0.06737465543148044 0.03742895298895463 0.002067627553575201 0.02691231142641368 0.06501175995211149 0.08446018671321116 0.02800319254467659
96 0.014247995337668339 0.055335208190683244 0.03856240248466655 0.0445411728789521 0.0501759846675667 0.0784887095849601 0.09071800719982516 0.04231181823157051 0.05873197530791655 0.0860191642875718 0.06527529065317572 0.07816390484750169 0.08004925703201879 0.030753267093589023 0.0667867972972563 0.013115004362776706 0.00972399289343588 0.014779741298938092 0.034691552037565736 0.047528754312361095
