0 0.01648474245886745 0.006773122063824398 0.04417699290639043 0.007872527424541684 0.014098073193543382 0.07443442236954914 0.021553282418838884 0.06561332832731964 0.042828310096436804 0.06660727645806948 0.0826403029491858 0.03105918583926281 0.08699593681736208 0.05047776873732691 0.042980472769904986 0.056589877525995744 0.08241316859837274 0.055454860453440266 0.08807034142904492 0.0628760071627223
1 0.03849235297353417 0.057145610977894515 0.052513013587791806 0.058534093264496705 0.04576971926865836 0.04602486037086006 0.043875208802240336 0.06999878578271033 0.0560055712606126 0.01539444162716944 0.06992881950156789 0.06426577014760353 0.07148129230262913 0.004835224320980168 0.046738796130678016 0.027333402724613043 0.06828252774177991 0.06845904197916751 0.07824599941617703 0.016675467818835395
2 0.051557962182528096 0.008537954212991214 0.07349705923092142 0.050306963742425895 0.09466269470665988 0.09701373365462572 0.05910891006361087 0.07281713848677306 0.03305298596527517 0.021176129869085646 0.0587144893768957 0.013684365554024497 0.06687433375464163 0.048955542991793846 0.0006361644951690805 0.02074445156972055 0.04115185562659835 0.0726820444079547 0.0409979035362888 0.07382731657201592
3 0.040905975999808566 0.026415397612353626 0.00568945184039031 0.005941945939265417 0.10790328906155758 0.013530675005401708 0.09673880462907798 0.08883257629477363 0.04739928474230591 0.06385658998372971 0.08542686235260212 0.06741771360177223 0.008404556445559435 0.09145713806596574 0.007765522943248014 0.013583466102478787 0.029944529758779925 0.023624885056820883 0.08237416279691483 0.0927871717671938
4 0.07147361813794714 0.07200969657298334 0.0332820671282659 0.056209701492005604 0.0689810033014851 0.01260647048247447 0.020212156066011323 0.06494060789845746 0.07232383237754766 0.044148906548830594 0.0022736063857404505 0.07906514578369196 0.0662132195382128 0.037358174042567645 0.07233502327123971 0.028208942675580707 0.06346636727590949 0.05608377189558333 0.05055334216197838 0.028254346963487043
5 0.07430332154938875 0.06863930122264167 0.031690809261580105 0.05002200029861555 0.02715733951967896 0.07613317540732316 0.08900667660133714 0.0058701758986407756 0.047681633284023237 0.056731900677347964 0.07342637529951507 0.004638911218677591 0.06318166223633205 0.006755747047517948 0.02312346696187692 0.012079397575804339 0.09321643839320384 0.037833476037929616 0.0579381219002907 0.10057006960827469
6 0.0554887623049906 0.07726385076255976 0.06811686016450522 0.05843129537764677 0.05552073789870596 0.024930575125346847 0.04204961590602852 0.019634344692331683 0.08885283061762674 0.011008904709130058 0.08640993412435514 0.017767242295600963 0.09667837074759637 0.04149969414492013 0.04316855034679795 0.07720590732428577 0.0039285426097439916 0.030714756577595745 0.09111746756220752 0.010211756708024246
7 0.10537692616327994 0.020329585231131223 0.01687444508420047 0.08269335906675447 0.11376728401845469 0.054304435594115186 0.08099402084808645 0.10058663677154961 0.008518054117620487 0.0012970982615931514 0.020709839210497866 0.05017429859744354 0.06904252436457779 0.08389719759133672 0.02701241555329001 0.02391574335335907 0.02882650838039111 0.017894970503510934 0.0018691678606263607 0.09191548942818104
8 0.10651367952168005 0.03598149216565599 0.020688851427355517 0.01728715366122242 0.10150259654991182 0.005133655082028586 0.037967848858997906 0.09476428171175802 0.00683988239869223 0.07127747856790236 0.0374044663918128 0.02914341915325002 0.087338940794119 0.06678898338432314 0.022543149246925843 0.003935240225940414 0.0880538454102063 0.02651997672116655 0.08376282987357593 0.056552228853475155
9 0.06736152728283606 0.08025930046165701 0.024983332773969223 0.014482801044057617 0.02056060075339466 0.043405658123705185 0.050463679495297974 0.08422061642711738 0.043684325158033326 0.02090675416573708 0.04389657296461481 0.05447729185090055 0.06796973201616864 0.06423444104301392 0.06322301353743436 0.04851991688110578 0.08515043920753623 0.06445021744957559 0.0003397413226131138 0.05741003804123156
10 0.07840895656626379 0.057622182057963336 0.041774498368794835 0.047201643513310736 0.06932781353897995 0.07247905109261173 0.025652440859416172 0.011134922303807472 0.005696455389170133 0.0701888539468954 0.025089925585140622 0.017122627171922464 0.057090792008798005 0.07120849828235133 0.04244092600993668 0.07615778667344514 0.04988387716932539 0.034822255350372505 0.07935268854308132 0.06734380556841288
11 0.10332576795165696 0.04631184133388946 0.011897443782719116 0.08494810414302009 0.04093690524861478 0.06128332051700048 0.08244770730358555 0.012768706536228093 0.09649214524334147 0.00021405348045536415 0.04805984747393559 0.08308200504176914 0.013844110083402932 0.0071782007776829025 0.09999273475276643 0.08338424584911577 0.0051383847208879155 0.04802506265084159 0.018719602715579216 0.051949810393507156
12 0.049530546645147715 0.06876106336512659 0.018085436532270068 0.09625015467958563 0.04423239188882547 0.03696106873402109 0.0054999228553993945 0.02006702481589664 0.08609600352009267 0.020234202329169313 0.05813846078388363 0.07868517653163137 0.021279250645811966 0.04211840235457583 0.08362258518573984 0.03922735630781996 0.08426512035769786 0.04107089991316527 0.06890880987081054 0.0369661226833293
13 0.049457625528232387 0.05614154910856264 0.0037598575158473203 0.07556394444651156 0.08150567447339133 0.07471697422648887 0.054429891038159636 0.03549419511660766 0.06800017606220524 0.005662215224690959 0.08133255117539756 0.06024439013346931 0.04269852798753164 0.053563213671896 0.04696682230400534 0.011562572044229983 0.07950363682181137 0.002545803987738148 0.043672256198885095 0.07317812293433802
14 0.08677889329385649 0.07609095959090718 0.046346870280195775 0.031087126552855046 0.02474417446385418 0.004312585981088719 0.02604200882726351 0.06953590377792175 0.06909864125417588 0.044793106393102085 0.08189202939698266 0.04763580356880552 0.01776724694163855 0.06206486700795357 0.08225730426968994 0.0491668863715917 0.04856383110736181 0.048674704741240554 0.07162459976666564 0.01152245641284943
15 0.07525929637043959 0.05462273470042511 0.06009834567433658 0.0562664801388925 0.0323269017995201 0.0741902999604365 0.04231288432234669 0.03409840898720184 0.07370581032796795 0.063140206695595 0.06256862437328821 0.020445255568425805 0.056839281180400485 0.06081770004815807 0.061423788789723585 0.015760302902763264 0.02894406440264179 0.053415629829003095 0.0030066452133600207 0.07075733871507381
16 0.07187914551957064 0.08525760612814545 0.016827631615545794 0.015279303832044764 0.03843570164024894 0.059263414944385445 0.05770972431967024 0.023437894818454257 0.062070622164237046 0.015045719400582393 0.09761682270572124 0.08067451933814364 0.08282511934602184 0.07759101456725978 0.010243095754203421 0.045195354576238196 0.024353402983296222 0.005553967851567618 0.06046060586983983 0.07027933262482343
17 0.029776202182235905 0.0893915932722162 0.041143780991742894 0.0738870361647372 0.03040347484974543 0.02083021611524719 0.07882604750475893 0.0755147561234626 0.05383504580320922 0.087392495704437 0.026999482149242873 0.07169331417320182 0.011141349448907576 0.038067665702339756 0.016809010452201626 0.05755063998851607 0.027005483131087808 0.030302761901155436 0.056721686354817814 0.08270795798673661
18 0.0856421928827469 0.08895252649175055 0.04671272372168896 0.08020677489670998 0.05210517089909659 0.09036976045920565 0.047438270102803576 0.024916026950340873 0.06941483481832393 0.02868201633993727 0.06667145797987085 0.08648930951668307 0.004768200332220584 0.02669023634554431 0.04809202906776015 0.07026190781805991 0.005945204221178671 0.06551113522097252 0.005017282208548459 0.006112939726557172
19 0.05517426570009299 0.04060997246964927 0.01333868837110711 0.05307122725397284 0.029405632738636053 0.05010524786500991 0.05105825009681802 0.10083349841693846 0.05727792939408568 0.04422606130671831 0.007702871833259659 0.00150484295906221 0.03746085743052441 0.09294049947041282 0.0665332198723133 0.0715196883076711 0.06393738666016226 0.04824113940419631 0.05639675183895654 0.05866196861041284
20 0.01667907180389626 0.07699541354693339 0.014099035192931977 0.02138250630870661 0.010828432584422707 0.08832936893944038 0.06525556950470299 0.015362195627220038 0.0035366774798032824 0.10071603703898686 0.09867315211328279 0.04269992170612659 0.0791022745262275 0.009648840750652355 0.007475865767248391 0.06787022306287822 0.08142563545674371 0.050065022582943 0.07722493488995844 0.07262982111689445
21 0.04102993754154426 0.000856958343277373 0.012676698494243958 0.0922214037537855 0.03259829470187479 0.09209505415556937 0.006440492172889692 0.03824772595103865 0.07080188690541687 0.09266526535705581 0.049090302590585895 0.0028484263003060555 0.06488236568771259 0.031298897061684476 0.024490114378699284 0.0670348029344169 0.09810406417542858 0.019151803993243798 0.099002972095899 0.0644625334053271
22 0.08939647754470226 0.07432724744271074 0.018725129328007656 0.03293582526614964 0.039930939644291764 0.06192747706272305 0.02728490243351544 0.04576493614569366 0.07950047202155112 0.06459580516935517 0.006951317522602138 0.022663368384161508 0.05739644581247909 0.06297572369657413 0.012787685643523157 0.06723200207661216 0.06083419011107843 0.06005085484446258 0.029398711278987463 0.08532048857081867
23 0.007366719116768937 0.023401164270494827 0.019325417735019775 0.09870108848133624 0.033909012536003806 0.036217370882735134 0.11469724390776262 0.08460851754711435 0.01535629705599349 0.04894302785414292 0.04435789578084565 0.0021315913944346967 0.033945683112776084 0.10719299499248275 0.04835345537057817 0.0014480749196614175 0.10147530354782441 0.01667605849834943 0.11520862652525199 0.04668445647042338
24 0.017342158564496696 0.024105974859768845 0.07401607403493173 0.09477114237859766 0.063486921148546 0.08804969431441029 0.08579984171970763 0.03064874629000799 0.03859948477548416 0.09156875821702791 0.036169929181434024 0.06149254334753706 0.07998856665197836 0.012272062752677493 0.053385611859224365 0.015698546391332738 0.016717163449308382 0.07791909058538055 0.002619100503680638 0.03534858897446748
25 0.050009557032328796 0.05250580833317409 0.022806844688561773 0.02782904271387168 0.07862389135246611 0.047193972881027606 0.05779273742992721 0.0627113184070976 0.0836029256607798 0.04661677097299 0.07622631104138934 0.060777879399435256 0.007440235740341084 0.08646563866324401 0.0031813715417153892 0.07636428484756415 0.00417560792564361 0.014346899428702502 0.0855557337085065 0.055773168231233496
26 0.09405768240322199 0.10880311049705067 0.06306639822456139 0.00022120187297890759 0.02692333544123946 0.0772770999567701 0.11562799305632651 0.029377420325597533 0.08599098690174341 0.012430054930429016 0.10011184717475838 0.003836722560738935 0.06604817537740315 0.0898953889257826 0.011159012252781849 0.001875706996564484 0.017351096898392496 0.02866456175201616 0.040673748988282486 0.026608455463360284
27 0.050571849683665696 0.07589395285387027 0.061009951392109976 0.09478886705836989 0.03445004147980983 0.015576968355801482 0.054203732381398216 0.06530556122243057 0.03696768910150076 0.006277925134830646 0.08064989024081172 0.08098304323335609 0.027098004685225774 0.02733833922712499 0.039162340244572144 0.03454834244985882 0.018928462880330447 0.03596262507506041 0.08094719136243274 0.07933522193743947
28 0.06935800504824127 0.06992026312069971 0.00015697498602969913 0.07553968065313225 0.05971501852770886 0.04778137712697245 0.09105366465218456 0.012441073489653037 0.08123606756555156 0.04517618035724646 0.07319925012664373 0.055310233324734885 0.026048381930327984 0.0027560121839354953 0.026375453879220846 0.07340141273023768 0.08348430386934597 0.03371934067453664 0.021799200230278388 0.05152810552331856
29 0.042616092374216825 0.038480469943139736 0.02500721285186186 0.09248405498874894 0.09913032538263424 0.09342386191348714 0.03926461293645234 0.05519135690261531 0.08615795698847109 0.06126315631679755 0.1012987457903331 0.01723904223135179 0.017362112688405283 0.040610093096270575 0.07801276378044308 0.0342391081992259 0.013768803241803695 0.025878630116535278 0.026470060568312033 0.012101539688894242
30 0.05251387552803095 0.08314302497246687 0.05065517360039431 0.07040901020043788 0.05662318751107352 0.07973426503504566 0.0390325981088668 0.028947667937308852 0.06273917323838832 0.013888013123101872 0.07674688654157578 0.04044760127050307 0.019579188040335295 0.041300930531857405 0.08305404405100095 0.02397029849746422 0.06341331342622732 0.07691696272523545 0.0068613976161322945 0.03002338804455327
31 0.019386604061331466 0.027217720843927942 0.04051674603682047 0.06884229386767061 0.03779770476992441 0.1053753858746507 0.06443664284790686 0.07507741326897234 0.04433138193970274 0.036193823461777866 0.05053936574938634 0.07649132321113966 0.03679224466116685 0.06251834067039842 0.08584374275525411 0.0542181422821908 0.07797184248241784 0.03302277471539209 0.0022892932702599403 0.0011372132297085408
32 0.07558004612206956 0.049072236951985974 0.026304516760536 0.045614343281322536 0.0304863627522327 0.012510609384542242 0.08365242741213885 0.07694859705787545 0.050660857778089 0.0676222516200298 0.07704390264077854 0.07094710618594036 0.020360224459808327 0.017594527369482513 0.10514911708975175 0.012590748413492297 0.07258436014218543 0.09677826210659049 0.005130411105582759 0.0033690913655654926
33 0.06633975052644993 0.057697802506832103 0.01228962779475376 0.0536206721553991 0.033284140371056634 0.024702075526679086 0.05494335037958395 0.013699764806751889 0.030982132513364433 0.08085939553792548 0.05989517479088263 0.07547871790247244 0.0800951706508774 0.040024797906359065 0.06702349138302796 0.049850716737235005 0.06783385976915086 0.011632331991607856 0.0518875539770499 0.06785947277254055
34 0.05562498723180807 0.0575949482827152 0.03210672655715279 0.0024481266765650797 0.000627739585922817 0.03047573139585262 0.063119598280733 0.08630925010985174 0.007815003914720278 0.0796746768923996 0.06265518176607159 0.069478937718146 0.08156504074862286 0.07087521432191726 0.013189376832640631 0.010057279367956088 0.04775030446669321 0.07757248922724636 0.057676713905539564 0.093382672717445
35 0.01069249213431746 0.016110355901175946 0.1170936256811879 0.07156804988637272 0.0176183038880539 0.026299530348397614 0.021139857045454912 0.010280376516236414 0.016502467127832012 0.08744262334031452 0.11935953233505087 0.033238406186574684 0.08404899847432719 0.1122921267285803 0.10433997165530967 0.029198448242823936 0.02107570473184247 0.012071019975455403 0.024740972596219192 0.06488713720447271
36 0.02633022892178886 0.044457123512095256 0.0853748586000856 0.05420177822632272 0.00870491723157692 0.020769608872563333 0.044876124533576374 0.011681696270132488 0.017318342026931773 0.10295647789730641 0.012070554136882069 0.02615240520179187 0.0033642201023386144 0.08773201907855016 0.10843992275541148 0.04901862928711143 0.12064010887763241 0.06507778229742422 0.05704859996557135 0.05378460220490656
37 0.08637601160938604 0.09071419515883929 0.006330053163535144 0.019052755929588803 0.07958693077441459 0.07361143842070351 0.06578868192609921 0.0902550560132062 0.016690681033943902 0.03152414650618012 0.0832673352993371 0.09428570115516983 0.04599349113409016 0.06040920829052841 0.002112952889527571 0.007501520263460101 0.07240283114005021 0.026890715149282752 0.0031391835469498108 0.044067110595707316
38 0.05404731123657333 0.05927049616303719 0.03702457046281742 0.06286909544822067 0.06317585388408709 0.05081924718581811 0.06617129788817092 0.012253815590596942 0.037922091666212264 0.07529168888615378 0.01692702205662202 0.059054047063558476 0.06159118828393005 0.0776204148124668 0.060319793718812756 0.030889326556615297 0.06788500419206477 0.022939307121521146 0.04954042442046139 0.03438800336225936
39 0.08647668817194634 0.06313175154973279 0.010106735923754249 0.01198864491511491 0.0380027103725524 0.0570990796888473 0.025482827291646984 0.027200018756580645 0.08450495104457843 0.049155777814121955 0.0745424684660681 0.05579213289531148 0.02721530482891917 0.0022162224454004356 0.07930242168345773 0.06749057657885436 0.044457231556496925 0.08394266732819874 0.04222946843133515 0.06966232025708173
40 0.017487908244617545 0.09385499779359209 0.0771668039247361 0.03873518901464423 0.05891360868797656 0.03821991103394053 0.0023187877546600156 0.03923888470968617 0.01487118219362278 0.041159189923916165 0.010206806581650156 0.07162287844097587 0.10576161975706529 0.036645238046867715 0.054912042190403444 0.029999811797646724 0.04867729292342223 0.06208423263279156 0.09004360068566222 0.0680800136621228
41 0.03201634294940323 0.034004745418456765 0.007508443197938099 0.11039600536129218 0.11780648356912835 0.01689390069677043 0.0035426736190080524 0.020356402720550434 0.004185029024586059 0.11943455448698968 0.060973208472513876 0.08863642729848376 0.05818412270318981 0.04032375128793516 0.050301439453329384 0.045814080470959084 0.0017863470837857518 0.046169581660516046 0.04046185200836669 0.10120460851679712
42 0.0911345546292288 0.08850707683372269 0.08681804948482992 0.053768352456966005 0.002885811717891003 0.05202282457046919 0.06562408033409435 0.09712064005248111 0.012699597881500718 0.05115299018038745 0.04415883716685396 0.020410373265232422 0.06580157524726443 0.042650786630302216 0.011807467925931547 0.048607070437357014 0.10160067375922417 0.044374288002885634 0.0033717282631352454 0.015483221160242169
43 0.07591724067781744 0.04122444578156776 0.01567274008177502 0.04734234428545132 0.0033278115759372002 0.11092676959053765 0.10150025704194211 0.0650671592455722 0.07321479608597681 0.12079966026331 0.04443725011282999 0.021578558627056762 0.047527322902060576 0.039608687473391885 4.159230501769544e-05 0.011804950987574203 0.009140059956198194 0.06204467214274044 0.009822723448908345 0.09900095741433419
44 0.020460865814170448 0.04320856618352325 0.01500852140769919 0.043289999118593596 0.0028812859163792905 0.02721371757292783 0.09379681094296226 0.08860015597144036 0.11743019991754759 0.07352881945960804 0.06713187922711952 0.01061071484178208 0.08900777083329287 0.07384198437174952 0.019803589915051163 0.004126369728038482 0.05901781850857026 0.027529726387799366 0.11490617340845584 0.008605030473289326
45 0.10701565685853939 0.02297574591789981 0.04696113578319515 0.026348851013923293 0.0703170731380062 0.0243678230162606 0.03794231002159483 0.020255476356714732 0.032453045361735884 0.0966230724715813 0.10585522920128417 0.09231261266088904 0.044007435670840735 0.09670189149747563 0.0702420739923969 0.010709372378011117 0.0328553397510164 0.030961445313443005 7.170023103573462e-05 0.031022709364156124
46 0.008239298223813633 0.01332696886363478 0.051502607058758754 0.06642866526218981 0.03568348442990994 0.05285334051527914 0.05900753680217368 0.012118853181544834 0.04759349385043818 0.0752232745576366 0.0645488054771751 0.07348195363230732 0.05511766207540273 0.010270382842133496 0.03478590897860535 0.07045879493301078 0.05958921928513656 0.06880099496327376 0.07718965932559399 0.06377909574198165
47 0.08741540805393232 0.08024682174520009 0.012264013395442665 0.07614938655545268 0.053089935227005995 0.06871330390523661 0.03782101423807465 0.05133365562407823 0.12152059629754985 0.0764443148227416 0.0004910818149318176 0.05943567447336228 0.001953934279104315 0.01750415434586774 0.050112363403370275 0.02327422976223051 0.0008659007567242688 0.03845845129840683 0.0720226529676217 0.0708831070336657
48 0.06231125881677469 0.08480929826845582 0.010152196974768702 0.04663484447484871 0.0698949264793241 0.07343468410221539 0.05934458707402719 0.031961457995950925 0.09780729079079947 0.004331191909816948 0.03261707930428357 0.05278885395588109 0.001844809208038718 0.058181544791586576 0.04672367585725673 0.07477869817301436 0.016625594165061885 0.10189089097540609 0.04197003121180133 0.031897085470687606
49 0.06784983725864588 0.017261434539766755 0.07350803591714457 0.0805009746477894 0.06283937669062399 0.04297689741675213 0.043334905038797056 0.003953999977599342 0.06105252377700274 0.07466200780348245 0.025013644139110766 0.06105318413904196 0.020671316548104134 0.05222795860133292 0.030537732259930613 0.053838328079446725 0.08086282356766972 0.025347871606559328 0.06116487424659099 0.06134227374460848
50 0.013176488721232964 0.0364340984876397 0.025407766987028776 0.08724580261507049 0.007427206466081643 0.08103286237618863 0.02052898889776935 0.08665784803668074 0.08629039041716571 0.05689132905969751 0.025143807936361926 0.012751669540847724 0.08251466919010327 0.07811186613473442 0.011041429557750289 0.03945584304935515 0.087658144830326 0.033714974858174096 0.059897720543420414 0.06861709229437139
51 0.019592650049060793 0.05845293102706359 0.03635098822523166 0.07557768948430538 0.11581255013543218 0.023892960670276114 0.025254231931002295 0.05561539367183779 0.0763004305284559 0.06882879474145485 0.07265085856800867 0.05514799370195539 0.019263812535152847 0.069640955418729 0.07733040061900022 0.013462048925153328 0.04985797507245643 0.010773984957178108 0.06476831261593667 0.0114250371223089
52 0.00016662079939557507 0.08315408130014577 0.10566890505671137 0.07404568903043633 0.05135061866498703 0.08512599280889149 0.0017881723392876201 0.05900002453490411 0.08338567234819527 0.0493401141970349 0.0978218187772309 0.00474271603476343 0.10283080553461416 0.06656107781178652 0.037963773670330436 0.003446520540998001 0.009939386424442385 0.03928458756983587 0.019212082683904733 0.02517133987210417
53 0.026675059892955398 0.0031291148293872114 0.06493760667331157 0.0945709268964855 0.005535807195572093 0.024277493457748697 0.10107793709771716 0.045030105915225604 0.03241587292185214 0.07129556272910387 0.06170400268086789 0.04740052980114204 0.07260008184353703 0.10174104974970961 0.024588392483706683 0.04093769978226774 0.055232176215547275 0.10068894493077929 0.015233118818485155 0.010928516084597946
54 0.035284357414275144 0.08569324717872481 0.07456518252806975 0.04303431938263994 0.05517223168258486 0.05958455046517051 0.04147693205328467 0.047920665357148236 0.04086873429501843 0.05676897235813406 0.05612731983791354 0.060047169420144986 0.05915808913349802 0.01703322555673632 0.008099373286168709 0.04919963867053233 0.06755857614183228 0.01690140376694459 0.06462268654691854 0.0608833249242603
55 0.043927516247577236 0.026124165828955465 0.05293395050532592 0.022487084560277426 0.003404727193089689 0.07991921627294729 0.0772130923030079 0.06177252297065824 0.05600778561862256 0.04835191370430554 0.022799685731154568 0.0353732815499254 0.06219898728081336 0.017938515194188126 0.05567654118919083 0.06485962674651218 0.07575852746387554 0.07347586829199368 0.05447758704243332 0.06529940430514554
56 0.02684106699999491 0.0771155203845054 0.047920917901712726 0.06103529279501282 0.026532321962259294 0.05568801328937025 0.007623600835180721 0.005237238296605443 0.03620241589477433 0.023873689014169967 0.10044946454141068 0.030086679630045493 0.08359786583836792 0.029226794341745473 0.08425259348186559 0.07180436767680644 0.09809227206855967 0.0015736022969785246 0.06495011959267515 0.06789616315795916
57 0.02301023008715731 0.06816044558932809 0.00678612293681566 0.03960420621184014 0.03835933433187531 0.0274320602688218 0.010835160483163069 0.06911068292511903 0.07231648000442467 0.06227335272113771 0.05769288409465514 0.036438827866016446 0.018474251155525916 0.06203015390384273 0.03772912367382362 0.07016745080947703 0.07791923498930355 0.0776993766763715 0.0771838588689704 0.06677676240233085
58 0.08028808566580947 0.06798553883764358 0.053983719381140105 0.05989492578718186 0.05897251688093829 0.03004217640844479 0.01800486826614877 0.020504115958473852 0.004408883450832123 0.03951472302852243 0.08202994596143141 0.02059835362438613 0.07026193415754625 0.01874640337204759 0.07490164608125685 0.030837742306400594 0.0730252688722348 0.05644959141361965 0.07530922198200257 0.0642403385639389
59 0.01256465514122003 0.08125170639808144 0.05671793694141529 0.07052870063147018 0.057913513732966534 0.06289792409610258 0.07327027988384041 0.05864072254256967 0.03293970640428791 0.086642390155844 0.05052590398813013 0.04989859062801262 0.03755186149172345 0.028555569734061804 0.05768401427552563 0.04683156514426627 0.00028149194660950647 0.05387227851039715 0.045840376990417056 0.03559081136305829
60 0.07951958048501402 0.07508893095581627 0.039146367114257674 0.03338831038062923 0.11697545004458772 0.0029841158667896243 0.04399254527751117 0.11014673608920457 0.01523753398355805 0.002617099964105069 0.004618822701749017 0.06172684902255524 0.09589880231203601 0.005502576579300882 0.10201851311165204 0.03614739980657404 0.0671584835182309 0.0799587504718447 0.014019219658852692 0.013853912655731418
61 0.07053400295565704 0.06794816415502926 0.027195347026115937 0.0049130365203729105 0.07569193186020962 0.08634247423512523 0.05306351482480967 0.011295003830050523 0.08594969006016283 0.08636837710500311 0.007434374754091201 0.04219849173903758 0.0654050666365568 0.091831086921123 0.02724675913081091 0.05295416490015285 0.04338268954789306 0.012135435022556242 0.0022327557798299713 0.08587763299541232
62 0.02579983124303157 0.009335104193579405 0.030611113163980908 0.1028590498463145 0.07204306882625583 0.0624806931545924 0.038261071598151945 0.017164698838403835 0.08837480111724806 0.0014795208761396162 0.03312816354078981 0.06594955801778463 0.08059006990604534 0.06992068332547213 0.066302195916698 0.05310650305691972 0.05547193625297617 0.03751119539988715 0.024008662768529393 0.06560207895719955
63 0.05564733607957981 0.09583059046731551 0.04741832880388553 0.09472096875412261 0.05743142634182124 0.08545192182580501 0.006065188034157275 0.0724403874489046 0.001365588768683435 0.028183992267793525 0.02722333451142158 0.07857880616621768 0.052440919355506294 0.018446702252145755 0.09436202538119572 0.0486670599997349 0.09224477933300365 0.03669034923770139 0.003993353287085711 0.0027969416839189044
64 0.0268998993404217 0.05657265215015573 0.08602440766187962 0.011452344451182317 0.027299016090992036 0.012771940589940889 0.08347644875754824 0.0306852627084856 0.06551043576721932 0.05728459868542914 0.08412331949673375 0.07902145533110755 0.0484887236768239 0.03964895952887024 0.05556401831681686 0.07880226455281433 0.07884920712408838 0.02135337238065844 0.0494063829896323 0.0067652903991993795
65 0.05078892347006506 0.07144115669844678 0.043870985126173566 0.037928333687767046 0.09789664190378697 0.037687892895445524 0.01738807325701519 0.08945488135466739 0.016636029232957275 0.01021890316352226 0.06161145908002558 0.017658707152774927 0.07542387644999185 0.07741831714697887 0.004238731774802718 0.07637862548735012 0.08633107792871747 0.006361899877616014 0.04804176995734265 0.07322371435455255
66 0.048334472372152375 0.06185223833463078 0.04354499933074054 0.010316009662011957 0.0037030340730322855 0.04106277788411806 0.01863906758812292 0.07046827841117742 0.07553433082870814 0.04429275364494478 0.037786708484532625 0.0688800217616037 0.10860723517704643 0.028498900959062747 0.07889852006846275 0.03413223268350081 0.06533435245779778 0.0654619518532004 0.057822463137507295 0.03682965128764622
67 0.08785564518303682 0.02819064958363755 0.06945773247701086 0.060144360602660846 0.0797243059298775 0.038549110737626 0.03522472743601034 0.08555746606871935 0.015881175063560363 0.03203509094197433 0.08982690643875667 0.06734531670655258 0.05845472624164587 0.038596735174143346 0.038362435677674334 0.07389723018838526 0.0010591077881191794 0.027417639072837674 0.06940310924176682 0.0030165294460041945
68 0.05057384648928853 0.07087118602991438 0.07593309495304176 0.011637586931463603 0.061603528820711094 0.04282356786027344 0.05194863032807234 0.023224576233819492 0.05442806521840559 0.07069378343835131 0.07709178468945414 0.07952101356944155 0.021722723752353193 0.01969819959818649 0.06925842924080994 0.04343194640957876 0.06878848212869135 0.033406814820176926 0.041478288045448654 0.03186445144251748
69 0.05177788549605664 0.053038898694176 0.0020305982943848535 0.04221941264294274 0.0971624300554442 0.0014821160661214951 0.08246535011345346 0.05606663923041525 0.06572657969455775 0.07139759611551989 0.03776994617937102 0.008178946807589165 0.1053841775498785 0.09117449663064531 0.05445262554005937 0.029245470228984227 0.030040567987461814 0.029082885160909507 0.013915874044701921 0.07738750346732659
70 0.021732124109665997 0.04308944314919647 0.07702669478956783 0.050070845483355456 0.015297901040943243 0.08738191158968298 0.0010402907362181205 0.01925897230233079 0.09098832434498177 0.013558433940163941 0.09123144256751237 0.022612296571545672 0.07158004313965743 0.021631366463641773 0.08443341378025222 0.062448013122730246 0.08617394894202593 0.045827255780331345 0.09070735860004601 0.003909919546150433
71 0.031327280097233734 0.015018936481842356 0.08158809312702515 0.04374330064887142 0.004034461516647728 0.07599734965557982 0.06399890219322671 0.05152092474109575 0.05866369387072823 0.05387190448230767 0.012870218865494762 0.05973314444447421 0.010930651214898026 0.08411534918139547 0.07725026793940813 0.042763776507062104 0.06279202906081197 0.05841625217224 0.08610667728814571 0.025256786511510622
72 0.05539827744427514 0.09131250524762663 0.0964147461356236 0.068669141976692 0.04147348070101281 0.07146879773344975 0.0903915914936383 0.026175504175029778 0.10791758921223256 0.006236593043869387 0.01598616189385697 0.029011087738021815 0.0070754331213028245 0.052054184651535454 0.06718520587498535 0.0007136587242723316 0.02019969119082698 0.08421437529669891 0.04704359296448956 0.0210583813805601
73 0.06374608198585945 0.04503296636684971 0.05261076967229293 0.08283668223292538 0.01873200331193705 0.07413103918013281 0.019862738731934216 0.07612634871586017 0.05289773195154456 0.07353333611021527 0.03931945526959997 0.08634580677395623 0.003956530800189143 0.01596188092825277 0.07937616932117704 0.06881977334740089 0.013756638524898586 0.018270684208347494 0.06080943900440174 0.05387392356222463
74 0.056482279337282705 0.07094214500667877 0.04211498297046765 0.05572851796593264 0.05451030296867297 0.05198817024651768 0.07352285218218847 0.04931759049458492 0.07422946775056195 0.043130463459985786 0.057088164435834345 0.0032314081151414977 0.06671297056961951 0.061459822948820304 0.01081767151793502 0.02635479986212181 0.04835558542734482 0.07727560214213786 0.06467765359824484 0.01205954899992614
75 0.04463007692963782 0.06662315968744058 0.0049252539348651515 0.056855909283903605 0.05669197422535914 0.048403236909485295 0.008966291376853777 0.07738186012616557 0.0025419270145641782 0.04014616658811337 0.026663191529204332 0.06027875394458932 0.07508889612948513 0.07288395255932369 0.05807583240340226 0.07609781485636453 0.05369143309195563 0.042138306798268244 0.071734771034538 0.05618119157648026
76 0.05408818127595239 0.08331148239287102 0.03566613218922445 0.02456945686093913 0.05989928350058294 0.04946566412696759 0.019781493372875793 0.0681440767657681 0.06225101849451137 0.06640446542755718 0.04280849026174377 0.018490684488850977 0.0033103991725878185 0.06917924141398848 0.07203591646699357 0.06047377935291983 0.01623706032076584 0.08418352531366483 0.07877786007502925 0.03092178872620569
77 0.09808480726697785 0.043748854373491415 0.061158166088474054 0.00983568037361749 0.07520840789081315 0.07597492072415299 0.05891499699205421 0.017972256967141408 0.06269951830082988 0.003265967037642907 0.04940460135877321 0.07079980723162299 0.09141348557574934 0.005700559903545953 0.030055256971577436 0.05221382639354451 0.07956566486459618 0.0068613122191724255 0.04970195575885647 0.05741995370736625
78 0.09790461307955028 0.0728210390652082 0.01800215262272019 0.04037571600359223 0.050081372143413024 0.08126425235546683 0.013240845456699561 0.10435455971642647 0.022956678759518574 0.006195014174970166 0.029723799922037525 0.04073297271247131 0.10505166849569933 0.055510057184674895 0.03636868929713375 0.030797893505431488 0.06398605953470257 0.05587110458393171 0.07281275394559344 0.0019487574407583846
79 0.05357111324701039 0.015618091024357 0.06525460036756332 0.07056513586080856 0.07079580949232743 0.024580774688578996 0.03026966101697592 0.0277127596898319 0.08727985998668218 0.013700595417900252 0.05987226783563501 0.07544193365336639 0.027527718922877448 0.051133595214892066 0.08803541123936676 0.024410556583252842 0.05630395318239969 0.08597214386447707 0.06908967079757673 0.0028643479141200368
80 0.0507614088498673 0.0071113060258259095 0.09607262550730998 0.004842863047035347 0.054933564150538086 0.07453948952956235 0.010861006947262214 0.0920637397227363 0.03273119680611344 0.062277206256167734 0.07982906493663298 0.0966670873866859 0.08978353157289423 0.02073705751512942 0.004092841919140632 0.09242534883287952 0.027022055160956356 0.03538554710105082 0.018481043082415514 0.049382015649796024
81 0.03986702665933942 0.02193202576371924 0.0743425008828922 0.015923406936617007 0.03134849877475722 0.01215342611081237 0.08792196324013327 0.10517187547199273 0.012512820098378738 0.05983305534421397 0.09493290039039635 0.014660888287488067 0.09538386731331151 0.027032269676905977 0.10740123284170118 0.03244287078713324 0.030595659829930975 0.0328515605569469 0.09633020485736242 0.007361946175967391
82 0.09298951291691912 0.0016498068236899326 0.09608898756319967 0.06546394931992035 0.07578214614034258 0.07649569828042779 0.09289028534812778 0.03063233661852089 0.06020352440256849 0.05162081827736114 0.09889865764416382 0.0008916989623812176 0.010403697661054359 0.04044019561476927 0.017866200552676556 0.006403608435250929 0.042155002981597293 0.10247036032028237 0.0019444916889723189 0.03470902044777426
83 0.03866189245402144 0.023941185818284586 0.05308109005150448 0.004348310919110608 0.05929786809187749 0.03972801742113245 0.08049071809250355 0.05856914242058732 0.019933229287432273 0.03861218809747916 0.06841485981587093 0.09307145113442887 0.03319504147072025 0.09573742509226518 0.0625003664988315 0.027059229032771574 0.014664375897582812 0.09196280025880978 0.051258609401186 0.04547219874359966
84 0.013470025707958182 0.0008099488623683306 0.05098054355643399 0.0079858903712124 0.034603316424737 0.0774541748467372 0.055600471955168235 0.015983284960445206 0.07063365292205018 0.051093081602452545 0.04412723251057027 0.10063535246677265 0.05771333527092759 0.07907630693060447 0.05184390065076992 0.091468510255729 0.031140860673807842 0.08654781601480295 0.05053963298056017 0.028292661035891977
85 0.038400281235963195 0.04331788676070447 0.09187264930714496 0.040186633991024574 0.04256876137718604 0.05235289104670113 0.05319678975568394 0.04724565483197853 0.0032957699711940558 0.05367522435135527 0.061019192120952366 0.04429554286449084 0.030820834952385384 0.04005941406720157 0.06539090472206002 0.08954532324223656 0.08006922693418798 0.047850191931548006 0.023747729355333553 0.05108909718066763
86 0.020174639669850773 0.047484885903904296 0.021783493462878636 0.09140188861057608 0.07376086711068576 0.04067652195254766 0.10255713366154849 0.08879030331108108 0.10160719010114837 0.012324342271631157 0.07191602020283527 0.0950127882168058 0.015849653054817146 0.05568942378723915 0.0023499531129471713 0.019833571544521086 0.020956905653912197 0.04942444965513306 0.048092018074467 0.020313950641469593
87 0.08804695543533653 0.059169700407867565 0.06118851059043281 0.0738307912984333 0.09636172113823481 0.01517521874987441 0.01643105667875588 0.08332339439684942 0.037862860021119715 0.004065322775816416 0.002215285908090199 0.0264561247199693 0.10181571838070855 0.057302953617972156 0.032217475515876705 0.09823391200553953 0.09398435886289909 0.01380591946186708 0.01846163540320197 0.020051084631154712
88 0.0539586467210602 0.011437617454631083 0.021606760218189334 0.0012613588685760199 0.07962918395743702 0.010693193233279646 0.07882668818297153 0.07999173570374396 0.03501815656669289 0.061648935519429 0.003361552556228107 0.0530866320300455 0.02891137015060212 0.08625215995969714 0.06741664228228733 0.09236881176960288 0.01838649300229337 0.03442065385350777 0.08620757037480743 0.09551583759491762
89 0.020461048800049533 0.009286341292665931 0.0563642236103237 0.08409944332935883 0.08644307768135823 0.06902184779830699 0.09485512643213947 0.05395511505271009 0.08992199600975473 0.0424188895458368 0.0208149392728484 0.08222404140826978 0.008728946150470355 0.0649965804477332 0.06708488453823748 0.007650720914841063 0.03982440060248776 0.09549620254502351 0.004213363513596589 0.002138811053987418
90 0.07388885487036695 0.05367019542624758 0.052099901323554146 0.08632887440972047 0.08228166433774314 0.021406824382186423 0.03889764396929984 0.07889747609924355 0.031161868890034118 0.020073708244319435 0.02442533676941143 0.013235261459072332 0.06067917574152347 0.028408187338204546 0.04258311311864716 0.037029356164668396 0.05027188067967856 0.07855486603465876 0.050213088488436274 0.07589272225298349
91 0.035383670761803244 0.0948128546803939 0.08900947727908672 0.015106997688355783 0.06687106576307768 0.04288334711553476 0.010236107695558012 0.008332198827519599 0.05544431473984259 0.044957821632976916 0.014143825380125277 0.0936528124272018 0.047413822468162684 0.03009782058293849 0.08092005296901542 0.09392714399372669 0.06352118682378875 0.0024265443919422526 0.04696753882957245 0.0638913959493769
92 0.06071541904586269 0.04878113846861826 0.04397222884007765 0.0018997863074089467 0.04206340675014445 0.08107410642322106 0.00700423348854248 0.05997693450977738 0.07995727575930585 0.04473142893918931 0.07739968301489004 0.07699008833678038 0.013707067354742456 0.06424850761961622 0.0816862150520009 0.03811664356859774 0.06702436307203846 0.041282980957241144 0.010407138178021006 0.058961354313923665
93 0.051061949303143186 0.05821780360540483 0.10720556312403269 0.023265010606434725 0.015609580567362818 0.06764014522586964 0.09403958124119985 0.08846067868325004 0.0370834280294712 0.012505778309150431 0.07841771511561856 0.06260964257134474 0.012785852192826212 0.011739131735790977 0.036075500582801553 0.03253166762998779 0.05302269217747526 0.10479176227202608 0.04438377877845143 0.008552738248358088
94 0.04550445796679495 0.010861133029530049 0.007380589690064099 0.0678782230578594 0.1027370524910872 0.06908181252358717 0.10506180596750649 0.04542625870451489 0.03429160531028786 0.029516925220500447 0.053734582095444475 0.06894766131277635 0.07186023096115908 0.01199197192650644 0.06575661099543957 0.004786312285271332 0.0008110008283457903 0.029796943524304162 0.10572391933083423 0.06885090277818615
95 0.10632721901632324 0.03748749989742953 0.015231531468283058 0.06543217870877223 0.0733583218168806 0.0188775618507346 0.04723902013328033 0.020280956741855434 0.09212039663226287 0.010342462797189903 0.021381238959332128 0.09509314475844637 0.06147527511673186 0.10289917840598833 0.037014715708277995 0.02883846952238181 0.06754657695309481 0.0319033173767605 0.045771101398691894 0.02137983273728251
96 0.05903410705363546 0.02945619325296339 0.05303160512360676 0.018365283423725995 0.09334366516708567 0.05655147652845525 0.05300229282927671 0.035767728331257416 0.024040120683483122 0.06860011280090862 0.07747532234438136 0.07717565856023766 0.00828189185637504 0.015670804743416755 0.04301273084907543 0.10668824186447967 0.04329881242664858 0.0331052240666317 0.02088750069828067 0.08321122739607474
