0 0.06541344667668787 0.08191407348843835 0.07936789922474964 0.05954276128468582 0.09227914375440649 0.033819971885923665 0.058261468073389514 0.05175760635214767 0.002705163149691205 0.021718306692109106 0.082069320972853 0.06681440803097846 0.007270776046567052 0.007665135551753467 0.08772188128035172 0.08224319489697976 0.05802123519891571 0.0016504133022098796 0.02555977468318996 0.034204019453971675
1 0.02742268188549542 0.08001955768255413 0.026875454280001394 0.08922948025415603 0.07688076534872025 0.03785750967824997 0.022059632878426504 0.051815974908081125 0.08066458523030264 0.03202311374607111 0.03555143474812933 0.025568141350215987 0.04711513694738006 0.04331612750494267 0.09202518483006428 0.03683065082593852 0.05861463099023039 0.1028944763089531 0.02249779276342096 0.010737667838666169
2 0.09646133322148921 0.039946353399521975 0.045209764871704236 4.368681158109304e-05 0.019090435572271528 0.09909882547754395 0.06440046348379937 0.07954921982720112 0.0011226621666664228 0.002028275057333747 0.09117379856331112 0.023495206604002044 0.11477051840668236 0.033963113455870726 0.061149400400316196 0.03643399075940619 0.010488326913965744 0.08635783095879115 0.02443670953345646 0.07078008451508545
3 0.07297567575259219 0.015021104902317828 0.04020258686991436 0.0357525719322887 0.02757661778008009 0.03607862430902741 0.07624466236731373 0.08097516184339848 0.06023051108494474 0.04053861709061326 0.08036710250832399 0.08739640432079612 0.053797160795060556 0.05684817250937151 0.08338663427977339 0.06218217641027702 0.01843294428612528 0.00014558856501528498 0.04962615985968963 0.022221522533076535
4 0.04308746604931192 0.0633558522748923 0.07695745531737512 0.06470186817171172 0.019095608760040916 0.06024136045861745 0.06748647895430561 0.008305122189603652 0.06357523444568193 0.05435361875045245 0.07358030406989714 0.025475548715685397 0.052885310813839445 0.06778202773645707 0.05302366297296882 0.029489621747955882 0.0659122484783855 0.06076663719565081 0.014801683212037703 0.035122889685129076
5 0.06939912113197977 0.03249061534527968 0.03426319891781637 0.04212767081939999 0.03277933907870675 0.03619698801433795 0.039499744488222584 0.02223530934059907 0.06001705347686603 0.0901812145294445 0.06972056494860877 0.03282667293649219 0.06954584436875527 0.03923444105695438 0.04653597830814414 0.08254642091385665 0.05102046432463382 0.09237774111903434 0.03560642391968513 0.021395192961182523
6 0.02254195538503868 0.0390862319574778 0.08165752754146148 0.03978718802904388 0.06940379231245997 0.06499122964566505 0.04018059567316498 0.004012577644539646 0.004477834596643608 0.052121110939892634 0.07635683874205958 0.057854710353323194 0.06767585358406983 0.03606141167993093 0.025589664281942797 0.0709250944553053 0.03802318110806972 0.06789533257053015 0.08003040507869034 0.06132746442069028
7 0.0923388789719416 0.04477352098238053 0.06002961736767126 0.031089256796731083 0.034828827526949456 0.0930794999051648 0.036325394275650846 0.022149578609270807 0.03986960432334245 0.02079369669387546 0.05759823965478534 0.03716271101286898 0.014160739368395025 0.08019154034444866 0.06717197538706393 0.05353602989682073 0.08032689217186863 0.05363903920459061 0.014580193588743885 0.0663547639174359
8 0.08531278595439866 0.05914080888131596 0.03949881020855611 0.013123369460145492 0.06844588254661299 0.024355856435992973 0.022459449912311864 0.05316940221192671 0.05282205349706726 0.057312060970386505 0.05722527765677305 0.016161226886114613 0.07968365856182877 0.08950832432132329 0.012285486580169246 0.08819113028692226 0.026573511012714136 0.05550389073793249 0.08488663075799298 0.014340383119514858
9 0.051746768425221606 0.07486658746509288 0.035287422174189925 0.020942550655848224 0.030104872915552857 0.05212883062108331 0.07548658202124929 0.042019117701763836 0.05709125042571232 0.04302666221493662 0.03149456163776026 0.06781987203720223 0.06476946090446623 0.07539206405935561 0.08691746933387426 0.050273406677031486 0.03157601678793022 0.06741362012163213 0.006559972284480338 0.03508291153561631
10 0.08616943854730266 0.022347642693509945 0.0763544074889357 0.07442465021460795 0.08505885492852303 0.06140364846370057 0.008365958552651126 0.05134062170387264 0.04255884828793576 0.031184967748808565 0.06563946011609893 0.030678269749015386 0.032678866143370046 0.08017925722176178 0.06010952781291714 0.08560437781197085 0.01969669674850072 0.03895766380710544 0.009393038257987775 0.037853803701424084
11 0.058250081881924334 0.034964925000168 0.03807955720694431 0.0725134723058579 0.0582985497261211 0.0700016668075496 0.07185176826898772 0.008215593016605795 0.07603689749057893 0.03325285913768218 0.03976027867244916 0.015072297450001283 0.006876799323665456 0.09418369032033759 0.09838795457365233 0.020939742179340276 0.02261103354163875 0.027605710168965125 0.07628627781639585 0.07681084511113438
12 0.006338143382469959 0.11002551752985291 0.01812924715946086 0.04027523542109689 0.04477757488731748 0.07991478951744162 0.018326121636047195 0.007351225279152521 0.07197054794380082 0.08492280530960579 0.09941002118448299 0.08553010519017056 0.00994893771451381 0.026060397969071725 0.046107062684226166 0.07578988572909967 0.0015735188786960542 0.10991649915822124 0.04170386991583717 0.021928493509434634
13 0.08212211514807759 0.02494025758434143 0.06276288138432418 0.05576910702143482 0.08099959385331858 0.03177537172837591 0.026071983273115086 0.06945632883248988 0.044415821066478615 0.08065568024444407 0.038478277880307686 0.05067253776462322 0.040000328349131475 0.05123005893097334 0.03192228517156461 0.02270604483635679 0.08487074254345241 0.03877250262020983 0.04080477547792369 0.04157330628905691
14 0.017326528296871598 0.06398868616718205 0.017864992669462624 0.06529535407525862 0.05645709702803233 0.019940241424760304 0.07927479041490956 0.0772920016312459 0.010005444492961185 0.07648462990964842 0.047651846250801114 0.0009033776686515591 0.010975081879076785 0.08436860559218529 0.006841667854216045 0.08478913256506414 0.08521815269603061 0.06188091095260393 0.07670780412880918 0.05673365430222869
15 0.11264094606901005 0.005950640981012308 0.06947445615901082 0.07074245089668997 0.033953680163807176 0.0942370137209054 0.044127351110428335 0.07730373228994226 0.06360160788926827 0.060021737272785244 0.027969133333878307 0.029358550640932016 0.005427237051388404 0.041109729728063774 0.02309936093171202 0.013914571095221488 0.04676631725184001 0.07432011575853946 0.08340089634426591 0.022580471311298644
16 0.05804951002490935 0.04338879246657712 0.03459999644160513 0.07861735796649551 0.05376576860565953 0.09020676802995452 0.04081373838945598 0.0033129760201142744 0.04464951642980237 0.0718477059250064 0.0791527389047025 0.050648060539632056 0.030474730147354752 0.0274299345141546 0.06896946235622746 0.0208232575260376 0.02904263877595732 0.03844176128348419 0.06903831595469585 0.06672696969817345
17 0.02025993267805728 0.03622237928116432 0.03642754775215164 0.05082861137005225 0.08358525659169509 0.08355025078127282 0.03244363605253146 0.0001096458456955737 0.07075617768029106 0.05943470051328337 0.06436234689058437 0.06981067474734158 0.05882897384030912 0.015685431911088163 0.08233859645327278 0.061863383647552735 0.06862517258289953 0.03365347532498809 0.06452223079428275 0.006691575261486068
18 0.04238866003128436 0.05687263132827372 0.003264944177057701 0.02469790691547723 0.09327523635427126 0.06836304028159662 0.09289158359157781 0.029089644143733 0.05826336947834041 0.056352454750975604 0.0395134918487126 0.08312986581582812 0.07661349552365287 0.03009778704672511 0.0822912894556899 0.0005171028249268385 0.05511199722089586 0.031470455053498686 0.0024523114318453663 0.07334273272563685
19 0.08517616006239245 0.0232364219682114 0.03424132092701278 0.014779541427259943 0.09575582259979978 0.00807985091534068 0.0825997378203516 0.07938934006136955 0.09900250686828933 0.06443722377075375 0.04110892225440261 0.034132151446524484 0.016700159136657348 0.10034683531691921 0.0035229528349149573 0.03854016000059734 0.0517332404158742 0.039050387798509854 0.0709000562592073 0.017267208115611582
20 0.08404915147765342 0.05255783485031282 0.07435252552223187 0.028837885232307885 0.01069118803159664 0.08206793997449731 0.06638162241696163 0.07661413390802159 0.018651679170439778 0.08606863871460986 0.030636078934701175 0.0036408656022149876 0.07062476218114393 0.030053724063902963 0.012237491326744602 0.07726538997338266 0.04456014873398416 0.0833824656745135 0.015510212406505243 0.05181626180427372
21 0.0946421380216875 0.005137977065521172 0.006265635759629371 0.1306756452927127 0.12238623702519642 0.014713095390066277 0.005699207218441081 0.004058697698320786 0.007763361633452337 0.13533138809967996 0.10172940832445314 0.08216492372966609 0.03213405607925822 0.028809829704935067 0.0639958173113847 0.024292157954331414 0.004492760122579264 0.08425888246449284 0.0030648199754272293 0.048383961128764176
22 0.029064266185161666 0.004058281688001398 0.03950904878057321 0.1150325899503446 0.044377210025552796 0.007036412071751115 0.0317184869161077 0.06986533005633518 0.008198227639044155 0.10158853995281167 0.06299691160313217 0.10696026076114756 0.009770554823245759 0.027680060393095358 0.0695381249725812 0.018373025766054336 0.010649159618542826 0.07980073924408412 0.061234732378033646 0.10254803717439961
23 0.0683001227589308 0.05689045822753869 0.06877774125625129 0.03792072040390852 0.0925624477506046 0.012756872117060173 0.0036449693868737857 0.014987694076473348 0.06781733669442006 0.08342211022828587 0.01921826875737603 0.09025880184350574 0.03012792141416765 0.06022335859917785 0.0755805995300794 0.045939258759538325 0.009282822349450985 0.0857086282101005 0.07437518606797157 0.002204681568285132
24 0.012497955803078527 0.06700115128394976 0.06350728485218242 0.046000611391435776 0.04957569826136263 0.005284638689276757 0.03269884689329988 0.0704581511376911 0.0075339880765533775 0.05374295544301784 0.07875187970157352 0.04168054668125412 0.04216934738904497 0.06123157111114102 0.007627290454785078 0.0876651591665728 0.05736852726168232 0.04633972711281214 0.06743125252218334 0.10143341676710266
25 0.034162393997217086 0.04840114398555167 0.010810543471985224 0.025871659910339895 0.08228913301498728 0.04136394277238763 0.03572538725445694 0.04794474167254126 0.005346866941776443 0.07255219222442805 0.05750015404098354 0.08867471466831611 0.06603628522722695 0.040726632687598824 0.06726921993365731 0.08099865872272145 0.007140702970346454 0.05713574409518135 0.0651609056489196 0.06488897675937687
26 0.06778092092720611 0.0800386077012992 0.05235239393820293 0.06765045387434174 0.015583568363272978 0.0009908226133716503 0.05741184989788698 0.04869237347735093 0.08629133360560742 0.00998664028631063 0.0603914372322153 0.03974376021246245 0.040102243952914 0.07464654169007617 0.006688371592669451 0.04746157750582373 0.0910139036239689 0.04415781348115325 0.022415908411119633 0.08659947761274653
27 0.023006843472832574 0.02105939000187333 0.06481495737605363 0.10479494124818144 0.06457483621693062 0.10846467980532003 0.06623530397616527 0.051256116067693855 0.036170702139855127 0.030241749229409764 0.02203966829551285 0.0583275730725794 0.004270129494361355 0.04739442397802228 0.03435085679872277 0.03290782820556129 0.10984437192211828 0.02389209440424789 0.03500670774970622 0.06134682654485181
28 0.05608870532719382 0.040421083297527735 0.03740509138060748 0.0012550521151675905 0.04632343397982122 0.04354836972214108 0.05237269515653266 0.055142764108449156 0.042020197344207394 0.09090190956688111 0.03230050476634098 0.03628168814680555 0.08904884237792383 0.011017652166281734 0.04915616630582898 0.06274149029682365 0.07549569558297498 0.04116159397493326 0.0521993990893159 0.08511766529424203
29 0.045925947429608836 0.050941645372589967 0.07003599681333882 0.04831523979342109 0.0531232316912077 0.06587758583468392 0.06154527577045869 0.06936128600198996 0.012114348793687512 0.052879371817762574 0.008961791666259177 0.0019594322880075 0.06018308235774244 0.021077940323551442 0.08439197209871195 0.0326278077365316 0.07214867716694232 0.05020940485056896 0.06682578646736546 0.07149417572556999
30 0.08293947055829654 0.08902103427752057 0.04893804518233698 0.06191008266429912 0.01093155303945186 0.06770582656335318 0.027623483505027552 0.08577213698934091 0.08044558109319114 0.03752448349266079 0.06876632458849188 0.061780871117223336 0.06797761408779328 0.06316517514351545 0.02505877636039741 0.03100905563280755 0.07254658087727846 0.004806293253655846 0.010215069988570264 0.0018625415847879987
31 0.03253241698392584 0.079191837386692 0.05384600608890313 0.028061232073742233 0.0163052487607053 0.022939824474264823 0.07090018870982535 0.01494582862544935 0.09293277544623461 0.11188051778025233 0.11438751211864816 0.08598250725074845 0.05828401349953683 0.0069143963641130875 0.040082925420270865 0.030723084538116344 0.04291226336981484 0.07171827394168147 0.005468181750776113 0.01999096541629895
32 0.0894763783602262 0.07165524577803883 0.07802709439170188 0.07957493191367025 0.026323888104870456 0.022064111410024956 0.08929362685464572 0.08522272710945182 0.010542405288698242 0.008063740715947967 0.058627969239096224 0.0012900714398027876 0.0336911212645664 0.031025885050662845 0.05716739836684243 0.11197783995606904 0.006430391834689962 0.0720513580788604 0.0496924208125224 0.017801394029611176
33 0.0405744403998672 0.04595540812412227 0.02176114316846133 0.02902314769993005 0.07945965629331837 0.021609789574155838 0.034636834708618135 0.07756280595169592 0.09774230885916631 0.006463360495204425 0.06841604527008185 0.06421908017846867 0.008421036200781261 0.012200836325261246 0.023881767163225133 0.08619139093372846 0.09776384315147134 0.09163449647702332 0.0413460633153025 0.05113654571011634
34 0.030357026308588202 0.023286657202550996 0.05104801405832593 0.11992927100151778 0.04568730744733178 0.03456385448804818 0.029006577406278607 0.012711033099191762 0.05797460814140557 0.021639698863345727 0.016395056232903122 0.033346422173790094 0.07458693286850941 0.05208534234953301 0.058148320273364404 0.05683670426441057 0.1614669124279076 0.0014860011471773443 0.09067032149094345 0.02877393875487645
35 0.015278961738188069 0.05529941713809086 0.09240960872488653 0.07725802056234264 0.009670039678934327 0.0007075588732078907 0.09830899316776777 0.0027296252827328027 0.053867290595442034 0.07362098939738503 0.08942886383219836 0.032074758382124 0.024974838026443125 0.04553675782639746 0.08921288984395724 0.029886884111882367 0.029227047635495138 0.07452742494379161 0.04001731491417493 0.0659627153245578
36 0.023132473935741343 0.07697411285601448 0.008357965561407353 0.05960072954890987 0.06681729670945474 0.02138987206397739 0.014962082402398845 0.1090451512236299 0.03407989780403986 0.08461146400397679 0.04782747743696403 0.022987608946613586 0.004174253220253215 0.011335698690983739 0.00023432497124252084 0.06325915496325187 0.11297088211651184 0.11140136352021157 0.10218443008567493 0.02465375993874224
37 0.07371519365383948 0.021540385725046237 0.030389577733524492 0.08009698019257137 0.06804945156933094 0.03614222668736875 0.049063971580168765 0.022182431846682095 0.03825232961195803 0.08284816856837776 0.010420225042174242 0.07642248480073897 0.08554924226424745 0.03273778906353067 0.07095679615874818 0.07776093826397645 0.06921178748079627 0.03470400199441316 0.03780317979607472 0.0021528379664318997
38 0.017126370846767717 0.03777973579326263 0.01627764738300571 0.03822899242676279 0.0672475404501697 0.013869809680466177 0.005685006740923041 0.034618006911551084 0.10902095538326664 0.0555189652232002 0.008408278936651012 0.053301839700012475 0.10946682531716803 0.0853296678423344 0.042970069366915935 0.0011317851059828394 0.09285656684685321 0.035286965560693356 0.08841903312954529 0.0874559373544676
39 0.02347915215583374 0.08768138029308607 0.006603754455592914 0.02581594983981843 0.021925078151430473 0.006889198712383783 0.06945021350420763 0.043653536564575476 0.08095521877095022 0.08199664186585064 0.0514294605544073 0.08223552973406739 0.007139218694033976 0.08646109554786072 0.04666108339307076 0.07760572231237847 0.015583080042174347 0.05518165698453393 0.03725818252218704 0.09199484590155663
40 0.07749953946199442 0.07928839550758654 0.0185359680565494 0.07026271895333852 0.054119010424729976 0.04026512762974149 0.00939635426659106 0.03339418248883675 0.07537834378008286 0.022519839771695 0.05179689656616044 0.061532611267817 0.07109262807322662 0.0686543970361537 0.07613858142449167 0.08481987576098951 0.025740107530663817 0.034789453592228785 0.04166604499513462 0.0031099234119877197
41 0.021871299226136807 0.06663781632698462 0.04957881065940928 0.0710368940921654 0.049893516696841014 0.007157397584322054 0.04844629498307182 0.02570582470814615 0.09877287790101391 0.041933738688837444 0.03612536006735488 0.07806252593333737 0.10075177968632523 0.0431328078799755 0.006103951020716405 0.08175202327934503 0.024542976538255254 0.05354032516481471 0.06564448152344324 0.02930929803950388
42 0.06150955232175808 0.05040906261553381 0.09072452074005963 0.08612442536248306 0.015992568060991655 0.016201380365415297 0.007272270198963463 0.08544707899276732 0.05433949984989625 0.02498203161961445 0.03816533730833181 0.0629277547162124 0.014258245275457875 0.06505689040158476 0.023225210623924568 0.09232564455670578 0.0888409963714074 0.05702746352959689 0.04490647085930663 0.02026359622998891
43 0.09766093229725689 0.02691249453608599 0.044253057547404225 0.00490846324791398 0.06206354113052661 0.021351500995548355 0.05448261863351618 0.02426404348442915 0.08919294332587248 0.024714627802981996 0.09964138711725447 0.09396812808155719 0.0689218242548702 0.04244100582858281 0.06940346071627178 0.06205539070118166 0.06121710881245845 0.005247392435167553 0.035876336867043127 0.011423742184076798
44 0.07279636474708756 0.05634028345355754 0.07531398348191855 0.00010395543637769622 0.0030873208451093026 0.04661847784485308 0.014440602891424723 0.04735560069197422 0.03576418629036287 0.0883214802212787 0.08373038200057595 0.04252342573958835 0.0005113385448386127 0.07622833424036465 0.014587707416671737 0.0685397321927344 0.06213130265971953 0.09997018584245261 0.06004248377255876 0.05159285168655121
45 0.007864663508554953 0.05455841876741478 0.04804239654015876 0.08367304813682333 0.06381207520541171 0.08197761980853788 0.06859638019006445 0.006999688296564531 0.0838346434744132 0.06525135378268403 0.053908975729445384 0.016838124195276763 0.047122507529060186 0.03521726748271057 0.0862324459189279 0.0049374070264289575 0.07390443158852537 0.08453644922816544 0.01290140464350509 0.01979069894732675
46 0.05607786555570256 0.08593717616384759 0.07155131517799787 0.06724185582159907 0.04991541657845622 0.09296862520804332 0.0034893903789261537 0.056183904639326786 0.010763795217416211 0.03070749334993794 0.09383162883489327 0.06256423646328292 0.01645700253708647 0.07898328695738356 0.061373952421041426 0.006033819215974761 0.002178672243149831 0.05675421269017151 0.06804715277866477 0.02893919776709802
47 0.07885231965933395 0.027230652816832294 0.0641120965233366 0.07656235553832798 0.016791009015128887 0.07482150155294508 0.046133191366067895 0.011184832440031621 0.0947307412661052 0.04169904854365199 0.09219009377166162 0.02953738840949767 0.022208046022208633 0.019748330665149638 0.0432393728514092 0.05692189588099954 0.04356464961837211 0.024248413250935682 0.08677569068489506 0.049448370123109354
48 0.038984976478621904 0.10730618114272727 0.0064311112245691564 0.017566483859465125 0.09447017070099316 0.04899169144693154 0.0618876085040537 0.02403857784255105 0.02867843532771639 0.03718052537105522 0.0414412924562103 0.00612314634616434 0.02319943427247993 0.05342853939794041 0.004410071049216662 0.07157763589757105 0.07638657635937494 0.03831468541382591 0.12598361469381458 0.09359924221471737
49 0.011905098117527236 0.018999881716435192 0.10544466374948072 0.11234008534236788 0.015753380985413214 0.008736925431498179 0.06795896965182442 0.06949379768784536 0.005125209281881291 0.023255050739967476 0.07154806979472621 0.059791024529411145 0.0060807174535892 0.11024796733074659 0.011179674498223014 0.10183936584688393 0.03606093594831763 0.0013679293305574702 0.049260986551946086 0.11361026601135762
50 0.06498221671875071 0.02981304401424294 0.0779591294145419 0.036381113439401064 0.06765881096342143 0.040062870541919794 0.06998027818528611 0.015466585209689817 0.005400564032290862 0.06513943641430422 0.03875452197214234 0.0717498143739242 0.06250281164160956 0.03181574211705381 0.053235584445806054 0.03334563656165516 0.04694514127735793 0.08142320301923797 0.05593474205426212 0.05144875360310193
51 0.01504075559397353 0.042100461605440884 0.039178596433070645 0.0694546976014206 0.04676821714387529 0.048945457701404634 0.05190040350841972 0.07663595855273582 0.037161182907098786 0.031202455966920475 0.0765102116488081 0.0719176164275627 0.07244799009907724 0.05314789246917607 0.047025283048802755 0.060285742437885946 0.02862635815724847 0.07974503780558691 0.0492622948974097 0.0026433859940816944
52 0.05624387706669139 0.09015699759484197 0.01765679776474662 0.08218482393994078 0.08791612637504817 0.044213648933365254 0.023920212503009505 0.06959812585499259 0.03925765177307056 0.028589909767849506 0.051288357339588996 0.04209029435642213 0.025277121590108375 0.0035369181626228176 0.08846785065101512 0.048698393744733184 0.047958295976402124 0.04115349240486791 0.036395622603644415 0.07539548159703856
53 0.0756372879539729 0.10121680788855135 0.04685009650327243 0.0657847795273075 0.01862027412091993 0.059988105863198596 0.054275393382693785 0.04432809207766785 0.026035338643241236 0.01258618992952861 0.09143277513607115 0.04303596103828017 0.01753271947612388 0.06362685479125095 0.023777613044895337 0.03808820420086057 0.0931856485238663 0.028999216137184158 0.050953573245300046 0.04404506851581344
54 0.05045880463803652 0.02008776979972263 0.09450379445892995 0.09659298362811018 0.009520567186717873 0.06130310605653099 0.093461693489075 0.0575370244945275 0.01925086438676101 0.013490705671244451 0.09932467635065924 0.030249402411368236 0.02912380216490136 0.04545498421758609 0.07949561253140067 0.018094846924937357 0.08853903760141925 0.03597745775688232 0.044570929954496616 0.012961936276692999
55 0.07448633283738194 0.10625984763282784 0.016866900075639825 0.0736302545777113 0.001499864407308069 0.025700565859518843 0.08983932803217667 0.04893746421248464 0.003053468612561818 0.08000546861282078 0.05448237026993665 0.0525232055118144 0.004003952968536171 0.0035404721982921976 0.05525738385455557 0.06947315191663604 0.046263004067446864 0.047733798063430255 0.046456161923264294 0.09998700436565561
56 0.02313987738504667 0.0038925312037697934 0.07655000684121491 0.03202117462147261 0.033708085197145625 0.017422161357146474 0.011722757227470777 0.029616233492577606 0.009530576339799885 0.057948008468231726 0.09575998073366875 0.09643006176438154 0.03569581350681212 0.06947170798750964 0.040446143694425944 0.10148512491079398 0.09135987143806715 0.03249738732112305 0.03985585488228095 0.10144664162706103
57 0.04347171533770664 0.022630923625262787 0.03593980108079687 0.03162955983139244 0.002127484309053877 0.09177138756810013 0.07858352688841448 0.07006125583478079 0.03743846886604434 0.08301259487045876 0.028776834910599226 0.03273722744975517 0.01881777170123122 0.07871437119202647 0.05417493408675171 0.097425192527308 0.051078246025673464 0.01788137734222012 0.04760352283606277 0.07612380371636082
58 0.005962697821659536 0.0776380089733793 0.027441334161856214 0.0010151558676652756 0.08102740459836728 0.06947922369929352 0.010771945751744658 0.029569440467150793 0.09626644146675564 0.04667106204874583 0.04112723112425871 0.06528747580218029 0.006466658550077689 0.05539539841793449 0.08004291617332292 0.11613967874888753 0.04265374014454158 0.03608506968087608 0.05826519195284964 0.05269392454845299
59 0.08760387257712365 0.07614784880779911 0.020600506407763192 0.044938619589166756 0.06712520508766504 0.006977515222966657 0.011298096486596623 0.0028267324402832567 0.03466492974178192 0.022558040442813062 0.022678697517626915 0.08411816747045145 0.045909902723581544 0.09587138511564998 0.05408925907221522 0.06118933857366684 0.10221360094043491 0.020296989187872337 0.04012088031057031 0.09877041228397122
60 0.029276722691174706 0.031488483377045025 0.007872113666642627 0.04864202934883766 0.0889722141956827 0.05914186253810296 0.0784824328305499 0.02038269365243992 0.016404671582652353 0.06627782455743979 0.08038781182356204 0.08829639663413201 0.035004680310309254 0.058395860565623896 0.057674991593122366 0.06607695346781044 0.01769894407089767 0.06256095954226261 0.015234912907123359 0.07172744064458869
61 0.004392166965431051 0.01501301683582569 0.07348027870207344 0.08745386210619702 0.032875362891547556 0.0822497382847866 0.07568710562451735 0.006139261910832048 0.07554452405465972 0.045130454154694334 0.03090997023013101 0.04314177042660327 0.05686683665477757 0.03599016751428535 0.08813989116640628 0.05202341110991212 0.07480292488182605 0.07732547039576593 0.037931734977306446 0.004902051112421275
62 0.08931740228100257 0.11561995541109944 0.038165657639177966 0.03815622775359918 0.11504354443835574 0.018098985206525146 0.003721602515957442 0.04323495975456355 0.005668353016865555 0.04455518146764639 0.013155471699439996 0.0864600566899403 0.02500960028473678 0.04880144754338972 0.04797733940476817 0.09522719401069157 0.035727402042067036 0.051787511243564496 0.036494669272486416 0.04777743832412251
63 0.07159491421704398 0.022844658413224635 0.09778370287013317 0.005049016474837713 0.00933175470738055 0.0834568733302942 0.04562803177149572 0.08646244148768838 0.07225596015348115 0.03744503361928433 0.06251442847495423 0.027813547578605036 0.05409447074000305 0.05141227846800488 0.035036504925635134 0.013668104701540009 0.048451621540013604 0.008170278383457089 0.08789600698861587 0.07909037115430742
64 0.04465082487630808 0.04075189684904442 0.04244364182459539 0.06619695198839165 0.037387540115401435 0.09181726928034525 0.00864409881632735 0.04351947759754029 0.019861526689618138 0.06144766039128589 0.0029966964305760445 0.035262355764024 0.0942438668632994 0.031946778447910294 0.08793092808402726 0.08940169053779774 0.08666557175382188 0.0611492649674218 0.007949679887855372 0.04573227883440846
65 0.03387691553568659 0.0735308027870253 0.02712655614399488 0.08243706373356992 0.016306429446199235 0.03908832134908919 0.06678844732254495 0.07038397998923634 0.04859769488881739 0.07417878151158477 0.0872771032574928 0.045127198515656594 0.07858660235166676 0.047059091559443156 0.04793020387390655 0.012524133250669228 0.07244923943193986 0.0020559644162141243 0.04731517252966378 0.027360298105598625
66 0.08415546995026149 0.04530239461256063 0.08007787417056621 0.029629615863075817 0.04759224767954401 0.06311762303154385 0.0922834789341536 0.016359623042040045 0.07303037627520619 0.009952166752860996 0.008335183857176954 0.07268501833846984 0.08637954672166342 0.04102253285571341 0.025255089733576725 0.04768559507521658 0.05728696047175972 0.03621785222818335 0.06685913569231088 0.016772214714116447
67 0.04631409498057508 0.05141762359364142 0.035068665937253427 0.10860076997971108 0.027374651874659105 0.0014121464525846015 0.0009536079293022044 0.08046671242354889 0.017371862476128618 0.048504822215145904 0.06972385349804278 0.09543946044970585 0.08452434304514454 0.015321718991383253 0.0986758331512999 0.07907900397110636 0.035904549427505435 0.0030791700815831764 0.09473465245627387 0.006032457065404559
68 0.09146423274456587 0.011080246522206376 0.023030764281352405 0.05005633583013753 0.08537343151117144 0.09276842463471348 0.023416454766407798 0.07659270864859119 0.025812109254745037 0.017158264464824914 0.02145457584683481 0.0463607540222696 0.04345270851145371 0.06347472918686801 0.06313714901361255 0.08374091126596492 0.05233068644693382 0.025295312841735095 0.07767179679934434 0.02632840340626701
69 0.07744833332277203 0.0570925090048026 0.04236269291918978 0.08130020754856392 0.06700967143063111 0.04724495567277513 0.011190541263642122 0.041952098819222454 0.06830614327104495 0.03832126208417733 0.0632788094891027 0.022723860128702745 0.04137340626823834 0.04104776995039891 0.05891099407099441 0.056096480155852634 0.027549711432661717 0.069789454448115 0.059305344490174425 0.027695754228937698
70 0.07371421355283729 0.051194593499574774 0.04290989726459809 0.046850979918137275 0.04182493326472975 0.07363626283152377 0.055363921991246255 0.012779565611517104 0.02885398897123931 0.07003680447166422 0.04798589085747133 0.06277920993043419 0.024901774865923536 0.0536246058718526 0.04480298456081272 0.014493958657726243 0.06334723285352091 0.04265568320221828 0.07773345644628155 0.07051004137669094
71 0.0651431898540703 0.07591167761446277 0.023825449067459446 0.028390640804058592 0.09338606338284937 0.01775305137849865 0.0934611532015038 0.06163205275039011 0.07128567269023361 0.013463654042443537 0.04316833054562554 0.0602989040935279 0.03340185108837012 0.06847027459660125 0.07100341315770271 0.047669485777151355 0.07051214108838089 0.003428589131562641 0.015413151941261449 0.042381253793845934
72 0.027642537430841694 0.06723177520138364 0.039098316112744794 0.03382765333298991 0.009877465807580487 0.06612645300699234 0.02101444994411298 0.09046598791573664 0.0448105288423803 0.0972667672307732 0.07607088013779482 0.07633708432524682 0.04431299337760619 0.04203824450065742 0.05502850303571025 0.026897850853328836 0.08986197136756287 0.007112240726792864 0.03984724955319284 0.045131047296570935
73 0.06988903829011334 0.0804733229675178 0.06780372956058864 0.014692712296941694 0.1047069805567739 0.07126758668414312 0.04040346265335769 0.03347094721142239 0.08802647504519713 0.012838146297000565 0.0282233384174899 0.10638761532997922 0.036912730122893304 0.005663997087691906 0.010340794213615749 0.09610898590798946 0.013908472138148833 0.11379558824059188 0.0010351135672818218 0.004050963411261907
74 0.03568164076339308 0.07191450359707735 0.04934063043242341 0.0029209782366347607 0.04786713166894272 0.04114952172822839 0.03961963837134889 0.08245257552041883 0.002434793317876625 0.07681063737990078 0.06432395985515478 0.06250394144457815 0.06225073282874555 0.06825940428833838 0.06669049143925541 0.07106285297490215 0.018662768820231348 0.07790656230567156 0.013177253804042112 0.044969981222835555
75 0.07372495368117829 0.0604674975166227 0.05400944522554379 0.06655771388820597 0.06774834545982715 0.03017968691710096 0.057123422301922536 0.07430921414769794 0.060877061244508764 0.06968683977405396 0.07763862811646326 0.07088237763508422 0.07136513235200825 0.04291307702408528 0.02254298529499932 0.050935515633700156 0.008571764689398333 0.012740981864007269 0.009073368623254523 0.018651988610337233
76 0.07079762446471707 0.05950207312524528 0.04317539822236176 0.08260025467100307 0.022674569713418184 0.04750633449614222 0.07291283865536506 0.040966507791592555 0.030244400410597186 0.0746447764047283 0.07147486919056514 0.0042270855146386435 0.005359255182199941 0.0720247079448146 0.08054113196808377 0.08091817405300697 0.036847185636687325 0.040187625957827496 0.03349263723012954 0.02990254936687583
77 0.04497630637367653 0.021708748323530647 0.08832600380886003 0.0477482884135149 0.07690328988003688 0.0017927713971392337 0.06331914350230755 0.052678132715716 0.07291255625422982 0.06279259551476968 0.014614381509678536 0.08187338962061487 0.05135027904592716 0.06448200253831071 0.08934331753803477 0.03268724821286443 0.061087762494845495 0.06431708426312455 0.002385268803235667 0.0047014297895826606
78 0.07237310556078187 0.09977078341093909 0.01423829334973172 0.009158974008415765 0.09669505597531335 0.02152136047258068 0.01756172131279284 0.08729346903999716 0.04705695393672888 0.020837161213073187 0.05075825771167659 0.0033989193937360956 0.07837191655728505 0.07472173728397617 0.037114577501916664 0.05619137021948232 0.07302890519118455 0.03261971814207354 0.056221489461208064 0.05106623025710646
79 0.006134607807421873 0.07544945597927387 0.06965056938756768 0.0318433656532435 0.007778482495417317 0.011486966334469106 0.09518235729520155 0.009462914354797432 0.06230923099230702 0.03136780751191665 0.10123339613722017 0.007920497389441181 0.076711678097656 0.0007060630382777314 0.0925924215173119 0.09078228670600177 0.10076344252223556 0.020390899217569293 0.05907207487595099 0.04916148268671948
80 0.0014840281363726084 0.04369031081761357 0.03863450227078534 0.08262030847242051 0.06983065218096896 0.06614830505141636 0.026845287963507207 0.006034051732113959 0.02801089064140835 0.03986603558658093 0.10171823971509411 0.049685707939426185 0.04430206709354034 0.054106313661216106 0.06844227641129497 0.09638480080919404 0.042245059267580494 0.011902421654231906 0.06633550711896749 0.06171323347626681
81 0.06808164666606084 0.04942243809389793 0.06776486260971315 0.06982680382673244 0.04158116198961786 0.055116098471494526 0.02931438840648125 0.08026667916317698 0.04908348264316327 0.041771326230095815 0.004834139236890622 0.045577249407162554 0.07951307197797124 0.06808735340978364 0.0698321827179787 0.0734755398246852 0.009396599955204614 0.04087576664649805 0.01573349899873791 0.04044570972465317
82 0.059590907745938934 0.020357571892915823 0.02695371936266731 0.050773180897734166 0.07787304741680955 0.02560450385209568 0.07740009807670557 0.04191296834405472 0.06152057697235997 0.05051551790451586 0.08804675943184889 0.03540873630782701 0.08909007831142778 0.015153750116486911 0.01696626030057056 0.008810936029688214 0.020834955981995095 0.0887588718283775 0.07728477910382091 0.06714278012215963
83 0.0077619063435833136 0.04407687980588463 0.03424745134165057 0.006884559617699942 0.09300724574060609 0.05429386680408912 0.07754238900556747 0.019843241864276176 0.0623578534148673 0.07691330539376534 0.07587235532905831 0.01932667019074717 0.07183261811221026 0.02337219615013255 0.1021338263417007 0.015219282947679422 0.07699529149128795 0.08094748030576847 0.056130804981926775 0.0012407748174984266
84 0.03389330671339671 0.0039781743003522415 0.07557511386456618 0.04511870713148905 0.05156781476878192 0.05459347993100475 0.08972774204226218 0.08302678202928648 0.05972780546828832 0.035626301438448305 0.0250531417523994 0.04684770123108152 0.08212833883470537 0.03678945615057591 0.08378343827377079 0.019647565852446792 0.03450652238437276 0.009458748186387544 0.07403047743589243 0.05491938221049135
85 0.006953744631615345 0.03741449054654525 0.015182594335720223 0.00840262057238274 0.08464607689584902 0.0358454305392359 0.01967205998822353 0.09639141957176356 0.061191780817791024 0.07996379160415439 0.057945295829030734 0.06687401368975876 0.09888040535694764 0.10101358458978225 0.05301843306743121 0.052325576887161725 0.014696921076963621 0.029890737742634912 0.06477768948360234 0.014913332773405863
86 0.01136293328045298 0.08679733183903669 0.10619114154899935 0.013291900775011698 0.05931323562588248 0.06666494478824853 0.03471223915798175 0.005498779887968156 0.09111202394759867 0.02070678937757788 0.06863980192263808 0.1033079873690939 0.020927214587040163 0.05018240339137474 0.01939915759146442 0.0038963879991051062 0.06486680428904329 0.04708135472400268 0.07908585878142754 0.04696170911605193
87 0.000843510658124431 0.022766652632446878 0.03736003164884173 0.009245457319106136 0.0711713220779892 0.05364851511193726 0.039864380101739566 0.06235758326540915 0.061350643470761565 0.04653930165103642 0.0658508742376488 0.06243450982872599 0.0649313970492205 0.07468634428631776 0.07653706011577464 0.04912576529586987 0.03646669641194827 0.07935289260501195 0.04932432598296722 0.03614273624912267
88 0.013937057125980612 0.11400817805940627 0.005932846180544775 0.04219604310924464 0.01998416335013296 0.033575433113632466 0.0037230688894446698 0.06862289709211607 0.01333727501323743 0.02296557978422612 0.06309592104123232 0.03578497417022396 0.01710544629240732 0.10288147432114761 0.06840037929235171 0.039964990571123356 0.1166138197533054 0.083073728811183 0.05870275663982515 0.07609396738923409
89 0.05300602442139365 0.05112683960447619 0.06922944650284726 0.05187289824426917 0.06669715380572395 0.06220551124168193 0.05529820348214489 0.06707942070658039 0.03920864700451515 0.050211566981522016 0.03508664877338569 0.050738810798972134 0.06539841140606699 0.03922237062490341 0.019656511693735657 0.04739968358411071 0.022424377399070043 0.0056775313804598 0.0714553707795343 0.07700457156460658
90 0.06723801452738763 0.006341920114665339 0.040770073692119047 0.06555046002017802 0.09215963216399572 0.007138859866241837 0.07248073771290424 0.07609784499228738 0.07116050484219527 0.07499402759921557 0.07299401451285033 0.010238461930044112 0.01690236604545587 0.07702774720373536 0.008253854396007551 0.02548446574872443 0.08048168317438421 0.016827528900601615 0.09653955563672593 0.02131824692028048
91 0.018763468307386736 0.04189299052428752 0.07537777070910652 0.05590167121552245 0.07098685110579353 0.017367655568753294 0.013024669993590528 0.08927025213974553 0.0413115876905916 0.0341932427920531 0.05852969070547346 0.09465926988773574 0.08832182326354325 0.09418122851216089 0.04555964168874787 0.0040966242448228374 0.05764250165975639 0.05338096329656586 0.04075516559033777 0.004782931104025191
92 0.08180060783628086 0.057149282730946584 0.0761846197536104 0.07925290735308319 0.09271598664210118 0.04945652381419648 0.022820254565810428 0.03011560204358861 0.026609105936382313 0.005559888950179705 0.08080425749205215 0.04127760368916618 0.08427246682154227 0.08396719120482075 0.047464248660274655 0.03305167267249567 0.011471716654113633 0.00751779655793272 0.038371421151394136 0.050136845470028224
93 0.007364510883544328 0.049383788351829334 0.019958853614170036 0.08432123404862779 0.0481444362084538 0.0675074905495721 0.06099947416155568 0.054366771396948316 0.06929115957052093 0.03542936303489132 0.05213244474191072 0.03506623519018109 0.08568575849276655 0.004528369388549686 0.03822861891037337 0.006854529615757852 0.03862613198729712 0.07232078323878617 0.08168037589364976 0.08810967072061412
94 0.11075285683255968 0.03303113959869211 0.007135162759562876 0.11834338163337027 0.004028825754187793 0.06755785908285826 0.07917391762629786 0.0048082060420317225 0.01767417671231761 0.01792164900026228 0.05230274447433006 0.041992414212269305 0.06559858537581224 0.12035704017217408 0.055036436720913864 0.046032937148428835 0.03236085013877171 0.08325086344407708 0.02816005088370842 0.014480902387373994
95 0.020319027124596992 0.06989164820571032 0.015888151835530034 0.004816368583527506 0.06094334994277964 0.07168074241016117 0.016221574927990166 0.08319989019986683 0.006327497945777293 0.0791384711743595 0.0641646993013106 0.08372170063567187 0.059803081408707215 0.0502171328293175 0.0874302082710854 0.02228761162103905 0.03492478446382396 0.0007556836317445916 0.07878736482127931 0.08948101066572112
96 0.006012227482981419 0.011386815273327683 0.03504528910649559 0.07869168868409963 0.031028040160712457 0.0627403392520798 0.10411916414191544 0.047676550855580715 0.09931641451938791 0.048403473117935795 0.00021331473404139007 0.08204928049291785 0.04308543301565794 0.01916227689066351 0.05471396150272408 0.08306537788179268 0.04446255082223231 0.033045203015295524 0.027141781593934353 0.08864081745622389
