0 0.024346992456382187 0.029612938908614387 0.02173991438576819 0.05551171962116893 0.01671110210687442 0.03487295009496897 0.05109404526150065 0.0543376178931306 0.09486574299027192 0.011996196369007514 0.06381603957120177 0.07828142195298357 0.07362201661029555 0.030075877808831405 0.08431720493537656 0.014644281875363336 0.06240489255721618 0.10773668933690106 0.06403798550722065 0.02597436975692207
1 0.06101965714707837 0.054190366235198455 0.025439291898221177 0.04781736757375581 0.05457620106848399 0.06502655493365009 0.05616920388511507 0.086017201344989 0.036505191684433204 0.051051399281642464 0.05297513157904011 0.08202814022751102 0.0729402846298706 0.051648841679741556 0.09299249184708226 0.031638302443042714 0.022649950591055783 0.026260754086050348 0.018110837060800238 0.010942830803237867
2 0.07609722600623683 0.07071633670957238 0.06316561552418483 0.011103491822598031 0.023848292453380323 0.037121864539000876 0.05284950448562036 0.042720340949319056 0.0801098956461096 0.033471704010351766 0.01790282931018237 0.03667130930837306 0.02633578663366274 0.07681441461708556 0.08516565524325219 0.08221333861251297 0.09545684819160243 0.04401070241602801 0.0026100774693338423 0.04161476605159284
3 0.10550078833512225 0.027312083593138702 0.10560099416330833 0.050925055274014155 0.06425430410574648 0.010764392813972243 0.023318187117380117 0.06976444788699825 0.04035767332017898 0.014198259127756597 0.05034998648456247 0.04230827524970792 0.0785988351230765 0.043170758822245005 0.05095027871423395 0.04466368153433043 0.039318165483211806 0.10599617666375619 0.026559338995528488 0.006088317191731144
4 0.02092305195842818 0.07616565206449089 0.02010327557033604 0.05741574317666566 0.006816026808734271 0.0738030602335435 0.06180551919067052 0.03588717882683535 0.021198912912040038 0.10534012810533415 0.05625725260765074 0.01229514688206229 0.09547509051950669 0.05204433740437838 0.07281732154479076 0.0727433126124404 0.01765854388817401 0.021263494890668522 0.08574447075685102 0.034242480046398446
5 0.07171646117763276 0.022840136803085807 0.035297539382540453 0.061519201754592766 0.0035667885731334005 0.0963710395220581 0.07340588773231868 0.05716497378985578 0.04836577263842319 0.00426607690147874 0.003226832152535484 0.07171131921507122 0.07103133193047366 0.04345316283123094 0.03909765038565617 0.06749033312105066 0.05372126493195283 0.04449945423300416 0.08410774282482435 0.04714703009908073
6 0.06679667655936482 0.013263135234142274 0.05353730694095326 0.05906893138550439 0.014388409519687747 0.07394945790104372 0.02848075062529757 0.04314440164910418 0.061640815063800536 0.04692864329848342 0.0295643691723161 0.05670043841136901 0.007214352748496529 0.06426065872935208 0.08141031768854072 0.04741217201669038 0.06653482903972188 0.08091313487451195 0.06470175712546906 0.04008944201615042
7 0.02589597652072444 0.09644921066932352 0.012447778998497116 0.03484291447054384 0.006500904339947236 0.03537109916690238 0.10634128320663076 0.11805191746456933 0.004241717057001239 0.029635153852556124 0.06820910536258772 0.03637881856589468 0.019615016460927365 0.054232534825000796 0.04260485507428717 0.04279882436801482 0.03428834949399261 0.07387291465340336 0.10440306492166214 0.053818560527533255
8 0.05048986451482209 0.09205769276822397 0.07760872722246989 0.04597489931190167 0.0021596281619397505 0.012932950375193084 0.06906591431477246 0.07503449836131978 0.06004350875347338 0.03204882547441695 0.0063453959152694 0.003430122529398166 0.08711914195366581 0.09709150236750146 0.026874688748196734 0.036774461585753954 0.09806143616971406 0.029540037134361916 0.046824466933849604 0.05052223740375584
9 0.046396991157663166 0.06288804309650603 0.06748549499233737 0.028155783574867567 0.0771657527783824 0.04090145241534009 0.03214311550164121 0.031608956758554706 0.09363369964511564 0.029756237718872793 0.04289225442564304 0.02880982776867946 0.04497216394989299 0.007312061687651189 0.028161188351825003 0.05226300784620768 0.0706422518988983 0.04923723613037234 0.09279352244985314 0.07278095785169597
10 0.07621927335698245 0.015697136502002062 0.0575539198433372 0.008985163886678913 0.07988573105701154 0.05531323013584502 0.06959260301462253 0.031995624973695055 0.04570315850627402 0.0801598323873124 0.029497371490018742 0.08414321208618095 0.0763913823703855 0.04347475761384635 0.05437909038956944 0.011696029399763708 0.08408656359018157 0.052014228939786446 0.028061659424796347 0.01515003103170988
11 0.009626128565011851 0.052776555056321124 0.018291196061560943 0.10340918359223557 0.08476466168850721 0.08216798250287718 0.0881655421619449 0.07711884229889421 0.01722989813627714 0.06711049837609108 0.03078636252518123 0.048971837599761044 0.00695635600297758 0.011792101218802448 0.0647613895956555 0.04269312034988066 0.03842324316707162 0.026644911847717986 0.10378172872963952 0.024528460523591398
12 0.07285284862221304 0.0809857277045327 0.05634597459570618 0.0330686241738505 0.06857366696471466 0.0707120557163657 0.044776508521025694 0.08051847003574546 0.04249865280823481 0.043591749286045194 0.08287980322708477 0.04393423787290077 0.026119862794014057 0.06437329226943897 0.049755650567570746 0.005592304717184953 0.07066698144141922 0.01602085694502892 0.02865419841395418 0.018078533322969353
13 0.08418877374272855 0.05790885918812151 0.07066556614486572 0.04001207718343804 0.05371609243017582 4.1097498303125924e-05 0.07281621072461814 0.10103973232809493 0.021743450857812204 0.0727791585634617 0.008138010965255618 0.05506316630660164 0.014460579782719961 0.0017210739050779824 0.08085922562023946 0.03355615999656331 0.1052950733365994 0.007016005662075049 0.032887076835901245 0.08609260892734667
14 0.0690878398901731 0.0385145329433493 0.00045002518443923797 0.038354404799930325 0.037851789090598574 0.01437139294526668 0.030125672958999705 0.06919927387177593 0.06090717102686228 0.07567122197259779 0.06760569085787528 0.050938630450934816 0.02627081165674078 0.07405200043723623 0.05125703314409922 0.05401186647504596 0.03820995611094295 0.054630008351821 0.07395041353727062 0.07454026429404004
15 0.020313300146512628 0.057653762065770525 0.07997212720506 0.07840787450874412 0.041710621647503755 0.07508501511552905 0.04928259746252837 0.082125817192251 0.012971587119473247 0.06311321761450164 0.0632382283069744 0.05891319111421521 1.547912614819258e-05 0.01407093867451727 0.02203715057489973 0.07175932614835079 0.06836659632655566 0.07712798622857746 0.05124798309691807 0.012587200324968927
16 0.05955110946813665 0.043869530068186544 0.06513761592473741 0.06633344527563663 0.038893588756368884 0.07181843339056529 0.07436754631025437 0.026022600673804054 0.07447567296702619 0.04699789442252206 0.04857170960994008 0.06188202111216569 0.0657362010933103 0.05299936376961844 0.00909370824609079 0.016630911580994903 0.06048134787249484 0.003775366598062789 0.052309198605980226 0.0610527342541037
17 0.08129122302053877 0.06491528851478312 0.039754223016636926 0.03529900334467251 0.06386530685009743 0.003174758803199654 0.07748953657550356 0.0032687184088602277 0.05716239086745795 0.04023768536510743 0.004582502326949084 0.06317290653392368 0.06360107625985097 0.0621832219484045 0.03154290319948607 0.04557211029628784 0.04125242922863408 0.0687321222903616 0.08021029603310582 0.07269229711613881
18 0.03904984038063544 0.028051786329294063 0.08868850685491182 0.0035306917816315137 0.08635982489980495 0.02261623626191064 0.04314119866916013 0.02708991171583871 0.030576300664531916 0.06661597091285379 0.08522447418826763 0.04702078715388687 0.06483018217009973 0.03157254673429117 0.0012234900405191371 0.08814654322907386 0.06190560445345767 0.053334644766636206 0.07112830498746972 0.05989315380572486
19 0.06424576272180317 0.020040463365569416 0.07796021275857849 0.054880407853540376 0.035941707940378445 0.009954887806267266 0.02045877754447123 0.07226592349620817 0.05145297710783273 0.030296252434679215 0.03103965749257829 0.006710320467558735 0.05675626202663359 0.07655193539436465 0.06451229040623054 0.08254123030150894 0.0727227294488234 0.08179662951591425 0.07007886822583036 0.01979270369122852
20 0.029819910590704792 0.03928265231580547 0.01925794426423079 0.017885821189732518 0.07645145906302778 0.09769910111275101 0.09706572366656502 0.04208976038992685 0.010101780533534905 0.061203220430235836 0.00789666171282084 0.05125691516658782 0.00986650641150887 0.03281511926486373 0.08061354723514075 0.04801415054264245 0.019635876105516 0.06255671514929365 0.09431445049812828 0.10217268435698275
21 0.021298692596110932 0.05011499242512593 0.031248738683530747 0.020344709789114766 0.002285945896740959 0.03831015821845843 0.0847106543666587 0.022375087182916687 0.03897048504242886 0.053377525803342096 0.0768913679678336 0.0600683398702213 0.07231879643573481 0.0722252411444503 0.032435604534772546 0.05764287622985971 0.06490465457449639 0.05863129280228132 0.06554885162538182 0.07629598481054019
22 0.05283518565080754 0.042565463434647025 0.07772775099732454 0.08331947233106131 0.07379960727050106 0.06814496999949946 0.0017683821823648524 0.040272296680999374 0.025275956113436106 0.09485800261048122 0.006828168604233252 0.03758724025715367 0.026813575889920744 0.04898074490711719 0.03357403529343806 0.01767529601988931 0.07692346865325042 0.07545953162209004 0.022372274612905214 0.09321857686887958
23 0.06921878158665756 0.05003823062230227 0.018719372740632626 0.0615832401644143 0.06967466491613244 0.07160880464281608 0.025682033806223827 0.028725348775441126 0.0144200150741839 0.007461409182843627 0.07839226753230821 0.08461993606222147 0.08955308692500916 0.0898067328213349 0.06978221146240017 0.009344479311067544 0.02574128338935148 0.04315213050421142 0.010028053860664217 0.08244791661978366
24 0.029015328341746898 0.0378640241952107 0.0846661402125582 0.01358039958472841 0.051748908095531405 0.07176881750577517 0.05447623647698471 0.07044414548389012 0.02773032871999588 0.07502069852099269 0.08369606058987338 0.010419783853621384 0.03463006282698914 0.007150959476477695 0.055846830361985504 0.03316993188735399 0.08736933886360732 0.09248679477216631 0.07416598030608564 0.004749229924425515
25 0.06763885356366466 0.08037796032805097 0.017236841178063556 0.07372758860924435 0.07919164640612784 0.032131756288458685 0.03622764339012275 0.023713354556143984 0.07557065771518719 0.07599489163761781 0.08126338982576033 0.022433331322296374 0.06295378967989056 0.05964784121542844 0.020639546886812198 0.054492790495305234 0.03724887873034695 0.05152423325848762 0.030715278008069585 0.017269726904921016
26 0.04708358110224282 0.027269313569178347 0.056346200696218034 0.05153664577382083 0.019977159731699355 0.03561959437914316 0.057769880725047136 0.06948976849857401 0.0745157411925297 0.008525062368515163 0.019108510035301566 0.06429646717413509 0.0372774062063544 0.06909209344184127 0.08735125427551603 0.0715974302278525 0.06531736297572142 0.06462315691295942 0.033415717172845395 0.03978765354050432
27 0.0426356070075979 0.08622123559048141 0.05087016952608103 0.055937757795792686 0.06091377510001304 0.00829895218673289 0.015616727059126092 0.08946882269100799 0.04694926704017747 0.015190824867895136 0.0369985179870431 0.017211235155831117 0.07402574438170967 0.05629547084979412 0.04847575150713258 0.03811479932232076 0.06859485929681061 0.05857047683623106 0.07019679656117461 0.05941320923704639
28 0.054945907626421604 0.07086597180379978 0.08178377414645699 0.024519770106501894 0.05034923936174758 0.09057110265688709 0.05367521397575264 0.03757046288517254 0.01758431961687877 0.04694518863320521 0.04182968867302045 0.05581314836181505 0.0007608747926857804 0.09581692128402931 0.03572498323802113 0.04467638818870216 0.03170392933900156 0.02113178909940191 0.08676203088372167 0.05696929532677692
29 0.013939425265625334 0.0607923814139116 0.04027685449511156 0.012758867991363066 0.08675070625995711 0.07401531824775735 0.04733641868443801 0.05593188743301856 0.032122178600827736 0.024718298730728394 0.08502146845113326 0.025689960411818945 0.05941689322212771 0.10082356292676628 0.004880275821284977 0.009348120431143803 0.0947047970113703 0.009385238502618236 0.1035532482978383 0.05853409780115944
30 0.09466687495794353 0.045980568945655054 0.08545810867780454 0.06250382780777135 0.0012407386835299225 0.0834620890152455 0.037448135893652125 0.08184403958294169 0.005226054268419752 0.03370197221388843 0.10023700109443409 0.033926475295415426 0.033976852831913686 0.05159667306041391 0.044483501758017546 0.09458546449368016 0.06012082020838547 0.002024809587155595 0.04350488160978331 0.004011110013949145
31 0.0530734702663167 0.05546182392678426 0.03403077696947014 0.0003878244253096036 0.04860042649149951 0.014391010315078048 0.11204463819513605 0.10019977918193763 0.016654643826552292 0.07543035908747917 0.06840549970098515 0.002178677483914748 0.02970355820898006 0.10268854592088912 0.10919825168950138 0.047763844705775244 0.02028427284989964 0.015107055663939445 0.07294821427163692 0.021447326818915056
32 0.007065156906487979 0.08019857211857954 0.10590905009164547 0.014124295077159479 0.03448017383977898 0.010833508785046504 0.07854121959531826 0.017602097843091195 0.02449994554643524 0.00725011299088674 0.07502337045824788 0.041184343226518254 0.02855198967524995 0.07595343216551541 0.019623322276688754 0.03272589766682097 0.11622435386996612 0.11191457562424303 0.05734472030435705 0.06094986193796311
33 0.02845407979972673 0.044792762902965584 0.09792608050402957 0.02822863708276517 0.03894744737134355 0.006753786401244479 0.0033762457451893776 0.009204659244943103 0.05285594906003172 0.05011194448960401 0.0794426787765219 0.08211864231739721 0.05850764351919811 0.07133993867002171 0.07211009283793249 0.051834020282606016 0.09777671700174301 0.036953432429237904 0.03491304463251857 0.05435219693097951
34 0.04626248307912111 0.06775947795116931 0.014226336528821434 0.03610998518401507 0.06841372813454236 0.06237260150807134 0.025190390025096245 0.05048317354334193 0.0036635719944520667 0.0593133147053216 0.01787970819419272 0.0788227905880194 0.059193453882568844 0.08119734632292844 0.008209783270488864 0.07685844023567422 0.07611820117708214 0.04035208287737443 0.04669213363352419 0.08088099716419418
35 0.08180344401138874 0.06521191237510883 0.017628826958285437 0.016989617409182683 0.04039977811469101 0.048601440435472404 0.03788742431537281 0.0662271345949375 0.07294051949002069 0.04377838806451808 0.017462747687059986 0.06981115433636527 0.09695974688559224 0.03214804832942784 0.021626513864389265 0.09928482823340185 0.03732007887636473 0.05787809849691445 0.0484835551722158 0.02755674234929044
36 0.10268241611136722 0.050916010895862215 0.027840901478127577 0.047813166429442576 0.037633834741628125 0.016996662953512817 0.015170799737560551 0.058729444539201106 0.0017333093979457917 0.09092000720487357 0.02597614809986377 0.004588516310836804 0.051031894232822256 0.04698917523734241 0.10151994699812301 0.07999566738613194 0.08342912141153411 0.07169905420369004 0.021106145800838944 0.06322777682929522
37 0.029466573956261632 0.05888428586402064 0.07350660239660241 0.04436739548094746 0.06886269327281593 0.07242324755771679 0.08033227429239878 0.06547452113281191 0.07581399577484016 0.01745229859505592 0.0669994659095707 0.08059965716326398 0.007585098763409332 0.0010087182496947202 0.04064252021878138 0.060243986751063586 0.09044216431927045 0.01031661219017583 0.032817942342974006 0.022759945768324172
38 0.017970015801798443 0.04402518611237179 0.04682273811832794 0.04726896687248823 0.06266116524261954 0.007319148436601503 0.08966998490209266 0.08988677138596972 0.04825110132735328 0.07170098082177734 0.08479962906055573 0.017484225440701807 0.03291546725363772 0.04907622914796398 0.04317645454247674 0.05800198645189932 0.011490256583114939 0.07999122662345974 0.08024024313927405 0.01724822273551545
39 0.06463650283128833 0.07103638581173519 0.0763795078947707 0.07084911232068143 0.03516590135634311 0.008018232645583585 0.02073508223720212 0.010855105495697272 0.07353197913826952 0.06228085826036816 0.0847235361671811 0.08823087431245714 0.0352147872268474 0.028273764218007903 0.01724463629102121 0.08334818497835782 0.06674209654961887 0.0074089625064190714 0.0413540294291644 0.053970460328985434
40 0.08413772507937006 0.007727704208437482 0.026665432118489055 0.013283603829122465 0.062438585309380804 0.11662064426864749 0.0063955331486213185 0.03138439582996218 0.06526223991178923 0.04414424646775467 0.05248321578035315 0.05161808489290012 0.050214833080055636 0.07201271372528908 0.01667905886487864 0.05495307741619739 0.01810908355070614 0.03241010151538138 0.07015230679031578 0.12330741421234796
41 0.06619100597026668 0.028827119498304927 0.0396775530337424 0.025151214470645743 0.0735560623069107 0.030498235857343868 0.0215560754031302 0.046380174003834464 0.039569121007393945 0.08387358679045599 0.09158773146571074 0.051585708720274855 0.07281276553122519 0.0362686134761343 0.06300739437784268 0.03880846235007868 0.0373237442956589 0.041618761297925445 0.08307956415110555 0.02862710599201464
42 0.03644707659980558 0.07232963602022136 0.07128808211211389 0.059645960255940114 0.00802895009965431 0.04966813054813783 0.02433373751657724 0.053842793734513755 0.026205278787896392 0.013468140906888571 0.06515436111055897 0.04156404141436501 0.07754668818022264 0.0862747270839754 0.042808998407920046 0.04463630066814477 0.07374595300796172 0.03911571425453156 0.03775249151627187 0.07614293777429908
43 0.05881088161186968 0.07458920922350662 0.03317718200130506 0.08591391496298671 0.059430570846988086 0.0842302546639025 0.004268280214686898 0.04298817855795418 0.07989806844149161 0.08343638840901818 0.04224501600598952 0.04508361767464451 0.04644297279872291 0.0012431508345459028 0.054654866821699885 0.02363490875030205 0.04995641828552414 0.03380838344902465 0.09425389609949676 0.0019338403463400762
44 0.07887243666110473 0.09270689456243758 0.07700660463560426 0.04211335004313821 0.07555079332071754 0.048948076963216736 0.06061263235994589 0.005774785353432865 0.012789155988698661 0.03923356704050572 0.01549591789275841 0.08358288745060263 0.023221032952540167 0.07387027486207244 0.040366492090720796 0.007478915745951854 0.024509876467519415 0.04783814260817459 0.07129406323100934 0.07873409976984802
45 0.08551918268585304 0.03246681046413169 0.07275601007863222 0.06175010935699984 0.0702841927767898 0.05546597106814717 0.023714582108867094 0.08598994252497862 0.04284848720029647 0.01195794299893671 0.04208440233086903 0.048197904376138155 0.04739899107721547 0.03399510849045578 0.0008758032804585875 0.08430872431209034 0.02922449819045444 0.0698431077229143 0.037413473933782984 0.06390475502198838
46 0.003064903799504395 0.04501206424783682 0.047656710051143705 0.04978353565349714 0.0759150610008942 0.028106112312181165 0.06359244398360739 0.0813219998791671 0.02881982769591389 0.061306938898749545 0.0029880130168494145 0.06429010912523729 0.07532722076312472 0.037576094279765035 0.06448031016124026 0.0743099859267146 0.06891790255540226 0.05546098205200161 0.05598389882449268 0.01608588577267667
47 0.0703499118065497 0.028590851655504478 0.05940780868047286 0.09934535325871512 0.06705243708230356 0.04409515333445606 0.09358134600186296 0.013890767299324645 0.04031089392622775 0.05797442569989894 0.04254873549855735 0.0676911310670094 0.09029983930271049 0.02090939613070927 0.018492525757940623 0.029189400922614683 0.011174613621077262 0.0004640737649957254 0.06367416197694283 0.08095717321212625
48 0.05278281579951277 0.1023028672195227 0.04441058240060814 0.008374342363837722 0.054912424318322335 0.008297318377180028 0.0489526401590592 0.10096917810248014 0.07687907134208552 0.00959575836085708 0.020988645660537757 0.09715946208021431 0.004833906813400596 0.05037361649489498 0.031070034129061497 0.11222855641372523 0.05631805956775559 0.03094722195283738 0.03364802183699966 0.054955476607107145
49 0.08045124159327285 0.03980752999402978 0.03619131880527213 0.06050442808959776 0.06507401414862483 0.11716371089352762 0.09300912118393027 0.017298912429656844 0.07239101097002869 0.012812651107382157 0.04945819940175633 0.025271438134096415 0.03800328604131108 0.052182004808558856 0.06097326752452501 0.053892136728841564 0.06392580497135171 0.016120809892809236 0.001352485311067406 0.04411662797035968
50 0.008012166756538113 0.07029730934838223 0.010451511038360945 0.0646962241728054 0.020177085268508595 0.06859606054195093 0.09516547975144633 0.09304073489259616 0.06564717542816331 0.08329918878405512 0.01929145847745251 0.0044265608915347344 0.10535327517695665 0.07283525221182308 0.0558243164494217 0.004689416973250397 0.031936643785972 0.053523578986364666 0.06517240386371376 0.00756415720070314
51 0.04230862008518371 0.07292127847040736 0.025758094898467185 0.06237363069044656 0.028677590437964025 0.06287312314347941 0.02201709054094482 0.07928289112511926 0.04735257099809871 0.06208258740134944 0.010917118425446553 0.08198617091650069 0.04406926749573042 0.06594884278526249 0.032218331192436334 0.0390789482818776 0.055140392312499086 0.05240477196328615 0.05257114952764047 0.06001752930785977
52 0.028067431806878596 0.042560567994114694 0.0757522336859972 0.07004387790849127 0.09780744444817337 0.013645447126258531 0.026122235039052744 0.08752179271536237 0.04745439001126432 0.01985173925992009 0.013488764333167556 0.08216084499171729 0.053457980662367365 0.09501321638102034 0.04588333012934869 0.05290802902305484 0.0269452095233402 0.06605020875551329 0.038507950865415884 0.016757305339541395
53 0.09179882173041297 0.08364127951219762 0.06107436903057977 0.09079491400799264 0.03745492257364992 0.029528691374916538 0.019279350359546848 0.06541787819964781 0.030584709281579244 0.08455627375860099 0.06807248888874293 0.012864468814349045 0.01557790645588504 0.04468617299590701 0.06724464907390902 0.02484652969178389 0.028947517113270496 0.020905104958323553 0.06260463844761215 0.060119313731092666
54 0.05843740879897058 0.024159214015281864 0.07332907341742446 0.03560628257447821 0.06808378591598709 0.03948502762783605 0.051754132715358496 0.07448162344409355 0.005231599121817687 0.023378643514848012 0.004961988322894263 0.08952781111462238 0.08802909438668188 0.0956248246829503 0.02133154126228223 0.018579888926141888 0.08731612430472911 0.06106552763787216 0.05621105707280617 0.023405351142923882
55 0.025686311052917642 0.07520942345963404 0.04436893926606663 0.07603933608731171 0.04816137849977523 0.0469825922204374 0.043153858923531865 0.05496066029217013 0.051163527575257564 0.06796609938961815 0.03138005467358521 0.07233039762474627 0.06626548113487774 0.05308952578954555 0.06676202624524587 0.06639304740831917 0.05744596522383954 0.028433874030382746 0.010933315564229162 0.013274185538508313
56 0.05144678765003938 0.025709618427782785 0.03651479272660175 0.058671581451052675 0.039356646199573346 0.055171584928446205 0.0702111869546231 0.07165178943700766 0.07904109649865941 0.07767677895605393 0.01957745930508729 0.006727615423551141 0.08242209798095627 0.017706574952233742 0.060450063424766554 0.08941590418472105 0.00026179113629935243 0.052161647298865604 0.03460015704096337 0.0712248260227155
57 0.021742155809373165 0.012817153269721666 0.005539310346921366 0.04819341461175984 0.07928668584308315 0.08625201163093658 0.11139592007610646 0.09178322922617538 0.009203635240003482 0.006454719247513231 0.10399875303395953 0.015404094112450131 0.005463208476500222 0.09784308766730387 0.07774643297357153 0.04066406206584194 0.02523680686617118 0.08526774361689884 0.057383795087577384 0.018323780798130962
58 0.046522053617532165 0.0340902925248244 0.08980783512083312 0.09626438733250502 0.054615415826044976 0.09850843304814755 0.021382313910317564 0.014145258663314486 0.04770798109174657 0.010432306453328351 0.07197044081103342 0.06194589019597219 0.009876467476151904 0.019425248436549688 0.01965013550777699 0.08114763604273162 0.0846455989576268 0.00041794150804124423 0.07605595159041974 0.06138841188510252
59 0.10870318722801113 0.04530759350481537 0.04576411195140762 0.03304260788566954 0.09285248695486441 0.030771924593219133 0.04748342853507509 0.03558046752003172 0.08995524630802695 0.023270558680615245 0.027415477936122458 0.07350979800287402 0.05304904310897734 0.04967192734477968 0.0519887944718787 0.02857635308356664 0.08050281701588606 0.0017136651718670098 0.07766103266163689 0.0031794780406750557
60 0.04714411689587763 0.0908943016770768 0.07696540968675934 0.09908135732610646 0.07878723454606769 0.0085831456963305 0.08380467650844807 0.08669060370016651 0.005789112466649646 0.01937972287775797 0.035249620008813556 0.013478887900106196 0.022632001953757457 0.013834902957004057 0.05210813626899242 0.07729453802863333 0.05609963669256622 0.06698445518968874 0.059394692541394435 0.00580344707780294
61 0.00759197820087298 0.020010395155390548 0.005480201910654657 0.0648324307725452 0.07783138165039113 0.010179951987705745 0.09487265097493668 0.09625486257652775 0.024316155462590583 0.06090542664489077 0.07877024358189216 0.03601036139011281 0.004402732482402741 0.07636730690987881 0.05349852929095978 0.08028237685223666 0.036461863312200894 0.024874298145402915 0.08199795649022171 0.0650588962081854
62 0.04159878159671972 0.03821840354150449 0.02053263964220452 0.07817055786039236 0.02678672769886417 0.11336218300455948 0.02990452469640861 0.06472850960020843 0.061758373254844935 0.02231494051714326 0.07356169293100526 0.042474538910989415 0.0815119511082128 0.041247722710342154 0.005027751199104436 0.07456490193165724 0.04790148778831664 0.04565232791925437 0.040672905108803725 0.05000907897946413
63 0.027284385194682074 0.08455495900568709 0.09566291712796177 0.0463978278905962 0.05122913033250874 0.05733324660831661 0.06511176174839198 0.08637583099310334 0.020387555674153082 0.008646109117797902 0.027936881134426668 0.05342752224955565 0.06883529299579465 0.06519485248931683 0.055453156695730955 0.004276804711975184 0.012257682267287557 0.07730091425915787 0.08215183771863202 0.01018133178492402
64 0.05108273481069369 0.04256290635497543 0.05195524449043165 0.013366457843256688 0.027446375474006083 0.05683445017082014 0.047531173313560444 0.06088802999606043 0.02855529228826541 0.03731851446949352 0.08096884162683754 0.05059869008941178 0.006294329668630031 0.0837774288808271 0.05576227349688969 0.047269564180266135 0.052371952184395235 0.08156999731183284 0.07438815242994401 0.04945759091940233
65 0.026882358854400466 0.08180155138532018 0.010225215342076885 0.07238676730925221 0.022392099417072143 0.0651331971744406 0.07333760985757683 0.0921840379594434 0.07747685146713795 0.017926097908711698 0.011158883304526185 0.023244449056536946 0.08732758263139877 0.023062871846863498 0.06636072641067162 0.03570745149356727 0.09283013492566232 0.0020337163788071012 0.041013794135930495 0.0775146031406034
66 0.015350573829967512 0.047637042333226576 0.055452134895992974 0.04877148177580265 0.014849386075174288 0.03620783879827291 0.006442920473351971 0.04695386405578775 0.09257881608496489 0.041877695621219686 0.018613909119809747 0.07147144557582377 0.09160317605165062 0.05884425269510253 0.0922184497509379 0.04583921128418842 0.06876889006987143 0.04979711626435169 0.023773895697137993 0.07294789954736461
67 0.09730793215125814 0.04876582917225893 0.08696547322060044 0.07632412402356042 0.1029772924937693 0.01499789359977319 0.0012282016509159717 0.09591735304529342 0.005315291524077578 0.082232177476878 0.0475649592609606 0.057202002353542385 0.007296384421260678 0.011457656211300841 0.007420952529596278 0.014005738635441753 0.08252655099668905 0.09604778114741319 0.028474786583583236 0.03597161950182683
68 0.029387545851321407 0.050906648302981 0.0790464587855713 0.04112374713498484 0.008908768154087072 0.07290480135547232 0.06099041935983986 0.09129752848823437 0.09826890616423893 0.03111298945253298 0.02606507599171124 0.05693425776413332 0.0362587788854793 0.07883074283595007 0.016817277261098034 0.044812196906080695 0.036279280946320276 0.005683278759595236 0.05191856952488929 0.0824527280754787
69 0.038436039367442214 0.07641192588186835 0.019404589946672338 0.015725854278408787 0.0137178013652907 0.049672101872983355 0.05872206388836582 0.10512423830861753 0.05288235420061034 0.06889027613976723 0.12706380274044624 0.024362009369264838 0.08123984238634752 0.1146199884210474 0.018480535677587367 0.06582067319521108 0.003914221779087295 0.02286759028543526 0.028723487168449798 0.0139206037270964
70 0.09278093878252013 0.060248578785968135 0.028812245344485513 0.02385645774795301 0.0897005286470444 0.023613004602819034 0.03477281442923478 0.09764462891935255 0.10053159119655829 0.008911788285036864 0.06931159138927996 0.006459210527759481 0.02480518555405346 0.0643912668424938 0.020850099719311805 0.07689369365403016 0.01610032458254306 0.015612146364266449 0.04528978783280392 0.09941411679248507
71 0.0850754640803197 0.030994743518796955 0.05072853888860297 0.021299673914752487 0.07172306196473281 0.07070727206818393 0.060856294965218 0.10605116651749953 0.08883568673051546 0.030451108423027205 0.048201802523847356 0.02549285073374702 0.056123436431362396 0.004375466580078072 0.050125882370720555 0.02162693627935653 0.014600439754410686 0.08070023099677495 0.007769812013781847 0.07426013124427136
72 0.04801653138623229 0.03197020040399677 0.07002913185889757 0.09374317265305064 0.04305480152371807 0.08888015143029193 0.022545221160744075 0.017750855942798547 0.02756255686701455 0.035599217533566166 0.028401154677365554 0.05878955796163086 0.06402424360521708 0.009000720431208921 0.08382157738236443 0.07370618380223423 0.07604459322107661 0.08267626383813752 0.037169152043274936 0.00721471227717903
73 0.01229182417411316 0.02429085035228198 0.10424650927170101 0.04525484775932497 0.09555125521336076 0.03921542511394789 0.02276425892125777 0.01693214849650784 0.09815761324031379 0.023780594887681826 0.016136595265667433 0.07826434404451812 0.055949112958076364 0.05523494699364533 0.06987992551583648 0.0003375442663255333 0.06367150639468583 0.05090814060920677 0.10707004986715207 0.02006250665439522
74 0.002908901277282286 0.043945770726186766 0.09683063056201882 0.011731915271517141 0.07999370297818734 0.026774899805243422 0.0699391056597605 0.09130095789504764 0.06529708102266552 0.05111237066110554 0.07655596233522943 0.04497999236682741 0.03970768389788278 0.014454531895131708 0.07163005378508581 0.004844559577527924 0.03957288755933075 0.06926432235029538 0.04591947968938988 0.05323519068428407
75 0.014876512081477541 0.055866386511376716 0.0045580999218060225 0.0705490728975748 0.017461393114671417 0.05667949554397306 0.06210896367903451 0.10452133315636973 0.041833911839154934 0.06820409768835071 0.07359262486105876 0.08467679259791577 0.1018713706723542 0.0003565419582969262 0.06338431334541278 0.06218763605879732 0.0044757773391576414 0.0045982966666587395 0.03975116665855375 0.06844621340800454
76 0.0613479958852198 0.07371628524274348 0.0037853899800023667 0.09495049927674924 0.020632871812927004 0.07336571077880445 0.030495180228410464 0.06781399760923708 0.04935879548159723 0.01175144178377646 0.03956372300618222 0.07130633833060863 0.08335661280763837 0.02566665068837941 0.029693369232807413 0.07896238796406001 0.06892635963123832 0.014051714332324864 0.06872075631454208 0.032533919612750935
77 0.01743706805358343 0.037901851212063256 0.08112810796105398 0.050419497699479475 6.462039560470653e-05 0.07743149634832357 0.02520431943681229 0.07170859391411566 0.07187429560342416 0.08513476556771722 0.08312647812429731 0.006249407404468883 0.04293537236294216 0.06470776555314038 0.027012611762276817 0.04158253627875022 0.0636040075669741 0.01732662275993848 0.0670815556753154 0.06806902631971865
78 0.004078842426118509 0.0205176700488916 0.05729469446107496 0.1011753257485974 0.013709594813450647 0.07044943237337735 0.043982058823133226 0.013484839276374096 0.06493821382864118 0.05450203252464947 0.08567976322747348 0.014409114819295138 0.03910370005458122 0.01018514211924448 0.08338010174366539 0.08815161280528291 0.09546584664351365 0.016045220035955144 0.028514048202652718 0.09493274602402753
79 0.054658874692889325 0.03239935769986898 0.07161021188946888 0.051275524068699924 0.004801115328121226 0.03954867927917661 0.06825943400010036 0.08242869242357191 0.0384489169189233 0.04917411820588148 0.048390762745485996 0.03263254009512911 0.03477290206583434 0.06322473302836636 0.0061079176134111075 0.09772992704771899 0.08925798538570272 0.09098513352601866 0.03032352469908808 0.01396964928654261
80 0.046676420389856296 0.040790375762796934 0.026898109783177675 0.07250482508848209 0.04749025318711127 0.051516183888634326 0.08319417356583424 0.07811491638620485 0.07872409272258254 0.10877007560854397 0.0007221349830174287 0.003398466475788904 0.0027335462753691935 0.016956675050345715 0.03699454710924067 0.05872496090970097 0.0877489491033727 0.08873471535492819 0.04614052850239682 0.023166049852615042
81 0.039451368405620815 0.06804922069699404 0.04949133606062554 0.06631908713507746 0.060030793952158275 0.01159853053281119 0.06028538348686089 0.06313251377864995 0.014292158057808816 0.07437386816981348 0.03265290918616865 0.043212347644345575 0.02265700797613207 0.09314946720654035 0.05008365293032593 0.04973016235233675 0.036811247056008904 0.033322063013845056 0.0626540936351426 0.06870278872273373
82 0.02817091193960199 0.01993869431566297 0.0800184162743379 0.08476564317766982 0.05832498074286444 0.015586025676042866 0.07339683997670256 0.061525141436887455 0.03911528625489736 0.017672244364809818 0.09873972955814328 0.0035903984750527305 0.0721179513630374 0.015826580161886684 0.07582600560523203 0.08110140362292671 0.0001593004009818663 0.061987960569881456 0.10973174047702065 0.0024047456063601425
83 0.061434941925816104 0.043102907815002166 0.0862980510211252 0.06662824015645513 0.04710322419392498 0.008812619923319583 0.08409624664225766 0.03178786604857131 0.028757060129993017 0.06892282549692612 0.0028488149369821757 0.038466393003943104 0.046705740894171156 0.08406939840038093 0.004356222246268606 0.06802982657573525 0.02378329076402787 0.03126373299412003 0.1002180269238244 0.07331456990715539
84 0.05226909387407893 0.06597009440995807 0.07036134429632106 0.08489289864405895 0.02755006731388051 0.08245630932394868 0.0702219502482604 0.044151463364813945 0.05404267541095806 0.07047067786993065 0.06776314964062886 0.029705833753109454 0.06759438953592839 0.010969662791909815 0.0040557742006770165 0.08891544482276365 0.02463136767657458 0.049190626459252415 0.02724438483618128 0.0075427915267654
85 0.016577714010108185 0.02017877693399336 0.06351852447489059 0.05728726866473818 0.06091741762386442 0.0674787420875735 0.01425650377104173 0.03066889495486594 0.040307398967446596 0.06455886911071913 0.08325159851239777 0.03096827297675456 0.04886351028729679 0.08834990160017829 0.007108209832489596 0.05726967147126167 0.030349262921183177 0.09032283521405544 0.08154881601086764 0.04621781057427355
86 0.007585010550451118 0.06856614661549995 0.06651336043945817 0.06725279715027428 0.0842525198624567 0.04213645046815143 0.0266406591725377 0.03091505359242119 0.02854721659587968 0.035184724993318005 0.04695161165244412 0.010347040631674962 0.08566668346627923 0.026862022311036564 0.027349321859418678 0.08495187240805313 0.08335110238707874 0.04683735064464672 0.07494057668128597 0.055148478517633576
87 0.039500815739105626 0.05137733708940135 0.08240629297496081 0.07435468305215896 0.06259316664324498 0.02168171499029986 0.051988800755455505 0.06588151407422203 0.021265238259978253 0.05145407058936676 0.04667626576639439 0.02185817755511462 0.05148253612904292 0.06429024965133909 0.01371336045384906 0.050431627759851 0.08025886667897494 0.030766101279319474 0.0307184721464019 0.08730070841151866
88 0.06575142930547383 0.05143233755617772 0.05459538391541929 0.01007588840088911 0.013006435753034718 0.002781024151314028 0.07251301689021458 0.07166984470527289 0.035484356438410254 0.08193862547427 0.05544247259865727 0.03350147215872722 0.07143847718763872 0.07225554650613707 0.034825865981342574 0.06409847246272161 0.04813501712738114 0.04535647547807399 0.08527216339074509 0.030425694518098935
89 0.014878439761037102 0.059146078650457456 0.06748544034944144 0.009779416729519876 0.023014990150048494 0.08628442977020058 0.028460303693356465 0.07408468840163669 0.03182923886994873 0.03573047641446456 0.04722384471546338 0.08593365604350156 0.06929780354307549 0.07941299292742048 0.08682044333880032 0.027357615068575626 0.07214091847010463 0.017299835623018935 0.03764887803602727 0.04617050944390086
90 0.0140326290092248 0.060200188563394735 0.09727771847716629 0.05174442725365032 0.002913554197783677 0.08441299789242074 0.0544030548927741 0.05447126419054325 0.08637256227455521 0.02261371167514006 0.016839454882402884 0.08685328467205108 0.014513765642309025 0.0875026007641239 0.03754748942774854 0.0694457009057788 0.04554353867376869 0.00994252677143172 0.07578336189936172 0.027586167934370374
91 0.034609892058735374 0.018572172662988166 0.024533808925558714 0.04666064433588733 0.03367833962062854 0.0746584914028261 0.045340940764460755 0.08815666642783357 0.058875368957037426 0.08739796386555769 0.027539142844839694 0.06025163188908115 0.050913273794773686 0.09172988733780443 0.08748234732719426 0.059870924029801216 0.028127913831867486 0.029220601381190602 0.012710846200656692 0.03966914234127718
92 0.06025848739800781 0.02090708388114084 0.07163503092850755 0.0392055119527159 0.08352377978006405 0.04356343790002984 0.057494240891556025 0.015601012701477712 0.06022974352556901 0.025703979061172697 0.0029311477918394723 0.07590434824066362 0.0694011336065275 0.038964969530940974 0.04468861801195308 0.08471376504329711 0.005263272038724099 0.0784964140809394 0.07467852156702336 0.046835502067850025
93 0.11052660792130978 0.03309531872973677 0.08055874278174156 0.08398726083965652 0.007900946937543077 0.014470820617037436 0.06195746401985209 0.026536729041116598 0.08820486551524903 0.08463429049153058 0.024491035967506847 0.000529157396221554 0.08255137507779373 0.0968453078443373 0.07710537942837117 0.0026701115575003226 0.056470486519251094 0.04241688935810939 0.010557599403141868 0.014489610552993333
94 0.02342487698442265 0.04834253080934975 0.08078836539475913 0.02108169398772398 0.07864127145761014 0.050231582015662704 0.03723214104236861 0.06620100707189613 0.061814610165299225 0.023724440781603837 0.051912434937229114 0.020803660486246076 0.020184716086521733 0.04653225360790519 0.0021423367750331 0.07631941895470423 0.08772929293747644 0.08120356867210493 0.08934558110838058 0.0323442167237023
95 0.04495029462815842 0.020283463194635445 0.07999598143578386 0.09814998328743317 0.05530164753185376 0.023850744737327335 0.015812693099279018 0.06802898863819298 0.034064571957629665 0.027123105557131832 0.06446900422843865 0.03618239699734274 0.13871765123067287 0.013369885788548218 0.06384479392489065 0.028086058781584475 0.08978137624616221 0.057764289394842364 0.0035922255951328203 0.036630843744959646
96 0.04127674028767264 0.0012804909515497583 0.08474554096543846 0.006475230693902551 0.10677083222964891 0.0732814412229331 0.10039920401389518 0.08073806964541938 0.025227332933633974 0.0992701963984494 0.008932783982104245 0.03783137301223037 0.0031182978419001116 0.018572646353387366 0.03240994323319155 0.07184475611079232 0.02512024517365049 0.06119278653401114 0.035271465227684144 0.08624062318850476
