0 0.012477790498043841 0.039068056062895797 0.055411014378484294 0.10600833816082823 0.021949347950886742 0.056883499505846355 0.01015547129096775 0.05555068252620649 0.012112054399543833 0.05035680402017625 0.0343822929993218 0.10384547756277504 0.11176671240906881 0.06970577820702588 0.051139260703687676 0.01564695630495649 0.06919818605140068 0.013327526809035864 0.07607912818921692 0.03493562196963138
1 0.04869005818384689 0.031373180747526035 0.054661060691447376 0.07211331260297346 0.013879187794032858 0.05002197265243688 0.04791119740285768 0.01522381606759506 0.06518707507831496 0.05973880408540387 0.0741079654036488 0.020432900093580324 0.07502822012382007 0.030199612634613262 0.0604873488965921 0.021026888288129188 0.0639215463284422 0.053262044090074755 0.07043315732240472 0.07230065151225953
2 0.08161284351275987 0.01784692774073567 0.008964446041928796 0.018469675785587017 0.09793462106185226 0.09786560615338981 0.038800850941126654 0.02381195068271502 0.06640134382791761 0.0314041840983093 0.0553725269770791 0.012340189345858567 0.03284072941740857 0.007827492476558458 0.06385954077656561 0.07567033370533727 0.10082572055999095 0.04761013034501216 0.022943928247136838 0.09759695830273031
3 0.12096783179556334 0.054686789046116645 0.07378036320172292 0.0009634758686674312 0.07698664125126065 0.0617411052408883 0.09610080044232161 0.03146097125105007 0.05566464861812209 0.044508152210940566 0.007829267106155304 0.05744512722697148 0.03520116942992635 0.005047114370860095 0.029402608503463868 0.050183679269860906 0.11200759503216837 0.034126732675478735 0.030867108288198417 0.021028819170262964
4 0.027652209008399334 0.046552121949350746 0.10691879607474333 0.03896586576062459 0.004481596936122244 0.006025932384660606 0.048407190919134944 0.005662754466391658 0.020463153516403532 0.015295099775234099 0.06329125798834578 0.02470877159950931 0.07650644591772726 0.08002393077654987 0.0494857226208897 0.11842579071873195 0.08556516617532689 0.031443885783290416 0.14532585468189835 0.004798452946665418
5 0.06239451083360336 0.032860056530905124 0.004843710366557263 0.0746476649858483 0.08371514219620597 0.12247956940604574 0.06845658490400366 0.03024769926269908 0.0054796288454050475 0.1137400690325602 0.07464139617216164 0.035625408377748094 0.029364195909490465 0.053710876796941365 0.0010054925588677992 0.07771616263760714 0.005748911111147732 0.07462896835489514 0.017200527359359546 0.03149342435794725
6 0.024714650576483026 0.01304377915791255 0.029360442550302072 0.050882142604469056 0.07662645226805251 0.0711360672633486 0.05367780294032529 0.03682110110006006 0.027129786804344604 0.014392373125933606 0.08332657365881109 0.08320277294517939 0.09046013591990174 0.04468342743653768 0.08666935531711017 0.03868924849097355 0.049693529753412485 0.007620194607575717 0.0318018428328442 0.08606832064642252
7 0.005203926853834827 0.06807150709993294 0.015087930911341516 0.04239668675960432 0.07789594806015285 0.062453745538372706 0.08512596787521261 0.07835727757792153 0.030046784814857664 0.04156438701886449 0.018089484097955775 0.06099626566158869 0.033678969827646996 0.054224068421233486 0.07652207374945363 0.06861291585118068 0.07997939812837201 0.04812969473152692 0.044994383211215606 0.008568583809730855
8 0.08204430023296043 0.0034285073227664116 0.10706131313189438 0.0804984349855419 0.032514154050234195 0.04886112197439087 0.041075907570307636 0.000172592325691765 0.003954001991283319 0.058121573762841175 0.07658899042765296 0.10653657186150028 0.030462566833394884 0.065276061249045 0.05081019800610255 0.10676568543990385 0.03709146610617397 0.00578683742388943 0.03404332311331275 0.028906392191112382
9 0.0026746714637705805 0.04260603470284492 0.03187311503580851 0.09185658651433505 0.07324793814520676 0.04740430796934086 0.07308642657420832 0.013629857614511819 0.013449302926345238 0.05861259025679561 0.006702356681774623 0.09071257360851535 0.0969849607890443 0.00747009104724487 0.08996342210811036 0.0012856119777061746 0.07974093561023485 0.09201051438960088 0.026696387715116156 0.059992314869484684
10 0.03567326155945098 0.05029338913679453 0.09689661239805851 0.062141735084111444 0.045328744016709104 0.009366480018325128 0.07123058938329059 0.07080963146509661 0.05798093179557455 0.0291067755898456 0.033796327405962286 0.05189350565535277 0.07017035784711086 0.043543675434970466 0.025776078687828052 0.08795432619549734 0.04510979299385257 0.06526009025589247 0.02372119733403648 0.02394649774223987
11 0.07608502490927242 0.03908079772320976 0.0019510323177275321 0.06013847548752104 0.05613797493265669 0.10498507238238157 0.03202611507674548 0.06133182166790848 0.04812632773648885 0.019084112532762997 0.017364074047512997 0.02631732526577225 0.0366915900704095 0.080972381386981 0.10146383696709213 0.08222129612894988 0.02212680140389027 0.018499095491221904 0.029250789709430382 0.08614605476206494
12 0.05545317551744639 0.00765444306271153 0.016045289040782205 0.09414019775664548 0.0775955623749289 0.07733925819004864 0.017912254961344014 0.02974661233933476 0.06253035864913968 0.06928984916937547 0.006195638273501522 0.001213653828996071 0.09485020850441242 0.0010720634217782341 0.03610075034831826 0.07061662627578115 0.059034657482655795 0.08233836506107417 0.09815813202177416 0.04271290371995128
13 0.09186048071551373 0.09285201417632458 0.02893574699049697 0.002243371313630744 0.03899274860102554 0.08674675636143943 0.07025368254444209 0.04992799682473028 0.02281464699847793 0.06317521139278708 0.08726145288191911 0.0008865815258619411 0.053898775590978006 0.03835902241091847 0.025065858411346884 0.027664914414790083 0.020132643145426864 0.08595440359285905 0.054850813277524356 0.05812287882950683
14 0.08093229565673622 0.07894785739216809 0.05197230221173759 0.09791146000719697 0.04433377178752198 0.0021343489091373144 0.04438312909028686 0.10039682271404994 0.054211298767907194 0.027641792659387474 0.0028300839584619567 0.08947594914951547 0.07205852775368495 0.031129262215699168 0.07539215016063647 0.053671614212784755 0.03886266663555451 0.00433435975604979 0.03894869632645727 0.010431610635025951
15 0.039154538041534896 0.09153887224419727 0.0880421097261374 0.05270205190885583 0.029546486611545953 0.08704835487110851 0.02952064475933439 0.10465901198290364 0.027245812762801233 0.0142934037345743 0.046008426113729406 0.04855601204755962 0.007849586428296487 0.027350302477079612 0.00336020385189752 0.04793796375410602 0.09691983539540822 0.06932860166122741 0.07609583626546695 0.01284194536223505
16 0.060026125617825526 0.019579169794833196 0.023055760603957035 0.0612224363826619 0.08477876246595402 0.04001389871557595 0.06743541215719066 0.020056706242108677 0.050788562598038926 0.0758268192891596 0.059329388009792115 0.0727971880381391 0.08819708554466264 0.015721511938035476 0.06923695917054097 0.027357780700929674 0.03532029935594361 0.05145072897511774 0.06948261682955786 0.008322787569975182
17 0.06681391542350634 0.05167903001583426 0.10640980697659479 0.049591828885179205 0.0359605453605874 0.06167964522454535 0.053812090524008774 0.05074703092855893 0.016893828046334856 0.03751143863135129 0.047363022826055326 0.055943680441271335 0.00117309835413526 0.07837440313206666 0.013343453103164283 0.050495967074891714 0.07490018216479741 0.06873539270630782 0.010647893398784731 0.06792374678202427
18 0.00348492528198918 0.08943717960130315 0.054112580590254235 0.08167533880147176 0.09150724504360395 0.13491766487550133 0.011631894566301176 0.013886395241168022 0.053944445065651304 0.10766001287483398 0.011707965799305643 0.06077286999415932 0.0026984920350118834 0.02918876853599157 0.01642350243489224 0.016884201744853406 0.05644445534016964 0.03972329152590981 0.019881076392752987 0.10401769425487532
19 0.00021629347291585038 0.05703081919745827 0.07378924467635672 0.03828577161140065 0.004681308163817077 0.024765984603934265 0.061452103970932766 0.04106219971827714 0.05784155652884889 0.0578075746474851 0.022076892372808816 0.04587687685210933 0.04152833026869593 0.06090910462151876 0.04528656513191952 0.09367681426674862 0.07326205838898968 0.04784622723788993 0.07255435118499054 0.08004992308290214
20 0.07479169175686579 0.09985273561514672 0.05277168205974306 0.09670214745525817 0.040932982006276736 0.05690220983313117 0.025959769253120584 0.04822420026950759 0.005877350828502543 0.050764104415518034 0.015449107899513231 0.01371796667912389 0.0800637822528726 0.05798588657639244 0.05754153905951855 0.07121336062687811 0.05388993474335298 0.07043632898433658 0.012008080886464937 0.014915138798476462
21 0.046049064801077406 0.0073451146462538645 0.021052144222831144 0.04897440811488989 0.014094614994099868 0.052206385462905465 0.07068497607104868 0.07841412695405126 0.08898225596198794 0.027669531797547487 0.07819830205612545 0.06138725139904835 0.0006986237175024142 0.0867990147272479 0.08799301079086094 0.02048339991529803 0.07376914495364226 0.03951059942323961 0.026113554802258916 0.06957447518808302
22 0.04177010040334064 0.05254829313000132 0.01118460643975569 0.05457886865234792 0.010927415391629593 0.02284369124451688 0.08925612456057029 0.053715614431990764 0.04959748256350645 0.09397535227033087 0.09396395111832695 0.035956098110908934 0.0443383953495428 0.04455256313380358 0.04677992136339161 0.08699719634386445 0.05031659270926579 0.023579024305960507 0.03226746187157966 0.0608512466053654
23 0.03923308469509075 0.004759625629661984 0.03246261202874879 0.009088554500214167 0.09359159363088831 0.0749032929669457 0.01028498727826339 0.07822474820658394 0.07190571722752352 0.07083361822993997 0.006308031720228103 0.051847122619441126 0.0603746648482786 0.05100570763129818 0.04168707274031243 0.09415863819973713 0.09020078874283649 0.08356491823151464 0.028970541139488437 0.006594679733004204
24 0.06380080503621109 0.0325717922276876 0.07602857314848466 0.06460793002134407 0.055698549637077856 0.02642659133160225 0.07923026439825168 0.059358299652187946 0.06404813039705601 0.0024003392019125796 0.02192585696292121 0.05857583340353975 0.045155559405195285 0.036606558077812976 0.059740123939278605 0.04410441219671657 0.02261004586632926 0.08072106732401146 0.06455512128257967 0.04183414648979955
25 0.005350197224187017 0.002585069007295499 0.07851615796485804 0.0874191015160449 0.014775236247810847 0.06419545668959083 0.024166672479092068 0.06926821296656568 0.06798615304626437 0.07429997715085232 0.057332714861241724 0.03292596140582503 0.0009713094434244984 0.08500011282798477 0.00392927084517308 0.0810464334972585 0.09681016627575155 0.048215927379521704 0.06275780660876235 0.042448062562495115
26 0.020855805858784843 0.023190117923609897 0.05083186971288317 0.010837801550115728 0.07820483739921212 0.07420800066491237 0.02988257587380426 0.07748772821659969 0.032669271262367905 0.03866005371241341 0.0027241896689919496 0.013441829354850847 0.02606132812524638 0.06072271493231238 0.05631239730777762 0.09717202980236195 0.060915538045359624 0.09393048473104915 0.08653582085069135 0.06535560500665523
27 0.07413600049618502 0.01672992340389331 0.035663097485911475 0.0612315075375372 0.06951542447197939 0.05000746006699763 0.08424522995036558 0.041423003672478594 0.06912892195912092 0.06834469298810407 0.05224235384879056 0.03567613787440415 0.019889290351912243 0.006228236906934786 0.01744218247303942 0.024779957410809562 0.0658824947317731 0.08838501830093712 0.03443670494806275 0.08461236112076315
28 0.004205034422183685 0.02908517350267547 0.09320910093075145 0.05386538102838831 0.0120200268263859 0.10253242897894037 0.09851720280451302 0.06930352058254863 0.03609001448811426 0.0573023025601339 0.09171196982696304 0.09695726540254296 0.04004739631664457 0.015967745962760415 0.005441630748650034 0.0314510282669233 0.04783351247912112 0.0010128140150949946 0.04533121358161184 0.0681152372750528
29 0.042975252680198923 0.06370765463650001 0.08844114650920883 0.05836150195437668 0.011761943738796002 0.08427669980035737 0.08095857530074942 0.0020830644299883218 0.07794843752015117 0.02690098060909109 0.06337431381205913 0.03186025580227263 0.06944530152661534 0.06499939207309892 0.08933117206403653 0.005213974897343781 0.007921383633471403 0.0548587963261632 0.03583408408193401 0.03974606860358724
30 0.06535008741672577 0.07777757329064074 0.08982488713356965 0.026365784660376736 0.041340335084559525 0.07586855731094 0.008278559780135508 0.03824457933329249 0.050489793761995874 0.09557776652708669 0.07633209488567315 0.0011492538839610494 0.03720414345712731 0.03576971398064807 0.026820053112043614 0.0024216046564874798 0.07987791622249106 0.07130124724957385 0.007755064580908534 0.09225098367176277
31 0.035862131959870404 0.01762785747569095 0.07877612298363738 0.07877621346198535 0.02793129162027176 0.037862836324088794 0.08440017610731429 0.023053436303726704 0.041476743548656964 0.08301601903935975 0.042967630297767005 0.05821431792520329 0.04939156101702707 0.03927553218237457 0.02138507757554173 0.07674084087821402 0.0007236204823386927 0.05071933297074393 0.059911335892666756 0.09188792195352055
32 0.06214282033619493 0.09393330749278647 0.004251091724381395 0.09942475079452599 0.0803871438588214 0.06956080079079656 0.07520514370379643 0.052082392196601296 0.034791171352435035 0.019550813459396098 0.04588001428099506 0.0857670684589674 0.07844773880302042 0.03648460480256212 0.062026522023029114 0.008354285841774082 0.05733903918395831 0.016255909105973188 0.002965882787976755 0.015149499002007991
33 0.023261848791185334 0.0995321132783633 0.040018912815977234 0.03297701566016346 0.09283440448284946 0.0394727635172014 0.08579579052858029 0.04865621500471322 0.050353613436232514 0.04118914908403829 0.024860767045865886 0.03823609865238604 0.05984747100188579 0.050324095711883864 0.09682628912673975 0.01220799860532403 0.014926882494074036 0.009797432738718376 0.09749770414297962 0.04138343388083792
34 0.008706045039867816 0.08668691656917961 0.058956130774278935 0.09105988771674946 0.03351969961857804 0.07818734555131804 0.07768176511753401 0.04079056661968578 0.09137072369708987 0.04884982631145691 0.011417621523700535 0.013908751571794045 0.06661629068521079 0.028469583884770614 0.02593418333563307 0.07553569695591429 0.022071727879299757 0.07077810368959307 0.011669978558764662 0.05778915489958073
35 0.03588760951045787 0.08438406291061998 0.08582334617025549 0.013149618475434392 0.04293478770826001 0.06967606171688152 0.030995681252846824 0.07798459213840744 0.05868747605494621 0.09218784636815441 9.718612282433265e-06 0.020870282642662892 0.06853051512133439 0.038813884995732795 0.08311327775746008 0.06754271542888528 0.017866228163398813 0.0368679807073402 0.0294335829474674 0.0452407313171716
36 0.07992344852544589 0.02139205257491422 0.019846938362549985 0.06359636901860245 0.006296438268749295 0.02508953715681091 0.09653369703839891 0.06281479168345035 0.09651550828115843 0.006570083014404061 0.005648245626602407 0.02090680525683115 0.055802376833507944 0.008128943579194418 0.08628460364011212 0.08721860866381714 0.03619164183826501 0.09410397955786479 0.07862372873197103 0.04851220234734965
37 0.00662331797492045 0.06903966636356988 0.1070775768046665 0.08576140407477827 0.008051101462025288 0.1079230673989406 0.05699234453724759 0.031703946921066734 0.020874564052604367 0.013374127265048628 0.07548454204991795 0.009614714039095555 0.026463022127556534 0.1040057096843663 0.07720489619121222 0.03166615268194477 0.0389653977909187 0.023751308140795666 0.08003699038009342 0.025386150059230634
38 0.062055946219574554 0.049615391500483844 0.03894870076938452 0.040624299650039476 0.05237303165385125 0.09987844272744653 0.029139983690821932 0.06970117696998201 0.0209532309249676 0.06787011728307919 0.01614591239296534 0.012170881399866369 0.07284105083587847 0.08145250795756097 0.04341779529883911 0.01697069488506801 0.0713906727131369 0.05809307733809806 0.08605527313041714 0.010301812658538686
39 0.008581965093915959 0.09578305935796985 0.04948354598394616 0.024206827249831978 0.07802354054685201 0.0638968066200932 0.07991019856362903 0.05669804965722677 0.05601873430695956 0.04689065896034619 0.029817620535840188 0.0040523276063650455 0.09310767931445002 0.06801011462353011 0.05970781737317022 0.015888947472850242 0.004349651752680614 0.08307514185953341 0.038671654320195634 0.04382565880061389
40 0.04137295285242504 0.0023318799268746207 0.05533293377168361 0.036151021816710344 0.05875621082478602 0.08348004728483041 0.08177870785873433 0.005543652970943503 0.08552675279351604 0.08303787289835433 0.05832315088677069 0.016004456902526127 0.08025062419685046 0.04388623980268308 0.0340580222364317 0.03864312432496593 0.06607848819613167 0.011550021678293302 0.06837444059464258 0.049519398181846225
41 0.018301423362998233 0.06878171676559537 0.038974715292710196 0.04761285326183141 0.06599990831616714 0.07594321876671052 0.03046602851897653 0.007005658015073035 0.07465233182590363 0.013067163443845077 0.07092120951746085 0.08404429318266585 0.07493478738579712 0.06014182100618187 0.03504958024508809 0.0188408291283789 0.04524982298958493 0.08319566501469591 0.036993374909519594 0.049823599050815626
42 0.017199604219379674 0.07241845432308294 0.05977159785950388 0.0441045697475896 0.0639908384649444 0.01624350350141933 0.03771343335478024 0.08189002959111953 0.011140823328837809 0.059190258817811835 0.08188903756040944 0.058444211589160966 0.07199537326428893 0.051216789599537973 0.06518827707226543 0.03863159419698846 0.03711487412377568 0.05378434459190579 0.07360109282505538 0.004471291968142627
43 0.03970814336266864 0.048134727411876514 0.1004400458100516 0.06696622427882588 0.009490934350875595 0.08199785389932285 0.08354449249130567 0.0603288554718768 0.03813280045703584 0.030059440617760568 0.0130967914287893 0.06269281646765017 0.021406524170250307 0.08248567747909953 0.03217161382215164 0.014685886684680984 0.030072750669998663 0.004787443059719646 0.09927269473002077 0.08052428333603921
44 0.05924011780230704 0.06367683989815445 0.06930284912891516 0.03935854173154727 0.08620080315643701 0.02638976386115688 0.016006264224608605 0.04241897541811154 0.004145907821067611 0.02826629643363979 0.062116662784747194 0.054232099961369414 0.011646785548245749 0.0782084771461489 0.03311213262411634 0.06854797177038557 0.08823588293911976 0.049627554802914135 0.06852582345206257 0.050740249494944864
45 0.09238580365162409 0.045991962868687425 0.0850407263226089 0.046073540123833974 0.010107283369381785 0.10314265619494313 0.0023832927506265405 0.028549569270621827 0.04590177422667666 0.059362778835931995 0.05558096137303397 0.013186410351035852 0.0325452831878005 0.07537783487968261 0.11317515641921586 0.007657597742623402 0.06350297866484661 0.0025087003722580087 0.016068969244738142 0.10145672014982833
46 0.08197127945285146 0.006789848060490766 0.036407648704570306 0.004808930213905416 0.05261797761639409 0.05486050188994275 0.026357906478399317 0.08380808951832155 0.031246286866316482 0.011051041043846396 0.07142288159031537 0.030103172990852647 0.04418943282173041 0.10142691764329266 0.07568677268425414 0.03662417688175676 0.10152359109618335 0.0767945598152117 0.04873966451545449 0.02356932011591009
47 0.03622840015930302 0.08983980519439894 0.07440521931516496 0.08506955835617619 0.073714766769687 0.023146090731946813 0.02812786310112644 0.046043173788019635 0.015481425541868966 0.018402306192694073 0.06354421346242445 0.029921463288824054 0.027608749963298127 0.0583555747398993 0.08727364350161451 0.08625094335633156 0.02482921534325784 0.03773845943303299 0.0776875059503306 0.01633162181060061
48 0.003724822840811864 0.04807847426232956 0.03007876571135914 0.04186830061675716 0.09106997087815583 0.05392773314596399 0.07779380043761373 0.08956526565036661 0.07118211965142153 0.0507539256304023 0.023020850215023907 0.020258481238230798 0.061458895659152114 0.0008816348573921143 0.044200568439489954 0.055930300547345435 0.08538513647446398 0.07337722451710159 0.008775867600666233 0.06866786162595201
49 0.029931812501003918 0.014886330859962335 0.07300365953940327 0.061659502075451476 0.09921093973871059 0.045175920043662623 0.061636983463237115 0.019227580970191786 0.08302009191003172 0.009784343838254743 0.08380706856960966 0.08777273084664036 0.02873342804428579 0.019840500513081602 0.06267183811257329 0.048903035445164465 0.031730560351897294 0.000726876628174178 0.03570522539411668 0.10257157115454707
50 0.09257708950909228 0.045778161204570934 5.953104336898784e-06 0.017076735904175907 0.10098506408601148 0.02699555253927284 0.03269509587708584 0.05094198286963456 0.044980991030388565 0.023656474111698085 0.0008721599022707277 0.009679089195521235 0.08014044709287499 0.0489497326595354 0.06775110845740541 0.10691991375751547 0.05092222068181519 0.07506355627768706 0.0192530500000835 0.10475562173902371
51 0.06358996821255804 0.053008413218860954 0.06373307887370164 0.0018266898813500644 0.006956236612463488 0.06157872903667904 0.06285988908620013 0.0329508898852122 0.04527197298114347 0.08141521316012176 0.016503874632429166 0.07740234270221268 0.001036663932726825 0.0448467823952793 0.07611057673446084 0.07557180159595957 0.04861967972898539 0.04013320279425064 0.052016524528357276 0.09456747000704756
52 0.026291911631230548 0.020716001475035547 0.04349339982157 0.028185661211649567 0.009089213205114893 0.09421783203402387 0.07804459733955904 0.05963787275294072 0.04489599101899901 0.04189303223811742 0.010031006728172379 0.09156958030973802 0.07862341677194987 0.08758512452955163 0.047371677709800046 0.00663901512819441 0.044400675973189155 0.08069593404496592 0.05824790790126439 0.04837014817493361
53 0.08378778813203418 0.10066579196541763 0.036294769983604154 0.07853521969352818 0.016505554235523155 0.0012561566647050684 0.10219231161152521 0.09527706719388941 0.10086396332298417 0.04605453999450743 0.04036198012212151 0.013732257825714555 0.0073268626922225865 0.02857677622918157 0.053675263615683824 0.03523670561562573 0.04821202958611245 0.00600119231070089 0.0290886473192856 0.07635512188563257
54 0.01041455525032971 0.0450462087931776 0.07632819451790956 0.008552109665381466 0.04561677677412731 0.002461277161869302 0.015857234564273612 0.08033735073791477 0.06938777156957014 0.10662781246375869 0.12709577322086446 0.021543320292451103 0.04811790725997727 0.08443772143616814 0.004858623803873318 0.126474254899362 0.043967617251632195 0.023123510691328356 0.03548248547511696 0.024269494170914226
55 0.009080382679206021 0.07557094859652132 0.07662775744406308 0.038707963252537655 0.05190547768893444 0.09343975737175143 0.07929458751294749 0.060883499220370375 0.04197934865382496 0.003107187965812502 0.06811542113852347 0.043714656673320376 0.01137123228090017 0.017782473148504653 0.0455238914440132 0.08527386440834854 0.08987800087852325 0.03746932920187276 0.018150100250742773 0.05212412018928123
56 0.06527407222943299 0.028761139787370788 0.04266453876761069 0.09341550096705671 0.06081071515139973 0.006549123108392718 0.045765292654984704 0.030096352723712663 0.03336883382500977 0.010722222968563526 0.07539268668977143 0.03478996272833108 0.07363649505538673 0.09010954496949171 0.056170646317236644 0.05592720619731597 0.09103193193587965 0.011090337331442985 0.025841646097055766 0.06858175049455391
57 0.10131374379745828 0.03662544834498572 0.04051099857037199 0.05861415052164951 0.10246904672455566 0.06356365800915971 0.04519792752119185 0.06890953543829062 0.01261887943659628 0.008647086962598026 0.06876668401781523 0.009410816085930453 0.04290498741331889 0.061519188271625495 0.036193936388736137 0.004231575227266301 0.04443723269994002 0.018160162640006205 0.0917974194095926 0.08410752251891097
58 0.050625131956905975 0.04559453220659472 0.016177231879018178 0.03153608576857011 0.0024703013039722365 0.03214366329475477 0.04483643301665723 0.0824326991721247 0.07421812660830922 0.05884957352631443 0.020858002332675207 0.0770391579247768 0.013281946794772325 0.03748699879112968 0.05911608759237871 0.05424437736916343 0.051345571614187464 0.08905165385701452 0.08428360943794265 0.07440881555273782
59 0.02850293913095091 0.08084373630112615 0.05543371767183491 0.020041540305840065 0.023714684919885202 0.0630342506334333 0.08584330244870171 0.018045512160767888 0.056662470865190356 0.03816311413243789 0.09146906676563261 0.07484584859578952 0.019961604641275745 0.04115744865326487 0.005165049954525263 0.07787991235264055 0.07038024925870513 0.03546414219780691 0.07579995731161333 0.03759145169857767
60 0.036056244702547265 0.05098286969385013 0.0923570409066462 0.03192196767992989 0.06622856790714556 0.03807930345176248 0.0009128057405231563 0.09598147896468505 0.029514530215914315 0.06138141194482434 0.07350296125016882 0.007943128775315179 0.027407777477314134 0.061419472218178145 0.08481102681957786 0.052443026374585804 0.03898610954304392 0.06229077283179476 0.026108780413687905 0.06167072308850486
61 0.07974755682002581 0.03983271629124126 0.04657887793609449 0.04455822873893585 0.002579239590222756 0.06414797850583452 0.047709647747588325 0.07381298398450216 0.04414874811467135 0.024596700210859437 0.08203503463289442 0.01737241527417363 0.0809469989580597 0.005775374428177119 0.0653899703098068 0.08790010091714355 0.0005704790929583107 0.08890762802561081 0.02711834332022734 0.07627097710097235
62 0.018738482352670355 0.06091537014575296 0.03334088900772283 0.007151240673430911 0.05151015877917327 0.08524633185042041 0.006586661199812787 0.06766478329508832 0.0925356014244874 0.05573558673964547 0.09451146965246827 0.030941467276270375 0.07882128566074598 0.04427766324200074 0.03806455296052493 0.016048851642089884 0.08518580902101372 0.015147260936759228 0.09531496645440035 0.022261567685521743
63 0.08106483419028943 0.0713501598486095 0.11589620783922429 0.016632975775080425 0.013149982209606344 0.0598655669835284 0.11416222568731797 0.008526026422147259 0.021149174935094685 0.03209890474799377 0.05364122877428974 0.0021346874574994087 0.025335102378653145 0.11779430620656646 0.06638223954976576 0.03093930914181702 0.06210962934808709 0.08311122379463272 0.003696758018108932 0.020959456691687573
64 0.06900415061917982 0.07508060628524436 0.058395292542959075 0.02817092739448118 0.00820052580641211 0.056011143376636256 0.012749888532185744 0.07445812765034891 0.041974830876230954 0.0765075965553427 0.025791397680019465 0.022709763016682934 0.0747153281261821 0.03989245854875892 0.021791740643220803 0.004700136018951256 0.09279182635939082 0.09624753267160022 0.018680547916136686 0.10212617938003557
65 0.014075669400576883 0.04368678980166621 0.07975750444840568 0.07159538734114841 0.03271263496082876 0.04815500163837044 0.03489086224931732 0.05218544510093795 0.0384462754803031 0.08188144650851766 0.0663137709427569 0.0495328194684454 0.05359864012498878 0.026419704561754704 0.06691788924012376 0.08326520750935446 0.07148037422964681 0.018188860538469076 0.024673131599817755 0.04222258485457005
66 0.11006994760349963 0.04059610344826272 0.0051676273087077635 0.02971355526068656 0.021581440625631592 0.07032279512444042 0.048203015341665476 0.0899628729209317 0.0022939352700480356 0.0037414419741904803 0.050472346111251204 0.06975642354321694 0.017864838980456182 0.0350818391579003 0.015706339425773163 0.0854019418091516 0.10165660491895018 0.09950172509160167 0.06412579986811244 0.03877940621552204
67 0.08615166634500365 0.11326967897908766 0.006700474807536589 0.023162806891496517 0.032735670824126276 0.08063119919349857 0.06718977574657554 0.024912796618384858 0.038449486225764655 0.08254195642495073 0.07450978393884362 0.00630145032847104 0.1207671886826792 0.08506597989542107 0.0281308756446644 0.06916784901673341 0.006420071389700864 0.008126568621207838 0.02888910231306333 0.016875618112790102
68 0.028051289457888665 0.05588399216174698 0.05892039402446601 0.075929509344196 0.04914771130605939 0.01405182099637778 0.024438571128699935 0.03418988174351947 0.016766561537756974 0.08185748549331358 0.058503384493278965 0.031522234659558335 0.0946057426491395 0.09087309363087814 0.008183179307810248 0.043419926947915806 0.05158863078786532 0.07627302440872726 0.09283412476498272 0.012959441155818818
69 0.0017705535390945821 0.007536128922760127 0.06774798472701807 0.03747482783831267 0.09570466877635588 0.04785882610854499 0.05073641135143629 0.019226149191906555 0.04029671695321649 0.0465948011559219 0.1088163680099668 0.005512888244542703 0.09067013098592669 0.042247236036571725 0.1012792072946971 0.022870203195083594 0.007406658468538556 0.0353067517090855 0.07368759154146579 0.09725589594955393
70 0.022791986881799214 0.006340685630385487 0.05201243552910625 0.10283484406898591 0.009252731201497583 0.09601530215498096 0.030810479636753037 0.09395487042532118 0.018559169837326008 0.08114002297028476 0.004211312028744382 0.009010189621489228 0.09487147889972448 0.049298808511937804 0.0006391957530872997 0.06894154579706546 0.10112703746270922 0.027484346196271832 0.06484182421962009 0.0658617331729097
71 0.010776614933827129 0.0862606492404558 0.04189862091101173 0.07023971395627235 0.05785617692157192 0.08456927837423431 0.03648469600088667 0.015129936930318498 0.045752253676172756 0.05877968372827702 0.07088743283036744 0.024923999719528876 0.05898340222087246 0.08184186233776003 0.036410931274588096 0.040485304288449264 0.015382830328955696 0.033442874842738064 0.06543304353001111 0.06446069395370098
72 0.12621911889000895 0.014427177240184419 0.03841278176378922 0.03421667846106355 0.002984554779619328 0.11385189323172856 0.0226916252110618 0.026055921787605296 0.11210943505912524 0.0851772601749782 0.0197491257388924 0.024954969785231863 0.008746748778287955 0.04193539470971425 0.12003763697528815 0.025353586974405574 0.0025820629231420563 0.009287511296876555 0.11349782701930478 0.05770868919969156
73 0.027240379359451426 0.04968290686468399 0.07206370745501589 0.07726043202784158 0.0431329357805717 0.02771747660518526 0.021162833771179886 0.0442686527509845 0.06379397974884186 0.07299738723484284 0.05281991625576306 0.03591447447699208 0.053881540235627676 0.014164065003229302 0.06790341016064466 0.04992862484011377 0.07335335713893132 0.045466612969983215 0.02154305764003806 0.08570424968007805
74 0.041643335379672186 0.040077613443988185 0.08485254722701956 0.021558383451096293 0.0620081518317299 0.08030738019427003 0.09996107477658159 0.00273433900883427 0.056236292952828816 0.011321411328756388 0.014669668188826526 0.05829645243592736 0.06080375852356631 0.0017159166497926672 0.014884517988720973 0.06898932854421488 0.08554603021371934 0.12616699333948816 0.05952979586409862 0.008697008656868024
75 0.05687512448120311 0.004049593105601206 0.09196560891657875 0.04535613407494893 0.05650448684367594 0.038640971087352274 0.04370448839930733 0.02760290953638486 0.05868213044985063 0.04676614790992734 0.013074528795857975 0.08805269948816495 0.04547867400487825 0.02583888767437911 0.08353329947360216 0.08023797166308942 0.0509100933289032 0.05079694852034645 0.004506040970884594 0.08742326127506368
76 0.055890667100386926 0.05841805040270266 0.05795057869717128 0.0475687002710588 0.08292804448275286 0.05903140075317103 0.042348878685914595 0.04777378381749418 0.056736001327786244 0.01187751847388263 0.06262925367501393 0.01394209003332511 0.054553734289419224 0.057622579044840486 0.06362546611561981 0.047377438018802655 0.03634556213583995 0.07627107631453683 0.028480421455566965 0.03862875490471368
77 0.038228649996855636 0.04124022400860851 0.05655636371479856 0.0398394840772498 0.07919193855546866 0.04129436293537067 0.05158720571057881 0.019015279776082722 0.02007206284300101 0.051185417131548575 0.06437255100868491 0.06950278883449335 0.004088535932987833 0.0405077511230826 0.050080670886687086 0.06849587352369525 0.08114988647793492 0.029552046503867963 0.07381300800747836 0.08022589895152478
78 0.028696690577880317 0.043680591233729894 0.013073690898844298 0.04398477781743316 0.07719826665091362 0.03429271121303165 0.02515623452965501 0.0752453978465275 0.045706505467118345 0.018764322061539072 0.08325746017213626 0.045856616174072384 0.055579123527395115 0.06172167552232232 0.07137400971273575 0.028272732283440325 0.03480691731688408 0.08416124868662288 0.0445628673331452 0.0846081609745727
79 0.04574806359174543 0.05764295832381346 0.04181523453285514 0.06995978969358964 0.07086387459810449 0.08085468688780688 0.036967798792210335 0.047220310695671654 0.049449834521030016 0.03500836646392362 0.07959239755687603 0.0010873602577042977 0.0817281952485752 0.049084923216463815 0.021853861814433356 0.013557319156664745 0.015059001721084707 0.06920172156058178 0.07988809371166196 0.05341620765520348
80 0.1035715760927362 0.04485507142080129 0.07322783915681706 0.059753622344644194 0.060934310843830115 0.0941763672223812 0.09836690374955796 0.014509456881471884 0.033954474414479435 0.06068603066644405 0.020412814913253283 0.06906340233973719 0.001974720089632925 0.03962782853896634 0.030313980022441227 0.048490842258498486 0.007364833949687256 0.08017156623286384 0.010814113013315118 0.04773024584844097
81 0.06758133323132562 0.01070051623900234 0.04255741039072282 0.05845016279664267 0.016650354049648337 0.08474428966180815 0.08038552048739304 0.042001181130568034 0.08360846401042946 0.04311873917743307 0.07893283238624305 0.020100930809132906 0.05977646957563137 0.05587659886870905 0.016605060991036077 0.026931412545977824 0.044668237157247694 0.02230702314697305 0.05959238082617514 0.08541108251790015
82 0.0758774780576068 0.08425172473775507 0.07195479744419256 0.08220466393826298 0.09132558227832313 0.05920804818729823 0.0673248144904699 0.016788237540683072 0.04495674516117458 0.04887235073947708 0.058695697340265404 0.0641981276116897 0.021412585879971805 0.059624551959414615 0.00580898366243197 0.025011771483082246 0.09128097496766606 0.0156241764144219 0.007335508065014554 0.008243180040798492
83 0.07560600039753419 0.07640160925264262 0.02018497156746826 0.00039600349047951006 0.07436906767747929 0.07700511520164949 0.04473463040580762 0.050157326811737686 0.06437326327223289 0.057010890934173254 0.00474011048572102 0.044791663057693144 0.0640073870136971 0.03554575784911737 0.011253139187299121 0.07030127561847133 0.08257139184832472 0.03362694488271664 0.029179820680327397 0.08374363036542726
84 0.0690259892826222 0.026360887412592127 0.02500857338038992 0.08188759257629077 0.02980179077283589 0.03053867508022931 0.09860373748611174 0.01205878603847178 0.006504313897834923 0.08062651900718393 0.06471690054099813 0.05173661241664156 0.004310945037128976 0.07249380726429996 0.050678235455630695 0.09986484431810715 0.009111678255599092 0.05667585402027966 0.08304935274228877 0.046944905014463315
85 0.054430855732934595 0.0199132819637481 0.03099091418661543 0.08533721178929211 0.06428030336286919 0.006899587838006683 0.06598443077738228 0.06823031839146222 0.014147944702481685 0.04960187241597358 0.04342354192433004 0.08529912052748803 0.00375315163827762 0.044833045112317296 0.08314576701362623 0.07627362248008654 0.07524903125656081 0.030961349018232966 0.08609633420188231 0.011148315666432214
86 0.04096769503180639 0.07374121434995395 0.06579789216050695 0.0071250173773351405 0.012504248184998392 0.07026742591604261 0.0589631078716735 0.04175854930040903 0.0472241338105414 0.07258218316093273 0.007710682770878828 0.025290161394548205 0.05731289352664203 0.06095484260135296 0.05412164420678179 0.05101910564888017 0.06552636674013118 0.07442626145243322 0.0453263934134806 0.06738018108067066
87 0.06017524295564766 0.07789317449314297 0.07547787889920422 0.060368748320474605 0.03406402901013482 0.06122882357346387 0.03645393047647775 0.023906758619082934 0.06790697616570852 0.029858095551451098 0.04560420915092658 0.06963157709696335 0.031198571955361958 0.07120565568293026 0.04267347060116895 0.042058596745480965 0.04189184033831479 0.030515320394010326 0.0762162386376664 0.021670861332387843
88 0.0585224321988159 0.07274491923452785 0.022385481690684897 0.061962122675245826 0.0475392084524312 0.03402764712677547 0.01174369053776616 0.013036291336054214 0.08608430323049297 0.05411744875853887 0.02743327492789569 0.06444076582338233 0.06902203692838499 0.07151629134773244 0.04935216849309134 0.08548318475242156 0.06671152584357196 0.025799734064942223 0.017161029152422555 0.060916443424821685
89 0.08192620779154594 0.06923488149616999 0.07628129482053521 0.03854919517207168 0.07240682711175059 0.07424399517232255 0.019802273396436833 0.012711086649586536 0.03129011310359153 0.027614823782639672 0.08417056465429311 0.009005788678428628 0.0721099785024017 0.022443109856820853 0.00187512325710964 0.07310998217384708 0.014882789078917793 0.08854255938688987 0.03973328859011188 0.090066117324529
90 0.012927220308557157 0.0405626269820849 0.08196333356097679 0.06629736208358059 0.027158924256008327 0.08646739652717507 0.009388347139110888 0.05795230359812689 0.027851957059049297 0.03499159870493996 0.05122541281118021 0.032481844233897834 0.07940234711909529 0.03501278205892745 0.004150842882812464 0.028717772207589972 0.10281151763287973 0.0819537405243243 0.07741704196535067 0.06126562834433234
91 0.053660590175070605 0.030300761079438278 0.05807371195399414 0.020989330074796198 0.028546042106896163 0.06596188314885253 0.09466664925680114 0.009831447182068565 0.07291655539384981 0.08953936861886001 0.005704956287366059 0.018046647363963515 0.10445839017861468 0.01800639487566532 0.04203076688985165 0.015473772079576965 0.020556800460473854 0.052898211702317004 0.09003926558806392 0.10829845558347956
92 0.01789846550794076 0.08423551469162356 0.028479307887672275 0.02019460666506305 0.006883343946303351 0.04201129674144879 0.042618838130728434 0.06795925589492195 0.09205103563510161 0.08019504728614651 0.08835790010374049 0.024193471035583034 0.07580027633375994 0.03080635055000295 0.06270292387873572 0.036318445631472455 0.01690320619783357 0.012549248618567802 0.07424016789426731 0.0956012973690865
93 0.07115207954697013 0.07241530116703805 0.028923876730466036 0.01490727248734314 0.06805235376640205 0.0486687550348861 0.050272634770834435 0.07970480574881435 0.0725786471349167 0.08511124735452835 0.01327759573964235 0.00869183803155372 0.011252446160954102 0.08298684790229163 0.025072482396990836 0.07461875378788364 0.07312993549831345 0.04357420698572542 0.06605266980403178 0.00955624995041381
94 0.0919920000589146 0.009936400275488104 0.039384975243345687 0.023969987496542996 0.06328095448669437 0.07699844310045112 0.03716384702917832 0.06836640543805989 0.044808595679938855 0.0328420087342225 0.05759791846399918 0.09242202571330445 0.09546079508962108 0.05559619768555027 0.006895334187542308 0.047696601888211884 0.04251039205623772 0.008482097807857155 0.01985834893849849 0.08473667062634119
95 0.021765808248840734 0.01919584289613871 0.1090991285769631 0.08105186205843559 0.09666937978487242 0.03909504231102902 0.050733376584237606 0.10448980958460806 0.043211359655833954 0.042489326154562586 0.02755563721824987 0.04248289040540383 0.05714304656581644 0.04660210430777365 0.020758127169964634 0.11444514682516045 0.04917949217468821 0.0006127955601796839 0.00598810976170322 0.02743171415553829
96 0.07779141839794995 0.020938137861544623 0.08112737575744305 0.07820135010872052 0.05868166805735145 0.01709989927139816 0.07290260691927056 0.08263452233954596 0.04599120296687085 0.04932656261256759 0.013292348245551948 0.002203625057979448 0.0030161283242469425 0.047431940299500014 0.04129210611834121 0.04176413593940497 0.08069587394045535 0.061779928935941905 0.08080976084806282 0.04301940799785253
