0 0.03539461069236749 0.03544999712608857 0.02958206916586362 0.126144146193767 0.020800790632782503 0.04376656204505813 0.1266533374159178 0.021088319164320832 0.10058647142338652 0.028380958462525505 0.05391065125173536 0.011424850045542088 0.025880410536413267 0.026633473621745687 0.036919269257428874 0.07904195254534252 0.11369898793149959 0.01933137868128518 0.02253931461441138 0.04277244919251801
1 0.02035770938606378 0.030400115213380468 0.07066818862221948 0.08001557286949644 0.10003898713829318 0.04029846762571715 0.024431366184064832 0.032832608109262744 0.02272739115516466 0.06348935029062171 0.09932258262658043 0.09133283277407286 0.03259785582952402 0.08075737377267705 0.023943468391967912 0.0710898923260226 0.012393248023472725 0.0050548530018452355 0.01693242773965219 0.08131570891990048
2 0.0887878115947343 0.017738077881725014 0.08086814598013445 0.05996676602792225 0.05558399489264784 0.01861784681792296 0.02595728061122339 0.039507775371545296 0.025413089129749104 0.06119108396185524 0.09793745949315324 0.046741976245140884 0.04794805667872673 0.036855278668035917 0.0180498007826099 0.03314844614642883 0.05718821107360195 0.02589442523942606 0.07705641695247883 0.08554805645093784
3 0.0954047331097339 0.014385757870914293 0.030848661516653907 0.03124187045668946 0.0911096577597217 0.031776550609045315 0.04976426734771662 0.01297645520646669 0.04225970907717895 0.04601429565833629 0.0509584421767146 0.01767357524362377 0.0021864691486083495 0.042154970239042834 0.053548051806714736 0.05226238973546273 0.07750606026149769 0.09764287092035728 0.06681376148120913 0.09347145037431169
4 0.04936488286635253 0.03878909133798906 0.08059860637245926 0.03824346993177372 0.050303069916810106 0.08081665813528115 0.04092069597940562 0.08328836933850683 0.0794951243024042 0.025341310288631787 0.008796663270124166 0.05210145676928313 0.05229472953211136 0.05502664599679756 0.03451280178421236 0.0787635972907546 0.01303859015766774 0.07823446410486352 0.007790141192869412 0.052279631431702014
5 0.0012378079184404592 0.0915065592722732 0.05554384648038965 0.0874148030463639 0.027147520263757326 0.07007078754664611 0.03597383387255967 0.03146066836010779 0.07412870335799707 0.03577143580225134 0.022877420673355308 0.07510147353106723 0.09004278264216779 0.032525473746209635 0.021565137214054887 0.02983762478484675 0.004055473214492579 0.059960507353416445 0.05692217294136042 0.09685596797824272
6 0.0819774669178078 0.07488809088588938 0.06113736408855325 0.023522272722722726 0.005623352147130325 0.02757769979684779 0.061683666036217166 0.048402488845116255 0.005903446431696032 0.07544947668404259 0.08468720716024762 0.03726571664620113 0.05538719573825582 0.07027054086682735 0.07338091405720458 0.05561651133925576 0.029159641959327527 0.019348612721437574 0.057503163321495646 0.05121517163372362
7 0.017388625514122968 0.05415292832071226 0.04755186450250409 0.0755526911584909 0.08712772446361772 0.10248250790086759 0.00313203759023849 0.0880230659364061 0.05411990043502731 0.06854592534162908 0.07939528189646375 0.01766732960284409 0.04589243461871269 0.0366135391644251 0.05166375753719161 0.0074515233658432435 0.045845199540189584 0.032759842966779876 0.05602755313342106 0.028606267010512405
8 0.054000684199253676 0.06068394124172261 0.023958229998130687 0.041009842704637374 0.09068865013211669 0.08790368237544854 0.04268504188077432 0.026922295429795517 0.0595268176165619 0.01118940241387087 0.010137314266904314 0.03661709301317343 0.029316505052881015 0.08443151118546334 0.04560311130062324 0.06881703056058426 0.050320527888331114 0.07920984066881684 0.061591317457624646 0.035387160613285604
9 0.0612928505825978 0.08245292350704181 0.05960233906285759 0.05646004738551677 0.01898750969703534 0.0673749024591306 0.06970716393059105 0.0027886209908669496 0.02408053447270655 0.03429479469799427 0.05609285958543949 0.0736818578891447 0.057985845309958386 0.01200830296508097 0.06760832154019066 0.05076909041723524 0.05763201027217262 0.03552439887704482 0.05856399022305759 0.053091636134336616
10 0.0056163989888406455 0.05273255617414738 0.0753371335392122 0.05343169072130448 0.08197893170319337 0.02154320658785186 0.055547650343340416 0.020529812512179727 0.08468725577911351 0.09699628020361623 0.059970319356321466 0.05594241664185718 0.06772607202782242 0.05594400333726959 0.01229458617184251 0.07492954514870624 0.05271075258078307 0.017439462425387686 0.05019726892263921 0.00444465683457095
11 0.007816732824791393 0.038178505844012715 0.05830470505215099 0.07529973233442587 0.04067610697691459 0.048732837416535356 0.026796112483975277 0.0776992390710207 0.04871950915513071 0.02759462800027051 0.004006797308326858 0.05307112315640351 0.08907576469430079 0.06349012809257848 0.07230297455407815 0.024680979456845758 0.05165261130792934 0.05829608566149912 0.06502149983659393 0.06858392677221593
12 0.06951245305055134 0.061474641725992527 0.025192129001900546 0.07120612299338477 0.05226084165269912 0.06351890906520594 0.04261402536858242 0.03191628987160272 0.05687184217379698 0.06247442718289318 0.06286801213130397 0.025192969706806945 0.0026136777347810806 0.04760591768213616 0.05453128245898836 0.019616206592260273 0.06346317158757869 0.06073262391417985 0.06392112736723563 0.06241332873811935
13 0.05252666281407452 0.0046898177989362615 0.05612538744438074 0.03232947395741829 0.03581249877797665 0.02216769767353894 0.029474465975456648 0.06612522276491645 0.054489924887403715 0.05214877178145695 0.0479498035846326 0.10705511148728329 0.05581340536734919 0.08952936084361558 0.027351736156245244 0.032952067493461266 0.09038190210263797 0.017559913024523584 0.058210852594199565 0.06730592347049276
14 0.0758419648963927 0.054293085114879264 0.014190853348879507 0.04832816033819596 0.046353020291880175 0.08620012126759712 0.08351187386924284 0.03601483388924847 0.09143357486106286 0.05038402982957627 0.025614242638357095 0.06491842949133103 0.02910824706259273 0.06287052979185302 0.04748262046129641 0.03447363306085527 0.03128349927506389 0.030939651857764847 0.03995524755849744 0.046802381095432916
15 0.032778349585886275 0.026624519613162735 0.06782041576580576 0.012801194006310518 0.02757921097750431 0.0794149915266335 0.08516723232098343 0.02010329978277307 0.030796945979182123 0.08840337577561078 0.08231139555516809 0.01588668989075531 0.06535913626947548 0.05666842837086874 0.08729952323770344 0.008067716252963406 0.05725275041815658 0.05076641194588785 0.04890036411796445 0.05599804860720411
16 0.041461834437517296 0.046432325715728986 0.047671291172274484 0.049096815726990574 0.07918192663074192 0.06980719843351654 0.050787125254219266 0.02688015397924349 0.08421179203460415 0.07121595955175611 0.045656226017889115 0.029601321742226516 0.06493065365332573 0.02652667613189074 0.038411063351965265 0.049919565873549815 0.0005661140827258429 0.054562719051162965 0.07884759534240662 0.04423164181626448
17 0.01135066404416013 0.06142347628197524 0.042284937774200344 0.018621099609428184 0.08834519163368576 0.06862916995965457 0.08273106089560701 0.08109663498760636 0.06377846182903076 0.025618508033519893 0.07583234350466422 0.013729621542869542 0.023187614827117974 0.028417688442291224 0.07224977166678671 0.0415156917856117 0.04755001709551786 0.04544577718044565 0.07889052559917138 0.02930174330665526
18 0.07288718517597757 0.06689987796061819 0.07916189934783897 0.06398798969216699 0.051598794720706595 0.07243201212792218 0.03307284568479969 0.07223029377715119 0.04687003896472133 0.04810285227976929 0.07853850481211645 0.041725492664129595 0.02090787245936981 0.018917638988809424 0.05335987992484996 0.05604571900005153 0.0069329573979730694 0.013149378140028894 0.0722615258821311 0.030917240998868084
19 0.08514419701243424 0.09220030817188103 0.018627769282253834 0.08567404126173367 0.039096223191908155 0.013265596656490807 0.03421938982822095 0.09914377226782717 0.07586299988839519 0.019372169172326915 0.07813029214696857 0.0224391156386603 0.07230283228347018 0.030481901343225936 0.053375177583685984 0.0794699183687519 0.0010927164012375396 0.019055018458244515 0.06421262181009758 0.016833939232185423
20 0.024700506950164097 0.007611961335850195 0.03831443193130338 0.032604594724360836 0.07183763319282153 0.0664322664713631 0.11491197199446974 0.06585225471665064 0.0017792830877079104 0.01876961651911794 0.002216890248820578 0.08767198320196605 0.07238617860391973 0.05014929491936428 0.07425029972427512 0.11207585823182259 0.006026544340651956 0.0730983554635628 0.06730243595939998 0.012007638382407414
21 0.05473862347734138 0.044628953633616825 0.07283499994843748 0.08654461391393799 0.035516409899544375 0.0319548223599798 0.03945484294347159 0.06017525564723948 0.05976941179221452 0.057795876598017576 0.06286014303745652 0.011587030739579071 0.049558674152458855 0.058141432017383934 0.0157009236897605 0.060866023827580364 0.03911576856756742 0.04770456475844505 0.03328775870420265 0.07776387029176456
22 0.05814736354695819 0.07082802589622336 0.05797934885767112 0.012111468864913665 0.009939768144219225 0.039909130583909776 0.10542647290179265 0.06166929127454904 0.013684692470485411 0.09592021997242799 0.10099835973040404 0.014467419640421218 0.09715639188575768 0.01591909903217483 0.024579530880370574 0.04808290122634545 0.10478452086834755 0.020105601265916193 0.04487685929158748 0.0034135336655246027
23 0.047803729871918575 0.013435199799412557 0.0430082870660412 0.047270461736473174 0.002949065289722703 0.07172725088513204 0.031916647456445964 0.06166945410659204 0.047409558933897845 0.06768626418794754 0.09683888787769511 0.04930669693986776 0.013713046600604059 0.02957180812472394 0.03629373196027798 0.10021740421009524 0.08819340724557902 0.07890932990045421 0.05201196999184688 0.02006779781527223
24 0.02167322260347764 0.09172671604670671 0.004305097200050116 0.061677080246077876 0.010818937457604977 0.10346241682844308 0.006011146216243822 0.006380763971276249 0.026903365334358414 0.09413977479114997 0.11836083769256779 0.0020516143722595446 0.053995604944625186 0.004006757618260105 0.11710187924465251 0.0056107004181398775 0.01673899781144508 0.06273610387503598 0.08224782440787147 0.1100511589197537
25 0.06731551813400286 0.042421677958641955 0.05463804919923603 0.0439037036992783 0.06217357851871645 0.09078338912261828 0.08121180552955555 0.023310442924414854 0.01608185571451547 0.07863452381004254 0.005897357291608326 0.06748058948515613 0.04102713293822891 0.02223419746085674 0.05963424952127378 0.022327243027883272 0.014662706651736539 0.05126166854023547 0.05908060687915394 0.09591970359284448
26 0.0900148244400529 0.09709819805506885 0.0830811662756707 0.008629370593051633 0.09292891772783156 0.002440400534091584 0.07673881987961045 0.007316435259680015 0.09959211380221884 0.017510016242456992 0.028606108059950848 0.03804641199280148 0.01138021082962302 0.05063525252308061 0.008946626225348355 0.057984188857279496 0.08500577373182533 0.051554219831857616 0.02745622857369557 0.06503471656480427
27 0.07485220024144865 0.05549929530042032 0.06427636280303062 0.047628264817840396 0.07723759079822981 0.08334191861683019 0.05866229381431432 0.01484956570088152 0.04196237287505669 0.011757469228212634 0.06942780083080724 0.07054966797928705 0.04461936844933822 0.029149260601709488 0.03725902492070302 0.02943687815512943 0.005990225703355237 0.046934170505843385 0.057912349140741136 0.07865391951682063
28 0.04684755933550667 0.06643632640516213 0.05313369564489645 0.08432589264294704 0.05760072187450311 0.051580308248219624 0.08604885124583976 0.012635553752005532 0.05374648445400744 0.08272524659287679 0.03938040407558865 0.07807131148160801 0.01708072821248861 0.0004608048398684636 0.08792775996250263 0.0318360966551874 0.07897817271994441 0.01503615635816726 0.043987458284176335 0.012160467214503827
29 0.08847605250481427 0.005838686971670115 0.02784972989059958 0.030527464283140352 0.0738703665432498 0.0013805581651357686 0.021516401628561273 0.10439439103138572 0.032289845808444774 0.03740316672808877 0.0435333707756537 0.021154296302352327 0.058855458435907254 0.08617348159029826 0.07531856326154107 0.03518345985248621 0.08374392087804647 0.045856644686992264 0.07792986920607393 0.04870427145555822
30 0.036841123562732496 0.07693961564290143 0.07246436672316395 0.010403607119437308 0.08059186393052695 0.01498211240155084 0.05885824983234791 0.019914414860114946 0.07580250189208616 0.06926012770488404 0.05504942124623643 0.06577676288374552 0.0009445974406667906 0.06630251047901636 0.03133006955666694 0.013452869212606411 0.03947892131662935 0.07326818537926881 0.08211240324106962 0.05622627557434781
31 0.036308540968573305 0.05382842189019489 0.1062209397687352 0.024333611461954383 0.058078202960158844 0.00946848734060205 0.06476775153133794 0.03698205180920033 0.10009342529964342 0.04540576923942058 0.07847425651130487 0.0021271122086981573 0.04489607099248729 0.01091319159281471 0.011584405906030305 0.05226168268406855 0.03701621149759485 0.08114088533452113 0.0782930964065803 0.06780588459607906
32 0.03648198186584473 0.07978897408887572 0.03614950893348273 0.07595502875001851 0.07138492489302797 0.029539362582155282 0.10899995955367875 0.03840030294041113 0.07099349456151698 0.05942380015877787 0.06597524806426111 0.03252230063533216 0.024399476308550015 0.023995176291658666 0.033204506076401796 0.0009173434419127356 0.07191496755859232 0.02850671041949723 0.013680386638867082 0.09776654623713735
33 0.0978513295038506 0.10254770588667077 0.020202335729755334 0.03486626400062678 0.060729666222102366 0.02131409799124901 0.043863307596268726 0.03181693887031491 0.08198585928347109 0.09762867667260543 0.05939081933863816 0.10156904953616129 0.024407218352517544 0.044985857309774585 0.04550798051588501 0.0030629524878921428 0.026752529205793855 0.03795720358151083 0.05269651243150184 0.010863695483409616
34 0.028419765838569165 0.07977266769596583 0.0847851127866259 0.01378657984874243 0.07897526636831124 0.08802133973520321 0.06550002742483844 0.091659110277593 0.05286153135701216 0.06529187292953956 0.06567530508984666 0.0371915852049338 0.012601547672005529 0.037306804717343094 0.005352917333738302 0.053902887850789095 0.03699530729798813 0.047033958686543274 0.041049763801903595 0.013816648082507595
35 0.05981750054969767 0.037488947231819066 0.0849862460806785 0.003529668844335142 0.013684577145499163 0.0961872069951089 0.02250603992980209 0.096764342229145 0.03226756372302312 0.07069833275418277 0.03394804942207566 0.037085545608500914 0.005030441939767256 0.005661982515751373 0.10055670166096435 0.05000065158509645 0.03244383143295565 0.09912384370193401 0.10741103524143049 0.01080749140823239
36 0.04490606791163035 0.09149551604052271 0.1028186444469502 0.0464344498303482 0.07130017168568148 0.01889695250719838 0.08397263012539385 0.008132726342585118 0.09821520756004237 0.0004135733537864281 0.06497075027698274 0.016906942637587994 0.10262670372174315 0.04933103901531463 0.08380486562541656 0.02006935473729326 0.0010635063061208922 0.033221357976903954 0.005743751310982273 0.05567578858751567
37 0.06658278806396112 0.013850658533317333 0.018445295632480534 0.07425144481411318 0.06165109847396346 0.057461921745940066 0.02479553710813083 0.059023993299038874 0.07137713544583171 0.052278013905860246 0.008136270822886283 0.07255165769209446 0.022104374062141257 0.02397430792786939 0.030713116529152325 0.07402657025434205 0.08789570803589887 0.08949992534817126 0.01903428257773462 0.07234589972707177
38 0.028528727166028285 0.07158219125133326 0.07693146645142256 0.04789223324098452 0.011412276102897221 0.03152264257440925 0.08658166333945201 0.049254024326541745 0.0592780652719489 0.08730013400028037 0.06418041150947754 0.05555062045992182 0.01859703159420231 0.07111181266603617 0.051967055154215736 0.05842153868883875 0.0537002085033082 0.03239665756469483 0.003252117115920077 0.04053912301808652
39 0.04828753703163548 0.07795680654643324 0.010115694280915419 0.03651653124006466 0.1083394456850687 0.10743125034287236 0.09825151724149726 0.005337918300875569 0.01666729235616213 0.058253607503460314 0.0548937018818923 0.0027864209501779016 0.057210204493215705 0.01919461665942117 0.0630446419817791 0.022434724673327223 0.027556536138387648 0.10066822884413648 0.07934051305803008 0.0057128107906471975
40 0.045398488916271476 0.08106090955831931 0.008907569963454938 0.07803015686461151 0.0400130827157258 0.0033646736291268746 0.04612777419328268 0.06192642193979071 0.06955705418069325 0.07934606450348897 0.03136519769421034 0.056445917583800014 0.05734387125846391 0.04979316128367384 0.05115388174299462 0.07422856470929962 0.06368124354464633 0.027433876815209278 0.04474863397666762 0.030073454926268752
41 0.08482009435674644 0.06320784059149578 0.10526239545021635 0.07145366423197885 0.0691128749579299 0.08272726515881335 0.092847853142084 0.030487128747232254 0.08156184418303282 0.0667853297073945 0.009562694318970777 0.045459549216574045 0.03798112015326719 0.01684580116067643 0.006279530333589354 0.015636880159197147 0.07462761762173176 0.02454906219090659 0.00033002679079219705 0.020461427527370263
42 0.07605734151947069 0.0019939395286106888 0.0493723328376391 0.006314690375142172 0.029037499795428977 0.07286937623784001 0.02038822726614645 0.03031514757542934 0.038163269009617536 0.017570261151682667 0.07095226940160314 0.06752081022196389 0.023126252299622545 0.08331311317798767 0.061169354434982275 0.0706823314007057 0.048001846121604484 0.0678255391424746 0.08011818446828237 0.08520821403376572
43 0.1042449257484278 0.01960809175027479 0.007338574131714281 0.011226618051940513 0.06853574215467552 0.005808749233473588 0.10905013233588866 0.11325519863051325 0.07041735571174025 0.040579669628960674 0.05969585355586944 0.04144562595889796 0.06862878268384086 0.007794419437116192 0.09189683908545908 0.01952914074606575 0.09349293091904368 0.020393752796295933 0.03199790519872551 0.015059692241076204
44 0.07282053456110266 0.104840781671608 0.08020187577447006 0.035124173348140914 0.020933575127921492 0.08066557306532987 0.03372522246715238 0.05146223023968827 0.009760974857425907 0.058204357891650946 0.09307699479332839 0.04838315249615286 0.013647300808874992 0.021999786275715822 0.05240017692545158 0.08834871335440389 0.01620965775383301 0.048932105261221256 0.049191789648100545 0.020071023678427
45 0.07053534780946931 0.052660552901784854 0.07285142373778294 0.07245043187283952 0.07285294292408845 0.04865947246765996 0.008376160175936754 0.04872664015871629 0.012288695371034502 0.08714943607529627 0.042020842322144626 0.09470956134188739 0.003006353854483123 0.00018187799165149984 0.03266477029910833 0.0237745611284622 0.04072757434103694 0.07041222375622505 0.08942202310384152 0.05652910836655059
46 0.07031222288272744 0.006899637554935736 0.04589837801570667 0.0354241018188997 0.11075095623472078 0.023505558052434726 0.009704244302936977 0.09768422919289349 0.044969465783050534 0.03467823464523895 0.08235626016338606 0.058091219047673275 0.021800314574804924 0.01864860076008624 0.0180182151742868 0.12157437267849522 0.040299119025671064 0.09462923681624492 0.022396100759201808 0.042359532516604625
47 0.09152759308990649 0.014737517692550222 0.060316180151462485 0.01024863606299504 0.006061013804284112 0.017171810354156186 0.009439757374790924 0.04276852809789576 0.03876180181357056 0.053019452702453417 0.1073495855219359 0.06461403411159769 0.07802741419793936 0.04183437894970647 0.028954222558069908 0.1072808687575876 0.015356994128257254 0.02955688448786349 0.07966443153338762 0.10330889460958954
48 0.010016383142984555 0.06076363029356208 0.0526671104831033 0.050523437518641266 0.06927187577467181 0.08981461477439427 0.00037384838571706693 0.06862793303438694 0.003392881093763032 0.06386120621401344 0.08025042470333298 0.0029685785250442584 0.05820989872306591 0.030380971739493907 0.02919774520920004 0.08757380452119302 0.03241017018043102 0.0874187407104044 0.05105838894816303 0.07121835602443358
49 0.040397120662235324 0.05646563122740721 0.057643304216777186 0.04855383098310687 0.00954658441499981 0.027093066719084048 0.0715225622544099 0.041781030497498164 0.052624540557530464 0.06220778692308157 0.056466458976120765 0.07382342558901527 0.08032016926348594 0.07672671560922156 0.05402628513367036 0.03435776753532273 0.02445124733514711 0.03583744006923774 0.07326687137633034 0.022888160656317408
50 0.06380314898606669 0.04596483476899035 0.026688855587451425 0.06679719227138933 0.08799667792727998 0.08532893886041852 0.0791330971429874 0.016403110025468102 0.028484728537099244 0.04738383870013635 0.0352669904524699 0.027229346039766962 0.0747613008551164 0.03249926379553442 0.0035171994352952264 0.07542085992719688 0.03239245502561583 0.0746804854281863 0.06866731977974577 0.027580356453784923
51 0.05717014055810341 0.06809450589037735 0.024833436529741213 0.07998889401262897 0.029486672461311578 0.05212605314302498 0.06981447962999664 0.07119312798597267 0.01001518906578425 0.058179747374730396 0.0188678732158719 0.059866740830794386 0.023432377712608317 0.01734284883044014 0.013316562067975464 0.07613027407908829 0.061741214021698715 0.08073193321078422 0.05253294798707647 0.07513498139199058
52 0.01485918352159782 0.018323627719480477 0.0878257481752786 0.04634809327080852 0.07138164128426297 0.05522326399614141 0.06349082569580891 0.01444205657019317 0.08964071348600702 0.09703424425854937 0.051235848107619726 0.08854141448887283 0.06154953659105862 0.003256609995569617 0.023514087177803764 0.024618369188771742 0.07077640190165811 0.009959881036225143 0.091206893115606 0.016771560418686278
53 0.057053464266265785 0.024059326834788352 0.05525150577242515 0.02167799919270322 0.048381043377503555 0.020393276603399214 0.011356763091599335 0.04418558918951524 0.07053692107217414 0.06000102036578701 0.06608664183282949 0.0787738114466978 0.016155633910271777 0.11194090059487359 0.02783553850119636 0.014850244083916126 0.06034406374494051 0.07216128682456324 0.048989044056419254 0.08996592523813095
54 0.0405571179873083 0.006222574948650848 0.07795515309593648 0.013244169509808255 0.046186207881670785 0.019371852177918647 0.025889477786697594 0.08942546518685676 0.0299530347365639 0.08279237039523016 0.0916649801519463 0.014265974510889498 0.05909961960607996 0.06439030263287326 0.01571711594592067 0.064160884084709 0.07856317441475069 0.06593147001771142 0.035445545454447065 0.07916350947403054
55 0.04296562829857724 0.07276603229559042 0.0932664191155592 0.008158944315981263 0.0065540080317758095 0.02544924428693183 0.06207569149586218 0.05989882827825874 0.047076946613979515 0.0553790877991693 0.0914065690477425 0.0736683319202134 0.05337890268676243 0.012018733210612888 0.028244582994041912 0.07451414199359264 0.00469676677126313 0.07647464097984401 0.09068976328107407 0.02131673658316748
56 0.032221236684273034 0.007203968075732101 0.011474588600790097 0.0890196930881312 0.0005244948836644327 0.04124513656531964 0.07778320007869705 0.03006149674919304 0.022710895064341523 0.025638572432735682 0.07803313435883771 0.0131297846698991 0.06958227250474533 0.07001915088957683 0.07790822982052638 0.06261176816404074 0.058239576685973425 0.09193921547673461 0.08023570254184041 0.06041788266494762
57 0.07388654751795518 0.02169157442153422 0.05733583725448664 0.08198201411699013 0.08886355077883061 0.02244187007531217 0.012138587132516825 0.07056032635850817 0.06574948096595121 0.04393619620509499 0.05442317046587145 0.005551161677640423 0.009349909778376114 0.01497394596151103 0.08062838307157628 0.06699025870222017 0.007253492640040717 0.07162986164054323 0.08613342147538372 0.0644804097596567
58 0.000977054393055915 0.09960822901199731 0.03966905145075071 0.03298834595217275 0.07602683373214209 0.02867036587661765 0.0020186724441228743 0.06333831903617618 0.028398219892421597 0.023217869774905905 0.018842429646904753 0.026592942753000053 0.06749243596676247 0.08317860661262876 0.06650454155454001 0.09762284602100939 0.02514489874253822 0.06197841158194072 0.10003789512377079 0.057692030432541716
59 0.029525690351650032 0.07994062001950256 0.04789249166478213 0.022286265004324443 0.04117097314056064 0.09312444651081069 0.07278787844950535 0.07384958150236216 0.07757581702721413 0.03755928400502878 0.015859150419186195 0.010411612766341697 0.040932118492956984 0.04047830902706878 0.08634573436550959 0.0745171398027624 0.05506253973010311 0.04033181485058084 0.046177632164462294 0.014170900705287093
60 0.07596470140597161 0.0311739175799846 0.08635421521576758 0.00435069679457161 0.029448422168066896 0.09198391596745 0.07179586332920396 0.02758238009497901 0.028765738953677497 0.09111873198938329 0.06102448648310235 0.08790586211137665 0.008345425573126172 0.0790915249015597 0.02488370864842311 0.014775119127584948 0.08463252497974344 0.008033980925043215 0.037960607957815036 0.05480817579316937
61 0.03727828237338648 0.0666605919462762 0.0632081236169049 0.0878316171901991 0.05298754141951043 0.01634426115470061 0.0791195472630596 0.0809109534080918 0.07727335277117532 0.02282566768353403 0.07055698178945001 0.043131082310699724 0.030765573140878136 0.024297196544081603 0.03294184357836779 0.036252040779593694 0.030101996724051203 0.03881028855588666 0.08805660012697869 0.02064645762317419
62 0.015746102727909585 0.09128481445985476 0.03994349673334947 0.0285690982482532 0.04646967994789958 0.056549265170742234 0.05703980236493858 0.03439040502394941 0.06631878493618779 0.0990235844009816 0.029036953538413946 0.07067474446861217 0.0028634340057745226 0.048647994418087995 0.009824059075026518 0.006779047685327097 0.09814287574875001 0.020944460697892284 0.07810399326563697 0.09964740308241195
63 0.036038302156396924 0.03216945495939623 0.05208499130494537 0.10270317393092576 0.09229777633345838 0.07404024715568505 0.06322171485515893 0.04044475343945882 0.06273734191143035 0.051109666534280535 0.038288054550861865 0.03229674713504374 0.010705028240296769 0.09216809010065401 0.05595090279902401 0.0035386478544760258 0.053365850016232425 0.02006671150189423 0.021039369912975937 0.06573317530740463
64 0.054686552224089954 0.05411090081364605 0.04415608799789599 0.07367199135155089 0.03810568115475956 0.031701362464787684 0.01407373524550136 0.02216951546038126 0.07610800670367189 0.07186322186374851 0.03150507421683554 0.0672819861151503 0.007868461380241255 0.05826913668360213 0.04096263571634668 0.05732873526113367 0.06932096375233517 0.06622334072098802 0.0791513815238114 0.04144122934952264
65 0.005377215228971163 0.051486727593234145 0.01827849668007748 0.07552864735400457 0.006735553814854922 0.0572676280662858 0.09430586191592198 0.06872306588534223 0.011606557648850614 0.11602776594935542 0.050769502760652396 0.029048380100527304 0.03788652788316345 0.018240908177523888 0.015753677419788628 0.022934830526188867 0.1254683086130509 0.09322116960499827 0.09613397076513122 0.005205204012076565
66 0.027742604887863984 0.006332032223370811 0.006559885440699801 0.06397516376087242 0.06315841048176364 0.03780767324649502 0.01569489919106568 0.038855244504248876 0.04209536499896114 0.029047974423324786 0.05742278029110266 0.06938469338144886 0.040625077903050796 0.008522426108278485 0.1058571625843369 0.06481062775971752 0.06943622028089518 0.09115555227335717 0.07155941165100733 0.08995679460813912
67 0.040833052400120785 0.046998352757494824 0.037710150355491655 0.035626877897957675 0.05484087877897118 0.052538395924043475 0.08245496352556077 0.04462059614147312 0.013141933117240417 0.03368700371831276 0.031232995379802873 0.012062806380552696 0.07123592516699893 0.03391689965923662 0.0991040672976862 0.09944367011304352 0.042004216485720496 0.06131035631558512 0.09703043177170455 0.010206426813002338
68 0.05413848821826591 0.038291106582744476 0.09392361503502863 0.09111619418220095 0.08967810701504465 0.029581208796288533 0.05461896616189087 0.03534891019436095 0.004083732097415591 0.07093280372516098 0.05876576051755238 0.04274082720186761 0.010058346820780198 0.009864377657784012 0.036079766123564325 0.07814914731446518 0.003678973236914349 0.029769965126235667 0.08080258095440945 0.08837712303802545
69 0.08099257622170852 0.004533143211312312 0.02174155887444994 0.05099534748136742 0.07136710159527254 0.01962412251156688 0.04702006981224748 0.07374688751378722 0.05987351765150938 0.010906968705341757 0.09052083001266195 0.05858515828915702 0.048385851437919264 0.09164697121338305 0.0028902255893440637 0.06963805036693539 0.07793733623789356 0.04517781067309846 0.01931506680894808 0.055101405792095506
70 0.026641062302441 0.011561296253815249 0.03280595180611967 0.08008764805714128 0.029227294470588343 0.09311160922442471 0.09549664816971759 0.06692631164966241 0.00898500341647148 0.03784477542953395 0.004937216857436055 0.0447156875938546 0.10059195229939646 0.10728042145332556 0.08247079193963577 0.05878977576769648 0.062406719039797165 0.0062266625631827435 0.04421357587649896 0.005679595829260563
71 0.0603178541504067 0.019100230131951022 0.050257940663599204 0.0662468578678448 0.03417091264546103 0.04140211731378544 0.010466524459420343 0.016075632965812457 0.026274172821497705 0.04508978191854125 0.09083096342248233 0.021766385968094833 0.05874309240479621 0.09209883578894305 0.03703831966806722 0.08094981289116525 0.057717931853271114 0.07665425533887978 0.0700265229260579 0.04477185479992228
72 0.03467209962096897 0.04495979956522828 0.04662294265754458 0.060091092593158764 0.01679762106564859 0.08981471382983454 0.06958152665762161 0.011604716389764657 0.10250012857955185 0.034221169041560036 0.043173898331809187 0.03049869813748498 0.03142631803396191 0.04056797351508625 0.07227753851756388 0.05643776247232798 0.07441954749344393 0.02152294558507074 0.06859888362541244 0.050210624286956815
73 0.07588318333741755 0.08180257972428444 0.006953390252388386 0.05439682589729853 0.0033609991509554443 0.06958624771326888 0.02312899348700271 0.07893596087125233 0.04736902826929227 0.05943349610781835 0.07897749570040896 0.02095140051607245 0.07377513524523872 0.08814958422368127 0.046527416230343316 0.00792786238739069 0.057546853810247545 0.07877974787150527 0.044589650775349376 0.0019241484287833796
74 0.03848671039435655 0.00641148563582946 0.07213535487877078 0.12013277215341571 0.0255642351688616 0.10946503618350992 0.10500307571067764 0.007328455497259877 0.08492503347726924 0.03180948956109376 0.0036085255811210315 0.014597767860862733 0.015215513886492907 0.024913224386159886 0.05523304025167416 0.03693915803627372 0.10558456126745928 0.018946412824909917 0.1018010726631312 0.02189907458087074
75 0.04874521741542861 0.0867851099872197 0.018562577766899197 0.0043291031469924295 0.05242004041803969 0.04940377375364996 0.009089630635837878 0.08309043002533749 0.0659057562824323 0.046510419768484176 0.085765855067778 0.03244328774267649 0.02075628302955607 0.061026854327427084 0.051039162902091414 0.048307912958596676 0.07850466918314762 0.0312946781558419 0.0824304325078535 0.04358880492470981
76 0.04842979143860726 0.04686120956132729 0.019692180763679002 0.09808200173752706 0.10224874137466744 0.10068158613589749 0.010686802473789328 0.02644917870016096 0.0042485549489078445 0.0783113505780865 0.0036408827278418075 0.020523938033263356 0.03714797249538961 0.061510781287949484 0.09888783645663879 0.05451195159262255 0.02244549433222555 0.06417336003237166 0.0012547770593391342 0.10021160826970793
77 0.021611393836571596 0.01478667868416574 0.09125372976298737 0.02446050127271033 0.012756849870850063 0.09328824262764017 0.08137170644573931 0.038240808498625316 0.026248724531023275 0.06737920716311853 0.03671919881320477 0.012781595814661028 0.08080447142723342 0.0839611681322528 0.07718580379101937 0.03412789006909354 0.050771520462098596 0.0709956155499385 0.0802335484288566 0.0010213448182098566
78 0.018632086745210732 0.05852213635704445 0.09950665897518371 0.0193847327144512 0.10127442212835892 0.06993248548545826 0.01626445216613559 0.1008039082873236 0.0027371977344467107 0.07139810407559634 0.03468115336776527 0.004162538975741682 0.0018191093946914624 0.036627900234523766 0.1043350401083328 0.07296480292617728 0.06936694601898441 0.09184922475564758 0.020859659814095526 0.0048774397348306546
79 0.056680567378748055 0.0874461392035314 0.027658901397789416 0.06490502471522831 0.016005081947254512 0.0795358214946085 0.0681459887210844 0.08060600617955391 0.012598379611758961 0.003496104507343125 0.0858419116671625 0.0860750649416674 0.06978070065358735 0.014062431750689707 0.08464496024834377 0.016698500734328117 0.031696410574625564 0.015249675857593976 0.037756498614633545 0.0611158298004675
80 0.04834587452345966 0.01788951110510653 0.03510117742757632 0.08047733684229626 0.002066166319496162 0.06519489826067236 0.06823533552018386 0.03557981268356114 0.07360147171543278 0.07058104903343017 0.05087211502053306 0.05748891015088248 0.09323139623116823 0.035128221863108135 0.0228657694208967 0.0759382132063338 0.0485486354958768 0.0084420548452481 0.09382203327918749 0.016590017055549737
81 0.015005217710755189 0.00047945543254037385 0.022860582067691232 0.03859030909268462 0.09238771934299135 0.01837663547844993 0.07588237737619137 0.08915164661741735 0.05823299694447282 0.08165508854407015 0.010502676187491003 0.06761577730321541 0.05219245403780127 0.08129937189385444 0.03384613340160958 0.005520240202174804 0.06074020994263153 0.05634251567600782 0.04310914266919925 0.09620945007875051
82 0.023229535614875813 0.09043758631577073 0.040471804294462774 0.06361143388544041 0.009013796160147238 0.013325774263738285 0.046999869368834095 0.02481265750659017 0.10949651459644812 0.0010291765593386196 0.04218679147581656 0.043690233435265784 0.05452139451603067 0.01342431605352558 0.05893083311078936 0.06947501592315528 0.08209486438259288 0.08954169271208602 0.07558370186157713 0.0481230079635145
83 0.07689820956317593 0.049124663912119296 0.0433624458187769 0.01982485692983877 0.046666969924991794 0.05232704865222489 0.0491846783607645 0.10584744510689359 0.10875559426174712 0.08800933652573649 0.03476512852614076 0.02744616920940332 0.047304331075799955 0.028262248484582923 0.048880179660027105 0.09883216934298535 0.06254491583969378 0.001684839368092687 0.007215244280003931 0.0030635251570008027
84 0.0865572731791426 0.0034512815141849013 0.10404580274186404 0.010282333588343804 0.008221534237730841 0.0843767094658631 0.0028327899189013114 0.04606250315632158 0.11878474842752466 0.07402765808281832 0.04421637356642232 0.03863242287418144 0.0370176880634802 0.0754562757468558 0.02936970464969024 0.013786171963802432 0.04453679879726256 0.08650721922660602 0.0036183430321253263 0.08821636776687877
85 0.04727058134739247 0.032410777959418435 0.05305064646714342 0.0782933204993366 0.027895066721139977 0.030761970842571967 0.08353755214788107 0.08269527412873899 0.038367556268523804 0.03787825018299031 0.0036426509579906125 0.06843555063508233 0.01167377485338011 0.0895871140161574 0.06285777482736801 0.08009454054533266 0.05892193847339895 0.02847826166585461 0.08234067834225715 0.0018067191180409841
86 0.04291117472236099 0.04620156925146447 0.023199196097954074 0.06567506141583626 0.01068135006973026 0.015707895020355047 0.038904757072514604 0.06422153466619293 0.04268164155904026 0.02534879243605562 0.09733073424961425 0.09568642435327777 0.015761320736860044 0.09168666844454372 0.020477297914607624 0.11052892532474592 0.07266588364653791 0.04903228052230217 0.024603440278755 0.04669405221725104
87 0.04288599760317586 0.07483420497066154 0.07043124456666237 0.0338363932074637 0.04785493926638682 0.08135945586502236 0.024133827550210527 0.07590537143883332 0.07987607486419794 0.01740555832640229 0.020204621210770792 0.049790862148538624 0.03362459804079302 0.05829677416619485 0.025403878375184975 0.01932561654507404 0.084277229639205 0.013140118862081735 0.06770708803353509 0.0797061453196052
88 0.003001063962204789 0.07103006449643304 0.07006329217135927 0.08191571860739455 0.02335727604426729 0.06213493688250884 0.07434386856319318 0.056324633698606505 0.062013867189976174 0.08258341479859309 0.002466745390923521 0.030112136638979124 0.038203604967152534 0.02900806914473422 0.05578698315918389 0.06745193145134198 0.06461105109801829 0.03351319478086663 0.03252493456926782 0.05955321238499542
89 0.023857697224333122 0.08532084893646583 0.017164911302708485 0.002294498297660402 0.09586123605335137 0.11244496001172205 0.0003869749539815752 0.09239491624247156 0.060985563895416324 0.0023352065566632505 0.05041430481318685 0.03337452504610343 0.04144212869220499 0.0652642548233247 0.07787810845005168 0.0656133179398691 0.013534694135145697 0.10418299297236529 0.026884750323172873 0.028364109329801507
90 0.039338683574107206 0.0451403028081225 0.02667596383589109 0.06582669662456227 0.012957965824449082 0.07726375255869182 0.04441188238779685 0.059243305103383735 0.04163015739796936 0.07439183786271168 0.083094460441463 0.0732831200341493 0.03400793020590811 0.0443345682056942 0.05666585340899784 0.020652888376026034 0.05371045223499822 0.038717047421345595 0.05927001345678528 0.04938311823694691
91 0.042083609355088814 0.06668881031367437 0.08148327054204187 0.08996260717755829 0.0375102135425888 0.015120908720771122 0.05300933966757662 0.0323175866098163 0.029571845220895517 0.03230587878653834 0.012428935154021508 0.06799740321546267 0.05190565402457564 0.06490037905877757 0.08319725441276811 0.043095320152761116 0.08544052549814582 0.029669123701708402 0.0032596637954943114 0.07805167104973479
92 0.09667761460512074 0.016770396585797286 0.07952959446023516 0.026747809856881882 0.0013253873698377263 0.11072200895380993 0.08375696733916477 0.023536881632400142 0.004849628281653764 0.11557976888980981 0.030594952095634047 0.00869457774529249 0.021448037311243624 0.0250172015666914 0.017953178350315877 0.10579298680203278 0.082545962781339 0.02185480516251214 0.03174157539376712 0.0948606648164602
93 0.016406147503474657 0.04949949175495357 0.02439681107822077 0.046359930368108385 0.11570924711199987 0.09175937180018999 0.027370791310906365 0.046540284026730425 0.04539430803289889 0.07649264260229174 0.013851728859576624 0.09200706023996433 0.050828002359241245 0.031095997962609423 0.014237978475386055 0.02418094609659747 0.036457669794612034 0.11039645430804339 0.08212245557412338 0.004892680740071221
94 0.010962781659650084 0.07394778417141205 0.0718417810172264 0.004562697997115703 0.04445726978008455 0.05126635541741557 0.050860591534385324 0.069905048517842 0.047026504310301476 0.0628825589177055 0.07775550326020483 0.07390859174231254 0.07702121261801388 0.016873544698320437 0.05553967406571263 0.016263624749314563 0.07377453631304684 0.06344442298307952 0.021337643299013907 0.036367872947842154
95 0.09196333050528674 0.07332456418315679 0.08051706039669951 0.08485797318487087 0.036422436184712005 0.08471419060213171 0.047298038480332094 0.028572124837863908 0.04768481042584791 0.0018445839648500387 0.08874580895287058 0.02327334982203622 0.06926203300887569 0.0013190805003236007 0.018199867286708832 0.07372727121306707 0.039020028941271365 0.009921292853829223 0.030893144854756763 0.06843900980050917
96 0.04819831695499158 0.03041603690356792 0.056781738440512125 0.003857448590154759 0.0991173745876348 0.0012672227025754782 0.08154362640865821 0.03928991576188679 0.0129129237335682 0.09207672434097565 0.013714008356670308 0.0824538172335133 0.08350284647084186 0.025905396556748447 0.01371889205776927 0.04468538755522736 0.05525307131765803 0.07558746079692377 0.08841439331587261 0.051303397914249725
