0 0.058701876101471887 0.07222225461027584 0.04821567923627067 0.07619768988574781 0.022220452940533757 0.048865050719652164 0.07657860318870968 0.04982703505779539 0.07555263294774893 0.02197096551665143 0.03654503580909486 0.04265828457670938 0.003445132538492481 0.010464969971083097 0.0744849989218707 0.06420110523210762 0.055795853645046516 0.06041485773461821 0.0338153525555621 0.06782216881055746
1 0.08569454757385138 0.0691324175149301 0.0208395707522676 0.05020396237229979 0.013983176004255882 0.0017722394400652912 0.09029721807917243 0.04270281232076553 0.07723547425764117 0.05603177488929542 0.07687057802619235 0.03947831670466306 0.07274171930321463 0.01462425071006856 0.03549892440986845 0.06447057753335352 0.07783248964381867 0.024892358431670918 0.06728657882854715 0.01841101320405808
2 0.050356146181831936 0.013269403609481348 0.04888028646443687 0.024858052352366454 0.06354866032979425 0.049265755505994345 0.094946217878133 0.01595901867960311 0.042776311156814774 0.049900105994403414 0.11240736621613139 0.037019166110587795 0.026113796261346408 0.110124864769345 0.0439290930996376 0.0417414572706694 0.03227800855597197 0.03813178501696285 0.030022184142017853 0.07447232040447017
3 0.07773561807064903 0.08513462657633149 0.05914071464431887 0.018316890239844945 0.026063987208023085 0.046526664632461134 0.02939989996608638 0.05098535374279633 0.06449407911867254 0.018191958216391642 0.06313471409774539 0.03381721258359596 0.014512144444263568 0.0834795900158134 0.11078769062548591 0.005695733380084617 0.010447352906087053 0.07990431185277165 0.05379476599054561 0.06843669168803154
4 0.015154187923212535 0.031017917910934185 0.07827572439689581 0.04698583706455995 0.10964091381778401 0.006957391394121209 0.044554269921210254 0.005208156515465158 0.05580539883912037 0.0739114132922282 0.07622507876865206 0.054350915378096325 0.10049340049582028 0.05079647397503921 0.018843409888262386 0.04093312164054424 0.010664429924314107 0.09015069864084563 0.032548468120430274 0.057482792092463805
5 0.047746614539896384 0.09346289986450798 0.01177945886959994 0.09829402601360024 0.03934995114825065 0.09514846346488585 0.08226045903691731 0.004732710889168851 0.05809076923045107 0.02665458439022351 0.051314074423583794 0.0697291822416795 0.011058688595211901 0.026127968141041243 0.03288091446766194 0.045484842258970724 0.08250979034030408 0.0016433801192905812 0.0679686712667968 0.053762550697957996
6 0.07616727056394719 0.016717783138524046 0.0879281648590122 0.021637743669499266 0.07397650912143264 0.07958265508758201 0.03569700152041978 0.08985025617871378 0.054655123019451995 0.07416259746426376 0.061422351138426576 0.0031058632074889114 0.0031728137226890002 0.05022483152270413 0.06041288079375178 0.015924028430518947 0.04064145636384777 0.09161456679082104 0.01703462667975311 0.046071476727152005
7 0.06548682102216134 0.0012316345047320163 0.032854499867335296 0.054125954906304355 0.055606087172784605 0.07263779258893902 0.07642326522488121 0.04457991545756959 0.06793805246061903 0.07065187993219492 0.022639137993663967 0.07425739777395436 0.07251452543350102 0.033811606407102006 0.05046613942644933 0.06309741408755432 0.023939265739613226 0.001879841865988838 0.043431864817295815 0.07242690331735568
8 0.07953669373434169 0.04516311492713912 0.03870440842098264 0.05223477498214247 0.05393365024525611 0.06181971543922747 0.07102293346827993 0.07403621045181706 0.024556391620943602 0.05588731363063831 0.05416723315669172 0.06657932054510696 0.012397155800119972 0.042126261460022164 0.08121293224198262 0.03857763106051748 0.02228055799875078 0.05875866628066721 0.05737756671862988 0.00962746781674272
9 0.05073220522084281 0.0029151124431816026 0.02345624235302815 0.03758797471421 0.00658943804386419 0.08284666250827885 0.05131410082635749 0.07239682609618059 0.07810278471851918 0.005216299836801429 0.05535316170141279 0.00016299245423405877 0.037226489136592614 0.07998349230324958 0.07747676558542495 0.07413252176345803 0.0630296114951536 0.07616170681349171 0.08011752739748325 0.04519808458823502
10 0.08560549653177178 0.029560792262904735 0.006853004470775287 0.0397297649367744 0.07492275573438362 0.07512082313132873 0.08223330936508196 0.08068720078394619 0.03144823337383519 0.06453697853519523 0.0015617263055341167 0.06636267632201988 0.004488655220958545 0.07087348789197394 0.06994530178197234 0.025952894074826725 0.06009010819440704 0.036702912390841134 0.05521797403656812 0.03810590465490118
11 0.06007843038464726 0.037638548886205415 0.09062492587824385 0.07078941050296307 0.07163308670193454 0.09542642721117128 0.025598461151119908 0.03449795306288418 0.07250312391641724 0.027096177242643685 0.06930693958604922 0.01706886986262868 0.03828982604038745 0.010075653587674208 0.009155281036862186 0.07328443197159554 0.03933161666820499 0.08376228436456402 0.04290025506106051 0.03093829688274297
12 0.03317439755339359 0.06835019446172398 0.04427812598467913 0.08843968107543676 0.06156823991000719 0.04557037500349964 0.0636247278801651 0.038348899077118255 0.0171821279955624 0.056915381042983895 0.026193581731920712 0.06461456123863585 0.024071111112986588 0.06405814281339678 0.052911038606005184 0.06597513607571627 0.07662484966187748 0.06803382948906088 0.0035648422526785447 0.036500757033151664
13 0.09014105936050315 0.008969292439752995 0.05719005206816873 0.03999149296809688 0.07896900319526613 0.007576881657847706 0.06670411627409426 0.07947968679733626 0.0076379370541435985 0.04013685904631874 0.04430596480826865 0.02313315624316905 0.01053188790171197 0.05195981674221947 0.03214593918279665 0.086459036943052 0.08526805963988453 0.04106894496512685 0.06544737111942973 0.08288344159281266
14 0.06964385087218262 0.024975069866827675 0.08092786442053827 0.005868999564169447 0.0493625509185551 0.09175101251007609 0.039892785302120745 0.02122922035811224 0.08785170310381576 0.02676079285724714 0.08313317006690604 0.031206279145668644 0.051352969087484955 0.021659612285318444 0.03516684504165498 0.0180790618150969 0.02447318301646124 0.07399816823983217 0.09292863300509384 0.06973822852283783
15 0.04906994704285471 0.07465223203071253 0.028484575207037083 0.0809573298201378 0.014929679881847372 0.030887618166400687 0.025720634707000634 0.07258600058395843 0.0993962472170078 0.055131613162076744 0.045932361820078545 0.006655280877149983 0.059911458269547586 0.09161910081852066 0.026021533580346035 0.06204609182453652 0.073292061257606 0.07147022892401375 0.019265179172017866 0.011970825637149386
16 0.043946724528685664 0.005139405910149561 0.07049657140722461 0.062221323744771524 0.02971133646669775 0.007676767146278887 0.08571262331181019 0.01131003100338823 0.01682750542841026 0.086346368148483 0.024056129935326517 0.03673069241266825 0.03788968045921746 0.03564646682395316 0.08759174162665427 0.047125476580894506 0.09400484168025189 0.04028556389782807 0.08422488784407872 0.09305586164322742
17 0.03643288239875905 0.08897957314292365 0.04414712892328896 0.012461761175916517 0.01122823353476393 0.08268612567042255 0.020997884049910296 0.04157902398914833 0.0735559031560202 0.07556039005749188 0.0779473988729176 0.0558006974264104 0.013936301438105548 0.07830481530583534 0.08706182829891979 0.05614215594199494 0.01890671279896152 0.0056391105959845995 0.09229466071061235 0.026337412511612524
18 0.0893075687792146 0.0014454575380456213 0.06962425405502548 0.02422977745795901 0.005240535960513785 0.10031877431624757 0.04047479456604318 0.013428889240051456 0.023033626557040516 0.03539600079556696 0.007195621502623105 0.04578562353651807 0.09701946486511269 0.07242018276493159 0.07140541662690258 0.09550986065298926 0.053268279840781085 0.007279008080115551 0.09515251595304326 0.05246434691127486
19 0.026026497723600873 0.006804075850493075 0.10664980140967109 0.05386275956069775 0.027202677042056467 0.08224683980003497 0.03965537984558406 0.04843509334241149 0.033702897512685376 0.03689308117982049 0.015295243684679301 0.018492726336712808 0.06393114419942163 0.09920841429837816 0.017644490066461443 0.10099315396995695 0.007745168302208553 0.03991950066584054 0.10751363887635103 0.06777741633293384
20 0.018172796738134205 0.01800540406623536 0.0026427890185056783 0.051912363875263816 0.025810565178352125 0.02503476027561734 0.02538038739228743 0.014124524879520263 0.056386817936564075 0.06739003905627408 0.05261764523633925 0.11792402202559561 0.012048369491351135 0.001130834013169557 0.06979417663212314 0.04334116702250137 0.0956662971770461 0.10036679407014275 0.1004682937545465 0.10178195216043014
21 0.02323979921247417 0.048627666681204766 0.08023540001514481 0.006844029766518865 0.08148446713565284 0.05961099345406481 0.06193861621706652 0.028961925548365134 0.07986138058390409 0.022318702233805124 0.06988105936508075 0.043086360462323406 0.07191537283558933 0.06137142715573426 0.004942183301925241 0.05225794783041174 0.02332150861884916 0.07197947978799449 0.04515649447563197 0.06296518531825843
22 0.03718094398372732 0.017181056614649515 0.06459403173604034 0.06562317772594223 0.06379701515096109 0.0335607149766175 0.004178524606416728 0.03353284944214952 0.0038663849975346404 0.07372409630796513 0.07360041428934971 0.06566584183080247 0.03436833118240603 0.052377961623292904 0.04811213503468569 0.05627910746345452 0.05886785338094638 0.07723858445271702 0.06378215901042687 0.07246881618991427
23 0.045842145890792343 0.11153993977350894 0.09834169099722335 0.04100181313403565 0.034487152236792995 0.014787385541803092 0.06321416916011523 0.015684267926007925 0.0901966660566178 0.02598122620383725 0.0324850520057455 0.01416708382947653 0.08289714341038538 0.10537717800859055 0.04425096151068518 0.018687656742974318 0.020561776270959165 0.03127082819273283 0.04132200015966595 0.06790386294805006
24 0.009925517364142517 0.018571052991993464 0.03980317934193117 0.07987641210753306 0.09393897470580831 0.05069450573455287 0.03424515920371588 0.08905035545333015 0.021805125947449183 0.023732253792717196 0.06330527569348007 0.0512060512182354 0.05518131893210639 0.05795246574358462 0.0030509230772390095 0.07312705264160343 0.03869827708408165 0.03325099652522614 0.09979994528652632 0.06278515715474352
25 0.02439280730993074 0.06182360829978896 0.03539170152491178 0.006170369945110668 0.016616861144421537 0.012882501064340229 0.10634464048407176 0.008002831719600978 0.028411361076258086 0.07578406815396471 0.05754209070096273 0.035460531307940954 0.022413531189408423 0.09676958987106973 0.08379507702711879 0.03242338072161482 0.1032548199081803 0.004453580449052919 0.097927116411673 0.09013953169057877
26 0.046410425100507656 0.044860870082550644 0.09578070596491262 0.043449710420877447 0.021097452575856854 0.0807412476377035 0.0011946404064591724 0.03218968797974343 0.09100379136726165 0.052213686991097505 0.0028259225064353106 0.03592450870317746 0.0299156470750074 0.09235914193546471 0.0755745757852861 0.10516937381331912 0.014956690326544158 0.006668184399607843 0.037367353839683946 0.09029638308850337
27 0.01651556368277025 0.03861377384812781 0.01661432041588452 0.03421899080363953 0.06633471902120246 0.09318021564758529 0.03420350889573809 0.09258387710126391 0.08622503325279457 0.08891818449674944 0.03545769010238338 0.005357330831689591 0.08888042561043547 0.023414501998411937 0.02601590625063467 0.0680407411098815 0.0496279024719685 0.010946124192173404 0.0831090350045205 0.04174215526214486
28 0.03736450655356869 0.0633520096235001 0.03954493018638799 0.08299126241005103 0.05834970777916057 0.0932943843915297 0.03752994642533466 0.08696941706233147 0.07568327315370689 0.03449540020876326 0.05481853609673434 0.03848545444316242 0.08317160636374428 0.030197479057637446 0.088825017404429 0.014997509051864972 0.009152024699986796 0.019819279449318453 0.021825843145174707 0.029132412493612973
29 0.05499272911815149 0.0770658709067295 0.020771451489027752 0.01409806289094088 0.06950259106504325 0.05748781078800943 0.0938955002669957 0.07741690034611694 0.06055002993135491 0.03782351341431282 0.05448516214760062 0.04400258831869943 0.027938903979630794 0.009943650358828464 0.03494226038930882 0.04256255871069553 0.038739864073702314 0.05563104548768696 0.06184281670393562 0.06630668961322866
30 0.022527745071789264 0.077773866872561 0.0716978693636485 0.025004044016669738 0.062322319202171 0.006645283704343576 0.01066773857707725 0.02010827926977846 0.0851071206691704 0.03276812401372276 0.06796039799939246 0.08056593076234521 0.04175260805151098 0.01981182665393085 0.048867708264868186 0.04908459219125431 0.08385146765842029 0.06746475881404287 0.06969668351610266 0.05632163532720032
31 0.07755856152761592 0.07343558898965599 0.05912376067778669 0.048889723504435656 0.07874962712576987 0.04371887100471918 0.02975540989926686 0.07374084541153113 0.04751700521016755 0.023494909026263132 0.0767100029406639 0.02565069380609345 0.0278840350965999 0.037694305525870955 0.0028200229212989474 0.06895139533987123 0.0309954040416801 0.04717030011110272 0.07170449244455665 0.05443504539504994
32 0.07026746332242717 0.07171238274831661 0.020507442261190532 0.01623087468851782 0.08078008286713835 0.07092150219361297 0.012563179896973498 0.03915135983467728 0.05104755570633942 0.06856764204442427 0.05049252084048214 0.03984447510019234 0.045920283019891255 0.08017562849208856 0.03162790392912941 0.03615218747724784 0.05301029287224205 0.06675083455908586 0.04831229497890163 0.045964093167120856
33 0.05345505561808211 0.016726734195090756 0.06894630039222992 0.1024672834092885 0.012338679728287956 0.038998977859842084 0.07075757034493142 0.02830268003099606 0.021773599194783295 0.08447989981393715 0.09304330694492051 0.030811213885382577 0.035555161810180924 0.02914517205999932 0.10124296480899102 0.04178231989208338 0.021235425806129863 0.030360665679093592 0.03222061355914037 0.0863563749666093
34 0.06534547227058891 0.025546149562522616 0.022349852328262292 0.018225546505842873 0.10517447336145916 0.015383584367035429 0.05464053259505398 0.07274498419412477 0.02240174959121519 0.08097473911090941 0.03371035274684498 0.03963569378061792 0.09454660521666361 0.003269408101426024 0.08162518936781274 0.03771130674546514 0.07725961242954874 0.006295377026106628 0.09747449301735979 0.04568487768113976
35 0.017657836582615615 0.04356898097149679 0.021961861192431 0.0748552095913475 0.0578789712068198 0.05718905768377246 0.09886312049730994 0.04966249559516183 0.0832393035992305 0.09717083051501597 0.057702357395853054 0.014152504291467386 0.04836264232569022 0.07889052616128853 0.01632812001515449 0.05194119779488409 0.011493581335681593 0.013423854129347329 0.009427548387397124 0.09623000072803445
36 0.0002519389905090874 0.016152381924433034 0.012465341119451488 0.010385317449867851 0.05960410382990233 0.08671722721848028 0.046152336874725225 0.06890660196839488 0.053902062291624774 0.06004509263883875 0.03303483240376917 0.08305214161514138 0.07553099463674359 0.09374524387898316 0.09045842650601786 0.09068826004725068 0.0298148813871925 0.022945689712888937 0.03909847525296735 0.02704865025281753
37 0.0021039703295400044 0.08515176790218397 0.041332051598000796 0.0020100095546046423 0.015539895227790056 0.027946434346316034 0.033208406546136604 0.03644539684436238 0.04317858515633013 0.05709260334855239 0.09899957575212853 0.0684044980269018 0.031976359048297924 0.08717561778268273 0.05442190949900875 0.10149892947556641 0.036613862074698716 0.10236934182785375 0.06397714272908056 0.010553642929963842
38 0.07699117270450097 0.08112626018468878 0.08811687679470599 0.00509409437060451 0.023686257012125646 0.06654883743034297 0.07105519775910274 0.017953703528475445 0.0030352625345301315 0.05001500533735626 0.05670798697349613 0.07936491199073044 0.05738760487628449 0.05042110031533274 0.05833067603117851 0.012680111938855524 0.008779836287082116 0.0764032254357422 0.06417642888805708 0.05212544960680746
39 0.08757263452069947 0.07240569250237776 0.048501588385820006 0.003633315661863396 0.04494364818401994 0.019909817462176245 0.02456527080549415 0.024555608389306573 0.0010688383238633891 0.02901388515562849 0.03171038714026249 0.06395721890651883 0.09598524774494746 0.08894156329598853 0.037540502719629144 0.0758759819139661 0.07681240212581306 0.05028908373426092 0.05896303618686924 0.06375427684049477
40 0.01820104043774699 0.007879464621395563 0.03346869629054678 0.06764964137428885 0.015091282055868736 0.036373551523975346 0.02408458759408039 0.07426269334544305 0.08678671663645672 0.002644927096279297 0.06041990618053827 0.08385313877935408 0.02297984892573073 0.09080942866194869 0.06025520710227423 0.09147687906255408 0.044395593383164206 0.05815717946338744 0.06982792182072807 0.05138229564423852
41 0.06232459376428117 0.07613611177638122 0.025728672022145804 0.09415686687499869 0.02864230214542178 0.03705379506021572 0.003382881371415597 0.08633999580923074 0.07686203759531614 0.11708051351199968 0.11620875574970142 0.07685736278310067 0.003859948199350795 0.01177637081362616 0.04603782761082215 0.005588279422938877 0.03825991403652991 0.051995360845400955 0.01899346953148199 0.02271494107564029
42 0.06625080202479947 0.08808837247292335 0.0658572140220145 0.057397368606833435 0.011093770031844223 0.05391864810079543 0.015354265462657005 0.00015150337793084197 0.03980125493180404 0.02770413631887805 0.10731412810809812 0.07773062830542493 0.10569665168300307 0.03373603085859569 0.03041203058630462 0.03641816577471902 0.09915747646336404 0.06313642998765871 0.001272482051174248 0.01950864083117725
43 0.041155765919095116 0.03690681640232275 0.08352249275355883 0.01425921419995379 0.07559527310189133 0.022938993103020857 0.024439393238151277 0.07158868154533454 0.06671037073318468 0.07701938149505409 0.02400866176071418 0.06890706316722815 0.057112991529024666 0.0323983401461365 0.07141007211331357 0.060760692900318276 0.03047095737972462 0.057366200363868164 0.07830259439090463 0.005126043757199936
44 0.09431240776356632 0.057892870734008735 0.01695353757335904 0.0027645088229237337 0.058189781317964866 0.0825579630815404 0.03171452118775399 0.07362798383653076 0.022053810028771454 0.02328761491872448 0.024497133227754972 0.09306080304202113 0.09365497449891527 0.014609118713066109 0.08503310731783603 0.04102868240474533 0.07800020340922137 0.06297438053902422 0.010796032066190037 0.03299056551608182
45 0.03183538995075753 0.0852829992789047 0.06237244466452623 0.04802924331579079 0.042239583889809446 0.005941872529157923 0.08154052932094924 0.06701024338860899 0.008754968934936453 0.014358439220159629 0.07707802736822479 0.06885449001261724 0.051890754913397376 0.05213687509875606 0.07004833855042251 0.029944484352869682 0.028359526822446243 0.05228173349206938 0.037536150412188676 0.084503904483407
46 0.00017402972858100016 0.0398917484769829 0.0978672985805276 0.08807655974548248 0.030279405677578287 0.013818375484292237 0.07853643432573541 0.06988656738866017 0.07400995861086432 0.08662851777905949 0.06362074959996908 0.06693652730420019 0.0840879071484842 0.022414982024021493 0.02600273787222143 0.010965769233890022 0.028818702336187524 0.04613784963602131 0.025521608594070964 0.04632427045316977
47 0.02822395881388849 0.03226459157603681 0.04649526692650977 0.0704512896860366 0.060355920460316445 0.0228224984697901 0.0705089730603122 0.09346534758208536 0.042814634551116525 0.08978330179942225 0.007436941080164615 0.040580441338166136 0.0029737698547578654 0.05077598703974508 0.08494426441858316 0.03189834091454697 0.07105365326143523 0.08253168466131423 0.06931515777523163 0.0013039767305405687
48 0.03861635074562153 0.015616806505735338 0.04012415571432905 0.09060168366939185 0.01781272672654351 0.08278101390764055 0.016952451494351754 0.02401656334261529 0.09937112606952171 0.04766344607335932 0.08408085929748983 0.07261759605725808 0.04756711673751595 0.02872107799842541 0.051330850036119834 0.047497134330187894 0.007673082055428962 0.0012207661102469074 0.07971579449252515 0.1060193986356921
49 0.0925838551192624 0.0009196726033258114 0.08623964682480717 0.06448671232774074 0.10841915536317798 0.07421342468247777 0.028469609924306402 0.03039982439929958 0.02424106240363241 0.07281346381809459 0.06516955706966332 0.07706863329386002 0.019109688165035218 0.0031595886111536542 0.048681407982928186 0.005348845578611748 0.0026064194471885826 0.02238946430471647 0.09588512451167737 0.07779484356904053
50 0.06507617610213891 0.08253835596600896 0.07918005193423232 0.0835808505534369 0.008392868571898672 0.052380947802013196 0.0043424688178238255 0.08874958412971982 0.07505351383174269 0.00900196765059059 0.07305394712452594 0.019175518878790845 0.0762547772943608 0.0328860305684 0.054786191672448296 0.07162020406854326 0.02544997042595247 0.014883884747941795 0.05877362734876113 0.024819062510669582
51 0.00011388180259727533 0.031048902904122454 0.02579083030222595 0.08551207597211789 0.07702458738776866 0.02498998882024553 0.018654432411151774 0.08475395642895002 0.10653310122508347 0.05992350639696261 0.05712810947532591 0.09437145144612208 0.005853096799165586 0.0722337266844897 0.044137931309194696 0.0014604135679384994 0.043744156347165955 0.030833582294637493 0.07214361831919659 0.06374865010553786
52 0.0807262727786056 0.07730877522669777 0.03086647750508287 0.0038347194590919813 0.07161549010108667 0.078051473490667 0.05436906575782702 0.025112913995619445 0.039731000505648914 0.04599893658416766 0.07520085227239987 0.046677465913588165 0.06539524790645326 0.024052814491148426 0.007649578404285306 0.06510023315384483 0.05397641455498734 0.014539553455643199 0.05339339490510712 0.08639931953804755
53 0.035525514817947086 0.003487979392125969 0.05501913387569027 0.08164737994920755 0.06726839828359948 0.07912346259852966 0.02956547518013074 0.021670904706228344 0.03113642877018199 0.012550619671407795 0.06927086238784824 0.08001352188348126 0.040983392016586274 0.02279064110478199 0.07221233280923008 0.06616800938595307 0.05168323526057579 0.07658121295948435 0.01299898168018873 0.09030251326682136
54 0.009543057715086867 0.0630633413537343 0.032487836798701084 0.0962396021979617 0.0798842334338169 0.0912038965352341 0.007559055660743104 0.0771063907784994 0.02736771920686932 0.012249167171314638 0.003130413933460478 0.0906408746195432 0.0975700492096411 0.001002160769838963 0.07779827638214827 0.02490243072392802 0.052698473333747095 0.014998469112047524 0.10292058004647806 0.037633971017205906
55 0.021114994798150467 0.06232267965070537 0.015789648949580737 0.0580267609980876 0.026128446520472453 0.09372460525330986 0.08372140583450338 0.06698274460980555 0.020186630005553163 0.0843679262992134 0.028876751033603563 0.07203722466984577 0.04745265797030594 0.021247100421259105 0.10523687630719115 0.013019240203051176 0.017413162489589892 0.014646647331213446 0.09171976091978888 0.05598473573476908
56 0.06151816942604308 0.04386525051578911 0.05503609223760126 0.03519920354913827 0.009224652110020862 0.04530391595606895 0.08348529816308092 0.09916978913110322 0.07224610125547914 0.039579060365236465 0.10377037927088914 0.03034116205807387 0.045032108311041104 0.024595557681368577 0.0635420619958218 0.07772447769628996 0.019484449080914124 0.03827959876569067 0.043721323944805685 0.008881348485543651
57 0.029457860735959223 0.04711487531740447 0.007652422993147389 0.025846331982712207 0.05792449573274258 0.05914911617035282 0.09608867302679311 0.0714132812543423 0.041010976552527695 0.05331860037410722 0.1018368547928968 0.07323906946256226 0.023401467185386007 0.02005333068427868 0.03675184924995559 0.06184908980189473 0.09627046143038454 0.05539107898073179 0.02894670137981955 0.013283462892001285
58 0.06092454176580039 0.0029075500924753456 0.04727172670857987 0.036798987894903296 0.04310171334162195 0.06864915153300587 0.010688132674960011 0.059839547343877496 0.11058404065469689 0.011304660524301229 0.08575378271388094 0.028128220851135782 0.020688579331266464 0.06863468021359286 0.11210093444782969 0.04782070600470157 0.00891393812288605 0.00276346328716128 0.08910531441767491 0.08402032807564802
59 0.057841099623165214 0.10639043565870702 0.003942077602311519 0.05084816662433229 0.022366234150428276 0.08751845942973684 0.05571566490358227 0.03217675837938712 0.09961102436734925 0.04062366632090856 0.07418109314245944 0.018508345308655184 0.007896128834556102 0.03032620166337888 0.02933014211119852 0.05261475156560969 0.0392887287782908 0.010457302931612702 0.08975768630369867 0.09060603230063148
60 0.037736890573825684 0.03401627272587554 0.08620332273069344 0.05818136538219291 0.015290380545386329 0.014911601596630247 0.08494946712510146 0.03693077131530543 0.10498678480934527 0.009266973459797318 0.012562612849099151 0.1049580794773235 0.015978869953608272 0.08176099417530613 0.06517634674096928 0.029353951094462788 0.04388577309579512 0.04635965749799928 0.08461251726200737 0.03287736758927534
61 0.029629177157257474 0.08598203076344589 0.07494807244317173 0.001809539898765008 0.01757803859792854 0.012005665582850893 0.018023330557640885 0.01387875814711781 0.06310425422526601 0.07159718624009474 0.08447892594205139 0.07246176791807879 0.08382233003515532 0.06848619297385389 0.01573263848411885 0.08149489116019211 0.08956380311516711 0.06247067147914111 0.03557398218427459 0.017358743094427708
62 0.08003098160548808 0.04834174260906721 0.024889096287489684 0.022015938968965802 0.08763675734611474 0.10660712984149624 0.022825088589063097 0.005754333588128421 0.026201016196986657 0.02767494539108805 0.027624308478553208 0.09076538214593881 0.03616166112693646 0.024266356461807463 0.020772895157463337 0.08383762193952093 0.021508625201993453 0.04916308375851966 0.08433337235892384 0.10958966294645482
63 0.08248176144024587 0.019904056982299825 0.040535358951786615 0.0005225427113081569 0.07197532462111446 0.09154149072466289 0.09668456251120908 0.09170631766292255 0.056952933732493057 0.016211406223866232 0.04985193370481152 0.07001759330051527 0.048285152423172537 0.006255965395614534 0.03269306158375791 0.00024756948602341986 0.07126928903360905 0.049581088058076796 0.05838033323688434 0.0449022582156261
64 0.07254829744955169 0.018076784000518754 0.018664278404062713 0.0562567843365589 0.05393970889048654 0.02160862508462754 0.02043697961226374 0.05377279263444979 0.038858183998872385 0.08816921442814216 0.0697944008658014 0.07716178954778438 0.05395937738933558 0.057685104406374074 0.0476869071117678 0.041091965110048125 0.05891236157987177 0.018110463283589312 0.07026273282276028 0.06300324904313324
65 0.06902663451486338 0.026345036036414814 0.002367006705458898 0.07050560597445753 0.09106545250339881 0.04197782677459346 0.08801545443312904 0.022839813874900004 0.01531997860021251 0.06456771108750481 0.014559295760006861 0.06385794647764445 0.058273681721869405 0.039739945216008765 0.012667030593933263 0.04271872756338392 0.092792715641524 0.07988916005165853 0.09398142182560541 0.009489554643432086
66 0.028696930867607537 0.04593065705054106 0.08257004039008381 0.022197006527457906 0.03142918362272908 0.018322939372609915 0.07378339207105525 0.0015295568594700588 0.09362427771672983 0.06757261556705016 0.12338209720669475 0.034470579204642346 0.03320608165550955 0.013607976765785745 0.049828196247683136 0.0069357346784391285 0.08187758720282326 0.09227959309067131 0.05741471488360391 0.04134083901881203
67 0.06722876818859938 0.07500868389822996 0.07578442233952774 0.05964624497475996 0.034662725704560755 0.01983902876246865 0.07304820133780894 0.061346019283426034 0.058713657906530436 0.0034839210218404848 0.015333870722580863 0.021189527936120545 0.04922831692669569 0.02041393663932795 0.07226607444313723 0.06295627931549519 0.028622234134076382 0.07510102674379542 0.08222739962453819 0.043899660096480414
68 0.03850798899154157 0.03587133588903114 0.05388597392338717 0.055477229892393655 0.025042305489649138 0.03253403011001 0.04035004855096246 0.07742036255657947 0.10142162789868726 0.10708046354991108 0.0474849852771046 0.07152553009896442 0.004195487649968888 0.05563667709225655 0.06305637576339522 0.03841351745023386 0.04004764794788431 0.0013771047518099453 0.028077790422861463 0.08259351669336767
69 0.07526524351534516 0.07646750019369616 0.04487797273752591 0.02477059653916289 0.038475157989522626 0.003835471192084222 0.09314265454796773 0.010501113158916617 0.08291693699696082 0.028104780092474337 0.060619378017449085 0.07907013077045369 0.09916918139011714 0.059127389470851686 0.028754880458996462 0.05109131906179366 0.028020793922553175 0.06482452719245849 0.006213371575738149 0.04475160117593174
70 0.08001075908930304 0.07750916991325646 0.055465503239582 0.020652042667615656 0.0829721784485742 0.04930880069375924 0.03576442158011276 0.030550569646155098 0.052944836882920315 0.039893529030318176 0.06797834337095322 0.08988917890516702 0.026632953633143972 0.007038852572325457 0.028860166236276956 0.050350825668902165 0.056909708387021016 0.05731787184400336 0.03463252289759734 0.055317765293012654
71 0.03584914113843788 0.0700430731197335 0.026333359945430585 0.04213941521106906 0.11123441189801467 0.08877105911325162 0.02112577840078871 0.007651212794594031 0.1043476834607293 0.06627525861408141 0.05278105865664373 0.007916434555969416 0.05292088889126419 0.008391617781389284 0.02742222203135742 0.046058565258591186 0.01730045024919834 0.08446426896254233 0.09649269873619956 0.032481401180713854
72 0.024214811832605168 0.0763486870105636 0.09225496774983058 0.05146988861005298 0.10692224015739854 0.10332717358620645 0.056121996668605394 0.05457549961922055 0.008613323958864688 0.06881818175947081 0.05081472245749741 0.026597908673284928 0.07430402062446793 0.06153277632810693 0.03065227837910528 0.005005662873258865 0.0004315330087919111 0.05881270940421098 0.01593312876291483 0.03324848853554206
73 0.019216231442331016 0.057282896130261725 0.06606543805872815 0.03468386387995341 0.04014127511114482 0.07640016160100528 0.08140117701581678 0.07744182793958433 0.06337788745587541 0.004180157695728814 0.00041210797319411074 0.0021494360106567457 0.09465742983292452 0.022487147226128434 0.08738951715811805 0.08826281650054163 0.03345391977765937 0.04710872366597154 0.017478791848515213 0.0864091936758607
74 0.03745592848525543 0.08303503397783618 0.056996097275041395 0.011719029253560727 0.08440287495729788 0.07704835135979284 0.04007035262593451 0.010531148764193844 0.0555977111812645 0.09685694838224647 0.03312507676850209 0.08151492110927927 0.07081807397537171 0.0029024492192884156 0.0943980237008225 0.011959647209071446 0.0358965093378463 0.0026362322592085557 0.016480718730576927 0.09655487142760899
75 0.04072640516869629 0.031598513203906255 0.04062549601496308 0.05352516381353111 0.06829042690751642 0.033684579316084366 0.0682501658820696 0.046618802818631636 0.024081239779485227 0.060186025827107685 0.006269441368603528 0.07283346650600607 0.030699010892952523 0.07210333810892948 0.08271802158645261 0.07011814694209895 0.05352267522319582 0.025866681932989317 0.059134923731105446 0.05914747497567454
76 0.008459361242361258 0.06705316147859797 0.01692567560284147 0.003182023617429597 0.08862842402170962 0.021461563830041365 0.06598107461172688 0.06267733304040461 0.08358498212995104 0.07872021210587905 0.04935079971968391 0.06591289686518698 0.029039292886319214 0.07170870368412917 0.053254350575408255 0.05322620739794152 0.038143760100503986 0.034492666623456215 0.07577554269130712 0.032421967775120936
77 0.09189538538821983 0.07930007565281984 0.04496662989378917 0.016342172496690958 0.11290317221069936 0.06515265599712763 0.023137790220162494 0.02137001373618795 0.04035750389300708 0.0989955789919182 0.027234375976049403 0.02603282510100969 0.020378893792651967 0.008367250665492328 0.10024142258400352 0.004986111481257949 0.08639731823827544 0.06950416655742513 0.0455102609513442 0.016926396171867943
78 0.03549802598225548 0.08483714038539261 0.0005640323576738245 0.07369583858181242 0.09045985053733285 0.01616354443252935 0.07818104825476514 0.09089125304346968 0.07360916448928391 0.022236392304848297 0.03873654630565503 0.03166668246839824 0.03368801881971552 0.0688005685925021 0.0905351518429509 0.08847592891061612 0.0072093712182764265 0.06245799075138983 0.004601952844971059 0.007691497876161058
79 0.09943091050884992 0.022110238204842297 0.050207837187755525 0.07748120284094671 0.02243548576063332 0.08430558003233599 0.05796829516478283 0.018751134141471847 0.019817710278460066 0.05490919922422469 0.10585903580637242 0.09423525723388261 0.04895455227777835 0.037239008323423244 0.010296964824483936 0.09615303777123857 0.06637883104780316 0.027254224468201995 0.0046583501322445195 0.0015531447702679443
80 0.0172261851750963 0.040731507495893576 0.01278694021643739 0.01718030698787469 0.07068616356348638 0.05764459511647483 0.051818199490082345 0.036979320950165775 0.014808426399284471 0.09936127993882199 0.07630231527497525 0.001483914182068408 0.08065786449968927 0.05487245752768334 0.0822372537268231 0.062369545920446065 0.08131967304827517 0.08975428731290082 0.024214863349803377 0.027564899823717494
81 0.024280745220241883 0.0009916763920739535 0.07439903052167796 0.009629569388751352 0.03773541353682893 0.0030139159789935523 0.02215807614650833 0.021037232922759625 0.0697809404050071 0.006139925495160544 0.08545849307918581 0.08168114142224017 0.07775377092712814 0.014678490495893181 0.041162275748439496 0.06129614279670101 0.08678382374675636 0.11932027214580908 0.09001793725047981 0.07268112637936378
82 0.09909304259872394 0.0901264120576846 0.00616235513514699 0.03913108966731066 0.03542108572896089 0.02603122886414757 0.07631889835284329 0.0700297018736277 0.07742521951649099 0.018404946175288667 0.05323206460019219 0.08883199994995722 0.07952901139897434 0.049462549376329594 0.011747893053987634 0.03173521306877836 0.04030893974415183 0.017264558998929928 0.00040463268039569463 0.08933915715807766
83 0.05984330307780005 0.0744466482265563 0.06705977403936987 0.10037445321488032 0.01864431555250497 0.035657777818634946 0.05335731426791506 0.07110191610289372 0.04882445083865055 0.07172994717489874 0.06294684936677164 0.027873792808456054 0.026955340710186355 0.0024026838111420503 0.0359994640707637 0.08606398973159383 0.02397948252435932 0.07632701250818658 0.03951691602212122 0.01689456813231475
84 0.048134139195457615 0.09223377272840798 0.06755186800697588 0.05241974981209407 0.05883068815766669 0.04060198430362878 0.07705319692887623 0.0047168850304858964 0.027173941698189614 0.08002874607353401 0.09024223612667626 0.012410816174258038 0.0072829384083693645 0.03345101593528432 0.0797373358422368 0.04068536487763932 0.0009904058110386839 0.07782794582595545 0.09008423062491032 0.018542738438314357
85 0.005296503283331207 0.08591838853102766 0.010875212466359025 0.036573689831081266 0.06550035814432498 0.0409107690286524 0.06625012240194264 0.041479597074609485 0.04085969355798083 0.06830408212608562 0.08246524522393141 0.08153615542225175 0.0807796827104269 0.026202180633658763 0.051854346434576655 0.06466513740949102 0.044918505755586736 0.02474280850705622 0.0641293626393539 0.016738158818271637
86 0.07102172574433666 0.03907463356236959 0.07507305067391169 0.08442389875467855 0.02293487324541182 0.07540930707089394 0.025122752121271633 0.05135939812010194 0.028026498001499648 0.07238008912819853 0.0356555481822645 0.0143263485148178 0.05925021669615308 0.08450486812337812 0.01940666547665812 0.05164127728346288 0.06337704663154692 0.05038350888073222 0.06977427673191076 0.0068540170564016034
87 0.043494729219265164 0.039254074360262396 0.06706404032536939 0.05222269142620519 0.07646997862208017 0.030703747891987695 0.05565050681027627 0.03625911319602993 0.0004931531142740189 0.05122327468124787 0.003068004085956109 0.026206288548493658 0.05031977948672429 0.08585916250821782 0.027055708982970238 0.09185841205368828 0.09174553378480746 0.060661191726577024 0.10006789816652446 0.010322711009042538
88 0.07854536631384423 0.0738127413734716 0.06536529272440648 0.04838442619260056 0.04346959464542683 0.058793022015602464 0.02987620186665152 0.05633319424512143 0.07938436674531256 0.00233416150162328 0.012113590126206388 0.05729681617951776 0.010579761204100657 0.07008821628737662 0.07603859554967463 0.05125830816294064 0.0007658303088423773 0.05985290609712016 0.07652656606196855 0.04918104239819127
89 0.07080906417525969 0.09502089713705819 0.043372051013121395 0.021518919916342583 0.06524092981895613 0.06714691793615969 0.06465662481010616 0.09443893314434065 0.001103358874360325 0.09799671343095358 0.028356866199419822 0.01968170052351082 0.1038353947502528 0.023367942336270573 0.05935261533627816 0.007749851592071059 0.04797192417844378 0.042211490053246856 0.016473016756839362 0.029694788017008436
90 0.08060663766600958 0.025338419647205283 0.04255762869584741 0.08003380910601232 0.10162209042059539 0.07946860182302848 0.045731805531492226 0.022685106280178734 0.002587944106482951 0.0665928653683043 0.02107062680140793 0.011538464701638423 0.10189569153020422 0.10086512293784475 0.06168772697591018 0.03210713896379311 0.01740916917562583 0.05380828731414533 0.0043610350861156884 0.048031827868157864
91 0.05369923647277298 0.04675837967410742 0.08115436836240605 0.015337294094782123 0.10007581872715958 0.03032326568614849 0.07973072898114268 0.06775172137473354 0.00629100428427406 0.0014619381447152193 0.0323346066027272 0.04288384995959219 0.029267999419693616 0.07208538560101958 0.02965073393873816 0.007111913353346447 0.10008773918079852 0.06124322657673932 0.046509967305759375 0.09624082225934354
92 0.08359288295952193 0.03638003334153163 0.007068758320614461 0.04855979528185164 0.025741026407362696 0.07047870271061477 0.02872925548910258 0.05167704870496721 0.0850506310738304 0.0044584876410034445 0.07868613381814302 0.02453228109814972 0.1047974865555783 0.019158260390339476 0.07824063600464672 0.030263710267081148 0.024461593426023477 0.033115514288121366 0.06565837569102671 0.09934938653048933
93 0.07109941981361947 0.01897717000851918 0.07239415233997579 0.07436814988483297 0.10035467749381229 0.0965664654277575 0.0027819678657886346 0.10619957168336497 0.07222830351417438 0.0543296494428774 0.011423404973841363 0.024267910519014186 0.003398438178574927 0.09683342544311738 0.0013190798645882236 0.06641578356494121 0.024818738723272553 0.08885772542983655 0.009783817525006627 0.0035821483030845343
94 0.05382852142805191 0.01860230379825599 0.049483030820972315 0.07961656004403907 0.07914566687559287 0.05268860578256814 0.01772913263144692 0.0749384178410621 0.005085633664971474 0.04218428088026912 0.08587973212544604 0.041681230964238244 0.01355177557438992 0.07962393012609907 0.03131369245945891 0.029850139223088948 0.07194967135230743 0.08002917624578573 0.01158036992121964 0.08123812824073622
95 0.07393294145555708 0.060783831378048415 0.10015419708258878 0.027098130754764863 0.08055353589089152 0.020566560236651828 0.001738699765441137 0.07330691638190846 0.04951958348904429 0.0593863703442195 0.05643503482019254 0.0492045318631495 0.006925653174119358 0.0798390244387577 0.009833655435901102 0.05233419718242446 0.003187157853867302 0.08273502635389358 0.01742681428347567 0.09503813781510263
96 0.025312973530742827 0.03927885001780896 0.021073756366230385 0.089380277957344 0.07427399592346766 0.061148485879846545 0.0934101704486811 0.06765370015658631 0.09373777993597517 0.06649194482231117 0.037351976853072295 0.0061255859943926076 0.0338662734185055 0.0335738361431705 0.07055418478325873 0.029902816527132538 0.047274753224886994 0.03627937165684893 0.023738195032294875 0.04957107132744284
