0 0.06039528924213831 0.08625294323847217 0.02940378106947082 0.035990666906344164 0.07342683041824391 0.013766706686929033 0.05336337373721048 0.08873650858724341 0.022179405440396923 0.050733413135343325 0.029545290778362918 0.05876572089705787 0.02011028291465134 0.11030650404742035 0.035449088989397415 0.055562559199399196 0.09810506610881628 0.0006763059402482997 0.01959604950199308 0.057634213160860405
1 0.03142997041487259 0.01209996415497231 0.012638360714178716 0.029625498186861124 0.0026338870685560334 0.056871432116272574 0.07690663694808914 0.030165989381038105 0.008355490491842837 0.0979773500365164 0.0985944923101889 0.06164966885208926 0.07839837062937599 0.09709749713285719 0.06752295607905415 0.04513031101994934 0.09244995061375781 0.04164306209923093 0.03023157304145656 0.02857753870883994
2 0.07890303156580092 0.027091311519414928 0.0635906648841281 0.015595960447864146 0.06339526775169001 0.056115413660790876 0.016639697182099126 0.04613340827900949 0.07826888553649335 0.05274083254325009 0.012209152126400264 0.05426023971191159 0.09927685483583948 0.034032280253866246 0.06693693976756299 0.06704124784762613 0.0122053707649565 0.0032823875119233166 0.0539532459727435 0.09832780783662881
3 0.037291904903223684 0.05207598827507861 0.04994667359581407 0.08111665651621375 0.03466507923806471 0.11148069297227589 0.08709976255468076 0.05883810922939949 0.044874962924295894 0.01470989087343336 0.047218057913144665 0.034463768305679224 0.08828923558448007 0.022924215603773643 0.0394732041303791 0.017859226090375685 0.05578760066755713 0.007891333573553521 0.07960304016784453 0.034390596880732364
4 0.028706188386711694 0.04617057093014009 0.0718593994422342 0.0674197138860005 0.00542007115465746 0.02530635115303984 0.07296651704986429 0.02549397663422378 0.08308884993330719 0.08459414383447345 0.08313391069719697 0.04375167148195929 0.0037706021563253286 0.06093789061168227 0.09048693178557977 0.03366516040169639 0.06036867731349101 0.08898924306473426 0.006349937643506301 0.01752019243917576
5 0.07002806272962585 0.05139859762232662 0.070255249238524 0.059695253108493405 0.07984616855948903 0.04111289942180017 0.037513602316398456 0.022881462830885314 0.07333428182102239 0.06542862703667432 0.07463465358364581 0.0036423857271807324 0.012592581717228019 0.07558658373087529 0.03305426365978244 0.001944055941094914 0.07564952321438703 0.023866935198463574 0.0817095911164943 0.045825221425608485
6 0.06464229425840749 0.0479715199457473 0.025808024579174024 0.04518886978075567 0.031740090818207674 0.00904903519128756 0.07212549106942966 0.06076171808429242 0.06547758223959788 0.04931174130375026 0.0785280346226419 0.027706944072958522 0.006059097267919306 0.07100868247316758 0.06337265040854045 0.032682787998056566 0.07101533089339905 0.0598103510011741 0.061405570523097606 0.05633418346839501
7 0.05227184078810909 0.08996059319533821 0.037570043149701145 0.05124974074122768 0.0642858706776192 0.015066690241001865 0.0879095175351358 0.012777644116111965 0.08737187882811744 0.029029277541280818 0.0034022514902464266 0.02327982081836273 0.07293646463775977 0.03294162194372882 0.08665983840760674 0.004788009566341489 0.03108756484158822 0.05561833752484449 0.07862530079245744 0.08316769316342086
8 0.056146290043397766 0.07740315187359235 0.03619087809734905 0.020341324804605505 0.055171221950055666 0.02104762227983668 0.07541355227193396 0.05586946293072941 0.028635495241568564 0.05025956218897852 0.037392995278626245 0.05509039884421397 0.07741300972397085 0.019660349382295945 0.039525847169142855 0.023423445425755307 0.0794462074233193 0.042313277272814455 0.08518044207851214 0.06407546571930176
9 0.07465511027052442 0.08790891983344726 0.0854178835461205 0.08507463658482242 0.07777863078561002 0.061343134604297536 0.012030292753269573 0.029592841427277347 0.005762000074358348 0.0031383394294394232 0.005160678267947675 0.08121851063267709 0.07157538943859103 0.09212537834457112 0.010544655960897797 0.01662502955698502 0.06653804371120778 0.03617775546317348 0.07263745673205563 0.024695312582726635
10 0.023795040203152214 0.049503763369474325 0.06466488255001478 0.05677613946650949 0.07002743896383974 0.029273046968524556 0.08015757337894973 0.0525398863089655 0.05758741785001655 0.0636648431622769 0.03703397996144171 0.042232117306603624 0.028456413188090474 0.04197845573194558 0.06763201135081699 0.09129775103073576 0.06590777075193499 0.050258489286121304 0.00827649505788595 0.018936484112699773
11 0.09308570065285761 0.0152961352023355 0.08133068711438289 0.010696078773318523 0.017595802410511004 0.08445740331327754 0.02123592555780899 0.015489984159350071 0.0947116179944286 0.06719008527531178 0.0021406548243236073 0.0605695481185829 0.08552354641947654 0.004919729032087153 0.05447603567121145 0.0667849508423902 0.08817001374704263 0.0034217384546959264 0.05588112064474792 0.07702324179185928
12 0.03687111234256661 0.03896648926880231 0.029894367432339232 0.029294053119009532 0.00972558368762946 0.10453472324150248 0.07726677851067833 0.02911761921555053 0.0610596765195818 0.05784675186866001 0.011520734301374175 0.0002621727694227016 0.0737418925354535 0.06236754836453436 0.02642309512955847 0.09130275998488603 0.05937484360100942 0.0847658210701987 0.017137112645068654 0.0985268643921737
13 0.09241231132901995 0.07900733836158352 0.00855817610311878 0.07696709646070551 0.06161605920081441 0.06949551007146153 0.012695690952030738 0.08133039739213672 0.05602761501174565 0.07469501252091698 0.0169502518985099 0.09059215274694624 0.01583421766062883 0.032195163791103217 0.05473627209210699 0.01522602904229314 0.04932854013211199 0.02533534754473634 0.041154645693079826 0.04584217199494989
14 0.05032475344185063 0.017076302187779027 0.07947723919567343 0.0673324901321736 0.06798937450035118 0.024706968144155107 0.01945181265952149 0.03208252859687445 0.0369647901824062 0.014618236119448302 0.04365933593447726 0.0731978391551768 0.032679508467146526 0.030386138151288374 0.09088090984368373 0.08846720426235466 0.016167566110520525 0.06400996886338343 0.06457685855722915 0.08595017549450608
15 0.06152352593039204 0.04067148004076217 0.040814335646903996 0.07869042872093028 0.013046800998724696 0.09080507954882999 0.07982616555833787 0.0782360321628667 0.007420691327295076 0.08280360141468282 0.04339289744872315 0.03157917292235891 0.009958673991909792 0.024838172066304478 0.044480270052937566 0.062268969247481924 0.06880333356570022 0.05589077795756198 0.02745325448811347 0.05749633690918296
16 0.006698498873374717 0.014602874160280317 0.02219284286831777 0.06073759952665812 0.0840395399880587 0.06348273141582494 0.008212461758387758 0.07878063734590765 0.06626364118553338 0.03657833232417457 0.06505384957283969 0.12260704651769762 0.008608237009743338 0.05175188990219094 0.04914371715517777 0.06856413696497253 0.033026519315814726 0.07882659587083547 0.014752932331520552 0.06607591591268921
17 0.031160270308053063 0.06789793414236492 0.03150840942407706 0.09721289585396437 0.03096584053556886 0.002264791959311288 0.09189111517732397 0.044245789663503926 0.05193411824573102 0.0839669136035482 0.0746626668863686 0.02662465405919641 0.09151349842885897 0.006564736852241419 0.006292778620457382 0.061469539455720396 0.08245193672778427 0.06508350919058577 0.04659000698709868 0.005698593878241539
18 0.09151604051040853 0.0898339247468178 0.09098141091964834 0.038358570302613304 0.048754268991445034 0.05127849859323206 0.0958433122769138 0.013868240669086315 0.034324860268756884 0.03792002318552263 0.06928608804376409 0.05196653980131797 0.037202090112825124 0.04470278649884922 0.012656336084404252 0.059688870536052534 0.032476309294424265 0.030982569768117193 0.010062977521948673 0.058296281873852086
19 0.053097378967814975 0.06856237388158452 0.030641390176189554 0.005298151458031626 0.05829036457310171 0.017511700617667245 0.009569754556482133 0.09158756995805861 0.07107465280768237 0.11717572741786093 0.0362347396333114 0.07602543401098465 0.015645511357968205 0.11684146220274236 0.0009557587648629206 0.06877424705733687 0.007437457181875184 0.07635940533878371 0.002124771502390592 0.0767921485352703
20 0.048279401569490815 0.08875753598356234 0.04440576062963436 0.033926848103493196 0.07054974252957277 0.027303134593186444 0.08957962294155701 0.049552590272129965 0.08957344257632872 0.007121189540528561 0.029859395156341426 0.03952574866288813 0.005097641967085576 0.05286869726776886 0.01149328792921246 0.06219727739835759 0.024089425088967525 0.04665547732798501 0.08728093998508207 0.0918828404768271
21 0.08053434554852176 0.06825425431657661 0.08827991338440992 0.05600510295213667 0.04030826057803442 0.056456313245969385 0.052689053777421606 0.0006853733998064671 0.02242831110586672 0.06606678699806988 0.06989967005802503 0.05011108953482607 0.06054665593501789 0.011500656242015971 0.06727911247545391 0.09257075251984383 0.025794335877394357 0.0037200910789074297 0.014264300709008618 0.07260562026269349
22 0.062090926565232456 0.022061512353539644 0.0073108839707615786 0.04059271579651038 0.03330108778990206 0.024338808731842246 0.09932912868721845 0.07670941507752917 0.02764770168764978 0.08242707880661843 0.07211414690771016 0.08779727963070978 0.09216955857924504 0.038075621557796736 0.052686992562598366 0.041556978203463976 0.010440267595876867 0.04862497153732281 0.04606887112884673 0.034656052829625396
23 0.02690938080860457 0.022218322702647942 0.025721262766847393 0.02865858357388355 0.05864610177981436 0.05865677962280521 0.05566100855537567 0.07622503372164251 0.0959091098151831 0.04144199060569008 0.04231573449594558 0.0025750988381253773 0.09771039478633302 0.022307103317859123 0.06380439087609706 0.018014140347124424 0.05931771093861991 0.08098371928960565 0.06862157338154679 0.0543025597762486
24 0.02445938143821642 0.0725964366331997 0.013009325548590746 0.10082919962359825 0.08273963750083949 0.016435049398909562 0.04107551620363736 0.06038694404705236 0.05265050253173492 0.028329708030316272 0.07870654340389935 0.05747934785310659 0.05446329141571643 0.09856760874690251 0.03781022690341867 0.0464239467867253 0.07309072769982836 0.00022924147836488154 0.008841475990583958 0.05187588876535877
25 0.06796066191089212 0.07025378740593374 0.0455521868322496 0.04360438375938738 0.044057736237403326 0.06148190426739563 0.06291881842531719 0.07135216999028741 0.015364300249111763 0.07203159072471897 0.03864308108714957 0.08343494203646563 0.015051714385251169 0.0015651247552260403 0.05677806884765625 0.05290918581111366 0.015265498438590206 0.08070183025285474 0.060259528368373345 0.04081348621462241
26 0.10886145436777676 0.06443963879372508 0.09844862446066535 0.02790966192755406 0.04842845499074857 0.1035036050450653 0.020973646281419955 0.036425226528807426 0.033171200772797005 0.012537934055748708 0.019284562766454762 0.03898006173658292 0.04452723394514682 9.499863163329874e-05 0.04979646712397813 0.0376638698731519 0.03323130220015927 0.05424153717178708 0.09750420949937103 0.06997630982742647
27 0.09173247809295705 0.016984941527271792 0.0942048671205042 0.007664926671352085 0.10181299444822987 0.03305541768985103 0.036817620444871094 0.07414098039345003 0.06649418476699584 0.07030122756257713 0.023427651045054995 0.061441979534334314 0.021850208929464227 0.011290374658257343 0.0051440143392034645 0.02407809284510935 0.0839460243890052 0.0775190314746153 0.04275960994146107 0.05533337412543457
28 0.00041826432430833833 0.029526053011796064 0.10262352660417326 0.004607025406338633 0.03961120896790244 0.09463121268887226 0.07615780233861291 0.041244717866951455 0.056261678255954746 0.04728938168019865 0.005966329943539391 0.06394533809577534 0.019717992620449844 0.03927235729291001 0.042778842352670494 0.02179568474275378 0.05537874154202487 0.11237505036654466 0.04992241176008343 0.09647638013813957
29 0.057614968188396884 0.08469321947868215 0.041556233273813775 0.02854830287367735 0.06597735656017513 0.03673188474037066 0.00072133075038423 0.0069277461381768565 0.08735136160672018 0.04110291745475145 0.06863665209294167 0.026996444436473834 0.05057003932102257 0.031035004501134746 0.059440692850778666 0.035304273133324 0.08421309058030409 0.012411156190925112 0.08825849526615093 0.0919088305617957
30 0.025708423641054357 0.06888929660963887 0.07671782709888189 0.026931192945610524 0.07872246073295878 0.03990246402549367 0.06925945018927614 0.05157710141443447 0.059373808563773826 0.01409300415961929 0.06421604574546179 0.01698344963324743 0.009032556342696906 0.03887331167975921 0.07195186069142254 0.07850177857662767 0.07487712923443568 0.02004687626883986 0.07626229704065611 0.0380796654061109
31 0.049700525034910153 0.061919179171382545 0.056034832004830344 0.04011310848152916 0.008890675301139822 0.06413150967739227 0.03301426493535269 0.09199153612120795 0.07174203378193124 0.09244734245199608 0.023612210094428713 0.03274864396539191 0.013897746677308033 0.09111927232232565 0.012386232941682923 0.08357492653859556 0.08089277140196094 0.03875869352860296 0.013855021200236833 0.03916947436779413
32 0.025373974375902657 0.004424042280062398 0.07700845764063968 0.0007680076136242807 0.02586593837940425 0.03986447368731601 0.020653513812765784 0.07332042794295082 0.04042144042353701 0.08322755201069366 0.01718567208030706 0.05196041064792712 0.023599436468482584 0.07871100736734968 0.05987720029964725 0.07346722496311518 0.061639703831801 0.08273032546528443 0.07728425550807064 0.08261693520111844
33 0.07866232014337013 0.024912581159461652 0.011477221910481129 0.038443192703552315 0.03147917579115993 0.08192171366391807 0.011891276776142764 0.029813578960017306 0.04721759561645517 0.08702600943372876 0.04080638711902324 0.02303093769374307 0.0050184370085077775 0.06220522224394281 0.07983132802888762 0.04609021919747939 0.08687593941162088 0.062421281508258035 0.06420538560124142 0.08667019602900837
34 0.05875584065788571 0.04319805250074555 0.06218663253350971 0.05466323325689453 0.05778664223028716 0.07468631615156059 0.054474260469098146 0.055147584028658464 0.05555135332460717 0.07625586078259024 0.017541549304556567 0.05162670289639122 0.04890574881109503 0.07543981567581659 0.06497374701458182 0.06415617728708936 0.035840179277747436 0.027044828422006523 0.004310899623959825 0.01745457575091822
35 0.07223898075225327 0.002660334347681274 0.08767918032828037 0.10180135776267564 0.018566107656061925 0.004509468479658421 0.021279099339651015 0.11262795188232623 0.08426036178828487 0.03236385153114286 0.04083977365338188 0.0023699373719981726 0.0725778091185039 0.05930855211589577 0.0019792839118993404 0.08849115036475226 0.06713429121975767 0.006980180117667821 0.09331686811060708 0.02901546014752016
36 0.033612608593022494 0.07843566861118438 0.04785536475145102 0.034756261767429214 0.06467413106162834 0.050420460779348523 0.019346358924528344 0.0022741503201568116 0.002837611689819344 0.05447391927892013 0.059676222363314206 0.07642881870486948 0.044976435981412474 0.030002800652404297 0.08601505642246716 0.0820919777043896 0.01100106913704801 0.08836992062394923 0.06359339867569881 0.06915776395695823
37 0.08336595613483433 0.04413731307277819 0.09244525681181949 0.00680471007312796 0.040511808682216176 0.02282489074633029 0.060782059840090746 0.008358300445398866 0.04115213975322879 0.09487756519859827 0.01517692780372134 0.07354129921822254 0.07715483149821568 0.040145374911348376 0.03674618612480213 0.016927325987958656 0.08418705002590648 0.040332514016792706 0.032629626517546494 0.08789886313706247
38 0.029384424567452543 0.08223145747980345 0.051756404093110824 0.007097520729615933 0.0007332372506728439 0.00722369636583827 0.02338779294753794 0.07366641868719508 0.04557544329382006 0.08738665290546688 0.0743654346190465 0.052082464604224284 0.020226539854870808 0.09153471972109378 0.040747242080963315 0.08967801724481858 0.08808995633643983 0.03881557339681891 0.012733612458616964 0.08328339136259312
39 0.09929038141547879 0.02182084423282091 0.040626366858463166 0.08765334730395222 0.06579293835992495 0.007371541483453509 0.02344957730385331 0.052258333545023496 0.010984268354000312 0.07491156689339619 0.0726942810074951 0.04771675082939 0.01748772756050187 0.016155879842121995 0.030059196034669423 0.09644482497236975 0.046573211694225417 0.09699317814537217 0.03746813658355015 0.05424764757993746
40 0.005129659945625159 0.06314087292571793 0.005671123148536752 0.09705738538661057 0.008041516489082934 0.009631267768915113 0.05995760680414462 0.006102882377982162 0.0756758345650767 0.09095459508259156 0.10339414052729602 0.0928231785683195 0.06818475491981162 0.045931407728435535 0.015509005674074709 0.07804883312596207 0.05483869777602703 0.050890059224192576 0.03749358629546474 0.03152359166613268
41 0.07822960839781873 0.02441057795177342 0.049454867908898414 0.03331540030658231 0.011702641349171199 0.02521092081728185 0.09301795321121584 0.09623786694717387 0.09862587916946752 0.08750335079489528 0.058105454511357055 0.002705342516667513 0.003746294968292846 0.036392266023237266 0.08486362746343329 0.05517805814057422 0.01760590807338686 0.017971114994433074 0.08588706588887908 0.03983580056546044
42 0.00122780223338216 0.014047559824122976 0.08747952660877427 0.020733830126975255 0.02073994998660491 0.07184722193989994 0.08910798572632962 0.080723558822727 0.0886066199145088 0.0898331661048334 0.0847218252852631 0.05852379200394066 0.01391038032080514 0.05470970206318401 0.006635805415249538 0.05459000777635333 0.05986677688287296 0.0325323161040879 0.007182083871271791 0.06298008898881334
43 0.030713884291646173 0.0723173907643445 0.048022472099820065 0.01192375512933299 0.01340285354826269 0.06282423505085552 0.027343357317428832 0.07658577458177736 0.08004662240839736 0.021661150303072724 0.03956199893565677 0.08973155541015847 0.026968534084187392 0.04286665356944483 0.05636306744464868 0.08113774200963093 0.0160199705026675 0.0674588116909794 0.088555422120278 0.04649474873740981
44 0.013521706840014696 0.047713211182141835 0.043316484470043 0.006683713464189919 0.10015718525015255 0.07327679671766889 0.012404372436993449 0.04532983931726739 0.06802721123698278 0.04132877451178559 0.050827256872178254 0.002776921763716825 0.07083307269192092 0.048496574369935055 0.002368534841645479 0.05458228778741743 0.10238173678225039 0.08189883576500337 0.03454320503774559 0.09953227866094651
45 0.042059308887583566 0.08382107886613856 0.09346124650007437 0.046296328257025766 0.0748451691628889 0.0015279029872662334 0.0016908682295041825 0.07594034682909086 0.023438697661130513 0.10010833414601422 0.027130200725613417 0.035302519992675495 0.0869692522159181 0.06163176065573003 0.07987623903112977 0.008407983482633274 0.08149570170847724 0.029091209552912792 0.0424967591402878 0.004409091967904921
46 0.07498125793645187 0.045288072828226805 0.010045450410805757 0.07877541946751403 0.09925497940480923 0.04875939691841686 0.07108971269190138 0.07222674787606977 0.08585531312824289 0.02733841785810672 0.002427443022292786 0.0014754786489947077 0.008838014110525351 0.0492621824324864 0.0047364897008834875 0.03678941185619123 0.027974302502662328 0.08313415824821133 0.06898259315075388 0.10276515780645323
47 0.03630912211012691 0.04273433646427802 0.06264266499292763 0.07708009935893305 0.025597717007980633 0.0892036115807749 0.04120481532267857 0.015024714491191417 0.00578602021558613 0.01652345738264617 0.05302565011338086 0.014739518131287344 0.07307154643984135 0.08558025603910416 0.08031958094589742 0.07131902915437574 0.09146440766869328 0.0053630938949860395 0.0625884138084137 0.05042194487689683
48 0.10974457693475216 0.04666690904686267 0.013025711498019241 0.11131997187287114 0.021147070662921506 0.025931084953908747 0.0644021432179181 0.0478611171250294 0.10958894614780189 0.021916095635464667 0.029376881124787965 0.05704105117543147 0.017033560705248762 0.04933034040944334 0.010458201816738896 0.08155332238203235 0.09933837195776352 0.035367653597486975 0.023020153048504598 0.025876836687012947
49 0.019357039773083142 0.01316590260978145 0.034286879260914824 0.05753889270942681 0.05452575774507668 0.012326155468603313 0.06374131960309558 0.06873258707522366 0.02903804763929989 0.02596269586399611 0.037293198254040975 0.055011524240660886 0.0807156239748276 0.07781949660073409 0.061400017600971746 0.056515407087293 0.0806284061898345 0.07863409923109602 0.07210848533436949 0.021198463737670436
50 0.021869124859689188 0.096417034083603 0.04428547792019999 0.10354514039394487 0.048520833722549894 0.05056609379355312 0.052750687738076854 0.08003687286721202 0.010204254562433316 0.01133492185033275 0.10575240096863751 0.07679867607668321 0.013532991806019797 0.013013492532313134 0.06715651295181568 0.10218846231061397 0.040437784544961226 0.024522551285195857 0.00437778045739495 0.03268890527476966
51 0.06384016656716011 0.024000988695996754 0.021385524878685967 0.061116377309318466 0.0197248698067609 0.10979551768089085 0.054319024681329854 0.006665386481029269 0.0787598094833287 0.06968498716881803 0.07712247806896136 0.037112443748767 0.024075921992577222 0.11836298767747878 0.05919125619805086 0.06323851204373365 0.011973523793909875 0.009030071964749399 0.01357061671906393 0.0770295350393888
52 0.0828348812553485 0.06905846482546221 0.08232326884701294 0.017977703323948966 0.011420485615271836 0.012306058296591241 0.08063134598724572 0.06822409080893212 0.04906587859672663 0.061810494853243594 0.07095397320101811 0.044968035953670195 0.038867279697549474 0.06319044136259566 0.05761618946665473 0.033864167787285425 0.01814994538029757 0.024552427399025384 0.07773319444954535 0.03445167289257444
53 0.07343842693274906 0.005602195985121355 0.08653156512582554 0.024191729560747926 0.062232432270963596 0.05740263333932365 0.05944251487854125 0.020617040664550276 0.007804828155320768 0.040523611227962164 0.03983578443573534 0.046484050220848505 0.04698166060561335 0.04219431724707593 0.06748177794733591 0.04189304894505566 0.08876799284483071 0.08598231544686333 0.038616982597512124 0.06397509156802353
54 0.024035357786591077 0.039087825383817894 0.028961837944916708 0.025121426443932966 0.0623210094802833 0.0897242794534108 0.08824614671827415 0.0957563962980444 0.016649354165520276 0.02462473306257117 0.07846045747617189 0.036448038872266435 0.02378447601904127 0.0159500226750397 0.011589271976286937 0.07996836775013025 0.023343310450339078 0.0948762046804021 0.08702506806832072 0.054026415294638856
55 0.05527699771490611 0.1030873226475475 0.007469076660872685 0.04177317650586289 0.02810494148598206 0.06530594765606126 0.08927874027983625 0.028343397796820605 0.07623967037757287 0.02539229224782039 0.08756997987821052 0.009441825197898056 0.06414641840968809 0.08064168515647495 0.10009585366747524 0.020530423290170942 0.009508463732116976 0.040413946105998015 0.03549660876536028 0.031883232423324574
56 0.04790085647053043 0.041087584257825854 0.04617139389895488 0.07240659123421543 0.018206812000546285 0.029711194633899634 0.038597188028495384 0.07675618226580175 0.011829885671879514 0.08442068979478481 0.051569641815313025 0.06462558805783661 0.053651945071859934 0.03233264801995464 0.07602574231654795 0.043370636734072716 0.053669732251563844 0.06578438060399133 0.03808262542761962 0.05379868144430659
57 0.03622000500282488 0.002169066144007945 0.0019443745975861728 0.02300524613746463 0.06459414891727724 0.05188216563711 0.025276205985105677 0.07042031934345111 0.04702643289758872 0.050656139127011 0.0946063368270012 0.08584338364028002 0.014932523454198914 0.07544423298816014 0.061330887969475376 0.06721769762464729 0.06564650119748634 0.09126065331137857 0.017247808806640636 0.05327587039130419
58 0.01351839200106488 0.0030302755101758727 0.060733161458208076 0.058117971182692116 0.026497135002159344 0.03084396292093446 0.06530249338967666 0.04261560747571522 0.07340255177344478 0.051802718624244 0.09518071949510074 0.08396168887958058 0.005974825668547696 0.04057840544882523 0.05483497426229603 0.10742262338406439 0.029412198474522432 0.1077698183264512 0.02147948923348058 0.02752098748881571
59 0.053209536320745814 0.03674958887671456 0.048796315069925114 0.05803211455691786 0.08914437559792282 0.012670423574318341 0.08045470302189014 0.04877079656637773 0.0021741386882138686 0.05035947587640442 0.05877647671455142 0.0894085781617121 0.058860747345219906 0.07524011089542894 0.08393117974003869 0.001698033070345745 0.005520110403944614 0.04899018548310061 0.07608184946870138 0.02113126056752582
60 0.01491321472915615 0.0425352077856458 0.02424046505956181 0.03390435221759687 0.031222453265013814 0.031247257874876252 0.06484216078127637 0.03494154639203619 0.04524646506003834 0.09177000256175208 0.08971815794874906 0.06999350648765287 0.09661543278123659 0.005804651413705156 0.07184564517711135 0.0670764708706455 0.08055726182984072 0.017696402608672255 0.0008908092111444877 0.08493853594428827
61 0.014943612744824267 0.010862909075111804 0.1077435425594395 0.025218900839243448 0.10489545575894962 0.011269413568939953 0.09409723735227214 0.0887441712887608 0.0410175646445061 0.04915114111680388 0.09638715800971644 0.029150823544841283 0.006310497906580095 0.01547231295459754 0.033324919972718026 0.0367246935951168 0.022017470264056253 0.03915180938790135 0.07229720923218053 0.10121915618343989
62 0.01692245257868283 0.04187687834257065 0.03938046432669149 0.015579230711037239 0.07970729884468657 0.04911932116677993 0.02045659407875834 0.0640745008482861 0.002142933743689061 0.10188674440555547 0.10775553294227143 0.04754343818943874 0.0623730881216852 0.08980167443343835 0.013388734273226408 0.03315790855942393 0.06302344858400664 0.048534436344721134 0.041827609432866286 0.06144771007218432
63 0.07274464294828484 0.032761661863115674 0.0743052046296546 0.06875650026810406 0.07507566650786004 0.028198012264240346 0.05561112445111597 0.06617342337161812 0.05099165969674965 0.02848878164827635 0.04573693435421096 0.028673443731097602 0.05351658796373084 0.003425330708642955 0.06828716557045336 0.026897525263183758 0.026100571073126858 0.05930320599940017 0.06302616248458938 0.07192639520254436
64 0.0375736016993548 0.08539816589322399 0.07164872340745815 0.005431952510418257 0.07561647330448952 0.06791668307288048 0.0004470513894665619 0.03818950368534146 0.07374075321545814 0.02264259603630862 0.09039728241393247 0.054344856336081 0.072816501467475 0.0019280272231538076 0.0765893395558167 0.014413499954830867 0.05426900035024235 0.08462879087794795 0.026283650073026323 0.045723547533093566
65 0.06897636050352697 0.010210606825534653 0.049078142722983185 0.09754333235584964 0.10196912557237899 0.05178895141593765 0.0982193609336346 0.06977991720480438 0.07486318506367899 0.020397896724244 0.002884357668369014 0.05515196810284728 0.04802346966209172 0.03968985647741876 0.0018865584850118783 0.10212484729459065 0.001993124511425453 0.023762613619537236 0.01987136664211564 0.06178495821401942
66 0.017728882631840078 0.04059831217543773 0.0754799293268363 0.014484953021549939 0.07174663089422022 0.061448547702451374 0.07653119053492882 0.03721181365091724 0.0709155650487261 0.09209663190617759 0.05444331002172636 0.07628172155193688 0.004179302295085701 0.009876169132091073 0.058558896602105004 0.08585272898055236 0.04421852084442479 0.016100013323178793 0.04591051959477517 0.04633636076103842
67 0.016221344737093232 0.09357749537700057 0.071464703103876 0.02383469301792375 0.08434020886822789 0.06943944010329454 0.03939186199619777 0.012614382933868688 0.0703256409988921 0.013370327476106506 0.04809429838343369 0.06943440661422078 0.07139334514242758 0.07461940421274768 0.062026860247316934 0.04163032913782916 0.008809771698661402 0.06388607516939442 0.027313305363187178 0.038212105418300134
68 0.0362443644657852 0.04872527935147709 0.026817034961945135 0.053797379262515606 0.012655670707827669 0.07998243951198249 0.027778692771849845 0.017127902317755392 0.02510400963358227 0.05526588917085609 0.08578202384220698 0.05215463054827495 0.04457327103415615 0.04016925627259691 0.02800160339400482 0.07745968238965961 0.08443222998968775 0.06819021108720702 0.06972037265141841 0.06601805663521064
69 0.04973994047953883 0.011286648678864043 0.05238758912134941 0.06414423564848523 0.024188139751365013 0.10313304991626562 0.04702033376516044 0.021158998501631467 0.03822232053469436 0.03166112392465035 0.054595076204343944 0.0419364221444799 0.07535496911781468 0.010333067437142608 0.07165190028214212 0.024114313992995823 0.06877915195376771 0.13714009676709757 0.060685253959879185 0.012467367818331791
70 0.06880202718658425 0.08344671371028216 0.0794106365210987 0.021369605663902953 0.06301288800569564 0.06648421980705697 0.07508876157613664 0.042401096649406916 0.015425613259668128 0.04494835291423238 0.02593752045996645 0.07886251509594172 0.02067179021434526 0.05639649042158283 0.002815223628003249 0.013492930785453492 0.062219046005888345 0.07428407732308154 0.07107550186200719 0.03385498890966503
71 0.005218722118887506 0.055630757476126294 0.013781634829143925 0.07505268835367016 0.07803475118432089 0.043916908460261396 0.08002100144603437 0.0024208910290659546 0.08658242181143755 0.04873199237361494 0.026167846706472715 0.08633928272634563 0.07033851776648688 0.022246832753100892 0.03986402064943077 0.08009311601820797 0.019703192075488277 0.08663135741914717 0.06334051885328777 0.01588354594946897
72 0.06385670293442086 0.018761365506070438 0.0008343376509778897 0.03569836343808443 0.027306908645626626 0.06037217935792581 0.03480211790434606 0.08764682496925054 0.003734747897231608 0.05557540633852949 0.08859892551345559 0.03509878363617212 0.060715405683248964 0.05784662672603661 0.03868361228072281 0.035360491288463816 0.0349657876867169 0.07185774655149561 0.08242044312795176 0.10586322286327221
73 0.000387968852622144 0.0954978593733599 0.004802261839847083 0.04030914426244321 0.06734883537500674 0.10820707140049479 0.011908678873281169 0.02200081063775517 0.029383428412396776 0.08723629908469321 0.024677872361796097 0.0823590995200824 0.020687529040405245 0.014873200288606128 0.08888782073565735 0.08965157231045023 0.024905038373247965 0.07840812364508906 0.027561213611997416 0.0809061720007679
74 0.08682642098431728 0.08062618091827647 0.06006850537552441 0.07474695454817563 0.026651084027955095 0.07698937518914425 0.04006014509779234 0.01274749959133819 0.05370255916191689 0.027430424834322578 0.05261123731822171 0.038191493697040814 0.07570353352959658 0.07018894872309887 0.06816792296021107 0.017079221271550024 0.017601114467221353 0.057030749062438185 0.014203382032580831 0.0493732472092775
75 0.029353963165342063 0.004343844762489831 0.05238291945595476 0.08847507601579942 0.05310693412470346 0.003749971154280268 0.08094571498125128 0.07306834097823404 0.03734362864389545 0.014180487166042121 0.0586807800187178 0.07876233373425896 0.06306435057992142 0.07619668980186987 0.07002936350283522 0.01816387380703554 0.0328856591741105 0.03228093010553012 0.055340657809061784 0.07764448101866601
76 0.05098279609868871 0.07307354584366477 0.010106017672745852 0.020261497330323182 0.10146746400985389 0.01912119233464624 0.10536156488751226 0.06687504721263782 0.09155265956533241 0.0875837366044437 0.01568762764886748 0.05502500436893825 0.009711696562650642 0.08512396562391551 0.014133066727835302 0.058814586941153484 0.011151390805064863 0.10185669492831814 0.0177247814543736 0.004385663379033726
77 0.06700062990306965 0.02274355290743044 0.060858110019082035 0.04909883532793384 0.04533957520648057 0.06087280758211656 0.06405534233202417 0.06672041713594674 0.08028904822143049 0.008259360287985748 0.005288999397051046 0.02365208559514891 0.057339583146525534 0.06821570094492828 0.05963335183964579 0.04699412246106054 0.05704458053422744 0.07477159034068728 0.05344331009834757 0.028378996718877423
78 0.07370078111925421 0.03264532235767747 0.07649191529922589 0.07126797511081691 0.06458302038815876 0.035729693887100684 0.00610817488654903 0.02909340289735734 0.06800198667117513 0.03467335143686702 0.05613093498567806 0.03678819245627616 0.06009323484018272 0.02206263636686105 0.0758390760224593 0.0594280295246035 0.0013916757996808664 0.05687568617328625 0.06254031446815964 0.07655459530863024
79 0.0908721523865656 0.07286635881027179 0.0414993223959736 0.04216883862811064 0.058179420772705805 0.07472102910733303 0.044234794794737076 0.07958626568705071 0.0396983901267908 0.08835988872053785 0.038130362249417786 0.03532547720356606 0.05386633297714746 0.050856645972989875 0.027453798025828396 0.018695044122042443 0.024564825475096155 0.012704600488365815 0.0287164735862161 0.07749997846925297
80 0.0835543240847616 0.04365277517396438 0.03637000003552874 0.002248256862473144 0.016417034087373328 0.05166157238050517 0.06695811503307722 0.05725091714948848 0.034109855840438214 0.07588763070955956 0.016097846693031187 0.06637592293068559 0.08272941335504361 0.07434988162964824 0.07397257164522852 0.08414804825749123 0.0237771668373493 0.06323216252422122 0.0025216544216091047 0.04468485034852218
81 0.017346213415719153 0.009974953603466442 0.09074827775143228 0.014260397291391442 0.04514489944134083 0.048421638041548545 0.014162858620810046 0.024685857038634105 0.05757379314444513 0.05611225391622673 0.029095288419416124 0.04875792051025429 0.08817584698418714 0.07862626274677009 0.08551236117394155 0.08683448977578995 0.06415789535794628 0.10221719322176771 0.006217555453217547 0.03197404409169464
82 0.016404710108401273 0.0454294866901489 0.015337234824337622 0.026026246800791353 0.0833014405436135 0.06890712189950815 0.07104341816761003 0.042116772690030085 0.05589961325575783 0.03278535055997026 0.04035535062115037 0.02497338161991459 0.10235990371801876 0.010805553413484083 0.0854140597455756 0.07839852482999904 0.008559696161362639 0.06453245304991787 0.03855773706926475 0.08879194423114342
83 0.03869372138200682 0.024276931838838438 0.08906405790086416 0.06957606703832911 0.01754862118818382 0.008566219272793833 0.03542484469035704 0.024218079474651554 0.08941190652421306 0.012182147636178062 0.09283528657142363 0.049635660708474576 0.09068843144151874 0.036648840493016026 0.06468551545559711 0.08149595643874773 0.027249454979447304 0.015223381615805791 0.08920944683945485 0.04336542851009821
84 0.039216774609722414 0.03919246263777261 0.0800427997608553 0.016765602126981412 0.03790862799493969 0.09756902176432153 0.07058704790882638 0.005678504983195148 0.07751623786010917 0.053936663404843245 0.07986960550074716 0.10162953470199544 0.0014305032291561483 0.028672487821711848 0.01087746980300605 0.07289930739656103 0.09894782648028173 0.006806663458074167 0.06502347561486396 0.015429382942035233
85 0.00819877854788031 0.020249920646262305 0.08210593285941711 0.017762637146962384 0.08655671891498658 0.03793815734776799 0.05236596072395768 0.008075860920894237 0.05741681048683964 0.05398970285523236 0.07523853548187436 0.06134136684029699 0.06018287672492872 0.057767446482140175 0.020081587989901215 0.04996677890192962 0.04899258807569422 0.07401248750689066 0.042527427277817005 0.08522842426832652
86 0.09387434761946889 0.051796271937896834 0.027168156725258064 0.057093110787359735 0.04534293072740196 0.03582488141412735 0.03679536667211005 0.0037337547878702818 0.018756889805250115 0.09727859396260818 0.037902990097283804 0.09725533658586044 0.028336877806888053 0.020843258257075756 0.07394202161344601 0.05315236669367544 0.08268806382068684 0.051996012568445125 0.026134090413024582 0.060084677704262554
87 0.04031709462007927 0.0047726762574318215 0.08572118175949248 0.05109274859527179 0.008278952565664587 0.005793510499869909 0.025689952841974378 0.07171224371710933 0.13656004355088472 0.1073895556193726 0.05675907390630512 0.030191902399476587 0.04086783048956615 0.041951501825153295 0.10414352512764213 0.08160283821541367 0.00928109072128441 0.0027254194122894645 0.017598475484490964 0.07755038239122725
88 0.06843905411774384 0.03117456678733974 0.07322001289575257 0.0660844855557111 0.05602415427750419 0.016839741888229395 0.0695806915907424 0.037721621555835534 0.07343102654042377 0.011722664146006274 0.029406845380196094 0.04103246928828228 0.03356071880165508 0.051643120806599566 0.056784421740325115 0.07230232151974159 0.04344227144225203 0.06685639603478316 0.0794322245463201 0.021301191084556224
89 0.041403763653943514 0.09259058303829718 0.0035260490299596934 0.1071121001863296 0.03650037120320155 0.01118117952158313 0.0344875223067068 0.00576565335906448 0.1008873402318481 0.10758348845153269 0.038605663890165696 0.052213810961150735 0.07310466511814957 0.06497495794517957 0.0621710472567762 0.060981683119880094 0.04244346313298673 0.039059453802292775 0.007129237348760488 0.018277966442190954
90 0.0002799896607648726 0.040807159828364685 0.0898083632265699 0.07288247531833789 0.07856414999042181 0.05582139394852001 0.07985851069580108 0.08180276843882416 0.03982566761668716 0.0052370321995970776 0.026523435599250522 0.0838779871638187 0.019074666135882965 0.0029803457153037083 0.08233963524243644 0.0431724765618834 0.1008249570554862 0.05734989158137083 0.03411808274730272 0.004851011273375983
91 0.021320371822442657 0.08373515279038252 0.09787823308049054 0.06236915008034016 0.012176401258821423 0.008819882981357776 0.08314815566300102 0.09113357071904375 0.09056605274238667 0.0006653913142896384 0.028582423883636902 0.08482073807759319 0.053435728658879585 0.017513677203948426 0.08761798811860508 0.008413622472163195 0.062127350427322765 0.07599205437684094 0.00246116099946735 0.02722289332898633
92 0.07527150734702096 0.047282652556952916 0.0014293004988613553 0.03164234761288254 0.07252706903317793 0.02495013967656638 0.03623477895571128 0.07814955284738176 0.03360716501119233 0.04949061548857103 0.025511396674651812 0.021830162612130048 0.021513439430085053 0.10046883973979129 0.04817957813123059 0.08368811407408157 0.006040030952819441 0.07920923734789821 0.08415229342611501 0.07882177858287841
93 0.08616797352167176 0.05486955970016572 0.07683483187940349 0.061642915053175824 0.026567857540019467 0.0803645547348838 0.031262796644227375 0.08054534953163724 0.006066125879330107 0.08554557039949903 0.004693848847616822 0.02361892606035686 0.08050366151070946 0.06619419685750479 0.026483316969622854 0.05231804870445283 0.0208219971436144 0.02569936538837208 0.04570141447048611 0.06409768916324994
94 0.05514990348161941 0.018836861878930376 0.07014424109254334 0.06610920044257079 0.009471218047777546 0.006004146818833305 0.04169395361134234 0.09272783272135708 0.07293552242390715 0.011989446864302523 0.0532790179590566 0.037792391074259565 0.0891615295649904 0.08522335081617007 0.05500351951230278 0.020377545807197837 0.06962894799621361 0.0036785321206769454 0.09355110154380124 0.04724173622214703
95 0.060394189893754904 0.05284394774864985 0.053276721335883265 0.08222668655193423 0.007058673422002577 0.10822303523146772 0.007251442428978458 0.10854332055939446 0.04685954659384888 0.020903874199476348 0.009966781237739255 0.1040207002366485 0.09537161722737979 0.03637818849774059 0.05450046567441399 0.023910873076792034 0.0007740582216081612 0.11114308882319093 0.014775260758818022 0.0015775282802784276
96 0.028648594415592192 0.07739930953294366 0.07983332926672208 0.08069278124900518 0.047464429798289284 0.045156474698375075 0.06412574436873215 0.014236063470511987 0.036975804940392314 0.047979037862055304 0.027572026788331278 0.042322616182661574 0.06882635083960054 0.013234538132041777 0.0830412513301791 0.028686988770414874 0.0639141228602232 0.0403152746198185 0.04110745371032133 0.06846780716378868
