0 0.039358622503062594 0.08958761798457944 0.08556951212353531 0.035984981185885716 0.09948044116133009 0.04414368253168944 0.06566573506587044 0.09278604456682962 0.02689710221095226 0.012353596615064534 0.018798860043248846 0.06272001205939579 0.001247701619683864 0.014988397964180852 0.07627146461796588 0.0016933517602482407 0.0818080469774555 0.037739052691376014 0.07458550404204631 0.03832027227559926
1 0.033818202036322215 0.028295475249253688 0.053791182640711185 0.0063440294689416366 0.09501620306108395 0.015383521616194148 0.012067472308956304 0.08600392843875096 0.07143888106174985 0.08813173525185854 0.016934263956808637 0.026474977500721513 0.05214888656456688 0.08979192543043592 0.06255258567645156 0.058382545612251625 0.024217883470012455 0.05869984280537724 0.05834975765648212 0.06215670019306943
2 0.0891550136473621 0.014076546773972961 0.024674920220005985 0.06463820765268748 0.014491206403315669 0.004945912065354176 0.10806565443865583 0.11128432809575253 0.009504219689019686 0.07245536177067953 0.041592797923942736 0.006604309734849773 0.06732375415467248 0.00721396731264548 0.036694045764480446 0.06288847968092147 0.10151724701154809 0.008522715037946276 0.09086874217175595 0.06348257045043146
3 0.08835955917701104 0.010423273053553827 0.039950263150531115 0.008867872485800858 0.04021706739069325 0.0014430433035997833 0.10685423988379986 0.039159994807026366 0.04835915486687889 0.01934520753163714 0.05556178340302733 0.005117989499129198 0.0030683826320953836 0.09752321715756379 0.0630551559252353 0.09360754293336275 0.09372620711382955 0.04286258060118531 0.0943126823696998 0.048184782714339375
4 0.062146917037798365 0.0622777622205801 0.051746881384840154 0.08120377300801405 0.008961717739014826 0.05490836303783956 0.015938255165424627 0.03986101080246466 0.05804477817875531 0.019106781750973363 0.02780232358671412 0.06142153475643722 0.012510455888421779 0.05492853937313608 0.04483167107336523 0.08793596093472301 0.020149248170410042 0.06932041962472235 0.05125707931375312 0.1156465269526122
5 0.137392262730677 0.039499534510913974 0.03558463455132824 0.046341393102765686 0.09680352389633161 0.012519400719840815 0.03672324277371129 0.012866515162016916 0.003918149289031959 0.03922116255860304 0.12274180624369968 0.03417677208090875 0.1364922697123701 0.022473347194125748 0.009801988088155243 0.1429629924879988 0.035506621033230136 0.0219289946892325 0.010438625803644198 0.002606763371414389
6 0.002670514660974266 0.05806133043181438 0.031022101800651698 0.04969946668904962 0.06208643947396276 0.08045915625057491 0.03277295802121319 0.02123065798329202 0.030143281389474617 0.04649405895224371 0.056962921087982045 0.0320342375537533 0.08242407908805895 0.090166699458391 0.08596459806115378 0.017719038568994726 0.053635481012761194 0.04998866193863809 0.02472563731261344 0.09173868026440257
7 0.09787723860382183 0.026893979904316082 0.026463479278918955 0.0276678217964239 0.09894892969201143 0.061007691227339 0.052080215558692064 0.004233364326448297 0.02056860129066643 0.08782354070148542 0.012352970569875563 0.10259795750168875 0.04290548920761294 0.10232420258517874 0.012093454637034687 0.05912457816473708 0.04044701911854922 0.08655925218232578 0.027535897412331534 0.01049431624054245
8 0.03810306859986647 0.09038569389556073 0.028076941392265038 0.07345644279281116 0.008808682222756598 0.06113577230961659 0.002910919062184755 0.07355823280350508 0.024207396930020355 0.01729512440947033 0.07476664131238542 0.05935459532191097 0.02220827177786008 0.0964767363758523 0.08556634837415553 0.046847060646294854 0.020897538183374323 0.06433700951684597 0.07362942026196012 0.03797810381130324
9 0.05358973559570822 0.042884233228402166 0.014545261783718995 0.0950971662820261 0.06513409827111259 0.05301522937053742 0.001672384852210439 0.042725923153134025 0.03468590608901768 0.06743085699932914 0.017204652177130367 0.09566581247545382 0.06720256872054714 0.03959530673573156 0.08268722140055208 0.03124892709421953 0.07735424594025349 0.013891457334082142 0.09299388786896376 0.011375124627869323
10 0.05810653765885398 0.05827235891852899 0.03646449818564614 0.002245379093583641 0.061118707808975575 0.10180192396186075 0.07991635701150197 0.08770486309248168 0.024901604056734142 0.07429201451227962 0.044585087254593585 0.0247004910539947 0.06060419439438618 0.08881054225595134 0.004170115058204114 0.09969966260315086 0.040373520133254744 0.0189068657697572 0.02881201877491227 0.004513258401348687
11 0.04261096760567927 0.07579075877163961 0.058917323127612914 0.04811832751493248 0.014931016056335216 0.0592969699358276 0.10248478006972053 0.012722102283635748 0.10045456651652158 0.07372006256664332 0.014508402902661355 0.027626955562922478 0.04874068535524882 0.06988260193799574 0.035528729351167944 0.025338377096119795 0.07923824052383344 0.012879690481458863 0.06772637510211169 0.0294830672379317
12 0.09578690827145886 0.06709623921580674 0.05226603576453762 0.033860259968417857 0.01187808888489712 0.10615404511629382 0.05290845399218997 0.06648607494876532 0.05066729809885577 0.024753647802022237 0.0046818648357272105 0.04037686374851103 0.11851761383185491 0.049061418954501 0.08646315696443473 0.02332164725018372 0.042386638554350875 0.04923425620385556 0.02264227370964805 0.0014572138836874676
13 0.07366967062930659 0.06137114155653463 0.019703481724726853 0.07033789230804112 0.016707496765197043 0.07270905666486092 0.01699158513562166 0.07408981658812841 0.016035823198248773 0.05423412632501248 0.020028475616995667 0.08460290675346693 0.06886073838823512 0.06821136632853157 0.05094983889146497 0.02613201814953085 0.07518985249763432 0.08174615182359539 0.006244281745104361 0.04218427890976242
14 0.016390112775243996 0.015006935991437716 0.01391688044865472 0.028256231959486268 0.03505618304003897 0.039854521427253285 0.10097971279772681 0.05989700710044511 0.058840937685733896 0.10371459684604879 0.06399776927674042 0.07787667740860056 0.10240833488689365 0.04799705863937576 0.07874916465842909 0.007404644114376225 0.09731810126491863 0.01073885232448874 0.03861220702908296 0.0029840703250243864
15 0.03031687248573178 0.02243862385972706 0.1092736646682769 0.0619863196318855 0.0376789110605219 0.1055131785975069 0.06384308643303063 0.10745095922110397 0.039274524492179066 0.015283961962253467 0.05032148987568077 0.05644285891546666 0.02538683545522295 0.004205507976984722 0.07279197756207009 0.0016258820679312033 0.08472223142917155 0.03132831121371821 0.012117632375678535 0.06799717071585833
16 0.07335737262611848 0.059758813786205754 0.018680897933844948 0.020093541017037232 0.09732588700998748 0.082161167306195 0.0847971594648947 0.0229446790704203 0.058523927689620364 0.07573423005929215 0.04645385219654987 0.0005393214641877043 0.015557202078713195 0.03205700781482943 0.03516667849948244 0.0846364564276382 0.096958814852035 0.005909476133850276 0.008617892601589003 0.08072562196750854
17 0.049574473553459474 0.06665849093003982 0.01981452432708348 0.01173488468644747 0.06979246201448636 0.07933826903137531 0.07288627014574492 0.029825319048548647 0.010568639001747336 0.058103040160729064 0.07140530642319848 0.059775144050461505 0.03172946160705931 0.05097447210262568 0.047917592617455554 0.07233939829164084 0.0543690259328269 0.052305751463010655 0.04316156732654986 0.04772590728550948
18 0.04967812922123307 0.07988630726824038 0.04581860652116753 0.052837767056234906 0.007091173284657901 0.022581128649088088 0.0479853492243097 0.007038053872214563 0.06056435026906698 0.07957788776639821 0.05105840909600061 0.0834899256447558 0.02065961106511822 0.037851656826464325 0.09867450190630224 0.0357491395308444 0.013398919081043884 0.051415036492359935 0.07022358849803251 0.08442045872646683
19 0.08960342157014477 0.07297454578046506 0.021517918035530655 0.029514427964692 0.04213494107479052 0.02622074588170749 0.04472060890636346 0.08395800551553555 0.07347588440760346 0.007801797257112739 0.07104608473118165 0.07852104909832898 0.01981556067187038 0.030532634603669385 0.0954813211603726 0.014919072003733816 0.04811622214234646 0.035232536467140696 0.08200779342727241 0.03240542930013785
20 0.04494811688540282 0.039750143033825625 0.06266792556107526 0.03976760625466354 0.07032190676652549 0.06785178747265937 0.06871683755381193 0.025925390184775434 0.08656611096203654 0.0602168304604769 0.03729396724434217 0.03812067688638509 0.01999896355750052 0.02503259028715822 0.04012379109268506 0.036106242531485484 0.08557687941340435 0.07454290125273429 0.03616985058911093 0.040301482009941055
21 0.06902292016436078 0.0020441924383137943 0.0079487054249022 0.07950353035287437 0.052835866177644755 0.04062554657890031 0.01947292673121847 0.05648087236074892 0.06103126509666602 0.0657713448289938 0.00594484013910947 0.04603267988275898 0.057784083039783565 0.0793734046491056 0.018622714291426763 0.09718803368148472 0.10368439252028311 0.008520631942425621 0.0787885224871539 0.04932352721184483
22 0.032656026314902 0.06594560784318121 0.0007839102826876383 0.04037948707724559 0.0013090836915814932 0.05780533770071823 0.04990540180142979 0.0058726681973581265 0.08999478393621915 0.04728605015684169 0.08220552157870546 0.07892943519616104 0.05395896105446299 0.0072148988262027034 0.09555667163524459 0.09647899435856053 0.009749048230176872 0.08829038683800844 0.08244041221920559 0.013237313061107018
23 0.08644928338776411 0.07728220047706083 0.09192944795604782 0.0875050406362836 0.04149833720263159 0.01757399483724607 0.0540265330020733 0.011875990032242096 9.319469674551593e-05 0.05074662785109799 0.0871348188188915 0.024511648230316815 0.026121199190830044 0.09223484766604685 0.047932526717459435 0.010166911121901982 0.05911473861796147 0.03175235131476161 0.053148092792310045 0.04890221545032698
24 0.05106551907636018 0.07263748110169944 0.026400666903754543 0.08207355258115666 0.081048048450023 0.040999489417510464 0.09551120264284661 0.027747095666492284 0.08887600352695516 0.00025885220989609644 0.056694168074102144 0.04253300998462174 0.08141340014875012 0.044619301134828634 0.018381413807038626 0.018045739558543706 0.0444095700422062 0.026408618557725035 0.02953241538418631 0.0713444517313033
25 0.08307519507802806 0.030469160349424766 0.06132006936709401 0.08898770691129175 0.02057081986199325 0.03733941027674488 0.006939353005107753 0.01325002761833827 0.01823102777065049 0.0359656658066806 0.05115568773296732 0.062291880354230215 0.07340842476849059 0.07954559755583296 0.05734903685148811 0.06092502490033235 0.07046779054951104 0.02509170550973699 0.0814397280261344 0.042176687705922145
26 0.05049809983241106 0.06199006793874895 0.03788181221304522 0.07395293734902457 0.02068834411591501 0.0581573872936503 0.08051150439422285 0.021385179794186266 0.03510916157422622 0.08386703685087199 0.04451747483268936 0.06476752733818177 0.08456717222402999 0.07043477383716694 0.005545331896566014 0.015901358226286022 0.04395084753099129 0.057042509098650426 0.034964687873664184 0.054266785785471616
27 0.0500645833409632 0.03400548872006814 0.01332857242208407 0.032710563170528575 0.05838261675942077 0.033368708850296476 0.07360660497610007 0.08626244623189779 0.013454325804117968 0.04810315524788125 0.018220692241511235 0.0491839181294667 0.06203292354238646 0.02707635610699004 0.0901772680901598 0.03511417956522166 0.0010202285372168482 0.08095399372188289 0.10042972708902777 0.09250364745277834
28 0.08402865108491522 0.05447214187363607 0.06639063790409806 0.011999337281442536 0.03074550243714844 0.030897791062561693 0.028820343336855757 0.059354847221973164 0.029251726454335183 0.05271780235309367 0.09468707866422099 0.02230854111420666 0.07529648082317984 0.021565174837657998 0.01705683986513183 0.06795197427860679 0.03792525667402463 0.06281879128704056 0.07353189702665859 0.07817918441921251
29 0.003933228177808856 0.008438069102940654 0.07521822551521029 0.027720642361449846 0.06816303730839708 0.08776400581657018 0.06314696853517596 0.007557048807256623 0.02377313099920991 0.09273424792049005 0.039948976679864946 0.08306135410959714 0.018181982282474148 0.033658471439934834 0.03015297596974405 0.03422584000895983 0.08529070686935375 0.06745266190581334 0.09143375890418164 0.058144667285566706
30 0.06098870252843353 0.03420298082625793 0.003654955468147769 0.043859349715388164 0.0029907102826388114 0.08525889975320794 0.03696362877307074 0.040538758513659526 0.08680351016761048 0.017770976367049458 0.05748452164238706 0.08254277130758163 0.024279790423784475 0.011371574273595728 0.07177096153677805 0.07953124200469319 0.05236895622611671 0.06821827305934228 0.0806377099845919 0.058761727145664466
31 0.004440219388206596 0.10621710933107349 0.04180136942699847 0.017607617671403047 0.09870923196454116 0.06103776522438595 0.01288590202109398 0.07948567996883857 0.07655525660684066 0.017084443446613473 0.07248478877078436 0.12073692813809922 0.05941692597565136 0.0170041754549183 0.02867639405521323 0.007958177075235618 0.062400472745816504 0.05657081973962415 0.00372486374691277 0.055201859247748945
32 0.0545142291280135 0.05865864272059096 0.03695184703541366 0.0850374501680995 0.07522279244678072 0.06206050805832331 0.09189652666027383 0.022955380030640904 0.06667442971083579 0.06549376179121603 0.05721737273342793 0.03759766521863769 0.03419876005583217 0.00516766815332612 0.02530732493197011 0.06823778773224239 0.05365503272243352 0.04238468002011796 0.0051838107006254505 0.051584329981198405
33 0.06800618559605462 0.05132295555845245 0.03675696905308245 0.035634457654342 0.05482474535098785 0.0697253514870736 0.06914326560716805 0.07420497275703004 0.053350229029037875 0.03266490964735519 0.048607734318679395 0.06990239918208593 0.06624241956541228 0.043971328944704846 0.04692453318313526 0.032097611380010625 0.0008493259066694766 0.06904327834770708 0.06705061807215902 0.009676709358852058
34 0.05845874821365665 0.05961699958942223 0.04813517490140399 0.015701664159279226 0.08503914088292541 0.018944161557929075 0.08742158283771152 0.010730715103273752 0.06132294454286897 0.045475821521110495 0.07464688429168699 0.029138428017085882 0.022738680560876707 0.09465880256636454 0.08558749014400781 0.058877289796987635 0.017765088399512945 0.047926026126356464 0.07029034709476412 0.007524009692775388
35 0.03588943467959823 0.040168808708443124 0.0814695427211943 0.03910863886874558 0.019892329619707893 0.059383711109240324 0.06091350200657499 0.014501145604728137 0.0017766789569765033 0.07097943915445153 0.0461454829374092 0.05637033572050869 0.09054102505772794 0.05809435890047701 0.023136634926790415 0.06153617748945207 0.09350392255866279 0.020394446705578648 0.04803525871632714 0.07815912555740571
36 0.08861244039739861 0.012605285232527796 0.01219479825395657 0.04228065241799388 0.02572658085592629 0.04871610778055065 0.08104890592357926 0.025462861583758767 0.08875849775401808 0.07069300050116648 0.04586974462486864 0.0036816811762740956 0.009765989088992065 0.008673705458205085 0.08632765798487584 0.07824897648561409 0.09466577901668936 0.05804047051414746 0.09191652778925408 0.026710337160202848
37 0.07759144606432797 0.03108506061038313 0.045123620873745544 0.03974575200458883 0.040780973398932774 0.03409644021456387 0.018441465788013593 0.03948737080886669 0.042018384200342186 0.0501870279297286 0.062237129302536935 0.028250756357691625 0.08488521048413793 0.06665114181250882 0.05522220947554525 0.04845195061950349 0.019199997898511158 0.06629809497322525 0.06326652857121613 0.08697943861163032
38 0.06524757934710239 0.0575985509777696 0.022035363668912553 0.0058915617635740295 0.010646739251051225 0.05476639215384185 0.10555677931394486 0.032733747315542086 0.05327027906519841 0.01271221607323572 0.07060434250325733 0.0746142990221294 0.03671506822603157 0.019400371357146777 0.013981301256015115 0.07559842322046649 0.07643376600124764 0.07536866759012308 0.08911575928832205 0.04770879260508795
39 0.06533746625890759 0.044303669092109955 0.06470788026724626 0.00996408756934145 0.04380628652429982 0.04805946899099415 0.04230305883460732 0.048355351491754774 0.0863532841021967 0.06857516761415164 0.007396032904049643 0.002510518497552864 0.10441175858383935 0.10225327712980375 0.09604193864925945 0.08370669162196578 0.009476646474862568 0.04164248150377074 0.008677783225918263 0.02211715066336792
40 0.0915561307119378 0.018541788290996713 0.058299028084582365 0.009610144728301406 0.04045576420568839 0.03638628825490538 0.06428923896257135 0.11763542959257733 0.018159276650020532 0.07501223062765634 0.0282210552580302 0.05032974063339506 0.044232889200418776 0.09471014087375716 0.017837194176914536 0.06053225995477774 0.08491921039297695 0.008788589676976204 0.07491239684156226 0.005571202881953597
41 0.10325137835127628 0.03925272192520369 0.02549565344395792 0.004526932032216984 0.010281325260971008 0.005786893211047617 0.00819831563993029 0.042472595363674356 0.09246577317574634 0.0487127078661132 0.0453567650121866 0.10239563597636017 0.0016066345030911005 0.097397924578285 0.055001649317209036 0.1148518586511419 0.11044397938875962 0.003953886045195571 0.06365517066453802 0.024892199593095275
42 0.07429090832936583 0.03263973142133071 0.06632643179277949 0.050822997827262406 0.01782036347300245 0.007703165303648593 0.04218819431924831 0.07238051747193544 0.06511512553384455 0.044036989291129876 0.021295298296340602 0.05811822065187267 0.012584082215169597 0.07232774358374512 0.05040301561491068 0.08174766154066412 0.07156131978101475 0.020182270627351617 0.06319874340828892 0.07525721951709413
43 0.019950828888576085 0.03682650767668907 0.044841179882460426 0.06874859045017342 0.07946130333648975 0.007840753985912292 0.057467307813855534 0.0730828289383743 0.013635289835275295 0.05140142264540339 0.07241153569367487 0.018483199488995815 0.06437311265202912 0.07963966495659419 0.011887559011092938 0.08244952934542561 0.07901767436425702 0.03361857452610743 0.044070429114459506 0.060792707394153864
44 0.023345105175226682 0.010695479285288302 0.01031338891928267 0.051542937634801035 0.09086407838561057 0.08437366752203383 0.02551137378878541 0.08735430400345617 0.03124133881994703 0.09046063956344644 0.05514403103245957 0.0036725492571887323 0.08899685174154909 0.04553325346347417 0.01917368497900639 0.05532462696319845 0.040483317143383615 0.07126483155760652 0.06789899893656606 0.04680554182768908
45 0.021424020840614833 0.07527346659676606 0.06507911755896383 0.0823315282086255 0.05376786163394275 0.08390982410886148 0.07538924916552135 0.07447465106110136 0.06324371893166617 0.05305547240402993 0.005446593999819502 0.018683160195361675 0.010642314637018127 0.010359066525596126 0.0038687370996118324 0.0772962834921667 0.0623898706227309 0.08995839546645548 0.014936720751261033 0.058469946699885166
46 0.00020615014560360607 0.006707555896486304 0.008817544368134835 0.02635534596046849 0.0315720803639223 0.0638213143382979 0.06123467015466611 0.029943995592598055 0.11062911010269533 0.013071838542216285 0.11069712437872287 0.11020508995734649 0.08248492530039514 0.034756923203249905 0.01443204573413427 0.11717740112564883 0.06717077811817478 0.018766777432604024 0.005852517073861389 0.08609681221077317
47 0.055333002165490155 0.07774025250152794 0.011184071942656934 0.0027687660125401163 0.07319736365304233 0.06840088816095968 0.01562774559996352 0.030540079269135587 0.036534565298573705 0.09129193943130876 0.07620086697521178 0.018069721738558045 0.0064506476735071375 0.023956305772270706 0.08729559341099881 0.0660623733875357 0.09121839039228506 0.010720210790985481 0.07574124740221719 0.08166596842123143
48 0.002062507872387296 0.00978164466207076 0.04151589599971842 0.07477799629779179 0.002722487891292896 0.07920346139742594 0.030487711153663187 0.059625316308440625 0.057998677897335746 0.09123143872323498 0.07061964447497134 0.033760806838735266 0.028787023673568893 0.08106764919508924 0.07814602787496233 0.07603761018727605 0.08167543003074335 0.07125199843821631 0.010072119010213773 0.01917455207286172
49 0.03292481745107442 0.057335728760195326 0.07438509165498855 0.05000697149169211 0.08438768223112589 0.04804601633882886 0.0032565293647306174 0.010712238189862255 0.003980263008650651 0.06674919040589594 0.09849898828856388 0.058297422590507325 0.0867867239177178 0.0969800976535221 0.01888140233242071 0.021271672091136312 0.03763129431427382 0.08713637983555342 0.05372040398145017 0.009011086097809862
50 0.023927937333206514 0.013863211746752428 0.025588535873290567 0.10538306560196835 0.01506292132953961 0.01800420393122563 0.11699715621995489 0.067276571271367 0.0055513490959007055 0.11351148229591607 0.020773848069566173 0.08165462599166448 0.018980242942503996 0.048235686950988454 0.08368453621343919 0.03792593411800362 0.09352148428322839 0.020572597648986606 0.02208866405931683 0.06739594502318061
51 0.08044833023651567 0.07027402099514027 0.06508417779374939 0.06390791304166453 0.019518236338025116 0.07194412718968876 0.03550190923633459 0.018644244635786858 0.054605613520124247 0.06669049136057999 0.06815996841131616 0.0435121071888824 0.06489569552217654 0.04459540147973044 0.042558573887915056 0.0022705527560193416 0.07333060921623434 0.02050758620391922 0.055573316062798125 0.03797712492339903
52 0.025892769492617266 0.08680067469369362 0.09106073566994186 0.03218215761181662 0.0004234254051866628 0.06640542154955542 0.04918284953863974 0.0450196918324682 0.06498312978461736 0.012932222188033558 0.00756289939088272 0.08451670628191842 0.07126449495313376 0.013425866728207765 0.045268605054035516 0.06345945606555055 0.00019569503251966493 0.07400883227733741 0.07766191096427454 0.0877524554855693
53 0.0024587275753890905 0.04841830082621802 0.08238449298967651 0.04429552028037103 0.06504426977947315 0.040273973152101995 0.05027282248873809 0.016410323790923678 0.07807325789484328 0.0668809870513743 0.06037364345301775 0.03764532677865375 0.0588587461072081 0.0480147789829075 0.043949268307450495 0.013092211520720135 0.07553118733167923 0.015732212864214112 0.06818138723122052 0.08410856159381905
54 0.028113086307231836 0.061808062906766666 0.06368650789316578 0.09158073570096682 0.09696045428242632 0.007364349324122721 0.08431520242618527 0.07349084859547754 0.013235897512953483 0.06245832997247072 0.07079377029599482 0.030198132408149617 0.05433001936807902 0.019302455056246153 0.06743474658370892 0.016722750016804167 0.06825822196457014 0.06367781475717953 0.0026158890355606453 0.023652725591939705
55 0.01999462093535221 0.07155997144678543 0.08199598649819571 0.06323705342859752 0.027691026152336002 0.05392916726997482 0.0029340160905794057 0.0276352899594063 0.069190030476708 0.022734769525321746 0.08281807301649535 0.06734219441168533 0.03155300994559762 0.07429816495956477 0.11926803682016338 0.06087055405739185 0.0259315306712973 0.0628154575136234 0.029499413737243706 0.004701633083680096
56 0.08012670082975233 0.02624653459315517 0.05462470087360565 0.08209292224778028 0.060371785430475174 0.0012009037681141727 0.08346471779026636 0.007517791268183213 0.06030781725055372 0.02474811550862575 0.05006182817064681 0.013133568877101987 0.07816869459078649 0.056819129045884265 0.07871902751139746 0.015074361852151247 0.030397424733898244 0.05493469674239797 0.07422991587527335 0.06775936303995021
57 0.033736893891028054 0.011835407195633167 0.03206385539118625 0.06414884735210635 0.03975658215648874 0.036352432208020806 0.06493368867941283 0.013529769169726272 0.07870763541637274 0.025189329047804868 0.06442625286144577 0.029175158935730236 0.08424583530726382 0.05517096279205891 0.0836202445847447 0.07218407361318067 0.04351368677822268 0.08142816531964976 0.05895759507465151 0.027023584225272
58 0.06431210281283312 0.057092335074116825 0.014194168596358817 0.06691254971161116 0.0973849224502551 0.06687406619011688 0.07250003902823088 0.09017400374546608 0.027093280391130393 0.00679917109504301 0.028724998802648494 0.07698232726557264 0.06406283979551457 0.06740244236293738 0.036723258468943976 0.07347836682406864 0.03815109042502294 0.005466174107918626 0.03963688751823525 0.0060349753339751675
59 0.004962979600853556 0.08561646646899274 0.05892227977594958 0.002514989284727418 0.08440763274326622 0.05033690305467013 0.04080211020179506 0.07790392158097355 0.06426030671003077 0.07822487408109369 0.010958288538736361 0.07883881997626604 0.05364103393653736 0.07136210752280792 0.004856476755087641 0.09114740824270319 0.01482623728478125 0.052141568304330435 0.050644432643846764 0.023631163292550137
60 0.1030078132100371 0.0521500165398443 0.01076017640322615 0.009035908682426012 0.06491515371998084 0.10311614057129014 0.07027552516046279 0.08036950741717964 0.015308642006099094 0.026747267303590453 0.002304039191395203 0.07753652726624904 0.021450183237404018 0.085247765064188 0.0682009151606783 0.04793390993467336 0.05606055910116667 0.03210586899491106 0.04153138574153129 0.03194269529366659
61 0.0869584264949353 0.07851300973540708 0.0862780885405559 0.08239912057090155 0.0849094172428167 0.021210191931309182 0.025552114888706276 0.004607079911518055 0.0011545598380995452 0.05201672338199717 0.06936516244428408 0.06629895669638984 0.03782241414758981 0.05066119372332826 0.08643909206200905 0.009686858043153864 0.018848947135710784 0.03551819360425296 0.06006480974214383 0.041695639864890624
62 0.0563466791624487 0.04444826992437474 0.01633575238233435 0.058621567149850215 0.07857469707226046 0.043601165943439636 0.05809810003389829 0.06375789326235069 0.06393041212547103 0.0666886393721993 0.04911888945345951 0.036055455974629766 0.06913946202374108 0.0063077988968710495 0.0131134392245118 0.00718401475486662 0.07985647491817248 0.06553859453768887 0.07609947422606268 0.04718321956136863
63 0.06666530916358046 0.04571506384840399 0.09039678445804308 0.0420439653857377 0.05500704610643813 0.0053484097799288725 0.07661499489200846 0.10112700651254597 0.015878421449107654 0.014235700766719508 0.055148400311025074 0.03410955098975825 0.06775258199525352 0.0167542811471022 0.025949414410695478 0.02025120894784147 0.05235508762330461 0.055658190939181736 0.07874880356185818 0.08023977771146563
64 0.0725128680527393 0.018054134579597095 0.0479291531742823 0.065661452283203 0.06379029011311271 0.04190063191047096 0.040559829302672386 0.02122898582492522 0.02469716930654483 0.09609391728198671 0.030981809853828875 0.04744411452664318 0.0814974116025654 0.07750363970751774 0.05095388949072081 0.007815832304342683 0.05850378468150877 0.03265585464914551 0.008181339927809915 0.11203389142638244
65 0.060525855637089815 0.08420867219800611 0.02098618776388786 0.06843204073940397 0.04264677422962669 0.07815991504737986 0.06737339767114883 0.0022063189913764086 0.02807722197003873 0.054769428674931855 0.08565075797503277 0.010300314268766533 0.08113184176712292 0.05666772331186026 0.03331176012581534 0.05016557804369031 0.038708888848067696 0.015494516830869626 0.044906517558241765 0.0762762883476426
66 0.0584722681673907 0.047989742589964114 0.0923453285011191 0.08191042502100149 0.017431975312044247 0.07119945356108734 0.010962463391234798 0.08227806914786845 0.013329168164058458 0.013217462382547337 0.05125427408635723 0.011771823302469769 0.07857910318030568 0.07810926552256858 0.08251626154710344 0.07868791251261921 0.03244399418243551 0.06510936273524813 0.022179735174948756 0.010211911517627731
67 0.011111563862008624 0.04850486405303458 0.08070911205796391 0.07853492026890758 0.014163238742175968 0.05688091656244053 0.05605940523542173 0.06147019662553957 0.01954977287074536 0.05831368351641104 0.09949705900581954 0.030477494496563978 0.06561124400755132 0.054126169229921785 0.017589514993274987 0.04984672783668681 0.034695058229990396 0.08316429965070779 0.04771682984812981 0.03197792890670465
68 0.07103777271283306 0.010045724708677472 0.09192176367216306 0.04072122168189449 0.060469393797914356 0.07658350605512562 0.08144923118708572 0.018297088415091284 0.09639918825322379 0.09260866691675346 0.0007730918452920531 0.011276971746793141 0.004772741927757633 0.0970814838075852 0.055481686390680664 0.05701175745556947 0.05215059460531238 0.006328827140864474 0.04680446712328588 0.028784820556096994
69 0.00915336546537962 0.07454060526642463 0.04932494185897404 0.011384975878852517 0.07759462653259773 0.010742571145697995 0.02518752578876575 0.10064169347363068 0.061231927974905606 0.06924051843971771 0.08168908017749993 0.09245262521723638 0.010812177008286452 0.03153533622006295 0.029227366684522253 0.07223843225899826 0.10217823936614201 0.05302339146296103 0.0232562041255268 0.014544395653817464
70 0.07875470022606364 0.0497791925179749 0.024331173230946107 0.07109851275121755 0.016616049534396642 0.06393315563958342 0.0674333314080121 0.04654942375549169 0.009294280329475484 0.044889980016830464 0.05995194468985266 0.05747481321361709 0.06134023706388379 0.0367856732050378 0.07817969966234478 0.06293248799669304 0.04652149344786771 0.03304225653337011 0.049886955133861745 0.041204639643479195
71 0.03811905761817814 0.04911645221375603 0.09755464042694174 0.030782114317466892 0.03649564741266056 0.04582812754910012 0.08451080571184814 0.05174170367711632 0.0937453073116957 0.02979394797787971 0.08008681463742072 0.006904185330386592 0.058792799605726385 0.0691964625642054 0.0251840641619704 0.08809088850844365 0.005039529759046134 0.024897484048304327 0.020490768396712794 0.06362919877114012
72 0.048978373569864606 0.061815487027604386 0.06151569570500464 0.09899723825256472 0.05648618756508329 0.013708102915249702 0.06769688647740894 0.02300142541521106 0.007738330029692192 0.00033401526012059277 0.09219858114521891 0.062361082404750745 0.03515137702550998 0.10131385127948611 0.070889502301319 0.0005302655777468918 0.06278771072760683 0.08338882332239238 0.02112294109835809 0.029984122899807217
73 0.11640392332040846 0.006140834618728839 0.07570385098680642 0.043407020620192076 0.03682819112308824 0.03351840287442113 0.07472170247363846 0.11755769468556429 0.07471031441271696 0.029724733148636915 0.0872388183584944 0.050976287064642224 0.02787457093134385 0.01532731605187517 0.009450819041382235 0.0060410930621629675 0.11600866983962849 0.009090892556412298 0.024263873102598334 0.045010991727258344
74 0.019893914735035944 0.04336439578628891 0.04865485893439532 0.07365533495967655 0.07550608506964405 0.0213432808602539 0.013920103896738149 0.06166940798738558 0.03411268792929027 0.019857088248676817 0.05675115147180629 0.08010379369651854 0.04185978229728332 0.06496219249740803 0.053658647050110024 0.010916390507819267 0.06298544416588409 0.07801929098020474 0.07250243309390096 0.06626371583167921
75 0.03196239402667076 0.05262430613384622 0.0496444594826576 0.011358865275149328 0.04831548156762131 0.0024899930002925947 0.07535462374157748 0.00032221347317434445 0.07749385808424854 0.08740226621398163 0.02833579405953722 0.06051708845908268 0.07566147505623042 0.02286939687295173 0.06465716769039234 0.0943687166308426 0.02193180399139552 0.09357192261555305 0.02825223170908439 0.07286594191571028
76 0.014320477599585654 0.06119652058117727 0.0011854312740867637 0.06191565504870303 0.06693763210293001 0.05606364775587703 0.07445794816454182 0.037922034126537635 0.019243080185524716 0.059583983470342716 0.06818428610652381 0.028908546805861277 0.05808767093399188 0.0683594741579754 0.02901446704391788 0.0680869443754568 0.06192694871350642 0.04449942126639332 0.055531570206862925 0.06457426008020374
77 0.010126213594678007 0.0954160718402377 0.03148637540439096 0.08629710134573501 0.01807594188601545 0.052447414807877235 0.03495804489304594 0.012247598682264839 0.029949654041068266 0.07114549008394112 0.06173003168164505 0.03792712769305296 0.07967916825120216 0.0746489764401226 0.012468277701825682 0.07980535354705329 0.06165832834839529 0.03364605091905803 0.06847115038784769 0.04781562845054284
78 0.034110670848084085 0.08028416289541382 0.04525228972807082 0.018400437972050043 0.017336995075976372 0.0719795696598476 0.02091784467670265 0.06044388974598922 0.058893835987866544 0.07248070169504692 0.03509098906136651 0.0640195889408257 0.05143452536460649 0.0758461133206237 0.06367762318266719 0.05982732866640699 0.025989991168076695 0.06932655907667451 0.0039560090474050685 0.07073087388629905
79 0.09305923390100569 0.09269115415255273 0.01715650173453214 0.07384337920814922 0.022492194425148403 0.05086755840110979 0.04944611122357084 0.0016153326244553396 0.08270058532601514 0.0021817223376312967 0.002778508034686833 0.07442971915210614 0.035496487962428984 0.051964131860612515 0.04773277041828905 0.008641956448072299 0.08882202260718283 0.05319774472435646 0.09091123269354065 0.05997165276455357
80 0.07276295305303798 0.07113851443664491 0.06466864744083121 0.04463730092112972 0.005374821857394175 0.07287321521891925 0.013662570962058047 0.06801742507671622 0.07229935936604132 0.07057403063820233 0.04216592513929024 0.08289025160077026 0.05634643717187758 0.06422099470967825 0.04792944695739228 0.006750477024155847 0.04174080555432592 0.032022229793856265 0.03028012111923746 0.03964447195844049
81 0.12095153145549808 7.041143845987491e-05 0.08097123281914137 0.026659164071413402 0.023155359970377525 0.0595430218923219 0.07826485769042346 0.09242218576057945 0.07266428021021036 0.011863539812477874 0.024427237631182805 0.007541353763427152 0.09142339667295882 0.061882297799510384 0.013203697474961694 0.04074249823152575 0.0504033143844943 0.02665567882831703 0.03884802853488465 0.07830691155783415
82 0.05651846894747021 0.04688033425301841 0.03788662865549173 0.03701709865855003 0.06841580431449501 0.0013911189344739726 0.06343155178874639 0.021651378273468528 0.04812435164854212 0.07891422873406816 0.032580286579216675 0.057162789389037405 0.017116139721080358 0.08847879628002311 0.025909449198565294 0.061121378347140334 0.07336587726736356 0.03746216788571654 0.08876974164343668 0.05780240948009557
83 0.024188847712252402 0.049293945608840865 0.07694417562414899 0.07901257717127189 0.04022146891862939 0.08036613131800178 0.05424392475095555 0.07232064402470394 0.030503556995550397 0.05717036569865876 0.06831358488990977 0.03916773913691662 0.006944850237444766 0.03839853419833856 0.07561451254507498 0.062404771079921685 0.029906070771177153 0.08268950949313301 0.020856761162123583 0.011438028662945922
84 0.04769431527636999 0.056222203653726904 0.07490917003086044 0.045726393890717684 0.04597918713219804 0.07005278910030728 0.034026633898045465 0.031180587076223388 0.009578672024917639 0.02100633360632845 0.09446483781816864 0.04523600936655772 0.07133629903170495 0.08007282082737262 0.02240578962635238 0.020996041681678183 0.01142856758459388 0.07328353826706907 0.09118742825197847 0.05321238185482871
85 0.04034117286589579 0.06520618611658835 0.08334929355864575 0.06853646092029556 0.08384364886446415 0.07452083110301737 0.06492025086221494 0.0063497864169804255 0.031034951827080565 0.08685535645156996 0.04430883991196552 0.06362142922091882 0.04056376177920037 0.0694673382899215 0.005941754091023563 0.0828400218012472 0.018983300583808132 0.008000794158108011 0.02563575294194063 0.035679068235113236
86 0.07026348741606171 0.00678604517090014 0.056663669197897545 0.03712654293299438 0.07238786831065142 0.05939400137214518 0.029470865663338133 0.07455977166542312 0.04412188526504754 0.04172920692577429 0.05954842672172372 0.062344157100530165 0.04428452682037936 0.014692862783775452 0.06725959764678417 0.06082232927781592 0.02711530626849041 0.0429376898051319 0.07212117080967387 0.056370588845461755
87 0.00017855094809835485 0.009177108867929438 0.08982012714881221 0.06731122740018212 0.04681338715043448 0.0690581690753869 0.08829876231361343 0.032048144554962334 0.024630670608445527 0.008404432368495309 0.006148535389137495 0.033021655074973726 0.08858866190389349 0.07203819021673472 0.05115456760964589 0.07449146565544815 0.012119150946612143 0.058434264511542655 0.07761925363256371 0.09064367462308792
88 0.015189345952796132 0.0661658965979127 0.013391981068427967 0.032679654814608404 0.006304335237897728 0.07390483657516754 0.055812260264757954 0.06270447427441936 0.03660823965933081 0.06547648324990134 0.04425565732362954 0.011118618192224193 0.09642766743532785 0.05995202879611288 0.014330261231936417 0.044054289421628604 0.07529465934980917 0.10433303329100399 0.03139210985618288 0.09060416740692444
89 0.06360971863549539 0.048503948048819905 0.0032579589406354493 0.004611909035253747 0.08110178251285302 0.08410891758910713 0.034379325143923764 0.006343083106591102 0.08731119770188889 0.044985117537385044 0.02677714004472146 0.014761414500375766 0.09443264874032338 0.05390201229556006 0.018438757082871904 0.08934054205362095 0.054484874133927 0.0036925848025948955 0.0904896382978245 0.09546742979622667
90 0.016343927604692776 0.005423787042294785 0.07458890378050005 0.09955949204897248 0.016937633626768308 0.03751906458767378 0.10032041663294514 0.00665104763060662 0.050731542914263204 0.10947594582884823 0.08454653194192528 0.08730039719338718 0.02800476002477757 0.017516301244746305 0.0731775276822752 0.04525452549147844 0.03489433250853951 0.061413779898549924 0.04352164123771011 0.0068184410790453325
91 0.08538256297455225 0.029987286068217166 0.0281088290925097 0.013996478427143095 0.01642793959022685 0.09222834272655395 0.03988213008743484 0.06774350888585469 0.008518933157305295 0.07827695816586205 0.07212464154520143 0.09132140693694413 0.041328964758813536 0.062456180088489244 0.08413056797048843 0.06423883756705943 0.026676495644990413 0.012341493043600585 0.019197883730521764 0.06563055953823103
92 0.03853724599225729 0.02077125012019341 0.10106579994775429 0.025537168116291933 0.09165131120041808 0.10334829015283019 0.019536280319791547 0.0418058495363008 0.07972398244439631 0.03791744186852747 0.0012670430659461188 0.044691636863026935 0.016045595079107498 0.002379806662493863 0.056578340430979424 0.07055954416162932 0.06296389935427545 0.08531726930318483 0.016006991802978803 0.08429525357761651
93 0.12169582866884815 0.010749383805042628 0.006450607663890779 0.12115582188008542 0.003641626372121755 0.04901447748454294 0.017499373423124964 0.08556218869066957 0.005558545557024389 0.09496631530968093 0.07870972942665139 0.09240804739197543 0.043279278412428034 0.012521147419483274 0.057150827895334426 0.07523664882053754 0.04647437328484476 0.017036379041174717 0.015866357613882585 0.04502304183865629
94 0.068227034639622 0.10852307171080187 0.016914810455244844 0.027706308627056985 0.02505831351733417 0.03241952792817355 0.03211622311222561 0.05752415965351324 0.11257928153414536 0.08552957459885369 0.01617496444366961 0.0433816718458915 0.08114990962257702 0.055045408053053545 0.001199247269623119 0.028477383587026058 0.03941868492154967 0.0034812627466274965 0.1254859848407767 0.039587176892233705
95 0.04722657519241316 0.10938810340164883 0.08803876756382295 0.09943604736300314 0.06245203564888603 0.025033925763124795 0.06265929655508577 0.018565430830466172 0.025815054718880074 0.046702000814914484 0.06484641898797114 0.017363769761797137 0.002673749304342559 0.014148382884234317 0.014346291628683215 0.08076271481766277 0.05711959333641882 0.02197656029220628 0.10222864461616703 0.03921663651827145
96 0.008298881141035826 0.052294918598613196 0.007033757891327072 0.07228438345113751 0.05606986709001431 0.023638244215471022 0.11026924043226347 0.08160747312030155 0.07430338225246899 0.07488782956035578 0.11059859459737535 0.10899039641847176 0.017305530991252493 0.023875356040760697 0.0009050422094985457 0.07078760604028868 0.032033229960207826 0.02655698841966965 0.00232317778668441 0.04593609978280159
