0 0.009476891772667752 0.04616497768155609 0.05320599745298833 0.026125106506973295 0.09197676112003628 0.09528496918389165 0.027417465772626007 0.00653445162115966 0.011980144728964769 0.04697140774925855 0.06341888191830636 0.0532129872873875 0.04230387882474012 0.03727429605650448 0.045184204921803514 0.09230197714950665 0.06968450314553976 0.07488460912961382 0.03097291844257437 0.07562356953390129
1 0.06537381184751032 0.09962359880143115 0.08015057758410553 0.032092929949785055 0.07549088380277737 0.008762620681622216 0.033976804511905906 0.0007565996331645913 0.09901672210052867 0.0707804848514105 0.07979543814892977 0.046642555797715604 0.053890218539758034 0.030290582228935874 0.061055360271988164 0.013699434610393418 0.06940002453695221 0.04002485993022057 0.013300841145599769 0.02587565102526536
2 0.047059514597782126 0.02154070253285746 0.056370723562523255 0.04760104024552151 0.015999483227593442 0.11737096022115144 0.013601622661690568 0.036708265373709595 0.11422184339558945 0.04578328661317942 0.012281818913334174 0.05312285020833381 0.0023050011127603467 0.06460765142815121 0.10255078574884119 0.0008461487501388951 0.007488198164420593 0.10649643482990374 0.08055161412739031 0.0534920542851274
3 0.040768242027230055 0.0569297427145016 0.08958686532047401 0.038956143227675336 0.09014431564107916 0.000862195501526235 0.0632496410502039 0.01962135322626078 0.05207173331170569 0.0476010084529498 0.09629215953334037 0.00813318713880028 0.09444472036412559 0.07995319210602357 0.003111803830542097 0.0076691257782732745 0.0937008407159411 0.06062174315884542 0.007307288226064746 0.04897469867443712
4 0.001301893151024129 0.003157944911609144 0.05469802641560128 0.06886567027672076 0.0012691712884155047 0.014970364450140182 0.04792467617157225 0.09204225252166139 0.04970669968023697 0.06778022997618935 0.04132016546884324 0.08700266543124527 0.020778650077068344 0.09185069888461604 0.05044652959672689 0.07910518779517434 0.09652469316637743 0.09292382426802094 0.03010648760707914 0.008224168861677485
5 0.04985139676312804 0.10797369368775861 0.036001046510265595 0.012665814971898132 0.10949079213402611 0.06654935274818866 0.10928500262929705 0.035502964703589476 0.046343240365342465 0.020656289718835288 0.048661233142118065 0.05791810389039343 0.061556838216623166 0.04273972781130898 0.01050401871998677 0.0012415856728822873 0.0022331544803885195 0.04389034626967594 0.09907701427174165 0.03785838329255167
6 0.051993961697216894 0.07218908642172914 0.06831005665360759 0.054970396898498274 0.050260633144254996 0.028796804410010708 0.09711617714221371 0.0412700442426864 0.07879593668793057 0.013421906845859508 0.08634863488695807 0.06884591311242887 0.05681545605756736 0.00859351184620009 0.03517723785687386 0.03670276803744908 0.04313063941820179 0.010240092526022938 0.0018793646570935234 0.09514137745719663
7 0.0670467027471582 0.03198717515337557 0.08535208242757684 0.08527568843363205 0.02139301665568629 0.05559886671258765 0.0722238250610023 0.01771556273543211 0.08625885285618111 0.04808585965416987 0.06306196473109993 0.044410641821108314 0.06629552687636234 0.01939869697279962 0.048374171745081455 0.02952374221192911 0.04867204438574439 0.06316607209447767 0.025648715208069453 0.020510791516525816
8 0.09355889244189551 0.050308410598966874 0.04036094517010402 0.03411167685733232 0.007216835306998917 0.04701270893288928 0.08307401432062277 0.08342195628980476 0.09213539637716704 0.08046607357332254 0.0042118623779488626 0.04805132890003159 0.02012156162558107 0.04482921142572925 0.03386467295496443 0.05126552654615926 0.012081706636878702 0.08747403101083312 0.08058123632235564 0.005851952330414138
9 0.07957928985422848 0.07624480155812781 0.06886026237439248 0.07636302963032579 0.017428475187484884 0.0021369422773627133 0.06647259704833906 0.04017831541285154 0.09730447926328108 0.02529008381198565 0.07555808267322607 0.041793740272661 0.026439075085749938 0.06422664920885358 0.011371815366752452 0.004769993059689663 0.09844804113015268 0.06472577992875311 0.029008774062653456 0.0337997727931289
10 0.05628133272916186 0.016772008020566963 0.036177943579030945 0.007457995687031236 0.013142106768392824 0.07720712554396142 0.04431633770892384 0.06549058128024521 0.0651302107262242 0.0392616513879695 0.08581453757391211 0.04698190608685058 0.04763525418212735 0.08797100713710952 0.04405359609551775 0.04169016755967339 0.05204016212626686 0.0824436659740242 0.0024669048387905702 0.08766550499421973
11 0.09924133133866975 0.035970827577130556 0.09019879676934056 0.012017225465386066 0.09890424350414131 0.00807663240562746 0.05011801411745173 0.0032895949467500562 0.06332663135924475 0.0387656289322186 0.08407669218904616 0.004587332342083887 0.02188117549506215 0.008657405483315823 0.06920317048946467 0.08943625042847164 0.040833023666452896 0.04626993864383526 0.06559098634649817 0.06955509849980851
12 0.06498940309925945 0.03252287956394781 0.07180631595175614 0.054831903419298354 0.023868240290425266 0.08352845628886418 0.05631899227453069 0.02906897986535945 0.06958594572131507 0.03474208098022257 0.07563561180622073 0.06199860293506141 0.060732109868183635 0.014005170059978757 0.015766407727725192 0.03384003949070912 0.08327299002840924 0.07241400361702582 0.03715351336010412 0.023918353651603053
13 0.03258824414822158 0.055135200265831574 0.022837442523631943 0.06348839675966868 0.052203374538071765 0.08300377330967272 0.07819493442037724 0.016448952574773683 0.0992767265856222 0.010854445169830704 0.037062566983939525 0.09350850403037393 0.0935805334992615 0.09675023591915705 0.04311772526585848 0.05085795769284363 0.004135988979279697 0.04726604445759986 0.008362982634486309 0.011325970241497929
14 0.008387687049646118 0.0772353617952739 0.07712651231403879 0.02637737867455912 0.05831282710758018 0.00666663086236245 0.047715561524619796 0.007989923044789397 0.07349037013258682 0.05175498830287053 0.029559763604524107 0.08034397375561668 0.061276892880233 0.03642721606098008 0.07635750883931434 0.07267761245357185 0.06352974854448737 0.040123114817620646 0.04099689922894887 0.06365002900637606
15 0.007484700341080903 0.039233369226154 0.03394804531429868 0.10147124812140583 0.04051049438348641 0.07881247603029476 0.04549186121674046 0.004682280965086049 0.06478493863334761 0.08530383743953515 0.08544785842777983 0.08178744048289655 0.07703274811847656 0.0196210547260794 0.05192211967820865 0.017113356911053524 0.0380612482342951 0.0048687421350738945 0.0954109858993672 0.027011193715339325
16 0.08639500172363122 0.008353651258004668 0.06379041852872741 0.07021084291912046 0.020971687611159442 0.013644602260734322 0.07663960230610271 0.012637871540264559 0.08886804956065461 0.007803782975318465 0.0436955537868413 0.01895278703341149 0.08038120937069405 0.0682410529415262 0.0735031031369688 0.05250896295979401 0.06787342936459129 0.03472595373500197 0.08797971173728295 0.022822725250170022
17 0.05051287232260158 0.07229960624055314 0.05214891314617836 0.04844307574093577 0.0674410236685929 0.028289846826008738 0.05184718878383758 0.05736948709237578 0.04232348062014128 0.07568025468067353 0.023125540419925695 0.06606095170506655 0.03623406840188821 0.027108848981111832 0.05337061240117073 0.002680071954040723 0.059337677029902475 0.07730489648602416 0.040573516093762606 0.06784806740520817
18 0.0736497262300583 0.0686018276854272 0.023489287993362303 0.08254503368359085 0.06452637929353687 0.0802986139609849 0.00966286651556959 0.05283045178029455 0.042910043845224094 0.03382177659274 0.030454648562793334 0.10148003555698795 0.06317640332794919 0.04843068070626198 0.02370628202287963 0.06484685603689677 0.029137349903651435 0.01649465917720632 0.04600691374088534 0.043930163383699546
19 0.07696764269449288 0.04601887142229588 0.049602026686020866 0.06970566054857984 0.0005770409239282713 0.009395045994926137 0.09691717257365792 0.0802319599190281 0.044147839708634264 0.08297641603953883 0.04699302102859348 0.042547326774972416 0.010170383322845455 0.015431494792332936 0.005297024355516861 0.019576321434517947 0.07678503981547392 0.0925510129613106 0.05603424458094657 0.07807445442238692
20 0.04877691517420615 0.03293393448006575 0.09239270931064882 0.021894680267931975 0.0545104295327735 0.10785063946901158 0.07797480797464311 0.0030677419791843123 0.00300377846799188 0.03611772107663172 0.04741038729050509 0.03352998381170513 0.0292534332942692 0.003141639909155376 0.01607480210344543 0.04450743313212484 0.10000646080578028 0.08939475703756584 0.0854430398465395 0.07271470503582042
21 0.05687255890498981 0.06475559366072198 0.05253844541415351 0.04705514105884332 0.051432069968457866 0.04811489899308002 0.08611831975671648 0.027519158753244448 0.007541726143222974 0.040478707873288625 0.06035553264490834 0.041664950663221775 0.06795362540626201 0.04610282405619243 0.05076953957904582 0.0688674091763056 0.04315802061612788 0.06916776480398398 0.013578446016108123 0.055955266511125236
22 0.049891889020718026 0.00930562130309012 0.0312051630011584 0.03689824197535162 0.07392964021412674 0.03469081447011956 0.09216683283036484 0.0547061967258813 0.038522441789122605 0.0586393786624635 0.08108942874246841 0.042324950382885355 0.003951870192617127 0.03349022612104224 0.06712849835316567 0.07712860178532234 0.08210215198786217 0.04690525694350199 0.061183645726340295 0.02473914977239806
23 0.028767643651211615 0.04109963138322799 0.06337890702383644 0.035905238166719575 0.04315671675880226 0.07213901065297237 0.05867091499646376 0.03159861231013399 0.08330584923989413 0.06836568001627161 0.08081604267045732 0.06789640390146476 0.08696735616867085 0.014535929703196154 0.007935425734826708 0.01548481976381048 0.07940245888447775 0.04129259055395479 0.028433248663823775 0.05084751975578364
24 0.08123063743724442 0.06428434505589353 0.03345135074511287 0.052878011275893436 0.04558670342348432 0.07497605405983386 0.05429122692113248 0.026104175577811455 0.017710666309514605 0.012670528226592991 0.009933026616161666 0.045963194464727485 0.07521327177779645 0.05716865867954825 0.04271251322117438 0.08063085046965936 0.06972372819979271 0.07411035860222553 0.06349607419037773 0.01786462474602238
25 0.08048398991073843 0.09512915307325899 0.06008841791049455 0.049677722425308254 0.01914516689228165 0.032934295286452135 0.010263532846186708 0.005807110601539302 0.08866558181173498 0.04357613156299399 0.015484751603619505 0.00684220407496714 0.08578517738570256 0.05241600373650714 0.0017615219487028572 0.1016307186549907 0.03476357527276485 0.10157710076656389 0.07176749894966605 0.04220034528552616
26 0.04598214748215183 0.03556115008540793 0.07702407399254382 0.03103093043479171 0.058852124223003906 0.01717866032290362 0.08188553050878633 0.03445504148069022 0.002599293857157621 0.09076960964870917 0.052077995127474734 0.07807298951084723 0.030737366649605205 0.06899156256763 0.07581782771509042 0.003244320377054081 0.06299435047423566 0.07481200467407413 0.043306112084435466 0.0346069087834069
27 0.06297596948398325 0.045691932713840755 0.06792384913387817 0.05936641387506607 0.08637936512178052 0.016444216686924626 0.06251189273049448 0.02466892568147745 0.0733622587711568 0.008500229609189369 0.08192456782987781 0.020425446934157827 0.02896891354504728 0.05348643818738597 0.03645011540534276 0.04329801135639469 0.0559891138927787 0.027929806242294047 0.07289012284541399 0.07081240995351534
28 0.06716764416750497 0.040817641339810154 0.0274906560360732 0.015345304468909474 0.018920678641020167 0.06857163650762753 0.09438474572415985 0.06409451223959992 0.07602892496986348 0.07531622887275144 0.0909933885916431 0.003998995940659929 0.03555409148359084 0.0033645281458281585 0.06716887416024632 0.04526636182600718 0.014549674690126243 0.02005630233706684 0.09518917390276173 0.07572063595474975
29 0.054623069006136046 0.030722447560844284 0.057892600339453544 0.04968909821788949 0.06833312097051875 0.05601942392873588 0.054093482676708 0.04077364951248254 0.06477532120285365 0.06465570048754628 0.06607790062418449 0.047128086947781256 0.05254318390969717 0.06214588326059459 0.052485150087337624 0.015475022445244267 0.04521755640201289 0.052996930869390176 0.049133258777462135 0.015219112773126936
30 0.07221471062470283 0.0616760601913703 0.08508779814191963 0.05264637434829434 0.017042785480570713 0.03990495949236153 0.07262227815552211 0.05646899105812042 0.00403549833180511 0.022757252334103445 0.0475185942007649 0.01831251518469873 0.0485484354859618 0.05729695331357095 0.06655269402498339 0.04755742965725604 0.07281865205227882 0.09987197460814348 0.040411543816155276 0.016654499497416108
31 0.022247893728180673 0.12033597393307713 0.0533779473034764 0.0035893508644655073 0.04132562080048629 0.06733005240638697 0.00785376073124191 0.014514887034779904 0.02619571757765843 0.10697092585101937 0.10107486824477249 0.01655558359138127 0.05203310929656809 0.03732183988052972 0.014150845176936369 0.032341083978720174 0.12131361774703438 0.018970326792181892 0.09809122162470474 0.04440537343639846
32 0.09369674910361835 0.08927365842678107 0.037679687373767236 0.08933235980620827 0.03426361025809232 0.10935997627494477 0.03384134736954975 0.044970649905197675 0.029380215221244167 0.011232357338703796 0.09531102634621785 0.011635542032191235 0.07164017851559361 0.01358107174249551 0.020299703978541268 0.0026220427217166025 0.06982442429288625 0.02827776876447283 0.06939994399212761 0.044377686535649864
33 0.018389778105961502 0.022131913204711223 0.07455125632430296 0.017391163197053614 0.044179652725796936 0.06538297179066703 0.03268344702541286 0.08050119221583667 0.0592321241573117 0.0683690362251963 0.08143388599636524 0.08315653896894012 0.016470216000947745 0.05093651050037997 0.03176807996788259 0.01918296854035147 0.033955915218757286 0.0851567555781494 0.04779092881476864 0.06733566544120667
34 0.004877069034250485 0.021318505061529918 0.053534311986781456 0.05553644242862984 0.04666407149894852 0.08897808478689037 0.026481900574761123 0.04516119279633158 0.09136032426826494 0.06751871286307479 0.09318434598990344 0.08015338730430317 0.01835340049248108 0.08327740131352845 0.06690312757432251 0.07060735937150367 0.025265192527091897 0.03382810582696398 0.022909939105914053 0.004087125194524649
35 0.021428257841717414 0.051760600849690315 0.09376239830336865 0.041466043098188896 0.10575972676202688 0.07584429623122116 0.08657977968311248 0.0014791537114138766 0.03975544867265923 0.07550160910089375 0.05579858175858475 0.03381331929282024 0.03950979064061585 0.11146002347846685 0.014556976189677667 0.0020606082026783604 0.007609576651047181 0.07667197333000095 0.03611264901757814 0.02906918718423763
36 0.043300620425810205 0.07066410243194787 0.01794120463229291 0.045556013410343106 0.06462449899851443 0.08350379723669539 0.07593730477623842 0.0014822844084071544 0.03996474294918986 0.0016890760295724962 0.061710111250836634 0.048709321502772525 0.05731028438939728 0.03075149965282958 0.04006288258005711 0.05576797532778697 0.054835861061513454 0.07947207337080874 0.0498877837780553 0.07682856178693048
37 0.09043812370126574 0.026975980375364538 0.03645018343036814 0.04114891219963325 0.08323595725918347 0.06552607028059038 0.08826354390295518 0.0261267337008017 0.036177555837057944 0.0484300446208723 0.03592134105736379 0.08306550902931205 0.06008679618892262 0.06470327676719886 0.017198407293478747 0.04945623484686898 0.028377999462194325 0.0936424250414819 0.010657307163944814 0.014117597841141014
38 0.05330645315549271 0.07372811082568463 0.0736206832913418 0.036824721391565146 0.06711472403231102 0.07314848057139989 0.03921782539100102 0.007721635833967707 0.07507356804982586 0.048782765335081274 0.04398139457622533 0.029972520410551425 0.01856928216614224 0.07108015658756357 0.036264692631628806 0.07571877197695853 0.05742284228492797 0.010469936439577469 0.031031754328428255 0.07694968072032542
39 0.0411036291944793 0.09857623323813981 0.026388213910208957 0.0949442804137354 0.07346676668026643 0.09451254888125785 0.07138134877952773 0.008284196824357857 0.05941929005871066 0.017823269612209956 0.06430116041153743 0.01750726336854425 0.026065023598118235 0.014042025412471706 0.0331260710820474 0.04224798446104442 0.07514328880046456 0.04783397813893513 0.023624807929123016 0.07020861920481988
40 0.026541274919291372 0.009802427133937131 0.06220537243809785 0.025845720933578235 0.028278078643879406 0.034496759971362846 0.017780883326919603 0.06118517234481407 0.013437730437265488 0.02391581838107323 0.09740850817998775 0.051211295182683185 0.04374071958326765 0.0923116841042236 0.08095422391103939 0.03809663030841425 0.1174171714570565 0.037799892666496165 0.059082492841379834 0.0784881432352326
41 0.07489904479300397 0.02720061093024158 0.04837481936478247 0.0840099190508603 0.04600652673357659 0.017011113828533264 0.024899215141802978 0.09131017247145658 0.07350708679372751 0.01998965529301506 0.05246792252789331 0.06243807073078178 0.026762641136428063 0.08872779345335043 0.05423125610241795 0.02128052555753633 0.09285049857087298 0.026086350047314154 0.060540709401430186 0.007406068070974634
42 0.043910678659928225 0.015958158436446657 0.03078376637735438 0.0881000901888737 0.002758841153102672 0.06389082639655426 0.12297768374711199 0.05733548935592426 0.005393559687207206 0.016805924164138685 0.06579428455790311 0.028469004109075963 0.09673215742334121 0.02429356584778019 0.013183029321654764 0.04758072251405474 0.02113442234415415 0.12502107066684867 0.09394622921870623 0.0359304958298391
43 0.07384968334624169 0.037195321238708966 0.05011298562431902 0.027323017876071783 0.06826465340028234 0.09562637596909715 0.05333383432421979 0.020482007636236303 0.08882173706975943 0.03605669018973455 0.050510243083682155 0.01576242371354351 0.04845735451508519 0.04154657443698231 0.06427777228641708 0.0013239452881343365 0.047200496802818674 0.048991883054724135 0.03091282184465816 0.09995017829928335
44 0.08025852592593435 0.07428427334702839 0.0697672760304713 0.08753443785429248 0.014954977613547518 0.0004039922048927267 0.018164100668485804 0.03766371579250285 0.09228419044009498 0.08485818270539291 0.032452635888448024 0.08914055402960964 0.025331317624221906 0.06471821756948885 0.01826850948874952 0.08101991250200184 0.04298265596822543 0.002901797187957762 0.04658220464490413 0.03642852251374957
45 0.034782562542208545 0.0505946459510544 0.05794139728269069 0.04576058363007867 0.07840217405286878 0.014362282255900749 0.0314790424271237 0.0034516068271920044 0.039157588809170085 0.08801556276621357 0.02873361011393063 0.08596504690247755 0.032965806622068904 0.06876751746721166 0.06322592474775153 0.03863035448960478 0.04228421724352515 0.061526419362739206 0.08934487110224161 0.04460878540394775
46 0.07879790994863604 0.022850833274703216 0.08538882065322165 0.0741796143001787 0.018540476162697016 0.008699923492142436 0.0802618972581924 0.01854872393870001 0.08628044711716605 0.021169514908049556 0.017939773355210884 0.05892265974294466 0.06638332539164693 0.03465531053081816 0.04405118721204571 0.01258089159426707 0.043021280829641934 0.05138765524120991 0.08991459018636457 0.08642516486216312
47 0.07187480404289329 0.02041672815397448 0.010519312171778806 0.008439349866810797 0.03809303265942644 0.09901484574697023 0.03230289730068818 0.06836563626461013 0.04464059285330671 0.03692984387971235 0.08588553669658915 0.07189817200951988 0.037548885779724595 0.049474522873922004 0.09846772140813538 0.020295783025661613 0.0064081614961389675 0.039333174695542254 0.0892772712069811 0.07081372786761385
48 0.059303776473816294 0.029537518267070594 0.01590359336143911 0.037646498760166944 0.06098860650196214 0.04393232963013006 0.07606533329181078 0.08851353216906752 0.07363363461485421 0.046105036103531 0.0024349938002412547 0.07498071987177347 0.011371763394686162 0.02368339321953627 0.029341645276304576 0.0750332451644094 0.06085605455888455 0.03580350226624984 0.0788489914696086 0.0760158318044572
49 0.04840796445851178 0.09488554876507004 0.0026729197146785014 0.059131348444524855 0.0144885594388854 0.009215765908141996 0.052783675875117966 0.09328927478462878 0.07309198214770019 0.004933886930886083 0.03459618609317428 0.07206287941734311 0.02795530014970339 0.08439685000693115 0.016314532331787354 0.06107350775539178 0.058310932909536255 0.05076431033238991 0.09065547767396012 0.050969096861636996
50 0.0788392884802482 0.08694117903704762 0.030864465448343186 0.06413015290807116 0.07345295545830673 0.048365329029645195 0.0721160584891244 0.0239378249821641 0.02282790104879044 0.05457511583738867 0.08687617756830615 0.02515638828643235 0.056319699953675195 0.05270746482832194 0.05241530831773819 0.0041291471699920965 0.002574984957346048 0.055323896885395546 0.0346113153710392 0.07383534594262353
51 0.01743918145250778 0.05918216792867653 0.051193837997489264 0.08081302094646625 0.06013770526533164 0.0784751823331818 0.00257205574380175 0.05989926875097435 0.022679319539753995 0.025730457375771256 0.06593095600420626 0.03790120456496396 0.06450789983714976 0.06504436116264534 0.02882993333679994 0.026648209741320955 0.04792284622984642 0.07843592769405107 0.0503580385182397 0.07629842557682208
52 0.09570621113667852 0.09281056980300938 0.09720768886943305 0.03959777624572909 0.03474601731322685 0.0416987783290532 0.017090257723337866 0.07418535972862379 0.04432392562760367 0.006315070637591037 0.029899235229758844 0.07924763957564156 0.07989842123519932 0.03842241853748065 0.0342654696365596 0.03847891475022646 0.017101007071320628 0.09172434401784713 0.006456200255039449 0.0408246942766398
53 0.07127112382987824 0.010103862225753702 0.0788285391509402 0.05767836374599135 0.024121013726305086 0.049842336299711014 0.08980191111764893 0.04254791939776391 0.06116745326643384 0.04348200887575184 0.057543543665072014 0.05823462883910482 0.0004637463566342581 0.010583398377322988 0.040624428963750334 0.07132665061807633 0.03135501985417081 0.09238755311372808 0.054196072704121016 0.05444042587184114
54 0.06554752042914654 0.03865569700824203 0.0841417562260184 0.010220833640310631 0.05161071100649238 0.0589669914950597 0.06697860713527785 0.04060203577951455 0.043779016550794 0.06837705204852274 0.08991533131917738 0.07098696573361923 0.004753367173553826 0.012014010127699721 0.08702393398909869 0.003130969294970213 0.05442049457900079 0.05953229237599524 0.05419567086301976 0.03514674322448633
55 0.03551682063594356 0.08379552447245686 0.0003577082869368588 0.04599094173758305 0.09475747555760437 0.015998745228723358 0.03564897206367762 0.005209017102782001 0.05171797858256453 0.010993037402612501 0.06095284005140133 0.008246565241914654 0.07515253782218433 0.07955784237118849 0.08664290857983918 0.08104303584198014 0.06746920633644107 0.05556305603512252 0.09822299343585957 0.007162793213184093
56 0.051223729697043016 0.05931590150888304 0.07528479125388193 0.0459840516484695 0.07628922694232612 0.01239303235033926 0.043168335247596085 0.07870196830708222 0.06880406632410423 0.06689636306042049 0.06966885319519771 0.0482873915737222 0.07849143534573672 0.0031145775213797036 0.017123119896014987 0.07786872247592531 0.02572586814268728 0.01988158322165524 0.010109941127033601 0.07166704116050143
57 0.05476867377502957 0.03882266749492153 0.051914386594816946 0.04178911712524859 0.01646022508509335 0.09076184081890719 0.045807561373746766 0.06728792340669801 0.10793268829689413 0.046523999590861974 0.05053298384996497 0.008035994174977305 0.05642425708370828 0.009782032679951974 0.018733733965941073 0.09653454595870738 0.0064689247510366105 0.02076750803070661 0.07277139225407674 0.09787954368871113
58 0.07243658228868118 0.07429326701365023 0.05859526848852173 0.09305501074451415 0.026332109342429372 0.05475691675007549 0.02611542109855193 0.05468424425888147 0.10225577074579595 0.03171802578212253 0.05656841672746955 0.020481587661102214 0.0375640889818192 0.003325816642111324 0.07706879311260906 0.038416966726426555 0.037595447317918154 0.0914410661521024 0.039669770871919766 0.0036254292932975554
59 0.0828001632194904 0.08523631153478525 0.01930829900408294 0.11958159327511735 0.02396256421523046 0.04942608690148659 0.07650662419537076 0.06716567340519518 0.007733904154820514 0.04185557609085906 0.020480023941654248 0.04976887739702235 0.023759240388787323 0.023190335663577703 0.06263068775103123 0.046289246175928105 0.03441689955302877 0.02569599972953299 0.020589738681631563 0.11960215472136741
60 0.07324745340906334 0.013099577428710017 0.0668289345231865 0.09078742153362307 0.08119870384071928 0.005702102483479265 0.05921779861491909 0.05337825574314878 0.01607959514854919 0.007543616057340794 0.08538072866987853 0.04385854217133941 0.01973213559006569 0.08298543365459682 0.047093478809188245 0.03538027532240282 0.06839508223743895 0.05210442825953422 0.06448907141212794 0.033497365090687944
61 0.09418008876871102 0.09472870077646355 0.06187274451078095 0.019712788964483762 0.09749809365745153 0.03804719125757572 0.06884141555168978 0.05938240415996317 0.0021143996526093774 0.011330103662998973 0.008105137216895358 0.057508509289409496 0.037787065715906586 0.011583847067116168 0.07526095261802422 0.07309859494186266 0.05443444348185051 0.034975919239992895 0.08931368201985057 0.01022391744636372
62 0.023181967259985184 0.04976097595300687 0.045250838914903876 0.07586455103456859 0.045614780121401924 0.07121498311740483 0.10231263658875038 0.002241319986406607 0.048522309629479024 0.03872341219655219 0.08210549969627445 0.04950824532689774 0.04154101637536804 0.07918862297646358 0.014156548504071682 0.03293382973868832 0.04806622703571408 0.0844436602081813 0.032931477683112276 0.032437097652769045
63 0.007622553581981264 0.06907843717582854 0.08541502530661955 0.10351549277380963 0.010721861857856957 0.003043698090343157 0.056404301541696795 0.03357847609175374 0.05868770065611655 0.00986855630186019 0.029754904569591588 0.02550705473529075 0.049585321637426655 0.06469625168598454 0.05800047821634985 0.02523919474404544 0.09986266286643393 0.09547665420932291 0.08298802021712967 0.0309533537405583
64 0.03336775871108717 0.06140849824791166 0.08866008336819389 0.035964189414710544 0.0686044422722501 0.08626103846261594 0.03268488056114772 0.010416120558802535 0.1003656211813869 0.08693340443802604 0.05478947996926344 0.10139711085195 0.040645736373843756 0.05326276165621525 0.02257419561845358 0.04608049007781134 0.003931373131684976 0.030987469210026746 0.0024797433419294765 0.039185602552688784
65 0.08263091914731424 0.06539597815059667 0.05609319705832492 0.05008740531738964 0.05735113143576812 0.010144734162606205 0.062328509317129514 0.03554239004004711 0.004916441651173317 0.04466889213540122 0.06608990794152186 0.08448147074339624 0.046382740322998786 0.06364383380875588 0.04688108962014633 0.05304681936009295 0.000514780842822521 0.023025920221074338 0.07352601435534949 0.07324782436809067
66 0.0628996592551484 0.036249211943269556 0.07082765821989882 0.10312245524254289 0.0006998206917728133 0.026960809635088578 0.03856375721010584 0.009959577717129738 0.10195562377957115 0.009970728060393697 0.10601473722034335 0.09698738355162749 0.02479699853979161 0.013957860237079345 0.019843199324721863 0.03268712486477386 0.09083243608005913 0.04802846067482498 0.06358435808925596 0.04205813966260092
67 0.05589557039043859 0.09077912614411554 0.06281652249166893 0.06495649206003919 0.002513355081258326 0.035351461342802176 0.04029646984787486 0.0408360828927373 0.03056493062203699 0.09565120133200672 0.09607488941193162 0.007365681496753111 0.08847082080446107 0.028221935070349254 0.07469368018978496 0.017202557052541336 0.03049521281994207 0.0668272280193917 0.051583822848137874 0.019402960081728392
68 0.0567394114990967 0.08442245683712049 0.0347748886999294 0.06947574104306785 0.03725185990984086 0.0554619758911957 0.030869547107987387 0.07910230787759297 0.06720373767467912 0.07215965246947925 0.009965720417364944 0.06884539453522412 0.04403133397518711 0.07186661574798085 0.029436305633055035 0.008162088067015754 0.06559943001331318 0.03968521609218324 0.029016654008265422 0.045929662500420666
69 0.04794870420238179 0.06922474831497906 0.01455817439841601 0.009975002781981846 0.08072230622161577 0.01849557071211496 0.04354027675688291 0.08008936677148203 0.0722564946391094 0.034740277949460496 0.029037586234778007 0.06224397285510386 0.06049626293573545 0.07145826049883913 0.02677004529437866 0.062286033408081885 0.018876031037414243 0.04009815930209274 0.08163378201525322 0.07554894366989859
70 0.008128587574177473 0.01654652305192306 0.0002604139010765392 0.09668069711746606 0.09899913557364835 0.045207746798357505 0.047137610415872895 0.073757172133269 0.030053219779539328 0.08539855491985684 0.01829246742554348 0.05547275610024198 0.08995111996081119 0.007001790720297932 0.01430175189179208 0.06804114384741738 0.1066765646469255 0.06638137141942504 0.005443483673185352 0.06626788904917277
71 0.03458069198057071 0.010638782520137304 0.08948487620349824 0.09840166843184678 0.010056506729742237 0.09004824235205205 0.09061478403514 0.04657821364666632 0.008048422246774805 0.09558477370684133 0.07461030725497116 0.09195211856446131 0.049612239183840105 0.0001318186891486274 0.027660016998961204 0.0026706459219619904 0.09004017560821612 0.021281671222381778 0.017075947244952098 0.05092809745783585
72 0.08868001149170503 0.0733078501466459 0.0514829954108667 0.04150865042483954 0.05440656516806253 0.03990445187740388 0.05217481571355026 0.0173891342360035 0.010462977387273392 0.05114608728366707 0.03883996375083913 0.08297950013997764 0.019923299868340315 0.05671127928638639 0.04206892933374867 0.0632989661714423 0.09414430373684926 0.014278937981133348 0.09295391952676392 0.01433736106450115
73 0.03937894721136426 0.02313725361685846 0.07925152108164517 0.051974261072682396 0.07648714946379154 0.03598627494942515 0.062354035077099114 0.008125486518973806 0.009793400436905205 0.033699092155748976 0.04959523084943167 0.08061895328823122 0.04417978067714698 0.08124515087677768 0.002926031361595908 0.07965528702457488 0.06536342378432322 0.05981641059421248 0.07465842594183096 0.04175388401738106
74 0.08882121573092856 0.02312568859320449 0.02930933966400425 0.07947962867993114 0.03876386158827774 0.014342776784480418 0.07145111923817604 0.08872452107268201 0.027741619686610604 0.00041846003842145943 0.03346601707120314 0.08013727244711656 0.09251135756973813 0.08724578085408964 0.024521350777418797 0.09379255342683473 0.059670347227524886 0.018805323206279007 0.04199414425346631 0.005677622089611933
75 0.019282050103542475 0.06762382060073517 0.09155123098351409 0.021014578305010956 0.0036857614802361513 0.09097055855209549 0.032013685396521954 0.0620522194591642 0.06950824016561596 0.006751987776669504 0.05044456924894771 0.04425403545567317 0.09490219239466113 0.09140503292786324 0.027454100790316464 0.0801437956506807 0.03777058236737843 0.024734642253103043 0.0209271689637468 0.06350974712452324
76 0.03656030530023917 0.03950483631364929 0.06644223580208983 0.0806928185968223 0.09674047322085058 0.07939228194749598 0.020226395013056963 0.06555459774499905 0.04138477117617573 0.046347248347475 0.09609826610956543 0.01157895403109584 0.012963037272647377 0.006435938602690803 0.0493014776615263 0.10146145246307196 0.02407397439644879 0.0019362392974542459 0.05505187201856211 0.06825282468408325
77 0.0788672854978703 0.004256291041936487 0.0008480961400283408 0.036526199997318966 0.03768846795665391 0.0733509894448024 0.05177176329075537 0.09851471811376944 0.04219579352834151 0.06657688717629658 0.06799018194982426 0.0875742176417752 0.028966630968501897 0.07223043561321824 0.012573129751982713 0.013825407126388878 0.04847069732614027 0.09573507307830152 0.03901328653345357 0.04302444782264013
78 0.06250984806608187 0.10000983114410401 0.07811220983369847 0.07638933255416862 0.08933678813140798 0.015319970275459553 0.08803939904237003 0.06044613380141883 0.051814166428479184 0.06851140205952026 0.010041298851927203 0.0723004269295882 0.037377283224131023 0.0658383036792121 0.015986634409189307 0.010161206659665975 0.003718765710944656 0.0450028543082024 0.001604896256094221 0.04747924863433619
79 0.04365784590302958 0.04031050227844192 0.02468514181144154 0.08498875938914988 0.04398133402532462 0.0885894546381658 0.08770755587880508 0.01806146658875661 0.018364116878456196 0.07788822578200831 0.009121565966259832 0.028670878187515805 0.02125322230319366 0.08345645956917866 0.023598167510806796 0.08409408217319299 0.019075439226491592 0.07474265785544354 0.035864091242876886 0.09188903279146048
80 0.11431296607833132 0.004895149732862052 0.05579456607241409 0.10080851049326121 0.11667342844030984 0.05925100223883028 0.052260335304092 0.031241114440900563 0.0010129717620370824 0.0353633464953786 0.019838707143547143 0.019754518685194268 0.07985438658594486 0.06571562457122676 0.06440880821812042 0.045422588746137714 0.0190653305346976 0.07346917047283902 0.004514291893352075 0.03634318209052316
81 0.041551905009190634 0.035171728412292484 0.016058017525587585 0.027418369572776522 0.031060967657071396 0.042359560138278185 0.07112135957603523 0.09180834619729554 0.017588809032428935 0.1205851046742299 0.09162760106449594 0.08822387160082204 0.036900008681882285 0.03943474089755611 0.01981625373271882 0.019544547372821013 0.03331062824563206 0.049897268194339206 0.019369048102554624 0.10715186431199146
82 0.05142278684135664 0.06173709645917959 0.0641602528135021 0.041679906380352044 0.03600058505025861 0.027282798371085108 0.057606204138655435 0.08030148209623345 0.06248264700850387 0.049383059753000204 0.019983613805017928 0.08365828687126996 0.05247056091512002 0.04749735847602285 0.062148337916433496 0.031600898913359494 0.07728891386528879 0.014713225356693069 0.0016517761403718415 0.07693020882829543
83 0.05162323344820157 0.01958075872675417 0.002128225834707739 0.07437736328957727 0.06435977304078694 0.011740409973586427 0.08305798827842656 0.00043558010190005656 0.06703820885843993 0.0906962937593977 0.06857829318668408 0.055732789750649776 0.01701984197333772 0.023537339522195243 0.055696576833513645 0.0687624892656069 0.06551011270147557 0.04402701409383398 0.03817981782593412 0.09791788953499063
84 0.07773190481763699 0.08474230980463593 0.07613558029698514 0.036159932153968906 0.07259621803998538 0.04999021474834388 0.05709915516263078 0.03476110507722788 0.0289709916598269 0.033812501615123794 0.02656495583073843 0.03864938008152717 0.026599147053794653 0.09041836433260829 0.00045098889747412994 0.0702496855215126 0.07424829631152895 0.006488800362172966 0.021835539341073296 0.09249492889120373
85 0.10557081888794367 0.06926393128113881 0.04074042869819931 0.04261544939758318 0.00686059407100833 0.08742263218892135 0.017976505660673388 0.0433848059777999 0.036329483117888084 0.09559299770728483 0.004931665123560727 0.02233637888841364 0.00358060443011771 0.05159022075871025 0.034108330558901286 0.0035917335392873103 0.10861405492806543 0.06483278129355041 0.06771024453950708 0.09294633895144543
86 0.03074872400608111 0.03078885464046425 0.007716203763051098 0.0862739202565455 0.08370106029301785 0.0017900013701805414 0.011732253873027754 0.048016265218982127 0.09576040342199715 0.004799374078105683 0.011011824706366231 0.09288107277864172 0.08434170206849194 0.09390629122801279 0.028116613699182846 0.04904703356058967 0.06089905436773989 0.03226353751049282 0.07118838241991639 0.07501742673911271
87 0.01638623163766424 0.07399469190655453 0.03933615909266916 0.031061217529583886 0.03108079649263065 0.07644405339508184 0.01461580663531886 0.0742192350433686 0.07430168876927903 0.050710041001200676 0.013643192667682774 0.04104737084192318 0.0360607639506299 0.0579563880695392 0.07493265384574568 0.06150452472021492 0.06722863558563422 0.01220069907727199 0.0692956558983031 0.0839801938397036
88 0.048923347888957185 0.052228714682426014 0.10136502078994067 0.07331442385765201 0.06862848948564947 0.08782384660784531 0.021923433463750502 0.004902929900959344 0.08989148553639353 0.01632525912075295 0.0630203467422186 2.312158074192219e-05 0.03121581839263071 0.031009953040435433 0.04441075087332468 0.06658501540446396 0.02461082790830465 0.07793631193409178 0.07109550894835005 0.02476539384111133
89 0.08213415372564899 0.03503270009844025 0.06149008817290429 0.0723544146782805 0.0700362707364737 0.009399907945007578 0.004687019476016402 0.05001343523272367 0.10220595986681243 0.06282177863178484 0.07174538758586534 0.07409850662724768 0.025933648563609586 0.03349242769599134 0.006806346243732476 0.03188282803562203 0.0127156011273192 0.07126503554510495 0.04644698387488502 0.07543750613652976
90 0.05397590951319374 0.03415831496525906 0.08425812238567516 0.01957171566669278 0.045417582692747385 0.004118873983774464 0.001852301936873808 0.052148099902144154 0.02023261741065905 0.03757000218116005 0.04959701258956052 0.06355701694956899 0.05975427821085394 0.08758723715083595 0.068470438924512 0.00877962130860403 0.06956918426854229 0.08193069956687977 0.09120780497267454 0.06624316541978822
91 0.04639718306800997 0.001839812223921392 0.0332350786373389 0.06830315190299491 0.0705656020666965 0.02336260313617207 0.010729523181889092 0.07749336372601195 0.07805379258169909 0.040550207221961565 0.029000117193099265 0.03748224345235588 0.06396692015101099 0.06003004184596185 0.0796908818160184 0.05952807354171223 0.07033853798120503 0.034923003399452514 0.06903008395118146 0.0454797789213069
92 0.08851379712993453 0.007788723404231316 0.06507872193489186 0.05146246962849414 0.03427221451344896 0.02674907444967419 0.06937510519993703 0.0407763770052772 0.028013217119014413 0.08309808456604775 0.030683987262940946 0.03688259234857745 0.021150137094623205 0.03326511483882808 0.06750232469156436 0.06822510852313532 0.05293589251288379 0.04124378639990579 0.09057054699280556 0.062412724383783875
93 0.03799585311712274 0.04545383049215957 0.06014455743386016 0.1107224951215956 0.009814567678974847 0.0724089299132286 0.044234022167148765 0.010670103215879976 0.02650216057063051 0.1259360113796414 0.026120857138149944 0.03448249352154107 0.056449049190236196 0.023043898982146777 0.0015560503266928512 0.12530679498903416 0.014103912039552129 0.08373284013232009 0.04590107461473398 0.04542049797535079
94 0.1331048336374646 0.08359462291702043 0.014122532066362777 0.03768438635576099 0.004365275921377993 0.08708762008434348 0.09300973225030242 0.035452073080758616 0.007133008719998798 0.031230489094243735 0.0051570353371456195 0.11939949084980296 0.021192362455689007 0.0005520718188477011 0.01780511470115914 0.08132531693032174 0.004422860800701107 0.10594181999386411 0.0687481855576396 0.04867116742719499
95 0.06852086835573443 0.05554490065160757 0.023761475264480515 0.010824090116723847 0.02874739252171998 0.07667182428524173 0.0065614384077292455 0.01841763100582773 0.06998288489646637 0.06885327139777613 0.08765048790201381 0.08912379039852317 0.04825719877518138 0.031500322595060956 0.027959215589023364 0.016513593212358554 0.002968044663819217 0.09379874740814624 0.0913722407905484 0.08297058176201734
96 0.029273739828024576 0.013640704361093835 0.011816114649484018 0.055461595972073625 0.06818834790913013 0.06641059859068227 0.0823873284190668 0.013702392375467744 0.030915781323423663 0.08100881711272886 0.08735634530723692 0.01209192333907585 0.06668604946143414 0.04309649910710106 0.059756347528061575 0.04347621310470869 0.07104646703609414 0.056491167043014844 0.07534136270760522 0.03185220482449203
97 0.025238613658710142 0.021618590270463794 0.08006636865797873 0.08896160241490349 0.10480848882616454 0.045769575738611075 0.015111560216856498 0.06341542378133316 0.013568457804658743 0.005816651754814853 0.007434339040153742 0.06313922299918179 0.008041821490597678 0.0647857080027623 0.09010751384690491 0.09195039156310696 0.027542677430373117 0.024902889755864115 0.09030894058685053 0.06741116215970977
