0 0.038760685061040204 0.04591508774893962 0.025422745538114175 0.09137256784802622 0.03945239517556325 0.05796894006067565 0.04451153670405867 0.0750104658312362 0.057687684361633546 0.010237113987449444 0.06787067349681106 0.05008971075094062 0.06795864522902649 0.060615605116589255 0.041343169900912996 0.005410533640024644 0.02719251490931611 0.05954748644541844 0.10893237659142328 0.02470006160280009
1 0.027570446895388494 0.061793641729478974 0.10042847022597465 0.0455446138457382 0.0017562207194319142 0.09556761094346501 0.02868918045947984 0.023938111002009266 0.03174760802304506 0.08264974110249884 0.0056409555908196445 0.07446283569242408 0.028210216194134607 0.0951997616570646 0.015489052940011454 0.09763535120068635 0.060374374726904094 0.05934838526104976 0.028628974274496028 0.0353244475158993
2 0.03060075491372745 0.009176601321627509 0.04073460165991341 0.052054097091540005 0.06260987231405124 0.019411803402808986 0.04219399978642398 0.03507682791688934 0.09068361140993014 0.004892927331499699 0.11855609534788689 0.0713404186330619 0.06629658260983698 0.03477186583881542 0.09488906302879864 0.07795660422317802 0.059437301623466526 0.005938774860303393 0.005061330189964152 0.07831686649627635
3 0.06334156710795041 0.07738111556523855 0.05724379061507754 0.05348503819939558 0.030806753728396304 0.04576580484389976 0.06952332526093033 0.047318676187633815 0.06417397358837056 0.0471435027892267 0.046594692163308256 0.03878867413986467 0.04404712761920877 0.07236044910999453 0.07777509255511367 0.010214046997089627 0.07195171431446022 0.015378417085890274 0.0005653748868412584 0.06614086324210897
4 0.03537576639440557 0.08359341277210555 0.06046369316533698 0.04461679855819553 0.02261794532671072 0.05938301500298674 0.022886086499302308 0.09231277076427698 0.03867717666399752 0.028202662731488727 0.026339147125435593 0.06323256075750407 0.021690560010021856 0.0344314011544042 0.09682253606612629 0.06386786000566037 0.062499660108333355 0.08659740988809289 0.023326611655540945 0.03306292535007375
5 0.07496312864702705 0.062480959259117716 0.022955857766751072 0.025401133804308074 0.03908360446043424 0.1158751660137692 0.057450049062912074 0.007083201768949413 0.061123913885898246 0.0629426767054006 0.11768787382448195 0.058121173463650484 0.05381308220483934 0.019685942799632834 0.0036143913038398 0.106703261850973 0.00747462739435795 0.05296968659577205 0.03455681278719463 0.016013456400690324
6 0.005992497596076727 0.0004015156577456991 0.012389779270079806 0.07854229953814257 0.09366794954939972 0.07536769293124729 0.09770406747959405 0.02215333867011747 0.032819013112532706 0.018930249334984398 0.07618841597870145 0.020590660437196037 0.06655596025290017 0.0402427442735406 0.003484963545858416 0.09333891627798692 0.04661803952817236 0.08110586400332352 0.03825800497836594 0.09564802758403389
7 0.05097603852050012 0.0673968565886487 0.01135805486066738 0.08013331447704547 0.08074138963127024 0.04766299551133019 0.05227646029234456 0.05316911637604121 0.023977561708931013 0.006922986058892066 0.03465507577604309 0.04987064749087561 0.06103056923071673 0.05166798220095947 0.0778204590184085 0.02994315014574217 0.0794914547549645 0.08080916636594078 0.004196427608302701 0.05590029338237548
8 0.021360236036275036 0.07115961664535182 0.021112182243326554 0.05815381338376171 0.005628858244001945 0.08564572074837766 0.05922412958179796 0.048044081987117376 0.08723966174003152 0.06428085729033095 0.0023854213731021932 0.056877096834374634 0.03816132608453203 0.08085588286569907 0.025787473549454192 0.03029222610863971 0.03617382712841053 0.06840314303797596 0.08772400418207917 0.051490440935359885
9 0.08865203926291881 0.08467974129779021 0.11586555078121993 0.020738818843769852 0.027828557627824355 0.06626667526375996 0.008570665217215159 0.04293640516751766 0.0389998665114682 0.06146368117871902 0.018706618239405604 0.02522982294531844 0.03696253763076036 0.01863918071969099 0.04295058699050728 0.033724179313638164 0.10518960114097373 0.07540912422868666 0.005754539362059391 0.08143180827675627
10 0.033685352376144895 0.06904241315364068 0.024937433801368127 0.003355063235566487 0.08246401915566565 0.07476741676023792 0.03298819394463344 0.09736966175312607 0.048817675548791024 0.020690866581916687 0.0394209762789312 0.09535708111374692 0.016354956134770882 0.05262726129755429 0.09280233914763943 0.08984421893014806 0.01672574555963094 0.00604227005792523 0.08400259523457156 0.018704459933990218
11 0.0445358878757345 0.09661750792478309 0.042265157364597475 0.036289822225584495 0.08891241269650685 0.06775316230253332 0.04360772474983318 0.07921881748251837 0.046198588035437846 0.05291232909518237 0.07296351305708466 0.0025858092591811415 0.04342281533943594 0.04443177047251501 0.01752877260648271 0.03207461224951801 0.006360712886353291 0.0926556935479101 0.036369569130712195 0.05329532169809544
12 0.008715383369083328 0.06296289824165975 0.027952958614178586 0.06805869041820846 0.05800961707877332 0.0771969740857837 0.07373186260725634 0.04685964393134315 0.009959640754612954 0.0654198413766101 0.05373035365773311 0.023067942200590212 0.054290479314533964 0.041800183472774054 0.04579115649068788 0.04570384505413826 0.06567036017848739 0.07453381114453034 0.05406678354148519 0.04247757446752978
13 0.08789828495957681 0.10926515723179656 0.09714008221749927 0.08471832967115647 0.0076935368474838756 0.09299802763631974 0.045411758188191924 0.016016227489766142 0.00537499722347164 0.06134601231678569 0.006233041430933215 0.0029885199793493037 0.06677116322929207 0.03728375897363938 0.048549583492036155 0.04469759461172356 0.03738786332321674 0.10578126162624618 0.03610311205340923 0.0063416874981060125
14 0.055160501890735056 0.0242453504212561 0.06817480497125222 0.06084868481668498 0.026742206473232652 0.0740268397457961 0.07254787271663585 0.07440723759683401 0.07235991221465388 0.08243959260777622 0.028244515230567487 0.04371044272030746 0.03169326318306753 0.015437091655980882 0.014372529977264186 0.02502395186352172 0.09118417330390728 0.039002142555039795 0.03462444076574094 0.06575444528974561
15 0.03441587751173207 0.05359129407223476 0.0670252021484253 0.06877764185585183 0.06394912473175236 0.04620837410453625 0.0329600312688912 0.00032988206560333 0.05345574494405943 0.04727357383110928 0.04393743983414554 0.10980278601324595 0.021409141879051245 0.09320923726794673 0.05509908137176969 0.010640970456297362 0.08287845174808847 0.002586578652536618 0.09494652740702027 0.017503038835702204
16 0.07215694261367306 0.07495529471348655 0.0696341315515095 0.06872598411605807 0.07083973782378437 0.037375828063174056 0.010420461857020495 0.0554769622900156 0.0442121659034592 0.0729908557562759 0.00547795457132645 0.05834938117310866 0.051681003830892004 0.02899923507946891 0.05758548613890044 0.0420821013642449 0.08032981783372711 0.001382331488116801 0.04977282929090182 0.04755149454085601
17 0.013460034217739024 0.04328010369073648 0.04545489837009128 0.022801409283135322 0.03855695386130228 0.05068970041741379 0.07128487740314751 0.02137712749802264 0.034470302802007455 0.04787851174586441 0.09335205510745949 0.01973580749391437 0.07944353772725868 0.014433460078166295 0.06785804462287554 0.00811339851503348 0.10374583984118002 0.09682199725264619 0.055038519577797665 0.07220342049420803
18 0.07653412636245051 0.033076202770286514 0.06848775531127647 0.09152746974410103 0.03819512186811993 0.0522750022495708 0.05807284595942064 0.06164159506530598 0.06610898388190689 0.012237480027978231 0.04088030521295417 0.02519971878792251 0.049570715006912236 0.06337975903015954 0.07328339513458251 0.011112642344870017 0.07661882623030797 0.023418866464970857 0.04123304824130465 0.03714614030559861
19 0.0981276175182912 0.0009273544556599443 0.016251255159559663 0.08223034863400097 0.0076406602821587405 0.06825343229357343 0.09349043289158175 0.08267790913319793 0.011675206194541238 0.10073706680474195 0.09959929299415639 0.017422798630059636 0.07415176415082497 0.08110212481063461 0.03753311749059035 0.04697266360944784 0.005191579454553822 0.019808991400730537 0.043843999197087515 0.012362384894607226
20 0.0756819285096093 0.0352458253036739 0.037556130063437866 0.08034513291007961 0.05114543357626928 0.05420371887171146 0.041741645262261824 0.03600275613424764 0.049314042127570644 0.04250880308775242 0.07571109741232748 0.0705087982364373 0.05846652788649886 0.028758340349047066 0.05292248935709583 0.03090000143389596 0.08776552095091406 0.05532037868182876 0.0115449601500086 0.024356469695332075
21 0.1023228815765814 0.09160494839056682 0.010213752066599325 0.016229586397142587 0.03672359789750363 0.06485759691407482 0.01491901896187283 0.08347345523691456 0.07896987157155809 0.04499575142719865 0.09989583999536233 0.020346009092877308 0.09533991322809768 0.03984542211104478 0.001122199134403862 0.08379323762436276 0.0008593879913334217 0.04013311653603279 0.031709187034632096 0.04264522681184028
22 0.08065006231771196 0.030688698845392475 0.0011527525571541223 0.04593188958174726 0.05122454086053243 0.12666033691971312 0.07693491130160408 0.0550355008104442 0.0011721706332235011 0.0007234423082359622 0.03296537157947401 0.027200122547464005 0.0737758838270253 0.0839222010386821 0.04248516898648891 0.021967777576262 0.08603453473012752 0.05358167419829835 0.10157863702729304 0.0063143223531256535
23 0.06342028641713891 0.0021797604646741353 0.028220639285174313 0.05007485890856332 0.12344877508480445 0.009265381456079998 0.08560161223035034 0.014602707642939026 0.0570993729644236 0.1073946294545979 0.04315279396191351 0.006181925104945823 0.005348131628978625 0.11859186184701652 0.00888961643361097 0.13383589079002361 0.002467275385381412 0.01672615465627886 0.1196981045641306 0.0038002217189740555
24 0.09208272248505961 0.0995771001854633 0.070312956630822 0.050110214714471385 0.062172433663049434 0.010836787552090088 0.02325926266244563 0.03724325893130676 0.008593995775358755 0.09708256253820638 0.009598271933085422 0.0207044393281941 0.0016427056830139175 0.09010650429738519 0.0014139644831037063 0.07110662124400499 0.03221316206580542 0.08823268687102685 0.06300839495391218 0.07070195400219485
25 0.09586524050086281 0.06006275271098889 0.07682937267956164 0.016709497911681487 0.01014184743626249 0.05145228261704159 0.04771435750810834 0.08566385359715374 0.0025909109883823812 0.05033731680958265 0.005180867053079992 0.07541863781232679 0.08436378119962462 0.04866493094523288 0.05744540235633799 0.004396123319528967 0.0011139441503121342 0.06586508940185405 0.08316478333408892 0.07701900766798772
26 0.05833340941387482 0.05044968370291437 0.05373636461986672 0.06768841732038451 0.010176743316096722 0.08008716648057163 0.054602519349017914 0.012079277504898026 0.0026980468843838374 0.08056637448783464 0.06361145966089835 0.07921665673962124 0.052240283803603654 0.07917715391229575 0.003217341296045836 0.030348303926190593 0.0557878234686786 0.07785110251477488 0.07129863902714552 0.016833232570902506
27 0.003155735473379874 0.02867284136065673 0.021929400962490252 0.10525023648330134 0.04437253651807335 0.009663207940821159 0.0585128074030932 0.10483500555229561 0.0972972848757693 0.05877630348184701 0.04199216109405177 0.08642727961416014 0.014288494251512946 0.07442414757376982 0.07215073001007634 0.06126395775383249 0.05885267012644269 0.043578749385414964 0.0016629120700137146 0.01289353806899742
28 0.05555620810177819 0.11081511257078655 0.06122877513134831 0.027482287510187827 0.0019049864437218787 0.027635374561191885 0.014632417582692256 0.08884646411191639 0.04908870595755874 0.10557182827050088 0.05291259752009651 0.008675952207868052 0.05206402047128519 0.09383154599699767 0.004096392455051945 0.04902839506554232 0.017592835418429816 0.02416013344154102 0.060534298740182554 0.0943416684413221
29 0.07720470972168972 0.05030915310157638 0.07147732578914114 0.06598959288073668 0.010433784929885663 0.04893105492391364 0.07805628931373117 0.06996035158414428 0.033565617895431936 0.0747696553353198 0.05318700094544704 0.029017743384155248 0.049839256924490954 0.03736417083519457 0.0004265494136410282 0.019876817516939746 0.058549018926279554 0.06617876524247868 0.057628576501044096 0.04723456483475847
30 0.035676786449546395 0.1043543248989522 0.004330058540135375 0.10360354335750216 0.0309898439978507 0.04752174029694186 0.06225133298155456 0.04881229886179134 0.06366505478096897 0.059300700732172466 0.029594769494761617 0.059376134309580664 0.011547176681790354 0.07409629997197409 0.05744082111806846 0.017866008147893294 0.028162657239728696 0.0513226732261686 0.0032719462217070216 0.10681582869091141
31 0.09709426957795735 0.05105066669381711 0.026109786833906978 0.06420129132201596 0.02292345194833904 0.03816590073897374 0.02644049203497568 0.055167393626090314 0.025213865228768693 0.10185446493374134 0.05827233055895123 0.017683796093152255 0.09945913171851582 0.03312162844731652 0.010949061064544623 0.002268359720066457 0.03108831385253503 0.09159845130559612 0.08365750577320173 0.06367983852753402
32 0.004909903981057821 0.07852702762547197 0.05537130781576066 0.1169078696967711 0.06473109544593804 0.009304750842653163 0.11109830181468022 0.08180173667493257 0.04083549734530611 0.04936684558647049 0.0036239341851971255 0.024015059324063063 0.1067299064369401 0.008934896262648824 0.045552808568074074 0.02148457757709917 0.08449361338744799 0.06514805646518237 0.01472143813042368 0.012441372833881456
33 0.08704212187862999 0.05908371694975644 0.017367957333628628 0.08209902773402204 0.05231639865433664 0.04260857548739971 0.03388420741984692 0.03099808959373176 0.03204557345379427 0.0796348239871036 0.05981827860425159 0.08062381839238195 0.02534100587067912 0.0626415797200127 0.009137398484574562 0.011978964412494856 0.06666705266783352 0.05616024164293117 0.06126783229455614 0.04928333541803425
34 0.08298633714381079 0.028477346241356904 0.017589491947161646 0.09024941752465658 0.0377843225703068 0.07041437918093163 0.0033149057901628873 0.034347093933660866 0.06492940419059122 0.04985731720536248 0.034165266047564355 0.07103707706337653 0.046762133905547926 0.06097525933121265 0.010483726061148925 0.10456364255519522 0.05767869273892323 0.042351561116686885 0.007183313592348382 0.08484931185999406
35 0.025808164531677023 0.006461448400571961 0.03675240899196949 0.09328239839972588 0.048481293081109864 0.0972497409131398 0.019058589164032826 0.025144111195660516 0.09432027927861997 0.07157002000677595 0.004420515244283746 0.04643340854478398 0.09433125853032284 0.10100831738064048 0.03097990266522038 0.005313284416765543 0.07056495554993918 0.06387540086664235 0.031967695706988215 0.032976807131130007
36 0.0019719970437294026 0.00896474666907131 0.12075894458751407 0.12424912347918221 0.03413999457158726 0.08669436161839723 0.025927138045216108 0.016922155573882727 0.003907653547708941 0.013460128143828277 0.11455125527875146 0.0549853143169252 0.026364598732640812 0.042682413257795135 0.11544105033138051 0.05044612794660315 0.0014421211475631785 0.05753612829714006 0.0993194835288869 0.00023526388219612053
37 0.11263910702524355 0.025610934547279668 0.0014472651889886887 0.026825684450642984 0.04848630366978225 0.0018816098788681465 0.03466531555435276 0.005338679317941854 0.022504472248027145 0.0792819935467668 0.08454727513698031 0.07414635081630028 0.010769163456508697 0.031865442439743145 0.11153677037170813 0.09261595923491768 0.0125458493965123 0.09538630754599758 0.04015983740019173 0.08774567877324639
38 0.004361550810842562 0.052852147611126075 0.005338628561418864 0.026734885356070104 0.07784189045087395 0.018428668733833968 0.0031156912297939463 0.0035775086935615767 0.08641764057441742 0.09146629575068527 0.03434648755991044 0.08004435472056265 0.07413340099759445 0.00695027563532652 0.06687505257500548 0.0934196439576345 0.04318253086942779 0.07396519913232552 0.09362191921068355 0.06332622756890569
39 0.07693112239293534 0.004657889508054031 0.05979026496298361 0.0720099130876553 0.035831676490479684 0.09653416089346226 0.05115366088275747 0.02398241910433027 0.06017301871835561 0.08976299099412083 0.02910389580923351 0.05068259190999105 0.04218172505648506 0.01130700032219731 0.040564272318224584 0.019358792140623533 0.07683960367910692 0.033797079375336 0.05419328706804763 0.07114463528562003
40 0.049337912642689385 0.05231925201796411 0.06718095039373101 0.053248866818181244 0.07415283848147478 0.06009762711975209 0.05993508528146299 0.0631865010085167 0.06563218251650464 0.0329005038897163 0.0016957098010350988 0.06681004729623856 0.054691768467954184 0.04456835524151711 0.06445631873158551 0.051147334497108246 0.015498268457375019 0.053761830232208305 0.0020939552203418825 0.06728469188464292
41 0.08484052586449609 0.03488637738652401 0.04730024787721642 0.07378467757361974 0.034727861281609165 0.07048592477358467 0.00363686785283702 0.007273407590706043 0.0447854502979706 0.06020272636715653 0.08683431336174945 0.015694618889073395 0.048849201591324214 0.028768506718647027 0.08595479755062428 0.056435226412678424 0.05194215848435342 0.08259560725946449 0.019525870501546937 0.06147563236481805
42 0.058178422055090565 0.02468485777255327 0.016343442634832023 0.07544733494639715 0.060471269417552855 0.0794856569731323 0.028896442143003284 0.02526438294578677 0.0419906968557173 0.050023221977950706 0.01764774650838093 0.08233485348376844 0.019649759139736177 0.04829678985240077 0.06249171626681393 0.043159291925659926 0.07399951986617462 0.02329840220277615 0.07830797160895621 0.0900282214233168
43 0.016492896828849465 0.009428000520569158 0.09012866086360306 0.06444501313124486 0.05450406000073899 0.04206930673495849 0.048067371050252765 0.0613716482726388 0.07827603046466905 0.012572396527874063 0.06395161416311172 0.07670950497885322 0.08824567311591626 0.016593183291037084 0.07059662401028871 0.009078532228407443 0.04685323916313476 0.08437659304750407 0.010082565563924369 0.05615708604242358
44 0.08984301301909262 0.05266066942912415 0.03703874465900499 0.09162957234469145 0.019563821662757414 0.018978885229335753 0.0012896245024158553 0.062424689340868283 0.07162538863345846 0.07284467527305241 0.0509516607105208 0.017840812424426634 0.0939370073794989 0.006420842060532526 0.05369183879009861 0.03188019510767758 0.03226065083382089 0.07836287972148347 0.050918897699950706 0.0658361311781884
45 0.07584972929524536 0.04618471733308151 0.017801965881209164 0.023617381105139647 0.04955535184641417 0.04726943812767749 0.07693526769633009 0.0185539151135094 0.04381915806860273 0.07593322337442227 0.088753767591483 0.09567451978025546 0.06925847032450126 0.009662301350569051 0.060354535683216415 0.03558246119415288 0.006239241774646134 0.07126696026925838 0.053458800546035495 0.034228793644250056
46 0.009014024036552253 0.027261908362363335 0.0880975646071372 0.03814426551328059 0.028468748812782635 0.02220301832631178 0.08645916965708039 0.07289961543720866 0.0022541369643387086 0.06385464146093253 0.06371335571645607 0.019578129659616195 0.03479483906127951 0.012392706206726911 0.03762215679776048 0.08489058955286129 0.08259289906073504 0.06772364349754573 0.07091764927421963 0.08711693799481118
47 0.07561823030949616 0.0011988830655385383 0.06826767464531007 0.06659066753411934 0.058848053855701056 0.05171145503008791 0.07402348374303516 0.03878831950010893 0.021946433493408638 0.07860452881659157 0.056010975695009235 0.08484306922627081 0.031989093860773546 0.09061971906197348 0.025134001781408604 0.01127715002242135 0.03590220984143823 0.01063446104236297 0.03848730069551555 0.07950428877942856
48 0.0916807210953594 0.029496329178890487 0.04823984898263152 0.016591842646008128 0.07933280594626499 0.06459415076262766 0.04387349813110765 0.030559560374108383 0.042198129755214156 0.012633209593196007 0.04874972093320347 0.07766122211110173 0.026370519939499116 0.0633731351725332 0.08784841645215488 0.05903598232122138 0.009157695361946846 0.05518342146967351 0.06279417576707469 0.050625614006182824
49 0.035780942233749176 0.03848182810803686 0.014697099339225084 0.06997751114986427 0.1275316715932284 0.04263397359139972 0.12824755873654936 0.01932871120175194 0.04478588737983706 0.07210447515173964 0.05270212007860374 0.012817617421087118 0.013418567480024077 0.004444216796370031 0.034394228115127205 0.013383256039014002 0.037181466403585425 0.06527400179443396 0.11080993019166162 0.06200493719471158
50 0.04223254304819039 0.019313549387842743 0.06516001355236158 0.07935932718768418 0.06153367545610176 0.05879466033101851 0.06611284072705646 0.02961407234017329 0.025351883030387358 0.005728389020980203 0.0536048007859381 0.026621747395683293 0.06534626960295349 0.03751560791258777 0.0591253015522556 0.028452590064400502 0.051999946084358414 0.07055128235297745 0.07480043657735745 0.07878106358969154
51 0.10178759119821552 0.057447523303261624 0.07897926254809948 0.08573365748639522 0.00517079841774784 0.06889080679197816 0.013118383990388963 0.020704494895236226 0.030719199737681422 0.08405886199429033 0.025304923610029346 0.06270884162094759 0.033238453349843086 0.06265964880282189 0.09962226096487398 0.030886199682675995 0.07046444169968216 0.05743298167398877 5.510141042088231e-05 0.011016566821421634
52 0.0800904194979229 0.094814929344732 0.07542663046144654 0.022845597051182682 0.060307111120354105 0.06495822010872909 0.05596517738802599 0.015547090244264448 0.10219776119067758 0.08480809992392403 0.006925177797360883 0.006426659445379977 0.04034296200099321 0.09912596158358947 0.03128992573321197 0.014780655593677286 0.016237516240007778 0.006420863145770154 0.07970270467336756 0.041786537455382446
53 0.0928191164411945 0.01346196850033611 0.035898411728154465 0.02075502616328359 0.08413604489323502 0.026986801252866288 0.04730543303954219 0.07249053671725382 0.024365635039925438 0.07035260048200521 0.026625963556653552 0.043489751669969046 0.05020510222575214 0.08496638506663416 0.019059232209270364 0.0808282042708589 0.08678073825562926 0.07384771305912874 0.005371574441194559 0.04025376098711272
54 0.07915429569117062 0.07623571006832244 0.0009603295637951428 0.03460232617826672 0.04806668249270917 0.03072061804234062 0.050433212009473205 0.03465145203817572 0.09481518364880856 0.021724177821859612 0.023033889718908726 0.03208274111661641 0.06390112246159708 0.0753178882638534 0.06482669213933416 0.09547593862299578 0.030506475977362585 0.08065310618268814 0.018180387105687954 0.04465777085603393
55 0.059496504112214924 0.024399560277744807 0.03980155517536919 0.016697706955531147 0.08004505945268532 0.0775144671191993 0.008840885779593084 0.08841863233653789 0.002961361625266485 0.08854086885452778 0.023822448173257325 0.06994817784704568 0.024887985771899015 0.03923920333438265 0.0766232172068581 0.0064278113928740496 0.046986045601365094 0.09128590401408111 0.09790943279186425 0.036153172177702635
56 0.0486598632508594 0.10160720991394673 0.004604094303257196 0.08136746775048309 0.08521146879350881 0.009780159185458008 0.05083230585185236 0.015564333339388102 0.05031798037904364 0.1227630396980939 0.04258147425213194 0.0027048036460545453 0.06062286356447842 0.0018095703698228025 0.014487786106431042 0.11769449432870009 0.044178698832487054 0.07166310189886464 0.061484513494673806 0.012064771040464307
57 0.04341767343993648 0.03642195594613225 0.020463116089128097 0.046446721265545055 0.07174987094383614 0.06248538101508052 0.058034922770732036 0.044774765758738046 0.027355642718820652 0.02273680507843486 0.009191573138169682 0.0972185118591588 0.0750493612427128 0.08447738539005618 0.04743061802232103 0.07672984864841388 0.06507475008882377 0.028552163031627366 0.07025098746758879 0.012137946084743627
58 0.0256615948768719 0.051281277976554906 0.07988886646118037 0.07430270807824817 0.027258390627934066 0.003042682965224192 0.07607728106360057 0.021817017828289816 0.08673361079137298 0.054205991711507084 0.03772336551008651 0.07578096204603156 0.051648482537477 0.07720495071926715 0.0023429958602495613 0.09456577975140737 0.04842399459731391 0.035906445669613714 0.05863885008953287 0.01749475083823628
59 0.06296269060748552 0.04201186176320494 0.011011882827020807 0.03472938776332981 0.04499553235996009 0.06808740236608264 0.06739938382080551 0.07664331622666402 0.06862868023671616 0.07472926652075064 0.032995299587087315 0.06737599875958242 0.04447191550790672 0.012166618374672731 0.07602081204356845 0.011256648874075683 0.0828966662739605 0.03628114706223318 0.06137605887706732 0.023959430147825422
60 0.07264089801039457 0.08376286334644358 0.0015977897517010279 0.008231912134733815 0.026739188935625515 0.04044630839931599 0.028836702890788077 0.05991787521105305 0.08015719637401034 0.03870489283498758 0.05768471348176937 0.04968031767122732 0.06593190749526147 0.03457666087490399 0.004947810263558866 0.07954161316916426 0.022476672419157784 0.08017663612317598 0.0802014919599812 0.08374654865274618
61 0.0682419515754522 0.028898301375687416 0.025783361523970903 0.057233763447028595 0.05531819450055407 0.039467198980359865 0.028976640804678263 0.03490212413776558 0.07005831412360991 0.08041282724615607 0.004125256703920515 0.0315773629277557 0.08339586847163528 0.0388135826237649 0.08379502545266222 0.07623577906516878 0.06914435110535325 0.04712724993254821 0.00297850038015033 0.07351434562177803
62 0.010621702504758915 0.09168527566418098 0.031877278036143514 0.008154781533007546 0.06187719871096952 0.07426135614542283 0.06576194309549181 0.030873324293590233 0.022911851092390283 0.05057684797751298 0.048587266606100306 0.007843429208565362 0.027887845465692316 0.10835371213294118 0.07881216734102936 0.030631938086095732 0.03898966477161052 0.09696159241078298 0.05212510269306804 0.06120572223064565
63 0.06023414865677391 0.014125218862174504 0.010518026572942582 0.029321400769106356 0.007148133840182897 0.07806649799620174 0.06976475108963132 0.0774416600297971 0.0027144992042585857 0.09480811657560063 0.003093113891986503 0.03602883785165637 0.019892255972122425 0.0994491734086822 0.07702879452858441 0.0721133319711934 0.08803103411863056 0.07818681000574774 0.00040847860222947705 0.08162571605249724
64 0.035848541032908264 0.017019891103470578 0.0065481422913651 0.07502917022021409 0.04490135289928089 0.09657650711539151 0.08009869364729244 0.05674803808605485 0.09654639642483276 0.04798630443924464 0.07665840357428093 0.08573111808597533 0.08930606108329711 0.01310845964000202 0.07290465115188818 0.06423292801691725 0.006834047209093992 0.0059898242392798975 0.024273516776582682 0.0036579529626275748
65 0.07499957647135587 0.08245420188777802 0.03673750077279211 0.09595788757522396 0.09348619342518172 0.08206076627281166 0.09861589367559741 0.01558832492943495 0.0020624103222630632 0.0558080525971412 0.03424810759739136 0.03172650511645906 0.0002904855624713276 0.03284051936825061 0.09648009390439576 0.06401920525116195 0.040073413762213926 0.012655927217705918 0.014755408302422526 0.035139525987947784
66 0.014467200076018307 0.025682832687545086 0.011672753563855234 0.02457398386009863 0.08019402413550092 0.04668839289270331 0.08507678962571538 0.09746894630182708 0.07098127744517814 0.07630334192138136 0.05824626945083651 0.05696878449630735 0.09379523767381136 0.011648156177256489 0.012326071477085483 0.016421015223955344 0.06873836030179194 0.03209415652175196 0.09139077761192685 0.02526162855545316
67 0.06304597351034104 0.055315018230159295 0.07706322083980377 0.09351925816456992 0.08798318943173564 0.009673298288680599 0.031117334127298266 0.022837065608597315 0.0645418644333243 0.08656872034696418 0.022524862363763942 0.03302263990568036 0.013804584341042208 0.08846987819301373 0.04686458355056579 0.05474028117763127 0.06497923942464393 0.00840850849321133 0.016885331751638716 0.05863514781733445
68 0.04729076852741961 0.0516633951645774 0.08366337053104698 0.013726082666892767 0.05893886096437473 0.0760696688125251 0.05651717724216121 0.06563217989446844 0.059222421518389565 0.01968122394864397 0.024834395916135236 0.06279021119602789 0.04665221978574352 0.0537506741196656 0.029965736679292036 0.08070656582234073 0.0507071630141609 0.0019353707745830729 0.0869635102037858 0.029289003217765532
69 0.03042459853119418 0.004531505665120796 0.004680933781675409 0.06883332630801307 0.008973636519859543 0.10219608363496217 0.08109667744355349 0.11189027551831572 0.010823848734647841 0.017120209414699075 0.008552578727677168 0.017231651133991492 0.034824372126686036 0.027771143634880504 0.10228376977725595 0.04676788869196197 0.05751985282379774 0.09378721886019174 0.10592089680695992 0.06476953186455632
70 0.04775325500898488 0.0005106069788124205 0.04446280976647152 0.0398158855137681 0.06568930344360369 0.0786045026836179 0.02137427123691838 0.03350700342561253 0.09129222281939985 0.05926951720672233 0.006782226466863893 0.09580545758709616 0.023504795783525538 0.0725487134942936 0.11292559088930883 0.012285735001359462 0.03125481019093869 0.04520969396449394 0.06624232426218857 0.051161274276019734
71 0.05088259426393441 0.0659698621928525 0.059204671216328074 0.05340493970826208 0.05265084281543079 0.02555596418513254 0.043331844189484985 0.04727445374101677 0.06268520801809326 0.04155131304548354 0.022139663561154328 0.06857783563240862 0.037675993255492486 0.05230917526409235 0.07220062727340362 0.056033056430256405 0.030843809441018964 0.033977570413922374 0.0700396808300919 0.05369089452214001
72 0.03628201223064648 0.011184666277166298 0.07434215096721725 0.06951654855384587 0.05906411717991262 0.06007506825828479 0.006862503344500802 0.07817075265344535 0.04211129150805902 0.07882419532505747 0.009389941295946549 0.08202518449655596 0.054970176761967166 0.042406418919104176 0.05010670215456513 0.013217636170824314 0.02086230553804093 0.08367063884353532 0.061072415233278325 0.06584527428804617
73 0.03238357009359658 0.04702723177389411 0.09003493321536182 0.017589782966217805 0.0632222718265473 0.0472497797128652 0.00037677657352544236 0.027756066412062064 0.09019828295315287 0.08159155812464566 0.029760441121147375 0.09904511947390333 0.04076673412117453 0.01544810819825699 0.0967881768262382 0.05659448635233574 0.04458589667430085 0.03061765362342149 0.0012547475516737918 0.08770838240567887
74 0.025764714067901772 0.04005720952915118 0.0820026442254124 0.015430638969868437 0.07818270130487842 0.07595730658634932 0.07138394833591834 0.058211882009759984 0.0008825842714259724 0.03422907864072464 0.044419015379673035 0.04409285940197072 0.0414462491214185 0.030039367856132548 0.07934857601711977 0.03455921575786324 0.004995255345871918 0.07569592870413722 0.08112090221158003 0.08217992226284249
75 0.11702794336013475 0.05469918404937661 0.06300824872325927 0.08467404070468083 0.050623350107544644 0.12171696745821885 0.09203235162565447 0.021956303765354904 0.015456302736413163 0.014146817434596325 0.004681224747483344 0.05422992532906531 0.011006411134858233 0.034896168609702474 0.011320861059479001 0.04347461610054372 0.07514842014075993 0.010990823940736461 0.011743474824325927 0.10716656414781181
76 0.0011476150863613738 0.020819817860790873 0.08377919474781112 0.016784753893670568 0.061560310408113814 0.04247804808625388 0.08155628756915645 0.05090282710449207 0.07883491257961488 0.06626229529276045 0.07033757295866469 0.041934089788248856 0.055482696578766894 0.04643503800469404 0.014439989342095047 0.09087579412293056 0.09164467124265066 0.019057375233223543 0.025352405385311222 0.04031430471438889
77 0.042835664076534954 0.07415321825825757 0.010834281470804594 0.09267080834849924 0.030565626311316936 0.008807435477779348 0.06441090400041997 0.00959859395420797 0.08816000742561701 0.0715220976712119 0.04534380189272648 0.026290577522786938 0.041293994091535856 0.07564749736913544 0.06576523175688884 0.0726424956800789 0.06920857291273858 0.008916200354166402 0.09351614453277397 0.007816846892518927
78 0.009117480381557089 0.06934803951483563 0.07595203688956073 0.08810237137874166 0.10668264762221771 0.07257202784315553 0.03569320183594789 0.017386936128183487 0.0018652703805126143 0.1235044333651539 0.005306414828983411 0.022684386038070572 0.04941504058247548 0.06177098008658548 0.05706279746390835 0.017350022420665075 0.0555009815019818 0.07126858289403121 0.006226705482808475 0.05318964336062394
79 0.0635018211576369 0.10248901019868122 0.060746122950121814 0.09849166354089671 0.040782980360799005 0.026643381764912235 0.02592291106399096 0.02187201511658769 0.015882651598293798 0.06952723453186553 0.10562702580158238 0.08459800622839085 0.05338710588762488 0.021726483299356544 0.02800148966353487 0.06593751584923825 0.02669629097567185 0.003017807659781723 0.024598872322486746 0.06054961002854622
80 0.0013575452055903214 0.08148429730083628 0.08990426790870337 0.05500798053977203 0.02889242941423269 0.04921185364344623 0.04854289502795642 0.004823252556931792 0.08128647928774742 0.047134708486128135 0.07109682283288933 0.008212254491064549 0.07263681973924589 0.06044312740511429 0.0030396854265367463 0.056431694533818806 0.06486157068550105 0.07005764574391735 0.026559878287791553 0.0790147914827757
81 0.03481880475389552 0.027619538068972653 0.07233541231022167 0.037654027213920416 0.05871895685031259 0.06958734312197506 0.057495766857391974 0.03545575284421447 0.0749856883734364 0.02776392025121094 0.08492320507736029 0.02467818145302123 0.07799077620964187 0.053646074874083745 0.044242822912248826 0.05438075727383496 0.0679828002585788 0.01599357153959902 0.04252723430876277 0.03719936544731682
82 0.012668632404484579 0.050417297269772524 0.04934694414611861 0.0927616985256048 0.029074602948943925 0.040604997407761884 0.01270917053530768 0.06913072170527562 0.06577083326846324 0.07565805884986376 0.04669382408114889 0.013173489859551251 0.01061219723081016 0.07735862654005574 0.07217000079507264 0.014707412510637551 0.04015225382365072 0.0967307376539062 0.06149457241463547 0.0687639280289349
83 0.03425539574449862 0.05319169266671548 0.02486939045085374 0.08234952862869474 0.06013397664599296 0.010803655169628602 0.04425130546548011 0.03347514686176396 0.08542328158613523 0.041511431434267956 0.08170667371228112 0.06083151155618226 0.09203781779377607 0.05045995768032263 0.024252143328111733 0.07628783391108962 0.013752125247336093 0.06794781512127496 0.02795351635608296 0.034505800639511364
84 0.11115310693811165 0.005824629359152655 0.033280234528894365 0.035372939857029786 0.018033653728455497 0.04179772042027547 0.018954411612483554 0.09685599107262181 0.07383121237464399 0.094066766978971 0.04262334056410421 0.0019394356086180886 0.03034999437649152 0.05493608798177716 0.11545031173397852 0.03890226533543185 0.007526330541215532 0.09616252226503828 0.0032372998874203997 0.07970174483528464
85 0.03485191977994188 0.023649394559623726 0.027516679226168742 0.038300410961527254 0.06541956469235147 0.01828688259317785 0.04486046066935307 0.07318175786798575 0.0661244990212307 0.018077314791595918 0.003636042796687155 0.03231422581399814 0.11666619661101389 0.065783801289208 0.017153679462031723 0.107555392998785 0.034119836408861376 0.03415400552351133 0.10014664380592414 0.0782012911270229
86 0.03702543247090987 0.06490839943189809 0.03233904712836544 0.060761045787927605 0.045883411872578515 0.06635791986944996 0.03827547065744661 0.02537740399492906 0.09248862631892883 0.09137081130324376 0.0027143175412367706 0.06704722674053631 0.0010896990410657246 0.01109804015536806 0.004446427202834564 0.07282180964809318 0.04243053628084181 0.08599938268701945 0.06019164485618474 0.09737334701114166
87 0.05785194939113714 0.06325793538237705 0.09389287456604493 0.05320783000028815 0.05011109131751944 0.012596588008593989 0.025542483646498065 0.01956227945437934 0.0765112937839377 0.027615986950003786 0.026043395680279333 0.09407575091697343 0.09497371237512195 0.0052430709838643666 0.08682649788810144 0.023632152096012455 0.07832474573851683 0.039665876712796644 0.06380623737331036 0.007258247734243712
88 0.00840554578698897 0.061037940181351516 0.0010782054629174247 0.055684779890070334 0.03379911433686174 0.05487305279389085 0.05754516325945169 0.015206473341767515 0.0383443027175569 0.06410498071766059 0.021671716917783686 0.07565603072954424 0.06764934475117251 0.0761850827468772 0.053303328279406176 0.07797123426882617 0.06056674516127966 0.07684801478594845 0.07168189591931268 0.028387047951331772
89 0.06845705172645515 0.06843478671585572 0.06204213207134006 0.024433449101936053 0.07637266312719156 0.04129763661723582 0.06853469061552951 0.026104932639978796 0.007615192129208507 0.008050986325795498 0.048171273345483115 0.08287557170886244 0.006615176026908475 0.07590623405447808 0.046613739852719965 0.0137176104789766 0.08251233938576952 0.07519388751729131 0.038037413289778395 0.07901323326920547
90 0.012239966715622068 0.09717994963452253 0.00948079319420293 0.06620348821586652 0.09885310281262039 0.012524159921231194 0.029163583862783653 0.041015176234376574 0.0071006083552230745 0.03857266051759091 0.0662762661910337 0.04915511198666948 0.027860496901297674 0.001498229729579664 0.05314211121802373 0.10964936616758691 0.030769784618307986 0.10341656098139383 0.08817253102984458 0.05772605171222259
91 0.03005413400222013 0.06028549220604073 0.08320348874370402 0.08908920689929031 0.049672410360800466 0.05864848213369122 0.08755263686221322 0.023608601961777057 0.015654581579543202 0.009565537891221314 0.05896076614796985 0.029282233409585186 0.08932995601608587 0.011298353044600562 0.03521464012692868 0.08432963560308847 0.04564888118571877 0.009277870578713418 0.07091916731460889 0.0584039239321988
92 0.07295779620439917 0.00933325998683572 0.08203161277829003 0.08334903821171878 0.0840513734007935 0.07900658366857724 0.0010160303174803428 0.05657668149445605 0.048408601194656814 0.043581771140871105 0.023894831681513632 0.10784045000434134 0.015645999358654142 0.0015559759846540608 0.02226529696313655 0.03629581983819739 0.06707863803420612 0.04080442658205684 0.05214586768647344 0.07215994546868768
93 0.07657507607111974 0.0574501655745533 0.08942277041608199 0.06166318773519626 0.007621864828921486 0.05133568160680006 0.02933229016050663 0.07113364318325555 0.07589391498367193 0.026013343933509514 0.01947551484895469 0.01073592657253619 0.025278291597683234 0.006777513716754775 0.08791492309740905 0.06759428286328245 0.08546019388046028 0.09217352775282152 0.0459772563170921 0.01217063085938937
94 0.05384817248797773 0.029443369536214077 0.03809665927632964 0.027722950282996418 0.03820384433882565 0.08655844301656923 0.03925384155813077 0.06778265556961074 0.08722509300098738 0.06569343616422545 0.06563945616422202 0.01769842654386997 0.003767918480492854 0.08256475506333277 0.0736397769735377 0.0113557473546681 0.03160549469939251 0.08844678131311354 0.08600077926701724 0.005452398908486344
95 0.03960512784550658 0.027093506823913097 0.043408760498205835 0.01203230683504873 0.07302538666877435 0.060673065379356246 0.02380942383593631 0.08939539949707452 0.0760561073528798 0.002365031111896664 0.08128569310870509 0.02747256685026612 0.0020466356236758247 0.0061325320565098615 0.04761188214254363 0.04610418682242454 0.07768368847615349 0.06662216715916967 0.08587875427657908 0.11169777763538052
96 0.05252776523106169 0.0037137457328715678 0.06478972912275255 0.03839015937459805 0.019502197771705348 0.036238570259182666 0.019030224418027115 0.08386211085498123 0.03615829132968651 0.015824235205138426 0.022758909616933456 0.05986235502424897 0.0470441548070137 0.07532642174992049 0.09500191688681739 0.083910773394947 0.026521501910855234 0.09457623495740076 0.05495356932776995 0.07000713302408808
