0 0.08064817655325993 0.03282443887889401 0.027521385723148214 0.09829236535799381 0.013587284457140678 0.006303798467848425 0.05111530765300033 0.03105348876609489 0.028483525041196295 0.004785282188849609 0.060126723740256356 0.07394774826658727 0.044846210899281834 0.08842827401798618 0.01780140811407843 0.10261673831543185 0.0769098459059807 0.049065071643988156 0.021665455768754834 0.08997747024022819
1 0.047557810117193004 0.1092070315677839 0.031258824090095665 0.062374415801072454 0.07336080420045557 0.06106361884391407 0.06612596833986296 0.002787657990574649 0.10376999053429505 0.10299448757709048 0.00043457823724306355 0.023867054743128557 0.0572681127915142 0.06085576764037752 0.035164359738860826 0.041996502138921324 0.009571102006346265 0.004802388856010689 0.023173328555333217 0.08236619622992646
2 0.07977460842305378 0.01915059902698273 0.081480661063173 0.03662373047532241 0.01571928995237062 0.09118971247516962 0.02302491057608399 0.012142512111403382 0.08405999183179226 0.013775511669805519 0.03754002588737864 0.06560844450382569 0.08743494875313396 0.041787784040816185 0.09119997960903957 0.037142436766105826 0.0542633113755779 0.014422718815728812 0.07031815378419361 0.04334066885904262
3 0.023521042765704492 0.08983861880590428 0.05606029061820106 0.04782513462745532 0.04067130302820611 0.039427901280802126 0.03476438950084056 0.04678826044253226 0.033499707586545885 0.036492556088528715 0.03180921558160388 0.024858519249897643 0.08361902848822762 0.05200097266763419 0.024682500991537536 0.08389449937340335 0.04127869801376256 0.0822576916757946 0.05114147508520114 0.07556819412821679
4 0.002684456725823894 0.06578106428669471 0.04085966420455051 0.09594232914796175 0.067315256871766 0.0218303362182366 0.039315481778592024 0.10951094585010726 0.03754790837072072 0.027613457828479734 0.06444202917160108 0.035464141574496434 0.07687184796147142 0.05199300684703519 0.07623342952483769 0.037438649004892334 0.08961150398328473 0.02348528794376726 0.017078742940058112 0.018980459765622706
5 0.03194681199960074 0.06900684410596943 0.03332621221657926 0.04382659783963605 0.07782084801862349 0.027608541305141635 0.05666705293665988 0.06865680780255262 0.043758346871019246 0.06349026763889255 0.015223696743623989 0.0057191110477364075 0.0833671425275809 0.029709073560490327 0.045338456278065625 0.06969385092347254 0.08245292207259848 0.019774042437648034 0.06403944998726577 0.06857392368684297
6 0.062446743874666616 0.024944523812040775 0.060931058905082644 0.04976968477788022 0.07036263927871379 0.0670530663562922 0.034271370820808646 0.06656770983182139 0.05606704769149164 0.01133401950017743 0.07519148420756883 0.011253393040748839 0.004463552574459189 0.08056810447839208 0.04946682543145968 0.08021039049245711 0.07721324318369137 0.007404302559833066 0.05590674207883996 0.054574097103574346
7 0.05380588427638223 0.07112495256395376 0.09851720109477408 0.07032046502391946 0.02074130093400266 0.0790397371980099 0.08180560825378794 0.0063759338561003905 0.036809188120463375 0.007638037444498121 0.08981652582595012 0.0476795225562837 0.04685032093688733 0.043853206305972676 0.06916386539928075 0.01725819865421763 0.049116380907701346 0.050708549332478106 0.0052852965774150395 0.05408982473792124
8 0.008980361628199117 0.08357557496058708 0.037248172792821437 0.04553213503827387 0.07441094456750161 0.06451111871394474 0.05833079120560898 0.06404242940588138 0.02582979812660063 0.029024024588889055 0.05497266918384186 0.08072977846174972 0.0360147174483843 0.01109806271239068 0.012358090142961516 0.07581147034263022 0.044321121276050285 0.034249776444609956 0.08713866064429097 0.07182030231478254
9 0.0006742731016517021 0.09576437457920765 0.06429915368907699 0.08473010029146526 0.09448761153967042 0.05214514383794748 0.029159160467341082 0.019491810722000742 0.04021729106411004 0.021925852032146313 0.07836919457643554 0.0270664994176146 0.08212308761084584 0.09260644479160618 0.009922618084791206 0.031727126547640136 0.030316976851146666 0.03407501649978231 0.04962542817679908 0.06127283611872068
10 0.048204385484197955 0.07772751673923363 0.05410443854529192 0.019994250585244594 0.052214556707785055 0.08552467382501443 0.0797614247488226 0.04590403543476292 0.061441291931669334 0.03853459466132757 0.013112916991963684 0.024812777418362564 0.04629741840080137 0.007857012063459188 0.042970706826895855 0.049471220643582205 0.08636038744214668 0.06972560748156711 0.0803234903220466 0.01565729374582491
11 0.06903688956081377 0.027281959054646414 0.020757825085370697 0.018910525404772102 0.1015505000579803 0.07251931185206396 0.03854744314675629 0.02843880932897929 0.0920740931361813 0.06332192124310232 0.040520724037948735 0.03545457721169148 0.09211446710473531 0.06866797186234891 0.02441622896394726 0.0016099795375384923 0.08730730210409397 0.08177210293108679 0.03081724741542257 0.004880120960520079
12 0.07849969694805924 0.07477042654301543 0.019282790898860428 0.05826226053962304 0.03851990286682679 0.06100595802674015 0.035314788329620726 0.06515626975617117 0.05625203301003341 0.045826945221606685 0.0553669573349076 0.047733270769579096 0.009093302465774299 0.05607288163941892 0.06390010013935427 0.036104175195846126 0.08474223410061994 0.023965771822603888 0.061895396331690264 0.028234838059648514
13 0.08724808107196443 0.09137952843622725 0.04510386327906419 0.032163476994824705 0.012239810287300612 0.0921158628345581 0.048729602185204016 0.0964375455819068 0.05562224415055646 0.09099528399290092 0.02132194601293232 0.01216723034703819 0.03965170293663977 0.08560927272079537 0.05831962320180728 0.009477267775454119 0.0036786705053933294 0.07085855303901098 0.032814411438911714 0.014066023207509581
14 0.07185628374432992 0.0983396758717446 0.06498460488718479 0.08327102320743031 0.0068711681517517435 0.07054107203718715 0.04934950810725572 0.058092505641331976 0.02971118075992298 0.013870932477663725 0.03698711815972319 0.061452494905458226 0.06482850526913472 0.022849795302994313 0.07577405290502831 0.10586841195654081 0.014803282753905654 0.004234062704050614 0.026642640530003908 0.0396716806273574
15 0.01834838836304028 0.07288117509862728 0.01745375156651602 0.026331209292000838 0.04422479106917053 0.06042808951447848 0.040064122285937705 0.05861773919510888 0.09631776232003048 0.08847792888441754 0.087474041129232 0.03794008134398666 0.04936621271348314 0.04092620181191874 0.029207799539462266 0.02699373013386251 0.06707899148092084 0.09248960450256867 0.012203546835301867 0.03317483291993518
16 0.06188828776860578 0.09232987547595166 0.0923336263839081 0.0232598004740396 0.01129492698968184 0.00439567876675005 0.05155514127698774 0.06999221576102677 0.07517436129123617 0.09161821031981338 0.08401659064737346 0.02878208355053783 0.04491598102149412 0.03650341969884345 0.02780201340868084 0.03604552993274625 0.07010891635112615 0.04973753479385841 0.04777824245115243 0.0004675636361859035
17 0.08791636266455626 0.05853491155776119 0.0594314873852926 0.02973440977783908 0.07715573456163563 0.012357314813202775 0.015240433543802058 0.07234247270272103 0.08837329770509783 0.058531311232871086 0.02880234117876495 0.025252173225222864 0.02240100730522838 0.08846788943402589 0.018354204972205662 0.0904532386435848 0.002303887057036516 0.0003365514082136106 0.10530849588311418 0.05870247494782372
18 0.08136536182470266 0.0450047761898554 0.059483340550417055 0.03182547159521541 0.07081566321695303 0.0535457191182489 0.07473329679316314 0.018466388301966893 0.06008423419570498 0.06188801359713508 0.021759192283608605 0.07987168775985977 0.0378220867054918 0.02538024325054927 0.013521070948781449 0.0028364596108014267 0.09082963433567261 0.021401067690517892 0.07312546520132594 0.0762408268300285
19 0.04713269122218739 0.060527541260635497 0.050880538035177794 0.058077652782931075 0.0493565563202022 0.06688488027992456 0.05783492034036733 0.018712429878424437 0.06344231159517957 0.07303962362629628 0.05916710761431467 0.03706545219797988 0.0646266176721152 0.0071165744587205135 0.06859291071436671 0.06026811049461441 0.008772493874912612 0.07808478282037287 0.0032258317984034794 0.06719097301287318
20 0.031417258498872 0.03007495261357624 0.06710239487087145 0.03981928764022038 0.019444755745933146 0.006400147888028454 0.0037694988704700958 0.06884720835147853 0.07105315760717461 0.08838930333276446 0.059803024858339875 0.020310196440496454 0.08576798101352226 0.04103933209439831 0.05773080747846868 0.08153845169944346 0.08588728420559309 0.02101529719199672 0.06810596403270139 0.05248369556565036
21 0.0734256389409224 0.07661423498427425 0.04771547203064227 0.07966955971884027 0.06247301374607245 0.04462337878444655 0.06888917231322501 0.08196284619676811 0.06406270865012151 0.03889304378287419 0.02727257069545659 0.035180692547264795 0.04952751755468307 0.06366013685968354 0.047194648770860013 0.01663477213768783 0.012153473709769923 0.025235398044567932 0.0037395820349966843 0.08107213849684253
22 0.012678995900483008 0.0451339881573603 0.06222728698844942 0.08954626706245342 0.06551634618662282 0.043802354655598355 0.09497959945296874 0.08374249700899991 0.0010403796419020618 0.0717325499343549 0.04861030302602162 0.011067073512122121 0.031544005255390875 0.08891158465046743 0.04945398211495537 0.045446520516343486 0.042615712943047133 0.06879366029391298 0.004041540960893898 0.03911535173765219
23 0.06695463951354833 0.03899180417130822 0.024424557093013947 0.026710695353174083 0.04636703099026898 0.08280464836245412 0.06142979656446307 0.08171078098126935 0.04186132849759277 0.018552045612283588 0.076313087558543 0.05595538559010838 0.03620730099954751 0.021250605539607014 0.09095385440443604 0.028899529333513592 0.03861375154149506 0.05533067086321982 0.013682928158161868 0.09298555887199124
24 0.019423419015011035 0.012537977045474474 0.032840218439075114 0.05617379166858144 0.10896088496844128 0.022680582826735077 0.05938948476138394 0.03836127792918014 0.011325068725363013 0.012402323026627258 0.05107804684412342 0.09319802061563313 0.0045635013102617115 0.055360482667337604 0.08883469065787088 0.03762641758876965 0.09384158710858052 0.07548040847804961 0.09405341780981397 0.031868398513686585
25 0.07326894964097903 0.07237693242105105 0.04260597157058774 0.025135448291898628 0.003608246994064432 0.06810638986052592 0.059309496372564274 0.07661672146239858 0.017497483090169373 0.042627788562993055 0.04529051651941758 0.07502032832642934 0.0766525059648007 0.035024374552584524 0.04455119573020798 0.045636249864634146 0.07070810989296554 0.0553583799792031 0.02578393956876012 0.04482097133376475
26 0.07141600904587556 0.006114650457822939 0.00959845265228497 0.14102705295294574 0.023742294917275416 0.011154990684617349 0.0020949626990636586 0.054753139462714005 0.06024551564728796 0.01573668958239289 0.030406499807322504 0.0489151013356959 0.019825968237202726 0.12597382355151962 0.04825413178147931 0.07291834122442142 0.14079491801391583 0.028775163327171 0.022834483809588343 0.0654178108094029
27 0.0658796738150175 0.07667241864526649 0.07750850450990181 0.030658675233843302 0.0002351601521998752 0.0293305575664467 0.0342224935539527 0.02637663289048324 0.044858053538875654 0.05267354253698046 0.03403642342994015 0.026538752457547592 0.06274197364427954 0.09183320365364989 0.07548218792058833 0.024376848317342246 0.03474984349250564 0.08135670565974941 0.04544253974558177 0.08502580923584768
28 0.03786998981697629 0.06608846391790178 0.026076925429852005 0.07884563483104419 0.04391474133567553 0.03337293606794868 0.04696303394114616 0.03277307985348779 0.058412731389520196 0.02614197401634282 0.039259929602316695 0.09835203925316024 0.025398515788035543 0.060841096415600746 0.05656797940031814 0.07042220921610812 0.01125608425442773 0.06129581618769627 0.07150814682687348 0.05463867245556772
29 0.005178109900079779 0.0965838163938702 0.03402067275157132 0.09569361721892726 0.048511025175033945 0.056947782957646846 0.011269734179982576 0.1006049653747297 0.03453716046674683 0.049145886406459637 0.06285510905332893 0.05046605753869056 0.04297220713850096 0.028195941917415934 0.074956266729662 0.031767538687018405 0.11564392117630401 0.012838144247889031 0.01736737008329569 0.030444672602846327
30 0.027060323182779705 0.04968650327635312 0.06449545221943087 0.1236256533933062 0.05702867777134631 0.007001199798030471 0.02425968034198243 0.04856841109227953 0.019253098471887872 0.02780721529264091 0.06491836166337042 0.008189122962155477 0.0009702462350954971 0.12002533791180167 0.07888772135398223 0.10998273481954467 0.010703147768955342 0.10087827585135241 0.024695184396456606 0.03196365219724833
31 0.02191385479660952 0.10709124600303768 0.03004609839541561 0.024363288910146226 0.004086530690808027 0.05911221285226427 0.0012213684585928438 0.029786439196213283 0.051878819828328405 0.058532144454162764 0.0067977354986128845 0.08156829517844867 0.0800005369076215 0.06618738266519059 0.027394468895283075 0.0029446819505902183 0.10428808556067264 0.10890933584785134 0.050529798212763835 0.08334767569738671
32 0.02810729234038812 0.046393366452000005 0.005003152283125246 0.07270036371986272 0.08895157086945457 0.06547783814021975 0.02207451372504321 0.041160288836743796 0.07788295298267525 0.0559528074064166 0.02819944436951655 0.011750026993561147 0.03752346475365241 0.07004025784886059 0.10558651135317194 0.032026490705142255 0.034778678246073495 0.049243906720164134 0.02228155069922352 0.10486552155470465
33 0.017729363767568306 0.0808999303371846 0.050965184327077966 0.023924630158884994 0.034348499844633215 0.08251837732692742 0.06356439222443493 0.025720825269757906 0.07951591205752587 0.07916648035740967 0.10912363505907274 0.045390979183969504 0.07450505409572887 0.01558886720241158 0.04741889470314439 0.06326518371961294 0.045816840525432834 6.200336513332208e-05 0.008769043430708248 0.05170590304338057
34 0.07134908113747687 0.09016193668273147 0.00964982404294029 0.03581414614432585 0.08623984011540954 0.07559520772343953 0.037684544548208965 0.002388389037225306 0.07489338082847782 0.025206160614249233 0.00020763097910686854 0.07709338726385084 0.08275881058594568 0.044755111765938695 0.05523878578865821 0.030532681053368222 0.023502664883159885 0.09161129913026345 0.02542606153357646 0.059891056141646776
35 0.09276011228814966 0.024600674175935443 0.05325144113007474 0.06538751048082148 0.08768717937676276 0.011136034639361624 0.027645428606341168 0.05095214018531753 0.07668382386285043 0.031127377348595418 0.030137584184984138 0.06801260217197516 0.03666664813506479 0.05030104870670056 0.043353509654561605 0.003147805047490918 0.0688462087453565 0.05434308116442544 0.09187315473267609 0.032086635362554614
36 0.09133794873993355 0.09350305555563919 0.04303422497602347 0.02611494484451269 0.0734135583063822 0.034268093727087647 0.05993291072981612 0.016467699179593738 0.08685037407410741 0.06252121201058836 0.04573507078553692 0.010438855243296357 0.09143170785377427 0.03626836660900658 0.06056889911335287 0.013487333827802393 0.060844894389694995 0.019105383185436576 0.05859450926642121 0.016080957581993294
37 0.04329987121658269 0.0755709318048528 0.06426957181691192 0.0317204419693905 0.06632066249879785 0.05345750808240416 0.02609754820850571 0.042142961073123424 0.007130921676403396 0.04047792277386737 0.06556513657508198 0.063637403935902 0.0724146542800096 0.07139512497650924 0.020055187108106387 0.06716526226541174 0.021317796446718683 0.06542250323579722 0.06367122497020233 0.03886736508542103
38 0.0744828050965731 0.09021663844043375 0.07305948104516549 0.07657440339520734 0.10778412923763413 0.07596340426639048 0.004768509088143696 0.03759723837903142 0.026065861903398213 0.019605733235994648 0.10104220843262515 0.08204502229084804 0.03151575473215165 0.02035991584286604 0.02095804397226521 0.037517989648972024 0.07433243309104964 0.01481978038441672 0.006522330064681251 0.02476831745215233
39 0.09533806653462429 0.06971631626817615 0.01344943459573715 0.004777141739879427 0.08821143501860974 0.05835720828115387 0.08299793992360269 0.05923822047564517 0.03562977725580295 0.0762364643569731 0.08281702742517698 0.020010469207121417 0.0012805170190870988 0.0021798467721414884 0.0417619271397637 0.05489215203161776 0.01740435555122038 0.07749177963884922 0.07917436110197192 0.03903555966284559
40 0.050505190783724584 0.056268499284520074 0.03192819454391705 0.039328844535095005 0.08937827456144709 0.009371194524339476 0.09754433107463259 0.07599994000644394 0.013612151380533257 0.11298699323205232 0.00897144829671212 0.01520549096045084 0.054679609947711726 0.08881482302667164 0.07431749524561473 0.051091606510229516 0.03654996158026849 0.05482251905956991 0.024760649017083778 0.013862782428981871
41 0.029553190807005227 0.06327931243709797 0.04424021123772993 0.04907400304815442 0.06118384640731375 0.04146734650901538 0.049183689565509524 0.08847784119664895 0.005634865497295129 0.06510369730656 0.06680360827191571 0.09379072780408064 0.002418117825346867 0.06045587747331282 0.00772593325694202 0.057357188027477815 0.09942298060079804 0.024244202455736646 0.07031700792060543 0.020266352351453736
42 0.06984863086549954 0.09459747427807881 0.07329135868398108 0.006958507303032482 0.013723046103031326 0.0194639970433626 0.012914790694337283 0.031287203312590495 0.1112601689578362 0.007876458578179417 0.08529396522993138 0.009966071578792 0.06533928776247946 0.060348311093589756 0.09492160068518939 0.045869952203296385 0.06643336149960716 0.04550437407300179 0.05805653082860319 0.027044909225580345
43 0.005141818669467101 0.015522462631279847 0.08106023962583896 0.06826234272587518 0.09341408435571266 0.02344130861837358 0.0018167145997948818 0.0524615127498858 0.009025829374680518 0.03144371875774545 0.03474096318578531 0.04254178066742147 0.0776669536835733 0.09454732493756227 0.02754618414211995 0.026777304175128008 0.08191388814134701 0.0732875435199803 0.0719260678260758 0.0874619576123526
44 0.06755241841074928 0.08854483376371729 0.05708788315602717 0.0887594786035885 0.05333639871578253 0.05167403815613146 0.05339513838851284 0.015996299898325163 0.04026819416978403 0.03816796931701546 0.060051992670382685 0.09049404813118249 0.06317673185388258 0.061303711837664566 0.012660706223556953 0.009076869374074637 0.00299673269811205 0.058442294643016736 0.015083454992257661 0.07193080499623608
45 0.012469428396259998 0.10877967851846028 0.06685426067115786 0.10750828601680333 0.04063475437268097 0.04132296916273071 0.07024110938422654 0.0007478681081054732 0.025294363840080374 0.02652803563628092 0.03882761779636482 0.05768911846114692 0.06369865038325255 0.08174449452266669 0.00507830478329914 0.028796186808521453 0.08801732030721994 0.06754811117523155 0.04194375511771994 0.026275686537790388
46 0.003883424398374846 0.02390136373801815 0.0765077545043337 0.09251609635232758 0.021467606762524658 0.1151902777455168 0.019369640832408233 0.042839076503780146 0.08356001794772491 0.03860564681138023 0.0827273426993223 0.057498879452741423 0.07015550070269208 0.03009728942201537 0.004624842259667066 0.11751243733883075 0.03145164430356835 0.004914152999693352 0.02594497656160989 0.05723202866347014
47 0.009734436513374734 0.07127670580425013 0.012414032111872551 0.03386399371900367 0.07628894088833427 0.05077478655858027 0.07473145638483349 0.06728110861906865 0.07640342174348162 0.05996420365490188 0.03180563302711175 0.036257262792946644 0.0678765747484741 0.06650740737836307 0.05145436006447257 0.025273119033488677 0.07134005347061076 0.02130982426345917 0.06664355110522278 0.02879912811814909
48 0.06605752728682758 0.09845693392047458 0.059443944180333774 0.10709341771040204 0.06533039251550124 0.00932532714506721 0.03759794258394906 0.0681567667683915 0.0007841847808838505 0.039944613958290444 0.025815536371784693 0.06003259380694913 0.06706425869817154 0.0061689402643442595 0.049809602582766566 0.0024245503213143355 0.04782114094779372 0.04691062472739339 0.09753075741795587 0.044230944011405045
49 0.09624233320308352 0.040269507866350404 0.032899998209047245 0.07670635581764357 0.03774193478110681 0.036249103825261336 0.07020791518046385 0.01341360041935217 0.0164820426888592 0.09317683668453274 0.030098278855113347 0.034647828179203165 0.04432357784157676 0.0870823277106931 0.05020716966932252 0.037901909400472146 0.04476447502155843 0.08564096155439166 0.03201499764195896 0.039928845450008826
50 0.009756108852403711 0.06711293443042679 0.017085960853756042 0.06674025259436164 0.06792302334151862 0.045742581795762856 0.08549221882650937 0.032964031846734604 0.04002248686362907 0.07398525701822273 0.0055071306648925575 0.08390353272172045 0.06699310983850855 0.04086619605586671 0.010191563720885354 0.04702959255750183 0.02078071304580176 0.06018741403560683 0.0951261771012582 0.06258971383463206
51 0.04971034662453597 0.007138338262844761 0.04520590964752511 0.03310750026250787 0.0008881406351411076 0.08493062641653028 0.08616607647333421 0.04669059305583776 0.08247685515695966 0.04781399978145412 0.09474437686150224 0.06028543428794337 0.10073490394183769 0.006988030341923968 0.02724792602386448 0.04963088025737544 0.07807763888939605 0.03872985730700703 0.05933224783549819 0.00010031793698070243
52 0.07186092848249695 0.09450624939743751 0.06601065932986688 0.003041663636830363 0.060615632471348165 0.007520894247422431 0.08035178311986076 0.08528232080460431 0.027366580169461762 0.058922399493139044 0.001265883719245828 0.03185896434459226 0.02382235137596883 0.07154858191479439 0.026807721105050232 0.05352653258165295 0.04172590844690889 0.07706057095118789 0.08486083340640604 0.03204354100172446
53 0.04245658880168149 0.00016005749594497504 0.04612835196782952 0.07315961490774499 0.07511277766110112 0.02989756585986151 0.067292029064535 0.0839382125486186 0.06868015711879227 0.06292239908741325 0.011231777021650714 0.04975018489446303 0.0043531956772568 0.04005482879245332 0.0667043007152143 0.08265763589012005 0.08299691087778611 0.03338901848657409 0.02572117132277969 0.053393221808179174
54 0.01949807596023199 0.034425774725854785 0.07775403398999899 0.02019490790150354 0.06947374390277233 0.06733695414646404 0.05755259426480978 0.06429942908961374 0.05657493297146377 0.07890486236591963 0.018662398605805177 0.03655820542588795 0.04489034046418793 0.02857232319082206 0.017903278419830138 0.07063274577890505 0.08236101617066438 0.03143341227688796 0.07629732937214881 0.04667364097622801
55 0.04969527093289795 0.061301734805107914 0.0813490652494907 0.0641877892221942 0.016029695049485867 0.0008805174487307744 0.019934616004655428 0.07539901015269007 0.06833868071800066 0.020279487675696987 0.04529832863973478 0.06058214200213223 0.07431461936695313 0.08365425073529155 0.047488637811842815 0.001035976566955936 0.041717653393078875 0.06667033242490124 0.07705835247043634 0.044783839329722464
56 0.00612736271317857 0.035615630230787274 0.04050796231939841 0.018894575443055082 0.0068439770595610004 0.06658813637486058 0.06857042688103775 0.010507485935868114 0.022998233389010227 0.03906965013753025 0.08804502284937418 0.053904897283380625 0.08499442982633501 0.09117977438665884 0.006618687694100013 0.04553124099831282 0.13884649019489315 0.06096246338373366 0.05282817799279452 0.06136537490612996
57 0.0768818613420731 0.005449806109755977 0.027015870341579606 0.10253434777389431 0.05054551555733778 0.08166917081573113 0.034421163402735454 0.10495058166586907 0.01172442546380425 0.08867061131818382 0.0769111292392858 0.034644921585900955 0.07589742891088973 0.06799525647995347 0.0065978671758343075 0.07194835053889029 0.017437700732336164 0.020909516977985848 0.037896729847940895 0.005897744720017959
58 0.09323695001950491 0.019498141066044673 0.08414337355600696 0.07247666171759688 0.0010416259406539887 0.08464336927648897 0.056638646911426005 0.009197488658183829 0.051067830411018963 0.029806818686297087 0.09222611909920594 0.06270611137252077 0.039466927892489276 0.07212490300177868 0.10800640320571693 0.012484009281170208 0.08317096993281944 0.001612102792421289 0.002825858397797644 0.023625688780857402
59 0.09962141981743908 0.000807989693082094 0.05168789724240601 0.06929294895398615 0.0043834295172093625 0.027767992481392244 0.041494759824841555 0.028611150929873253 0.0989846059675663 0.06411657837700849 0.07804378256553923 0.004458161154658563 0.09360423485650841 0.0634726949510732 0.04518866048005282 0.005563492423359781 0.0689269746756377 0.05368976028969909 0.014693004402626402 0.08559046139604042
60 0.05979134332981946 0.008148837068460707 0.07566015013380077 0.004964713332575122 0.08539291648998326 0.09162013302465481 0.011750656035026577 0.045381846255164754 0.03563697160383976 0.013432650815389144 0.0734123542381625 0.0637302554264736 0.00815544774733109 0.08504268871382009 0.051452169345034465 0.059209079337310046 0.09676935796072536 0.09828614670646152 0.0019956796928156367 0.030166602743151385
61 0.06026775544609886 0.04487760317440464 0.02730950323898115 0.03729604123774218 0.0848113213587426 0.057815737281113284 0.06074659566133328 0.07970999867237238 0.04727004500470339 0.07259124174053055 0.021881003262853926 0.005793041820826083 0.05658060470578109 0.007960380917723291 0.06908476246417705 0.07638352303309937 0.016609092782322164 0.06355107009218659 0.02886073576235083 0.08059994234265702
62 0.08874946822881341 0.0710546987538384 0.021657129699996832 0.0418441284986306 0.005461111319849783 0.013717434848783025 0.0013565237188136456 0.06641348267249396 0.014071983991111803 0.06848719138695823 0.0038175016950980868 0.09770500158854492 0.10571926146440588 0.05955958440973726 0.05902611522451478 0.01608621575226254 0.0996897659972979 0.0627844353786594 0.034639108953470873 0.06815985641671896
63 0.0607172109732451 0.07567394692159346 0.033605741863187544 0.010988475377961129 0.043694631905505425 0.05265894380936367 0.03460178435585147 0.07745152909212145 0.07747020677304314 0.062083218407041126 0.03630675347158583 0.041453082023293904 0.042587107501481224 0.048983242582101585 0.04975720578542674 0.038806873588885134 0.06144478470727273 0.05255308922871082 0.08062272166834025 0.018539449963988323
64 0.00692047819847709 0.04976130120110682 0.06945885493182243 0.06310380392792028 0.04226495411575558 0.007258005837552842 0.010022784214369522 0.011657773541368672 0.06194275926731825 0.02807095003741797 0.0308656093524298 0.013983208103543605 0.11186814498053486 0.07343199518551156 0.10240454259730342 0.05896853132027399 0.08764138712202925 0.09166407601396621 0.07344057600552067 0.005270264045777089
65 0.02049723946993424 0.06436988292914551 0.04321371378252259 0.013514780319426005 0.03564203272882224 0.08190906054955101 0.00489706004335417 0.052150964037012935 0.012101544668090498 0.039427903141350924 0.0001662902683271853 0.06919055033433136 0.10044879712018955 0.07514627654165608 0.09063631395341863 0.06094694508717857 0.06891137607563855 7.425158206277431e-08 0.10157664510794086 0.06525254959052708
66 0.083924326769737 0.07451646552999242 0.07946894645437885 0.0507002584710853 0.07379732539970195 0.017743103582129993 0.022448885198831186 0.01813453688816361 0.08822541618127397 0.06392637059226959 0.06000100477485599 0.07758372529082437 0.032948263702582005 0.06665927080564883 0.002660429267196745 0.027655275415804134 0.040400065545702725 0.04357895144727897 0.04835185215741636 0.02727552652512591
67 0.06596084206811248 0.03329642300652125 0.0030916605770127327 0.09231042308171102 0.05556462397448649 0.017228755494143676 0.06659865598094462 0.07653712032153273 0.02165007116077545 0.04146962243522436 0.0931863782539488 0.0009763312065980597 0.0852840521728268 0.0821663766660763 0.03489859411625917 0.0943817082871681 0.0017227665823754095 0.03899388381892235 0.015665345565188064 0.07901636523017239
68 0.07132852079574391 0.027195950248080986 0.004147643431590459 0.05511257054021495 0.03583112962409806 0.06498836840288627 0.022490969233102228 0.06809666075602508 0.06192531497772989 0.031015182429589786 0.026955519834315555 0.05934648482140007 0.043343911134465146 0.06206849999353258 0.07499976553246858 0.06622631777575815 0.035887714502608664 0.0780496226799398 0.06665429834102193 0.044335554945427874
69 0.10236858575666329 0.0656112490651928 0.05700557821750938 0.07824228374768913 0.010230055522492839 0.034731825545340794 0.019435276622890654 0.047368801351503335 0.022229287706843084 0.07362794011298586 0.0354732432589515 0.11778955177507444 0.009852711451424792 0.0789758463918642 0.02396675562007138 0.007526176253536269 0.08736694394961482 0.004407427625839007 0.09060020420500275 0.03319025581950955
70 0.05380648449369832 0.05346218111900585 0.11239660681073484 0.045172423336102795 0.033937880541406666 0.015889890307705972 0.010013156728924508 0.03677846672336377 0.00717878461955278 0.07110287652022355 0.04495481019078895 0.08837123792456758 0.0650868529127269 0.030608696390399176 0.011015792400459367 0.11122527515549177 0.04423967540158099 0.02895842255706951 0.07321270352133892 0.06258778234485794
71 0.009533246127128742 0.023464710053017472 0.030370272687148165 0.010756063764178533 0.023927803873314505 0.04299769053559469 0.06919562890324785 0.06618036777091088 0.014497363538205767 0.031160244006714615 0.10896316021958902 0.12404177756057468 0.05212949409393176 0.0637883067661349 0.05602086803950297 0.05374134064004187 0.057390367713657554 0.007085645229209002 0.06405832514930619 0.09069732332859087
72 0.0365864875820864 0.00012299274621409845 0.06914764465354332 0.05468688947026525 0.011150769489207886 0.043298498896303585 0.08703761370260488 0.12021649761715732 0.0017137129080613755 0.030127288926351255 0.10493985151074019 0.06954480837957283 0.007348775090922147 0.05949716952511614 0.07919182801388393 0.033744723793726526 0.0011928801759142828 0.08336766771200596 0.08808759147857965 0.018996308327743044
73 0.07394575105782943 0.04127463644701801 0.031961009839818706 0.033709086236381754 0.009458410476196364 0.02738221646038092 0.0444957604280897 0.10476174321768678 0.08684624019014146 0.08251711541723636 0.026657239564690585 0.00043729933358612296 0.008514927396314178 0.04245113632725145 0.02847430249551781 0.01708014665845434 0.08571844884957533 0.1019919763648699 0.04656020631209339 0.10576234692686716
74 0.00684367957920209 0.09388275316394346 0.06947959198514111 0.016064146136876668 0.1023056821788429 0.05426304050459485 0.031865109433996695 0.0005991041183937658 0.05471460001413194 0.0165843473780969 0.03201534083611743 0.03650254068022335 0.05581860939802683 0.0849422442496256 0.13241768217211417 0.0038965967316242018 0.039083168889111376 0.06406793033245645 0.07404215019926008 0.030611682018220288
75 0.09409274086261922 0.08173037928066655 0.01455948843419488 0.032198173554620645 0.08575398623286255 0.015163648278351536 0.07470047422091784 0.03583725450224359 0.046865759158966416 0.05804773413441007 0.05208595703783013 0.07903231758719392 0.09947333517321566 0.009966981380151882 0.09779638239480684 0.0020809725548769867 0.023905717712643552 0.0015577852626328425 0.07446650532874957 0.02068440690804547
76 0.0072457816408543155 0.041062004639663585 0.04291663134463546 0.05170451300752972 0.0864232205162613 0.06746312399118953 0.01278063237875374 0.09265111149006423 0.056176272969956746 0.022775135701478492 0.0898184650417574 0.01752846382709196 0.04335386957053941 0.060932580581967946 0.05309898129601418 0.0502762767406261 0.08105454896425143 0.01891934379649379 0.059697126044525886 0.04412191645634487
77 0.020885074395709555 0.017139515461140398 0.06331327142791898 0.022314709420163403 0.07096691191118913 0.06751069332197099 0.01318257206216031 0.08139232443448852 0.039377828408555214 0.05047832403107981 0.078488040512646 0.0710752328759705 0.07319275307852542 0.048383004450614955 0.08492569316532071 0.002439284197040554 0.017345179721294183 0.06972048280656472 0.08709368667926155 0.020775417638385096
78 7.282420125273818e-05 0.03556311978270491 0.04081173915302701 0.08032311314415795 0.10226769865042387 0.0748348243465945 0.07305730260985581 0.06931824081964147 0.0019341015183421068 0.04551460687847956 0.010369629729650868 0.11181353067254947 0.013702031838843665 0.10945420297903911 0.03299622248333823 0.03027939610976919 0.031161908266141007 0.06839512642763297 0.053975177549453676 0.01415520283910181
79 0.08621623451155914 0.05188373061035539 0.07787006861199967 0.02301491207689578 0.05867499867903085 0.09500997164831679 0.02027617760108349 0.013680519602956845 0.036899524341456595 0.04342129512862043 0.055489785022950926 0.010812930574718787 0.09745385991643236 0.09783737327341205 0.09520120513977694 0.002550700043754285 0.0760337853114495 0.04689069340272594 0.00987520008621411 0.0009070344162900035
80 0.05715863502919924 0.014266853769895208 0.0031682243011738453 0.015479234280162221 0.10470230005125704 0.06165367968337243 0.033906914352635494 0.04350967146799898 0.0673193463438535 0.09108420554935455 0.02277710319828297 0.09899887145781802 0.0030698154457243242 0.06930446373108551 0.06805061562499473 0.08689386879038676 0.051870180904991285 0.028398312025873788 0.07674316583936347 0.0016445381525765524
81 0.06363593243806334 0.022510384697317407 0.08198687254087175 0.0002677445053738853 0.043916799001463905 0.009795790268851794 0.054879405458387834 0.01644374829768532 0.07936813478295576 0.056122498683453946 0.04339643780044472 0.018542057160128834 0.04004880597090624 0.07823901719012766 0.0712761448741207 0.08112103013963723 0.06746890932286198 0.04825675542375464 0.04239451589307457 0.08032901555051855
82 0.07332601246150354 0.01296463901668418 0.055964115345386985 0.061821014415409443 0.07076366185457164 0.030832867728915633 0.0209830722275221 0.02709355886677641 0.047646494526214785 0.018164076478010854 0.08244102674996105 0.08760985351209664 0.05578633104104329 0.041045702000524945 0.06033281507538352 0.05294209171080166 0.021054714740103522 0.07223184554276794 0.09003462187239662 0.016961484833925372
83 0.08731711124002006 0.05429428685598263 0.01479484654697591 0.07291542148325056 0.06697591719929297 0.06763787774062134 0.006372522685008508 0.06681070631015336 0.038232020356128875 0.08523124254715303 0.04808763598030134 0.07496583052021216 0.005826771277250397 0.04387337340036369 0.03318682760545022 0.10287689244098759 0.015054876620477291 0.03829133729488628 0.07424067369142083 0.003013828204062922
84 0.004086594052005518 0.08761747853375147 0.020691190746260885 0.09678140076734525 0.03153519460823301 0.07869619386515192 0.00472722163859773 0.08721553741931203 0.05456264601706282 0.054202456077665086 0.10937672946334055 0.04716353998173949 0.03127370705962276 0.004955765155977427 0.040141722701203815 0.04512714646139187 0.026929029555051023 0.033210423671574264 0.10495653363674758 0.03674948858796554
85 0.007579471326995481 0.07394099933793277 0.04400302397430209 0.04470388292349088 0.019593253621758212 0.058397814040463736 0.0115269914875479 0.03975510009931933 0.043452582580015005 0.07131610067724668 0.09576227822386661 0.08046343025869847 0.0917722320467731 0.09561574639074108 0.030888217633425585 0.04282886263816874 0.03411115652199315 0.06216253162102504 0.050209996581314746 0.0019163280149214145
86 0.04060096762793278 0.03635131663908007 0.05749859293555177 0.07345311060335288 0.0769014457045428 0.0513067401316331 0.054195253263085344 0.054455299704265527 0.07505012273073554 0.07222386459715377 0.07147075976755891 0.0009483599878330227 0.05593987195561239 0.006328416214697225 0.013320994200341708 0.07319472839181161 0.00314147834522387 0.07393050589748222 0.02110784429019944 0.08858032701190587
87 0.002198564798355518 0.07800829310406324 0.08227679117730981 0.011750823722879049 0.06953673544815905 0.06959326782615856 0.020942537685538644 0.019857191183599722 0.03146287515598816 0.03114088569807384 0.053755017008423736 0.05617934665490492 0.028943659300905502 0.08633265099846868 0.07388428464912652 0.06959750239875309 0.08641774114104467 0.012448070070000487 0.08490256840316875 0.030771193575078053
88 0.044703725664214565 0.04957535687112642 0.06030314892782086 0.010127169072194384 0.08749367216643683 0.002391992751138227 0.07134464263911212 0.05884664907704587 0.07286416268272213 0.037021057146179356 0.06554634210138383 0.055679042894033255 0.05589442525728482 0.004067660320572156 0.022260019883515548 0.052117304719105 0.08631981951698671 0.08806377092400916 0.0371129071067867 0.03826713027833207
89 0.03509493897690378 0.04006672484306363 0.0007489013963040413 0.08663477606567327 0.08255775191842425 0.06318536161909255 0.06620397974322595 0.0640734625195836 0.05569398611556319 0.007615164986963954 0.09154013300857348 0.05271736394483682 0.065780806561337 0.08965197059949492 0.0722350652265346 0.0017765476869808232 0.005059239091820423 0.08722623158177738 0.029437610406920122 0.0026999837069261656
90 0.08694391617840298 0.01412638461957092 0.03581976150817267 0.07864272257956434 0.03728198352620476 0.006244425147934956 0.055583147241426045 0.08481610423251816 0.09149251028827715 0.0020810970970308383 0.05845415736060585 0.022742817036656697 0.03800095697891035 0.00043922812322522403 0.03206873605545285 0.08831007082839312 0.09676015968213429 0.03363117104174166 0.06359258496560512 0.07296806550817209
91 0.017723325316923617 0.06603125782360636 0.0671785754117923 0.07139028534956508 0.07543625373288966 0.026419815825387112 0.04811096874900021 0.08372127128193163 0.03047692415968617 0.0511517529043587 0.08318384504234855 0.08860231042264617 0.04039645957635179 0.06241670825706199 0.07040010462025297 0.011825826366032277 0.011335903305506895 0.03284775774724082 0.04220451692286982 0.01914613718454786
92 0.0558762476488857 0.02874693446026832 0.07323697395730308 0.06288790762164567 0.07427376497585526 0.08602041150680648 0.004086402679057812 0.02454714454022256 0.08353734451736089 0.014424281170194023 0.028653449681453322 0.07435568009738165 0.03157219414851886 0.09310346679970034 0.09552849857493279 0.04656002243773827 0.0023648126560950598 0.019316929902322533 0.08848483145506965 0.012422701169187686
93 0.019840932438214165 0.03304197719055683 0.015385191708219125 0.053735761229290496 0.04239041289246642 0.014543919566711859 0.10431171837195995 0.030309142004520853 0.08796993618478328 0.1033705709742705 0.11017125520712241 0.032642287021755055 0.080679993012646 0.020875973348577256 0.06922638798355231 0.1043721202113725 0.01831082975072674 0.02010922774379262 0.023838085202719295 0.014874277956742366
94 0.05949428812473901 0.06613520118120177 0.04189398810987683 0.04822267189556836 0.008040531565052024 0.09009332479301924 0.0732612721506737 0.07999917180672661 0.06453590383459247 0.022675509521950986 0.05698391796956523 0.023538779694662466 0.02778926441582503 0.008275738658000876 0.06960742770758217 0.03907900599763494 0.07836987690019155 0.05724934980253276 0.0422740168566597 0.042480759013944436
95 0.03286028938097801 0.006592154749587249 0.01270036685630649 0.03709435902362315 0.0963710953314506 0.055577884610894066 0.09039434834450419 0.04344641898948056 0.018521413728835357 0.07717397274996156 0.0967798452102225 0.04765980956790968 0.04494527943790504 0.020657071732090995 0.09283540987329122 0.0392506716448492 0.029731379655283083 0.08154882181456051 0.0007118020685424662 0.07514760522972394
96 0.03011934186065849 0.03861411188284432 0.07831702649303543 0.05319879096754142 0.13077994561777853 0.030187296483936855 0.02765709716367378 0.028540066977945557 0.009902397392202254 0.03094929135942355 0.05025856692943557 0.0592614460693549 0.033838823652886256 0.0779514522838857 0.09888876214446063 0.09817550075343245 0.03352011545496787 0.03940630889575479 0.009655316563593726 0.040778341053187936
