0 0.025833801139352745 0.06265684893700127 0.0820431588494843 0.024028268806367166 0.0928931453924516 0.06212824823802297 0.06931825941895155 0.09585348702280966 0.017532160765759582 0.0430517445481859 0.010009769762824815 0.037579066246109336 0.022152909199024524 0.05326967959938888 0.058873989279713976 0.03621757478615238 0.06691533772029226 0.059133346059024094 0.07114813970817487 0.009361064520908133
1 0.08171104237143607 0.08950788553502635 0.10500770773017329 0.02977341048567638 0.08124422249527219 0.08375643435876048 0.03707577837005835 0.08318923237822355 0.04202688705940209 0.027746958951690805 0.013156740327051561 0.05681047945898843 0.013396526717939965 0.03613394918481518 0.003378970108864114 0.016497095308477264 0.08336513649289365 0.007212924025040105 0.10249098886370236 0.006517629776507912
2 0.011669397073172355 0.057474258752051956 0.014379721065854468 0.062490092422511134 0.07649805996661814 0.06445621315807702 0.09138460378515657 0.0186219694323383 0.06725949877359272 0.0574218678885037 0.06623705213421735 0.013211395100156025 0.01623512315383524 0.06860052646061306 0.08688221600758211 0.008164883267259618 0.02410949055775049 0.019236477284165884 0.09195019768648198 0.08371695603006211
3 0.03493210541029772 0.08076656927030951 0.0030995578306898205 0.06648406642402935 0.04052923940754029 0.06825128331237405 0.010972713644486817 0.02193109885856073 0.05261283952040225 0.09944489933000097 0.006996688157868261 0.049323920117965096 0.08304805049850109 0.09417043038591859 0.0722301661504313 0.02483856101845565 0.015964335164353784 0.024837720551361752 0.09076169908498859 0.05880405586146444
4 0.01674670117664088 0.06477762503395332 0.02758630832367255 0.0343130910666881 0.046088258187932406 0.09998391102772453 0.027133460969808204 0.06249387023565241 0.030766393429784593 0.009139721214751059 0.06217796668149645 0.10252577084836828 0.040218854094052923 0.00992690668030035 0.09397736325726767 0.09065178442443403 0.039663507398238415 0.09998542381391345 0.03554504680265844 0.006298035332661924
5 0.03948511231496628 0.00042465641858542043 0.08999677757804873 0.06307223050007532 0.07429084208168482 0.07035245838188915 0.006036716685047328 0.00034928376571784453 0.06750032494958742 0.07718342260550144 0.0007456356755056493 0.03094674335556703 0.07048799434337927 0.09114546714008002 0.0413787750995424 0.0698929630678375 0.03482631725278348 0.05665724757289492 0.039525195278643906 0.07570183593266192
6 0.0650347745619376 0.08174748595137867 0.07855041486085218 0.030625018290491968 0.09041683906358827 0.08490748415321678 0.04068091175649254 0.02648607649635511 0.012651665237073256 0.05210590466240927 0.05268612210488299 0.017954300297926128 0.008602980039238473 0.08263275889148612 0.08472530099053933 0.019682570558958817 0.008325213482007631 0.05608971712884511 0.07157990187856893 0.034514559593750826
7 0.031467166956592074 0.010700489681520093 0.03322030490540874 0.024487573970591637 0.09887455120970731 0.04133596372637671 0.11494535745455578 0.008587094518020278 0.1080306386885218 0.016718903106697467 0.1178699753647412 0.044841350896710985 0.00899682264105572 0.05540486655057516 0.009012114864712541 0.01959631642102075 0.09883894347910648 0.03037570543454839 0.061541806315547815 0.06515405381398896
8 0.0639816389729164 0.06353121314067015 0.08473008926028344 0.07003559693416099 0.0551143453278618 0.0779631676615756 0.08608497364813593 0.005131309016482062 0.035569126451537064 0.02687089899102571 0.0034159584164328125 0.018311933500435595 0.0590631661809066 0.0753122498967251 0.002670325288272843 0.05982689465386274 0.015227760202440719 0.05175874397352934 0.07990571873247827 0.06549488975026688
9 0.03301137890676185 0.0766550025268832 0.031362864411103246 0.047943542868717284 0.10004307946909374 0.012779017918863413 0.0538621849275607 0.009830677163970828 0.042100742159524494 0.028735101529375966 0.05474733597595988 0.06013483733623489 0.03702532162170833 0.04004175167696442 0.08696032606156703 0.0784439584815104 0.05783420116548592 0.09137788985376487 0.04480550421532906 0.012305281729620357
10 0.07566233059550874 0.01693021118452994 0.06708845578113287 0.06001338120617657 0.03230433928994642 0.05830935207192599 0.007549414195390881 0.059763993826515156 0.012286034343849813 0.07875985771817977 0.07059732883090544 0.051832249799676454 0.014480762883613914 0.09649961337760754 0.026178811158494436 0.03188614503777762 0.06562079494095702 0.043126542018614274 0.047805367958751295 0.08330501378044591
11 0.06684117127175375 0.03847732634930788 0.06831656568624239 0.02911767225795173 0.07922224760956507 0.02705925217547928 0.0689326486992624 0.049278386749065484 0.03518845829574885 0.027691790874306958 0.0642874144647334 0.02687325474714595 0.07898525961234314 0.012157639630536904 0.008042596379343495 0.05933185076519438 0.07838853601367106 0.05670171279073299 0.05443672743111398 0.07066948819650086
12 0.054929710540644223 0.07041448430990394 0.08579999121902779 0.06134534267632866 0.08151328409592419 0.07205557887799817 0.052683299251751886 0.013286328880274808 0.05597632806459799 0.009194302951990068 0.06588028087882139 0.0018787346602996689 0.024061911684360823 0.03737775582343975 0.06279648437162981 0.06792938808458322 0.08214597903223932 0.04242685114651822 0.03433120974428487 0.023972753705381277
13 0.0870018779917997 0.06887997623014709 0.008881733014966591 0.060138616762536026 0.07750530467245567 0.054912526046974275 0.0220546865020488 0.02135773649671761 0.08636534263875766 0.014213351447246269 0.023153380953781746 0.09667737772542265 0.011590780860254557 0.03880232334810965 0.03568692011807239 0.10046400786166282 0.0957975080860045 0.05496965413675444 0.0008255859472180583 0.04072130915906952
14 0.08945085468195017 0.07282265416442929 0.04865897225243064 0.03620277582538858 0.05803507900283021 0.06804608420838387 0.05671950445710066 0.04291297515474312 0.039031239357496916 0.048318406261613385 0.055162164711970205 0.08110720755110686 0.011524255140392958 0.006491051636634018 0.034639291922991595 0.028839852514759297 0.059364911291121814 0.06480557070174471 0.02393968684306865 0.073927462319843
15 0.04565253024324801 0.0004028923882745416 0.0034076250733804546 0.035496367079774035 0.07108652558833578 0.05886207270599051 0.013724899837935341 0.0067031385690416645 0.06632977896560822 0.05391111477629285 0.07634294573163342 0.09272068753009814 0.03133307678594578 0.0459332957984239 0.07796076522318743 0.017532373101009184 0.08459105552290956 0.07726818093170307 0.06580931616675753 0.0749313579804505
16 0.02486385322046516 0.04279333659367182 0.0038567591025983027 0.06879521331165316 0.07944569147124673 0.09949947494928565 0.06723972344071695 0.057271723375213045 0.05880188343877556 0.029894241898053373 0.09807048537990584 0.07026000679754842 0.0282649970026944 0.05402635758719031 0.03220317614938643 0.03565143697476085 0.07267263986603664 0.008152976988311847 0.03409550620367173 0.03414051624881392
17 0.07108329427912977 0.05354996041872222 0.003858425595205484 0.08812458335627027 0.045009624140778304 0.0334898481244032 0.014118393996439313 0.03207825417703112 0.04174869752116905 0.02672880233595399 0.024844250008166903 0.06836746043083017 0.07106117457636078 0.06634163510646685 0.07168214725823949 0.0663216426672421 0.027526241032322155 0.08834828266272975 0.07787825589717812 0.027839026415360967
18 0.04965472156049723 0.027202511979447706 0.10327599372213932 0.036922663108116344 0.026740897124619915 0.04788848906951096 0.0826745067974394 0.08143629133079493 0.09989223554112356 0.027497046555948874 0.028182812953046657 0.034824925901912114 0.01932821475826383 0.09845957266778849 0.015235882434804886 0.03987560885280628 0.05077368754554849 0.09404781155608789 0.007199907280616411 0.028886219259486836
19 0.10336448581667881 0.03761629690918964 0.06874326737274546 0.027649296854830793 0.00871242220507476 0.09336695150697451 0.03962854477551776 0.01292471779070341 0.06403921083048321 0.09408372665600319 0.03409545453318144 0.07296549993659625 0.012702341920646851 0.05729042019584403 0.012173714797847079 0.021009177663875837 0.08273551841176136 0.1054190437853632 0.02563774093801696 0.025842167098665606
20 0.05509886064647513 0.08104111143383502 0.0733915568607285 0.0481242800703368 0.02039708871671078 0.07513560508939364 0.010391931717983936 0.052960161085395856 0.05861355667343129 0.06266336793703514 0.06952329036330428 0.01675871492563464 0.0661221455740124 0.054111159064155055 0.08136092864037374 0.00999793069877366 0.04758457514339469 0.04196783425950359 0.009435516019311599 0.06532038508021056
21 0.08834401786419535 0.09235020091626048 0.03988129237523227 0.08598368455693554 0.021575458790717025 0.0184512480274832 0.039133914925013426 0.09300220232688988 0.011983319529662407 0.03501954585980795 0.048687629739561936 0.09690440890336328 0.005690919300875832 0.056992324221043264 0.028044038157145748 0.0033852644656378788 0.06518452467357418 0.0911751535165264 0.027532669840187082 0.05067818200988692
22 0.018459919029765404 0.07284513459687275 0.08301041939584998 0.02798420720967496 0.055190239903689396 0.08521347554891365 0.03400851884988885 0.06339495093459946 0.042589257091364255 0.05300704012343752 0.05380881425230787 0.05876476446092716 0.022256574363119196 0.010670076736186964 0.06537377478731785 0.0670059681494631 0.1002250082669567 0.01780205593216229 0.04458747513572944 0.023802325231773145
23 0.003286836275408831 0.05068238658630326 0.04326807748054115 0.022846754551478762 0.031294558109994985 0.018452931430853976 0.12357310582472954 0.06696731885669713 0.08269374883901158 0.09768711164068195 0.0069281410929805665 0.12301207183030412 0.014319529374428965 0.10315768536425048 0.005750472247872889 0.012222553507585419 0.024639818281439668 0.09930863754109777 0.026260405719828968 0.0436478554445099
24 0.03085965819830378 0.029227234891361267 0.0447995830608833 0.04598370968605013 0.07814901193549072 0.0654235745151088 0.0467851424158871 0.008251251350335524 0.06812637752794343 0.011816785664294567 0.07371783463269571 0.0661435738474492 0.0646106087911893 0.0639474754335726 0.04212696538566703 0.029001050180369334 0.03951458863955906 0.0771302956979694 0.056356503328767384 0.05802877481710241
25 0.09898922314907675 0.05474563956716986 0.0012763367408950078 0.05436346523820605 0.0002332418824160191 0.0013192066943578187 0.05630718515213824 0.09919747414720546 0.09368163679940535 0.04257950637740583 0.09704269787756575 0.10243322539466404 0.0005940400597131726 0.05540035743416533 0.025443833414055532 0.020889513907421435 0.09222596306907717 0.0009273074772015559 0.020424992551751998 0.08192515306610766
26 0.005036452829413797 0.03346993460390631 0.1081447715875189 0.03738261775483741 0.04103536910536689 0.005663297692191956 0.07246361343251867 0.059375502672238435 0.02433668677966767 0.08783903008780783 0.02517845494315974 0.0654220140078778 0.035838482575670495 0.11605833041850747 0.018004934146847194 0.051773648762961116 0.05262971734966922 0.055142745120092436 0.01915903331417196 0.08604536281557472
27 0.07319679327531028 0.10157910740047017 0.08162943759190705 0.0290964276709875 0.011469349562980836 0.04162688142169223 0.07676897080038655 0.027962685401162615 0.05367583573693717 0.09166797498646742 0.07856660561284605 0.023498824972058248 0.08372930709948416 0.007947884114826909 0.004656333293856642 0.007278553236997882 0.10064381273314534 0.05267407693270052 0.0032224754545450655 0.049108662701237524
28 0.03141065383302201 0.04333023472842533 0.025247736541447338 0.054082586286043885 0.10697500056765025 0.058172197382629215 0.005262909419347442 0.10097465854032336 0.0711844310402571 0.020539447940249866 0.012507703885584405 0.061013739516980046 0.07568462979153688 0.03080069614299558 0.10001330941153358 0.06967761574757318 0.0045723240066456745 0.015470841969271645 0.03862453596640885 0.07445474728207446
29 0.08188104701666325 0.07200224494304622 0.02458779465149839 0.008468004182736114 0.08049325871991661 0.010747791410862215 0.09878928382117812 0.10273709905394758 0.023470359273696458 0.04243830822961287 0.05577434800490179 0.03511700924960455 0.04506530403411823 0.05112556930060767 0.060010149181281724 0.0113635006828942 0.09068870156816564 0.003179380378022474 0.09066211924794222 0.011398727049303848
30 0.06376095060411371 0.0660929056934957 0.06435052150757244 0.03959400342183373 0.014080331513234196 0.03803126877189241 0.05398164867449109 0.06847363824090069 0.045193385675051545 0.03656662195851675 0.04131235520555652 0.06862552389184148 0.04433671344661705 0.04867182759983409 0.04530793644987955 0.04565560267809267 0.0570652643751092 0.06481655729104752 0.06272318994061774 0.031359753060301955
31 0.006387651816732637 0.0807481508313107 0.003954646847333083 0.06572075838014471 0.04459563755268209 0.04906927611985695 0.08432916511179021 0.07154329208680872 0.02526269054975726 0.05846088096080118 0.01099646397389467 0.01903431015934908 0.02808449755417172 0.07987473549451117 0.028776655275462297 0.08670896541467954 0.07289936597632847 0.019226744890666 0.07547804982469358 0.08884806117902615
32 0.008493998403647186 0.08267739629756918 0.008930271454297823 0.055852303155546124 0.027650123203807588 0.0857395459512506 0.07833047802711181 0.08049894805150268 0.07998103136618487 0.027516554282323677 0.047130215914710845 0.05366823183227507 0.041144969470216654 0.09092226463084604 0.035767905516554684 0.010771537670354565 0.06277402400473857 0.08983527449048402 0.0009215252987774029 0.03139340097780071
33 0.09347460331492699 0.009176220671198797 0.058915925986788374 0.08541761198603584 0.020022889123105108 0.08851384649265075 0.042704460335197286 0.03273874839180904 0.01748704365862583 0.011219844854546383 0.08364163368550485 0.0547813249731341 0.07728417610348964 0.02767522159504322 0.018833415451503174 0.018606183003285433 0.02558746786955256 0.06766275477716238 0.04672523934650699 0.1195313883799331
34 0.03987071388523804 0.06305825330279145 0.052028719168831304 0.03395736801625432 0.09523450213706126 0.048057022098716436 0.024744113231748566 0.016642158947082448 0.03668212607942858 0.02127346926048364 0.07123158090110682 0.10779217686031842 0.029202537536308755 0.05247970194864655 0.08207279941303856 0.05280943050090427 0.027071069751647334 0.004819554997402409 0.07633260426940353 0.06464009769358708
35 0.02413183878479541 0.10615476176473405 0.04359843991147772 0.085935921969765 0.10794044513324284 0.007012000606722976 0.06692709142676269 0.044749352944712925 0.04256820389946029 0.07534939679732601 0.07540217976609216 0.07911972490622622 0.05934351259879476 0.08121146760113711 0.00540366063001238 0.006650683870647937 0.02544307783238899 0.004222842496080968 0.0018915533128290019 0.05694384374679064
36 0.06020206143442199 0.06079777635315715 0.027297998462875683 0.029833197466997155 0.07624310839796831 0.09058151023714242 0.05446655310002541 0.014126321593105704 0.03618580078881663 0.043927478613146935 0.046697570749870826 0.046621406394443156 0.01712587913315859 0.037789720194324694 0.021084472953812935 0.07167973629272194 0.07051828117518188 0.09144596542248522 0.0118625225928234 0.09151263864351974
37 0.06695560068784712 0.061074830694265225 0.05477791103503095 0.02942715914829424 0.05724174297909726 0.021460161065238775 0.06811646025985219 0.08207954192495052 0.02156178465497409 0.05470877900910333 0.0790982965472343 0.04969176149682144 0.008978590748441328 0.028963658597436458 0.07682664641560787 0.0545968006265389 0.0331016204496294 0.08370204568957614 0.0005069030994443508 0.06712970487061608
38 0.08250199912584913 0.04974069385200333 0.0397103652705728 0.04318657630975062 0.019505274500774807 0.016660051740355147 0.03194651111314212 0.06833783730865227 0.08036925777992887 0.02063839799485227 0.07607114381338896 0.04194049490715579 0.012681860713710674 0.02659094102030353 0.04105726825930703 0.057862511111805605 0.07927607899033526 0.0740503010921217 0.062409525941864157 0.0754629091541258
39 0.027739744258624115 0.03609400888711957 0.07916782498960268 0.039546213058556136 0.09156609958619566 0.02412881094941023 0.01974503731522215 0.03415651683744094 0.028849611968057024 0.039225579238213786 0.059631590446250195 0.0697264237004074 0.0522036043090012 0.04725943370409549 0.06716694986894087 0.04923687878101494 0.051447648483546535 0.051304649384686846 0.07558515445438134 0.056218219779232734
40 0.0014764260774405736 0.02607619141185784 0.07485716369706086 0.02872456419301162 0.043965026901491754 0.09892592719078809 0.07130434122915345 0.03387287823714579 0.06680262230006294 0.07184362079489616 0.040714520041397105 0.06898423708277533 0.021033691562101567 0.024926628985758443 0.07668737936164563 0.057362351007214166 0.07898048414764777 0.06973525485947753 0.005474886893303743 0.0382518040257697
41 0.006495917527098872 0.001528262859896096 0.07508622104761063 0.08051689263903238 0.10045987390487 0.05933313874325917 0.05066115171822744 0.06992300506424319 0.03911506698646809 0.0649109878089004 0.005883499579303967 0.0078229506095614 0.0621896466644581 0.10355077244446476 0.06459195507532745 0.03453392592269186 0.02283943020222816 0.10636141379071098 0.03408843672843325 0.010107450683213916
42 0.04429855449419441 0.017729545602543695 0.10255331073545587 0.09954780478315277 0.02744866405686798 0.045355173586260344 0.08641111679399285 0.06746151510166419 0.09360503986053269 0.047855244026000734 0.006707645851963123 0.0783178021019618 0.026221570089062573 0.03370672666529409 0.029808120771620827 0.051156135836353256 0.044112575318344546 0.03142045859828691 0.030229766212926636 0.036053229513520746
43 0.007581545731327397 0.09100698902311093 0.02333804175761539 0.029352775704306784 0.09305536362711983 0.017064178845107175 0.03406705239104119 0.022342486374004808 0.038727450606040915 0.12454279688717355 0.03596117559904061 0.020555048013851857 0.05619787309449626 0.0954197185442539 0.09366359681014003 0.053545424048738174 0.1017508664025799 0.021891176144166732 0.03424654021624539 0.00568990017963918
44 0.11192815775383663 0.04598944469198993 0.07114236457876967 0.052487563750605905 0.048712757424251095 0.10465651431815909 0.008499694066409822 0.08033411341633835 0.0004767956963229465 0.0059534980424294625 0.03507576413927011 0.10356185008950021 0.0592852559136682 0.04028132564861747 0.052846491504659886 0.014544054974455605 0.005315527774260062 0.01225927704259603 0.07937955244818254 0.06726999672567667
45 0.0610919744414895 0.02832694556365407 0.011005612704171384 0.02268968312169629 0.003941535748471466 0.07393177007535247 0.06707801634393022 0.05768954117822404 0.08881606118541063 0.05524052960945054 0.004592571394761973 0.06548525307082557 0.08550116579202115 0.05214972120575772 0.05959786744464423 0.004228857313679763 0.022033527853740294 0.08326765896958968 0.06881509468673656 0.08451661229639265
46 0.028890443612238845 0.008398955625915416 0.011260990029143166 0.10407361948184954 0.007017099585590757 0.07154705719433575 0.006270840972627484 0.06814603877857515 0.04547762817705929 0.041401177297550135 0.02608222185858772 0.07901579363947149 0.09627406394174882 0.028776692768582864 0.07921112757255666 0.058155838944963886 0.10029240977776745 0.08168887891316118 0.013952078139523013 0.04406704368875143
47 0.0444881002533671 0.052165503428441146 0.049881557595383236 0.011195860629127691 0.06771409674036201 0.07063733152320262 0.032540640444666216 0.06974096133694628 0.008034741662916928 0.05818155609424851 0.03722654978414565 0.07059271106679378 0.0817009955191392 0.043513849549488726 0.04776353931582708 0.05015806044057626 0.008407183605226612 0.04810390160661681 0.07508465162727913 0.07286820777624499
48 0.05455520245491418 0.023633122102893016 0.027646238889796726 0.08908315920046303 0.0472126254739087 0.13781365421342398 0.0009527259814493457 0.0643797988502037 0.09800756687257607 0.02332500187541062 0.005966844996005978 0.017975467221418975 0.0491829369389923 0.042593139946965335 0.04979287733929923 0.019352860284976795 0.08514121132012009 0.09600109652142336 0.01698978481065204 0.05039468470510654
49 0.04647953767780814 0.0027345039836641776 0.02591868383181408 0.07404038444866622 0.07977404475348823 0.08052925364864999 0.055204329325695564 0.010493894798295201 0.025501722261657336 0.03096432183046624 0.07304098903269532 0.027207603769666223 0.026501874272359543 0.08919540697878 0.07628787874002249 0.08327293551444842 0.05537308422996044 0.014173059180472717 0.0780275923377695 0.04527889938362012
50 0.0006903207584092252 0.06937818876753474 0.08330098432198511 0.01733670957587984 0.10739674949397557 0.003930946502225173 0.044085471264811806 0.07173852012966203 0.06579996061107635 0.053941983451869846 0.030364137356060975 0.01664013808168609 0.006765588134942992 0.0636358926817392 0.033053014375930195 0.10121049639057078 0.08488142173756184 0.04503685213282543 0.08454733721082452 0.016265287020428093
51 0.027395283250771774 0.05520189890627197 0.037900601371765895 0.05137272661585869 0.04856352297079094 0.005050455459523133 0.07179880212328259 0.09009197262720234 0.045489343522121695 0.055980927717913125 0.026251941780771736 0.04581407539158601 0.04062301882068553 0.05543236947192758 0.08482047840490087 0.07783155931084959 0.05454434982302671 0.054383967336286684 0.02671240844003997 0.0447402966544232
52 0.00122200902678517 0.0603980711767907 0.06049345367901513 0.045015989730705815 0.021251082550057438 0.07587673425229169 0.03399870835748187 0.07414229954479665 0.054351012118358744 0.049812949655416244 0.009935658775138849 0.06741113023193496 0.07219054727344194 0.05983266825620758 0.011975122824684879 0.0814833913265317 0.08088123713460402 0.024519895600288773 0.05453667173387265 0.06067136675159497
53 0.10722916373001203 0.05880993838872324 0.10653847968702514 0.0371100822626329 0.09036995356607132 0.08811887124401029 0.006908723352128404 0.006025853429104183 0.037956232571327714 0.00403670828210338 0.01843333157523283 0.06739131061724339 0.1172861273530755 0.05094456568078988 0.02956023993214877 0.0038260732830817774 0.05375870855280355 0.08511810655200516 0.01806927259425098 0.012508257346229784
54 0.008544408047747646 0.04006600467370465 0.05373436273116729 0.02597186252337154 0.07547258875623487 0.047604557258683566 0.08129102771896703 0.0799479459966885 0.03067724607453242 0.012225086672688526 0.059955468720934824 0.017965862961891378 0.08037912401996045 0.07864594729639468 0.05810080138998071 0.07656334408733592 0.008612205652873198 0.0631423414763104 0.059240788380552245 0.041859025559980126
55 0.10059267903810008 0.004612872279604376 0.07089358870899258 0.023771456695589836 0.025960749581039187 0.0575725855237806 0.0015283485959036798 0.03669576926458387 0.08123857393683578 0.06994509842246364 0.050090281740324635 0.08115548948400085 0.06519761793057514 0.0046113376862773 0.020235799001544527 0.05943651733593887 0.046595485249140124 0.08448090584103227 0.03838698669616536 0.07699785698810734
56 0.025242523681595727 0.07261795415416526 0.0010433477373659548 0.038368278807371724 0.08479634748324215 0.025364879290926935 0.07429917002822535 0.021693828252561716 0.04875742650776821 0.03759321108210798 0.012625083310560734 0.07979073716820073 0.05141813355714004 0.002677732921936354 0.049886033292841456 0.08464323224813891 0.038129244675591284 0.08880120122738892 0.07877210653248631 0.08347952804038422
57 0.07243101350857144 0.02455222973827195 0.058916445911679216 0.005137241129976455 0.03315629473138406 0.04712182285868877 0.0825081186461543 0.06439805046945477 0.04283355472901979 0.037543108707629246 0.027307093352170995 0.07724728206266912 0.060171966942917564 0.04724700033164916 0.04407315946320268 0.058648167793417236 0.06383279956076104 0.09475930029987492 0.0010501670390121749 0.057065182723494985
58 0.006976672119214234 0.024110918265416784 0.06350642170271975 0.08019415206417053 0.04311686249641917 0.06874247502296951 0.04909466297702203 0.07547395735568518 0.01481966667009692 0.05346337475347842 0.04101777531657081 0.08986282208666459 0.048043227112952544 0.013477832359559846 0.043424265239603396 0.005668641672132166 0.06607848695498647 0.10356138659929816 0.09714715094001812 0.012219248291021207
59 0.0848667152365758 0.0870680139687326 0.08215136844058925 0.04422149115074207 0.03793032183555856 0.08420783813937958 0.0555708497190421 0.04738332995758735 0.013586937811792363 0.04370594668132314 0.08378329784946748 0.022124083448784693 0.01875611689922104 0.08130250574860373 0.007860697831312834 0.042962665565928676 0.0352935178590058 0.021759144904923394 0.04093858915639988 0.06452656779502954
60 0.0007691183241213387 0.05921323419259391 0.07644429454738516 0.010970285421602635 0.02423459360574777 0.021834192044210863 0.06701425061852014 0.023443862103498213 0.06716962323978765 0.030388982337987962 0.05240784220992455 0.06532173566732011 0.02412260370275987 0.04460943300182464 0.0818931676438325 0.04335760025254402 0.08422125481787865 0.08696889779984131 0.09487256188879198 0.04074246657982677
61 0.04507932360807579 0.08155324530186432 0.03937962144322571 0.025439094213450367 0.0050001776048320765 0.08499032971658844 0.02178280884570531 0.0884992351085142 0.06819104327242902 0.02252368798468276 0.07976716411812224 0.01980584840689442 0.0934880449974057 0.0751633867732471 0.08196135055314052 0.02750831977934933 0.007213137341161866 0.03632338986208837 0.07512195850555169 0.021208832563670874
62 0.000535255914530746 0.07106401586882281 0.056330002323330325 0.08372632516595166 0.033189292353207056 0.045658637058841336 0.046248253146567636 0.01655237288079469 0.08917637993783047 0.006656138810572179 0.07247405779273143 0.05565072390800502 0.0677620036614583 0.0826187139389094 0.026198857653939762 0.04109161311177093 0.0393783845792018 0.09159656314439373 0.04448943841594603 0.029602970333194728
63 0.03229258383065597 0.039922012006809116 0.02957205242890104 0.0955123228266377 0.01146009026418464 0.03786079945147981 0.02598558382258177 0.09975371710688054 0.06943648921812412 0.09270478841387943 0.006800795483958645 0.09459785326714741 0.04161001431885293 0.04515841251641752 0.023800565470575852 0.08813459129036427 0.06849467265748904 0.020351908448461443 0.009759053376514292 0.06679169380008457
64 0.06471141841199556 0.08294317358712851 0.06131712338951075 0.06352218821618308 0.008090984634512815 0.09806609252911869 0.019402488518028536 0.01069991532735547 0.041878713166433795 0.02543513590012298 0.1137702697256626 0.05357732607642542 0.0538024958228947 0.038138960644618365 0.038241115163563676 0.0672808740910379 0.04358140764592448 0.012351950299589543 0.08483566378998589 0.018352703059907233
65 0.06227892455332338 0.07720701037390207 0.0737409030391334 0.09424705923635136 0.06231533170007681 0.0037354828348997227 0.07731362294823511 0.04341150421158701 0.041955588930567805 0.01963175824315329 0.08555409802427166 0.015258338814923668 0.0562262988522227 0.05379032103467775 0.04103506666683083 0.015984281286860923 0.05813525911967301 0.0022006545229309527 0.0911572953933334 0.024821200213045274
66 0.007637612448968555 0.10708855017926495 0.06581984891176751 0.10401472669361807 0.011553190203680666 0.08576836453172326 0.009122305102835581 0.02241624121674384 0.035221023154903185 0.033955652149779476 0.03785679204052187 0.03887819682542005 0.06268102879475743 0.09422265577160992 0.021937473919860836 0.019158944070958774 0.04864020411274437 0.08103160988195789 0.09780695201814585 0.015188627970737889
67 0.0192795619846268 0.06689327962491518 0.06859333653193012 0.07948329954707205 0.035847868414198764 0.04205919846028937 0.05559827159971209 0.07319576015532485 0.07580630383925907 0.015400358853631753 0.0523314523491968 0.06754502222526372 0.05049726995169861 0.012357209999272228 0.08248644144962976 0.009383355434223651 0.07883165047276805 0.025740039836694845 0.045607584714204584 0.04306273455608771
68 0.05295762164999232 0.0679548465585415 0.09937784465623534 0.03818068575773239 0.014143605124834289 0.011869359133023675 0.01548477813476897 0.050633450907758386 0.07866012852734919 0.05191384315615357 0.06737428110041542 0.051855008547361116 0.06609594109208193 0.06982527853945726 0.0066756307632198295 0.062341034739551084 0.031178535979785482 0.09295904036231077 0.031239255719153047 0.03927982955027431
69 0.018076661379990897 0.05173976022028186 0.050753496859461456 0.035700314747718606 0.05619010571769499 0.062227950776909284 0.0822028886120531 0.05996874488062946 0.029118403848427944 0.02603964026882506 0.07298374865879244 0.01453725492218253 0.037364922908717166 0.05923197597490615 0.08151039037568565 0.08158525117083903 0.06020001780118897 0.06100459392510063 0.05935992606745815 0.00020395088313659174
70 0.07870671863818335 0.023952883442021507 0.05387130820310249 0.07604010594934903 0.01351677682879453 0.01874970212789365 0.04592755541560943 0.04108323530003539 0.028614334891811626 0.06719731241303095 0.07899680756600676 0.008240750062036563 0.029039115357401453 0.07012707542878183 0.09617571552606412 0.03837370913924715 0.022901534422240303 0.08592179229557774 0.057799500333647696 0.06476406665916457
71 0.007097387364705221 0.10456283560822563 0.07653283116107638 0.0756738349201572 0.0975563802746814 0.03889357484437472 0.02077681026357959 0.012979442462124288 0.013270669726513369 0.09846575986457533 0.08701582571243104 0.027319513883619296 0.013308299378655934 0.04680224771871764 0.034164294057703916 0.03239205253678085 0.04399168218215316 0.026710422482663802 0.09427224920627861 0.04821388635098265
72 0.02734152657403766 0.04064681505843366 0.09258399246609293 0.0052306371005908766 0.03653468703319907 0.0025524600295858037 0.09305400021191478 0.05242387681062616 0.06868405825320151 0.07302477876448019 0.08505496074944965 0.07555220348189241 0.020566844086921183 0.08277563276740967 0.02865861104139494 0.020224689604416746 0.04102694359195289 0.01056938232706617 0.0784877731536084 0.06500612689372526
73 0.06090156329019596 0.026969290713517367 0.06970720389763019 0.0689606211062322 0.07844876265015775 0.07266690889503373 0.03316225147536979 0.06711437783215424 0.06222851870181199 0.042925999121959185 0.043499497783113024 0.08476876598887585 0.06627548389646991 0.028530575567804455 0.07983851309712167 0.0059316526455357845 0.03380070646866285 0.012794210710279396 0.054964302915752744 0.006510793242321875
74 0.07802889544919718 0.030565321246387046 0.0454663395538522 0.06898350376394596 0.09002062467678318 0.031778655300272574 0.08815485730785277 0.00947300692011459 0.08904846704188583 0.022646361178992432 0.01563525287973274 0.07120752949234165 0.07953920880999192 0.07601206952793725 0.02659017952311232 0.01871093256390416 0.017381049685393654 0.0040281295200454365 0.08830593038624646 0.048423685172010615
75 0.06009211521583437 0.03223345881307631 0.06931091198387083 0.11296226187025199 0.03194089874543664 0.032903904437535186 0.08404838213110767 0.021899721014159327 0.0363568483931994 0.0625062809947681 0.04080401370780039 0.05292179061376686 0.007405431132735463 0.07048427870761584 0.06682301120626524 0.012416839246285071 0.036665961556533115 0.04053534868618894 0.06403636141739413 0.06365218012617523
76 0.08400428805104995 0.030737556390912375 0.1028339295272319 0.11421588994663956 0.0021325871101319257 0.004462596329985783 0.09994008814824994 0.015790789068517733 0.04640296155142962 0.01686383790922414 0.05081531155715096 0.022150800905200437 0.03335362172823432 0.013319332804286002 0.06348689967230332 0.05887204029620535 0.07782846298408315 0.023147922250390262 0.05828050732082612 0.08136057644794722
77 0.007330989993705344 0.040138901665012466 0.03246183443826492 0.028718422205993646 0.07156834647876646 0.018312090131010855 0.015621317015460523 0.0852759285740037 0.06643113839165163 0.06774973268973762 0.08570752037580073 0.01284912958930166 0.08482880931564725 0.07764991600810546 0.02789430399712143 0.06131869134676192 0.05496574270636063 0.07984395382770366 0.004421059009837455 0.07691217223975252
78 0.10019921572286898 0.004724349366928221 0.058132691320142066 0.08666552151122456 0.0442869974106106 0.0023154130104991186 0.04499800070878162 0.055653158425167715 0.014717671148722439 0.08764670850659337 0.004221718866489037 0.07480415516135873 0.04648034643162719 0.07315099419627134 0.0085648492742214 0.07209793156781191 0.0657398285751366 0.09203822191167776 0.0017075478456759477 0.061854679038191286
79 0.01936153195086609 0.06870999159811629 0.051434017185723095 0.09971414024800776 0.08311184269188845 0.008078181527505843 0.09986622818485497 0.038780096209674285 0.0471477623300668 0.021182597540217965 0.025110156631251674 0.06294630671704973 0.03973071612909425 0.03381109655735932 0.07865672331837537 0.08032042092560122 0.008763014298182867 0.04001757322753262 0.015866271081823306 0.07739133164680793
80 0.045102143784757104 0.02150999245587822 0.05417957552714563 0.009691687847617392 0.08559418035930301 0.059624054362664956 0.0734226136693281 0.06738579791537237 0.046296147553432254 0.04023861279864773 0.052936617119481034 0.05206913265800469 0.08694318402034416 0.07192885718028577 0.023623233801963812 0.07054984877625232 0.03734345065318261 0.0663748214243556 0.017859519284791528 0.017326528807191648
81 0.1026841816402453 0.033824743823311985 0.02249296775000729 0.07175172565389833 0.08877814730967488 0.016794642900406102 0.03285711201881387 0.07247754777909668 0.0016994051748504223 0.08723063419172467 0.04128731302037425 0.09098197588107938 0.057111606946043475 0.006477043563968443 0.07666892103915195 0.057886255267856034 0.032573923863181246 0.006602802226870392 0.0041404670833561 0.09567858286608914
82 0.0766739024110087 0.061912020376886256 0.0033165719968057767 0.09082321456407179 0.05432748529307988 0.019778636794908894 0.023672468769150183 0.05473106396561371 0.022476501469943552 0.06731292904034875 0.051506609520830575 0.036660766811012324 0.05763470432616349 0.09378607777335393 0.05078437302609666 0.09079434916819287 0.016678788151435166 0.07483021807073025 0.039404368517986024 0.012894949952381165
83 0.02185400288085386 0.08911448687214693 0.058377026889144173 0.06653605625469755 0.009101712680374945 0.05244829347792572 0.07030537223586172 0.010233151412427545 0.08495844987380984 0.08424099316143346 0.04637723806354542 0.036220063817083765 0.04681338483392798 0.07361554363615018 0.010698242082022557 0.07197305328334752 0.02240380748182237 0.0062299706610537 0.06404814161568259 0.07445100878668806
84 0.019439990032830697 0.03974656579589604 0.004011769766474806 0.009061102461882563 0.08314709556311407 0.05924667621434305 0.03422036903805906 0.07848900873289885 0.05188928712344185 0.0750700818712185 0.054698437223591696 0.09250236422748763 0.04595734300985596 0.013886218092195505 0.07947370360139713 0.0598764043930564 0.04308964689136218 0.07418259452364463 0.0036621456648099305 0.07834919577243928
85 0.07112863142208417 0.07305394499509374 0.0312049972700768 0.08376953780510785 0.06185491522640051 0.079998167885086 0.025020873454151164 0.04571959055952736 0.07449156377867881 0.03065165757186021 0.04108238007542042 0.0650516905389224 0.06870173542275344 0.017137998254802993 0.05628638989673434 0.05620985627569161 0.030464128191785123 0.0011682400310745627 0.010728912790946838 0.0762747885538018
86 0.04494654495451008 0.022020794228731166 0.005675505257361249 0.02701291643957886 0.09056787640438235 0.009424267353779839 0.0031397087528243777 0.08941479127066702 0.08395121018674126 0.0819840523227424 0.04082651348671463 0.06884341146248196 0.06533210601665179 0.029670112633158878 0.0614486907909758 0.09321509673807594 0.012782868108890805 0.034625447632343584 0.04159054737730429 0.0935275385820837
87 0.005611172786643187 0.012925619241374283 0.03504138647946792 0.05450997229707371 0.04949992859221776 0.07428065456217368 0.04241576117353676 0.04451397044036138 0.06461136153539031 0.04920494860566504 0.07603153756872999 0.0017430360721165756 0.10249866873468225 0.03536839934245901 0.08244830294451322 0.04640784857806302 0.0178885540153701 0.10371851682990323 0.03524458628388243 0.0660357739163762
88 0.09758576922879636 0.0038983934354722806 0.1058807855393631 0.04659990135690815 0.022448038894908665 0.004070395806449179 0.019447345471885633 0.024403077215914695 0.04426377025545032 0.06766387308851178 0.09656160832776035 0.018466732964481522 0.014711470150049361 0.038407463758228594 0.024282714941684484 0.09522457354403359 0.09736810526397437 0.03184748364635324 0.06080367753433231 0.08606481957544183
89 0.01844924641720513 0.07425874461806921 0.07403885707595058 0.0365592822706448 0.05923513199674106 0.028505538020228177 0.017702080140300898 0.010139189266417417 0.07275834769149543 0.025134263377457684 0.057550143549181976 0.029239426035409216 0.08085661983574374 0.05630915419074456 0.04656560430291062 0.08480066519297443 0.09052062223687406 0.013986249054673482 0.043226841151453914 0.08016399357552366
90 0.05251366035302031 0.06441060771157171 0.10790512479077322 0.08853283367498732 0.037438611463685385 0.02823748729380836 0.07208971543639597 0.11783614140375823 0.07827988522663137 0.11714863933285449 0.015461150807778176 0.06980326544187637 0.0035422196116329453 0.013352400648337492 0.003042405849356309 0.010727073427924417 0.011305401835212604 0.013093945199882611 0.05089793662365869 0.044381493866854034
91 0.09650167078468465 0.04078367098578327 0.0073740062152125325 0.029687640134481243 0.06742753582847856 0.10142554724321932 0.02397438146076158 0.07522346500734724 0.007343078264177324 0.08963873271105817 0.0674805411997378 0.07705621870994088 0.03302220395786203 0.020373979201370046 0.01990482054910933 0.023826547081620818 0.08366355614495703 0.0838158695645445 0.022536278325680083 0.028940256629973685
92 0.03859525550091483 0.01702896980469931 0.016570308648658175 0.07854405643107104 0.066775074006564 0.03295585635975262 0.028226131928686393 0.06261008089407989 0.05522440392623681 0.035748184729131806 0.0035643271923655948 0.023267520100605208 0.015183078746171079 0.06128295695697317 0.08390197370600175 0.08848636711639542 0.056718966104607256 0.07020659673488264 0.07722197206644338 0.08788791904575965
93 0.07550510564785504 0.00838046119325051 0.043289887845273524 0.06288186339836309 0.015125182846766961 0.04397523939954832 0.08490950568246154 0.08340558327315732 0.04083929408266948 0.08148463299220832 0.02811352336515901 0.016488758538325946 0.017474378539276983 0.0872289436489433 0.044187919064136216 0.08644028838777797 0.07443002186763804 0.04565453757320578 0.011094965303792514 0.04908990735019032
94 0.07005220111874948 0.06305071283414374 0.0016785059963989482 0.008508648455812722 0.049207913582926706 0.021073793481683138 0.01524946633769241 0.051135545156082214 0.07613343910195808 0.0808292315998096 0.07411587728129007 0.03354853579491542 0.026611301738163468 0.07784725932712885 0.021909818424686145 0.08540477425280524 0.037854351590266316 0.08582699892401417 0.06318305914684665 0.056778565854626546
95 0.01733219725232069 0.08603419257358536 0.04267514806356801 0.024603607504488766 0.07184999453669308 0.021470504448237664 0.0586912071082817 0.07097613206271573 0.013069019615117446 0.08792634853468642 0.014647661229920216 0.07466654451580831 0.016413903250366305 0.041999826292453475 0.024489302101208615 0.08256305202123962 0.07276490402145652 0.028137357363717502 0.08546502255988105 0.06422407494425364
96 0.015881836969307006 0.06421792825652625 0.11852590041928836 0.03248474668514004 0.0017073547053820344 0.027830454051562887 0.06489570416685798 0.0004618778381716399 0.11879856770834611 0.11871469311289515 0.03393359603891786 0.09460257866325378 0.07026578337381363 0.05503951026218631 0.004762133319587211 0.03126483596378636 0.014688264654204695 0.04764041698305268 0.040509245750223355 0.04377457107749685
