0 0.07465905303121885 0.11060141990309252 0.06271167760860819 0.04605209302992499 0.06872895510160715 0.05395354374106183 0.10993831653932533 0.0032352383210151004 0.09797737295509062 0.007130392311194234 0.053501007696113656 0.05696916059669713 0.02213316693460702 0.0510232157450399 0.02169476438525436 0.047608803404643595 0.04449327632747584 0.007940084522058207 0.03584232533054322 0.023806132515428492
1 0.07065270729689382 0.02738491232305095 0.03245998586161724 0.03659410659493951 0.022493323630283814 0.0586262452069326 0.06545745926293152 0.08004106178316407 0.07237782142277054 0.05622506245105444 0.07003344604247345 0.04609986485743905 0.02836107928380664 0.07637188045052855 0.01739550388015045 0.009903819419430885 0.022935867952177922 0.044289973036081585 0.08950813559979807 0.07278774364447503
2 0.04352830526569272 0.056741976844326934 0.09224378349300609 0.008948938117720384 0.004037991959407603 0.07391297146352717 0.10028848499161978 0.06474466855274748 0.020714354842431087 0.06926867679110352 0.013476775753989985 0.0601333000935768 0.057368911463220464 0.005173932529151854 0.07775580137227263 0.04722703208166742 0.06463432554253216 0.010144364418709674 0.07194406163448941 0.05771134278880698
3 0.05609533799212742 0.09453550958025277 0.03783101703806795 0.05120746481182375 0.07336822465474031 0.017744897710097705 0.0742774323924408 0.05760356547856734 0.0010453473792884883 0.018229296789105395 0.054008845952282246 0.07326445664591495 0.05869852068265249 0.04205832779170164 0.05752471052134443 0.06045835446184066 0.03449523957889106 0.09612699358122521 0.018692312563897938 0.02273414439373724
4 0.004489133042879788 0.0878187330033713 0.0905079354572069 0.09417780309199889 0.06308848308323027 0.04691329306142572 0.08727036975676834 0.04830068181672864 0.06483623781945828 0.02507130555616123 0.03191907783364589 0.002862178639820465 0.014532714037594194 0.04996379987287404 0.04316840508778925 0.027984620254714508 0.048888456017033795 0.05909767970688554 0.05682828595027064 0.052280806910142225
5 0.015184121933160875 0.021507692687943152 0.024159530361156062 0.06150359496168073 0.01899450009153465 0.06702187218510175 0.06956303583796267 0.06428029218401218 0.07645244417849247 0.04204494525257582 0.05521879438944569 0.06786405195732355 0.04263409902220461 0.04884616147326396 0.01727278794047374 0.06993974589936681 0.05002110692407348 0.05285845413725671 0.06356189947678874 0.07107086910618236
6 0.029464176495968754 0.0632675663509851 0.05170403137744946 0.05913690577801277 0.058612314827246575 0.012121363594906705 0.051070380387712534 0.0855728659574026 0.06015565169206716 0.08193588256633803 0.06584926516792002 0.006361603136449864 0.02665772933257773 0.048972758304582205 0.014974245485892733 0.08362794557242358 0.08414978724273557 0.06531642295412418 0.0303789540531986 0.020670149722005697
7 0.09778209587779625 0.08518286318745558 0.01857260430444479 0.10102755573769925 0.043277031605881866 0.0063022583302605245 0.02605116993268241 0.08424243730488543 0.005157385909630288 0.057457843246230926 0.06527026994643761 0.05498635045580366 0.07708782338601136 0.015021909718621837 0.056412102770151205 0.05940686661085587 0.008296866582581757 0.008042651873592722 0.050454219507803766 0.07996769371117299
8 0.04796665239467832 0.04693097987269373 0.07902054951068793 0.028005583768728762 0.09138812589800052 0.06589734986954127 0.03137405134491808 0.07278514567707126 0.08922726120083671 0.009131794288402153 0.019713715445024326 0.017345716006205724 0.009607368372505351 0.07481475951381297 0.04919292393363011 0.0738977432618274 0.04393591585047104 0.007783893950238836 0.06867540169997544 0.07330506814075019
9 0.0013321093629580663 0.07231015264618025 0.07120363214286672 0.031772460873138786 0.02592110932159831 0.03241788809892742 0.06904901970800575 0.04602614042024492 0.039326692254948475 0.07664838098747406 0.06313599337315368 0.04526684069619664 0.04944615637012915 0.07539689466049264 0.0650737296339842 0.002402627852473752 0.07452177038557406 0.05185994801423683 0.057037173085613097 0.04985128011180322
10 0.06717037336128605 0.03859328896556336 0.031119170850603783 0.09164873463006214 0.09328126055660309 0.06515939253448065 0.05036569976014094 0.059137986626691084 0.0530230698744189 0.02423933229822675 0.06419043410950456 0.007979078257990473 0.025958156874726374 0.007520867140706628 0.061544660440721106 0.06402754091631237 0.01564241595378619 0.028676488443729 0.08659724427169586 0.06412480413275036
11 0.08398860558760254 0.00772066965970455 0.08262466144845289 0.08825685428699241 0.010574153328121132 0.09018553256707622 0.07104461793612595 0.02183133619827506 0.003544182211227663 0.0542024645732861 0.08102016479042601 0.08445458255406474 0.0639846990603911 0.03834785373299308 0.07159058276108911 0.04775904488551916 0.03364563399081402 0.00012992640809925073 0.03246553753589495 0.032628896483844205
12 0.07771938137618312 0.04337073250090525 0.06897327964944051 0.03660789511375671 0.08675627208515077 0.05008555191786749 0.03931555974611366 0.05542603654550602 0.09017483546913059 0.006528172313353416 0.06771534513821573 0.08933546088811001 0.0258157406606974 0.06869552744434132 0.016016601920799466 0.0479331551234572 0.02400586144216747 0.06781647238293287 0.021420165490747062 0.016287952791123914
13 0.03332009079339866 0.056738489402063316 0.037561036822381294 0.09904576679196896 0.014662741700327867 0.022308747678018045 0.09508454561039706 0.05247767946596964 0.062148324095596966 0.08211663696218978 0.06709995245722722 0.0024983738497891695 0.08997817375464529 0.07628558531636767 0.046051599194144734 0.005611829685521975 0.006358845611789156 0.013328176498722689 0.06934117078094877 0.06798223352853178
14 0.0675546641317487 0.029052444995368465 0.07937146766123325 0.01694046955215292 0.03006692846031667 0.03902862003057816 0.02569168278845955 0.04568779934471228 0.06893161241444658 0.040031359354101424 0.04755435647677748 0.0867210896712007 0.06338736612364271 0.0875125618893731 0.07701410285125881 0.07205938332997966 0.0005679541610518937 0.03479489446419921 0.02821602088027243 0.059815221419126076
15 0.011154994373857868 0.02733347679278091 0.07604098771270604 0.06761621889863667 0.04753787552643563 0.028187940501570828 0.022525744892033395 0.05514916206343557 0.08252334619197813 0.05488299383050591 0.06579173168819691 0.04629019687922126 0.06835438727781971 0.039754460883469706 0.006703923841152171 0.07494873427163361 0.061314010078012314 0.052343651446381236 0.062313769212598555 0.04923239363757351
16 0.09515236519419012 0.031201903129076596 0.026799844046735417 0.05772465779921496 0.03494747291544789 0.05728736516791642 0.0793543101633305 0.038653835895482894 0.07032442603706114 0.0264537979125473 0.061911571440830475 0.022612848895685815 0.06482904557163528 0.07615463149631449 0.08197198111493609 0.07627561518239918 0.042480206304932 0.016495079899512082 0.034677325650594004 0.004691716182157377
17 0.046214980281921364 0.05798978198736217 0.09061231776727728 0.012410807670846308 0.06491833058000131 0.09353086688744171 0.07729689371976382 0.051446337141632 0.08795730210343387 0.04782033406413646 0.08489245437084042 0.012902914686933884 0.08502018221172415 0.05709879975397167 0.026499659633332093 0.03822860748011234 0.002580573685721552 0.00965131903971118 0.013224127851258614 0.039703409082577766
18 0.09026764616360228 0.0030112004195867468 0.019062525327755465 0.029819566436254535 0.04097705075701971 0.04200996087796981 0.09296776324847751 0.08668668855766251 0.07789295015842962 0.05564315081271404 0.005514696393371079 0.050418819247186254 0.08577557779980938 0.09289767775170914 0.0206508867669183 0.04544670477100787 0.0145318552303799 0.0587324817976879 0.011785591946077251 0.07590720553638064
19 0.03501466462385365 0.07475452282264618 0.08419851870401392 0.08452173394114747 0.0027886166724969876 0.001473858858666421 0.061322100388704365 0.05764416639722987 0.0807528881923634 0.05403029056063635 0.03745077400374616 0.08181543459646684 0.055551891196371564 0.013007507385294331 0.07573709350921409 0.04044211644541825 0.038746795826414056 0.008219129609583136 0.06631167646667989 0.04621621979905309
20 0.0351523923867223 0.0449498979460127 0.07515855811778369 0.05878518405474159 0.08129279670048471 0.0682724790318547 0.07223945197597607 0.03179913970654504 0.03300218129022512 0.014698749527941046 0.053539795336932594 0.0626325480468659 0.04763130993745667 0.0720224588980904 0.01454418096837081 0.05556750230476165 0.07831823581878754 0.024477377878155616 0.04983821537291861 0.02607754469937348
21 0.015098719763100926 0.06670029709935141 0.054035525779354 0.06719740648104867 0.08321307239518887 0.07352597911977428 0.004900938391342701 0.06053702204581884 0.06714412443708602 0.061588220040846124 0.06457562699661835 0.0112690382497695 0.06974436318974123 0.02846280150311005 0.07754209292049283 0.02710045588195537 0.04540710728255041 0.054186989205070736 0.03560198191870451 0.03216823729907518
22 0.07486111044830256 0.060842601570377026 0.05125305923262199 0.04410842037410257 0.06916397635737745 0.04957287909958509 0.03783052968278234 0.043584897800122244 0.0726653961099452 0.06346563421457542 0.04301229445457658 0.057230655104339334 0.016526229688114184 0.07484778513153295 0.033646117570789044 0.011240986690641898 0.06346560217950822 0.036150216242467864 0.03916347118799298 0.057368136860245014
23 0.09020844543927838 0.025810988488229585 0.033953803122875034 0.025299340286220842 0.04697988515618369 0.0468875291437883 0.08014839062130388 0.07082157863339517 0.044285305613586234 0.04923637639942526 0.05655845242935664 0.0835448217434383 0.07810211777829426 0.07578993325517379 0.03427660982452163 0.01837058590617301 0.014623021011155209 0.02585196366063086 0.07464628961610417 0.024604561870865817
24 0.03214410849697077 0.004633427771263448 0.04001694152945589 0.08089430196302987 0.04554717205774311 0.09675993396023735 0.10228161457662337 0.04672208510215787 0.030174565324675672 0.06257711023925132 0.07725089364926165 0.018644847807847215 0.03245717473001731 0.06823588653994968 0.05229908621562823 0.014000587942259902 0.1043559354077756 0.06324154282377226 0.018042082256069594 0.00972070160600999
25 0.04144079318145101 0.018209081095617488 0.08787787250775328 0.03364847811489737 0.009581485051416485 0.10671238824306079 0.047413167352476214 0.09250697585682864 0.09981391508695703 0.03193065692351462 0.07577014404647181 0.07804013303498233 0.0064414885966222486 0.04386758185108386 0.01194730742632116 0.06516809278931099 0.001010930554375694 0.05146317846101115 0.060030040252682465 0.03712628957316532
26 0.026845474110547097 0.07592756973394275 0.05594181643717795 0.027213902406113644 0.09789283312589328 0.017032682964349014 0.07641703213705171 0.08380785750641838 0.10278353281105776 0.006614802692695065 0.06672320796258177 0.02713155345181526 0.0013268778254548236 0.02329548176522711 0.007059528853218563 0.05396467290899732 0.052798457152214505 0.0015670390656253197 0.09246935305780386 0.10318632403181512
27 0.06789475729696506 0.004674953999397512 0.02120492313164591 0.00965438752178668 0.037921151666485846 0.0075514239499795705 0.03308332259857154 0.0804977992649186 0.0038240638976544407 0.06976988198359937 0.07351097425203275 0.05376747338018567 0.09963221109738696 0.004644232330789011 0.07060172637368942 0.029408742793667644 0.07868978393339243 0.11269776812268656 0.06548443854459562 0.07548598386056941
28 0.036782905800266295 0.07633807190777786 0.012995750870785866 0.013592290682994442 0.030467037967850785 0.056568922371038256 0.03865875060072921 0.0936795015241792 0.024309595517963876 0.030657285521091922 0.09021951584724572 0.007105203939589287 0.026671112065320232 0.060106748479425744 0.05169016186166664 0.061690899150396515 0.08040279549225741 0.09150378588354562 0.08599463636254315 0.030565028153332043
29 0.04232048840928886 0.008288786956133186 0.0490427163377167 0.05605381560396852 0.06890972554973196 0.013142641427927267 0.0036089060037590684 0.05614083636673742 0.07461579802097758 0.06892393252126756 0.025216472643487517 0.04181160360000889 0.04124229374714761 0.07497843695199115 0.06313727334663581 0.07580817453040932 0.06156776183155619 0.06422274668463203 0.02535756665375008 0.08561002281287333
30 0.0223536815791588 0.03550205461573067 0.03044257001368576 0.033781222633765574 0.02415085441368963 0.010365537569576694 0.09003494786540037 0.05217499065414231 0.06710701145775004 0.04045594244425095 0.057517629366139994 0.037026200317102825 0.03283750868202614 0.07681543496640238 0.11483027395854783 0.013718872023023899 0.11477139115602998 0.009145094232014232 0.024293771419469125 0.11267501063209288
31 0.016534536529063455 0.10504055522843041 0.02319437279198621 0.06922890823818942 0.04115573701287209 0.03501771341967922 0.014839698712509952 0.08542847325494642 0.01949818085853939 0.05575923521152797 0.02578643321253272 0.02210921660283342 0.004960907252835431 0.08808908456121706 0.08939613906209022 0.10797044722526572 0.01871432279178916 0.08026628888260154 0.08178444874968244 0.015225300401407831
32 0.030256729345987356 0.03381486110088133 0.0482133979032514 0.06474813059796872 0.08596461015078606 0.030201246188132417 0.07950304006830519 0.09763216375638092 0.03894743042682408 0.07039349231531482 0.07174218026403043 0.08150360605483428 0.06180710028414304 0.00907351330689634 0.04795820086078747 0.02384934185495683 0.012136772965566594 0.01944807000222471 0.024937686657013392 0.0678684258957148
33 0.02792998623101101 0.019223289269840578 0.011423024187935704 0.09291071586981182 0.052946623760586634 0.0255939225936318 0.07841928007274412 0.04780055404561988 0.041903455900475194 0.05810912306948718 0.08665231916272825 0.03961010353449597 0.07503288808277041 0.02368064958140484 0.0017416413817735493 0.07767945508616374 0.04421037645476386 0.02661559990548422 0.09024176348344289 0.0782752283258283
34 0.07965773593252153 0.028147375169819366 0.05490871640601513 0.07892228272344452 0.005885521848383121 0.07361249991084363 0.002599312864927649 0.0779038506868701 0.07670610546802538 0.029085886009175402 0.020116580106900563 0.07163724919973008 0.04124966154299191 0.05827628078267809 0.05102515796145693 0.05525345270572524 0.04744606292485921 0.06756263224463913 0.007657566934575267 0.07234606857641784
35 0.07547346980131281 0.07151585769571339 0.021108729871558467 0.07969335673850936 0.017636339338171117 0.052708297324816356 0.0828002854302749 0.055701879530402267 0.052522831861618456 0.033135883535428144 0.015751746148556147 0.03513742836355077 0.09787271276193898 0.06593714245263622 0.009191959812529587 0.018071217872888973 0.035172567639711286 0.08978381571016991 0.04163235418368088 0.049152123926531906
36 0.08434398989768674 0.00951581346849368 0.059811349295523474 0.030454164386768033 0.08377218926507879 0.04217366337438365 0.028767263295325828 0.048012139079975945 0.0421474499244299 0.054342957207234234 0.0025182209791323536 0.013984315833527177 0.08840165016089226 0.08301494694051759 0.024934476718638767 0.07524758897975084 0.015058795729099291 0.06069837084077484 0.08403003692038005 0.06877061770238671
37 0.0157528272707594 0.09705956769398386 0.03880558145007248 0.08371626647247582 0.030183770217183617 0.048521980815595604 0.024888012228733547 0.029260439323052948 0.045123042258420884 0.05238075457061216 0.05031473183771448 0.042608781659068735 0.04913844899422121 0.03304812247775683 0.07180509875306149 0.05860028722144663 0.015956578460074564 0.06443083485174977 0.07235531816608749 0.07604955527792834
38 0.08173660528899954 0.01961847825483873 0.04763423905498391 0.05077312587113113 0.023513023401460574 0.030604227355852644 0.010165932741563653 0.02751069650943862 0.019001369291353088 0.03562888943905461 0.03283869350678173 0.06839542678119723 0.07574081953112739 0.06995878009912493 0.08867566127045202 0.05560500278808977 0.08310312311816344 0.06134544808672414 0.0839246208406763 0.03422583676898661
39 0.07819286523846704 0.0651578978766151 0.0685177597422814 0.0666797386080394 0.06624246409547026 0.030945074275178192 0.049833177377569024 0.050832831114286665 0.011204337431490479 0.07962316293619223 0.006668257756833608 0.08395787187635216 0.017597712631693647 0.07619870738155515 0.03026795859953577 0.028282240658927274 0.0307753161884701 0.039887753455482365 0.06940103321604792 0.049733839539512326
40 0.06714077325003913 0.07995507143805126 0.05609029631076661 0.03809395080080855 0.024089430501951507 0.010272002331558146 0.008916789175022387 0.061138349713431676 0.004944152211566051 0.08341770212000776 0.020812863855156166 0.08415865116327549 0.05576377165625421 0.007502527614926743 0.02278596596613942 0.06891871783341559 0.07173138743049569 0.07841542557048028 0.07487710723771847 0.08097506381893467
41 0.0794698180509731 0.04630840202165452 0.004845046508299617 0.06314005644341503 0.08486946260865771 0.010028629562339561 0.0007454637847627363 0.06689958370317105 0.09538003295878689 0.04186940526927648 0.05019978885323144 0.01666685657928301 0.012693993262499557 0.02581860091577631 0.03861051312132618 0.09545184165747589 0.09799866440792476 0.03082113616368335 0.09696024757769378 0.041222456549769186
42 0.04738468755904996 0.07007916644225823 0.06593343087525698 0.09357366542960452 0.05255021325868764 0.07737203029972979 0.007825198100623041 0.05716874359005053 0.015564014966653644 0.01980978101216991 0.018802537107241606 0.0319958961690568 0.09053393124492956 0.028261912861955826 0.07415068111276223 0.08625772572591492 0.05850032108456693 0.019561045403436797 0.055972497746367124 0.02870252000968402
43 0.027860479911328933 0.0747991262856138 0.04013530852759112 0.04998821259170978 0.01467811910163656 0.08452403390747971 0.024752515869034875 0.011228066204214099 0.09706129682698661 0.09294005599517179 0.019905350739100706 0.07459652339612388 0.06908668611805695 0.09870859886954854 0.03452104168432858 0.01483628762753708 0.020903433565705357 0.010147378135948045 0.04202169103458854 0.09730579360829514
44 0.05536656867486028 0.05257339815233561 0.048557700074197074 0.09232988172690583 0.016233979163210652 0.017059994779259215 0.06464652426042442 0.004046834857086324 0.10237262517926639 0.0018074134462854625 0.10893000288833146 0.07263309145562012 0.07633397972626059 0.034641673923927745 0.0014356843905869326 0.02995746378987619 0.04480289570107655 0.06226664867435106 0.028012574476861805 0.0859910646592762
45 0.03606399145033563 0.07528170217320132 0.07875096475524326 0.0711481227926409 0.05062771267754151 0.05528114547025127 0.05560420236937431 0.08173671415786617 0.057553770515053254 0.024368396773845398 0.04211339425169765 0.015429333565432685 0.027645221950997535 0.07630559611261178 0.0450669271724452 0.059975615453534636 0.0813527075550853 0.05219021592277396 0.0027260075514388307 0.010778257328629236
46 0.032356475718295225 0.04477245931048468 0.012507343121677117 0.0333061117898326 0.08621804055182129 0.07806819980239846 0.051013245147089825 0.006155809117971165 0.05127490046290854 0.07895168017200573 0.07043394495451913 0.09724317493071716 0.003990144826821456 0.05545026405113668 0.09514571023296858 0.06621765319173842 0.032324634047294555 0.04876204606925288 0.02346533841863038 0.03234282408243644
47 0.03262713856747257 0.08566890680973999 0.06467989486389594 0.034018371110607425 0.029444341983181785 0.0351918259769166 0.10133071384807482 0.03880717972178393 0.02712648846684624 0.01327709231731509 0.07748790822204597 0.029486062033591158 0.017173719066380405 0.08186771304242611 0.09586596279848228 0.00733979602439746 0.04962157377078066 0.09778354360223411 0.022467535794909718 0.058734231978917806
48 0.0410558368010713 0.024888474485380094 0.07202821445283257 0.05807786781012296 0.05537973277878814 0.04760806287091811 0.02429562172736689 0.07560571928975661 0.06141992991592958 0.07820074892582803 0.07662780773238094 0.017170444772264412 0.027090768113925117 0.08651942059535886 0.026125681390733606 0.06417731590868833 0.06561796266136173 0.027333466755878937 0.034005732767991896 0.0367711902434217
49 0.09174401298587699 0.06517960585668643 0.0715982090553594 0.03572420864592743 0.010285136299257657 0.08764181051612405 0.04757955766522728 0.06932688992965243 0.023599716188583076 0.06927109200380145 0.029500007690125448 0.016545916730783924 0.005482858520168213 0.013626649248874929 0.05781329619723549 0.10435817685511163 0.05643461107803957 0.029314162867810842 0.08133586296731472 0.03363821869803911
50 0.07036020284876217 0.07854353404472539 0.025677574621628518 0.03128902957053789 0.033921591391060615 0.04400113275942307 0.061224191120148076 0.029452109990731643 0.045044009353827894 0.06601587847569478 0.08751462387749136 0.0711143584985811 0.013337715713404294 0.006500766610060091 0.0852373859926745 0.02625029105376182 0.00822608227999134 0.040240779205004254 0.08758389059355219 0.08846485199893915
51 0.006057050042730455 0.014241916643775682 0.06933371082824098 0.029869097803570104 0.04691755771616197 0.0885965348547171 0.08120502141340125 0.01357345381723197 0.0550559132888844 0.052729601441438116 0.048196091350098696 0.040445818811574705 0.0842359622273141 0.08365546895040896 0.028925496645639332 0.03508858053092188 0.038366444182648396 0.08848808907828462 0.08268404806383055 0.012334142309126836
52 0.08297955892996227 0.07538626561833715 0.08540448362015998 0.010478221914155067 0.06976910896297235 0.06195599668244589 0.029460407213762495 0.012476700790288116 0.026192796944313954 0.08151290956385836 0.03511456835494875 0.0902102529449084 0.06681439427760975 0.08258160352094362 0.013292651224927505 0.034207814692616315 0.026439002966215607 0.02734002414449203 0.013026946712983383 0.07535629092009873
53 0.02336837378632946 0.06224119119015537 0.024029142280389118 0.0701011178957877 0.00022621276150827107 0.07192997187888707 0.010792040153769514 0.01725256683727075 0.013510845108769326 0.05503437352268823 0.025115913759536257 0.04878972405576665 0.002132109481509886 0.04159383465177567 0.03415990183262497 0.09307079257872991 0.09820811716508471 0.10142682534928274 0.10635876850925835 0.10065817720087608
54 0.011216742388259324 0.005995525290223006 0.05331938049779686 0.01647919202658548 0.06487079168313 0.04216265868228426 0.04260153634639397 0.0766593943988351 0.0278572297120211 0.03749227374850669 0.006362583559617395 0.08827235725419048 0.0469661985928384 0.08533881435971002 0.010890440292337803 0.095664798990977 0.05987538252762238 0.04619464502763326 0.09682042813488105 0.08495962648615649
55 0.0626471995845183 0.022841316217702776 0.027656538936865708 0.06851856876223508 0.07576865489971046 0.08741789313782301 0.07719127229265138 0.050281565141510956 0.04970764131576743 0.09436785639760992 0.07983062126071044 0.011665989382039669 0.04373570835510078 0.014512371553962802 0.04915348770059321 0.06268771924557057 0.0060129700252193295 0.0017244472492839466 0.06704448230872886 0.04723369623239544
56 0.08555390999801328 0.06925269308699164 0.02244871683142411 0.0721722101107921 0.11137885956240628 0.020011402172660606 0.011289368604597378 0.0706281170317065 0.07388818775417 0.05994132059829639 0.05444120600101316 0.028456239074856553 0.08349444552511284 0.01069721734049766 0.06184253668283875 0.04053123204849547 0.015002357538311613 0.07509565170381248 0.023005219680903504 0.010869108653099452
57 0.06617906110002547 0.0814125206785655 0.007621312501801609 0.06576967190904202 0.014646792369490487 0.04413980983671909 0.08584035474154855 0.05023385179433519 0.05620953875670798 0.013933751565318495 0.008202619967228325 0.08309698835944777 0.08210152033479502 0.043493311226370956 0.035006959725952934 0.04746905032099691 0.004807839269775593 0.07171515667432228 0.07078677982861614 0.0673331090389396
58 0.02319450123507977 0.00984936665492167 0.08016444916045225 0.0764865368112855 0.026173570508578818 0.1053953906073489 0.015009937976658644 0.06460203017965892 0.0120472120399939 0.038365874157194675 0.04274774539354255 0.09171253089653014 0.07480377397740716 0.06466294236595636 0.09722510629794166 0.0029855180232822125 0.06598752736282633 0.04407385445332467 0.052055332667234194 0.012456799230781749
59 0.05534196726706282 0.06580557877090776 0.08248612756225192 0.0301040926374848 0.10089193506573625 0.03809551003749105 0.025019863156597433 0.02911841066452077 0.01975614066452257 0.030993224870555783 0.05961717492000824 0.05272377719690415 0.05885118134989296 0.02615418360499973 0.07453985323708975 0.020990853987099586 0.06304090069288064 0.05536553875331102 0.0871246290099551 0.023979056550727608
60 0.010472994249215946 0.09035451936678678 0.07600232337017042 0.00922326532682048 0.023587597102540877 0.07984165412114481 0.07476503796045739 0.05900092071152262 0.08128185465532511 0.06964734122682892 0.05144282205918709 0.06277658590586939 0.015244494149492702 0.04336189158495078 0.03128882658618846 0.04370319788231766 0.05180684577981659 0.018926484619374663 0.0765739675539041 0.03069737578808521
61 0.030323401714174466 0.05673089082833806 0.013658263213755031 0.08434549908840237 0.06272921611460429 0.0047298557463611056 0.07606438305794783 0.05182909583718091 0.00033578982642826466 0.06533570013263468 0.10336655239176634 0.018913612910754208 0.07899286570155216 0.07644107309686406 0.03649387366839437 0.06141249338945336 0.002639256182194696 0.0472411262407325 0.05800764814144948 0.070409402717012
62 0.06444443574599924 0.01043428611965249 0.09364225508969339 0.009278932192715021 0.09217708175664587 0.08769292019000541 0.007741591210918043 0.06018788428140453 0.09020159655088773 0.03178329240629788 0.04814918648797125 0.00673266022437102 0.08169269640452745 0.01808614431527326 0.08120765486512559 0.002363415795571897 0.0493015670216372 0.05845727701401235 0.04998985649814061 0.05643526582914968
63 0.02337053667993277 0.08058139234629721 0.012474026682982517 0.09538291665236873 0.06862086642167103 0.050217202436922646 0.04333973245913966 0.019286414867180607 0.06011069800844925 0.08286973382617586 0.08153347985263164 0.06401347177010726 0.00965610827680427 0.05073956426975372 0.03294940183140495 0.059480358581465574 0.005504813232151443 0.02655652392831478 0.05305729057479243 0.08025546730145357
64 0.08231533749419902 0.004071881101921203 0.027593112495723212 0.057285281103798616 0.06764448249996559 0.020776707450008106 0.03617400212576807 0.08291260952556348 0.07980786705787522 0.10023400531256411 0.07075410859878008 0.031093283183771213 0.01138503394534578 0.011226817288647327 0.00782402999636056 0.038226488765678336 0.0828550000525313 0.042147984083613844 0.06986631623563243 0.07580565168225263
65 0.02677441259373943 0.013109869144047203 0.07045309882280795 0.06662463384338854 0.0342794530431891 0.0849895049470692 0.07443796307359501 0.04743832195654806 0.07220059802686085 0.03862882379528466 0.02714780137915218 0.026627509787147292 0.01687419943217711 0.05821953722606303 0.0563284179325517 0.10263248490716184 0.035643872772991254 0.06132693830962244 0.01720734303847591 0.06905521596812735
66 0.013861254175560705 0.08395406308136855 0.008941666062405878 0.07286887705535282 0.08003561157368867 0.05470455185715807 0.0779571732073721 0.08607507776414276 0.05564035375034062 0.05891280302854648 0.03868245602459993 0.004749781459659002 0.016646794297550043 0.03034707506488353 0.08268155476643285 0.04104892934209808 0.024357593448990765 0.07494200962672597 0.06777438739474238 0.02581798701838079
67 0.08689043145111715 0.004826657908250962 0.08333589290876796 0.10963235633784472 0.0957807419374444 0.07167235794535892 0.006987094242474117 0.07218421927791455 0.0006705466783797527 0.06076399180051101 0.004326030735246178 0.05099274622483662 0.012133589359738375 0.08746096395267373 0.03848916459956413 0.0881026772951536 0.028913059967682984 0.057868140979850005 0.025908332423161793 0.013061003974028958
68 0.03157577574883218 0.08214901693692368 0.023749913976888814 0.05700258437491809 0.03656672959571285 0.05189620257604471 0.08521458692775634 0.02582038192535972 0.10335557839232248 0.1051612024406468 0.007487055313845887 0.0067774287182130665 0.08947519487465304 0.02083273001513802 0.026027276137457457 0.04399302073530079 0.05727740917072097 0.01478167696954382 0.08318746524926307 0.04766876992045797
69 0.08326801116055202 0.04897680883523395 0.01556564155120177 0.06814407260095172 0.03791452883995723 0.07354557804667804 0.005863439050841844 0.08378481240412068 0.0784481548153448 0.028448800265139084 0.040478418991597445 0.0446449899377513 0.04629999526100348 0.05152818105078695 0.007005924799106137 0.0734586562872443 0.07373553916225259 0.05060133912553458 0.06422393766507714 0.024063170149624925
70 0.01881565308423431 0.029270216481276277 0.04038165010945798 0.10567544286592881 0.06038958486951796 0.062001094582866983 0.03177975321999307 0.09509885023905659 0.015338040320290113 0.07469508514202304 0.08301107379480638 0.10374700847150979 0.00024337155689556432 0.038545655960196844 0.007828697168847374 0.018300522420379 0.06263420666922109 0.030220824878682686 0.045598571106429224 0.07642469705838688
71 0.050889890919251585 0.08121646919231547 0.010975403577200744 0.003444639441020863 0.07437356373732315 0.0658683322961406 0.037951748068375014 0.019965283758472833 0.06657495693876485 0.03268713256561019 0.07209188035260936 0.04648966809555652 0.030242786378732296 0.08350952758970683 0.09074100574425509 0.08473028393994016 0.06694269586879406 0.06801353124174127 0.00527794864013683 0.008013251654052327
72 0.0738309425225536 0.05411737131619205 0.03838183432227179 0.07505720602129061 0.024193669967417702 0.00688013642561934 0.02977921652831823 0.02461452239325383 0.06198069391595801 0.04973817338621983 0.013688582854460155 0.034072451404644155 0.0881795521137353 0.03483383295233555 0.06662428871264389 0.10474786140019313 0.018418561259126248 0.04439421768171602 0.06496506740686925 0.09150181741518135
73 0.009990549848314923 0.0850018091017313 0.05600655765289623 0.04424581971382039 0.06256201641001777 0.037284557825718684 0.07517401089611345 0.043302960087101876 0.06931542365946222 0.04890354555720447 0.07524744088399393 0.0756636942263344 0.024452338543056656 0.004342489453992612 0.08421373667308443 0.0683259559257111 0.0509867928589326 0.027506301397287086 0.03352491014965975 0.023949089135566103
74 0.08086064538431863 0.07215325159811103 0.012809180185472191 0.06771066599038411 0.0864377968072879 0.051373181541110466 0.006615948781734143 0.0468660541657394 0.015009545451641982 0.02955065454882099 0.022477930830855565 0.14057896908776168 0.014812230598622649 0.08883795508448392 0.06246239240011505 0.10309897807782668 0.006234765026194704 0.05953676564167061 0.01598624234281993 0.01658684645502869
75 0.07906696440102814 0.07076761749215214 0.04952055775389075 0.08803568256179468 0.06030854378238172 0.0740603093951199 0.07728715707065183 0.010540315383795747 0.0016230642142515412 0.07604352265058109 0.026434850545109956 0.05850638408962056 0.007905675004731851 0.01078659291228834 0.039428273497544845 0.07900323498069083 0.0660124212688014 0.0026526942048242996 0.038639553089009765 0.08337658570173073
76 0.0997607322736782 0.05126226314390286 0.05869074508385876 0.065042157597087 0.06102569104355667 0.08929899280357248 0.03234247209497898 0.04070592200578051 0.007382944257421087 0.07543600284419572 0.019052755023334218 0.06210298142956423 0.006965119331470725 0.036254195645497984 0.09129583575407743 0.05427276407333623 0.05618633230485556 0.013038840687785127 0.06949434776762187 0.010388904834424584
77 0.014815395285226143 0.06001734834194431 0.06794739744904936 0.0898584923613958 0.013767297358808302 0.0441792171693314 0.09030914871596474 0.06929029958267349 0.05440145708437425 0.06352088780154155 0.006320667528136684 0.045002067320404036 0.027916171600049094 0.08415337718596197 0.04078502092942052 0.04051562572035542 0.03600840479841838 0.04316840351065281 0.027039699150748785 0.08098362110554287
78 0.04803848020917347 0.047419479210308015 0.0693909260852872 0.0013360027820271375 0.08064085316950415 0.08051713850977382 0.07284767533888045 0.0377186267082137 0.04210966877643962 0.0054991386712592355 0.09087415246367508 0.031113263183379886 0.09205590901931662 0.025422799331650352 0.04857642365451227 0.0928641988748462 0.005481352533711451 0.0433840088743798 0.05499481519599002 0.02971508740767147
79 0.05608765878921481 0.059455944285386884 0.06620306251870439 0.0019263196185508244 0.06573466292921876 0.014958779990150342 0.059123692151053876 0.076488786507412 0.015211666141459298 0.07430355699110426 0.034743891937607095 0.05033372073168244 0.029137072868706843 0.08069640458194735 0.06654760696509777 0.022404424631604615 0.06759647206180108 0.06856915111462417 0.024134828985915815 0.06634229619875721
80 0.08861156318353945 0.004845362753787501 0.11311827106463303 0.10983268930769838 0.07318837284578569 0.016556204024121026 0.012870901390618195 0.030351926848328672 0.008500396076478019 0.0755460458971277 0.01782532597173186 0.03917516188434973 0.051945730646446545 0.025068762478289475 0.0685943048972548 0.06073388754919599 0.11490454552451485 0.05477799846167492 0.019014727271916262 0.014537821922507918
81 0.006486204472137031 0.009110753880237391 0.051349815093704176 0.06205898060600541 0.03271852653057778 0.007486018290051479 0.008748922302283628 0.10561138751039897 0.05521059048555023 0.06786493866579127 0.0625645284275844 0.09251727985662739 0.08960121394894549 0.008187836223476009 0.09569767137582269 0.03348326828071055 0.1245253791993274 0.06027117263036838 0.020363899568655038 0.006141612651745486
82 0.03696870309807216 0.044975855829048804 0.04457247690581683 0.009602688514974046 0.023658593443696484 0.07922308411846526 0.06088195032778483 0.050826965042729155 0.0788906853787069 0.014477454746660559 0.023055122141317455 0.07201677418868957 0.08106349297142548 0.08154601475093362 0.030735419234524823 0.04398424243666309 0.060417402852846754 0.023916352521973633 0.06820596168204186 0.07098075981362847
83 0.04384235170124242 0.03891662610414893 0.022219061133888836 0.05110784384193081 0.0145414544680974 0.007743214529814431 0.01587786191058897 0.07336854239867925 0.05638345228988087 0.060544431728411674 0.08353670973400681 0.04958092587194045 0.095755672187675 0.09573573502488938 0.07532076876860144 0.0967481153930447 0.030531262296898523 0.07560748838689671 0.01037436762929402 0.0022641146000694596
84 0.0834508413275888 0.04863837584232689 0.09077576390928425 0.09600935144975041 0.03613930667482288 0.04819904948014829 0.009807990386967514 0.07240033686823054 0.028072045612773946 0.03345702079078955 0.04731990030257038 0.018879362018683423 0.09740905091180865 0.07354455343645915 0.030750023037516217 0.05262463303896344 0.06147796679149364 0.0026701982403333864 0.028537499024054613 0.03983673085543377
85 0.06240729656567687 0.057120346919113885 0.021724790486153844 0.03361763020393928 0.021831192837660413 0.03142819402453755 0.09296734764033328 0.06479995569922886 0.05977990365117568 0.02496521694526933 0.08315311535888485 0.056083876467549004 0.05430663502138206 0.03857650763242366 0.010808684951748627 0.0798263216316448 0.028667832479653967 0.052416455001431675 0.09304306224939346 0.03247563423279904
86 0.06111024592479087 0.07937899856021767 0.05967627104027361 0.0632865837956912 0.07668015715637401 0.0025765586969649108 0.07068113483863087 0.02310266560678915 0.07964257322899455 0.027388608337368878 0.04069260550815487 0.046597184277500356 0.07745978012179464 0.06617584520601558 0.0476780919631174 0.06381174316668072 0.03144494272532301 0.050989055164904006 0.006993609905599929 0.02463334477481369
87 0.08781182047922796 0.025921614968372315 0.019292099414002346 0.01934822158710844 0.08034890340001546 0.08733267122104472 0.07631013592486699 0.06305772301360714 0.02296616267610767 0.05814782050151936 0.006057511845766636 0.00901048957802292 0.011499795889116296 0.06810304421450591 0.0027684524098577053 0.04964023264621478 0.06870092882449838 0.09683713165393922 0.050972722649000504 0.0958725171032051
88 0.04234893001852999 0.01110749826208841 0.06366906509291534 0.07025390414781205 0.04649000945512064 0.05719348693979489 0.07463410043288111 0.046989518982791176 0.028175043986052792 0.020462397766513502 0.019455425411648863 0.06533485154938819 0.025538252326432136 0.021620211739198463 0.07952319156077592 0.06361370732087408 0.0744978602062152 0.07114640676932865 0.079290437530495 0.038655700501143406
89 0.029367296142231117 0.06514906128640079 0.06134653622510095 0.05353222031586482 0.07224482467195813 0.07751489768457014 0.044000070878508275 0.022934937634725077 0.0770334687702502 0.062306033021606824 0.051753049226348165 0.020174465808137667 0.04553995217459662 0.07081437633355021 0.05400380132543139 0.046881775611635215 0.08226400523243574 0.03158729691894191 0.004038360509222288 0.027513570228484413
90 0.07473827924666031 0.033582036538493294 0.054009772573652914 0.07199898813184338 0.04235129204186313 0.004609655929584793 0.03462036481427478 0.044701457475139504 0.07123650465466949 0.08012500021872282 0.06185513807780797 0.0009537312094106109 0.08755789603129849 0.05835846982260783 0.0009328740027783047 0.04362711096249052 0.06543063943989466 0.03162763151744961 0.04892222368528728 0.08876093362607027
91 0.00019421920962168717 0.07467130587467398 0.0028269511437343663 0.011054121088106729 0.046229127008975725 0.06284594513005287 0.0032242027601080765 0.07006256840720569 0.07912399013133349 0.03599656462200303 0.07382610466162037 0.07014606720205203 0.021156028747012893 0.06982874539235812 0.08020071406003641 0.050875226121916584 0.07510838739507449 0.014359039735516575 0.10416601502135671 0.054104676287240215
92 0.05114294409401155 0.04635832880467671 0.0690693895395758 0.04376365173253696 0.06351649661843782 0.030186145382700837 0.05460646583453157 0.07801436545386553 0.05999822929246292 0.06426519913986604 0.035633038867678886 0.03958696269659758 0.04887650897529085 0.06263276284631306 0.02974702046950387 0.02061697801231737 0.016477535780799038 0.0618747550288751 0.05084171565583725 0.07279150577412125
93 0.034078561608054114 0.05467873869038543 0.018054700970975678 0.12789939084716692 0.03872981244209914 0.04315775696070768 0.091632246579838 0.06278907809868335 0.08416419807775362 0.06169019238384373 0.0007292623928442925 0.039898390513358264 0.031787119552850344 0.08126934130570893 0.0653082091338286 0.021107296644402498 0.012755874953881904 0.03822774526176446 0.0042732950561761756 0.08776878852567681
94 0.059326240582100724 0.09563906104712239 0.04601088052188489 0.011085606107209734 0.0494442885221875 0.030868798546789124 0.07795781303001804 0.03778261455283943 0.10794599556534525 0.009542541329501981 0.027841340208410417 0.015993215290488753 0.03575331006166694 0.08577883438550458 0.04619467986721495 0.08507093209685135 0.019718579795589983 0.037946139124740014 0.039430347504576094 0.08066878185995782
95 0.01835759739345167 0.07928261638299938 0.027370640565441542 0.028634154851755186 0.11679663130178815 0.010809504261363454 0.06800073535021281 0.10965016981130928 0.08443287002599698 0.06432967800904642 0.06536981088043174 0.013712995225965825 0.029278201608530133 0.05051585612211299 0.032306988767144815 0.01820882932168437 0.02594841359358677 0.0180971366825159 0.03800294013739338 0.10089422970726908
96 0.02575382779729 0.03409484598702178 0.05219244998622383 0.04724646448517196 0.05885527705391555 0.05641967116605684 0.010938316225758532 0.054394262366462776 0.06460073112381094 0.01167578146918065 0.05240984316281535 0.06922210593366879 0.06218314042478553 0.04203337947443123 0.08522356733053821 0.06995441379207337 0.06691043403438107 0.04412484307473727 0.07435270298532218 0.01741394212635416
97 0.019797380469226487 0.03788644245449289 0.09281390183018057 0.03597964293324797 0.09614913131725243 0.04396084844241233 0.04226499623719425 0.020655307002640958 0.038683483152351913 0.07981856256152413 0.08323999293825546 0.05309696694562638 0.007031821263502432 0.08673299188019595 0.020528186587299477 0.03293893641587384 0.04494958272986708 0.013103723313038608 0.049151534212914204 0.10121656731290296
