0 0.042369194796413864 0.05544446977505011 0.004893698863907775 0.06343842597414673 0.05811125563766852 0.054466180529847204 0.06607251447279237 0.04057444662739002 0.06189304242683175 0.07190873863500143 0.030508428095279393 0.042568422823922834 0.07600053343697226 0.0477957509974973 0.05973941932838875 0.0388189377061002 0.07725739668731275 0.007285087202490459 0.05512238059341415 0.045731675389572034
1 0.027020887014255184 0.024548658723851802 0.014326123440603905 0.10579619372106387 0.07214512995361858 0.04726146661421998 0.06833585731240538 0.06384657691136492 0.12647205363218783 0.011889708257991191 0.005384597927627996 0.03433762026945383 0.10864315898873805 0.037033743484685744 0.09874344142137684 0.008134543351027484 0.04192864541671317 0.0610911812762174 0.011084862120181959 0.0319755501624148
2 0.022587697504146426 0.06933599805677387 0.07241929666781231 0.059741915204592204 0.07084895376416692 0.04958102669322339 0.05871338567351317 0.032683087419597585 0.06267512180382073 0.01826794613820884 0.024537905086246075 0.037676629304021304 0.026398056880709758 0.07409703777772123 0.08759646853020052 0.05943364008776455 0.08546868450956233 0.06541024827422795 0.009387164597622288 0.013139736026068603
3 0.05973071911444513 0.033420020980804536 0.06773457933014203 0.06102331432021692 0.023152365690294642 0.08184737952567121 0.06457678028222358 0.0016540610052679528 0.03291448575967304 0.00523277985754472 0.03429416014580573 0.08268219612389298 0.0809545400593113 0.04743962513248166 0.03645185553224819 0.04712246235640787 0.0819730220271137 0.08009186599444452 0.06406768194984791 0.013636104812162262
4 0.0742010348764804 0.014018495569307446 0.073440975517655 0.05864103063652441 0.08513582069544269 0.0178013349557332 0.02173215474275406 0.09060397509390813 0.06388605508040568 0.015495371980586203 0.05398058158414381 0.028181852111874187 0.05831182473780253 0.038507272956488044 0.08670033290804131 0.03279913292125029 0.04019654634590264 0.07962539039463142 0.015456906512551062 0.05128391037851751
5 0.06629934694087593 0.08935371438259627 0.047843031693449625 0.05060368920630165 0.04503672471456927 0.08766820550047741 0.03192325100458681 0.09615551230435375 0.02269470862512114 0.041252249061297895 0.03489586068384975 0.005947165817122812 0.01676620201212834 0.08853842126678017 0.011437882478472468 0.06517857544687818 0.06635538238560859 0.008558908365156817 0.02015797081164211 0.10333319729873107
6 0.05827889594619865 0.048422841464397064 0.01173109623967469 0.002027092878691697 0.07108977033769168 0.053300522630052374 0.03620438980815017 0.06779643213771848 0.05968049379593462 0.07273261103540656 0.007322367295655273 0.0738797976372932 0.027615274601034617 0.058064495778924835 0.07669121990458676 0.028654372491721675 0.07113319310389998 0.03196661574986851 0.0819315160366716 0.061477001126427636
7 0.11483087342941452 0.08222441739943175 0.011255839914100368 0.08098732436628933 0.10524939050259197 0.024481689505985057 0.06388216074531941 0.037403824589873146 0.028806001279916435 0.020892556700542908 0.05009184753240571 0.013843406005627947 0.068962181787635 0.004054348454500561 0.01926611906840119 0.038946373247668795 0.11264542965070115 0.08571673812861286 0.011245274767834771 0.025214202923147078
8 0.01863338414910735 0.021289760003795177 0.08734401573136245 0.0444071995133219 0.02188242078461999 0.027190205294480522 0.03813527317806978 0.02487583367279097 0.051431004363007064 0.038016003972857385 0.051621139000530634 0.06770199067868612 0.09514504536678337 0.07894839052806116 0.05072152622613288 0.01522050441253605 0.049684600921827984 0.03675892883372156 0.07703216022097266 0.10396061314733493
9 0.09966696952487825 0.05453761495111591 0.01672540304677868 0.06967710076436208 0.014969675155534186 0.04613636262301398 0.062307661752102415 0.0446554141038063 0.09506725365759716 0.011755812498996815 0.058692964013500534 0.0015069493571033244 0.025379043317023477 0.08293869875647557 0.03590769560642719 0.08495337923769299 0.03769917707615494 0.08414194876716748 0.037755047470539704 0.03552582831972893
10 0.07209711294682233 0.06472623391873114 0.04967372872224808 0.0033692647680307673 0.05703012694262206 0.029077245814476543 0.07981565880446165 0.0745318107492392 0.00040472020698965444 0.07521252610717999 0.07723852147024382 0.05768534078866556 0.021935127123924158 0.01298540278361391 0.04641021000921155 0.050526425314891564 0.05632714901596353 0.04384067614505991 0.08308063150886111 0.04403208685876355
11 0.051093701694145816 0.021910753409161907 0.006362374239191107 0.05268176516818357 0.011728338324679064 0.06276146692957658 0.025429101719654425 0.056775154868053915 0.011041705843520327 0.011471406101995603 0.10432536751428623 0.11331632404094664 0.01840453671759442 0.054514571537216436 0.0357291873667273 0.11334373764951647 0.07534652769468834 0.06615677700981233 0.04597879753689459 0.06162840463415496
12 0.04022160170859214 0.04072679884318393 0.04999194027205114 0.10527230030919545 0.006831881505467473 0.013086406845454545 0.07367626580166356 0.11131177447878586 0.018580679908202342 0.006371908466557415 0.019663964682465358 0.03342472577685347 0.08027600215805025 0.030527872209585732 0.08824087186509122 0.01472407727682114 0.06829040318037603 0.029832570832040405 0.10146144175527139 0.0674865121242913
13 0.06730531522564528 0.02479100463004788 0.0030203329859359463 0.05672727268895721 0.05113860833945612 0.05132652225829227 0.040875313212013105 0.07391136959490963 0.04408135164193321 0.009488006014476687 0.09055781411905124 0.08459600006555572 0.04110013544734642 0.08412412845870026 0.07926749173072097 0.03145977612920833 0.009866795141583694 0.08809193741192509 0.034941163037934195 0.03332966186630678
14 0.09398863493248821 0.08156761443743331 0.040524152127314444 0.02882642924299978 0.03998493826404048 0.05253841132193197 0.07455568305288639 0.008090248037143014 0.0675589018105389 0.03787727620040917 0.03987103113367252 0.0015573340818083366 0.023377006869125447 0.06664751991643346 0.011155106207422006 0.027597121611089053 0.05151372643052031 0.06571274001497045 0.08906363766164896 0.0979924866461236
15 0.10119242611767969 0.059627289114584515 0.024974480577464205 0.02539770918183012 0.06654377484046067 0.03563484005956854 0.018570057189527773 0.0029885094970449233 0.02023550595744139 0.046378195738087484 0.09945961266751742 0.03371891915322651 0.04682672229410727 0.019727674714601327 0.03279303816508362 0.060193093268031704 0.09782091018760486 0.061381319371540434 0.08012324776597361 0.06641267413862381
16 0.06861541752021906 0.09243532169645963 0.0779803928710336 0.09976787607023063 0.04516629166779885 0.07423388138654201 0.007231941145105041 0.07376335018693218 0.00911517388951691 0.052825805962311276 0.005951204491419815 0.015207565681215469 0.04631872512945989 0.026580510791643072 0.05339529534629365 0.059983659994003014 0.08428173826899421 0.010627453551049581 0.006468342227512801 0.09005005212225935
17 0.06996344689675636 0.07058775240750353 0.06807137469695668 0.05741331893976502 0.0283920754635817 0.032714494934375726 0.04684614393864358 0.05508893303106752 0.02678545826722622 0.04819420109741581 0.04015904708519017 0.07692142305002345 0.047950628391433006 0.07055283696750311 0.0576188487126394 0.07539852929984654 0.0026102128512166803 0.02029202205680371 0.027992785876885237 0.07644646603516672
18 0.011327276661131895 0.047841799552523843 0.08719231430733196 0.03866449397358815 0.06820273537790857 0.05758883249277034 0.031942231466283895 0.00863328403311481 0.086452467203019 0.05638597207031098 0.03748403584014413 0.029746725708345512 0.018208546414836234 0.044706757942387154 0.08858809736038581 0.06788446393156522 0.07282774718856153 0.0521815831913782 0.013645261670987577 0.08049537361342518
19 0.05569478756275028 0.08699923973066885 0.007966171624321243 0.023921718980984632 0.02678983188347936 0.012883156475860401 0.10691727449072234 0.023401553767521868 0.0861800222318017 0.08591762392734745 0.020511829473743547 0.040491976792454566 0.027214558664860364 0.014616540060631221 0.05015920188704332 0.0691473956910967 0.09716441584271367 0.03177393394736477 0.06993039513094472 0.06231837183368929
20 0.035322396461500566 0.07683261861964845 0.03077714482109034 0.08290397273654394 0.08980964216409017 0.037167147430852615 0.009574728610669315 0.025762143932867413 0.04604950186710907 0.09289519922915714 0.04681551212690576 0.00876883203068864 0.010607691353830788 0.0983872011826137 0.09212415305094614 0.04737330522215514 0.04614491300236053 0.020792942700884963 0.06923523858114755 0.032655714874937604
21 0.02749615627372254 0.09062048331129467 0.00513468024737584 0.06644924309091171 0.04877127467011755 0.017342915439126697 0.06406144372841757 0.03439034617068353 0.08386666538455756 0.044547650226695754 0.029682731005167894 0.07467940997886162 0.04013884755849819 0.02625691554239701 0.039898468858964614 0.07914900666439406 0.018692725631048762 0.02138422257179412 0.12343336430769444 0.06400344933827594
22 0.03865992383561937 0.04758350743395454 0.07145707467284688 0.011180134969672715 0.07683546981669884 0.07675625601237067 0.01795850601161168 0.07474575290261701 0.0721567370995316 0.06753541384152051 0.07607674702512458 0.0545156806328499 0.07448416676984117 0.0173565178739514 0.07337690800537137 0.07378675232537157 0.00901692779584835 0.020730130510698375 0.0016196121018995993 0.044167780362599836
23 0.07436843137733523 0.03283277590558618 0.034564580797888614 0.08093589531952564 0.047335005178257485 0.057335476064369076 0.08246058321815235 0.028348648900543005 0.07163027617032465 0.07944991842772514 0.07138791212174594 0.0034074679623586224 0.06805337972253801 0.08706199795657833 0.022618243017115697 0.0244868824028626 0.029430100503619338 0.0604715764005732 0.022064795100770123 0.02175605345213063
24 0.07937684119909828 0.024535628422432513 0.08613072732816744 0.04239992727207772 0.00045212227756814415 0.03344731452880858 0.047396431778614134 0.05975736592520139 0.03656834305189891 0.0752038066900103 0.008133115007486197 0.09205963612861147 0.06580718460726065 0.05000622525751459 0.08012948501478188 0.04347836466254455 0.08489519762165457 0.011909750846294193 0.07316930521533502 0.0051432271646393145
25 0.011040601404211575 0.06907684604955255 0.0717234923685016 0.022719148378137936 0.06817194649351872 0.041581415500450115 0.06291807138243122 0.0699878249680696 0.06636337563444386 0.055763628277072985 0.06183442304479971 0.0756642269584207 0.0042812839311969575 0.06259782662886774 0.074331852870797 0.017137820795624786 0.03860979503312713 0.0020554019949193016 0.07317446584409917 0.050966552441757206
26 0.005427778412363665 0.10307779571865958 0.05328806512811542 0.0014092400633352183 0.0900350274801048 0.01939195354810392 0.03896230368104577 0.08914234913494784 0.021442564444864476 0.09218708629489226 0.0038759113615255817 0.03156712912107535 0.07342179621602397 0.06293837343703049 0.05765576310897791 0.019724995264770093 0.11001007234744259 0.0766283793982984 0.03499222903287203 0.014821186805550692
27 0.09739814496137796 0.015694671346837084 0.07671631913229288 0.03061714740585187 0.052267532788882985 0.10132786440255022 0.029933296175945423 0.04568124661167786 0.008649490299682485 1.9624611189954147e-05 0.014676531337753762 0.034986169425419836 0.10058005177336349 0.01372899756873983 0.10165988880719028 0.08283460213617945 0.04016001188082453 0.002314896150248231 0.0626096808806692 0.08814383230332266
28 0.07659514457169861 0.08671639361838655 0.037838032179061926 0.049312334375418515 0.09493127085918109 0.005054737261742043 0.005913433956559034 0.08465383010357913 0.023324398306261963 0.08245319242146915 0.039457308403113484 0.08628345538692578 0.0825650921737045 0.0016519608254283748 0.038537585335806535 0.06855837368302138 0.05005443494151011 0.03498708975769651 0.024201207205879403 0.026910724633555986
29 0.0437245645819126 0.030136748978206094 0.04628923094741131 0.06493591589639061 0.08069559788931398 0.02654898505594509 0.049412986308795565 0.08608273811548117 0.05239370350600724 0.0045130008589953936 0.002141158495079331 0.08331298530815906 0.09295932241953919 0.03666843838454988 0.08317286891328798 0.05419064576525374 0.07184137525228468 0.011119862698038281 0.006673591961119993 0.07318627866422893
30 0.09279805904387395 0.060145848882753726 0.0461842559485273 0.05420271588778404 0.018844573477797985 0.055373745197636805 0.04636703662258235 0.02787537765560781 0.028823210663038546 0.05359123692366938 0.06720722430483687 0.09033842414395761 0.037095582210758996 0.04345077410190685 0.0851444628042647 0.08843651849454402 0.01932592855877863 0.02784001134361658 0.05023283594200707 0.006722177792056771
31 0.012207933919226914 0.06537265338075865 0.009724500330447146 0.042450147348885046 0.01522806589693045 0.032174024471342016 0.08629930342640653 0.042326484828225264 0.09538922714665377 0.019500752727063534 0.0912868545769472 0.026975784389401677 0.08918520675768596 0.05255809132029999 0.07947409737577689 0.04603165162844793 0.048213564131423976 0.07078844710687805 0.06638686101349221 0.008426348223706885
32 0.08958593719840034 0.0808981142996705 0.030279787331532873 0.017674696954708663 0.019374460702850795 0.024662456732580062 0.04941482887897003 0.01482128689401025 0.06226339155400859 0.09469980799096539 0.03451120575031402 0.03490272390254195 0.050280888725943974 0.06619449230962075 0.04163763244030812 0.08123824593328717 0.02935801178926119 0.03490818003319046 0.05263122850770665 0.09066262207012823
33 0.026461944438221443 0.08278313893259891 0.057964975780839915 0.08247733156733059 0.006947650117408695 0.0924896277315901 0.016724736376060655 0.04822540062124399 0.03498482976272656 0.04416087699174223 0.08854117755180536 0.03680610926761878 0.0726743579932563 0.07447254016969317 0.09063670112345311 0.04302446751404176 0.07778210511194872 0.002154736534266897 0.0011342114511938826 0.019553080962958963
34 0.046903936135081634 0.07399523683103601 0.07542729729916839 0.02765751865782625 0.023780866440737874 0.06192129098759332 0.024945463344094372 0.06977655875840648 0.09329199815698734 0.08605055565507509 0.055126400096915655 0.04150998398730668 0.00892796868343823 0.024885518545852088 0.019155359743918635 0.04399181340648234 0.05383630018026302 0.08210701671412686 0.020557844654610573 0.066151071721079
35 0.08815758982157688 0.09682544539507165 0.02247900042939369 0.004611743569864916 0.07999992699510676 0.013018264544343749 0.06767850359859344 0.04410111454469207 0.028935588795725456 0.09545434001446393 0.05062135811772072 0.05039122181500409 0.08137088502978838 0.0892285357904272 0.04012269919886085 0.06728330921200787 0.007780264587069602 0.030433879610879868 0.027658438181036898 0.013847890748371823
36 0.0075673565881008015 0.0940198935948761 0.014811322097813539 0.02315625170313053 0.07059248559327203 0.04670142034793336 0.008318525747892564 0.10816406774019333 0.038531363493399466 0.028763231533283164 0.0782936665236467 0.09454725336810504 0.07941506530451262 0.01458066536345202 0.017449544071280094 0.05851080051430838 0.08931644420041929 0.04477101852934961 0.0210197036359682 0.06146992004906314
37 0.049342512038034254 0.026581533802345375 0.037821194603793476 0.027631467215236856 0.03484248850266641 0.012875622147451594 0.02422943487934473 0.02444087095290812 0.0808673406105624 0.0877993789030827 0.09321967193117216 0.07278397270903648 0.07493193568564967 0.02976472815871158 0.06398895444593844 0.09552623749737886 0.003290067054390885 0.059937683918097166 0.03601019907684552 0.06411470586735327
38 0.05041584974233809 0.1006551240406602 0.06618777907652998 0.07197022182193791 0.07664696954206958 0.02216395697396776 0.07403026738960393 0.034607867507715925 0.05117182686594309 0.07335615679892482 0.07215618546179335 0.005879260080537182 0.08134501543994241 0.030715320775880274 0.025458109284492665 0.022271217683733312 0.04045144472819858 0.05070645084992066 0.016839076671628015 0.032971899264182425
39 0.07747125539973002 0.030745549705816982 0.01650678396620056 0.06399291721621934 0.053573815676018675 0.05724446694394049 0.061123647377963254 0.07749438911203846 0.042070761530385824 0.0720310935872669 0.011805102543653176 0.06781810487946087 0.09108129720081516 0.0372736964636469 0.05111472753494574 0.05198445285468708 0.08285624934690644 0.000450776072507206 0.05315885151206544 0.00020206107573139394
40 0.02134840285346346 0.05968017356498509 0.019350992147637615 0.07607605513562246 0.03556261768674154 0.06724028282665644 0.011537470681204377 0.02918748970900662 0.05741307671696321 0.06845577311036584 0.05110012337716055 0.08570494793579822 0.004543871377522258 0.048639990552055486 0.060985519505665 0.07893547366167798 0.02689013458627347 0.04713533013661784 0.06550552169378342 0.08470675274079917
41 0.04960780737212473 0.10269123466706762 0.026580869089261713 0.054746229911642255 0.012457312749575553 0.1173170223214671 0.06656979605502196 0.03795450461421951 0.09652227567673524 0.032964126772897395 0.06039770928758545 0.025007053909497194 0.058203685332789856 0.03674373755854322 0.027910331258776556 0.059538954466633015 0.061369237864744706 0.006011176579250882 0.06137777540640142 0.006029159105764582
42 0.05022798679609386 0.08048230536981832 0.045557515510098526 0.029754537016986698 0.06146513673309426 0.047996862504990655 0.04393205107793301 0.05595595022979955 0.002365425666572836 0.06469818098052386 0.017298682916742098 0.07308672599741357 0.014587036170924812 0.006459893420129692 0.03603908559905378 0.10596032244643441 0.046090524612892106 0.06285030536546923 0.03614375997687425 0.11904771160815442
43 0.005702321964617764 0.0536294367807664 0.07244882512068755 0.10722260492893707 0.027389702626971536 0.117085366786652 0.08154774640698749 0.03878660380430863 0.0007775430182775518 0.04225292526054279 0.0510942686346961 0.008422975884274837 0.07382017711561537 0.0304523551524405 0.05654011786405643 0.003240734088179148 0.1002311420524936 0.03663436695492687 0.07033989822891874 0.0223808873256498
44 0.0946567985210477 0.08218120306984474 0.07217394593508515 0.05586274991772216 0.06881557085079419 0.01923690437624177 0.06962082425638388 0.05570313821178751 0.03006183854385053 0.02114475055467676 0.026077563089544106 0.0017344876018375221 0.0024498709839770516 0.0397514710523306 0.05257401556292933 0.06721091241586391 0.05410865537021728 0.03757790281263786 0.08293111430394107 0.06612628256928685
45 0.04011471562173333 0.08780518189587883 0.013763304524534342 0.05050074236072741 0.07200365183510264 0.03932256433657063 0.04339620553317121 0.019942523608927613 0.03703065429931576 0.03501901540506196 0.07399010104401417 0.008545211038336437 0.026077470593546898 0.0904394121739773 0.03466853580731476 0.06438567529146151 0.09738397440572974 0.05511110693305822 0.012896958400851559 0.09760299489068575
46 0.023178988387778755 0.041763035272978734 0.08874070460839784 0.0419240257923339 0.026110868948235545 0.12756812004803705 0.11776031668937187 0.025070228972235865 0.01438136904589214 0.04002044842480415 0.03846812517943801 0.08577333828825803 0.09265805519041545 0.008852394198034297 0.032979765650064885 0.042693639510332226 0.0123917289459154 0.0701106175350877 0.03631438016295694 0.033239849149431004
47 0.02785569319621614 0.010007922635232687 0.0003273944895406539 0.06033313534850205 0.07171877610826989 0.039095415506468154 0.05452639833193982 0.01757669442783529 0.07201390227530832 0.07673778904488618 0.10929527539561777 0.10175279708126578 0.023321671532734376 0.03173613672725923 0.07358709784110809 0.10337525982793327 0.0033427396837709547 0.10234575894765667 0.00623453125226288 0.014815610346191888
48 0.05412832600740689 0.023183931271766912 0.07359021545519917 0.04912707526160891 0.06337143963357235 0.05099619583616571 0.004518715995506655 0.0632084691480436 0.10820551294996826 0.0021690951511353605 0.01077474251201535 0.10498797260850623 0.02379546547330344 0.09860703135325033 0.009559897877427557 0.08253579037140935 0.03972972410419835 0.01937867553760115 0.09438271817302508 0.023749005278889193
49 0.08868203970039046 0.07302353789216494 0.07634522614353667 0.028685000249260035 0.09558080158633148 0.022578115975277407 0.05777074231402226 0.10100981548642678 0.06700797179411219 0.058557238869342325 0.08763513984964348 0.020918786320782472 0.04815849710923378 0.010193569192689895 0.01281240151837619 0.031914570929352216 0.0019048898230190827 0.033788980174267305 0.054913157969639706 0.028519517102131388
50 0.035033805041814095 0.04136074576167408 0.011141816845140082 0.0843595164822277 0.05207017637331283 0.039551030035166246 0.00014707981792545248 0.04848320226794535 0.019912761765881554 0.0856343624564289 0.021971809541628622 0.050259110431391245 0.048177166488074796 0.070432512139945 0.05529517202935347 0.0815024098465663 0.07915500911262006 0.018207143714160712 0.09140171396441903 0.06590345588432442
51 0.08761981484254316 0.056381738445577374 0.015373280771145527 0.07594599342994592 0.022303893187536332 0.016259267010528586 0.027986380924386413 0.019751786767839292 0.012895150685780954 0.11269782735384522 0.09673232658995581 0.03485231936759427 0.08208311595919819 0.07757759585352225 0.09995799026902547 0.0008063578209841165 0.024279247717670885 0.05857700301589815 0.07650640391205202 0.0014125060749700404
52 0.07412713491803692 0.05708242042938287 0.06526328018039187 7.319164511490344e-05 0.08323693219326238 0.05931348476071448 0.0490674926222669 0.06119289596512374 0.05585670499718391 0.028930270625258835 0.08594669253922949 0.013534140744095932 0.07524944540762503 0.00933914168644383 0.060301885849172523 0.07411028298184097 0.01294688687491985 0.05228871229483302 0.005470173788865139 0.07666882949623749
53 0.08048389795404116 0.08064285072062573 0.05644859542185132 0.0085141709193765 0.06325328827818506 0.004834239369137393 0.07826659690468325 0.003663813100218456 0.04490822589101287 0.06931561100198023 0.018659733456161114 0.04406458933001142 0.019178074333109998 0.08042325751620306 0.052012990283231406 0.02878863847045718 0.06525105964960239 0.08388355021341573 0.06386207083792751 0.05354474634876826
54 0.003036113055445737 0.02102225708978413 0.019762761895508754 0.05594494026005789 0.07349924217056804 0.05608914599221468 0.06348881562547858 0.06368618648490054 0.0834997517202779 0.03687799011083495 0.08418887783594454 0.05336265276138978 0.026638491221398074 0.034651312943472685 0.05139809977736513 0.044149448767630176 0.06992996477257526 0.07716871307815064 0.0003903654537977109 0.08121486898320501
55 0.05267899549546537 0.052997807572146546 0.047392482218674696 0.023422794950653573 0.06511705399721125 0.08049486920211074 0.08384084246387627 0.06298421486121486 0.015937012401232457 0.03678252874046202 0.05531173817303792 0.08259528980138602 0.01209873968467057 0.005209524191594289 0.051998891689386637 0.076110066041282 0.059220656275193295 0.08077860139558758 0.03708356228179326 0.017944328563020768
56 0.0799406649986452 0.06894382406594822 0.013552544898147932 0.01955052334095051 0.010135312574478127 0.006563000623983024 0.02989387101502382 0.01890059854038201 0.08895273592106027 0.04021082866671509 0.05172379478903463 0.07535379384669069 0.11027713697254157 0.002570436054515654 0.02388757450115076 0.1103976673103173 0.05430224152540144 0.10800619853027264 0.041479697602003256 0.045357554222737746
57 0.04863096203917895 0.02685352418176548 0.038995874548985454 0.044618258205017344 0.018425133363643726 0.10787510975355556 0.10202969823312438 0.04522038941116858 0.08492814796889396 0.08929243746033087 0.003539588793301731 0.04367369122026027 0.010816626574184552 0.07579579331828422 0.020379421545056568 0.05889598203145504 0.033351288135469156 0.060722615176869436 0.058685392775710825 0.02727006526374397
58 0.001309355915110084 0.06168370896452914 0.05721328442023284 0.05856765315477462 0.11023931897281661 0.10793148527828024 0.0014505825915678454 0.03735075822135822 0.011737820250323633 0.0044719949511346 0.058104233042977176 0.10225990933339563 0.05441707340630547 0.026467436656241575 0.018165416989395104 0.07784683018581356 0.08644574625916067 0.08843159640483772 0.02891014296397045 0.006995652037774972
59 0.08895363361921574 0.053470165336716495 0.04858035649042346 0.08040503910114132 0.06685936356202729 0.04321732514454489 0.03155940696180352 0.029310945236306552 0.02433249140433366 0.08356671232716709 0.03795230244603507 0.0027064206438923376 0.044245221121858795 0.014290645458672297 0.0062818563705297524 0.03742386978242193 0.07993156486242148 0.0826525249345075 0.08374908202055363 0.060511073175427164
60 0.00027045391699734853 0.044870043081656076 0.04768736363412441 0.0639625617495879 0.10049945990430327 0.08521014527596683 0.07939306843671406 0.06298296383455802 0.10074922987185388 0.03717929610556408 0.04947869513544192 0.026321811496126696 0.009157948188571656 0.036804203701349375 0.058091559010245875 0.12784462724323614 0.005438193407485263 0.028044988380665214 0.008855750545548375 0.027157637080003582
61 0.03466933984631323 0.0948486967633676 0.06489836308757267 0.013908036067333799 0.07207656616137582 0.0984834550460526 0.08697536727410013 0.08742288290770148 0.009228333006339632 0.08141788807378439 0.04153351075913332 0.09463499962843898 0.04300047106561251 0.007730668677821738 0.01463794704203303 0.00034317121213566816 0.010740706640299838 0.06943397042338982 0.056276436516010137 0.017739189801183487
62 0.07434467570247934 0.01730598371372945 0.025889345040533432 0.05047531999117639 0.047441001622451746 0.0830821627227179 0.08211474583723886 0.07727078214825575 0.03766198494570824 0.02981425090302187 0.00879328115218696 0.021705314747201696 0.028716755956991528 0.07657342199511072 0.07754417002964183 0.0654172364520603 0.03235261129786081 0.013357214486390802 0.07800943505492534 0.07213030620031712
63 0.05792670696627262 0.058175521031948584 0.032506293144870815 0.022158787355746043 0.06582681638385347 0.04293257056324182 0.05150708225106556 0.04811956331131201 0.015585681799264482 0.018791485192460742 0.08513644827570985 0.0809722069905829 0.05170483045025591 0.08094846731511565 0.052438494625347325 0.06943206337899062 0.07138550545532449 0.025206708629304596 0.06009220173002434 0.009152565149308288
64 0.08784428357361948 0.028144296627539277 0.03819457309161491 0.07577847638680706 0.04638400302686384 0.014958697427215542 0.02427139026070153 0.035810624669163287 0.08979677571106802 0.05337949153707549 0.04231335136802952 0.016312635030985442 0.053518048207777176 0.07259129833669084 0.06331350449318754 0.06423297495302542 0.07495886709456615 0.027143106410005977 0.07134521764903878 0.01970838414502479
65 0.06822176564141332 0.020440416378040678 0.07845161901594196 0.04315857959183441 0.024618159324248035 0.041608221670604746 0.012178893757408934 0.046369311872577056 0.09301973565138671 0.009319182428768327 0.0746063754950258 0.06896234383780425 0.0948686587451127 0.05313108019541503 0.004117779711093612 0.061608994118229475 0.015661186098920445 0.005705733278428692 0.09695132855178394 0.0870006346359618
66 0.019576304498530827 0.07239754792681732 0.061005946487137926 0.06879125440786822 0.04162081094349641 0.07226442105698501 0.056323728520500334 0.01882372484569951 0.020243180862713386 0.0388345006156382 0.03617802086672992 0.020292290161133278 0.04438045714830331 0.040619874782984275 0.06499637660278375 0.062447609835374104 0.0684111973806166 0.06850717317351926 0.07026053492717901 0.05402504495598944
67 0.01131936717466148 0.046398961743972414 0.0021631747627236402 0.07801379989702123 0.03145805529641603 0.0011686745368048306 0.11438149119126996 0.027051101098157993 0.01164794806730326 0.021070923542647602 0.02257720203144054 0.08855208779970856 0.09182360452956352 0.0005335508870229277 0.14959220159264364 0.10314510617069082 0.048865597733722774 0.037744696012802885 0.09919302896259885 0.013299426968826836
68 0.04440974599032579 0.05810991518212879 0.04670947619385832 0.07782158676084987 0.02973258326702334 0.08866085567746626 0.014898566851433865 0.08384992349305435 0.01819459873178475 0.03420807729135533 0.0675796158078012 0.08575096969922111 0.07022125353230742 0.052823517193151925 0.02977252844037901 0.023065866309416 0.0448669242035204 0.038172384372345 0.0647012276315677 0.02645038337100983
69 0.010731987644409214 0.08668376285050912 0.08713475254069017 0.022900170854986086 0.05917813798425225 0.001002275706617831 0.01685510402148702 0.0200787223234858 0.07476939819580097 0.021677676983665666 0.02015327443902919 0.073250210930784 0.016876972541680874 0.06768656294599451 0.08942731434656062 0.08021372683148101 0.07416934619452192 0.007513935849835363 0.07317361541597728 0.09652305139823114
70 0.0629649129287539 0.050233010961742604 0.07159746004263498 0.07313038918957081 0.048531246945193375 0.04922400768657822 0.00047523787629704365 0.06003539097563786 0.06506390618110824 0.07762644788940652 0.011604764078700458 0.06153727723579423 0.018496720012705654 0.054558013417510105 0.022014244472486857 0.07759031744824155 0.05511129443949162 0.021184832019923744 0.0569137370711418 0.06210678912708051
71 0.09753839613313234 0.03801406080566621 0.06110024412971741 0.00787791762723819 0.013506087984553246 0.05876480958586812 0.025466182226077445 0.049331180273095986 0.026301904069476134 0.09087362738042808 0.03838296617074897 0.050366758109209375 0.09276659878483681 0.0764411168581937 0.005343685942745682 0.08005281348842479 0.05056354954775382 0.07377835414454736 0.04408680207420143 0.019442944664084836
72 0.023158480051073727 0.056902826024580626 0.07236682457407745 0.03142641797490457 0.04021034536676035 0.05477176801715914 0.015998099493535114 0.06924828244166803 0.05444490275072154 0.07525034892456933 0.07119260888434459 0.09286091438423207 0.02603187903516108 0.013925362209772172 0.08358096550749286 0.04894348678075929 0.002975901745657691 0.04368579126526559 0.06418901854180577 0.05883577602645905
73 0.08674837925886711 0.08858368465194677 0.06399449767781913 0.06113064484239519 0.060162332653207515 0.054262116654648106 0.020727760376651878 0.060277786168435085 0.04837201359380945 0.014864523059335093 0.05427343080357229 0.0035914354121184236 0.04896481515623934 0.029089694867573113 0.030966486417786942 0.1040870306166139 0.06447614086455379 0.02144855980509823 0.05295703846918673 0.031021628650141832
74 0.09214858604180225 0.021190005343570108 0.1199128200840177 0.05450251298154674 0.08234790096800643 0.016043514764211866 0.008330695833941294 0.01741748277261858 0.07710921321713365 0.013795450298671018 0.10720161665504108 0.011198790379145309 0.010354309193984654 0.11957664914063973 0.0853888401377489 0.025292496723798498 0.002243835364729777 0.06866465327345272 0.0021342153858726585 0.06514641144006693
75 0.010501170289553927 0.08312635303984565 0.016328511567834096 0.09584304076516223 0.0458595706833668 0.05732271855913544 0.08991099876161336 0.007586768182938978 0.031231756643158786 0.06018520203753162 0.03138581903665619 0.07548601540074128 0.10389910087411422 0.020597475835797848 0.01510664202393337 0.0754343713197052 0.009650240414810688 0.06421723341917458 0.10608616032551632 0.00024085081940935447
76 0.08454593776114834 0.04074416995451326 0.020017633425359144 0.046025960889803944 0.10504467630235452 0.007666167223980121 0.05777740613992723 0.06495407661084586 0.08659107524795731 0.021341761865308725 0.09539432060718421 0.009040687092535558 0.0332370162563819 0.0008216867158898765 0.0590310149275554 0.08548227890021128 0.038496481088630845 0.021406946250334208 0.03817596951913115 0.08420473322094713
77 0.0788267523289264 0.02349502098012303 0.01070658630696205 0.03514219191362545 0.07190263430390934 0.018886271424640357 0.09559710539662297 0.052951692765295495 0.07929001178132372 0.029777594985003358 0.07976120585516171 0.045285751387627346 0.09081258540078213 0.04088387283057411 0.07818016789365906 0.06354800253525289 0.007169634341649995 0.03559728782351693 0.04514991891489406 0.017035710830449476
78 0.00822918966846242 0.03581298428596737 0.08274319437140354 0.059497109243517136 0.05786613446751999 0.07156956208895482 0.04414481854252164 0.03398033874613147 0.023121712499799694 0.08814967001056684 0.04569287966426912 0.007373466840586479 0.019658467615359998 0.07611840034579283 0.07155567073273854 0.013149804577152435 0.021686154643614636 0.08002436258098417 0.07744319373964466 0.08218288533501229
79 0.05082635294633784 0.08364646750689447 0.06663628318817919 0.08829705175612163 0.013249178794165707 0.01599056692372474 0.04721930196687124 0.0811658094905485 0.07804723182522942 0.025725029704967504 0.017015928777303277 0.0970902172071932 0.09402787517744775 0.025496785363081146 0.06296514989691536 0.027733023700488843 0.05171604144849716 0.041130048677567935 0.026975722197337768 0.005045933451127241
80 0.06218530041346475 0.04946121780219903 0.047765745576065465 0.0874434584547271 0.0023646102824855346 0.04019491906349159 0.09609171622961453 0.05595863387279818 0.10049012166411835 0.057459062172101165 0.06586788628256042 0.05125033163534815 0.09789814513595478 0.004788084145912557 0.0018551604705911745 0.0020021548935675723 0.0682671550369489 0.04232421318571481 0.02886383675486285 0.03746824692747322
81 0.08018640760727401 0.017183887090881214 0.053923355271268944 0.0066569990477262095 0.09396138106815469 0.008845503547817815 0.0666341539639137 0.05463192065564439 0.054134260427038235 0.06288436457232342 0.05800327171871049 0.05321443598684875 0.055116842235832866 0.07180209383858166 0.02497505184269569 0.10184132301005032 0.02651320857568485 0.049519894985076626 0.020690028956699746 0.03928161559777631
82 0.06490179960010864 0.06114122490280202 0.09177434771457592 0.06699956261895668 0.0500712160979606 0.06887297094680318 0.06220041508700656 0.07581823655428716 0.015709303075357783 0.05899510280444272 0.029177579685636466 0.04237740866782879 0.0010106694591524626 0.07517527902327757 0.006669805913777931 0.07386132403399145 0.03771746444015581 0.07543961157366136 0.018111530392931754 0.02397514740728509
83 0.06692576812644976 0.024426060943897248 0.05580623775690758 0.049279388075852984 0.06132899684632393 0.07730056368868622 0.0057383538224797465 0.01919980257745662 0.07472475859638011 0.07611044316812302 0.04652886086333169 0.04275423795705507 0.0019207407971161888 0.060092464612855084 0.04010643022751966 0.06749050406325996 0.07180883783420866 0.031487711368576775 0.05295676307990455 0.07401307559361496
84 0.02415877686431133 0.11779068059062124 0.06402257344582811 0.01395478036703109 0.02954264103246336 0.03462354328077548 0.05471479150635655 0.07048534296587693 0.10539736563932989 0.02650172212096657 0.02661254479726646 0.11232049671078233 0.013875437939277804 0.04199887782596539 0.01183928444827306 0.011420587609753908 0.12103822491913045 0.020130984871508894 0.01946242202185884 0.08010892104262235
85 0.056695845182917225 0.04108066746341062 0.042940584017486794 0.1114356889388822 0.09006215060267624 0.033143993784701946 0.023119715716488416 0.022583640491496415 0.011574152677208203 0.05440594390368849 0.015583075923020114 0.10365210399025634 0.04177394575524053 0.058999197310825334 0.06723277908670348 0.05081830310909871 0.018430699859127268 0.03114815810062058 0.008126898889537817 0.11719245519661341
86 0.0061482448151667654 0.008646364619577702 0.012058860371792882 0.003598996914915363 0.11432359657131581 0.08982667881972903 0.04199838895376758 0.0878901872889052 0.03768714167994953 0.06646266953037162 0.09216640332913541 0.06686799614883071 0.029372211771507863 0.01126848965725214 0.04023254917138504 0.06670865281131019 0.033496280268669174 0.08206681690995628 0.07298864550483801 0.03619082486162352
87 0.06388164142229541 0.006360981815060496 0.006784497800561519 0.021281509622632918 0.05924770225605794 0.10690755870494359 0.04123604412772836 0.04158931754969903 0.08131332587914444 0.05489208245630397 0.08166184473492952 0.022201170577462705 0.1207806177225638 0.024298845825498093 0.08479736570326885 0.0334339948174957 0.01973698544965785 0.04944569057056571 0.05219929153869181 0.02794953142543825
88 0.09111897347507122 0.041051803761286566 0.024754164992800688 0.09343033588150998 0.009064754482227828 0.060037616367368506 0.10131964848684809 0.008586520395962579 0.027541904047737858 0.03359192302057874 0.0013315411868773245 0.028129595338373357 0.06478295000805602 0.03003352899297485 0.07466791799011442 0.04180828414388874 0.0632023510138785 0.08721026304916102 0.03756150745558074 0.080774415909703
89 0.052423385820599945 0.0819585591061288 0.06022815287387653 0.06315604482538789 0.07254645057033862 0.04130217274213263 0.09860553781620987 0.00387969729019692 0.05390940819276261 0.04549452306781741 0.037388509657633726 0.017451028901027447 0.04035401453210082 0.0924087607572243 0.036486860282338406 0.02355426411851197 0.08824600503161657 0.06600306945749562 0.023280132937876376 0.0013234220187235911
90 0.04261991709214672 0.08440806839862126 0.04598467372472057 0.06691255495406938 0.04773652648953521 0.0242865428597318 0.07817316387007137 0.029460604848331424 0.08879016199486299 0.0682217204611067 0.06929252139976204 0.05676169251060716 0.014538406504688869 0.07490440919421247 0.028937077336044024 0.011285235382441321 0.03567194883971628 0.05816445969030222 0.031651896439323646 0.042198418009704586
91 0.009922880272310716 0.0018509021608592788 0.06275799745531718 0.0588037747380694 0.018514828407062756 0.03667521876800908 0.06091866112312153 0.010627339153594883 0.013333961926523521 0.07161720679949869 0.07143509961033269 0.07566066624898962 0.07589809354227521 0.05713145533457048 0.060286886803595174 0.059899140179782775 0.08579791628439638 0.0633132810623025 0.07437828847930222 0.031176401650085856
92 0.05502686578923117 0.062418726824085786 0.04282419817481122 0.08065007637101675 0.08891061872633005 0.06066141416672211 0.06954061700173013 0.01666668201797018 0.051241813744156706 0.05224131726268127 0.01036987965567791 0.0072398602818270355 0.10413466389279115 0.0744420522597645 0.0010789180477217804 0.0906219327509646 0.03400445639268133 0.010115675491734399 0.033260267043603374 0.0545499641044986
93 0.012091605174643468 0.04645549437793587 0.07070376505196738 0.022716527770063975 0.018723006353271884 0.021060446471535613 0.022820899996597484 0.013280887522049374 0.038906213078958606 0.06586978202007021 0.07679185837475938 0.0976327548508318 0.08991280718049924 0.029869459052964186 0.07211411859302436 0.08616436232583936 0.012508941939442228 0.09885493206780098 0.028116002745717742 0.0754061350520266
94 0.01442981838543687 0.09062710578141253 0.026681563542877335 0.00767717949442234 0.041176125239049705 0.027942500807611834 0.0027372397989671544 0.07205173647464791 0.061878877394313185 0.027922023617319318 0.06450044950537573 0.05037827353341519 0.02801435340808356 0.06274587933487202 0.08540015235881361 0.06861377273559326 0.07969762951478843 0.08432804776317034 0.07829171001961859 0.024905561290211292
95 0.05243981554682793 0.028259400736577747 0.1019906592171953 0.011943635571956344 0.03308493015940183 0.0066918350453040905 0.01801999553953076 0.015269659755243135 0.0106496772488593 0.11261603998721187 0.10610084642802332 0.095478750726061 0.09750784293694709 0.014256642635820977 0.03207888678255148 0.047347004769941727 0.037506014187441365 0.023969258496200473 0.061126760442828366 0.09366234378607587
96 0.047619503019291055 0.0544883198681662 0.06596067945978999 0.07631721143606457 0.019965572024085627 0.0964691295397549 0.012197060783915309 0.005446585641006959 0.02467585703102722 0.08127924750685193 0.08730729250419131 0.06375899758622995 0.009311508335309606 0.038001081708074036 0.08659323635460375 0.09633586417155936 0.02649034779844138 0.053028590644077174 0.036303494753192736 0.01845041983436711
