0 0.06188340932221826 0.05941148039916286 0.07617503581345941 0.06491110108961626 0.025604043004408418 0.07504526635014835 0.01981090101602941 0.07742252106621975 0.01650486232850592 0.0003471370656152047 0.062088792640392285 0.06260130643074295 0.04875474765434938 0.052927337436465584 0.04323216555262269 0.042648803063011276 0.0127950350217028 0.061429067544692184 0.06725353295318115 0.06915345424745585
1 0.06168843251461844 0.05830794291117393 0.07629872558910283 0.04701086127025895 0.036725742661182365 0.03712780657510276 0.04131406664452597 0.05915378798670224 0.011377404557806108 0.03396869937234488 0.070933694229383 0.010973242929392286 0.0740315418611186 0.023637369925808588 0.02543727604491421 0.04758042448681454 0.07232194537623801 0.07244543392560894 0.06723557429045993 0.07243002684744347
2 0.06349239717385188 0.0532818108024465 0.10593520788565575 0.02252919123095468 0.10093850477908611 0.0803592875211273 0.008076154547027172 0.06600624011107124 0.026644647863258358 0.025983845294017503 0.09753264623131722 0.030070174314078005 0.0294719011505573 0.04226863105682987 0.0457228362672857 0.07209079912669988 0.008633498225613587 0.04641342765955855 0.020822176572196805 0.053726622187366395
3 0.0598662836675728 0.052099791733137515 0.09262780676062646 0.003221284623110332 0.04705648425815451 0.04679049784196253 0.08066866452685033 0.04049936096324543 0.055659993155638104 0.006456107568425358 0.05612737891907537 0.11593726085868901 0.028970215201811905 0.06648982741158135 0.10371661709787759 0.09586776986108661 0.011707150213675504 0.014426378401701048 0.016783954648744406 0.005027172287033801
4 0.09607658292262446 0.02309007940099568 0.048432278655116005 0.08455852125697978 0.04052055298335285 0.042978710145163135 0.007873214809234245 0.06395616252498527 0.044077864925199176 0.024465623997195415 0.04769794003406247 0.08651783960365929 0.00793837029858315 0.08663292707326768 0.05128860794653424 0.034731939039116484 0.03801691076644169 0.07043308391849937 0.009271479493208603 0.09144131020578106
5 0.009488901539464396 0.07661936795889411 0.031156805924905783 0.004635833045081635 0.06317229848590633 0.056904054795677735 0.055389343439436536 0.06581837932330489 0.054676255353340114 0.03096951611923992 0.09723888166798103 0.006886433500087849 0.08855662053922583 0.0643588186607205 0.09369303014505341 0.09294756984580486 0.01407678259565688 0.025985028340170458 0.050601201296456455 0.01682487742359141
6 0.02254802345254161 0.038891001025684435 0.0335313995584252 0.05683435845478605 0.04221859495910327 0.032731149446441496 0.063084683674779 0.08430536099213515 0.03675734928379022 0.06055009679371969 0.05264662063907636 0.07583389077086289 0.04272251041176845 0.03316159951566469 0.021943972674921583 0.025966841532395545 0.09580356997278977 0.06706468742236427 0.047559448479140856 0.06584484093960956
7 0.08302915550378637 0.040623338820239836 0.06592519883991933 0.014248726087806876 0.05770483791834474 0.05292697495212268 0.03358620691334335 0.014261613828757397 0.08381098051368374 0.07854965597863027 0.05818303513674289 0.03943215666047407 0.04301029166543488 0.07447547246869368 0.08302928434630728 0.05172992322784549 0.02798027334152287 0.02646216921566829 0.01649150695158592 0.05453919762909014
8 0.072371019839353 0.010158867830633184 0.04279272391346758 0.061804229619823486 0.08199659390981913 0.07720169533799352 0.007496768690186312 0.0360240350071518 0.028231566971787008 0.05109579061180237 0.036275209712239805 0.09196186337667825 0.07264161163321517 0.004405728065013343 0.08191355251501867 0.040773342997588224 0.04252049691180579 0.057077055618388516 0.07931414968406962 0.023943697753965102
9 0.006438589988147225 0.04368056655436185 0.09095884131394502 0.06646695704522637 0.0752011164132819 0.01986673852871933 0.0037353515511897393 0.0008826129375094187 0.03786086532580985 0.0872477283833769 0.0748544676931591 0.0004156702876863257 0.03496670432949905 0.11442540551327679 0.023739161345742672 0.06516914509466715 0.007474157203158468 0.12366610729632065 0.10609209655047255 0.016857716644449704
10 0.018217436406140926 0.023646574307447234 0.051665637802734705 0.06446819622200385 0.09523511292157226 0.058369262471986046 0.006141452465381479 0.05719629381418696 0.06290978969400388 0.05893506888620352 0.0058428097927965385 0.006465165776173956 0.08362875986823165 0.07823935907287514 0.02875628783802257 0.06040943941360662 0.06176665388479234 0.06903906987951113 0.022389442636151228 0.08667818684617801
11 0.09462121815880421 0.031141577975086484 0.103840974537961 0.033984434720783024 0.08530578910951273 0.021039673581379537 0.033471061801903894 0.08494906316755237 0.004373227463245118 0.037587404457605236 0.009096366548466678 0.010350433122154662 0.04673583884894478 0.10371620326778859 0.06952475397162025 0.07858960295741142 0.03155151668679805 0.002645828227027877 0.04474830011763615 0.07272673127831814
12 0.004014813864466822 0.0020012219645219333 0.07610285749598969 0.08931169285872832 0.021383373193193306 0.00658144263326511 0.08328579254386649 0.015158206432057115 0.09145005932689043 0.06191356063484772 0.05252436061298311 0.09030358175530406 0.012575889340228557 0.04472050354653913 0.06565518387662235 0.005604229216251004 0.0926573125498787 0.0255720488620252 0.08440206009599996 0.07478180919634086
13 0.019138621072812743 0.078053281826132 0.05742711118165024 0.06634215901223815 0.09013284722289942 0.05338355119562632 0.004417127776977636 0.06269886590509885 0.09170493084281085 0.07895423785919653 0.03157854963882968 0.026551908536648686 0.03321568589273787 0.020571393119391206 0.05431600418572956 0.07547099038329783 0.02130899301898293 0.04561884906148249 0.01626445893365374 0.07285043333380338
14 0.013236996517540239 0.026804874340844408 0.06411930013121732 0.06419165785311014 0.07132938771250874 0.008589849125530465 0.0902146881791782 0.06518184785457201 0.03581402795507887 0.072849761870663 0.08185078906775606 0.0987216329241235 0.05419379775344783 0.016893379626105383 0.04091718776923551 0.005096739383020414 0.06594338898961527 0.007943654944317095 0.07328510739511972 0.04282193060701597
15 0.038524148812162574 0.05620198478557062 0.009035714232062909 0.07812025847354775 0.05380799287839084 0.00491353450483418 0.07718660613478269 0.02244002796037195 0.05215234067881718 0.06793155526184498 0.06537272021992958 0.06858341504639598 0.04696324249876721 0.05028498791749272 0.04458316339127498 0.050027561150352784 0.04900767332630106 0.05325389860650891 0.04834564733154556 0.0632635267890456
16 0.0572989717067256 0.056546837914907166 0.060012729432025624 0.0204985718293194 0.09217188645659065 0.0010092742019778007 0.09970856937693452 0.0021387454618404704 0.023740821334417257 0.0752379389165151 0.04628359029484449 0.034712879761123416 0.07018112814365247 0.012643484605241617 0.04689286795514882 0.0661511945554647 0.07705002242913736 0.07287034775097002 0.06769677619347451 0.017153361679688776
17 0.09614973311234631 0.08547810270042187 0.11393949116180002 0.01667252125244831 0.06752845909855432 0.06238794815334207 0.02595263226867326 0.0047376518658103035 0.02882247767441415 0.003071102663299143 0.016392669142877497 0.04004612400227101 0.0718487513006539 0.04015685579045854 0.08742180036276388 0.0740614566321475 0.007818078610588697 0.11577437239986661 0.009139536887276993 0.0326002349199856
18 0.09408483515342196 0.007732514980875092 0.04119993574914653 0.04537288346565432 0.01889028489444948 0.09417965592984394 0.10101522397924338 0.0372980224771032 0.08948752679121508 0.018228139433863033 0.041731502516594465 0.06926211517796081 0.025963421213642167 0.10550547565288898 0.017875751517996613 0.02517660445034908 0.02089754916134825 0.022496782189426346 0.03683116424106158 0.08677061102391544
19 0.07460526315916502 0.12443391765109893 0.004981124361710159 0.041811423680571246 0.04162804427710186 0.09806847750735502 0.03146054469700355 0.06704180852029207 0.07194003923136885 0.0334411705568977 0.04718995710450971 0.029264098668388472 0.02617518584156804 0.0996757961344293 0.04057172992426874 0.053489857015760846 0.015685476634476787 0.01672873763936098 0.024292666354261465 0.05751468104041125
20 0.06712186140764652 0.06236813852022959 0.026698235368765783 0.09492548503232973 0.07117959517659396 0.012608204259424589 0.09047477853222037 0.05946641641020616 0.01619516997429757 0.0944567489325704 0.0013919087147091723 0.04137718267021867 0.07419730737796339 0.08538282440273541 0.02625942915741581 0.09228366032301781 0.001461020759524559 0.020094102224907852 0.03431126999707725 0.027746660758145206
21 0.013278207926253163 0.04623832853777758 0.02249199214795576 0.06426078357707182 0.05781115797085255 0.08985738894964083 0.029904811333079557 0.0899516524916944 0.07976065954460543 0.08567288996256028 0.007925895895460769 0.03703893107010383 0.09389148018525395 0.04498431302857209 0.04827271711056013 0.05884450935003555 0.0543831618897852 0.03328936188580777 0.013192150678879425 0.028949606464049715
22 0.02291317671651405 0.064063691427666 0.05264070537101999 0.05132677222264738 0.025421234735622387 0.05096028214572244 0.09139412240287308 0.019738497890148397 0.038077738170997306 0.07371845353566348 0.04823547350275212 0.04597259360727867 0.08700260257408955 0.06992150733993482 0.017160588378304177 0.05617816814635685 0.08040086260613474 0.05469766769443405 0.025569913487388834 0.024605948044451917
23 0.0861546660159823 0.028061463347673506 0.017304364183528258 0.024121309508010016 0.0404401402780402 0.08580312429580987 0.06113021760421463 0.040254811878397787 0.024894497759916447 0.005156050636327025 0.02613339401121676 0.04920699047920841 0.03553625012877849 0.05728136752213894 0.09583032159655688 0.08659040158887783 0.021634947579354944 0.045795443354597294 0.07436024935806158 0.09430998887330874
24 0.07599432516917207 0.03137542476214892 0.03783279619165615 0.013306147917545214 0.06840492063266544 0.05719627770331119 0.013921901543825386 0.03412314259003546 0.0960542700777977 0.00027307637949243983 0.0276549792410823 0.036372402751689646 0.021745867268527647 0.017058676785002905 0.07306177811242011 0.08739702101605161 0.0967286320605993 0.036100376827952294 0.0842352643308004 0.09116271863822381
25 0.0014264019435511702 0.0476867494522109 0.10227812595890028 0.012017540807556468 0.09544707391242124 0.0066804233600012055 0.002547738989424793 0.0893437295875094 0.005312517494191629 0.016626946625170686 0.07295317339076543 0.061394040869806855 0.05611466337172494 0.011625186285756784 0.09554628105040616 0.056785527022425585 0.10509126017641814 0.10001250066124187 0.028665367977451502 0.03244475106306498
26 0.04562457338110436 0.05511675531160036 0.021379939146814658 0.03240399604841987 0.05144764599118759 0.05578701884392993 0.10803596530399176 0.003778297768067694 0.10668754124686113 0.07610318043205541 0.03512042315924026 0.09299431892634294 0.07041001945869034 0.03258532426775951 0.012935138093543542 0.01817585506852203 0.07989460742117187 0.0632873410093603 0.009322072199598467 0.028909986921738084
27 0.016541563089506533 0.012266320375150108 0.051618042382436044 0.060039006106927244 0.022192119228060463 0.06696189070551958 0.042720505108523814 0.06899241677306538 0.014725519521852087 0.03859765700066851 0.07587550060129798 0.04983652526028978 0.09480675139945188 0.06225743777443086 0.04656650179115573 0.06243623220553391 0.012905540604643684 0.09493043155245412 0.05469219487825946 0.05103784364077272
28 0.09125230687819803 0.010994589360994796 0.061528164529979286 0.061900134173132094 0.07153571098368465 0.06947106101815537 0.04743867731950566 0.0611486258219582 0.05712425956048999 0.033913349502472 0.0752526858370666 0.07041580126762916 0.029239108442836906 0.02678963823231532 0.023668966853895437 0.06824223702496632 0.024103303093679845 0.055823596451899396 0.050470808555352104 0.009686975091788792
29 0.056923099956490156 0.033165464286966394 0.1057649885723709 0.008988713297544545 0.019086881473042452 0.036195173445610615 0.06933838486123829 0.052377808655753186 0.03873882549216731 0.06940598973743106 0.08002318955095153 0.07051233212952455 0.08383936796725619 0.04768449172966869 0.010496540111640838 0.03919302134136179 0.0003085691661821467 0.014413572495108759 0.07220559919191259 0.09133798653777805
30 0.0676734778101859 0.0522045942995363 0.055173116624792504 0.0045807555664947805 0.0016960981010028344 0.08169167501432449 0.050414053841892945 0.08720073165519601 0.0522828671044844 0.07752995989715387 0.0697323817460353 0.03838776547851199 0.06796617178932916 0.0009398073824162938 0.02501996098848125 0.06360583937298982 0.033575137764229705 0.030597456318446823 0.04272551835948345 0.09700263088501226
31 0.027063653918024618 0.0069065762976994296 0.06509790118015372 0.10208844775853342 0.08622552983412016 0.036965217138919426 0.023707070563248393 0.0955905318088206 0.07881897351104293 0.003912943670084709 0.05954954286695052 0.07301643361240608 0.053170165661337 0.07713161113275178 0.029887329938485346 0.06844619899233677 0.05244905167735676 0.031178187084881202 0.0019141708038442036 0.026880462549003017
32 0.04072155639254324 0.025902416075879012 0.024652942077670704 0.0995302915645269 0.02224297936609289 0.013686446057116572 0.007791159744223967 0.0669603987607834 0.005535307813890484 0.06973545527049299 0.10252369559611232 0.06169425989179092 0.028981771298995155 0.02276548574532897 0.10231845150376029 0.10997134053707039 0.04883237551829415 0.08961973896150101 0.004189672715540675 0.052344255108385786
33 0.055163615055479134 0.039421655190284385 0.07052390457035204 0.07632142381430285 0.014000951805912642 0.047091420445233456 0.034677174001185494 0.005778652172239093 0.06717035152305578 0.06615344766758936 0.01885164673287698 0.06804943151963228 0.04688147848741085 0.08628232191297273 0.04865679311394519 0.04981192368934069 0.03299185427590776 0.06957776219877411 0.017961077264663883 0.08463311455884147
34 0.09345669066512044 0.05124082169650671 0.05732396389065746 0.06188412933782247 0.029192110913646648 0.02462460165240915 0.025005766596353316 0.01039828851484538 0.07425415843454611 0.0008047923953461478 0.0751749267628953 0.040789216847539216 0.026179374821786578 0.08046384607036483 0.04808308259358679 0.07933017516076735 0.07735202708798716 0.08201147448431029 0.031990915686833286 0.030439636386675423
35 0.05200402093609008 0.09502847017613383 0.02773693382713065 0.041494221109791375 0.006587401305953238 0.01862841645270183 0.027325083018171086 0.09280708706955594 0.0402457236897753 0.0926944697754347 0.07191844443814707 0.05729059497147434 0.04025820914841852 0.04853500021065413 0.05297848203759938 0.053506441999576236 0.09236513096499477 0.037399339526170784 0.0034341030324529813 0.04776242630977372
36 0.006532495945508396 0.0740681164786624 0.10058388606643097 0.011107498749148442 0.02955300008708696 0.0886106327569683 0.037529030093165494 0.06324183762432499 0.027957472689763573 0.0333238283724139 0.1100420131965199 0.02913937720905287 0.09453685491995645 0.016836383122403493 0.07838511660382137 0.024236259194114818 0.013194952236167904 0.0348252475512993 0.02167849563272191 0.1046175014704684
37 0.009173908273720433 0.013500186311280651 0.02058167199810858 0.08461756932030153 0.005231204049798873 0.05459296863098269 0.07722287189462367 0.009393955611879818 0.07577536394204229 0.058568570738655304 0.0614568931756856 0.08135364443596738 0.0271503400890752 0.05754824603448345 0.05278901090994964 0.0780612508767808 0.08502837682598874 0.0445653587343124 0.07713635252705761 0.026252255619305193
38 0.0419656985822327 0.06758053027174593 0.042060038352127516 0.05672809736981625 0.07522934603414659 0.051761556734005565 0.07493202041623118 0.035865681190267416 0.0032623154818573587 0.07783025342544028 0.07118027172422596 0.07322013720796268 0.07753222996482854 0.00800456262475553 0.047700410675221315 0.01702090302262686 0.02573372238751955 0.033349285253192994 0.06837094696126171 0.05067199232053417
39 0.041366103644259626 0.023400586810606895 0.06491857687321503 0.07731123189930501 0.029437908594264196 0.04197356108212112 0.04465990791415698 0.02831341837104604 0.07418999333885694 0.08346994216264329 0.03358732998516786 0.0164311535257937 0.07369815832644956 0.06152642646083428 0.07925437045707748 0.06246439032038643 0.0704647582080052 0.009378314459471532 0.026301241701758175 0.05785262586458057
40 0.0892143225527075 0.09670260444099771 0.1044994149475483 0.013479600971861558 0.08931901067444059 0.07363709776056117 0.073734490894281 0.008076808915164477 0.07250228880323273 0.013957865047510266 0.015765657419204212 0.04591930063522328 0.020006210512681144 0.04547177423483861 0.009638369218729263 0.05984047305284015 0.013151864181284128 0.05083452762311995 0.10051325754778223 0.003735060565991703
41 0.019556630728735883 0.032879631432970804 0.025367265839049247 0.034021095634818886 0.0856461100387955 0.06775483920042964 0.09508645071015417 0.06695682634882942 0.010284260580433352 0.05514246038740199 0.0372826011801544 0.011724542975223351 0.026731446051812796 0.04058675961395966 0.09585965841506104 0.09420792497690654 0.06817847918669484 0.0183396655191711 0.08950330162944896 0.024890049549948334
42 0.05259696807384386 0.08337414710765109 0.01934586362885579 0.022349535042528245 0.02431896157124366 0.030164195795411106 0.01531319309542714 0.031932032234950336 0.02057911541490692 0.09512660708358421 0.026757923067982647 0.05839646586556159 0.06096477547768279 0.08727737017602526 0.03910965236834221 0.0739722773179413 0.09172526166013752 0.09986500180766314 0.0642884541751256 0.0025421990351354997
43 0.08773696223809387 0.01402816025171415 0.05287057404343508 0.0853936020685145 0.003998569520171219 0.05678851852409679 0.061099662417082895 0.06319344388451265 0.04527293944115686 0.07959272866125161 0.005986433618266906 0.04912614084667397 0.049887303148005685 0.05841768897253585 0.055882140759451165 0.06952404853853644 0.0615301192378303 0.003534879964915048 0.07026848938000507 0.025867594483750082
44 0.10084606628892222 0.016141828270828155 0.04293578876868158 0.05304992020311238 0.012806628255404106 0.07455913794704837 0.08151537948928152 0.07974136788901373 0.08070595591615302 0.009002420371188532 0.02342369602468479 0.044326167027779556 0.019375735764623807 0.08654462169490797 0.0009692376132791911 0.021001002304099944 0.0015024625603477129 0.08619564446453068 0.08187966939358413 0.08347726975252871
45 0.01846311728706095 0.026222442398542913 0.010101896330291972 0.01281479284395943 0.0698688391751286 0.027320845259799376 0.08344774827671056 0.06546162295124915 0.03688135269697953 0.03164961377013831 0.009304622302604423 0.07370457236904972 0.08775137186097302 0.09703974218580186 0.0005375557238774739 0.08377986112962862 0.07475691744940499 0.08139711807436298 0.10188729615043429 0.007608671764001615
46 0.08013748357228566 0.06749880564497045 0.022640610416933753 0.06516595451719147 0.022304226111506276 0.0658525541149479 0.06842554099522251 0.033840419363312065 0.047801198763058286 0.07173547915883893 0.0645204413542343 0.05148742252839241 0.04206880008178797 0.03481947250926654 0.07206112546127266 0.02661661443034994 0.05035727223304038 0.022710979619874953 0.013554598590557531 0.07640100053295576
47 0.000326331808109509 0.04803737138145432 0.08707451281265925 0.027453477403202756 0.03402181514222822 0.07277050269439868 0.036927147921185385 0.012206591671183174 0.030912100843239625 0.08149340071442908 0.10419984287404023 0.0004854305576385528 0.08876394929621462 0.03163092276817606 0.024748884369233108 0.06194138823825074 0.06319198503765712 0.03439688235241835 0.09449134406463856 0.06492611804964261
48 0.08016247063699158 0.03284789823971483 0.07538221039117668 0.061265838260071113 0.05099749855018179 0.050755676056250885 0.08912407712647336 0.05198227040516856 0.012510387356482003 0.05170184442351519 0.04228309391923925 0.052193456988499407 0.018988976064791635 0.04776616636884493 0.09006158736878718 0.026625610991384448 0.060973412557134926 0.01769638937054794 0.023699287603341564 0.06298184732140266
49 0.08307525337911863 0.08372730141313696 0.025626800546306044 0.07747789867135263 0.008213980909954031 0.04537680674719309 0.07448199276892357 0.09500639472699408 0.04389069947770979 0.05763626233297538 0.056430869064329946 0.021592367929646743 0.08755580114317295 0.031171420243827352 0.042181097599223595 0.007745836086731067 0.03797721501732723 0.06939832203165858 0.028092048689364834 0.023341631221053514
50 0.024315625664637103 0.0005865930269733638 0.0824859539996643 0.008757656762749675 0.034297392305081636 0.06040384317824718 0.08744497832022256 0.011299290579769777 0.012471592989562583 0.025353429230889273 0.08308748843433283 0.015131408153242957 0.031002756431531314 0.05192109795095339 0.09950418101080438 0.09453873268774964 0.07041198921163679 0.08150069586211582 0.028718482667664625 0.09676681153217073
51 0.07760565736741949 0.0361466511278395 0.08467591360924824 0.051194793180727005 0.017566843424060907 0.049747289901198956 0.0471281152907951 0.08291275052130027 0.07714880480609021 0.08519257554283295 0.0626005983303978 0.053928635972607206 0.053845123716107265 0.08378662522394252 0.06163246037588894 0.01270459430619077 0.0012499951123666265 0.008767877704405314 0.02741038196267842 0.02475431252390226
52 0.08607695590900183 0.009207146505134921 0.043690821402515484 0.04425671793656057 0.08867206130890345 0.0035804883732730134 0.05928545617106758 0.02417539950555223 0.050179380878647865 0.08588535516399975 0.07792891910760534 0.0518321567164724 0.024037471739097534 0.05868797915181252 0.08232168645416046 0.05328153444468581 0.060100141434480746 0.006895631886903451 0.020143898386508957 0.06976079752361591
53 0.038538392812070485 0.014981627544003027 0.05988989198938345 0.0906016000023394 0.060220776804038395 0.08684877534823426 0.04293182684576045 0.06085247939859234 0.032575099228311186 0.05651981199599979 0.05261297917414037 0.03787106402377553 0.07589884157050053 0.04681558437687805 0.08075491270283312 0.017521519528868004 0.003902216217622874 0.07506276579552419 0.028263266250125478 0.037336568390998914
54 0.07670977570363278 0.0947930008432897 0.03478018966488404 0.10025487600183414 0.05718642358106108 0.07648250367511601 0.013300463854433302 0.012957561467966498 0.010234878815381192 0.07392970518478764 0.08730773206538994 0.06262666440034996 0.048850236732370336 0.012129421960917482 0.01319724959875662 0.07692259742832602 0.07346680969571986 0.03613473971335912 0.013930652267206835 0.024804517345217596
55 0.0012790022219301394 0.05858155885517208 0.0781684810603435 0.051259599309323854 0.09284909049840218 0.08222725051165793 0.07896366788232281 0.01724826499166095 0.04877894370468918 0.034247931654038104 0.06747160787215824 0.07873957852659266 0.007234520019432584 0.057816677859597806 0.0008273041575538403 0.09409742540545446 0.022191638390316782 0.042385012850851174 0.023123977522403753 0.06250846670609801
56 0.01068660157358432 0.03429945229171084 0.010027796876661513 0.040806184583510256 0.08713551518622616 0.017061184521110294 0.08621789652515463 0.0003633073482922525 0.039512158201669 0.017264531547555168 0.0844886151528177 0.07530401969582869 0.021030907106251447 0.06943964075212442 0.05954773685485662 0.08583361958956263 0.04350642093724647 0.08921955344256513 0.05754219301692101 0.07071266479635147
57 0.03433838434156898 0.06551688014363956 0.035057128425456587 0.00993187522850892 0.0434353525767533 0.008405741247409159 0.07140840036130135 0.08867149010831189 0.005900210884563329 0.052595455569190805 0.03899205300465712 0.06357163280438102 0.030318033867170087 0.07349323413696046 0.09472781608751635 0.026309120526685045 0.08618648403525045 0.09085638785712814 0.06190358967201971 0.01838072912152779
58 0.0622409950131609 0.10300487038582418 0.08156609330457744 0.042222337029457636 0.04635192174784072 0.018978741988821837 0.019958392144708126 0.06427009218392327 0.01818821437342153 0.058370245887160686 0.030398200008537914 0.02015057390107564 0.040316654506388716 0.024108108644712536 0.06067278465874218 0.056533969436708034 0.038493931166053916 0.08571263705926879 0.10164272953572873 0.02681850702388734
59 0.006679121279968753 0.042485879525288074 0.04133885418057688 0.07321985378946864 0.005759061560710351 0.01595321081273209 0.09829554678908581 0.08112078389755915 0.06702794263145682 0.07873077996502484 0.02875243104878902 0.027992622810080928 0.08225597069244849 0.010454196804859742 0.08057351081209566 0.10142180377774354 0.07145598894978934 0.0548459161306998 0.016759537134606105 0.014876987407015948
60 0.07033791655704523 0.013821131703927294 0.08449535500532422 0.07708013514704078 0.0630363321672344 0.07999244969635673 0.05373146333468741 0.07290593140703917 0.04996455982729935 0.05366687699480322 0.08010799339849184 0.01989865581086956 0.022676619420626473 0.08253530995100056 0.04244225143334395 0.08767095379515064 0.011440478742845709 0.003408201608571548 0.004956025395160495 0.025831358603181497
61 0.049573180968066996 0.01698838986782426 0.05721749988279399 0.03983083888763112 0.04556117156019402 0.04650364581900074 0.04057414381059333 0.0362944448897579 0.020453900038609973 0.06156168761599023 0.041595824600342134 0.08546492434446601 0.026886460601552725 0.08607268811615654 0.03759587677323175 0.08371052069803922 0.03638234902774344 0.09587907523905222 0.044352473654648276 0.047500903604305214
62 0.028709938092296064 0.04420035933396168 0.00020508861904326391 0.06301619155787894 0.050053593964787556 0.0748766161218445 0.03456764382513837 0.07503531083887456 0.04223512139500309 0.06303162186051617 0.07891894352824659 0.058242684594851706 0.005747392346824312 0.0706523383158086 0.08442227702664136 0.053722478580922065 0.08303240763193018 0.035647704970826616 0.013313192351061133 0.040369095043543336
63 0.01871616726896684 0.019741350050092425 0.12280748581647007 0.04025239053979236 0.09856263108869526 0.017141594556213533 0.0685252719523554 0.030592593059889643 0.11275678751589469 0.08731126199186151 0.006288895668063521 0.12172888667339005 0.012195476922129753 0.04525351400444287 0.040783372761279926 0.027556838065918875 0.02885569808642118 0.05396555688932874 0.046232325584546256 0.000731901504246861
64 0.03276957268631273 0.07426692239809628 0.05086695696177484 0.06613056972506848 0.0794935731952001 0.009513885116262541 0.01608561588674713 0.06311600809365356 0.07135309995504882 0.0416218368194653 0.06184388626161154 0.07441932654394307 0.030647808847642247 0.024345292733995293 0.0569692406908244 0.04736165568214841 0.07091134152533561 0.03966986321372922 0.056317592934186124 0.0322959507289541
65 0.06483725561412702 0.028103953949934667 0.08647564314085637 0.018022252814724662 0.035148708314874454 0.020528716345359216 0.06636377279769333 0.0794923429298642 0.007455156570263411 0.07960940106745827 0.0517626796712267 0.039129372934198485 0.09240359385986269 0.08778486174989313 0.027042032141236683 0.0020256172848666155 0.09334056718237206 0.04459234063778441 0.025442427587023725 0.050439303406379817
66 0.09239429033441116 0.0851993732833272 0.04109925905662078 0.07787286040018851 0.05800594902456404 0.06628670303458598 0.0947405648273097 0.05915806827212838 0.015300869750130296 0.04470471277843887 0.03749974296724246 0.03602217813536158 0.014597324325056895 0.010590264202614885 0.06328110151087347 0.05148386116286244 0.022414547719949638 0.01681938268100823 0.04867416006587393 0.06385478646745162
67 0.016346907445886377 0.06202103378807219 0.07587510151676878 0.07269088065341936 0.0643077026844625 0.055740455618900904 0.043005870264470406 0.08505380474178946 0.022062829560881243 0.03499592124536707 0.07009462643179956 0.015508280549845595 0.08487109257835858 0.022898412818894716 0.08741550659183547 0.014246730655820767 0.030039876253133715 0.018417751950977102 0.04155008598764459 0.08285712866167154
68 0.007196830152243555 0.04256068273579356 0.08243650801983761 0.051769996217810046 0.06657958792949008 0.0016249814098194405 0.011647366982239964 0.049683594832681456 0.05795385149759919 0.080842901182672 0.045414637229977774 0.058186865882467215 0.07100866905386229 0.06017681767844008 0.04400725434108852 0.07597943949375163 0.05485836667249474 0.037598570824365345 0.08306035614611777 0.01741272171724781
69 0.01878688654271403 0.019125040439189167 0.010595402935596045 0.06694460820421594 0.09088917525123912 0.02816228001185233 0.11945414818982594 0.11511929083737643 0.0236561482872372 0.07835948472686395 0.014753750292172012 0.06609045120748704 0.01630349257149904 0.12060257182347978 0.04369870601177532 0.02224976625483268 0.0212060860762229 0.0504177490679427 0.02665348504335243 0.04693147622512614
70 0.06885611511555899 0.06338741590061298 0.06463085033634343 0.060749164581458494 0.013745024220514206 0.027118441848220362 0.05868971541107635 0.07332038988264017 0.048748835797225276 0.03174540905489845 0.07485527575199608 0.07476446612635647 0.05563435853767778 0.05610212025170495 0.011444556174457684 0.003292492081749301 0.07530232791200152 0.03874032148222703 0.06601929349663481 0.032853426036645574
71 0.05769591481590604 0.07233928173729848 0.05047939388559985 0.07436361279528589 0.09816361504486341 0.079953131927006 0.007609143797600394 0.022731773168329132 0.09947818629916376 0.040672715868388575 0.05244812585991858 0.004267883744421674 0.09194184085794391 0.062191422753218914 0.024409752353686875 0.0022781580033470663 0.045354457576268985 0.0726994653694381 0.03887124400080294 0.0020508801415115986
72 0.05621205947682482 0.07687356870216824 0.0031978159072898614 0.058827184974236404 0.06317204385232876 0.0838312955035081 0.05943582846455448 0.015180855931906632 0.05784121157087517 0.084192416488755 0.0014130532053606075 0.04807333132136393 0.09240563909010446 0.024096439576625724 0.04396000974842615 0.03621850689597171 0.06877990935832683 0.07525072269579519 0.0009460833354447925 0.05009202390013293
73 0.007128767690275501 0.10913294650874579 0.05263960295486725 0.08342547498089205 0.07608041151967737 0.04040402293949697 0.0014985985750487368 0.08636599966859938 0.05002136128787158 0.10474562778965608 0.01709228818371362 0.01611646285143754 0.06729284270958408 0.030635758489928732 0.04661172350754894 0.06356023723506271 0.08947443696028991 0.05364040435765332 0.0014629140138320141 0.002670117775818514
74 0.06654619431551465 0.06459705873501109 0.05519377511962888 0.06534412206812369 0.055870100912261515 0.08729788299094976 0.09124986670754463 0.015767164552720016 0.03637569661343483 0.03050261159215985 0.0017962062304061309 0.07356619265538997 0.0022150798914287325 0.06482103831014072 0.03484212362780569 0.018716604616653088 0.08678544620186217 0.052832019600540174 0.03711841129742726 0.058562403960997156
75 0.09296934034820492 0.06287849068577132 0.007360222430794684 0.024086530119160423 0.01588948329219837 0.08761532221716561 0.022463950256646294 0.07319768719645235 0.015227925679027365 0.07572616714360068 0.07786144515532986 0.0567600635991327 0.09236838035583443 0.0580337003682133 0.037135340848698815 0.007818899791729969 0.07763541832321588 0.05809854554690772 0.04210490099322982 0.01476818564868542
76 0.05810724671238538 0.045062015644152575 0.041995782709681094 0.09349427485404138 0.05196172516119609 0.03701783849770676 0.05402393180651085 0.036608063472586806 0.07136613733118544 0.05586141971252964 0.0074267024320489455 0.07279250977904377 0.040742937942080386 0.007618878722514674 0.047370644829630756 0.04948337310831301 0.047873254377617545 0.030065773302585773 0.07199997400642676 0.07912751559776238
77 0.05833738502771533 0.011578296413741135 0.07307785872196709 0.05721987810706819 0.05984295076508197 0.04986404867673281 0.01613481123253274 0.08027647151414787 0.05734357997621837 0.07552780178801752 0.07584926626077802 0.01433051782911136 0.06085144226864436 0.05735949872596453 0.0017901752311413187 0.07341863705530281 0.007620914044355995 0.07385207123080925 0.03418792873938104 0.061536466391288194
78 0.04505774858492478 0.033067443383653986 0.018378048969658767 0.11147859168080511 0.03234387137934033 0.019387239971602944 0.08743273722613738 0.009688228508410395 0.07915117687828285 0.09601554833860787 0.08092833397435262 0.02674199556502972 0.002189894428499197 0.07265134463716123 0.09708929264291868 0.048402567657591426 0.0740942401166034 0.03412740356766005 0.013338509229615884 0.018435783259143145
79 0.07835629622615425 0.011859114075243742 0.06765672742644048 0.05143004027071083 0.0026145745828894586 0.08529899109525564 0.026949055628187356 0.06038507958552071 0.0008296952263905911 0.04405975887839196 0.06584723905141877 0.07189181698054005 0.08586421179900042 0.02179724330007647 0.03344790875133362 0.031522485773799354 0.08829689674413588 0.003390614164053144 0.0689894086234707 0.09951284181698673
80 0.07229712972200476 0.026222503189021175 0.045929279788622344 0.06319185742022754 0.042968022784578064 0.0700998632891574 0.0006229591261025654 0.06295128793295465 0.049782921819989175 0.059221702045170445 0.07821066539950192 0.07776760254346657 0.011116046550821438 0.06601306504933038 0.0414819602279452 0.0281023645818579 0.04113013398757465 0.024758609359675 0.0645536214345345 0.07357840374746431
81 0.018354882143603684 0.020306055720676074 0.017652905819217544 0.048267775724714496 0.09509260257001133 0.06762030361291911 0.024599858367148602 0.1046259493183778 0.032927575209989166 0.047978888335117396 0.04426915803940368 0.019121326022400364 0.0134848680847935 0.07240968469217281 0.0883042612325184 0.09717733785896351 0.03231930972711256 0.06412743018269329 0.09081933766929144 0.0005404896688750817
82 0.05113132968614585 0.006431156630759907 0.05225140151213048 0.046991343731189336 0.03186832741173636 0.02442890966230158 0.06772534715690576 0.09247289775993263 0.09517631164465006 0.0012486923191254323 0.07024854338346585 0.04351295835808251 0.014398957768274158 0.09587015183136449 0.06351438102565675 0.03157042974428136 0.09227829402402403 0.0060875068356380626 0.03734522195593323 0.07544783755840201
83 0.025594963340774924 0.006195054028811695 0.03935272863687893 0.029720305341506686 0.09131354611901232 0.0654712401241951 0.06996007446215663 0.032081477293087905 0.08147578598753935 0.001508885676857725 0.07132627051974683 0.04079280521453082 0.03089352924064194 0.03130662772224458 0.0035659672009948806 0.06406867481424158 0.10382010428493964 0.07693661542353653 0.03454883549854771 0.10006650906975408
84 0.05785151182704672 0.023790238470305227 0.041907219061135904 0.00682157335960565 0.005120534207436383 0.045845625301603264 0.04235487347258792 0.0973743668943195 0.015199449792941936 0.011781082770328806 0.019281052376093868 0.04176403909644086 0.06819783000290969 0.07540292899359528 0.09821846065078595 0.07115451243980772 0.10788013084034866 0.0158743974017899 0.10719046328878055 0.04698970975213623
85 0.023843394742321507 0.009935025282121425 0.043965998317359235 0.0011986959752048883 0.09282380835502953 0.057686431947902204 0.010409435527370458 0.07042431861794854 0.04678539505716925 0.08986748289104032 0.009943467481174518 0.09331659705620261 0.09364842102418444 0.003101152138655865 0.017644379624453057 0.06449122510788136 0.07834020408189499 0.06596164301293318 0.044860410277560915 0.08175251348159152
86 0.06705900461436537 0.08575424161900211 0.0314838335684366 0.07594556491427054 0.03948010373275068 0.01999053030009735 0.08176207090555065 0.07696357249397225 0.006073899435411504 0.030309912907284374 0.011095818691805018 0.008413369770540538 0.011275578030341505 0.041147222325796796 0.0866817749648449 0.05347356854883047 0.07345384065382286 0.08478733534114719 0.06064567053748461 0.054203086644244794
87 0.011388962775713314 0.045140206078963505 0.056949972542911675 0.020176935786710155 0.005577687202874011 0.09008149621517281 0.0642235720596545 0.07788801166312688 0.06891027230464593 0.04096615426588276 0.06821882434798696 0.016957258765843457 0.05959037877552799 0.016305199078949385 0.09080409558759785 0.0732027917060258 0.03989275601434461 0.028002751886496542 0.09195595696370776 0.03376671597786395
88 0.06410419813340891 0.072276636194428 0.03726100078909729 0.023605105224095483 0.0771340640161411 0.06596635646800039 0.0850896108712909 0.021666405332010454 0.05649882333232037 0.02954019785424408 0.0764422490701626 0.06747866129483636 0.020366333617622853 0.06227010606462736 0.0027057702441219884 0.1020966217368694 0.04338676334917005 0.06044147644254842 0.007721413815198482 0.023948206149805702
89 0.009602748065392174 0.017598041321361356 0.05044137408818557 0.04632128518284238 0.036848246335362954 0.06585031774435347 0.031220266944626873 0.027781044073245484 0.027979169656937142 0.0159496776393519 0.0440588746314167 0.05947906695340641 0.06783205433185288 0.055774138304045526 0.08583231508788265 0.06425009554244566 0.044315655098338735 0.07522561227771574 0.08507773404669502 0.08856228267454137
90 0.038572203772126355 0.05093576370290879 0.08775533564530262 0.05252718340318083 0.08182350977308571 0.019832853294989714 0.080112479715607 0.05513637775954417 0.06870598806343677 0.047829249424732864 0.042720060756122204 0.06266259098509516 0.07662974508389686 0.06325942270185067 0.012449231952717167 0.08379874434471088 0.0029381526643664784 0.009863564626673557 0.046792928047357976 0.015654614282294248
91 0.08314572639441006 0.0882323613678692 0.11047632431858805 0.02436679132455043 0.05821731293971753 0.004239928175925811 0.006711595469754997 0.07477566227564364 0.08145310936175296 0.07925150097101612 0.062126460758430015 0.05637444008276243 0.006572364732978421 0.07393545829405541 0.06475447236710853 0.046554955906262116 9.224421957103798e-05 0.028370398272976403 0.04707402949282106 0.0032748632738059153
92 0.034982337576248954 0.02939003456837861 0.04236951181341681 0.004010540228805981 0.03645501439508354 0.058572572371314725 0.017805217270845036 0.030604414935090026 0.1305197333015521 0.1122352909616504 0.012967344167221522 0.1311275017140742 0.06348313333897748 0.046017717365812956 0.028564001023632202 0.08742787118847571 0.023513722363321186 0.010626189783318963 0.04211236643232079 0.05721548520045876
93 0.034617915353299 0.03887989671386433 0.032827064270796485 0.03404950175679359 0.08585843749364223 0.06031032906064638 0.03163366327082765 0.02482192508202286 0.0766254740378041 0.032317188761615906 0.02486808013381069 0.1017869961161659 0.04549683683422112 0.044162506901221595 0.022329131768209283 0.0978330607050603 0.0812807890522093 0.05245088587356386 0.0024693183847693027 0.07538099842945593
94 0.0688441837038473 0.05744429154363321 0.05090374644877256 0.03804281899873876 0.050855743066731754 0.004871358572976925 0.06670695219866887 0.02582153790058558 0.0465990591911406 0.008509657224762015 0.022207420276979768 0.058394527812698487 0.07729335520884242 0.0646655671571445 0.0625878549296728 0.07903379767175016 0.04059739822196549 0.026779177106101146 0.08257914080332511 0.0672624119616626
95 0.08001757062431432 0.04240214517492197 0.09682570297114508 0.07736825651929498 0.01946722778530582 0.09215081147896508 0.03671830795851999 0.055097527997597553 0.024723673095086954 0.07252472705376481 0.0699692798921093 0.055650068476582534 0.05382713291248166 0.04405967832501726 0.012636713733088358 0.06872196139031497 0.0099183386623018 0.01908813883793924 0.03197868173083131 0.036854055380416986
96 0.021463314385412147 0.06550484141754656 0.07512364619593295 0.03393425891527966 0.08663145756896827 0.07916577650694678 0.08318633721657376 0.024955088881129604 0.006870992086841279 0.06365572616220562 0.06485535799348702 0.019152096044531827 0.04511278715137698 0.00929342362952739 0.03783178718529492 0.08586602218090951 0.07070747973977848 0.0688987049255216 0.05555055839738611 0.002240343415349415
